4.932 1 ATTITUDE 0. 0. 0.
5.026 1 DOWNLINK_STATUS 0 5 2376 102 0 506. 22. 0.
5.031 1 ESTIMATOR 0. 0.
5.069 1 NAVIGATION 0 2 0. 0. 0. 0. 0 0
5.088 1 GPS 0 0 0 0 0 0 0 0 0 0 1
5.135 1 WP_MOVED 1 360285. 4813595. 260. 31
5.137 1 DL_VALUE 3 0.
5.232 1 GPS_SOL 0 0 0 0
5.318 1 NAVIGATION 0 2 0. 0. 0. 0. 0 0
5.344 1 GPS 0 0 0 0 0 0 0 0 0 0 1
5.348 1 NAVIGATION 0 2 0. 0. 0. 0. 0 0
5.432 1 ATTITUDE 0. 0. 0.
5.530 1 ESTIMATOR 0. 0.
5.568 1 NAVIGATION 0 2 0. 0. 0. 0. 0 0
5.596 1 GPS 0 0 0 0 0 0 0 0 0 0 1
5.603 1 DESIRED 0. 0. 0. 0. 0. 235. 0. 20.
5.633 1 WP_MOVED 2 360334.5 4813695. 260. 31
5.733 1 BAT 0 119 0 0 1 186 0 0
5.818 1 NAVIGATION 0 2 0. 0. 0. 0. 0 0
5.838 1 GPS 0 0 0 0 0 0 0 0 0 0 1
5.932 1 ATTITUDE 0. 0. 0.
6.028 1 DOWNLINK_STATUS 0 6 2829 121 0 453. 19. -1.38206372662e+12
6.030 1 ESTIMATOR 0. 0.
6.068 1 NAVIGATION 0 2 0. 0. 0. 0. 0 0
6.088 1 GPS 0 0 0 0 0 0 0 0 0 0 1
6.133 1 WP_MOVED 3 360295.09375 4813785. 260. 31
6.229 1 CALIBRATION 0. 0
6.318 1 NAVIGATION 0 2 0. 0. 0. 0. 0 0
6.344 1 GPS 0 0 0 0 0 0 0 0 0 0 1
6.348 1 NAVIGATION 0 2 0. 0. 0. 0. 0 0
6.432 1 ATTITUDE 0. 0. 0.
6.530 1 ESTIMATOR 0. 0.
6.568 1 NAVIGATION 0 2 0. 0. 0. 0. 0 0
6.588 1 GPS 0 0 0 0 0 0 0 0 0 0 1
6.644 1 WP_MOVED 4 360417.3125 4813734. 260. 31
6.650 1 DESIRED 0. 0. 0. 0. 0. 235. 0. 20.
6.652 1 DL_VALUE 4 0.
6.820 1 FBW_STATUS 2 0 2 119 0
6.824 1 NAVIGATION 0 2 0. 0. 0. 0. 0 0
6.843 1 GPS 0 0 0 0 0 0 0 0 0 0 1
6.846 1 BAT 0 119 0 0 1 188 0 0
6.932 1 ATTITUDE 0. 0. 0.
7.029 1 DOWNLINK_STATUS 0 7 3291 141 0 462. 20. -1.38206372662e+12
7.035 1 ESTIMATOR 0. 0.
7.038 1 ENERGY 11.9 0. 0 0.
7.068 1 NAVIGATION 0 2 0. 0. 0. 0. 0 0
7.088 1 GPS 0 0 0 0 0 0 0 0 0 0 1
7.133 1 WP_MOVED 5 360422. 4813583.5 260. 31
7.232 1 GPS_SOL 0 0 0 0
7.318 1 NAVIGATION 0 2 0. 0. 0. 0. 0 0
7.344 1 GPS 0 0 0 0 0 0 0 0 0 0 1
7.348 1 NAVIGATION 0 2 0. 0. 0. 0. 0 0
7.432 1 ATTITUDE 0. 0. 0.
7.530 1 ESTIMATOR 0. 0.
7.568 1 NAVIGATION 0 2 0. 0. 0. 0. 0 0
7.588 1 GPS 0 0 0 0 0 0 0 0 0 0 1
7.633 1 WP_MOVED 6 360165.8125 4813664.5 260. 31
7.690 1 DESIRED 0. 0. 0. 0. 0. 235. 0. 20.
7.818 1 NAVIGATION 0 2 0. 0. 0. 0. 0 0
7.838 1 GPS 0 0 0 0 0 0 0 0 0 0 1
7.937 1 ATTITUDE 0. 0. 0.
7.940 1 BAT 0 119 0 0 1 189 0 0
8.030 1 ESTIMATOR 0. 0.
8.030 1 DOWNLINK_STATUS 0 8 3767 161 0 476. 20. -1.38206372662e+12
8.068 1 NAVIGATION 0 2 0. 0. 0. 0. 0 0
8.088 1 GPS 0 0 0 0 0 0 0 0 0 0 1
8.135 1 WP_MOVED 7 360559.40625 4813804.5 260. 31
8.137 1 DL_VALUE 5 0.
8.318 1 NAVIGATION 0 2 0. 0. 0. 0. 0 0
8.346 1 GPS 0 0 0 0 0 0 0 0 0 0 1
8.350 1 NAVIGATION 0 2 0. 0. 0. 0. 0 0
8.352 1 CALIBRATION 0. 0
8.432 1 ATTITUDE 0. 0. 0.
8.530 1 ESTIMATOR 0. 0.
8.568 1 NAVIGATION 0 2 0. 0. 0. 0. 0 0
8.588 1 GPS 0 0 0 0 0 0 0 0 0 0 1
8.633 1 WP_MOVED 8 360462.40625 4813640. 215. 31
8.742 1 DESIRED 0. 0. 0. 0. 0. 235. 0. 20.
8.744 1 DOWNLINK 0 461 3897
8.822 1 NAVIGATION 0 2 0. 0. 0. 0. 0 0
8.824 1 FBW_STATUS 2 0 2 119 0
8.838 1 GPS 0 0 0 0 0 0 0 0 0 0 1
8.916 1 COMMANDS 0,0,0,0,0,-9600
8.932 1 ATTITUDE 0. 0. 0.
9.015 1 ACTUATORS 1400,1510,1553,1553,700
9.033 1 DOWNLINK_STATUS 0 9 4241 182 0 474. 21. -1.38206372662e+12
9.035 1 ESTIMATOR 0. 0.
9.039 1 BAT 0 119 0 0 1 190 0 0
9.068 1 NAVIGATION 0 2 0. 0. 0. 0. 0 0
9.088 1 GPS 0 0 0 0 0 0 0 0 0 0 1
9.136 1 WP_MOVED 9 360313.8125 4813652. 185. 31
9.139 1 NAVIGATION_REF 360285 4813595 31
9.231 1 GPS_SOL 0 0 0 0
9.318 1 NAVIGATION 0 2 0. 0. 0. 0. 0 0
9.344 1 GPS 0 0 0 0 0 0 0 0 0 0 1
9.348 1 NAVIGATION 0 2 0. 0. 0. 0. 0 0
9.432 1 ATTITUDE 0. 0. 0.
9.535 1 ESTIMATOR 0. 0.
9.538 1 ENERGY 11.9 0. 0 0.
9.568 1 NAVIGATION 0 2 0. 0. 0. 0. 0 0
9.588 1 GPS 0 0 0 0 0 0 0 0 0 0 1
9.640 1 WP_MOVED 10 360453.8125 4813581. 260. 31
9.642 1 DL_VALUE 6 40.
9.646 1 ALIVE 78,83,188,43,101,142,7,153,187,81,218,112,235,181,195,43
9.729 1 PPRZ_MODE 2 0 0 0 0 10
9.790 1 DESIRED 0. 0. 0. 0. 0. 235. 0. 20.
9.818 1 NAVIGATION 0 2 0. 0. 0. 0. 0 0
9.838 1 GPS 0 0 0 0 0 0 0 0 0 0 1
9.932 1 ATTITUDE 0. 0. 0.
10.030 1 ESTIMATOR 0. 0.
10.037 1 DOWNLINK_STATUS 0 10 4778 206 0 537. 24. -1.38206372662e+12
10.068 1 NAVIGATION 0 2 0. 0. 0. 0. 0 0
10.088 1 GPS 0 0 0 0 0 0 0 0 0 0 1
10.137 1 WP_MOVED 11 360170.5 4813757.5 260. 31
10.141 1 BAT 0 119 0 0 1 191 0 0
10.318 1 NAVIGATION 0 2 0. 0. 0. 0. 0 0
10.344 1 GPS 0 0 0 0 0 0 0 0 0 0 1
10.348 1 NAVIGATION 0 2 0. 0. 0. 0. 0 0
10.435 1 ATTITUDE 0. 0. 0.
10.436 1 CALIBRATION 0. 0
10.531 1 ESTIMATOR 0. 0.
10.568 1 NAVIGATION 0 2 0. 0. 0. 0. 0 0
10.587 1 GPS 0 0 0 0 0 0 0 0 0 0 1
10.633 1 WP_MOVED 0 360327. 4813637. 260. 31
10.820 1 FBW_STATUS 2 0 2 119 0
10.824 1 NAVIGATION 0 2 0. 0. 0. 0. 0 0
10.846 1 GPS 0 0 0 0 0 0 0 0 0 0 1
10.853 1 DESIRED 0. 0. 0. 0. 0. 235. 0. 20.
10.932 1 ATTITUDE 0. 0. 0.
11.030 1 ESTIMATOR 0. 0.
11.041 1 DOWNLINK_STATUS 0 11 5229 225 0 451. 19. -1.38206373162e+12
11.068 1 NAVIGATION 0 2 0. 0. 0. 0. 0 0
11.088 1 GPS 0 0 0 0 0 0 0 0 0 0 1
11.135 1 WP_MOVED 1 360285. 4813595. 260. 31
11.137 1 DL_VALUE 7 2.
11.237 1 BAT 0 119 0 0 1 192 0 0
11.240 1 GPS_SOL 0 0 0 0
11.318 1 NAVIGATION 0 2 0. 0. 0. 0. 0 0
11.343 1 GPS 0 0 0 0 0 0 0 0 0 0 1
11.348 1 NAVIGATION 0 2 0. 0. 0. 0. 0 0
11.432 1 ATTITUDE 0. 0. 0.
11.530 1 ESTIMATOR 0. 0.
11.568 1 NAVIGATION 0 2 0. 0. 0. 0. 0 0
11.588 1 GPS 0 0 0 0 0 0 0 0 0 0 1
11.632 1 WP_MOVED 2 360334.5 4813695. 260. 31
11.818 1 NAVIGATION 0 2 0. 0. 0. 0. 0 0
11.838 1 GPS 0 0 0 0 0 0 0 0 0 0 1
11.889 1 DESIRED 0. 0. 0. 0. 0. 235. 0. 20.
11.932 1 ATTITUDE 0. 0. 0.
12.035 1 ESTIMATOR 0. 0.
12.038 1 ENERGY 11.9 0. 0 0.
12.045 1 DOWNLINK_STATUS 0 12 5702 245 0 473. 20. -1.38206373162e+12
12.068 1 NAVIGATION 0 2 0. 0. 0. 0. 0 0
12.087 1 GPS 0 0 0 0 0 0 0 0 0 0 1
12.133 1 WP_MOVED 3 360295.09375 4813785. 260. 31
12.318 1 NAVIGATION 0 2 0. 0. 0. 0. 0 0
12.348 1 GPS 0 0 0 0 0 0 0 0 0 0 1
