2.890 1 ATTITUDE -0.026338 1.268946 0.1456
2.901 1 LINK_STATUS 1 0.017729 1 3 2054 105 0. 687. 35.
2.943 1 DESIRED 0. 0.01 0. 0. 0. 235. 0. 20.
2.964 1 AIRSPEED_ETS 1557 0 0.
2.980 1 ESTIMATOR -17. 0.
3.028 1 NAVIGATION 0 2 -194263.5 -4813595. 0. 2.32084345979e+13 0 0
3.032 1 GPS 0 16602147 0 0 -17000 0 0 0 117500 31 9
3.036 1 SVINFO 9 14 16 1 0 -91 0
3.066 1 AIRSPEED_ETS 1557 0 0.
3.088 1 WP_MOVED 1 360285. 4813595. 260. 31
3.089 1 DL_VALUE 4 0.
3.091 1 DOWNLINK 0 680 222
3.168 1 AIRSPEED_ETS 1557 0 0.
3.182 1 GPS_SOL 795624448 58740 9999 0
3.274 1 NAVIGATION 0 2 -194263.5 -4813595. 0. 2.32084345979e+13 0 0
3.279 1 AIRSPEED_ETS 1558 0 0.
3.282 1 GPS 0 16602147 0 0 -17000 0 0 0 117750 31 10
3.284 1 SVINFO 10 15 16 1 0 -91 0
3.292 1 NAVIGATION 0 2 -194263.5 -4813595. 0. 2.32084345979e+13 0 0
3.293 1 BAT 0 119 0 0 1 6 0 0
3.364 1 AIRSPEED_ETS 1558 0 0.
3.382 1 ATTITUDE -0.026012 1.267203 0.145551
3.464 1 AIRSPEED_ETS 1557 0 0.
3.480 1 ESTIMATOR -17. 0.
3.520 1 NAVIGATION 0 2 -194263.5 -4813595. 0. 2.32084345979e+13 0 0
3.540 1 GPS 0 16602147 0 0 -17000 0 0 0 118000 31 11
3.545 1 SVINFO 11 16 16 1 0 -91 0
3.564 1 AIRSPEED_ETS 1558 0 0.
3.586 1 WP_MOVED 2 360334.5 4813695. 260. 31
3.587 1 CALIBRATION 0. 0
3.663 1 AIRSPEED_ETS 1558 0 0.
3.771 1 NAVIGATION 0 2 -194263.5 -4813595. 0. 2.32084345979e+13 0 0
3.773 1 AIRSPEED_ETS 1557 0 0.
3.777 1 DOWNLINK_STATUS 1 4 2765 142 0 711. 37. 0.
3.780 1 GPS 0 16602147 0 0 -17000 0 0 0 118250 31 12
3.782 1 SVINFO 12 17 16 1 0 -91 0
3.863 1 AIRSPEED_ETS 1558 0 0.
3.881 1 ATTITUDE -0.025798 1.268416 0.145305
3.912 1 LINK_STATUS 1 0.02989 1 4 2765 142 0. 711. 37.
3.963 1 AIRSPEED_ETS 1558 0 0.
3.989 1 ESTIMATOR -17. 0.
3.995 1 DESIRED 0. 0.01 0. 0. 0. 235. 0. 20.
4.017 1 NAVIGATION 0 2 -194263.5 -4813595. 0. 2.32084345979e+13 0 0
4.040 1 GPS 0 16602147 0 0 -17000 0 0 0 118500 31 13
4.043 1 SVINFO 13 18 16 1 0 -91 0
4.063 1 AIRSPEED_ETS 1558 0 0.
4.081 1 WP_MOVED 3 360295.09375 4813785. 260. 31
4.163 1 AIRSPEED_ETS 1556 0 0.
4.271 1 NAVIGATION 0 2 -194263.5 -4813595. 0. 2.32084345979e+13 0 0
4.273 1 AIRSPEED_ETS 1556 0 0.
4.279 1 GPS 0 16602147 0 0 -17000 0 0 0 118750 31 14
4.284 1 SVINFO 14 19 16 1 0 -91 0
4.288 1 NAVIGATION 0 2 -194263.5 -4813595. 0. 2.32084345979e+13 0 0
4.363 1 AIRSPEED_ETS 1558 0 0.
4.387 1 ATTITUDE -0.025909 1.264278 0.145867
4.390 1 BAT 0 119 0 0 1 7 0 0
4.463 1 AIRSPEED_ETS 1561 0 0.
4.479 1 ESTIMATOR -17. 0.
4.517 1 NAVIGATION 0 2 -194263.5 -4813595. 0. 2.32084345979e+13 0 0
4.542 1 GPS 0 16602147 0 0 -17000 0 0 0 119000 31 15
4.544 1 SVINFO 0 5 16 1 0 -91 0
4.563 1 AIRSPEED_ETS 1561 0 0.
4.584 1 WP_MOVED 4 360417.3125 4813734. 260. 31
4.587 1 DL_VALUE 5 0.
4.663 1 AIRSPEED_ETS 1562 0 0.
4.772 1 FBW_STATUS 2 0 1 119 0
4.778 1 NAVIGATION 0 2 -194263.5 -4813595. 0. 2.32084345979e+13 0 0
4.779 1 DOWNLINK_STATUS 1 5 3398 174 0 633. 32. 0.
4.781 1 AIRSPEED_ETS 1562 0 0.
4.785 1 GPS 0 16602147 0 0 -17000 0 0 0 119250 31 1
4.791 1 SVINFO 1 6 16 1 0 -91 0
4.863 1 AIRSPEED_ETS 1562 0 0.
4.880 1 ATTITUDE -0.025877 1.265297 0.146245
4.916 1 LINK_STATUS 1 0.03424 1 5 3398 174 0. 633. 32.
4.964 1 AIRSPEED_ETS 1562 0 0.
4.985 1 ESTIMATOR -17. 0.
4.988 1 ENERGY 11.9 0. 0 0.
5.017 1 NAVIGATION 0 2 -194263.5 -4813595. 0. 2.32084345979e+13 0 0
5.049 1 GPS 0 16602147 0 0 -17000 0 0 0 119500 31 2
5.052 1 SVINFO 2 7 16 1 0 -91 0
5.058 1 DESIRED 0. 0.01 0. 0. 0. 235. 0. 20.
5.063 1 AIRSPEED_ETS 1562 0 0.
5.081 1 WP_MOVED 5 360422. 4813583.5 260. 31
5.163 1 AIRSPEED_ETS 1562 0 0.
5.180 1 GPS_SOL 795628928 58757 9999 0
5.271 1 NAVIGATION 0 2 -194263.5 -4813595. 0. 2.32084345979e+13 0 0
5.273 1 AIRSPEED_ETS 1555 0 0.
5.279 1 GPS 0 16602147 0 0 -17000 0 0 0 119750 31 3
5.283 1 SVINFO 3 8 16 1 0 -91 0
5.288 1 NAVIGATION 0 2 -194263.5 -4813595. 0. 2.32084345979e+13 0 0
5.342 1 PONG 
5.364 1 AIRSPEED_ETS 1551 0 0.
5.380 1 ATTITUDE -0.025403 1.268589 0.145552
5.463 1 AIRSPEED_ETS 1551 0 0.
5.485 1 ESTIMATOR -17. 0.
5.488 1 BAT 0 119 0 0 1 8 0 0
5.517 1 NAVIGATION 0 2 -194263.5 -4813595. 0. 2.32084345979e+13 0 0
5.545 1 GPS 0 16602147 0 0 -17000 0 0 0 120000 31 4
5.547 1 SVINFO 4 9 16 1 0 -91 0
5.563 1 AIRSPEED_ETS 1551 0 0.
5.581 1 WP_MOVED 6 360165.8125 4813664.5 260. 31
5.663 1 AIRSPEED_ETS 1556 0 0.
5.678 1 CALIBRATION 0. 0
5.771 1 NAVIGATION 0 2 -194263.5 -4813595. 0. 2.32084345979e+13 0 0
5.773 1 AIRSPEED_ETS 1556 0 0.
5.777 1 DOWNLINK_STATUS 1 6 4087 210 0 689. 36. 60.25
5.780 1 GPS 0 16602147 0 0 -17000 0 0 0 120250 31 5
5.782 1 SVINFO 5 10 16 1 0 -91 0
5.863 1 AIRSPEED_ETS 1557 0 0.
5.881 1 ATTITUDE -0.025221 1.271168 0.145584
5.921 1 LINK_STATUS 1 0.034491 1 6 4087 210 0. 689. 36.
5.963 1 AIRSPEED_ETS 1558 0 0.
5.979 1 ESTIMATOR -17. 0.
6.017 1 NAVIGATION 0 2 -194263.5 -4813595. 0. 2.32084345979e+13 0 0
6.046 1 GPS 0 16602147 0 0 -17000 0 0 0 120500 31 6
6.049 1 SVINFO 6 11 16 1 0 -91 0
6.063 1 AIRSPEED_ETS 1562 0 0.
6.093 1 WP_MOVED 7 360559.40625 4813804.5 260. 31
6.100 1 DESIRED 0. 0.01 0. 0. 0. 235. 0. 20.
6.102 1 DL_VALUE 6 40.
6.163 1 AIRSPEED_ETS 1562 0 0.
6.271 1 NAVIGATION 0 2 -194263.5 -4813595. 0. 2.32084345979e+13 0 0
6.273 1 AIRSPEED_ETS 1562 0 0.
6.279 1 GPS 0 16602147 0 0 -17000 0 0 0 120750 31 7
6.283 1 SVINFO 7 12 16 1 0 -91 0
6.288 1 NAVIGATION 0 2 -194263.5 -4813595. 0. 2.32084345979e+13 0 0
6.363 1 AIRSPEED_ETS 1560 0 0.
6.380 1 ATTITUDE -0.025748 1.275475 0.14505
6.463 1 AIRSPEED_ETS 1560 0 0.
6.479 1 ESTIMATOR -17. 0.
6.517 1 NAVIGATION 0 2 -194263.5 -4813595. 0. 2.32084345979e+13 0 0
6.548 1 GPS 0 16602147 0 0 -17000 0 0 0 121000 31 8
6.550 1 SVINFO 8 13 16 1 0 -91 0
6.563 1 AIRSPEED_ETS 1557 0 0.
6.586 1 WP_MOVED 8 360462.40625 4813640. 215. 31
6.590 1 BAT 0 119 0 0 1 9 0 0
6.663 1 AIRSPEED_ETS 1557 0 0.
6.780 1 DOWNLINK_STATUS 1 7 4679 240 0 592. 30. 60.25
6.787 1 NAVIGATION 0 2 -194263.5 -4813595. 0. 2.32084345979e+13 0 0
6.790 1 FBW_STATUS 2 0 1 119 0
6.792 1 AIRSPEED_ETS 1557 0 0.
6.797 1 GPS 0 16602147 0 0 -17000 0 0 0 121250 31 9
6.800 1 SVINFO 9 14 16 1 0 -91 0
6.869 1 COMMANDS 0,778,-2790,0,0,0
6.870 1 AIRSPEED_ETS 1557 0 0.
6.881 1 ATTITUDE -0.025897 1.273796 0.14508
6.925 1 LINK_STATUS 1 0.042217 1 7 4679 240 0. 592. 30.
6.967 1 ACTUATORS 1400,1651,1527,1537,700
6.971 1 AIRSPEED_ETS 1558 1557 0.18
6.980 1 ESTIMATOR -17. 0.
7.017 1 NAVIGATION 0 2 -194263.5 -4813595. 0. 2.32084345979e+13 0 0
7.040 1 GPS 0 16602147 0 0 -17000 0 0 0 121500 31 10
7.043 1 SVINFO 10 15 16 1 0 -91 0
7.063 1 AIRSPEED_ETS 1558 1557 0.36
7.085 1 WP_MOVED 9 360313.8125 4813652. 185. 31
7.088 1 NAVIGATION_REF 360285 4813595 31
7.140 1 DESIRED 0. 0.01 0. 0. 0. 235. 0. 20.
7.164 1 AIRSPEED_ETS 1558 1557 0.54
7.183 1 GPS_SOL 795633472 58774 9999 0
7.270 1 NAVIGATION 0 2 -194263.5 -4813595. 0. 2.32084345979e+13 0 0
7.273 1 AIRSPEED_ETS 1557 1557 0.54
7.279 1 GPS 0 16602147 0 0 -17000 0 0 0 121750 31 11
7.285 1 SVINFO 11 16 16 1 0 -91 0
7.288 1 NAVIGATION 0 2 -194263.5 -4813595. 0. 2.32084345979e+13 0 0
7.363 1 AIRSPEED_ETS 1557 1557 0.54
7.380 1 ATTITUDE -0.025919 1.275392 0.144864
7.464 1 AIRSPEED_ETS 1557 1557 0.54
7.484 1 ESTIMATOR -17. 0.
7.487 1 ENERGY 11.9 0. 0 0.
7.518 1 NAVIGATION 0 2 -194263.5 -4813595. 0. 2.32084345979e+13 0 0
7.540 1 GPS 0 16602147 0 0 -17000 0 0 0 122000 31 12
7.542 1 SVINFO 12 17 16 1 0 -91 0
7.563 1 AIRSPEED_ETS 1557 1557 0.54
7.589 1 WP_MOVED 10 360453.8125 4813581. 260. 31
7.591 1 DL_VALUE 7 2.
7.596 1 ALIVE 8,93,136,25,167,85,176,181,124,233,139,131,30,3,131,38
7.663 1 AIRSPEED_ETS 1557 1557 0.54
7.685 1 BAT 0 119 0 0 1 10 0 0
7.687 1 PPRZ_MODE 2 0 0 0 0 6
7.770 1 NAVIGATION 0 2 -194263.5 -4813595. 0. 2.32084345979e+13 0 0
7.773 1 AIRSPEED_ETS 1556 1557 0.54
7.779 1 GPS 0 16602147 0 0 -17000 0 0 0 122250 31 13
7.781 1 DOWNLINK_STATUS 1 8 5522 283 0 843. 43. 60.25
7.782 1 SVINFO 13 18 16 1 0 -91 0
7.784 1 CALIBRATION 0. 0
7.863 1 AIRSPEED_ETS 1555 1557 0.54
7.880 1 ATTITUDE -0.025329 1.273909 0.14524
7.928 1 LINK_STATUS 1 0.047087 1 8 5522 283 0. 843. 43.
7.963 1 AIRSPEED_ETS 1555 1557 0.36
7.979 1 ESTIMATOR -17. 0.
8.017 1 NAVIGATION 0 2 -194263.5 -4813595. 0. 2.32084345979e+13 0 0
8.052 1 GPS 0 16602147 0 0 -17000 0 0 0 122500 31 14
8.054 1 SVINFO 14 19 16 1 0 -91 0
8.067 1 AIRSPEED_ETS 1556 1557 0.18
8.081 1 WP_MOVED 11 360170.5 4813757.5 260. 31
8.167 1 AIRSPEED_ETS 1556 1557 0.
8.192 1 DESIRED 0. 0.01 0. 0. 0. 235. 0. 20.
8.194 1 DOWNLINK 0 668 398
8.271 1 NAVIGATION 0 2 -194263.5 -4813595. 0. 2.32084345979e+13 0 0
8.274 1 AIRSPEED_ETS 1556 1557 0.
8.280 1 GPS 0 16602147 0 0 -17000 0 0 0 122750 31 15
8.283 1 SVINFO 0 5 16 1 0 -91 0
8.289 1 NAVIGATION 0 2 -194263.5 -4813595. 0. 2.32084345979e+13 0 0
8.368 1 AIRSPEED_ETS 1556 1557 0.
8.375 1 ATTITUDE -0.02498 1.269764 0.14548
8.468 1 AIRSPEED_ETS 1561 1557 0.36
8.475 1 ESTIMATOR -17. 0.
8.517 1 NAVIGATION 0 2 -194263.5 -4813595. 0. 2.32084345979e+13 0 0
8.540 1 GPS 0 16602147 0 0 -17000 0 0 0 123000 31 1
8.542 1 SVINFO 1 6 16 1 0 -91 0
8.568 1 AIRSPEED_ETS 1561 1557 0.72
8.577 1 WP_MOVED 0 360327. 4813637. 260. 31
8.669 1 AIRSPEED_ETS 1561 1557 1.08
8.772 1 FBW_STATUS 2 0 1 119 0
8.777 1 NAVIGATION 0 2 -194263.5 -4813595. 0. 2.32084345979e+13 0 0
8.782 1 AIRSPEED_ETS 1560 1557 1.391769
8.782 1 DOWNLINK_STATUS 1 9 6126 315 0 604. 32. 60.25
8.785 1 GPS 0 16602147 0 0 -17000 0 0 0 123250 31 2
8.787 1 SVINFO 2 7 16 1 0 -91 0
8.791 1 BAT 0 119 0 0 1 12 0 0
8.869 1 AIRSPEED_ETS 1556 1557 1.391769
8.875 1 ATTITUDE -0.024948 1.270572 0.145515
8.933 1 LINK_STATUS 1 0.056284 1 9 6126 315 0. 604. 32.
8.970 1 AIRSPEED_ETS 1556 1557 1.391769
8.974 1 ESTIMATOR -17. 0.
9.017 1 NAVIGATION 0 2 -194263.5 -4813595. 0. 2.32084345979e+13 0 0
9.040 1 GPS 0 16602147 0 0 -17000 0 0 0 123500 31 3
9.042 1 SVINFO 3 8 16 1 0 -91 0
9.070 1 AIRSPEED_ETS 1556 1557 1.391769
9.078 1 WP_MOVED 1 360285. 4813595. 260. 31
9.080 1 DL_VALUE 8 0.
9.170 1 AIRSPEED_ETS 1555 1557 1.391769
9.186 1 GPS_SOL 795638080 58791 9999 0
9.239 1 DESIRED 0. 0.01 0. 0. 0. 235. 0. 20.
9.274 1 NAVIGATION 0 2 -194263.5 -4813595. 0. 2.32084345979e+13 0 0
9.277 1 AIRSPEED_ETS 1555 1557 1.391769
9.282 1 GPS 0 16602147 0 0 -17000 0 0 0 123750 31 4
9.286 1 SVINFO 4 9 16 1 0 -91 0
9.289 1 NAVIGATION 0 2 -194263.5 -4813595. 0. 2.32084345979e+13 0 0
9.371 1 AIRSPEED_ETS 1556 1557 1.391769
9.376 1 ATTITUDE -0.025166 1.269257 0.145499
9.471 1 AIRSPEED_ETS 1557 1557 1.031769
9.475 1 ESTIMATOR -17. 0.
9.517 1 NAVIGATION 0 2 -194263.5 -4813595. 0. 2.32084345979e+13 0 0
9.540 1 GPS 0 16602147 0 0 -17000 0 0 0 124000 31 5
9.542 1 SVINFO 5 10 16 1 0 -91 0
9.572 1 AIRSPEED_ETS 1557 1557 0.671769
9.577 1 WP_MOVED 2 360334.5 4813695. 260. 31
9.672 1 AIRSPEED_ETS 1560 1557 0.623538
9.776 1 NAVIGATION 0 2 -194263.5 -4813595. 0. 2.32084345979e+13 0 0
9.779 1 AIRSPEED_ETS 1561 1557 0.671769
9.781 1 DOWNLINK_STATUS 1 10 6775 348 0 649. 33. 60.25
9.785 1 GPS 0 16602147 0 0 -17000 0 0 0 124250 31 6
9.787 1 SVINFO 6 11 16 1 0 -91 0
9.863 1 AIRSPEED_ETS 1561 1557 1.031769
9.888 1 ATTITUDE -0.025511 1.274603 0.145265
9.892 1 BAT 0 119 0 0 1 13 0 0
9.895 1 CALIBRATION 0. 0
9.937 1 LINK_STATUS 1 0.039099 1 10 6775 348 0. 649. 33.
9.964 1 AIRSPEED_ETS 1560 1557 1.343538
9.983 1 ESTIMATOR -17. 0.
9.987 1 ENERGY 11.9 0. 0 0.
10.017 1 NAVIGATION 0 2 -194263.5 -4813595. 0. 2.32084345979e+13 0 0
10.040 1 GPS 0 16602147 0 0 -17000 0 0 0 124500 31 7
10.042 1 SVINFO 7 12 16 1 0 -91 0
10.063 1 AIRSPEED_ETS 1555 1557 1.343538
10.083 1 WP_MOVED 3 360295.09375 4813785. 260. 31
10.163 1 AIRSPEED_ETS 1555 1557 1.343538
10.270 1 NAVIGATION 0 2 -194263.5 -4813595. 0. 2.32084345979e+13 0 0
10.273 1 AIRSPEED_ETS 1556 1557 1.343538
10.279 1 GPS 0 16602147 0 0 -17000 0 0 0 124750 31 8
10.283 1 SVINFO 8 13 16 1 0 -91 0
10.288 1 NAVIGATION 0 2 -194263.5 -4813595. 0. 2.32084345979e+13 0 0
10.294 1 DESIRED 0. 0.01 0. 0. 0. 235. 0. 20.
10.315 1 PONG 
10.363 1 AIRSPEED_ETS 1558 1557 1.523538
10.381 1 ATTITUDE -0.025708 1.274285 0.145629
10.463 1 AIRSPEED_ETS 1558 1557 1.703538
10.480 1 ESTIMATOR -17. 0.
10.518 1 NAVIGATION 0 2 -194263.5 -4813595. 0. 2.32084345979e+13 0 0
10.540 1 GPS 0 16602147 0 0 -17000 0 0 0 125000 31 9
10.542 1 SVINFO 9 14 16 1 0 -91 0
10.563 1 AIRSPEED_ETS 1561 1557 2.063538
10.584 1 WP_MOVED 4 360417.3125 4813734. 260. 31
10.586 1 DL_VALUE 9 1.
10.663 1 AIRSPEED_ETS 1560 1557 2.063538
10.774 1 NAVIGATION 0 2 -194263.5 -4813595. 0. 2.32084345979e+13 0 0
10.777 1 FBW_STATUS 2 0 1 119 0
10.781 1 AIRSPEED_ETS 1560 1557 2.015307
10.782 1 DOWNLINK_STATUS 1 11 7459 384 0 684. 36. 32.03
10.785 1 GPS 0 16602147 0 0 -17000 0 0 0 125250 31 10
10.787 1 SVINFO 10 15 16 1 0 -91 0
10.863 1 AIRSPEED_ETS 1560 1557 1.967077
10.880 1 ATTITUDE -0.02577 1.275877 0.145724
10.941 1 LINK_STATUS 1 0.058844 1 11 7459 384 0. 684. 36.
10.963 1 AIRSPEED_ETS 1560 1557 1.967077
10.984 1 ESTIMATOR -17. 0.
10.988 1 BAT 0 119 0 0 1 14 0 0
11.018 1 NAVIGATION 0 2 -194263.5 -4813595. 0. 2.32084345979e+13 0 0
11.040 1 GPS 0 16602147 0 0 -17000 0 0 0 125500 31 11
11.042 1 SVINFO 11 16 16 1 0 -91 0
11.063 1 AIRSPEED_ETS 1560 1557 2.278846
11.081 1 WP_MOVED 5 360422. 4813583.5 260. 31
11.163 1 AIRSPEED_ETS 1560 1557 2.590615
11.181 1 GPS_SOL 795642752 58808 9999 0
11.270 1 NAVIGATION 0 2 -194263.5 -4813595. 0. 2.32084345979e+13 0 0
11.273 1 AIRSPEED_ETS 1556 1557 2.590615
11.279 1 GPS 0 16602147 0 0 -17000 0 0 0 125750 31 12
11.283 1 SVINFO 12 17 16 1 0 -91 0
11.290 1 NAVIGATION 0 2 -194263.5 -4813595. 0. 2.32084345979e+13 0 0
11.339 1 DESIRED 0. 0.01 0. 0. 0. 235. 0. 20.
11.363 1 AIRSPEED_ETS 1555 1557 2.410615
11.380 1 ATTITUDE -0.025727 1.273123 0.145319
11.464 1 AIRSPEED_ETS 1555 1557 2.230615
11.480 1 ESTIMATOR -17. 0.
11.519 1 NAVIGATION 0 2 -194263.5 -4813595. 0. 2.32084345979e+13 0 0
11.540 1 GPS 0 16602147 0 0 -17000 0 0 0 126000 31 13
11.542 1 SVINFO 13 18 16 1 0 -91 0
11.563 1 AIRSPEED_ETS 1558 1557 2.050615
11.581 1 WP_MOVED 6 360165.8125 4813664.5 260. 31
11.663 1 AIRSPEED_ETS 1560 1557 2.050615
11.770 1 NAVIGATION 0 2 -194263.5 -4813595. 0. 2.32084345979e+13 0 0
11.773 1 AIRSPEED_ETS 1560 1557 2.050615
11.779 1 GPS 0 16602147 0 0 -17000 0 0 0 126250 31 14
11.782 1 SVINFO 14 19 16 1 0 -91 0
11.783 1 DOWNLINK_STATUS 1 12 8144 418 0 685. 34. 32.03
11.867 1 COMMANDS 0,765,-2812,0,0,0
11.870 1 AIRSPEED_ETS 1560 1557 2.050615
11.880 1 ATTITUDE -0.025567 1.27454 0.145213
11.945 1 LINK_STATUS 1 0.063026 1 12 8144 418 0. 685. 34.
11.966 1 ACTUATORS 1400,1652,1527,1537,700
11.969 1 AIRSPEED_ETS 1558 1557 1.918846
11.983 1 ESTIMATOR -17. 0.
11.985 1 CALIBRATION 0. 0
12.020 1 NAVIGATION 0 2 -194263.5 -4813595. 0. 2.32084345979e+13 0 0
12.029 1 GPS 0 16602147 0 0 -17000 0 0 0 126500 31 15
12.032 1 SVINFO 0 5 16 1 0 -91 0
12.064 1 AIRSPEED_ETS 1558 1557 1.787076
12.089 1 WP_MOVED 7 360559.40625 4813804.5 260. 31
12.092 1 BAT 0 119 0 0 1 15 0 0
12.095 1 DL_VALUE 10 0.
12.163 1 AIRSPEED_ETS 1556 1557 1.475307
12.270 1 NAVIGATION 0 2 -194263.5 -4813595. 0. 2.32084345979e+13 0 0
12.273 1 AIRSPEED_ETS 1555 1557 1.475307
12.279 1 GPS 0 16602147 0 0 -17000 0 0 0 126750 31 1
12.283 1 SVINFO 1 6 16 1 0 -91 0
12.287 1 NAVIGATION 0 2 -194263.5 -4813595. 0. 2.32084345979e+13 0 0
12.363 1 AIRSPEED_ETS 1555 1557 1.475307
12.389 1 ATTITUDE -0.026178 1.273333 0.144769
12.396 1 DESIRED 0. 0.01 0. 0. 0. 235. 0. 20.
12.464 1 AIRSPEED_ETS 1560 1557 1.787076
12.484 1 ESTIMATOR -17. 0.
12.488 1 ENERGY 11.9 0. 0 0.
12.522 1 NAVIGATION 0 2 -194263.5 -4813595. 0. 2.32084345979e+13 0 0
12.530 1 GPS 0 16602147 0 0 -17000 0 0 0 127000 31 2
12.532 1 SVINFO 2 7 16 1 0 -91 0
12.563 1 AIRSPEED_ETS 1560 1557 1.918846
12.587 1 WP_MOVED 8 360462.40625 4813640. 215. 31
12.591 1 ALIVE 8,93,136,25,167,85,176,181,124,233,139,131,30,3,131,38
12.663 1 AIRSPEED_ETS 1560 1557 1.918846
12.678 1 PPRZ_MODE 2 0 0 0 0 6
12.772 1 FBW_STATUS 2 0 1 119 0
12.777 1 NAVIGATION 0 2 -194263.5 -4813595. 0. 2.32084345979e+13 0 0
12.780 1 AIRSPEED_ETS 1561 1557 1.967077
12.784 1 DOWNLINK_STATUS 1 13 8846 455 0 702. 37. 32.03
12.785 1 GPS 0 16602147 0 0 -17000 0 0 0 127250 31 3
12.787 1 SVINFO 3 8 16 1 0 -91 0
12.863 1 AIRSPEED_ETS 1561 1557 2.015307
12.880 1 ATTITUDE -0.025953 1.268618 0.14509
12.949 1 LINK_STATUS 1 0.067398 1 13 8846 455 0. 702. 37.
12.964 1 AIRSPEED_ETS 1561 1557 2.195307
12.980 1 ESTIMATOR -17. 0.
13.023 1 NAVIGATION 0 2 -194263.5 -4813595. 0. 2.32084345979e+13 0 0
13.032 1 GPS 0 16602147 0 0 -17000 0 0 0 127500 31 4
13.033 1 SVINFO 4 9 16 1 0 -91 0
13.064 1 AIRSPEED_ETS 1561 1557 2.375308
13.081 1 WP_MOVED 9 360313.8125 4813652. 185. 31
13.163 1 AIRSPEED_ETS 1561 1557 2.735307
13.186 1 BAT 0 119 0 0 1 16 0 0
13.189 1 GPS_SOL 795647552 58825 9999 0
13.270 1 NAVIGATION 0 2 -194263.5 -4813595. 0. 2.32084345979e+13 0 0
13.273 1 AIRSPEED_ETS 1561 1557 3.095307
13.279 1 GPS 0 16602147 0 0 -17000 0 0 0 127750 31 5
13.283 1 SVINFO 5 10 16 1 0 -91 0
13.287 1 NAVIGATION 0 2 -194263.5 -4813595. 0. 2.32084345979e+13 0 0
13.289 1 WIND_INFO 1 42 0. 0. 0.
13.290 1 DOWNLINK 0 678 576
13.332 1 WIND_INFO_RET 0. 0. 0.
13.364 1 AIRSPEED_ETS 1562 1557 3.4978
13.381 1 ATTITUDE -0.025762 1.266629 0.145237
13.440 1 DESIRED 0. 0.01 0. 0. 0. 235. 0. 20.
13.463 1 AIRSPEED_ETS 1561 1557 3.546031
13.479 1 ESTIMATOR -17. 0.
13.524 1 NAVIGATION 0 2 -194263.5 -4813595. 0. 2.32084345979e+13 0 0
13.531 1 GPS 0 16602147 0 0 -17000 0 0 0 128000 31 6
13.534 1 SVINFO 6 11 16 1 0 -91 0
13.563 1 AIRSPEED_ETS 1561 1557 3.594261
13.584 1 WP_MOVED 10 360453.8125 4813581. 260. 31
13.586 1 DL_VALUE 0 0.
13.663 1 AIRSPEED_ETS 1561 1557 3.642492
13.770 1 NAVIGATION 0 2 -194263.5 -4813595. 0. 2.32084345979e+13 0 0
13.773 1 AIRSPEED_ETS 1561 1557 3.642492
13.779 1 GPS 0 16602147 0 0 -17000 0 0 0 128250 31 7
13.783 1 SVINFO 7 12 16 1 0 -91 0
13.784 1 DOWNLINK_STATUS 1 14 9571 492 0 725. 37. 32.03
13.863 1 AIRSPEED_ETS 1560 1557 3.594261
13.880 1 ATTITUDE -0.025865 1.266653 0.144983
13.961 1 LINK_STATUS 1 0.079002 1 14 9571 492 0. 725. 37.
13.966 1 AIRSPEED_ETS 1560 1557 3.546031
13.979 1 ESTIMATOR -17. 0.
14.027 1 NAVIGATION 0 2 -194263.5 -4813595. 0. 2.32084345979e+13 0 0
14.032 1 GPS 0 16602147 0 0 -17000 0 0 0 128500 31 8
14.035 1 SVINFO 8 13 16 1 0 -91 0
14.063 1 AIRSPEED_ETS 1556 1557 3.186031
14.085 1 WP_MOVED 11 360170.5 4813757.5 260. 31
14.087 1 CALIBRATION 0. 0
14.163 1 AIRSPEED_ETS 1557 1557 2.82603
14.271 1 NAVIGATION 0 2 -194263.5 -4813595. 0. 2.32084345979e+13 0 0
14.273 1 AIRSPEED_ETS 1557 1557 2.466031
14.279 1 GPS 0 16602147 0 0 -17000 0 0 0 128750 31 9
14.283 1 SVINFO 9 14 16 1 0 -91 0
14.289 1 NAVIGATION 0 2 -194263.5 -4813595. 0. 2.32084345979e+13 0 0
14.293 1 BAT 0 119 0 0 1 17 0 0
14.363 1 AIRSPEED_ETS 1556 1557 2.063538
14.380 1 ATTITUDE -0.02552 1.273569 0.145128
14.469 1 AIRSPEED_ETS 1555 1557 1.703538
14.489 1 ESTIMATOR -17. 0.
14.495 1 DESIRED 0. 0.01 0. 0. 0. 235. 0. 20.
14.518 1 NAVIGATION 0 2 -194263.5 -4813595. 0. 2.32084345979e+13 0 0
14.541 1 GPS 0 16602147 0 0 -17000 0 0 0 129000 31 10
14.543 1 SVINFO 10 15 16 1 0 -91 0
14.564 1 AIRSPEED_ETS 1555 1557 1.343538
14.582 1 WP_MOVED 0 360327. 4813637. 260. 31
14.664 1 AIRSPEED_ETS 1556 1557 0.983538
14.775 1 NAVIGATION 0 2 -194263.5 -4813595. 0. 2.32084345979e+13 0 0
14.777 1 FBW_STATUS 2 0 1 119 0
14.780 1 AIRSPEED_ETS 1557 1557 0.623538
14.784 1 DOWNLINK_STATUS 1 15 10171 523 0 600. 31. 32.03
14.785 1 GPS 0 16602147 0 0 -17000 0 0 0 129250 31 11
14.787 1 SVINFO 11 16 16 1 0 -91 0
14.863 1 AIRSPEED_ETS 1557 1557 0.311769
14.880 1 ATTITUDE -0.0257 1.276184 0.145157
14.967 1 AIRSPEED_ETS 1557 1557 0.
14.967 1 LINK_STATUS 1 0.000232 1 15 10171 523 0. 600. 31.
14.984 1 ESTIMATOR -17. 0.
14.988 1 ENERGY 11.9 0. 0 0.
15.018 1 NAVIGATION 0 2 -194263.5 -4813595. 0. 2.32084345979e+13 0 0
15.040 1 GPS 0 16602147 0 0 -17000 0 0 0 129500 31 12
15.042 1 SVINFO 12 17 16 1 0 -91 0
15.063 1 AIRSPEED_ETS 1556 1557 0.
15.084 1 WP_MOVED 1 360285. 4813595. 260. 31
15.086 1 DL_VALUE 1 0.
15.163 1 AIRSPEED_ETS 1556 1557 0.
15.180 1 GPS_SOL 795652352 58842 9999 0
15.270 1 NAVIGATION 0 2 -194263.5 -4813595. 0. 2.32084345979e+13 0 0
15.273 1 AIRSPEED_ETS 1560 1557 0.311769
15.279 1 GPS 0 16602147 0 0 -17000 0 0 0 129750 31 13
15.283 1 SVINFO 13 18 16 1 0 -91 0
15.287 1 NAVIGATION 0 2 -194263.5 -4813595. 0. 2.32084345979e+13 0 0
15.338 1 PONG 
15.363 1 AIRSPEED_ETS 1561 1557 0.671769
15.385 1 ATTITUDE -0.026042 1.277663 0.145561
15.389 1 BAT 0 119 0 0 1 18 0 0
15.466 1 AIRSPEED_ETS 1561 1557 1.031769
15.479 1 ESTIMATOR -17. 0.
15.517 1 NAVIGATION 0 2 -194263.5 -4813595. 0. 2.32084345979e+13 0 0
15.549 1 GPS 0 16602147 0 0 -17000 0 0 0 130000 31 14
15.551 1 SVINFO 14 19 16 1 0 -91 0
15.558 1 DESIRED 0. 0.01 0. 0. 0. 235. 0. 20.
15.563 1 AIRSPEED_ETS 1560 1557 1.343538
15.582 1 WP_MOVED 2 360334.5 4813695. 260. 31
15.663 1 AIRSPEED_ETS 1556 1557 1.343538
15.770 1 NAVIGATION 0 2 -194263.5 -4813595. 0. 2.32084345979e+13 0 0
15.773 1 AIRSPEED_ETS 1556 1557 1.343538
15.779 1 GPS 0 16602147 0 0 -17000 0 0 0 130250 31 15
15.781 1 SVINFO 0 5 16 1 0 -91 0
15.789 1 DOWNLINK_STATUS 1 16 10893 560 0 722. 37. 55.04
15.863 1 AIRSPEED_ETS 1555 1557 1.343538
15.880 1 ATTITUDE -0.026297 1.278668 0.145648
15.968 1 AIRSPEED_ETS 1556 1557 1.343538
15.978 1 LINK_STATUS 1 0.003948 1 16 10893 560 0. 722. 37.
15.980 1 ESTIMATOR -17. 0.
16.018 1 NAVIGATION 0 2 -194263.5 -4813595. 0. 2.32084345979e+13 0 0
16.043 1 GPS 0 16602147 0 0 -17000 0 0 0 130500 31 1
16.046 1 SVINFO 1 6 16 1 0 -91 0
16.063 1 AIRSPEED_ETS 1556 1557 1.343538
16.085 1 WP_MOVED 3 360295.09375 4813785. 260. 31
16.088 1 NAVIGATION_REF 360285 4813595 31
16.163 1 AIRSPEED_ETS 1555 1557 1.343538
16.177 1 CALIBRATION 0. 0
16.270 1 NAVIGATION 0 2 -194263.5 -4813595. 0. 2.32084345979e+13 0 0
16.273 1 AIRSPEED_ETS 1557 1557 1.031769
16.280 1 GPS 0 16602147 0 0 -17000 0 0 0 130750 31 2
16.283 1 SVINFO 2 7 16 1 0 -91 0
16.287 1 NAVIGATION 0 2 -194263.5 -4813595. 0. 2.32084345979e+13 0 0
16.363 1 AIRSPEED_ETS 1561 1557 1.031769
16.380 1 ATTITUDE -0.02648 1.278373 0.145843
16.463 1 AIRSPEED_ETS 1561 1557 1.031769
16.484 1 ESTIMATOR -17. 0.
16.487 1 BAT 0 119 0 0 1 19 0 0
16.518 1 NAVIGATION 0 2 -194263.5 -4813595. 0. 2.32084345979e+13 0 0
16.544 1 GPS 0 16602147 0 0 -17000 0 0 0 131000 31 3
16.546 1 SVINFO 3 8 16 1 0 -91 0
16.563 1 AIRSPEED_ETS 1561 1557 1.08
16.594 1 WP_MOVED 4 360417.3125 4813734. 260. 31
16.600 1 DESIRED 0. 0.01 0. 0. 0. 235. 0. 20.
16.603 1 DL_VALUE 2 235.
16.663 1 AIRSPEED_ETS 1559 1557 1.334558
16.772 1 FBW_STATUS 2 0 1 119 0
16.777 1 NAVIGATION 0 2 -194263.5 -4813595. 0. 2.32084345979e+13 0 0
16.780 1 AIRSPEED_ETS 1559 1557 1.589117
16.785 1 GPS 0 16602147 0 0 -17000 0 0 0 131250 31 4
16.787 1 SVINFO 4 9 16 1 0 -91 0
16.793 1 DOWNLINK_STATUS 1 17 11566 595 0 673. 35. 55.04
16.867 1 COMMANDS 0,804,-2803,0,0,0
16.871 1 AIRSPEED_ETS 1557 1557 1.589117
16.880 1 ATTITUDE -0.026777 1.278061 0.145713
16.966 1 ACTUATORS 1400,1653,1526,1536,700
16.976 1 AIRSPEED_ETS 1557 1557 1.589117
16.984 1 ESTIMATOR -17. 0.
16.986 1 LINK_STATUS 1 0.008446 1 17 11566 595 0. 673. 35.
17.018 1 NAVIGATION 0 2 -194263.5 -4813595. 0. 2.32084345979e+13 0 0
17.046 1 GPS 0 16602147 0 0 -17000 0 0 0 131500 31 5
17.049 1 SVINFO 5 10 16 1 0 -91 0
17.064 1 AIRSPEED_ETS 1557 1557 1.589117
17.081 1 WP_MOVED 5 360422. 4813583.5 260. 31
17.163 1 AIRSPEED_ETS 1558 1557 1.769117
17.180 1 GPS_SOL 795657280 58859 9999 0
17.270 1 NAVIGATION 0 2 -194263.5 -4813595. 0. 2.32084345979e+13 0 0
17.273 1 AIRSPEED_ETS 1557 1557 1.769117
17.279 1 GPS 0 16602147 0 0 -17000 0 0 0 131750 31 6
17.283 1 SVINFO 6 11 16 1 0 -91 0
17.288 1 NAVIGATION 0 2 -194263.5 -4813595. 0. 2.32084345979e+13 0 0
17.363 1 AIRSPEED_ETS 1557 1557 1.409117
17.380 1 ATTITUDE -0.026952 1.279257 0.14618
17.463 1 AIRSPEED_ETS 1558 1557 1.229117
17.484 1 ESTIMATOR -17. 0.
17.488 1 ENERGY 11.9 0. 0 0.
17.518 1 NAVIGATION 0 2 -194263.5 -4813595. 0. 2.32084345979e+13 0 0
17.548 1 GPS 0 16602147 0 0 -17000 0 0 0 132000 31 7
17.549 1 SVINFO 7 12 16 1 0 -91 0
17.563 1 AIRSPEED_ETS 1561 1557 1.229117
17.591 1 WP_MOVED 6 360165.8125 4813664.5 260. 31
17.595 1 BAT 0 119 0 0 1 20 0 0
17.600 1 ALIVE 8,93,136,25,167,85,176,181,124,233,139,131,30,3,131,38
17.638 1 DESIRED 0. 0.01 0. 0. 0. 235. 0. 20.
17.663 1 AIRSPEED_ETS 1561 1557 1.334558
17.678 1 PPRZ_MODE 2 0 0 0 0 6
17.770 1 NAVIGATION 0 2 -194263.5 -4813595. 0. 2.32084345979e+13 0 0
17.773 1 AIRSPEED_ETS 1561 1557 1.44
17.779 1 GPS 0 16602147 0 0 -17000 0 0 0 132250 31 8
17.781 1 SVINFO 8 13 16 1 0 -91 0
17.797 1 DOWNLINK_STATUS 1 18 12295 632 0 729. 37. 55.04
17.863 1 AIRSPEED_ETS 1561 1557 1.8
17.880 1 ATTITUDE -0.026561 1.274416 0.146074
17.963 1 AIRSPEED_ETS 1561 1557 2.16
17.984 1 ESTIMATOR -17. 0.
17.995 1 LINK_STATUS 1 0.013871 1 18 12295 632 0. 729. 37.
18.018 1 NAVIGATION 0 2 -194263.5 -4813595. 0. 2.32084345979e+13 0 0
18.040 1 GPS 0 16602147 0 0 -17000 0 0 0 132500 31 9
18.042 1 SVINFO 9 14 16 1 0 -91 0
18.063 1 AIRSPEED_ETS 1556 1557 2.16
18.083 1 WP_MOVED 7 360559.40625 4813804.5 260. 31
18.085 1 DL_VALUE 3 0.
18.163 1 AIRSPEED_ETS 1556 1557 1.98
18.270 1 NAVIGATION 0 2 -194263.5 -4813595. 0. 2.32084345979e+13 0 0
18.273 1 AIRSPEED_ETS 1556 1557 1.98
18.280 1 GPS 0 16602147 0 0 -17000 0 0 0 132750 31 10
18.283 1 SVINFO 10 15 16 1 0 -91 0
18.287 1 NAVIGATION 0 2 -194263.5 -4813595. 0. 2.32084345979e+13 0 0
18.290 1 CALIBRATION 0. 0
18.362 1 AIRSPEED_ETS 1557 1557 1.98
18.383 1 ATTITUDE -0.026611 1.270951 0.145987
18.385 1 DOWNLINK 0 670 753
18.463 1 AIRSPEED_ETS 1557 1557 1.8
18.479 1 ESTIMATOR -17. 0.
18.518 1 NAVIGATION 0 2 -194263.5 -4813595. 0. 2.32084345979e+13 0 0
18.540 1 GPS 0 16602147 0 0 -17000 0 0 0 133000 31 11
18.542 1 SVINFO 11 16 16 1 0 -91 0
18.563 1 AIRSPEED_ETS 1557 1557 1.44
18.581 1 WP_MOVED 8 360462.40625 4813640. 215. 31
18.663 1 AIRSPEED_ETS 1557 1557 1.08
18.694 1 DESIRED 0. 0.01 0. 0. 0. 235. 0. 20.
18.697 1 BAT 0 119 0 0 1 21 0 0
18.772 1 FBW_STATUS 2 0 1 119 0
18.776 1 NAVIGATION 0 2 -194263.5 -4813595. 0. 2.32084345979e+13 0 0
18.780 1 AIRSPEED_ETS 1557 1557 0.72
18.784 1 GPS 0 16602147 0 0 -17000 0 0 0 133250 31 12
18.787 1 SVINFO 12 17 16 1 0 -91 0
18.801 1 DOWNLINK_STATUS 1 19 12964 667 0 669. 35. 55.04
18.863 1 AIRSPEED_ETS 1557 1557 0.36
18.880 1 ATTITUDE -0.026416 1.267721 0.146038
18.963 1 AIRSPEED_ETS 1558 1557 0.18
18.978 1 ESTIMATOR -17. 0.
19.001 1 LINK_STATUS 1 0.021171 1 19 12964 667 0. 669. 35.
19.018 1 NAVIGATION 0 2 -194263.5 -4813595. 0. 2.32084345979e+13 0 0
19.041 1 GPS 0 16602147 0 0 -17000 0 0 0 133500 31 13
19.042 1 SVINFO 13 18 16 1 0 -91 0
19.063 1 AIRSPEED_ETS 1558 1557 0.36
19.082 1 WP_MOVED 9 360313.8125 4813652. 185. 31
19.163 1 AIRSPEED_ETS 1557 1557 0.36
19.180 1 GPS_SOL 795662272 58876 9999 0
19.270 1 NAVIGATION 0 2 -194263.5 -4813595. 0. 2.32084345979e+13 0 0
19.272 1 AIRSPEED_ETS 1557 1557 0.36
19.279 1 GPS 0 16602147 0 0 -17000 0 0 0 133750 31 14
19.282 1 SVINFO 14 19 16 1 0 -91 0
19.287 1 NAVIGATION 0 2 -194263.5 -4813595. 0. 2.32084345979e+13 0 0
19.362 1 AIRSPEED_ETS 1556 1557 0.36
19.380 1 ATTITUDE -0.026187 1.264192 0.14627
19.463 1 AIRSPEED_ETS 1556 1557 0.36
19.479 1 ESTIMATOR -17. 0.
19.519 1 NAVIGATION 0 2 -194263.5 -4813595. 0. 2.32084345979e+13 0 0
19.541 1 GPS 0 16602147 0 0 -17000 0 0 0 134000 31 15
19.543 1 SVINFO 0 5 16 1 0 -91 0
19.562 1 AIRSPEED_ETS 1556 1557 0.36
19.583 1 WP_MOVED 10 360453.8125 4813581. 260. 31
19.586 1 DL_VALUE 4 0.
19.662 1 AIRSPEED_ETS 1557 1557 0.36
19.738 1 DESIRED 0. 0.01 0. 0. 0. 235. 0. 20.
19.770 1 NAVIGATION 0 2 -194263.5 -4813595. 0. 2.32084345979e+13 0 0
19.772 1 AIRSPEED_ETS 1557 1557 0.36
19.779 1 GPS 0 16602147 0 0 -17000 0 0 0 134250 31 1
19.783 1 SVINFO 1 6 16 1 0 -91 0
19.786 1 BAT 0 119 0 0 1 23 0 0
19.805 1 DOWNLINK_STATUS 1 20 13613 700 0 649. 33. 55.04
19.862 1 AIRSPEED_ETS 1557 1557 0.36
19.880 1 ATTITUDE -0.025969 1.269793 0.146004
19.962 1 AIRSPEED_ETS 1558 1557 0.36
19.983 1 ESTIMATOR -17. 0.
19.988 1 ENERGY 11.9 0. 0 0.
20.009 1 LINK_STATUS 1 0.011314 1 20 13613 700 0. 649. 33.
20.018 1 NAVIGATION 0 2 -194263.5 -4813595. 0. 2.32084345979e+13 0 0
20.041 1 GPS 0 16602147 0 0 -17000 0 0 0 134500 31 2
20.043 1 SVINFO 2 7 16 1 0 -91 0
20.063 1 AIRSPEED_ETS 1556 1557 0.18
20.082 1 WP_MOVED 11 360170.5 4813757.5 260. 31
20.163 1 AIRSPEED_ETS 1556 1557 0.18
20.271 1 NAVIGATION 0 2 -194263.5 -4813595. 0. 2.32084345979e+13 0 0
20.273 1 AIRSPEED_ETS 1558 1557 0.36
20.279 1 GPS 0 16602147 0 0 -17000 0 0 0 134750 31 3
20.284 1 SVINFO 3 8 16 1 0 -91 0
20.287 1 NAVIGATION 0 2 -194263.5 -4813595. 0. 2.32084345979e+13 0 0
20.367 1 AIRSPEED_ETS 1557 1557 0.36
20.368 1 PONG 
20.376 1 ATTITUDE -0.026355 1.27211 0.146231
20.378 1 CALIBRATION 0. 0
20.462 1 AIRSPEED_ETS 1557 1557 0.36
20.478 1 ESTIMATOR -17. 0.
20.519 1 NAVIGATION 0 2 -194263.5 -4813595. 0. 2.32084345979e+13 0 0
20.540 1 GPS 0 16602147 0 0 -17000 0 0 0 135000 31 4
20.543 1 SVINFO 4 9 16 1 0 -91 0
20.562 1 AIRSPEED_ETS 1557 1557 0.36
20.581 1 WP_MOVED 0 360327. 4813637. 260. 31
20.662 1 AIRSPEED_ETS 1558 1557 0.54
20.773 1 FBW_STATUS 2 0 1 119 0
20.778 1 NAVIGATION 0 2 -194263.5 -4813595. 0. 2.32084345979e+13 0 0
20.779 1 AIRSPEED_ETS 1558 1557 0.72
20.784 1 GPS 0 16602147 0 0 -17000 0 0 0 135250 31 5
20.789 1 SVINFO 5 10 16 1 0 -91 0
20.793 1 DESIRED 0. 0.01 0. 0. 0. 235. 0. 20.
20.813 1 DOWNLINK_STATUS 1 21 14265 734 0 652. 34. 85.22
20.862 1 AIRSPEED_ETS 1561 1557 1.08
20.886 1 ATTITUDE -0.026776 1.263441 0.146544
20.889 1 BAT 0 119 0 0 1 24 0 0
20.963 1 AIRSPEED_ETS 1561 1557 1.26
20.979 1 ESTIMATOR -17. 0.
21.017 1 LINK_STATUS 1 0.036872 1 21 14265 734 0. 652. 34.
21.018 1 NAVIGATION 0 2 -194263.5 -4813595. 0. 2.32084345979e+13 0 0
21.040 1 GPS 0 16602147 0 0 -17000 0 0 0 135500 31 6
21.043 1 SVINFO 6 11 16 1 0 -91 0
21.063 1 AIRSPEED_ETS 1561 1557 1.62
21.083 1 WP_MOVED 1 360285. 4813595. 260. 31
21.086 1 DL_VALUE 5 0.
21.163 1 AIRSPEED_ETS 1559 1557 1.874558
21.180 1 GPS_SOL 795667328 58893 9999 0
21.270 1 NAVIGATION 0 2 -194263.5 -4813595. 0. 2.32084345979e+13 0 0
21.272 1 AIRSPEED_ETS 1557 1557 1.694559
21.279 1 GPS 0 16602147 0 0 -17000 0 0 0 135750 31 7
21.282 1 SVINFO 7 12 16 1 0 -91 0
21.287 1 NAVIGATION 0 2 -194263.5 -4813595. 0. 2.32084345979e+13 0 0
21.364 1 AIRSPEED_ETS 1557 1557 1.694559
21.380 1 ATTITUDE -0.026717 1.263322 0.146417
21.464 1 AIRSPEED_ETS 1555 1557 1.694559
21.478 1 ESTIMATOR -17. 0.
21.519 1 NAVIGATION 0 2 -194263.5 -4813595. 0. 2.32084345979e+13 0 0
21.540 1 GPS 0 16602147 0 0 -17000 0 0 0 136000 31 8
21.543 1 SVINFO 8 13 16 1 0 -91 0
21.565 1 AIRSPEED_ETS 1557 1557 1.694559
21.581 1 WP_MOVED 2 360334.5 4813695. 260. 31
21.665 1 AIRSPEED_ETS 1557 1557 1.514558
21.770 1 NAVIGATION 0 2 -194263.5 -4813595. 0. 2.32084345979e+13 0 0
21.772 1 AIRSPEED_ETS 1557 1557 1.334558
21.779 1 GPS 0 16602147 0 0 -17000 0 0 0 136250 31 9
21.782 1 SVINFO 9 14 16 1 0 -91 0
21.821 1 DOWNLINK_STATUS 1 22 14876 766 0 611. 32. 85.22
21.838 1 DESIRED 0. 0.01 0. 0. 0. 235. 0. 20.
21.867 1 COMMANDS 0,811,-2815,0,0,0
21.870 1 AIRSPEED_ETS 1558 1557 1.154558
21.876 1 ATTITUDE -0.027106 1.267753 0.146281
21.967 1 ACTUATORS 1400,1654,1526,1536,700
21.970 1 AIRSPEED_ETS 1556 1557 0.794558
21.976 1 ESTIMATOR -17. 0.
21.979 1 BAT 0 119 0 0 1 25 0 0
22.030 1 NAVIGATION 0 2 -194263.5 -4813595. 0. 2.32084345979e+13 0 0
22.030 1 LINK_STATUS 1 0.004074 1 22 14876 766 0. 611. 32.
22.040 1 GPS 0 16602147 0 0 -17000 0 0 0 136500 31 10
22.044 1 SVINFO 10 15 16 1 0 -91 0
22.067 1 AIRSPEED_ETS 1556 1557 0.434558
22.082 1 WP_MOVED 3 360295.09375 4813785. 260. 31
22.166 1 AIRSPEED_ETS 1557 1557 0.18
22.270 1 NAVIGATION 0 2 -194263.5 -4813595. 0. 2.32084345979e+13 0 0
22.273 1 AIRSPEED_ETS 1557 1557 0.18
22.279 1 GPS 0 16602147 0 0 -17000 0 0 0 136750 31 11
22.283 1 SVINFO 11 16 16 1 0 -91 0
22.287 1 NAVIGATION 0 2 -194263.5 -4813595. 0. 2.32084345979e+13 0 0
22.367 1 AIRSPEED_ETS 1557 1557 0.18
22.376 1 ATTITUDE -0.027155 1.271308 0.146415
22.467 1 AIRSPEED_ETS 1557 1557 0.18
22.475 1 ESTIMATOR -17. 0.
22.477 1 CALIBRATION 0. 0
22.482 1 ENERGY 11.9 0. 0 0.
22.526 1 NAVIGATION 0 2 -194263.5 -4813595. 0. 2.32084345979e+13 0 0
22.540 1 GPS 0 16602147 0 0 -17000 0 0 0 137000 31 12
22.543 1 SVINFO 12 17 16 1 0 -91 0
22.567 1 AIRSPEED_ETS 1557 1557 0.18
22.576 1 WP_MOVED 4 360417.3125 4813734. 260. 31
22.578 1 DL_VALUE 6 40.
22.584 1 ALIVE 8,93,136,25,167,85,176,181,124,233,139,131,30,3,131,38
22.668 1 AIRSPEED_ETS 1557 1557 0.18
22.673 1 PPRZ_MODE 2 0 0 0 0 6
22.772 1 FBW_STATUS 2 0 1 119 0
22.776 1 NAVIGATION 0 2 -194263.5 -4813595. 0. 2.32084345979e+13 0 0
22.780 1 AIRSPEED_ETS 1558 1557 0.36
22.784 1 GPS 0 16602147 0 0 -17000 0 0 0 137250 31 13
22.787 1 SVINFO 13 18 16 1 0 -91 0
22.829 1 DOWNLINK_STATUS 1 23 15625 805 0 749. 39. 85.22
22.868 1 AIRSPEED_ETS 1558 1557 0.36
22.876 1 ATTITUDE -0.026636 1.267172 0.146517
22.883 1 DESIRED 0. 0.01 0. 0. 0. 235. 0. 20.
22.968 1 AIRSPEED_ETS 1558 1557 0.54
22.973 1 ESTIMATOR -17. 0.
23.019 1 NAVIGATION 0 2 -194263.5 -4813595. 0. 2.32084345979e+13 0 0
23.038 1 LINK_STATUS 1 0.002741 1 23 15625 805 0. 749. 39.
23.040 1 GPS 0 16602147 0 0 -17000 0 0 0 137500 31 14
23.043 1 SVINFO 14 19 16 1 0 -91 0
23.070 1 AIRSPEED_ETS 1559 1557 0.794558
23.079 1 WP_MOVED 5 360422. 4813583.5 260. 31
23.081 1 BAT 0 119 0 0 1 26 0 0
23.169 1 AIRSPEED_ETS 1558 1557 0.974558
23.174 1 GPS_SOL 795672448 58910 9999 0
23.273 1 NAVIGATION 0 2 -194263.5 -4813595. 0. 2.32084345979e+13 0 0
23.276 1 AIRSPEED_ETS 1558 1557 1.154558
23.282 1 GPS 0 16602147 0 0 -17000 0 0 0 137750 31 15
23.284 1 SVINFO 0 5 16 1 0 -91 0
23.288 1 NAVIGATION 0 2 -194263.5 -4813595. 0. 2.32084345979e+13 0 0
23.293 1 WIND_INFO 1 42 0. 0. 0.
23.377 1 AIRSPEED_ETS 1557 1557 1.154558
23.380 1 ATTITUDE -0.026786 1.268003 0.146309
23.385 1 WIND_INFO_RET 0. 0. 0.
23.470 1 AIRSPEED_ETS 1559 1557 1.409117
23.475 1 ESTIMATOR -17. 0.
23.478 1 DOWNLINK 0 672 930
23.516 1 NAVIGATION 0 2 -194263.5 -4813595. 0. 2.32084345979e+13 0 0
23.544 1 GPS 0 16602147 0 0 -17000 0 0 0 138000 31 1
23.544 1 SVINFO 1 6 16 1 0 -91 0
23.571 1 AIRSPEED_ETS 1559 1557 1.663675
23.578 1 WP_MOVED 6 360165.8125 4813664.5 260. 31
23.672 1 AIRSPEED_ETS 1561 1557 2.023675
23.776 1 NAVIGATION 0 2 -194263.5 -4813595. 0. 2.32084345979e+13 0 0
23.777 1 AIRSPEED_ETS 1562 1557 2.246167
23.784 1 GPS 0 16602147 0 0 -17000 0 0 0 138250 31 2
23.786 1 SVINFO 2 7 16 1 0 -91 0
23.833 1 DOWNLINK_STATUS 1 24 16292 839 0 667. 34. 85.22
23.862 1 AIRSPEED_ETS 1562 1557 2.46866
23.881 1 ATTITUDE -0.026758 1.272233 0.146296
23.938 1 DESIRED 0. 0.01 0. 0. 0. 235. 0. 20.
23.962 1 AIRSPEED_ETS 1561 1557 2.64866
23.981 1 ESTIMATOR -17. 0.
24.016 1 NAVIGATION 0 2 -194263.5 -4813595. 0. 2.32084345979e+13 0 0
24.043 1 GPS 0 16602147 0 0 -17000 0 0 0 138500 31 3
24.043 1 SVINFO 3 8 16 1 0 -91 0
24.045 1 LINK_STATUS 1 0.001218 1 24 16292 839 0. 667. 34.
24.062 1 AIRSPEED_ETS 1561 1557 2.754101
24.083 1 WP_MOVED 7 360559.40625 4813804.5 260. 31
24.086 1 DL_VALUE 7 2.
24.162 1 AIRSPEED_ETS 1561 1557 2.934101
24.183 1 BAT 0 119 0 0 1 27 0 0
24.270 1 NAVIGATION 0 2 -194263.5 -4813595. 0. 2.32084345979e+13 0 0
24.272 1 AIRSPEED_ETS 1562 1557 3.156594
24.279 1 GPS 0 16602147 0 0 -17000 0 0 0 138750 31 4
24.282 1 SVINFO 4 9 16 1 0 -91 0
24.287 1 NAVIGATION 0 2 -194263.5 -4813595. 0. 2.32084345979e+13 0 0
24.362 1 AIRSPEED_ETS 1561 1557 3.516593
24.380 1 ATTITUDE -0.02657 1.270979 0.146402
24.462 1 AIRSPEED_ETS 1562 1557 3.664527
24.479 1 ESTIMATOR -17. 0.
24.516 1 NAVIGATION 0 2 -194263.5 -4813595. 0. 2.32084345979e+13 0 0
24.543 1 GPS 0 16602147 0 0 -17000 0 0 0 139000 31 5
24.543 1 SVINFO 5 10 16 1 0 -91 0
24.564 1 AIRSPEED_ETS 1562 1557 3.812461
24.584 1 WP_MOVED 8 360462.40625 4813640. 215. 31
24.586 1 CALIBRATION 0. 0
24.663 1 AIRSPEED_ETS 1561 1557 3.812461
24.771 1 FBW_STATUS 2 0 1 119 0
24.776 1 NAVIGATION 0 2 -194263.5 -4813595. 0. 2.32084345979e+13 0 0
24.779 1 AIRSPEED_ETS 1557 1557 3.409969
24.784 1 GPS 0 16602147 0 0 -17000 0 0 0 139250 31 6
24.787 1 SVINFO 6 11 16 1 0 -91 0
24.837 1 DOWNLINK_STATUS 1 25 16950 873 0 658. 34. 85.22
24.862 1 AIRSPEED_ETS 1557 1557 3.007477
24.880 1 ATTITUDE -0.026704 1.262595 0.146155
24.962 1 AIRSPEED_ETS 1557 1557 2.647477
24.992 1 ESTIMATOR -17. 0.
24.999 1 DESIRED 0. 0.01 0. 0. 0. 235. 0. 20.
25.003 1 ENERGY 11.9 0. 0 0.
25.016 1 NAVIGATION 0 2 -194263.5 -4813595. 0. 2.32084345979e+13 0 0
25.052 1 GPS 0 16602147 0 0 -17000 0 0 0 139500 31 7
25.052 1 SVINFO 7 12 16 1 0 -91 0
25.054 1 LINK_STATUS 1 0.001725 1 25 16950 873 0. 658. 34.
25.065 1 AIRSPEED_ETS 1560 1557 2.599246
25.085 1 WP_MOVED 9 360313.8125 4813652. 185. 31
25.087 1 NAVIGATION_REF 360285 4813595 31
25.162 1 AIRSPEED_ETS 1560 1557 2.551015
25.179 1 GPS_SOL 795677632 58927 9999 0
25.270 1 NAVIGATION 0 2 -194263.5 -4813595. 0. 2.32084345979e+13 0 0
25.272 1 AIRSPEED_ETS 1562 1557 2.551015
25.279 1 GPS 0 16602147 0 0 -17000 0 0 0 139750 31 8
25.282 1 SVINFO 8 13 16 1 0 -91 0
25.287 1 NAVIGATION 0 2 -194263.5 -4813595. 0. 2.32084345979e+13 0 0
25.291 1 BAT 0 119 0 0 1 28 0 0
25.315 1 PONG 
25.362 1 AIRSPEED_ETS 1561 1557 2.551015
25.380 1 ATTITUDE -0.02665 1.25999 0.145963
25.463 1 AIRSPEED_ETS 1561 1557 2.508523
25.479 1 ESTIMATOR -17. 0.
25.518 1 NAVIGATION 0 2 -194263.5 -4813595. 0. 2.32084345979e+13 0 0
25.539 1 GPS 0 16602147 0 0 -17000 0 0 0 140000 31 9
25.549 1 SVINFO 9 15 16 1 0 -91 0
25.562 1 AIRSPEED_ETS 1558 1557 2.286031
25.584 1 WP_MOVED 10 360453.8125 4813581. 260. 31
25.586 1 DL_VALUE 8 0.
25.663 1 AIRSPEED_ETS 1558 1557 2.10603
25.771 1 NAVIGATION 0 2 -194263.5 -4813595. 0. 2.32084345979e+13 0 0
25.773 1 AIRSPEED_ETS 1558 1557 2.28603
25.780 1 GPS 0 16602147 0 0 -17000 0 0 0 140250 31 10
25.781 1 SVINFO 10 16 16 1 0 -91 0
25.845 1 DOWNLINK_STATUS 1 26 17640 909 0 690. 36. 31.52
25.862 1 AIRSPEED_ETS 1558 1557 2.46603
25.880 1 ATTITUDE -0.026841 1.260944 0.145726
25.962 1 AIRSPEED_ETS 1557 1557 2.46603
25.978 1 ESTIMATOR -17. 0.
26.017 1 NAVIGATION 0 2 -194263.5 -4813595. 0. 2.32084345979e+13 0 0
26.058 1 GPS 0 16602147 0 0 -17000 0 0 0 140500 31 11
26.058 1 SVINFO 11 17 16 1 0 -91 0
26.059 1 DESIRED 0. 0.01 0. 0. 0. 235. 0. 20.
26.062 1 LINK_STATUS 1 0.001558 1 26 17640 909 0. 690. 36.
26.063 1 AIRSPEED_ETS 1557 1557 2.154261
26.082 1 WP_MOVED 11 360170.5 4813757.5 260. 31
26.162 1 AIRSPEED_ETS 1558 1557 2.022492
26.270 1 NAVIGATION 0 2 -194263.5 -4813595. 0. 2.32084345979e+13 0 0
26.273 1 AIRSPEED_ETS 1558 1557 1.8
26.279 1 GPS 0 16602147 0 0 -17000 0 0 0 140750 31 12
26.282 1 SVINFO 12 18 16 1 0 -91 0
26.287 1 NAVIGATION 0 2 -194263.5 -4813595. 0. 2.32084345979e+13 0 0
26.363 1 AIRSPEED_ETS 1558 1557 1.62
26.386 1 ATTITUDE -0.026104 1.268523 0.145504
26.388 1 BAT 0 119 0 0 1 29 0 0
26.462 1 AIRSPEED_ETS 1557 1557 1.26
26.479 1 ESTIMATOR -17. 0.
26.517 1 NAVIGATION 0 2 -194263.5 -4813595. 0. 2.32084345979e+13 0 0
26.539 1 GPS 0 16602147 0 0 -17000 0 0 0 141000 31 13
26.542 1 SVINFO 13 19 16 1 0 -91 0
26.564 1 AIRSPEED_ETS 1558 1557 1.26
26.582 1 WP_MOVED 0 360327. 4813637. 260. 31
26.662 1 AIRSPEED_ETS 1558 1557 1.26
26.677 1 CALIBRATION 0. 0
26.771 1 FBW_STATUS 2 0 1 119 0
26.777 1 NAVIGATION 0 2 -194263.5 -4813595. 0. 2.32084345979e+13 0 0
26.778 1 AIRSPEED_ETS 1558 1557 1.26
26.784 1 GPS 0 16602147 0 0 -17000 0 0 0 141250 31 14
26.786 1 SVINFO 14 20 16 1 0 -91 0
26.853 1 DOWNLINK_STATUS 1 27 18287 942 0 647. 33. 31.52
26.867 1 COMMANDS 0,790,-2772,0,0,0
26.869 1 AIRSPEED_ETS 1559 1557 1.334558
26.876 1 ATTITUDE -0.026307 1.27308 0.145199
26.966 1 ACTUATORS 1400,1653,1526,1537,700
26.968 1 AIRSPEED_ETS 1558 1557 1.514559
26.978 1 ESTIMATOR -17. 0.
27.019 1 NAVIGATION 0 2 -194263.5 -4813595. 0. 2.32084345979e+13 0 0
27.030 1 GPS 0 16602147 0 0 -17000 0 0 0 141500 31 15
27.033 1 SVINFO 0 5 16 1 0 -91 0
27.065 1 AIRSPEED_ETS 1558 1557 1.694559
27.070 1 LINK_STATUS 1 0.003157 1 27 18287 942 0. 647. 33.
27.092 1 WP_MOVED 1 360285. 4813595. 260. 31
27.099 1 DESIRED 0. 0.01 0. 0. 0. 235. 0. 20.
27.101 1 DL_VALUE 9 1.
27.162 1 AIRSPEED_ETS 1558 1557 1.694559
27.179 1 GPS_SOL 795682944 58944 9999 0
27.270 1 NAVIGATION 0 2 -194263.5 -4813595. 0. 2.32084345979e+13 0 0
27.272 1 AIRSPEED_ETS 1558 1557 1.694559
27.279 1 GPS 0 16602147 0 0 -17000 0 0 0 141750 31 1
27.284 1 SVINFO 1 7 16 1 0 -91 0
27.288 1 NAVIGATION 0 2 -194263.5 -4813595. 0. 2.32084345979e+13 0 0
27.362 1 AIRSPEED_ETS 1558 1557 1.694559
27.380 1 ATTITUDE -0.026358 1.272636 0.14559
27.462 1 AIRSPEED_ETS 1558 1557 1.874558
27.488 1 ESTIMATOR -17. 0.
27.492 1 BAT 0 119 0 0 1 30 0 0
27.495 1 ENERGY 11.9 0. 0 0.
27.520 1 NAVIGATION 0 2 -194263.5 -4813595. 0. 2.32084345979e+13 0 0
27.530 1 GPS 0 16602147 0 0 -17000 0 0 0 142000 31 2
27.533 1 SVINFO 2 8 16 1 0 -91 0
27.562 1 AIRSPEED_ETS 1558 1557 1.874558
27.587 1 WP_MOVED 2 360334.5 4813695. 260. 31
27.591 1 ALIVE 8,93,136,25,167,85,176,181,124,233,139,131,30,3,131,38
27.663 1 AIRSPEED_ETS 1558 1557 1.874558
27.679 1 PPRZ_MODE 2 0 0 0 0 6
27.771 1 NAVIGATION 0 2 -194263.5 -4813595. 0. 2.32084345979e+13 0 0
27.772 1 AIRSPEED_ETS 1558 1557 1.874558
27.779 1 GPS 0 16602147 0 0 -17000 0 0 0 142250 31 3
27.781 1 SVINFO 3 9 16 1 0 -91 0
27.859 1 DOWNLINK_STATUS 1 28 19027 980 0 740. 38. 31.52
27.862 1 AIRSPEED_ETS 1558 1557 1.8
27.880 1 ATTITUDE -0.025989 1.273875 0.145378
27.962 1 AIRSPEED_ETS 1558 1557 1.8
27.978 1 ESTIMATOR -17. 0.
28.022 1 NAVIGATION 0 2 -194263.5 -4813595. 0. 2.32084345979e+13 0 0
28.030 1 GPS 0 16602147 0 0 -17000 0 0 0 142500 31 4
28.033 1 SVINFO 4 10 16 1 0 -91 0
28.063 1 AIRSPEED_ETS 1558 1557 1.8
28.078 1 LINK_STATUS 1 0.005221 1 28 19027 980 0. 740. 38.
28.081 1 WP_MOVED 3 360295.09375 4813785. 260. 31
28.138 1 DESIRED 0. 0.01 0. 0. 0. 235. 0. 20.
28.163 1 AIRSPEED_ETS 1558 1557 1.8
28.270 1 NAVIGATION 0 2 -194263.5 -4813595. 0. 2.32084345979e+13 0 0
28.272 1 AIRSPEED_ETS 1558 1557 1.8
28.279 1 GPS 0 16602147 0 0 -17000 0 0 0 142750 31 5
28.283 1 SVINFO 5 11 16 1 0 -91 0
28.287 1 NAVIGATION 0 2 -194263.5 -4813595. 0. 2.32084345979e+13 0 0
28.362 1 AIRSPEED_ETS 1558 1557 1.8
28.380 1 ATTITUDE -0.026175 1.275048 0.145169
28.462 1 AIRSPEED_ETS 1558 1557 1.8
28.478 1 ESTIMATOR -17. 0.
28.523 1 NAVIGATION 0 2 -194263.5 -4813595. 0. 2.32084345979e+13 0 0
28.530 1 GPS 0 16602147 0 0 -17000 0 0 0 143000 31 6
28.533 1 SVINFO 6 12 16 1 0 -91 0
28.562 1 AIRSPEED_ETS 1558 1557 1.8
28.593 1 WP_MOVED 4 360417.3125 4813734. 260. 31
28.596 1 BAT 0 119 0 0 1 31 0 0
28.597 1 DL_VALUE 10 0.
28.599 1 DOWNLINK 0 683 1109
28.662 1 AIRSPEED_ETS 1558 1557 1.8
28.772 1 FBW_STATUS 2 0 1 119 0
28.776 1 NAVIGATION 0 2 -194263.5 -4813595. 0. 2.32084345979e+13 0 0
28.779 1 AIRSPEED_ETS 1558 1557 1.8
28.784 1 GPS 0 16602147 0 0 -17000 0 0 0 143250 31 7
28.787 1 SVINFO 7 13 16 1 0 -91 0
28.789 1 CALIBRATION 0. 0
28.859 1 DOWNLINK_STATUS 1 29 19696 1015 0 669. 35. 31.52
28.862 1 AIRSPEED_ETS 1558 1557 1.8
28.880 1 ATTITUDE -0.026327 1.267378 0.145135
28.962 1 AIRSPEED_ETS 1558 1557 1.8
28.978 1 ESTIMATOR -17. 0.
29.025 1 NAVIGATION 0 2 -194263.5 -4813595. 0. 2.32084345979e+13 0 0
29.031 1 GPS 0 16602147 0 0 -17000 0 0 0 143500 31 8
29.034 1 SVINFO 8 14 16 1 0 -91 0
29.062 1 AIRSPEED_ETS 1558 1557 1.8
29.084 1 WP_MOVED 5 360422. 4813583.5 260. 31
29.086 1 LINK_STATUS 1 0.003156 1 29 19696 1015 0. 669. 35.
29.164 1 AIRSPEED_ETS 1558 1557 1.8
29.193 1 DESIRED 0. 0.01 0. 0. 0. 235. 0. 20.
29.196 1 GPS_SOL 795688320 58961 9999 0
29.270 1 NAVIGATION 0 2 -194263.5 -4813595. 0. 2.32084345979e+13 0 0
29.272 1 AIRSPEED_ETS 1558 1557 1.8
29.278 1 GPS 0 16602147 0 0 -17000 0 0 0 143750 31 9
29.282 1 SVINFO 9 15 16 1 0 -91 0
29.288 1 NAVIGATION 0 2 -194263.5 -4813595. 0. 2.32084345979e+13 0 0
29.362 1 AIRSPEED_ETS 1559 1557 1.874558
29.380 1 ATTITUDE -0.026196 1.262112 0.145467
29.462 1 AIRSPEED_ETS 1559 1557 1.949117
29.478 1 ESTIMATOR -17. 0.
29.516 1 NAVIGATION 0 2 -194263.5 -4813595. 0. 2.32084345979e+13 0 0
29.540 1 GPS 0 16602147 0 0 -17000 0 0 0 144000 31 10
29.543 1 SVINFO 10 16 16 1 0 -91 0
29.563 1 AIRSPEED_ETS 1559 1557 2.023675
29.580 1 WP_MOVED 6 360165.8125 4813664.5 260. 31
29.663 1 AIRSPEED_ETS 1558 1557 2.023675
29.682 1 BAT 0 119 0 0 1 32 0 0
29.771 1 NAVIGATION 0 2 -194263.5 -4813595. 0. 2.32084345979e+13 0 0
29.773 1 AIRSPEED_ETS 1559 1557 2.098234
29.779 1 GPS 0 16602147 0 0 -17000 0 0 0 144250 31 11
29.782 1 SVINFO 11 17 16 1 0 -91 0
29.860 1 DOWNLINK_STATUS 1 30 20334 1047 0 638. 32. 31.52
29.863 1 AIRSPEED_ETS 1559 1557 2.172792
29.881 1 ATTITUDE -0.02642 1.262453 0.145759
29.963 1 AIRSPEED_ETS 1553 1557 1.992792
29.984 1 ESTIMATOR -17. 0.
29.987 1 ENERGY 11.9 0. 0 0.
30.016 1 NAVIGATION 0 2 -194263.5 -4813595. 0. 2.32084345979e+13 0 0
30.039 1 GPS 0 16602147 0 0 -17000 0 0 0 144500 31 12
30.042 1 SVINFO 12 18 16 1 0 -91 0
30.062 1 AIRSPEED_ETS 1553 1557 1.812792
30.083 1 WP_MOVED 7 360559.40625 4813804.5 260. 31
30.093 1 DL_VALUE 0 0.
30.098 1 LINK_STATUS 1 0.006545 1 30 20334 1047 0. 638. 32.
30.163 1 AIRSPEED_ETS 1553 1557 1.632792
30.241 1 DESIRED 0. 0.01 0. 0. 0. 235. 0. 20.
30.271 1 NAVIGATION 0 2 -194263.5 -4813595. 0. 2.32084345979e+13 0 0
30.272 1 AIRSPEED_ETS 1554 1557 1.452792
30.279 1 GPS 0 16602147 0 0 -17000 0 0 0 144750 31 13
30.282 1 SVINFO 13 19 16 1 0 -91 0
30.289 1 NAVIGATION 0 2 -194263.5 -4813595. 0. 2.32084345979e+13 0 0
30.338 1 PONG 
30.362 1 AIRSPEED_ETS 1558 1557 1.378234
30.380 1 ATTITUDE -0.02642 1.263901 0.146378
30.462 1 AIRSPEED_ETS 1558 1557 1.303675
30.478 1 ESTIMATOR -17. 0.
30.516 1 NAVIGATION 0 2 -194263.5 -4813595. 0. 2.32084345979e+13 0 0
30.540 1 GPS 0 16602147 0 0 -17000 0 0 0 145000 31 14
30.543 1 SVINFO 14 20 16 1 0 -91 0
30.562 1 AIRSPEED_ETS 1558 1557 1.229117
30.580 1 WP_MOVED 8 360462.40625 4813640. 215. 31
30.663 1 AIRSPEED_ETS 1559 1557 1.303675
30.773 1 FBW_STATUS 2 0 1 119 0
30.777 1 NAVIGATION 0 2 -194263.5 -4813595. 0. 2.32084345979e+13 0 0
30.780 1 AIRSPEED_ETS 1559 1557 1.303675
30.785 1 GPS 0 16602147 0 0 -17000 0 0 0 145250 31 15
30.788 1 SVINFO 0 5 16 1 0 -91 0
30.792 1 BAT 0 119 0 0 1 34 0 0
30.859 1 DOWNLINK_STATUS 1 31 21007 1082 0 673. 35. 55.22
30.862 1 AIRSPEED_ETS 1558 1557 1.229117
30.882 1 ATTITUDE -0.026762 1.262517 0.146145
30.885 1 CALIBRATION 0. 0
30.962 1 AIRSPEED_ETS 1558 1557 1.409117
30.978 1 ESTIMATOR -17. 0.
31.016 1 NAVIGATION 0 2 -194263.5 -4813595. 0. 2.32084345979e+13 0 0
31.042 1 GPS 0 16602147 0 0 -17000 0 0 0 145500 31 1
31.045 1 SVINFO 1 7 16 1 0 -91 0
31.063 1 AIRSPEED_ETS 1558 1557 1.589117
31.080 1 WP_MOVED 9 360313.8125 4813652. 185. 31
31.106 1 LINK_STATUS 1 0.023697 1 31 21007 1082 0. 673. 35.
31.163 1 AIRSPEED_ETS 1558 1557 1.769117
31.180 1 GPS_SOL 795693760 58978 9999 0
31.271 1 NAVIGATION 0 2 -194263.5 -4813595. 0. 2.32084345979e+13 0 0
31.273 1 AIRSPEED_ETS 1558 1557 1.949117
31.280 1 GPS 0 16602147 0 0 -17000 0 0 0 145750 31 2
31.283 1 SVINFO 2 8 16 1 0 -91 0
31.287 1 NAVIGATION 0 2 -194263.5 -4813595. 0. 2.32084345979e+13 0 0
31.295 1 DESIRED 0. 0.01 0. 0. 0. 235. 0. 20.
31.362 1 AIRSPEED_ETS 1558 1557 1.949117
31.380 1 ATTITUDE -0.026515 1.259048 0.146179
31.464 1 AIRSPEED_ETS 1558 1557 1.949117
31.479 1 ESTIMATOR -17. 0.
31.516 1 NAVIGATION 0 2 -194263.5 -4813595. 0. 2.32084345979e+13 0 0
31.543 1 GPS 0 16602147 0 0 -17000 0 0 0 146000 31 3
31.547 1 SVINFO 3 9 16 1 0 -91 0
31.563 1 AIRSPEED_ETS 1558 1557 1.949117
31.583 1 WP_MOVED 10 360453.8125 4813581. 260. 31
31.585 1 DL_VALUE 1 0.
31.663 1 AIRSPEED_ETS 1558 1557 1.874558
31.771 1 NAVIGATION 0 2 -194263.5 -4813595. 0. 2.32084345979e+13 0 0
31.773 1 AIRSPEED_ETS 1557 1557 1.62
31.780 1 GPS 0 16602147 0 0 -17000 0 0 0 146250 31 4
31.782 1 SVINFO 4 10 16 1 0 -91 0
31.861 1 DOWNLINK_STATUS 1 32 21646 1115 0 639. 33. 55.22
31.868 1 COMMANDS 0,814,-2810,0,0,0
31.869 1 AIRSPEED_ETS 1557 1557 1.44
31.885 1 ATTITUDE -0.027102 1.255738 0.146381
31.888 1 BAT 0 119 0 0 1 35 0 0
31.966 1 ACTUATORS 1400,1654,1526,1536,700
31.969 1 AIRSPEED_ETS 1557 1557 1.26
31.979 1 ESTIMATOR -17. 0.
32.016 1 NAVIGATION 0 2 -194263.5 -4813595. 0. 2.32084345979e+13 0 0
32.045 1 GPS 0 16602147 0 0 -17000 0 0 0 146500 31 5
32.047 1 SVINFO 5 11 16 1 0 -91 0
32.063 1 AIRSPEED_ETS 1558 1557 1.26
32.080 1 WP_MOVED 11 360170.5 4813757.5 260. 31
32.113 1 LINK_STATUS 1 0.031641 1 32 21646 1115 0. 639. 33.
32.163 1 AIRSPEED_ETS 1557 1557 1.08
32.270 1 NAVIGATION 0 2 -194263.5 -4813595. 0. 2.32084345979e+13 0 0
32.272 1 AIRSPEED_ETS 1557 1557 0.9
32.279 1 GPS 0 16602147 0 0 -17000 0 0 0 146750 31 6
32.283 1 SVINFO 6 12 16 1 0 -91 0
32.287 1 NAVIGATION 0 2 -194263.5 -4813595. 0. 2.32084345979e+13 0 0
32.346 1 DESIRED 0. 0.01 0. 0. 0. 235. 0. 20.
32.362 1 AIRSPEED_ETS 1558 1557 0.9
32.380 1 ATTITUDE -0.027037 1.25272 0.146453
32.462 1 AIRSPEED_ETS 1558 1557 0.9
32.484 1 ESTIMATOR -17. 0.
32.487 1 ENERGY 11.9 0. 0 0.
32.516 1 NAVIGATION 0 2 -194263.5 -4813595. 0. 2.32084345979e+13 0 0
32.546 1 GPS 0 16602147 0 0 -17000 0 0 0 147000 31 7
32.549 1 SVINFO 7 13 16 1 0 -91 0
32.562 1 AIRSPEED_ETS 1559 1557 0.974558
32.586 1 WP_MOVED 0 360327. 4813637. 260. 31
32.590 1 ALIVE 8,93,136,25,167,85,176,181,124,233,139,131,30,3,131,38
32.663 1 AIRSPEED_ETS 1559 1557 1.049117
32.678 1 PPRZ_MODE 2 0 0 0 0 6
32.774 1 NAVIGATION 0 2 -194263.5 -4813595. 0. 2.32084345979e+13 0 0
32.777 1 FBW_STATUS 2 0 1 119 0
32.778 1 AIRSPEED_ETS 1562 1557 1.451609
32.784 1 GPS 0 16602147 0 0 -17000 0 0 0 147250 31 8
32.786 1 SVINFO 8 14 16 1 0 -91 0
32.861 1 DOWNLINK_STATUS 1 33 22373 1152 0 727. 37. 55.22
32.862 1 AIRSPEED_ETS 1563 1557 1.892517
32.879 1 ATTITUDE -0.026696 1.265841 0.145844
32.962 1 AIRSPEED_ETS 1563 1557 2.333426
32.985 1 ESTIMATOR -17. 0.
32.990 1 BAT 0 119 0 0 1 36 0 0
32.993 1 CALIBRATION 0. 0
33.016 1 NAVIGATION 0 2 -194263.5 -4813595. 0. 2.32084345979e+13 0 0
33.048 1 GPS 0 16602147 0 0 -17000 0 0 0 147500 31 9
33.051 1 SVINFO 9 15 16 1 0 -91 0
33.062 1 AIRSPEED_ETS 1561 1557 2.513425
33.083 1 WP_MOVED 1 360285. 4813595. 260. 31
33.085 1 DL_VALUE 2 235.
33.122 1 LINK_STATUS 1 0.034725 1 33 22373 1152 0. 727. 37.
33.163 1 AIRSPEED_ETS 1558 1557 2.693425
33.180 1 GPS_SOL 795699264 58995 9999 0
33.270 1 NAVIGATION 0 2 -194263.5 -4813595. 0. 2.32084345979e+13 0 0
33.272 1 AIRSPEED_ETS 1558 1557 2.873425
33.279 1 GPS 0 16602147 0 0 -17000 0 0 0 147750 31 10
33.283 1 SVINFO 10 16 16 1 0 -91 0
33.288 1 NAVIGATION 0 2 -194263.5 -4813595. 0. 2.32084345979e+13 0 0
33.294 1 WIND_INFO 1 42 0. 0. 0.
33.354 1 WIND_INFO_RET 0. 0. 0.
33.358 1 AIRSPEED_ETS 1559 1557 2.947984
33.389 1 ATTITUDE -0.026891 1.271389 0.145768
33.396 1 DESIRED 0. 0.01 0. 0. 0. 235. 0. 20.
33.462 1 AIRSPEED_ETS 1558 1557 2.947984
33.478 1 ESTIMATOR -17. 0.
33.517 1 NAVIGATION 0 2 -194263.5 -4813595. 0. 2.32084345979e+13 0 0
33.539 1 GPS 0 16602147 0 0 -17000 0 0 0 148000 31 11
33.541 1 SVINFO 11 17 16 1 0 -91 0
33.562 1 AIRSPEED_ETS 1558 1557 2.873425
33.580 1 WP_MOVED 2 360334.5 4813695. 260. 31
33.663 1 AIRSPEED_ETS 1559 1557 2.873425
33.678 1 DOWNLINK 0 667 1285
33.770 1 NAVIGATION 0 2 -194263.5 -4813595. 0. 2.32084345979e+13 0 0
33.772 1 AIRSPEED_ETS 1559 1557 2.725492
33.780 1 GPS 0 16602147 0 0 -17000 0 0 0 148250 31 12
33.781 1 SVINFO 12 18 16 1 0 -91 0
33.865 1 DOWNLINK_STATUS 1 34 23062 1188 0 689. 36. 55.22
33.866 1 AIRSPEED_ETS 1559 1557 2.539142
33.879 1 ATTITUDE -0.027102 1.274506 0.145639
33.962 1 AIRSPEED_ETS 1553 1557 2.098234
33.978 1 ESTIMATOR -17. 0.
34.016 1 NAVIGATION 0 2 -194263.5 -4813595. 0. 2.32084345979e+13 0 0
34.039 1 GPS 0 16602147 0 0 -17000 0 0 0 148500 31 13
34.045 1 SVINFO 13 19 16 1 0 -91 0
34.063 1 AIRSPEED_ETS 1552 1557 1.738234
34.090 1 WP_MOVED 3 360295.09375 4813785. 260. 31
34.093 1 BAT 0 119 0 0 1 37 0 0
34.096 1 NAVIGATION_REF 360285 4813595 31
34.130 1 LINK_STATUS 1 0.02711 1 34 23062 1188 0. 689. 36.
34.163 1 AIRSPEED_ETS 1552 1557 1.558234
34.271 1 NAVIGATION 0 2 -194263.5 -4813595. 0. 2.32084345979e+13 0 0
34.273 1 AIRSPEED_ETS 1554 1557 1.378234
34.279 1 GPS 0 16602147 0 0 -17000 0 0 0 148750 31 14
34.282 1 SVINFO 14 20 16 1 0 -91 0
34.288 1 NAVIGATION 0 2 -194263.5 -4813595. 0. 2.32084345979e+13 0 0
34.362 1 AIRSPEED_ETS 1559 1557 1.378234
34.379 1 ATTITUDE -0.027204 1.273911 0.146021
34.438 1 DESIRED 0. 0.01 0. 0. 0. 235. 0. 20.
34.462 1 AIRSPEED_ETS 1559 1557 1.452792
34.478 1 ESTIMATOR -17. 0.
34.516 1 NAVIGATION 0 2 -194263.5 -4813595. 0. 2.32084345979e+13 0 0
34.539 1 GPS 0 16602147 0 0 -17000 0 0 0 149000 31 15
34.543 1 SVINFO 0 5 16 1 0 -91 0
34.563 1 AIRSPEED_ETS 1559 1557 1.527351
34.583 1 WP_MOVED 4 360417.3125 4813734. 260. 31
34.585 1 DL_VALUE 3 0.
34.665 1 AIRSPEED_ETS 1558 1557 1.452792
34.772 1 FBW_STATUS 2 0 1 119 0
34.777 1 NAVIGATION 0 2 -194263.5 -4813595. 0. 2.32084345979e+13 0 0
34.780 1 AIRSPEED_ETS 1558 1557 1.378234
34.785 1 GPS 0 16602147 0 0 -17000 0 0 0 149250 31 1
34.786 1 SVINFO 1 7 16 1 0 -91 0
34.862 1 DOWNLINK_STATUS 1 35 23724 1222 0 662. 34. 55.22
34.866 1 AIRSPEED_ETS 1558 1557 1.303675
34.880 1 ATTITUDE -0.026919 1.278378 0.145538
34.963 1 AIRSPEED_ETS 1558 1557 1.483675
34.984 1 ESTIMATOR -17. 0.
34.987 1 ENERGY 11.9 0. 0 0.
35.017 1 NAVIGATION 0 2 -194263.5 -4813595. 0. 2.32084345979e+13 0 0
35.040 1 GPS 0 16602147 0 0 -17000 0 0 0 149500 31 2
35.042 1 SVINFO 2 8 16 1 0 -91 0
35.065 1 AIRSPEED_ETS 1557 1557 1.483675
35.084 1 WP_MOVED 5 360422. 4813583.5 260. 31
35.085 1 CALIBRATION 0. 0
35.139 1 LINK_STATUS 1 0.05325 1 35 23724 1222 0. 662. 34.
35.163 1 AIRSPEED_ETS 1557 1557 1.483675
35.187 1 BAT 0 119 0 0 1 38 0 0
35.188 1 GPS_SOL 795705024 59012 9999 0
35.269 1 NAVIGATION 0 2 -194263.5 -4813595. 0. 2.32084345979e+13 0 0
35.272 1 AIRSPEED_ETS 1558 1557 1.663675
35.278 1 GPS 0 16602147 0 0 -17000 0 0 0 149750 31 3
35.282 1 SVINFO 3 9 16 1 0 -91 0
35.287 1 NAVIGATION 0 2 -194263.5 -4813595. 0. 2.32084345979e+13 0 0
35.365 1 AIRSPEED_ETS 1558 1557 1.589117
35.366 1 PONG 
35.379 1 ATTITUDE -0.027252 1.276208 0.145648
35.462 1 AIRSPEED_ETS 1558 1557 1.514559
35.487 1 ESTIMATOR -17. 0.
35.493 1 DESIRED 0. 0.01 0. 0. 0. 235. 0. 20.
35.517 1 NAVIGATION 0 2 -194263.5 -4813595. 0. 2.32084345979e+13 0 0
35.539 1 GPS 0 16602147 0 0 -17000 0 0 0 150000 31 4
35.541 1 SVINFO 4 10 16 1 0 -91 0
35.562 1 AIRSPEED_ETS 1558 1557 1.44
35.580 1 WP_MOVED 6 360165.8125 4813664.5 260. 31
35.662 1 AIRSPEED_ETS 1558 1557 1.44
35.769 1 NAVIGATION 0 2 -194263.5 -4813595. 0. 2.32084345979e+13 0 0
35.772 1 AIRSPEED_ETS 1558 1557 1.44
35.778 1 GPS 0 16602147 0 0 -17000 0 0 0 150250 31 5
35.781 1 SVINFO 5 11 16 1 0 -91 0
35.862 1 DOWNLINK_STATUS 1 36 24399 1257 0 675. 35. 81.89
35.862 1 AIRSPEED_ETS 1559 1557 1.514559
35.879 1 ATTITUDE -0.027306 1.27393 0.145795
35.964 1 AIRSPEED_ETS 1559 1557 1.589117
35.979 1 ESTIMATOR -17. 0.
36.017 1 NAVIGATION 0 2 -194263.5 -4813595. 0. 2.32084345979e+13 0 0
36.040 1 GPS 0 16602147 0 0 -17000 0 0 0 150500 31 6
36.041 1 SVINFO 6 12 16 1 0 -91 0
36.063 1 AIRSPEED_ETS 1559 1557 1.843675
36.084 1 WP_MOVED 7 360559.40625 4813804.5 260. 31
36.086 1 DL_VALUE 4 0.
36.141 1 LINK_STATUS 1 0.055314 1 36 24399 1257 0. 675. 35.
36.162 1 AIRSPEED_ETS 1559 1557 2.098234
36.270 1 NAVIGATION 0 2 -194263.5 -4813595. 0. 2.32084345979e+13 0 0
36.272 1 AIRSPEED_ETS 1559 1557 2.172792
36.278 1 GPS 0 16602147 0 0 -17000 0 0 0 150750 31 7
36.282 1 SVINFO 7 13 16 1 0 -91 0
36.287 1 NAVIGATION 0 2 -194263.5 -4813595. 0. 2.32084345979e+13 0 0
36.290 1 BAT 0 119 0 0 1 39 0 0
36.362 1 AIRSPEED_ETS 1559 1557 2.24735
36.380 1 ATTITUDE -0.027481 1.27716 0.145846
36.462 1 AIRSPEED_ETS 1560 1557 2.37912
36.478 1 ESTIMATOR -17. 0.
36.516 1 NAVIGATION 0 2 -194263.5 -4813595. 0. 2.32084345979e+13 0 0
36.548 1 GPS 0 16602147 0 0 -17000 0 0 0 151000 31 8
36.550 1 SVINFO 8 14 16 1 0 -91 0
36.557 1 DESIRED 0. 0.01 0. 0. 0. 235. 0. 20.
36.563 1 AIRSPEED_ETS 1559 1557 2.453678
36.580 1 WP_MOVED 8 360462.40625 4813640. 215. 31
36.663 1 AIRSPEED_ETS 1559 1557 2.528237
36.771 1 FBW_STATUS 2 0 1 119 0
36.775 1 NAVIGATION 0 2 -194263.5 -4813595. 0. 2.32084345979e+13 0 0
36.778 1 AIRSPEED_ETS 1559 1557 2.602795
36.784 1 GPS 0 16602147 0 0 -17000 0 0 0 151250 31 9
36.786 1 SVINFO 9 15 16 1 0 -91 0
36.862 1 DOWNLINK_STATUS 1 37 25046 1290 0 647. 33. 81.89
36.866 1 COMMANDS 0,811,-2801,0,0,0
36.869 1 AIRSPEED_ETS 1560 1557 2.660006
36.879 1 ATTITUDE -0.026984 1.274684 0.145768
36.967 1 ACTUATORS 1400,1653,1526,1536,700
36.968 1 AIRSPEED_ETS 1560 1557 2.717216
36.978 1 ESTIMATOR -17. 0.
37.016 1 NAVIGATION 0 2 -194263.5 -4813595. 0. 2.32084345979e+13 0 0
37.039 1 GPS 0 16602147 0 0 -17000 0 0 0 151500 31 10
37.041 1 SVINFO 10 16 16 1 0 -91 0
37.064 1 AIRSPEED_ETS 1560 1557 2.774427
37.080 1 WP_MOVED 9 360313.8125 4813652. 185. 31
37.147 1 LINK_STATUS 1 0.06455 1 37 25046 1290 0. 647. 33.
37.165 1 AIRSPEED_ETS 1560 1557 2.831638
37.182 1 GPS_SOL 795710912 59029 9999 0
37.183 1 CALIBRATION 0. 0
