5.838 1 ATTITUDE 0. 0. 0.
5.937 1 ESTIMATOR 0. 0.
5.975 1 NAVIGATION 0 2 0. 0. 0. 0. 0 0
5.994 1 GPS 0 0 0 0 0 0 0 0 0 0 1
6.044 1 WP_MOVED 9 360313.8125 4813652. 185. 31
6.047 1 BAT 0 119 0 0 1 2446 0 0
6.096 1 DESIRED 0. 0. 0. 0. 0. 235. 0. 20.
6.138 1 GPS_SOL 0 0 0 0
6.225 1 NAVIGATION 0 2 0. 0. 0. 0. 0 0
6.250 1 GPS 0 0 0 0 0 0 0 0 0 0 1
6.254 1 NAVIGATION 0 2 0. 0. 0. 0. 0 0
6.338 1 ATTITUDE 0. 0. 0.
6.436 1 ESTIMATOR 0. 0.
6.474 1 NAVIGATION 0 2 0. 0. 0. 0. 0 0
6.494 1 GPS 0 0 0 0 0 0 0 0 0 0 1
6.541 1 WP_MOVED 10 360453.8125 4813581. 260. 31
6.543 1 DL_VALUE 3 0.
6.724 1 NAVIGATION 0 2 0. 0. 0. 0. 0 0
6.744 1 DOWNLINK_STATUS 0 7 3424 148 0 420. 18. -1.3820659854e+12
6.746 1 GPS 0 0 0 0 0 0 0 0 0 0 1
6.748 1 CALIBRATION 0. 0
6.838 1 ATTITUDE 0. 0. 0.
6.937 1 ESTIMATOR 0. 0.
6.975 1 NAVIGATION 0 2 0. 0. 0. 0. 0 0
6.994 1 GPS 0 0 0 0 0 0 0 0 0 0 1
7.039 1 WP_MOVED 11 360170.5 4813757.5 260. 31
7.151 1 DESIRED 0. 0. 0. 0. 0. 235. 0. 20.
7.154 1 BAT 0 119 0 0 1 2447 0 0
7.224 1 NAVIGATION 0 2 0. 0. 0. 0. 0 0
7.250 1 GPS 0 0 0 0 0 0 0 0 0 0 1
7.254 1 NAVIGATION 0 2 0. 0. 0. 0. 0 0
7.338 1 ATTITUDE 0. 0. 0.
7.436 1 ESTIMATOR 0. 0.
7.474 1 NAVIGATION 0 2 0. 0. 0. 0. 0 0
7.494 1 GPS 0 0 0 0 0 0 0 0 0 0 1
7.539 1 WP_MOVED 0 360327. 4813637. 260. 31
7.726 1 FBW_STATUS 2 0 2 119 0
7.730 1 NAVIGATION 0 2 0. 0. 0. 0. 0 0
7.744 1 DOWNLINK_STATUS 0 8 3875 167 0 451. 19. -1.3820659854e+12
7.747 1 GPS 0 0 0 0 0 0 0 0 0 0 1
7.838 1 ATTITUDE 0. 0. 0.
7.941 1 ESTIMATOR 0. 0.
7.944 1 ENERGY 11.9 0. 0 0.
7.974 1 NAVIGATION 0 2 0. 0. 0. 0. 0 0
7.994 1 GPS 0 0 0 0 0 0 0 0 0 0 1
8.041 1 WP_MOVED 1 360285. 4813595. 260. 31
8.043 1 DL_VALUE 4 0.
8.138 1 GPS_SOL 0 0 0 0
8.196 1 DESIRED 0. 0. 0. 0. 0. 235. 0. 20.
8.224 1 NAVIGATION 0 2 0. 0. 0. 0. 0 0
8.254 1 GPS 0 0 0 0 0 0 0 0 0 0 1
8.259 1 NAVIGATION 0 2 0. 0. 0. 0. 0 0
8.262 1 BAT 0 119 0 0 1 2448 0 0
8.338 1 ATTITUDE 0. 0. 0.
8.436 1 ESTIMATOR 0. 0.
8.474 1 NAVIGATION 0 2 0. 0. 0. 0. 0 0
8.494 1 GPS 0 0 0 0 0 0 0 0 0 0 1
8.539 1 WP_MOVED 2 360334.5 4813695. 260. 31
8.724 1 NAVIGATION 0 2 0. 0. 0. 0. 0 0
8.744 1 GPS 0 0 0 0 0 0 0 0 0 0 1
8.744 1 DOWNLINK_STATUS 0 9 4381 188 0 506. 21. -1.3820659854e+12
8.840 1 ATTITUDE 0. 0. 0.
8.842 1 CALIBRATION 0. 0
8.939 1 ESTIMATOR 0. 0.
8.941 1 DOWNLINK 0 468 50785
8.974 1 NAVIGATION 0 2 0. 0. 0. 0. 0 0
8.994 1 GPS 0 0 0 0 0 0 0 0 0 0 1
9.042 1 WP_MOVED 3 360295.09375 4813785. 260. 31
9.045 1 NAVIGATION_REF 360285 4813595 31
9.224 1 NAVIGATION 0 2 0. 0. 0. 0. 0 0
9.258 1 GPS 0 0 0 0 0 0 0 0 0 0 1
9.263 1 NAVIGATION 0 2 0. 0. 0. 0. 0 0
9.269 1 DESIRED 0. 0. 0. 0. 0. 235. 0. 20.
9.344 1 ATTITUDE 0. 0. 0.
9.346 1 BAT 0 119 0 0 1 2449 0 0
9.436 1 ESTIMATOR 0. 0.
9.474 1 NAVIGATION 0 2 0. 0. 0. 0. 0 0
9.494 1 GPS 0 0 0 0 0 0 0 0 0 0 1
9.541 1 WP_MOVED 4 360417.3125 4813734. 260. 31
9.543 1 DL_VALUE 5 0.
9.726 1 FBW_STATUS 2 0 2 119 0
9.730 1 NAVIGATION 0 2 0. 0. 0. 0. 0 0
9.744 1 GPS 0 0 0 0 0 0 0 0 0 0 1
9.744 1 DOWNLINK_STATUS 0 10 4869 210 0 488. 22. -1.3820659854e+12
9.822 1 COMMANDS 0,0,0,0,0,-9600
9.838 1 ATTITUDE 0. 0. 0.
9.921 1 ACTUATORS 1400,1510,1553,1553,700
9.936 1 ESTIMATOR 0. 0.
9.974 1 NAVIGATION 0 2 0. 0. 0. 0. 0 0
9.994 1 GPS 0 0 0 0 0 0 0 0 0 0 1
10.039 1 WP_MOVED 5 360422. 4813583.5 260. 31
10.137 1 GPS_SOL 0 0 0 0
10.224 1 NAVIGATION 0 2 0. 0. 0. 0. 0 0
10.250 1 GPS 0 0 0 0 0 0 0 0 0 0 1
10.254 1 NAVIGATION 0 2 0. 0. 0. 0. 0 0
10.296 1 DESIRED 0. 0. 0. 0. 0. 235. 0. 20.
10.338 1 ATTITUDE 0. 0. 0.
10.445 1 ESTIMATOR 0. 0.
10.449 1 BAT 0 119 0 0 1 2450 0 0
10.452 1 ENERGY 11.9 0. 0 0.
10.474 1 NAVIGATION 0 2 0. 0. 0. 0. 0 0
10.494 1 GPS 0 0 0 0 0 0 0 0 0 0 1
10.544 1 WP_MOVED 6 360165.8125 4813664.5 260. 31
10.548 1 ALIVE 78,83,188,43,101,142,7,153,187,81,218,112,235,181,195,43
10.635 1 PPRZ_MODE 2 0 0 0 0 10
10.724 1 NAVIGATION 0 2 0. 0. 0. 0. 0 0
10.744 1 GPS 0 0 0 0 0 0 0 0 0 0 1
10.744 1 DOWNLINK_STATUS 0 11 5402 233 0 533. 23. -1.3820659904e+12
10.838 1 ATTITUDE 0. 0. 0.
10.939 1 ESTIMATOR 0. 0.
10.941 1 CALIBRATION 0. 0
10.974 1 NAVIGATION 0 2 0. 0. 0. 0. 0 0
10.994 1 GPS 0 0 0 0 0 0 0 0 0 0 1
11.041 1 WP_MOVED 7 360559.40625 4813804.5 260. 31
11.043 1 DL_VALUE 6 40.
11.224 1 NAVIGATION 0 2 0. 0. 0. 0. 0 0
11.250 1 GPS 0 0 0 0 0 0 0 0 0 0 1
11.254 1 NAVIGATION 0 2 0. 0. 0. 0. 0 0
11.346 1 ATTITUDE 0. 0. 0.
11.353 1 DESIRED 0. 0. 0. 0. 0. 235. 0. 20.
11.436 1 ESTIMATOR 0. 0.
11.474 1 NAVIGATION 0 2 0. 0. 0. 0. 0 0
11.494 1 GPS 0 0 0 0 0 0 0 0 0 0 1
11.543 1 WP_MOVED 8 360462.40625 4813640. 215. 31
11.547 1 BAT 0 119 0 0 1 2451 0 0
11.728 1 NAVIGATION 0 2 0. 0. 0. 0. 0 0
11.730 1 FBW_STATUS 2 0 2 119 0
11.744 1 GPS 0 0 0 0 0 0 0 0 0 0 1
11.744 1 DOWNLINK_STATUS 0 12 5864 253 0 462. 20. -1.3820659904e+12
11.838 1 ATTITUDE 0. 0. 0.
11.936 1 ESTIMATOR 0. 0.
11.974 1 NAVIGATION 0 2 0. 0. 0. 0. 0 0
11.994 1 GPS 0 0 0 0 0 0 0 0 0 0 1
12.039 1 WP_MOVED 9 360313.8125 4813652. 185. 31
12.137 1 GPS_SOL 0 0 0 0
12.224 1 NAVIGATION 0 2 0. 0. 0. 0. 0 0
12.249 1 GPS 0 0 0 0 0 0 0 0 0 0 1
12.254 1 NAVIGATION 0 2 0. 0. 0. 0. 0 0
12.338 1 ATTITUDE 0. 0. 0.
12.396 1 DESIRED 0. 0. 0. 0. 0. 235. 0. 20.
12.436 1 ESTIMATOR 0. 0.
12.474 1 NAVIGATION 0 2 0. 0. 0. 0. 0 0
12.494 1 GPS 0 0 0 0 0 0 0 0 0 0 1
12.541 1 WP_MOVED 10 360453.8125 4813581. 260. 31
12.543 1 DL_VALUE 7 2.
12.639 1 BAT 0 119 0 0 1 2452 0 0
12.724 1 NAVIGATION 0 2 0. 0. 0. 0. 0 0
12.744 1 GPS 0 0 0 0 0 0 0 0 0 0 1
12.744 1 DOWNLINK_STATUS 0 13 6317 272 0 453. 19. -1.3820659904e+12
12.838 1 ATTITUDE 0. 0. 0.
12.941 1 ESTIMATOR 0. 0.
12.944 1 ENERGY 11.9 0. 0 0.
12.974 1 NAVIGATION 0 2 0. 0. 0. 0. 0 0
12.994 1 GPS 0 0 0 0 0 0 0 0 0 0 1
13.041 1 WP_MOVED 11 360170.5 4813757.5 260. 31
13.043 1 CALIBRATION 0. 0
13.224 1 NAVIGATION 0 2 0. 0. 0. 0. 0 0
13.250 1 GPS 0 0 0 0 0 0 0 0 0 0 1
13.254 1 NAVIGATION 0 2 0. 0. 0. 0. 0 0
13.338 1 ATTITUDE 0. 0. 0.
13.445 1 ESTIMATOR 0. 0.
13.451 1 DESIRED 0. 0. 0. 0. 0. 235. 0. 20.
13.474 1 NAVIGATION 0 2 0. 0. 0. 0. 0 0
13.494 1 GPS 0 0 0 0 0 0 0 0 0 0 1
13.539 1 WP_MOVED 0 360327. 4813637. 260. 31
13.726 1 FBW_STATUS 2 0 2 119 0
13.730 1 NAVIGATION 0 2 0. 0. 0. 0. 0 0
13.744 1 DOWNLINK_STATUS 0 14 6734 290 0 417. 18. -1.3820659904e+12
13.750 1 GPS 0 0 0 0 0 0 0 0 0 0 1
13.752 1 BAT 0 119 0 0 1 2454 0 0
13.838 1 ATTITUDE 0. 0. 0.
13.936 1 ESTIMATOR 0. 0.
13.974 1 NAVIGATION 0 2 0. 0. 0. 0. 0 0
13.994 1 GPS 0 0 0 0 0 0 0 0 0 0 1
14.043 1 WP_MOVED 1 360285. 4813595. 260. 31
14.045 1 DL_VALUE 8 0.
14.047 1 DOWNLINK 0 487 50892
14.137 1 GPS_SOL 0 0 0 0
14.224 1 NAVIGATION 0 2 0. 0. 0. 0. 0 0
14.249 1 GPS 0 0 0 0 0 0 0 0 0 0 1
14.254 1 NAVIGATION 0 2 0. 0. 0. 0. 0 0
14.338 1 ATTITUDE 0. 0. 0.
14.436 1 ESTIMATOR 0. 0.
14.474 1 NAVIGATION 0 2 0. 0. 0. 0. 0 0
14.502 1 GPS 0 0 0 0 0 0 0 0 0 0 1
14.509 1 DESIRED 0. 0. 0. 0. 0. 235. 0. 20.
14.538 1 WP_MOVED 2 360334.5 4813695. 260. 31
14.724 1 NAVIGATION 0 2 0. 0. 0. 0. 0 0
14.744 1 GPS 0 0 0 0 0 0 0 0 0 0 1
14.744 1 DOWNLINK_STATUS 0 15 7231 311 0 497. 21. -1.3820659904e+12
14.821 1 COMMANDS 0,0,0,0,0,-9600
14.842 1 ATTITUDE 0. 0. 0.
14.846 1 BAT 0 119 0 0 1 2455 0 0
14.921 1 ACTUATORS 1400,1510,1553,1553,700
14.936 1 ESTIMATOR 0. 0.
14.974 1 NAVIGATION 0 2 0. 0. 0. 0. 0 0
14.994 1 GPS 0 0 0 0 0 0 0 0 0 0 1
15.038 1 WP_MOVED 3 360295.09375 4813785. 260. 31
15.135 1 CALIBRATION 0. 0
15.224 1 NAVIGATION 0 2 0. 0. 0. 0. 0 0
15.249 1 GPS 0 0 0 0 0 0 0 0 0 0 1
15.254 1 NAVIGATION 0 2 0. 0. 0. 0. 0 0
15.338 1 ATTITUDE 0. 0. 0.
15.441 1 ESTIMATOR 0. 0.
15.444 1 ENERGY 11.9 0. 0 0.
15.474 1 NAVIGATION 0 2 0. 0. 0. 0. 0 0
15.494 1 GPS 0 0 0 0 0 0 0 0 0 0 1
15.554 1 WP_MOVED 4 360417.3125 4813734. 260. 31
15.561 1 DESIRED 0. 0. 0. 0. 0. 235. 0. 20.
15.563 1 DL_VALUE 9 1.
15.567 1 ALIVE 78,83,188,43,101,142,7,153,187,81,218,112,235,181,195,43
15.635 1 PPRZ_MODE 2 0 0 0 0 10
15.726 1 FBW_STATUS 2 0 2 119 0
15.730 1 NAVIGATION 0 2 0. 0. 0. 0. 0 0
15.744 1 GPS 0 0 0 0 0 0 0 0 0 0 1
15.744 1 DOWNLINK_STATUS 0 16 7784 336 0 553. 25. -1.3820659954e+12
15.838 1 ATTITUDE 0. 0. 0.
15.941 1 ESTIMATOR 0. 0.
15.944 1 BAT 0 119 0 0 1 2456 0 0
15.974 1 NAVIGATION 0 2 0. 0. 0. 0. 0 0
15.994 1 GPS 0 0 0 0 0 0 0 0 0 0 1
16.038 1 WP_MOVED 5 360422. 4813583.5 260. 31
16.137 1 GPS_SOL 0 0 0 0
16.156 1 WIND_INFO 1 42 0. 0. 0.
16.224 1 NAVIGATION 0 2 0. 0. 0. 0. 0 0
16.249 1 GPS 0 0 0 0 0 0 0 0 0 0 1
16.254 1 NAVIGATION 0 2 0. 0. 0. 0. 0 0
16.338 1 ATTITUDE 0. 0. 0.
16.436 1 ESTIMATOR 0. 0.
16.474 1 NAVIGATION 0 2 0. 0. 0. 0. 0 0
16.494 1 GPS 0 0 0 0 0 0 0 0 0 0 1
16.538 1 WP_MOVED 6 360165.8125 4813664.5 260. 31
16.595 1 DESIRED 0. 0. 0. 0. 0. 235. 0. 20.
16.724 1 NAVIGATION 0 2 0. 0. 0. 0. 0 0
16.743 1 GPS 0 0 0 0 0 0 0 0 0 0 1
16.748 1 DOWNLINK_STATUS 0 17 8226 354 0 442. 18. -1.3820659954e+12
16.838 1 ATTITUDE 0. 0. 0.
16.936 1 ESTIMATOR 0. 0.
16.974 1 NAVIGATION 0 2 0. 0. 0. 0. 0 0
16.994 1 GPS 0 0 0 0 0 0 0 0 0 0 1
17.045 1 WP_MOVED 7 360559.40625 4813804.5 260. 31
17.049 1 BAT 0 119 0 0 1 2457 0 0
17.051 1 DL_VALUE 10 0.
17.224 1 NAVIGATION 0 2 0. 0. 0. 0. 0 0
17.252 1 GPS 0 0 0 0 0 0 0 0 0 0 1
17.256 1 NAVIGATION 0 2 0. 0. 0. 0. 0 0
17.258 1 CALIBRATION 0. 0
17.338 1 ATTITUDE 0. 0. 0.
17.436 1 ESTIMATOR 0. 0.
17.474 1 NAVIGATION 0 2 0. 0. 0. 0. 0 0
17.493 1 GPS 0 0 0 0 0 0 0 0 0 0 1
17.538 1 WP_MOVED 8 360462.40625 4813640. 215. 31
17.646 1 DESIRED 0. 0. 0. 0. 0. 235. 0. 20.
17.726 1 FBW_STATUS 2 0 2 119 0
17.730 1 NAVIGATION 0 2 0. 0. 0. 0. 0 0
17.743 1 GPS 0 0 0 0 0 0 0 0 0 0 1
17.752 1 DOWNLINK_STATUS 0 18 8688 374 0 462. 20. -1.3820659954e+12
17.838 1 ATTITUDE 0. 0. 0.
17.940 1 ESTIMATOR 0. 0.
17.944 1 ENERGY 11.9 0. 0 0.
17.977 1 NAVIGATION 0 2 0. 0. 0. 0. 0 0
17.994 1 GPS 0 0 0 0 0 0 0 0 0 0 1
18.042 1 WP_MOVED 9 360313.8125 4813652. 185. 31
18.044 1 NAVIGATION_REF 360285 4813595 31
18.143 1 BAT 0 119 0 0 1 2458 0 0
18.146 1 GPS_SOL 0 0 0 0
18.224 1 NAVIGATION 0 2 0. 0. 0. 0. 0 0
18.249 1 GPS 0 0 0 0 0 0 0 0 0 0 1
18.254 1 NAVIGATION 0 2 0. 0. 0. 0. 0 0
18.338 1 ATTITUDE 0. 0. 0.
18.436 1 ESTIMATOR 0. 0.
18.474 1 NAVIGATION 0 2 0. 0. 0. 0. 0 0
18.493 1 GPS 0 0 0 0 0 0 0 0 0 0 1
18.541 1 WP_MOVED 10 360453.8125 4813581. 260. 31
18.543 1 DL_VALUE 0 0.
18.696 1 DESIRED 0. 0. 0. 0. 0. 235. 0. 20.
18.724 1 NAVIGATION 0 2 0. 0. 0. 0. 0 0
18.744 1 GPS 0 0 0 0 0 0 0 0 0 0 1
18.756 1 DOWNLINK_STATUS 0 19 9176 395 0 488. 21. -1.3820659954e+12
18.838 1 ATTITUDE 0. 0. 0.
18.944 1 ESTIMATOR 0. 0.
18.974 1 NAVIGATION 0 2 0. 0. 0. 0. 0 0
18.993 1 GPS 0 0 0 0 0 0 0 0 0 0 1
19.038 1 WP_MOVED 11 360170.5 4813757.5 260. 31
19.135 1 DOWNLINK 0 466 50994
19.224 1 NAVIGATION 0 2 0. 0. 0. 0. 0 0
19.254 1 GPS 0 0 0 0 0 0 0 0 0 0 1
19.258 1 NAVIGATION 0 2 0. 0. 0. 0. 0 0
19.264 1 BAT 0 119 0 0 1 2459 0 0
19.347 1 ATTITUDE 0. 0. 0.
19.347 1 CALIBRATION 0. 0
19.436 1 ESTIMATOR 0. 0.
19.475 1 NAVIGATION 0 2 0. 0. 0. 0. 0 0
19.493 1 GPS 0 0 0 0 0 0 0 0 0 0 1
19.543 1 WP_MOVED 0 360327. 4813637. 260. 31
19.726 1 FBW_STATUS 2 0 2 119 0
19.732 1 NAVIGATION 0 2 0. 0. 0. 0. 0 0
19.752 1 GPS 0 0 0 0 0 0 0 0 0 0 1
19.756 1 DOWNLINK_STATUS 0 20 9600 414 0 424. 19. -1.3820659954e+12
19.759 1 DESIRED 0. 0. 0. 0. 0. 235. 0. 20.
19.821 1 COMMANDS 0,0,0,0,0,-9600
19.838 1 ATTITUDE 0. 0. 0.
19.929 1 ACTUATORS 1400,1510,1553,1553,700
19.936 1 ESTIMATOR 0. 0.
19.979 1 NAVIGATION 0 2 0. 0. 0. 0. 0 0
19.993 1 GPS 0 0 0 0 0 0 0 0 0 0 1
20.041 1 WP_MOVED 1 360285. 4813595. 260. 31
20.043 1 DL_VALUE 1 0.
20.137 1 GPS_SOL 0 0 0 0
20.224 1 NAVIGATION 0 2 0. 0. 0. 0. 0 0
20.251 1 GPS 0 0 0 0 0 0 0 0 0 0 1
20.256 1 NAVIGATION 0 2 0. 0. 0. 0. 0 0
20.348 1 ATTITUDE 0. 0. 0.
20.348 1 BAT 0 119 0 0 1 2460 0 0
20.444 1 ESTIMATOR 0. 0.
20.444 1 ENERGY 11.9 0. 0 0.
20.474 1 NAVIGATION 0 2 0. 0. 0. 0. 0 0
20.493 1 GPS 0 0 0 0 0 0 0 0 0 0 1
20.543 1 WP_MOVED 2 360334.5 4813695. 260. 31
20.547 1 ALIVE 78,83,188,43,101,142,7,153,187,81,218,112,235,181,195,43
20.635 1 PPRZ_MODE 2 0 0 0 0 10
20.724 1 NAVIGATION 0 2 0. 0. 0. 0. 0 0
20.754 1 GPS 0 0 0 0 0 0 0 0 0 0 1
20.765 1 DOWNLINK_STATUS 0 21 10144 438 0 544. 24. -1.38206600041e+12
20.796 1 DESIRED 0. 0. 0. 0. 0. 235. 0. 20.
20.838 1 ATTITUDE 0. 0. 0.
20.936 1 ESTIMATOR 0. 0.
20.974 1 NAVIGATION 0 2 0. 0. 0. 0. 0 0
20.994 1 GPS 0 0 0 0 0 0 0 0 0 0 1
21.038 1 WP_MOVED 3 360295.09375 4813785. 260. 31
21.224 1 NAVIGATION 0 2 0. 0. 0. 0. 0 0
21.255 1 GPS 0 0 0 0 0 0 0 0 0 0 1
21.256 1 NAVIGATION 0 2 0. 0. 0. 0. 0 0
21.338 1 ATTITUDE 0. 0. 0.
21.443 1 ESTIMATOR 0. 0.
21.447 1 BAT 0 119 0 0 1 2461 0 0
21.451 1 CALIBRATION 0. 0
21.474 1 NAVIGATION 0 2 0. 0. 0. 0. 0 0
21.493 1 GPS 0 0 0 0 0 0 0 0 0 0 1
21.541 1 WP_MOVED 4 360417.3125 4813734. 260. 31
21.542 1 DL_VALUE 2 235.
21.725 1 FBW_STATUS 2 0 2 119 0
21.730 1 NAVIGATION 0 2 0. 0. 0. 0. 0 0
21.747 1 GPS 0 0 0 0 0 0 0 0 0 0 1
21.768 1 DOWNLINK_STATUS 0 22 10606 458 0 462. 20. -1.38206600041e+12
21.846 1 ATTITUDE 0. 0. 0.
21.852 1 DESIRED 0. 0. 0. 0. 0. 235. 0. 20.
21.936 1 ESTIMATOR 0. 0.
21.974 1 NAVIGATION 0 2 0. 0. 0. 0. 0 0
21.993 1 GPS 0 0 0 0 0 0 0 0 0 0 1
22.038 1 WP_MOVED 5 360422. 4813583.5 260. 31
22.137 1 GPS_SOL 0 0 0 0
22.224 1 NAVIGATION 0 2 0. 0. 0. 0. 0 0
22.249 1 GPS 0 0 0 0 0 0 0 0 0 0 1
22.254 1 NAVIGATION 0 2 0. 0. 0. 0. 0 0
22.340 1 ATTITUDE 0. 0. 0.
22.436 1 ESTIMATOR 0. 0.
22.474 1 NAVIGATION 0 2 0. 0. 0. 0. 0 0
22.493 1 GPS 0 0 0 0 0 0 0 0 0 0 1
22.543 1 WP_MOVED 6 360165.8125 4813664.5 260. 31
22.547 1 BAT 0 119 0 0 1 2462 0 0
22.725 1 NAVIGATION 0 2 0. 0. 0. 0. 0 0
22.743 1 GPS 0 0 0 0 0 0 0 0 0 0 1
22.776 1 DOWNLINK_STATUS 0 23 11048 476 0 442. 18. -1.38206600041e+12
22.837 1 ATTITUDE 0. 0. 0.
22.896 1 DESIRED 0. 0. 0. 0. 0. 235. 0. 20.
22.949 1 ESTIMATOR 0. 0.
22.949 1 ENERGY 11.9 0. 0 0.
22.974 1 NAVIGATION 0 2 0. 0. 0. 0. 0 0
22.993 1 GPS 0 0 0 0 0 0 0 0 0 0 1
23.041 1 WP_MOVED 7 360559.40625 4813804.5 260. 31
23.042 1 DL_VALUE 3 0.
23.227 1 NAVIGATION 0 2 0. 0. 0. 0. 0 0
23.249 1 GPS 0 0 0 0 0 0 0 0 0 0 1
23.253 1 NAVIGATION 0 2 0. 0. 0. 0. 0 0
23.337 1 ATTITUDE 0. 0. 0.
23.436 1 ESTIMATOR 0. 0.
23.474 1 NAVIGATION 0 2 0. 0. 0. 0. 0 0
23.493 1 GPS 0 0 0 0 0 0 0 0 0 0 1
23.540 1 WP_MOVED 8 360462.40625 4813640. 215. 31
23.542 1 CALIBRATION 0. 0
23.639 1 BAT 0 119 0 0 1 2463 0 0
23.725 1 FBW_STATUS 2 0 2 119 0
23.730 1 NAVIGATION 0 2 0. 0. 0. 0. 0 0
23.743 1 GPS 0 0 0 0 0 0 0 0 0 0 1
23.784 1 DOWNLINK_STATUS 0 24 11530 497 0 482. 21. -1.38206600041e+12
23.837 1 ATTITUDE 0. 0. 0.
23.944 1 ESTIMATOR 0. 0.
23.951 1 DESIRED 0. 0. 0. 0. 0. 235. 0. 20.
23.974 1 NAVIGATION 0 2 0. 0. 0. 0. 0 0
23.995 1 GPS 0 0 0 0 0 0 0 0 0 0 1
24.038 1 WP_MOVED 9 360313.8125 4813652. 185. 31
24.137 1 GPS_SOL 0 0 0 0
24.224 1 NAVIGATION 0 2 0. 0. 0. 0. 0 0
24.252 1 GPS 0 0 0 0 0 0 0 0 0 0 1
24.256 1 NAVIGATION 0 2 0. 0. 0. 0. 0 0
24.258 1 DOWNLINK 0 489 51101
24.337 1 ATTITUDE 0. 0. 0.
24.436 1 ESTIMATOR 0. 0.
24.480 1 NAVIGATION 0 2 0. 0. 0. 0. 0 0
24.493 1 GPS 0 0 0 0 0 0 0 0 0 0 1
24.541 1 WP_MOVED 10 360453.8125 4813581. 260. 31
24.542 1 DL_VALUE 4 0.
24.724 1 NAVIGATION 0 2 0. 0. 0. 0. 0 0
24.748 1 GPS 0 0 0 0 0 0 0 0 0 0 1
24.752 1 BAT 0 119 0 0 1 2465 0 0
24.792 1 DOWNLINK_STATUS 0 25 11994 517 0 464. 20. -1.38206600041e+12
24.821 1 COMMANDS 0,0,0,0,0,-9600
24.837 1 ATTITUDE 0. 0. 0.
24.920 1 ACTUATORS 1400,1510,1553,1553,700
24.936 1 ESTIMATOR 0. 0.
24.974 1 NAVIGATION 0 2 0. 0. 0. 0. 0 0
25.002 1 GPS 0 0 0 0 0 0 0 0 0 0 1
25.008 1 DESIRED 0. 0. 0. 0. 0. 235. 0. 20.
25.038 1 WP_MOVED 11 360170.5 4813757.5 260. 31
25.224 1 NAVIGATION 0 2 0. 0. 0. 0. 0 0
25.249 1 GPS 0 0 0 0 0 0 0 0 0 0 1
25.253 1 NAVIGATION 0 2 0. 0. 0. 0. 0 0
25.337 1 ATTITUDE 0. 0. 0.
25.440 1 ESTIMATOR 0. 0.
25.444 1 ENERGY 11.9 0. 0 0.
25.474 1 NAVIGATION 0 2 0. 0. 0. 0. 0 0
25.493 1 GPS 0 0 0 0 0 0 0 0 0 0 1
25.543 1 WP_MOVED 0 360327. 4813637. 260. 31
25.547 1 ALIVE 78,83,188,43,101,142,7,153,187,81,218,112,235,181,195,43
25.637 1 CALIBRATION 0. 0
25.639 1 PPRZ_MODE 2 0 0 0 0 10
25.725 1 FBW_STATUS 2 0 2 119 0
25.730 1 NAVIGATION 0 2 0. 0. 0. 0. 0 0
25.743 1 GPS 0 0 0 0 0 0 0 0 0 0 1
25.800 1 DOWNLINK_STATUS 0 26 12515 540 0 521. 23. -1.38206600541e+12
25.842 1 ATTITUDE 0. 0. 0.
25.846 1 BAT 0 119 0 0 1 2466 0 0
25.936 1 ESTIMATOR 0. 0.
25.974 1 NAVIGATION 0 2 0. 0. 0. 0. 0 0
25.995 1 GPS 0 0 0 0 0 0 0 0 0 0 1
26.049 1 WP_MOVED 1 360285. 4813595. 260. 31
26.055 1 DESIRED 0. 0. 0. 0. 0. 235. 0. 20.
26.057 1 DL_VALUE 5 0.
26.137 1 GPS_SOL 0 0 0 0
26.156 1 WIND_INFO 1 42 0. 0. 0.
26.224 1 NAVIGATION 0 2 0. 0. 0. 0. 0 0
26.252 1 GPS 0 0 0 0 0 0 0 0 0 0 1
26.253 1 NAVIGATION 0 2 0. 0. 0. 0. 0 0
26.337 1 ATTITUDE 0. 0. 0.
26.436 1 ESTIMATOR 0. 0.
26.474 1 NAVIGATION 0 2 0. 0. 0. 0. 0 0
26.493 1 GPS 0 0 0 0 0 0 0 0 0 0 1
26.538 1 WP_MOVED 2 360334.5 4813695. 260. 31
26.725 1 NAVIGATION 0 2 0. 0. 0. 0. 0 0
26.743 1 GPS 0 0 0 0 0 0 0 0 0 0 1
26.808 1 DOWNLINK_STATUS 0 27 12968 559 0 453. 19. -1.38206600541e+12
26.837 1 ATTITUDE 0. 0. 0.
26.940 1 ESTIMATOR 0. 0.
26.944 1 BAT 0 119 0 0 1 2467 0 0
26.976 1 NAVIGATION 0 2 0. 0. 0. 0. 0 0
26.993 1 GPS 0 0 0 0 0 0 0 0 0 0 1
27.041 1 WP_MOVED 3 360295.09375 4813785. 260. 31
27.044 1 NAVIGATION_REF 360285 4813595 31
27.095 1 DESIRED 0. 0. 0. 0. 0. 235. 0. 20.
27.227 1 NAVIGATION 0 2 0. 0. 0. 0. 0 0
27.249 1 GPS 0 0 0 0 0 0 0 0 0 0 1
27.253 1 NAVIGATION 0 2 0. 0. 0. 0. 0 0
27.337 1 ATTITUDE 0. 0. 0.
27.436 1 ESTIMATOR 0. 0.
27.474 1 NAVIGATION 0 2 0. 0. 0. 0. 0 0
27.493 1 GPS 0 0 0 0 0 0 0 0 0 0 1
27.540 1 WP_MOVED 4 360417.3125 4813734. 260. 31
27.542 1 DL_VALUE 6 40.
27.725 1 FBW_STATUS 2 0 2 119 0
27.730 1 NAVIGATION 0 2 0. 0. 0. 0. 0 0
27.746 1 GPS 0 0 0 0 0 0 0 0 0 0 1
27.747 1 CALIBRATION 0. 0
27.812 1 DOWNLINK_STATUS 0 28 13445 580 0 477. 21. -1.38206600541e+12
27.837 1 ATTITUDE 0. 0. 0.
27.940 1 ESTIMATOR 0. 0.
27.944 1 ENERGY 11.9 0. 0 0.
27.974 1 NAVIGATION 0 2 0. 0. 0. 0. 0 0
27.993 1 GPS 0 0 0 0 0 0 0 0 0 0 1
28.043 1 WP_MOVED 5 360422. 4813583.5 260. 31
28.046 1 BAT 0 119 0 0 1 2468 0 0
28.149 1 DESIRED 0. 0. 0. 0. 0. 235. 0. 20.
28.153 1 GPS_SOL 0 0 0 0
28.224 1 NAVIGATION 0 2 0. 0. 0. 0. 0 0
28.249 1 GPS 0 0 0 0 0 0 0 0 0 0 1
28.253 1 NAVIGATION 0 2 0. 0. 0. 0. 0 0
28.337 1 ATTITUDE 0. 0. 0.
28.436 1 ESTIMATOR 0. 0.
28.474 1 NAVIGATION 0 2 0. 0. 0. 0. 0 0
28.494 1 GPS 0 0 0 0 0 0 0 0 0 0 1
28.538 1 WP_MOVED 6 360165.8125 4813664.5 260. 31
28.724 1 NAVIGATION 0 2 0. 0. 0. 0. 0 0
28.743 1 GPS 0 0 0 0 0 0 0 0 0 0 1
28.817 1 DOWNLINK_STATUS 0 29 13907 599 0 462. 19. -1.38206600541e+12
28.838 1 ATTITUDE 0. 0. 0.
28.936 1 ESTIMATOR 0. 0.
28.974 1 NAVIGATION 0 2 0. 0. 0. 0. 0 0
28.994 1 GPS 0 0 0 0 0 0 0 0 0 0 1
29.040 1 WP_MOVED 7 360559.40625 4813804.5 260. 31
29.042 1 DL_VALUE 7 2.
29.138 1 BAT 0 119 0 0 1 2469 0 0
29.195 1 DESIRED 0. 0. 0. 0. 0. 235. 0. 20.
29.230 1 NAVIGATION 0 2 0. 0. 0. 0. 0 0
29.253 1 GPS 0 0 0 0 0 0 0 0 0 0 1
29.257 1 NAVIGATION 0 2 0. 0. 0. 0. 0 0
29.340 1 ATTITUDE 0. 0. 0.
29.341 1 DOWNLINK 0 0 51205
29.436 1 ESTIMATOR 0. 0.
29.474 1 NAVIGATION 0 2 0. 0. 0. 0. 0 0
29.493 1 GPS 0 0 0 0 0 0 0 0 0 0 1
29.538 1 WP_MOVED 8 360462.40625 4813640. 215. 31
29.725 1 FBW_STATUS 2 0 2 119 0
29.730 1 NAVIGATION 0 2 0. 0. 0. 0. 0 0
29.743 1 GPS 0 0 0 0 0 0 0 0 0 0 1
29.818 1 DOWNLINK_STATUS 0 30 14369 619 0 462. 20. -1.38206600541e+12
29.821 1 COMMANDS 0,0,0,0,0,-9600
29.840 1 ATTITUDE 0. 0. 0.
29.841 1 CALIBRATION 0. 0
29.920 1 ACTUATORS 1400,1510,1553,1553,700
29.936 1 ESTIMATOR 0. 0.
29.974 1 NAVIGATION 0 2 0. 0. 0. 0. 0 0
29.994 1 GPS 0 0 0 0 0 0 0 0 0 0 1
30.038 1 WP_MOVED 9 360313.8125 4813652. 185. 31
30.137 1 GPS_SOL 0 0 0 0
30.224 1 NAVIGATION 0 2 0. 0. 0. 0. 0 0
30.257 1 GPS 0 0 0 0 0 0 0 0 0 0 1
30.262 1 NAVIGATION 0 2 0. 0. 0. 0. 0 0
30.268 1 DESIRED 0. 0. 0. 0. 0. 235. 0. 20.
30.272 1 BAT 0 119 0 0 1 2470 0 0
30.337 1 ATTITUDE 0. 0. 0.
30.440 1 ESTIMATOR 0. 0.
30.443 1 ENERGY 11.9 0. 0 0.
30.474 1 NAVIGATION 0 2 0. 0. 0. 0. 0 0
30.494 1 GPS 0 0 0 0 0 0 0 0 0 0 1
30.546 1 WP_MOVED 10 360453.8125 4813581. 260. 31
30.548 1 DL_VALUE 8 0.
30.551 1 ALIVE 78,83,188,43,101,142,7,153,187,81,218,112,235,181,195,43
30.635 1 PPRZ_MODE 2 0 0 0 0 10
30.724 1 NAVIGATION 0 2 0. 0. 0. 0. 0 0
30.743 1 GPS 0 0 0 0 0 0 0 0 0 0 1
30.820 1 DOWNLINK_STATUS 0 31 14924 644 0 555. 25. -1.38206601041e+12
30.837 1 ATTITUDE 0. 0. 0.
30.936 1 ESTIMATOR 0. 0.
30.974 1 NAVIGATION 0 2 0. 0. 0. 0. 0 0
30.993 1 GPS 0 0 0 0 0 0 0 0 0 0 1
31.038 1 WP_MOVED 11 360170.5 4813757.5 260. 31
31.224 1 NAVIGATION 0 2 0. 0. 0. 0. 0 0
31.249 1 GPS 0 0 0 0 0 0 0 0 0 0 1
31.253 1 NAVIGATION 0 2 0. 0. 0. 0. 0 0
31.295 1 DESIRED 0. 0. 0. 0. 0. 235. 0. 20.
31.342 1 ATTITUDE 0. 0. 0.
31.345 1 BAT 0 119 0 0 1 2471 0 0
31.435 1 ESTIMATOR 0. 0.
31.474 1 NAVIGATION 0 2 0. 0. 0. 0. 0 0
31.493 1 GPS 0 0 0 0 0 0 0 0 0 0 1
31.538 1 WP_MOVED 0 360327. 4813637. 260. 31
31.725 1 FBW_STATUS 2 0 2 119 0
31.729 1 NAVIGATION 0 2 0. 0. 0. 0. 0 0
31.743 1 GPS 0 0 0 0 0 0 0 0 0 0 1
31.825 1 DOWNLINK_STATUS 0 32 15364 662 0 440. 18. -1.38206601041e+12
31.837 1 ATTITUDE 0. 0. 0.
31.938 1 ESTIMATOR 0. 0.
31.940 1 CALIBRATION 0. 0
31.973 1 NAVIGATION 0 2 0. 0. 0. 0. 0 0
31.993 1 GPS 0 0 0 0 0 0 0 0 0 0 1
32.040 1 WP_MOVED 1 360285. 4813595. 260. 31
32.042 1 DL_VALUE 9 1.
32.137 1 GPS_SOL 0 0 0 0
32.223 1 NAVIGATION 0 2 0. 0. 0. 0. 0 0
32.250 1 GPS 0 0 0 0 0 0 0 0 0 0 1
32.255 1 NAVIGATION 0 2 0. 0. 0. 0. 0 0
32.346 1 ATTITUDE 0. 0. 0.
32.352 1 DESIRED 0. 0. 0. 0. 0. 235. 0. 20.
32.440 1 ESTIMATOR 0. 0.
32.444 1 BAT 0 119 0 0 1 2472 0 0
32.473 1 NAVIGATION 0 2 0. 0. 0. 0. 0 0
32.493 1 GPS 0 0 0 0 0 0 0 0 0 0 1
32.539 1 WP_MOVED 2 360334.5 4813695. 260. 31
32.724 1 NAVIGATION 0 2 0. 0. 0. 0. 0 0
32.743 1 GPS 0 0 0 0 0 0 0 0 0 0 1
32.828 1 DOWNLINK_STATUS 0 33 15828 682 0 464. 20. -1.38206601041e+12
32.837 1 ATTITUDE 0. 0. 0.
32.940 1 ESTIMATOR 0. 0.
32.943 1 ENERGY 11.9 0. 0 0.
32.973 1 NAVIGATION 0 2 0. 0. 0. 0. 0 0
32.993 1 GPS 0 0 0 0 0 0 0 0 0 0 1
33.038 1 WP_MOVED 3 360295.09375 4813785. 260. 31
33.223 1 NAVIGATION 0 2 0. 0. 0. 0. 0 0
33.249 1 GPS 0 0 0 0 0 0 0 0 0 0 1
33.254 1 NAVIGATION 0 2 0. 0. 0. 0. 0 0
33.338 1 ATTITUDE 0. 0. 0.
33.395 1 DESIRED 0. 0. 0. 0. 0. 235. 0. 20.
33.435 1 ESTIMATOR 0. 0.
33.474 1 NAVIGATION 0 2 0. 0. 0. 0. 0 0
33.493 1 GPS 0 0 0 0 0 0 0 0 0 0 1
33.545 1 WP_MOVED 4 360417.3125 4813734. 260. 31
33.549 1 BAT 0 119 0 0 1 2473 0 0
33.550 1 DL_VALUE 10 0.
33.725 1 FBW_STATUS 2 0 2 119 0
33.729 1 NAVIGATION 0 2 0. 0. 0. 0. 0 0
33.743 1 GPS 0 0 0 0 0 0 0 0 0 0 1
33.833 1 DOWNLINK_STATUS 0 34 16299 702 0 471. 20. -1.38206601041e+12
33.837 1 ATTITUDE 0. 0. 0.
33.935 1 ESTIMATOR 0. 0.
33.973 1 NAVIGATION 0 2 0. 0. 0. 0. 0 0
33.993 1 GPS 0 0 0 0 0 0 0 0 0 0 1
34.041 1 WP_MOVED 5 360422. 4813583.5 260. 31
34.042 1 CALIBRATION 0. 0
34.137 1 GPS_SOL 0 0 0 0
34.223 1 NAVIGATION 0 2 0. 0. 0. 0. 0 0
34.250 1 GPS 0 0 0 0 0 0 0 0 0 0 1
34.253 1 NAVIGATION 0 2 0. 0. 0. 0. 0 0
34.337 1 ATTITUDE 0. 0. 0.
34.446 1 ESTIMATOR 0. 0.
34.453 1 DESIRED 0. 0. 0. 0. 0. 235. 0. 20.
34.455 1 DOWNLINK 0 470 51309
34.473 1 NAVIGATION 0 2 0. 0. 0. 0. 0 0
34.493 1 GPS 0 0 0 0 0 0 0 0 0 0 1
34.539 1 WP_MOVED 6 360165.8125 4813664.5 260. 31
34.638 1 BAT 0 119 0 0 1 2474 0 0
34.723 1 NAVIGATION 0 2 0. 0. 0. 0. 0 0
34.743 1 GPS 0 0 0 0 0 0 0 0 0 0 1
34.821 1 COMMANDS 0,0,0,0,0,-9600
34.835 1 DOWNLINK_STATUS 0 35 16782 723 0 483. 21. -1.38206601041e+12
34.837 1 ATTITUDE 0. 0. 0.
34.920 1 ACTUATORS 1400,1510,1553,1553,700
34.935 1 ESTIMATOR 0. 0.
34.973 1 NAVIGATION 0 2 0. 0. 0. 0. 0 0
34.993 1 GPS 0 0 0 0 0 0 0 0 0 0 1
35.043 1 WP_MOVED 7 360559.40625 4813804.5 260. 31
35.043 1 DL_VALUE 0 0.
35.223 1 NAVIGATION 0 2 0. 0. 0. 0. 0 0
35.249 1 GPS 0 0 0 0 0 0 0 0 0 0 1
35.253 1 NAVIGATION 0 2 0. 0. 0. 0. 0 0
35.337 1 ATTITUDE 0. 0. 0.
35.441 1 ESTIMATOR 0. 0.
35.443 1 ENERGY 11.9 0. 0 0.
35.474 1 NAVIGATION 0 2 0. 0. 0. 0. 0 0
35.502 1 GPS 0 0 0 0 0 0 0 0 0 0 1
35.508 1 DESIRED 0. 0. 0. 0. 0. 235. 0. 20.
35.544 1 WP_MOVED 8 360462.40625 4813640. 215. 31
35.548 1 ALIVE 78,83,188,43,101,142,7,153,187,81,218,112,235,181,195,43
35.635 1 PPRZ_MODE 2 0 0 0 0 10
35.725 1 FBW_STATUS 2 0 2 119 0
35.729 1 NAVIGATION 0 2 0. 0. 0. 0. 0 0
35.748 1 GPS 0 0 0 0 0 0 0 0 0 0 1
35.751 1 BAT 0 119 0 0 1 2476 0 0
35.835 1 DOWNLINK_STATUS 0 36 17305 746 0 523. 23. -1.38206601541e+12
35.837 1 ATTITUDE 0. 0. 0.
35.935 1 ESTIMATOR 0. 0.
35.973 1 NAVIGATION 0 2 0. 0. 0. 0. 0 0
35.993 1 GPS 0 0 0 0 0 0 0 0 0 0 1
36.041 1 WP_MOVED 9 360313.8125 4813652. 185. 31
36.043 1 NAVIGATION_REF 360285 4813595 31
36.139 1 GPS_SOL 0 0 0 0
36.141 1 CALIBRATION 0. 0
36.157 1 WIND_INFO 1 42 0. 0. 0.
36.224 1 NAVIGATION 0 2 0. 0. 0. 0. 0 0
36.249 1 GPS 0 0 0 0 0 0 0 0 0 0 1
36.253 1 NAVIGATION 0 2 0. 0. 0. 0. 0 0
36.337 1 ATTITUDE 0. 0. 0.
36.435 1 ESTIMATOR 0. 0.
36.473 1 NAVIGATION 0 2 0. 0. 0. 0. 0 0
36.493 1 GPS 0 0 0 0 0 0 0 0 0 0 1
36.549 1 WP_MOVED 10 360453.8125 4813581. 260. 31
36.556 1 DESIRED 0. 0. 0. 0. 0. 235. 0. 20.
36.557 1 DL_VALUE 1 0.
36.723 1 NAVIGATION 0 2 0. 0. 0. 0. 0 0
36.743 1 GPS 0 0 0 0 0 0 0 0 0 0 1
36.837 1 DOWNLINK_STATUS 0 37 17763 766 0 458. 20. -1.38206601541e+12
36.843 1 ATTITUDE 0. 0. 0.
36.846 1 BAT 0 119 0 0 1 2477 0 0
36.935 1 ESTIMATOR 0. 0.
36.974 1 NAVIGATION 0 2 0. 0. 0. 0. 0 0
36.993 1 GPS 0 0 0 0 0 0 0 0 0 0 1
37.039 1 WP_MOVED 11 360170.5 4813757.5 260. 31
37.224 1 NAVIGATION 0 2 0. 0. 0. 0. 0 0
37.249 1 GPS 0 0 0 0 0 0 0 0 0 0 1
37.254 1 NAVIGATION 0 2 0. 0. 0. 0. 0 0
37.337 1 ATTITUDE 0. 0. 0.
37.435 1 ESTIMATOR 0. 0.
37.473 1 NAVIGATION 0 2 0. 0. 0. 0. 0 0
37.494 1 GPS 0 0 0 0 0 0 0 0 0 0 1
37.538 1 WP_MOVED 0 360327. 4813637. 260. 31
37.596 1 DESIRED 0. 0. 0. 0. 0. 235. 0. 20.
37.728 1 NAVIGATION 0 2 0. 0. 0. 0. 0 0
37.729 1 FBW_STATUS 2 0 2 119 0
37.743 1 GPS 0 0 0 0 0 0 0 0 0 0 1
37.837 1 ATTITUDE 0. 0. 0.
37.838 1 DOWNLINK_STATUS 0 38 18221 785 0 458. 19. -1.38206601541e+12
37.945 1 ESTIMATOR 0. 0.
37.949 1 BAT 0 119 0 0 1 2478 0 0
37.951 1 ENERGY 11.9 0. 0 0.
37.974 1 NAVIGATION 0 2 0. 0. 0. 0. 0 0
37.993 1 GPS 0 0 0 0 0 0 0 0 0 0 1
38.041 1 WP_MOVED 1 360285. 4813595. 260. 31
38.042 1 DL_VALUE 2 235.
38.137 1 GPS_SOL 0 0 0 0
38.224 1 NAVIGATION 0 2 0. 0. 0. 0. 0 0
38.252 1 GPS 0 0 0 0 0 0 0 0 0 0 1
38.256 1 NAVIGATION 0 2 0. 0. 0. 0. 0 0
38.257 1 CALIBRATION 0. 0
38.338 1 ATTITUDE 0. 0. 0.
38.435 1 ESTIMATOR 0. 0.
38.475 1 NAVIGATION 0 2 0. 0. 0. 0. 0 0
38.494 1 GPS 0 0 0 0 0 0 0 0 0 0 1
38.539 1 WP_MOVED 2 360334.5 4813695. 260. 31
38.646 1 DESIRED 0. 0. 0. 0. 0. 235. 0. 20.
38.724 1 NAVIGATION 0 2 0. 0. 0. 0. 0 0
38.744 1 GPS 0 0 0 0 0 0 0 0 0 0 1
38.838 1 ATTITUDE 0. 0. 0.
38.838 1 DOWNLINK_STATUS 0 39 18705 806 0 484. 21. -1.38206601541e+12
38.936 1 ESTIMATOR 0. 0.
38.974 1 NAVIGATION 0 2 0. 0. 0. 0. 0 0
38.994 1 GPS 0 0 0 0 0 0 0 0 0 0 1
39.043 1 WP_MOVED 3 360295.09375 4813785. 260. 31
39.046 1 BAT 0 119 0 0 1 2479 0 0
39.224 1 NAVIGATION 0 2 0. 0. 0. 0. 0 0
39.249 1 GPS 0 0 0 0 0 0 0 0 0 0 1
39.254 1 NAVIGATION 0 2 0. 0. 0. 0. 0 0
39.338 1 ATTITUDE 0. 0. 0.
39.436 1 ESTIMATOR 0. 0.
39.474 1 NAVIGATION 0 2 0. 0. 0. 0. 0 0
39.493 1 GPS 0 0 0 0 0 0 0 0 0 0 1
39.543 1 WP_MOVED 4 360417.3125 4813734. 260. 31
39.544 1 DL_VALUE 3 0.
39.546 1 DOWNLINK 0 477 51414
39.696 1 DESIRED 0. 0. 0. 0. 0. 235. 0. 20.
39.726 1 FBW_STATUS 2 0 2 119 0
39.729 1 NAVIGATION 0 2 0. 0. 0. 0. 0 0
39.744 1 GPS 0 0 0 0 0 0 0 0 0 0 1
39.821 1 COMMANDS 0,0,0,0,0,-9600
39.837 1 ATTITUDE 0. 0. 0.
39.838 1 DOWNLINK_STATUS 0 40 19186 827 0 481. 21. -1.38206601541e+12
39.921 1 ACTUATORS 1400,1510,1553,1553,700
39.936 1 ESTIMATOR 0. 0.
39.974 1 NAVIGATION 0 2 0. 0. 0. 0. 0 0
39.994 1 GPS 0 0 0 0 0 0 0 0 0 0 1
40.038 1 WP_MOVED 5 360422. 4813583.5 260. 31
40.143 1 BAT 0 119 0 0 1 2480 0 0
40.145 1 GPS_SOL 0 0 0 0
40.224 1 NAVIGATION 0 2 0. 0. 0. 0. 0 0
40.249 1 GPS 0 0 0 0 0 0 0 0 0 0 1
40.254 1 NAVIGATION 0 2 0. 0. 0. 0. 0 0
40.341 1 ATTITUDE 0. 0. 0.
40.342 1 CALIBRATION 0. 0
40.441 1 ESTIMATOR 0. 0.
40.444 1 ENERGY 11.9 0. 0 0.
40.479 1 NAVIGATION 0 2 0. 0. 0. 0. 0 0
40.494 1 GPS 0 0 0 0 0 0 0 0 0 0 1
40.544 1 WP_MOVED 6 360165.8125 4813664.5 260. 31
40.548 1 ALIVE 78,83,188,43,101,142,7,153,187,81,218,112,235,181,195,43
40.638 1 PPRZ_MODE 2 0 0 0 0 10
40.724 1 NAVIGATION 0 2 0. 0. 0. 0. 0 0
40.752 1 GPS 0 0 0 0 0 0 0 0 0 0 1
40.758 1 DESIRED 0. 0. 0. 0. 0. 235. 0. 20.
40.838 1 ATTITUDE 0. 0. 0.
40.838 1 DOWNLINK_STATUS 0 41 19711 850 0 525. 23. -1.38206602041e+12
40.936 1 ESTIMATOR 0. 0.
40.974 1 NAVIGATION 0 2 0. 0. 0. 0. 0 0
40.997 1 GPS 0 0 0 0 0 0 0 0 0 0 1
41.044 1 WP_MOVED 7 360559.40625 4813804.5 260. 31
41.044 1 DL_VALUE 4 0.
41.224 1 NAVIGATION 0 2 0. 0. 0. 0. 0 0
41.254 1 GPS 0 0 0 0 0 0 0 0 0 0 1
41.258 1 NAVIGATION 0 2 0. 0. 0. 0. 0 0
41.262 1 BAT 0 119 0 0 1 2481 0 0
41.338 1 ATTITUDE 0. 0. 0.
41.436 1 ESTIMATOR 0. 0.
41.474 1 NAVIGATION 0 2 0. 0. 0. 0. 0 0
41.494 1 GPS 0 0 0 0 0 0 0 0 0 0 1
41.542 1 WP_MOVED 8 360462.40625 4813640. 215. 31
41.726 1 FBW_STATUS 2 0 2 119 0
41.730 1 NAVIGATION 0 2 0. 0. 0. 0. 0 0
41.744 1 GPS 0 0 0 0 0 0 0 0 0 0 1
41.799 1 DESIRED 0. 0. 0. 0. 0. 235. 0. 20.
41.844 1 ATTITUDE 0. 0. 0.
41.844 1 DOWNLINK_STATUS 0 42 20162 869 0 451. 19. -1.38206602041e+12
41.936 1 ESTIMATOR 0. 0.
41.974 1 NAVIGATION 0 2 0. 0. 0. 0. 0 0
41.995 1 GPS 0 0 0 0 0 0 0 0 0 0 1
42.038 1 WP_MOVED 9 360313.8125 4813652. 185. 31
42.137 1 GPS_SOL 0 0 0 0
42.224 1 NAVIGATION 0 2 0. 0. 0. 0. 0 0
42.249 1 GPS 0 0 0 0 0 0 0 0 0 0 1
42.254 1 NAVIGATION 0 2 0. 0. 0. 0. 0 0
42.342 1 ATTITUDE 0. 0. 0.
42.346 1 BAT 0 119 0 0 1 2482 0 0
42.439 1 ESTIMATOR 0. 0.
42.440 1 CALIBRATION 0. 0
42.474 1 NAVIGATION 0 2 0. 0. 0. 0. 0 0
42.494 1 GPS 0 0 0 0 0 0 0 0 0 0 1
42.548 1 WP_MOVED 10 360453.8125 4813581. 260. 31
42.548 1 DL_VALUE 5 0.
42.732 1 NAVIGATION 0 2 0. 0. 0. 0. 0 0
42.744 1 GPS 0 0 0 0 0 0 0 0 0 0 1
42.846 1 ATTITUDE 0. 0. 0.
42.846 1 DOWNLINK_STATUS 0 43 20588 888 0 426. 19. -1.38206602041e+12
42.852 1 DESIRED 0. 0. 0. 0. 0. 235. 0. 20.
42.941 1 ESTIMATOR 0. 0.
42.944 1 ENERGY 11.9 0. 0 0.
42.974 1 NAVIGATION 0 2 0. 0. 0. 0. 0 0
42.994 1 GPS 0 0 0 0 0 0 0 0 0 0 1
43.038 1 WP_MOVED 11 360170.5 4813757.5 260. 31
43.224 1 NAVIGATION 0 2 0. 0. 0. 0. 0 0
43.249 1 GPS 0 0 0 0 0 0 0 0 0 0 1
43.254 1 NAVIGATION 0 2 0. 0. 0. 0. 0 0
43.338 1 ATTITUDE 0. 0. 0.
43.441 1 ESTIMATOR 0. 0.
43.444 1 BAT 0 119 0 0 1 2483 0 0
43.474 1 NAVIGATION 0 2 0. 0. 0. 0. 0 0
43.504 1 GPS 0 0 0 0 0 0 0 0 0 0 1
43.538 1 WP_MOVED 0 360327. 4813637. 260. 31
43.726 1 FBW_STATUS 2 0 2 119 0
43.730 1 NAVIGATION 0 2 0. 0. 0. 0. 0 0
43.752 1 GPS 0 0 0 0 0 0 0 0 0 0 1
43.838 1 ATTITUDE 0. 0. 0.
43.849 1 DOWNLINK_STATUS 0 44 21048 907 0 460. 19. -1.38206602041e+12
43.899 1 DESIRED 0. 0. 0. 0. 0. 235. 0. 20.
43.936 1 ESTIMATOR 0. 0.
43.974 1 NAVIGATION 0 2 0. 0. 0. 0. 0 0
43.993 1 GPS 0 0 0 0 0 0 0 0 0 0 1
44.041 1 WP_MOVED 1 360285. 4813595. 260. 31
44.048 1 DL_VALUE 6 40.
44.137 1 GPS_SOL 0 0 0 0
44.224 1 NAVIGATION 0 2 0. 0. 0. 0. 0 0
44.249 1 GPS 0 0 0 0 0 0 0 0 0 0 1
44.254 1 NAVIGATION 0 2 0. 0. 0. 0. 0 0
44.338 1 ATTITUDE 0. 0. 0.
44.436 1 ESTIMATOR 0. 0.
44.474 1 NAVIGATION 0 2 0. 0. 0. 0. 0 0
44.493 1 GPS 0 0 0 0 0 0 0 0 0 0 1
44.546 1 WP_MOVED 2 360334.5 4813695. 260. 31
44.549 1 BAT 0 119 0 0 1 2484 0 0
44.551 1 CALIBRATION 0. 0
44.635 1 DOWNLINK 0 472 51518
44.726 1 NAVIGATION 0 2 0. 0. 0. 0. 0 0
44.745 1 GPS 0 0 0 0 0 0 0 0 0 0 1
44.821 1 COMMANDS 0,0,0,0,0,-9600
44.838 1 ATTITUDE 0. 0. 0.
44.853 1 DOWNLINK_STATUS 0 45 21542 929 0 494. 22. -1.38206602041e+12
44.920 1 ACTUATORS 1400,1510,1553,1553,700
44.944 1 ESTIMATOR 0. 0.
44.951 1 DESIRED 0. 0. 0. 0. 0. 235. 0. 20.
44.974 1 NAVIGATION 0 2 0. 0. 0. 0. 0 0
44.993 1 GPS 0 0 0 0 0 0 0 0 0 0 1
45.042 1 WP_MOVED 3 360295.09375 4813785. 260. 31
45.045 1 NAVIGATION_REF 360285 4813595 31
45.224 1 NAVIGATION 0 2 0. 0. 0. 0. 0 0
45.249 1 GPS 0 0 0 0 0 0 0 0 0 0 1
45.254 1 NAVIGATION 0 2 0. 0. 0. 0. 0 0
45.338 1 ATTITUDE 0. 0. 0.
45.440 1 ESTIMATOR 0. 0.
45.444 1 ENERGY 11.9 0. 0 0.
45.474 1 NAVIGATION 0 2 0. 0. 0. 0. 0 0
45.493 1 GPS 0 0 0 0 0 0 0 0 0 0 1
45.549 1 WP_MOVED 4 360417.3125 4813734. 260. 31
45.549 1 DL_VALUE 7 2.
45.552 1 ALIVE 78,83,188,43,101,142,7,153,187,81,218,112,235,181,195,43
45.641 1 BAT 0 119 0 0 1 2485 0 0
45.643 1 PPRZ_MODE 2 0 0 0 0 10
45.731 1 FBW_STATUS 2 0 2 119 0
45.731 1 NAVIGATION 0 2 0. 0. 0. 0. 0 0
45.748 1 GPS 0 0 0 0 0 0 0 0 0 0 1
45.837 1 ATTITUDE 0. 0. 0.
45.857 1 DOWNLINK_STATUS 0 46 22080 953 0 538. 24. -1.38206602541e+12
45.936 1 ESTIMATOR 0. 0.
45.974 1 NAVIGATION 0 2 0. 0. 0. 0. 0 0
46.002 1 GPS 0 0 0 0 0 0 0 0 0 0 1
46.008 1 DESIRED 0. 0. 0. 0. 0. 235. 0. 20.
46.043 1 WP_MOVED 5 360422. 4813583.5 260. 31
46.140 1 GPS_SOL 0 0 0 0
46.161 1 WIND_INFO 1 42 0. 0. 0.
46.224 1 NAVIGATION 0 2 0. 0. 0. 0. 0 0
46.249 1 GPS 0 0 0 0 0 0 0 0 0 0 1
46.254 1 NAVIGATION 0 2 0. 0. 0. 0. 0 0
46.338 1 ATTITUDE 0. 0. 0.
46.436 1 ESTIMATOR 0. 0.
46.474 1 NAVIGATION 0 2 0. 0. 0. 0. 0 0
46.493 1 GPS 0 0 0 0 0 0 0 0 0 0 1
46.538 1 WP_MOVED 6 360165.8125 4813664.5 260. 31
46.635 1 CALIBRATION 0. 0
46.729 1 NAVIGATION 0 2 0. 0. 0. 0. 0 0
46.748 1 GPS 0 0 0 0 0 0 0 0 0 0 1
46.752 1 BAT 0 119 0 0 1 2487 0 0
46.837 1 ATTITUDE 0. 0. 0.
46.861 1 DOWNLINK_STATUS 0 47 22533 972 0 453. 19. -1.38206602541e+12
46.936 1 ESTIMATOR 0. 0.
46.974 1 NAVIGATION 0 2 0. 0. 0. 0. 0 0
46.997 1 GPS 0 0 0 0 0 0 0 0 0 0 1
47.049 1 WP_MOVED 7 360559.40625 4813804.5 260. 31
47.056 1 DESIRED 0. 0. 0. 0. 0. 235. 0. 20.
47.058 1 DL_VALUE 8 0.
47.239 1 NAVIGATION 0 2 0. 0. 0. 0. 0 0
47.253 1 GPS 0 0 0 0 0 0 0 0 0 0 1
47.254 1 NAVIGATION 0 2 0. 0. 0. 0. 0 0
47.337 1 ATTITUDE 0. 0. 0.
47.440 1 ESTIMATOR 0. 0.
47.474 1 NAVIGATION 0 2 0. 0. 0. 0. 0 0
47.493 1 GPS 0 0 0 0 0 0 0 0 0 0 1
47.540 1 WP_MOVED 8 360462.40625 4813640. 215. 31
47.725 1 FBW_STATUS 2 0 2 119 0
47.730 1 NAVIGATION 0 2 0. 0. 0. 0. 0 0
47.743 1 GPS 0 0 0 0 0 0 0 0 0 0 1
47.842 1 ATTITUDE 0. 0. 0.
47.846 1 BAT 0 119 0 0 1 2488 0 0
47.865 1 DOWNLINK_STATUS 0 48 22984 991 0 451. 19. -1.38206602541e+12
47.940 1 ESTIMATOR 0. 0.
47.944 1 ENERGY 11.9 0. 0 0.
47.974 1 NAVIGATION 0 2 0. 0. 0. 0. 0 0
47.993 1 GPS 0 0 0 0 0 0 0 0 0 0 1
48.038 1 WP_MOVED 9 360313.8125 4813652. 185. 31
48.095 1 DESIRED 0. 0. 0. 0. 0. 235. 0. 20.
48.137 1 GPS_SOL 0 0 0 0
48.227 1 NAVIGATION 0 2 0. 0. 0. 0. 0 0
48.249 1 GPS 0 0 0 0 0 0 0 0 0 0 1
48.254 1 NAVIGATION 0 2 0. 0. 0. 0. 0 0
48.337 1 ATTITUDE 0. 0. 0.
48.436 1 ESTIMATOR 0. 0.
48.474 1 NAVIGATION 0 2 0. 0. 0. 0. 0 0
48.493 1 GPS 0 0 0 0 0 0 0 0 0 0 1
48.541 1 WP_MOVED 10 360453.8125 4813581. 260. 31
48.543 1 DL_VALUE 9 1.
48.724 1 NAVIGATION 0 2 0. 0. 0. 0. 0 0
48.746 1 GPS 0 0 0 0 0 0 0 0 0 0 1
48.748 1 CALIBRATION 0. 0
48.837 1 ATTITUDE 0. 0. 0.
48.869 1 DOWNLINK_STATUS 0 49 23447 1011 0 463. 20. -1.38206602541e+12
48.941 1 ESTIMATOR 0. 0.
48.944 1 BAT 0 119 0 0 1 2489 0 0
48.981 1 NAVIGATION 0 2 0. 0. 0. 0. 0 0
48.993 1 GPS 0 0 0 0 0 0 0 0 0 0 1
49.038 1 WP_MOVED 11 360170.5 4813757.5 260. 31
49.145 1 DESIRED 0. 0. 0. 0. 0. 235. 0. 20.
49.224 1 NAVIGATION 0 2 0. 0. 0. 0. 0 0
49.249 1 GPS 0 0 0 0 0 0 0 0 0 0 1
49.254 1 NAVIGATION 0 2 0. 0. 0. 0. 0 0
49.337 1 ATTITUDE 0. 0. 0.
49.441 1 ESTIMATOR 0. 0.
49.484 1 NAVIGATION 0 2 0. 0. 0. 0. 0 0
49.497 1 GPS 0 0 0 0 0 0 0 0 0 0 1
49.551 1 WP_MOVED 0 360327. 4813637. 260. 31
49.725 1 FBW_STATUS 2 0 2 119 0
49.730 1 NAVIGATION 0 2 0. 0. 0. 0. 0 0
49.746 1 GPS 0 0 0 0 0 0 0 0 0 0 1
49.748 1 DOWNLINK 0 477 51622
49.821 1 COMMANDS 0,0,0,0,0,-9600
49.837 1 ATTITUDE 0. 0. 0.
49.873 1 DOWNLINK_STATUS 0 50 23917 1031 0 470. 20. -1.38206602541e+12
49.920 1 ACTUATORS 1400,1510,1553,1553,700
49.936 1 ESTIMATOR 0. 0.
49.974 1 NAVIGATION 0 2 0. 0. 0. 0. 0 0
50.003 1 GPS 0 0 0 0 0 0 0 0 0 0 1
50.045 1 WP_MOVED 1 360285. 4813595. 260. 31
50.049 1 BAT 0 119 0 0 1 2490 0 0
50.051 1 DL_VALUE 10 0.
50.137 1 GPS_SOL 0 0 0 0
50.195 1 DESIRED 0. 0. 0. 0. 0. 235. 0. 20.
50.224 1 NAVIGATION 0 2 0. 0. 0. 0. 0 0
50.249 1 GPS 0 0 0 0 0 0 0 0 0 0 1
50.253 1 NAVIGATION 0 2 0. 0. 0. 0. 0 0
50.337 1 ATTITUDE 0. 0. 0.
50.440 1 ESTIMATOR 0. 0.
50.444 1 ENERGY 11.9 0. 0 0.
50.474 1 NAVIGATION 0 2 0. 0. 0. 0. 0 0
50.493 1 GPS 0 0 0 0 0 0 0 0 0 0 1
50.543 1 WP_MOVED 2 360334.5 4813695. 260. 31
50.547 1 ALIVE 78,83,188,43,101,142,7,153,187,81,218,112,235,181,195,43
50.635 1 PPRZ_MODE 2 0 0 0 0 10
50.725 1 NAVIGATION 0 2 0. 0. 0. 0. 0 0
50.743 1 GPS 0 0 0 0 0 0 0 0 0 0 1
50.840 1 ATTITUDE 0. 0. 0.
50.842 1 CALIBRATION 0. 0
50.877 1 DOWNLINK_STATUS 0 51 24453 1055 0 536. 24. -1.38206603041e+12
50.936 1 ESTIMATOR 0. 0.
50.974 1 NAVIGATION 0 2 0. 0. 0. 0. 0 0
50.993 1 GPS 0 0 0 0 0 0 0 0 0 0 1
51.038 1 WP_MOVED 3 360295.09375 4813785. 260. 31
51.139 1 BAT 0 119 0 0 1 2491 0 0
51.224 1 NAVIGATION 0 2 0. 0. 0. 0. 0 0
51.257 1 GPS 0 0 0 0 0 0 0 0 0 0 1
51.262 1 NAVIGATION 0 2 0. 0. 0. 0. 0 0
51.268 1 DESIRED 0. 0. 0. 0. 0. 235. 0. 20.
51.337 1 ATTITUDE 0. 0. 0.
51.436 1 ESTIMATOR 0. 0.
51.474 1 NAVIGATION 0 2 0. 0. 0. 0. 0 0
51.493 1 GPS 0 0 0 0 0 0 0 0 0 0 1
51.541 1 WP_MOVED 4 360417.3125 4813734. 260. 31
51.543 1 DL_VALUE 0 0.
51.725 1 FBW_STATUS 2 0 2 119 0
51.730 1 NAVIGATION 0 2 0. 0. 0. 0. 0 0
51.746 1 GPS 0 0 0 0 0 0 0 0 0 0 1
51.837 1 ATTITUDE 0. 0. 0.
51.881 1 DOWNLINK_STATUS 0 52 24904 1074 0 451. 19. -1.38206603041e+12
51.936 1 ESTIMATOR 0. 0.
51.974 1 NAVIGATION 0 2 0. 0. 0. 0. 0 0
51.993 1 GPS 0 0 0 0 0 0 0 0 0 0 1
52.038 1 WP_MOVED 5 360422. 4813583.5 260. 31
52.137 1 GPS_SOL 0 0 0 0
52.224 1 NAVIGATION 0 2 0. 0. 0. 0. 0 0
52.254 1 GPS 0 0 0 0 0 0 0 0 0 0 1
52.258 1 NAVIGATION 0 2 0. 0. 0. 0. 0 0
52.262 1 BAT 0 119 0 0 1 2492 0 0
52.295 1 DESIRED 0. 0. 0. 0. 0. 235. 0. 20.
52.337 1 ATTITUDE 0. 0. 0.
52.436 1 ESTIMATOR 0. 0.
52.474 1 NAVIGATION 0 2 0. 0. 0. 0. 0 0
52.493 1 GPS 0 0 0 0 0 0 0 0 0 0 1
52.538 1 WP_MOVED 6 360165.8125 4813664.5 260. 31
52.724 1 NAVIGATION 0 2 0. 0. 0. 0. 0 0
52.743 1 GPS 0 0 0 0 0 0 0 0 0 0 1
52.837 1 ATTITUDE 0. 0. 0.
52.885 1 DOWNLINK_STATUS 0 53 25346 1092 0 442. 18. -1.38206603041e+12
52.943 1 ESTIMATOR 0. 0.
52.945 1 CALIBRATION 0. 0
52.948 1 ENERGY 11.9 0. 0 0.
52.974 1 NAVIGATION 0 2 0. 0. 0. 0. 0 0
52.993 1 GPS 0 0 0 0 0 0 0 0 0 0 1
53.040 1 WP_MOVED 7 360559.40625 4813804.5 260. 31
53.042 1 DL_VALUE 1 0.
53.224 1 NAVIGATION 0 2 0. 0. 0. 0. 0 0
53.249 1 GPS 0 0 0 0 0 0 0 0 0 0 1
53.253 1 NAVIGATION 0 2 0. 0. 0. 0. 0 0
53.351 1 ATTITUDE 0. 0. 0.
53.357 1 DESIRED 0. 0. 0. 0. 0. 235. 0. 20.
53.361 1 BAT 0 119 0 0 1 2493 0 0
53.436 1 ESTIMATOR 0. 0.
53.474 1 NAVIGATION 0 2 0. 0. 0. 0. 0 0
53.493 1 GPS 0 0 0 0 0 0 0 0 0 0 1
53.538 1 WP_MOVED 8 360462.40625 4813640. 215. 31
53.725 1 FBW_STATUS 2 0 2 119 0
53.730 1 NAVIGATION 0 2 0. 0. 0. 0. 0 0
53.743 1 GPS 0 0 0 0 0 0 0 0 0 0 1
53.837 1 ATTITUDE 0. 0. 0.
53.889 1 DOWNLINK_STATUS 0 54 25828 1113 0 482. 21. -1.38206603041e+12
53.936 1 ESTIMATOR 0. 0.
53.974 1 NAVIGATION 0 2 0. 0. 0. 0. 0 0
53.993 1 GPS 0 0 0 0 0 0 0 0 0 0 1
54.041 1 WP_MOVED 9 360313.8125 4813652. 185. 31
54.044 1 NAVIGATION_REF 360285 4813595 31
54.137 1 GPS_SOL 0 0 0 0
54.224 1 NAVIGATION 0 2 0. 0. 0. 0. 0 0
54.249 1 GPS 0 0 0 0 0 0 0 0 0 0 1
54.253 1 NAVIGATION 0 2 0. 0. 0. 0. 0 0
54.337 1 ATTITUDE 0. 0. 0.
54.395 1 DESIRED 0. 0. 0. 0. 0. 235. 0. 20.
54.440 1 ESTIMATOR 0. 0.
54.444 1 BAT 0 119 0 0 1 2494 0 0
54.474 1 NAVIGATION 0 2 0. 0. 0. 0. 0 0
54.493 1 GPS 0 0 0 0 0 0 0 0 0 0 1
54.540 1 WP_MOVED 10 360453.8125 4813581. 260. 31
54.542 1 DL_VALUE 2 235.
54.725 1 NAVIGATION 0 2 0. 0. 0. 0. 0 0
54.743 1 GPS 0 0 0 0 0 0 0 0 0 0 1
54.821 1 COMMANDS 0,0,0,0,0,-9600
54.840 1 ATTITUDE 0. 0. 0.
54.842 1 DOWNLINK 0 479 51728
54.893 1 DOWNLINK_STATUS 0 55 26326 1135 0 498. 22. -1.38206603041e+12
54.920 1 ACTUATORS 1400,1510,1553,1553,700
54.936 1 ESTIMATOR 0. 0.
54.974 1 NAVIGATION 0 2 0. 0. 0. 0. 0 0
54.993 1 GPS 0 0 0 0 0 0 0 0 0 0 1
55.040 1 WP_MOVED 11 360170.5 4813757.5 260. 31
55.042 1 CALIBRATION 0. 0
55.224 1 NAVIGATION 0 2 0. 0. 0. 0. 0 0
55.249 1 GPS 0 0 0 0 0 0 0 0 0 0 1
55.253 1 NAVIGATION 0 2 0. 0. 0. 0. 0 0
55.337 1 ATTITUDE 0. 0. 0.
55.449 1 ESTIMATOR 0. 0.
55.455 1 DESIRED 0. 0. 0. 0. 0. 235. 0. 20.
55.458 1 ENERGY 11.9 0. 0 0.
55.474 1 NAVIGATION 0 2 0. 0. 0. 0. 0 0
55.493 1 GPS 0 0 0 0 0 0 0 0 0 0 1
55.548 1 WP_MOVED 0 360327. 4813637. 260. 31
55.551 1 BAT 0 119 0 0 1 2495 0 0
55.555 1 ALIVE 78,83,188,43,101,142,7,153,187,81,218,112,235,181,195,43
55.635 1 PPRZ_MODE 2 0 0 0 0 10
55.725 1 FBW_STATUS 2 0 2 119 0
55.729 1 NAVIGATION 0 2 0. 0. 0. 0. 0 0
55.743 1 GPS 0 0 0 0 0 0 0 0 0 0 1
55.837 1 ATTITUDE 0. 0. 0.
55.897 1 DOWNLINK_STATUS 0 56 26849 1158 0 523. 23. -1.38206603541e+12
55.936 1 ESTIMATOR 0. 0.
55.974 1 NAVIGATION 0 2 0. 0. 0. 0. 0 0
55.993 1 GPS 0 0 0 0 0 0 0 0 0 0 1
56.041 1 WP_MOVED 1 360285. 4813595. 260. 31
56.042 1 DL_VALUE 3 0.
56.137 1 GPS_SOL 0 0 0 0
56.161 1 WIND_INFO 1 42 0. 0. 0.
56.224 1 NAVIGATION 0 2 0. 0. 0. 0. 0 0
56.249 1 GPS 0 0 0 0 0 0 0 0 0 0 1
56.253 1 NAVIGATION 0 2 0. 0. 0. 0. 0 0
56.337 1 ATTITUDE 0. 0. 0.
56.436 1 ESTIMATOR 0. 0.
56.474 1 NAVIGATION 0 2 0. 0. 0. 0. 0 0
56.502 1 GPS 0 0 0 0 0 0 0 0 0 0 1
56.508 1 DESIRED 0. 0. 0. 0. 0. 235. 0. 20.
56.538 1 WP_MOVED 2 360334.5 4813695. 260. 31
56.638 1 BAT 0 119 0 0 1 2496 0 0
56.724 1 NAVIGATION 0 2 0. 0. 0. 0. 0 0
56.743 1 GPS 0 0 0 0 0 0 0 0 0 0 1
56.837 1 ATTITUDE 0. 0. 0.
56.901 1 DOWNLINK_STATUS 0 57 27302 1177 0 453. 19. -1.38206603541e+12
56.935 1 ESTIMATOR 0. 0.
56.974 1 NAVIGATION 0 2 0. 0. 0. 0. 0 0
56.993 1 GPS 0 0 0 0 0 0 0 0 0 0 1
57.038 1 WP_MOVED 3 360295.09375 4813785. 260. 31
57.134 1 CALIBRATION 0. 0
57.223 1 NAVIGATION 0 2 0. 0. 0. 0. 0 0
57.249 1 GPS 0 0 0 0 0 0 0 0 0 0 1
57.253 1 NAVIGATION 0 2 0. 0. 0. 0. 0 0
57.337 1 ATTITUDE 0. 0. 0.
57.435 1 ESTIMATOR 0. 0.
57.474 1 NAVIGATION 0 2 0. 0. 0. 0. 0 0
57.493 1 GPS 0 0 0 0 0 0 0 0 0 0 1
57.549 1 WP_MOVED 4 360417.3125 4813734. 260. 31
57.555 1 DESIRED 0. 0. 0. 0. 0. 235. 0. 20.
57.557 1 DL_VALUE 4 0.
57.725 1 FBW_STATUS 2 0 2 119 0
57.729 1 NAVIGATION 0 2 0. 0. 0. 0. 0 0
57.748 1 GPS 0 0 0 0 0 0 0 0 0 0 1
57.754 1 BAT 0 119 0 0 1 2498 0 0
57.837 1 ATTITUDE 0. 0. 0.
57.909 1 DOWNLINK_STATUS 0 58 27764 1197 0 462. 20. -1.38206603541e+12
57.940 1 ESTIMATOR 0. 0.
57.943 1 ENERGY 11.9 0. 0 0.
57.974 1 NAVIGATION 0 2 0. 0. 0. 0. 0 0
57.993 1 GPS 0 0 0 0 0 0 0 0 0 0 1
58.038 1 WP_MOVED 5 360422. 4813583.5 260. 31
58.136 1 GPS_SOL 0 0 0 0
58.224 1 NAVIGATION 0 2 0. 0. 0. 0. 0 0
58.249 1 GPS 0 0 0 0 0 0 0 0 0 0 1
58.253 1 NAVIGATION 0 2 0. 0. 0. 0. 0 0
58.337 1 ATTITUDE 0. 0. 0.
58.436 1 ESTIMATOR 0. 0.
58.473 1 NAVIGATION 0 2 0. 0. 0. 0. 0 0
58.493 1 GPS 0 0 0 0 0 0 0 0 0 0 1
58.538 1 WP_MOVED 6 360165.8125 4813664.5 260. 31
58.595 1 DESIRED 0. 0. 0. 0. 0. 235. 0. 20.
58.724 1 NAVIGATION 0 2 0. 0. 0. 0. 0 0
58.743 1 GPS 0 0 0 0 0 0 0 0 0 0 1
58.842 1 ATTITUDE 0. 0. 0.
58.845 1 BAT 0 119 0 0 1 2499 0 0
58.918 1 DOWNLINK_STATUS 0 59 28226 1216 0 462. 19. -1.38206603541e+12
58.935 1 ESTIMATOR 0. 0.
58.974 1 NAVIGATION 0 2 0. 0. 0. 0. 0 0
58.993 1 GPS 0 0 0 0 0 0 0 0 0 0 1
59.040 1 WP_MOVED 7 360559.40625 4813804.5 260. 31
59.042 1 DL_VALUE 5 0.
59.223 1 NAVIGATION 0 2 0. 0. 0. 0. 0 0
59.256 1 GPS 0 0 0 0 0 0 0 0 0 0 1
59.260 1 NAVIGATION 0 2 0. 0. 0. 0. 0 0
59.262 1 CALIBRATION 0. 0
59.337 1 ATTITUDE 0. 0. 0.
59.436 1 ESTIMATOR 0. 0.
59.474 1 NAVIGATION 0 2 0. 0. 0. 0. 0 0
59.493 1 GPS 0 0 0 0 0 0 0 0 0 0 1
59.538 1 WP_MOVED 8 360462.40625 4813640. 215. 31
59.645 1 DESIRED 0. 0. 0. 0. 0. 235. 0. 20.
59.725 1 FBW_STATUS 2 0 2 119 0
59.730 1 NAVIGATION 0 2 0. 0. 0. 0. 0 0
59.743 1 GPS 0 0 0 0 0 0 0 0 0 0 1
59.821 1 COMMANDS 0,0,0,0,0,-9600
59.837 1 ATTITUDE 0. 0. 0.
59.918 1 DOWNLINK_STATUS 0 60 28686 1236 0 460. 20. -1.38206603541e+12
59.920 1 ACTUATORS 1400,1510,1553,1553,700
59.943 1 ESTIMATOR 0. 0.
59.946 1 BAT 0 119 0 0 1 2500 0 0
59.948 1 DOWNLINK 0 475 51833
59.973 1 NAVIGATION 0 2 0. 0. 0. 0. 0 0
59.993 1 GPS 0 0 0 0 0 0 0 0 0 0 1
60.038 1 WP_MOVED 9 360313.8125 4813652. 185. 31
60.137 1 GPS_SOL 0 0 0 0
60.223 1 NAVIGATION 0 2 0. 0. 0. 0. 0 0
60.249 1 GPS 0 0 0 0 0 0 0 0 0 0 1
60.253 1 NAVIGATION 0 2 0. 0. 0. 0. 0 0
60.337 1 ATTITUDE 0. 0. 0.
60.440 1 ESTIMATOR 0. 0.
60.443 1 ENERGY 11.9 0. 0 0.
60.474 1 NAVIGATION 0 2 0. 0. 0. 0. 0 0
60.493 1 GPS 0 0 0 0 0 0 0 0 0 0 1
60.545 1 WP_MOVED 10 360453.8125 4813581. 260. 31
60.547 1 DL_VALUE 6 40.
60.551 1 ALIVE 78,83,188,43,101,142,7,153,187,81,218,112,235,181,195,43
60.635 1 PPRZ_MODE 2 0 0 0 0 10
60.695 1 DESIRED 0. 0. 0. 0. 0. 235. 0. 20.
60.723 1 NAVIGATION 0 2 0. 0. 0. 0. 0 0
60.743 1 GPS 0 0 0 0 0 0 0 0 0 0 1
60.837 1 ATTITUDE 0. 0. 0.
60.926 1 DOWNLINK_STATUS 0 61 29222 1260 0 536. 24. -1.38206604041e+12
60.935 1 ESTIMATOR 0. 0.
60.974 1 NAVIGATION 0 2 0. 0. 0. 0. 0 0
60.993 1 GPS 0 0 0 0 0 0 0 0 0 0 1
61.042 1 WP_MOVED 11 360170.5 4813757.5 260. 31
61.046 1 BAT 0 119 0 0 1 2501 0 0
61.223 1 NAVIGATION 0 2 0. 0. 0. 0. 0 0
61.249 1 GPS 0 0 0 0 0 0 0 0 0 0 1
61.253 1 NAVIGATION 0 2 0. 0. 0. 0. 0 0
61.339 1 ATTITUDE 0. 0. 0.
61.341 1 CALIBRATION 0. 0
61.437 1 ESTIMATOR 0. 0.
61.474 1 NAVIGATION 0 2 0. 0. 0. 0. 0 0
61.493 1 GPS 0 0 0 0 0 0 0 0 0 0 1
61.538 1 WP_MOVED 0 360327. 4813637. 260. 31
61.725 1 FBW_STATUS 2 0 2 119 0
61.729 1 NAVIGATION 0 2 0. 0. 0. 0. 0 0
61.751 1 GPS 0 0 0 0 0 0 0 0 0 0 1
61.758 1 DESIRED 0. 0. 0. 0. 0. 235. 0. 20.
61.837 1 ATTITUDE 0. 0. 0.
61.933 1 DOWNLINK_STATUS 0 62 29673 1279 0 451. 19. -1.38206604041e+12
61.935 1 ESTIMATOR 0. 0.
61.973 1 NAVIGATION 0 2 0. 0. 0. 0. 0 0
61.993 1 GPS 0 0 0 0 0 0 0 0 0 0 1
62.040 1 WP_MOVED 1 360285. 4813595. 260. 31
62.042 1 DL_VALUE 7 2.
62.142 1 BAT 0 119 0 0 1 2502 0 0
62.145 1 GPS_SOL 0 0 0 0
62.223 1 NAVIGATION 0 2 0. 0. 0. 0. 0 0
62.249 1 GPS 0 0 0 0 0 0 0 0 0 0 1
62.253 1 NAVIGATION 0 2 0. 0. 0. 0. 0 0
62.337 1 ATTITUDE 0. 0. 0.
62.435 1 ESTIMATOR 0. 0.
62.473 1 NAVIGATION 0 2 0. 0. 0. 0. 0 0
62.493 1 GPS 0 0 0 0 0 0 0 0 0 0 1
62.538 1 WP_MOVED 2 360334.5 4813695. 260. 31
62.723 1 NAVIGATION 0 2 0. 0. 0. 0. 0 0
62.743 1 GPS 0 0 0 0 0 0 0 0 0 0 1
62.795 1 DESIRED 0. 0. 0. 0. 0. 235. 0. 20.
62.837 1 ATTITUDE 0. 0. 0.
62.937 1 DOWNLINK_STATUS 0 63 30126 1298 0 453. 19. -1.38206604041e+12
62.940 1 ESTIMATOR 0. 0.
62.943 1 ENERGY 11.9 0. 0 0.
62.976 1 NAVIGATION 0 2 0. 0. 0. 0. 0 0
62.993 1 GPS 0 0 0 0 0 0 0 0 0 0 1
63.041 1 WP_MOVED 3 360295.09375 4813785. 260. 31
63.044 1 NAVIGATION_REF 360285 4813595 31
63.224 1 NAVIGATION 0 2 0. 0. 0. 0. 0 0
63.253 1 GPS 0 0 0 0 0 0 0 0 0 0 1
63.258 1 NAVIGATION 0 2 0. 0. 0. 0. 0 0
63.261 1 BAT 0 119 0 0 1 2503 0 0
63.337 1 ATTITUDE 0. 0. 0.
63.438 1 ESTIMATOR 0. 0.
63.440 1 CALIBRATION 0. 0
63.473 1 NAVIGATION 0 2 0. 0. 0. 0. 0 0
63.493 1 GPS 0 0 0 0 0 0 0 0 0 0 1
63.540 1 WP_MOVED 4 360417.3125 4813734. 260. 31
63.542 1 DL_VALUE 8 0.
63.725 1 FBW_STATUS 2 0 2 119 0
63.729 1 NAVIGATION 0 2 0. 0. 0. 0. 0 0
63.743 1 GPS 0 0 0 0 0 0 0 0 0 0 1
63.845 1 ATTITUDE 0. 0. 0.
63.854 1 DESIRED 0. 0. 0. 0. 0. 235. 0. 20.
63.935 1 ESTIMATOR 0. 0.
63.942 1 DOWNLINK_STATUS 0 64 30637 1321 0 511. 23. -1.38206604041e+12
63.973 1 NAVIGATION 0 2 0. 0. 0. 0. 0 0
63.993 1 GPS 0 0 0 0 0 0 0 0 0 0 1
64.038 1 WP_MOVED 5 360422. 4813583.5 260. 31
64.136 1 GPS_SOL 0 0 0 0
64.223 1 NAVIGATION 0 2 0. 0. 0. 0. 0 0
64.249 1 GPS 0 0 0 0 0 0 0 0 0 0 1
64.253 1 NAVIGATION 0 2 0. 0. 0. 0. 0 0
64.342 1 ATTITUDE 0. 0. 0.
64.345 1 BAT 0 119 0 0 1 2504 0 0
64.435 1 ESTIMATOR 0. 0.
64.473 1 NAVIGATION 0 2 0. 0. 0. 0. 0 0
64.493 1 GPS 0 0 0 0 0 0 0 0 0 0 1
64.538 1 WP_MOVED 6 360165.8125 4813664.5 260. 31
64.723 1 NAVIGATION 0 2 0. 0. 0. 0. 0 0
64.743 1 GPS 0 0 0 0 0 0 0 0 0 0 1
64.820 1 COMMANDS 0,0,0,0,0,-9600
64.837 1 ATTITUDE 0. 0. 0.
64.895 1 DESIRED 0. 0. 0. 0. 0. 235. 0. 20.
64.920 1 ACTUATORS 1400,1510,1553,1553,700
64.935 1 ESTIMATOR 0. 0.
64.950 1 DOWNLINK_STATUS 0 65 31115 1341 0 478. 20. -1.38206604041e+12
64.973 1 NAVIGATION 0 2 0. 0. 0. 0. 0 0
64.993 1 GPS 0 0 0 0 0 0 0 0 0 0 1
65.049 1 WP_MOVED 7 360559.40625 4813804.5 260. 31
65.049 1 DL_VALUE 9 1.
65.049 1 DOWNLINK 0 483 51939
65.223 1 NAVIGATION 0 2 0. 0. 0. 0. 0 0
65.248 1 GPS 0 0 0 0 0 0 0 0 0 0 1
65.253 1 NAVIGATION 0 2 0. 0. 0. 0. 0 0
65.337 1 ATTITUDE 0. 0. 0.
65.444 1 ESTIMATOR 0. 0.
65.449 1 BAT 0 119 0 0 1 2505 0 0
65.451 1 ENERGY 11.9 0. 0 0.
65.473 1 NAVIGATION 0 2 0. 0. 0. 0. 0 0
65.493 1 GPS 0 0 0 0 0 0 0 0 0 0 1
65.545 1 WP_MOVED 8 360462.40625 4813640. 215. 31
65.547 1 CALIBRATION 0. 0
65.551 1 ALIVE 78,83,188,43,101,142,7,153,187,81,218,112,235,181,195,43
65.635 1 PPRZ_MODE 2 0 0 0 0 10
65.727 1 NAVIGATION 0 2 0. 0. 0. 0. 0 0
65.729 1 FBW_STATUS 2 0 2 119 0
65.743 1 GPS 0 0 0 0 0 0 0 0 0 0 1
65.837 1 ATTITUDE 0. 0. 0.
65.944 1 ESTIMATOR 0. 0.
65.950 1 DESIRED 0. 0. 0. 0. 0. 235. 0. 20.
65.950 1 DOWNLINK_STATUS 0 66 31643 1365 0 528. 24. -1.38206604541e+12
65.973 1 NAVIGATION 0 2 0. 0. 0. 0. 0 0
65.993 1 GPS 0 0 0 0 0 0 0 0 0 0 1
66.038 1 WP_MOVED 9 360313.8125 4813652. 185. 31
66.136 1 GPS_SOL 0 0 0 0
66.162 1 WIND_INFO 1 42 0. 0. 0.
66.223 1 NAVIGATION 0 2 0. 0. 0. 0. 0 0
66.248 1 GPS 0 0 0 0 0 0 0 0 0 0 1
66.253 1 NAVIGATION 0 2 0. 0. 0. 0. 0 0
66.337 1 ATTITUDE 0. 0. 0.
66.435 1 ESTIMATOR 0. 0.
66.473 1 NAVIGATION 0 2 0. 0. 0. 0. 0 0
66.493 1 GPS 0 0 0 0 0 0 0 0 0 0 1
66.545 1 WP_MOVED 10 360453.8125 4813581. 260. 31
66.548 1 BAT 0 119 0 0 1 2506 0 0
66.550 1 DL_VALUE 10 0.
66.723 1 NAVIGATION 0 2 0. 0. 0. 0. 0 0
66.743 1 GPS 0 0 0 0 0 0 0 0 0 0 1
66.837 1 ATTITUDE 0. 0. 0.
66.935 1 ESTIMATOR 0. 0.
66.958 1 DOWNLINK_STATUS 0 67 32058 1383 0 415. 18. -1.38206604541e+12
66.973 1 NAVIGATION 0 2 0. 0. 0. 0. 0 0
67.001 1 GPS 0 0 0 0 0 0 0 0 0 0 1
67.008 1 DESIRED 0. 0. 0. 0. 0. 235. 0. 20.
67.038 1 WP_MOVED 11 360170.5 4813757.5 260. 31
67.223 1 NAVIGATION 0 2 0. 0. 0. 0. 0 0
67.248 1 GPS 0 0 0 0 0 0 0 0 0 0 1
67.253 1 NAVIGATION 0 2 0. 0. 0. 0. 0 0
67.337 1 ATTITUDE 0. 0. 0.
67.435 1 ESTIMATOR 0. 0.
67.473 1 NAVIGATION 0 2 0. 0. 0. 0. 0 0
67.493 1 GPS 0 0 0 0 0 0 0 0 0 0 1
67.538 1 WP_MOVED 0 360327. 4813637. 260. 31
67.640 1 BAT 0 119 0 0 1 2507 0 0
67.642 1 CALIBRATION 0. 0
67.725 1 FBW_STATUS 2 0 2 119 0
67.729 1 NAVIGATION 0 2 0. 0. 0. 0. 0 0
67.742 1 GPS 0 0 0 0 0 0 0 0 0 0 1
67.837 1 ATTITUDE 0. 0. 0.
67.940 1 ESTIMATOR 0. 0.
67.943 1 ENERGY 11.9 0. 0 0.
67.962 1 DOWNLINK_STATUS 0 68 32529 1403 0 471. 20. -1.38206604541e+12
67.973 1 NAVIGATION 0 2 0. 0. 0. 0. 0 0
67.993 1 GPS 0 0 0 0 0 0 0 0 0 0 1
68.048 1 WP_MOVED 1 360285. 4813595. 260. 31
68.055 1 DESIRED 0. 0. 0. 0. 0. 235. 0. 20.
68.057 1 DL_VALUE 0 0.
68.136 1 GPS_SOL 0 0 0 0
68.223 1 NAVIGATION 0 2 0. 0. 0. 0. 0 0
68.249 1 GPS 0 0 0 0 0 0 0 0 0 0 1
68.253 1 NAVIGATION 0 2 0. 0. 0. 0. 0 0
68.337 1 ATTITUDE 0. 0. 0.
68.435 1 ESTIMATOR 0. 0.
68.473 1 NAVIGATION 0 2 0. 0. 0. 0. 0 0
68.493 1 GPS 0 0 0 0 0 0 0 0 0 0 1
68.538 1 WP_MOVED 2 360334.5 4813695. 260. 31
68.723 1 NAVIGATION 0 2 0. 0. 0. 0. 0 0
68.750 1 GPS 0 0 0 0 0 0 0 0 0 0 1
68.751 1 BAT 0 119 0 0 1 2509 0 0
68.837 1 ATTITUDE 0. 0. 0.
68.935 1 ESTIMATOR 0. 0.
68.966 1 DOWNLINK_STATUS 0 69 32982 1422 0 453. 19. -1.38206604541e+12
68.973 1 NAVIGATION 0 2 0. 0. 0. 0. 0 0
68.993 1 GPS 0 0 0 0 0 0 0 0 0 0 1
69.037 1 WP_MOVED 3 360295.09375 4813785. 260. 31
69.094 1 DESIRED 0. 0. 0. 0. 0. 235. 0. 20.
69.223 1 NAVIGATION 0 2 0. 0. 0. 0. 0 0
69.248 1 GPS 0 0 0 0 0 0 0 0 0 0 1
69.253 1 NAVIGATION 0 2 0. 0. 0. 0. 0 0
69.337 1 ATTITUDE 0. 0. 0.
69.435 1 ESTIMATOR 0. 0.
69.473 1 NAVIGATION 0 2 0. 0. 0. 0. 0 0
69.493 1 GPS 0 0 0 0 0 0 0 0 0 0 1
69.540 1 WP_MOVED 4 360417.3125 4813734. 260. 31
69.542 1 DL_VALUE 1 0.
69.725 1 FBW_STATUS 2 0 2 119 0
69.729 1 NAVIGATION 0 2 0. 0. 0. 0. 0 0
69.745 1 GPS 0 0 0 0 0 0 0 0 0 0 1
69.748 1 CALIBRATION 0. 0
69.820 1 COMMANDS 0,0,0,0,0,-9600
69.841 1 ATTITUDE 0. 0. 0.
69.845 1 BAT 0 119 0 0 1 2510 0 0
69.920 1 ACTUATORS 1400,1510,1553,1553,700
69.935 1 ESTIMATOR 0. 0.
69.969 1 DOWNLINK_STATUS 0 70 33480 1444 0 498. 22. -1.38206604541e+12
69.973 1 NAVIGATION 0 2 0. 0. 0. 0. 0 0
69.993 1 GPS 0 0 0 0 0 0 0 0 0 0 1
70.037 1 WP_MOVED 5 360422. 4813583.5 260. 31
70.151 1 DESIRED 0. 0. 0. 0. 0. 235. 0. 20.
70.154 1 GPS_SOL 0 0 0 0
70.156 1 DOWNLINK 0 472 52043
70.223 1 NAVIGATION 0 2 0. 0. 0. 0. 0 0
70.248 1 GPS 0 0 0 0 0 0 0 0 0 0 1
70.253 1 NAVIGATION 0 2 0. 0. 0. 0. 0 0
70.337 1 ATTITUDE 0. 0. 0.
70.439 1 ESTIMATOR 0. 0.
70.443 1 ENERGY 11.9 0. 0 0.
70.473 1 NAVIGATION 0 2 0. 0. 0. 0. 0 0
70.493 1 GPS 0 0 0 0 0 0 0 0 0 0 1
70.542 1 WP_MOVED 6 360165.8125 4813664.5 260. 31
70.546 1 ALIVE 78,83,188,43,101,142,7,153,187,81,218,112,235,181,195,43
70.634 1 PPRZ_MODE 2 0 0 0 0 10
70.723 1 NAVIGATION 0 2 0. 0. 0. 0. 0 0
70.746 1 GPS 0 0 0 0 0 0 0 0 0 0 1
70.836 1 ATTITUDE 0. 0. 0.
70.940 1 ESTIMATOR 0. 0.
70.943 1 BAT 0 119 0 0 1 2511 0 0
70.969 1 DOWNLINK_STATUS 0 71 33988 1466 0 508. 22. -1.38206605041e+12
70.973 1 NAVIGATION 0 2 0. 0. 0. 0. 0 0
70.993 1 GPS 0 0 0 0 0 0 0 0 0 0 1
71.040 1 WP_MOVED 7 360559.40625 4813804.5 260. 31
71.042 1 DL_VALUE 2 235.
71.195 1 DESIRED 0. 0. 0. 0. 0. 235. 0. 20.
71.223 1 NAVIGATION 0 2 0. 0. 0. 0. 0 0
71.248 1 GPS 0 0 0 0 0 0 0 0 0 0 1
71.253 1 NAVIGATION 0 2 0. 0. 0. 0. 0 0
71.337 1 ATTITUDE 0. 0. 0.
71.435 1 ESTIMATOR 0. 0.
71.473 1 NAVIGATION 0 2 0. 0. 0. 0. 0 0
71.492 1 GPS 0 0 0 0 0 0 0 0 0 0 1
71.537 1 WP_MOVED 8 360462.40625 4813640. 215. 31
71.725 1 FBW_STATUS 2 0 2 119 0
71.729 1 NAVIGATION 0 2 0. 0. 0. 0. 0 0
71.742 1 GPS 0 0 0 0 0 0 0 0 0 0 1
71.839 1 ATTITUDE 0. 0. 0.
71.841 1 CALIBRATION 0. 0
71.935 1 ESTIMATOR 0. 0.
71.970 1 DOWNLINK_STATUS 0 72 34429 1485 0 441. 19. -1.38206605041e+12
72.971 1 DOWNLINK_STATUS 0 73 34429 1485 0 0. 0. -1.38206605041e+12
73.970 1 DOWNLINK_STATUS 0 74 34429 1485 0 0. 0. -1.38206605041e+12
74.971 1 DOWNLINK_STATUS 0 75 34429 1485 0 0. 0. -1.38206605041e+12
75.970 1 DOWNLINK_STATUS 0 76 34429 1485 0 0. 0. -1.38206605541e+12
76.162 1 WIND_INFO 1 42 0. 0. 0.
76.971 1 DOWNLINK_STATUS 0 77 34429 1485 0 0. 0. -1.38206605541e+12
77.971 1 DOWNLINK_STATUS 0 78 34429 1485 0 0. 0. -1.38206605541e+12
78.971 1 DOWNLINK_STATUS 0 79 34429 1485 0 0. 0. -1.38206605541e+12
79.971 1 DOWNLINK_STATUS 0 80 34429 1485 0 0. 0. -1.38206605541e+12
80.971 1 DOWNLINK_STATUS 0 81 34429 1485 0 0. 0. -1.38206606041e+12
81.971 1 DOWNLINK_STATUS 0 82 34429 1485 0 0. 0. -1.38206606041e+12
82.971 1 DOWNLINK_STATUS 0 83 34429 1485 0 0. 0. -1.38206606041e+12
83.971 1 DOWNLINK_STATUS 0 84 34429 1485 0 0. 0. -1.38206606041e+12
84.971 1 DOWNLINK_STATUS 0 85 34429 1485 0 0. 0. -1.38206606041e+12
85.971 1 DOWNLINK_STATUS 0 86 34429 1485 0 0. 0. -1.38206606541e+12
86.163 1 WIND_INFO 1 42 0. 0. 0.
86.971 1 DOWNLINK_STATUS 0 87 34429 1485 0 0. 0. -1.38206606541e+12
87.972 1 DOWNLINK_STATUS 0 88 34429 1485 0 0. 0. -1.38206606541e+12
88.972 1 DOWNLINK_STATUS 0 89 34429 1485 0 0. 0. -1.38206606541e+12
89.972 1 DOWNLINK_STATUS 0 90 34429 1485 0 0. 0. -1.38206606541e+12
90.972 1 DOWNLINK_STATUS 0 91 34429 1485 0 0. 0. -1.38206607042e+12
91.972 1 DOWNLINK_STATUS 0 92 34429 1485 0 0. 0. -1.38206607042e+12
92.972 1 DOWNLINK_STATUS 0 93 34429 1485 0 0. 0. -1.38206607042e+12
93.972 1 DOWNLINK_STATUS 0 94 34429 1485 0 0. 0. -1.38206607042e+12
94.972 1 DOWNLINK_STATUS 0 95 34429 1485 0 0. 0. -1.38206607042e+12
95.972 1 DOWNLINK_STATUS 0 96 34429 1485 0 0. 0. -1.38206607542e+12
96.163 1 WIND_INFO 1 42 0. 0. 0.
96.972 1 DOWNLINK_STATUS 0 97 34429 1485 0 0. 0. -1.38206607542e+12
97.972 1 DOWNLINK_STATUS 0 98 34429 1485 0 0. 0. -1.38206607542e+12
98.972 1 DOWNLINK_STATUS 0 99 34429 1485 0 0. 0. -1.38206607542e+12
99.972 1 DOWNLINK_STATUS 0 100 34429 1485 0 0. 0. -1.38206607542e+12
100.972 1 DOWNLINK_STATUS 0 101 34429 1485 0 0. 0. -1.38206608042e+12
101.972 1 DOWNLINK_STATUS 0 102 34429 1485 0 0. 0. -1.38206608042e+12
102.972 1 DOWNLINK_STATUS 0 103 34429 1485 0 0. 0. -1.38206608042e+12
103.972 1 DOWNLINK_STATUS 0 104 34429 1485 0 0. 0. -1.38206608042e+12
104.972 1 DOWNLINK_STATUS 0 105 34429 1485 0 0. 0. -1.38206608042e+12
105.973 1 DOWNLINK_STATUS 0 106 34429 1485 0 0. 0. -1.38206608543e+12
106.164 1 WIND_INFO 1 42 0. 0. 0.
106.974 1 DOWNLINK_STATUS 0 107 34429 1485 0 0. 0. -1.38206608543e+12
107.976 1 DOWNLINK_STATUS 0 108 34429 1485 0 0. 0. -1.38206608543e+12
108.980 1 DOWNLINK_STATUS 0 109 34429 1485 0 0. 0. -1.38206608543e+12
109.984 1 DOWNLINK_STATUS 0 110 34429 1485 0 0. 0. -1.38206608543e+12
110.988 1 DOWNLINK_STATUS 0 111 34429 1485 0 0. 0. -1.38206609044e+12
111.988 1 DOWNLINK_STATUS 0 112 34429 1485 0 0. 0. -1.38206609044e+12
112.988 1 DOWNLINK_STATUS 0 113 34429 1485 0 0. 0. -1.38206609044e+12
113.988 1 DOWNLINK_STATUS 0 114 34429 1485 0 0. 0. -1.38206609044e+12
114.989 1 DOWNLINK_STATUS 0 115 34429 1485 0 0. 0. -1.38206609044e+12
115.989 1 DOWNLINK_STATUS 0 116 34429 1485 0 0. 0. -1.38206609544e+12
116.164 1 WIND_INFO 1 42 0. 0. 0.
116.989 1 DOWNLINK_STATUS 0 117 34429 1485 0 0. 0. -1.38206609544e+12
117.989 1 DOWNLINK_STATUS 0 118 34429 1485 0 0. 0. -1.38206609544e+12
118.989 1 DOWNLINK_STATUS 0 119 34429 1485 0 0. 0. -1.38206609544e+12
119.990 1 DOWNLINK_STATUS 0 120 34429 1485 0 0. 0. -1.38206609544e+12
120.990 1 DOWNLINK_STATUS 0 121 34429 1485 0 0. 0. -1.38206610044e+12
121.990 1 DOWNLINK_STATUS 0 122 34429 1485 0 0. 0. -1.38206610044e+12
122.990 1 DOWNLINK_STATUS 0 123 34429 1485 0 0. 0. -1.38206610044e+12
123.990 1 DOWNLINK_STATUS 0 124 34429 1485 0 0. 0. -1.38206610044e+12
124.990 1 DOWNLINK_STATUS 0 125 34429 1485 0 0. 0. -1.38206610044e+12
125.990 1 DOWNLINK_STATUS 0 126 34429 1485 0 0. 0. -1.38206610545e+12
126.164 1 WIND_INFO 1 42 0. 0. 0.
126.990 1 DOWNLINK_STATUS 0 127 34429 1485 0 0. 0. -1.38206610545e+12
127.990 1 DOWNLINK_STATUS 0 128 34429 1485 0 0. 0. -1.38206610545e+12
128.990 1 DOWNLINK_STATUS 0 129 34429 1485 0 0. 0. -1.38206610545e+12
129.992 1 DOWNLINK_STATUS 0 130 34429 1485 0 0. 0. -1.38206610545e+12
130.993 1 DOWNLINK_STATUS 0 131 34429 1485 0 0. 0. -1.38206611045e+12
131.993 1 DOWNLINK_STATUS 0 132 34429 1485 0 0. 0. -1.38206611045e+12
132.993 1 DOWNLINK_STATUS 0 133 34429 1485 0 0. 0. -1.38206611045e+12
133.993 1 DOWNLINK_STATUS 0 134 34429 1485 0 0. 0. -1.38206611045e+12
134.993 1 DOWNLINK_STATUS 0 135 34429 1485 0 0. 0. -1.38206611045e+12
135.993 1 DOWNLINK_STATUS 0 136 34429 1485 0 0. 0. -1.38206611546e+12
136.165 1 WIND_INFO 1 42 0. 0. 0.
136.997 1 DOWNLINK_STATUS 0 137 34429 1485 0 0. 0. -1.38206611546e+12
138.001 1 DOWNLINK_STATUS 0 138 34429 1485 0 0. 0. -1.38206611546e+12
139.005 1 DOWNLINK_STATUS 0 139 34429 1485 0 0. 0. -1.38206611546e+12
140.009 1 DOWNLINK_STATUS 0 140 34429 1485 0 0. 0. -1.38206611546e+12
141.013 1 DOWNLINK_STATUS 0 141 34429 1485 0 0. 0. -1.38206612046e+12
142.017 1 DOWNLINK_STATUS 0 142 34429 1485 0 0. 0. -1.38206612046e+12
143.025 1 DOWNLINK_STATUS 0 143 34429 1485 0 0. 0. -1.38206612046e+12
144.033 1 DOWNLINK_STATUS 0 144 34429 1485 0 0. 0. -1.38206612046e+12
145.034 1 DOWNLINK_STATUS 0 145 34429 1485 0 0. 0. -1.38206612046e+12
146.037 1 DOWNLINK_STATUS 0 146 34429 1485 0 0. 0. -1.38206612547e+12
146.165 1 WIND_INFO 1 42 0. 0. 0.
147.048 1 DOWNLINK_STATUS 0 147 34429 1485 0 0. 0. -1.38206612547e+12
148.049 1 DOWNLINK_STATUS 0 148 34429 1485 0 0. 0. -1.38206612547e+12
149.049 1 DOWNLINK_STATUS 0 149 34429 1485 0 0. 0. -1.38206612547e+12
150.053 1 DOWNLINK_STATUS 0 150 34429 1485 0 0. 0. -1.38206612547e+12
151.057 1 DOWNLINK_STATUS 0 151 34429 1485 0 0. 0. -1.38206613047e+12
152.063 1 DOWNLINK_STATUS 0 152 34429 1485 0 0. 0. -1.38206613047e+12
153.065 1 DOWNLINK_STATUS 0 153 34429 1485 0 0. 0. -1.38206613047e+12
154.070 1 DOWNLINK_STATUS 0 154 34429 1485 0 0. 0. -1.38206613047e+12
155.073 1 DOWNLINK_STATUS 0 155 34429 1485 0 0. 0. -1.38206613047e+12
156.078 1 DOWNLINK_STATUS 0 156 34429 1485 0 0. 0. -1.38206613548e+12
156.166 1 WIND_INFO 1 42 0. 0. 0.
157.082 1 DOWNLINK_STATUS 0 157 34429 1485 0 0. 0. -1.38206613548e+12
158.086 1 DOWNLINK_STATUS 0 158 34429 1485 0 0. 0. -1.38206613548e+12
159.090 1 DOWNLINK_STATUS 0 159 34429 1485 0 0. 0. -1.38206613548e+12
160.094 1 DOWNLINK_STATUS 0 160 34429 1485 0 0. 0. -1.38206613548e+12
161.098 1 DOWNLINK_STATUS 0 161 34429 1485 0 0. 0. -1.38206614048e+12
162.102 1 DOWNLINK_STATUS 0 162 34429 1485 0 0. 0. -1.38206614048e+12
163.106 1 DOWNLINK_STATUS 0 163 34429 1485 0 0. 0. -1.38206614048e+12
164.110 1 DOWNLINK_STATUS 0 164 34429 1485 0 0. 0. -1.38206614048e+12
165.114 1 DOWNLINK_STATUS 0 165 34429 1485 0 0. 0. -1.38206614048e+12
166.118 1 DOWNLINK_STATUS 0 166 34429 1485 0 0. 0. -1.38206614549e+12
166.166 1 WIND_INFO 1 42 0. 0. 0.
167.122 1 DOWNLINK_STATUS 0 167 34429 1485 0 0. 0. -1.38206614549e+12
168.126 1 DOWNLINK_STATUS 0 168 34429 1485 0 0. 0. -1.38206614549e+12
169.130 1 DOWNLINK_STATUS 0 169 34429 1485 0 0. 0. -1.38206614549e+12
170.134 1 DOWNLINK_STATUS 0 170 34429 1485 0 0. 0. -1.38206614549e+12
171.138 1 DOWNLINK_STATUS 0 171 34429 1485 0 0. 0. -1.38206615049e+12
172.141 1 DOWNLINK_STATUS 0 172 34429 1485 0 0. 0. -1.38206615049e+12
173.146 1 DOWNLINK_STATUS 0 173 34429 1485 0 0. 0. -1.38206615049e+12
174.150 1 DOWNLINK_STATUS 0 174 34429 1485 0 0. 0. -1.38206615049e+12
175.154 1 DOWNLINK_STATUS 0 175 34429 1485 0 0. 0. -1.38206615049e+12
176.158 1 DOWNLINK_STATUS 0 176 34429 1485 0 0. 0. -1.38206615549e+12
176.166 1 WIND_INFO 1 42 0. 0. 0.
177.162 1 DOWNLINK_STATUS 0 177 34429 1485 0 0. 0. -1.38206615549e+12
178.166 1 DOWNLINK_STATUS 0 178 34429 1485 0 0. 0. -1.38206615549e+12
179.174 1 DOWNLINK_STATUS 0 179 34429 1485 0 0. 0. -1.38206615549e+12
180.182 1 DOWNLINK_STATUS 0 180 34429 1485 0 0. 0. -1.38206615549e+12
181.190 1 DOWNLINK_STATUS 0 181 34429 1485 0 0. 0. -1.38206616049e+12
182.199 1 DOWNLINK_STATUS 0 182 34429 1485 0 0. 0. -1.38206616049e+12
183.207 1 DOWNLINK_STATUS 0 183 34429 1485 0 0. 0. -1.38206616049e+12
184.215 1 DOWNLINK_STATUS 0 184 34429 1485 0 0. 0. -1.38206616049e+12
185.219 1 DOWNLINK_STATUS 0 185 34429 1485 0 0. 0. -1.38206616049e+12
186.167 1 WIND_INFO 1 42 0. 0. 0.
186.219 1 DOWNLINK_STATUS 0 186 34429 1485 0 0. 0. -1.38206616549e+12
187.219 1 DOWNLINK_STATUS 0 187 34429 1485 0 0. 0. -1.38206616549e+12
188.219 1 DOWNLINK_STATUS 0 188 34429 1485 0 0. 0. -1.38206616549e+12
189.219 1 DOWNLINK_STATUS 0 189 34429 1485 0 0. 0. -1.38206616549e+12
190.219 1 DOWNLINK_STATUS 0 190 34429 1485 0 0. 0. -1.38206616549e+12
191.219 1 DOWNLINK_STATUS 0 191 34429 1485 0 0. 0. -1.3820661705e+12
192.220 1 DOWNLINK_STATUS 0 192 34429 1485 0 0. 0. -1.3820661705e+12
193.221 1 DOWNLINK_STATUS 0 193 34429 1485 0 0. 0. -1.3820661705e+12
194.221 1 DOWNLINK_STATUS 0 194 34429 1485 0 0. 0. -1.3820661705e+12
195.221 1 DOWNLINK_STATUS 0 195 34429 1485 0 0. 0. -1.3820661705e+12
196.167 1 WIND_INFO 1 42 0. 0. 0.
196.221 1 DOWNLINK_STATUS 0 196 34429 1485 0 0. 0. -1.3820661755e+12
197.221 1 DOWNLINK_STATUS 0 197 34429 1485 0 0. 0. -1.3820661755e+12
198.221 1 DOWNLINK_STATUS 0 198 34429 1485 0 0. 0. -1.3820661755e+12
199.221 1 DOWNLINK_STATUS 0 199 34429 1485 0 0. 0. -1.3820661755e+12
200.226 1 DOWNLINK_STATUS 0 200 34429 1485 0 0. 0. -1.3820661755e+12
201.231 1 DOWNLINK_STATUS 0 201 34429 1485 0 0. 0. -1.3820661805e+12
202.235 1 DOWNLINK_STATUS 0 202 34429 1485 0 0. 0. -1.3820661805e+12
203.239 1 DOWNLINK_STATUS 0 203 34429 1485 0 0. 0. -1.3820661805e+12
204.243 1 DOWNLINK_STATUS 0 204 34429 1485 0 0. 0. -1.3820661805e+12
205.243 1 DOWNLINK_STATUS 0 205 34429 1485 0 0. 0. -1.3820661805e+12
206.168 1 WIND_INFO 1 42 0. 0. 0.
206.248 1 DOWNLINK_STATUS 0 206 34429 1485 0 0. 0. -1.38206618551e+12
207.248 1 DOWNLINK_STATUS 0 207 34429 1485 0 0. 0. -1.38206618551e+12
208.248 1 DOWNLINK_STATUS 0 208 34429 1485 0 0. 0. -1.38206618551e+12
209.248 1 DOWNLINK_STATUS 0 209 34429 1485 0 0. 0. -1.38206618551e+12
210.248 1 DOWNLINK_STATUS 0 210 34429 1485 0 0. 0. -1.38206618551e+12
211.248 1 DOWNLINK_STATUS 0 211 34429 1485 0 0. 0. -1.38206619051e+12
212.248 1 DOWNLINK_STATUS 0 212 34429 1485 0 0. 0. -1.38206619051e+12
213.248 1 DOWNLINK_STATUS 0 213 34429 1485 0 0. 0. -1.38206619051e+12
214.248 1 DOWNLINK_STATUS 0 214 34429 1485 0 0. 0. -1.38206619051e+12
215.248 1 DOWNLINK_STATUS 0 215 34429 1485 0 0. 0. -1.38206619051e+12
216.168 1 WIND_INFO 1 42 0. 0. 0.
216.248 1 DOWNLINK_STATUS 0 216 34429 1485 0 0. 0. -1.38206619552e+12
217.248 1 DOWNLINK_STATUS 0 217 34429 1485 0 0. 0. -1.38206619552e+12
218.248 1 DOWNLINK_STATUS 0 218 34429 1485 0 0. 0. -1.38206619552e+12
219.251 1 DOWNLINK_STATUS 0 219 34429 1485 0 0. 0. -1.38206619552e+12
220.251 1 DOWNLINK_STATUS 0 220 34429 1485 0 0. 0. -1.38206619552e+12
221.251 1 DOWNLINK_STATUS 0 221 34429 1485 0 0. 0. -1.38206620052e+12
222.251 1 DOWNLINK_STATUS 0 222 34429 1485 0 0. 0. -1.38206620052e+12
223.251 1 DOWNLINK_STATUS 0 223 34429 1485 0 0. 0. -1.38206620052e+12
224.251 1 DOWNLINK_STATUS 0 224 34429 1485 0 0. 0. -1.38206620052e+12
225.251 1 DOWNLINK_STATUS 0 225 34429 1485 0 0. 0. -1.38206620052e+12
226.168 1 WIND_INFO 1 42 0. 0. 0.
226.255 1 DOWNLINK_STATUS 0 226 34429 1485 0 0. 0. -1.38206620552e+12
227.256 1 DOWNLINK_STATUS 0 227 34429 1485 0 0. 0. -1.38206620552e+12
228.256 1 DOWNLINK_STATUS 0 228 34429 1485 0 0. 0. -1.38206620552e+12
229.260 1 DOWNLINK_STATUS 0 229 34429 1485 0 0. 0. -1.38206620552e+12
230.265 1 DOWNLINK_STATUS 0 230 34429 1485 0 0. 0. -1.38206620552e+12
231.269 1 DOWNLINK_STATUS 0 231 34429 1485 0 0. 0. -1.38206621053e+12
232.273 1 DOWNLINK_STATUS 0 232 34429 1485 0 0. 0. -1.38206621053e+12
233.277 1 DOWNLINK_STATUS 0 233 34429 1485 0 0. 0. -1.38206621053e+12
234.281 1 DOWNLINK_STATUS 0 234 34429 1485 0 0. 0. -1.38206621053e+12
235.285 1 DOWNLINK_STATUS 0 235 34429 1485 0 0. 0. -1.38206621053e+12
236.169 1 WIND_INFO 1 42 0. 0. 0.
236.289 1 DOWNLINK_STATUS 0 236 34429 1485 0 0. 0. -1.38206621553e+12
237.293 1 DOWNLINK_STATUS 0 237 34429 1485 0 0. 0. -1.38206621553e+12
238.297 1 DOWNLINK_STATUS 0 238 34429 1485 0 0. 0. -1.38206621553e+12
239.301 1 DOWNLINK_STATUS 0 239 34429 1485 0 0. 0. -1.38206621553e+12
240.305 1 DOWNLINK_STATUS 0 240 34429 1485 0 0. 0. -1.38206621553e+12
241.309 1 DOWNLINK_STATUS 0 241 34429 1485 0 0. 0. -1.38206622054e+12
242.313 1 DOWNLINK_STATUS 0 242 34429 1485 0 0. 0. -1.38206622054e+12
243.317 1 DOWNLINK_STATUS 0 243 34429 1485 0 0. 0. -1.38206622054e+12
244.321 1 DOWNLINK_STATUS 0 244 34429 1485 0 0. 0. -1.38206622054e+12
245.325 1 DOWNLINK_STATUS 0 245 34429 1485 0 0. 0. -1.38206622054e+12
246.169 1 WIND_INFO 1 42 0. 0. 0.
246.329 1 DOWNLINK_STATUS 0 246 34429 1485 0 0. 0. -1.38206622554e+12
247.333 1 DOWNLINK_STATUS 0 247 34429 1485 0 0. 0. -1.38206622554e+12
248.333 1 DOWNLINK_STATUS 0 248 34429 1485 0 0. 0. -1.38206622554e+12
249.333 1 DOWNLINK_STATUS 0 249 34429 1485 0 0. 0. -1.38206622554e+12
250.335 1 DOWNLINK_STATUS 0 250 34429 1485 0 0. 0. -1.38206622554e+12
251.338 1 DOWNLINK_STATUS 0 251 34429 1485 0 0. 0. -1.38206623055e+12
252.341 1 DOWNLINK_STATUS 0 252 34429 1485 0 0. 0. -1.38206623055e+12
253.345 1 DOWNLINK_STATUS 0 253 34429 1485 0 0. 0. -1.38206623055e+12
254.349 1 DOWNLINK_STATUS 0 254 34429 1485 0 0. 0. -1.38206623055e+12
255.353 1 DOWNLINK_STATUS 0 255 34429 1485 0 0. 0. -1.38206623055e+12
256.170 1 WIND_INFO 1 42 0. 0. 0.
256.357 1 DOWNLINK_STATUS 0 256 34429 1485 0 0. 0. -1.38206623555e+12
257.365 1 DOWNLINK_STATUS 0 257 34429 1485 0 0. 0. -1.38206623555e+12
258.370 1 DOWNLINK_STATUS 0 258 34429 1485 0 0. 0. -1.38206623555e+12
259.374 1 DOWNLINK_STATUS 0 259 34429 1485 0 0. 0. -1.38206623555e+12
260.378 1 DOWNLINK_STATUS 0 260 34429 1485 0 0. 0. -1.38206623555e+12
261.386 1 DOWNLINK_STATUS 0 261 34429 1485 0 0. 0. -1.38206624055e+12
262.394 1 DOWNLINK_STATUS 0 262 34429 1485 0 0. 0. -1.38206624055e+12
263.402 1 DOWNLINK_STATUS 0 263 34429 1485 0 0. 0. -1.38206624055e+12
264.410 1 DOWNLINK_STATUS 0 264 34429 1485 0 0. 0. -1.38206624055e+12
265.414 1 DOWNLINK_STATUS 0 265 34429 1485 0 0. 0. -1.38206624556e+12
266.170 1 WIND_INFO 1 42 0. 0. 0.
266.418 1 DOWNLINK_STATUS 0 266 34429 1485 0 0. 0. -1.38206624556e+12
267.422 1 DOWNLINK_STATUS 0 267 34429 1485 0 0. 0. -1.38206624556e+12
268.426 1 DOWNLINK_STATUS 0 268 34429 1485 0 0. 0. -1.38206624556e+12
269.430 1 DOWNLINK_STATUS 0 269 34429 1485 0 0. 0. -1.38206624556e+12
270.434 1 DOWNLINK_STATUS 0 270 34429 1485 0 0. 0. -1.38206625056e+12
271.438 1 DOWNLINK_STATUS 0 271 34429 1485 0 0. 0. -1.38206625056e+12
272.442 1 DOWNLINK_STATUS 0 272 34429 1485 0 0. 0. -1.38206625056e+12
273.446 1 DOWNLINK_STATUS 0 273 34429 1485 0 0. 0. -1.38206625056e+12
274.450 1 DOWNLINK_STATUS 0 274 34429 1485 0 0. 0. -1.38206625056e+12
275.454 1 DOWNLINK_STATUS 0 275 34429 1485 0 0. 0. -1.38206625557e+12
276.170 1 WIND_INFO 1 42 0. 0. 0.
276.458 1 DOWNLINK_STATUS 0 276 34429 1485 0 0. 0. -1.38206625557e+12
277.462 1 DOWNLINK_STATUS 0 277 34429 1485 0 0. 0. -1.38206625557e+12
278.467 1 DOWNLINK_STATUS 0 278 34429 1485 0 0. 0. -1.38206625557e+12
279.467 1 DOWNLINK_STATUS 0 279 34429 1485 0 0. 0. -1.38206625557e+12
280.467 1 DOWNLINK_STATUS 0 280 34429 1485 0 0. 0. -1.38206626057e+12
281.467 1 DOWNLINK_STATUS 0 281 34429 1485 0 0. 0. -1.38206626057e+12
282.468 1 DOWNLINK_STATUS 0 282 34429 1485 0 0. 0. -1.38206626057e+12
283.468 1 DOWNLINK_STATUS 0 283 34429 1485 0 0. 0. -1.38206626057e+12
284.468 1 DOWNLINK_STATUS 0 284 34429 1485 0 0. 0. -1.38206626057e+12
285.468 1 DOWNLINK_STATUS 0 285 34429 1485 0 0. 0. -1.38206626558e+12
286.171 1 WIND_INFO 1 42 0. 0. 0.
286.468 1 DOWNLINK_STATUS 0 286 34429 1485 0 0. 0. -1.38206626558e+12
287.468 1 DOWNLINK_STATUS 0 287 34429 1485 0 0. 0. -1.38206626558e+12
288.468 1 DOWNLINK_STATUS 0 288 34429 1485 0 0. 0. -1.38206626558e+12
289.468 1 DOWNLINK_STATUS 0 289 34429 1485 0 0. 0. -1.38206626558e+12
290.468 1 DOWNLINK_STATUS 0 290 34429 1485 0 0. 0. -1.38206627058e+12
291.469 1 DOWNLINK_STATUS 0 291 34429 1485 0 0. 0. -1.38206627058e+12
292.469 1 DOWNLINK_STATUS 0 292 34429 1485 0 0. 0. -1.38206627058e+12
293.469 1 DOWNLINK_STATUS 0 293 34429 1485 0 0. 0. -1.38206627058e+12
294.469 1 DOWNLINK_STATUS 0 294 34429 1485 0 0. 0. -1.38206627058e+12
295.469 1 DOWNLINK_STATUS 0 295 34429 1485 0 0. 0. -1.38206627558e+12
296.171 1 WIND_INFO 1 42 0. 0. 0.
296.469 1 DOWNLINK_STATUS 0 296 34429 1485 0 0. 0. -1.38206627558e+12
297.469 1 DOWNLINK_STATUS 0 297 34429 1485 0 0. 0. -1.38206627558e+12
298.470 1 DOWNLINK_STATUS 0 298 34429 1485 0 0. 0. -1.38206627558e+12
299.470 1 DOWNLINK_STATUS 0 299 34429 1485 0 0. 0. -1.38206627558e+12
300.470 1 DOWNLINK_STATUS 0 300 34429 1485 0 0. 0. -1.38206628059e+12
301.470 1 DOWNLINK_STATUS 0 301 34429 1485 0 0. 0. -1.38206628059e+12
302.470 1 DOWNLINK_STATUS 0 302 34429 1485 0 0. 0. -1.38206628059e+12
303.470 1 DOWNLINK_STATUS 0 303 34429 1485 0 0. 0. -1.38206628059e+12
304.470 1 DOWNLINK_STATUS 0 304 34429 1485 0 0. 0. -1.38206628059e+12
305.470 1 DOWNLINK_STATUS 0 305 34429 1485 0 0. 0. -1.38206628559e+12
306.172 1 WIND_INFO 1 42 0. 0. 0.
306.470 1 DOWNLINK_STATUS 0 306 34429 1485 0 0. 0. -1.38206628559e+12
307.470 1 DOWNLINK_STATUS 0 307 34429 1485 0 0. 0. -1.38206628559e+12
308.470 1 DOWNLINK_STATUS 0 308 34429 1485 0 0. 0. -1.38206628559e+12
309.470 1 DOWNLINK_STATUS 0 309 34429 1485 0 0. 0. -1.38206628559e+12
310.473 1 DOWNLINK_STATUS 0 310 34429 1485 0 0. 0. -1.38206629059e+12
311.477 1 DOWNLINK_STATUS 0 311 34429 1485 0 0. 0. -1.38206629059e+12
312.480 1 DOWNLINK_STATUS 0 312 34429 1485 0 0. 0. -1.38206629059e+12
313.484 1 DOWNLINK_STATUS 0 313 34429 1485 0 0. 0. -1.38206629059e+12
314.485 1 DOWNLINK_STATUS 0 314 34429 1485 0 0. 0. -1.38206629059e+12
315.485 1 DOWNLINK_STATUS 0 315 34429 1485 0 0. 0. -1.38206629559e+12
316.173 1 WIND_INFO 1 42 0. 0. 0.
316.485 1 DOWNLINK_STATUS 0 316 34429 1485 0 0. 0. -1.38206629559e+12
317.485 1 DOWNLINK_STATUS 0 317 34429 1485 0 0. 0. -1.38206629559e+12
318.498 1 DOWNLINK_STATUS 0 318 34429 1485 0 0. 0. -1.38206629559e+12
319.500 1 DOWNLINK_STATUS 0 319 34429 1485 0 0. 0. -1.38206629559e+12
320.504 1 DOWNLINK_STATUS 0 320 34429 1485 0 0. 0. -1.38206630059e+12
321.508 1 DOWNLINK_STATUS 0 321 34429 1485 0 0. 0. -1.38206630059e+12
322.513 1 DOWNLINK_STATUS 0 322 34429 1485 0 0. 0. -1.38206630059e+12
323.516 1 DOWNLINK_STATUS 0 323 34429 1485 0 0. 0. -1.38206630059e+12
324.520 1 DOWNLINK_STATUS 0 324 34429 1485 0 0. 0. -1.38206630059e+12
325.524 1 DOWNLINK_STATUS 0 325 34429 1485 0 0. 0. -1.38206630559e+12
326.177 1 WIND_INFO 1 42 0. 0. 0.
326.528 1 DOWNLINK_STATUS 0 326 34429 1485 0 0. 0. -1.38206630559e+12
327.535 1 DOWNLINK_STATUS 0 327 34429 1485 0 0. 0. -1.38206630559e+12
328.532 1 DOWNLINK_STATUS 0 328 34429 1485 0 0. 0. -1.38206630559e+12
329.532 1 DOWNLINK_STATUS 0 329 34429 1485 0 0. 0. -1.38206630559e+12
330.536 1 DOWNLINK_STATUS 0 330 34429 1485 0 0. 0. -1.3820663106e+12
331.541 1 DOWNLINK_STATUS 0 331 34429 1485 0 0. 0. -1.3820663106e+12
332.549 1 DOWNLINK_STATUS 0 332 34429 1485 0 0. 0. -1.3820663106e+12
333.557 1 DOWNLINK_STATUS 0 333 34429 1485 0 0. 0. -1.3820663106e+12
334.565 1 DOWNLINK_STATUS 0 334 34429 1485 0 0. 0. -1.3820663106e+12
335.573 1 DOWNLINK_STATUS 0 335 34429 1485 0 0. 0. -1.3820663156e+12
336.177 1 WIND_INFO 1 42 0. 0. 0.
336.577 1 DOWNLINK_STATUS 0 336 34429 1485 0 0. 0. -1.3820663156e+12
337.585 1 DOWNLINK_STATUS 0 337 34429 1485 0 0. 0. -1.3820663156e+12
338.593 1 DOWNLINK_STATUS 0 338 34429 1485 0 0. 0. -1.3820663156e+12
339.601 1 DOWNLINK_STATUS 0 339 34429 1485 0 0. 0. -1.3820663156e+12
340.609 1 DOWNLINK_STATUS 0 340 34429 1485 0 0. 0. -1.3820663206e+12
341.617 1 DOWNLINK_STATUS 0 341 34429 1485 0 0. 0. -1.3820663206e+12
342.625 1 DOWNLINK_STATUS 0 342 34429 1485 0 0. 0. -1.3820663206e+12
343.629 1 DOWNLINK_STATUS 0 343 34429 1485 0 0. 0. -1.3820663206e+12
344.633 1 DOWNLINK_STATUS 0 344 34429 1485 0 0. 0. -1.3820663206e+12
345.637 1 DOWNLINK_STATUS 0 345 34429 1485 0 0. 0. -1.3820663256e+12
346.177 1 WIND_INFO 1 42 0. 0. 0.
346.641 1 DOWNLINK_STATUS 0 346 34429 1485 0 0. 0. -1.3820663256e+12
347.645 1 DOWNLINK_STATUS 0 347 34429 1485 0 0. 0. -1.3820663256e+12
348.649 1 DOWNLINK_STATUS 0 348 34429 1485 0 0. 0. -1.3820663256e+12
349.653 1 DOWNLINK_STATUS 0 349 34429 1485 0 0. 0. -1.3820663256e+12
350.657 1 DOWNLINK_STATUS 0 350 34429 1485 0 0. 0. -1.38206633061e+12
351.661 1 DOWNLINK_STATUS 0 351 34429 1485 0 0. 0. -1.38206633061e+12
352.665 1 DOWNLINK_STATUS 0 352 34429 1485 0 0. 0. -1.38206633061e+12
353.669 1 DOWNLINK_STATUS 0 353 34429 1485 0 0. 0. -1.38206633061e+12
354.673 1 DOWNLINK_STATUS 0 354 34429 1485 0 0. 0. -1.38206633061e+12
355.677 1 DOWNLINK_STATUS 0 355 34429 1485 0 0. 0. -1.38206633561e+12
356.178 1 WIND_INFO 1 42 0. 0. 0.
356.682 1 DOWNLINK_STATUS 0 356 34429 1485 0 0. 0. -1.38206633561e+12
357.686 1 DOWNLINK_STATUS 0 357 34429 1485 0 0. 0. -1.38206633561e+12
358.690 1 DOWNLINK_STATUS 0 358 34429 1485 0 0. 0. -1.38206633561e+12
359.694 1 DOWNLINK_STATUS 0 359 34429 1485 0 0. 0. -1.38206633561e+12
360.698 1 DOWNLINK_STATUS 0 360 34429 1485 0 0. 0. -1.38206634061e+12
361.702 1 DOWNLINK_STATUS 0 361 34429 1485 0 0. 0. -1.38206634061e+12
362.706 1 DOWNLINK_STATUS 0 362 34429 1485 0 0. 0. -1.38206634061e+12
363.710 1 DOWNLINK_STATUS 0 363 34429 1485 0 0. 0. -1.38206634061e+12
364.714 1 DOWNLINK_STATUS 0 365 34429 1485 0 0. 0. -1.38206634061e+12
365.718 1 DOWNLINK_STATUS 0 366 34429 1485 0 0. 0. -1.38206634562e+12
366.178 1 WIND_INFO 1 42 0. 0. 0.
366.718 1 DOWNLINK_STATUS 0 367 34429 1485 0 0. 0. -1.38206634562e+12
367.719 1 DOWNLINK_STATUS 0 368 34429 1485 0 0. 0. -1.38206634562e+12
368.719 1 DOWNLINK_STATUS 0 369 34429 1485 0 0. 0. -1.38206634562e+12
369.719 1 DOWNLINK_STATUS 0 370 34429 1485 0 0. 0. -1.38206634562e+12
370.719 1 DOWNLINK_STATUS 0 371 34429 1485 0 0. 0. -1.38206635062e+12
371.726 1 DOWNLINK_STATUS 0 372 34429 1485 0 0. 0. -1.38206635062e+12
372.730 1 DOWNLINK_STATUS 0 373 34429 1485 0 0. 0. -1.38206635062e+12
373.734 1 DOWNLINK_STATUS 0 374 34429 1485 0 0. 0. -1.38206635062e+12
374.734 1 DOWNLINK_STATUS 0 375 34429 1485 0 0. 0. -1.38206635062e+12
375.736 1 DOWNLINK_STATUS 0 376 34429 1485 0 0. 0. -1.38206635562e+12
376.179 1 WIND_INFO 1 42 0. 0. 0.
376.743 1 DOWNLINK_STATUS 0 377 34429 1485 0 0. 0. -1.38206635562e+12
377.750 1 DOWNLINK_STATUS 0 378 34429 1485 0 0. 0. -1.38206635562e+12
378.754 1 DOWNLINK_STATUS 0 379 34429 1485 0 0. 0. -1.38206635562e+12
379.758 1 DOWNLINK_STATUS 0 380 34429 1485 0 0. 0. -1.38206635562e+12
380.762 1 DOWNLINK_STATUS 0 381 34429 1485 0 0. 0. -1.38206636062e+12
381.771 1 DOWNLINK_STATUS 0 382 34429 1485 0 0. 0. -1.38206636062e+12
382.778 1 DOWNLINK_STATUS 0 383 34429 1485 0 0. 0. -1.38206636062e+12
383.783 1 DOWNLINK_STATUS 0 384 34429 1485 0 0. 0. -1.38206636062e+12
384.787 1 DOWNLINK_STATUS 0 385 34429 1485 0 0. 0. -1.38206636062e+12
385.791 1 DOWNLINK_STATUS 0 386 34429 1485 0 0. 0. -1.38206636562e+12
386.179 1 WIND_INFO 1 42 0. 0. 0.
386.795 1 DOWNLINK_STATUS 0 387 34429 1485 0 0. 0. -1.38206636562e+12
387.799 1 DOWNLINK_STATUS 0 388 34429 1485 0 0. 0. -1.38206636562e+12
388.803 1 DOWNLINK_STATUS 0 389 34429 1485 0 0. 0. -1.38206636562e+12
389.807 1 DOWNLINK_STATUS 0 390 34429 1485 0 0. 0. -1.38206636562e+12
390.811 1 DOWNLINK_STATUS 0 391 34429 1485 0 0. 0. -1.38206637062e+12
391.815 1 DOWNLINK_STATUS 0 392 34429 1485 0 0. 0. -1.38206637062e+12
392.819 1 DOWNLINK_STATUS 0 393 34429 1485 0 0. 0. -1.38206637062e+12
393.823 1 DOWNLINK_STATUS 0 394 34429 1485 0 0. 0. -1.38206637062e+12
394.827 1 DOWNLINK_STATUS 0 395 34429 1485 0 0. 0. -1.38206637062e+12
395.830 1 DOWNLINK_STATUS 0 396 34429 1485 0 0. 0. -1.38206637562e+12
396.180 1 WIND_INFO 1 42 0. 0. 0.
396.830 1 DOWNLINK_STATUS 0 397 34429 1485 0 0. 0. -1.38206637562e+12
397.831 1 DOWNLINK_STATUS 0 398 34429 1485 0 0. 0. -1.38206637562e+12
398.831 1 DOWNLINK_STATUS 0 399 34429 1485 0 0. 0. -1.38206637562e+12
399.835 1 DOWNLINK_STATUS 0 400 34429 1485 0 0. 0. -1.38206637562e+12
400.839 1 DOWNLINK_STATUS 0 401 34429 1485 0 0. 0. -1.38206638062e+12
401.847 1 DOWNLINK_STATUS 0 402 34429 1485 0 0. 0. -1.38206638062e+12
