2.473 1 ATTITUDE 0. 0. 0.
2.572 1 ESTIMATOR 0. 0.
2.610 1 NAVIGATION 0 2 0. 0. 0. 0. 0 0
2.629 1 GPS 0 0 0 0 0 0 0 0 0 0 1
2.685 1 WP_MOVED 1 360285. 4813595. 260. 31
2.692 1 DESIRED 0. 0. 0. 0. 0. 235. 0. 20.
2.693 1 DL_VALUE 8 0.
2.773 1 GPS_SOL 0 0 0 0
2.860 1 NAVIGATION 0 2 0. 0. 0. 0. 0 0
2.885 1 GPS 0 0 0 0 0 0 0 0 0 0 1
2.889 1 NAVIGATION 0 2 0. 0. 0. 0. 0 0
2.973 1 ATTITUDE 0. 0. 0.
3.072 1 ESTIMATOR 0. 0.
3.113 1 NAVIGATION 0 2 0. 0. 0. 0. 0 0
3.124 1 DOWNLINK_STATUS 0 3 1511 66 0 514. 23. 0.
3.129 1 GPS 0 0 0 0 0 0 0 0 0 0 1
3.178 1 WP_MOVED 2 360334.5 4813695. 260. 31
3.360 1 NAVIGATION 0 2 0. 0. 0. 0. 0 0
3.379 1 GPS 0 0 0 0 0 0 0 0 0 0 1
3.478 1 ATTITUDE 0. 0. 0.
3.480 1 BAT 0 119 0 0 1 2257 0 0
3.572 1 ESTIMATOR 0. 0.
3.610 1 NAVIGATION 0 2 0. 0. 0. 0. 0 0
3.629 1 GPS 0 0 0 0 0 0 0 0 0 0 1
3.674 1 WP_MOVED 3 360295.09375 4813785. 260. 31
3.731 1 DESIRED 0. 0. 0. 0. 0. 235. 0. 20.
3.860 1 NAVIGATION 0 2 0. 0. 0. 0. 0 0
3.885 1 GPS 0 0 0 0 0 0 0 0 0 0 1
3.889 1 NAVIGATION 0 2 0. 0. 0. 0. 0 0
3.973 1 ATTITUDE 0. 0. 0.
4.072 1 ESTIMATOR 0. 0.
4.110 1 NAVIGATION 0 2 0. 0. 0. 0. 0 0
4.124 1 DOWNLINK_STATUS 0 4 1936 83 0 425. 17. 0.
4.129 1 GPS 0 0 0 0 0 0 0 0 0 0 1
4.176 1 WP_MOVED 4 360417.3125 4813734. 260. 31
4.179 1 DL_VALUE 9 1.
4.361 1 FBW_STATUS 2 0 2 119 0
4.365 1 NAVIGATION 0 2 0. 0. 0. 0. 0 0
4.382 1 GPS 0 0 0 0 0 0 0 0 0 0 1
4.383 1 CALIBRATION 0. 0
4.473 1 ATTITUDE 0. 0. 0.
4.581 1 ESTIMATOR 0. 0.
4.585 1 BAT 0 119 0 0 1 2258 0 0
4.592 1 ENERGY 11.9 0. 0 0.
4.610 1 NAVIGATION 0 2 0. 0. 0. 0. 0 0
4.629 1 GPS 0 0 0 0 0 0 0 0 0 0 1
4.674 1 WP_MOVED 5 360422. 4813583.5 260. 31
4.785 1 DESIRED 0. 0. 0. 0. 0. 235. 0. 20.
4.787 1 GPS_SOL 0 0 0 0
4.860 1 NAVIGATION 0 2 0. 0. 0. 0. 0 0
4.885 1 GPS 0 0 0 0 0 0 0 0 0 0 1
4.889 1 NAVIGATION 0 2 0. 0. 0. 0. 0 0
4.973 1 ATTITUDE 0. 0. 0.
5.077 1 ESTIMATOR 0. 0.
5.109 1 NAVIGATION 0 2 0. 0. 0. 0. 0 0
5.124 1 DOWNLINK_STATUS 0 5 2435 105 0 499. 22. 0.
5.132 1 GPS 0 0 0 0 0 0 0 0 0 0 1
5.174 1 WP_MOVED 6 360165.8125 4813664.5 260. 31
5.360 1 NAVIGATION 0 2 0. 0. 0. 0. 0 0
5.379 1 GPS 0 0 0 0 0 0 0 0 0 0 1
5.473 1 ATTITUDE 0. 0. 0.
5.571 1 ESTIMATOR 0. 0.
5.610 1 NAVIGATION 0 2 0. 0. 0. 0. 0 0
5.629 1 GPS 0 0 0 0 0 0 0 0 0 0 1
5.681 1 WP_MOVED 7 360559.40625 4813804.5 260. 31
5.685 1 BAT 0 119 0 0 1 2259 0 0
5.687 1 DL_VALUE 10 0.
5.831 1 DESIRED 0. 0. 0. 0. 0. 235. 0. 20.
5.860 1 NAVIGATION 0 2 0. 0. 0. 0. 0 0
5.885 1 GPS 0 0 0 0 0 0 0 0 0 0 1
5.889 1 NAVIGATION 0 2 0. 0. 0. 0. 0 0
5.973 1 ATTITUDE 0. 0. 0.
6.072 1 ESTIMATOR 0. 0.
6.110 1 NAVIGATION 0 2 0. 0. 0. 0. 0 0
6.124 1 DOWNLINK_STATUS 0 6 2871 123 0 436. 18. -1.38206579914e+12
6.129 1 GPS 0 0 0 0 0 0 0 0 0 0 1
6.174 1 WP_MOVED 8 360462.40625 4813640. 215. 31
6.363 1 NAVIGATION 0 2 0. 0. 0. 0. 0 0
6.366 1 FBW_STATUS 2 0 2 119 0
6.379 1 GPS 0 0 0 0 0 0 0 0 0 0 1
6.457 1 COMMANDS 0,0,0,0,0,-9600
6.475 1 ATTITUDE 0. 0. 0.
6.477 1 CALIBRATION 0. 0
6.556 1 ACTUATORS 1400,1510,1553,1553,700
6.572 1 ESTIMATOR 0. 0.
6.610 1 NAVIGATION 0 2 0. 0. 0. 0. 0 0
6.629 1 GPS 0 0 0 0 0 0 0 0 0 0 1
6.677 1 WP_MOVED 9 360313.8125 4813652. 185. 31
6.680 1 NAVIGATION_REF 360285 4813595 31
6.778 1 BAT 0 119 0 0 1 2260 0 0
6.781 1 GPS_SOL 0 0 0 0
6.859 1 NAVIGATION 0 2 0. 0. 0. 0. 0 0
6.893 1 GPS 0 0 0 0 0 0 0 0 0 0 1
6.898 1 NAVIGATION 0 2 0. 0. 0. 0. 0 0
6.905 1 DESIRED 0. 0. 0. 0. 0. 235. 0. 20.
6.906 1 DOWNLINK 0 491 46919
6.973 1 ATTITUDE 0. 0. 0.
7.076 1 ESTIMATOR 0. 0.
7.079 1 ENERGY 11.9 0. 0 0.
7.110 1 NAVIGATION 0 2 0. 0. 0. 0. 0 0
7.124 1 DOWNLINK_STATUS 0 7 3421 148 0 550. 25. -1.38206579914e+12
7.129 1 GPS 0 0 0 0 0 0 0 0 0 0 1
7.182 1 WP_MOVED 10 360453.8125 4813581. 260. 31
7.183 1 DL_VALUE 0 0.
7.187 1 ALIVE 78,83,188,43,101,142,7,153,187,81,218,112,235,181,195,43
7.271 1 PPRZ_MODE 2 0 0 0 0 10
7.365 1 NAVIGATION 0 2 0. 0. 0. 0. 0 0
7.379 1 GPS 0 0 0 0 0 0 0 0 0 0 1
7.473 1 ATTITUDE 0. 0. 0.
7.572 1 ESTIMATOR 0. 0.
7.610 1 NAVIGATION 0 2 0. 0. 0. 0. 0 0
7.629 1 GPS 0 0 0 0 0 0 0 0 0 0 1
7.674 1 WP_MOVED 11 360170.5 4813757.5 260. 31
7.860 1 NAVIGATION 0 2 0. 0. 0. 0. 0 0
7.890 1 GPS 0 0 0 0 0 0 0 0 0 0 1
7.894 1 NAVIGATION 0 2 0. 0. 0. 0. 0 0
7.898 1 BAT 0 119 0 0 1 2261 0 0
7.931 1 DESIRED 0. 0. 0. 0. 0. 235. 0. 20.
7.973 1 ATTITUDE 0. 0. 0.
8.071 1 ESTIMATOR 0. 0.
8.110 1 NAVIGATION 0 2 0. 0. 0. 0. 0 0
8.124 1 DOWNLINK_STATUS 0 8 3892 168 0 471. 20. -1.38206579914e+12
8.129 1 GPS 0 0 0 0 0 0 0 0 0 0 1
8.174 1 WP_MOVED 0 360327. 4813637. 260. 31
8.363 1 NAVIGATION 0 2 0. 0. 0. 0. 0 0
8.365 1 FBW_STATUS 2 0 2 119 0
8.379 1 GPS 0 0 0 0 0 0 0 0 0 0 1
8.474 1 ATTITUDE 0. 0. 0.
8.574 1 ESTIMATOR 0. 0.
8.576 1 CALIBRATION 0. 0
8.610 1 NAVIGATION 0 2 0. 0. 0. 0. 0 0
8.629 1 GPS 0 0 0 0 0 0 0 0 0 0 1
8.676 1 WP_MOVED 1 360285. 4813595. 260. 31
8.678 1 DL_VALUE 1 0.
8.773 1 GPS_SOL 0 0 0 0
8.860 1 NAVIGATION 0 2 0. 0. 0. 0. 0 0
8.885 1 GPS 0 0 0 0 0 0 0 0 0 0 1
8.889 1 NAVIGATION 0 2 0. 0. 0. 0. 0 0
8.991 1 ATTITUDE 0. 0. 0.
8.993 1 DESIRED 0. 0. 0. 0. 0. 235. 0. 20.
8.996 1 BAT 0 119 0 0 1 2262 0 0
9.072 1 ESTIMATOR 0. 0.
9.110 1 NAVIGATION 0 2 0. 0. 0. 0. 0 0
9.124 1 DOWNLINK_STATUS 0 9 4371 189 0 479. 21. -1.38206579914e+12
9.129 1 GPS 0 0 0 0 0 0 0 0 0 0 1
9.174 1 WP_MOVED 2 360334.5 4813695. 260. 31
9.359 1 NAVIGATION 0 2 0. 0. 0. 0. 0 0
9.379 1 GPS 0 0 0 0 0 0 0 0 0 0 1
9.473 1 ATTITUDE 0. 0. 0.
9.576 1 ESTIMATOR 0. 0.
9.579 1 ENERGY 11.9 0. 0 0.
9.610 1 NAVIGATION 0 2 0. 0. 0. 0. 0 0
9.629 1 GPS 0 0 0 0 0 0 0 0 0 0 1
9.674 1 WP_MOVED 3 360295.09375 4813785. 260. 31
9.859 1 NAVIGATION 0 2 0. 0. 0. 0. 0 0
9.885 1 GPS 0 0 0 0 0 0 0 0 0 0 1
9.889 1 NAVIGATION 0 2 0. 0. 0. 0. 0 0
9.973 1 ATTITUDE 0. 0. 0.
10.031 1 DESIRED 0. 0. 0. 0. 0. 235. 0. 20.
10.076 1 ESTIMATOR 0. 0.
10.080 1 BAT 0 119 0 0 1 2263 0 0
10.109 1 NAVIGATION 0 2 0. 0. 0. 0. 0 0
10.124 1 DOWNLINK_STATUS 0 10 4816 207 0 445. 18. -1.38206579914e+12
10.129 1 GPS 0 0 0 0 0 0 0 0 0 0 1
10.176 1 WP_MOVED 4 360417.3125 4813734. 260. 31
10.178 1 DL_VALUE 2 235.
10.361 1 FBW_STATUS 2 0 2 119 0
10.365 1 NAVIGATION 0 2 0. 0. 0. 0. 0 0
10.379 1 GPS 0 0 0 0 0 0 0 0 0 0 1
10.473 1 ATTITUDE 0. 0. 0.
10.571 1 ESTIMATOR 0. 0.
10.609 1 NAVIGATION 0 2 0. 0. 0. 0. 0 0
10.629 1 GPS 0 0 0 0 0 0 0 0 0 0 1
10.679 1 WP_MOVED 5 360422. 4813583.5 260. 31
10.679 1 CALIBRATION 0. 0
10.772 1 GPS_SOL 0 0 0 0
10.860 1 NAVIGATION 0 2 0. 0. 0. 0. 0 0
10.886 1 GPS 0 0 0 0 0 0 0 0 0 0 1
10.889 1 NAVIGATION 0 2 0. 0. 0. 0. 0 0
10.973 1 ATTITUDE 0. 0. 0.
11.080 1 ESTIMATOR 0. 0.
11.086 1 DESIRED 0. 0. 0. 0. 0. 235. 0. 20.
11.109 1 NAVIGATION 0 2 0. 0. 0. 0. 0 0
11.124 1 DOWNLINK_STATUS 0 11 5274 227 0 458. 20. -1.38206580415e+12
11.131 1 GPS 0 0 0 0 0 0 0 0 0 0 1
11.179 1 WP_MOVED 6 360165.8125 4813664.5 260. 31
11.182 1 BAT 0 119 0 0 1 2264 0 0
11.359 1 NAVIGATION 0 2 0. 0. 0. 0. 0 0
11.379 1 GPS 0 0 0 0 0 0 0 0 0 0 1
11.457 1 COMMANDS 0,0,0,0,0,-9600
11.473 1 ATTITUDE 0. 0. 0.
11.556 1 ACTUATORS 1400,1510,1553,1553,700
11.571 1 ESTIMATOR 0. 0.
11.610 1 NAVIGATION 0 2 0. 0. 0. 0. 0 0
11.629 1 GPS 0 0 0 0 0 0 0 0 0 0 1
11.676 1 WP_MOVED 7 360559.40625 4813804.5 260. 31
11.678 1 DL_VALUE 3 0.
11.859 1 NAVIGATION 0 2 0. 0. 0. 0. 0 0
11.885 1 GPS 0 0 0 0 0 0 0 0 0 0 1
11.889 1 NAVIGATION 0 2 0. 0. 0. 0. 0 0
11.975 1 ATTITUDE 0. 0. 0.
11.977 1 DOWNLINK 0 458 47020
12.076 1 ESTIMATOR 0. 0.
12.079 1 ENERGY 11.9 0. 0 0.
12.109 1 NAVIGATION 0 2 0. 0. 0. 0. 0 0
12.128 1 DOWNLINK_STATUS 0 12 5739 248 0 465. 21. -1.38206580415e+12
12.137 1 GPS 0 0 0 0 0 0 0 0 0 0 1
12.144 1 DESIRED 0. 0. 0. 0. 0. 235. 0. 20.
12.179 1 WP_MOVED 8 360462.40625 4813640. 215. 31
12.183 1 ALIVE 78,83,188,43,101,142,7,153,187,81,218,112,235,181,195,43
12.277 1 BAT 0 119 0 0 1 2265 0 0
12.279 1 PPRZ_MODE 2 0 0 0 0 10
12.361 1 FBW_STATUS 2 0 2 119 0
12.365 1 NAVIGATION 0 2 0. 0. 0. 0. 0 0
12.379 1 GPS 0 0 0 0 0 0 0 0 0 0 1
12.473 1 ATTITUDE 0. 0. 0.
12.571 1 ESTIMATOR 0. 0.
12.609 1 NAVIGATION 0 2 0. 0. 0. 0. 0 0
12.629 1 GPS 0 0 0 0 0 0 0 0 0 0 1
12.673 1 WP_MOVED 9 360313.8125 4813652. 185. 31
12.748 1 WIND_INFO 1 42 0. 0. 0.
12.775 1 GPS_SOL 0 0 0 0
12.777 1 CALIBRATION 0. 0
12.859 1 NAVIGATION 0 2 0. 0. 0. 0. 0 0
12.886 1 GPS 0 0 0 0 0 0 0 0 0 0 1
12.889 1 NAVIGATION 0 2 0. 0. 0. 0. 0 0
12.973 1 ATTITUDE 0. 0. 0.
13.071 1 ESTIMATOR 0. 0.
13.109 1 NAVIGATION 0 2 0. 0. 0. 0. 0 0
13.129 1 GPS 0 0 0 0 0 0 0 0 0 0 1
13.129 1 DOWNLINK_STATUS 0 13 6275 271 0 536. 23. -1.38206580415e+12
13.185 1 WP_MOVED 10 360453.8125 4813581. 260. 31
13.191 1 DESIRED 0. 0. 0. 0. 0. 235. 0. 20.
13.193 1 DL_VALUE 4 0.
13.359 1 NAVIGATION 0 2 0. 0. 0. 0. 0 0
13.383 1 GPS 0 0 0 0 0 0 0 0 0 0 1
13.387 1 BAT 0 119 0 0 1 2267 0 0
13.473 1 ATTITUDE 0. 0. 0.
13.571 1 ESTIMATOR 0. 0.
13.609 1 NAVIGATION 0 2 0. 0. 0. 0. 0 0
13.629 1 GPS 0 0 0 0 0 0 0 0 0 0 1
13.674 1 WP_MOVED 11 360170.5 4813757.5 260. 31
13.859 1 NAVIGATION 0 2 0. 0. 0. 0. 0 0
13.884 1 GPS 0 0 0 0 0 0 0 0 0 0 1
13.889 1 NAVIGATION 0 2 0. 0. 0. 0. 0 0
13.973 1 ATTITUDE 0. 0. 0.
14.071 1 ESTIMATOR 0. 0.
14.109 1 NAVIGATION 0 2 0. 0. 0. 0. 0 0
14.129 1 GPS 0 0 0 0 0 0 0 0 0 0 1
14.129 1 DOWNLINK_STATUS 0 14 6711 289 0 436. 18. -1.38206580415e+12
14.173 1 WP_MOVED 0 360327. 4813637. 260. 31
14.231 1 DESIRED 0. 0. 0. 0. 0. 235. 0. 20.
14.361 1 FBW_STATUS 2 0 2 119 0
14.365 1 NAVIGATION 0 2 0. 0. 0. 0. 0 0
14.379 1 GPS 0 0 0 0 0 0 0 0 0 0 1
14.478 1 ATTITUDE 0. 0. 0.
14.481 1 BAT 0 119 0 0 1 2268 0 0
14.576 1 ESTIMATOR 0. 0.
14.579 1 ENERGY 11.9 0. 0 0.
14.609 1 NAVIGATION 0 2 0. 0. 0. 0. 0 0
14.629 1 GPS 0 0 0 0 0 0 0 0 0 0 1
14.676 1 WP_MOVED 1 360285. 4813595. 260. 31
14.678 1 DL_VALUE 5 0.
14.772 1 GPS_SOL 0 0 0 0
14.859 1 NAVIGATION 0 2 0. 0. 0. 0. 0 0
14.887 1 GPS 0 0 0 0 0 0 0 0 0 0 1
14.892 1 NAVIGATION 0 2 0. 0. 0. 0. 0 0
14.893 1 CALIBRATION 0. 0
14.973 1 ATTITUDE 0. 0. 0.
15.071 1 ESTIMATOR 0. 0.
15.109 1 NAVIGATION 0 2 0. 0. 0. 0. 0 0
15.129 1 GPS 0 0 0 0 0 0 0 0 0 0 1
15.129 1 DOWNLINK_STATUS 0 15 7210 311 0 499. 22. -1.38206580415e+12
15.174 1 WP_MOVED 2 360334.5 4813695. 260. 31
15.281 1 DESIRED 0. 0. 0. 0. 0. 235. 0. 20.
15.359 1 NAVIGATION 0 2 0. 0. 0. 0. 0 0
15.379 1 GPS 0 0 0 0 0 0 0 0 0 0 1
15.473 1 ATTITUDE 0. 0. 0.
15.578 1 ESTIMATOR 0. 0.
15.580 1 BAT 0 119 0 0 1 2269 0 0
15.609 1 NAVIGATION 0 2 0. 0. 0. 0. 0 0
15.629 1 GPS 0 0 0 0 0 0 0 0 0 0 1
15.677 1 WP_MOVED 3 360295.09375 4813785. 260. 31
15.679 1 NAVIGATION_REF 360285 4813595 31
15.859 1 NAVIGATION 0 2 0. 0. 0. 0. 0 0
15.884 1 GPS 0 0 0 0 0 0 0 0 0 0 1
15.889 1 NAVIGATION 0 2 0. 0. 0. 0. 0 0
15.973 1 ATTITUDE 0. 0. 0.
16.071 1 ESTIMATOR 0. 0.
16.109 1 NAVIGATION 0 2 0. 0. 0. 0. 0 0
16.129 1 GPS 0 0 0 0 0 0 0 0 0 0 1
16.129 1 DOWNLINK_STATUS 0 16 7650 329 0 440. 18. -1.38206580915e+12
16.176 1 WP_MOVED 4 360417.3125 4813734. 260. 31
16.178 1 DL_VALUE 6 40.
16.331 1 DESIRED 0. 0. 0. 0. 0. 235. 0. 20.
16.361 1 FBW_STATUS 2 0 2 119 0
16.365 1 NAVIGATION 0 2 0. 0. 0. 0. 0 0
16.379 1 GPS 0 0 0 0 0 0 0 0 0 0 1
16.456 1 COMMANDS 0,0,0,0,0,-9600
16.473 1 ATTITUDE 0. 0. 0.
16.556 1 ACTUATORS 1400,1510,1553,1553,700
16.571 1 ESTIMATOR 0. 0.
16.609 1 NAVIGATION 0 2 0. 0. 0. 0. 0 0
16.629 1 GPS 0 0 0 0 0 0 0 0 0 0 1
16.678 1 WP_MOVED 5 360422. 4813583.5 260. 31
16.682 1 BAT 0 119 0 0 1 2270 0 0
16.772 1 GPS_SOL 0 0 0 0
16.859 1 NAVIGATION 0 2 0. 0. 0. 0. 0 0
16.884 1 GPS 0 0 0 0 0 0 0 0 0 0 1
16.889 1 NAVIGATION 0 2 0. 0. 0. 0. 0 0
16.975 1 ATTITUDE 0. 0. 0.
16.977 1 CALIBRATION 0. 0
17.078 1 ESTIMATOR 0. 0.
17.081 1 ENERGY 11.9 0. 0 0.
17.083 1 DOWNLINK 0 481 47127
17.109 1 NAVIGATION 0 2 0. 0. 0. 0. 0 0
17.129 1 GPS 0 0 0 0 0 0 0 0 0 0 1
17.129 1 DOWNLINK_STATUS 0 17 8196 354 0 546. 25. -1.38206580915e+12
17.179 1 WP_MOVED 6 360165.8125 4813664.5 260. 31
17.183 1 ALIVE 78,83,188,43,101,142,7,153,187,81,218,112,235,181,195,43
17.270 1 PPRZ_MODE 2 0 0 0 0 10
17.359 1 NAVIGATION 0 2 0. 0. 0. 0. 0 0
17.387 1 GPS 0 0 0 0 0 0 0 0 0 0 1
17.393 1 DESIRED 0. 0. 0. 0. 0. 235. 0. 20.
17.474 1 ATTITUDE 0. 0. 0.
17.571 1 ESTIMATOR 0. 0.
17.609 1 NAVIGATION 0 2 0. 0. 0. 0. 0 0
17.628 1 GPS 0 0 0 0 0 0 0 0 0 0 1
17.676 1 WP_MOVED 7 360559.40625 4813804.5 260. 31
17.684 1 DL_VALUE 7 2.
17.774 1 BAT 0 119 0 0 1 2271 0 0
17.859 1 NAVIGATION 0 2 0. 0. 0. 0. 0 0
17.888 1 GPS 0 0 0 0 0 0 0 0 0 0 1
17.889 1 NAVIGATION 0 2 0. 0. 0. 0. 0 0
17.973 1 ATTITUDE 0. 0. 0.
18.071 1 ESTIMATOR 0. 0.
18.113 1 NAVIGATION 0 2 0. 0. 0. 0. 0 0
18.130 1 DOWNLINK_STATUS 0 18 8634 373 0 438. 19. -1.38206580915e+12
18.132 1 GPS 0 0 0 0 0 0 0 0 0 0 1
18.174 1 WP_MOVED 8 360462.40625 4813640. 215. 31
18.362 1 NAVIGATION 0 2 0. 0. 0. 0. 0 0
18.365 1 FBW_STATUS 2 0 2 119 0
18.378 1 GPS 0 0 0 0 0 0 0 0 0 0 1
18.431 1 DESIRED 0. 0. 0. 0. 0. 235. 0. 20.
18.473 1 ATTITUDE 0. 0. 0.
18.571 1 ESTIMATOR 0. 0.
18.609 1 NAVIGATION 0 2 0. 0. 0. 0. 0 0
18.629 1 GPS 0 0 0 0 0 0 0 0 0 0 1
18.673 1 WP_MOVED 9 360313.8125 4813652. 185. 31
18.772 1 GPS_SOL 0 0 0 0
18.859 1 NAVIGATION 0 2 0. 0. 0. 0. 0 0
18.889 1 GPS 0 0 0 0 0 0 0 0 0 0 1
18.894 1 NAVIGATION 0 2 0. 0. 0. 0. 0 0
18.897 1 BAT 0 119 0 0 1 2272 0 0
18.973 1 ATTITUDE 0. 0. 0.
19.074 1 ESTIMATOR 0. 0.
19.075 1 CALIBRATION 0. 0
19.111 1 NAVIGATION 0 2 0. 0. 0. 0. 0 0
19.128 1 GPS 0 0 0 0 0 0 0 0 0 0 1
19.133 1 DOWNLINK_STATUS 0 19 9135 394 0 501. 21. -1.38206580915e+12
19.176 1 WP_MOVED 10 360453.8125 4813581. 260. 31
19.178 1 DL_VALUE 8 0.
19.359 1 NAVIGATION 0 2 0. 0. 0. 0. 0 0
19.379 1 GPS 0 0 0 0 0 0 0 0 0 0 1
19.481 1 ATTITUDE 0. 0. 0.
19.487 1 DESIRED 0. 0. 0. 0. 0. 235. 0. 20.
19.575 1 ESTIMATOR 0. 0.
19.579 1 ENERGY 11.9 0. 0 0.
19.609 1 NAVIGATION 0 2 0. 0. 0. 0. 0 0
19.629 1 GPS 0 0 0 0 0 0 0 0 0 0 1
19.673 1 WP_MOVED 11 360170.5 4813757.5 260. 31
19.859 1 NAVIGATION 0 2 0. 0. 0. 0. 0 0
19.884 1 GPS 0 0 0 0 0 0 0 0 0 0 1
19.889 1 NAVIGATION 0 2 0. 0. 0. 0. 0 0
19.977 1 ATTITUDE 0. 0. 0.
19.981 1 BAT 0 119 0 0 1 2273 0 0
20.071 1 ESTIMATOR 0. 0.
22.749 1 WIND_INFO 1 42 0. 0. 0.
