2.457 1 ATTITUDE -0.02573 1.273701 0.145074
2.548 1 ESTIMATOR -17. 0.
2.549 1 CALIBRATION 0. 0
2.583 1 NAVIGATION 0 2 -194263.5 -4813595. 0. 2.32084345979e+13 0 0
2.609 1 GPS 0 16602147 0 0 -17000 0 0 0 351000 31 9
2.623 1 SVINFO 9 25 16 1 0 -91 0
2.650 1 WP_MOVED 7 360559.40625 4813804.5 260. 31
2.652 1 DL_VALUE 3 0.
2.833 1 NAVIGATION 0 2 -194263.5 -4813595. 0. 2.32084345979e+13 0 0
2.862 1 GPS 0 16602147 0 0 -17000 0 0 0 351250 31 10
2.865 1 SVINFO 10 26 16 1 0 -91 0
2.869 1 NAVIGATION 0 2 -194263.5 -4813595. 0. 2.32084345979e+13 0 0
2.957 1 ATTITUDE -0.02563 1.274638 0.144878
2.963 1 DESIRED 0.03 0.02 0. 0. 0. 235. 0. 20.
3.045 1 ESTIMATOR -17. 0.
3.083 1 NAVIGATION 0 2 -194263.5 -4813595. 0. 2.32084345979e+13 0 0
3.110 1 GPS 0 16602147 0 0 -17000 0 0 0 351500 31 11
3.111 1 SVINFO 11 27 16 1 0 -91 0
3.147 1 WP_MOVED 8 360462.40625 4813640. 215. 31
3.158 1 DOWNLINK_STATUS 1 3 1609 74 0 558. 26. 0.
3.248 1 BAT 1073 119 0 0 1 351 0 0
3.335 1 FBW_STATUS 2 0 1 119 0
3.338 1 NAVIGATION 0 2 -194263.5 -4813595. 0. 2.32084345979e+13 0 0
3.345 1 GPS 0 16602147 0 0 -17000 0 0 0 351750 31 12
3.349 1 SVINFO 12 28 16 1 0 -91 0
3.370 1 LINK_STATUS 1 0.018941 1 3 1609 74 0. 558. 26.
3.447 1 ATTITUDE -0.026165 1.274686 0.144946
3.545 1 ESTIMATOR -17. 0.
3.583 1 NAVIGATION 0 2 -194263.5 -4813595. 0. 2.32084345979e+13 0 0
3.611 1 GPS 0 16602147 0 0 -17000 0 0 0 352000 31 13
3.614 1 SVINFO 13 29 16 1 0 -91 0
3.651 1 WP_MOVED 9 360313.8125 4813652. 185. 31
3.653 1 NAVIGATION_REF 360285 4813595 31
3.746 1 GPS_SOL 796700928 60705 9999 0
3.833 1 NAVIGATION 0 2 -194263.5 -4813595. 0. 2.32084345979e+13 0 0
3.862 1 GPS 0 16602147 0 0 -17000 0 0 0 352250 31 14
3.864 1 SVINFO 14 30 16 1 0 -91 0
3.869 1 NAVIGATION 0 2 -194263.5 -4813595. 0. 2.32084345979e+13 0 0
3.946 1 ATTITUDE -0.025886 1.278078 0.14524
4.013 1 DESIRED 0.03 0.02 0. 0. 0. 235. 0. 20.
4.045 1 ESTIMATOR -17. 0.
4.083 1 NAVIGATION 0 2 -194263.5 -4813595. 0. 2.32084345979e+13 0 0
4.113 1 GPS 0 16602147 0 0 -17000 0 0 0 352500 31 15
4.115 1 SVINFO 0 3 16 1 0 -91 0
4.150 1 WP_MOVED 10 360453.8125 4813581. 260. 31
4.153 1 DL_VALUE 4 0.
4.163 1 DOWNLINK_STATUS 1 4 2148 99 0 539. 25. 0.
4.333 1 NAVIGATION 0 2 -194263.5 -4813595. 0. 2.32084345979e+13 0 0
4.361 1 GPS 0 16602147 0 0 -17000 0 0 0 352750 31 1
4.362 1 SVINFO 1 4 16 1 0 -91 0
4.366 1 BAT 1073 119 0 0 1 353 0 0
4.378 1 LINK_STATUS 1 0.010222 1 4 2148 99 0. 539. 25.
4.449 1 ATTITUDE -0.025853 1.274894 0.145364
4.456 1 DOWNLINK 1 530 8668
4.550 1 ESTIMATOR -17. 0.
4.553 1 ENERGY 11.9 0. 0 0.
4.583 1 NAVIGATION 0 2 -194263.5 -4813595. 0. 2.32084345979e+13 0 0
4.614 1 GPS 0 16602147 0 0 -17000 0 0 0 353000 31 2
4.617 1 SVINFO 2 5 16 1 0 -91 0
4.650 1 WP_MOVED 11 360170.5 4813757.5 260. 31
4.652 1 CALIBRATION 0. 0
4.833 1 NAVIGATION 0 2 -194263.5 -4813595. 0. 2.32084345979e+13 0 0
4.862 1 GPS 0 16602147 0 0 -17000 0 0 0 353250 31 3
4.864 1 SVINFO 3 6 16 1 0 -91 0
4.869 1 NAVIGATION 0 2 -194263.5 -4813595. 0. 2.32084345979e+13 0 0
4.946 1 ATTITUDE -0.026346 1.273214 0.14557
5.054 1 ESTIMATOR -17. 0.
5.060 1 DESIRED 0.03 0.02 0. 0. 0. 235. 0. 20.
5.083 1 NAVIGATION 0 2 -194263.5 -4813595. 0. 2.32084345979e+13 0 0
5.106 1 GPS 0 16602147 0 0 -17000 0 0 0 353500 31 4
5.109 1 SVINFO 4 20 16 1 0 -91 0
5.147 1 WP_MOVED 0 360327. 4813637. 260. 31
5.167 1 DOWNLINK_STATUS 1 5 2671 123 0 523. 24. 0.
5.335 1 FBW_STATUS 2 0 1 119 0
5.339 1 NAVIGATION 0 2 -194263.5 -4813595. 0. 2.32084345979e+13 0 0
5.345 1 GPS 0 16602147 0 0 -17000 0 0 0 353750 31 5
5.347 1 SVINFO 5 21 16 1 0 -91 0
5.386 1 LINK_STATUS 1 0.037385 1 5 2671 123 0. 523. 24.
5.452 1 ATTITUDE -0.026148 1.268239 0.146065
5.455 1 BAT 1073 119 0 0 1 354 0 0
5.545 1 ESTIMATOR -17. 0.
5.583 1 NAVIGATION 0 2 -194263.5 -4813595. 0. 2.32084345979e+13 0 0
5.606 1 GPS 0 16602147 0 0 -17000 0 0 0 354000 31 6
5.608 1 SVINFO 6 22 16 1 0 -91 0
5.650 1 WP_MOVED 1 360285. 4813595. 260. 31
5.652 1 DL_VALUE 5 0.
5.725 1 PONG 
5.746 1 GPS_SOL 796715008 60722 9999 0
5.833 1 NAVIGATION 0 2 -194263.5 -4813595. 0. 2.32084345979e+13 0 0
5.862 1 GPS 0 16602147 0 0 -17000 0 0 0 354250 31 7
5.865 1 SVINFO 7 23 16 1 0 -91 0
5.869 1 NAVIGATION 0 2 -194263.5 -4813595. 0. 2.32084345979e+13 0 0
5.946 1 ATTITUDE -0.026151 1.265377 0.145956
6.045 1 ESTIMATOR -17. 0.
6.083 1 NAVIGATION 0 2 -194263.5 -4813595. 0. 2.32084345979e+13 0 0
6.115 1 GPS 0 16602147 0 0 -17000 0 0 0 354500 31 8
6.118 1 SVINFO 8 24 16 1 0 -91 0
6.124 1 DESIRED 0.03 0.02 0. 0. 0. 235. 0. 20.
6.147 1 WP_MOVED 2 360334.5 4813695. 260. 31
6.175 1 DOWNLINK_STATUS 1 6 3201 148 0 530. 25. 79.52
6.334 1 NAVIGATION 0 2 -194263.5 -4813595. 0. 2.32084345979e+13 0 0
6.356 1 GPS 0 16602147 0 0 -17000 0 0 0 354750 31 9
6.357 1 SVINFO 9 25 16 1 0 -91 0
6.394 1 LINK_STATUS 1 0.035451 1 6 3201 148 0. 530. 25.
6.432 1 COMMANDS 1073,1553,-2468,0,303,154
6.446 1 ATTITUDE -0.025914 1.273217 0.145316
6.532 1 ACTUATORS 1431,1635,1500,1521,912
6.550 1 ESTIMATOR -17. 0.
6.554 1 BAT 1073 119 0 0 1 355 0 0
6.583 1 NAVIGATION 0 2 -194263.5 -4813595. 0. 2.32084345979e+13 0 0
6.606 1 GPS 0 16602147 0 0 -17000 0 0 0 355000 31 10
6.608 1 SVINFO 10 26 16 1 0 -91 0
6.647 1 WP_MOVED 3 360295.09375 4813785. 260. 31
6.743 1 CALIBRATION 0. 0
6.835 1 NAVIGATION 0 2 -194263.5 -4813595. 0. 2.32084345979e+13 0 0
6.846 1 GPS 0 16602147 0 0 -17000 0 0 0 355250 31 11
6.848 1 SVINFO 11 27 16 1 0 -91 0
6.852 1 NAVIGATION 0 2 -194263.5 -4813595. 0. 2.32084345979e+13 0 0
6.947 1 ATTITUDE -0.026184 1.267579 0.145361
7.050 1 ESTIMATOR -17. 0.
7.053 1 ENERGY 11.9 0. 0 0.
7.083 1 NAVIGATION 0 2 -194263.5 -4813595. 0. 2.32084345979e+13 0 0
7.106 1 GPS 0 16602147 0 0 -17000 0 0 0 355500 31 12
7.108 1 SVINFO 12 28 16 1 0 -91 0
7.164 1 WP_MOVED 4 360417.3125 4813734. 260. 31
7.171 1 DESIRED 0.03 0.02 0. 0. 0. 235. 0. 20.
7.175 1 DL_VALUE 6 40.
7.177 1 DOWNLINK_STATUS 1 7 3760 174 0 559. 26. 79.52
7.178 1 ALIVE 78,83,188,43,101,142,7,153,187,81,218,112,235,181,195,43
7.244 1 PPRZ_MODE 0 0 0 0 0 6
7.336 1 FBW_STATUS 2 0 1 119 0
7.340 1 NAVIGATION 0 2 -194263.5 -4813595. 0. 2.32084345979e+13 0 0
7.346 1 GPS 0 16602147 0 0 -17000 0 0 0 355750 31 13
7.349 1 SVINFO 13 29 16 1 0 -91 0
7.402 1 LINK_STATUS 1 0.05189 1 7 3760 174 0. 559. 26.
7.446 1 ATTITUDE -0.026328 1.259308 0.145344
7.546 1 ESTIMATOR -17. 0.
7.583 1 NAVIGATION 0 2 -194263.5 -4813595. 0. 2.32084345979e+13 0 0
7.606 1 GPS 0 16602147 0 0 -17000 0 0 0 356000 31 14
7.608 1 SVINFO 14 30 16 1 0 -91 0
7.652 1 WP_MOVED 5 360422. 4813583.5 260. 31
7.655 1 BAT 1073 119 0 0 1 356 0 0
7.746 1 GPS_SOL 796729152 60738 9999 0
7.838 1 NAVIGATION 0 2 -194263.5 -4813595. 0. 2.32084345979e+13 0 0
7.846 1 GPS 0 16602147 0 0 -17000 0 0 0 356250 31 15
7.849 1 SVINFO 0 3 16 1 0 -91 0
7.853 1 NAVIGATION 0 2 -194263.5 -4813595. 0. 2.32084345979e+13 0 0
7.946 1 ATTITUDE -0.025937 1.254594 0.145342
8.045 1 ESTIMATOR -17. 0.
8.083 1 NAVIGATION 0 2 -194263.5 -4813595. 0. 2.32084345979e+13 0 0
8.106 1 GPS 0 16602147 0 0 -17000 0 0 0 356500 31 1
8.108 1 SVINFO 1 4 16 1 0 -91 0
8.147 1 WP_MOVED 6 360165.8125 4813664.5 260. 31
8.183 1 DOWNLINK_STATUS 1 8 4270 198 0 510. 24. 79.52
8.205 1 DESIRED 0.03 0.02 0. 0. 0. 235. 0. 20.
8.340 1 NAVIGATION 0 2 -194263.5 -4813595. 0. 2.32084345979e+13 0 0
8.347 1 GPS 0 16602147 0 0 -17000 0 0 0 356750 31 2
8.349 1 SVINFO 2 5 16 1 0 -91 0
8.410 1 LINK_STATUS 1 0.059812 1 8 4270 198 0. 510. 24.
8.446 1 ATTITUDE -0.025952 1.256382 0.145181
8.545 1 ESTIMATOR -17. 0.
8.583 1 NAVIGATION 0 2 -194263.5 -4813595. 0. 2.32084345979e+13 0 0
8.606 1 GPS 0 16602147 0 0 -17000 0 0 0 357000 31 3
8.609 1 SVINFO 3 6 16 1 0 -91 0
8.650 1 WP_MOVED 7 360559.40625 4813804.5 260. 31
8.652 1 DL_VALUE 7 0.
8.747 1 BAT 1073 119 0 0 1 357 0 0
8.842 1 NAVIGATION 0 2 -194263.5 -4813595. 0. 2.32084345979e+13 0 0
8.848 1 GPS 0 16602147 0 0 -17000 0 0 0 357250 31 4
8.850 1 SVINFO 4 20 16 1 0 -91 0
8.854 1 NAVIGATION 0 2 -194263.5 -4813595. 0. 2.32084345979e+13 0 0
8.856 1 CALIBRATION 0. 0
8.946 1 ATTITUDE -0.025926 1.261326 0.144765
9.045 1 ESTIMATOR -17. 0.
9.083 1 NAVIGATION 0 2 -194263.5 -4813595. 0. 2.32084345979e+13 0 0
9.106 1 GPS 0 16602147 0 0 -17000 0 0 0 357500 31 5
9.108 1 SVINFO 5 21 16 1 0 -91 0
9.147 1 WP_MOVED 8 360462.40625 4813640. 215. 31
9.191 1 DOWNLINK_STATUS 1 9 4773 221 0 503. 23. 79.52
9.255 1 DESIRED 0.03 0.02 0. 0. 0. 235. 0. 20.
9.343 1 FBW_STATUS 2 0 1 119 0
9.347 1 NAVIGATION 0 2 -194263.5 -4813595. 0. 2.32084345979e+13 0 0
9.353 1 GPS 0 16602147 0 0 -17000 0 0 0 357750 31 6
9.356 1 SVINFO 6 22 16 1 0 -91 0
9.418 1 LINK_STATUS 1 0.061451 1 9 4773 221 0. 503. 23.
9.447 1 ATTITUDE -0.025984 1.260173 0.145125
9.552 1 ESTIMATOR -17. 0.
9.555 1 ENERGY 11.9 0. 0 0.
9.557 1 DOWNLINK 1 527 8793
9.583 1 NAVIGATION 0 2 -194263.5 -4813595. 0. 2.32084345979e+13 0 0
9.606 1 GPS 0 16602147 0 0 -17000 0 0 0 358000 31 7
9.608 1 SVINFO 7 23 16 1 0 -91 0
9.647 1 WP_MOVED 9 360313.8125 4813652. 185. 31
9.746 1 GPS_SOL 796743360 60755 9999 0
9.833 1 NAVIGATION 0 2 -194263.5 -4813595. 0. 2.32084345979e+13 0 0
9.867 1 GPS 0 16602147 0 0 -17000 0 0 0 358250 31 8
9.870 1 SVINFO 8 24 16 1 0 -91 0
9.874 1 NAVIGATION 0 2 -194263.5 -4813595. 0. 2.32084345979e+13 0 0
9.878 1 BAT 1073 119 0 0 1 358 0 0
9.950 1 ATTITUDE -0.02698 1.257985 0.145272
10.050 1 ESTIMATOR -17. 0.
10.083 1 NAVIGATION 0 2 -194263.5 -4813595. 0. 2.32084345979e+13 0 0
10.106 1 GPS 0 16602147 0 0 -17000 0 0 0 358500 31 9
10.108 1 SVINFO 9 25 16 1 0 -91 0
10.152 1 WP_MOVED 10 360453.8125 4813581. 260. 31
10.155 1 DL_VALUE 8 0.
10.199 1 DOWNLINK_STATUS 1 10 5328 247 0 555. 26. 79.52
10.305 1 DESIRED 0.03 0.02 0. 0. 0. 235. 0. 20.
10.333 1 NAVIGATION 0 2 -194263.5 -4813595. 0. 2.32084345979e+13 0 0
10.356 1 GPS 0 16602147 0 0 -17000 0 0 0 358750 31 10
10.358 1 SVINFO 10 26 16 1 0 -91 0
10.426 1 LINK_STATUS 1 0.066729 1 10 5328 247 0. 555. 26.
10.452 1 ATTITUDE -0.026736 1.26583 0.145188
10.551 1 ESTIMATOR -17. 0.
10.583 1 NAVIGATION 0 2 -194263.5 -4813595. 0. 2.32084345979e+13 0 0
10.606 1 GPS 0 16602147 0 0 -17000 0 0 0 359000 31 11
10.608 1 SVINFO 11 27 16 1 0 -91 0
10.653 1 WP_MOVED 11 360170.5 4813757.5 260. 31
10.755 1 PONG 
10.833 1 NAVIGATION 0 2 -194263.5 -4813595. 0. 2.32084345979e+13 0 0
10.862 1 GPS 0 16602147 0 0 -17000 0 0 0 359250 31 12
10.864 1 SVINFO 12 28 16 1 0 -91 0
10.869 1 NAVIGATION 0 2 -194263.5 -4813595. 0. 2.32084345979e+13 0 0
10.955 1 ATTITUDE -0.026707 1.266447 0.145216
10.960 1 BAT 1073 119 0 0 1 359 0 0
10.962 1 CALIBRATION 0. 0
11.053 1 ESTIMATOR -17. 0.
11.083 1 NAVIGATION 0 2 -194263.5 -4813595. 0. 2.32084345979e+13 0 0
11.106 1 GPS 0 16602147 0 0 -17000 0 0 0 359500 31 13
11.108 1 SVINFO 13 29 16 1 0 -91 0
11.154 1 WP_MOVED 0 360327. 4813637. 260. 31
11.207 1 DOWNLINK_STATUS 1 11 5826 270 0 498. 23. 106.48
11.335 1 FBW_STATUS 2 0 1 119 0
11.339 1 NAVIGATION 0 2 -194263.5 -4813595. 0. 2.32084345979e+13 0 0
11.345 1 GPS 0 16602147 0 0 -17000 0 0 0 359750 31 14
11.349 1 SVINFO 14 30 16 1 0 -91 0
11.355 1 DESIRED 0.03 0.02 0. 0. 0. 235. 0. 20.
11.430 1 COMMANDS 1073,1569,-2461,0,303,154
11.434 1 LINK_STATUS 1 0.003166 1 11 5826 270 0. 498. 23.
11.446 1 ATTITUDE -0.026394 1.265606 0.145657
11.529 1 ACTUATORS 1431,1636,1500,1520,912
11.551 1 ESTIMATOR -17. 0.
11.583 1 NAVIGATION 0 2 -194263.5 -4813595. 0. 2.32084345979e+13 0 0
11.606 1 GPS 0 16602147 0 0 -17000 0 0 0 360000 31 15
11.608 1 SVINFO 0 3 16 1 0 -91 0
11.650 1 WP_MOVED 1 360285. 4813595. 260. 31
11.651 1 DL_VALUE 9 1.
11.746 1 GPS_SOL 796757696 60771 9999 0
11.833 1 NAVIGATION 0 2 -194263.5 -4813595. 0. 2.32084345979e+13 0 0
11.862 1 GPS 0 16602147 0 0 -17000 0 0 0 360250 31 1
11.865 1 SVINFO 1 4 16 1 0 -91 0
11.869 1 NAVIGATION 0 2 -194263.5 -4813595. 0. 2.32084345979e+13 0 0
11.946 1 ATTITUDE -0.026477 1.267661 0.145235
12.057 1 ESTIMATOR -17. 0.
12.058 1 BAT 1073 119 0 0 1 360 0 0
12.062 1 ENERGY 11.9 0. 0 0.
12.083 1 NAVIGATION 0 2 -194263.5 -4813595. 0. 2.32084345979e+13 0 0
12.106 1 GPS 0 16602147 0 0 -17000 0 0 0 360500 31 2
12.108 1 SVINFO 2 5 16 1 0 -91 0
12.153 1 WP_MOVED 2 360334.5 4813695. 260. 31
12.157 1 ALIVE 78,83,188,43,101,142,7,153,187,81,218,112,235,181,195,43
12.211 1 DOWNLINK_STATUS 1 12 6429 298 0 603. 28. 106.48
12.244 1 PPRZ_MODE 0 0 0 0 0 6
12.333 1 NAVIGATION 0 2 -194263.5 -4813595. 0. 2.32084345979e+13 0 0
12.356 1 GPS 0 16602147 0 0 -17000 0 0 0 360750 31 3
12.358 1 SVINFO 3 6 16 1 0 -91 0
12.404 1 DESIRED 0.03 0.02 0. 0. 0. 235. 0. 20.
12.438 1 LINK_STATUS 1 0.033059 1 12 6429 298 0. 603. 28.
12.446 1 ATTITUDE -0.026493 1.266863 0.145191
12.545 1 ESTIMATOR -17. 0.
12.583 1 NAVIGATION 0 2 -194263.5 -4813595. 0. 2.32084345979e+13 0 0
12.606 1 GPS 0 16602147 0 0 -17000 0 0 0 361000 31 4
12.609 1 SVINFO 4 20 16 1 0 -91 0
12.650 1 WP_MOVED 3 360295.09375 4813785. 260. 31
12.653 1 NAVIGATION_REF 360285 4813595 31
12.814 1 WIND_INFO 1 42 0. 0. 0.
12.833 1 NAVIGATION 0 2 -194263.5 -4813595. 0. 2.32084345979e+13 0 0
12.862 1 GPS 0 16602147 0 0 -17000 0 0 0 361250 31 5
12.864 1 SVINFO 5 21 16 1 0 -91 0
12.869 1 NAVIGATION 0 2 -194263.5 -4813595. 0. 2.32084345979e+13 0 0
12.892 1 WIND_INFO_RET 0. 0. 0.
12.946 1 ATTITUDE -0.026841 1.273704 0.14512
13.047 1 ESTIMATOR -17. 0.
13.049 1 CALIBRATION 0. 0
13.084 1 NAVIGATION 0 2 -194263.5 -4813595. 0. 2.32084345979e+13 0 0
13.106 1 GPS 0 16602147 0 0 -17000 0 0 0 361500 31 6
13.108 1 SVINFO 6 22 16 1 0 -91 0
13.156 1 WP_MOVED 4 360417.3125 4813734. 260. 31
13.158 1 BAT 1073 119 0 0 1 361 0 0
13.160 1 DL_VALUE 10 0.
13.215 1 DOWNLINK_STATUS 1 13 6977 324 0 548. 26. 106.48
13.334 1 FBW_STATUS 2 0 1 119 0
13.340 1 NAVIGATION 0 2 -194263.5 -4813595. 0. 2.32084345979e+13 0 0
13.345 1 GPS 0 16602147 0 0 -17000 0 0 0 361750 31 7
13.348 1 SVINFO 7 23 16 1 0 -91 0
13.443 1 LINK_STATUS 1 0.093508 1 13 6977 324 0. 548. 26.
13.455 1 ATTITUDE -0.027185 1.270941 0.145221
13.462 1 DESIRED 0.03 0.02 0. 0. 0. 235. 0. 20.
13.544 1 ESTIMATOR -17. 0.
13.585 1 NAVIGATION 0 2 -194263.5 -4813595. 0. 2.32084345979e+13 0 0
13.595 1 GPS 0 16602147 0 0 -17000 0 0 0 362000 31 8
13.598 1 SVINFO 8 24 16 1 0 -91 0
13.647 1 WP_MOVED 5 360422. 4813583.5 260. 31
13.746 1 GPS_SOL 796771968 60788 9999 0
13.833 1 NAVIGATION 0 2 -194263.5 -4813595. 0. 2.32084345979e+13 0 0
13.862 1 GPS 0 16602147 0 0 -17000 0 0 0 362250 31 9
13.864 1 SVINFO 9 25 16 1 0 -91 0
13.869 1 NAVIGATION 0 2 -194263.5 -4813595. 0. 2.32084345979e+13 0 0
13.946 1 ATTITUDE -0.027378 1.272214 0.145386
14.044 1 ESTIMATOR -17. 0.
14.086 1 NAVIGATION 0 2 -194263.5 -4813595. 0. 2.32084345979e+13 0 0
14.095 1 GPS 0 16602147 0 0 -17000 0 0 0 362500 31 10
14.097 1 SVINFO 10 26 16 1 0 -91 0
14.147 1 WP_MOVED 6 360165.8125 4813664.5 260. 31
14.219 1 DOWNLINK_STATUS 1 14 7469 346 0 492. 22. 106.48
14.248 1 BAT 1073 119 0 0 1 362 0 0
14.333 1 NAVIGATION 0 2 -194263.5 -4813595. 0. 2.32084345979e+13 0 0
14.356 1 GPS 0 16602147 0 0 -17000 0 0 0 362750 31 11
14.358 1 SVINFO 11 27 16 1 0 -91 0
14.446 1 ATTITUDE -0.027329 1.270741 0.145545
14.447 1 LINK_STATUS 1 0.08711 1 14 7469 346 0. 492. 22.
14.504 1 DESIRED 0.03 0.02 0. 0. 0. 235. 0. 20.
14.549 1 ESTIMATOR -17. 0.
14.553 1 ENERGY 11.9 0. 0 0.
14.588 1 NAVIGATION 0 2 -194263.5 -4813595. 0. 2.32084345979e+13 0 0
14.596 1 GPS 0 16602147 0 0 -17000 0 0 0 363000 31 12
14.598 1 SVINFO 12 28 16 1 0 -91 0
14.652 1 WP_MOVED 7 360559.40625 4813804.5 260. 31
14.657 1 DL_VALUE 0 0.
14.657 1 DOWNLINK 1 550 8923
14.833 1 NAVIGATION 0 2 -194263.5 -4813595. 0. 2.32084345979e+13 0 0
14.863 1 GPS 0 16602147 0 0 -17000 0 0 0 363250 31 13
14.865 1 SVINFO 13 29 16 1 0 -91 0
14.869 1 NAVIGATION 0 2 -194263.5 -4813595. 0. 2.32084345979e+13 0 0
14.946 1 ATTITUDE -0.027143 1.265884 0.145591
15.044 1 ESTIMATOR -17. 0.
15.091 1 NAVIGATION 0 2 -194263.5 -4813595. 0. 2.32084345979e+13 0 0
15.096 1 GPS 0 16602147 0 0 -17000 0 0 0 363500 31 14
15.099 1 SVINFO 14 30 16 1 0 -91 0
15.149 1 WP_MOVED 8 360462.40625 4813640. 215. 31
15.151 1 CALIBRATION 0. 0
15.223 1 DOWNLINK_STATUS 1 15 8003 371 0 534. 25. 106.48
15.334 1 FBW_STATUS 2 0 1 119 0
15.340 1 NAVIGATION 0 2 -194263.5 -4813595. 0. 2.32084345979e+13 0 0
15.345 1 GPS 0 16602147 0 0 -17000 0 0 0 363750 31 15
15.349 1 SVINFO 0 3 16 1 0 -91 0
15.351 1 BAT 1073 119 0 0 1 364 0 0
15.446 1 ATTITUDE -0.026837 1.273222 0.145166
15.451 1 LINK_STATUS 1 0.003325 1 15 8003 371 0. 534. 25.
15.553 1 ESTIMATOR -17. 0.
15.560 1 DESIRED 0.03 0.02 0. 0. 0. 235. 0. 20.
15.600 1 NAVIGATION 0 2 -194263.5 -4813595. 0. 2.32084345979e+13 0 0
15.600 1 GPS 0 16602147 0 0 -17000 0 0 0 364000 31 1
15.600 1 SVINFO 1 4 16 1 0 -91 0
15.647 1 WP_MOVED 9 360313.8125 4813652. 185. 31
15.692 1 PONG 
15.746 1 GPS_SOL 796786432 60804 9999 0
15.833 1 NAVIGATION 0 2 -194263.5 -4813595. 0. 2.32084345979e+13 0 0
15.862 1 GPS 0 16602147 0 0 -17000 0 0 0 364250 31 2
15.865 1 SVINFO 2 5 16 1 0 -91 0
15.869 1 NAVIGATION 0 2 -194263.5 -4813595. 0. 2.32084345979e+13 0 0
15.946 1 ATTITUDE -0.026767 1.270454 0.145398
16.044 1 ESTIMATOR -17. 0.
16.091 1 NAVIGATION 0 2 -194263.5 -4813595. 0. 2.32084345979e+13 0 0
16.106 1 GPS 0 16602147 0 0 -17000 0 0 0 364500 31 3
16.108 1 SVINFO 3 6 16 1 0 -91 0
16.151 1 WP_MOVED 10 360453.8125 4813581. 260. 31
16.151 1 DL_VALUE 1 0.
16.227 1 DOWNLINK_STATUS 1 16 8533 396 0 530. 25. 41.6
16.333 1 NAVIGATION 0 2 -194263.5 -4813595. 0. 2.32084345979e+13 0 0
16.355 1 GPS 0 16602147 0 0 -17000 0 0 0 364750 31 4
16.358 1 SVINFO 4 7 16 1 0 -91 0
16.430 1 COMMANDS 1073,1592,-2462,0,303,154
16.451 1 ATTITUDE -0.02716 1.267646 0.14535
16.455 1 LINK_STATUS 1 0.002293 1 16 8533 396 0. 530. 25.
16.457 1 BAT 1073 119 0 0 1 365 0 0
16.529 1 ACTUATORS 1431,1635,1499,1520,912
16.544 1 ESTIMATOR -17. 0.
16.583 1 NAVIGATION 0 2 -194263.5 -4813595. 0. 2.32084345979e+13 0 0
16.615 1 GPS 0 16602147 0 0 -17000 0 0 0 365000 31 5
16.618 1 SVINFO 5 21 16 1 0 -91 0
16.624 1 DESIRED 0.03 0.02 0. 0. 0. 235. 0. 20.
16.647 1 WP_MOVED 11 360170.5 4813757.5 260. 31
16.833 1 NAVIGATION 0 2 -194263.5 -4813595. 0. 2.32084345979e+13 0 0
16.862 1 GPS 0 16602147 0 0 -17000 0 0 0 365250 31 6
16.864 1 SVINFO 6 22 16 1 0 -91 0
16.869 1 NAVIGATION 0 2 -194263.5 -4813595. 0. 2.32084345979e+13 0 0
16.946 1 ATTITUDE -0.027388 1.265832 0.145572
17.049 1 ESTIMATOR -17. 0.
17.053 1 ENERGY 11.9 0. 0 0.
17.083 1 NAVIGATION 0 2 -194263.5 -4813595. 0. 2.32084345979e+13 0 0
17.107 1 GPS 0 16602147 0 0 -17000 0 0 0 365500 31 7
17.110 1 SVINFO 7 23 16 1 0 -91 0
17.152 1 WP_MOVED 0 360327. 4813637. 260. 31
17.156 1 ALIVE 78,83,188,43,101,142,7,153,187,81,218,112,235,181,195,43
17.231 1 DOWNLINK_STATUS 1 17 9093 421 0 560. 25. 41.6
17.246 1 CALIBRATION 0. 0
17.248 1 PPRZ_MODE 0 0 0 0 0 6
17.334 1 FBW_STATUS 2 0 1 119 0
17.339 1 NAVIGATION 0 2 -194263.5 -4813595. 0. 2.32084345979e+13 0 0
17.345 1 GPS 0 16602147 0 0 -17000 0 0 0 365750 31 8
17.347 1 SVINFO 8 24 16 1 0 -91 0
17.446 1 ATTITUDE -0.026801 1.264468 0.145412
17.463 1 LINK_STATUS 1 0.015336 1 17 9093 421 0. 560. 25.
17.549 1 ESTIMATOR -17. 0.
17.553 1 BAT 1073 119 0 0 1 366 0 0
17.583 1 NAVIGATION 0 2 -194263.5 -4813595. 0. 2.32084345979e+13 0 0
17.610 1 GPS 0 16602147 0 0 -17000 0 0 0 366000 31 9
17.611 1 SVINFO 9 25 16 1 0 -91 0
17.660 1 WP_MOVED 1 360285. 4813595. 260. 31
17.665 1 DESIRED 0.03 0.02 0. 0. 0. 235. 0. 20.
17.667 1 DL_VALUE 2 235.
17.746 1 GPS_SOL 796801024 60821 9999 0
17.833 1 NAVIGATION 0 2 -194263.5 -4813595. 0. 2.32084345979e+13 0 0
17.862 1 GPS 0 16602147 0 0 -17000 0 0 0 366250 31 10
17.865 1 SVINFO 10 26 16 1 0 -91 0
17.869 1 NAVIGATION 0 2 -194263.5 -4813595. 0. 2.32084345979e+13 0 0
17.946 1 ATTITUDE -0.026841 1.268022 0.145467
18.044 1 ESTIMATOR -17. 0.
18.083 1 NAVIGATION 0 2 -194263.5 -4813595. 0. 2.32084345979e+13 0 0
18.111 1 GPS 0 16602147 0 0 -17000 0 0 0 366500 31 11
18.115 1 SVINFO 11 27 16 1 0 -91 0
18.147 1 WP_MOVED 2 360334.5 4813695. 260. 31
18.235 1 DOWNLINK_STATUS 1 18 9640 447 0 547. 26. 41.6
18.333 1 NAVIGATION 0 2 -194263.5 -4813595. 0. 2.32084345979e+13 0 0
18.355 1 GPS 0 16602147 0 0 -17000 0 0 0 366750 31 12
18.358 1 SVINFO 12 28 16 1 0 -91 0
18.446 1 ATTITUDE -0.026466 1.265231 0.145576
18.467 1 LINK_STATUS 1 0.019294 1 18 9640 447 0. 547. 26.
18.544 1 ESTIMATOR -17. 0.
18.583 1 NAVIGATION 0 2 -194263.5 -4813595. 0. 2.32084345979e+13 0 0
18.613 1 GPS 0 16602147 0 0 -17000 0 0 0 367000 31 13
18.614 1 SVINFO 13 29 16 1 0 -91 0
18.652 1 WP_MOVED 3 360295.09375 4813785. 260. 31
18.655 1 BAT 1073 119 0 0 1 367 0 0
18.713 1 DESIRED 0.03 0.02 0. 0. 0. 235. 0. 20.
18.832 1 NAVIGATION 0 2 -194263.5 -4813595. 0. 2.32084345979e+13 0 0
18.863 1 GPS 0 16602147 0 0 -17000 0 0 0 367250 31 14
18.864 1 SVINFO 14 30 16 1 0 -91 0
18.869 1 NAVIGATION 0 2 -194263.5 -4813595. 0. 2.32084345979e+13 0 0
18.946 1 ATTITUDE -0.026907 1.264796 0.145818
19.045 1 ESTIMATOR -17. 0.
19.082 1 NAVIGATION 0 2 -194263.5 -4813595. 0. 2.32084345979e+13 0 0
19.115 1 GPS 0 16602147 0 0 -17000 0 0 0 367500 31 15
19.117 1 SVINFO 0 3 16 1 0 -91 0
19.149 1 WP_MOVED 4 360417.3125 4813734. 260. 31
19.151 1 DL_VALUE 3 0.
19.239 1 DOWNLINK_STATUS 1 19 10132 469 0 492. 22. 41.6
19.334 1 FBW_STATUS 2 0 1 119 0
19.339 1 NAVIGATION 0 2 -194263.5 -4813595. 0. 2.32084345979e+13 0 0
19.345 1 GPS 0 16602147 0 0 -17000 0 0 0 367750 31 1
19.348 1 SVINFO 1 4 16 1 0 -91 0
19.350 1 CALIBRATION 0. 0
19.446 1 ATTITUDE -0.027281 1.261742 0.146202
19.471 1 LINK_STATUS 1 0.023322 1 19 10132 469 0. 492. 22.
19.549 1 ESTIMATOR -17. 0.
19.552 1 ENERGY 11.9 0. 0 0.
19.582 1 NAVIGATION 0 2 -194263.5 -4813595. 0. 2.32084345979e+13 0 0
19.608 1 GPS 0 16602147 0 0 -17000 0 0 0 368000 31 2
19.608 1 SVINFO 2 5 16 1 0 -91 0
19.647 1 WP_MOVED 5 360422. 4813583.5 260. 31
19.766 1 DESIRED 0.03 0.02 0. 0. 0. 235. 0. 20.
19.769 1 BAT 1073 119 0 0 1 368 0 0
19.773 1 GPS_SOL 796815616 60837 9999 0
19.774 1 DOWNLINK 1 528 9048
19.833 1 NAVIGATION 0 2 -194263.5 -4813595. 0. 2.32084345979e+13 0 0
19.862 1 GPS 0 16602147 0 0 -17000 0 0 0 368250 31 3
19.865 1 SVINFO 3 6 16 1 0 -91 0
19.869 1 NAVIGATION 0 2 -194263.5 -4813595. 0. 2.32084345979e+13 0 0
19.946 1 ATTITUDE -0.027382 1.264279 0.145839
20.044 1 ESTIMATOR -17. 0.
20.083 1 NAVIGATION 0 2 -194263.5 -4813595. 0. 2.32084345979e+13 0 0
20.107 1 GPS 0 16602147 0 0 -17000 0 0 0 368500 31 4
20.111 1 SVINFO 4 7 16 1 0 -91 0
20.147 1 WP_MOVED 6 360165.8125 4813664.5 260. 31
20.243 1 DOWNLINK_STATUS 1 20 10687 495 0 555. 26. 41.6
20.333 1 NAVIGATION 0 2 -194263.5 -4813595. 0. 2.32084345979e+13 0 0
20.355 1 GPS 0 16602147 0 0 -17000 0 0 0 368750 31 5
20.358 1 SVINFO 5 21 16 1 0 -91 0
20.446 1 ATTITUDE -0.027333 1.265471 0.145395
20.475 1 LINK_STATUS 1 0.0275 1 20 10687 495 0. 555. 26.
20.544 1 ESTIMATOR -17. 0.
20.582 1 NAVIGATION 0 2 -194263.5 -4813595. 0. 2.32084345979e+13 0 0
20.612 1 GPS 0 16602147 0 0 -17000 0 0 0 369000 31 6
20.612 1 SVINFO 6 22 16 1 0 -91 0
20.649 1 WP_MOVED 7 360559.40625 4813804.5 260. 31
20.651 1 DL_VALUE 4 0.
20.727 1 PONG 
20.804 1 DESIRED 0.03 0.02 0. 0. 0. 235. 0. 20.
20.832 1 NAVIGATION 0 2 -194263.5 -4813595. 0. 2.32084345979e+13 0 0
20.867 1 GPS 0 16602147 0 0 -17000 0 0 0 369250 31 7
20.869 1 SVINFO 7 23 16 1 0 -91 0
20.875 1 NAVIGATION 0 2 -194263.5 -4813595. 0. 2.32084345979e+13 0 0
20.877 1 BAT 1073 119 0 0 1 369 0 0
20.946 1 ATTITUDE -0.02715 1.26277 0.145437
21.044 1 ESTIMATOR -17. 0.
21.083 1 NAVIGATION 0 2 -194263.5 -4813595. 0. 2.32084345979e+13 0 0
21.112 1 GPS 0 16602147 0 0 -17000 0 0 0 369500 31 8
21.112 1 SVINFO 8 24 16 1 0 -91 0
21.147 1 WP_MOVED 8 360462.40625 4813640. 215. 31
21.247 1 DOWNLINK_STATUS 1 21 11185 518 0 498. 23. 76.02
21.334 1 FBW_STATUS 2 0 1 119 0
21.340 1 NAVIGATION 0 2 -194263.5 -4813595. 0. 2.32084345979e+13 0 0
21.345 1 GPS 0 16602147 0 0 -17000 0 0 0 369750 31 9
21.347 1 SVINFO 9 25 16 1 0 -91 0
21.429 1 COMMANDS 1073,1601,-2459,0,303,154
21.448 1 ATTITUDE -0.027364 1.264188 0.145572
21.451 1 CALIBRATION 0. 0
21.479 1 LINK_STATUS 1 0.026425 1 21 11185 518 0. 498. 23.
21.529 1 ACTUATORS 1431,1635,1499,1520,912
21.544 1 ESTIMATOR -17. 0.
21.582 1 NAVIGATION 0 2 -194263.5 -4813595. 0. 2.32084345979e+13 0 0
21.605 1 GPS 0 16602147 0 0 -17000 0 0 0 370000 31 10
21.621 1 SVINFO 10 26 16 1 0 -91 0
21.650 1 WP_MOVED 9 360313.8125 4813652. 185. 31
21.653 1 NAVIGATION_REF 360285 4813595 31
21.745 1 GPS_SOL 796830272 60853 9999 0
21.833 1 NAVIGATION 0 2 -194263.5 -4813595. 0. 2.32084345979e+13 0 0
21.871 1 GPS 0 16602147 0 0 -17000 0 0 0 370250 31 11
21.873 1 SVINFO 11 27 16 1 0 -91 0
21.880 1 NAVIGATION 0 2 -194263.5 -4813595. 0. 2.32084345979e+13 0 0
21.885 1 DESIRED 0.03 0.02 0. 0. 0. 235. 0. 20.
21.952 1 ATTITUDE -0.027275 1.261735 0.145776
21.954 1 BAT 1073 119 0 0 1 370 0 0
22.049 1 ESTIMATOR -17. 0.
22.053 1 ENERGY 11.9 0. 0 0.
22.082 1 NAVIGATION 0 2 -194263.5 -4813595. 0. 2.32084345979e+13 0 0
22.105 1 GPS 0 16602147 0 0 -17000 0 0 0 370500 31 12
22.120 1 SVINFO 12 28 16 1 0 -91 0
22.156 1 WP_MOVED 10 360453.8125 4813581. 260. 31
22.157 1 DL_VALUE 5 0.
22.162 1 ALIVE 78,83,188,43,101,142,7,153,187,81,218,112,235,181,195,43
22.243 1 PPRZ_MODE 0 0 0 0 0 6
22.252 1 DOWNLINK_STATUS 1 22 11826 549 0 641. 31. 76.02
22.332 1 NAVIGATION 0 2 -194263.5 -4813595. 0. 2.32084345979e+13 0 0
22.356 1 GPS 0 16602147 0 0 -17000 0 0 0 370750 31 13
22.358 1 SVINFO 13 29 16 1 0 -91 0
22.446 1 ATTITUDE -0.026904 1.261692 0.145574
22.483 1 LINK_STATUS 1 0.035318 1 22 11826 549 0. 641. 31.
22.544 1 ESTIMATOR -17. 0.
22.582 1 NAVIGATION 0 2 -194263.5 -4813595. 0. 2.32084345979e+13 0 0
22.605 1 GPS 0 16602147 0 0 -17000 0 0 0 371000 31 14
22.620 1 SVINFO 14 30 16 1 0 -91 0
22.647 1 WP_MOVED 11 360170.5 4813757.5 260. 31
22.815 1 WIND_INFO 1 42 0. 0. 0.
22.833 1 NAVIGATION 0 2 -194263.5 -4813595. 0. 2.32084345979e+13 0 0
22.862 1 GPS 0 16602147 0 0 -17000 0 0 0 371250 31 15
22.865 1 SVINFO 0 3 16 1 0 -91 0
22.870 1 NAVIGATION 0 2 -194263.5 -4813595. 0. 2.32084345979e+13 0 0
22.904 1 DESIRED 0.03 0.02 0. 0. 0. 235. 0. 20.
22.943 1 WIND_INFO_RET 0. 0. 0.
22.946 1 ATTITUDE -0.027326 1.261078 0.146166
23.049 1 ESTIMATOR -17. 0.
23.053 1 BAT 1073 119 0 0 1 371 0 0
23.082 1 NAVIGATION 0 2 -194263.5 -4813595. 0. 2.32084345979e+13 0 0
23.105 1 GPS 0 16602147 0 0 -17000 0 0 0 371500 31 1
23.117 1 SVINFO 1 4 16 1 0 -91 0
23.147 1 WP_MOVED 0 360327. 4813637. 260. 31
23.255 1 DOWNLINK_STATUS 1 23 12325 571 0 499. 22. 76.02
23.334 1 FBW_STATUS 2 0 1 119 0
23.338 1 NAVIGATION 0 2 -194263.5 -4813595. 0. 2.32084345979e+13 0 0
23.345 1 GPS 0 16602147 0 0 -17000 0 0 0 371750 31 2
23.347 1 SVINFO 2 5 16 1 0 -91 0
23.446 1 ATTITUDE -0.027606 1.263287 0.146147
23.487 1 LINK_STATUS 1 0.039457 1 23 12325 571 0. 499. 22.
23.547 1 ESTIMATOR -17. 0.
23.549 1 CALIBRATION 0. 0
23.582 1 NAVIGATION 0 2 -194263.5 -4813595. 0. 2.32084345979e+13 0 0
23.605 1 GPS 0 16602147 0 0 -17000 0 0 0 372000 31 3
23.618 1 SVINFO 3 6 16 1 0 -91 0
23.649 1 WP_MOVED 1 360285. 4813595. 260. 31
23.651 1 DL_VALUE 6 40.
23.745 1 GPS_SOL 796845056 60870 9999 0
23.836 1 NAVIGATION 0 2 -194263.5 -4813595. 0. 2.32084345979e+13 0 0
23.846 1 GPS 0 16602147 0 0 -17000 0 0 0 372250 31 4
23.848 1 SVINFO 4 7 16 1 0 -91 0
23.853 1 NAVIGATION 0 2 -194263.5 -4813595. 0. 2.32084345979e+13 0 0
23.955 1 ATTITUDE -0.027606 1.265187 0.146158
23.962 1 DESIRED 0.03 0.02 0. 0. 0. 235. 0. 20.
24.044 1 ESTIMATOR -17. 0.
24.082 1 NAVIGATION 0 2 -194263.5 -4813595. 0. 2.32084345979e+13 0 0
24.105 1 GPS 0 16602147 0 0 -17000 0 0 0 372500 31 5
24.113 1 SVINFO 5 21 16 1 0 -91 0
24.153 1 WP_MOVED 2 360334.5 4813695. 260. 31
24.155 1 BAT 1073 119 0 0 1 372 0 0
24.259 1 DOWNLINK_STATUS 1 24 12860 596 0 535. 25. 76.02
24.338 1 NAVIGATION 0 2 -194263.5 -4813595. 0. 2.32084345979e+13 0 0
24.346 1 GPS 0 16602147 0 0 -17000 0 0 0 372750 31 6
24.348 1 SVINFO 6 22 16 1 0 -91 0
24.446 1 ATTITUDE -0.027175 1.268535 0.145759
24.491 1 LINK_STATUS 1 0.043624 1 24 12860 596 0. 535. 25.
24.549 1 ESTIMATOR -17. 0.
24.552 1 ENERGY 11.9 0. 0 0.
24.582 1 NAVIGATION 0 2 -194263.5 -4813595. 0. 2.32084345979e+13 0 0
24.606 1 GPS 0 16602147 0 0 -17000 0 0 0 373000 31 7
24.620 1 SVINFO 7 23 16 1 0 -91 0
24.646 1 WP_MOVED 3 360295.09375 4813785. 260. 31
24.840 1 NAVIGATION 0 2 -194263.5 -4813595. 0. 2.32084345979e+13 0 0
24.846 1 GPS 0 16602147 0 0 -17000 0 0 0 373250 31 8
24.850 1 SVINFO 8 24 16 1 0 -91 0
24.853 1 NAVIGATION 0 2 -194263.5 -4813595. 0. 2.32084345979e+13 0 0
24.855 1 DOWNLINK 1 0 9174
24.946 1 ATTITUDE -0.026715 1.271433 0.146111
25.004 1 DESIRED 0.03 0.02 0. 0. 0. 235. 0. 20.
25.044 1 ESTIMATOR -17. 0.
25.082 1 NAVIGATION 0 2 -194263.5 -4813595. 0. 2.32084345979e+13 0 0
25.105 1 GPS 0 16602147 0 0 -17000 0 0 0 373500 31 9
25.108 1 SVINFO 9 25 16 1 0 -91 0
25.149 1 WP_MOVED 4 360417.3125 4813734. 260. 31
25.151 1 DL_VALUE 7 0.
25.247 1 BAT 1073 119 0 0 1 373 0 0
25.263 1 DOWNLINK_STATUS 1 25 13383 620 0 523. 24. 76.02
25.341 1 FBW_STATUS 2 0 1 119 0
25.345 1 NAVIGATION 0 2 -194263.5 -4813595. 0. 2.32084345979e+13 0 0
25.352 1 GPS 0 16602147 0 0 -17000 0 0 0 373750 31 10
25.355 1 SVINFO 10 26 16 1 0 -91 0
25.446 1 ATTITUDE -0.026378 1.263873 0.146197
25.495 1 LINK_STATUS 1 0.04739 1 25 13383 620 0. 523. 24.
25.544 1 ESTIMATOR -17. 0.
25.583 1 NAVIGATION 0 2 -194263.5 -4813595. 0. 2.32084345979e+13 0 0
25.605 1 GPS 0 16602147 0 0 -17000 0 0 0 374000 31 11
25.608 1 SVINFO 11 27 16 1 0 -91 0
25.649 1 WP_MOVED 5 360422. 4813583.5 260. 31
25.653 1 CALIBRATION 0. 0
25.747 1 GPS_SOL 796859840 60886 9999 0
25.749 1 PONG 
25.832 1 NAVIGATION 0 2 -194263.5 -4813595. 0. 2.32084345979e+13 0 0
25.861 1 GPS 0 16602147 0 0 -17000 0 0 0 374250 31 12
25.864 1 SVINFO 12 28 16 1 0 -91 0
25.870 1 NAVIGATION 0 2 -194263.5 -4813595. 0. 2.32084345979e+13 0 0
25.950 1 ATTITUDE -0.026633 1.268537 0.145622
26.053 1 ESTIMATOR -17. 0.
26.061 1 DESIRED 0.03 0.02 0. 0. 0. 235. 0. 20.
26.082 1 NAVIGATION 0 2 -194263.5 -4813595. 0. 2.32084345979e+13 0 0
26.105 1 GPS 0 16602147 0 0 -17000 0 0 0 374500 31 13
26.108 1 SVINFO 13 29 16 1 0 -91 0
26.152 1 WP_MOVED 6 360165.8125 4813664.5 260. 31
26.267 1 DOWNLINK_STATUS 1 26 13892 644 0 509. 24. 98.28
26.332 1 NAVIGATION 0 2 -194263.5 -4813595. 0. 2.32084345979e+13 0 0
26.360 1 GPS 0 16602147 0 0 -17000 0 0 0 374750 31 14
26.363 1 SVINFO 14 30 16 1 0 -91 0
26.367 1 BAT 1073 119 0 0 1 375 0 0
26.430 1 COMMANDS 1073,1569,-2513,0,303,154
26.451 1 ATTITUDE -0.026546 1.264134 0.145634
26.499 1 LINK_STATUS 1 0.046411 1 26 13892 644 0. 509. 24.
26.529 1 ACTUATORS 1431,1635,1500,1520,912
26.560 1 ESTIMATOR -17. 0.
26.583 1 NAVIGATION 0 2 -194263.5 -4813595. 0. 2.32084345979e+13 0 0
26.605 1 GPS 0 16602147 0 0 -17000 0 0 0 375000 31 15
26.608 1 SVINFO 0 3 16 1 0 -91 0
26.653 1 WP_MOVED 7 360559.40625 4813804.5 260. 31
26.659 1 DL_VALUE 8 0.
26.832 1 NAVIGATION 0 2 -194263.5 -4813595. 0. 2.32084345979e+13 0 0
26.861 1 GPS 0 16602147 0 0 -17000 0 0 0 375250 31 1
26.864 1 SVINFO 1 4 16 1 0 -91 0
26.868 1 NAVIGATION 0 2 -194263.5 -4813595. 0. 2.32084345979e+13 0 0
26.953 1 ATTITUDE -0.026201 1.264176 0.146008
27.053 1 ESTIMATOR -17. 0.
27.057 1 ENERGY 11.9 0. 0 0.
27.082 1 NAVIGATION 0 2 -194263.5 -4813595. 0. 2.32084345979e+13 0 0
27.114 1 GPS 0 16602147 0 0 -17000 0 0 0 375500 31 2
27.117 1 SVINFO 2 5 16 1 0 -91 0
27.124 1 DESIRED 0.03 0.02 0. 0. 0. 235. 0. 20.
27.155 1 WP_MOVED 8 360462.40625 4813640. 215. 31
27.160 1 ALIVE 78,83,188,43,101,142,7,153,187,81,218,112,235,181,195,43
27.243 1 PPRZ_MODE 0 0 0 0 0 6
27.271 1 DOWNLINK_STATUS 1 27 14475 671 0 583. 27. 98.28
27.334 1 FBW_STATUS 2 0 1 119 0
27.338 1 NAVIGATION 0 2 -194263.5 -4813595. 0. 2.32084345979e+13 0 0
27.345 1 GPS 0 16602147 0 0 -17000 0 0 0 375750 31 3
27.347 1 SVINFO 3 6 16 1 0 -91 0
27.451 1 ATTITUDE -0.025966 1.258892 0.146044
27.454 1 BAT 1073 119 0 0 1 376 0 0
27.503 1 LINK_STATUS 1 0.047797 1 27 14475 671 0. 583. 27.
27.544 1 ESTIMATOR -17. 0.
27.583 1 NAVIGATION 0 2 -194263.5 -4813595. 0. 2.32084345979e+13 0 0
27.605 1 GPS 0 16602147 0 0 -17000 0 0 0 376000 31 4
27.608 1 SVINFO 4 7 16 1 0 -91 0
27.647 1 WP_MOVED 9 360313.8125 4813652. 185. 31
27.748 1 GPS_SOL 796874752 60903 9999 0
27.753 1 CALIBRATION 0. 0
27.832 1 NAVIGATION 0 2 -194263.5 -4813595. 0. 2.32084345979e+13 0 0
27.862 1 GPS 0 16602147 0 0 -17000 0 0 0 376250 31 5
27.864 1 SVINFO 5 21 16 1 0 -91 0
27.868 1 NAVIGATION 0 2 -194263.5 -4813595. 0. 2.32084345979e+13 0 0
27.946 1 ATTITUDE -0.026005 1.263148 0.146086
28.044 1 ESTIMATOR -17. 0.
28.083 1 NAVIGATION 0 2 -194263.5 -4813595. 0. 2.32084345979e+13 0 0
28.105 1 GPS 0 16602147 0 0 -17000 0 0 0 376500 31 6
28.107 1 SVINFO 6 22 16 1 0 -91 0
28.158 1 WP_MOVED 10 360453.8125 4813581. 260. 31
28.165 1 DESIRED 0.03 0.02 0. 0. 0. 235. 0. 20.
28.168 1 DL_VALUE 9 1.
28.275 1 DOWNLINK_STATUS 1 28 15010 696 0 535. 25. 98.28
28.332 1 NAVIGATION 0 2 -194263.5 -4813595. 0. 2.32084345979e+13 0 0
28.355 1 GPS 0 16602147 0 0 -17000 0 0 0 376750 31 7
28.357 1 SVINFO 7 23 16 1 0 -91 0
28.446 1 ATTITUDE -0.025891 1.263617 0.145833
28.507 1 LINK_STATUS 1 0.059697 1 28 15010 696 0. 535. 25.
28.549 1 ESTIMATOR -17. 0.
28.552 1 BAT 1073 119 0 0 1 377 0 0
28.582 1 NAVIGATION 0 2 -194263.5 -4813595. 0. 2.32084345979e+13 0 0
28.605 1 GPS 0 16602147 0 0 -17000 0 0 0 377000 31 8
28.608 1 SVINFO 8 24 16 1 0 -91 0
28.648 1 WP_MOVED 11 360170.5 4813757.5 260. 31
28.832 1 NAVIGATION 0 2 -194263.5 -4813595. 0. 2.32084345979e+13 0 0
28.861 1 GPS 0 16602147 0 0 -17000 0 0 0 377250 31 9
28.864 1 SVINFO 9 25 16 1 0 -91 0
28.868 1 NAVIGATION 0 2 -194263.5 -4813595. 0. 2.32084345979e+13 0 0
28.946 1 ATTITUDE -0.02591 1.264411 0.145617
29.044 1 ESTIMATOR -17. 0.
29.084 1 NAVIGATION 0 2 -194263.5 -4813595. 0. 2.32084345979e+13 0 0
29.105 1 GPS 0 16602147 0 0 -17000 0 0 0 377500 31 10
29.107 1 SVINFO 10 26 16 1 0 -91 0
29.152 1 WP_MOVED 0 360327. 4813637. 260. 31
29.204 1 DESIRED 0.03 0.02 0. 0. 0. 235. 0. 20.
29.279 1 DOWNLINK_STATUS 1 29 15491 717 0 481. 21. 98.28
29.334 1 FBW_STATUS 2 0 1 119 0
29.338 1 NAVIGATION 0 2 -194263.5 -4813595. 0. 2.32084345979e+13 0 0
29.344 1 GPS 0 16602147 0 0 -17000 0 0 0 377750 31 11
29.347 1 SVINFO 11 27 16 1 0 -91 0
29.445 1 ATTITUDE -0.02568 1.270487 0.144767
29.511 1 LINK_STATUS 1 0.064478 1 29 15491 717 0. 481. 21.
29.549 1 ESTIMATOR -17. 0.
29.552 1 ENERGY 11.9 0. 0 0.
29.584 1 NAVIGATION 0 2 -194263.5 -4813595. 0. 2.32084345979e+13 0 0
29.596 1 GPS 0 16602147 0 0 -17000 0 0 0 378000 31 12
29.600 1 SVINFO 12 28 16 1 0 -91 0
29.661 1 WP_MOVED 1 360285. 4813595. 260. 31
29.661 1 BAT 1073 119 0 0 1 378 0 0
29.661 1 DL_VALUE 10 0.
29.745 1 GPS_SOL 796889728 60919 9999 0
29.832 1 NAVIGATION 0 2 -194263.5 -4813595. 0. 2.32084345979e+13 0 0
29.864 1 GPS 0 16602147 0 0 -17000 0 0 0 378250 31 13
29.868 1 SVINFO 13 29 16 1 0 -91 0
29.872 1 NAVIGATION 0 2 -194263.5 -4813595. 0. 2.32084345979e+13 0 0
29.876 1 CALIBRATION 0. 0
29.949 1 ATTITUDE -0.025935 1.269806 0.144756
29.950 1 DOWNLINK 1 534 9301
30.044 1 ESTIMATOR -17. 0.
30.086 1 NAVIGATION 0 2 -194263.5 -4813595. 0. 2.32084345979e+13 0 0
30.096 1 GPS 0 16602147 0 0 -17000 0 0 0 378500 31 14
30.099 1 SVINFO 14 30 16 1 0 -91 0
30.146 1 WP_MOVED 2 360334.5 4813695. 260. 31
30.254 1 DESIRED 0.03 0.02 0. 0. 0. 235. 0. 20.
30.284 1 DOWNLINK_STATUS 1 30 16057 744 0 566. 27. 98.28
30.332 1 NAVIGATION 0 2 -194263.5 -4813595. 0. 2.32084345979e+13 0 0
30.355 1 GPS 0 16602147 0 0 -17000 0 0 0 378750 31 15
30.358 1 SVINFO 0 3 16 1 0 -91 0
30.445 1 ATTITUDE -0.026051 1.272021 0.144809
30.515 1 LINK_STATUS 1 0.068649 1 30 16057 744 0. 566. 27.
30.544 1 ESTIMATOR -17. 0.
30.588 1 NAVIGATION 0 2 -194263.5 -4813595. 0. 2.32084345979e+13 0 0
30.595 1 GPS 0 16602147 0 0 -17000 0 0 0 379000 31 1
30.598 1 SVINFO 1 4 16 1 0 -91 0
30.658 1 WP_MOVED 3 360295.09375 4813785. 260. 31
30.659 1 NAVIGATION_REF 360285 4813595 31
30.689 1 PONG 
30.747 1 BAT 1073 119 0 0 1 379 0 0
30.832 1 NAVIGATION 0 2 -194263.5 -4813595. 0. 2.32084345979e+13 0 0
30.861 1 GPS 0 16602147 0 0 -17000 0 0 0 379250 31 2
30.864 1 SVINFO 2 5 16 1 0 -91 0
30.869 1 NAVIGATION 0 2 -194263.5 -4813595. 0. 2.32084345979e+13 0 0
30.945 1 ATTITUDE -0.025658 1.273593 0.144653
31.044 1 ESTIMATOR -17. 0.
31.090 1 NAVIGATION 0 2 -194263.5 -4813595. 0. 2.32084345979e+13 0 0
31.096 1 GPS 0 16602147 0 0 -17000 0 0 0 379500 31 3
31.098 1 SVINFO 3 6 16 1 0 -91 0
31.149 1 WP_MOVED 4 360417.3125 4813734. 260. 31
31.151 1 DL_VALUE 0 0.
31.288 1 DOWNLINK_STATUS 1 31 16532 767 0 475. 23. 38.56
31.304 1 DESIRED 0.03 0.02 0. 0. 0. 235. 0. 20.
31.334 1 FBW_STATUS 2 0 1 119 0
31.338 1 NAVIGATION 0 2 -194263.5 -4813595. 0. 2.32084345979e+13 0 0
31.344 1 GPS 0 16602147 0 0 -17000 0 0 0 379750 31 4
31.347 1 SVINFO 4 7 16 1 0 -91 0
31.429 1 COMMANDS 1073,1550,-2478,0,303,154
31.445 1 ATTITUDE -0.025883 1.26606 0.145093
31.519 1 LINK_STATUS 1 0.072481 1 31 16532 767 0. 475. 23.
31.529 1 ACTUATORS 1431,1635,1500,1521,912
31.544 1 ESTIMATOR -17. 0.
31.582 1 NAVIGATION 0 2 -194263.5 -4813595. 0. 2.32084345979e+13 0 0
31.605 1 GPS 0 16602147 0 0 -17000 0 0 0 380000 31 5
31.607 1 SVINFO 5 8 16 1 0 -91 0
31.646 1 WP_MOVED 5 360422. 4813583.5 260. 31
31.745 1 GPS_SOL 796904768 60936 9999 0
31.832 1 NAVIGATION 0 2 -194263.5 -4813595. 0. 2.32084345979e+13 0 0
31.866 1 GPS 0 16602147 0 0 -17000 0 0 0 380250 31 6
31.869 1 SVINFO 6 22 16 1 0 -91 0
31.873 1 NAVIGATION 0 2 -194263.5 -4813595. 0. 2.32084345979e+13 0 0
31.878 1 BAT 1073 119 0 0 1 380 0 0
31.948 1 ATTITUDE -0.025972 1.266728 0.144975
31.950 1 CALIBRATION 0. 0
32.048 1 ESTIMATOR -17. 0.
32.052 1 ENERGY 11.9 0. 0 0.
32.082 1 NAVIGATION 0 2 -194263.5 -4813595. 0. 2.32084345979e+13 0 0
32.105 1 GPS 0 16602147 0 0 -17000 0 0 0 380500 31 7
32.107 1 SVINFO 7 23 16 1 0 -91 0
32.152 1 WP_MOVED 6 360165.8125 4813664.5 260. 31
32.167 1 ALIVE 78,83,188,43,101,142,7,153,187,81,218,112,235,181,195,43
32.243 1 PPRZ_MODE 0 0 0 0 0 6
32.292 1 DOWNLINK_STATUS 1 32 17147 796 0 615. 29. 38.56
32.332 1 NAVIGATION 0 2 -194263.5 -4813595. 0. 2.32084345979e+13 0 0
32.364 1 GPS 0 16602147 0 0 -17000 0 0 0 380750 31 8
32.367 1 SVINFO 8 24 16 1 0 -91 0
32.373 1 DESIRED 0.03 0.02 0. 0. 0. 235. 0. 20.
32.445 1 ATTITUDE -0.026213 1.265943 0.145371
32.523 1 LINK_STATUS 1 0.076573 1 32 17147 796 0. 615. 29.
32.544 1 ESTIMATOR -17. 0.
32.582 1 NAVIGATION 0 2 -194263.5 -4813595. 0. 2.32084345979e+13 0 0
32.607 1 GPS 0 16602147 0 0 -17000 0 0 0 381000 31 9
32.815 1 WIND_INFO 1 42 0. 0. 0.
33.296 1 DOWNLINK_STATUS 1 33 17349 804 0 202. 8. 38.56
33.527 1 LINK_STATUS 1 0.919474 1 33 17349 804 0. 202. 8.
34.303 1 DOWNLINK_STATUS 1 34 17349 804 0 0. 0. 38.56
34.531 1 LINK_STATUS 1 1.923514 1 34 17349 804 0. 0. 0.
35.311 1 DOWNLINK_STATUS 1 35 17349 804 0 0. 0. 38.56
35.535 1 LINK_STATUS 1 2.927438 1 35 17349 804 0. 0. 0.
36.316 1 DOWNLINK_STATUS 1 36 17349 804 0 0. 0. -4965.69
36.539 1 LINK_STATUS 1 3.931477 1 36 17349 804 0. 0. 0.
37.324 1 DOWNLINK_STATUS 1 37 17349 804 0 0. 0. -4965.69
37.543 1 LINK_STATUS 1 4.935513 1 37 17349 804 0. 0. 0.
38.332 1 DOWNLINK_STATUS 1 38 17349 804 0 0. 0. -4965.69
38.551 1 LINK_STATUS 1 5.943555 1 38 17349 804 0. 0. 0.
39.340 1 DOWNLINK_STATUS 1 39 17349 804 0 0. 0. -4965.69
39.559 1 LINK_STATUS 1 6.951593 1 39 17349 804 0. 0. 0.
40.348 1 DOWNLINK_STATUS 1 40 17349 804 0 0. 0. -4965.69
40.568 1 LINK_STATUS 1 7.959743 1 40 17349 804 0. 0. 0.
41.353 1 DOWNLINK_STATUS 1 41 17349 804 0 0. 0. -9969.84
41.576 1 LINK_STATUS 1 8.967827 1 41 17349 804 0. 0. 0.
42.360 1 DOWNLINK_STATUS 1 42 17349 804 0 0. 0. -9969.84
42.584 1 LINK_STATUS 1 9.975853 1 42 17349 804 0. 0. 0.
42.816 1 WIND_INFO 1 42 0. 0. 0.
43.368 1 DOWNLINK_STATUS 1 43 17349 804 0 0. 0. -9969.84
43.592 1 LINK_STATUS 1 10.983877 1 43 17349 804 0. 0. 0.
44.376 1 DOWNLINK_STATUS 1 44 17349 804 0 0. 0. -9969.84
44.600 1 LINK_STATUS 1 11.991893 1 44 17349 804 0. 0. 0.
45.384 1 DOWNLINK_STATUS 1 45 17349 804 0 0. 0. -9969.84
45.608 1 LINK_STATUS 1 12.999857 1 45 17349 804 0. 0. 0.
46.392 1 DOWNLINK_STATUS 1 46 17349 804 0 0. 0. -14974.14
46.616 1 LINK_STATUS 1 14.008043 1 46 17349 804 0. 0. 0.
47.400 1 DOWNLINK_STATUS 1 47 17349 804 0 0. 0. -14974.14
47.624 1 LINK_STATUS 1 15.01601 1 47 17349 804 0. 0. 0.
48.408 1 DOWNLINK_STATUS 1 48 17349 804 0 0. 0. -14974.14
48.632 1 LINK_STATUS 1 16.023988 1 48 17349 804 0. 0. 0.
49.417 1 DOWNLINK_STATUS 1 49 17349 804 0 0. 0. -14974.14
49.642 1 LINK_STATUS 1 17.032119 1 49 17349 804 0. 0. 0.
50.425 1 DOWNLINK_STATUS 1 50 17349 804 0 0. 0. -14974.14
50.644 1 LINK_STATUS 1 18.036059 1 50 17349 804 0. 0. 0.
51.433 1 DOWNLINK_STATUS 1 51 17349 804 0 0. 0. -19982.34
51.652 1 LINK_STATUS 1 19.044191 1 51 17349 804 0. 0. 0.
52.436 1 DOWNLINK_STATUS 1 52 17349 804 0 0. 0. -19982.34
52.656 1 LINK_STATUS 1 20.048115 1 52 17349 804 0. 0. 0.
52.816 1 WIND_INFO 1 42 0. 0. 0.
53.440 1 DOWNLINK_STATUS 1 53 17349 804 0 0. 0. -19982.34
53.660 1 LINK_STATUS 1 21.05224 1 53 17349 804 0. 0. 0.
54.444 1 DOWNLINK_STATUS 1 54 17349 804 0 0. 0. -19982.34
54.665 1 LINK_STATUS 1 22.05629 1 54 17349 804 0. 0. 0.
55.449 1 DOWNLINK_STATUS 1 55 17349 804 0 0. 0. -19982.34
55.668 1 LINK_STATUS 1 23.060324 1 55 17349 804 0. 0. 0.
56.454 1 DOWNLINK_STATUS 1 56 17349 804 0 0. 0. -24986.53
56.672 1 LINK_STATUS 1 24.064237 1 56 17349 804 0. 0. 0.
57.457 1 DOWNLINK_STATUS 1 57 17349 804 0 0. 0. -24986.53
57.676 1 LINK_STATUS 1 25.068279 1 57 17349 804 0. 0. 0.
58.461 1 DOWNLINK_STATUS 1 58 17349 804 0 0. 0. -24986.53
58.680 1 LINK_STATUS 1 26.072425 1 58 17349 804 0. 0. 0.
59.464 1 DOWNLINK_STATUS 1 59 17349 804 0 0. 0. -24986.53
59.684 1 LINK_STATUS 1 27.076495 1 59 17349 804 0. 0. 0.
60.469 1 DOWNLINK_STATUS 1 60 17349 804 0 0. 0. -24986.53
60.688 1 LINK_STATUS 1 28.080514 1 60 17349 804 0. 0. 0.
61.473 1 DOWNLINK_STATUS 1 61 17349 804 0 0. 0. -29990.71
61.692 1 LINK_STATUS 1 29.084451 1 61 17349 804 0. 0. 0.
62.477 1 DOWNLINK_STATUS 1 62 17349 804 0 0. 0. -29990.71
62.696 1 LINK_STATUS 1 30.088503 1 62 17349 804 0. 0. 0.
62.816 1 WIND_INFO 1 42 0. 0. 0.
63.481 1 DOWNLINK_STATUS 1 63 17349 804 0 0. 0. -29990.71
63.701 1 LINK_STATUS 1 31.092631 1 63 17349 804 0. 0. 0.
64.485 1 DOWNLINK_STATUS 1 64 17349 804 0 0. 0. -29990.71
64.704 1 LINK_STATUS 1 32.096662 1 64 17349 804 0. 0. 0.
65.490 1 DOWNLINK_STATUS 1 65 17349 804 0 0. 0. -29990.71
65.709 1 LINK_STATUS 1 33.100722 1 65 17349 804 0. 0. 0.
66.496 1 DOWNLINK_STATUS 1 66 17349 804 0 0. 0. -34994.79
66.712 1 LINK_STATUS 1 34.104617 1 66 17349 804 0. 0. 0.
67.504 1 DOWNLINK_STATUS 1 67 17349 804 0 0. 0. -34994.79
67.717 1 LINK_STATUS 1 35.108778 1 67 17349 804 0. 0. 0.
68.510 1 DOWNLINK_STATUS 1 68 17349 804 0 0. 0. -34994.79
68.721 1 LINK_STATUS 1 36.112812 1 68 17349 804 0. 0. 0.
69.516 1 DOWNLINK_STATUS 1 69 17349 804 0 0. 0. -34994.79
69.726 1 LINK_STATUS 1 37.116899 1 69 17349 804 0. 0. 0.
70.530 1 DOWNLINK_STATUS 1 70 17349 804 0 0. 0. -34994.79
70.733 1 LINK_STATUS 1 38.124776 1 70 17349 804 0. 0. 0.
71.532 1 DOWNLINK_STATUS 1 71 17349 804 0 0. 0. -39998.98
71.737 1 LINK_STATUS 1 39.128822 1 71 17349 804 0. 0. 0.
72.525 1 DOWNLINK_STATUS 1 72 17349 804 0 0. 0. -39998.98
72.741 1 LINK_STATUS 1 40.132857 1 72 17349 804 0. 0. 0.
72.817 1 WIND_INFO 1 42 0. 0. 0.
73.529 1 DOWNLINK_STATUS 1 73 17349 804 0 0. 0. -39998.98
73.745 1 LINK_STATUS 1 41.136894 1 73 17349 804 0. 0. 0.
74.537 1 DOWNLINK_STATUS 1 74 17349 804 0 0. 0. -39998.98
74.749 1 LINK_STATUS 1 42.140925 1 74 17349 804 0. 0. 0.
75.545 1 DOWNLINK_STATUS 1 75 17349 804 0 0. 0. -39998.98
75.753 1 LINK_STATUS 1 43.145098 1 75 17349 804 0. 0. 0.
76.550 1 DOWNLINK_STATUS 1 76 17349 804 0 0. 0. -45003.17
76.761 1 LINK_STATUS 1 44.153002 1 76 17349 804 0. 0. 0.
77.557 1 DOWNLINK_STATUS 1 77 17349 804 0 0. 0. -45003.17
77.765 1 LINK_STATUS 1 45.157047 1 77 17349 804 0. 0. 0.
78.566 1 DOWNLINK_STATUS 1 78 17349 804 0 0. 0. -45003.17
78.774 1 LINK_STATUS 1 46.165199 1 78 17349 804 0. 0. 0.
79.573 1 DOWNLINK_STATUS 1 79 17349 804 0 0. 0. -45003.17
79.781 1 LINK_STATUS 1 47.173112 1 79 17349 804 0. 0. 0.
80.581 1 DOWNLINK_STATUS 1 80 17349 804 0 0. 0. -45003.17
80.789 1 LINK_STATUS 1 48.181153 1 80 17349 804 0. 0. 0.
81.585 1 DOWNLINK_STATUS 1 81 17349 804 0 0. 0. -50007.39
81.797 1 LINK_STATUS 1 49.189225 1 81 17349 804 0. 0. 0.
82.594 1 DOWNLINK_STATUS 1 82 17349 804 0 0. 0. -50007.39
82.805 1 LINK_STATUS 1 50.197339 1 82 17349 804 0. 0. 0.
82.817 1 WIND_INFO 1 42 0. 0. 0.
83.602 1 DOWNLINK_STATUS 1 83 17349 804 0 0. 0. -50007.39
83.813 1 LINK_STATUS 1 51.205378 1 83 17349 804 0. 0. 0.
84.610 1 DOWNLINK_STATUS 1 84 17349 804 0 0. 0. -50007.39
84.822 1 LINK_STATUS 1 52.213313 1 84 17349 804 0. 0. 0.
85.618 1 DOWNLINK_STATUS 1 85 17349 804 0 0. 0. -50007.39
85.829 1 LINK_STATUS 1 53.221456 1 85 17349 804 0. 0. 0.
86.626 1 DOWNLINK_STATUS 1 86 17349 804 0 0. 0. -55011.71
86.837 1 LINK_STATUS 1 54.229493 1 86 17349 804 0. 0. 0.
87.634 1 DOWNLINK_STATUS 1 87 17349 804 0 0. 0. -55011.71
87.845 1 LINK_STATUS 1 55.237426 1 87 17349 804 0. 0. 0.
88.642 1 DOWNLINK_STATUS 1 88 17349 804 0 0. 0. -55011.71
88.854 1 LINK_STATUS 1 56.245463 1 88 17349 804 0. 0. 0.
89.650 1 DOWNLINK_STATUS 1 89 17349 804 0 0. 0. -55011.71
89.861 1 LINK_STATUS 1 57.253569 1 89 17349 804 0. 0. 0.
90.658 1 DOWNLINK_STATUS 1 90 17349 804 0 0. 0. -55011.71
90.871 1 LINK_STATUS 1 58.261534 1 90 17349 804 0. 0. 0.
91.662 1 DOWNLINK_STATUS 1 91 17349 804 0 0. 0. -60019.85
91.874 1 LINK_STATUS 1 59.26572 1 91 17349 804 0. 0. 0.
92.666 1 DOWNLINK_STATUS 1 92 17349 804 0 0. 0. -60019.85
92.818 1 WIND_INFO 1 42 0. 0. 0.
92.878 1 LINK_STATUS 1 60.269734 1 92 17349 804 0. 0. 0.
93.670 1 DOWNLINK_STATUS 1 93 17349 804 0 0. 0. -60019.85
93.882 1 LINK_STATUS 1 61.273779 1 93 17349 804 0. 0. 0.
94.674 1 DOWNLINK_STATUS 1 94 17349 804 0 0. 0. -60019.85
94.886 1 LINK_STATUS 1 62.2778 1 94 17349 804 0. 0. 0.
95.678 1 DOWNLINK_STATUS 1 95 17349 804 0 0. 0. -60019.85
95.890 1 LINK_STATUS 1 63.281727 1 95 17349 804 0. 0. 0.
96.682 1 DOWNLINK_STATUS 1 96 17349 804 0 0. 0. -65023.92
96.894 1 LINK_STATUS 1 64.285953 1 96 17349 804 0. 0. 0.
97.686 1 DOWNLINK_STATUS 1 97 17349 804 0 0. 0. -65023.92
97.898 1 LINK_STATUS 1 65.289982 1 97 17349 804 0. 0. 0.
98.690 1 DOWNLINK_STATUS 1 98 17349 804 0 0. 0. -65023.92
98.902 1 LINK_STATUS 1 66.29396 1 98 17349 804 0. 0. 0.
99.694 1 DOWNLINK_STATUS 1 99 17349 804 0 0. 0. -65023.92
99.908 1 LINK_STATUS 1 67.298084 1 99 17349 804 0. 0. 0.
100.698 1 DOWNLINK_STATUS 1 100 17349 804 0 0. 0. -65023.92
100.915 1 LINK_STATUS 1 68.305919 1 100 17349 804 0. 0. 0.
101.702 1 DOWNLINK_STATUS 1 101 17349 804 0 0. 0. -70028.22
101.918 1 LINK_STATUS 1 69.310061 1 101 17349 804 0. 0. 0.
102.706 1 DOWNLINK_STATUS 1 102 17349 804 0 0. 0. -70028.22
102.818 1 WIND_INFO 1 42 0. 0. 0.
102.922 1 LINK_STATUS 1 70.3141 1 102 17349 804 0. 0. 0.
103.710 1 DOWNLINK_STATUS 1 103 17349 804 0 0. 0. -70028.22
103.927 1 LINK_STATUS 1 71.318035 1 103 17349 804 0. 0. 0.
104.715 1 DOWNLINK_STATUS 1 104 17349 804 0 0. 0. -70028.22
104.930 1 LINK_STATUS 1 72.322066 1 104 17349 804 0. 0. 0.
105.718 1 DOWNLINK_STATUS 1 105 17349 804 0 0. 0. -70028.22
105.934 1 LINK_STATUS 1 73.326223 1 105 17349 804 0. 0. 0.
106.723 1 DOWNLINK_STATUS 1 106 17349 804 0 0. 0. -75029.05
106.938 1 LINK_STATUS 1 74.330143 1 106 17349 804 0. 0. 0.
107.727 1 DOWNLINK_STATUS 1 107 17349 804 0 0. 0. -75029.05
107.942 1 LINK_STATUS 1 75.334324 1 107 17349 804 0. 0. 0.
108.731 1 DOWNLINK_STATUS 1 108 17349 804 0 0. 0. -75029.05
108.946 1 LINK_STATUS 1 76.338233 1 108 17349 804 0. 0. 0.
109.735 1 DOWNLINK_STATUS 1 109 17349 804 0 0. 0. -75029.05
109.950 1 LINK_STATUS 1 77.342298 1 109 17349 804 0. 0. 0.
110.739 1 DOWNLINK_STATUS 1 110 17349 804 0 0. 0. -80032.55
110.954 1 LINK_STATUS 1 78.346311 1 110 17349 804 0. 0. 0.
111.743 1 DOWNLINK_STATUS 1 111 17349 804 0 0. 0. -80032.55
111.959 1 LINK_STATUS 1 79.350391 1 111 17349 804 0. 0. 0.
112.751 1 DOWNLINK_STATUS 1 112 17349 804 0 0. 0. -80032.55
112.818 1 WIND_INFO 1 42 0. 0. 0.
112.962 1 LINK_STATUS 1 80.354492 1 112 17349 804 0. 0. 0.
113.760 1 DOWNLINK_STATUS 1 113 17349 804 0 0. 0. -80032.55
113.967 1 LINK_STATUS 1 81.358439 1 113 17349 804 0. 0. 0.
114.767 1 DOWNLINK_STATUS 1 114 17349 804 0 0. 0. -80032.55
114.974 1 LINK_STATUS 1 82.366463 1 114 17349 804 0. 0. 0.
115.771 1 DOWNLINK_STATUS 1 115 17349 804 0 0. 0. -85040.69
115.982 1 LINK_STATUS 1 83.374497 1 115 17349 804 0. 0. 0.
116.779 1 DOWNLINK_STATUS 1 116 17349 804 0 0. 0. -85040.69
116.991 1 LINK_STATUS 1 84.382686 1 116 17349 804 0. 0. 0.
117.788 1 DOWNLINK_STATUS 1 117 17349 804 0 0. 0. -85040.69
117.998 1 LINK_STATUS 1 85.390571 1 117 17349 804 0. 0. 0.
118.795 1 DOWNLINK_STATUS 1 118 17349 804 0 0. 0. -85040.69
119.007 1 LINK_STATUS 1 86.398627 1 118 17349 804 0. 0. 0.
119.803 1 DOWNLINK_STATUS 1 119 17349 804 0 0. 0. -85040.69
120.015 1 LINK_STATUS 1 87.406746 1 119 17349 804 0. 0. 0.
120.807 1 DOWNLINK_STATUS 1 120 17349 804 0 0. 0. -90048.98
121.023 1 LINK_STATUS 1 88.414864 1 120 17349 804 0. 0. 0.
121.815 1 DOWNLINK_STATUS 1 121 17349 804 0 0. 0. -90048.98
122.031 1 LINK_STATUS 1 89.422712 1 121 17349 804 0. 0. 0.
122.819 1 WIND_INFO 1 42 0. 0. 0.
122.820 1 DOWNLINK_STATUS 1 122 17349 804 0 0. 0. -90048.98
123.040 1 LINK_STATUS 1 90.430783 1 122 17349 804 0. 0. 0.
123.827 1 DOWNLINK_STATUS 1 123 17349 804 0 0. 0. -90048.98
124.047 1 LINK_STATUS 1 91.438792 1 123 17349 804 0. 0. 0.
124.835 1 DOWNLINK_STATUS 1 124 17349 804 0 0. 0. -90048.98
125.057 1 LINK_STATUS 1 92.446948 1 124 17349 804 0. 0. 0.
125.840 1 DOWNLINK_STATUS 1 125 17349 804 0 0. 0. -95057.17
126.064 1 LINK_STATUS 1 93.454871 1 125 17349 804 0. 0. 0.
126.848 1 DOWNLINK_STATUS 1 126 17349 804 0 0. 0. -95057.17
127.071 1 LINK_STATUS 1 94.463048 1 126 17349 804 0. 0. 0.
127.855 1 DOWNLINK_STATUS 1 127 17349 804 0 0. 0. -95057.17
128.080 1 LINK_STATUS 1 95.470976 1 127 17349 804 0. 0. 0.
128.863 1 DOWNLINK_STATUS 1 128 17349 804 0 0. 0. -95057.17
129.090 1 LINK_STATUS 1 96.47927 1 128 17349 804 0. 0. 0.
129.871 1 DOWNLINK_STATUS 1 129 17349 804 0 0. 0. -95057.17
130.103 1 LINK_STATUS 1 97.495146 1 129 17349 804 0. 0. 0.
130.875 1 DOWNLINK_STATUS 1 130 17349 804 0 0. 0. -100061.36
131.118 1 LINK_STATUS 1 98.499121 1 130 17349 804 0. 0. 0.
131.879 1 DOWNLINK_STATUS 1 131 17349 804 0 0. 0. -100061.36
132.116 1 LINK_STATUS 1 99.507098 1 131 17349 804 0. 0. 0.
132.819 1 WIND_INFO 1 42 0. 0. 0.
132.883 1 DOWNLINK_STATUS 1 132 17349 804 0 0. 0. -100061.36
133.131 1 LINK_STATUS 1 100.515126 1 132 17349 804 0. 0. 0.
133.887 1 DOWNLINK_STATUS 1 133 17349 804 0 0. 0. -100061.36
134.141 1 LINK_STATUS 1 101.523165 1 133 17349 804 0. 0. 0.
134.891 1 DOWNLINK_STATUS 1 134 17349 804 0 0. 0. -100061.36
135.148 1 LINK_STATUS 1 102.535334 1 134 17349 804 0. 0. 0.
135.895 1 DOWNLINK_STATUS 1 135 17349 804 0 0. 0. -105065.55
136.158 1 LINK_STATUS 1 103.543403 1 135 17349 804 0. 0. 0.
136.901 1 DOWNLINK_STATUS 1 136 17349 804 0 0. 0. -105065.55
137.168 1 LINK_STATUS 1 104.558874 1 136 17349 804 0. 0. 0.
137.904 1 DOWNLINK_STATUS 1 137 17349 804 0 0. 0. -105065.55
138.174 1 LINK_STATUS 1 105.56349 1 137 17349 804 0. 0. 0.
138.908 1 DOWNLINK_STATUS 1 138 17349 804 0 0. 0. -105065.55
139.184 1 LINK_STATUS 1 106.571525 1 138 17349 804 0. 0. 0.
139.912 1 DOWNLINK_STATUS 1 139 17349 804 0 0. 0. -105065.55
140.188 1 LINK_STATUS 1 107.579469 1 139 17349 804 0. 0. 0.
140.916 1 DOWNLINK_STATUS 1 140 17349 804 0 0. 0. -110069.75
141.197 1 LINK_STATUS 1 108.587688 1 140 17349 804 0. 0. 0.
141.920 1 DOWNLINK_STATUS 1 141 17349 804 0 0. 0. -110069.75
142.206 1 LINK_STATUS 1 109.595524 1 141 17349 804 0. 0. 0.
142.819 1 WIND_INFO 1 42 0. 0. 0.
142.924 1 DOWNLINK_STATUS 1 142 17349 804 0 0. 0. -110069.75
143.214 1 LINK_STATUS 1 110.604474 1 142 17349 804 0. 0. 0.
143.928 1 DOWNLINK_STATUS 1 143 17349 804 0 0. 0. -110069.75
144.224 1 LINK_STATUS 1 111.611647 1 143 17349 804 0. 0. 0.
144.934 1 DOWNLINK_STATUS 1 144 17349 804 0 0. 0. -110069.75
145.229 1 LINK_STATUS 1 112.619753 1 144 17349 804 0. 0. 0.
145.936 1 DOWNLINK_STATUS 1 145 17349 804 0 0. 0. -115073.93
146.237 1 LINK_STATUS 1 113.627685 1 145 17349 804 0. 0. 0.
146.940 1 DOWNLINK_STATUS 1 146 17349 804 0 0. 0. -115073.93
147.245 1 LINK_STATUS 1 114.636359 1 146 17349 804 0. 0. 0.
147.944 1 DOWNLINK_STATUS 1 147 17349 804 0 0. 0. -115073.93
148.253 1 LINK_STATUS 1 115.643772 1 147 17349 804 0. 0. 0.
148.948 1 DOWNLINK_STATUS 1 148 17349 804 0 0. 0. -115073.93
149.264 1 LINK_STATUS 1 116.655027 1 148 17349 804 0. 0. 0.
149.952 1 DOWNLINK_STATUS 1 149 17349 804 0 0. 0. -115073.93
150.269 1 LINK_STATUS 1 117.65995 1 149 17349 804 0. 0. 0.
150.956 1 DOWNLINK_STATUS 1 150 17349 804 0 0. 0. -120078.15
151.277 1 LINK_STATUS 1 118.667864 1 150 17349 804 0. 0. 0.
151.965 1 DOWNLINK_STATUS 1 151 17349 804 0 0. 0. -120078.15
152.290 1 LINK_STATUS 1 119.676025 1 151 17349 804 0. 0. 0.
152.820 1 WIND_INFO 1 42 0. 0. 0.
152.968 1 DOWNLINK_STATUS 1 152 17349 804 0 0. 0. -120078.15
153.297 1 LINK_STATUS 1 120.688046 1 152 17349 804 0. 0. 0.
153.978 1 DOWNLINK_STATUS 1 153 17349 804 0 0. 0. -120078.15
154.305 1 LINK_STATUS 1 121.696163 1 153 17349 804 0. 0. 0.
154.986 1 DOWNLINK_STATUS 1 154 17349 804 0 0. 0. -120078.15
155.313 1 LINK_STATUS 1 122.70402 1 154 17349 804 0. 0. 0.
155.989 1 DOWNLINK_STATUS 1 155 17349 804 0 0. 0. -125086.32
156.327 1 LINK_STATUS 1 123.710827 1 155 17349 804 0. 0. 0.
156.998 1 DOWNLINK_STATUS 1 156 17349 804 0 0. 0. -125086.32
157.326 1 LINK_STATUS 1 124.716096 1 156 17349 804 0. 0. 0.
158.006 1 DOWNLINK_STATUS 1 157 17349 804 0 0. 0. -125086.32
158.344 1 LINK_STATUS 1 125.724238 1 157 17349 804 0. 0. 0.
159.012 1 DOWNLINK_STATUS 1 158 17349 804 0 0. 0. -125086.32
159.357 1 LINK_STATUS 1 126.748162 1 158 17349 804 0. 0. 0.
160.020 1 DOWNLINK_STATUS 1 159 17349 804 0 0. 0. -125086.32
160.367 1 LINK_STATUS 1 127.756712 1 159 17349 804 0. 0. 0.
161.024 1 DOWNLINK_STATUS 1 160 17349 804 0 0. 0. -130094.49
161.374 1 LINK_STATUS 1 128.764253 1 160 17349 804 0. 0. 0.
162.032 1 DOWNLINK_STATUS 1 161 17349 804 0 0. 0. -130094.49
162.391 1 LINK_STATUS 1 129.772239 1 161 17349 804 0. 0. 0.
162.820 1 WIND_INFO 1 42 0. 0. 0.
163.037 1 DOWNLINK_STATUS 1 162 17349 804 0 0. 0. -130094.49
163.394 1 LINK_STATUS 1 130.784268 1 162 17349 804 0. 0. 0.
164.045 1 DOWNLINK_STATUS 1 163 17349 804 0 0. 0. -130094.49
164.400 1 LINK_STATUS 1 131.792305 1 163 17349 804 0. 0. 0.
165.053 1 DOWNLINK_STATUS 1 164 17349 804 0 0. 0. -130094.49
165.408 1 LINK_STATUS 1 132.800375 1 164 17349 804 0. 0. 0.
166.061 1 DOWNLINK_STATUS 1 165 17349 804 0 0. 0. -135102.68
166.416 1 LINK_STATUS 1 133.808491 1 165 17349 804 0. 0. 0.
167.069 1 DOWNLINK_STATUS 1 166 17349 804 0 0. 0. -135102.68
167.424 1 LINK_STATUS 1 134.816529 1 166 17349 804 0. 0. 0.
168.077 1 DOWNLINK_STATUS 1 167 17349 804 0 0. 0. -135102.68
168.432 1 LINK_STATUS 1 135.824572 1 167 17349 804 0. 0. 0.
169.086 1 DOWNLINK_STATUS 1 168 17349 804 0 0. 0. -135102.68
169.455 1 LINK_STATUS 1 136.840513 1 168 17349 804 0. 0. 0.
170.093 1 DOWNLINK_STATUS 1 169 17349 804 0 0. 0. -135102.68
170.454 1 LINK_STATUS 1 137.844652 1 169 17349 804 0. 0. 0.
171.098 1 DOWNLINK_STATUS 1 170 17349 804 0 0. 0. -140106.84
171.457 1 LINK_STATUS 1 138.848753 1 170 17349 804 0. 0. 0.
172.101 1 DOWNLINK_STATUS 1 171 17349 804 0 0. 0. -140106.84
172.461 1 LINK_STATUS 1 139.852723 1 171 17349 804 0. 0. 0.
172.821 1 WIND_INFO 1 42 0. 0. 0.
173.105 1 DOWNLINK_STATUS 1 172 17349 804 0 0. 0. -140106.84
173.465 1 LINK_STATUS 1 140.856761 1 172 17349 804 0. 0. 0.
174.109 1 DOWNLINK_STATUS 1 173 17349 804 0 0. 0. -140106.84
174.468 1 LINK_STATUS 1 141.860712 1 173 17349 804 0. 0. 0.
175.116 1 DOWNLINK_STATUS 1 175 17349 804 0 0. 0. -140106.84
175.473 1 LINK_STATUS 1 142.864721 1 175 17349 804 0. 0. 0.
176.117 1 DOWNLINK_STATUS 1 176 17349 804 0 0. 0. -145110.95
176.477 1 LINK_STATUS 1 143.868937 1 176 17349 804 0. 0. 0.
177.121 1 DOWNLINK_STATUS 1 177 17349 804 0 0. 0. -145110.95
177.481 1 LINK_STATUS 1 144.872814 1 177 17349 804 0. 0. 0.
178.126 1 DOWNLINK_STATUS 1 178 17349 804 0 0. 0. -145110.95
178.485 1 LINK_STATUS 1 145.876948 1 178 17349 804 0. 0. 0.
179.129 1 DOWNLINK_STATUS 1 179 17349 804 0 0. 0. -145110.95
179.489 1 LINK_STATUS 1 146.880882 1 179 17349 804 0. 0. 0.
180.133 1 DOWNLINK_STATUS 1 180 17349 804 0 0. 0. -145110.95
180.493 1 LINK_STATUS 1 147.885023 1 180 17349 804 0. 0. 0.
181.137 1 DOWNLINK_STATUS 1 181 17349 804 0 0. 0. -150115.13
181.498 1 LINK_STATUS 1 148.889047 1 181 17349 804 0. 0. 0.
182.141 1 DOWNLINK_STATUS 1 182 17349 804 0 0. 0. -150115.13
182.505 1 LINK_STATUS 1 149.896989 1 182 17349 804 0. 0. 0.
182.821 1 WIND_INFO 1 42 0. 0. 0.
183.145 1 DOWNLINK_STATUS 1 183 17349 804 0 0. 0. -150115.13
183.509 1 LINK_STATUS 1 150.901034 1 183 17349 804 0. 0. 0.
184.149 1 DOWNLINK_STATUS 1 184 17349 804 0 0. 0. -150115.13
184.513 1 LINK_STATUS 1 151.905098 1 184 17349 804 0. 0. 0.
185.153 1 DOWNLINK_STATUS 1 185 17349 804 0 0. 0. -150115.13
185.518 1 LINK_STATUS 1 152.909321 1 185 17349 804 0. 0. 0.
186.159 1 DOWNLINK_STATUS 1 186 17349 804 0 0. 0. -155119.43
186.525 1 LINK_STATUS 1 153.917264 1 186 17349 804 0. 0. 0.
187.161 1 DOWNLINK_STATUS 1 187 17349 804 0 0. 0. -155119.43
187.529 1 LINK_STATUS 1 154.921343 1 187 17349 804 0. 0. 0.
188.167 1 DOWNLINK_STATUS 1 188 17349 804 0 0. 0. -155119.43
188.533 1 LINK_STATUS 1 155.925342 1 188 17349 804 0. 0. 0.
189.172 1 DOWNLINK_STATUS 1 189 17349 804 0 0. 0. -155119.43
189.537 1 LINK_STATUS 1 156.929398 1 189 17349 804 0. 0. 0.
190.173 1 DOWNLINK_STATUS 1 190 17349 804 0 0. 0. -155119.43
190.541 1 LINK_STATUS 1 157.933404 1 190 17349 804 0. 0. 0.
191.178 1 DOWNLINK_STATUS 1 191 17349 804 0 0. 0. -160123.67
191.545 1 LINK_STATUS 1 158.937341 1 191 17349 804 0. 0. 0.
192.186 1 DOWNLINK_STATUS 1 192 17349 804 0 0. 0. -160123.67
192.553 1 LINK_STATUS 1 159.945492 1 192 17349 804 0. 0. 0.
192.821 1 WIND_INFO 1 42 0. 0. 0.
193.190 1 DOWNLINK_STATUS 1 193 17349 804 0 0. 0. -160123.67
193.557 1 LINK_STATUS 1 160.949407 1 193 17349 804 0. 0. 0.
194.198 1 DOWNLINK_STATUS 1 194 17349 804 0 0. 0. -160123.67
194.561 1 LINK_STATUS 1 161.953581 1 194 17349 804 0. 0. 0.
195.206 1 DOWNLINK_STATUS 1 195 17349 804 0 0. 0. -160123.67
195.569 1 LINK_STATUS 1 162.961482 1 195 17349 804 0. 0. 0.
196.210 1 DOWNLINK_STATUS 1 196 17349 804 0 0. 0. -165127.7
196.577 1 LINK_STATUS 1 163.969544 1 196 17349 804 0. 0. 0.
197.218 1 DOWNLINK_STATUS 1 197 17349 804 0 0. 0. -165127.7
197.586 1 LINK_STATUS 1 164.977557 1 197 17349 804 0. 0. 0.
