5.200 1 PPRZ_MODE 2 3 3 2 0 6
5.206 1 GPS 0 33259700 593388864 0 767131 0 0 1790 86413750 12 12
5.209 1 SVINFO 12 19 12 1 0 21 45
5.312 1 DESIRED -0.32 -2.39 5.5 -59. 112. 260. -3. 12.
5.315 1 ATTITUDE -0.018077 -1.183823 0.008226
5.317 1 DOWNLINK 0 559 316
5.322 1 NAVIGATION 4 0 -4. 60.5 0. 3676.2 0 0
5.380 1 NAVIGATION 4 0 -4. 60.5 0. 3676.2 0 0
5.393 1 PPRZ_MODE 2 3 3 2 0 6
5.501 1 DESIRED -0.32 -2.39 5.5 -59. 112. 260. -3. 12.
5.586 1 PONG 
5.604 1 PPRZ_MODE 2 3 3 2 0 6
5.607 1 IMU_ACCEL 0.061523 -9.790039 1.024414
5.630 1 NAVIGATION 4 0 -4. 60.5 0. 3676.2 0 0
5.706 1 DESIRED -0.32 -2.39 5.5 -59. 112. 260. -3. 12.
5.710 1 IMU_GYRO -0.046631 0.009521 -0.011475
5.711 1 STATE_FILTER_STATUS 3 0
5.795 1 PPRZ_MODE 2 3 3 2 0 6
5.798 1 IMU_MAG -0.318848 1.446289 0.424316
5.880 1 NAVIGATION 4 0 -4. 60.5 0. 3676.2 0 0
5.905 1 DESIRED -0.32 -2.39 5.5 -59. 112. 260. -3. 12.
5.909 1 BAT 0 2 0 0 1 2 2 0
5.991 1 PPRZ_MODE 2 3 3 2 0 6
6.050 1 DOWNLINK_STATUS 0 6 3356 154 0 546. 25. 37.74
6.101 1 DESIRED -0.32 -2.39 5.5 -59. 112. 260. -3. 12.
6.130 1 NAVIGATION 4 0 -4. 60.5 0. 3676.2 0 0
6.203 1 PPRZ_MODE 2 3 3 2 0 6
6.209 1 GPS 0 33259700 593388864 0 767131 0 0 1790 86414750 12 13
6.211 1 SVINFO 13 26 12 1 0 47 264
6.213 1 DL_VALUE 8 0.
6.309 1 DESIRED -0.32 -2.39 5.5 -59. 112. 260. -3. 12.
6.311 1 ATTITUDE -0.017807 -1.184443 0.00798
6.313 1 ESTIMATOR 767.130981 0.
6.380 1 NAVIGATION 4 0 -4. 60.5 0. 3676.2 0 0
6.395 1 PPRZ_MODE 2 3 3 2 0 6
6.396 1 GPS_SOL 233054432 100000 9999 0
6.501 1 DESIRED -0.32 -2.39 5.5 -59. 112. 260. -3. 12.
6.595 1 PPRZ_MODE 2 3 3 2 0 6
6.598 1 IMU_ACCEL 0.076172 -9.814453 1.039062
6.629 1 NAVIGATION 4 0 -4. 60.5 0. 3676.2 0 0
6.705 1 DESIRED -0.32 -2.39 5.5 -59. 112. 260. -3. 12.
6.707 1 IMU_GYRO -0.046631 0.008301 -0.010498
6.791 1 PPRZ_MODE 2 3 3 2 0 6
6.883 1 NAVIGATION 4 0 -4. 60.5 0. 3676.2 0 0
6.885 1 FBW_STATUS 2 0 1 2 0
6.902 1 DESIRED -0.32 -2.39 5.5 -59. 112. 260. -3. 12.
6.995 1 PPRZ_MODE 2 3 3 2 0 6
6.998 1 BAT 0 2 0 0 1 3 3 0
7.051 1 DOWNLINK_STATUS 0 7 3889 178 0 533. 24. 37.74
7.107 1 DESIRED -0.32 -2.39 5.5 -59. 112. 260. -3. 12.
7.110 1 IMU_MAG -0.318848 1.442871 0.428223
7.112 1 CALIBRATION 150. 0
7.129 1 NAVIGATION 4 0 -4. 60.5 0. 3676.2 0 0
7.200 1 PPRZ_MODE 2 3 3 2 0 6
7.206 1 GPS 0 33259700 593388864 0 767131 0 0 1790 86415750 12 14
7.208 1 SVINFO 14 28 12 1 0 82 272
7.308 1 DESIRED -0.32 -2.39 5.5 -59. 112. 260. -3. 12.
7.312 1 ATTITUDE -0.017728 -1.184476 0.007831
7.316 1 ENERGY 0.2 0. 0 0.
7.379 1 NAVIGATION 4 0 -4. 60.5 0. 3676.2 0 0
7.393 1 PPRZ_MODE 2 3 3 2 0 6
7.501 1 DESIRED -0.32 -2.39 5.5 -59. 112. 260. -3. 12.
7.594 1 PPRZ_MODE 2 3 3 2 0 6
7.597 1 IMU_ACCEL 0.104492 -9.814453 1.048828
7.629 1 NAVIGATION 4 0 -4. 60.5 0. 3676.2 0 0
7.708 1 DESIRED -0.32 -2.39 5.5 -59. 112. 260. -3. 12.
7.710 1 IMU_GYRO -0.047852 0.010498 -0.012695
7.712 1 DL_VALUE 9 1.
7.790 1 PPRZ_MODE 2 3 3 2 0 6
7.880 1 NAVIGATION 4 0 -4. 60.5 0. 3676.2 0 0
7.902 1 DESIRED -0.32 -2.39 5.5 -59. 112. 260. -3. 12.
7.904 1 STATE_FILTER_STATUS 3 0
7.977 1 COMMANDS 0,-6416,-9600,0,0,0
7.991 1 PPRZ_MODE 2 3 3 2 0 6
8.051 1 DOWNLINK_STATUS 0 8 4432 203 0 543. 25. 37.74
8.076 1 ACTUATORS 1382,1000,1312,1298,1350
8.105 1 DESIRED -0.32 -2.39 5.5 -59. 112. 260. -3. 12.
8.109 1 BAT 0 2 0 0 1 4 4 0
8.130 1 NAVIGATION 4 0 -4. 60.5 0. 3676.2 0 0
8.201 1 PPRZ_MODE 2 3 3 2 0 6
8.206 1 GPS 0 33259700 593388864 0 767131 0 0 1790 86416750 12 15
8.209 1 SVINFO 15 30 4 1 0 59 135
8.308 1 DESIRED -0.32 -2.39 5.5 -59. 112. 260. -3. 12.
8.311 1 ATTITUDE -0.017485 -1.184896 0.007699
8.313 1 ESTIMATOR 767.130981 0.
8.380 1 NAVIGATION 4 0 -4. 60.5 0. 3676.2 0 0
8.398 1 PPRZ_MODE 2 3 3 2 0 6
8.401 1 IMU_MAG -0.322266 1.4375 0.418457
8.404 1 GPS_SOL 233062096 100000 9999 0
8.501 1 DESIRED -0.32 -2.39 5.5 -59. 112. 260. -3. 12.
8.594 1 PPRZ_MODE 2 3 3 2 0 6
8.597 1 IMU_ACCEL 0.085938 -9.723633 1.091797
8.630 1 NAVIGATION 4 0 -4. 60.5 0. 3676.2 0 0
8.705 1 DESIRED -0.32 -2.39 5.5 -59. 112. 260. -3. 12.
8.708 1 IMU_GYRO -0.046631 0.009521 -0.010498
8.791 1 PPRZ_MODE 2 3 3 2 0 6
8.881 1 FBW_STATUS 2 0 1 2 0
8.885 1 NAVIGATION 4 0 -4. 60.5 0. 3676.2 0 0
8.902 1 DESIRED -0.32 -2.39 5.5 -59. 112. 260. -3. 12.
8.990 1 PPRZ_MODE 2 3 3 2 0 6
9.052 1 DOWNLINK_STATUS 0 9 4989 228 0 557. 25. 37.74
9.101 1 DESIRED -0.32 -2.39 5.5 -59. 112. 260. -3. 12.
9.130 1 NAVIGATION 4 0 -4. 60.5 0. 3676.2 0 0
9.209 1 PPRZ_MODE 2 3 3 2 0 6
9.215 1 GPS 0 33259700 593388864 0 767131 0 0 1790 86417750 12 16
9.217 1 SVINFO 0 1 4 1 0 20 108
9.221 1 BAT 0 2 0 0 1 5 5 0
9.223 1 DL_VALUE 10 0.
9.225 1 CALIBRATION 150. 0
9.305 1 DESIRED -0.32 -2.39 5.5 -59. 112. 260. -3. 12.
9.307 1 ATTITUDE -0.017189 -1.185065 0.007518
9.379 1 NAVIGATION 4 0 -4. 60.5 0. 3676.2 0 0
9.393 1 PPRZ_MODE 2 3 3 2 0 6
9.500 1 DESIRED -0.32 -2.39 5.5 -59. 112. 260. -3. 12.
9.594 1 PPRZ_MODE 2 3 3 2 0 6
9.597 1 IMU_ACCEL 0.051758 -9.824219 1.039062
9.629 1 NAVIGATION 4 0 -4. 60.5 0. 3676.2 0 0
9.709 1 DESIRED -0.32 -2.39 5.5 -59. 112. 260. -3. 12.
9.711 1 IMU_GYRO -0.047852 0.008301 -0.010498
9.714 1 IMU_MAG -0.320801 1.444336 0.42627
9.794 1 PPRZ_MODE 2 3 3 2 0 6
9.798 1 ENERGY 0.2 0. 0 0.
9.879 1 NAVIGATION 4 0 -4. 60.5 0. 3676.2 0 0
9.905 1 DESIRED -0.32 -2.39 5.5 -59. 112. 260. -3. 12.
9.909 1 ALIVE 192,158,226,48,88,33,250,119,184,45,177,66,43,0,42,99
9.990 1 PPRZ_MODE 2 3 3 2 0 6
10.052 1 DOWNLINK_STATUS 0 10 5548 253 0 559. 25. 37.74
10.102 1 DESIRED -0.32 -2.39 5.5 -59. 112. 260. -3. 12.
10.104 1 STATE_FILTER_STATUS 3 0
10.129 1 NAVIGATION 4 0 -4. 60.5 0. 3676.2 0 0
10.200 1 PPRZ_MODE 2 3 3 2 0 6
10.206 1 GPS 0 33259700 593388864 0 767131 0 0 1790 86418750 12 1
10.209 1 SVINFO 1 2 4 1 0 -40 220
10.312 1 DESIRED -0.32 -2.39 5.5 -59. 112. 260. -3. 12.
10.315 1 ATTITUDE -0.016793 -1.185622 0.007527
10.319 1 BAT 0 2 0 0 1 6 6 0
10.321 1 ESTIMATOR 767.130981 0.
10.379 1 NAVIGATION 4 0 -4. 60.5 0. 3676.2 0 0
10.396 1 PPRZ_MODE 2 3 3 2 0 6
10.399 1 GPS_SOL 233070320 100000 9999 0
10.401 1 DOWNLINK 0 556 446
10.500 1 DESIRED -0.32 -2.39 5.5 -59. 112. 260. -3. 12.
10.594 1 PONG 
10.596 1 PPRZ_MODE 2 3 3 2 0 6
10.599 1 IMU_ACCEL 0.071289 -9.814453 1.053711
10.629 1 NAVIGATION 4 0 -4. 60.5 0. 3676.2 0 0
10.707 1 DESIRED -0.32 -2.39 5.5 -59. 112. 260. -3. 12.
10.710 1 IMU_GYRO -0.046631 0.010498 -0.011475
10.712 1 DL_VALUE 0 0.
10.790 1 PPRZ_MODE 2 3 3 2 0 6
10.881 1 FBW_STATUS 2 0 1 2 0
10.885 1 NAVIGATION 4 0 -4. 60.5 0. 3676.2 0 0
10.902 1 DESIRED -0.32 -2.39 5.5 -59. 112. 260. -3. 12.
10.994 1 PPRZ_MODE 2 3 3 2 0 6
10.998 1 IMU_MAG -0.322266 1.444336 0.434082
11.053 1 DOWNLINK_STATUS 0 11 6125 281 0 577. 28. 44.58
11.101 1 DESIRED -0.32 -2.39 5.5 -59. 112. 260. -3. 12.
11.130 1 NAVIGATION 4 0 -4. 60.5 0. 3676.2 0 0
11.201 1 PPRZ_MODE 2 3 3 2 0 6
11.206 1 GPS 0 33259700 593388864 0 767131 0 0 1790 86419750 12 2
11.209 1 SVINFO 2 3 12 1 0 5 46
11.307 1 DESIRED -0.32 -2.39 5.5 -59. 112. 260. -3. 12.
11.310 1 ATTITUDE -0.01631 -1.1857 0.007563
11.312 1 CALIBRATION 150. 0
11.380 1 NAVIGATION 4 0 -4. 60.5 0. 3676.2 0 0
11.395 1 PPRZ_MODE 2 3 3 2 0 6
11.399 1 BAT 0 2 0 0 1 7 7 0
11.501 1 DESIRED -0.32 -2.39 5.5 -59. 112. 260. -3. 12.
11.594 1 PPRZ_MODE 2 3 3 2 0 6
11.597 1 IMU_ACCEL 0.085938 -9.819336 1.077148
11.629 1 NAVIGATION 4 0 -4. 60.5 0. 3676.2 0 0
11.705 1 DESIRED -0.32 -2.39 5.5 -59. 112. 260. -3. 12.
11.707 1 IMU_GYRO -0.047852 0.010498 -0.011475
11.790 1 PPRZ_MODE 2 3 3 2 0 6
11.879 1 NAVIGATION 4 0 -4. 60.5 0. 3676.2 0 0
11.900 1 DESIRED -0.32 -2.39 5.5 -59. 112. 260. -3. 12.
11.990 1 PPRZ_MODE 2 3 3 2 0 6
12.053 1 DOWNLINK_STATUS 0 12 6612 302 0 487. 21. 44.58
12.100 1 DESIRED -0.32 -2.39 5.5 -59. 112. 260. -3. 12.
12.129 1 NAVIGATION 4 0 -4. 60.5 0. 3676.2 0 0
12.202 1 PPRZ_MODE 2 3 3 2 0 6
12.208 1 GPS 0 33259700 593388864 0 767131 0 0 1790 86420750 12 3
12.211 1 SVINFO 3 4 4 1 0 -25 188
12.213 1 DL_VALUE 1 0.
12.317 1 DESIRED -0.32 -2.39 5.5 -59. 112. 260. -3. 12.
12.320 1 ATTITUDE -0.016064 -1.18619 0.007508
12.323 1 IMU_MAG -0.316895 1.439453 0.42627
12.326 1 ESTIMATOR 767.130981 0.
12.327 1 STATE_FILTER_STATUS 3 0
12.331 1 ENERGY 0.2 0. 0 0.
12.379 1 NAVIGATION 4 0 -4. 60.5 0. 3676.2 0 0
12.394 1 PPRZ_MODE 2 3 3 2 0 6
12.397 1 GPS_SOL 233079024 100000 9999 0
12.505 1 DESIRED -0.32 -2.39 5.5 -59. 112. 260. -3. 12.
12.508 1 BAT 0 2 0 0 1 8 8 0
12.594 1 PPRZ_MODE 2 3 3 2 0 6
12.597 1 IMU_ACCEL 0.095703 -9.819336 1.039062
12.629 1 NAVIGATION 4 0 -4. 60.5 0. 3676.2 0 0
12.704 1 DESIRED -0.32 -2.39 5.5 -59. 112. 260. -3. 12.
12.707 1 IMU_GYRO -0.047852 0.008301 -0.010498
12.790 1 PPRZ_MODE 2 3 3 2 0 6
12.880 1 FBW_STATUS 2 0 1 2 0
12.885 1 NAVIGATION 4 0 -4. 60.5 0. 3676.2 0 0
12.901 1 DESIRED -0.32 -2.39 5.5 -59. 112. 260. -3. 12.
12.976 1 COMMANDS 0,-6447,-9600,0,0,0
12.991 1 PPRZ_MODE 2 3 3 2 0 6
13.054 1 DOWNLINK_STATUS 0 13 7211 330 0 599. 28. 44.58
13.075 1 ACTUATORS 1382,1000,1311,1297,1350
13.100 1 DESIRED -0.32 -2.39 5.5 -59. 112. 260. -3. 12.
13.129 1 NAVIGATION 4 0 -4. 60.5 0. 3676.2 0 0
13.204 1 PPRZ_MODE 2 3 3 2 0 6
13.209 1 GPS 0 33259700 593388864 0 767131 0 0 1790 86421750 12 4
13.212 1 SVINFO 4 5 12 1 0 -9 250
13.214 1 NAVIGATION_REF 332601 5933828 12
13.304 1 DESIRED -0.32 -2.39 5.5 -59. 112. 260. -3. 12.
13.308 1 ATTITUDE -0.015987 -1.186839 0.00748
13.379 1 NAVIGATION 4 0 -4. 60.5 0. 3676.2 0 0
13.394 1 PPRZ_MODE 2 3 3 2 0 6
13.396 1 CALIBRATION 150. 0
13.501 1 DESIRED -0.32 -2.39 5.5 -59. 112. 260. -3. 12.
13.603 1 PPRZ_MODE 2 3 3 2 0 6
13.606 1 IMU_ACCEL 0.066406 -9.799805 1.019531
13.610 1 BAT 0 2 0 0 1 9 9 0
13.613 1 IMU_MAG -0.313477 1.444336 0.430176
13.630 1 NAVIGATION 4 0 -4. 60.5 0. 3676.2 0 0
13.707 1 DESIRED -0.32 -2.39 5.5 -59. 112. 260. -3. 12.
13.709 1 IMU_GYRO -0.046631 0.009521 -0.012695
13.711 1 DL_VALUE 2 260.
13.790 1 PPRZ_MODE 2 3 3 2 0 6
13.880 1 NAVIGATION 4 0 -4. 60.5 0. 3676.2 0 0
13.901 1 DESIRED -0.32 -2.39 5.5 -59. 112. 260. -3. 12.
13.990 1 PPRZ_MODE 2 3 3 2 0 6
14.055 1 DOWNLINK_STATUS 0 14 7759 355 0 548. 25. 44.58
14.101 1 DESIRED -0.32 -2.39 5.5 -59. 112. 260. -3. 12.
14.129 1 NAVIGATION 4 0 -4. 60.5 0. 3676.2 0 0
14.200 1 PPRZ_MODE 2 3 3 2 0 6
14.206 1 GPS 0 33259700 593388864 0 767131 0 0 1790 86422750 12 5
14.208 1 SVINFO 5 7 12 1 0 30 131
14.308 1 DESIRED -0.32 -2.39 5.5 -59. 112. 260. -3. 12.
14.310 1 ATTITUDE -0.015789 -1.187269 0.007187
14.312 1 ESTIMATOR 767.130981 0.
14.379 1 NAVIGATION 4 0 -4. 60.5 0. 3676.2 0 0
14.393 1 PPRZ_MODE 2 3 3 2 0 6
14.396 1 GPS_SOL 233088256 100000 9999 0
14.502 1 DESIRED -0.32 -2.39 5.5 -59. 112. 260. -3. 12.
14.503 1 STATE_FILTER_STATUS 3 0
14.594 1 PPRZ_MODE 2 3 3 2 0 6
14.597 1 IMU_ACCEL 0.076172 -9.80957 1.053711
14.629 1 NAVIGATION 4 0 -4. 60.5 0. 3676.2 0 0
14.708 1 DESIRED -0.32 -2.39 5.5 -59. 112. 260. -3. 12.
14.711 1 IMU_GYRO -0.047852 0.009521 -0.010498
14.715 1 BAT 0 2 0 0 1 10 10 0
14.794 1 PPRZ_MODE 2 3 3 2 0 6
14.798 1 ENERGY 0.2 0. 0 0.
14.880 1 FBW_STATUS 2 0 1 2 0
14.884 1 NAVIGATION 4 0 -4. 60.5 0. 3676.2 0 0
14.909 1 DESIRED -0.32 -2.39 5.5 -59. 112. 260. -3. 12.
14.912 1 IMU_MAG -0.31543 1.440918 0.42041
14.916 1 ALIVE 192,158,226,48,88,33,250,119,184,45,177,66,43,0,42,99
14.990 1 PPRZ_MODE 2 3 3 2 0 6
15.055 1 DOWNLINK_STATUS 0 15 8351 382 0 592. 27. 44.58
15.100 1 DESIRED -0.32 -2.39 5.5 -59. 112. 260. -3. 12.
15.129 1 NAVIGATION 4 0 -4. 60.5 0. 3676.2 0 0
15.203 1 PPRZ_MODE 2 3 3 2 0 6
15.208 1 GPS 0 33259700 593388864 0 767131 0 0 1790 86423750 12 6
15.211 1 SVINFO 6 8 12 1 0 61 128
15.213 1 DL_VALUE 3 0.
15.310 1 DESIRED -0.32 -2.39 5.5 -59. 112. 260. -3. 12.
15.313 1 ATTITUDE -0.015861 -1.187593 0.007121
15.317 1 NAVIGATION 4 0 -4. 60.5 0. 3676.2 0 0
15.379 1 NAVIGATION 4 0 -4. 60.5 0. 3676.2 0 0
15.394 1 PPRZ_MODE 2 3 3 2 0 6
15.398 1 WP_MOVED 2 332650.5 5933928. 260. 12
15.426 1 WIND_INFO 1 42 0. 0. 0.
15.505 1 DESIRED -0.32 -2.39 5.5 -59. 112. 260. -3. 12.
15.507 1 CALIBRATION 150. 0
15.509 1 DOWNLINK 0 558 576
15.543 1 CIRCLE 49.5 100.099998 80.
15.595 1 PPRZ_MODE 2 3 3 2 0 6
15.598 1 IMU_ACCEL 0.061523 -9.799805 1.039062
15.600 1 PONG 
15.629 1 NAVIGATION 4 0 -4. 60.5 0. 3676.2 0 0
15.704 1 DESIRED -0.32 -2.39 5.5 -59. 112. 260. -3. 12.
15.707 1 IMU_GYRO -0.046631 0.009521 -0.010498
15.794 1 PPRZ_MODE 2 3 3 2 0 6
15.798 1 BAT 0 2 0 0 1 11 11 0
15.879 1 NAVIGATION 4 0 -4. 60.5 0. 3676.2 0 0
15.900 1 DESIRED -0.32 -2.39 5.5 -59. 112. 260. -3. 12.
15.990 1 PPRZ_MODE 2 3 3 2 0 6
16.056 1 DOWNLINK_STATUS 0 16 8930 409 0 579. 27. 49.7
16.100 1 DESIRED -0.32 -2.39 5.5 -59. 112. 260. -3. 12.
16.129 1 NAVIGATION 4 0 -4. 60.5 0. 3676.2 0 0
16.204 1 PPRZ_MODE 2 3 3 2 0 6
16.210 1 GPS 0 33259700 593388864 0 767131 0 0 1790 86424750 12 7
16.212 1 SVINFO 7 9 12 1 0 69 147
16.216 1 IMU_MAG -0.320801 1.439453 0.42041
16.307 1 DESIRED -0.32 -2.39 5.5 -59. 112. 260. -3. 12.
16.310 1 ATTITUDE -0.015774 -1.188227 0.006899
16.312 1 ESTIMATOR 767.130981 0.
16.379 1 NAVIGATION 4 0 -4. 60.5 0. 3676.2 0 0
16.393 1 PPRZ_MODE 2 3 3 2 0 6
16.396 1 GPS_SOL 233098000 100000 9999 0
16.501 1 DESIRED -0.32 -2.39 5.5 -59. 112. 260. -3. 12.
16.593 1 PPRZ_MODE 2 3 3 2 0 6
16.597 1 IMU_ACCEL 0.09082 -9.80957 1.067383
16.629 1 NAVIGATION 4 0 -4. 60.5 0. 3676.2 0 0
16.708 1 DESIRED -0.32 -2.39 5.5 -59. 112. 260. -3. 12.
16.711 1 IMU_GYRO -0.046631 0.009521 -0.012695
16.713 1 DL_VALUE 4 0.
16.714 1 STATE_FILTER_STATUS 3 0
16.790 1 PPRZ_MODE 2 3 3 2 0 6
16.882 1 NAVIGATION 4 0 -4. 60.5 0. 3676.2 0 0
16.885 1 FBW_STATUS 2 0 1 2 0
16.904 1 DESIRED -0.32 -2.39 5.5 -59. 112. 260. -3. 12.
16.908 1 BAT 0 2 0 0 1 13 13 0
16.990 1 PPRZ_MODE 2 3 3 2 0 6
17.057 1 DOWNLINK_STATUS 0 17 9490 435 0 560. 26. 49.7
17.100 1 DESIRED -0.32 -2.39 5.5 -59. 112. 260. -3. 12.
17.129 1 NAVIGATION 4 0 -4. 60.5 0. 3676.2 0 0
17.200 1 PPRZ_MODE 2 3 3 2 0 6
17.206 1 GPS 0 33259700 593388864 0 767131 0 0 1790 86425750 12 8
17.208 1 SVINFO 8 11 12 1 0 33 87
17.308 1 DESIRED -0.32 -2.39 5.5 -59. 112. 260. -3. 12.
17.311 1 ATTITUDE -0.015557 -1.188815 0.006709
17.315 1 ENERGY 0.2 0. 0 0.
17.379 1 NAVIGATION 4 0 -4. 60.5 0. 3676.2 0 0
17.393 1 PPRZ_MODE 2 3 3 2 0 6
17.504 1 DESIRED -0.32 -2.39 5.5 -59. 112. 260. -3. 12.
17.507 1 IMU_MAG -0.318848 1.4375 0.432129
17.596 1 PPRZ_MODE 2 3 3 2 0 6
17.599 1 IMU_ACCEL 0.09082 -9.814453 1.053711
17.601 1 CALIBRATION 150. 0
17.629 1 NAVIGATION 4 0 -4. 60.5 0. 3676.2 0 0
17.704 1 DESIRED -0.32 -2.39 5.5 -59. 112. 260. -3. 12.
17.707 1 IMU_GYRO -0.046631 0.009521 -0.011475
17.790 1 PPRZ_MODE 2 3 3 2 0 6
17.879 1 NAVIGATION 4 0 -4. 60.5 0. 3676.2 0 0
17.900 1 DESIRED -0.32 -2.39 5.5 -59. 112. 260. -3. 12.
17.976 1 COMMANDS 0,-6459,-9600,0,0,0
17.995 1 PPRZ_MODE 2 3 3 2 0 6
17.998 1 BAT 0 2 0 0 1 14 14 0
18.057 1 DOWNLINK_STATUS 0 18 10034 459 0 544. 24. 49.7
18.076 1 ACTUATORS 1382,1000,1311,1296,1350
18.100 1 DESIRED -0.32 -2.39 5.5 -59. 112. 260. -3. 12.
18.129 1 NAVIGATION 4 0 -4. 60.5 0. 3676.2 0 0
18.203 1 PPRZ_MODE 2 3 3 2 0 6
18.208 1 GPS 0 33259700 593388864 0 767131 0 0 1790 86426750 12 9
18.210 1 SVINFO 9 15 12 1 0 27 307
18.212 1 DL_VALUE 5 0.
18.307 1 DESIRED -0.32 -2.39 5.5 -59. 112. 260. -3. 12.
18.310 1 ATTITUDE -0.015398 -1.18968 0.006532
18.313 1 ESTIMATOR 767.130981 0.
18.379 1 NAVIGATION 4 0 -4. 60.5 0. 3676.2 0 0
18.393 1 PPRZ_MODE 2 3 3 2 0 6
18.397 1 GPS_SOL 233108272 100000 9999 0
18.500 1 DESIRED -0.32 -2.39 5.5 -59. 112. 260. -3. 12.
18.593 1 PPRZ_MODE 2 3 3 2 0 6
18.596 1 IMU_ACCEL 0.038086 -9.833008 0.996094
18.629 1 NAVIGATION 4 0 -4. 60.5 0. 3676.2 0 0
18.704 1 DESIRED -0.32 -2.39 5.5 -59. 112. 260. -3. 12.
18.706 1 IMU_GYRO -0.048828 0.008301 -0.011475
18.793 1 PPRZ_MODE 2 3 3 2 0 6
18.796 1 IMU_MAG -0.325684 1.436035 0.430176
18.879 1 FBW_STATUS 2 0 1 2 0
18.884 1 NAVIGATION 4 0 -4. 60.5 0. 3676.2 0 0
18.901 1 DESIRED -0.32 -2.39 5.5 -59. 112. 260. -3. 12.
18.903 1 STATE_FILTER_STATUS 3 0
18.989 1 PPRZ_MODE 2 3 3 2 0 6
19.058 1 DOWNLINK_STATUS 0 19 10590 485 0 556. 26. 49.7
19.104 1 DESIRED -0.32 -2.39 5.5 -59. 112. 260. -3. 12.
19.108 1 BAT 0 2 0 0 1 15 15 0
19.129 1 NAVIGATION 4 0 -4. 60.5 0. 3676.2 0 0
19.200 1 PPRZ_MODE 2 3 3 2 0 6
19.205 1 GPS 0 33259700 593388864 0 767131 0 0 1790 86427750 12 10
19.208 1 SVINFO 10 17 12 1 0 26 195
19.304 1 DESIRED -0.32 -2.39 5.5 -59. 112. 260. -3. 12.
19.307 1 ATTITUDE -0.015394 -1.189935 0.00654
19.379 1 NAVIGATION 4 0 -4. 60.5 0. 3676.2 0 0
19.393 1 PPRZ_MODE 2 3 3 2 0 6
19.500 1 DESIRED -0.32 -2.39 5.5 -59. 112. 260. -3. 12.
19.594 1 PPRZ_MODE 2 3 3 2 0 6
19.597 1 IMU_ACCEL 0.071289 -9.829102 1.0625
19.629 1 NAVIGATION 4 0 -4. 60.5 0. 3676.2 0 0
19.708 1 DESIRED -0.32 -2.39 5.5 -59. 112. 260. -3. 12.
19.712 1 IMU_GYRO -0.047852 0.009521 -0.010498
19.713 1 DL_VALUE 6 80.
19.715 1 CALIBRATION 150. 0
19.794 1 PPRZ_MODE 2 3 3 2 0 6
19.798 1 ENERGY 0.2 0. 0 0.
19.879 1 NAVIGATION 4 0 -4. 60.5 0. 3676.2 0 0
19.905 1 DESIRED -0.32 -2.39 5.5 -59. 112. 260. -3. 12.
19.909 1 ALIVE 192,158,226,48,88,33,250,119,184,45,177,66,43,0,42,99
19.990 1 PPRZ_MODE 2 3 3 2 0 6
20.058 1 DOWNLINK_STATUS 0 20 11131 509 0 541. 24. 49.7
20.104 1 DESIRED -0.32 -2.39 5.5 -59. 112. 260. -3. 12.
20.107 1 IMU_MAG -0.325684 1.439453 0.424316
20.129 1 NAVIGATION 4 0 -4. 60.5 0. 3676.2 0 0
20.205 1 PPRZ_MODE 2 3 3 2 0 6
20.210 1 GPS 0 33259700 593388864 0 767131 0 0 1790 86428750 12 11
20.213 1 SVINFO 11 18 4 1 0 4 343
20.216 1 BAT 0 2 0 0 1 16 16 0
20.307 1 DESIRED -0.32 -2.39 5.5 -59. 112. 260. -3. 12.
20.310 1 ATTITUDE -0.015087 -1.190257 0.006494
20.312 1 ESTIMATOR 767.130981 0.
20.379 1 NAVIGATION 4 0 -4. 60.5 0. 3676.2 0 0
20.393 1 PPRZ_MODE 2 3 3 2 0 6
20.397 1 GPS_SOL 233119024 100000 9999 0
20.500 1 DESIRED -0.32 -2.39 5.5 -59. 112. 260. -3. 12.
20.598 1 PPRZ_MODE 2 3 3 2 0 6
20.601 1 IMU_ACCEL 0.100586 -9.799805 1.058594
20.602 1 DOWNLINK 0 551 705
20.603 1 PONG 
20.629 1 NAVIGATION 4 0 -4. 60.5 0. 3676.2 0 0
20.704 1 DESIRED -0.32 -2.39 5.5 -59. 112. 260. -3. 12.
20.707 1 IMU_GYRO -0.047852 0.009521 -0.009521
20.789 1 PPRZ_MODE 2 3 3 2 0 6
20.879 1 FBW_STATUS 2 0 1 2 0
20.885 1 NAVIGATION 4 0 -4. 60.5 0. 3676.2 0 0
20.902 1 DESIRED -0.32 -2.39 5.5 -59. 112. 260. -3. 12.
20.989 1 PPRZ_MODE 2 3 3 2 0 6
21.059 1 DOWNLINK_STATUS 0 21 11688 535 0 557. 26. 52.47
21.102 1 DESIRED -0.32 -2.39 5.5 -59. 112. 260. -3. 12.
21.103 1 STATE_FILTER_STATUS 3 0
21.129 1 NAVIGATION 4 0 -4. 60.5 0. 3676.2 0 0
21.202 1 PPRZ_MODE 2 3 3 2 0 6
21.208 1 GPS 0 33259700 593388864 0 767131 0 0 1790 86429750 12 12
21.210 1 SVINFO 12 19 12 1 0 21 45
21.212 1 DL_VALUE 7 2.
21.308 1 DESIRED -0.32 -2.39 5.5 -59. 112. 260. -3. 12.
21.311 1 ATTITUDE -0.01474 -1.190299 0.006505
21.315 1 BAT 0 2 0 0 1 17 17 0
21.378 1 NAVIGATION 4 0 -4. 60.5 0. 3676.2 0 0
21.393 1 PPRZ_MODE 2 3 3 2 0 6
21.396 1 IMU_MAG -0.320801 1.440918 0.443848
21.500 1 DESIRED -0.32 -2.39 5.5 -59. 112. 260. -3. 12.
21.593 1 PPRZ_MODE 2 3 3 2 0 6
21.596 1 IMU_ACCEL 0.081055 -9.794922 1.043945
21.629 1 NAVIGATION 4 0 -4. 60.5 0. 3676.2 0 0
21.704 1 DESIRED -0.32 -2.39 5.5 -59. 112. 260. -3. 12.
21.707 1 IMU_GYRO -0.047852 0.009521 -0.010498
21.792 1 PPRZ_MODE 2 3 3 2 0 6
21.794 1 CALIBRATION 150. 0
21.879 1 NAVIGATION 4 0 -4. 60.5 0. 3676.2 0 0
21.900 1 DESIRED -0.32 -2.39 5.5 -59. 112. 260. -3. 12.
21.990 1 PPRZ_MODE 2 3 3 2 0 6
22.059 1 DOWNLINK_STATUS 0 22 12213 559 0 525. 24. 52.47
22.100 1 DESIRED -0.32 -2.39 5.5 -59. 112. 260. -3. 12.
22.129 1 NAVIGATION 4 0 -4. 60.5 0. 3676.2 0 0
22.203 1 PPRZ_MODE 2 3 3 2 0 6
22.209 1 GPS 0 33259700 593388864 0 767131 0 0 1790 86430750 12 13
22.211 1 SVINFO 13 26 12 1 0 47 264
22.213 1 NAVIGATION_REF 332601 5933828 12
22.311 1 DESIRED -0.32 -2.39 5.5 -59. 112. 260. -3. 12.
22.314 1 ATTITUDE -0.014605 -1.190484 0.006344
22.317 1 ESTIMATOR 767.130981 0.
22.320 1 ENERGY 0.2 0. 0 0.
22.379 1 NAVIGATION 4 0 -4. 60.5 0. 3676.2 0 0
22.397 1 PPRZ_MODE 2 3 3 2 0 6
22.401 1 BAT 0 2 0 0 1 18 18 0
22.404 1 GPS_SOL 233130320 100000 9999 0
22.500 1 DESIRED -0.32 -2.39 5.5 -59. 112. 260. -3. 12.
22.593 1 PPRZ_MODE 2 3 3 2 0 6
22.597 1 IMU_ACCEL 0.100586 -9.819336 1.043945
22.629 1 NAVIGATION 4 0 -4. 60.5 0. 3676.2 0 0
22.710 1 DESIRED -0.32 -2.39 5.5 -59. 112. 260. -3. 12.
22.713 1 IMU_GYRO -0.047852 0.009521 -0.011475
22.715 1 IMU_MAG -0.320801 1.4375 0.418457
22.717 1 DL_VALUE 8 0.
22.789 1 PPRZ_MODE 2 3 3 2 0 6
22.882 1 NAVIGATION 4 0 -4. 60.5 0. 3676.2 0 0
22.884 1 FBW_STATUS 2 0 1 2 0
22.902 1 DESIRED -0.32 -2.39 5.5 -59. 112. 260. -3. 12.
22.975 1 COMMANDS 0,-6479,-9600,0,0,0
22.990 1 PPRZ_MODE 2 3 3 2 0 6
23.060 1 DOWNLINK_STATUS 0 23 12818 587 0 605. 28. 52.47
23.074 1 ACTUATORS 1382,1000,1310,1296,1350
23.099 1 DESIRED -0.32 -2.39 5.5 -59. 112. 260. -3. 12.
23.128 1 NAVIGATION 4 0 -4. 60.5 0. 3676.2 0 0
23.199 1 PPRZ_MODE 2 3 3 2 0 6
23.205 1 GPS 0 33259700 593388864 0 767131 0 0 1790 86431750 12 14
23.207 1 SVINFO 14 28 12 1 0 82 272
23.305 1 DESIRED -0.32 -2.39 5.5 -59. 112. 260. -3. 12.
23.308 1 ATTITUDE -0.014444 -1.19044 0.006132
23.310 1 STATE_FILTER_STATUS 3 0
23.378 1 NAVIGATION 4 0 -4. 60.5 0. 3676.2 0 0
23.392 1 PPRZ_MODE 2 3 3 2 0 6
23.504 1 DESIRED -0.32 -2.39 5.5 -59. 112. 260. -3. 12.
23.508 1 BAT 0 2 0 0 1 19 19 0
23.593 1 PPRZ_MODE 2 3 3 2 0 6
23.596 1 IMU_ACCEL 0.109375 -9.814453 1.058594
23.628 1 NAVIGATION 4 0 -4. 60.5 0. 3676.2 0 0
23.703 1 DESIRED -0.32 -2.39 5.5 -59. 112. 260. -3. 12.
23.706 1 IMU_GYRO -0.047852 0.009521 -0.011475
23.789 1 PPRZ_MODE 2 3 3 2 0 6
23.879 1 NAVIGATION 4 0 -4. 60.5 0. 3676.2 0 0
23.902 1 DESIRED -0.32 -2.39 5.5 -59. 112. 260. -3. 12.
23.904 1 CALIBRATION 150. 0
23.993 1 PPRZ_MODE 2 3 3 2 0 6
23.997 1 IMU_MAG -0.320801 1.440918 0.439941
24.060 1 DOWNLINK_STATUS 0 24 13349 611 0 531. 24. 52.47
24.099 1 DESIRED -0.32 -2.39 5.5 -59. 112. 260. -3. 12.
24.129 1 NAVIGATION 4 0 -4. 60.5 0. 3676.2 0 0
24.202 1 PPRZ_MODE 2 3 3 2 0 6
24.208 1 GPS 0 33259700 593388864 0 767131 0 0 1790 86432750 12 15
24.210 1 SVINFO 15 30 4 1 0 59 135
24.212 1 DL_VALUE 9 1.
24.306 1 DESIRED -0.32 -2.39 5.5 -59. 112. 260. -3. 12.
24.310 1 ATTITUDE -0.014173 -1.190745 0.006211
24.312 1 ESTIMATOR 767.130981 0.
24.379 1 NAVIGATION 4 0 -4. 60.5 0. 3676.2 0 0
24.393 1 PPRZ_MODE 2 3 3 2 0 6
24.396 1 GPS_SOL 233142128 100000 9999 0
24.500 1 DESIRED -0.32 -2.39 5.5 -59. 112. 260. -3. 12.
24.598 1 PPRZ_MODE 2 3 3 2 0 6
24.601 1 IMU_ACCEL 0.09082 -9.819336 1.043945
24.604 1 BAT 0 2 0 0 1 20 20 0
24.629 1 NAVIGATION 4 0 -4. 60.5 0. 3676.2 0 0
24.704 1 DESIRED -0.32 -2.39 5.5 -59. 112. 260. -3. 12.
24.707 1 IMU_GYRO -0.047852 0.009521 -0.010498
24.794 1 PPRZ_MODE 2 3 3 2 0 6
24.798 1 ENERGY 0.2 0. 0 0.
24.880 1 FBW_STATUS 2 0 1 2 0
24.884 1 NAVIGATION 4 0 -4. 60.5 0. 3676.2 0 0
24.905 1 DESIRED -0.32 -2.39 5.5 -59. 112. 260. -3. 12.
24.909 1 ALIVE 192,158,226,48,88,33,250,119,184,45,177,66,43,0,42,99
24.989 1 PPRZ_MODE 2 3 3 2 0 6
25.061 1 DOWNLINK_STATUS 0 25 13925 637 0 576. 26. 52.47
25.100 1 DESIRED -0.32 -2.39 5.5 -59. 112. 260. -3. 12.
25.129 1 NAVIGATION 4 0 -4. 60.5 0. 3676.2 0 0
25.199 1 PPRZ_MODE 2 3 3 2 0 6
25.206 1 GPS 0 33259700 593388864 0 767131 0 0 1790 86433750 12 16
25.207 1 SVINFO 0 1 4 1 0 20 108
25.313 1 DESIRED -0.32 -2.39 5.5 -59. 112. 260. -3. 12.
25.315 1 ATTITUDE -0.014127 -1.190808 0.006285
25.319 1 IMU_MAG -0.324219 1.439453 0.439941
25.323 1 NAVIGATION 4 0 -4. 60.5 0. 3676.2 0 0
25.378 1 NAVIGATION 4 0 -4. 60.5 0. 3676.2 0 0
25.392 1 PPRZ_MODE 2 3 3 2 0 6
25.426 1 WIND_INFO 1 42 0. 0. 0.
25.501 1 DESIRED -0.32 -2.39 5.5 -59. 112. 260. -3. 12.
25.503 1 STATE_FILTER_STATUS 3 0
25.594 1 PPRZ_MODE 2 3 3 2 0 6
25.597 1 IMU_ACCEL 0.056641 -9.829102 1.053711
25.598 1 PONG 
25.628 1 NAVIGATION 4 0 -4. 60.5 0. 3676.2 0 0
25.712 1 DESIRED -0.32 -2.39 5.5 -59. 112. 260. -3. 12.
25.715 1 IMU_GYRO -0.047852 0.009521 -0.011475
25.719 1 BAT 0 2 0 0 1 21 21 0
25.721 1 DL_VALUE 10 0.
25.723 1 DOWNLINK 0 568 838
25.789 1 PPRZ_MODE 2 3 3 2 0 6
25.878 1 NAVIGATION 4 0 -4. 60.5 0. 3676.2 0 0
25.899 1 DESIRED -0.32 -2.39 5.5 -59. 112. 260. -3. 12.
25.992 1 PPRZ_MODE 2 3 3 2 0 6
25.993 1 CALIBRATION 150. 0
26.062 1 DOWNLINK_STATUS 0 26 14493 664 0 568. 27. 46.8
26.099 1 DESIRED -0.32 -2.39 5.5 -59. 112. 260. -3. 12.
26.128 1 NAVIGATION 4 0 -4. 60.5 0. 3676.2 0 0
26.199 1 PPRZ_MODE 2 3 3 2 0 6
26.205 1 GPS 0 33259700 593388864 0 767131 0 0 1790 86434750 12 1
26.208 1 SVINFO 1 2 4 1 0 -40 220
26.306 1 DESIRED -0.32 -2.39 5.5 -59. 112. 260. -3. 12.
26.309 1 ATTITUDE -0.013929 -1.191066 0.006387
26.312 1 ESTIMATOR 767.130981 0.
26.378 1 NAVIGATION 4 0 -4. 60.5 0. 3676.2 0 0
26.393 1 PPRZ_MODE 2 3 3 2 0 6
26.396 1 GPS_SOL 233154448 100000 9999 0
26.499 1 DESIRED -0.32 -2.39 5.5 -59. 112. 260. -3. 12.
26.597 1 PPRZ_MODE 2 3 3 2 0 6
26.600 1 IMU_ACCEL 0.114258 -9.833008 1.014648
26.603 1 IMU_MAG -0.318848 1.4375 0.418457
26.629 1 NAVIGATION 4 0 -4. 60.5 0. 3676.2 0 0
26.703 1 DESIRED -0.32 -2.39 5.5 -59. 112. 260. -3. 12.
26.707 1 IMU_GYRO -0.048828 0.008301 -0.011475
26.794 1 PPRZ_MODE 2 3 3 2 0 6
26.798 1 BAT 0 2 0 0 1 22 22 0
26.879 1 FBW_STATUS 2 0 1 2 0
26.884 1 NAVIGATION 4 0 -4. 60.5 0. 3676.2 0 0
26.901 1 DESIRED -0.32 -2.39 5.5 -59. 112. 260. -3. 12.
26.990 1 PPRZ_MODE 2 3 3 2 0 6
27.062 1 DOWNLINK_STATUS 0 27 15033 688 0 540. 24. 46.8
27.100 1 DESIRED -0.32 -2.39 5.5 -59. 112. 260. -3. 12.
27.129 1 NAVIGATION 4 0 -4. 60.5 0. 3676.2 0 0
27.201 1 PPRZ_MODE 2 3 3 2 0 6
27.208 1 GPS 0 33259700 593388864 0 767131 0 0 1790 86435750 12 2
27.209 1 SVINFO 2 3 12 1 0 5 46
27.211 1 DL_VALUE 0 0.
27.308 1 DESIRED -0.32 -2.39 5.5 -59. 112. 260. -3. 12.
27.310 1 ATTITUDE -0.01372 -1.191309 0.006383
27.315 1 ENERGY 0.2 0. 0 0.
27.379 1 NAVIGATION 4 0 -4. 60.5 0. 3676.2 0 0
27.392 1 PPRZ_MODE 2 3 3 2 0 6
27.499 1 DESIRED -0.32 -2.39 5.5 -59. 112. 260. -3. 12.
27.593 1 PPRZ_MODE 2 3 3 2 0 6
27.596 1 IMU_ACCEL 0.071289 -9.804688 1.039062
27.628 1 NAVIGATION 4 0 -4. 60.5 0. 3676.2 0 0
27.705 1 DESIRED -0.32 -2.39 5.5 -59. 112. 260. -3. 12.
27.708 1 IMU_GYRO -0.047852 0.009521 -0.011475
27.709 1 STATE_FILTER_STATUS 3 0
27.789 1 PPRZ_MODE 2 3 3 2 0 6
27.878 1 NAVIGATION 4 0 -4. 60.5 0. 3676.2 0 0
27.907 1 DESIRED -0.32 -2.39 5.5 -59. 112. 260. -3. 12.
27.911 1 BAT 0 2 0 0 1 24 24 0
27.914 1 IMU_MAG -0.327637 1.439453 0.445801
27.975 1 COMMANDS 0,-6495,-9600,0,0,0
27.990 1 PPRZ_MODE 2 3 3 2 0 6
28.062 1 DOWNLINK_STATUS 0 28 15586 713 0 553. 25. 46.8
28.074 1 ACTUATORS 1382,1000,1309,1295,1350
28.101 1 DESIRED -0.32 -2.39 5.5 -59. 112. 260. -3. 12.
28.103 1 CALIBRATION 150. 0
28.128 1 NAVIGATION 4 0 -4. 60.5 0. 3676.2 0 0
28.199 1 PPRZ_MODE 2 3 3 2 0 6
28.205 1 GPS 0 33259700 593388864 0 767131 0 0 1790 86436750 12 3
28.207 1 SVINFO 3 4 4 1 0 -25 188
28.306 1 DESIRED -0.32 -2.39 5.5 -59. 112. 260. -3. 12.
28.309 1 ATTITUDE -0.013635 -1.191402 0.00636
28.312 1 ESTIMATOR 767.130981 0.
28.378 1 NAVIGATION 4 0 -4. 60.5 0. 3676.2 0 0
28.393 1 PPRZ_MODE 2 3 3 2 0 6
28.396 1 GPS_SOL 233167280 100000 9999 0
28.499 1 DESIRED -0.32 -2.39 5.5 -59. 112. 260. -3. 12.
28.593 1 PPRZ_MODE 2 3 3 2 0 6
28.596 1 IMU_ACCEL 0.09082 -9.824219 1.029297
28.628 1 NAVIGATION 4 0 -4. 60.5 0. 3676.2 0 0
28.706 1 DESIRED -0.32 -2.39 5.5 -59. 112. 260. -3. 12.
28.709 1 IMU_GYRO -0.047852 0.009521 -0.010498
28.711 1 DL_VALUE 1 0.
28.789 1 PPRZ_MODE 2 3 3 2 0 6
28.879 1 FBW_STATUS 2 0 1 2 0
28.884 1 NAVIGATION 4 0 -4. 60.5 0. 3676.2 0 0
28.901 1 DESIRED -0.32 -2.39 5.5 -59. 112. 260. -3. 12.
28.994 1 PPRZ_MODE 2 3 3 2 0 6
28.998 1 BAT 0 2 0 0 1 25 25 0
29.063 1 DOWNLINK_STATUS 0 29 16147 739 0 561. 26. 46.8
29.100 1 DESIRED -0.32 -2.39 5.5 -59. 112. 260. -3. 12.
29.129 1 NAVIGATION 4 0 -4. 60.5 0. 3676.2 0 0
29.203 1 PPRZ_MODE 2 3 3 2 0 6
29.209 1 GPS 0 33259700 593388864 0 767131 0 0 1790 86437750 12 4
29.211 1 SVINFO 4 5 12 1 0 -9 250
29.215 1 IMU_MAG -0.318848 1.440918 0.436035
29.303 1 DESIRED -0.32 -2.39 5.5 -59. 112. 260. -3. 12.
29.307 1 ATTITUDE -0.013413 -1.191209 0.006378
29.379 1 NAVIGATION 4 0 -4. 60.5 0. 3676.2 0 0
29.392 1 PPRZ_MODE 2 3 3 2 0 6
29.500 1 DESIRED -0.32 -2.39 5.5 -59. 112. 260. -3. 12.
29.593 1 PPRZ_MODE 2 3 3 2 0 6
29.596 1 IMU_ACCEL 0.076172 -9.80957 0.966797
29.629 1 NAVIGATION 4 0 -4. 60.5 0. 3676.2 0 0
29.704 1 DESIRED -0.32 -2.39 5.5 -59. 112. 260. -3. 12.
29.706 1 IMU_GYRO -0.047852 0.009521 -0.011475
29.793 1 PPRZ_MODE 2 3 3 2 0 6
29.796 1 ENERGY 0.2 0. 0 0.
29.878 1 NAVIGATION 4 0 -4. 60.5 0. 3676.2 0 0
29.906 1 DESIRED -0.32 -2.39 5.5 -59. 112. 260. -3. 12.
29.907 1 STATE_FILTER_STATUS 3 0
29.911 1 ALIVE 192,158,226,48,88,33,250,119,184,45,177,66,43,0,42,99
29.989 1 PPRZ_MODE 2 3 3 2 0 6
30.064 1 DOWNLINK_STATUS 0 30 16672 762 0 525. 23. 46.8
30.104 1 DESIRED -0.32 -2.39 5.5 -59. 112. 260. -3. 12.
30.107 1 BAT 0 2 0 0 1 26 26 0
30.128 1 NAVIGATION 4 0 -4. 60.5 0. 3676.2 0 0
30.204 1 PPRZ_MODE 2 3 3 2 0 6
30.209 1 GPS 0 33259700 593388864 0 767131 0 0 1790 86438750 12 5
30.212 1 SVINFO 5 7 12 1 0 30 131
30.214 1 DL_VALUE 2 260.
30.216 1 CALIBRATION 150. 0
30.306 1 DESIRED -0.32 -2.39 5.5 -59. 112. 260. -3. 12.
30.309 1 ATTITUDE -0.013398 -1.191318 0.006232
30.311 1 ESTIMATOR 767.130981 0.
30.378 1 NAVIGATION 4 0 -4. 60.5 0. 3676.2 0 0
30.393 1 PPRZ_MODE 2 3 3 2 0 6
30.396 1 GPS_SOL 233180624 100000 9999 0
30.503 1 DESIRED -0.32 -2.39 5.5 -59. 112. 260. -3. 12.
30.506 1 IMU_MAG -0.325684 1.432617 0.422363
30.594 1 PPRZ_MODE 2 3 3 2 0 6
30.597 1 IMU_ACCEL 0.085938 -9.80957 1.048828
30.598 1 PONG 
30.628 1 NAVIGATION 4 0 -4. 60.5 0. 3676.2 0 0
30.703 1 DESIRED -0.32 -2.39 5.5 -59. 112. 260. -3. 12.
30.706 1 IMU_GYRO -0.046631 0.009521 -0.011475
30.791 1 PPRZ_MODE 2 3 3 2 0 6
30.793 1 DOWNLINK 0 542 965
30.879 1 FBW_STATUS 2 0 1 2 0
30.883 1 NAVIGATION 4 0 -4. 60.5 0. 3676.2 0 0
30.900 1 DESIRED -0.32 -2.39 5.5 -59. 112. 260. -3. 12.
30.989 1 PPRZ_MODE 2 3 3 2 0 6
31.064 1 DOWNLINK_STATUS 0 31 17251 790 0 579. 28. 45.71
31.099 1 DESIRED -0.32 -2.39 5.5 -59. 112. 260. -3. 12.
31.128 1 NAVIGATION 4 0 -4. 60.5 0. 3676.2 0 0
31.207 1 PPRZ_MODE 2 3 3 2 0 6
31.213 1 GPS 0 33259700 593388864 0 767131 0 0 1790 86439750 12 6
31.215 1 SVINFO 6 8 12 1 0 61 128
31.219 1 BAT 0 2 0 0 1 27 27 0
31.221 1 NAVIGATION_REF 332601 5933828 12
31.303 1 DESIRED -0.32 -2.39 5.5 -59. 112. 260. -3. 12.
31.306 1 ATTITUDE -0.013502 -1.191549 0.006099
31.378 1 NAVIGATION 4 0 -4. 60.5 0. 3676.2 0 0
31.392 1 PPRZ_MODE 2 3 3 2 0 6
31.499 1 DESIRED -0.32 -2.39 5.5 -59. 112. 260. -3. 12.
31.592 1 PPRZ_MODE 2 3 3 2 0 6
31.596 1 IMU_ACCEL 0.081055 -9.785156 1.019531
31.627 1 NAVIGATION 4 0 -4. 60.5 0. 3676.2 0 0
31.706 1 DESIRED -0.32 -2.39 5.5 -59. 112. 260. -3. 12.
31.708 1 IMU_GYRO -0.047852 0.008301 -0.010498
31.710 1 DL_VALUE 3 0.
31.792 1 PPRZ_MODE 2 3 3 2 0 6
31.796 1 IMU_MAG -0.324219 1.440918 0.439941
31.877 1 NAVIGATION 4 0 -4. 60.5 0. 3676.2 0 0
31.899 1 DESIRED -0.32 -2.39 5.5 -59. 112. 260. -3. 12.
31.988 1 PPRZ_MODE 2 3 3 2 0 6
32.065 1 DOWNLINK_STATUS 0 32 17771 813 0 520. 23. 45.71
32.100 1 DESIRED -0.32 -2.39 5.5 -59. 112. 260. -3. 12.
32.102 1 STATE_FILTER_STATUS 3 0
32.128 1 NAVIGATION 4 0 -4. 60.5 0. 3676.2 0 0
32.199 1 PPRZ_MODE 2 3 3 2 0 6
32.204 1 GPS 0 33259700 593388864 0 767131 0 0 1790 86440750 12 7
32.207 1 SVINFO 7 9 12 1 0 69 147
32.317 1 DESIRED -0.32 -2.39 5.5 -59. 112. 260. -3. 12.
32.320 1 ATTITUDE -0.013527 -1.191861 0.005868
32.323 1 BAT 0 2 0 0 1 28 28 0
32.326 1 ESTIMATOR 767.130981 0.
32.328 1 CALIBRATION 150. 0
32.331 1 ENERGY 0.2 0. 0 0.
32.378 1 NAVIGATION 4 0 -4. 60.5 0. 3676.2 0 0
32.392 1 PPRZ_MODE 2 3 3 2 0 6
32.395 1 GPS_SOL 233194480 100000 9999 0
32.499 1 DESIRED -0.32 -2.39 5.5 -59. 112. 260. -3. 12.
32.593 1 PPRZ_MODE 2 3 3 2 0 6
32.596 1 IMU_ACCEL 0.071289 -9.794922 1.029297
32.628 1 NAVIGATION 4 0 -4. 60.5 0. 3676.2 0 0
32.703 1 DESIRED -0.32 -2.39 5.5 -59. 112. 260. -3. 12.
32.706 1 IMU_GYRO -0.047852 0.008301 -0.010498
32.789 1 PPRZ_MODE 2 3 3 2 0 6
32.881 1 NAVIGATION 4 0 -4. 60.5 0. 3676.2 0 0
32.884 1 FBW_STATUS 2 0 1 2 0
32.901 1 DESIRED -0.32 -2.39 5.5 -59. 112. 260. -3. 12.
32.975 1 COMMANDS 0,-6495,-9600,0,0,0
32.990 1 PPRZ_MODE 2 3 3 2 0 6
33.065 1 DOWNLINK_STATUS 0 33 18352 840 0 581. 27. 45.71
33.074 1 ACTUATORS 1382,1000,1309,1295,1350
33.103 1 DESIRED -0.32 -2.39 5.5 -59. 112. 260. -3. 12.
33.106 1 IMU_MAG -0.318848 1.436035 0.439941
33.128 1 NAVIGATION 4 0 -4. 60.5 0. 3676.2 0 0
33.202 1 PPRZ_MODE 2 3 3 2 0 6
33.207 1 GPS 0 33259700 593388864 0 767131 0 0 1790 86441750 12 8
33.210 1 SVINFO 8 11 12 1 0 33 87
33.212 1 DL_VALUE 4 0.
33.303 1 DESIRED -0.32 -2.39 5.5 -59. 112. 260. -3. 12.
33.306 1 ATTITUDE -0.013546 -1.192051 0.005869
33.378 1 NAVIGATION 4 0 -4. 60.5 0. 3676.2 0 0
33.394 1 PPRZ_MODE 2 3 3 2 0 6
33.398 1 BAT 0 2 0 0 1 29 29 0
33.500 1 DESIRED -0.32 -2.39 5.5 -59. 112. 260. -3. 12.
33.593 1 PPRZ_MODE 2 3 3 2 0 6
33.596 1 IMU_ACCEL 0.09082 -9.819336 1.03418
33.627 1 NAVIGATION 4 0 -4. 60.5 0. 3676.2 0 0
33.704 1 DESIRED -0.32 -2.39 5.5 -59. 112. 260. -3. 12.
33.706 1 IMU_GYRO -0.048828 0.009521 -0.011475
33.789 1 PPRZ_MODE 2 3 3 2 0 6
33.878 1 NAVIGATION 4 0 -4. 60.5 0. 3676.2 0 0
33.899 1 DESIRED -0.32 -2.39 5.5 -59. 112. 260. -3. 12.
33.989 1 PPRZ_MODE 2 3 3 2 0 6
34.066 1 DOWNLINK_STATUS 0 34 18874 863 0 522. 23. 45.71
34.099 1 DESIRED -0.32 -2.39 5.5 -59. 112. 260. -3. 12.
34.128 1 NAVIGATION 4 0 -4. 60.5 0. 3676.2 0 0
34.199 1 PPRZ_MODE 2 3 3 2 0 6
34.205 1 GPS 0 33259700 593388864 0 767131 0 0 1790 86442750 12 9
34.207 1 SVINFO 9 15 12 1 0 27 307
34.308 1 DESIRED -0.32 -2.39 5.5 -59. 112. 260. -3. 12.
34.311 1 ATTITUDE -0.013418 -1.192237 0.005865
34.313 1 ESTIMATOR 767.130981 0.
34.315 1 STATE_FILTER_STATUS 3 0
34.378 1 NAVIGATION 4 0 -4. 60.5 0. 3676.2 0 0
34.399 1 PPRZ_MODE 2 3 3 2 0 6
34.402 1 IMU_MAG -0.322266 1.430664 0.424316
34.405 1 GPS_SOL 233208848 100000 9999 0
34.407 1 CALIBRATION 150. 0
34.504 1 DESIRED -0.32 -2.39 5.5 -59. 112. 260. -3. 12.
34.507 1 BAT 0 2 0 0 1 30 30 0
34.593 1 PPRZ_MODE 2 3 3 2 0 6
34.596 1 IMU_ACCEL 0.09082 -9.814453 0.996094
34.628 1 NAVIGATION 4 0 -4. 60.5 0. 3676.2 0 0
34.706 1 DESIRED -0.32 -2.39 5.5 -59. 112. 260. -3. 12.
34.709 1 IMU_GYRO -0.048828 0.008301 -0.011475
34.711 1 DL_VALUE 5 0.
34.793 1 PPRZ_MODE 2 3 3 2 0 6
34.797 1 ENERGY 0.2 0. 0 0.
34.878 1 FBW_STATUS 2 0 1 2 0
34.883 1 NAVIGATION 4 0 -4. 60.5 0. 3676.2 0 0
34.904 1 DESIRED -0.32 -2.39 5.5 -59. 112. 260. -3. 12.
34.907 1 ALIVE 192,158,226,48,88,33,250,119,184,45,177,66,43,0,42,99
34.988 1 PPRZ_MODE 2 3 3 2 0 6
35.066 1 DOWNLINK_STATUS 0 35 19488 892 0 614. 29. 45.71
35.099 1 DESIRED -0.32 -2.39 5.5 -59. 112. 260. -3. 12.
35.128 1 NAVIGATION 4 0 -4. 60.5 0. 3676.2 0 0
35.199 1 PPRZ_MODE 2 3 3 2 0 6
35.204 1 GPS 0 33259700 593388864 0 767131 0 0 1790 86443750 12 10
35.207 1 SVINFO 10 17 12 1 0 26 195
35.308 1 DESIRED -0.32 -2.39 5.5 -59. 112. 260. -3. 12.
35.311 1 ATTITUDE -0.013153 -1.192082 0.00597
35.316 1 NAVIGATION 4 0 -4. 60.5 0. 3676.2 0 0
35.378 1 NAVIGATION 4 0 -4. 60.5 0. 3676.2 0 0
35.393 1 PPRZ_MODE 2 3 3 2 0 6
35.397 1 WP_MOVED 3 332701.09375 5933899. 260. 12
35.499 1 DESIRED -0.32 -2.39 5.5 -59. 112. 260. -3. 12.
35.602 1 PPRZ_MODE 2 3 3 2 0 6
35.606 1 IMU_ACCEL 0.076172 -9.829102 1.024414
35.609 1 BAT 0 2 0 0 1 31 31 0
35.612 1 CIRCLE 49.5 100.099998 80.
35.613 1 PONG 
35.628 1 NAVIGATION 4 0 -4. 60.5 0. 3676.2 0 0
35.707 1 DESIRED -0.32 -2.39 5.5 -59. 112. 260. -3. 12.
35.710 1 IMU_GYRO -0.047852 0.007324 -0.011475
35.713 1 IMU_MAG -0.324219 1.432617 0.424316
35.789 1 PPRZ_MODE 2 3 3 2 0 6
35.878 1 NAVIGATION 4 0 -4. 60.5 0. 3676.2 0 0
35.902 1 DESIRED -0.32 -2.39 5.5 -59. 112. 260. -3. 12.
35.904 1 DOWNLINK 0 566 1096
35.989 1 PPRZ_MODE 2 3 3 2 0 6
36.067 1 DOWNLINK_STATUS 0 36 20063 918 0 575. 26. 60.42
36.099 1 DESIRED -0.32 -2.39 5.5 -59. 112. 260. -3. 12.
36.127 1 NAVIGATION 4 0 -4. 60.5 0. 3676.2 0 0
36.201 1 PPRZ_MODE 2 3 3 2 0 6
36.207 1 GPS 0 33259700 593388864 0 767131 0 0 1790 86444750 12 11
36.209 1 SVINFO 11 18 4 1 0 4 343
36.211 1 DL_VALUE 6 80.
36.306 1 DESIRED -0.32 -2.39 5.5 -59. 112. 260. -3. 12.
36.309 1 ATTITUDE -0.013132 -1.192369 0.005943
36.311 1 ESTIMATOR 767.130981 0.
36.378 1 NAVIGATION 4 0 -4. 60.5 0. 3676.2 0 0
36.392 1 PPRZ_MODE 2 3 3 2 0 6
36.395 1 GPS_SOL 233223744 100000 9999 0
36.503 1 DESIRED -0.32 -2.39 5.5 -59. 112. 260. -3. 12.
36.505 1 CALIBRATION 150. 0
36.507 1 STATE_FILTER_STATUS 3 0
36.593 1 PPRZ_MODE 2 3 3 2 0 6
36.596 1 IMU_ACCEL 0.066406 -9.80957 1.058594
36.628 1 NAVIGATION 4 0 -4. 60.5 0. 3676.2 0 0
36.707 1 DESIRED -0.32 -2.39 5.5 -59. 112. 260. -3. 12.
36.710 1 IMU_GYRO -0.047852 0.008301 -0.011475
36.714 1 BAT 0 2 0 0 1 32 32 0
37.068 1 DOWNLINK_STATUS 0 37 20513 939 0 450. 21. 60.42
38.069 1 DOWNLINK_STATUS 0 38 20513 939 0 0. 0. 60.42
39.071 1 DOWNLINK_STATUS 0 39 20513 939 0 0. 0. 60.42
40.072 1 DOWNLINK_STATUS 0 40 20513 939 0 0. 0. 60.42
41.073 1 DOWNLINK_STATUS 0 41 20513 939 0 0. 0. -4940.81
42.075 1 DOWNLINK_STATUS 0 42 20513 939 0 0. 0. -4940.81
43.076 1 DOWNLINK_STATUS 0 43 20513 939 0 0. 0. -4940.81
44.078 1 DOWNLINK_STATUS 0 44 20513 939 0 0. 0. -4940.81
45.079 1 DOWNLINK_STATUS 0 45 20513 939 0 0. 0. -4940.81
46.081 1 DOWNLINK_STATUS 0 46 20513 939 0 0. 0. -9941.88
47.082 1 DOWNLINK_STATUS 0 47 20513 939 0 0. 0. -9941.88
48.083 1 DOWNLINK_STATUS 0 48 20513 939 0 0. 0. -9941.88
49.084 1 DOWNLINK_STATUS 0 49 20513 939 0 0. 0. -9941.88
50.086 1 DOWNLINK_STATUS 0 50 20513 939 0 0. 0. -9941.88
51.087 1 DOWNLINK_STATUS 0 51 20513 939 0 0. 0. -14942.68
52.089 1 DOWNLINK_STATUS 0 52 20513 939 0 0. 0. -14942.68
53.090 1 DOWNLINK_STATUS 0 53 20513 939 0 0. 0. -14942.68
54.092 1 DOWNLINK_STATUS 0 54 20513 939 0 0. 0. -14942.68
55.093 1 DOWNLINK_STATUS 0 55 20513 939 0 0. 0. -14942.68
56.094 1 DOWNLINK_STATUS 0 56 20513 939 0 0. 0. -19943.79
57.096 1 DOWNLINK_STATUS 0 57 20513 939 0 0. 0. -19943.79
58.097 1 DOWNLINK_STATUS 0 58 20513 939 0 0. 0. -19943.79
59.099 1 DOWNLINK_STATUS 0 59 20513 939 0 0. 0. -19943.79
60.100 1 DOWNLINK_STATUS 0 60 20513 939 0 0. 0. -19943.79
61.101 1 DOWNLINK_STATUS 0 61 20513 939 0 0. 0. -24944.84
62.103 1 DOWNLINK_STATUS 0 62 20513 939 0 0. 0. -24944.84
63.104 1 DOWNLINK_STATUS 0 63 20513 939 0 0. 0. -24944.84
64.106 1 DOWNLINK_STATUS 0 64 20513 939 0 0. 0. -24944.84
65.107 1 DOWNLINK_STATUS 0 65 20513 939 0 0. 0. -24944.84
66.109 1 DOWNLINK_STATUS 0 66 20513 939 0 0. 0. -29945.81
67.110 1 DOWNLINK_STATUS 0 67 20513 939 0 0. 0. -29945.81
68.111 1 DOWNLINK_STATUS 0 68 20513 939 0 0. 0. -29945.81
69.113 1 DOWNLINK_STATUS 0 69 20513 939 0 0. 0. -29945.81
70.114 1 DOWNLINK_STATUS 0 70 20513 939 0 0. 0. -29945.81
71.116 1 DOWNLINK_STATUS 0 71 20513 939 0 0. 0. -34946.79
72.117 1 DOWNLINK_STATUS 0 72 20513 939 0 0. 0. -34946.79
73.118 1 DOWNLINK_STATUS 0 73 20513 939 0 0. 0. -34946.79
74.120 1 DOWNLINK_STATUS 0 74 20513 939 0 0. 0. -34946.79
75.121 1 DOWNLINK_STATUS 0 75 20513 939 0 0. 0. -34946.79
76.122 1 DOWNLINK_STATUS 0 76 20513 939 0 0. 0. -39947.7
77.124 1 DOWNLINK_STATUS 0 77 20513 939 0 0. 0. -39947.7
78.125 1 DOWNLINK_STATUS 0 78 20513 939 0 0. 0. -39947.7
79.127 1 DOWNLINK_STATUS 0 79 20513 939 0 0. 0. -39947.7
