5.117 1 PPRZ_MODE 2 0 0 0 0 6
5.123 1 GPS 0 1717368064 0 0 -17000 0 0 0 40000 14 7
5.125 1 SVINFO 7 22 16 1 0 -91 0
5.127 1 DL_VALUE 4 0.
5.129 1 DOWNLINK 0 561 186
5.219 1 DESIRED 0. 0.02 0. 0. 0. 235. 0. 12.
5.222 1 ATTITUDE 0.05212 -0.88778 -0.035372
5.225 1 ESTIMATOR -17. 0.
5.291 1 NAVIGATION 0 2 16621114. -5529002. 0. 3.06831289221e+14 0 0
5.310 1 PPRZ_MODE 2 0 0 0 0 6
5.313 1 BAT 0 38436 0 0 1 7 0 0
5.316 1 GPS_SOL 649555776 100000 9999 0
5.413 1 DESIRED 0. 0.02 0. 0. 0. 235. 0. 12.
5.510 1 PPRZ_MODE 2 0 0 0 0 6
5.513 1 IMU_ACCEL 0.473633 -9.837891 0.334961
5.516 1 IMU_MAG -0.188965 -0.040527 0.180664
5.541 1 NAVIGATION 0 2 16621114. -5529002. 0. 3.06831289221e+14 0 0
5.581 1 PONG 
5.616 1 DESIRED 0. 0.02 0. 0. 0. 235. 0. 12.
5.619 1 IMU_GYRO -0.046631 0.009521 -0.011475
5.705 1 PPRZ_MODE 2 0 0 0 0 6
5.707 1 CALIBRATION 0. 0
5.792 1 FBW_STATUS 2 0 1 38461 0
5.797 1 NAVIGATION 0 2 16621114. -5529002. 0. 3.06831289221e+14 0 0
5.814 1 DESIRED 0. 0.02 0. 0. 0. 235. 0. 12.
5.902 1 PPRZ_MODE 2 0 0 0 0 6
6.012 1 DESIRED 0. 0.02 0. 0. 0. 235. 0. 12.
6.041 1 NAVIGATION 0 2 16621114. -5529002. 0. 3.06831289221e+14 0 0
6.046 1 DOWNLINK_STATUS 0 6 3310 152 1 579. 28. 37.46
6.112 1 PPRZ_MODE 2 0 0 0 0 6
6.118 1 GPS 0 1717368064 0 0 -17000 0 0 0 41000 14 8
6.120 1 SVINFO 8 23 16 1 0 -91 0
6.218 1 DESIRED 0. 0.02 0. 0. 0. 235. 0. 12.
6.221 1 ATTITUDE 0.052343 -0.886948 -0.035315
6.223 1 STATE_FILTER_STATUS 3 0
6.291 1 NAVIGATION 0 2 16621114. -5529002. 0. 3.06831289221e+14 0 0
6.304 1 PPRZ_MODE 2 0 0 0 0 6
6.416 1 DESIRED 0. 0.02 0. 0. 0. 235. 0. 12.
6.420 1 BAT 0 38436 0 0 1 8 0 0
6.506 1 PPRZ_MODE 2 0 0 0 0 6
6.509 1 IMU_ACCEL 0.545898 -9.824219 0.31543
6.541 1 NAVIGATION 0 2 16621114. -5529002. 0. 3.06831289221e+14 0 0
6.618 1 DESIRED 0. 0.02 0. 0. 0. 235. 0. 12.
6.621 1 IMU_GYRO -0.048828 0.009521 -0.009521
6.623 1 DL_VALUE 5 0.
6.702 1 PPRZ_MODE 2 0 0 0 0 6
6.791 1 NAVIGATION 0 2 16621114. -5529002. 0. 3.06831289221e+14 0 0
6.817 1 DESIRED 0. 0.02 0. 0. 0. 235. 0. 12.
6.819 1 IMU_MAG -0.185547 -0.039062 0.196289
6.902 1 PPRZ_MODE 2 0 0 0 0 6
7.012 1 DESIRED 0. 0.02 0. 0. 0. 235. 0. 12.
7.041 1 NAVIGATION 0 2 16621114. -5529002. 0. 3.06831289221e+14 0 0
7.047 1 DOWNLINK_STATUS 0 7 3824 175 1 514. 23. 37.46
7.112 1 PPRZ_MODE 2 0 0 0 0 6
7.118 1 GPS 0 1717368064 0 0 -17000 0 0 0 42000 14 9
7.121 1 SVINFO 9 25 16 1 0 -91 0
7.224 1 DESIRED 0. 0.02 0. 0. 0. 235. 0. 12.
7.226 1 ATTITUDE 0.052753 -0.88664 -0.035403
7.228 1 ESTIMATOR -17. 0.
7.232 1 ENERGY 3846.100098 0. 0 0.
7.290 1 NAVIGATION 0 2 16621114. -5529002. 0. 3.06831289221e+14 0 0
7.305 1 PPRZ_MODE 2 0 0 0 0 6
7.308 1 GPS_SOL 649559552 100000 9999 0
7.412 1 DESIRED 0. 0.02 0. 0. 0. 235. 0. 12.
7.510 1 PPRZ_MODE 2 0 0 0 0 6
7.513 1 IMU_ACCEL 0.488281 -9.852539 0.358398
7.517 1 BAT 0 38436 0 0 1 9 0 0
7.541 1 NAVIGATION 0 2 16621114. -5529002. 0. 3.06831289221e+14 0 0
7.616 1 DESIRED 0. 0.02 0. 0. 0. 235. 0. 12.
7.619 1 IMU_GYRO -0.051025 0.010498 -0.012695
7.702 1 PPRZ_MODE 2 0 0 0 0 6
7.792 1 FBW_STATUS 2 0 1 38436 0
7.796 1 NAVIGATION 0 2 16621114. -5529002. 0. 3.06831289221e+14 0 0
7.814 1 DESIRED 0. 0.02 0. 0. 0. 235. 0. 12.
7.816 1 CALIBRATION 0. 0
7.888 1 COMMANDS 0,-1110,557,0,0,0
7.903 1 PPRZ_MODE 2 0 0 0 0 6
7.987 1 ACTUATORS 1382,1636,1499,1460,1350
8.012 1 DESIRED 0. 0.02 0. 0. 0. 235. 0. 12.
8.041 1 NAVIGATION 0 2 16621114. -5529002. 0. 3.06831289221e+14 0 0
8.048 1 DOWNLINK_STATUS 0 8 4413 202 1 589. 27. 37.46
8.118 1 PPRZ_MODE 2 0 0 0 0 6
8.124 1 GPS 0 1717368064 0 0 -17000 0 0 0 43000 14 10
8.126 1 SVINFO 10 26 16 1 0 -91 0
8.129 1 IMU_MAG -0.187012 -0.037109 0.194336
8.131 1 DL_VALUE 6 80.
8.216 1 DESIRED 0. 0.02 0. 0. 0. 235. 0. 12.
8.219 1 ATTITUDE 0.053052 -0.886024 -0.035318
8.291 1 NAVIGATION 0 2 16621114. -5529002. 0. 3.06831289221e+14 0 0
8.305 1 PPRZ_MODE 2 0 0 0 0 6
8.414 1 DESIRED 0. 0.02 0. 0. 0. 235. 0. 12.
8.416 1 STATE_FILTER_STATUS 3 0
8.506 1 PPRZ_MODE 2 0 0 0 0 6
8.509 1 IMU_ACCEL 0.554688 -9.852539 0.344727
8.541 1 NAVIGATION 0 2 16621114. -5529002. 0. 3.06831289221e+14 0 0
8.621 1 DESIRED 0. 0.02 0. 0. 0. 235. 0. 12.
8.623 1 IMU_GYRO -0.049805 0.009521 -0.011475
8.627 1 BAT 0 38436 0 0 1 10 0 0
8.702 1 PPRZ_MODE 2 0 0 0 0 6
8.791 1 NAVIGATION 0 2 16621114. -5529002. 0. 3.06831289221e+14 0 0
8.812 1 DESIRED 0. 0.02 0. 0. 0. 235. 0. 12.
8.916 1 PPRZ_MODE 2 0 0 0 0 6
9.013 1 DESIRED 0. 0.02 0. 0. 0. 235. 0. 12.
9.041 1 NAVIGATION 0 2 16621114. -5529002. 0. 3.06831289221e+14 0 0
9.049 1 DOWNLINK_STATUS 0 9 4927 225 1 514. 23. 37.46
9.115 1 PPRZ_MODE 2 0 0 0 0 6
9.121 1 GPS 0 1717368064 0 0 -17000 0 0 0 44000 14 11
9.123 1 SVINFO 11 27 16 1 0 -91 0
9.126 1 NAVIGATION_REF 552566 5529002 14
9.219 1 DESIRED 0. 0.02 0. 0. 0. 235. 0. 12.
9.222 1 ATTITUDE 0.05348 -0.88567 -0.03537
9.224 1 ESTIMATOR -17. 0.
9.291 1 NAVIGATION 0 2 16621114. -5529002. 0. 3.06831289221e+14 0 0
9.306 1 PPRZ_MODE 2 0 0 0 0 6
9.309 1 GPS_SOL 649563520 100000 9999 0
9.416 1 DESIRED 0. 0.02 0. 0. 0. 235. 0. 12.
9.418 1 IMU_MAG -0.195801 -0.035645 0.192383
9.505 1 PPRZ_MODE 2 0 0 0 0 6
9.509 1 IMU_ACCEL 0.498047 -9.842773 0.382812
9.540 1 NAVIGATION 0 2 16621114. -5529002. 0. 3.06831289221e+14 0 0
9.618 1 DESIRED 0. 0.02 0. 0. 0. 235. 0. 12.
9.621 1 IMU_GYRO -0.049805 0.011475 -0.011475
9.623 1 DL_VALUE 7 2.
9.711 1 PPRZ_MODE 2 0 0 0 0 6
9.715 1 BAT 0 38436 0 0 1 11 0 0
9.718 1 ENERGY 3843.600098 0. 0 0.
9.792 1 FBW_STATUS 2 0 1 38436 0
9.797 1 NAVIGATION 0 2 16621114. -5529002. 0. 3.06831289221e+14 0 0
9.817 1 DESIRED 0. 0.02 0. 0. 0. 235. 0. 12.
9.821 1 ALIVE 34,130,195,82,38,132,87,181,96,132,135,154,119,246,6,48
9.904 1 PPRZ_MODE 2 0 0 0 0 6
9.906 1 CALIBRATION 0. 0
10.012 1 DESIRED 0. 0.02 0. 0. 0. 235. 0. 12.
10.040 1 NAVIGATION 0 2 16621114. -5529002. 0. 3.06831289221e+14 0 0
10.049 1 DOWNLINK_STATUS 0 10 5547 254 1 620. 29. 37.46
10.112 1 PPRZ_MODE 2 0 0 0 0 6
10.118 1 GPS 0 1717368064 0 0 -17000 0 0 0 45000 14 12
10.120 1 SVINFO 12 28 16 1 0 -91 0
10.224 1 DESIRED 0. 0.02 0. 0. 0. 235. 0. 12.
10.227 1 ATTITUDE 0.053785 -0.885188 -0.035403
10.229 1 DOWNLINK 0 560 317
10.234 1 NAVIGATION 0 2 16621114. -5529002. 0. 3.06831289221e+14 0 0
10.291 1 NAVIGATION 0 2 16621114. -5529002. 0. 3.06831289221e+14 0 0
10.304 1 PPRZ_MODE 2 0 0 0 0 6
10.412 1 DESIRED 0. 0.02 0. 0. 0. 235. 0. 12.
10.506 1 PPRZ_MODE 2 0 0 0 0 6
10.509 1 IMU_ACCEL 0.50293 -9.819336 0.349609
10.541 1 NAVIGATION 0 2 16621114. -5529002. 0. 3.06831289221e+14 0 0
10.582 1 PONG 
10.618 1 DESIRED 0. 0.02 0. 0. 0. 235. 0. 12.
10.621 1 IMU_GYRO -0.047852 0.007324 -0.013672
10.623 1 STATE_FILTER_STATUS 3 0
10.706 1 PPRZ_MODE 2 0 0 0 0 6
10.709 1 IMU_MAG -0.19043 -0.040527 0.202148
10.790 1 NAVIGATION 0 2 16621114. -5529002. 0. 3.06831289221e+14 0 0
10.817 1 DESIRED 0. 0.02 0. 0. 0. 235. 0. 12.
10.820 1 BAT 0 38436 0 0 1 13 0 0
10.903 1 PPRZ_MODE 2 0 0 0 0 6
11.012 1 DESIRED 0. 0.02 0. 0. 0. 235. 0. 12.
11.041 1 NAVIGATION 0 2 16621114. -5529002. 0. 3.06831289221e+14 0 0
11.050 1 DOWNLINK_STATUS 0 11 6093 279 1 546. 25. 37.6
11.114 1 PPRZ_MODE 2 0 0 0 0 6
11.120 1 GPS 0 1717368064 0 0 -17000 0 0 0 46000 14 13
11.123 1 SVINFO 13 29 16 1 0 -91 0
11.125 1 DL_VALUE 8 0.
11.219 1 DESIRED 0. 0.02 0. 0. 0. 235. 0. 12.
11.221 1 ATTITUDE 0.054102 -0.883549 -0.035327
11.224 1 ESTIMATOR -17. 0.
11.290 1 NAVIGATION 0 2 16621114. -5529002. 0. 3.06831289221e+14 0 0
11.305 1 PPRZ_MODE 2 0 0 0 0 6
11.308 1 GPS_SOL 649567680 100000 9999 0
11.412 1 DESIRED 0. 0.02 0. 0. 0. 235. 0. 12.
11.506 1 PPRZ_MODE 2 0 0 0 0 6
11.509 1 IMU_ACCEL 0.53125 -9.833008 0.382812
11.541 1 NAVIGATION 0 2 16621114. -5529002. 0. 3.06831289221e+14 0 0
11.616 1 DESIRED 0. 0.02 0. 0. 0. 235. 0. 12.
11.619 1 IMU_GYRO -0.049805 0.011475 -0.011475
11.701 1 PPRZ_MODE 2 0 0 0 0 6
11.791 1 FBW_STATUS 2 0 1 38461 0
11.796 1 NAVIGATION 0 2 16621114. -5529002. 0. 3.06831289221e+14 0 0
11.813 1 DESIRED 0. 0.02 0. 0. 0. 235. 0. 12.
11.906 1 PPRZ_MODE 2 0 0 0 0 6
11.910 1 BAT 0 38461 0 0 1 14 0 0
12.018 1 DESIRED 0. 0.02 0. 0. 0. 235. 0. 12.
12.021 1 IMU_MAG -0.193848 -0.039062 0.200195
12.023 1 CALIBRATION 0. 0
12.041 1 NAVIGATION 0 2 16621114. -5529002. 0. 3.06831289221e+14 0 0
12.051 1 DOWNLINK_STATUS 0 12 6655 305 1 562. 26. 37.6
12.112 1 PPRZ_MODE 2 0 0 0 0 6
12.117 1 GPS 0 1717368064 0 0 -17000 0 0 0 47000 14 14
12.119 1 SVINFO 14 30 16 1 0 -91 0
12.219 1 DESIRED 0. 0.02 0. 0. 0. 235. 0. 12.
12.223 1 ATTITUDE 0.054148 -0.881536 -0.03533
12.226 1 ENERGY 3843.600098 0. 0 0.
12.290 1 NAVIGATION 0 2 16621114. -5529002. 0. 3.06831289221e+14 0 0
12.304 1 PPRZ_MODE 2 0 0 0 0 6
12.412 1 DESIRED 0. 0.02 0. 0. 0. 235. 0. 12.
12.506 1 PPRZ_MODE 2 0 0 0 0 6
12.509 1 IMU_ACCEL 0.53125 -9.819336 0.363281
12.541 1 NAVIGATION 0 2 16621114. -5529002. 0. 3.06831289221e+14 0 0
12.619 1 DESIRED 0. 0.02 0. 0. 0. 235. 0. 12.
12.622 1 IMU_GYRO -0.048828 0.009521 -0.009521
12.623 1 DL_VALUE 9 1.
12.701 1 PPRZ_MODE 2 0 0 0 0 6
12.790 1 NAVIGATION 0 2 16621114. -5529002. 0. 3.06831289221e+14 0 0
12.814 1 DESIRED 0. 0.02 0. 0. 0. 235. 0. 12.
12.815 1 STATE_FILTER_STATUS 3 0
12.888 1 COMMANDS 0,-1142,588,0,0,0
12.903 1 PPRZ_MODE 2 0 0 0 0 6
12.987 1 ACTUATORS 1382,1636,1498,1459,1350
13.017 1 DESIRED 0. 0.02 0. 0. 0. 235. 0. 12.
13.020 1 BAT 0 38461 0 0 1 15 0 0
13.041 1 NAVIGATION 0 2 16621114. -5529002. 0. 3.06831289221e+14 0 0
13.052 1 DOWNLINK_STATUS 0 13 7207 330 1 552. 25. 37.6
13.111 1 PPRZ_MODE 2 0 0 0 0 6
13.117 1 GPS 0 1717368064 0 0 -17000 0 0 0 48000 14 15
13.120 1 SVINFO 15 32 16 1 0 -91 0
13.218 1 DESIRED 0. 0.02 0. 0. 0. 235. 0. 12.
13.222 1 ATTITUDE 0.054289 -0.88084 -0.035501
13.224 1 ESTIMATOR -17. 0.
13.290 1 NAVIGATION 0 2 16621114. -5529002. 0. 3.06831289221e+14 0 0
13.309 1 PPRZ_MODE 2 0 0 0 0 6
13.312 1 IMU_MAG -0.192383 -0.037109 0.192383
13.315 1 GPS_SOL 649571968 100000 9999 0
13.412 1 DESIRED 0. 0.02 0. 0. 0. 235. 0. 12.
13.505 1 PPRZ_MODE 2 0 0 0 0 6
13.508 1 IMU_ACCEL 0.511719 -9.814453 0.368164
13.540 1 NAVIGATION 0 2 16621114. -5529002. 0. 3.06831289221e+14 0 0
13.616 1 DESIRED 0. 0.02 0. 0. 0. 235. 0. 12.
13.618 1 IMU_GYRO -0.048828 0.008301 -0.011475
13.702 1 PPRZ_MODE 2 0 0 0 0 6
13.792 1 FBW_STATUS 2 0 1 38461 0
13.796 1 NAVIGATION 0 2 16621114. -5529002. 0. 3.06831289221e+14 0 0
13.813 1 DESIRED 0. 0.02 0. 0. 0. 235. 0. 12.
13.902 1 PPRZ_MODE 2 0 0 0 0 6
14.012 1 DESIRED 0. 0.02 0. 0. 0. 235. 0. 12.
14.040 1 NAVIGATION 0 2 16621114. -5529002. 0. 3.06831289221e+14 0 0
14.053 1 DOWNLINK_STATUS 0 14 7726 353 1 519. 23. 37.6
14.121 1 PPRZ_MODE 2 0 0 0 0 6
14.126 1 GPS 0 1717368064 0 0 -17000 0 0 0 49000 14 16
14.129 1 SVINFO 0 11 16 1 0 -91 0
14.133 1 BAT 0 38436 0 0 1 16 0 0
14.134 1 DL_VALUE 10 0.
14.136 1 CALIBRATION 0. 0
14.216 1 DESIRED 0. 0.02 0. 0. 0. 235. 0. 12.
14.219 1 ATTITUDE 0.054555 -0.880126 -0.035413
14.290 1 NAVIGATION 0 2 16621114. -5529002. 0. 3.06831289221e+14 0 0
14.304 1 PPRZ_MODE 2 0 0 0 0 6
14.412 1 DESIRED 0. 0.02 0. 0. 0. 235. 0. 12.
14.505 1 PPRZ_MODE 2 0 0 0 0 6
14.508 1 IMU_ACCEL 0.506836 -9.799805 0.358398
14.540 1 NAVIGATION 0 2 16621114. -5529002. 0. 3.06831289221e+14 0 0
14.619 1 DESIRED 0. 0.02 0. 0. 0. 235. 0. 12.
14.622 1 IMU_GYRO -0.051025 0.009521 -0.011475
14.625 1 IMU_MAG -0.187012 -0.039062 0.192383
14.706 1 PPRZ_MODE 2 0 0 0 0 6
14.709 1 ENERGY 3843.600098 0. 0 0.
14.791 1 NAVIGATION 0 2 16621114. -5529002. 0. 3.06831289221e+14 0 0
14.817 1 DESIRED 0. 0.02 0. 0. 0. 235. 0. 12.
14.821 1 ALIVE 34,130,195,82,38,132,87,181,96,132,135,154,119,246,6,48
14.901 1 PPRZ_MODE 2 0 0 0 0 6
15.013 1 DESIRED 0. 0.02 0. 0. 0. 235. 0. 12.
15.015 1 STATE_FILTER_STATUS 3 0
15.040 1 NAVIGATION 0 2 16621114. -5529002. 0. 3.06831289221e+14 0 0
15.054 1 DOWNLINK_STATUS 0 15 8294 379 1 568. 26. 37.6
15.112 1 PPRZ_MODE 2 0 0 0 0 6
15.117 1 GPS 0 1717368064 0 0 -17000 0 0 0 50000 14 1
15.120 1 SVINFO 1 12 16 1 0 -91 0
15.223 1 DESIRED 0. 0.02 0. 0. 0. 235. 0. 12.
15.226 1 ATTITUDE 0.054629 -0.880401 -0.035349
15.230 1 BAT 0 38461 0 0 1 17 0 0
15.232 1 ESTIMATOR -17. 0.
15.270 1 WIND_INFO 1 42 0. 0. 0.
15.291 1 NAVIGATION 0 2 16621114. -5529002. 0. 3.06831289221e+14 0 0
15.329 1 PPRZ_MODE 2 0 0 0 0 6
15.332 1 GPS_SOL 649576512 100000 9999 0
15.333 1 DOWNLINK 0 556 447
15.411 1 DESIRED 0. 0.02 0. 0. 0. 235. 0. 12.
15.505 1 PPRZ_MODE 2 0 0 0 0 6
15.508 1 IMU_ACCEL 0.498047 -9.842773 0.358398
15.540 1 NAVIGATION 0 2 16621114. -5529002. 0. 3.06831289221e+14 0 0
15.583 1 PONG 
15.618 1 DESIRED 0. 0.02 0. 0. 0. 235. 0. 12.
15.621 1 IMU_GYRO -0.049805 0.010498 -0.011475
15.623 1 DL_VALUE 0 0.
15.702 1 PPRZ_MODE 2 0 0 0 0 6
15.791 1 FBW_STATUS 2 0 1 38436 0
15.795 1 NAVIGATION 0 2 16621114. -5529002. 0. 3.06831289221e+14 0 0
15.812 1 DESIRED 0. 0.02 0. 0. 0. 235. 0. 12.
15.905 1 PPRZ_MODE 2 0 0 0 0 6
15.908 1 IMU_MAG -0.193848 -0.037109 0.19043
16.012 1 DESIRED 0. 0.02 0. 0. 0. 235. 0. 12.
16.040 1 NAVIGATION 0 2 16621114. -5529002. 0. 3.06831289221e+14 0 0
16.054 1 DOWNLINK_STATUS 0 16 8862 406 1 568. 27. 37.66
16.112 1 PPRZ_MODE 2 0 0 0 0 6
16.118 1 GPS 0 1717368064 0 0 -17000 0 0 0 51000 14 2
16.120 1 SVINFO 2 13 16 1 0 -91 0
16.218 1 DESIRED 0. 0.02 0. 0. 0. 235. 0. 12.
16.220 1 ATTITUDE 0.054863 -0.87882 -0.035336
16.222 1 CALIBRATION 0. 0
16.290 1 NAVIGATION 0 2 16621114. -5529002. 0. 3.06831289221e+14 0 0
16.306 1 PPRZ_MODE 2 0 0 0 0 6
16.309 1 BAT 0 38461 0 0 1 18 0 0
16.412 1 DESIRED 0. 0.02 0. 0. 0. 235. 0. 12.
16.505 1 PPRZ_MODE 2 0 0 0 0 6
16.509 1 IMU_ACCEL 0.603516 -9.885742 0.287109
16.540 1 NAVIGATION 0 2 16621114. -5529002. 0. 3.06831289221e+14 0 0
16.616 1 DESIRED 0. 0.02 0. 0. 0. 235. 0. 12.
16.619 1 IMU_GYRO -0.047852 0.007324 -0.011475
16.701 1 PPRZ_MODE 2 0 0 0 0 6
16.790 1 NAVIGATION 0 2 16621114. -5529002. 0. 3.06831289221e+14 0 0
16.811 1 DESIRED 0. 0.02 0. 0. 0. 235. 0. 12.
16.902 1 PPRZ_MODE 2 0 0 0 0 6
17.012 1 DESIRED 0. 0.02 0. 0. 0. 235. 0. 12.
17.040 1 NAVIGATION 0 2 16621114. -5529002. 0. 3.06831289221e+14 0 0
17.055 1 DOWNLINK_STATUS 0 17 9349 427 1 487. 21. 37.66
17.114 1 PPRZ_MODE 2 0 0 0 0 6
17.119 1 GPS 0 1717368064 0 0 -17000 0 0 0 52000 14 3
17.121 1 SVINFO 3 14 16 1 0 -91 0
17.123 1 DL_VALUE 1 0.
17.228 1 DESIRED 0. 0.02 0. 0. 0. 235. 0. 12.
17.231 1 ATTITUDE 0.054951 -0.879635 -0.035357
17.234 1 IMU_MAG -0.188965 -0.04541 0.180664
17.237 1 ESTIMATOR -17. 0.
17.238 1 STATE_FILTER_STATUS 3 0
17.242 1 ENERGY 3843.600098 0. 0 0.
17.290 1 NAVIGATION 0 2 16621114. -5529002. 0. 3.06831289221e+14 0 0
17.305 1 PPRZ_MODE 2 0 0 0 0 6
17.308 1 GPS_SOL 649581184 100000 9999 0
17.416 1 DESIRED 0. 0.02 0. 0. 0. 235. 0. 12.
17.420 1 BAT 0 38436 0 0 1 19 0 0
17.505 1 PPRZ_MODE 2 0 0 0 0 6
17.508 1 IMU_ACCEL 0.50293 -9.794922 0.282227
17.540 1 NAVIGATION 0 2 16621114. -5529002. 0. 3.06831289221e+14 0 0
17.615 1 DESIRED 0. 0.02 0. 0. 0. 235. 0. 12.
17.618 1 IMU_GYRO -0.045654 0.009521 -0.010498
17.701 1 PPRZ_MODE 2 0 0 0 0 6
17.793 1 NAVIGATION 0 2 16621114. -5529002. 0. 3.06831289221e+14 0 0
17.796 1 FBW_STATUS 2 0 1 38436 0
17.813 1 DESIRED 0. 0.02 0. 0. 0. 235. 0. 12.
17.888 1 COMMANDS 0,-1156,571,0,0,0
17.903 1 PPRZ_MODE 2 0 0 0 0 6
17.986 1 ACTUATORS 1382,1636,1497,1458,1350
18.011 1 DESIRED 0. 0.02 0. 0. 0. 235. 0. 12.
18.040 1 NAVIGATION 0 2 16621114. -5529002. 0. 3.06831289221e+14 0 0
18.056 1 DOWNLINK_STATUS 0 18 9965 456 1 616. 29. 37.66
18.114 1 PPRZ_MODE 2 0 0 0 0 6
18.120 1 GPS 0 1717368064 0 0 -17000 0 0 0 53000 14 4
18.123 1 SVINFO 4 16 16 1 0 -91 0
18.125 1 NAVIGATION_REF 552566 5529002 14
18.215 1 DESIRED 0. 0.02 0. 0. 0. 235. 0. 12.
18.218 1 ATTITUDE 0.055225 -0.880517 -0.035401
18.290 1 NAVIGATION 0 2 16621114. -5529002. 0. 3.06831289221e+14 0 0
18.305 1 PPRZ_MODE 2 0 0 0 0 6
18.306 1 CALIBRATION 0. 0
18.412 1 DESIRED 0. 0.02 0. 0. 0. 235. 0. 12.
18.513 1 PPRZ_MODE 2 0 0 0 0 6
18.516 1 IMU_ACCEL 0.521484 -9.829102 0.353516
18.520 1 BAT 0 38436 0 0 1 20 0 0
18.523 1 IMU_MAG -0.19043 -0.035645 0.196289
18.540 1 NAVIGATION 0 2 16621114. -5529002. 0. 3.06831289221e+14 0 0
18.618 1 DESIRED 0. 0.02 0. 0. 0. 235. 0. 12.
18.621 1 IMU_GYRO -0.047852 0.009521 -0.009521
18.623 1 DL_VALUE 2 235.
18.702 1 PPRZ_MODE 2 0 0 0 0 6
18.790 1 NAVIGATION 0 2 16621114. -5529002. 0. 3.06831289221e+14 0 0
18.812 1 DESIRED 0. 0.02 0. 0. 0. 235. 0. 12.
18.901 1 PPRZ_MODE 2 0 0 0 0 6
19.011 1 DESIRED 0. 0.02 0. 0. 0. 235. 0. 12.
19.040 1 NAVIGATION 0 2 16621114. -5529002. 0. 3.06831289221e+14 0 0
19.056 1 DOWNLINK_STATUS 0 19 10496 480 1 531. 24. 37.66
19.111 1 PPRZ_MODE 2 0 0 0 0 6
19.117 1 GPS 0 1717368064 0 0 -17000 0 0 0 54000 14 5
19.120 1 SVINFO 5 17 16 1 0 -91 0
19.219 1 DESIRED 0. 0.02 0. 0. 0. 235. 0. 12.
19.222 1 ATTITUDE 0.055436 -0.880343 -0.0353
19.224 1 ESTIMATOR -17. 0.
19.290 1 NAVIGATION 0 2 16621114. -5529002. 0. 3.06831289221e+14 0 0
19.305 1 PPRZ_MODE 2 0 0 0 0 6
19.307 1 GPS_SOL 649586112 100000 9999 0
19.413 1 DESIRED 0. 0.02 0. 0. 0. 235. 0. 12.
19.415 1 STATE_FILTER_STATUS 3 0
19.505 1 PPRZ_MODE 2 0 0 0 0 6
19.508 1 IMU_ACCEL 0.53125 -9.829102 0.305664
19.540 1 NAVIGATION 0 2 16621114. -5529002. 0. 3.06831289221e+14 0 0
19.620 1 DESIRED 0. 0.02 0. 0. 0. 235. 0. 12.
19.623 1 IMU_GYRO -0.051025 0.012695 -0.011475
19.627 1 BAT 0 38436 0 0 1 21 0 0
19.705 1 PPRZ_MODE 2 0 0 0 0 6
19.709 1 ENERGY 3846.100098 0. 0 0.
19.791 1 FBW_STATUS 2 0 1 38461 0
19.795 1 NAVIGATION 0 2 16621114. -5529002. 0. 3.06831289221e+14 0 0
19.821 1 DESIRED 0. 0.02 0. 0. 0. 235. 0. 12.
19.823 1 IMU_MAG -0.192383 -0.040527 0.194336
19.827 1 ALIVE 34,130,195,82,38,132,87,181,96,132,135,154,119,246,6,48
19.901 1 PPRZ_MODE 2 0 0 0 0 6
20.011 1 DESIRED 0. 0.02 0. 0. 0. 235. 0. 12.
20.040 1 NAVIGATION 0 2 16621114. -5529002. 0. 3.06831289221e+14 0 0
20.057 1 DOWNLINK_STATUS 0 20 11088 507 1 592. 27. 37.66
20.114 1 PPRZ_MODE 2 0 0 0 0 6
20.120 1 GPS 0 1717368064 0 0 -17000 0 0 0 55000 14 6
20.122 1 SVINFO 6 21 16 1 0 -91 0
20.123 1 DL_VALUE 3 0.
20.221 1 DESIRED 0. 0.02 0. 0. 0. 235. 0. 12.
20.223 1 ATTITUDE 0.05537 -0.880496 -0.035366
20.229 1 NAVIGATION 0 2 16621114. -5529002. 0. 3.06831289221e+14 0 0
20.290 1 NAVIGATION 0 2 16621114. -5529002. 0. 3.06831289221e+14 0 0
20.305 1 PPRZ_MODE 2 0 0 0 0 6
20.309 1 WP_MOVED 2 552424.625 5528826.5 260. 14
20.416 1 DESIRED 0. 0.02 0. 0. 0. 235. 0. 12.
20.418 1 CALIBRATION 0. 0
20.420 1 DOWNLINK 0 558 577
20.505 1 PPRZ_MODE 2 0 0 0 0 6
20.508 1 IMU_ACCEL 0.541016 -9.804688 0.358398
20.540 1 NAVIGATION 0 2 16621114. -5529002. 0. 3.06831289221e+14 0 0
20.584 1 PONG 
20.616 1 DESIRED 0. 0.02 0. 0. 0. 235. 0. 12.
20.619 1 IMU_GYRO -0.048828 0.009521 -0.010498
20.705 1 PPRZ_MODE 2 0 0 0 0 6
20.709 1 BAT 0 38436 0 0 1 22 0 0
20.790 1 NAVIGATION 0 2 16621114. -5529002. 0. 3.06831289221e+14 0 0
20.811 1 DESIRED 0. 0.02 0. 0. 0. 235. 0. 12.
20.901 1 PPRZ_MODE 2 0 0 0 0 6
21.012 1 DESIRED 0. 0.02 0. 0. 0. 235. 0. 12.
21.040 1 NAVIGATION 0 2 16621114. -5529002. 0. 3.06831289221e+14 0 0
21.058 1 DOWNLINK_STATUS 0 21 11649 533 1 561. 26. 37.74
21.115 1 PPRZ_MODE 2 0 0 0 0 6
21.120 1 GPS 0 1717368064 0 0 -17000 0 0 0 56000 14 7
21.123 1 SVINFO 7 22 16 1 0 -91 0
21.126 1 IMU_MAG -0.180176 -0.039062 0.186523
21.218 1 DESIRED 0. 0.02 0. 0. 0. 235. 0. 12.
21.221 1 ATTITUDE 0.055344 -0.880878 -0.035391
21.223 1 ESTIMATOR -17. 0.
21.290 1 NAVIGATION 0 2 16621114. -5529002. 0. 3.06831289221e+14 0 0
21.305 1 PPRZ_MODE 2 0 0 0 0 6
21.307 1 GPS_SOL 649591168 100000 9999 0
21.411 1 DESIRED 0. 0.02 0. 0. 0. 235. 0. 12.
21.505 1 PPRZ_MODE 2 0 0 0 0 6
21.508 1 IMU_ACCEL 0.53125 -9.833008 0.344727
21.540 1 NAVIGATION 0 2 16621114. -5529002. 0. 3.06831289221e+14 0 0
21.620 1 DESIRED 0. 0.02 0. 0. 0. 235. 0. 12.
21.622 1 IMU_GYRO -0.051025 0.010498 -0.011475
21.624 1 DL_VALUE 4 0.
21.626 1 STATE_FILTER_STATUS 3 0
21.701 1 PPRZ_MODE 2 0 0 0 0 6
21.791 1 FBW_STATUS 2 0 1 38436 0
21.796 1 NAVIGATION 0 2 16621114. -5529002. 0. 3.06831289221e+14 0 0
21.816 1 DESIRED 0. 0.02 0. 0. 0. 235. 0. 12.
21.819 1 BAT 0 38436 0 0 1 24 0 0
21.901 1 PPRZ_MODE 2 0 0 0 0 6
22.012 1 DESIRED 0. 0.02 0. 0. 0. 235. 0. 12.
22.040 1 NAVIGATION 0 2 16621114. -5529002. 0. 3.06831289221e+14 0 0
22.059 1 DOWNLINK_STATUS 0 22 12209 559 1 560. 26. 37.74
22.111 1 PPRZ_MODE 2 0 0 0 0 6
22.116 1 GPS 0 1717368064 0 0 -17000 0 0 0 57000 14 8
22.119 1 SVINFO 8 23 16 1 0 -91 0
22.219 1 DESIRED 0. 0.02 0. 0. 0. 235. 0. 12.
22.222 1 ATTITUDE 0.055415 -0.880013 -0.035502
22.226 1 ENERGY 3843.600098 0. 0 0.
22.290 1 NAVIGATION 0 2 16621114. -5529002. 0. 3.06831289221e+14 0 0
22.304 1 PPRZ_MODE 2 0 0 0 0 6
22.415 1 DESIRED 0. 0.02 0. 0. 0. 235. 0. 12.
22.418 1 IMU_MAG -0.187012 -0.037109 0.196289
22.508 1 PPRZ_MODE 2 0 0 0 0 6
22.511 1 IMU_ACCEL 0.564453 -9.842773 0.353516
22.512 1 CALIBRATION 0. 0
22.540 1 NAVIGATION 0 2 16621114. -5529002. 0. 3.06831289221e+14 0 0
22.616 1 DESIRED 0. 0.02 0. 0. 0. 235. 0. 12.
22.618 1 IMU_GYRO -0.048828 0.008301 -0.009521
22.701 1 PPRZ_MODE 2 0 0 0 0 6
22.790 1 NAVIGATION 0 2 16621114. -5529002. 0. 3.06831289221e+14 0 0
22.811 1 DESIRED 0. 0.02 0. 0. 0. 235. 0. 12.
22.887 1 COMMANDS 0,-1170,608,0,0,0
22.906 1 PPRZ_MODE 2 0 0 0 0 6
22.909 1 BAT 0 38436 0 0 1 25 0 0
22.986 1 ACTUATORS 1382,1636,1497,1458,1350
23.012 1 DESIRED 0. 0.02 0. 0. 0. 235. 0. 12.
23.040 1 NAVIGATION 0 2 16621114. -5529002. 0. 3.06831289221e+14 0 0
23.060 1 DOWNLINK_STATUS 0 23 12770 584 1 561. 25. 37.74
23.113 1 PPRZ_MODE 2 0 0 0 0 6
23.119 1 GPS 0 1717368064 0 0 -17000 0 0 0 58000 14 9
23.121 1 SVINFO 9 24 16 1 0 -91 0
23.123 1 DL_VALUE 5 0.
23.218 1 DESIRED 0. 0.02 0. 0. 0. 235. 0. 12.
23.221 1 ATTITUDE 0.055521 -0.879899 -0.035784
23.224 1 ESTIMATOR -17. 0.
23.290 1 NAVIGATION 0 2 16621114. -5529002. 0. 3.06831289221e+14 0 0
23.305 1 PPRZ_MODE 2 0 0 0 0 6
23.308 1 GPS_SOL 649596416 100000 9999 0
23.411 1 DESIRED 0. 0.02 0. 0. 0. 235. 0. 12.
23.505 1 PPRZ_MODE 2 0 0 0 0 6
23.508 1 IMU_ACCEL 0.607422 -9.819336 0.330078
23.539 1 NAVIGATION 0 2 16621114. -5529002. 0. 3.06831289221e+14 0 0
23.615 1 DESIRED 0. 0.02 0. 0. 0. 235. 0. 12.
23.618 1 IMU_GYRO -0.045654 0.006348 -0.010498
23.705 1 PPRZ_MODE 2 0 0 0 0 6
23.708 1 IMU_MAG -0.188965 -0.040527 0.188477
23.791 1 FBW_STATUS 2 0 1 38436 0
23.795 1 NAVIGATION 0 2 16621114. -5529002. 0. 3.06831289221e+14 0 0
23.813 1 DESIRED 0. 0.02 0. 0. 0. 235. 0. 12.
23.815 1 STATE_FILTER_STATUS 3 0
23.901 1 PPRZ_MODE 2 0 0 0 0 6
24.016 1 DESIRED 0. 0.02 0. 0. 0. 235. 0. 12.
24.019 1 BAT 0 38436 0 0 1 26 0 0
24.039 1 NAVIGATION 0 2 16621114. -5529002. 0. 3.06831289221e+14 0 0
24.061 1 DOWNLINK_STATUS 0 24 13330 610 1 560. 26. 37.74
24.111 1 PPRZ_MODE 2 0 0 0 0 6
24.116 1 GPS 0 1717368064 0 0 -17000 0 0 0 59000 14 10
24.119 1 SVINFO 10 25 16 1 0 -91 0
24.215 1 DESIRED 0. 0.02 0. 0. 0. 235. 0. 12.
24.218 1 ATTITUDE 0.055144 -0.879822 -0.035642
24.290 1 NAVIGATION 0 2 16621114. -5529002. 0. 3.06831289221e+14 0 0
24.304 1 PPRZ_MODE 2 0 0 0 0 6
24.411 1 DESIRED 0. 0.02 0. 0. 0. 235. 0. 12.
24.505 1 PPRZ_MODE 2 0 0 0 0 6
24.508 1 IMU_ACCEL 0.450195 -9.771484 0.301758
24.539 1 NAVIGATION 0 2 16621114. -5529002. 0. 3.06831289221e+14 0 0
24.620 1 DESIRED 0. 0.02 0. 0. 0. 235. 0. 12.
24.623 1 IMU_GYRO -0.047852 0.010498 -0.009521
24.625 1 DL_VALUE 6 80.
24.627 1 CALIBRATION 0. 0
24.705 1 PPRZ_MODE 2 0 0 0 0 6
24.709 1 ENERGY 3843.600098 0. 0 0.
24.790 1 NAVIGATION 0 2 16621114. -5529002. 0. 3.06831289221e+14 0 0
24.816 1 DESIRED 0. 0.02 0. 0. 0. 235. 0. 12.
24.820 1 ALIVE 34,130,195,82,38,132,87,181,96,132,135,154,119,246,6,48
24.900 1 PPRZ_MODE 2 0 0 0 0 6
25.015 1 DESIRED 0. 0.02 0. 0. 0. 235. 0. 12.
25.018 1 IMU_MAG -0.193848 -0.04248 0.192383
25.039 1 NAVIGATION 0 2 16621114. -5529002. 0. 3.06831289221e+14 0 0
25.062 1 DOWNLINK_STATUS 0 25 13868 634 1 538. 24. 37.74
25.115 1 PPRZ_MODE 2 0 0 0 0 6
25.121 1 GPS 0 1717368064 0 0 -17000 0 0 0 60000 14 11
25.124 1 SVINFO 11 26 16 1 0 -91 0
25.127 1 BAT 0 38436 0 0 1 27 0 0
25.218 1 DESIRED 0. 0.02 0. 0. 0. 235. 0. 12.
25.221 1 ATTITUDE 0.05542 -0.880492 -0.035675
25.224 1 ESTIMATOR -17. 0.
25.270 1 WIND_INFO 1 42 0. 0. 0.
25.290 1 NAVIGATION 0 2 16621114. -5529002. 0. 3.06831289221e+14 0 0
25.324 1 PPRZ_MODE 2 0 0 0 0 6
25.327 1 GPS_SOL 649601856 100000 9999 0
25.411 1 DESIRED 0. 0.02 0. 0. 0. 235. 0. 12.
25.507 1 PPRZ_MODE 2 0 0 0 0 6
25.510 1 IMU_ACCEL 0.550781 -9.799805 0.334961
25.512 1 DOWNLINK 0 547 705
25.539 1 NAVIGATION 0 2 16621114. -5529002. 0. 3.06831289221e+14 0 0
25.584 1 PONG 
25.615 1 DESIRED 0. 0.02 0. 0. 0. 235. 0. 12.
25.618 1 IMU_GYRO -0.049805 0.011475 -0.013672
25.701 1 PPRZ_MODE 2 0 0 0 0 6
25.793 1 NAVIGATION 0 2 16621114. -5529002. 0. 3.06831289221e+14 0 0
25.795 1 FBW_STATUS 2 0 1 38461 0
25.812 1 DESIRED 0. 0.02 0. 0. 0. 235. 0. 12.
25.901 1 PPRZ_MODE 2 0 0 0 0 6
26.013 1 DESIRED 0. 0.02 0. 0. 0. 235. 0. 12.
26.014 1 STATE_FILTER_STATUS 3 0
26.040 1 NAVIGATION 0 2 16621114. -5529002. 0. 3.06831289221e+14 0 0
26.062 1 DOWNLINK_STATUS 0 26 14416 660 1 548. 26. 37.62
26.113 1 PPRZ_MODE 2 0 0 0 0 6
26.119 1 GPS 0 1717368064 0 0 -17000 0 0 0 61000 14 12
26.122 1 SVINFO 12 27 16 1 0 -91 0
26.124 1 DL_VALUE 7 2.
26.220 1 DESIRED 0. 0.02 0. 0. 0. 235. 0. 12.
26.223 1 ATTITUDE 0.055454 -0.880484 -0.035483
26.226 1 BAT 0 38436 0 0 1 28 0 0
26.289 1 NAVIGATION 0 2 16621114. -5529002. 0. 3.06831289221e+14 0 0
26.304 1 PPRZ_MODE 2 0 0 0 0 6
26.308 1 IMU_MAG -0.185547 -0.04248 0.196289
26.411 1 DESIRED 0. 0.02 0. 0. 0. 235. 0. 12.
26.505 1 PPRZ_MODE 2 0 0 0 0 6
26.508 1 IMU_ACCEL 0.521484 -9.837891 0.373047
26.540 1 NAVIGATION 0 2 16621114. -5529002. 0. 3.06831289221e+14 0 0
26.615 1 DESIRED 0. 0.02 0. 0. 0. 235. 0. 12.
26.618 1 IMU_GYRO -0.054199 0.012695 -0.014893
26.703 1 PPRZ_MODE 2 0 0 0 0 6
26.705 1 CALIBRATION 0. 0
26.789 1 NAVIGATION 0 2 16621114. -5529002. 0. 3.06831289221e+14 0 0
26.811 1 DESIRED 0. 0.02 0. 0. 0. 235. 0. 12.
26.901 1 PPRZ_MODE 2 0 0 0 0 6
27.011 1 DESIRED 0. 0.02 0. 0. 0. 235. 0. 12.
27.040 1 NAVIGATION 0 2 16621114. -5529002. 0. 3.06831289221e+14 0 0
27.063 1 DOWNLINK_STATUS 0 27 14932 683 1 516. 23. 37.62
27.113 1 PPRZ_MODE 2 0 0 0 0 6
27.119 1 GPS 0 1717368064 0 0 -17000 0 0 0 62000 14 13
27.122 1 SVINFO 13 28 16 1 0 -91 0
27.124 1 NAVIGATION_REF 552566 5529002 14
27.222 1 DESIRED 0. 0.02 0. 0. 0. 235. 0. 12.
27.225 1 ATTITUDE 0.055843 -0.880929 -0.035603
27.227 1 ESTIMATOR -17. 0.
27.231 1 ENERGY 3843.600098 0. 0 0.
27.289 1 NAVIGATION 0 2 16621114. -5529002. 0. 3.06831289221e+14 0 0
27.309 1 PPRZ_MODE 2 0 0 0 0 6
27.312 1 BAT 0 38436 0 0 1 29 0 0
27.315 1 GPS_SOL 649607424 100000 9999 0
27.411 1 DESIRED 0. 0.02 0. 0. 0. 235. 0. 12.
27.505 1 PPRZ_MODE 2 0 0 0 0 6
27.508 1 IMU_ACCEL 0.463867 -9.819336 0.344727
27.540 1 NAVIGATION 0 2 16621114. -5529002. 0. 3.06831289221e+14 0 0
27.621 1 DESIRED 0. 0.02 0. 0. 0. 235. 0. 12.
27.624 1 IMU_GYRO -0.052979 0.011475 -0.012695
27.627 1 IMU_MAG -0.193848 -0.040527 0.196289
27.629 1 DL_VALUE 8 0.
27.700 1 PPRZ_MODE 2 0 0 0 0 6
27.790 1 FBW_STATUS 2 0 1 38436 0
27.795 1 NAVIGATION 0 2 16621114. -5529002. 0. 3.06831289221e+14 0 0
27.812 1 DESIRED 0. 0.02 0. 0. 0. 235. 0. 12.
27.887 1 COMMANDS 0,-1173,547,0,0,0
27.902 1 PPRZ_MODE 2 0 0 0 0 6
27.986 1 ACTUATORS 1382,1638,1496,1458,1350
28.011 1 DESIRED 0. 0.02 0. 0. 0. 235. 0. 12.
28.040 1 NAVIGATION 0 2 16621114. -5529002. 0. 3.06831289221e+14 0 0
28.064 1 DOWNLINK_STATUS 0 28 15554 712 1 622. 29. 37.62
28.110 1 PPRZ_MODE 2 0 0 0 0 6
28.116 1 GPS 0 1717368064 0 0 -17000 0 0 0 63000 14 14
28.119 1 SVINFO 14 29 16 1 0 -91 0
28.216 1 DESIRED 0. 0.02 0. 0. 0. 235. 0. 12.
28.219 1 ATTITUDE 0.05596 -0.880209 -0.035447
28.221 1 STATE_FILTER_STATUS 3 0
28.289 1 NAVIGATION 0 2 16621114. -5529002. 0. 3.06831289221e+14 0 0
28.303 1 PPRZ_MODE 2 0 0 0 0 6
28.416 1 DESIRED 0. 0.02 0. 0. 0. 235. 0. 12.
28.419 1 BAT 0 38436 0 0 1 30 0 0
28.504 1 PPRZ_MODE 2 0 0 0 0 6
28.507 1 IMU_ACCEL 0.473633 -9.842773 0.402344
28.539 1 NAVIGATION 0 2 16621114. -5529002. 0. 3.06831289221e+14 0 0
28.615 1 DESIRED 0. 0.02 0. 0. 0. 235. 0. 12.
28.618 1 IMU_GYRO -0.048828 0.009521 -0.011475
28.701 1 PPRZ_MODE 2 0 0 0 0 6
28.789 1 NAVIGATION 0 2 16621114. -5529002. 0. 3.06831289221e+14 0 0
28.813 1 DESIRED 0. 0.02 0. 0. 0. 235. 0. 12.
28.815 1 CALIBRATION 0. 0
28.905 1 PPRZ_MODE 2 0 0 0 0 6
28.908 1 IMU_MAG -0.187012 -0.04248 0.186523
29.011 1 DESIRED 0. 0.02 0. 0. 0. 235. 0. 12.
29.039 1 NAVIGATION 0 2 16621114. -5529002. 0. 3.06831289221e+14 0 0
29.065 1 DOWNLINK_STATUS 0 29 16068 735 1 514. 23. 37.62
29.113 1 PPRZ_MODE 2 0 0 0 0 6
29.119 1 GPS 0 1717368064 0 0 -17000 0 0 0 64000 14 15
29.121 1 SVINFO 15 32 16 1 0 -91 0
29.123 1 DL_VALUE 9 1.
29.218 1 DESIRED 0. 0.02 0. 0. 0. 235. 0. 12.
29.221 1 ATTITUDE 0.055984 -0.880757 -0.0355
29.223 1 ESTIMATOR -17. 0.
29.289 1 NAVIGATION 0 2 16621114. -5529002. 0. 3.06831289221e+14 0 0
29.304 1 PPRZ_MODE 2 0 0 0 0 6
29.307 1 GPS_SOL 649613248 100000 9999 0
29.411 1 DESIRED 0. 0.02 0. 0. 0. 235. 0. 12.
29.509 1 PPRZ_MODE 2 0 0 0 0 6
29.512 1 IMU_ACCEL 0.516602 -9.837891 0.339844
29.515 1 BAT 0 38461 0 0 1 31 0 0
29.539 1 NAVIGATION 0 2 16621114. -5529002. 0. 3.06831289221e+14 0 0
29.614 1 DESIRED 0. 0.02 0. 0. 0. 235. 0. 12.
29.618 1 IMU_GYRO -0.048828 0.008301 -0.010498
29.705 1 PPRZ_MODE 2 0 0 0 0 6
29.708 1 ENERGY 3843.600098 0. 0 0.
29.791 1 FBW_STATUS 2 0 1 38436 0
29.795 1 NAVIGATION 0 2 16621114. -5529002. 0. 3.06831289221e+14 0 0
29.816 1 DESIRED 0. 0.02 0. 0. 0. 235. 0. 12.
29.820 1 ALIVE 34,130,195,82,38,132,87,181,96,132,135,154,119,246,6,48
29.900 1 PPRZ_MODE 2 0 0 0 0 6
30.010 1 DESIRED 0. 0.02 0. 0. 0. 235. 0. 12.
30.039 1 NAVIGATION 0 2 16621114. -5529002. 0. 3.06831289221e+14 0 0
30.066 1 DOWNLINK_STATUS 0 30 16644 761 1 576. 26. 37.62
30.111 1 PPRZ_MODE 2 0 0 0 0 6
30.116 1 GPS 0 1717368064 0 0 -17000 0 0 0 65000 14 16
30.119 1 SVINFO 0 3 16 1 0 -91 0
30.224 1 DESIRED 0. 0.02 0. 0. 0. 235. 0. 12.
30.227 1 ATTITUDE 0.056113 -0.880129 -0.035392
30.230 1 IMU_MAG -0.185547 -0.04248 0.202148
30.235 1 NAVIGATION 0 2 16621114. -5529002. 0. 3.06831289221e+14 0 0
30.289 1 NAVIGATION 0 2 16621114. -5529002. 0. 3.06831289221e+14 0 0
30.303 1 PPRZ_MODE 2 0 0 0 0 6
30.413 1 DESIRED 0. 0.02 0. 0. 0. 235. 0. 12.
30.414 1 STATE_FILTER_STATUS 3 0
30.504 1 PPRZ_MODE 2 0 0 0 0 6
30.507 1 IMU_ACCEL 0.498047 -9.824219 0.363281
30.539 1 NAVIGATION 0 2 16621114. -5529002. 0. 3.06831289221e+14 0 0
30.586 1 PONG 
30.624 1 DESIRED 0. 0.02 0. 0. 0. 235. 0. 12.
30.627 1 IMU_GYRO -0.048828 0.009521 -0.011475
30.631 1 BAT 0 38436 0 0 1 32 0 0
30.632 1 DL_VALUE 10 0.
30.634 1 DOWNLINK 0 568 838
30.701 1 PPRZ_MODE 2 0 0 0 0 6
30.789 1 NAVIGATION 0 2 16621114. -5529002. 0. 3.06831289221e+14 0 0
30.811 1 DESIRED 0. 0.02 0. 0. 0. 235. 0. 12.
30.903 1 PPRZ_MODE 2 0 0 0 0 6
30.905 1 CALIBRATION 0. 0
31.010 1 DESIRED 0. 0.02 0. 0. 0. 235. 0. 12.
31.039 1 NAVIGATION 0 2 16621114. -5529002. 0. 3.06831289221e+14 0 0
31.066 1 DOWNLINK_STATUS 0 31 17212 788 1 568. 27. 38.56
31.111 1 PPRZ_MODE 2 0 0 0 0 6
31.116 1 GPS 0 1717368064 0 0 -17000 0 0 0 66000 14 1
31.119 1 SVINFO 1 4 16 1 0 -91 0
31.218 1 DESIRED 0. 0.02 0. 0. 0. 235. 0. 12.
31.221 1 ATTITUDE 0.05611 -0.879556 -0.035413
31.223 1 ESTIMATOR -17. 0.
31.290 1 NAVIGATION 0 2 16621114. -5529002. 0. 3.06831289221e+14 0 0
31.304 1 PPRZ_MODE 2 0 0 0 0 6
31.307 1 GPS_SOL 649619264 100000 9999 0
31.410 1 DESIRED 0. 0.02 0. 0. 0. 235. 0. 12.
31.508 1 PPRZ_MODE 2 0 0 0 0 6
31.511 1 IMU_ACCEL 0.53125 -9.862305 0.358398
31.514 1 IMU_MAG -0.19043 -0.040527 0.18457
31.539 1 NAVIGATION 0 2 16621114. -5529002. 0. 3.06831289221e+14 0 0
31.615 1 DESIRED 0. 0.02 0. 0. 0. 235. 0. 12.
31.618 1 IMU_GYRO -0.049805 0.008301 -0.011475
31.705 1 PPRZ_MODE 2 0 0 0 0 6
31.709 1 BAT 0 38436 0 0 1 33 0 0
31.790 1 FBW_STATUS 2 0 1 38436 0
31.794 1 NAVIGATION 0 2 16621114. -5529002. 0. 3.06831289221e+14 0 0
31.812 1 DESIRED 0. 0.02 0. 0. 0. 235. 0. 12.
31.900 1 PPRZ_MODE 2 0 0 0 0 6
32.010 1 DESIRED 0. 0.02 0. 0. 0. 235. 0. 12.
32.039 1 NAVIGATION 0 2 16621114. -5529002. 0. 3.06831289221e+14 0 0
32.067 1 DOWNLINK_STATUS 0 32 17752 812 1 540. 24. 38.56
32.113 1 PPRZ_MODE 2 0 0 0 0 6
32.119 1 GPS 0 1717368064 0 0 -17000 0 0 0 67000 14 2
32.121 1 SVINFO 2 6 16 1 0 -91 0
32.123 1 DL_VALUE 0 0.
32.219 1 DESIRED 0. 0.02 0. 0. 0. 235. 0. 12.
32.221 1 ATTITUDE 0.056218 -0.879061 -0.035243
32.225 1 ENERGY 3846.100098 0. 0 0.
32.289 1 NAVIGATION 0 2 16621114. -5529002. 0. 3.06831289221e+14 0 0
32.302 1 PPRZ_MODE 2 0 0 0 0 6
32.410 1 DESIRED 0. 0.02 0. 0. 0. 235. 0. 12.
32.504 1 PPRZ_MODE 2 0 0 0 0 6
32.508 1 IMU_ACCEL 0.493164 -9.837891 0.31543
32.539 1 NAVIGATION 0 2 16621114. -5529002. 0. 3.06831289221e+14 0 0
32.616 1 DESIRED 0. 0.02 0. 0. 0. 235. 0. 12.
32.620 1 IMU_GYRO -0.047852 0.008301 -0.012695
32.621 1 STATE_FILTER_STATUS 3 0
32.701 1 PPRZ_MODE 2 0 0 0 0 6
32.789 1 NAVIGATION 0 2 16621114. -5529002. 0. 3.06831289221e+14 0 0
32.819 1 DESIRED 0. 0.02 0. 0. 0. 235. 0. 12.
32.822 1 BAT 0 38436 0 0 1 35 0 0
32.825 1 IMU_MAG -0.188965 -0.037109 0.196289
32.886 1 COMMANDS 0,-1175,555,0,0,0
32.903 1 PPRZ_MODE 2 0 0 0 0 6
32.986 1 ACTUATORS 1382,1637,1496,1457,1350
33.013 1 DESIRED 0. 0.02 0. 0. 0. 235. 0. 12.
33.015 1 CALIBRATION 0. 0
33.039 1 NAVIGATION 0 2 16621114. -5529002. 0. 3.06831289221e+14 0 0
33.068 1 DOWNLINK_STATUS 0 33 18333 839 1 581. 27. 38.56
33.111 1 PPRZ_MODE 2 0 0 0 0 6
33.117 1 GPS 0 1717368064 0 0 -17000 0 0 0 68000 14 3
33.119 1 SVINFO 3 11 16 1 0 -91 0
33.217 1 DESIRED 0. 0.02 0. 0. 0. 235. 0. 12.
33.220 1 ATTITUDE 0.056242 -0.879219 -0.035256
33.222 1 ESTIMATOR -17. 0.
33.289 1 NAVIGATION 0 2 16621114. -5529002. 0. 3.06831289221e+14 0 0
33.304 1 PPRZ_MODE 2 0 0 0 0 6
33.307 1 GPS_SOL 649625472 100000 9999 0
33.410 1 DESIRED 0. 0.02 0. 0. 0. 235. 0. 12.
33.505 1 PPRZ_MODE 2 0 0 0 0 6
33.508 1 IMU_ACCEL 0.473633 -9.819336 0.382812
33.539 1 NAVIGATION 0 2 16621114. -5529002. 0. 3.06831289221e+14 0 0
33.617 1 DESIRED 0. 0.02 0. 0. 0. 235. 0. 12.
33.619 1 IMU_GYRO -0.049805 0.012695 -0.011475
33.621 1 DL_VALUE 1 0.
33.700 1 PPRZ_MODE 2 0 0 0 0 6
33.790 1 FBW_STATUS 2 0 1 38436 0
33.795 1 NAVIGATION 0 2 16621114. -5529002. 0. 3.06831289221e+14 0 0
33.812 1 DESIRED 0. 0.02 0. 0. 0. 235. 0. 12.
33.905 1 PPRZ_MODE 2 0 0 0 0 6
33.909 1 BAT 0 38436 0 0 1 36 0 0
34.011 1 DESIRED 0. 0.02 0. 0. 0. 235. 0. 12.
34.039 1 NAVIGATION 0 2 16621114. -5529002. 0. 3.06831289221e+14 0 0
34.069 1 DOWNLINK_STATUS 0 34 18866 863 1 533. 24. 38.56
34.114 1 PPRZ_MODE 2 0 0 0 0 6
34.120 1 GPS 0 1717368064 0 0 -17000 0 0 0 69000 14 4
34.122 1 SVINFO 4 11 16 1 0 -91 0
34.125 1 IMU_MAG -0.197266 -0.037109 0.211914
34.214 1 DESIRED 0. 0.02 0. 0. 0. 235. 0. 12.
34.217 1 ATTITUDE 0.056192 -0.879336 -0.035161
34.289 1 NAVIGATION 0 2 16621114. -5529002. 0. 3.06831289221e+14 0 0
34.303 1 PPRZ_MODE 2 0 0 0 0 6
34.411 1 DESIRED 0. 0.02 0. 0. 0. 235. 0. 12.
34.504 1 PPRZ_MODE 2 0 0 0 0 6
34.507 1 IMU_ACCEL 0.545898 -9.837891 0.37793
34.538 1 NAVIGATION 0 2 16621114. -5529002. 0. 3.06831289221e+14 0 0
34.614 1 DESIRED 0. 0.02 0. 0. 0. 235. 0. 12.
34.617 1 IMU_GYRO -0.049805 0.012695 -0.011475
34.705 1 PPRZ_MODE 2 0 0 0 0 6
34.708 1 ENERGY 3843.600098 0. 0 0.
34.789 1 NAVIGATION 0 2 16621114. -5529002. 0. 3.06831289221e+14 0 0
34.817 1 DESIRED 0. 0.02 0. 0. 0. 235. 0. 12.
34.819 1 STATE_FILTER_STATUS 3 0
34.823 1 ALIVE 34,130,195,82,38,132,87,181,96,132,135,154,119,246,6,48
34.900 1 PPRZ_MODE 2 0 0 0 0 6
35.015 1 DESIRED 0. 0.02 0. 0. 0. 235. 0. 12.
35.018 1 BAT 0 38436 0 0 1 37 0 0
35.039 1 NAVIGATION 0 2 16621114. -5529002. 0. 3.06831289221e+14 0 0
35.070 1 DOWNLINK_STATUS 0 35 19412 887 1 546. 24. 38.56
35.115 1 PPRZ_MODE 2 0 0 0 0 6
35.121 1 GPS 0 1717368064 0 0 -17000 0 0 0 70000 14 5
35.123 1 SVINFO 5 19 16 1 0 -91 0
35.125 1 DL_VALUE 2 235.
35.127 1 CALIBRATION 0. 0
35.217 1 DESIRED 0. 0.02 0. 0. 0. 235. 0. 12.
35.220 1 ATTITUDE 0.056141 -0.880012 -0.036091
35.223 1 ESTIMATOR -17. 0.
35.270 1 WIND_INFO 1 42 0. 0. 0.
35.289 1 NAVIGATION 0 2 16621114. -5529002. 0. 3.06831289221e+14 0 0
35.343 1 PPRZ_MODE 2 0 0 0 0 6
35.345 1 GPS_SOL 649631808 100000 9999 0
35.415 1 DESIRED 0. 0.02 0. 0. 0. 235. 0. 12.
35.417 1 IMU_MAG -0.187012 -0.040527 0.186523
35.504 1 PPRZ_MODE 2 0 0 0 0 6
35.507 1 IMU_ACCEL 0.541016 -9.847656 0.454102
35.539 1 NAVIGATION 0 2 16621114. -5529002. 0. 3.06831289221e+14 0 0
35.585 1 PONG 
35.614 1 DESIRED 0. 0.02 0. 0. 0. 235. 0. 12.
35.617 1 IMU_GYRO -0.048828 0.007324 -0.011475
35.703 1 PPRZ_MODE 2 0 0 0 0 6
35.705 1 DOWNLINK 0 542 965
35.790 1 FBW_STATUS 2 0 1 38436 0
35.795 1 NAVIGATION 0 2 16621114. -5529002. 0. 3.06831289221e+14 0 0
35.812 1 DESIRED 0. 0.02 0. 0. 0. 235. 0. 12.
35.900 1 PPRZ_MODE 2 0 0 0 0 6
36.010 1 DESIRED 0. 0.02 0. 0. 0. 235. 0. 12.
36.039 1 NAVIGATION 0 2 16621114. -5529002. 0. 3.06831289221e+14 0 0
36.071 1 DOWNLINK_STATUS 0 36 19970 914 1 558. 27. 37.68
36.118 1 PPRZ_MODE 2 0 0 0 0 6
36.124 1 GPS 0 1717368064 0 0 -17000 0 0 0 71000 14 6
36.126 1 SVINFO 6 20 16 1 0 -91 0
36.130 1 BAT 0 38436 0 0 1 38 0 0
36.132 1 NAVIGATION_REF 552566 5529002 14
36.214 1 DESIRED 0. 0.02 0. 0. 0. 235. 0. 12.
36.217 1 ATTITUDE 0.055865 -0.878944 -0.035726
36.289 1 NAVIGATION 0 2 16621114. -5529002. 0. 3.06831289221e+14 0 0
36.302 1 PPRZ_MODE 2 0 0 0 0 6
36.410 1 DESIRED 0. 0.02 0. 0. 0. 235. 0. 12.
36.504 1 PPRZ_MODE 2 0 0 0 0 6
36.507 1 IMU_ACCEL 0.50293 -9.80957 0.320312
36.539 1 NAVIGATION 0 2 16621114. -5529002. 0. 3.06831289221e+14 0 0
36.617 1 DESIRED 0. 0.02 0. 0. 0. 235. 0. 12.
36.620 1 IMU_GYRO -0.048828 0.009521 -0.011475
36.622 1 DL_VALUE 3 0.
36.704 1 PPRZ_MODE 2 0 0 0 0 6
36.707 1 IMU_MAG -0.193848 -0.040527 0.209961
36.789 1 NAVIGATION 0 2 16621114. -5529002. 0. 3.06831289221e+14 0 0
36.811 1 DESIRED 0. 0.02 0. 0. 0. 235. 0. 12.
36.900 1 PPRZ_MODE 2 0 0 0 0 6
37.012 1 DESIRED 0. 0.02 0. 0. 0. 235. 0. 12.
37.014 1 STATE_FILTER_STATUS 3 0
37.039 1 NAVIGATION 0 2 16621114. -5529002. 0. 3.06831289221e+14 0 0
37.071 1 DOWNLINK_STATUS 0 37 20499 938 1 529. 24. 37.68
37.110 1 PPRZ_MODE 2 0 0 0 0 6
37.116 1 GPS 0 1717368064 0 0 -17000 0 0 0 72000 14 7
37.119 1 SVINFO 7 21 16 1 0 -91 0
37.229 1 DESIRED 0. 0.02 0. 0. 0. 235. 0. 12.
37.231 1 ATTITUDE 0.05563 -0.880074 -0.035693
37.234 1 BAT 0 38436 0 0 1 39 0 0
37.237 1 ESTIMATOR -17. 0.
37.239 1 CALIBRATION 0. 0
37.242 1 ENERGY 3843.600098 0. 0 0.
37.288 1 NAVIGATION 0 2 16621114. -5529002. 0. 3.06831289221e+14 0 0
37.304 1 PPRZ_MODE 2 0 0 0 0 6
37.307 1 GPS_SOL 649638336 100000 9999 0
37.410 1 DESIRED 0. 0.02 0. 0. 0. 235. 0. 12.
37.504 1 PPRZ_MODE 2 0 0 0 0 6
37.507 1 IMU_ACCEL 0.488281 -9.842773 0.387695
37.539 1 NAVIGATION 0 2 16621114. -5529002. 0. 3.06831289221e+14 0 0
37.615 1 DESIRED 0. 0.02 0. 0. 0. 235. 0. 12.
37.618 1 IMU_GYRO -0.049805 0.010498 -0.011475
37.700 1 PPRZ_MODE 2 0 0 0 0 6
37.790 1 FBW_STATUS 2 0 1 38436 0
37.794 1 NAVIGATION 0 2 16621114. -5529002. 0. 3.06831289221e+14 0 0
37.811 1 DESIRED 0. 0.02 0. 0. 0. 235. 0. 12.
37.886 1 COMMANDS 0,-1168,596,0,0,0
37.901 1 PPRZ_MODE 2 0 0 0 0 6
37.986 1 ACTUATORS 1382,1636,1497,1458,1350
38.014 1 DESIRED 0. 0.02 0. 0. 0. 235. 0. 12.
38.018 1 IMU_MAG -0.188965 -0.039062 0.19043
38.039 1 NAVIGATION 0 2 16621114. -5529002. 0. 3.06831289221e+14 0 0
38.072 1 DOWNLINK_STATUS 0 38 21106 966 1 607. 28. 37.68
38.112 1 PPRZ_MODE 2 0 0 0 0 6
38.118 1 GPS 0 1717368064 0 0 -17000 0 0 0 73000 14 8
38.120 1 SVINFO 8 22 16 1 0 -91 0
38.122 1 DL_VALUE 4 0.
38.214 1 DESIRED 0. 0.02 0. 0. 0. 235. 0. 12.
38.217 1 ATTITUDE 0.055446 -0.879884 -0.035839
38.289 1 NAVIGATION 0 2 16621114. -5529002. 0. 3.06831289221e+14 0 0
38.305 1 PPRZ_MODE 2 0 0 0 0 6
38.308 1 BAT 0 38436 0 0 1 40 0 0
38.410 1 DESIRED 0. 0.02 0. 0. 0. 235. 0. 12.
38.503 1 PPRZ_MODE 2 0 0 0 0 6
38.508 1 IMU_ACCEL 0.521484 -9.862305 0.358398
38.539 1 NAVIGATION 0 2 16621114. -5529002. 0. 3.06831289221e+14 0 0
38.615 1 DESIRED 0. 0.02 0. 0. 0. 235. 0. 12.
38.617 1 IMU_GYRO -0.051025 0.011475 -0.013672
38.700 1 PPRZ_MODE 2 0 0 0 0 6
38.789 1 NAVIGATION 0 2 16621114. -5529002. 0. 3.06831289221e+14 0 0
38.810 1 DESIRED 0. 0.02 0. 0. 0. 235. 0. 12.
38.900 1 PPRZ_MODE 2 0 0 0 0 6
39.011 1 DESIRED 0. 0.02 0. 0. 0. 235. 0. 12.
39.038 1 NAVIGATION 0 2 16621114. -5529002. 0. 3.06831289221e+14 0 0
39.073 1 DOWNLINK_STATUS 0 39 21593 987 1 487. 21. 37.68
39.110 1 PPRZ_MODE 2 0 0 0 0 6
39.116 1 GPS 0 1717368064 0 0 -17000 0 0 0 74000 14 9
39.118 1 SVINFO 9 23 16 1 0 -91 0
39.219 1 DESIRED 0. 0.02 0. 0. 0. 235. 0. 12.
39.222 1 ATTITUDE 0.055268 -0.879827 -0.036046
39.224 1 ESTIMATOR -17. 0.
39.226 1 STATE_FILTER_STATUS 3 0
39.289 1 NAVIGATION 0 2 16621114. -5529002. 0. 3.06831289221e+14 0 0
39.310 1 PPRZ_MODE 2 0 0 0 0 6
39.313 1 IMU_MAG -0.181641 -0.040527 0.188477
39.316 1 GPS_SOL 649645120 100000 9999 0
39.318 1 CALIBRATION 0. 0
39.415 1 DESIRED 0. 0.02 0. 0. 0. 235. 0. 12.
39.418 1 BAT 0 38436 0 0 1 41 0 0
39.504 1 PPRZ_MODE 2 0 0 0 0 6
39.507 1 IMU_ACCEL 0.50293 -9.837891 0.37793
39.538 1 NAVIGATION 0 2 16621114. -5529002. 0. 3.06831289221e+14 0 0
39.616 1 DESIRED 0. 0.02 0. 0. 0. 235. 0. 12.
39.619 1 IMU_GYRO -0.049805 0.009521 -0.011475
39.621 1 DL_VALUE 5 0.
39.704 1 PPRZ_MODE 2 0 0 0 0 6
39.707 1 ENERGY 3843.600098 0. 0 0.
39.790 1 FBW_STATUS 2 0 1 38436 0
39.794 1 NAVIGATION 0 2 16621114. -5529002. 0. 3.06831289221e+14 0 0
39.815 1 DESIRED 0. 0.02 0. 0. 0. 235. 0. 12.
39.819 1 ALIVE 34,130,195,82,38,132,87,181,96,132,135,154,119,246,6,48
39.899 1 PPRZ_MODE 2 0 0 0 0 6
40.010 1 DESIRED 0. 0.02 0. 0. 0. 235. 0. 12.
40.038 1 NAVIGATION 0 2 16621114. -5529002. 0. 3.06831289221e+14 0 0
40.074 1 DOWNLINK_STATUS 0 40 22207 1016 1 614. 29. 37.68
40.110 1 PPRZ_MODE 2 0 0 0 0 6
40.116 1 GPS 0 1717368064 0 0 -17000 0 0 0 75000 14 10
40.118 1 SVINFO 10 24 16 1 0 -91 0
40.219 1 DESIRED 0. 0.02 0. 0. 0. 235. 0. 12.
40.223 1 ATTITUDE 0.055032 -0.879148 -0.036258
40.227 1 NAVIGATION 0 2 16621114. -5529002. 0. 3.06831289221e+14 0 0
40.289 1 NAVIGATION 0 2 16621114. -5529002. 0. 3.06831289221e+14 0 0
40.305 1 PPRZ_MODE 2 0 0 0 0 6
40.308 1 WP_MOVED 3 552665.875 5529094.5 260. 14
40.410 1 DESIRED 0. 0.02 0. 0. 0. 235. 0. 12.
40.508 1 PPRZ_MODE 2 0 0 0 0 6
40.511 1 IMU_ACCEL 0.526367 -9.837891 0.344727
40.515 1 BAT 0 38436 0 0 1 42 0 0
40.538 1 NAVIGATION 0 2 16621114. -5529002. 0. 3.06831289221e+14 0 0
40.590 1 PONG 
40.618 1 DESIRED 0. 0.02 0. 0. 0. 235. 0. 12.
40.621 1 IMU_GYRO -0.049805 0.009521 -0.010498
40.624 1 IMU_MAG -0.180176 -0.04248 0.188477
40.700 1 PPRZ_MODE 2 0 0 0 0 6
40.789 1 NAVIGATION 0 2 16621114. -5529002. 0. 3.06831289221e+14 0 0
40.813 1 DESIRED 0. 0.02 0. 0. 0. 235. 0. 12.
40.814 1 DOWNLINK 0 563 1095
40.900 1 PPRZ_MODE 2 0 0 0 0 6
41.010 1 DESIRED 0. 0.02 0. 0. 0. 235. 0. 12.
41.038 1 NAVIGATION 0 2 16621114. -5529002. 0. 3.06831289221e+14 0 0
41.074 1 DOWNLINK_STATUS 0 41 22764 1041 1 557. 25. 41.57
41.113 1 PPRZ_MODE 2 0 0 0 0 6
41.118 1 GPS 0 1717368064 0 0 -17000 0 0 0 76000 14 11
41.121 1 SVINFO 11 25 16 1 0 -91 0
41.123 1 DL_VALUE 6 80.
41.217 1 DESIRED 0. 0.02 0. 0. 0. 235. 0. 12.
41.219 1 ATTITUDE 0.05488 -0.877955 -0.036442
41.222 1 ESTIMATOR -17. 0.
41.288 1 NAVIGATION 0 2 16621114. -5529002. 0. 3.06831289221e+14 0 0
41.303 1 PPRZ_MODE 2 0 0 0 0 6
41.306 1 GPS_SOL 649651968 100000 9999 0
41.414 1 DESIRED 0. 0.02 0. 0. 0. 235. 0. 12.
41.416 1 CALIBRATION 0. 0
41.418 1 STATE_FILTER_STATUS 3 0
41.504 1 PPRZ_MODE 2 0 0 0 0 6
41.507 1 IMU_ACCEL 0.516602 -9.829102 0.320312
41.539 1 NAVIGATION 0 2 16621114. -5529002. 0. 3.06831289221e+14 0 0
41.618 1 DESIRED 0. 0.02 0. 0. 0. 235. 0. 12.
41.621 1 IMU_GYRO -0.049805 0.009521 -0.010498
41.625 1 BAT 0 38436 0 0 1 43 0 0
41.699 1 PPRZ_MODE 2 0 0 0 0 6
41.789 1 FBW_STATUS 2 0 1 38436 0
41.794 1 NAVIGATION 0 2 16621114. -5529002. 0. 3.06831289221e+14 0 0
41.811 1 DESIRED 0. 0.02 0. 0. 0. 235. 0. 12.
41.904 1 PPRZ_MODE 2 0 0 0 0 6
41.907 1 IMU_MAG -0.185547 -0.040527 0.186523
42.010 1 DESIRED 0. 0.02 0. 0. 0. 235. 0. 12.
42.039 1 NAVIGATION 0 2 16621114. -5529002. 0. 3.06831289221e+14 0 0
42.075 1 DOWNLINK_STATUS 0 42 23335 1068 1 571. 27. 41.57
42.109 1 PPRZ_MODE 2 0 0 0 0 6
42.116 1 GPS 0 1717368064 0 0 -17000 0 0 0 77000 14 12
42.117 1 SVINFO 12 26 16 1 0 -91 0
42.218 1 DESIRED 0. 0.02 0. 0. 0. 235. 0. 12.
42.221 1 ATTITUDE 0.054807 -0.877666 -0.036607
42.224 1 ENERGY 3843.600098 0. 0 0.
42.288 1 NAVIGATION 0 2 16621114. -5529002. 0. 3.06831289221e+14 0 0
42.302 1 PPRZ_MODE 2 0 0 0 0 6
42.410 1 DESIRED 0. 0.02 0. 0. 0. 235. 0. 12.
42.504 1 PPRZ_MODE 2 0 0 0 0 6
42.507 1 IMU_ACCEL 0.521484 -9.852539 0.344727
42.539 1 NAVIGATION 0 2 16621114. -5529002. 0. 3.06831289221e+14 0 0
42.616 1 DESIRED 0. 0.02 0. 0. 0. 235. 0. 12.
42.620 1 IMU_GYRO -0.047852 0.007324 -0.010498
42.620 1 DL_VALUE 7 2.
42.704 1 PPRZ_MODE 2 0 0 0 0 6
42.707 1 BAT 0 38436 0 0 1 44 0 0
42.788 1 NAVIGATION 0 2 16621114. -5529002. 0. 3.06831289221e+14 0 0
42.810 1 DESIRED 0. 0.02 0. 0. 0. 235. 0. 12.
42.886 1 COMMANDS 0,-1147,590,0,0,0
42.901 1 PPRZ_MODE 2 0 0 0 0 6
42.985 1 ACTUATORS 1382,1637,1497,1459,1350
43.010 1 DESIRED 0. 0.02 0. 0. 0. 235. 0. 12.
43.039 1 NAVIGATION 0 2 16621114. -5529002. 0. 3.06831289221e+14 0 0
43.076 1 DOWNLINK_STATUS 0 43 23878 1092 1 543. 24. 41.57
43.109 1 PPRZ_MODE 2 0 0 0 0 6
43.116 1 GPS 0 1717368064 0 0 -17000 0 0 0 78000 14 13
43.117 1 SVINFO 13 27 16 1 0 -91 0
43.220 1 DESIRED 0. 0.02 0. 0. 0. 235. 0. 12.
43.223 1 ATTITUDE 0.054547 -0.878263 -0.036839
43.226 1 IMU_MAG -0.187012 -0.04541 0.19043
43.229 1 ESTIMATOR -17. 0.
43.288 1 NAVIGATION 0 2 16621114. -5529002. 0. 3.06831289221e+14 0 0
43.303 1 PPRZ_MODE 2 0 0 0 0 6
43.306 1 GPS_SOL 649659072 100000 9999 0
43.410 1 DESIRED 0. 0.02 0. 0. 0. 235. 0. 12.
43.506 1 PPRZ_MODE 2 0 0 0 0 6
43.509 1 IMU_ACCEL 0.53125 -9.833008 0.330078
43.511 1 CALIBRATION 0. 0
43.539 1 NAVIGATION 0 2 16621114. -5529002. 0. 3.06831289221e+14 0 0
43.616 1 DESIRED 0. 0.02 0. 0. 0. 235. 0. 12.
43.618 1 IMU_GYRO -0.046631 0.008301 -0.010498
43.620 1 STATE_FILTER_STATUS 3 0
43.699 1 PPRZ_MODE 2 0 0 0 0 6
43.789 1 FBW_STATUS 2 0 1 38436 0
43.794 1 NAVIGATION 0 2 16621114. -5529002. 0. 3.06831289221e+14 0 0
43.814 1 DESIRED 0. 0.02 0. 0. 0. 235. 0. 12.
43.818 1 BAT 0 38436 0 0 1 46 0 0
43.900 1 PPRZ_MODE 2 0 0 0 0 6
44.010 1 DESIRED 0. 0.02 0. 0. 0. 235. 0. 12.
44.039 1 NAVIGATION 0 2 16621114. -5529002. 0. 3.06831289221e+14 0 0
44.077 1 DOWNLINK_STATUS 0 44 24438 1118 1 560. 26. 41.57
44.112 1 PPRZ_MODE 2 0 0 0 0 6
44.117 1 GPS 0 1717368064 0 0 -17000 0 0 0 79000 14 14
44.120 1 SVINFO 14 28 16 1 0 -91 0
44.122 1 DL_VALUE 8 0.
44.213 1 DESIRED 0. 0.02 0. 0. 0. 235. 0. 12.
44.216 1 ATTITUDE 0.054591 -0.877812 -0.036945
44.288 1 NAVIGATION 0 2 16621114. -5529002. 0. 3.06831289221e+14 0 0
44.302 1 PPRZ_MODE 2 0 0 0 0 6
44.410 1 DESIRED 0. 0.02 0. 0. 0. 235. 0. 12.
44.507 1 PPRZ_MODE 2 0 0 0 0 6
44.510 1 IMU_ACCEL 0.50293 -9.847656 0.305664
44.513 1 IMU_MAG -0.193848 -0.04248 0.200195
44.538 1 NAVIGATION 0 2 16621114. -5529002. 0. 3.06831289221e+14 0 0
44.613 1 DESIRED 0. 0.02 0. 0. 0. 235. 0. 12.
44.616 1 IMU_GYRO -0.048828 0.010498 -0.012695
44.704 1 PPRZ_MODE 2 0 0 0 0 6
44.707 1 ENERGY 3843.600098 0. 0 0.
44.788 1 NAVIGATION 0 2 16621114. -5529002. 0. 3.06831289221e+14 0 0
44.815 1 DESIRED 0. 0.02 0. 0. 0. 235. 0. 12.
44.819 1 ALIVE 34,130,195,82,38,132,87,181,96,132,135,154,119,246,6,48
44.904 1 PPRZ_MODE 2 0 0 0 0 6
44.907 1 BAT 0 38436 0 0 1 47 0 0
45.009 1 DESIRED 0. 0.02 0. 0. 0. 235. 0. 12.
45.038 1 NAVIGATION 0 2 16621114. -5529002. 0. 3.06831289221e+14 0 0
45.078 1 DOWNLINK_STATUS 0 45 24986 1142 1 548. 24. 41.57
45.113 1 PPRZ_MODE 2 0 0 0 0 6
45.118 1 GPS 0 1717368064 0 0 -17000 0 0 0 80000 14 15
45.121 1 SVINFO 15 29 16 1 0 -91 0
45.123 1 NAVIGATION_REF 552566 5529002 14
45.217 1 DESIRED 0. 0.02 0. 0. 0. 235. 0. 12.
45.220 1 ATTITUDE 0.054567 -0.87823 -0.037087
45.222 1 ESTIMATOR -17. 0.
45.270 1 WIND_INFO 1 42 0. 0. 0.
45.289 1 NAVIGATION 0 2 16621114. -5529002. 0. 3.06831289221e+14 0 0
45.336 1 PPRZ_MODE 2 0 0 0 0 6
45.338 1 GPS_SOL 649666432 100000 9999 0
45.410 1 DESIRED 0. 0.02 0. 0. 0. 235. 0. 12.
45.503 1 PPRZ_MODE 2 0 0 0 0 6
45.506 1 IMU_ACCEL 0.516602 -9.833008 0.31543
45.538 1 NAVIGATION 0 2 16621114. -5529002. 0. 3.06831289221e+14 0 0
45.586 1 PONG 
45.618 1 DESIRED 0. 0.02 0. 0. 0. 235. 0. 12.
45.621 1 IMU_GYRO -0.048828 0.009521 -0.010498
45.623 1 DL_VALUE 9 1.
45.625 1 CALIBRATION 0. 0
45.700 1 PPRZ_MODE 2 0 0 0 0 6
45.789 1 FBW_STATUS 2 0 1 38436 0
45.794 1 NAVIGATION 0 2 16621114. -5529002. 0. 3.06831289221e+14 0 0
45.816 1 DESIRED 0. 0.02 0. 0. 0. 235. 0. 12.
45.818 1 IMU_MAG -0.19043 -0.037109 0.188477
45.819 1 STATE_FILTER_STATUS 3 0
45.901 1 PPRZ_MODE 2 0 0 0 0 6
45.903 1 DOWNLINK 0 552 1226
46.014 1 DESIRED 0. 0.02 0. 0. 0. 235. 0. 12.
46.018 1 BAT 0 38436 0 0 1 48 0 0
46.038 1 NAVIGATION 0 2 16621114. -5529002. 0. 3.06831289221e+14 0 0
46.079 1 DOWNLINK_STATUS 0 46 25589 1172 1 603. 30. 37.75
46.110 1 PPRZ_MODE 2 0 0 0 0 6
46.115 1 GPS 0 1717368064 0 0 -17000 0 0 0 81000 14 16
46.118 1 SVINFO 0 3 16 1 0 -91 0
46.214 1 DESIRED 0. 0.02 0. 0. 0. 235. 0. 12.
46.217 1 ATTITUDE 0.054402 -0.877583 -0.037161
46.289 1 NAVIGATION 0 2 16621114. -5529002. 0. 3.06831289221e+14 0 0
46.301 1 PPRZ_MODE 2 0 0 0 0 6
46.409 1 DESIRED 0. 0.02 0. 0. 0. 235. 0. 12.
46.503 1 PPRZ_MODE 2 0 0 0 0 6
46.506 1 IMU_ACCEL 0.521484 -9.819336 0.291992
46.538 1 NAVIGATION 0 2 16621114. -5529002. 0. 3.06831289221e+14 0 0
46.613 1 DESIRED 0. 0.02 0. 0. 0. 235. 0. 12.
46.617 1 IMU_GYRO -0.049805 0.010498 -0.011475
46.700 1 PPRZ_MODE 2 0 0 0 0 6
46.789 1 NAVIGATION 0 2 16621114. -5529002. 0. 3.06831289221e+14 0 0
46.810 1 DESIRED 0. 0.02 0. 0. 0. 235. 0. 12.
46.899 1 PPRZ_MODE 2 0 0 0 0 6
47.009 1 DESIRED 0. 0.02 0. 0. 0. 235. 0. 12.
47.038 1 NAVIGATION 0 2 16621114. -5529002. 0. 3.06831289221e+14 0 0
47.080 1 DOWNLINK_STATUS 0 47 26044 1191 1 455. 19. 37.75
47.120 1 PPRZ_MODE 2 0 0 0 0 6
47.126 1 GPS 0 1717368064 0 0 -17000 0 0 0 82000 14 1
47.129 1 SVINFO 1 5 16 1 0 -91 0
47.132 1 BAT 0 38436 0 0 1 49 0 0
47.135 1 IMU_MAG -0.19043 -0.043945 0.186523
47.137 1 DL_VALUE 10 0.
47.220 1 DESIRED 0. 0.02 0. 0. 0. 235. 0. 12.
47.223 1 ATTITUDE 0.05449 -0.877243 -0.037204
47.226 1 ESTIMATOR -17. 0.
47.229 1 ENERGY 3843.600098 0. 0 0.
47.288 1 NAVIGATION 0 2 16621114. -5529002. 0. 3.06831289221e+14 0 0
47.303 1 PPRZ_MODE 2 0 0 0 0 6
47.306 1 GPS_SOL 649673856 100000 9999 0
47.409 1 DESIRED 0. 0.02 0. 0. 0. 235. 0. 12.
47.503 1 PPRZ_MODE 2 0 0 0 0 6
47.506 1 IMU_ACCEL 0.536133 -9.857422 0.382812
47.538 1 NAVIGATION 0 2 16621114. -5529002. 0. 3.06831289221e+14 0 0
47.614 1 DESIRED 0. 0.02 0. 0. 0. 235. 0. 12.
47.617 1 IMU_GYRO -0.049805 0.009521 -0.010498
47.701 1 PPRZ_MODE 2 0 0 0 0 6
47.703 1 CALIBRATION 0. 0
47.789 1 FBW_STATUS 2 0 1 38436 0
47.793 1 NAVIGATION 0 2 16621114. -5529002. 0. 3.06831289221e+14 0 0
47.810 1 DESIRED 0. 0.02 0. 0. 0. 235. 0. 12.
47.885 1 COMMANDS 0,-1140,584,0,0,0
47.900 1 PPRZ_MODE 2 0 0 0 0 6
47.985 1 ACTUATORS 1382,1637,1498,1459,1350
48.011 1 DESIRED 0. 0.02 0. 0. 0. 235. 0. 12.
48.013 1 STATE_FILTER_STATUS 3 0
48.038 1 NAVIGATION 0 2 16621114. -5529002. 0. 3.06831289221e+14 0 0
48.080 1 DOWNLINK_STATUS 0 48 26671 1221 1 627. 30. 37.75
48.110 1 PPRZ_MODE 2 0 0 0 0 6
48.116 1 GPS 0 1717368064 0 0 -17000 0 0 0 83000 14 2
48.118 1 SVINFO 2 6 16 1 0 -91 0
48.218 1 DESIRED 0. 0.02 0. 0. 0. 235. 0. 12.
48.221 1 ATTITUDE 0.054307 -0.877043 -0.037386
48.224 1 BAT 0 38436 0 0 1 50 0 0
48.288 1 NAVIGATION 0 2 16621114. -5529002. 0. 3.06831289221e+14 0 0
48.302 1 PPRZ_MODE 2 0 0 0 0 6
48.413 1 DESIRED 0. 0.02 0. 0. 0. 235. 0. 12.
48.416 1 IMU_MAG -0.192383 -0.040527 0.204102
48.504 1 PPRZ_MODE 2 0 0 0 0 6
48.507 1 IMU_ACCEL 0.536133 -9.852539 0.353516
48.538 1 NAVIGATION 0 2 16621114. -5529002. 0. 3.06831289221e+14 0 0
48.616 1 DESIRED 0. 0.02 0. 0. 0. 235. 0. 12.
48.618 1 IMU_GYRO -0.046631 0.006348 -0.010498
48.620 1 DL_VALUE 0 0.
48.699 1 PPRZ_MODE 2 0 0 0 0 6
48.788 1 NAVIGATION 0 2 16621114. -5529002. 0. 3.06831289221e+14 0 0
48.809 1 DESIRED 0. 0.02 0. 0. 0. 235. 0. 12.
48.899 1 PPRZ_MODE 2 0 0 0 0 6
49.010 1 DESIRED 0. 0.02 0. 0. 0. 235. 0. 12.
49.038 1 NAVIGATION 0 2 16621114. -5529002. 0. 3.06831289221e+14 0 0
49.081 1 DOWNLINK_STATUS 0 49 27176 1243 1 505. 22. 37.75
49.109 1 PPRZ_MODE 2 0 0 0 0 6
49.115 1 GPS 0 1717368064 0 0 -17000 0 0 0 84000 14 3
49.117 1 SVINFO 3 8 16 1 0 -91 0
49.216 1 DESIRED 0. 0.02 0. 0. 0. 235. 0. 12.
49.219 1 ATTITUDE 0.054352 -0.876496 -0.037393
49.222 1 ESTIMATOR -17. 0.
49.288 1 NAVIGATION 0 2 16621114. -5529002. 0. 3.06831289221e+14 0 0
49.307 1 PPRZ_MODE 2 0 0 0 0 6
49.311 1 BAT 0 38436 0 0 1 51 0 0
49.314 1 GPS_SOL 649681472 100000 9999 0
49.410 1 DESIRED 0. 0.02 0. 0. 0. 235. 0. 12.
49.503 1 PPRZ_MODE 2 0 0 0 0 6
49.506 1 IMU_ACCEL 0.545898 -9.837891 0.349609
49.538 1 NAVIGATION 0 2 16621114. -5529002. 0. 3.06831289221e+14 0 0
49.613 1 DESIRED 0. 0.02 0. 0. 0. 235. 0. 12.
49.616 1 IMU_GYRO -0.048828 0.007324 -0.011475
49.707 1 PPRZ_MODE 2 0 0 0 0 6
49.711 1 IMU_MAG -0.188965 -0.039062 0.18457
49.714 1 ENERGY 3843.600098 0. 0 0.
49.789 1 FBW_STATUS 2 0 1 38436 0
49.794 1 NAVIGATION 0 2 16621114. -5529002. 0. 3.06831289221e+14 0 0
49.817 1 DESIRED 0. 0.02 0. 0. 0. 235. 0. 12.
49.819 1 CALIBRATION 0. 0
49.823 1 ALIVE 34,130,195,82,38,132,87,181,96,132,135,154,119,246,6,48
49.899 1 PPRZ_MODE 2 0 0 0 0 6
50.009 1 DESIRED 0. 0.02 0. 0. 0. 235. 0. 12.
50.038 1 NAVIGATION 0 2 16621114. -5529002. 0. 3.06831289221e+14 0 0
50.082 1 DOWNLINK_STATUS 0 50 27770 1270 1 594. 27. 37.75
50.112 1 PPRZ_MODE 2 0 0 0 0 6
50.117 1 GPS 0 1717368064 0 0 -17000 0 0 0 85000 14 4
50.120 1 SVINFO 4 11 16 1 0 -91 0
50.122 1 DL_VALUE 1 0.
50.221 1 DESIRED 0. 0.02 0. 0. 0. 235. 0. 12.
50.224 1 ATTITUDE 0.054247 -0.87658 -0.03743
50.225 1 STATE_FILTER_STATUS 3 0
50.230 1 NAVIGATION 0 2 16621114. -5529002. 0. 3.06831289221e+14 0 0
50.288 1 NAVIGATION 0 2 16621114. -5529002. 0. 3.06831289221e+14 0 0
50.302 1 PPRZ_MODE 2 0 0 0 0 6
50.414 1 DESIRED 0. 0.02 0. 0. 0. 235. 0. 12.
50.417 1 BAT 0 38436 0 0 1 52 0 0
50.503 1 PPRZ_MODE 2 0 0 0 0 6
50.506 1 IMU_ACCEL 0.541016 -9.837891 0.334961
50.538 1 NAVIGATION 0 2 16621114. -5529002. 0. 3.06831289221e+14 0 0
50.588 1 PONG 
50.613 1 DESIRED 0. 0.02 0. 0. 0. 235. 0. 12.
50.616 1 IMU_GYRO -0.048828 0.008301 -0.012695
50.699 1 PPRZ_MODE 2 0 0 0 0 6
50.788 1 NAVIGATION 0 2 16621114. -5529002. 0. 3.06831289221e+14 0 0
50.810 1 DESIRED 0. 0.02 0. 0. 0. 235. 0. 12.
50.899 1 PPRZ_MODE 2 0 0 0 0 6
51.015 1 DESIRED 0. 0.02 0. 0. 0. 235. 0. 12.
51.019 1 IMU_MAG -0.192383 -0.04248 0.182617
51.020 1 DOWNLINK 0 548 1352
51.038 1 NAVIGATION 0 2 16621114. -5529002. 0. 3.06831289221e+14 0 0
51.082 1 DOWNLINK_STATUS 0 51 28327 1296 1 557. 26. 38.5
51.109 1 PPRZ_MODE 2 0 0 0 0 6
51.115 1 GPS 0 1717368064 0 0 -17000 0 0 0 86000 14 5
51.118 1 SVINFO 5 11 16 1 0 -91 0
51.216 1 DESIRED 0. 0.02 0. 0. 0. 235. 0. 12.
51.220 1 ATTITUDE 0.054252 -0.877251 -0.037426
51.222 1 ESTIMATOR -17. 0.
51.288 1 NAVIGATION 0 2 16621114. -5529002. 0. 3.06831289221e+14 0 0
51.302 1 PPRZ_MODE 2 0 0 0 0 6
51.305 1 GPS_SOL 649689280 100000 9999 0
51.409 1 DESIRED 0. 0.02 0. 0. 0. 235. 0. 12.
51.507 1 PPRZ_MODE 2 0 0 0 0 6
51.511 1 IMU_ACCEL 0.536133 -9.833008 0.320312
51.514 1 BAT 0 38436 0 0 1 53 0 0
51.538 1 NAVIGATION 0 2 16621114. -5529002. 0. 3.06831289221e+14 0 0
51.616 1 DESIRED 0. 0.02 0. 0. 0. 235. 0. 12.
51.619 1 IMU_GYRO -0.047852 0.008301 -0.011475
51.621 1 DL_VALUE 2 235.
51.700 1 PPRZ_MODE 2 0 0 0 0 6
51.789 1 FBW_STATUS 2 0 1 38436 0
51.793 1 NAVIGATION 0 2 16621114. -5529002. 0. 3.06831289221e+14 0 0
51.811 1 DESIRED 0. 0.02 0. 0. 0. 235. 0. 12.
51.901 1 PPRZ_MODE 2 0 0 0 0 6
51.903 1 CALIBRATION 0. 0
52.009 1 DESIRED 0. 0.02 0. 0. 0. 235. 0. 12.
52.038 1 NAVIGATION 0 2 16621114. -5529002. 0. 3.06831289221e+14 0 0
52.083 1 DOWNLINK_STATUS 0 52 28871 1321 1 544. 25. 38.5
52.109 1 PPRZ_MODE 2 0 0 0 0 6
52.115 1 GPS 0 1717368064 0 0 -17000 0 0 0 87000 14 6
52.118 1 SVINFO 6 15 16 1 0 -91 0
52.218 1 DESIRED 0. 0.02 0. 0. 0. 235. 0. 12.
52.221 1 ATTITUDE 0.054263 -0.877484 -0.037314
52.224 1 ENERGY 3843.600098 0. 0 0.
52.287 1 NAVIGATION 0 2 16621114. -5529002. 0. 3.06831289221e+14 0 0
52.303 1 PPRZ_MODE 2 0 0 0 0 6
52.306 1 IMU_MAG -0.183594 -0.04248 0.198242
52.411 1 DESIRED 0. 0.02 0. 0. 0. 235. 0. 12.
52.413 1 STATE_FILTER_STATUS 3 0
52.503 1 PPRZ_MODE 2 0 0 0 0 6
52.506 1 IMU_ACCEL 0.536133 -9.824219 0.353516
52.538 1 NAVIGATION 0 2 16621114. -5529002. 0. 3.06831289221e+14 0 0
52.618 1 DESIRED 0. 0.02 0. 0. 0. 235. 0. 12.
52.621 1 IMU_GYRO -0.048828 0.008301 -0.011475
52.625 1 BAT 0 38436 0 0 1 54 0 0
52.699 1 PPRZ_MODE 2 0 0 0 0 6
52.788 1 NAVIGATION 0 2 16621114. -5529002. 0. 3.06831289221e+14 0 0
52.809 1 DESIRED 0. 0.02 0. 0. 0. 235. 0. 12.
52.885 1 COMMANDS 0,-1142,593,0,0,0
52.900 1 PPRZ_MODE 2 0 0 0 0 6
52.984 1 ACTUATORS 1382,1638,1497,1459,1350
53.009 1 DESIRED 0. 0.02 0. 0. 0. 235. 0. 12.
53.038 1 NAVIGATION 0 2 16621114. -5529002. 0. 3.06831289221e+14 0 0
53.084 1 DOWNLINK_STATUS 0 53 29430 1346 1 559. 25. 38.5
53.112 1 PPRZ_MODE 2 0 0 0 0 6
53.118 1 GPS 0 1717368064 0 0 -17000 0 0 0 88000 14 7
53.119 1 SVINFO 7 19 16 1 0 -91 0
53.121 1 DL_VALUE 3 0.
53.216 1 DESIRED 0. 0.02 0. 0. 0. 235. 0. 12.
53.219 1 ATTITUDE 0.054361 -0.878723 -0.037357
53.221 1 ESTIMATOR -17. 0.
53.288 1 NAVIGATION 0 2 16621114. -5529002. 0. 3.06831289221e+14 0 0
53.303 1 PPRZ_MODE 2 0 0 0 0 6
53.306 1 GPS_SOL 649697408 100000 9999 0
53.409 1 DESIRED 0. 0.02 0. 0. 0. 235. 0. 12.
53.503 1 PPRZ_MODE 2 0 0 0 0 6
53.506 1 IMU_ACCEL 0.521484 -9.824219 0.320312
53.538 1 NAVIGATION 0 2 16621114. -5529002. 0. 3.06831289221e+14 0 0
53.617 1 DESIRED 0. 0.02 0. 0. 0. 235. 0. 12.
53.620 1 IMU_GYRO -0.048828 0.008301 -0.011475
53.623 1 IMU_MAG -0.193848 -0.039062 0.198242
53.703 1 PPRZ_MODE 2 0 0 0 0 6
53.707 1 BAT 0 38436 0 0 1 55 0 0
53.789 1 FBW_STATUS 2 0 1 38436 0
53.793 1 NAVIGATION 0 2 16621114. -5529002. 0. 3.06831289221e+14 0 0
53.810 1 DESIRED 0. 0.02 0. 0. 0. 235. 0. 12.
53.899 1 PPRZ_MODE 2 0 0 0 0 6
54.012 1 DESIRED 0. 0.02 0. 0. 0. 235. 0. 12.
54.013 1 CALIBRATION 0. 0
54.038 1 NAVIGATION 0 2 16621114. -5529002. 0. 3.06831289221e+14 0 0
54.085 1 DOWNLINK_STATUS 0 54 29992 1372 1 562. 26. 38.5
54.112 1 PPRZ_MODE 2 0 0 0 0 6
54.118 1 GPS 0 1717368064 0 0 -17000 0 0 0 89000 14 8
54.120 1 SVINFO 8 21 16 1 0 -91 0
54.123 1 NAVIGATION_REF 552566 5529002 14
54.213 1 DESIRED 0. 0.02 0. 0. 0. 235. 0. 12.
54.216 1 ATTITUDE 0.054231 -0.878804 -0.037241
54.288 1 NAVIGATION 0 2 16621114. -5529002. 0. 3.06831289221e+14 0 0
54.302 1 PPRZ_MODE 2 0 0 0 0 6
54.409 1 DESIRED 0. 0.02 0. 0. 0. 235. 0. 12.
54.502 1 PPRZ_MODE 2 0 0 0 0 6
54.505 1 IMU_ACCEL 0.53125 -9.776367 0.373047
54.537 1 NAVIGATION 0 2 16621114. -5529002. 0. 3.06831289221e+14 0 0
54.617 1 DESIRED 0. 0.02 0. 0. 0. 235. 0. 12.
54.620 1 IMU_GYRO -0.046631 0.008301 -0.011475
54.622 1 DL_VALUE 4 0.
54.623 1 STATE_FILTER_STATUS 3 0
54.703 1 PPRZ_MODE 2 0 0 0 0 6
54.707 1 ENERGY 3843.600098 0. 0 0.
54.788 1 NAVIGATION 0 2 16621114. -5529002. 0. 3.06831289221e+14 0 0
54.819 1 DESIRED 0. 0.02 0. 0. 0. 235. 0. 12.
54.822 1 BAT 0 38436 0 0 1 57 0 0
54.826 1 ALIVE 34,130,195,82,38,132,87,181,96,132,135,154,119,246,6,48
54.903 1 PPRZ_MODE 2 0 0 0 0 6
54.906 1 IMU_MAG -0.200684 -0.037109 0.198242
55.010 1 DESIRED 0. 0.02 0. 0. 0. 235. 0. 12.
55.037 1 NAVIGATION 0 2 16621114. -5529002. 0. 3.06831289221e+14 0 0
55.086 1 DOWNLINK_STATUS 0 55 30564 1398 1 572. 26. 38.5
55.109 1 PPRZ_MODE 2 0 0 0 0 6
55.115 1 GPS 0 1717368064 0 0 -17000 0 0 0 90000 14 9
55.117 1 SVINFO 9 22 16 1 0 -91 0
55.216 1 DESIRED 0. 0.02 0. 0. 0. 235. 0. 12.
55.219 1 ATTITUDE 0.0544 -0.879104 -0.037078
55.221 1 ESTIMATOR -17. 0.
55.270 1 WIND_INFO 1 42 0. 0. 0.
55.288 1 NAVIGATION 0 2 16621114. -5529002. 0. 3.06831289221e+14 0 0
55.338 1 PPRZ_MODE 2 0 0 0 0 6
55.341 1 GPS_SOL 649705600 100000 9999 0
55.410 1 DESIRED 0. 0.02 0. 0. 0. 235. 0. 12.
55.502 1 PPRZ_MODE 2 0 0 0 0 6
55.506 1 IMU_ACCEL 0.526367 -9.824219 0.373047
55.537 1 NAVIGATION 0 2 16621114. -5529002. 0. 3.06831289221e+14 0 0
55.588 1 PONG 
55.613 1 DESIRED 0. 0.02 0. 0. 0. 235. 0. 12.
55.616 1 IMU_GYRO -0.049805 0.009521 -0.012695
55.699 1 PPRZ_MODE 2 0 0 0 0 6
55.791 1 NAVIGATION 0 2 16621114. -5529002. 0. 3.06831289221e+14 0 0
55.794 1 FBW_STATUS 2 0 1 38436 0
55.810 1 DESIRED 0. 0.02 0. 0. 0. 235. 0. 12.
55.903 1 PPRZ_MODE 2 0 0 0 0 6
55.906 1 BAT 0 38436 0 0 1 58 0 0
56.009 1 DESIRED 0. 0.02 0. 0. 0. 235. 0. 12.
56.037 1 NAVIGATION 0 2 16621114. -5529002. 0. 3.06831289221e+14 0 0
56.087 1 DOWNLINK_STATUS 0 56 31092 1422 1 528. 24. 37.58
56.116 1 PPRZ_MODE 2 0 0 0 0 6
56.122 1 GPS 0 1717368064 0 0 -17000 0 0 0 91000 14 10
56.124 1 SVINFO 10 25 16 1 0 -91 0
56.126 1 DL_VALUE 5 0.
56.128 1 CALIBRATION 0. 0
56.130 1 DOWNLINK 0 565 1485
56.217 1 DESIRED 0. 0.02 0. 0. 0. 235. 0. 12.
56.220 1 ATTITUDE 0.05438 -0.878656 -0.037205
56.223 1 IMU_MAG -0.197266 -0.039062 0.211914
56.288 1 NAVIGATION 0 2 16621114. -5529002. 0. 3.06831289221e+14 0 0
56.302 1 PPRZ_MODE 2 0 0 0 0 6
56.409 1 DESIRED 0. 0.02 0. 0. 0. 235. 0. 12.
56.502 1 PPRZ_MODE 2 0 0 0 0 6
56.506 1 IMU_ACCEL 0.536133 -9.804688 0.344727
56.537 1 NAVIGATION 0 2 16621114. -5529002. 0. 3.06831289221e+14 0 0
56.613 1 DESIRED 0. 0.02 0. 0. 0. 235. 0. 12.
56.616 1 IMU_GYRO -0.049805 0.008301 -0.011475
56.699 1 PPRZ_MODE 2 0 0 0 0 6
56.788 1 NAVIGATION 0 2 16621114. -5529002. 0. 3.06831289221e+14 0 0
56.811 1 DESIRED 0. 0.02 0. 0. 0. 235. 0. 12.
56.812 1 STATE_FILTER_STATUS 3 0
56.899 1 PPRZ_MODE 2 0 0 0 0 6
57.013 1 DESIRED 0. 0.02 0. 0. 0. 235. 0. 12.
57.017 1 BAT 0 38436 0 0 1 59 0 0
57.037 1 NAVIGATION 0 2 16621114. -5529002. 0. 3.06831289221e+14 0 0
57.087 1 DOWNLINK_STATUS 0 57 31628 1447 1 536. 25. 37.58
57.109 1 PPRZ_MODE 2 0 0 0 0 6
57.115 1 GPS 0 1717368064 0 0 -17000 0 0 0 92000 14 11
57.117 1 SVINFO 11 26 16 1 0 -91 0
57.220 1 DESIRED 0. 0.02 0. 0. 0. 235. 0. 12.
57.223 1 ATTITUDE 0.054392 -0.878835 -0.037183
57.225 1 ESTIMATOR -17. 0.
57.229 1 ENERGY 3843.600098 0. 0 0.
57.287 1 NAVIGATION 0 2 16621114. -5529002. 0. 3.06831289221e+14 0 0
57.302 1 PPRZ_MODE 2 0 0 0 0 6
57.305 1 GPS_SOL 649713920 100000 9999 0
57.409 1 DESIRED 0. 0.02 0. 0. 0. 235. 0. 12.
57.506 1 PPRZ_MODE 2 0 0 0 0 6
57.510 1 IMU_ACCEL 0.478516 -9.80957 0.363281
57.513 1 IMU_MAG -0.19043 -0.039062 0.188477
57.537 1 NAVIGATION 0 2 16621114. -5529002. 0. 3.06831289221e+14 0 0
57.615 1 DESIRED 0. 0.02 0. 0. 0. 235. 0. 12.
57.618 1 IMU_GYRO -0.051025 0.010498 -0.012695
57.619 1 DL_VALUE 6 80.
57.698 1 PPRZ_MODE 2 0 0 0 0 6
57.791 1 NAVIGATION 0 2 16621114. -5529002. 0. 3.06831289221e+14 0 0
57.793 1 FBW_STATUS 2 0 1 38436 0
57.810 1 DESIRED 0. 0.02 0. 0. 0. 235. 0. 12.
57.885 1 COMMANDS 0,-1141,579,0,0,0
57.900 1 PPRZ_MODE 2 0 0 0 0 6
57.984 1 ACTUATORS 1382,1636,1498,1459,1350
58.009 1 DESIRED 0. 0.02 0. 0. 0. 235. 0. 12.
58.037 1 NAVIGATION 0 2 16621114. -5529002. 0. 3.06831289221e+14 0 0
58.088 1 DOWNLINK_STATUS 0 58 32214 1474 1 586. 27. 37.58
58.114 1 PPRZ_MODE 2 0 0 0 0 6
58.119 1 GPS 0 1717368064 0 0 -17000 0 0 0 93000 14 12
58.122 1 SVINFO 12 27 16 1 0 -91 0
58.125 1 BAT 0 38436 0 0 1 60 0 0
58.215 1 DESIRED 0. 0.02 0. 0. 0. 235. 0. 12.
58.218 1 ATTITUDE 0.054271 -0.876411 -0.037049
58.220 1 CALIBRATION 0. 0
58.287 1 NAVIGATION 0 2 16621114. -5529002. 0. 3.06831289221e+14 0 0
58.301 1 PPRZ_MODE 2 0 0 0 0 6
58.409 1 DESIRED 0. 0.02 0. 0. 0. 235. 0. 12.
58.503 1 PPRZ_MODE 2 0 0 0 0 6
58.506 1 IMU_ACCEL 0.493164 -9.847656 0.344727
58.538 1 NAVIGATION 0 2 16621114. -5529002. 0. 3.06831289221e+14 0 0
58.613 1 DESIRED 0. 0.02 0. 0. 0. 235. 0. 12.
58.616 1 IMU_GYRO -0.047852 0.009521 -0.011475
58.698 1 PPRZ_MODE 2 0 0 0 0 6
58.787 1 NAVIGATION 0 2 16621114. -5529002. 0. 3.06831289221e+14 0 0
58.813 1 DESIRED 0. 0.02 0. 0. 0. 235. 0. 12.
58.816 1 IMU_MAG -0.19043 -0.035645 0.206055
58.899 1 PPRZ_MODE 2 0 0 0 0 6
59.011 1 DESIRED 0. 0.02 0. 0. 0. 235. 0. 12.
59.012 1 STATE_FILTER_STATUS 3 0
59.038 1 NAVIGATION 0 2 16621114. -5529002. 0. 3.06831289221e+14 0 0
59.089 1 DOWNLINK_STATUS 0 59 32728 1497 1 514. 23. 37.58
59.111 1 PPRZ_MODE 2 0 0 0 0 6
59.116 1 GPS 0 1717368064 0 0 -17000 0 0 0 94000 14 13
59.119 1 SVINFO 13 28 16 1 0 -91 0
59.121 1 DL_VALUE 7 2.
59.220 1 DESIRED 0. 0.02 0. 0. 0. 235. 0. 12.
59.223 1 ATTITUDE 0.05416 -0.875997 -0.036922
59.227 1 BAT 0 38436 0 0 1 61 0 0
59.229 1 ESTIMATOR -17. 0.
59.287 1 NAVIGATION 0 2 16621114. -5529002. 0. 3.06831289221e+14 0 0
59.302 1 PPRZ_MODE 2 0 0 0 0 6
59.305 1 GPS_SOL 649722560 100000 9999 0
59.409 1 DESIRED 0. 0.02 0. 0. 0. 235. 0. 12.
59.503 1 PPRZ_MODE 2 0 0 0 0 6
59.505 1 IMU_ACCEL 0.511719 -9.799805 0.325195
59.538 1 NAVIGATION 0 2 16621114. -5529002. 0. 3.06831289221e+14 0 0
59.612 1 DESIRED 0. 0.02 0. 0. 0. 235. 0. 12.
59.615 1 IMU_GYRO -0.048828 0.009521 -0.011475
59.703 1 PPRZ_MODE 2 0 0 0 0 6
59.706 1 ENERGY 3843.600098 0. 0 0.
59.791 1 NAVIGATION 0 2 16621114. -5529002. 0. 3.06831289221e+14 0 0
59.793 1 FBW_STATUS 2 0 1 38436 0
59.814 1 DESIRED 0. 0.02 0. 0. 0. 235. 0. 12.
59.818 1 ALIVE 34,130,195,82,38,132,87,181,96,132,135,154,119,246,6,48
59.899 1 PPRZ_MODE 2 0 0 0 0 6
60.009 1 DESIRED 0. 0.02 0. 0. 0. 235. 0. 12.
60.038 1 NAVIGATION 0 2 16621114. -5529002. 0. 3.06831289221e+14 0 0
60.090 1 DOWNLINK_STATUS 0 60 33304 1523 1 576. 26. 37.58
60.112 1 PPRZ_MODE 2 0 0 0 0 6
60.118 1 GPS 0 1717368064 0 0 -17000 0 0 0 95000 14 14
60.120 1 SVINFO 14 29 16 1 0 -91 0
60.124 1 IMU_MAG -0.185547 -0.037109 0.198242
60.218 1 DESIRED 0. 0.02 0. 0. 0. 235. 0. 12.
60.221 1 ATTITUDE 0.054263 -0.875525 -0.03696
60.226 1 NAVIGATION 0 2 16621114. -5529002. 0. 3.06831289221e+14 0 0
60.287 1 NAVIGATION 0 2 16621114. -5529002. 0. 3.06831289221e+14 0 0
60.310 1 PPRZ_MODE 2 0 0 0 0 6
60.314 1 BAT 0 38436 0 0 1 62 0 0
60.315 1 CALIBRATION 0. 0
60.319 1 WP_MOVED 4 552593.625 5529099.5 260. 14
60.409 1 DESIRED 0. 0.02 0. 0. 0. 235. 0. 12.
60.502 1 PPRZ_MODE 2 0 0 0 0 6
60.505 1 IMU_ACCEL 0.536133 -9.857422 0.330078
60.537 1 NAVIGATION 0 2 16621114. -5529002. 0. 3.06831289221e+14 0 0
60.590 1 PONG 
60.615 1 DESIRED 0. 0.02 0. 0. 0. 235. 0. 12.
60.618 1 IMU_GYRO -0.048828 0.008301 -0.011475
60.620 1 DL_VALUE 8 0.
60.698 1 PPRZ_MODE 2 0 0 0 0 6
60.787 1 NAVIGATION 0 2 16621114. -5529002. 0. 3.06831289221e+14 0 0
60.809 1 DESIRED 0. 0.02 0. 0. 0. 235. 0. 12.
60.898 1 PPRZ_MODE 2 0 0 0 0 6
61.008 1 DESIRED 0. 0.02 0. 0. 0. 235. 0. 12.
61.037 1 NAVIGATION 0 2 16621114. -5529002. 0. 3.06831289221e+14 0 0
61.091 1 DOWNLINK_STATUS 0 61 33872 1549 1 568. 26. 38.55
61.109 1 PPRZ_MODE 2 0 0 0 0 6
61.114 1 GPS 0 1717368064 0 0 -17000 0 0 0 96000 14 15
61.117 1 SVINFO 15 31 16 1 0 -91 0
61.220 1 DESIRED 0. 0.02 0. 0. 0. 235. 0. 12.
61.223 1 ATTITUDE 0.054257 -0.876421 -0.037034
61.225 1 ESTIMATOR -17. 0.
61.227 1 STATE_FILTER_STATUS 3 0
61.229 1 DOWNLINK 0 556 1614
61.287 1 NAVIGATION 0 2 16621114. -5529002. 0. 3.06831289221e+14 0 0
61.301 1 PPRZ_MODE 2 0 0 0 0 6
61.304 1 GPS_SOL 649731328 100000 9999 0
61.417 1 DESIRED 0. 0.02 0. 0. 0. 235. 0. 12.
61.420 1 BAT 0 38436 0 0 1 63 0 0
61.423 1 IMU_MAG -0.188965 -0.04248 0.186523
61.502 1 PPRZ_MODE 2 0 0 0 0 6
61.505 1 IMU_ACCEL 0.44043 -9.842773 0.44043
61.537 1 NAVIGATION 0 2 16621114. -5529002. 0. 3.06831289221e+14 0 0
61.613 1 DESIRED 0. 0.02 0. 0. 0. 235. 0. 12.
61.616 1 IMU_GYRO -0.061523 0.011475 -0.009521
61.699 1 PPRZ_MODE 2 0 0 0 0 6
61.791 1 NAVIGATION 0 2 16621114. -5529002. 0. 3.06831289221e+14 0 0
61.792 1 FBW_STATUS 2 0 1 38436 0
61.810 1 DESIRED 0. 0.02 0. 0. 0. 235. 0. 12.
61.898 1 PPRZ_MODE 2 0 0 0 0 6
62.008 1 DESIRED 0. 0.02 0. 0. 0. 235. 0. 12.
62.037 1 NAVIGATION 0 2 16621114. -5529002. 0. 3.06831289221e+14 0 0
62.091 1 DOWNLINK_STATUS 0 62 34432 1575 1 560. 26. 38.55
62.111 1 PPRZ_MODE 2 0 0 0 0 6
62.117 1 GPS 0 1717368064 0 0 -17000 0 0 0 97000 14 16
62.119 1 SVINFO 0 1 16 1 0 -91 0
62.121 1 DL_VALUE 9 1.
62.217 1 DESIRED 0. 0.02 0. 0. 0. 235. 0. 12.
62.220 1 ATTITUDE 0.054316 -0.875838 -0.037329
62.223 1 ENERGY 3843.600098 0. 0 0.
62.287 1 NAVIGATION 0 2 16621114. -5529002. 0. 3.06831289221e+14 0 0
62.300 1 PPRZ_MODE 2 0 0 0 0 6
62.411 1 DESIRED 0. 0.02 0. 0. 0. 235. 0. 12.
62.413 1 CALIBRATION 0. 0
62.507 1 PPRZ_MODE 2 0 0 0 0 6
62.510 1 IMU_ACCEL 0.545898 -9.842773 0.392578
62.514 1 BAT 0 38436 0 0 1 64 0 0
62.537 1 NAVIGATION 0 2 16621114. -5529002. 0. 3.06831289221e+14 0 0
62.613 1 DESIRED 0. 0.02 0. 0. 0. 235. 0. 12.
62.616 1 IMU_GYRO -0.051025 0.008301 -0.012695
62.703 1 PPRZ_MODE 2 0 0 0 0 6
62.706 1 IMU_MAG -0.183594 -0.039062 0.196289
62.787 1 NAVIGATION 0 2 16621114. -5529002. 0. 3.06831289221e+14 0 0
62.808 1 DESIRED 0. 0.02 0. 0. 0. 235. 0. 12.
62.884 1 COMMANDS 0,-1139,571,0,0,0
62.899 1 PPRZ_MODE 2 0 0 0 0 6
62.984 1 ACTUATORS 1382,1638,1497,1459,1350
63.009 1 DESIRED 0. 0.02 0. 0. 0. 235. 0. 12.
63.037 1 NAVIGATION 0 2 16621114. -5529002. 0. 3.06831289221e+14 0 0
63.092 1 DOWNLINK_STATUS 0 63 35004 1601 1 572. 26. 38.55
63.112 1 PPRZ_MODE 2 0 0 0 0 6
63.118 1 GPS 0 1717368064 0 0 -17000 0 0 0 98000 14 1
63.120 1 SVINFO 1 2 16 1 0 -91 0
63.123 1 NAVIGATION_REF 552566 5529002 14
63.216 1 DESIRED 0. 0.02 0. 0. 0. 235. 0. 12.
63.218 1 ATTITUDE 0.054401 -0.876548 -0.037421
63.220 1 ESTIMATOR -17. 0.
63.287 1 NAVIGATION 0 2 16621114. -5529002. 0. 3.06831289221e+14 0 0
63.302 1 PPRZ_MODE 2 0 0 0 0 6
63.305 1 GPS_SOL 649740224 100000 9999 0
63.410 1 DESIRED 0. 0.02 0. 0. 0. 235. 0. 12.
63.412 1 STATE_FILTER_STATUS 3 0
63.502 1 PPRZ_MODE 2 0 0 0 0 6
63.505 1 IMU_ACCEL 0.55957 -9.814453 0.344727
63.537 1 NAVIGATION 0 2 16621114. -5529002. 0. 3.06831289221e+14 0 0
63.620 1 DESIRED 0. 0.02 0. 0. 0. 235. 0. 12.
63.623 1 IMU_GYRO -0.047852 0.009521 -0.010498
63.626 1 BAT 0 38436 0 0 1 65 0 0
63.627 1 DL_VALUE 10 0.
63.698 1 PPRZ_MODE 2 0 0 0 0 6
63.788 1 FBW_STATUS 2 0 1 38436 0
63.792 1 NAVIGATION 0 2 16621114. -5529002. 0. 3.06831289221e+14 0 0
63.809 1 DESIRED 0. 0.02 0. 0. 0. 235. 0. 12.
63.898 1 PPRZ_MODE 2 0 0 0 0 6
64.013 1 DESIRED 0. 0.02 0. 0. 0. 235. 0. 12.
64.016 1 IMU_MAG -0.188965 -0.04248 0.196289
64.037 1 NAVIGATION 0 2 16621114. -5529002. 0. 3.06831289221e+14 0 0
64.093 1 DOWNLINK_STATUS 0 64 35579 1628 1 575. 27. 38.55
64.108 1 PPRZ_MODE 2 0 0 0 0 6
64.114 1 GPS 0 1717368064 0 0 -17000 0 0 0 99000 14 2
64.116 1 SVINFO 2 3 16 1 0 -91 0
64.213 1 DESIRED 0. 0.02 0. 0. 0. 235. 0. 12.
64.215 1 ATTITUDE 0.054471 -0.877049 -0.037308
64.287 1 NAVIGATION 0 2 16621114. -5529002. 0. 3.06831289221e+14 0 0
64.301 1 PPRZ_MODE 2 0 0 0 0 6
64.409 1 DESIRED 0. 0.02 0. 0. 0. 235. 0. 12.
64.505 1 PPRZ_MODE 2 0 0 0 0 6
64.508 1 IMU_ACCEL 0.545898 -9.852539 0.330078
64.509 1 CALIBRATION 0. 0
64.537 1 NAVIGATION 0 2 16621114. -5529002. 0. 3.06831289221e+14 0 0
64.612 1 DESIRED 0. 0.02 0. 0. 0. 235. 0. 12.
64.615 1 IMU_GYRO -0.049805 0.010498 -0.011475
64.707 1 PPRZ_MODE 2 0 0 0 0 6
64.710 1 BAT 0 38436 0 0 1 66 0 0
64.714 1 ENERGY 3843.600098 0. 0 0.
64.787 1 NAVIGATION 0 2 16621114. -5529002. 0. 3.06831289221e+14 0 0
64.813 1 DESIRED 0. 0.02 0. 0. 0. 235. 0. 12.
64.817 1 ALIVE 34,130,195,82,38,132,87,181,96,132,135,154,119,246,6,48
64.898 1 PPRZ_MODE 2 0 0 0 0 6
65.009 1 DESIRED 0. 0.02 0. 0. 0. 235. 0. 12.
65.037 1 NAVIGATION 0 2 16621114. -5529002. 0. 3.06831289221e+14 0 0
65.094 1 DOWNLINK_STATUS 0 65 36109 1651 1 530. 23. 38.55
65.110 1 PPRZ_MODE 2 0 0 0 0 6
65.116 1 GPS 0 1717368064 0 0 -17000 0 0 0 100000 14 3
65.119 1 SVINFO 3 4 16 1 0 -91 0
65.120 1 DL_VALUE 0 0.
65.215 1 DESIRED 0. 0.02 0. 0. 0. 235. 0. 12.
65.218 1 ATTITUDE 0.05457 -0.876633 -0.03721
65.221 1 ESTIMATOR -17. 0.
65.270 1 WIND_INFO 1 42 0. 0. 0.
65.287 1 NAVIGATION 0 2 16621114. -5529002. 0. 3.06831289221e+14 0 0
65.311 1 PPRZ_MODE 2 0 0 0 0 6
65.314 1 IMU_MAG -0.188965 -0.04248 0.186523
65.317 1 GPS_SOL 649749376 100000 9999 0
65.409 1 DESIRED 0. 0.02 0. 0. 0. 235. 0. 12.
65.502 1 PPRZ_MODE 2 0 0 0 0 6
65.506 1 IMU_ACCEL 0.516602 -9.829102 0.310547
65.536 1 NAVIGATION 0 2 16621114. -5529002. 0. 3.06831289221e+14 0 0
65.591 1 PONG 
65.616 1 DESIRED 0. 0.02 0. 0. 0. 235. 0. 12.
65.618 1 IMU_GYRO -0.049805 0.009521 -0.012695
65.619 1 STATE_FILTER_STATUS 3 0
65.698 1 PPRZ_MODE 2 0 0 0 0 6
65.788 1 FBW_STATUS 2 0 1 38436 0
65.793 1 NAVIGATION 0 2 16621114. -5529002. 0. 3.06831289221e+14 0 0
65.813 1 DESIRED 0. 0.02 0. 0. 0. 235. 0. 12.
65.817 1 BAT 0 38436 0 0 1 68 0 0
65.898 1 PPRZ_MODE 2 0 0 0 0 6
66.009 1 DESIRED 0. 0.02 0. 0. 0. 235. 0. 12.
66.036 1 NAVIGATION 0 2 16621114. -5529002. 0. 3.06831289221e+14 0 0
66.095 1 DOWNLINK_STATUS 0 66 36675 1678 1 566. 27. 38.56
66.108 1 PPRZ_MODE 2 0 0 0 0 6
66.114 1 GPS 0 1717368064 0 0 -17000 0 0 0 101000 14 4
66.116 1 SVINFO 4 5 16 1 0 -91 0
66.212 1 DESIRED 0. 0.02 0. 0. 0. 235. 0. 12.
66.215 1 ATTITUDE 0.054737 -0.876246 -0.03695
66.287 1 NAVIGATION 0 2 16621114. -5529002. 0. 3.06831289221e+14 0 0
66.301 1 PPRZ_MODE 2 0 0 0 0 6
66.303 1 DOWNLINK 0 552 1743
66.409 1 DESIRED 0. 0.02 0. 0. 0. 235. 0. 12.
66.502 1 PPRZ_MODE 2 0 0 0 0 6
66.505 1 IMU_ACCEL 0.478516 -9.804688 0.344727
66.537 1 NAVIGATION 0 2 16621114. -5529002. 0. 3.06831289221e+14 0 0
66.621 1 DESIRED 0. 0.02 0. 0. 0. 235. 0. 12.
66.624 1 IMU_GYRO -0.048828 0.009521 -0.013672
66.627 1 IMU_MAG -0.192383 -0.040527 0.192383
66.629 1 DL_VALUE 1 0.
66.631 1 CALIBRATION 0. 0
66.698 1 PPRZ_MODE 2 0 0 0 0 6
66.787 1 NAVIGATION 0 2 16621114. -5529002. 0. 3.06831289221e+14 0 0
66.808 1 DESIRED 0. 0.02 0. 0. 0. 235. 0. 12.
66.902 1 PPRZ_MODE 2 0 0 0 0 6
66.906 1 BAT 0 38436 0 0 1 69 0 0
67.008 1 DESIRED 0. 0.02 0. 0. 0. 235. 0. 12.
67.037 1 NAVIGATION 0 2 16621114. -5529002. 0. 3.06831289221e+14 0 0
67.096 1 DOWNLINK_STATUS 0 67 37202 1702 1 527. 24. 38.56
67.108 1 PPRZ_MODE 2 0 0 0 0 6
67.114 1 GPS 0 1717368064 0 0 -17000 0 0 0 102000 14 5
67.116 1 SVINFO 5 6 16 1 0 -91 0
67.220 1 DESIRED 0. 0.02 0. 0. 0. 235. 0. 12.
67.223 1 ATTITUDE 0.054743 -0.876407 -0.036897
67.225 1 ESTIMATOR -17. 0.
67.229 1 ENERGY 3843.600098 0. 0 0.
67.287 1 NAVIGATION 0 2 16621114. -5529002. 0. 3.06831289221e+14 0 0
67.301 1 PPRZ_MODE 2 0 0 0 0 6
67.304 1 GPS_SOL 649758720 100000 9999 0
67.409 1 DESIRED 0. 0.02 0. 0. 0. 235. 0. 12.
67.505 1 PPRZ_MODE 2 0 0 0 0 6
67.506 1 IMU_ACCEL 0.50293 -9.847656 0.37793
67.537 1 NAVIGATION 0 2 16621114. -5529002. 0. 3.06831289221e+14 0 0
67.612 1 DESIRED 0. 0.02 0. 0. 0. 235. 0. 12.
67.615 1 IMU_GYRO -0.051025 0.009521 -0.011475
67.698 1 PPRZ_MODE 2 0 0 0 0 6
67.787 1 FBW_STATUS 2 0 1 38436 0
67.793 1 NAVIGATION 0 2 16621114. -5529002. 0. 3.06831289221e+14 0 0
67.811 1 DESIRED 0. 0.02 0. 0. 0. 235. 0. 12.
67.811 1 STATE_FILTER_STATUS 3 0
67.884 1 COMMANDS 0,-1152,590,0,0,0
67.902 1 PPRZ_MODE 2 0 0 0 0 6
67.905 1 IMU_MAG -0.192383 -0.035645 0.206055
67.983 1 ACTUATORS 1382,1637,1497,1458,1350
68.013 1 DESIRED 0. 0.02 0. 0. 0. 235. 0. 12.
68.016 1 BAT 0 38436 0 0 1 70 0 0
68.037 1 NAVIGATION 0 2 16621114. -5529002. 0. 3.06831289221e+14 0 0
68.096 1 DOWNLINK_STATUS 0 68 37807 1730 1 605. 28. 38.56
68.111 1 PPRZ_MODE 2 0 0 0 0 6
68.117 1 GPS 0 1717368064 0 0 -17000 0 0 0 103000 14 6
68.119 1 SVINFO 6 7 16 1 0 -91 0
68.121 1 DL_VALUE 2 235.
68.213 1 DESIRED 0. 0.02 0. 0. 0. 235. 0. 12.
68.216 1 ATTITUDE 0.054847 -0.875507 -0.036818
68.286 1 NAVIGATION 0 2 16621114. -5529002. 0. 3.06831289221e+14 0 0
68.300 1 PPRZ_MODE 2 0 0 0 0 6
68.408 1 DESIRED 0. 0.02 0. 0. 0. 235. 0. 12.
68.502 1 PPRZ_MODE 2 0 0 0 0 6
68.505 1 IMU_ACCEL 0.498047 -9.890625 0.344727
68.537 1 NAVIGATION 0 2 16621114. -5529002. 0. 3.06831289221e+14 0 0
68.612 1 DESIRED 0. 0.02 0. 0. 0. 235. 0. 12.
68.614 1 IMU_GYRO -0.048828 0.008301 -0.010498
68.700 1 PPRZ_MODE 2 0 0 0 0 6
68.702 1 CALIBRATION 0. 0
68.786 1 NAVIGATION 0 2 16621114. -5529002. 0. 3.06831289221e+14 0 0
68.808 1 DESIRED 0. 0.02 0. 0. 0. 235. 0. 12.
68.898 1 PPRZ_MODE 2 0 0 0 0 6
69.008 1 DESIRED 0. 0.02 0. 0. 0. 235. 0. 12.
69.037 1 NAVIGATION 0 2 16621114. -5529002. 0. 3.06831289221e+14 0 0
69.097 1 DOWNLINK_STATUS 0 69 38284 1751 1 477. 21. 38.56
69.113 1 PPRZ_MODE 2 0 0 0 0 6
69.119 1 GPS 0 1717368064 0 0 -17000 0 0 0 104000 14 7
69.120 1 SVINFO 7 8 16 1 0 -91 0
69.125 1 BAT 0 38436 0 0 1 71 0 0
69.220 1 DESIRED 0. 0.02 0. 0. 0. 235. 0. 12.
69.222 1 ATTITUDE 0.054885 -0.875862 -0.036715
69.225 1 IMU_MAG -0.193848 -0.039062 0.198242
69.227 1 ESTIMATOR -17. 0.
69.286 1 NAVIGATION 0 2 16621114. -5529002. 0. 3.06831289221e+14 0 0
69.302 1 PPRZ_MODE 2 0 0 0 0 6
69.305 1 GPS_SOL 649768192 100000 9999 0
69.408 1 DESIRED 0. 0.02 0. 0. 0. 235. 0. 12.
69.502 1 PPRZ_MODE 2 0 0 0 0 6
69.505 1 IMU_ACCEL 0.516602 -9.837891 0.358398
69.542 1 NAVIGATION 0 2 16621114. -5529002. 0. 3.06831289221e+14 0 0
69.614 1 DESIRED 0. 0.02 0. 0. 0. 235. 0. 12.
69.617 1 IMU_GYRO -0.048828 0.007324 -0.010498
69.619 1 DL_VALUE 3 0.
69.702 1 PPRZ_MODE 2 0 0 0 0 6
69.705 1 ENERGY 3843.600098 0. 0 0.
69.788 1 FBW_STATUS 2 0 1 38436 0
69.793 1 NAVIGATION 0 2 16621114. -5529002. 0. 3.06831289221e+14 0 0
69.813 1 DESIRED 0. 0.02 0. 0. 0. 235. 0. 12.
69.817 1 ALIVE 34,130,195,82,38,132,87,181,96,132,135,154,119,246,6,48
69.898 1 PPRZ_MODE 2 0 0 0 0 6
70.010 1 DESIRED 0. 0.02 0. 0. 0. 235. 0. 12.
70.012 1 STATE_FILTER_STATUS 3 0
70.037 1 NAVIGATION 0 2 16621114. -5529002. 0. 3.06831289221e+14 0 0
70.098 1 DOWNLINK_STATUS 0 70 38887 1779 1 603. 28. 38.56
70.108 1 PPRZ_MODE 2 0 0 0 0 6
70.114 1 GPS 0 1717368064 0 0 -17000 0 0 0 105000 14 8
70.116 1 SVINFO 8 11 16 1 0 -91 0
70.222 1 DESIRED 0. 0.02 0. 0. 0. 235. 0. 12.
70.225 1 ATTITUDE 0.054865 -0.875354 -0.036622
70.229 1 BAT 0 38436 0 0 1 72 0 0
70.234 1 NAVIGATION 0 2 16621114. -5529002. 0. 3.06831289221e+14 0 0
70.287 1 NAVIGATION 0 2 16621114. -5529002. 0. 3.06831289221e+14 0 0
70.301 1 PPRZ_MODE 2 0 0 0 0 6
70.409 1 DESIRED 0. 0.02 0. 0. 0. 235. 0. 12.
70.506 1 PPRZ_MODE 2 0 0 0 0 6
70.509 1 IMU_ACCEL 0.541016 -9.829102 0.363281
70.512 1 IMU_MAG -0.185547 -0.039062 0.204102
70.537 1 NAVIGATION 0 2 16621114. -5529002. 0. 3.06831289221e+14 0 0
70.592 1 PONG 
70.615 1 DESIRED 0. 0.02 0. 0. 0. 235. 0. 12.
70.619 1 IMU_GYRO -0.048828 0.009521 -0.010498
70.698 1 PPRZ_MODE 2 0 0 0 0 6
70.786 1 NAVIGATION 0 2 16621114. -5529002. 0. 3.06831289221e+14 0 0
70.810 1 DESIRED 0. 0.02 0. 0. 0. 235. 0. 12.
70.812 1 CALIBRATION 0. 0
70.898 1 PPRZ_MODE 2 0 0 0 0 6
71.008 1 DESIRED 0. 0.02 0. 0. 0. 235. 0. 12.
71.037 1 NAVIGATION 0 2 16621114. -5529002. 0. 3.06831289221e+14 0 0
71.098 1 DOWNLINK_STATUS 0 71 39424 1803 1 537. 24. 38.54
71.111 1 PPRZ_MODE 2 0 0 0 0 6
71.116 1 GPS 0 1717368064 0 0 -17000 0 0 0 106000 14 9
71.119 1 SVINFO 9 11 16 1 0 -91 0
71.121 1 DL_VALUE 4 0.
71.215 1 DESIRED 0. 0.02 0. 0. 0. 235. 0. 12.
71.218 1 ATTITUDE 0.054825 -0.87592 -0.036824
71.221 1 ESTIMATOR -17. 0.
71.287 1 NAVIGATION 0 2 16621114. -5529002. 0. 3.06831289221e+14 0 0
71.306 1 PPRZ_MODE 2 0 0 0 0 6
71.310 1 BAT 0 38436 0 0 1 73 0 0
71.313 1 GPS_SOL 649777920 100000 9999 0
71.411 1 DESIRED 0. 0.02 0. 0. 0. 235. 0. 12.
71.413 1 DOWNLINK 0 558 1873
71.502 1 PPRZ_MODE 2 0 0 0 0 6
71.505 1 IMU_ACCEL 0.521484 -9.819336 0.330078
71.537 1 NAVIGATION 0 2 16621114. -5529002. 0. 3.06831289221e+14 0 0
71.612 1 DESIRED 0. 0.02 0. 0. 0. 235. 0. 12.
71.615 1 IMU_GYRO -0.048828 0.008301 -0.011475
