5.138 1 PPRZ_MODE 2 0 0 0 0 6
5.144 1 GPS 0 1717368064 0 0 -17000 0 0 0 30000 14 7
5.146 1 SVINFO 7 19 16 1 0 -91 0
5.148 1 DL_VALUE 4 0.
5.150 1 DOWNLINK 0 561 186
5.241 1 DESIRED 0. 0.02 0. 0. 0. 235. 0. 12.
5.244 1 ATTITUDE 0.054383 -0.913514 -0.035874
5.246 1 ESTIMATOR -17. 0.
5.313 1 NAVIGATION 0 2 16621114. -5529002. 0. 3.06831289221e+14 0 0
5.344 1 PPRZ_MODE 2 0 0 0 0 6
5.349 1 BAT 0 39 0 0 1 7 0 0
5.351 1 GPS_SOL 649539968 100000 9999 0
5.359 1 PONG 
5.434 1 DESIRED 0. 0.02 0. 0. 0. 235. 0. 12.
5.532 1 PPRZ_MODE 2 0 0 0 0 6
5.535 1 IMU_ACCEL 0.55957 -9.837891 0.31543
5.538 1 IMU_MAG -0.19043 -0.037109 0.192383
5.563 1 NAVIGATION 0 2 16621114. -5529002. 0. 3.06831289221e+14 0 0
5.639 1 DESIRED 0. 0.02 0. 0. 0. 235. 0. 12.
5.642 1 IMU_GYRO -0.051025 0.007324 -0.011475
5.726 1 PPRZ_MODE 2 0 0 0 0 6
5.728 1 CALIBRATION 0. 0
5.797 1 DOWNLINK_STATUS 0 6 3155 146 1 587. 28. 66.64
5.814 1 FBW_STATUS 2 0 1 39 0
5.818 1 NAVIGATION 0 2 16621114. -5529002. 0. 3.06831289221e+14 0 0
5.835 1 DESIRED 0. 0.02 0. 0. 0. 235. 0. 12.
5.924 1 PPRZ_MODE 2 0 0 0 0 6
6.034 1 DESIRED 0. 0.02 0. 0. 0. 235. 0. 12.
6.063 1 NAVIGATION 0 2 16621114. -5529002. 0. 3.06831289221e+14 0 0
6.134 1 PPRZ_MODE 2 0 0 0 0 6
6.139 1 GPS 0 1717368064 0 0 -17000 0 0 0 31000 14 8
6.142 1 SVINFO 8 20 16 1 0 -91 0
6.240 1 DESIRED 0. 0.02 0. 0. 0. 235. 0. 12.
6.243 1 ATTITUDE 0.054837 -0.911059 -0.035876
6.244 1 STATE_FILTER_STATUS 3 0
6.313 1 NAVIGATION 0 2 16621114. -5529002. 0. 3.06831289221e+14 0 0
6.327 1 PPRZ_MODE 2 0 0 0 0 6
6.439 1 DESIRED 0. 0.02 0. 0. 0. 235. 0. 12.
6.443 1 BAT 0 39 0 0 1 8 0 0
6.528 1 PPRZ_MODE 2 0 0 0 0 6
6.531 1 IMU_ACCEL 0.53125 -9.837891 0.344727
6.563 1 NAVIGATION 0 2 16621114. -5529002. 0. 3.06831289221e+14 0 0
6.641 1 DESIRED 0. 0.02 0. 0. 0. 235. 0. 12.
6.643 1 IMU_GYRO -0.049805 0.007324 -0.010498
6.645 1 DL_VALUE 5 0.
6.724 1 PPRZ_MODE 2 0 0 0 0 6
6.798 1 DOWNLINK_STATUS 0 7 3666 169 1 511. 23. 66.64
6.813 1 NAVIGATION 0 2 16621114. -5529002. 0. 3.06831289221e+14 0 0
6.838 1 DESIRED 0. 0.02 0. 0. 0. 235. 0. 12.
6.841 1 IMU_MAG -0.19043 -0.033691 0.194336
6.924 1 PPRZ_MODE 2 0 0 0 0 6
7.035 1 DESIRED 0. 0.02 0. 0. 0. 235. 0. 12.
7.063 1 NAVIGATION 0 2 16621114. -5529002. 0. 3.06831289221e+14 0 0
7.134 1 PPRZ_MODE 2 0 0 0 0 6
7.139 1 GPS 0 1717368064 0 0 -17000 0 0 0 32000 14 9
7.142 1 SVINFO 9 24 16 1 0 -91 0
7.245 1 DESIRED 0. 0.02 0. 0. 0. 235. 0. 12.
7.248 1 ATTITUDE 0.055196 -0.911027 -0.035884
7.251 1 ESTIMATOR -17. 0.
7.254 1 ENERGY 3.9 0. 0 0.
7.313 1 NAVIGATION 0 2 16621114. -5529002. 0. 3.06831289221e+14 0 0
7.328 1 PPRZ_MODE 2 0 0 0 0 6
7.331 1 GPS_SOL 649542912 100000 9999 0
7.434 1 DESIRED 0. 0.02 0. 0. 0. 235. 0. 12.
7.532 1 PPRZ_MODE 2 0 0 0 0 6
7.535 1 IMU_ACCEL 0.478516 -9.876953 0.325195
7.539 1 BAT 0 40 0 0 1 9 0 0
7.562 1 NAVIGATION 0 2 16621114. -5529002. 0. 3.06831289221e+14 0 0
7.638 1 DESIRED 0. 0.02 0. 0. 0. 235. 0. 12.
7.641 1 IMU_GYRO -0.051025 0.009521 -0.011475
7.724 1 PPRZ_MODE 2 0 0 0 0 6
7.798 1 DOWNLINK_STATUS 0 8 4211 193 1 545. 24. 66.64
7.814 1 FBW_STATUS 2 0 1 40 0
7.818 1 NAVIGATION 0 2 16621114. -5529002. 0. 3.06831289221e+14 0 0
7.837 1 DESIRED 0. 0.02 0. 0. 0. 235. 0. 12.
7.839 1 CALIBRATION 0. 0
7.911 1 COMMANDS 0,-1165,586,0,0,0
7.926 1 PPRZ_MODE 2 0 0 0 0 6
8.009 1 ACTUATORS 1382,1636,1497,1458,1350
8.034 1 DESIRED 0. 0.02 0. 0. 0. 235. 0. 12.
8.062 1 NAVIGATION 0 2 16621114. -5529002. 0. 3.06831289221e+14 0 0
8.140 1 PPRZ_MODE 2 0 0 0 0 6
8.146 1 GPS 0 1717368064 0 0 -17000 0 0 0 33000 14 10
8.148 1 SVINFO 10 25 16 1 0 -91 0
8.152 1 IMU_MAG -0.188965 -0.033691 0.204102
8.153 1 DL_VALUE 6 80.
8.238 1 DESIRED 0. 0.02 0. 0. 0. 235. 0. 12.
8.241 1 ATTITUDE 0.055399 -0.910182 -0.035768
8.313 1 NAVIGATION 0 2 16621114. -5529002. 0. 3.06831289221e+14 0 0
8.327 1 PPRZ_MODE 2 0 0 0 0 6
8.436 1 DESIRED 0. 0.02 0. 0. 0. 235. 0. 12.
8.437 1 STATE_FILTER_STATUS 3 0
8.528 1 PPRZ_MODE 2 0 0 0 0 6
8.531 1 IMU_ACCEL 0.550781 -9.837891 0.363281
8.562 1 NAVIGATION 0 2 16621114. -5529002. 0. 3.06831289221e+14 0 0
8.642 1 DESIRED 0. 0.02 0. 0. 0. 235. 0. 12.
8.645 1 IMU_GYRO -0.049805 0.009521 -0.011475
8.649 1 BAT 0 40 0 0 1 10 0 0
8.724 1 PPRZ_MODE 2 0 0 0 0 6
8.810 1 DOWNLINK_STATUS 0 9 4787 220 1 576. 27. 66.64
8.813 1 NAVIGATION 0 2 16621114. -5529002. 0. 3.06831289221e+14 0 0
8.834 1 DESIRED 0. 0.02 0. 0. 0. 235. 0. 12.
8.923 1 PPRZ_MODE 2 0 0 0 0 6
9.034 1 DESIRED 0. 0.02 0. 0. 0. 235. 0. 12.
9.062 1 NAVIGATION 0 2 16621114. -5529002. 0. 3.06831289221e+14 0 0
9.137 1 PPRZ_MODE 2 0 0 0 0 6
9.143 1 GPS 0 1717368064 0 0 -17000 0 0 0 34000 14 11
9.145 1 SVINFO 11 26 16 1 0 -91 0
9.148 1 NAVIGATION_REF 552566 5529002 14
9.241 1 DESIRED 0. 0.02 0. 0. 0. 235. 0. 12.
9.244 1 ATTITUDE 0.055673 -0.909882 -0.035803
9.247 1 ESTIMATOR -17. 0.
9.313 1 NAVIGATION 0 2 16621114. -5529002. 0. 3.06831289221e+14 0 0
9.328 1 PPRZ_MODE 2 0 0 0 0 6
9.331 1 GPS_SOL 649545920 100000 9999 0
9.438 1 DESIRED 0. 0.02 0. 0. 0. 235. 0. 12.
9.441 1 IMU_MAG -0.188965 -0.037109 0.198242
9.528 1 PPRZ_MODE 2 0 0 0 0 6
9.531 1 IMU_ACCEL 0.541016 -9.824219 0.305664
9.562 1 NAVIGATION 0 2 16621114. -5529002. 0. 3.06831289221e+14 0 0
9.640 1 DESIRED 0. 0.02 0. 0. 0. 235. 0. 12.
9.644 1 IMU_GYRO -0.049805 0.009521 -0.011475
9.645 1 DL_VALUE 7 2.
9.733 1 PPRZ_MODE 2 0 0 0 0 6
9.737 1 BAT 0 40 0 0 1 11 0 0
9.740 1 ENERGY 4. 0. 0 0.
9.800 1 DOWNLINK_STATUS 0 10 5358 246 1 571. 26. 66.64
9.813 1 FBW_STATUS 2 0 1 40 0
9.819 1 NAVIGATION 0 2 16621114. -5529002. 0. 3.06831289221e+14 0 0
9.839 1 DESIRED 0. 0.02 0. 0. 0. 235. 0. 12.
9.844 1 ALIVE 167,167,190,240,146,222,166,66,220,231,140,195,10,230,236,97
9.926 1 PPRZ_MODE 2 0 0 0 0 6
9.928 1 CALIBRATION 0. 0
10.034 1 DESIRED 0. 0.02 0. 0. 0. 235. 0. 12.
10.063 1 NAVIGATION 0 2 16621114. -5529002. 0. 3.06831289221e+14 0 0
10.134 1 PPRZ_MODE 2 0 0 0 0 6
10.140 1 GPS 0 1717368064 0 0 -17000 0 0 0 35000 14 12
10.142 1 SVINFO 12 29 16 1 0 -91 0
10.246 1 DESIRED 0. 0.02 0. 0. 0. 235. 0. 12.
10.249 1 ATTITUDE 0.055826 -0.907229 -0.03592
10.250 1 DOWNLINK 0 560 317
10.256 1 NAVIGATION 0 2 16621114. -5529002. 0. 3.06831289221e+14 0 0
10.313 1 NAVIGATION 0 2 16621114. -5529002. 0. 3.06831289221e+14 0 0
10.360 1 PPRZ_MODE 2 0 0 0 0 6
10.394 1 PONG 
10.434 1 DESIRED 0. 0.02 0. 0. 0. 235. 0. 12.
10.528 1 PPRZ_MODE 2 0 0 0 0 6
10.531 1 IMU_ACCEL 0.50293 -9.824219 0.358398
10.562 1 NAVIGATION 0 2 16621114. -5529002. 0. 3.06831289221e+14 0 0
10.640 1 DESIRED 0. 0.02 0. 0. 0. 235. 0. 12.
10.643 1 IMU_GYRO -0.049805 0.007324 -0.012695
10.644 1 STATE_FILTER_STATUS 3 0
10.727 1 PPRZ_MODE 2 0 0 0 0 6
10.730 1 IMU_MAG -0.193848 -0.033691 0.204102
10.801 1 DOWNLINK_STATUS 0 11 5932 273 1 574. 27. 101.31
10.812 1 NAVIGATION 0 2 16621114. -5529002. 0. 3.06831289221e+14 0 0
10.838 1 DESIRED 0. 0.02 0. 0. 0. 235. 0. 12.
10.842 1 BAT 0 40 0 0 1 13 0 0
10.924 1 PPRZ_MODE 2 0 0 0 0 6
11.034 1 DESIRED 0. 0.02 0. 0. 0. 235. 0. 12.
11.063 1 NAVIGATION 0 2 16621114. -5529002. 0. 3.06831289221e+14 0 0
11.136 1 PPRZ_MODE 2 0 0 0 0 6
11.142 1 GPS 0 1717368064 0 0 -17000 0 0 0 36000 14 13
11.144 1 SVINFO 13 31 16 1 0 -91 0
11.146 1 DL_VALUE 8 0.
11.241 1 DESIRED 0. 0.02 0. 0. 0. 235. 0. 12.
11.243 1 ATTITUDE 0.055863 -0.90651 -0.035888
11.246 1 ESTIMATOR -17. 0.
11.312 1 NAVIGATION 0 2 16621114. -5529002. 0. 3.06831289221e+14 0 0
11.327 1 PPRZ_MODE 2 0 0 0 0 6
11.330 1 GPS_SOL 649549184 100000 9999 0
11.434 1 DESIRED 0. 0.02 0. 0. 0. 235. 0. 12.
11.528 1 PPRZ_MODE 2 0 0 0 0 6
11.531 1 IMU_ACCEL 0.511719 -9.819336 0.31543
11.563 1 NAVIGATION 0 2 16621114. -5529002. 0. 3.06831289221e+14 0 0
11.638 1 DESIRED 0. 0.02 0. 0. 0. 235. 0. 12.
11.641 1 IMU_GYRO -0.052979 0.011475 -0.014893
11.723 1 PPRZ_MODE 2 0 0 0 0 6
11.802 1 DOWNLINK_STATUS 0 12 6450 296 1 518. 23. 101.31
11.813 1 FBW_STATUS 2 0 1 40 0
11.818 1 NAVIGATION 0 2 16621114. -5529002. 0. 3.06831289221e+14 0 0
11.835 1 DESIRED 0. 0.02 0. 0. 0. 235. 0. 12.
11.928 1 PPRZ_MODE 2 0 0 0 0 6
11.932 1 BAT 0 39 0 0 1 14 0 0
12.040 1 DESIRED 0. 0.02 0. 0. 0. 235. 0. 12.
12.043 1 IMU_MAG -0.193848 -0.035645 0.22168
12.045 1 CALIBRATION 0. 0
12.063 1 NAVIGATION 0 2 16621114. -5529002. 0. 3.06831289221e+14 0 0
12.134 1 PPRZ_MODE 2 0 0 0 0 6
12.140 1 GPS 0 1717368064 0 0 -17000 0 0 0 37000 14 14
12.141 1 SVINFO 14 31 16 1 0 -91 0
12.242 1 DESIRED 0. 0.02 0. 0. 0. 235. 0. 12.
12.245 1 ATTITUDE 0.05617 -0.905425 -0.035934
12.248 1 ENERGY 4. 0. 0 0.
12.312 1 NAVIGATION 0 2 16621114. -5529002. 0. 3.06831289221e+14 0 0
12.326 1 PPRZ_MODE 2 0 0 0 0 6
12.434 1 DESIRED 0. 0.02 0. 0. 0. 235. 0. 12.
12.528 1 PPRZ_MODE 2 0 0 0 0 6
12.531 1 IMU_ACCEL 0.516602 -9.829102 0.349609
12.563 1 NAVIGATION 0 2 16621114. -5529002. 0. 3.06831289221e+14 0 0
12.641 1 DESIRED 0. 0.02 0. 0. 0. 235. 0. 12.
12.643 1 IMU_GYRO -0.052002 0.009521 -0.011475
12.645 1 DL_VALUE 9 1.
12.724 1 PPRZ_MODE 2 0 0 0 0 6
12.802 1 DOWNLINK_STATUS 0 13 7001 321 1 551. 25. 101.31
12.812 1 NAVIGATION 0 2 16621114. -5529002. 0. 3.06831289221e+14 0 0
12.836 1 DESIRED 0. 0.02 0. 0. 0. 235. 0. 12.
12.837 1 STATE_FILTER_STATUS 3 0
12.910 1 COMMANDS 0,-1182,590,0,0,0
12.925 1 PPRZ_MODE 2 0 0 0 0 6
13.008 1 ACTUATORS 1382,1637,1496,1457,1350
13.039 1 DESIRED 0. 0.02 0. 0. 0. 235. 0. 12.
13.041 1 BAT 0 40 0 0 1 15 0 0
13.063 1 NAVIGATION 0 2 16621114. -5529002. 0. 3.06831289221e+14 0 0
13.133 1 PPRZ_MODE 2 0 0 0 0 6
13.139 1 GPS 0 1717368064 0 0 -17000 0 0 0 38000 14 15
13.142 1 SVINFO 15 32 16 1 0 -91 0
13.240 1 DESIRED 0. 0.02 0. 0. 0. 235. 0. 12.
13.244 1 ATTITUDE 0.056504 -0.903886 -0.035824
13.246 1 ESTIMATOR -17. 0.
13.312 1 NAVIGATION 0 2 16621114. -5529002. 0. 3.06831289221e+14 0 0
13.331 1 PPRZ_MODE 2 0 0 0 0 6
13.334 1 IMU_MAG -0.176758 -0.032227 0.209961
13.337 1 GPS_SOL 649552576 100000 9999 0
13.434 1 DESIRED 0. 0.02 0. 0. 0. 235. 0. 12.
13.527 1 PPRZ_MODE 2 0 0 0 0 6
13.530 1 IMU_ACCEL 0.55957 -9.804688 0.344727
13.562 1 NAVIGATION 0 2 16621114. -5529002. 0. 3.06831289221e+14 0 0
13.638 1 DESIRED 0. 0.02 0. 0. 0. 235. 0. 12.
13.641 1 IMU_GYRO -0.051025 0.010498 -0.012695
13.724 1 PPRZ_MODE 2 0 0 0 0 6
13.803 1 DOWNLINK_STATUS 0 14 7571 347 1 570. 26. 101.31
13.814 1 FBW_STATUS 2 0 1 39 0
13.818 1 NAVIGATION 0 2 16621114. -5529002. 0. 3.06831289221e+14 0 0
13.835 1 DESIRED 0. 0.02 0. 0. 0. 235. 0. 12.
13.923 1 PPRZ_MODE 2 0 0 0 0 6
14.033 1 DESIRED 0. 0.02 0. 0. 0. 235. 0. 12.
14.062 1 NAVIGATION 0 2 16621114. -5529002. 0. 3.06831289221e+14 0 0
14.143 1 PPRZ_MODE 2 0 0 0 0 6
14.148 1 GPS 0 1717368064 0 0 -17000 0 0 0 39000 14 16
14.151 1 SVINFO 0 11 16 1 0 -91 0
14.154 1 BAT 0 39 0 0 1 16 0 0
14.156 1 DL_VALUE 10 0.
14.158 1 CALIBRATION 0. 0
14.238 1 DESIRED 0. 0.02 0. 0. 0. 235. 0. 12.
14.241 1 ATTITUDE 0.056762 -0.902955 -0.035914
14.313 1 NAVIGATION 0 2 16621114. -5529002. 0. 3.06831289221e+14 0 0
14.326 1 PPRZ_MODE 2 0 0 0 0 6
14.434 1 DESIRED 0. 0.02 0. 0. 0. 235. 0. 12.
14.527 1 PPRZ_MODE 2 0 0 0 0 6
14.530 1 IMU_ACCEL 0.511719 -9.862305 0.334961
14.562 1 NAVIGATION 0 2 16621114. -5529002. 0. 3.06831289221e+14 0 0
14.642 1 DESIRED 0. 0.02 0. 0. 0. 235. 0. 12.
14.645 1 IMU_GYRO -0.051025 0.009521 -0.010498
14.648 1 IMU_MAG -0.193848 -0.037109 0.206055
14.728 1 PPRZ_MODE 2 0 0 0 0 6
14.732 1 ENERGY 4. 0. 0 0.
14.804 1 DOWNLINK_STATUS 0 15 8122 372 1 551. 25. 101.31
14.813 1 NAVIGATION 0 2 16621114. -5529002. 0. 3.06831289221e+14 0 0
14.839 1 DESIRED 0. 0.02 0. 0. 0. 235. 0. 12.
14.843 1 ALIVE 167,167,190,240,146,222,166,66,220,231,140,195,10,230,236,97
14.923 1 PPRZ_MODE 2 0 0 0 0 6
15.035 1 DESIRED 0. 0.02 0. 0. 0. 235. 0. 12.
15.037 1 STATE_FILTER_STATUS 3 0
15.062 1 NAVIGATION 0 2 16621114. -5529002. 0. 3.06831289221e+14 0 0
15.134 1 PPRZ_MODE 2 0 0 0 0 6
15.140 1 GPS 0 1717368064 0 0 -17000 0 0 0 40000 14 1
15.142 1 SVINFO 1 12 16 1 0 -91 0
15.245 1 DESIRED 0. 0.02 0. 0. 0. 235. 0. 12.
15.249 1 ATTITUDE 0.057015 -0.902255 -0.035917
15.252 1 BAT 0 39 0 0 1 17 0 0
15.255 1 ESTIMATOR -17. 0.
15.312 1 NAVIGATION 0 2 16621114. -5529002. 0. 3.06831289221e+14 0 0
15.350 1 PPRZ_MODE 2 0 0 0 0 6
15.353 1 GPS_SOL 649556224 100000 9999 0
15.354 1 DOWNLINK 0 556 447
15.395 1 PONG 
15.433 1 DESIRED 0. 0.02 0. 0. 0. 235. 0. 12.
15.527 1 PPRZ_MODE 2 0 0 0 0 6
15.530 1 IMU_ACCEL 0.506836 -9.829102 0.330078
15.562 1 NAVIGATION 0 2 16621114. -5529002. 0. 3.06831289221e+14 0 0
15.640 1 DESIRED 0. 0.02 0. 0. 0. 235. 0. 12.
15.643 1 IMU_GYRO -0.049805 0.006348 -0.009521
15.645 1 DL_VALUE 0 0.
15.724 1 PPRZ_MODE 2 0 0 0 0 6
15.805 1 DOWNLINK_STATUS 0 16 8689 399 1 567. 27. 102.14
15.813 1 FBW_STATUS 2 0 1 40 0
15.818 1 NAVIGATION 0 2 16621114. -5529002. 0. 3.06831289221e+14 0 0
15.835 1 DESIRED 0. 0.02 0. 0. 0. 235. 0. 12.
15.927 1 PPRZ_MODE 2 0 0 0 0 6
15.930 1 IMU_MAG -0.188965 -0.035645 0.206055
16.034 1 DESIRED 0. 0.02 0. 0. 0. 235. 0. 12.
16.062 1 NAVIGATION 0 2 16621114. -5529002. 0. 3.06831289221e+14 0 0
16.134 1 PPRZ_MODE 2 0 0 0 0 6
16.139 1 GPS 0 1717368064 0 0 -17000 0 0 0 41000 14 2
16.142 1 SVINFO 2 13 16 1 0 -91 0
16.240 1 DESIRED 0. 0.02 0. 0. 0. 235. 0. 12.
16.243 1 ATTITUDE 0.057296 -0.900606 -0.036017
16.245 1 CALIBRATION 0. 0
16.312 1 NAVIGATION 0 2 16621114. -5529002. 0. 3.06831289221e+14 0 0
16.328 1 PPRZ_MODE 2 0 0 0 0 6
16.332 1 BAT 0 39 0 0 1 18 0 0
16.434 1 DESIRED 0. 0.02 0. 0. 0. 235. 0. 12.
16.528 1 PPRZ_MODE 2 0 0 0 0 6
16.531 1 IMU_ACCEL 0.53125 -9.829102 0.205078
16.562 1 NAVIGATION 0 2 16621114. -5529002. 0. 3.06831289221e+14 0 0
16.638 1 DESIRED 0. 0.02 0. 0. 0. 235. 0. 12.
16.640 1 IMU_GYRO -0.047852 0.003174 -0.008301
16.724 1 PPRZ_MODE 2 0 0 0 0 6
16.805 1 DOWNLINK_STATUS 0 17 9209 422 1 520. 23. 102.14
16.813 1 NAVIGATION 0 2 16621114. -5529002. 0. 3.06831289221e+14 0 0
16.834 1 DESIRED 0. 0.02 0. 0. 0. 235. 0. 12.
16.923 1 PPRZ_MODE 2 0 0 0 0 6
17.034 1 DESIRED 0. 0.02 0. 0. 0. 235. 0. 12.
17.062 1 NAVIGATION 0 2 16621114. -5529002. 0. 3.06831289221e+14 0 0
17.136 1 PPRZ_MODE 2 0 0 0 0 6
17.141 1 GPS 0 1717368064 0 0 -17000 0 0 0 42000 14 3
17.144 1 SVINFO 3 14 16 1 0 -91 0
17.146 1 DL_VALUE 1 0.
17.251 1 DESIRED 0. 0.02 0. 0. 0. 235. 0. 12.
17.254 1 ATTITUDE 0.057326 -0.90028 -0.036014
17.257 1 IMU_MAG -0.199219 -0.030273 0.206055
17.259 1 ESTIMATOR -17. 0.
17.261 1 STATE_FILTER_STATUS 3 0
17.264 1 ENERGY 4. 0. 0 0.
17.312 1 NAVIGATION 0 2 16621114. -5529002. 0. 3.06831289221e+14 0 0
17.327 1 PPRZ_MODE 2 0 0 0 0 6
17.330 1 GPS_SOL 649560064 100000 9999 0
17.438 1 DESIRED 0. 0.02 0. 0. 0. 235. 0. 12.
17.442 1 BAT 0 39 0 0 1 19 0 0
17.527 1 PPRZ_MODE 2 0 0 0 0 6
17.530 1 IMU_ACCEL 0.506836 -9.829102 0.37793
17.562 1 NAVIGATION 0 2 16621114. -5529002. 0. 3.06831289221e+14 0 0
17.637 1 DESIRED 0. 0.02 0. 0. 0. 235. 0. 12.
17.640 1 IMU_GYRO -0.047852 0.007324 -0.010498
17.723 1 PPRZ_MODE 2 0 0 0 0 6
17.805 1 DOWNLINK_STATUS 0 18 9774 448 1 565. 26. 102.14
17.813 1 FBW_STATUS 2 0 1 40 0
17.818 1 NAVIGATION 0 2 16621114. -5529002. 0. 3.06831289221e+14 0 0
17.835 1 DESIRED 0. 0.02 0. 0. 0. 235. 0. 12.
17.910 1 COMMANDS 0,-1207,591,0,0,0
17.925 1 PPRZ_MODE 2 0 0 0 0 6
18.009 1 ACTUATORS 1382,1637,1495,1457,1350
18.034 1 DESIRED 0. 0.02 0. 0. 0. 235. 0. 12.
18.062 1 NAVIGATION 0 2 16621114. -5529002. 0. 3.06831289221e+14 0 0
18.137 1 PPRZ_MODE 2 0 0 0 0 6
18.143 1 GPS 0 1717368064 0 0 -17000 0 0 0 43000 14 4
18.145 1 SVINFO 4 16 16 1 0 -91 0
18.148 1 NAVIGATION_REF 552566 5529002 14
18.238 1 DESIRED 0. 0.02 0. 0. 0. 235. 0. 12.
18.241 1 ATTITUDE 0.057392 -0.898932 -0.036187
18.312 1 NAVIGATION 0 2 16621114. -5529002. 0. 3.06831289221e+14 0 0
18.327 1 PPRZ_MODE 2 0 0 0 0 6
18.329 1 CALIBRATION 0. 0
18.434 1 DESIRED 0. 0.02 0. 0. 0. 235. 0. 12.
18.535 1 PPRZ_MODE 2 0 0 0 0 6
18.539 1 IMU_ACCEL 0.641602 -9.847656 0.282227
18.543 1 BAT 0 40 0 0 1 20 0 0
18.546 1 IMU_MAG -0.19043 -0.037109 0.209961
18.562 1 NAVIGATION 0 2 16621114. -5529002. 0. 3.06831289221e+14 0 0
18.640 1 DESIRED 0. 0.02 0. 0. 0. 235. 0. 12.
18.642 1 IMU_GYRO -0.043457 0.00415 -0.012695
18.644 1 DL_VALUE 2 235.
18.724 1 PPRZ_MODE 2 0 0 0 0 6
18.806 1 DOWNLINK_STATUS 0 19 10356 475 1 582. 27. 102.14
18.813 1 NAVIGATION 0 2 16621114. -5529002. 0. 3.06831289221e+14 0 0
18.834 1 DESIRED 0. 0.02 0. 0. 0. 235. 0. 12.
18.924 1 PPRZ_MODE 2 0 0 0 0 6
19.034 1 DESIRED 0. 0.02 0. 0. 0. 235. 0. 12.
19.063 1 NAVIGATION 0 2 16621114. -5529002. 0. 3.06831289221e+14 0 0
19.134 1 PPRZ_MODE 2 0 0 0 0 6
19.140 1 GPS 0 1717368064 0 0 -17000 0 0 0 44000 14 5
19.142 1 SVINFO 5 18 16 1 0 -91 0
19.241 1 DESIRED 0. 0.02 0. 0. 0. 235. 0. 12.
19.244 1 ATTITUDE 0.057668 -0.898688 -0.035834
19.246 1 ESTIMATOR -17. 0.
19.313 1 NAVIGATION 0 2 16621114. -5529002. 0. 3.06831289221e+14 0 0
19.328 1 PPRZ_MODE 2 0 0 0 0 6
19.331 1 GPS_SOL 649564032 100000 9999 0
19.436 1 DESIRED 0. 0.02 0. 0. 0. 235. 0. 12.
19.438 1 STATE_FILTER_STATUS 3 0
19.528 1 PPRZ_MODE 2 0 0 0 0 6
19.530 1 IMU_ACCEL 0.569336 -9.852539 0.320312
19.563 1 NAVIGATION 0 2 16621114. -5529002. 0. 3.06831289221e+14 0 0
19.642 1 DESIRED 0. 0.02 0. 0. 0. 235. 0. 12.
19.644 1 IMU_GYRO -0.051025 0.009521 -0.012695
19.648 1 BAT 0 39 0 0 1 21 0 0
19.728 1 PPRZ_MODE 2 0 0 0 0 6
19.731 1 ENERGY 3.9 0. 0 0.
19.807 1 DOWNLINK_STATUS 0 20 10892 499 1 536. 24. 102.14
19.814 1 FBW_STATUS 2 0 1 39 0
19.818 1 NAVIGATION 0 2 16621114. -5529002. 0. 3.06831289221e+14 0 0
19.843 1 DESIRED 0. 0.02 0. 0. 0. 235. 0. 12.
19.845 1 IMU_MAG -0.187012 -0.037109 0.186523
19.850 1 ALIVE 167,167,190,240,146,222,166,66,220,231,140,195,10,230,236,97
19.923 1 PPRZ_MODE 2 0 0 0 0 6
20.034 1 DESIRED 0. 0.02 0. 0. 0. 235. 0. 12.
20.063 1 NAVIGATION 0 2 16621114. -5529002. 0. 3.06831289221e+14 0 0
20.136 1 PPRZ_MODE 2 0 0 0 0 6
20.142 1 GPS 0 1717368064 0 0 -17000 0 0 0 45000 14 6
20.144 1 SVINFO 6 20 16 1 0 -91 0
20.146 1 DL_VALUE 3 0.
20.244 1 DESIRED 0. 0.02 0. 0. 0. 235. 0. 12.
20.246 1 ATTITUDE 0.057681 -0.896935 -0.035866
20.251 1 NAVIGATION 0 2 16621114. -5529002. 0. 3.06831289221e+14 0 0
20.312 1 NAVIGATION 0 2 16621114. -5529002. 0. 3.06831289221e+14 0 0
20.367 1 PPRZ_MODE 2 0 0 0 0 6
20.371 1 WP_MOVED 2 552424.625 5528826.5 260. 14
20.402 1 PONG 
20.438 1 DESIRED 0. 0.02 0. 0. 0. 235. 0. 12.
20.440 1 CALIBRATION 0. 0
20.442 1 DOWNLINK 0 559 578
20.527 1 PPRZ_MODE 2 0 0 0 0 6
20.530 1 IMU_ACCEL 0.55957 -9.824219 0.339844
20.562 1 NAVIGATION 0 2 16621114. -5529002. 0. 3.06831289221e+14 0 0
20.637 1 DESIRED 0. 0.02 0. 0. 0. 235. 0. 12.
20.640 1 IMU_GYRO -0.049805 0.007324 -0.010498
20.728 1 PPRZ_MODE 2 0 0 0 0 6
20.731 1 BAT 0 40 0 0 1 22 0 0
20.808 1 DOWNLINK_STATUS 0 21 11509 528 1 617. 29. 107.9
20.812 1 NAVIGATION 0 2 16621114. -5529002. 0. 3.06831289221e+14 0 0
20.833 1 DESIRED 0. 0.02 0. 0. 0. 235. 0. 12.
20.923 1 PPRZ_MODE 2 0 0 0 0 6
21.033 1 DESIRED 0. 0.02 0. 0. 0. 235. 0. 12.
21.062 1 NAVIGATION 0 2 16621114. -5529002. 0. 3.06831289221e+14 0 0
21.137 1 PPRZ_MODE 2 0 0 0 0 6
21.143 1 GPS 0 1717368064 0 0 -17000 0 0 0 46000 14 7
21.146 1 SVINFO 7 22 16 1 0 -91 0
21.149 1 IMU_MAG -0.193848 -0.035645 0.200195
21.240 1 DESIRED 0. 0.02 0. 0. 0. 235. 0. 12.
21.244 1 ATTITUDE 0.0576 -0.896791 -0.035718
21.246 1 ESTIMATOR -17. 0.
21.312 1 NAVIGATION 0 2 16621114. -5529002. 0. 3.06831289221e+14 0 0
21.327 1 PPRZ_MODE 2 0 0 0 0 6
21.330 1 GPS_SOL 649568192 100000 9999 0
21.434 1 DESIRED 0. 0.02 0. 0. 0. 235. 0. 12.
21.527 1 PPRZ_MODE 2 0 0 0 0 6
21.530 1 IMU_ACCEL 0.50293 -9.847656 0.397461
21.562 1 NAVIGATION 0 2 16621114. -5529002. 0. 3.06831289221e+14 0 0
21.642 1 DESIRED 0. 0.02 0. 0. 0. 235. 0. 12.
21.645 1 IMU_GYRO -0.049805 0.009521 -0.011475
21.647 1 DL_VALUE 4 0.
21.649 1 STATE_FILTER_STATUS 3 0
21.724 1 PPRZ_MODE 2 0 0 0 0 6
21.808 1 DOWNLINK_STATUS 0 22 12033 552 1 524. 24. 107.9
21.813 1 FBW_STATUS 2 0 1 39 0
21.818 1 NAVIGATION 0 2 16621114. -5529002. 0. 3.06831289221e+14 0 0
21.838 1 DESIRED 0. 0.02 0. 0. 0. 235. 0. 12.
21.842 1 BAT 0 40 0 0 1 24 0 0
21.924 1 PPRZ_MODE 2 0 0 0 0 6
22.034 1 DESIRED 0. 0.02 0. 0. 0. 235. 0. 12.
22.062 1 NAVIGATION 0 2 16621114. -5529002. 0. 3.06831289221e+14 0 0
22.134 1 PPRZ_MODE 2 0 0 0 0 6
22.139 1 GPS 0 1717368064 0 0 -17000 0 0 0 47000 14 8
22.142 1 SVINFO 8 23 16 1 0 -91 0
22.242 1 DESIRED 0. 0.02 0. 0. 0. 235. 0. 12.
22.245 1 ATTITUDE 0.057569 -0.895538 -0.03583
22.249 1 ENERGY 4. 0. 0 0.
22.312 1 NAVIGATION 0 2 16621114. -5529002. 0. 3.06831289221e+14 0 0
22.326 1 PPRZ_MODE 2 0 0 0 0 6
22.438 1 DESIRED 0. 0.02 0. 0. 0. 235. 0. 12.
22.441 1 IMU_MAG -0.197266 -0.037109 0.22168
22.530 1 PPRZ_MODE 2 0 0 0 0 6
22.533 1 IMU_ACCEL 0.536133 -9.814453 0.31543
22.534 1 CALIBRATION 0. 0
22.562 1 NAVIGATION 0 2 16621114. -5529002. 0. 3.06831289221e+14 0 0
22.638 1 DESIRED 0. 0.02 0. 0. 0. 235. 0. 12.
22.640 1 IMU_GYRO -0.049805 0.008301 -0.013672
22.723 1 PPRZ_MODE 2 0 0 0 0 6
22.808 1 DOWNLINK_STATUS 0 23 12573 576 1 540. 24. 107.9
22.812 1 NAVIGATION 0 2 16621114. -5529002. 0. 3.06831289221e+14 0 0
22.834 1 DESIRED 0. 0.02 0. 0. 0. 235. 0. 12.
22.909 1 COMMANDS 0,-1208,578,0,0,0
22.927 1 PPRZ_MODE 2 0 0 0 0 6
22.931 1 BAT 0 39 0 0 1 25 0 0
23.008 1 ACTUATORS 1382,1637,1495,1457,1350
23.034 1 DESIRED 0. 0.02 0. 0. 0. 235. 0. 12.
23.061 1 NAVIGATION 0 2 16621114. -5529002. 0. 3.06831289221e+14 0 0
23.135 1 PPRZ_MODE 2 0 0 0 0 6
23.142 1 GPS 0 1717368064 0 0 -17000 0 0 0 48000 14 9
23.143 1 SVINFO 9 24 16 1 0 -91 0
23.145 1 DL_VALUE 5 0.
23.241 1 DESIRED 0. 0.02 0. 0. 0. 235. 0. 12.
23.243 1 ATTITUDE 0.057491 -0.895196 -0.036038
23.246 1 ESTIMATOR -17. 0.
23.312 1 NAVIGATION 0 2 16621114. -5529002. 0. 3.06831289221e+14 0 0
23.327 1 PPRZ_MODE 2 0 0 0 0 6
23.329 1 GPS_SOL 649572544 100000 9999 0
23.434 1 DESIRED 0. 0.02 0. 0. 0. 235. 0. 12.
23.527 1 PPRZ_MODE 2 0 0 0 0 6
23.530 1 IMU_ACCEL 0.483398 -9.833008 0.330078
23.562 1 NAVIGATION 0 2 16621114. -5529002. 0. 3.06831289221e+14 0 0
23.638 1 DESIRED 0. 0.02 0. 0. 0. 235. 0. 12.
23.640 1 IMU_GYRO -0.047852 0.007324 -0.012695
23.727 1 PPRZ_MODE 2 0 0 0 0 6
23.730 1 IMU_MAG -0.19043 -0.037109 0.19043
23.809 1 DOWNLINK_STATUS 0 24 13145 602 1 572. 26. 107.9
23.813 1 FBW_STATUS 2 0 1 40 0
23.817 1 NAVIGATION 0 2 16621114. -5529002. 0. 3.06831289221e+14 0 0
23.835 1 DESIRED 0. 0.02 0. 0. 0. 235. 0. 12.
23.837 1 STATE_FILTER_STATUS 3 0
23.923 1 PPRZ_MODE 2 0 0 0 0 6
24.038 1 DESIRED 0. 0.02 0. 0. 0. 235. 0. 12.
24.042 1 BAT 0 39 0 0 1 26 0 0
24.062 1 NAVIGATION 0 2 16621114. -5529002. 0. 3.06831289221e+14 0 0
24.134 1 PPRZ_MODE 2 0 0 0 0 6
24.140 1 GPS 0 1717368064 0 0 -17000 0 0 0 49000 14 10
24.142 1 SVINFO 10 25 16 1 0 -91 0
24.238 1 DESIRED 0. 0.02 0. 0. 0. 235. 0. 12.
24.240 1 ATTITUDE 0.057358 -0.894311 -0.036329
24.312 1 NAVIGATION 0 2 16621114. -5529002. 0. 3.06831289221e+14 0 0
24.325 1 PPRZ_MODE 2 0 0 0 0 6
24.433 1 DESIRED 0. 0.02 0. 0. 0. 235. 0. 12.
24.527 1 PPRZ_MODE 2 0 0 0 0 6
24.530 1 IMU_ACCEL 0.493164 -9.829102 0.368164
24.562 1 NAVIGATION 0 2 16621114. -5529002. 0. 3.06831289221e+14 0 0
24.642 1 DESIRED 0. 0.02 0. 0. 0. 235. 0. 12.
24.645 1 IMU_GYRO -0.051025 0.008301 -0.012695
24.647 1 DL_VALUE 6 80.
24.649 1 CALIBRATION 0. 0
24.727 1 PPRZ_MODE 2 0 0 0 0 6
24.731 1 ENERGY 4. 0. 0 0.
24.809 1 DOWNLINK_STATUS 0 25 13687 627 1 542. 25. 107.9
24.812 1 NAVIGATION 0 2 16621114. -5529002. 0. 3.06831289221e+14 0 0
24.838 1 DESIRED 0. 0.02 0. 0. 0. 235. 0. 12.
24.842 1 ALIVE 167,167,190,240,146,222,166,66,220,231,140,195,10,230,236,97
24.923 1 PPRZ_MODE 2 0 0 0 0 6
25.037 1 DESIRED 0. 0.02 0. 0. 0. 235. 0. 12.
25.040 1 IMU_MAG -0.195801 -0.033691 0.211914
25.062 1 NAVIGATION 0 2 16621114. -5529002. 0. 3.06831289221e+14 0 0
25.138 1 PPRZ_MODE 2 0 0 0 0 6
25.143 1 GPS 0 1717368064 0 0 -17000 0 0 0 50000 14 11
25.146 1 SVINFO 11 26 16 1 0 -91 0
25.149 1 BAT 0 39 0 0 1 27 0 0
25.240 1 DESIRED 0. 0.02 0. 0. 0. 235. 0. 12.
25.243 1 ATTITUDE 0.057239 -0.894197 -0.036225
25.246 1 ESTIMATOR -17. 0.
25.312 1 NAVIGATION 0 2 16621114. -5529002. 0. 3.06831289221e+14 0 0
25.388 1 PPRZ_MODE 2 0 0 0 0 6
25.391 1 GPS_SOL 649577088 100000 9999 0
25.422 1 PONG 
25.445 1 DESIRED 0. 0.02 0. 0. 0. 235. 0. 12.
25.530 1 PPRZ_MODE 2 0 0 0 0 6
25.533 1 IMU_ACCEL 0.498047 -9.833008 0.310547
25.535 1 DOWNLINK 0 547 706
25.562 1 NAVIGATION 0 2 16621114. -5529002. 0. 3.06831289221e+14 0 0
25.637 1 DESIRED 0. 0.02 0. 0. 0. 235. 0. 12.
25.640 1 IMU_GYRO -0.049805 0.009521 -0.011475
25.723 1 PPRZ_MODE 2 0 0 0 0 6
25.810 1 DOWNLINK_STATUS 0 26 14252 653 1 565. 26. 126.51
25.813 1 FBW_STATUS 2 0 1 40 0
25.818 1 NAVIGATION 0 2 16621114. -5529002. 0. 3.06831289221e+14 0 0
25.835 1 DESIRED 0. 0.02 0. 0. 0. 235. 0. 12.
25.923 1 PPRZ_MODE 2 0 0 0 0 6
26.035 1 DESIRED 0. 0.02 0. 0. 0. 235. 0. 12.
26.037 1 STATE_FILTER_STATUS 3 0
26.062 1 NAVIGATION 0 2 16621114. -5529002. 0. 3.06831289221e+14 0 0
26.136 1 PPRZ_MODE 2 0 0 0 0 6
26.142 1 GPS 0 1717368064 0 0 -17000 0 0 0 51000 14 12
26.144 1 SVINFO 12 27 16 1 0 -91 0
26.146 1 DL_VALUE 7 2.
26.242 1 DESIRED 0. 0.02 0. 0. 0. 235. 0. 12.
26.245 1 ATTITUDE 0.057168 -0.894151 -0.036464
26.249 1 BAT 0 39 0 0 1 28 0 0
26.312 1 NAVIGATION 0 2 16621114. -5529002. 0. 3.06831289221e+14 0 0
26.327 1 PPRZ_MODE 2 0 0 0 0 6
26.330 1 IMU_MAG -0.19043 -0.033691 0.211914
26.434 1 DESIRED 0. 0.02 0. 0. 0. 235. 0. 12.
26.527 1 PPRZ_MODE 2 0 0 0 0 6
26.530 1 IMU_ACCEL 0.516602 -9.833008 0.325195
26.562 1 NAVIGATION 0 2 16621114. -5529002. 0. 3.06831289221e+14 0 0
26.638 1 DESIRED 0. 0.02 0. 0. 0. 235. 0. 12.
26.641 1 IMU_GYRO -0.049805 0.008301 -0.011475
26.725 1 PPRZ_MODE 2 0 0 0 0 6
26.727 1 CALIBRATION 0. 0
26.811 1 DOWNLINK_STATUS 0 27 14792 678 1 540. 25. 126.51
26.812 1 NAVIGATION 0 2 16621114. -5529002. 0. 3.06831289221e+14 0 0
26.834 1 DESIRED 0. 0.02 0. 0. 0. 235. 0. 12.
26.923 1 PPRZ_MODE 2 0 0 0 0 6
27.034 1 DESIRED 0. 0.02 0. 0. 0. 235. 0. 12.
27.062 1 NAVIGATION 0 2 16621114. -5529002. 0. 3.06831289221e+14 0 0
27.136 1 PPRZ_MODE 2 0 0 0 0 6
27.143 1 GPS 0 1717368064 0 0 -17000 0 0 0 52000 14 13
27.144 1 SVINFO 13 29 16 1 0 -91 0
27.147 1 NAVIGATION_REF 552566 5529002 14
27.245 1 DESIRED 0. 0.02 0. 0. 0. 235. 0. 12.
27.248 1 ATTITUDE 0.057064 -0.895215 -0.036649
27.250 1 ESTIMATOR -17. 0.
27.253 1 ENERGY 3.9 0. 0 0.
27.312 1 NAVIGATION 0 2 16621114. -5529002. 0. 3.06831289221e+14 0 0
27.331 1 PPRZ_MODE 2 0 0 0 0 6
27.334 1 BAT 0 39 0 0 1 29 0 0
27.337 1 GPS_SOL 649581824 100000 9999 0
27.433 1 DESIRED 0. 0.02 0. 0. 0. 235. 0. 12.
27.526 1 PPRZ_MODE 2 0 0 0 0 6
27.530 1 IMU_ACCEL 0.516602 -9.852539 0.334961
27.562 1 NAVIGATION 0 2 16621114. -5529002. 0. 3.06831289221e+14 0 0
27.644 1 DESIRED 0. 0.02 0. 0. 0. 235. 0. 12.
27.646 1 IMU_GYRO -0.051025 0.008301 -0.013672
27.649 1 IMU_MAG -0.188965 -0.040527 0.202148
27.651 1 DL_VALUE 8 0.
27.723 1 PPRZ_MODE 2 0 0 0 0 6
27.811 1 DOWNLINK_STATUS 0 28 15363 704 1 571. 26. 126.51
27.812 1 FBW_STATUS 2 0 1 39 0
27.818 1 NAVIGATION 0 2 16621114. -5529002. 0. 3.06831289221e+14 0 0
27.835 1 DESIRED 0. 0.02 0. 0. 0. 235. 0. 12.
27.909 1 COMMANDS 0,-1196,602,0,0,0
27.924 1 PPRZ_MODE 2 0 0 0 0 6
28.008 1 ACTUATORS 1382,1638,1495,1457,1350
28.034 1 DESIRED 0. 0.02 0. 0. 0. 235. 0. 12.
28.062 1 NAVIGATION 0 2 16621114. -5529002. 0. 3.06831289221e+14 0 0
28.133 1 PPRZ_MODE 2 0 0 0 0 6
28.138 1 GPS 0 1717368064 0 0 -17000 0 0 0 53000 14 14
28.141 1 SVINFO 14 30 16 1 0 -91 0
28.239 1 DESIRED 0. 0.02 0. 0. 0. 235. 0. 12.
28.241 1 ATTITUDE 0.057056 -0.895486 -0.036868
28.243 1 STATE_FILTER_STATUS 3 0
28.312 1 NAVIGATION 0 2 16621114. -5529002. 0. 3.06831289221e+14 0 0
28.325 1 PPRZ_MODE 2 0 0 0 0 6
28.438 1 DESIRED 0. 0.02 0. 0. 0. 235. 0. 12.
28.440 1 BAT 0 40 0 0 1 30 0 0
28.526 1 PPRZ_MODE 2 0 0 0 0 6
28.530 1 IMU_ACCEL 0.526367 -9.857422 0.296875
28.562 1 NAVIGATION 0 2 16621114. -5529002. 0. 3.06831289221e+14 0 0
28.637 1 DESIRED 0. 0.02 0. 0. 0. 235. 0. 12.
28.640 1 IMU_GYRO -0.049805 0.008301 -0.011475
28.722 1 PPRZ_MODE 2 0 0 0 0 6
28.812 1 NAVIGATION 0 2 16621114. -5529002. 0. 3.06831289221e+14 0 0
28.812 1 DOWNLINK_STATUS 0 29 15925 729 1 562. 25. 126.51
28.836 1 DESIRED 0. 0.02 0. 0. 0. 235. 0. 12.
28.837 1 CALIBRATION 0. 0
28.926 1 PPRZ_MODE 2 0 0 0 0 6
28.929 1 IMU_MAG -0.192383 -0.033691 0.198242
29.034 1 DESIRED 0. 0.02 0. 0. 0. 235. 0. 12.
29.061 1 NAVIGATION 0 2 16621114. -5529002. 0. 3.06831289221e+14 0 0
29.135 1 PPRZ_MODE 2 0 0 0 0 6
29.141 1 GPS 0 1717368064 0 0 -17000 0 0 0 54000 14 15
29.143 1 SVINFO 15 31 16 1 0 -91 0
29.145 1 DL_VALUE 9 1.
29.240 1 DESIRED 0. 0.02 0. 0. 0. 235. 0. 12.
29.242 1 ATTITUDE 0.05697 -0.896276 -0.036915
29.245 1 ESTIMATOR -17. 0.
29.311 1 NAVIGATION 0 2 16621114. -5529002. 0. 3.06831289221e+14 0 0
29.326 1 PPRZ_MODE 2 0 0 0 0 6
29.329 1 GPS_SOL 649586688 100000 9999 0
29.434 1 DESIRED 0. 0.02 0. 0. 0. 235. 0. 12.
29.531 1 PPRZ_MODE 2 0 0 0 0 6
29.534 1 IMU_ACCEL 0.545898 -9.837891 0.344727
29.538 1 BAT 0 39 0 0 1 31 0 0
29.561 1 NAVIGATION 0 2 16621114. -5529002. 0. 3.06831289221e+14 0 0
29.637 1 DESIRED 0. 0.02 0. 0. 0. 235. 0. 12.
29.640 1 IMU_GYRO -0.049805 0.008301 -0.011475
29.727 1 PPRZ_MODE 2 0 0 0 0 6
29.730 1 ENERGY 3.9 0. 0 0.
29.812 1 FBW_STATUS 2 0 1 39 0
29.813 1 DOWNLINK_STATUS 0 30 16481 755 1 556. 26. 126.51
29.817 1 NAVIGATION 0 2 16621114. -5529002. 0. 3.06831289221e+14 0 0
29.837 1 DESIRED 0. 0.02 0. 0. 0. 235. 0. 12.
29.841 1 ALIVE 167,167,190,240,146,222,166,66,220,231,140,195,10,230,236,97
29.923 1 PPRZ_MODE 2 0 0 0 0 6
30.033 1 DESIRED 0. 0.02 0. 0. 0. 235. 0. 12.
30.061 1 NAVIGATION 0 2 16621114. -5529002. 0. 3.06831289221e+14 0 0
30.133 1 PPRZ_MODE 2 0 0 0 0 6
30.138 1 GPS 0 1717368064 0 0 -17000 0 0 0 55000 14 16
30.141 1 SVINFO 0 2 16 1 0 -91 0
30.246 1 DESIRED 0. 0.02 0. 0. 0. 235. 0. 12.
30.249 1 ATTITUDE 0.056854 -0.896202 -0.036893
30.252 1 IMU_MAG -0.197266 -0.035645 0.21582
30.257 1 NAVIGATION 0 2 16621114. -5529002. 0. 3.06831289221e+14 0 0
30.311 1 NAVIGATION 0 2 16621114. -5529002. 0. 3.06831289221e+14 0 0
30.356 1 PPRZ_MODE 2 0 0 0 0 6
30.397 1 PONG 
30.435 1 DESIRED 0. 0.02 0. 0. 0. 235. 0. 12.
30.436 1 STATE_FILTER_STATUS 3 0
30.527 1 PPRZ_MODE 2 0 0 0 0 6
30.530 1 IMU_ACCEL 0.511719 -9.857422 0.301758
30.561 1 NAVIGATION 0 2 16621114. -5529002. 0. 3.06831289221e+14 0 0
30.646 1 DESIRED 0. 0.02 0. 0. 0. 235. 0. 12.
30.649 1 IMU_GYRO -0.051025 0.009521 -0.011475
30.652 1 BAT 0 39 0 0 1 32 0 0
30.654 1 DL_VALUE 10 0.
30.656 1 DOWNLINK 0 566 838
30.723 1 PPRZ_MODE 2 0 0 0 0 6
30.811 1 NAVIGATION 0 2 16621114. -5529002. 0. 3.06831289221e+14 0 0
30.813 1 DOWNLINK_STATUS 0 31 17087 783 1 606. 28. 101.56
30.833 1 DESIRED 0. 0.02 0. 0. 0. 235. 0. 12.
30.925 1 PPRZ_MODE 2 0 0 0 0 6
30.927 1 CALIBRATION 0. 0
31.033 1 DESIRED 0. 0.02 0. 0. 0. 235. 0. 12.
31.061 1 NAVIGATION 0 2 16621114. -5529002. 0. 3.06831289221e+14 0 0
31.133 1 PPRZ_MODE 2 0 0 0 0 6
31.138 1 GPS 0 1717368064 0 0 -17000 0 0 0 56000 14 1
31.141 1 SVINFO 1 14 16 1 0 -91 0
31.240 1 DESIRED 0. 0.02 0. 0. 0. 235. 0. 12.
31.243 1 ATTITUDE 0.05679 -0.89678 -0.037082
31.245 1 ESTIMATOR -17. 0.
31.311 1 NAVIGATION 0 2 16621114. -5529002. 0. 3.06831289221e+14 0 0
31.326 1 PPRZ_MODE 2 0 0 0 0 6
31.329 1 GPS_SOL 649591808 100000 9999 0
31.433 1 DESIRED 0. 0.02 0. 0. 0. 235. 0. 12.
31.530 1 PPRZ_MODE 2 0 0 0 0 6
31.534 1 IMU_ACCEL 0.536133 -9.842773 0.301758
31.537 1 IMU_MAG -0.19043 -0.039062 0.200195
31.561 1 NAVIGATION 0 2 16621114. -5529002. 0. 3.06831289221e+14 0 0
31.636 1 DESIRED 0. 0.02 0. 0. 0. 235. 0. 12.
31.640 1 IMU_GYRO -0.049805 0.009521 -0.012695
31.727 1 PPRZ_MODE 2 0 0 0 0 6
31.731 1 BAT 0 40 0 0 1 33 0 0
31.813 1 FBW_STATUS 2 0 1 40 0
31.813 1 DOWNLINK_STATUS 0 32 17612 807 1 525. 24. 101.56
31.817 1 NAVIGATION 0 2 16621114. -5529002. 0. 3.06831289221e+14 0 0
31.834 1 DESIRED 0. 0.02 0. 0. 0. 235. 0. 12.
31.923 1 PPRZ_MODE 2 0 0 0 0 6
32.033 1 DESIRED 0. 0.02 0. 0. 0. 235. 0. 12.
32.061 1 NAVIGATION 0 2 16621114. -5529002. 0. 3.06831289221e+14 0 0
32.135 1 PPRZ_MODE 2 0 0 0 0 6
32.141 1 GPS 0 1717368064 0 0 -17000 0 0 0 57000 14 2
32.143 1 SVINFO 2 17 16 1 0 -91 0
32.145 1 DL_VALUE 0 0.
32.241 1 DESIRED 0. 0.02 0. 0. 0. 235. 0. 12.
32.244 1 ATTITUDE 0.056808 -0.895735 -0.037055
32.248 1 ENERGY 4. 0. 0 0.
32.311 1 NAVIGATION 0 2 16621114. -5529002. 0. 3.06831289221e+14 0 0
32.325 1 PPRZ_MODE 2 0 0 0 0 6
32.433 1 DESIRED 0. 0.02 0. 0. 0. 235. 0. 12.
32.527 1 PPRZ_MODE 2 0 0 0 0 6
32.530 1 IMU_ACCEL 0.612305 -9.943359 0.310547
32.561 1 NAVIGATION 0 2 16621114. -5529002. 0. 3.06831289221e+14 0 0
32.639 1 DESIRED 0. 0.02 0. 0. 0. 235. 0. 12.
32.642 1 IMU_GYRO -0.046631 0.00415 -0.012695
32.642 1 STATE_FILTER_STATUS 3 0
32.723 1 PPRZ_MODE 2 0 0 0 0 6
32.812 1 NAVIGATION 0 2 16621114. -5529002. 0. 3.06831289221e+14 0 0
32.813 1 DOWNLINK_STATUS 0 33 18133 830 1 521. 23. 101.56
32.841 1 DESIRED 0. 0.02 0. 0. 0. 235. 0. 12.
32.845 1 BAT 0 39 0 0 1 35 0 0
32.848 1 IMU_MAG -0.185547 -0.032227 0.200195
32.909 1 COMMANDS 0,-1190,606,0,0,0
32.924 1 PPRZ_MODE 2 0 0 0 0 6
33.008 1 ACTUATORS 1382,1637,1496,1457,1350
33.035 1 DESIRED 0. 0.02 0. 0. 0. 235. 0. 12.
33.037 1 CALIBRATION 0. 0
33.062 1 NAVIGATION 0 2 16621114. -5529002. 0. 3.06831289221e+14 0 0
33.133 1 PPRZ_MODE 2 0 0 0 0 6
33.139 1 GPS 0 1717368064 0 0 -17000 0 0 0 58000 14 3
33.141 1 SVINFO 3 17 16 1 0 -91 0
33.240 1 DESIRED 0. 0.02 0. 0. 0. 235. 0. 12.
33.243 1 ATTITUDE 0.05672 -0.896018 -0.037274
33.245 1 ESTIMATOR -17. 0.
33.312 1 NAVIGATION 0 2 16621114. -5529002. 0. 3.06831289221e+14 0 0
33.327 1 PPRZ_MODE 2 0 0 0 0 6
33.330 1 GPS_SOL 649597056 100000 9999 0
33.433 1 DESIRED 0. 0.02 0. 0. 0. 235. 0. 12.
33.526 1 PPRZ_MODE 2 0 0 0 0 6
33.529 1 IMU_ACCEL 0.516602 -9.819336 0.382812
33.562 1 NAVIGATION 0 2 16621114. -5529002. 0. 3.06831289221e+14 0 0
33.639 1 DESIRED 0. 0.02 0. 0. 0. 235. 0. 12.
33.642 1 IMU_GYRO -0.052002 0.010498 -0.013672
33.644 1 DL_VALUE 1 0.
33.722 1 PPRZ_MODE 2 0 0 0 0 6
33.812 1 FBW_STATUS 2 0 1 39 0
33.813 1 DOWNLINK_STATUS 0 34 18705 857 1 572. 27. 101.56
33.818 1 NAVIGATION 0 2 16621114. -5529002. 0. 3.06831289221e+14 0 0
33.835 1 DESIRED 0. 0.02 0. 0. 0. 235. 0. 12.
33.926 1 PPRZ_MODE 2 0 0 0 0 6
33.930 1 BAT 0 39 0 0 1 36 0 0
34.033 1 DESIRED 0. 0.02 0. 0. 0. 235. 0. 12.
34.062 1 NAVIGATION 0 2 16621114. -5529002. 0. 3.06831289221e+14 0 0
34.136 1 PPRZ_MODE 2 0 0 0 0 6
34.142 1 GPS 0 1717368064 0 0 -17000 0 0 0 59000 14 4
34.144 1 SVINFO 4 9 16 1 0 -91 0
34.147 1 IMU_MAG -0.19043 -0.033691 0.198242
34.236 1 DESIRED 0. 0.02 0. 0. 0. 235. 0. 12.
34.239 1 ATTITUDE 0.056876 -0.895421 -0.037504
34.311 1 NAVIGATION 0 2 16621114. -5529002. 0. 3.06831289221e+14 0 0
34.325 1 PPRZ_MODE 2 0 0 0 0 6
34.433 1 DESIRED 0. 0.02 0. 0. 0. 235. 0. 12.
34.526 1 PPRZ_MODE 2 0 0 0 0 6
34.529 1 IMU_ACCEL 0.631836 -9.80957 0.310547
34.562 1 NAVIGATION 0 2 16621114. -5529002. 0. 3.06831289221e+14 0 0
34.638 1 DESIRED 0. 0.02 0. 0. 0. 235. 0. 12.
34.640 1 IMU_GYRO -0.051025 0.009521 -0.011475
34.726 1 PPRZ_MODE 2 0 0 0 0 6
34.730 1 ENERGY 4. 0. 0 0.
34.812 1 NAVIGATION 0 2 16621114. -5529002. 0. 3.06831289221e+14 0 0
34.814 1 DOWNLINK_STATUS 0 35 19245 880 1 540. 23. 101.56
34.840 1 DESIRED 0. 0.02 0. 0. 0. 235. 0. 12.
34.841 1 STATE_FILTER_STATUS 3 0
34.845 1 ALIVE 167,167,190,240,146,222,166,66,220,231,140,195,10,230,236,97
34.922 1 PPRZ_MODE 2 0 0 0 0 6
35.037 1 DESIRED 0. 0.02 0. 0. 0. 235. 0. 12.
35.040 1 BAT 0 39 0 0 1 37 0 0
35.061 1 NAVIGATION 0 2 16621114. -5529002. 0. 3.06831289221e+14 0 0
35.137 1 PPRZ_MODE 2 0 0 0 0 6
35.143 1 GPS 0 1717368064 0 0 -17000 0 0 0 60000 14 5
35.145 1 SVINFO 5 7 16 1 0 -91 0
35.147 1 DL_VALUE 2 235.
35.149 1 CALIBRATION 0. 0
35.239 1 DESIRED 0. 0.02 0. 0. 0. 235. 0. 12.
35.242 1 ATTITUDE 0.056832 -0.89588 -0.037424
35.245 1 ESTIMATOR -17. 0.
35.311 1 NAVIGATION 0 2 16621114. -5529002. 0. 3.06831289221e+14 0 0
35.390 1 PPRZ_MODE 2 0 0 0 0 6
35.393 1 GPS_SOL 649602560 100000 9999 0
35.424 1 PONG 
35.448 1 DESIRED 0. 0.02 0. 0. 0. 235. 0. 12.
35.451 1 IMU_MAG -0.19043 -0.040527 0.198242
35.526 1 PPRZ_MODE 2 0 0 0 0 6
35.529 1 IMU_ACCEL 0.541016 -9.829102 0.344727
35.561 1 NAVIGATION 0 2 16621114. -5529002. 0. 3.06831289221e+14 0 0
35.636 1 DESIRED 0. 0.02 0. 0. 0. 235. 0. 12.
35.639 1 IMU_GYRO -0.051025 0.008301 -0.011475
35.725 1 PPRZ_MODE 2 0 0 0 0 6
35.726 1 DOWNLINK 0 542 965
35.812 1 FBW_STATUS 2 0 1 40 0
35.814 1 DOWNLINK_STATUS 0 36 19830 909 1 585. 29. 127.75
35.817 1 NAVIGATION 0 2 16621114. -5529002. 0. 3.06831289221e+14 0 0
35.833 1 DESIRED 0. 0.02 0. 0. 0. 235. 0. 12.
35.922 1 PPRZ_MODE 2 0 0 0 0 6
36.032 1 DESIRED 0. 0.02 0. 0. 0. 235. 0. 12.
36.061 1 NAVIGATION 0 2 16621114. -5529002. 0. 3.06831289221e+14 0 0
36.140 1 PPRZ_MODE 2 0 0 0 0 6
36.145 1 GPS 0 1717368064 0 0 -17000 0 0 0 61000 14 6
36.148 1 SVINFO 6 9 16 1 0 -91 0
36.152 1 BAT 0 40 0 0 1 38 0 0
36.154 1 NAVIGATION_REF 552566 5529002 14
36.236 1 DESIRED 0. 0.02 0. 0. 0. 235. 0. 12.
36.239 1 ATTITUDE 0.056849 -0.896368 -0.037392
36.311 1 NAVIGATION 0 2 16621114. -5529002. 0. 3.06831289221e+14 0 0
36.325 1 PPRZ_MODE 2 0 0 0 0 6
36.432 1 DESIRED 0. 0.02 0. 0. 0. 235. 0. 12.
36.526 1 PPRZ_MODE 2 0 0 0 0 6
36.529 1 IMU_ACCEL 0.541016 -9.857422 0.296875
36.561 1 NAVIGATION 0 2 16621114. -5529002. 0. 3.06831289221e+14 0 0
36.639 1 DESIRED 0. 0.02 0. 0. 0. 235. 0. 12.
36.642 1 IMU_GYRO -0.051025 0.008301 -0.012695
36.644 1 DL_VALUE 3 0.
36.726 1 PPRZ_MODE 2 0 0 0 0 6
36.729 1 IMU_MAG -0.193848 -0.032227 0.211914
36.811 1 NAVIGATION 0 2 16621114. -5529002. 0. 3.06831289221e+14 0 0
36.815 1 DOWNLINK_STATUS 0 37 20376 933 1 546. 24. 127.75
36.832 1 DESIRED 0. 0.02 0. 0. 0. 235. 0. 12.
36.922 1 PPRZ_MODE 2 0 0 0 0 6
37.034 1 DESIRED 0. 0.02 0. 0. 0. 235. 0. 12.
37.036 1 STATE_FILTER_STATUS 3 0
37.061 1 NAVIGATION 0 2 16621114. -5529002. 0. 3.06831289221e+14 0 0
37.132 1 PPRZ_MODE 2 0 0 0 0 6
37.138 1 GPS 0 1717368064 0 0 -17000 0 0 0 62000 14 7
37.140 1 SVINFO 7 10 16 1 0 -91 0
37.250 1 DESIRED 0. 0.02 0. 0. 0. 235. 0. 12.
37.254 1 ATTITUDE 0.056765 -0.8972 -0.037247
37.257 1 BAT 0 39 0 0 1 39 0 0
37.260 1 ESTIMATOR -17. 0.
37.262 1 CALIBRATION 0. 0
37.265 1 ENERGY 3.9 0. 0 0.
37.311 1 NAVIGATION 0 2 16621114. -5529002. 0. 3.06831289221e+14 0 0
37.326 1 PPRZ_MODE 2 0 0 0 0 6
37.329 1 GPS_SOL 649608128 100000 9999 0
37.433 1 DESIRED 0. 0.02 0. 0. 0. 235. 0. 12.
37.526 1 PPRZ_MODE 2 0 0 0 0 6
37.529 1 IMU_ACCEL 0.526367 -9.881836 0.287109
37.561 1 NAVIGATION 0 2 16621114. -5529002. 0. 3.06831289221e+14 0 0
37.636 1 DESIRED 0. 0.02 0. 0. 0. 235. 0. 12.
37.639 1 IMU_GYRO -0.046631 0.007324 -0.009521
37.722 1 PPRZ_MODE 2 0 0 0 0 6
37.812 1 FBW_STATUS 2 0 1 40 0
37.815 1 DOWNLINK_STATUS 0 38 20912 958 1 536. 25. 127.75
37.817 1 NAVIGATION 0 2 16621114. -5529002. 0. 3.06831289221e+14 0 0
37.834 1 DESIRED 0. 0.02 0. 0. 0. 235. 0. 12.
37.908 1 COMMANDS 0,-1193,616,0,0,0
37.923 1 PPRZ_MODE 2 0 0 0 0 6
38.008 1 ACTUATORS 1382,1636,1496,1457,1350
38.036 1 DESIRED 0. 0.02 0. 0. 0. 235. 0. 12.
38.040 1 IMU_MAG -0.188965 -0.035645 0.213867
38.061 1 NAVIGATION 0 2 16621114. -5529002. 0. 3.06831289221e+14 0 0
38.135 1 PPRZ_MODE 2 0 0 0 0 6
38.141 1 GPS 0 1717368064 0 0 -17000 0 0 0 63000 14 8
38.143 1 SVINFO 8 11 16 1 0 -91 0
38.145 1 DL_VALUE 4 0.
38.236 1 DESIRED 0. 0.02 0. 0. 0. 235. 0. 12.
38.240 1 ATTITUDE 0.056677 -0.897847 -0.037333
38.311 1 NAVIGATION 0 2 16621114. -5529002. 0. 3.06831289221e+14 0 0
38.327 1 PPRZ_MODE 2 0 0 0 0 6
38.330 1 BAT 0 39 0 0 1 40 0 0
38.433 1 DESIRED 0. 0.02 0. 0. 0. 235. 0. 12.
38.526 1 PPRZ_MODE 2 0 0 0 0 6
38.529 1 IMU_ACCEL 0.521484 -9.833008 0.320312
38.561 1 NAVIGATION 0 2 16621114. -5529002. 0. 3.06831289221e+14 0 0
38.637 1 DESIRED 0. 0.02 0. 0. 0. 235. 0. 12.
38.640 1 IMU_GYRO -0.049805 0.008301 -0.009521
38.723 1 PPRZ_MODE 2 0 0 0 0 6
38.811 1 NAVIGATION 0 2 16621114. -5529002. 0. 3.06831289221e+14 0 0
38.815 1 DOWNLINK_STATUS 0 39 21479 983 1 567. 25. 127.75
38.832 1 DESIRED 0. 0.02 0. 0. 0. 235. 0. 12.
38.923 1 PPRZ_MODE 2 0 0 0 0 6
39.033 1 DESIRED 0. 0.02 0. 0. 0. 235. 0. 12.
39.061 1 NAVIGATION 0 2 16621114. -5529002. 0. 3.06831289221e+14 0 0
39.133 1 PPRZ_MODE 2 0 0 0 0 6
39.138 1 GPS 0 1717368064 0 0 -17000 0 0 0 64000 14 9
39.141 1 SVINFO 9 12 16 1 0 -91 0
39.241 1 DESIRED 0. 0.02 0. 0. 0. 235. 0. 12.
39.245 1 ATTITUDE 0.05667 -0.89864 -0.037233
39.247 1 ESTIMATOR -17. 0.
39.249 1 STATE_FILTER_STATUS 3 0
39.311 1 NAVIGATION 0 2 16621114. -5529002. 0. 3.06831289221e+14 0 0
39.332 1 PPRZ_MODE 2 0 0 0 0 6
39.336 1 IMU_MAG -0.192383 -0.032227 0.198242
39.338 1 GPS_SOL 649614016 100000 9999 0
39.341 1 CALIBRATION 0. 0
39.437 1 DESIRED 0. 0.02 0. 0. 0. 235. 0. 12.
39.441 1 BAT 0 39 0 0 1 41 0 0
39.525 1 PPRZ_MODE 2 0 0 0 0 6
39.529 1 IMU_ACCEL 0.478516 -9.814453 0.387695
39.561 1 NAVIGATION 0 2 16621114. -5529002. 0. 3.06831289221e+14 0 0
39.639 1 DESIRED 0. 0.02 0. 0. 0. 235. 0. 12.
39.641 1 IMU_GYRO -0.049805 0.009521 -0.012695
39.643 1 DL_VALUE 5 0.
39.726 1 PPRZ_MODE 2 0 0 0 0 6
39.731 1 ENERGY 4. 0. 0 0.
39.812 1 FBW_STATUS 2 0 1 40 0
39.816 1 DOWNLINK_STATUS 0 40 22044 1010 1 565. 27. 127.75
39.816 1 NAVIGATION 0 2 16621114. -5529002. 0. 3.06831289221e+14 0 0
39.837 1 DESIRED 0. 0.02 0. 0. 0. 235. 0. 12.
39.841 1 ALIVE 167,167,190,240,146,222,166,66,220,231,140,195,10,230,236,97
39.922 1 PPRZ_MODE 2 0 0 0 0 6
40.032 1 DESIRED 0. 0.02 0. 0. 0. 235. 0. 12.
40.061 1 NAVIGATION 0 2 16621114. -5529002. 0. 3.06831289221e+14 0 0
40.132 1 PPRZ_MODE 2 0 0 0 0 6
40.138 1 GPS 0 1717368064 0 0 -17000 0 0 0 65000 14 10
40.140 1 SVINFO 10 14 16 1 0 -91 0
40.242 1 DESIRED 0. 0.02 0. 0. 0. 235. 0. 12.
40.245 1 ATTITUDE 0.056564 -0.898707 -0.037189
40.249 1 NAVIGATION 0 2 16621114. -5529002. 0. 3.06831289221e+14 0 0
40.311 1 NAVIGATION 0 2 16621114. -5529002. 0. 3.06831289221e+14 0 0
40.358 1 PPRZ_MODE 2 0 0 0 0 6
40.362 1 WP_MOVED 3 552665.875 5529094.5 260. 14
40.407 1 PONG 
40.433 1 DESIRED 0. 0.02 0. 0. 0. 235. 0. 12.
40.531 1 PPRZ_MODE 2 0 0 0 0 6
40.534 1 IMU_ACCEL 0.506836 -9.837891 0.349609
40.537 1 BAT 0 40 0 0 1 42 0 0
40.561 1 NAVIGATION 0 2 16621114. -5529002. 0. 3.06831289221e+14 0 0
40.640 1 DESIRED 0. 0.02 0. 0. 0. 235. 0. 12.
40.642 1 IMU_GYRO -0.049805 0.008301 -0.012695
40.645 1 IMU_MAG -0.192383 -0.033691 0.200195
40.723 1 PPRZ_MODE 2 0 0 0 0 6
40.811 1 NAVIGATION 0 2 16621114. -5529002. 0. 3.06831289221e+14 0 0
40.816 1 DOWNLINK_STATUS 0 41 22639 1036 1 595. 26. 109.74
40.835 1 DESIRED 0. 0.02 0. 0. 0. 235. 0. 12.
40.836 1 DOWNLINK 0 563 1095
40.922 1 PPRZ_MODE 2 0 0 0 0 6
41.032 1 DESIRED 0. 0.02 0. 0. 0. 235. 0. 12.
41.060 1 NAVIGATION 0 2 16621114. -5529002. 0. 3.06831289221e+14 0 0
41.134 1 PPRZ_MODE 2 0 0 0 0 6
41.140 1 GPS 0 1717368064 0 0 -17000 0 0 0 66000 14 11
41.142 1 SVINFO 11 19 16 1 0 -91 0
41.144 1 DL_VALUE 6 80.
41.239 1 DESIRED 0. 0.02 0. 0. 0. 235. 0. 12.
41.242 1 ATTITUDE 0.056501 -0.898534 -0.037297
41.244 1 ESTIMATOR -17. 0.
41.311 1 NAVIGATION 0 2 16621114. -5529002. 0. 3.06831289221e+14 0 0
41.326 1 PPRZ_MODE 2 0 0 0 0 6
41.329 1 GPS_SOL 649619968 100000 9999 0
41.436 1 DESIRED 0. 0.02 0. 0. 0. 235. 0. 12.
41.438 1 CALIBRATION 0. 0
41.440 1 STATE_FILTER_STATUS 3 0
41.526 1 PPRZ_MODE 2 0 0 0 0 6
41.529 1 IMU_ACCEL 0.550781 -9.833008 0.305664
41.561 1 NAVIGATION 0 2 16621114. -5529002. 0. 3.06831289221e+14 0 0
41.640 1 DESIRED 0. 0.02 0. 0. 0. 235. 0. 12.
41.643 1 IMU_GYRO -0.049805 0.008301 -0.011475
41.647 1 BAT 0 39 0 0 1 43 0 0
41.722 1 PPRZ_MODE 2 0 0 0 0 6
41.812 1 FBW_STATUS 2 0 1 40 0
41.816 1 NAVIGATION 0 2 16621114. -5529002. 0. 3.06831289221e+14 0 0
41.816 1 DOWNLINK_STATUS 0 42 23203 1063 1 564. 27. 109.74
41.833 1 DESIRED 0. 0.02 0. 0. 0. 235. 0. 12.
41.926 1 PPRZ_MODE 2 0 0 0 0 6
41.929 1 IMU_MAG -0.192383 -0.035645 0.217773
42.032 1 DESIRED 0. 0.02 0. 0. 0. 235. 0. 12.
42.061 1 NAVIGATION 0 2 16621114. -5529002. 0. 3.06831289221e+14 0 0
42.132 1 PPRZ_MODE 2 0 0 0 0 6
42.138 1 GPS 0 1717368064 0 0 -17000 0 0 0 67000 14 12
42.140 1 SVINFO 12 22 16 1 0 -91 0
42.241 1 DESIRED 0. 0.02 0. 0. 0. 235. 0. 12.
42.244 1 ATTITUDE 0.056407 -0.897654 -0.037131
42.247 1 ENERGY 4. 0. 0 0.
42.311 1 NAVIGATION 0 2 16621114. -5529002. 0. 3.06831289221e+14 0 0
42.325 1 PPRZ_MODE 2 0 0 0 0 6
42.432 1 DESIRED 0. 0.02 0. 0. 0. 235. 0. 12.
42.526 1 PPRZ_MODE 2 0 0 0 0 6
42.529 1 IMU_ACCEL 0.526367 -9.799805 0.282227
42.561 1 NAVIGATION 0 2 16621114. -5529002. 0. 3.06831289221e+14 0 0
42.639 1 DESIRED 0. 0.02 0. 0. 0. 235. 0. 12.
42.642 1 IMU_GYRO -0.052002 0.009521 -0.011475
42.644 1 DL_VALUE 7 2.
42.727 1 PPRZ_MODE 2 0 0 0 0 6
42.731 1 BAT 0 40 0 0 1 44 0 0
42.810 1 NAVIGATION 0 2 16621114. -5529002. 0. 3.06831289221e+14 0 0
42.817 1 DOWNLINK_STATUS 0 43 23728 1086 1 525. 23. 109.74
42.832 1 DESIRED 0. 0.02 0. 0. 0. 235. 0. 12.
42.907 1 COMMANDS 0,-1184,592,0,0,0
42.922 1 PPRZ_MODE 2 0 0 0 0 6
43.007 1 ACTUATORS 1382,1637,1496,1457,1350
43.032 1 DESIRED 0. 0.02 0. 0. 0. 235. 0. 12.
43.060 1 NAVIGATION 0 2 16621114. -5529002. 0. 3.06831289221e+14 0 0
43.132 1 PPRZ_MODE 2 0 0 0 0 6
43.137 1 GPS 0 1717368064 0 0 -17000 0 0 0 68000 14 13
43.140 1 SVINFO 13 23 16 1 0 -91 0
43.242 1 DESIRED 0. 0.02 0. 0. 0. 235. 0. 12.
43.245 1 ATTITUDE 0.056405 -0.898233 -0.036997
43.249 1 IMU_MAG -0.192383 -0.037109 0.194336
43.251 1 ESTIMATOR -17. 0.
43.310 1 NAVIGATION 0 2 16621114. -5529002. 0. 3.06831289221e+14 0 0
43.325 1 PPRZ_MODE 2 0 0 0 0 6
43.328 1 GPS_SOL 649626176 100000 9999 0
43.432 1 DESIRED 0. 0.02 0. 0. 0. 235. 0. 12.
43.528 1 PPRZ_MODE 2 0 0 0 0 6
43.531 1 IMU_ACCEL 0.506836 -9.819336 0.353516
43.533 1 CALIBRATION 0. 0
43.561 1 NAVIGATION 0 2 16621114. -5529002. 0. 3.06831289221e+14 0 0
43.638 1 DESIRED 0. 0.02 0. 0. 0. 235. 0. 12.
43.641 1 IMU_GYRO -0.052002 0.008301 -0.011475
43.643 1 STATE_FILTER_STATUS 3 0
43.722 1 PPRZ_MODE 2 0 0 0 0 6
43.812 1 FBW_STATUS 2 0 1 39 0
43.817 1 NAVIGATION 0 2 16621114. -5529002. 0. 3.06831289221e+14 0 0
43.817 1 DOWNLINK_STATUS 0 44 24303 1113 1 575. 27. 109.74
43.837 1 DESIRED 0. 0.02 0. 0. 0. 235. 0. 12.
43.840 1 BAT 0 40 0 0 1 46 0 0
43.922 1 PPRZ_MODE 2 0 0 0 0 6
44.032 1 DESIRED 0. 0.02 0. 0. 0. 235. 0. 12.
44.061 1 NAVIGATION 0 2 16621114. -5529002. 0. 3.06831289221e+14 0 0
44.134 1 PPRZ_MODE 2 0 0 0 0 6
44.140 1 GPS 0 1717368064 0 0 -17000 0 0 0 69000 14 14
44.141 1 SVINFO 14 27 16 1 0 -91 0
44.143 1 DL_VALUE 8 0.
44.236 1 DESIRED 0. 0.02 0. 0. 0. 235. 0. 12.
44.238 1 ATTITUDE 0.056281 -0.898089 -0.037065
44.311 1 NAVIGATION 0 2 16621114. -5529002. 0. 3.06831289221e+14 0 0
44.324 1 PPRZ_MODE 2 0 0 0 0 6
44.433 1 DESIRED 0. 0.02 0. 0. 0. 235. 0. 12.
44.530 1 PPRZ_MODE 2 0 0 0 0 6
44.532 1 IMU_ACCEL 0.536133 -9.87207 0.334961
44.535 1 IMU_MAG -0.188965 -0.037109 0.211914
44.561 1 NAVIGATION 0 2 16621114. -5529002. 0. 3.06831289221e+14 0 0
44.636 1 DESIRED 0. 0.02 0. 0. 0. 235. 0. 12.
44.639 1 IMU_GYRO -0.051025 0.009521 -0.012695
44.726 1 PPRZ_MODE 2 0 0 0 0 6
44.730 1 ENERGY 4. 0. 0 0.
44.810 1 NAVIGATION 0 2 16621114. -5529002. 0. 3.06831289221e+14 0 0
44.818 1 DOWNLINK_STATUS 0 45 24828 1136 1 525. 23. 109.74
44.837 1 DESIRED 0. 0.02 0. 0. 0. 235. 0. 12.
44.841 1 ALIVE 167,167,190,240,146,222,166,66,220,231,140,195,10,230,236,97
44.926 1 PPRZ_MODE 2 0 0 0 0 6
44.930 1 BAT 0 39 0 0 1 47 0 0
45.032 1 DESIRED 0. 0.02 0. 0. 0. 235. 0. 12.
45.060 1 NAVIGATION 0 2 16621114. -5529002. 0. 3.06831289221e+14 0 0
45.135 1 PPRZ_MODE 2 0 0 0 0 6
45.141 1 GPS 0 1717368064 0 0 -17000 0 0 0 70000 14 15
45.143 1 SVINFO 15 32 16 1 0 -91 0
45.146 1 NAVIGATION_REF 552566 5529002 14
45.239 1 DESIRED 0. 0.02 0. 0. 0. 235. 0. 12.
45.242 1 ATTITUDE 0.056242 -0.898825 -0.037164
45.244 1 ESTIMATOR -17. 0.
45.311 1 NAVIGATION 0 2 16621114. -5529002. 0. 3.06831289221e+14 0 0
45.345 1 PPRZ_MODE 2 0 0 0 0 6
45.348 1 GPS_SOL 649632576 100000 9999 0
45.379 1 PONG 
45.432 1 DESIRED 0. 0.02 0. 0. 0. 235. 0. 12.
45.526 1 PPRZ_MODE 2 0 0 0 0 6
45.529 1 IMU_ACCEL 0.521484 -9.847656 0.287109
45.561 1 NAVIGATION 0 2 16621114. -5529002. 0. 3.06831289221e+14 0 0
45.641 1 DESIRED 0. 0.02 0. 0. 0. 235. 0. 12.
45.644 1 IMU_GYRO -0.051025 0.008301 -0.011475
45.647 1 DL_VALUE 9 1.
45.648 1 CALIBRATION 0. 0
