4.998 1 ATTITUDE 0.066681 -2.196443 -0.039509
5.000 1 PPRZ_MODE 0 0 0 0 0 17
5.006 1 DESIRED 0. 0.01 0. 0. 0. 655. 0. 20.
5.009 1 ESTIMATOR -17. 0.
5.012 1 IMU_GYRO -0.048828 0.007324 -0.007324
5.014 1 CALIBRATION 0. 0
5.017 1 ATTITUDE 0.066685 -2.197372 -0.039513
5.019 1 PPRZ_MODE 0 0 0 0 0 17
5.023 1 WP_MOVED 4 348764.6875 5945795. 660. 12
5.028 1 GPS 0 1130805120 0 0 -17000 0 0 0 11250 12 13
5.031 1 SVINFO 13 14 16 1 0 -91 0
5.035 1 NAVIGATION 0 2 10959186. -5945715. 0. 1.55455284314e+14 0 0
5.038 1 ATTITUDE 0.066644 -2.198732 -0.039515
5.115 1 PPRZ_MODE 0 0 0 0 0 17
5.122 1 DESIRED 0. 0.01 0. 0. 0. 655. 0. 20.
5.231 1 ATTITUDE 0.066617 -2.199852 -0.039505
5.233 1 PPRZ_MODE 0 0 0 0 0 17
5.235 1 DOWNLINK 12 990 577
5.646 1 DOWNLINK_STATUS 0 6 1436 71 0 392. 20. -1.39483013256e+12
6.284 1 ATTITUDE 0.0666 -2.201104 -0.03954
6.286 1 PPRZ_MODE 0 0 0 0 0 17
6.292 1 DESIRED 0. 0.01 0. 0. 0. 655. 0. 20.
6.298 1 GPS 0 1130805120 0 0 -17000 0 0 0 11500 12 14
6.301 1 SVINFO 14 15 16 1 0 -91 0
6.305 1 NAVIGATION 0 2 10959186. -5945715. 0. 1.55455284314e+14 0 0
6.308 1 ATTITUDE 0.066589 -2.202324 -0.039582
6.310 1 PPRZ_MODE 0 0 0 0 0 17
6.313 1 ESTIMATOR -17. 0.
6.316 1 IMU_ACCEL 0.038086 -9.852539 0.717773
6.320 1 NAVIGATION 0 2 10959186. -5945715. 0. 1.55455284314e+14 0 0
6.324 1 ATTITUDE 0.066555 -2.203749 -0.039588
6.464 1 PPRZ_MODE 0 0 0 0 0 17
6.471 1 DESIRED 0. 0.01 0. 0. 0. 655. 0. 20.
6.474 1 WP_MOVED 5 348740. 5945760. 660. 12
6.477 1 IMU_GYRO -0.049805 0.008301 -0.008301
6.483 1 GPS 0 1130805120 0 0 -17000 0 0 0 11750 12 15
6.485 1 SVINFO 15 16 16 1 0 -91 0
6.612 1 FBW_STATUS 0 52 0 70 0
6.617 1 NAVIGATION 0 2 10959186. -5945715. 0. 1.55455284314e+14 0 0
6.620 1 ATTITUDE 0.066603 -2.204628 -0.039634
6.622 1 PPRZ_MODE 0 0 0 0 0 17
6.623 1 STATE_FILTER_STATUS 3 0
6.646 1 DOWNLINK_STATUS 0 7 1898 94 0 462. 23. -1.39483013256e+12
6.750 1 ATTITUDE 0.066606 -2.206005 -0.039644
6.752 1 PPRZ_MODE 0 0 0 0 0 17
6.758 1 DESIRED 0. 0.01 0. 0. 0. 655. 0. 20.
7.036 1 ATTITUDE 0.06662 -2.20708 -0.03967
7.039 1 PPRZ_MODE 0 0 0 0 0 17
7.044 1 GPS 0 1130805120 0 0 -17000 0 0 0 12000 12 16
7.047 1 SVINFO 0 1 16 1 0 -91 0
7.050 1 IMU_MAG 0.313477 0.942871 0.516602
7.054 1 NAVIGATION 0 2 10959186. -5945715. 0. 1.55455284314e+14 0 0
7.058 1 ATTITUDE 0.066599 -2.207847 -0.039701
7.060 1 PPRZ_MODE 0 0 0 0 0 17
7.066 1 DESIRED 0. 0.01 0. 0. 0. 655. 0. 20.
7.069 1 ESTIMATOR -17. 0.
7.072 1 BAT 54 70 0 0 1 12 0 0
7.075 1 ATTITUDE 0.066632 -2.209 -0.039733
7.078 1 PPRZ_MODE 0 0 0 0 0 17
7.171 1 WP_MOVED 6 348665. 5945815. 660. 12
7.177 1 GPS 0 1130805120 0 0 -17000 0 0 0 12250 12 1
7.179 1 SVINFO 1 2 16 1 0 -91 0
7.276 1 NAVIGATION 0 2 10959186. -5945715. 0. 1.55455284314e+14 0 0
7.426 1 ATTITUDE 0.066661 -2.210078 -0.039753
7.428 1 PPRZ_MODE 0 0 0 0 0 17
7.434 1 DESIRED 0. 0.01 0. 0. 0. 655. 0. 20.
7.438 1 IMU_GYRO -0.049805 0.008301 -0.007324
7.647 1 DOWNLINK_STATUS 0 8 2399 118 0 501. 24. -1.39483013256e+12
7.682 1 ATTITUDE 0.066661 -2.210402 -0.039776
7.684 1 PPRZ_MODE 0 0 0 0 0 17
7.687 1 IMU_ACCEL 0.066406 -9.847656 0.727539
7.689 1 DL_VALUE 8 0.
7.692 1 ATTITUDE 0.066677 -2.211497 -0.03976
7.694 1 PPRZ_MODE 0 0 0 0 0 17
7.701 1 DESIRED 0. 0.01 0. 0. 0. 655. 0. 20.
7.707 1 GPS 0 1130805120 0 0 -17000 0 0 0 12500 12 2
7.708 1 SVINFO 2 3 16 1 0 -91 0
7.714 1 NAVIGATION 0 2 10959186. -5945715. 0. 1.55455284314e+14 0 0
7.966 1 ATTITUDE 0.066707 -2.21261 -0.039747
7.968 1 PPRZ_MODE 0 0 0 0 0 17
7.970 1 ESTIMATOR -17. 0.
7.975 1 NAVIGATION 0 2 10959186. -5945715. 0. 1.55455284314e+14 0 0
7.978 1 ATTITUDE 0.066723 -2.212695 -0.039734
7.980 1 PPRZ_MODE 0 0 0 0 0 17
7.987 1 DESIRED 0. 0.01 0. 0. 0. 655. 0. 20.
7.990 1 WP_MOVED 7 349065. 5946015. 660. 12
7.996 1 GPS 0 1130805120 0 0 -17000 0 0 0 12750 12 3
7.998 1 SVINFO 3 4 16 1 0 -91 0
8.000 1 PONG 
8.004 1 NAVIGATION 0 2 10959186. -5945715. 0. 1.55455284314e+14 0 0
8.007 1 ATTITUDE 0.066767 -2.212792 -0.039738
8.009 1 PPRZ_MODE 0 0 0 0 0 17
8.255 1 ATTITUDE 0.06676 -2.213995 -0.039816
8.257 1 PPRZ_MODE 0 0 0 0 0 17
8.264 1 DESIRED 0. 0.01 0. 0. 0. 655. 0. 20.
8.267 1 IMU_GYRO -0.049805 0.006348 -0.007324
8.270 1 ATTITUDE 0.066751 -2.21501 -0.039812
8.272 1 PPRZ_MODE 0 0 0 0 0 17
8.280 1 PPRZ_MODE 0 0 0 0 0 17
8.287 1 DESIRED 0. 0.01 0. 0. 0. 655. 0. 20.
8.289 1 ESTIMATOR -17. 0.
8.292 1 ATTITUDE 0.066785 -2.217162 -0.039813
8.294 1 PPRZ_MODE 0 0 0 0 0 17
8.506 1 WP_MOVED 8 349447.90625 5946767.5 660. 12
8.509 1 IMU_ACCEL 0.023438 -9.80957 0.708008
8.513 1 BAT 54 70 0 0 1 13 0 0
8.515 1 CALIBRATION 0. 0
8.520 1 GPS 0 1130805120 0 0 -17000 0 0 0 13250 12 5
8.523 1 SVINFO 5 7 16 1 0 -91 0
8.527 1 NAVIGATION 0 2 10959186. -5945715. 0. 1.55455284314e+14 0 0
8.531 1 ATTITUDE 0.066795 -2.218032 -0.039806
8.533 1 PPRZ_MODE 0 0 0 0 0 17
8.539 1 DESIRED 0. 0.01 0. 0. 0. 655. 0. 20.
8.542 1 IMU_MAG 0.325684 0.944824 0.351562
8.647 1 DOWNLINK_STATUS 0 9 3305 164 1 906. 46. 2856.82
8.682 1 ATTITUDE 0.066777 -2.219069 -0.039824
8.684 1 PPRZ_MODE 0 0 0 0 0 17
8.688 1 ENERGY 7. 0. 0 0.
8.691 1 ATTITUDE 0.066757 -2.220047 -0.039838
8.693 1 PPRZ_MODE 0 0 0 0 0 17
8.968 1 DESIRED 0. 0.01 0. 0. 0. 655. 0. 20.
8.973 1 GPS 0 1130805120 0 0 -17000 0 0 0 13500 12 6
8.975 1 SVINFO 6 8 16 1 0 -91 0
8.980 1 NAVIGATION 0 2 10959186. -5945715. 0. 1.55455284314e+14 0 0
8.983 1 ATTITUDE 0.066708 -2.22102 -0.039845
8.985 1 PPRZ_MODE 0 0 0 0 0 17
8.987 1 ESTIMATOR -17. 0.
8.993 1 NAVIGATION 0 2 10959186. -5945715. 0. 1.55455284314e+14 0 0
8.996 1 ATTITUDE 0.066715 -2.22222 -0.039848
8.998 1 PPRZ_MODE 0 0 0 0 0 17
9.004 1 DESIRED 0. 0.01 0. 0. 0. 655. 0. 20.
9.008 1 WP_MOVED 9 349369.3125 5945408. 660. 12
9.191 1 GPS 0 1130805120 0 0 -17000 0 0 0 13750 12 7
9.193 1 SVINFO 7 9 16 1 0 -91 0
9.198 1 NAVIGATION 0 2 10959186. -5945715. 0. 1.55455284314e+14 0 0
9.200 1 FBW_STATUS 0 49 0 70 0
9.203 1 ATTITUDE 0.066694 -2.223491 -0.039866
9.206 1 PPRZ_MODE 0 0 0 0 0 17
9.209 1 ATTITUDE 0.066686 -2.224461 -0.039841
9.211 1 PPRZ_MODE 0 0 0 0 0 17
9.217 1 DESIRED 0. 0.01 0. 0. 0. 655. 0. 20.
9.219 1 DL_VALUE 9 1.
9.372 1 ATTITUDE 0.066755 -2.225364 -0.039867
9.374 1 PPRZ_MODE 0 0 0 0 0 17
9.380 1 GPS 0 1130805120 0 0 -17000 0 0 0 14000 12 8
9.382 1 SVINFO 8 10 16 1 0 -91 0
9.385 1 IMU_ACCEL 0.023438 -9.814453 0.689453
9.387 1 STATE_FILTER_STATUS 3 0
9.540 1 NAVIGATION 0 2 10959186. -5945715. 0. 1.55455284314e+14 0 0
9.543 1 ATTITUDE 0.066774 -2.226415 -0.039906
9.545 1 PPRZ_MODE 0 0 0 0 0 17
9.551 1 DESIRED 0. 0.01 0. 0. 0. 655. 0. 20.
9.554 1 ESTIMATOR -17. 0.
9.557 1 IMU_GYRO -0.048828 0.008301 -0.007324
9.648 1 DOWNLINK_STATUS 0 10 4081 203 1 776. 39. 2856.82
9.818 1 ATTITUDE 0.06673 -2.227409 -0.039903
9.820 1 PPRZ_MODE 0 0 0 0 0 17
9.823 1 WP_MOVED 10 348852.40625 5945427. 660. 12
9.829 1 GPS 0 1130805120 0 0 -17000 0 0 0 14250 12 9
9.831 1 SVINFO 9 11 16 1 0 -91 0
9.836 1 NAVIGATION 0 2 10959186. -5945715. 0. 1.55455284314e+14 0 0
9.838 1 ATTITUDE 0.066695 -2.228108 -0.039918
9.840 1 PPRZ_MODE 0 0 0 0 0 17
9.848 1 DESIRED 0. 0.01 0. 0. 0. 655. 0. 20.
9.851 1 BAT 54 70 0 0 1 14 0 0
9.854 1 ATTITUDE 0.066701 -2.229151 -0.039918
9.856 1 PPRZ_MODE 0 0 0 0 0 17
10.105 1 ATTITUDE 0.066701 -2.23005 -0.039926
10.107 1 PPRZ_MODE 0 0 0 0 0 17
10.114 1 DESIRED 0. 0.01 0. 0. 0. 655. 0. 20.
10.119 1 GPS 0 1130805120 0 0 -17000 0 0 0 14500 12 10
10.122 1 SVINFO 10 12 16 1 0 -91 0
10.126 1 NAVIGATION 0 2 10959186. -5945715. 0. 1.55455284314e+14 0 0
10.129 1 ATTITUDE 0.066671 -2.231141 -0.039936
10.132 1 PPRZ_MODE 0 0 0 0 0 17
10.134 1 ESTIMATOR -17. 0.
10.139 1 NAVIGATION 0 2 10959186. -5945715. 0. 1.55455284314e+14 0 0
10.142 1 IMU_MAG 0.327637 0.944824 0.347656
10.145 1 ATTITUDE 0.066721 -2.23226 -0.039948
10.390 1 PPRZ_MODE 0 0 0 0 0 17
10.397 1 DESIRED 0. 0.01 0. 0. 0. 655. 0. 20.
10.400 1 WP_MOVED 11 348865. 5945714. 660. 12
10.403 1 IMU_GYRO -0.047852 0.007324 -0.008301
10.409 1 GPS 0 1130805120 0 0 -17000 0 0 0 14750 12 11
10.411 1 SVINFO 11 13 16 1 0 -91 0
10.416 1 NAVIGATION 0 2 10959186. -5945715. 0. 1.55455284314e+14 0 0
10.419 1 ATTITUDE 0.066679 -2.232924 -0.039958
10.421 1 PPRZ_MODE 0 0 0 0 0 17
10.424 1 IMU_ACCEL 0.008789 -9.829102 0.712891
10.427 1 COMMANDS 54,224,196,0,-252
10.430 1 ATTITUDE 0.066682 -2.233881 -0.039954
10.432 1 PPRZ_MODE 0 0 0 0 0 17
10.649 1 DOWNLINK_STATUS 0 11 4826 240 1 745. 37. -2143.91
11.086 1 DESIRED 0. 0.01 0. 0. 0. 655. 0. 20.
11.089 1 ACTUATORS 1195,1559,1511,1511,1353
11.093 1 ATTITUDE 0.06667 -2.23486 -0.039965
11.095 1 PPRZ_MODE 0 0 0 0 0 17
11.100 1 GPS 0 1130805120 0 0 -17000 0 0 0 15000 12 12
11.103 1 SVINFO 12 14 16 1 0 -91 0
11.107 1 NAVIGATION 0 2 10959186. -5945715. 0. 1.55455284314e+14 0 0
11.111 1 ATTITUDE 0.066652 -2.235541 -0.039987
11.113 1 PPRZ_MODE 0 0 0 0 0 17
11.119 1 DESIRED 0. 0.01 0. 0. 0. 655. 0. 20.
11.121 1 ESTIMATOR -17. 0.
11.124 1 ATTITUDE 0.066654 -2.236562 -0.040022
11.369 1 PPRZ_MODE 0 0 0 0 0 17
11.373 1 WP_MOVED 12 348655.1875 5945715. 660. 12
11.378 1 GPS 0 1130805120 0 0 -17000 0 0 0 15250 12 13
11.381 1 SVINFO 13 15 16 1 0 -91 0
11.385 1 NAVIGATION 0 2 10959186. -5945715. 0. 1.55455284314e+14 0 0
11.389 1 ATTITUDE 0.066672 -2.237354 -0.040051
11.391 1 PPRZ_MODE 0 0 0 0 0 17
11.397 1 DESIRED 0. 0.01 0. 0. 0. 655. 0. 20.
11.400 1 IMU_GYRO -0.048828 0.008301 -0.009521
11.402 1 CALIBRATION 0. 0
11.405 1 ATTITUDE 0.06669 -2.238202 -0.040079
11.407 1 PPRZ_MODE 0 0 0 0 0 17
11.411 1 BAT 54 70 0 0 1 15 0 0
11.649 1 DOWNLINK_STATUS 0 12 5337 265 1 511. 25. -2143.91
11.655 1 DL_VALUE 10 0.
11.659 1 ATTITUDE 0.066751 -2.238978 -0.040075
11.661 1 PPRZ_MODE 0 0 0 0 0 17
11.667 1 DESIRED 0. 0.01 0. 0. 0. 655. 0. 20.
11.673 1 GPS 0 1130805120 0 0 -17000 0 0 0 15500 12 14
11.675 1 SVINFO 14 16 16 1 0 -91 0
11.680 1 NAVIGATION 0 2 10959186. -5945715. 0. 1.55455284314e+14 0 0
11.683 1 ATTITUDE 0.066765 -2.239963 -0.040091
11.685 1 PPRZ_MODE 0 0 0 0 0 17
11.688 1 ESTIMATOR -17. 0.
11.691 1 IMU_ACCEL 0.061523 -9.819336 0.717773
11.695 1 NAVIGATION 0 2 10959186. -5945715. 0. 1.55455284314e+14 0 0
11.698 1 ATTITUDE 0.06678 -2.24085 -0.040147
11.943 1 PPRZ_MODE 0 0 0 0 0 17
11.950 1 DESIRED 0. 0.01 0. 0. 0. 655. 0. 20.
11.955 1 WP_MOVED 13 348241.40625 5945665. 660. 12
11.959 1 GPS 0 1130805120 0 0 -17000 0 0 0 15750 12 15
11.961 1 SVINFO 15 17 16 1 0 -91 0
11.964 1 FBW_STATUS 0 49 0 70 0
11.969 1 NAVIGATION 0 2 10959186. -5945715. 0. 1.55455284314e+14 0 0
11.972 1 ATTITUDE 0.066831 -2.241579 -0.040153
11.974 1 PPRZ_MODE 0 0 0 0 0 17
11.977 1 ATTITUDE 0.066802 -2.242579 -0.040116
11.979 1 PPRZ_MODE 0 0 0 0 0 17
11.986 1 DESIRED 0. 0.01 0. 0. 0. 655. 0. 20.
12.231 1 IMU_GYRO -0.049805 0.008301 -0.007324
12.234 1 IMU_MAG 0.334473 0.949707 0.359375
12.238 1 ENERGY 7. 0. 0 0.
12.241 1 ATTITUDE 0.06677 -2.243196 -0.040083
12.243 1 PPRZ_MODE 0 0 0 0 0 17
12.249 1 GPS 0 1130805120 0 0 -17000 0 0 0 16000 12 16
12.251 1 SVINFO 0 1 16 1 0 -91 0
12.255 1 ALIVE 86,175,38,206,182,125,104,105,10,104,187,159,219,191,72,73
12.260 1 NAVIGATION 0 2 10959186. -5945715. 0. 1.55455284314e+14 0 0
12.263 1 ATTITUDE 0.066778 -2.244204 -0.04009
12.265 1 PPRZ_MODE 0 0 0 0 0 17
12.271 1 DESIRED 0. 0.01 0. 0. 0. 655. 0. 20.
12.274 1 ESTIMATOR -17. 0.
12.434 1 ATTITUDE 0.066777 -2.244763 -0.04009
12.435 1 PPRZ_MODE 0 0 0 0 0 17
12.440 1 WP_MOVED 14 348242.3125 5945836.5 660. 12
12.440 1 STATE_FILTER_STATUS 3 0
12.447 1 GPS 0 1130805120 0 0 -17000 0 0 0 16250 12 1
12.449 1 SVINFO 1 3 16 1 0 -91 0
12.455 1 NAVIGATION 0 2 10959186. -5945715. 0. 1.55455284314e+14 0 0
12.650 1 DOWNLINK_STATUS 0 13 6247 310 1 910. 45. -2143.91
12.715 1 ATTITUDE 0.066797 -2.245594 -0.04013
12.717 1 PPRZ_MODE 0 0 0 0 0 17
12.724 1 DESIRED 0. 0.01 0. 0. 0. 655. 0. 20.
12.727 1 ATTITUDE 0.066774 -2.246499 -0.040096
12.729 1 PPRZ_MODE 0 0 0 0 0 17
12.732 1 IMU_ACCEL 0.038086 -9.799805 0.636719
12.735 1 ATTITUDE 0.066727 -2.247271 -0.040082
12.737 1 PPRZ_MODE 0 0 0 0 0 17
12.744 1 DESIRED 0. 0.01 0. 0. 0. 655. 0. 20.
12.750 1 GPS 0 1130805120 0 0 -17000 0 0 0 16500 12 2
12.752 1 SVINFO 2 5 16 1 0 -91 0
12.754 1 DOWNLINK 18 1008 832
12.759 1 NAVIGATION 0 2 10959186. -5945715. 0. 1.55455284314e+14 0 0
13.004 1 ATTITUDE 0.066704 -2.248112 -0.040072
13.006 1 PPRZ_MODE 0 0 0 0 0 17
13.009 1 ESTIMATOR -17. 0.
13.013 1 NAVIGATION 0 2 10959186. -5945715. 0. 1.55455284314e+14 0 0
13.016 1 ATTITUDE 0.066713 -2.24881 -0.040086
13.019 1 PPRZ_MODE 0 0 0 0 0 17
13.025 1 DESIRED 0. 0.01 0. 0. 0. 655. 0. 20.
13.029 1 WP_MOVED 15 348610.09375 5946017. 660. 12
13.034 1 GPS 0 1130805120 0 0 -17000 0 0 0 16750 12 3
13.037 1 SVINFO 3 6 16 1 0 -91 0
13.041 1 NAVIGATION 0 2 10959186. -5945715. 0. 1.55455284314e+14 0 0
13.045 1 ATTITUDE 0.066732 -2.249667 -0.040119
13.290 1 PPRZ_MODE 0 0 0 0 0 17
13.292 1 ATTITUDE 0.066749 -2.250435 -0.040112
13.294 1 PPRZ_MODE 0 0 0 0 0 17
13.302 1 DESIRED 0. 0.01 0. 0. 0. 655. 0. 20.
13.303 1 DL_VALUE 0 0.
13.306 1 ATTITUDE 0.066732 -2.25139 -0.0401
13.308 1 PPRZ_MODE 0 0 0 0 0 17
13.314 1 GPS 0 1130805120 0 0 -17000 0 0 0 17000 12 4
13.316 1 SVINFO 4 7 16 1 0 -91 0
13.321 1 NAVIGATION 0 2 10959186. -5945715. 0. 1.55455284314e+14 0 0
13.324 1 ATTITUDE 0.066703 -2.25231 -0.040072
13.326 1 PPRZ_MODE 0 0 0 0 0 17
13.333 1 DESIRED 0. 0.01 0. 0. 0. 655. 0. 20.
13.578 1 ESTIMATOR -17. 0.
13.581 1 IMU_GYRO -0.048828 0.008301 -0.008301
13.584 1 ATTITUDE 0.066675 -2.252923 -0.040084
13.587 1 PPRZ_MODE 0 0 0 0 0 17
13.590 1 WP_MOVED 16 348775.09375 5946191. 660. 12
13.593 1 IMU_ACCEL 0.056641 -9.833008 0.704102
13.596 1 IMU_MAG 0.327637 0.941406 0.353516
13.602 1 GPS 0 1130805120 0 0 -17000 0 0 0 17250 12 5
13.604 1 SVINFO 5 8 16 1 0 -91 0
13.609 1 NAVIGATION 0 2 10959186. -5945715. 0. 1.55455284314e+14 0 0
13.612 1 ATTITUDE 0.066672 -2.253711 -0.040099
13.614 1 PPRZ_MODE 0 0 0 0 0 17
13.651 1 DOWNLINK_STATUS 0 14 7247 360 1 1000. 50. -2143.91
13.863 1 DESIRED 0. 0.01 0. 0. 0. 655. 0. 20.
13.866 1 ATTITUDE 0.06672 -2.254721 -0.040114
13.868 1 PPRZ_MODE 0 0 0 0 0 17
13.870 1 CALIBRATION 0. 0
13.873 1 ATTITUDE 0.066734 -2.255273 -0.040121
13.875 1 PPRZ_MODE 0 0 0 0 0 17
13.882 1 DESIRED 0. 0.01 0. 0. 0. 655. 0. 20.
13.890 1 PPRZ_MODE 0 0 0 0 0 17
13.896 1 DESIRED 0. 0.01 0. 0. 0. 655. 0. 20.
13.900 1 ATTITUDE 0.066763 -2.258135 -0.04022
13.902 1 PPRZ_MODE 0 0 0 0 0 17
14.150 1 GPS 0 1130805120 0 0 -17000 0 0 0 18000 12 8
14.152 1 SVINFO 8 11 16 1 0 -91 0
14.155 1 IMU_ACCEL 0.033203 -9.842773 0.722656
14.161 1 NAVIGATION 0 2 10959186. -5945715. 0. 1.55455284314e+14 0 0
14.163 1 ATTITUDE 0.066756 -2.259005 -0.040219
14.165 1 PPRZ_MODE 0 0 0 0 0 17
14.176 1 PPRZ_MODE 0 0 0 0 0 17
14.181 1 WP_MOVED 18 348975. 5946791.5 660. 12
14.186 1 GPS 0 1130805120 0 0 -17000 0 0 0 18250 12 9
14.188 1 SVINFO 9 12 16 1 0 -91 0
14.194 1 NAVIGATION 0 2 10959186. -5945715. 0. 1.55455284314e+14 0 0
14.439 1 ATTITUDE 0.066729 -2.260489 -0.04021
14.441 1 PPRZ_MODE 0 0 0 0 0 17
14.448 1 DESIRED 0. 0.01 0. 0. 0. 655. 0. 20.
14.451 1 IMU_GYRO -0.049805 0.008301 -0.008301
14.454 1 ATTITUDE 0.066746 -2.261189 -0.040232
14.457 1 PPRZ_MODE 0 0 0 0 0 17
14.458 1 DL_VALUE 1 0.
14.464 1 PPRZ_MODE 0 0 0 0 0 17
14.471 1 DESIRED 0. 0.01 0. 0. 0. 655. 0. 20.
14.477 1 GPS 0 1130805120 0 0 -17000 0 0 0 18500 12 10
14.479 1 SVINFO 10 13 16 1 0 -91 0
14.652 1 DOWNLINK_STATUS 0 15 7924 393 4 677. 33. -2143.91
14.726 1 NAVIGATION 0 2 10959186. -5945715. 0. 1.55455284314e+14 0 0
14.729 1 ATTITUDE 0.066694 -2.262764 -0.04027
14.732 1 PPRZ_MODE 0 0 0 0 0 17
14.734 1 ESTIMATOR -17. 0.
14.738 1 NAVIGATION 0 2 10959186. -5945715. 0. 1.55455284314e+14 0 0
14.742 1 ATTITUDE 0.06642 -2.26347 -0.040308
14.744 1 PPRZ_MODE 0 0 0 0 0 17
14.750 1 DESIRED 0. 0.01 0. 0. 0. 655. 0. 20.
14.754 1 WP_MOVED 0 348907. 5945757. 660. 12
14.758 1 BAT 54 70 0 0 1 18 0 0
14.763 1 GPS 0 1130805120 0 0 -17000 0 0 0 18750 12 11
14.766 1 SVINFO 11 14 16 1 0 -91 0
15.014 1 NAVIGATION 0 2 10959186. -5945715. 0. 1.55455284314e+14 0 0
15.016 1 ATTITUDE 0.06652 -2.26381 -0.040313
15.018 1 PPRZ_MODE 0 0 0 0 0 17
15.021 1 IMU_ACCEL -0.061523 -9.74707 0.866211
15.024 1 ATTITUDE 0.066691 -2.264618 -0.040294
15.026 1 PPRZ_MODE 0 0 0 0 0 17
15.034 1 DESIRED 0. 0.01 0. 0. 0. 655. 0. 20.
15.039 1 PPRZ_MODE 0 0 0 0 0 17
15.046 1 GPS 0 1130805120 0 0 -17000 0 0 0 19000 12 12
15.047 1 SVINFO 12 15 16 1 0 -91 0
15.052 1 NAVIGATION 0 2 10959186. -5945715. 0. 1.55455284314e+14 0 0
15.055 1 ATTITUDE 0.066657 -2.266114 -0.040355
15.301 1 PPRZ_MODE 0 0 0 0 0 17
15.307 1 DESIRED 0. 0.01 0. 0. 0. 655. 0. 20.
15.310 1 ESTIMATOR -17. 0.
15.313 1 ATTITUDE 0.066632 -2.267076 -0.040365
15.315 1 PPRZ_MODE 0 0 0 0 0 17
15.318 1 WP_MOVED 1 348865. 5945715. 660. 12
15.324 1 GPS 0 1130805120 0 0 -17000 0 0 0 19250 12 13
15.327 1 SVINFO 13 16 16 1 0 -91 0
15.331 1 NAVIGATION 0 2 10959186. -5945715. 0. 1.55455284314e+14 0 0
15.334 1 ATTITUDE 0.066625 -2.267549 -0.040345
15.336 1 PPRZ_MODE 0 0 0 0 0 17
15.343 1 DESIRED 0. 0.01 0. 0. 0. 655. 0. 20.
15.541 1 WIND_INFO 1 42 0. 0. 0.
15.652 1 DOWNLINK_STATUS 0 16 8676 429 5 752. 36. -7144.58
16.416 1 NAVIGATION_REF 348865 5945715 12
16.419 1 ATTITUDE 0.06666 -2.268563 -0.040364
16.421 1 PPRZ_MODE 0 0 0 0 0 17
16.424 1 ATTITUDE 0.066605 -2.269532 -0.040317
16.426 1 PPRZ_MODE 0 0 0 0 0 17
16.433 1 DESIRED 0. 0.01 0. 0. 0. 655. 0. 20.
16.439 1 GPS 0 1130805120 0 0 -17000 0 0 0 19500 12 14
16.441 1 SVINFO 14 17 16 1 0 -91 0
16.443 1 CALIBRATION 0. 0
16.447 1 NAVIGATION 0 2 10959186. -5945715. 0. 1.55455284314e+14 0 0
16.451 1 ATTITUDE 0.066582 -2.270303 -0.040356
16.453 1 PPRZ_MODE 0 0 0 0 0 17
16.455 1 ESTIMATOR -17. 0.
16.460 1 IMU_ACCEL 0.038086 -9.829102 0.712891
16.654 1 DOWNLINK_STATUS 0 17 8935 443 5 259. 14. -7144.58
16.706 1 NAVIGATION 0 2 10959186. -5945715. 0. 1.55455284314e+14 0 0
16.709 1 ATTITUDE 0.066622 -2.271225 -0.040354
16.711 1 PPRZ_MODE 0 0 0 0 0 17
16.718 1 DESIRED 0. 0.01 0. 0. 0. 655. 0. 20.
16.721 1 WP_MOVED 2 348895. 5945815. 660. 12
16.732 1 NAVIGATION 0 2 10959186. -5945715. 0. 1.55455284314e+14 0 0
16.734 1 ATTITUDE 0.066625 -2.271863 -0.040367
16.736 1 PPRZ_MODE 0 0 0 0 0 17
16.740 1 BAT 54 70 0 0 1 20 0 0
16.743 1 IMU_MAG 0.322266 0.937988 0.48291
16.746 1 COMMANDS 54,224,196,0,-266
16.993 1 ATTITUDE 0.066605 -2.272477 -0.040357
16.995 1 PPRZ_MODE 0 0 0 0 0 17
17.001 1 DESIRED 0. 0.01 0. 0. 0. 655. 0. 20.
17.003 1 DL_VALUE 2 655.
17.006 1 ACTUATORS 1195,1559,1511,1511,1353
17.009 1 ATTITUDE 0.066585 -2.273209 -0.040351
17.011 1 PPRZ_MODE 0 0 0 0 0 17
17.024 1 DESIRED 0. 0.01 0. 0. 0. 655. 0. 20.
17.026 1 ESTIMATOR -17. 0.
17.029 1 IMU_GYRO -0.049805 0.008301 -0.008301
17.032 1 ATTITUDE 0.066582 -2.274262 -0.040355
17.277 1 PPRZ_MODE 0 0 0 0 0 17
17.281 1 WP_MOVED 3 348965.09375 5945786. 660. 12
17.286 1 GPS 0 1130805120 0 0 -17000 0 0 0 20250 12 1
17.289 1 SVINFO 1 4 16 1 0 -91 0
17.293 1 NAVIGATION 0 2 10959186. -5945715. 0. 1.55455284314e+14 0 0
17.296 1 ATTITUDE 0.06658 -2.275046 -0.04034
17.299 1 PPRZ_MODE 0 0 0 0 0 17
17.311 1 ATTITUDE 0.066573 -2.276109 -0.040288
17.313 1 PPRZ_MODE 0 0 0 0 0 17
17.319 1 DESIRED 0. 0.01 0. 0. 0. 655. 0. 20.
17.568 1 GPS 0 1130805120 0 0 -17000 0 0 0 20500 12 2
17.571 1 SVINFO 2 5 16 1 0 -91 0
17.575 1 NAVIGATION 0 2 10959186. -5945715. 0. 1.55455284314e+14 0 0
17.577 1 ATTITUDE 0.066592 -2.276785 -0.040274
17.580 1 PPRZ_MODE 0 0 0 0 0 17
17.582 1 ESTIMATOR -17. 0.
17.591 1 PPRZ_MODE 0 0 0 0 0 17
17.599 1 DESIRED 0. 0.01 0. 0. 0. 655. 0. 20.
17.602 1 WP_MOVED 4 348764.6875 5945795. 660. 12
17.605 1 IMU_GYRO -0.048828 0.007324 -0.008301
17.654 1 DOWNLINK_STATUS 0 18 9783 485 9 848. 42. -7144.58
17.854 1 GPS 0 1130805120 0 0 -17000 0 0 0 20750 12 3
17.856 1 SVINFO 3 6 16 1 0 -91 0
17.861 1 NAVIGATION 0 2 10959186. -5945715. 0. 1.55455284314e+14 0 0
17.864 1 ATTITUDE 0.066535 -2.277815 -0.040303
17.866 1 PPRZ_MODE 0 0 0 0 0 17
17.869 1 ATTITUDE 0.066571 -2.27861 -0.040296
17.871 1 PPRZ_MODE 0 0 0 0 0 17
17.882 1 ATTITUDE 0.066542 -2.279429 -0.040347
17.884 1 PPRZ_MODE 0 0 0 0 0 17
17.889 1 GPS 0 1130805120 0 0 -17000 0 0 0 21000 12 4
17.892 1 SVINFO 4 7 16 1 0 -91 0
17.896 1 ALIVE 86,175,38,206,182,125,104,105,10,104,187,159,219,191,72,73
18.143 1 NAVIGATION 0 2 10959186. -5945715. 0. 1.55455284314e+14 0 0
18.146 1 ATTITUDE 0.066542 -2.280313 -0.040368
18.148 1 PPRZ_MODE 0 0 0 0 0 17
18.155 1 DESIRED 0. 0.01 0. 0. 0. 655. 0. 20.
18.157 1 ESTIMATOR -17. 0.
18.160 1 IMU_MAG 0.327637 0.944824 0.369141
18.168 1 WP_MOVED 5 348740. 5945760. 660. 12
18.171 1 IMU_ACCEL 0.033203 -9.829102 0.708008
18.177 1 GPS 0 1130805120 0 0 -17000 0 0 0 21250 12 5
18.179 1 SVINFO 5 8 16 1 0 -91 0
18.427 1 NAVIGATION 0 2 10959186. -5945715. 0. 1.55455284314e+14 0 0
18.430 1 ATTITUDE 0.066542 -2.281441 -0.040336
18.431 1 PPRZ_MODE 0 0 0 0 0 17
18.439 1 DESIRED 0. 0.01 0. 0. 0. 655. 0. 20.
18.441 1 IMU_GYRO -0.048828 0.008301 -0.007324
18.444 1 ATTITUDE 0.066569 -2.282065 -0.040326
18.446 1 PPRZ_MODE 0 0 0 0 0 17
18.453 1 PPRZ_MODE 0 0 0 0 0 17
18.464 1 DESIRED 0. 0.01 0. 0. 0. 655. 0. 20.
18.467 1 GPS 0 1130805120 0 0 -17000 0 0 0 21500 12 6
18.468 1 SVINFO 6 9 16 1 0 -91 0
18.655 1 DOWNLINK_STATUS 0 19 10466 518 12 683. 33. -7144.58
18.716 1 NAVIGATION 0 2 10959186. -5945715. 0. 1.55455284314e+14 0 0
18.719 1 ATTITUDE 0.066524 -2.283387 -0.040365
18.721 1 PPRZ_MODE 0 0 0 0 0 17
18.724 1 ESTIMATOR -17. 0.
18.728 1 NAVIGATION 0 2 10959186. -5945715. 0. 1.55455284314e+14 0 0
18.730 1 CALIBRATION 0. 0
18.732 1 DOWNLINK 22 1000 1086
18.735 1 ATTITUDE 0.066535 -2.284194 -0.040365
18.743 1 NAVIGATION 0 2 10959186. -5945715. 0. 1.55455284314e+14 0 0
18.746 1 ATTITUDE 0.066534 -2.284791 -0.040375
18.749 1 PPRZ_MODE 0 0 0 0 0 17
18.752 1 ATTITUDE 0.066523 -2.285271 -0.040392
18.754 1 PPRZ_MODE 0 0 0 0 0 17
19.003 1 DESIRED 0. 0.01 0. 0. 0. 655. 0. 20.
19.006 1 IMU_GYRO -0.048828 0.007324 -0.008301
19.009 1 ATTITUDE 0.066525 -2.285857 -0.040409
19.011 1 PPRZ_MODE 0 0 0 0 0 17
19.017 1 GPS 0 1130805120 0 0 -17000 0 0 0 22000 12 8
19.019 1 SVINFO 8 11 16 1 0 -91 0
19.022 1 IMU_ACCEL 0.02832 -9.857422 0.755859
19.028 1 PPRZ_MODE 0 0 0 0 0 17
19.035 1 DESIRED 0. 0.01 0. 0. 0. 655. 0. 20.
19.037 1 ESTIMATOR -17. 0.
19.040 1 ATTITUDE 0.066512 -2.286994 -0.040404
19.043 1 PPRZ_MODE 0 0 0 0 0 17
19.289 1 WP_MOVED 7 349065. 5946015. 660. 12
19.295 1 GPS 0 1130805120 0 0 -17000 0 0 0 22250 12 9
19.296 1 SVINFO 9 12 16 1 0 -91 0
19.302 1 NAVIGATION 0 2 10959186. -5945715. 0. 1.55455284314e+14 0 0
19.304 1 ATTITUDE 0.066497 -2.287675 -0.040443
19.306 1 PPRZ_MODE 0 0 0 0 0 17
19.315 1 PPRZ_MODE 0 0 0 0 0 17
19.318 1 WP_MOVED 9 349369.3125 5945408. 660. 12
19.325 1 GPS 0 1130805120 0 0 -17000 0 0 0 23250 12 13
19.326 1 SVINFO 13 17 16 1 0 -91 0
19.332 1 NAVIGATION 0 2 10959186. -5945715. 0. 1.55455284314e+14 0 0
19.577 1 ATTITUDE 0.066451 -2.2904 -0.04065
19.580 1 PPRZ_MODE 0 0 0 0 0 17
19.586 1 DESIRED 0. 0.01 0. 0. 0. 655. 0. 20.
19.589 1 ATTITUDE 0.066463 -2.290987 -0.040647
19.591 1 PPRZ_MODE 0 0 0 0 0 17
19.595 1 ENERGY 7. 0. 0 0.
19.598 1 ATTITUDE 0.066423 -2.291313 -0.040665
19.600 1 PPRZ_MODE 0 0 0 0 0 17
19.607 1 DESIRED 0. 0.01 0. 0. 0. 655. 0. 20.
19.612 1 GPS 0 1130805120 0 0 -17000 0 0 0 23500 12 14
19.615 1 SVINFO 14 18 16 1 0 -91 0
19.619 1 NAVIGATION 0 2 10959186. -5945715. 0. 1.55455284314e+14 0 0
19.655 1 DOWNLINK_STATUS 0 20 11420 566 15 954. 48. -7144.58
19.865 1 ATTITUDE 0.066384 -2.291863 -0.040695
19.867 1 PPRZ_MODE 0 0 0 0 0 17
19.870 1 ESTIMATOR -17. 0.
19.873 1 IMU_ACCEL 0.02832 -9.867188 0.717773
19.878 1 NAVIGATION 0 2 10959186. -5945715. 0. 1.55455284314e+14 0 0
19.881 1 ATTITUDE 0.066404 -2.292573 -0.040667
19.883 1 PPRZ_MODE 0 0 0 0 0 17
19.895 1 NAVIGATION 0 2 10959186. -5945715. 0. 1.55455284314e+14 0 0
19.898 1 ATTITUDE 0.066358 -2.293257 -0.040678
19.900 1 PPRZ_MODE 0 0 0 0 0 17
19.903 1 ATTITUDE 0.066359 -2.29387 -0.040673
19.905 1 PPRZ_MODE 0 0 0 0 0 17
20.156 1 DESIRED 0. 0.01 0. 0. 0. 655. 0. 20.
20.159 1 ATTITUDE 0.066351 -2.294323 -0.040734
20.161 1 PPRZ_MODE 0 0 0 0 0 17
20.166 1 GPS 0 1130805120 0 0 -17000 0 0 0 24000 12 16
20.169 1 SVINFO 0 4 16 1 0 -91 0
20.178 1 PPRZ_MODE 0 0 0 0 0 17
20.186 1 DESIRED 0. 0.01 0. 0. 0. 655. 0. 20.
20.187 1 ESTIMATOR -17. 0.
20.190 1 ATTITUDE 0.066322 -2.295295 -0.04077
20.192 1 PPRZ_MODE 0 0 0 0 0 17
20.656 1 DOWNLINK_STATUS 0 21 11833 588 17 413. 22. -12145.45
20.809 1 WP_MOVED 11 348865. 5945714. 660. 12
20.812 1 BAT 54 70 0 0 1 24 0 0
20.818 1 GPS 0 1130805120 0 0 -17000 0 0 0 24250 12 1
20.821 1 SVINFO 1 5 16 1 0 -91 0
20.825 1 NAVIGATION 0 2 10959186. -5945715. 0. 1.55455284314e+14 0 0
20.828 1 ATTITUDE 0.06627 -2.295874 -0.040757
20.830 1 PPRZ_MODE 0 0 0 0 0 17
20.834 1 ATTITUDE 0.066302 -2.296367 -0.040786
20.836 1 PPRZ_MODE 0 0 0 0 0 17
20.839 1 IMU_ACCEL 0.042969 -9.814453 0.704102
20.841 1 DL_VALUE 5 0.
20.844 1 ATTITUDE 0.066271 -2.297087 -0.040782
20.846 1 PPRZ_MODE 0 0 0 0 0 17
20.853 1 DESIRED 0. 0.01 0. 0. 0. 655. 0. 20.
21.100 1 GPS 0 1130805120 0 0 -17000 0 0 0 24500 12 2
21.103 1 SVINFO 2 6 16 1 0 -91 0
21.107 1 NAVIGATION 0 2 10959186. -5945715. 0. 1.55455284314e+14 0 0
21.110 1 ATTITUDE 0.066239 -2.29776 -0.040772
21.112 1 PPRZ_MODE 0 0 0 0 0 17
21.115 1 ESTIMATOR -17. 0.
21.122 1 PPRZ_MODE 0 0 0 0 0 17
21.129 1 DESIRED 0. 0.01 0. 0. 0. 655. 0. 20.
21.132 1 WP_MOVED 12 348655.1875 5945715. 660. 12
21.138 1 GPS 0 1130805120 0 0 -17000 0 0 0 24750 12 3
21.384 1 SVINFO 3 8 16 1 0 -91 0
21.388 1 NAVIGATION 0 2 10959186. -5945715. 0. 1.55455284314e+14 0 0
21.391 1 ATTITUDE 0.066195 -2.298703 -0.040781
21.393 1 PPRZ_MODE 0 0 0 0 0 17
21.396 1 COMMANDS 54,224,196,0,-266
21.399 1 ATTITUDE 0.066192 -2.299259 -0.040802
21.402 1 PPRZ_MODE 0 0 0 0 0 17
21.408 1 DESIRED 0. 0.01 0. 0. 0. 655. 0. 20.
21.411 1 IMU_GYRO -0.049805 0.008301 -0.008301
21.414 1 ACTUATORS 1195,1559,1511,1511,1353
21.417 1 ATTITUDE 0.066233 -2.299663 -0.040778
21.419 1 PPRZ_MODE 0 0 0 0 0 17
21.425 1 GPS 0 1130805120 0 0 -17000 0 0 0 25000 12 4
21.657 1 DOWNLINK_STATUS 0 22 12577 625 18 744. 37. -12145.45
21.670 1 SVINFO 4 9 16 1 0 -91 0
21.673 1 IMU_MAG 0.320801 0.939453 0.337891
21.675 1 STATE_FILTER_STATUS 3 0
21.679 1 NAVIGATION 0 2 10959186. -5945715. 0. 1.55455284314e+14 0 0
21.682 1 ATTITUDE 0.066276 -2.300382 -0.04081
21.684 1 PPRZ_MODE 0 0 0 0 0 17
21.691 1 DESIRED 0. 0.01 0. 0. 0. 655. 0. 20.
21.697 1 PPRZ_MODE 0 0 0 0 0 17
21.700 1 WP_MOVED 13 348241.40625 5945665. 660. 12
21.703 1 IMU_ACCEL 0.008789 -9.837891 0.704102
21.709 1 GPS 0 1130805120 0 0 -17000 0 0 0 25250 12 5
21.712 1 SVINFO 5 10 16 1 0 -91 0
21.958 1 NAVIGATION 0 2 10959186. -5945715. 0. 1.55455284314e+14 0 0
21.961 1 ATTITUDE 0.066302 -2.301389 -0.040752
21.964 1 PPRZ_MODE 0 0 0 0 0 17
21.971 1 DESIRED 0. 0.01 0. 0. 0. 655. 0. 20.
21.974 1 BAT 54 70 0 0 1 25 0 0
21.977 1 ATTITUDE 0.066273 -2.301914 -0.040755
21.984 1 PPRZ_MODE 0 0 0 0 0 17
21.990 1 DESIRED 0. 0.01 0. 0. 0. 655. 0. 20.
21.996 1 GPS 0 1130805120 0 0 -17000 0 0 0 25500 12 6
21.998 1 SVINFO 6 11 16 1 0 -91 0
22.246 1 NAVIGATION 0 2 10959186. -5945715. 0. 1.55455284314e+14 0 0
22.249 1 ATTITUDE 0.066262 -2.30271 -0.040814
22.251 1 PPRZ_MODE 0 0 0 0 0 17
22.254 1 ESTIMATOR -17. 0.
22.258 1 NAVIGATION 0 2 10959186. -5945715. 0. 1.55455284314e+14 0 0
22.261 1 ATTITUDE 0.066261 -2.303276 -0.040861
22.263 1 PPRZ_MODE 0 0 0 0 0 17
22.276 1 ATTITUDE 0.066308 -2.303575 -0.040817
22.277 1 PPRZ_MODE 0 0 0 0 0 17
22.279 1 CALIBRATION 0. 0
22.283 1 ATTITUDE 0.066341 -2.304104 -0.040853
22.285 1 PPRZ_MODE 0 0 0 0 0 17
22.535 1 DESIRED 0. 0.01 0. 0. 0. 655. 0. 20.
22.537 1 DL_VALUE 6 40.
22.540 1 ENERGY 7. 0. 0 0.
22.543 1 ATTITUDE 0.066333 -2.304586 -0.040875
22.545 1 PPRZ_MODE 0 0 0 0 0 17
22.551 1 GPS 0 1130805120 0 0 -17000 0 0 0 26000 12 8
22.558 1 PPRZ_MODE 0 0 0 0 0 17
22.565 1 DESIRED 0. 0.01 0. 0. 0. 655. 0. 20.
22.567 1 ESTIMATOR -17. 0.
22.571 1 IMU_GYRO -0.049805 0.007324 -0.007324
22.574 1 ATTITUDE 0.06631 -2.305002 -0.040839
22.657 1 DOWNLINK_STATUS 0 23 13468 670 22 891. 45. -12145.45
22.818 1 PPRZ_MODE 0 0 0 0 0 17
22.822 1 WP_MOVED 15 348610.09375 5946017. 660. 12
22.827 1 GPS 0 1130805120 0 0 -17000 0 0 0 26250 12 9
22.830 1 SVINFO 9 14 16 1 0 -91 0
22.834 1 NAVIGATION 0 2 10959186. -5945715. 0. 1.55455284314e+14 0 0
22.838 1 ATTITUDE 0.066346 -2.305374 -0.04085
22.840 1 PPRZ_MODE 0 0 0 0 0 17
22.852 1 ATTITUDE 0.066331 -2.305953 -0.040826
22.854 1 PPRZ_MODE 0 0 0 0 0 17
22.861 1 DESIRED 0. 0.01 0. 0. 0. 655. 0. 20.
23.110 1 GPS 0 1130805120 0 0 -17000 0 0 0 26500 12 10
23.112 1 SVINFO 10 15 16 1 0 -91 0
23.117 1 NAVIGATION 0 2 10959186. -5945715. 0. 1.55455284314e+14 0 0
23.120 1 ATTITUDE 0.066339 -2.306467 -0.040826
23.122 1 PPRZ_MODE 0 0 0 0 0 17
23.124 1 ESTIMATOR -17. 0.
23.133 1 PPRZ_MODE 0 0 0 0 0 17
23.140 1 DESIRED 0. 0.01 0. 0. 0. 655. 0. 20.
23.142 1 WP_MOVED 16 348775.09375 5946191. 660. 12
23.146 1 IMU_GYRO -0.048828 0.008301 -0.008301
23.147 1 DOWNLINK 28 1000 1338
23.396 1 GPS 0 1130805120 0 0 -17000 0 0 0 26750 12 11
23.399 1 SVINFO 11 16 16 1 0 -91 0
23.403 1 NAVIGATION 0 2 10959186. -5945715. 0. 1.55455284314e+14 0 0
23.406 1 ATTITUDE 0.066387 -2.307145 -0.040889
23.408 1 PPRZ_MODE 0 0 0 0 0 17
23.411 1 IMU_ACCEL 0.061523 -9.824219 0.727539
23.415 1 ATTITUDE 0.066404 -2.307783 -0.040907
23.418 1 ATTITUDE 0.0664 -2.308117 -0.040921
23.420 1 PPRZ_MODE 0 0 0 0 0 17
23.426 1 GPS 0 1130805120 0 0 -17000 0 0 0 27000 12 12
23.428 1 SVINFO 12 17 16 1 0 -91 0
23.432 1 NAVIGATION 0 2 10959186. -5945715. 0. 1.55455284314e+14 0 0
23.436 1 ATTITUDE 0.066409 -2.308524 -0.04094
23.658 1 DOWNLINK_STATUS 0 24 14147 704 24 679. 34. -12145.45
23.681 1 PPRZ_MODE 0 0 0 0 0 17
23.687 1 DESIRED 0. 0.01 0. 0. 0. 655. 0. 20.
23.690 1 ESTIMATOR -17. 0.
23.693 1 ATTITUDE 0.066413 -2.309084 -0.040977
23.695 1 PPRZ_MODE 0 0 0 0 0 17
23.698 1 WP_MOVED 17 348944.6875 5946570. 660. 12
23.700 1 STATE_FILTER_STATUS 3 0
23.710 1 ESTIMATOR -17. 0.
23.713 1 IMU_ACCEL 0.042969 -9.829102 0.699219
23.717 1 NAVIGATION 0 2 10959186. -5945715. 0. 1.55455284314e+14 0 0
23.720 1 IMU_MAG 0.313477 0.941406 0.516602
23.724 1 ATTITUDE 0.066433 -2.310231 -0.041021
23.971 1 PPRZ_MODE 0 0 0 0 0 17
23.976 1 DESIRED 0. 0.01 0. 0. 0. 655. 0. 20.
23.979 1 WP_MOVED 18 348975. 5946791.5 660. 12
23.985 1 GPS 0 1130805120 0 0 -17000 0 0 0 27750 12 15
23.988 1 SVINFO 15 21 16 1 0 -91 0
23.990 1 FBW_STATUS 0 50 0 70 0
23.993 1 ATTITUDE 0.066382 -2.310897 -0.040976
23.995 1 PPRZ_MODE 0 0 0 0 0 17
24.002 1 DESIRED 0. 0.01 0. 0. 0. 655. 0. 20.
24.005 1 IMU_GYRO -0.049805 0.008301 -0.007324
24.006 1 CALIBRATION 0. 0
24.010 1 ATTITUDE 0.066407 -2.311491 -0.04096
24.011 1 PPRZ_MODE 0 0 0 0 0 17
24.261 1 GPS 0 1130805120 0 0 -17000 0 0 0 28000 12 16
24.263 1 SVINFO 0 5 16 1 0 -91 0
24.268 1 NAVIGATION 0 2 10959186. -5945715. 0. 1.55455284314e+14 0 0
24.271 1 ATTITUDE 0.066369 -2.312004 -0.040954
24.273 1 PPRZ_MODE 0 0 0 0 0 17
24.283 1 PPRZ_MODE 0 0 0 0 0 17
24.286 1 WP_MOVED 0 348907. 5945757. 660. 12
24.292 1 GPS 0 1130805120 0 0 -17000 0 0 0 28250 12 1
24.294 1 SVINFO 1 8 16 1 0 -91 0
24.299 1 NAVIGATION 0 2 10959186. -5945715. 0. 1.55455284314e+14 0 0
24.545 1 ATTITUDE 0.066363 -2.312693 -0.040956
24.547 1 PPRZ_MODE 0 0 0 0 0 17
24.553 1 DESIRED 0. 0.01 0. 0. 0. 655. 0. 20.
24.556 1 NAVIGATION_REF 348865 5945715 12
24.559 1 ATTITUDE 0.066357 -2.31317 -0.040967
24.561 1 PPRZ_MODE 0 0 0 0 0 17
24.564 1 IMU_ACCEL 0.042969 -9.829102 0.717773
24.570 1 PPRZ_MODE 0 0 0 0 0 17
24.576 1 DESIRED 0. 0.01 0. 0. 0. 655. 0. 20.
24.582 1 GPS 0 1130805120 0 0 -17000 0 0 0 28500 12 2
24.585 1 SVINFO 2 9 16 1 0 -91 0
24.658 1 DOWNLINK_STATUS 0 25 15059 750 27 912. 46. -12145.45
24.833 1 NAVIGATION 0 2 10959186. -5945715. 0. 1.55455284314e+14 0 0
24.836 1 ATTITUDE 0.066366 -2.3136 -0.040967
24.838 1 PPRZ_MODE 0 0 0 0 0 17
24.840 1 ESTIMATOR -17. 0.
24.845 1 NAVIGATION 0 2 10959186. -5945715. 0. 1.55455284314e+14 0 0
24.848 1 BAT 54 70 0 0 1 28 0 0
24.852 1 ATTITUDE 0.066362 -2.314021 -0.040994
24.861 1 SVINFO 3 10 16 1 0 -91 0
24.865 1 NAVIGATION 0 2 10959186. -5945715. 0. 1.55455284314e+14 0 0
24.868 1 ATTITUDE 0.066341 -2.31431 -0.040999
24.871 1 PPRZ_MODE 0 0 0 0 0 17
24.874 1 ATTITUDE 0.066365 -2.314786 -0.040983
25.118 1 PPRZ_MODE 0 0 0 0 0 17
25.124 1 DESIRED 0. 0.01 0. 0. 0. 655. 0. 20.
25.127 1 IMU_MAG 0.325684 0.937988 0.367188
25.129 1 DL_VALUE 8 0.
25.132 1 ATTITUDE 0.06634 -2.315252 -0.040972
25.134 1 PPRZ_MODE 0 0 0 0 0 17
25.140 1 GPS 0 1130805120 0 0 -17000 0 0 0 29000 12 4
25.143 1 SVINFO 4 11 16 1 0 -91 0
25.147 1 NAVIGATION 0 2 10959186. -5945715. 0. 1.55455284314e+14 0 0
25.150 1 ATTITUDE 0.066325 -2.315238 -0.041037
25.152 1 PPRZ_MODE 0 0 0 0 0 17
25.159 1 DESIRED 0. 0.01 0. 0. 0. 655. 0. 20.
25.161 1 ESTIMATOR -17. 0.
25.407 1 IMU_GYRO -0.048828 0.007324 -0.009521
25.410 1 ATTITUDE 0.066323 -2.315711 -0.041118
25.412 1 PPRZ_MODE 0 0 0 0 0 17
25.416 1 WP_MOVED 2 348895. 5945815. 660. 12
25.419 1 IMU_ACCEL 0.056641 -9.842773 0.717773
25.425 1 GPS 0 1130805120 0 0 -17000 0 0 0 29250 12 5
25.431 1 PPRZ_MODE 0 0 0 0 0 17
25.438 1 DESIRED 0. 0.01 0. 0. 0. 655. 0. 20.
25.441 1 ATTITUDE 0.066385 -2.316375 -0.041132
25.443 1 PPRZ_MODE 0 0 0 0 0 17
25.445 1 STATE_FILTER_STATUS 3 0
25.448 1 ATTITUDE 0.066401 -2.316837 -0.041112
25.541 1 WIND_INFO 1 42 0. 0. 0.
25.659 1 DOWNLINK_STATUS 0 26 15772 787 29 713. 37. -17145.97
26.419 1 PPRZ_MODE 0 0 0 0 0 17
26.425 1 DESIRED 0. 0.01 0. 0. 0. 655. 0. 20.
26.431 1 GPS 0 1130805120 0 0 -17000 0 0 0 29500 12 6
26.434 1 SVINFO 6 13 16 1 0 -91 0
26.438 1 NAVIGATION 0 2 10959186. -5945715. 0. 1.55455284314e+14 0 0
26.441 1 ATTITUDE 0.066405 -2.317329 -0.041081
26.443 1 PPRZ_MODE 0 0 0 0 0 17
26.446 1 ESTIMATOR -17. 0.
26.450 1 NAVIGATION 0 2 10959186. -5945715. 0. 1.55455284314e+14 0 0
26.453 1 ATTITUDE 0.066397 -2.317541 -0.041086
26.456 1 PPRZ_MODE 0 0 0 0 0 17
26.660 1 DOWNLINK_STATUS 0 27 15995 798 29 223. 11. -17145.97
27.028 1 DESIRED 0. 0.01 0. 0. 0. 655. 0. 20.
27.031 1 WP_MOVED 3 348965.09375 5945786. 660. 12
27.034 1 IMU_GYRO -0.049805 0.008301 -0.007324
27.038 1 BAT 54 70 0 0 1 29 0 0
27.044 1 GPS 0 1130805120 0 0 -17000 0 0 0 29750 12 7
27.045 1 SVINFO 7 14 16 1 0 -91 0
27.048 1 FBW_STATUS 0 50 0 70 0
27.057 1 PPRZ_MODE 1 0 0 0 0 21
27.064 1 DESIRED 0.02 0.03 0. 0. 0. 655. 0. 20.
27.066 1 ACTUATORS 1195,1613,1428,1428,1353
27.071 1 ATTITUDE 0.066481 -2.318694 -0.041074
27.661 1 DOWNLINK_STATUS 0 28 16239 809 30 244. 11. -17145.97
27.671 1 PPRZ_MODE 1 0 0 0 0 21
27.677 1 GPS 0 1130805120 0 0 -17000 0 0 0 30000 12 8
27.679 1 SVINFO 8 16 16 1 0 -91 0
27.682 1 IMU_ACCEL 0.051758 -9.824219 0.704102
27.684 1 CALIBRATION 0. 0
27.689 1 NAVIGATION 0 2 10959186. -5945715. 0. 1.55455284314e+14 0 0
27.692 1 ATTITUDE 0.066506 -2.319369 -0.041073
27.698 1 PPRZ_MODE 1 0 0 0 0 21
27.701 1 WP_MOVED 4 348764.6875 5945795. 660. 12
27.704 1 IMU_MAG 0.329102 0.942871 0.400391
27.710 1 GPS 0 1130805120 0 0 -17000 0 0 0 30250 12 9
27.713 1 SVINFO 9 16 16 1 0 -91 0
28.282 1 NAVIGATION 0 2 10959186. -5945715. 0. 1.55455284314e+14 0 0
28.285 1 ATTITUDE 0.066541 -2.31974 -0.041102
28.288 1 PPRZ_MODE 1 0 0 0 0 21
28.294 1 DESIRED 0.02 0.03 0. 0. 0. 655. 0. 20.
28.297 1 IMU_GYRO -0.049805 0.007324 -0.008301
28.300 1 ATTITUDE 0.066526 -2.32024 -0.041093
28.308 1 PPRZ_MODE 1 0 0 0 0 21
28.314 1 DESIRED 0.02 0.03 0. 0. 0. 655. 0. 20.
28.320 1 GPS 0 1130805120 0 0 -17000 0 0 0 30500 12 10
28.322 1 SVINFO 10 17 16 1 0 -91 0
28.662 1 DOWNLINK_STATUS 0 29 16695 831 32 456. 22. -17145.97
28.940 1 NAVIGATION 0 2 10959186. -5945715. 0. 1.55455284314e+14 0 0
28.943 1 ATTITUDE 0.066532 -2.320557 -0.041056
28.945 1 PPRZ_MODE 1 0 0 0 0 21
28.947 1 ESTIMATOR -17. 0.
28.952 1 NAVIGATION 0 2 10959186. -5945715. 0. 1.55455284314e+14 0 0
28.955 1 ATTITUDE 0.066547 -2.32103 -0.041048
28.957 1 PPRZ_MODE 1 0 0 0 0 21
28.968 1 SVINFO 11 18 16 1 0 -91 0
28.977 1 NAVIGATION 0 2 10959186. -5945715. 0. 1.55455284314e+14 0 0
28.978 1 ATTITUDE 0.066515 -2.321191 -0.041037
28.978 1 PPRZ_MODE 1 0 0 0 0 21
28.981 1 IMU_ACCEL 0.023438 -9.837891 0.708008
29.228 1 BAT 54 70 0 0 1 31 0 0
29.230 1 ATTITUDE 0.066552 -2.321733 -0.041022
29.232 1 PPRZ_MODE 1 0 0 0 0 21
29.240 1 DESIRED 0.02 0.03 0. 0. 0. 655. 0. 20.
29.242 1 IMU_GYRO -0.049805 0.008301 -0.008301
29.246 1 ENERGY 7. 0. 0 0.
29.255 1 ATTITUDE 0.066553 -2.322282 -0.04096
29.257 1 PPRZ_MODE 1 0 0 0 0 21
29.264 1 DESIRED 0.02 0.03 0. 0. 0. 655. 0. 20.
29.266 1 ESTIMATOR -17. 0.
29.269 1 ATTITUDE 0.066576 -2.322592 -0.040955
29.515 1 PPRZ_MODE 1 0 0 0 0 21
29.518 1 WP_MOVED 6 348665. 5945815. 660. 12
29.524 1 GPS 0 1130805120 0 0 -17000 0 0 0 31250 12 13
29.526 1 SVINFO 13 20 16 1 0 -91 0
29.531 1 NAVIGATION 0 2 10959186. -5945715. 0. 1.55455284314e+14 0 0
29.534 1 ATTITUDE 0.066597 -2.322885 -0.040915
29.541 1 ATTITUDE 0.066655 -2.322902 -0.040923
29.543 1 PPRZ_MODE 1 0 0 0 0 21
29.546 1 ATTITUDE 0.066675 -2.323478 -0.040951
29.548 1 PPRZ_MODE 1 0 0 0 0 21
29.555 1 DESIRED 0.02 0.03 0. 0. 0. 655. 0. 20.
29.663 1 DOWNLINK_STATUS 0 30 17357 865 35 662. 34. -17145.97
29.803 1 GPS 0 1130805120 0 0 -17000 0 0 0 31500 12 14
29.805 1 SVINFO 14 21 16 1 0 -91 0
29.810 1 NAVIGATION 0 2 10959186. -5945715. 0. 1.55455284314e+14 0 0
29.813 1 ATTITUDE 0.066664 -2.324255 -0.040906
29.815 1 PPRZ_MODE 1 0 0 0 0 21
29.818 1 ESTIMATOR -17. 0.
29.821 1 IMU_ACCEL 0.038086 -9.819336 0.732422
29.825 1 NAVIGATION 0 2 10959186. -5945715. 0. 1.55455284314e+14 0 0
29.827 1 STATE_FILTER_STATUS 3 0
29.830 1 ATTITUDE 0.066639 -2.324618 -0.040878
29.832 1 PPRZ_MODE 1 0 0 0 0 21
29.839 1 DESIRED 0.02 0.03 0. 0. 0. 655. 0. 20.
29.842 1 WP_MOVED 7 349065. 5946015. 660. 12
30.091 1 GPS 0 1130805120 0 0 -17000 0 0 0 31750 12 15
30.092 1 SVINFO 15 22 16 1 0 -91 0
30.098 1 NAVIGATION 0 2 10959186. -5945715. 0. 1.55455284314e+14 0 0
30.100 1 FBW_STATUS 0 49 1 70 0
30.103 1 ATTITUDE 0.066658 -2.325427 -0.040831
30.105 1 PPRZ_MODE 1 0 0 0 0 21
30.107 1 DOWNLINK 34 1000 1592
30.110 1 ATTITUDE 0.06668 -2.325776 -0.040841
30.112 1 PPRZ_MODE 1 0 0 0 0 21
30.120 1 DESIRED 0.02 0.03 0. 0. 0. 655. 0. 20.
30.122 1 BAT 54 70 0 0 1 32 0 0
30.124 1 DL_VALUE 10 0.
30.127 1 ATTITUDE 0.066698 -2.326103 -0.040829
30.129 1 PPRZ_MODE 1 0 0 0 0 21
30.380 1 GPS 0 1130805120 0 0 -17000 0 0 0 32000 12 16
30.382 1 SVINFO 0 8 16 1 0 -91 0
30.386 1 NAVIGATION 0 2 10959186. -5945715. 0. 1.55455284314e+14 0 0
30.390 1 ATTITUDE 0.066753 -2.326641 -0.040802
30.392 1 PPRZ_MODE 1 0 0 0 0 21
30.403 1 PPRZ_MODE 1 0 0 0 0 21
30.406 1 WP_MOVED 8 349447.90625 5946767.5 660. 12
30.412 1 GPS 0 1130805120 0 0 -17000 0 0 0 32250 12 1
30.415 1 SVINFO 1 9 16 1 0 -91 0
30.419 1 NAVIGATION 0 2 10959186. -5945715. 0. 1.55455284314e+14 0 0
30.664 1 DOWNLINK_STATUS 0 31 18082 902 36 725. 37. -22146.52
31.429 1 ATTITUDE 0.066742 -2.327358 -0.040813
31.431 1 PPRZ_MODE 1 0 0 0 0 21
31.438 1 DESIRED 0.02 0.03 0. 0. 0. 655. 0. 20.
31.441 1 ATTITUDE 0.066807 -2.327977 -0.040787
31.443 1 PPRZ_MODE 1 0 0 0 0 21
31.446 1 IMU_ACCEL 0.018555 -9.833008 0.699219
31.455 1 PPRZ_MODE 1 0 0 0 0 21
31.458 1 WP_MOVED 10 348852.40625 5945427. 660. 12
31.461 1 IMU_ACCEL 0.018555 -9.833008 0.727539
31.467 1 GPS 0 1130805120 0 0 -17000 0 0 0 33250 12 5
31.469 1 SVINFO 5 14 16 1 0 -91 0
31.665 1 DOWNLINK_STATUS 0 32 18295 913 37 213. 11. -22146.52
31.717 1 NAVIGATION 0 2 10959186. -5945715. 0. 1.55455284314e+14 0 0
31.720 1 ATTITUDE 0.066859 -2.329652 -0.040762
31.722 1 PPRZ_MODE 1 0 0 0 0 21
31.729 1 DESIRED 0.02 0.03 0. 0. 0. 655. 0. 20.
31.732 1 IMU_GYRO -0.049805 0.008301 -0.007324
31.735 1 ATTITUDE 0.066876 -2.330274 -0.04078
31.743 1 PPRZ_MODE 1 0 0 0 0 21
31.744 1 STATE_FILTER_STATUS 3 0
31.747 1 ATTITUDE 0.066908 -2.331523 -0.040785
31.749 1 PPRZ_MODE 1 0 0 0 0 21
31.756 1 DESIRED 0.02 0.03 0. 0. 0. 655. 0. 20.
31.759 1 IMU_GYRO -0.049805 0.008301 -0.006348
32.004 1 ATTITUDE 0.066934 -2.331972 -0.040693
32.006 1 PPRZ_MODE 1 0 0 0 0 21
32.012 1 GPS 0 1130805120 0 0 -17000 0 0 0 34000 12 8
32.014 1 SVINFO 8 17 16 1 0 -91 0
32.017 1 IMU_ACCEL 0.047852 -9.829102 0.74707
32.022 1 NAVIGATION 0 2 10959186. -5945715. 0. 1.55455284314e+14 0 0
32.029 1 PPRZ_MODE 1 0 0 0 0 21
32.036 1 DESIRED 0.02 0.03 0. 0. 0. 655. 0. 20.
32.041 1 GPS 0 1130805120 0 0 -17000 0 0 0 34500 12 10
32.044 1 SVINFO 10 20 16 1 0 -91 0
32.291 1 NAVIGATION 0 2 10959186. -5945715. 0. 1.55455284314e+14 0 0
32.294 1 ATTITUDE 0.067018 -2.332554 -0.040535
32.296 1 PPRZ_MODE 1 0 0 0 0 21
32.298 1 ESTIMATOR -17. 0.
32.303 1 NAVIGATION 0 2 10959186. -5945715. 0. 1.55455284314e+14 0 0
32.306 1 ATTITUDE 0.0671 -2.332817 -0.040523
32.308 1 PPRZ_MODE 1 0 0 0 0 21
32.322 1 DESIRED 0.02 0.03 0. 0. 0. 655. 0. 20.
32.325 1 ESTIMATOR -17. 0.
32.328 1 IMU_GYRO -0.049805 0.007324 -0.008301
32.331 1 ATTITUDE 0.0671 -2.333609 -0.040459
32.577 1 PPRZ_MODE 1 0 0 0 0 21
32.580 1 WP_MOVED 14 348242.3125 5945836.5 660. 12
32.584 1 BAT 54 70 0 0 1 35 0 0
32.590 1 GPS 0 1130805120 0 0 -17000 0 0 0 35250 12 13
32.592 1 SVINFO 13 23 16 1 0 -91 0
32.597 1 NAVIGATION 0 2 10959186. -5945715. 0. 1.55455284314e+14 0 0
32.607 1 DESIRED 0.02 0.03 0. 0. 0. 655. 0. 20.
32.610 1 WP_MOVED 15 348610.09375 5946017. 660. 12
32.613 1 IMU_GYRO -0.049805 0.008301 -0.008301
32.619 1 GPS 0 1130805120 0 0 -17000 0 0 0 35750 12 15
32.665 1 DOWNLINK_STATUS 0 33 19199 956 41 904. 43. -22146.52
32.863 1 SVINFO 15 25 16 1 0 -91 0
32.866 1 FBW_STATUS 0 54 1 70 0
32.870 1 NAVIGATION 0 2 10959186. -5945715. 0. 1.55455284314e+14 0 0
32.873 1 ATTITUDE 0.067293 -2.334139 -0.040465
32.876 1 PPRZ_MODE 1 0 0 0 0 21
32.879 1 ATTITUDE 0.067294 -2.334413 -0.04047
32.881 1 PPRZ_MODE 1 0 0 0 0 21
32.890 1 PPRZ_MODE 1 0 0 0 0 21
32.896 1 GPS 0 1130805120 0 0 -17000 0 0 0 36000 12 16
32.898 1 SVINFO 0 10 16 1 0 -91 0
32.900 1 STATE_FILTER_STATUS 3 0
32.904 1 ALIVE 86,175,38,206,182,125,104,105,10,104,187,159,219,191,72,73
33.152 1 NAVIGATION 0 2 10959186. -5945715. 0. 1.55455284314e+14 0 0
33.154 1 ATTITUDE 0.067338 -2.334461 -0.040426
33.156 1 PPRZ_MODE 1 0 0 0 0 21
33.163 1 DESIRED 0.02 0.03 0. 0. 0. 655. 0. 20.
33.165 1 ESTIMATOR -17. 0.
33.168 1 ATTITUDE 0.067386 -2.334633 -0.040439
33.170 1 PPRZ_MODE 1 0 0 0 0 21
33.180 1 ATTITUDE 0.067435 -2.334776 -0.040425
33.182 1 PPRZ_MODE 1 0 0 0 0 21
33.189 1 DESIRED 0.02 0.03 0. 0. 0. 655. 0. 20.
33.191 1 IMU_GYRO -0.049805 0.009521 -0.008301
33.439 1 BAT 54 70 0 0 1 36 0 0
33.441 1 CALIBRATION 0. 0
33.444 1 ATTITUDE 0.067452 -2.334972 -0.040421
33.446 1 PPRZ_MODE 1 0 0 0 0 21
33.449 1 IMU_ACCEL 0.018555 -9.833008 0.708008
33.451 1 DL_VALUE 2 655.
33.454 1 ATTITUDE 0.067437 -2.335175 -0.040443
33.456 1 PPRZ_MODE 1 0 0 0 0 21
33.465 1 PPRZ_MODE 1 0 0 0 0 21
33.468 1 ESTIMATOR -17. 0.
33.472 1 NAVIGATION 0 2 10959186. -5945715. 0. 1.55455284314e+14 0 0
33.475 1 ATTITUDE 0.067433 -2.335546 -0.040437
33.478 1 PPRZ_MODE 1 0 0 0 0 21
33.666 1 DOWNLINK_STATUS 0 34 19832 992 44 633. 36. -22146.52
33.727 1 DESIRED 0.02 0.03 0. 0. 0. 655. 0. 20.
33.730 1 WP_MOVED 17 348944.6875 5946570. 660. 12
33.733 1 IMU_MAG 0.327637 0.944824 0.384766
33.739 1 GPS 0 1130805120 0 0 -17000 0 0 0 36750 12 3
33.742 1 SVINFO 3 13 16 1 0 -91 0
33.746 1 NAVIGATION 0 2 10959186. -5945715. 0. 1.55455284314e+14 0 0
33.753 1 PPRZ_MODE 1 0 0 0 0 21
33.759 1 DESIRED 0.02 0.03 0. 0. 0. 655. 0. 20.
33.762 1 IMU_GYRO -0.049805 0.008301 -0.007324
33.764 1 DOWNLINK 38 1003 1846
33.767 1 ATTITUDE 0.067452 -2.336326 -0.040367
33.769 1 PPRZ_MODE 1 0 0 0 0 21
34.019 1 GPS 0 1130805120 0 0 -17000 0 0 0 37000 12 4
34.020 1 SVINFO 4 14 16 1 0 -91 0
34.025 1 NAVIGATION 0 2 10959186. -5945715. 0. 1.55455284314e+14 0 0
34.028 1 ATTITUDE 0.067491 -2.336917 -0.040356
34.030 1 PPRZ_MODE 1 0 0 0 0 21
34.040 1 PPRZ_MODE 1 0 0 0 0 21
34.043 1 WP_MOVED 18 348975. 5946791.5 660. 12
34.046 1 IMU_ACCEL 0.071289 -9.842773 0.712891
34.052 1 GPS 0 1130805120 0 0 -17000 0 0 0 37250 12 5
34.055 1 SVINFO 5 15 16 1 0 -91 0
34.303 1 NAVIGATION 0 2 10959186. -5945715. 0. 1.55455284314e+14 0 0
34.306 1 ATTITUDE 0.067449 -2.337189 -0.040381
34.308 1 PPRZ_MODE 1 0 0 0 0 21
34.314 1 DESIRED 0.02 0.03 0. 0. 0. 655. 0. 20.
34.317 1 NAVIGATION_REF 348865 5945715 12
34.320 1 ATTITUDE 0.067449 -2.337539 -0.040394
34.322 1 PPRZ_MODE 1 0 0 0 0 21
34.331 1 WP_MOVED 1 348865. 5945715. 660. 12
34.333 1 STATE_FILTER_STATUS 3 0
34.339 1 GPS 0 1130805120 0 0 -17000 0 0 0 38250 12 9
34.341 1 SVINFO 9 19 16 1 0 -91 0
34.587 1 NAVIGATION 0 2 10959186. -5945715. 0. 1.55455284314e+14 0 0
34.591 1 ATTITUDE 0.067672 -2.337149 -0.040334
34.593 1 PPRZ_MODE 0 0 0 0 0 17
34.599 1 DESIRED 0.02 0.03 0. 0. 0. 655. 0. 20.
34.602 1 ATTITUDE 0.067718 -2.337454 -0.040329
34.604 1 PPRZ_MODE 0 0 0 0 0 17
34.606 1 CALIBRATION 0. 0
34.614 1 PPRZ_MODE 0 0 0 0 0 17
34.621 1 DESIRED 0.02 0.03 0. 0. 0. 655. 0. 20.
34.627 1 GPS 0 1130805120 0 0 -17000 0 0 0 38500 12 10
34.629 1 SVINFO 10 20 16 1 0 -91 0
34.666 1 DOWNLINK_STATUS 0 35 20737 1036 48 905. 44. -22146.52
34.877 1 NAVIGATION 0 2 10959186. -5945715. 0. 1.55455284314e+14 0 0
34.879 1 ATTITUDE 0.067804 -2.337856 -0.040362
34.881 1 PPRZ_MODE 0 0 0 0 0 17
34.883 1 ESTIMATOR -17. 0.
34.888 1 NAVIGATION 0 2 10959186. -5945715. 0. 1.55455284314e+14 0 0
34.891 1 ATTITUDE 0.067831 -2.337959 -0.040351
34.893 1 PPRZ_MODE 0 0 0 0 0 17
34.903 1 ATTITUDE 0.067914 -2.338055 -0.040358
34.906 1 PPRZ_MODE 0 0 0 0 0 17
34.909 1 IMU_ACCEL 0.018555 -9.819336 0.68457
34.912 1 ATTITUDE 0.067926 -2.33833 -0.040351
34.914 1 PPRZ_MODE 0 0 0 0 0 17
35.164 1 DESIRED 0.02 0.03 0. 0. 0. 655. 0. 20.
35.166 1 PPRZ_MODE 1 0 0 0 0 21
35.169 1 ATTITUDE 0.067971 -2.338472 -0.040365
35.171 1 PPRZ_MODE 1 0 0 0 0 21
35.177 1 GPS 0 1130805120 0 0 -17000 0 0 0 39000 12 12
35.179 1 SVINFO 12 22 16 1 0 -91 0
35.189 1 PPRZ_MODE 1 0 0 0 0 21
35.196 1 DESIRED 0.02 0.03 0. 0. 0. 655. 0. 20.
35.198 1 ESTIMATOR -17. 0.
35.201 1 ATTITUDE 0.067911 -2.339096 -0.04027
35.203 1 PPRZ_MODE 1 0 0 0 0 21
35.541 1 WIND_INFO 1 42 0. 0. 0.
35.667 1 DOWNLINK_STATUS 0 36 21162 1059 50 425. 23. -27147.7
36.175 1 WP_MOVED 3 348965.09375 5945786. 660. 12
36.181 1 GPS 0 1130805120 0 0 -17000 0 0 0 39250 12 13
36.183 1 SVINFO 13 23 16 1 0 -91 0
36.188 1 NAVIGATION 0 2 10959186. -5945715. 0. 1.55455284314e+14 0 0
36.191 1 ATTITUDE 0.067869 -2.339472 -0.040256
36.193 1 PPRZ_MODE 1 0 0 0 0 21
36.202 1 PPRZ_MODE 1 0 0 0 0 21
36.204 1 DL_VALUE 4 0.
36.207 1 ATTITUDE 0.067842 -2.340374 -0.04027
36.209 1 PPRZ_MODE 1 0 0 0 0 21
36.215 1 DESIRED 0.02 0.03 0. 0. 0. 655. 0. 20.
36.668 1 DOWNLINK_STATUS 0 37 21376 1070 51 214. 11. -27147.7
36.870 1 GPS 0 1130805120 0 0 -17000 0 0 0 39500 12 14
36.872 1 SVINFO 14 24 16 1 0 -91 0
36.877 1 NAVIGATION 0 2 10959186. -5945715. 0. 1.55455284314e+14 0 0
36.880 1 ATTITUDE 0.067827 -2.340806 -0.040259
36.882 1 PPRZ_MODE 1 0 0 0 0 21
36.884 1 ESTIMATOR -17. 0.
36.888 1 IMU_ACCEL 0.033203 -9.824219 0.704102
36.895 1 PPRZ_MODE 1 0 0 0 0 21
36.901 1 DESIRED 0.02 0.03 0. 0. 0. 655. 0. 20.
36.905 1 WP_MOVED 4 348764.6875 5945795. 660. 12
36.911 1 GPS 0 1130805120 0 0 -17000 0 0 0 39750 12 15
37.155 1 SVINFO 15 25 16 1 0 -91 0
37.157 1 FBW_STATUS 0 52 1 70 0
37.162 1 NAVIGATION 0 2 10959186. -5945715. 0. 1.55455284314e+14 0 0
37.165 1 ATTITUDE 0.067879 -2.340884 -0.040196
37.167 1 PPRZ_MODE 1 0 0 0 0 21
37.170 1 COMMANDS 54,-1424,1341,0,-266
37.173 1 ATTITUDE 0.067884 -2.341103 -0.040161
37.175 1 PPRZ_MODE 1 0 0 0 0 21
37.184 1 PPRZ_MODE 1 0 0 0 0 21
37.190 1 GPS 0 1130805120 0 0 -17000 0 0 0 40000 12 16
37.192 1 SVINFO 0 10 16 1 0 -91 0
37.197 1 NAVIGATION 0 2 10959186. -5945715. 0. 1.55455284314e+14 0 0
37.442 1 ATTITUDE 0.067853 -2.34134 -0.040179
37.444 1 PPRZ_MODE 1 0 0 0 0 21
37.451 1 DESIRED 0.02 0.03 0. 0. 0. 655. 0. 20.
37.453 1 ESTIMATOR -17. 0.
37.456 1 ATTITUDE 0.067836 -2.341557 -0.04013
37.458 1 PPRZ_MODE 1 0 0 0 0 21
37.462 1 WP_MOVED 5 348740. 5945760. 660. 12
37.467 1 GPS 0 1130805120 0 0 -17000 0 0 0 40250 12 1
37.470 1 SVINFO 1 11 16 1 0 -91 0
37.474 1 NAVIGATION 0 2 10959186. -5945715. 0. 1.55455284314e+14 0 0
37.478 1 ATTITUDE 0.067822 -2.341626 -0.0401
37.480 1 PPRZ_MODE 1 0 0 0 0 21
37.669 1 DOWNLINK_STATUS 0 38 22066 1105 53 690. 35. -27147.7
37.730 1 DESIRED 0.02 0.03 0. 0. 0. 655. 0. 20.
37.733 1 ATTITUDE 0.067855 -2.34175 -0.040103
37.735 1 PPRZ_MODE 1 0 0 0 0 21
37.738 1 IMU_ACCEL 0.033203 -9.862305 0.694336
37.739 1 STATE_FILTER_STATUS 3 0
37.742 1 PPRZ_MODE 0 0 0 0 0 17
37.745 1 ATTITUDE 0.067823 -2.342497 -0.040092
37.747 1 PPRZ_MODE 0 0 0 0 0 17
37.753 1 DESIRED 0.02 0.03 0. 0. 0. 655. 0. 20.
37.759 1 GPS 0 1130805120 0 0 -17000 0 0 0 40500 12 2
37.762 1 SVINFO 2 12 16 1 0 -91 0
37.764 1 CALIBRATION 0. 0
37.768 1 NAVIGATION 0 2 10959186. -5945715. 0. 1.55455284314e+14 0 0
37.771 1 ATTITUDE 0.067768 -2.342699 -0.040075
38.016 1 PPRZ_MODE 0 0 0 0 0 17
38.019 1 ESTIMATOR -17. 0.
38.023 1 NAVIGATION 0 2 10959186. -5945715. 0. 1.55455284314e+14 0 0
38.026 1 IMU_MAG 0.39502 0.977051 0.32959
38.029 1 ATTITUDE 0.067732 -2.343175 -0.040067
38.031 1 PPRZ_MODE 0 0 0 0 0 17
38.045 1 ATTITUDE 0.067724 -2.343637 -0.040091
38.047 1 PPRZ_MODE 0 0 0 0 0 17
38.051 1 ATTITUDE 0.067711 -2.34375 -0.040112
38.053 1 PPRZ_MODE 0 0 0 0 0 17
38.059 1 DESIRED 0.02 0.03 0. 0. 0. 655. 0. 20.
38.304 1 DL_VALUE 5 0.
38.307 1 ENERGY 7. 0. 0 0.
38.310 1 ATTITUDE 0.067693 -2.34412 -0.040125
38.313 1 PPRZ_MODE 0 0 0 0 0 17
38.318 1 GPS 0 1130805120 0 0 -17000 0 0 0 41000 12 4
38.321 1 SVINFO 4 14 16 1 0 -91 0
38.326 1 ALIVE 86,175,38,206,182,125,104,105,10,104,187,159,219,191,72,73
38.604 1 GPS 0 1130805120 0 0 -17000 0 0 0 41250 12 5
38.606 1 SVINFO 5 16 16 1 0 -91 0
38.611 1 NAVIGATION 0 2 10959186. -5945715. 0. 1.55455284314e+14 0 0
38.619 1 PPRZ_MODE 0 0 0 0 0 17
38.622 1 ATTITUDE 0.067758 -2.345365 -0.040131
38.624 1 PPRZ_MODE 0 0 0 0 0 17
38.630 1 DESIRED 0.02 0.03 0. 0. 0. 655. 0. 20.
38.669 1 DOWNLINK_STATUS 0 39 22825 1144 56 759. 39. -27147.7
38.879 1 GPS 0 1130805120 0 0 -17000 0 0 0 41500 12 6
38.881 1 SVINFO 6 17 16 1 0 -91 0
38.886 1 NAVIGATION 0 2 10959186. -5945715. 0. 1.55455284314e+14 0 0
38.889 1 ATTITUDE 0.067717 -2.345941 -0.040111
38.891 1 PPRZ_MODE 0 0 0 0 0 17
38.894 1 ESTIMATOR -17. 0.
38.898 1 NAVIGATION 0 2 10959186. -5945715. 0. 1.55455284314e+14 0 0
38.901 1 ATTITUDE 0.067738 -2.345902 -0.040047
38.903 1 PPRZ_MODE 0 0 0 0 0 17
38.910 1 DESIRED 0.02 0.03 0. 0. 0. 655. 0. 20.
38.913 1 WP_MOVED 8 349447.90625 5946767.5 660. 12
38.917 1 IMU_GYRO -0.049805 0.008301 -0.007324
38.922 1 GPS 0 1130805120 0 0 -17000 0 0 0 41750 12 7
39.167 1 SVINFO 7 18 16 1 0 -91 0
39.170 1 FBW_STATUS 0 48 0 70 0
39.175 1 NAVIGATION 0 2 10959186. -5945715. 0. 1.55455284314e+14 0 0
39.178 1 ATTITUDE 0.067724 -2.346459 -0.04005
39.180 1 PPRZ_MODE 0 0 0 0 0 17
39.183 1 BAT 54 70 0 0 1 42 0 0
39.187 1 ATTITUDE 0.067725 -2.347031 -0.040008
39.193 1 PPRZ_MODE 0 0 0 0 0 17
39.199 1 GPS 0 1130805120 0 0 -17000 0 0 0 42000 12 8
39.201 1 SVINFO 8 19 16 1 0 -91 0
39.204 1 IMU_ACCEL 0.047852 -9.829102 0.689453
39.206 1 DOWNLINK 43 1005 2102
39.455 1 NAVIGATION 0 2 10959186. -5945715. 0. 1.55455284314e+14 0 0
39.458 1 ATTITUDE 0.067783 -2.347702 -0.039954
39.460 1 PPRZ_MODE 0 0 0 0 0 17
39.466 1 DESIRED 0.02 0.03 0. 0. 0. 655. 0. 20.
39.469 1 ESTIMATOR -17. 0.
39.472 1 ATTITUDE 0.06781 -2.34824 -0.039964
39.474 1 PPRZ_MODE 0 0 0 0 0 17
39.481 1 PPRZ_MODE 0 0 0 0 0 17
39.490 1 GPS 0 1130805120 0 0 -17000 0 0 0 43000 12 12
39.490 1 SVINFO 12 23 16 1 0 -91 0
39.494 1 NAVIGATION 0 2 10959186. -5945715. 0. 1.55455284314e+14 0 0
39.497 1 ATTITUDE 0.06788 -2.348707 -0.039896
39.670 1 DOWNLINK_STATUS 0 40 23560 1181 58 735. 37. -27147.7
39.741 1 PPRZ_MODE 0 0 0 0 0 17
39.748 1 DESIRED 0.02 0.03 0. 0. 0. 655. 0. 20.
39.750 1 ESTIMATOR -17. 0.
39.754 1 ATTITUDE 0.067883 -2.349013 -0.039869
39.756 1 PPRZ_MODE 0 0 0 0 0 17
39.759 1 WP_MOVED 11 348865. 5945714. 660. 12
39.762 1 IMU_MAG 0.327637 0.939453 0.365234
39.775 1 DESIRED 0.02 0.03 0. 0. 0. 655. 0. 20.
39.778 1 WP_MOVED 12 348655.1875 5945715. 660. 12
39.784 1 GPS 0 1130805120 0 0 -17000 0 0 0 43750 12 15
40.029 1 SVINFO 15 27 16 1 0 -91 0
40.031 1 FBW_STATUS 0 50 0 70 0
40.037 1 NAVIGATION 0 2 10959186. -5945715. 0. 1.55455284314e+14 0 0
40.039 1 ATTITUDE 0.068059 -2.349972 -0.039813
40.041 1 PPRZ_MODE 0 0 0 0 0 17
40.044 1 ATTITUDE 0.068066 -2.350116 -0.03984
40.046 1 PPRZ_MODE 0 0 0 0 0 17
40.055 1 PPRZ_MODE 0 0 0 0 0 17
40.061 1 GPS 0 1130805120 0 0 -17000 0 0 0 44000 12 16
40.063 1 SVINFO 0 12 16 1 0 -91 0
40.067 1 BAT 418 70 0 0 1 44 0 0
40.071 1 NAVIGATION 0 2 10959186. -5945715. 0. 1.55455284314e+14 0 0
40.319 1 ATTITUDE 0.068134 -2.3503 -0.039774
40.321 1 PPRZ_MODE 0 0 0 0 0 17
40.328 1 DESIRED 0.02 0.03 0. 0. 0. 655. 0. 20.
40.330 1 ESTIMATOR -17. 0.
40.333 1 IMU_GYRO -0.049805 0.007324 -0.008301
40.336 1 ATTITUDE 0.068151 -2.350463 -0.039755
40.338 1 PPRZ_MODE 0 0 0 0 0 17
40.348 1 SVINFO 1 13 16 1 0 -91 0
40.353 1 NAVIGATION 0 2 10959186. -5945715. 0. 1.55455284314e+14 0 0
40.356 1 ATTITUDE 0.068197 -2.350305 -0.039741
40.358 1 PPRZ_MODE 0 0 0 0 0 17
40.671 1 DOWNLINK_STATUS 0 41 24204 1214 61 644. 33. -32148.51
41.286 1 DESIRED 0.02 0.03 0. 0. 0. 655. 0. 20.
41.289 1 ATTITUDE 0.068198 -2.350455 -0.039752
41.290 1 PPRZ_MODE 0 0 0 0 0 17
41.294 1 IMU_ACCEL 0.02832 -9.837891 0.722656
41.297 1 ATTITUDE 0.068198 -2.350463 -0.039746
41.298 1 PPRZ_MODE 0 0 0 0 0 17
41.306 1 DESIRED 0.02 0.03 0. 0. 0. 655. 0. 20.
41.312 1 GPS 0 1130805120 0 0 -17000 0 0 0 44500 12 2
41.314 1 SVINFO 2 14 16 1 0 -91 0
41.319 1 NAVIGATION 0 2 10959186. -5945715. 0. 1.55455284314e+14 0 0
41.321 1 ATTITUDE 0.068275 -2.350368 -0.039755
41.323 1 PPRZ_MODE 0 0 0 0 0 17
41.325 1 ESTIMATOR -17. 0.
41.672 1 DOWNLINK_STATUS 0 42 24475 1227 61 271. 13. -32148.51
41.896 1 NAVIGATION 0 2 10959186. -5945715. 0. 1.55455284314e+14 0 0
41.899 1 ATTITUDE 0.068282 -2.350346 -0.039711
41.901 1 PPRZ_MODE 0 0 0 0 0 17
41.908 1 DESIRED 0.02 0.03 0. 0. 0. 655. 0. 20.
41.911 1 WP_MOVED 14 348242.3125 5945836.5 660. 12
41.921 1 ATTITUDE 0.068265 -2.350407 -0.039687
41.924 1 PPRZ_MODE 0 0 0 0 0 17
41.925 1 STATE_FILTER_STATUS 3 0
41.928 1 COMMANDS 418,196,252,0,-280
41.931 1 ATTITUDE 0.068257 -2.350554 -0.039694
41.933 1 PPRZ_MODE 0 0 0 0 0 17
42.566 1 DESIRED 0.02 0.03 0. 0. 0. 655. 0. 20.
42.568 1 ACTUATORS 1194,1560,1510,1510,1378
42.571 1 ATTITUDE 0.068294 -2.350775 -0.039689
42.573 1 PPRZ_MODE 0 0 0 0 0 17
42.580 1 GPS 0 1130805120 0 0 -17000 0 0 0 45000 12 4
42.582 1 SVINFO 4 16 16 1 0 -91 0
42.589 1 PPRZ_MODE 0 0 0 0 0 17
42.597 1 DESIRED 0.02 0.03 0. 0. 0. 655. 0. 20.
42.598 1 ESTIMATOR -17. 0.
42.602 1 BAT 418 70 0 0 1 45 0 0
42.605 1 ATTITUDE 0.068312 -2.350616 -0.03972
42.673 1 DOWNLINK_STATUS 0 43 24910 1249 63 435. 22. -32148.51
42.851 1 PPRZ_MODE 0 0 0 0 0 17
42.854 1 WP_MOVED 15 348610.09375 5946017. 660. 12
42.857 1 IMU_ACCEL 0.013672 -9.867188 0.699219
42.863 1 GPS 0 1130805120 0 0 -17000 0 0 0 45250 12 5
42.865 1 SVINFO 5 17 16 1 0 -91 0
42.870 1 NAVIGATION 0 2 10959186. -5945715. 0. 1.55455284314e+14 0 0
42.877 1 PPRZ_MODE 0 0 0 0 0 17
42.879 1 DL_VALUE 8 0.
42.882 1 ATTITUDE 0.06831 -2.35105 -0.039716
42.884 1 PPRZ_MODE 0 0 0 0 0 17
42.891 1 DESIRED 0.02 0.03 0. 0. 0. 655. 0. 20.
43.139 1 GPS 0 1130805120 0 0 -17000 0 0 0 45500 12 6
43.141 1 SVINFO 6 18 16 1 0 -91 0
43.146 1 NAVIGATION 0 2 10959186. -5945715. 0. 1.55455284314e+14 0 0
43.149 1 ATTITUDE 0.06831 -2.351316 -0.039693
43.151 1 PPRZ_MODE 0 0 0 0 0 17
43.154 1 ESTIMATOR -17. 0.
43.158 1 NAVIGATION 0 2 10959186. -5945715. 0. 1.55455284314e+14 0 0
43.161 1 ATTITUDE 0.068279 -2.351109 -0.039715
43.163 1 PPRZ_MODE 0 0 0 0 0 17
43.170 1 DESIRED 0.02 0.03 0. 0. 0. 655. 0. 20.
43.173 1 WP_MOVED 16 348775.09375 5946191. 660. 12
43.179 1 GPS 0 1130805120 0 0 -17000 0 0 0 45750 12 7
43.425 1 SVINFO 7 19 16 1 0 -91 0
43.426 1 FBW_STATUS 0 51 0 70 0
43.432 1 NAVIGATION 0 2 10959186. -5945715. 0. 1.55455284314e+14 0 0
43.434 1 ATTITUDE 0.068263 -2.351373 -0.039774
43.436 1 PPRZ_MODE 0 0 0 0 0 17
43.439 1 IMU_MAG 0.324219 0.946289 0.355469
43.442 1 ATTITUDE 0.068255 -2.351483 -0.039778
43.445 1 PPRZ_MODE 0 0 0 0 0 17
43.459 1 SVINFO 8 20 16 1 0 -91 0
43.462 1 IMU_ACCEL 0.038086 -9.847656 0.704102
43.467 1 ALIVE 86,175,38,206,182,125,104,105,10,104,187,159,219,191,72,73
43.674 1 DOWNLINK_STATUS 0 44 25576 1283 65 666. 34. -32148.51
43.715 1 NAVIGATION 0 2 10959186. -5945715. 0. 1.55455284314e+14 0 0
43.718 1 ATTITUDE 0.068298 -2.351249 -0.039842
43.720 1 PPRZ_MODE 0 0 0 0 0 17
43.727 1 DESIRED 0.02 0.03 0. 0. 0. 655. 0. 20.
43.729 1 ESTIMATOR -17. 0.
43.732 1 ATTITUDE 0.068306 -2.351397 -0.039848
43.734 1 PPRZ_MODE 0 0 0 0 0 17
43.740 1 GPS 0 1130805120 0 0 -17000 0 0 0 46250 12 9
43.742 1 SVINFO 9 21 16 1 0 -91 0
43.747 1 NAVIGATION 0 2 10959186. -5945715. 0. 1.55455284314e+14 0 0
43.750 1 ATTITUDE 0.068358 -2.351429 -0.039819
43.752 1 PPRZ_MODE 0 0 0 0 0 17
44.002 1 DESIRED 0.02 0.03 0. 0. 0. 655. 0. 20.
44.004 1 NAVIGATION_REF 348865 5945715 12
44.007 1 ATTITUDE 0.068384 -2.351545 -0.039833
44.009 1 PPRZ_MODE 0 0 0 0 0 17
44.012 1 ATTITUDE 0.068421 -2.351617 -0.039801
44.014 1 PPRZ_MODE 0 0 0 0 0 17
44.021 1 DESIRED 0.02 0.03 0. 0. 0. 655. 0. 20.
44.026 1 GPS 0 1130805120 0 0 -17000 0 0 0 46500 12 10
44.029 1 SVINFO 10 22 16 1 0 -91 0
44.033 1 NAVIGATION 0 2 10959186. -5945715. 0. 1.55455284314e+14 0 0
44.037 1 ATTITUDE 0.068462 -2.351249 -0.03982
44.039 1 PPRZ_MODE 0 0 0 0 0 17
44.041 1 ESTIMATOR -17. 0.
44.289 1 NAVIGATION 0 2 10959186. -5945715. 0. 1.55455284314e+14 0 0
44.291 1 ATTITUDE 0.068432 -2.351206 -0.039824
44.293 1 PPRZ_MODE 0 0 0 0 0 17
44.301 1 DESIRED 0.02 0.03 0. 0. 0. 655. 0. 20.
44.304 1 WP_MOVED 18 348975. 5946791.5 660. 12
44.313 1 PPRZ_MODE 0 0 0 0 0 17
44.316 1 IMU_ACCEL 0.033203 -9.87207 0.74707
44.318 1 CALIBRATION 0. 0
44.321 1 ATTITUDE 0.06838 -2.351125 -0.039787
44.323 1 PPRZ_MODE 0 0 0 0 0 17
44.331 1 DESIRED 0.02 0.03 0. 0. 0. 655. 0. 20.
44.575 1 DL_VALUE 9 1.
44.579 1 ATTITUDE 0.068411 -2.351213 -0.039774
44.581 1 PPRZ_MODE 0 0 0 0 0 17
44.586 1 GPS 0 1130805120 0 0 -17000 0 0 0 47000 12 12
44.589 1 SVINFO 12 24 16 1 0 -91 0
44.590 1 STATE_FILTER_STATUS 3 0
44.595 1 NAVIGATION 0 2 10959186. -5945715. 0. 1.55455284314e+14 0 0
44.598 1 ATTITUDE 0.068388 -2.351298 -0.039782
44.600 1 PPRZ_MODE 0 0 0 0 0 17
44.607 1 DESIRED 0.02 0.03 0. 0. 0. 655. 0. 20.
44.609 1 ESTIMATOR -17. 0.
44.612 1 IMU_GYRO -0.048828 0.007324 -0.008301
44.616 1 IMU_MAG 0.31543 0.941406 0.48877
44.617 1 DOWNLINK 49 1004 2357
44.674 1 DOWNLINK_STATUS 0 45 26560 1333 66 984. 50. -32148.51
44.862 1 ATTITUDE 0.068385 -2.351235 -0.039792
44.864 1 PPRZ_MODE 0 0 0 0 0 17
44.868 1 WP_MOVED 0 348907. 5945757. 660. 12
44.874 1 GPS 0 1130805120 0 0 -17000 0 0 0 47250 12 13
44.876 1 SVINFO 13 25 16 1 0 -91 0
44.880 1 NAVIGATION 0 2 10959186. -5945715. 0. 1.55455284314e+14 0 0
44.887 1 PPRZ_MODE 0 0 0 0 0 17
44.894 1 DESIRED 0.02 0.03 0. 0. 0. 655. 0. 20.
44.903 1 ESTIMATOR -17. 0.
44.903 1 ATTITUDE 0.068332 -2.350065 -0.039942
44.904 1 PPRZ_MODE 0 0 0 0 0 17
45.148 1 WP_MOVED 2 348895. 5945815. 660. 12
45.154 1 GPS 0 1130805120 0 0 -17000 0 0 0 48250 12 1
45.155 1 SVINFO 1 14 16 1 0 -91 0
45.161 1 NAVIGATION 0 2 10959186. -5945715. 0. 1.55455284314e+14 0 0
45.163 1 ATTITUDE 0.068324 -2.350202 -0.039975
45.165 1 PPRZ_MODE 0 0 0 0 0 17
45.174 1 PPRZ_MODE 0 0 0 0 0 17
45.182 1 DESIRED 0.02 0.03 0. 0. 0. 655. 0. 20.
45.184 1 WP_MOVED 3 348965.09375 5945786. 660. 12
45.190 1 GPS 0 1130805120 0 0 -17000 0 0 0 48750 12 3
45.541 1 WIND_INFO 1 42 0. 0. 0.
45.675 1 DOWNLINK_STATUS 0 46 27003 1354 68 443. 21. -37148.58
45.809 1 SVINFO 3 16 16 1 0 -91 0
45.813 1 NAVIGATION 0 2 10959186. -5945715. 0. 1.55455284314e+14 0 0
45.816 1 ATTITUDE 0.068291 -2.349356 -0.040102
45.818 1 PPRZ_MODE 0 0 0 0 0 17
45.821 1 ATTITUDE 0.068227 -2.349465 -0.040046
45.824 1 PPRZ_MODE 0 0 0 0 0 17
45.835 1 PPRZ_MODE 0 0 0 0 0 17
45.838 1 ATTITUDE 0.068086 -2.348667 -0.04009
45.840 1 PPRZ_MODE 0 0 0 0 0 17
45.847 1 DESIRED 0.02 0.03 0. 0. 0. 655. 0. 20.
46.464 1 GPS 0 1130805120 0 0 -17000 0 0 0 49500 12 6
46.466 1 SVINFO 6 19 16 1 0 -91 0
46.471 1 NAVIGATION 0 2 10959186. -5945715. 0. 1.55455284314e+14 0 0
46.473 1 ATTITUDE 0.068056 -2.348765 -0.040093
46.475 1 PPRZ_MODE 0 0 0 0 0 17
46.478 1 ESTIMATOR -17. 0.
46.482 1 NAVIGATION 0 2 10959186. -5945715. 0. 1.55455284314e+14 0 0
46.486 1 ATTITUDE 0.068022 -2.348462 -0.040154
46.488 1 PPRZ_MODE 0 0 0 0 0 17
46.500 1 DESIRED 0.02 0.03 0. 0. 0. 655. 0. 20.
46.500 1 WP_MOVED 5 348740. 5945760. 660. 12
46.501 1 IMU_MAG 0.325684 0.939453 0.367188
46.507 1 GPS 0 1130805120 0 0 -17000 0 0 0 49750 12 7
46.675 1 DOWNLINK_STATUS 0 47 27465 1377 69 462. 23. -37148.58
46.752 1 SVINFO 7 20 16 1 0 -91 0
46.755 1 FBW_STATUS 0 47 0 70 0
46.760 1 NAVIGATION 0 2 10959186. -5945715. 0. 1.55455284314e+14 0 0
46.763 1 ATTITUDE 0.068018 -2.348518 -0.040157
46.765 1 PPRZ_MODE 0 0 0 0 0 17
46.768 1 COMMANDS 418,196,196,0,-280
46.771 1 ATTITUDE 0.067985 -2.348584 -0.040208
46.773 1 PPRZ_MODE 0 0 0 0 0 17
46.780 1 DESIRED 0.02 0.03 0. 0. 0. 655. 0. 20.
46.781 1 DL_VALUE 0 0.
46.784 1 ACTUATORS 1195,1559,1508,1508,1378
46.788 1 ATTITUDE 0.068013 -2.34819 -0.040294
46.790 1 PPRZ_MODE 0 0 0 0 0 17
46.795 1 GPS 0 1130805120 0 0 -17000 0 0 0 50000 12 8
47.041 1 SVINFO 8 21 16 1 0 -91 0
47.044 1 IMU_ACCEL 0.038086 -9.824219 0.722656
47.048 1 NAVIGATION 0 2 10959186. -5945715. 0. 1.55455284314e+14 0 0
47.051 1 ATTITUDE 0.068006 -2.348262 -0.040284
47.053 1 PPRZ_MODE 0 0 0 0 0 17
47.060 1 DESIRED 0.02 0.03 0. 0. 0. 655. 0. 20.
47.337 1 DESIRED 0.02 0.03 0. 0. 0. 655. 0. 20.
47.339 1 ATTITUDE 0.068004 -2.348363 -0.040366
47.342 1 PPRZ_MODE 0 0 0 0 0 17
47.345 1 ATTITUDE 0.068004 -2.34833 -0.040398
47.347 1 PPRZ_MODE 0 0 0 0 0 17
47.354 1 DESIRED 0.02 0.03 0. 0. 0. 655. 0. 20.
47.359 1 GPS 0 1130805120 0 0 -17000 0 0 0 50500 12 10
47.362 1 SVINFO 10 24 16 1 0 -91 0
47.366 1 NAVIGATION 0 2 10959186. -5945715. 0. 1.55455284314e+14 0 0
47.369 1 ATTITUDE 0.067969 -2.348288 -0.04046
47.615 1 PPRZ_MODE 0 0 0 0 0 17
47.617 1 ESTIMATOR -17. 0.
47.622 1 NAVIGATION 0 2 10959186. -5945715. 0. 1.55455284314e+14 0 0
47.625 1 BAT 418 70 0 0 1 50 0 0
47.628 1 ATTITUDE 0.067945 -2.348398 -0.040506
47.631 1 PPRZ_MODE 0 0 0 0 0 17
47.643 1 ATTITUDE 0.067963 -2.348181 -0.040545
47.645 1 PPRZ_MODE 0 0 0 0 0 17
47.649 1 IMU_ACCEL 0.033203 -9.837891 0.751953
47.652 1 ATTITUDE 0.067918 -2.348341 -0.040571
47.654 1 PPRZ_MODE 0 0 0 0 0 17
47.676 1 DOWNLINK_STATUS 0 48 28260 1418 71 795. 41. -37148.58
47.902 1 DESIRED 0.02 0.03 0. 0. 0. 655. 0. 20.
47.906 1 ENERGY 7. 0. 0 0.
47.909 1 ATTITUDE 0.067901 -2.348525 -0.04053
47.911 1 PPRZ_MODE 0 0 0 0 0 17
47.917 1 GPS 0 1130805120 0 0 -17000 0 0 0 51000 12 12
47.919 1 SVINFO 12 26 16 1 0 -91 0
47.927 1 PPRZ_MODE 0 0 0 0 0 17
47.934 1 DESIRED 0.02 0.03 0. 0. 0. 655. 0. 20.
47.936 1 ESTIMATOR -17. 0.
47.939 1 ATTITUDE 0.067927 -2.348683 -0.040559
47.941 1 PPRZ_MODE 0 0 0 0 0 17
48.188 1 WP_MOVED 8 349447.90625 5946767.5 660. 12
48.194 1 GPS 0 1130805120 0 0 -17000 0 0 0 51250 12 13
48.196 1 SVINFO 13 27 16 1 0 -91 0
48.201 1 NAVIGATION 0 2 10959186. -5945715. 0. 1.55455284314e+14 0 0
48.203 1 ATTITUDE 0.067924 -2.348851 -0.040574
48.205 1 PPRZ_MODE 0 0 0 0 0 17
48.214 1 PPRZ_MODE 0 0 0 0 0 17
48.216 1 DL_VALUE 1 0.
48.218 1 STATE_FILTER_STATUS 3 0
48.221 1 ATTITUDE 0.067943 -2.348896 -0.040628
48.223 1 PPRZ_MODE 0 0 0 0 0 17
48.229 1 DESIRED 0.02 0.03 0. 0. 0. 655. 0. 20.
48.478 1 GPS 0 1130805120 0 0 -17000 0 0 0 51500 12 14
48.481 1 SVINFO 14 28 16 1 0 -91 0
48.485 1 NAVIGATION 0 2 10959186. -5945715. 0. 1.55455284314e+14 0 0
48.488 1 ATTITUDE 0.067936 -2.348859 -0.04063
48.491 1 PPRZ_MODE 0 0 0 0 0 17
48.493 1 ESTIMATOR -17. 0.
48.496 1 IMU_ACCEL 0.038086 -9.867188 0.74707
48.508 1 DESIRED 0.02 0.03 0. 0. 0. 655. 0. 20.
48.512 1 WP_MOVED 9 349369.3125 5945408. 660. 12
48.516 1 BAT 418 70 0 0 1 51 0 0
48.677 1 DOWNLINK_STATUS 0 49 28926 1451 74 666. 33. -37148.58
48.763 1 GPS 0 1130805120 0 0 -17000 0 0 0 51750 12 15
48.766 1 SVINFO 15 29 16 1 0 -91 0
48.769 1 FBW_STATUS 0 53 0 70 0
48.773 1 NAVIGATION 0 2 10959186. -5945715. 0. 1.55455284314e+14 0 0
48.776 1 ATTITUDE 0.067881 -2.34882 -0.040678
48.778 1 PPRZ_MODE 0 0 0 0 0 17
48.781 1 ATTITUDE 0.067865 -2.348812 -0.040724
48.787 1 ATTITUDE 0.067878 -2.348609 -0.040751
48.789 1 PPRZ_MODE 0 0 0 0 0 17
48.795 1 GPS 0 1130805120 0 0 -17000 0 0 0 52000 12 16
48.798 1 SVINFO 0 15 16 1 0 -91 0
48.802 1 NAVIGATION 0 2 10959186. -5945715. 0. 1.55455284314e+14 0 0
48.805 1 ATTITUDE 0.067935 -2.348686 -0.040772
49.050 1 PPRZ_MODE 0 0 0 0 0 17
49.057 1 DESIRED 0.02 0.03 0. 0. 0. 655. 0. 20.
49.059 1 ESTIMATOR -17. 0.
49.062 1 ATTITUDE 0.067958 -2.348577 -0.040779
49.064 1 PPRZ_MODE 0 0 0 0 0 17
49.068 1 WP_MOVED 10 348852.40625 5945427. 660. 12
49.069 1 DOWNLINK 53 987 2607
49.078 1 ESTIMATOR -17. 0.
49.083 1 NAVIGATION 0 2 10959186. -5945715. 0. 1.55455284314e+14 0 0
49.086 1 ATTITUDE 0.067982 -2.347451 -0.040831
49.088 1 PPRZ_MODE 0 0 0 0 0 17
49.338 1 DESIRED 0.02 0.03 0. 0. 0. 655. 0. 20.
49.341 1 WP_MOVED 11 348865. 5945714. 660. 12
49.347 1 GPS 0 1130805120 0 0 -17000 0 0 0 52750 12 3
49.349 1 SVINFO 3 18 16 1 0 -91 0
49.354 1 NAVIGATION 0 2 10959186. -5945715. 0. 1.55455284314e+14 0 0
49.357 1 ATTITUDE 0.068001 -2.347502 -0.040808
49.366 1 SVINFO 5 20 16 1 0 -91 0
49.371 1 NAVIGATION 0 2 10959186. -5945715. 0. 1.55455284314e+14 0 0
49.374 1 ATTITUDE 0.068116 -2.346496 -0.040813
49.376 1 PPRZ_MODE 0 0 0 0 0 17
49.626 1 DESIRED 0.02 0.03 0. 0. 0. 655. 0. 20.
49.635 1 ATTITUDE 0.068134 -2.346769 -0.040808
49.636 1 PPRZ_MODE 0 0 0 0 0 17
49.636 1 ENERGY 7. 0. 0 0.
49.637 1 ATTITUDE 0.068072 -2.346964 -0.040823
49.639 1 PPRZ_MODE 0 0 0 0 0 17
49.651 1 NAVIGATION 0 2 10959186. -5945715. 0. 1.55455284314e+14 0 0
49.655 1 ATTITUDE 0.068083 -2.346883 -0.040894
49.657 1 PPRZ_MODE 0 0 0 0 0 17
49.659 1 ESTIMATOR -17. 0.
49.664 1 NAVIGATION 0 2 10959186. -5945715. 0. 1.55455284314e+14 0 0
49.667 1 IMU_MAG 0.320801 0.942871 0.347656
49.677 1 DOWNLINK_STATUS 0 50 29829 1497 78 903. 46. -37148.58
49.910 1 STATE_FILTER_STATUS 3 0
49.914 1 ATTITUDE 0.068144 -2.347093 -0.040888
49.916 1 PPRZ_MODE 0 0 0 0 0 17
49.923 1 DESIRED 0.02 0.03 0. 0. 0. 655. 0. 20.
49.926 1 WP_MOVED 13 348241.40625 5945665. 660. 12
49.929 1 IMU_GYRO -0.046631 0.011475 -0.009521
49.937 1 PPRZ_MODE 0 0 0 0 0 17
49.943 1 DESIRED 0.02 0.03 0. 0. 0. 655. 0. 20.
49.947 1 BAT 418 70 0 0 1 54 0 0
49.950 1 ATTITUDE 0.06805 -2.346872 -0.0409
49.952 1 PPRZ_MODE 0 0 0 0 0 17
50.201 1 GPS 0 1130805120 0 0 -17000 0 0 0 54000 12 8
50.204 1 SVINFO 8 23 16 1 0 -91 0
50.207 1 IMU_ACCEL 0.076172 -9.847656 0.68457
50.212 1 NAVIGATION 0 2 10959186. -5945715. 0. 1.55455284314e+14 0 0
50.215 1 ATTITUDE 0.067943 -2.347013 -0.040949
50.217 1 PPRZ_MODE 0 0 0 0 0 17
50.223 1 DESIRED 0.02 0.03 0. 0. 0. 655. 0. 20.
50.226 1 ESTIMATOR -17. 0.
50.229 1 ATTITUDE 0.067912 -2.347018 -0.041013
50.231 1 PPRZ_MODE 0 0 0 0 0 17
50.235 1 WP_MOVED 14 348242.3125 5945836.5 660. 12
50.240 1 GPS 0 1130805120 0 0 -17000 0 0 0 54250 12 9
50.678 1 DOWNLINK_STATUS 0 51 30301 1520 79 472. 23. -42149.68
50.855 1 SVINFO 9 24 16 1 0 -91 0
50.859 1 NAVIGATION 0 2 10959186. -5945715. 0. 1.55455284314e+14 0 0
50.862 1 ATTITUDE 0.067847 -2.347037 -0.04097
50.864 1 PPRZ_MODE 0 0 0 0 0 17
50.871 1 DESIRED 0.02 0.03 0. 0. 0. 655. 0. 20.
50.874 1 IMU_GYRO -0.051025 0.008301 -0.007324
50.877 1 ATTITUDE 0.067925 -2.346802 -0.040989
50.879 1 PPRZ_MODE 0 0 0 0 0 17
50.881 1 DL_VALUE 3 0.
50.884 1 ATTITUDE 0.067977 -2.346496 -0.040967
50.887 1 PPRZ_MODE 0 0 0 0 0 17
50.893 1 DESIRED 0.02 0.03 0. 0. 0. 655. 0. 20.
51.142 1 GPS 0 1130805120 0 0 -17000 0 0 0 54500 12 10
51.145 1 SVINFO 10 25 16 1 0 -91 0
51.149 1 NAVIGATION 0 2 10959186. -5945715. 0. 1.55455284314e+14 0 0
51.152 1 ATTITUDE 0.067998 -2.346567 -0.041022
51.154 1 PPRZ_MODE 0 0 0 0 0 17
51.157 1 ESTIMATOR -17. 0.
51.161 1 NAVIGATION 0 2 10959186. -5945715. 0. 1.55455284314e+14 0 0
51.163 1 ATTITUDE 0.067991 -2.346365 -0.041043
51.166 1 PPRZ_MODE 0 0 0 0 0 17
51.173 1 DESIRED 0.02 0.03 0. 0. 0. 655. 0. 20.
51.176 1 WP_MOVED 15 348610.09375 5946017. 660. 12
51.181 1 GPS 0 1130805120 0 0 -17000 0 0 0 54750 12 11
51.184 1 SVINFO 11 26 16 1 0 -91 0
51.431 1 NAVIGATION 0 2 10959186. -5945715. 0. 1.55455284314e+14 0 0
51.434 1 ATTITUDE 0.068025 -2.346193 -0.04102
51.436 1 PPRZ_MODE 0 0 0 0 0 17
51.439 1 IMU_ACCEL -0.008789 -9.857422 0.665039
51.442 1 COMMANDS 418,168,196,0,-294
51.446 1 ATTITUDE 0.068035 -2.346323 -0.04104
51.448 1 PPRZ_MODE 0 0 0 0 0 17
51.458 1 PPRZ_MODE 0 0 0 0 0 17
51.464 1 GPS 0 1130805120 0 0 -17000 0 0 0 55000 12 12
51.467 1 SVINFO 12 27 16 1 0 -91 0
51.470 1 BAT 418 70 0 0 1 55 0 0
51.679 1 DOWNLINK_STATUS 0 52 31015 1556 80 714. 36. -42149.68
51.717 1 NAVIGATION 0 2 10959186. -5945715. 0. 1.55455284314e+14 0 0
51.720 1 ATTITUDE 0.068078 -2.346065 -0.041149
51.722 1 PPRZ_MODE 0 0 0 0 0 17
51.729 1 DESIRED 0.02 0.03 0. 0. 0. 655. 0. 20.
51.732 1 ESTIMATOR -17. 0.
51.735 1 ATTITUDE 0.068311 -2.345939 -0.041147
51.737 1 PPRZ_MODE 0 0 0 0 0 17
51.745 1 SVINFO 13 28 16 1 0 -91 0
51.750 1 NAVIGATION 0 2 10959186. -5945715. 0. 1.55455284314e+14 0 0
51.753 1 ATTITUDE 0.06825 -2.345696 -0.041165
51.755 1 PPRZ_MODE 0 0 0 0 0 17
52.005 1 DESIRED 0.02 0.03 0. 0. 0. 655. 0. 20.
52.007 1 NAVIGATION_REF 348865 5945715 12
52.010 1 ATTITUDE 0.068147 -2.345893 -0.041148
52.012 1 PPRZ_MODE 0 0 0 0 0 17
52.015 1 ATTITUDE 0.068158 -2.346118 -0.041185
52.017 1 PPRZ_MODE 0 0 0 0 0 17
52.025 1 DESIRED 0.02 0.03 0. 0. 0. 655. 0. 20.
52.034 1 PPRZ_MODE 0 0 0 0 0 17
52.036 1 ESTIMATOR -17. 0.
52.039 1 IMU_ACCEL -0.25293 -10.130859 0.751953
52.044 1 NAVIGATION 0 2 10959186. -5945715. 0. 1.55455284314e+14 0 0
52.290 1 ATTITUDE 0.068605 -2.346103 -0.04122
52.292 1 PPRZ_MODE 0 0 0 0 0 17
52.299 1 DESIRED 0.02 0.03 0. 0. 0. 655. 0. 20.
52.302 1 WP_MOVED 17 348944.6875 5946570. 660. 12
52.308 1 GPS 0 1130805120 0 0 -17000 0 0 0 55750 12 15
52.311 1 SVINFO 15 30 16 1 0 -91 0
52.317 1 PPRZ_MODE 0 0 0 0 0 17
52.324 1 DESIRED 0.02 0.03 0. 0. 0. 655. 0. 20.
52.326 1 DL_VALUE 4 0.
52.329 1 ENERGY 7. 0. 0 0.
52.332 1 ATTITUDE 0.06848 -2.346107 -0.041238
52.334 1 PPRZ_MODE 0 0 0 0 0 17
52.583 1 GPS 0 1130805120 0 0 -17000 0 0 0 56000 12 16
52.585 1 SVINFO 0 15 16 1 0 -91 0
52.589 1 ALIVE 86,175,38,206,182,125,104,105,10,104,187,159,219,191,72,73
52.594 1 NAVIGATION 0 2 10959186. -5945715. 0. 1.55455284314e+14 0 0
52.597 1 ATTITUDE 0.068618 -2.346176 -0.041237
52.599 1 PPRZ_MODE 0 0 0 0 0 17
52.606 1 DESIRED 0.02 0.03 0. 0. 0. 655. 0. 20.
52.608 1 ESTIMATOR -17. 0.
52.611 1 IMU_GYRO -0.047852 0.006348 -0.008301
52.615 1 BAT 418 70 0 0 1 56 0 0
52.618 1 ATTITUDE 0.068636 -2.345971 -0.041244
52.620 1 PPRZ_MODE 0 0 0 0 0 17
52.679 1 DOWNLINK_STATUS 0 53 31937 1602 83 922. 46. -42149.68
52.868 1 WP_MOVED 18 348975. 5946791.5 660. 12
52.871 1 IMU_MAG 0.331055 0.936035 0.375
52.876 1 GPS 0 1130805120 0 0 -17000 0 0 0 56250 12 1
52.879 1 SVINFO 1 16 16 1 0 -91 0
52.883 1 NAVIGATION 0 2 10959186. -5945715. 0. 1.55455284314e+14 0 0
52.887 1 ATTITUDE 0.068515 -2.345976 -0.041239
52.892 1 PPRZ_MODE 0 0 0 0 0 17
52.895 1 IMU_ACCEL 0.018555 -9.842773 0.760742
52.898 1 ATTITUDE 0.068621 -2.346016 -0.041242
52.900 1 PPRZ_MODE 0 0 0 0 0 17
52.908 1 DESIRED 0.02 0.03 0. 0. 0. 655. 0. 20.
53.156 1 GPS 0 1130805120 0 0 -17000 0 0 0 56500 12 2
53.159 1 SVINFO 2 17 16 1 0 -91 0
53.163 1 NAVIGATION 0 2 10959186. -5945715. 0. 1.55455284314e+14 0 0
53.166 1 ATTITUDE 0.068658 -2.346117 -0.041244
53.168 1 PPRZ_MODE 0 0 0 0 0 17
53.171 1 ESTIMATOR -17. 0.
53.180 1 PPRZ_MODE 0 0 0 0 0 17
53.187 1 DESIRED 0.02 0.03 0. 0. 0. 655. 0. 20.
53.190 1 WP_MOVED 0 348907. 5945757. 660. 12
53.193 1 IMU_GYRO -0.039307 0. -0.009521
