20.205 2 NAVIGATION 0 1 10959186. -5945715. 0. 1.55455284314e+14 0 0
20.208 2 ATTITUDE 0. 0. 0.
20.307 2 GPS 0 1130805120 0 0 -17000 0 0 0 28750 12 15
20.309 2 SVINFO 15 21 16 1 0 -91 0
20.392 2 PONG 
20.499 2 WP_MOVED 1 348865. 5945715. 660. 12
20.557 2 GPS 0 1130805120 0 0 -17000 0 0 0 29000 12 16
20.559 2 SVINFO 0 6 16 1 0 -91 0
20.580 2 FBW_STATUS 2 0 1 37 0
20.599 2 DL_VALUE 2 655.
20.601 2 ESTIMATOR 0. 0.
20.698 2 ATTITUDE 0. 0. 0.
20.807 2 GPS 0 1130805120 0 0 -17000 0 0 0 29250 12 1
20.810 2 SVINFO 1 7 16 1 0 -91 0
20.871 2 DOWNLINK_STATUS 0 21 1107 57 1 789. 40. 38.59
20.999 2 WP_MOVED 2 348895. 5945815. 660. 12
21.057 2 GPS 0 1130805120 0 0 -17000 0 0 0 29500 12 2
21.060 2 SVINFO 2 8 16 1 0 -91 0
21.110 2 IMU_GYRO -0.030762 0.015869 -0.049805
21.116 2 DESIRED 0. 0. 0. 0. 0. 655. 0. 15.
21.118 2 ESTIMATOR 0. 0.
21.209 2 BAT 0 37 0 0 0 4 0 0
21.214 2 NAVIGATION 0 1 10959186. -5945715. 0. 1.55455284314e+14 0 0
21.217 2 ATTITUDE 0. 0. 0.
21.307 2 GPS 0 1130805120 0 0 -17000 0 0 0 29750 12 3
21.309 2 SVINFO 3 9 16 2 25 -91 0
21.382 2 ACTUATORS |1000,1500,1500,1500,1500,1500|
21.482 2 COMMANDS |0,0,0,0,0,0|
21.503 2 CALIBRATION 0. 0
21.506 2 GPS_SOL 649539648 100000 9999 0
21.510 2 WP_MOVED 3 348965.09375 5945786. 660. 12
21.557 2 GPS 0 1130805120 0 0 -17000 0 0 0 30000 12 4
21.559 2 SVINFO 4 10 16 1 0 -91 0
21.598 2 DOWNLINK 0 456 117
21.601 2 ESTIMATOR 0. 0.
21.699 2 STATE_FILTER_STATUS 2 0
21.702 2 ATTITUDE 0. 0. 0.
21.807 2 GPS 0 1130805120 0 0 -17000 0 0 0 30250 12 5
21.809 2 SVINFO 5 11 16 1 0 -91 0
21.872 2 DOWNLINK_STATUS 0 22 1588 81 1 481. 24. 38.59
21.896 2 PPRZ_MODE 2 0 0 0 0 6
22.004 2 ALIVE |88,46,127,254,191,243,157,14,79,175,117,217,7,24,53,158|
22.008 2 WP_MOVED 4 348764.6875 5945795. 660. 12
22.057 2 GPS 0 1130805120 0 0 -17000 0 0 0 30500 12 6
22.059 2 SVINFO 6 12 16 1 0 -91 0
22.104 2 ENERGY 3.7 0. 0 0.
22.106 2 DL_VALUE 3 0.
22.109 2 ESTIMATOR 0. 0.
22.156 2 DESIRED 0. 0. 0. 0. 0. 655. 0. 15.
22.208 2 IMU_GYRO -0.030762 0.015869 -0.051025
22.212 2 NAVIGATION 0 1 10959186. -5945715. 0. 1.55455284314e+14 0 0
22.215 2 ATTITUDE 0. 0. 0.
22.310 2 BAT 0 38 0 0 1 5 0 0
22.315 2 GPS 0 1130805120 0 0 -17000 0 0 0 30750 12 7
22.318 2 SVINFO 7 13 16 1 0 -91 0
22.500 2 WP_MOVED 5 348740. 5945760. 660. 12
22.557 2 GPS 0 1130805120 0 0 -17000 0 0 0 31000 12 8
22.559 2 SVINFO 8 14 16 1 0 -91 0
22.580 2 FBW_STATUS 2 0 1 38 0
22.596 2 ESTIMATOR 0. 0.
22.698 2 ATTITUDE -0.002505 1.55481 0.016509
22.807 2 GPS 0 1130805120 0 0 -17000 0 0 0 31250 12 9
22.809 2 SVINFO 9 15 16 1 0 -91 0
22.872 2 DOWNLINK_STATUS 0 23 2064 104 1 476. 23. 38.59
22.999 2 WP_MOVED 6 348665. 5945815. 660. 12
23.057 2 GPS 0 1130805120 0 0 -17000 0 0 0 31500 12 10
23.059 2 SVINFO 10 16 0 1 0 -91 0
23.097 2 ESTIMATOR 0. 0.
23.215 2 DESIRED 0. 0. 0. 0. 0. 655. 0. 15.
23.220 2 NAVIGATION 0 1 10959186. -5945715. 0. 1.55455284314e+14 0 0
23.223 2 ATTITUDE -0.002289 1.554899 0.016555
23.308 2 IMU_GYRO -0.030762 0.014893 -0.051025
23.314 2 GPS 0 1130805120 0 0 -17000 0 0 0 31750 12 11
23.316 2 SVINFO 11 18 16 1 0 -91 0
23.400 2 BAT 0 38 0 0 1 7 0 0
23.502 2 GPS_SOL 649542528 100000 9999 0
23.506 2 WP_MOVED 7 349065. 5946015. 660. 12
23.557 2 GPS 0 1130805120 0 0 -17000 0 0 0 32000 12 12
23.560 2 SVINFO 12 20 16 1 0 -91 0
23.601 2 CALIBRATION 0. 0
23.603 2 DL_VALUE 4 0.
23.605 2 ESTIMATOR 0. 0.
23.698 2 ATTITUDE -0.001943 1.554901 0.016471
23.807 2 GPS 0 1130805120 0 0 -17000 0 0 0 32250 12 13
23.810 2 SVINFO 13 21 16 1 0 -91 0
23.872 2 DOWNLINK_STATUS 0 24 2498 125 1 434. 21. 38.59
23.999 2 WP_MOVED 0 348907. 5945757. 660. 12
24.057 2 GPS 0 1130805120 0 0 -17000 0 0 0 32500 12 14
24.059 2 SVINFO 14 22 16 1 0 -91 0
24.096 2 ESTIMATOR 0. 0.
24.204 2 NAVIGATION 0 1 10959186. -5945715. 0. 1.55455284314e+14 0 0
24.208 2 ATTITUDE -0.001641 1.554816 0.01643
24.257 2 DESIRED 0. 0. 0. 0. 0. 655. 0. 15.
24.307 2 GPS 0 1130805120 0 0 -17000 0 0 0 32750 12 15
24.309 2 SVINFO 15 23 16 1 0 -91 0
24.398 2 IMU_GYRO -0.029785 0.014893 -0.049805
24.503 2 BAT 0 37 0 0 1 8 0 0
24.507 2 WP_MOVED 1 348865. 5945715. 660. 12
24.557 2 GPS 0 1130805120 0 0 -17000 0 0 0 33000 12 16
24.559 2 SVINFO 0 7 16 1 0 -91 0
24.580 2 FBW_STATUS 2 0 1 37 0
24.602 2 ENERGY 3.7 0. 0 0.
24.604 2 ESTIMATOR 0. 0.
24.698 2 ATTITUDE -0.001683 1.554902 0.016387
24.807 2 GPS 0 1130805120 0 0 -17000 0 0 0 33250 12 1
24.810 2 SVINFO 1 8 16 1 0 -91 0
24.872 2 DOWNLINK_STATUS 0 25 2928 145 1 430. 20. 38.59
24.999 2 WP_MOVED 2 348895. 5945815. 660. 12
25.057 2 GPS 0 1130805120 0 0 -17000 0 0 0 33500 12 2
25.060 2 SVINFO 2 9 16 1 0 -91 0
25.099 2 DL_VALUE 5 0.
25.101 2 ESTIMATOR 0. 0.
25.205 2 NAVIGATION 0 1 10959186. -5945715. 0. 1.55455284314e+14 0 0
25.209 2 ATTITUDE -0.001468 1.554731 0.016345
25.316 2 DESIRED 0. 0. 0. 0. 0. 655. 0. 15.
25.322 2 GPS 0 1130805120 0 0 -17000 0 0 0 33750 12 3
25.324 2 SVINFO 3 10 16 1 0 -91 0
25.396 2 PONG 
25.399 2 NAVIGATION_REF 348865 5945715 12 605.
25.506 2 GPS_SOL 649545536 100000 9999 0
25.509 2 IMU_GYRO -0.031738 0.014893 -0.051025
25.512 2 WP_MOVED 3 348965.09375 5945786. 660. 12
25.558 2 GPS 0 1130805120 0 0 -17000 0 0 0 34000 12 4
25.559 2 SVINFO 4 12 16 1 0 -91 0
25.602 2 BAT 0 37 0 0 1 9 0 0
25.604 2 ESTIMATOR 0. 0.
25.699 2 CALIBRATION 0. 0
25.702 2 ATTITUDE -0.001211 1.554648 0.016433
25.807 2 GPS 0 1130805120 0 0 -17000 0 0 0 34250 12 5
25.809 2 SVINFO 5 13 16 1 0 -91 0
25.873 2 DOWNLINK_STATUS 0 26 3387 168 1 459. 23. 42.62
25.999 2 WP_MOVED 4 348764.6875 5945795. 660. 12
26.057 2 GPS 0 1130805120 0 0 -17000 0 0 0 34500 12 6
26.059 2 SVINFO 6 14 16 1 0 -91 0
26.097 2 ESTIMATOR 0. 0.
26.205 2 NAVIGATION 0 1 10959186. -5945715. 0. 1.55455284314e+14 0 0
26.208 2 ATTITUDE -0.001168 1.554649 0.016477
26.307 2 GPS 0 1130805120 0 0 -17000 0 0 0 34750 12 7
26.310 2 SVINFO 7 15 16 1 0 -91 0
26.356 2 DESIRED 0. 0. 0. 0. 0. 655. 0. 15.
26.382 2 ACTUATORS |1000,1500,1510,1500,1500,1500|
26.481 2 COMMANDS |0,7,-197,0,0,0|
26.504 2 WP_MOVED 5 348740. 5945760. 660. 12
26.556 2 GPS 0 1130805120 0 0 -17000 0 0 0 35000 12 8
26.559 2 SVINFO 8 16 0 1 0 -91 0
26.579 2 FBW_STATUS 2 0 1 37 0
26.602 2 DL_VALUE 6 100.
26.605 2 IMU_GYRO -0.029785 0.015869 -0.051025
26.607 2 ESTIMATOR 0. 0.
26.705 2 DOWNLINK 0 445 228
26.707 2 STATE_FILTER_STATUS 3 0
26.710 2 BAT 0 38 0 0 1 10 0 0
26.713 2 ATTITUDE -0.000954 1.55448 0.016608
26.806 2 GPS 0 1130805120 0 0 -17000 0 0 0 35250 12 9
26.809 2 SVINFO 9 18 16 1 0 -91 0
26.874 2 DOWNLINK_STATUS 0 27 3866 192 1 479. 24. 42.62
26.895 2 PPRZ_MODE 2 0 0 0 0 6
27.004 2 ALIVE |88,46,127,254,191,243,157,14,79,175,117,217,7,24,53,158|
27.007 2 WP_MOVED 6 348665. 5945815. 660. 12
27.057 2 GPS 0 1130805120 0 0 -17000 0 0 0 35500 12 10
27.059 2 SVINFO 10 19 16 1 0 -91 0
27.102 2 ENERGY 3.7 0. 0 0.
27.104 2 ESTIMATOR 0. 0.
27.205 2 NAVIGATION 0 1 10959186. -5945715. 0. 1.55455284314e+14 0 0
27.208 2 ATTITUDE -0.000912 1.554395 0.016565
27.307 2 GPS 0 1130805120 0 0 -17000 0 0 0 35750 12 11
27.309 2 SVINFO 11 21 16 1 0 -91 0
27.406 2 DESIRED 0. 0. 0. 0. 0. 655. 0. 15.
27.502 2 GPS_SOL 649548800 100000 9999 0
27.505 2 WP_MOVED 7 349065. 5946015. 660. 12
27.557 2 GPS 0 1130805120 0 0 -17000 0 0 0 36000 12 12
27.559 2 SVINFO 12 22 16 1 0 -91 0
27.597 2 ESTIMATOR 0. 0.
27.702 2 IMU_GYRO -0.029785 0.015869 -0.049805
27.705 2 ATTITUDE -0.000653 1.554224 0.016481
27.810 2 CALIBRATION 0. 0
27.814 2 BAT 0 37 0 0 1 11 0 0
27.819 2 GPS 0 1130805120 0 0 -17000 0 0 0 36250 12 13
27.822 2 SVINFO 13 23 16 1 0 -91 0
27.874 2 DOWNLINK_STATUS 0 28 4344 215 1 478. 23. 42.62
27.999 2 WP_MOVED 0 348907. 5945757. 660. 12
28.056 2 GPS 0 1130805120 0 0 -17000 0 0 0 36500 12 14
28.059 2 SVINFO 14 24 16 1 0 -91 0
28.098 2 DL_VALUE 7 2.
28.100 2 ESTIMATOR 0. 0.
28.205 2 NAVIGATION 0 1 10959186. -5945715. 0. 1.55455284314e+14 0 0
28.208 2 ATTITUDE -0.000394 1.554313 0.016483
28.306 2 GPS 0 1130805120 0 0 -17000 0 0 0 36750 12 15
28.309 2 SVINFO 15 25 16 1 0 -91 0
28.456 2 DESIRED 0. 0. 0. 0. 0. 655. 0. 15.
28.498 2 WP_MOVED 1 348865. 5945715. 660. 12
28.557 2 GPS 0 1130805120 0 0 -17000 0 0 0 37000 12 16
28.559 2 SVINFO 0 9 16 1 0 -91 0
28.580 2 FBW_STATUS 2 0 1 37 0
28.596 2 ESTIMATOR 0. 0.
28.698 2 ATTITUDE -0.000136 1.55423 0.016485
28.808 2 IMU_GYRO -0.029785 0.014893 -0.049805
28.814 2 GPS 0 1130805120 0 0 -17000 0 0 0 37250 12 1
28.816 2 SVINFO 1 10 16 1 0 -91 0
28.874 2 DOWNLINK_STATUS 0 29 4744 234 1 400. 19. 42.62
28.899 2 BAT 0 37 0 0 1 12 0 0
28.999 2 WP_MOVED 2 348895. 5945815. 660. 12
29.057 2 GPS 0 1130805120 0 0 -17000 0 0 0 37500 12 2
29.059 2 SVINFO 2 11 16 1 0 -91 0
29.097 2 ESTIMATOR 0. 0.
29.205 2 NAVIGATION 0 1 10959186. -5945715. 0. 1.55455284314e+14 0 0
29.208 2 ATTITUDE 0.000167 1.554145 0.016358
29.307 2 GPS 0 1130805120 0 0 -17000 0 0 0 37750 12 3
29.309 2 SVINFO 3 12 16 1 0 -91 0
29.510 2 GPS_SOL 649552192 100000 9999 0
29.517 2 DESIRED 0. 0. 0. 0. 0. 655. 0. 15.
29.520 2 WP_MOVED 3 348965.09375 5945786. 660. 12
29.556 2 GPS 0 1130805120 0 0 -17000 0 0 0 38000 12 4
29.559 2 SVINFO 4 13 16 1 0 -91 0
29.604 2 ENERGY 3.7 0. 0 0.
29.606 2 DL_VALUE 8 0.
29.608 2 ESTIMATOR 0. 0.
29.698 2 ATTITUDE 0.000339 1.554061 0.01636
29.807 2 GPS 0 1130805120 0 0 -17000 0 0 0 38250 12 5
29.809 2 SVINFO 5 14 16 1 0 -91 0
29.875 2 DOWNLINK_STATUS 0 30 5169 254 1 425. 20. 42.62
29.899 2 CALIBRATION 0. 0
29.902 2 IMU_GYRO -0.029785 0.016846 -0.049805
30.003 2 BAT 0 37 0 0 1 13 0 0
30.007 2 WP_MOVED 4 348764.6875 5945795. 660. 12
30.057 2 GPS 0 1130805120 0 0 -17000 0 0 0 38500 12 6
30.059 2 SVINFO 6 15 16 1 0 -91 0
30.096 2 ESTIMATOR 0. 0.
30.205 2 NAVIGATION 0 1 10959186. -5945715. 0. 1.55455284314e+14 0 0
30.208 2 ATTITUDE 0.00064 1.553978 0.016319
30.307 2 GPS 0 1130805120 0 0 -17000 0 0 0 38750 12 7
30.309 2 SVINFO 7 16 0 1 0 -91 0
30.393 2 PONG 
30.499 2 WP_MOVED 5 348740. 5945760. 660. 12
30.566 2 DESIRED 0. 0. 0. 0. 0. 655. 0. 15.
30.572 2 GPS 0 1130805120 0 0 -17000 0 0 0 39000 12 8
30.574 2 SVINFO 8 19 16 1 0 -91 0
30.580 2 FBW_STATUS 2 0 1 37 0
30.597 2 ESTIMATOR 0. 0.
30.697 2 ATTITUDE 0.000899 1.553894 0.016235
30.806 2 GPS 0 1130805120 0 0 -17000 0 0 0 39250 12 9
30.809 2 SVINFO 9 20 16 1 0 -91 0
30.875 2 DOWNLINK_STATUS 0 31 5596 275 1 427. 21. 38.6
31.002 2 IMU_GYRO -0.029785 0.016846 -0.051025
31.005 2 WP_MOVED 6 348665. 5945815. 660. 12
31.056 2 GPS 0 1130805120 0 0 -17000 0 0 0 39500 12 10
31.059 2 SVINFO 10 21 16 1 0 -91 0
31.102 2 DL_VALUE 9 1.
31.106 2 BAT 0 37 0 0 1 14 0 0
31.108 2 ESTIMATOR 0. 0.
31.204 2 NAVIGATION 0 1 10959186. -5945715. 0. 1.55455284314e+14 0 0
31.208 2 ATTITUDE 0.001159 1.553895 0.016151
31.307 2 GPS 0 1130805120 0 0 -17000 0 0 0 39750 12 11
31.309 2 SVINFO 11 22 16 1 0 -91 0
31.381 2 ACTUATORS |1000,1500,1510,1500,1500,1500|
31.481 2 COMMANDS |0,-10,-192,0,0,0|
31.502 2 GPS_SOL 649555776 100000 9999 0
31.505 2 WP_MOVED 7 349065. 5946015. 660. 12
31.557 2 GPS 0 1130805120 0 0 -17000 0 0 0 40000 12 12
31.559 2 SVINFO 12 23 16 1 0 -91 0
31.609 2 DESIRED 0. 0. 0. 0. 0. 655. 0. 15.
31.611 2 ESTIMATOR 0. 0.
31.698 2 STATE_FILTER_STATUS 3 0
31.701 2 ATTITUDE 0.00146 1.553812 0.016196
31.805 2 DOWNLINK 0 442 338
31.811 2 GPS 0 1130805120 0 0 -17000 0 0 0 40250 12 13
31.813 2 SVINFO 13 24 16 1 0 -91 0
31.875 2 DOWNLINK_STATUS 0 32 6077 299 1 481. 24. 38.6
31.896 2 PPRZ_MODE 2 0 0 0 0 6
32.007 2 ALIVE |88,46,127,254,191,243,157,14,79,175,117,217,7,24,53,158|
32.007 2 CALIBRATION 0. 0
32.012 2 WP_MOVED 0 348907. 5945757. 660. 12
32.057 2 GPS 0 1130805120 0 0 -17000 0 0 0 40500 12 14
32.058 2 SVINFO 14 25 16 1 0 -91 0
32.105 2 ENERGY 3.8 0. 0 0.
32.108 2 IMU_GYRO -0.029785 0.015869 -0.049805
32.110 2 ESTIMATOR 0. 0.
32.208 2 BAT 0 38 0 0 1 15 0 0
32.212 2 NAVIGATION 0 1 10959186. -5945715. 0. 1.55455284314e+14 0 0
32.215 2 ATTITUDE 0.001719 1.553728 0.016112
32.306 2 GPS 0 1130805120 0 0 -17000 0 0 0 40750 12 15
32.309 2 SVINFO 15 26 16 1 0 -91 0
32.498 2 WP_MOVED 1 348865. 5945715. 660. 12
32.556 2 GPS 0 1130805120 0 0 -17000 0 0 0 41000 12 16
32.559 2 SVINFO 0 10 16 1 0 -91 0
32.580 2 FBW_STATUS 2 0 1 37 0
32.598 2 DL_VALUE 10 0.
32.600 2 ESTIMATOR 0. 0.
32.655 2 DESIRED 0. 0. 0. 0. 0. 655. 0. 15.
32.698 2 ATTITUDE 0.002064 1.553645 0.016115
32.806 2 GPS 0 1130805120 0 0 -17000 0 0 0 41250 12 1
32.809 2 SVINFO 1 11 16 1 0 -91 0
32.875 2 DOWNLINK_STATUS 0 33 6564 323 1 487. 24. 38.6
32.998 2 WP_MOVED 2 348895. 5945815. 660. 12
33.057 2 GPS 0 1130805120 0 0 -17000 0 0 0 41500 12 2
33.059 2 SVINFO 2 12 16 1 0 -91 0
33.096 2 ESTIMATOR 0. 0.
33.207 2 IMU_GYRO -0.029785 0.014893 -0.049805
33.212 2 NAVIGATION 0 1 10959186. -5945715. 0. 1.55455284314e+14 0 0
33.215 2 ATTITUDE 0.00228 1.553733 0.016074
33.309 2 BAT 0 37 0 0 1 16 0 0
33.315 2 GPS 0 1130805120 0 0 -17000 0 0 0 41750 12 3
33.317 2 SVINFO 3 13 16 2 24 -91 0
33.501 2 GPS_SOL 649559552 100000 9999 0
33.506 2 WP_MOVED 3 348965.09375 5945786. 660. 12
33.556 2 GPS 0 1130805120 0 0 -17000 0 0 0 42000 12 4
33.558 2 SVINFO 4 14 16 1 0 -91 0
33.596 2 ESTIMATOR 0. 0.
33.709 2 DESIRED 0. 0. 0. 0. 0. 655. 0. 15.
33.712 2 ATTITUDE 0.002495 1.55365 0.016119
33.806 2 GPS 0 1130805120 0 0 -17000 0 0 0 42250 12 5
33.809 2 SVINFO 5 16 0 1 0 -91 0
33.876 2 DOWNLINK_STATUS 0 34 6976 342 1 412. 19. 38.6
33.998 2 WP_MOVED 4 348764.6875 5945795. 660. 12
34.056 2 GPS 0 1130805120 0 0 -17000 0 0 0 42500 12 6
34.059 2 SVINFO 6 18 16 1 0 -91 0
34.100 2 CALIBRATION 0. 0
34.102 2 DL_VALUE 11 0.
34.105 2 ESTIMATOR 0. 0.
34.205 2 NAVIGATION 0 1 10959186. -5945715. 0. 1.55455284314e+14 0 0
34.208 2 ATTITUDE 0.002926 1.553569 0.016209
34.308 2 IMU_GYRO -0.029785 0.015869 -0.049805
34.313 2 GPS 0 1130805120 0 0 -17000 0 0 0 42750 12 7
34.316 2 SVINFO 7 19 16 1 0 -91 0
34.402 2 NAVIGATION_REF 348865 5945715 12 605.
34.406 2 BAT 0 37 0 0 1 18 0 0
34.498 2 WP_MOVED 5 348740. 5945760. 660. 12
34.557 2 GPS 0 1130805120 0 0 -17000 0 0 0 43000 12 8
34.559 2 SVINFO 8 20 16 1 0 -91 0
34.580 2 FBW_STATUS 2 0 1 37 0
34.602 2 ENERGY 3.8 0. 0 0.
34.604 2 ESTIMATOR 0. 0.
34.698 2 ATTITUDE 0.003183 1.553487 0.016298
34.756 2 DESIRED 0. 0. 0. 0. 0. 655. 0. 15.
34.806 2 GPS 0 1130805120 0 0 -17000 0 0 0 43250 12 9
34.808 2 SVINFO 9 21 16 1 0 -91 0
34.876 2 DOWNLINK_STATUS 0 35 7447 365 1 471. 23. 38.6
34.998 2 WP_MOVED 6 348665. 5945815. 660. 12
35.056 2 GPS 0 1130805120 0 0 -17000 0 0 0 43500 12 10
35.058 2 SVINFO 10 22 16 1 0 -91 0
35.096 2 ESTIMATOR 0. 0.
35.204 2 NAVIGATION 0 1 10959186. -5945715. 0. 1.55455284314e+14 0 0
35.207 2 ATTITUDE 0.003441 1.553404 0.016387
35.306 2 GPS 0 1130805120 0 0 -17000 0 0 0 43750 12 11
35.309 2 SVINFO 11 23 16 1 0 -91 0
35.399 2 IMU_GYRO -0.030762 0.016846 -0.049805
35.400 2 PONG 
35.506 2 GPS_SOL 649563520 100000 9999 0
35.509 2 BAT 0 37 0 0 1 19 0 0
35.513 2 WP_MOVED 7 349065. 5946015. 660. 12
35.556 2 GPS 0 1130805120 0 0 -17000 0 0 0 44000 12 12
35.559 2 SVINFO 12 24 16 1 0 -91 0
35.598 2 DL_VALUE 12 12000.
35.600 2 ESTIMATOR 0. 0.
35.697 2 ATTITUDE 0.003483 1.553406 0.016431
35.815 2 DESIRED 0. 0. 0. 0. 0. 655. 0. 15.
35.821 2 GPS 0 1130805120 0 0 -17000 0 0 0 44250 12 13
35.824 2 SVINFO 13 25 16 1 0 -91 0
35.876 2 DOWNLINK_STATUS 0 36 7876 386 1 429. 21. 45.49
35.998 2 WP_MOVED 0 348907. 5945757. 660. 12
36.057 2 GPS 0 1130805120 0 0 -17000 0 0 0 44500 12 14
36.059 2 SVINFO 14 26 16 1 0 -91 0
36.096 2 ESTIMATOR 0. 0.
36.204 2 CALIBRATION 0. 0
36.209 2 NAVIGATION 0 1 10959186. -5945715. 0. 1.55455284314e+14 0 0
36.212 2 ATTITUDE 0.003872 1.553409 0.01639
36.306 2 GPS 0 1130805120 0 0 -17000 0 0 0 44750 12 15
36.308 2 SVINFO 15 27 16 1 0 -91 0
36.380 2 ACTUATORS |1000,1500,1509,1501,1501,1500|
36.481 2 COMMANDS |0,-29,-191,0,0,0|
36.501 2 IMU_GYRO -0.030762 0.015869 -0.051025
36.505 2 WP_MOVED 1 348865. 5945715. 660. 12
36.556 2 GPS 0 1130805120 0 0 -17000 0 0 0 45000 12 16
36.558 2 SVINFO 0 11 16 1 0 -91 0
36.579 2 FBW_STATUS 2 0 1 37 0
36.601 2 BAT 0 37 0 0 1 20 0 0
36.604 2 ESTIMATOR 0. 0.
36.698 2 STATE_FILTER_STATUS 3 0
36.701 2 ATTITUDE 0.004217 1.553327 0.016394
36.806 2 GPS 0 1130805120 0 0 -17000 0 0 0 45250 12 1
36.809 2 SVINFO 1 12 16 1 0 -91 0
36.855 2 DESIRED 0. 0. 0. 0. 0. 655. 0. 15.
36.877 2 DOWNLINK_STATUS 0 37 8344 409 1 468. 23. 45.49
36.897 2 DOWNLINK 0 455 451
36.899 2 PPRZ_MODE 2 0 0 0 0 6
37.004 2 ALIVE |88,46,127,254,191,243,157,14,79,175,117,217,7,24,53,158|
37.007 2 WP_MOVED 2 348895. 5945815. 660. 12
37.056 2 GPS 0 1130805120 0 0 -17000 0 0 0 45500 12 2
37.059 2 SVINFO 2 13 16 1 0 -91 0
37.104 2 ENERGY 3.7 0. 0 0.
37.106 2 DL_VALUE 13 1.5
37.108 2 ESTIMATOR 0. 0.
37.205 2 NAVIGATION 0 1 10959186. -5945715. 0. 1.55455284314e+14 0 0
37.208 2 ATTITUDE 0.004433 1.553329 0.016353
37.307 2 GPS 0 1130805120 0 0 -17000 0 0 0 45750 12 3
37.309 2 SVINFO 3 14 16 1 0 -91 0
37.501 2 GPS_SOL 649567680 100000 9999 0
37.505 2 WP_MOVED 3 348965.09375 5945786. 660. 12
37.556 2 GPS 0 1130805120 0 0 -17000 0 0 0 46000 12 4
37.558 2 SVINFO 4 15 16 1 0 -91 0
37.600 2 IMU_GYRO -0.029785 0.016846 -0.051025
37.602 2 ESTIMATOR 0. 0.
37.702 2 BAT 0 38 0 0 1 21 0 0
37.705 2 ATTITUDE 0.004734 1.55316 0.016312
37.806 2 GPS 0 1130805120 0 0 -17000 0 0 0 46250 12 5
37.808 2 SVINFO 5 16 0 1 0 -91 0
37.878 2 DOWNLINK_STATUS 0 38 8795 432 1 451. 23. 45.49
37.905 2 DESIRED 0. 0. 0. 0. 0. 655. 0. 15.
37.998 2 WP_MOVED 4 348764.6875 5945795. 660. 12
38.056 2 GPS 0 1130805120 0 0 -17000 0 0 0 46500 12 6
38.058 2 SVINFO 6 18 16 1 0 -91 0
38.096 2 ESTIMATOR 0. 0.
38.204 2 NAVIGATION 0 1 10959186. -5945715. 0. 1.55455284314e+14 0 0
38.207 2 ATTITUDE 0.004992 1.553164 0.016401
38.305 2 CALIBRATION 0. 0
38.310 2 GPS 0 1130805120 0 0 -17000 0 0 0 46750 12 7
38.313 2 SVINFO 7 19 16 1 0 -91 0
38.498 2 WP_MOVED 5 348740. 5945760. 660. 12
38.556 2 GPS 0 1130805120 0 0 -17000 0 0 0 47000 12 8
38.559 2 SVINFO 8 20 16 1 0 -91 0
38.580 2 FBW_STATUS 2 0 1 37 0
38.598 2 DL_VALUE 14 0.610865
38.600 2 ESTIMATOR 0. 0.
38.702 2 IMU_GYRO -0.029785 0.016846 -0.051025
38.705 2 ATTITUDE 0.005122 1.553078 0.016359
38.808 2 BAT 0 37 0 0 1 22 0 0
38.815 2 GPS 0 1130805120 0 0 -17000 0 0 0 47250 12 9
38.816 2 SVINFO 9 21 16 1 0 -91 0
38.878 2 DOWNLINK_STATUS 0 39 9227 453 1 432. 21. 45.49
38.956 2 DESIRED 0. 0. 0. 0. 0. 655. 0. 15.
38.998 2 WP_MOVED 6 348665. 5945815. 660. 12
39.056 2 GPS 0 1130805120 0 0 -17000 0 0 0 47500 12 10
39.058 2 SVINFO 10 22 16 1 0 -91 0
39.095 2 ESTIMATOR 0. 0.
39.204 2 NAVIGATION 0 1 10959186. -5945715. 0. 1.55455284314e+14 0 0
39.207 2 ATTITUDE 0.005381 1.552995 0.016275
39.306 2 GPS 0 1130805120 0 0 -17000 0 0 0 47750 12 11
39.308 2 SVINFO 11 23 16 1 0 -91 0
39.501 2 GPS_SOL 649571968 100000 9999 0
39.505 2 WP_MOVED 7 349065. 5946015. 660. 12
39.556 2 GPS 0 1130805120 0 0 -17000 0 0 0 48000 12 12
39.558 2 SVINFO 12 24 16 1 0 -91 0
39.601 2 ENERGY 3.7 0. 0 0.
39.603 2 ESTIMATOR 0. 0.
39.697 2 ATTITUDE 0.005683 1.552912 0.016149
39.807 2 IMU_GYRO -0.030762 0.014893 -0.049805
39.813 2 GPS 0 1130805120 0 0 -17000 0 0 0 48250 12 13
39.816 2 SVINFO 13 25 16 1 0 -91 0
39.878 2 DOWNLINK_STATUS 0 40 9638 472 1 411. 19. 45.49
39.899 2 BAT 0 37 0 0 1 23 0 0
40.009 2 DESIRED 0. 0. 0. 0. 0. 655. 0. 15.
40.013 2 WP_MOVED 0 348907. 5945757. 660. 12
40.056 2 GPS 0 1130805120 0 0 -17000 0 0 0 48500 12 14
40.059 2 SVINFO 14 27 16 1 0 -91 0
40.098 2 DL_VALUE 15 7500.
40.100 2 ESTIMATOR 0. 0.
40.205 2 NAVIGATION 0 1 10959186. -5945715. 0. 1.55455284314e+14 0 0
40.208 2 ATTITUDE 0.005857 1.552912 0.015978
40.306 2 GPS 0 1130805120 0 0 -17000 0 0 0 48750 12 15
40.308 2 SVINFO 15 28 16 1 0 -91 0
40.395 2 CALIBRATION 0. 0
40.397 2 PONG 
40.498 2 WP_MOVED 1 348865. 5945715. 660. 12
40.556 2 GPS 0 1130805120 0 0 -17000 0 0 0 49000 12 16
40.558 2 SVINFO 0 13 16 1 0 -91 0
40.579 2 FBW_STATUS 2 0 1 37 0
40.595 2 ESTIMATOR 0. 0.
40.697 2 ATTITUDE 0.006116 1.552828 0.015894
40.806 2 GPS 0 1130805120 0 0 -17000 0 0 0 49250 12 1
40.808 2 SVINFO 1 14 16 1 0 -91 0
40.879 2 DOWNLINK_STATUS 0 41 10058 493 1 420. 21. 42.62
40.897 2 IMU_GYRO -0.030762 0.015869 -0.051025
41.002 2 BAT 0 37 0 0 1 24 0 0
41.006 2 WP_MOVED 2 348895. 5945815. 660. 12
41.065 2 DESIRED 0. 0. 0. 0. 0. 655. 0. 15.
41.071 2 GPS 0 1130805120 0 0 -17000 0 0 0 49500 12 2
41.073 2 SVINFO 2 15 16 1 0 -91 0
41.096 2 ESTIMATOR 0. 0.
41.204 2 NAVIGATION 0 1 10959186. -5945715. 0. 1.55455284314e+14 0 0
41.207 2 ATTITUDE 0.006331 1.552745 0.015939
41.306 2 GPS 0 1130805120 0 0 -17000 0 0 0 49750 12 3
41.309 2 SVINFO 3 16 0 1 0 -91 0
41.381 2 ACTUATORS |1000,1500,1509,1502,1502,1500|
41.480 2 COMMANDS |0,-48,-182,0,0,0|
41.500 2 GPS_SOL 649576512 100000 9999 0
41.505 2 WP_MOVED 3 348965.09375 5945786. 660. 12
41.556 2 GPS 0 1130805120 0 0 -17000 0 0 0 50000 12 4
41.558 2 SVINFO 4 18 16 1 0 -91 0
41.597 2 DL_VALUE 16 1250.
41.599 2 ESTIMATOR 0. 0.
41.697 2 STATE_FILTER_STATUS 3 0
41.700 2 ATTITUDE 0.006633 1.552749 0.015899
41.805 2 GPS 0 1130805120 0 0 -17000 0 0 0 50250 12 5
41.808 2 SVINFO 5 19 16 1 0 -91 0
41.879 2 DOWNLINK_STATUS 0 42 10528 516 1 470. 23. 42.62
41.895 2 PPRZ_MODE 2 0 0 0 0 6
42.007 2 DOWNLINK 0 430 559
42.011 2 ALIVE |88,46,127,254,191,243,157,14,79,175,117,217,7,24,53,158|
42.014 2 IMU_GYRO -0.029785 0.016846 -0.049805
42.018 2 WP_MOVED 4 348764.6875 5945795. 660. 12
42.056 2 GPS 0 1130805120 0 0 -17000 0 0 0 50500 12 6
42.058 2 SVINFO 6 20 16 1 0 -91 0
42.113 2 ENERGY 3.7 0. 0 0.
42.117 2 BAT 0 37 0 0 1 25 0 0
42.124 2 DESIRED 0. 0. 0. 0. 0. 655. 0. 15.
42.126 2 ESTIMATOR 0. 0.
42.204 2 NAVIGATION 0 1 10959186. -5945715. 0. 1.55455284314e+14 0 0
42.207 2 ATTITUDE 0.006849 1.552664 0.015857
42.306 2 GPS 0 1130805120 0 0 -17000 0 0 0 50750 12 7
42.308 2 SVINFO 7 21 16 1 0 -91 0
42.499 2 CALIBRATION 0. 0
42.502 2 WP_MOVED 5 348740. 5945760. 660. 12
42.556 2 GPS 0 1130805120 0 0 -17000 0 0 0 51000 12 8
42.558 2 SVINFO 8 22 16 1 0 -91 0
42.579 2 FBW_STATUS 2 0 1 38 0
42.596 2 ESTIMATOR 0. 0.
42.697 2 ATTITUDE 0.006891 1.55258 0.015902
42.807 2 GPS 0 1130805120 0 0 -17000 0 0 0 51250 12 9
42.808 2 SVINFO 9 24 16 1 0 -91 0
42.879 2 DOWNLINK_STATUS 0 43 11015 540 1 487. 24. 42.62
42.997 2 WP_MOVED 6 348665. 5945815. 660. 12
43.055 2 GPS 0 1130805120 0 0 -17000 0 0 0 51500 12 10
43.058 2 SVINFO 10 25 16 1 0 -91 0
43.101 2 DL_VALUE 17 0.45
43.104 2 IMU_GYRO -0.030762 0.016846 -0.049805
43.106 2 ESTIMATOR 0. 0.
43.154 2 DESIRED 0. 0. 0. 0. 0. 655. 0. 15.
43.207 2 BAT 0 37 0 0 1 26 0 0
43.212 2 NAVIGATION 0 1 10959186. -5945715. 0. 1.55455284314e+14 0 0
43.215 2 ATTITUDE 0.006891 1.552494 0.015816
43.306 2 GPS 0 1130805120 0 0 -17000 0 0 0 51750 12 11
43.308 2 SVINFO 11 26 16 1 0 -91 0
43.397 2 NAVIGATION_REF 348865 5945715 12 605.
43.501 2 GPS_SOL 649581184 100000 9999 0
43.504 2 WP_MOVED 7 349065. 5946015. 660. 12
43.556 2 GPS 0 1130805120 0 0 -17000 0 0 0 52000 12 12
43.558 2 SVINFO 12 27 16 1 0 -91 0
43.595 2 ESTIMATOR 0. 0.
43.697 2 ATTITUDE 0.007062 1.552326 0.015904
43.806 2 GPS 0 1130805120 0 0 -17000 0 0 0 52250 12 13
43.809 2 SVINFO 13 28 16 1 0 -91 0
43.879 2 DOWNLINK_STATUS 0 44 11457 561 1 442. 21. 42.62
43.998 2 WP_MOVED 0 348907. 5945757. 660. 12
44.056 2 GPS 0 1130805120 0 0 -17000 0 0 0 52500 12 14
44.058 2 SVINFO 14 29 16 1 0 -91 0
44.095 2 ESTIMATOR 0. 0.
44.214 2 IMU_GYRO -0.029785 0.016846 -0.049805
44.221 2 DESIRED 0. 0. 0. 0. 0. 655. 0. 15.
44.225 2 NAVIGATION 0 1 10959186. -5945715. 0. 1.55455284314e+14 0 0
44.228 2 ATTITUDE 0.007276 1.552243 0.015949
44.308 2 BAT 0 37 0 0 1 27 0 0
44.314 2 GPS 0 1130805120 0 0 -17000 0 0 0 52750 12 15
44.316 2 SVINFO 15 30 16 1 0 -91 0
