3.126 2 BAT 0 163 0 0 0 5 0 0
3.132 2 GPS 0 1130805120 0 0 -17000 0 0 0 5750 12 7
3.134 2 SVINFO 7 8 16 1 0 -91 0
3.316 2 WP_MOVED 5 348740. 5945760. 660. 12
3.374 2 GPS 0 1130805120 0 0 -17000 0 0 0 6000 12 8
3.377 2 SVINFO 8 9 16 1 0 -91 0
3.397 2 FBW_STATUS 2 0 1 163 0
3.414 2 ESTIMATOR 0. 0.
3.515 2 ATTITUDE 1.435928 -1.280562 -1.412227
3.624 2 GPS 0 1130805120 0 0 -17000 0 0 0 6250 12 9
3.627 2 SVINFO 9 10 16 1 0 -91 0
3.816 2 WP_MOVED 6 348665. 5945815. 660. 12
3.875 2 GPS 0 1130805120 0 0 -17000 0 0 0 6500 12 10
3.876 2 SVINFO 10 11 16 1 0 -91 0
3.896 2 DOWNLINK_STATUS 0 4 2129 103 1 441. 21. 0.
3.913 2 ESTIMATOR 0. 0.
4.033 2 DESIRED 0. 0.15 0. 0. 0. 655. 0. 15.
4.038 2 NAVIGATION 0 1 10959186. -5945715. 0. 1.55455284314e+14 0 0
4.040 2 ATTITUDE 1.433993 -1.27876 -1.412199
4.125 2 IMU_GYRO -0.030762 0.02002 -0.052002
4.131 2 GPS 0 1130805120 0 0 -17000 0 0 0 6750 12 11
4.133 2 SVINFO 11 12 16 1 0 -91 0
4.217 2 BAT 0 163 0 0 0 7 0 0
4.319 2 GPS_SOL 649520128 100000 9999 0
4.323 2 WP_MOVED 7 349065. 5946015. 660. 12
4.374 2 GPS 0 1130805120 0 0 -17000 0 0 0 7000 12 12
4.376 2 SVINFO 12 13 16 1 0 -91 0
4.418 2 CALIBRATION 0. 0
4.420 2 DL_VALUE 4 0.
4.422 2 ESTIMATOR 0. 0.
4.515 2 ATTITUDE 1.432135 -1.277251 -1.412406
4.624 2 GPS 0 1130805120 0 0 -17000 0 0 0 7250 12 13
4.627 2 SVINFO 13 15 16 1 0 -91 0
4.816 2 WP_MOVED 0 348907. 5945757. 660. 12
4.874 2 GPS 0 1130805120 0 0 -17000 0 0 0 7500 12 14
4.877 2 SVINFO 14 16 0 1 0 -91 0
4.896 2 DOWNLINK_STATUS 0 5 2563 124 1 434. 21. 0.
4.914 2 ESTIMATOR 0. 0.
5.022 2 NAVIGATION 0 1 10959186. -5945715. 0. 1.55455284314e+14 0 0
5.026 2 ATTITUDE 1.430953 -1.276422 -1.412313
5.073 2 DESIRED 0. 0.15 0. 0. 0. 655. 0. 15.
5.124 2 GPS 0 1130805120 0 0 -17000 0 0 0 7750 12 15
5.126 2 SVINFO 15 17 16 1 0 -91 0
5.216 2 IMU_GYRO -0.029785 0.022217 -0.051025
5.320 2 BAT 0 163 0 0 0 8 0 0
5.324 2 WP_MOVED 1 348865. 5945715. 660. 12
5.374 2 GPS 0 1130805120 0 0 -17000 0 0 0 8000 12 16
5.376 2 SVINFO 0 1 0 1 0 -91 0
5.397 2 FBW_STATUS 2 0 1 163 0
5.433 2 ENERGY 16.299999 0. 0 0.
5.435 2 ESTIMATOR 0. 0.
5.447 2 PONG 
5.515 2 ATTITUDE 1.429027 -1.27445 -1.412678
5.624 2 GPS 0 1130805120 0 0 -17000 0 0 0 8250 12 1
5.626 2 SVINFO 1 2 16 1 0 -91 0
5.816 2 WP_MOVED 2 348895. 5945815. 660. 12
5.874 2 GPS 0 1130805120 0 0 -17000 0 0 0 8500 12 2
5.876 2 SVINFO 2 3 16 1 0 -91 0
5.896 2 DOWNLINK_STATUS 0 6 2999 145 1 436. 21. 52.98
5.915 2 DL_VALUE 5 0.
5.918 2 ESTIMATOR 0. 0.
6.022 2 NAVIGATION 0 1 10959186. -5945715. 0. 1.55455284314e+14 0 0
6.025 2 ATTITUDE 1.427694 -1.273162 -1.412702
6.133 2 DESIRED 0. 0.15 0. 0. 0. 655. 0. 15.
6.139 2 GPS 0 1130805120 0 0 -17000 0 0 0 8750 12 3
6.141 2 SVINFO 3 4 16 1 0 -91 0
6.216 2 NAVIGATION_REF 348865 5945715 12 605.
6.322 2 GPS_SOL 649520832 100000 9999 0
6.326 2 IMU_GYRO -0.030762 0.02124 -0.051025
6.330 2 WP_MOVED 3 348965.09375 5945786. 660. 12
6.373 2 GPS 0 1130805120 0 0 -17000 0 0 0 9000 12 4
6.376 2 SVINFO 4 5 16 1 0 -91 0
6.419 2 BAT 0 163 0 0 0 9 0 0
6.421 2 ESTIMATOR 0. 0.
6.516 2 CALIBRATION 0. 0
6.519 2 ATTITUDE 1.427046 -1.272558 -1.412693
6.623 2 GPS 0 1130805120 0 0 -17000 0 0 0 9250 12 5
6.626 2 SVINFO 5 6 16 1 0 -91 0
6.815 2 WP_MOVED 4 348764.6875 5945795. 660. 12
6.874 2 GPS 0 1130805120 0 0 -17000 0 0 0 9500 12 6
6.876 2 SVINFO 6 7 16 1 0 -91 0
6.897 2 DOWNLINK_STATUS 0 7 3452 167 1 453. 22. 52.98
6.913 2 ESTIMATOR 0. 0.
7.022 2 NAVIGATION 0 1 10959186. -5945715. 0. 1.55455284314e+14 0 0
7.025 2 ATTITUDE 1.426645 -1.272112 -1.412683
7.124 2 GPS 0 1130805120 0 0 -17000 0 0 0 9750 12 7
7.126 2 SVINFO 7 8 16 1 0 -91 0
7.173 2 DESIRED 0. 0.15 0. 0. 0. 655. 0. 15.
7.199 2 ACTUATORS |1000,1500,1000,2000,2000,1500|
7.299 2 COMMANDS |0,-9600,9600,0,0,0|
7.316 2 WP_MOVED 5 348740. 5945760. 660. 12
7.374 2 GPS 0 1130805120 0 0 -17000 0 0 0 10000 12 8
7.376 2 SVINFO 8 9 16 1 0 -91 0
7.397 2 FBW_STATUS 2 0 1 163 0
7.420 2 DL_VALUE 6 100.
7.423 2 IMU_GYRO -0.031738 0.02124 -0.051025
7.425 2 ESTIMATOR 0. 0.
7.523 2 DOWNLINK 0 445 227
7.524 2 STATE_FILTER_STATUS 3 0
7.528 2 BAT 0 163 0 0 0 10 0 0
7.531 2 ATTITUDE 1.426111 -1.271881 -1.412866
7.624 2 GPS 0 1130805120 0 0 -17000 0 0 0 10250 12 9
7.627 2 SVINFO 9 10 16 1 0 -91 0
7.713 2 PPRZ_MODE 2 0 0 0 0 6
7.822 2 ALIVE |230,211,7,119,139,132,131,197,163,190,112,212,39,64,86,148|
7.825 2 WP_MOVED 6 348665. 5945815. 660. 12
7.873 2 GPS 0 1130805120 0 0 -17000 0 0 0 10500 12 10
7.876 2 SVINFO 10 11 16 1 0 -91 0
7.898 2 DOWNLINK_STATUS 0 8 3966 193 1 514. 26. 52.98
7.919 2 ENERGY 16.299999 0. 0 0.
7.921 2 ESTIMATOR 0. 0.
8.022 2 NAVIGATION 0 1 10959186. -5945715. 0. 1.55455284314e+14 0 0
8.025 2 ATTITUDE 1.426835 -1.272776 -1.413111
8.124 2 GPS 0 1130805120 0 0 -17000 0 0 0 10750 12 11
8.126 2 SVINFO 11 12 16 1 0 -91 0
8.222 2 DESIRED 0. 0.15 0. 0. 0. 655. 0. 15.
8.319 2 GPS_SOL 649521728 100000 9999 0
8.322 2 WP_MOVED 7 349065. 5946015. 660. 12
8.374 2 GPS 0 1130805120 0 0 -17000 0 0 0 11000 12 12
8.376 2 SVINFO 12 13 16 1 0 -91 0
8.413 2 ESTIMATOR 0. 0.
8.519 2 IMU_GYRO -0.029785 0.024414 -0.051025
8.522 2 ATTITUDE 1.426186 -1.272172 -1.413102
8.627 2 CALIBRATION 0. 0
8.631 2 BAT 0 163 0 0 0 11 0 0
8.636 2 GPS 0 1130805120 0 0 -17000 0 0 0 11250 12 13
8.639 2 SVINFO 13 15 16 1 0 -91 0
8.816 2 WP_MOVED 0 348907. 5945757. 660. 12
8.874 2 GPS 0 1130805120 0 0 -17000 0 0 0 11500 12 14
8.877 2 SVINFO 14 16 0 1 0 -91 0
8.898 2 DOWNLINK_STATUS 0 9 4409 214 1 443. 21. 52.98
8.916 2 DL_VALUE 7 2.
8.918 2 ESTIMATOR 0. 0.
9.022 2 NAVIGATION 0 1 10959186. -5945715. 0. 1.55455284314e+14 0 0
9.025 2 ATTITUDE 1.425328 -1.271491 -1.413051
9.124 2 GPS 0 1130805120 0 0 -17000 0 0 0 11750 12 15
9.126 2 SVINFO 15 17 16 1 0 -91 0
9.273 2 DESIRED 0. 0.15 0. 0. 0. 655. 0. 15.
9.315 2 WP_MOVED 1 348865. 5945715. 660. 12
9.373 2 GPS 0 1130805120 0 0 -17000 0 0 0 12000 12 16
9.376 2 SVINFO 0 1 0 1 0 -91 0
9.397 2 FBW_STATUS 2 0 1 163 0
9.413 2 ESTIMATOR 0. 0.
9.515 2 ATTITUDE 1.425202 -1.271539 -1.413371
9.625 2 IMU_GYRO -0.028564 0.025391 -0.051025
9.630 2 GPS 0 1130805120 0 0 -17000 0 0 0 12250 12 1
9.633 2 SVINFO 1 2 16 1 0 -91 0
9.716 2 BAT 0 163 0 0 0 12 0 0
9.816 2 WP_MOVED 2 348895. 5945815. 660. 12
9.874 2 GPS 0 1130805120 0 0 -17000 0 0 0 12500 12 2
9.876 2 SVINFO 2 3 16 2 24 -91 0
9.898 2 DOWNLINK_STATUS 0 10 4830 234 1 421. 20. 52.98
9.913 2 ESTIMATOR 0. 0.
10.022 2 NAVIGATION 0 1 10959186. -5945715. 0. 1.55455284314e+14 0 0
10.025 2 ATTITUDE 1.424343 -1.270856 -1.41332
10.124 2 GPS 0 1130805120 0 0 -17000 0 0 0 12750 12 3
10.126 2 SVINFO 3 4 16 1 0 -91 0
10.327 2 GPS_SOL 649522880 100000 9999 0
10.334 2 DESIRED 0. 0.15 0. 0. 0. 655. 0. 15.
10.337 2 WP_MOVED 3 348965.09375 5945786. 660. 12
10.374 2 GPS 0 1130805120 0 0 -17000 0 0 0 13000 12 4
10.376 2 SVINFO 4 5 16 1 0 -91 0
10.434 2 ENERGY 16.299999 0. 0 0.
10.436 2 DL_VALUE 8 0.
10.438 2 ESTIMATOR 0. 0.
10.447 2 PONG 
10.514 2 ATTITUDE 1.42418 -1.270694 -1.413362
10.623 2 GPS 0 1130805120 0 0 -17000 0 0 0 13250 12 5
10.626 2 SVINFO 5 7 16 1 0 -91 0
10.716 2 CALIBRATION 0. 0
10.719 2 IMU_GYRO -0.030762 0.02124 -0.051025
10.820 2 BAT 0 163 0 0 0 13 0 0
10.823 2 WP_MOVED 4 348764.6875 5945795. 660. 12
10.874 2 GPS 0 1130805120 0 0 -17000 0 0 0 13500 12 6
10.876 2 SVINFO 6 8 16 1 0 -91 0
10.899 2 DOWNLINK_STATUS 0 11 5290 257 1 460. 23. 52.72
10.913 2 ESTIMATOR 0. 0.
11.022 2 NAVIGATION 0 1 10959186. -5945715. 0. 1.55455284314e+14 0 0
11.025 2 ATTITUDE 1.42414 -1.270612 -1.413404
11.124 2 GPS 0 1130805120 0 0 -17000 0 0 0 13750 12 7
11.126 2 SVINFO 7 9 16 1 0 -91 0
11.316 2 WP_MOVED 5 348740. 5945760. 660. 12
11.383 2 DESIRED 0. 0.15 0. 0. 0. 655. 0. 15.
11.389 2 GPS 0 1130805120 0 0 -17000 0 0 0 14000 12 8
11.391 2 SVINFO 8 11 16 1 0 -91 0
11.397 2 FBW_STATUS 2 0 1 163 0
11.413 2 ESTIMATOR 0. 0.
11.515 2 ATTITUDE 1.423767 -1.270373 -1.413404
11.624 2 GPS 0 1130805120 0 0 -17000 0 0 0 14250 12 9
11.626 2 SVINFO 9 12 16 1 0 -91 0
11.819 2 IMU_GYRO -0.030762 0.02002 -0.051025
11.822 2 WP_MOVED 6 348665. 5945815. 660. 12
11.873 2 GPS 0 1130805120 0 0 -17000 0 0 0 14500 12 10
11.876 2 SVINFO 10 13 16 1 0 -91 0
11.899 2 DOWNLINK_STATUS 0 12 5679 275 1 389. 18. 52.72
11.919 2 DL_VALUE 9 0.
11.923 2 BAT 0 163 0 0 0 14 0 0
11.925 2 ESTIMATOR 0. 0.
12.021 2 NAVIGATION 0 1 10959186. -5945715. 0. 1.55455284314e+14 0 0
12.024 2 ATTITUDE 1.425401 -1.272038 -1.413929
12.123 2 GPS 0 1130805120 0 0 -17000 0 0 0 14750 12 11
12.126 2 SVINFO 11 15 16 1 0 -91 0
12.199 2 ACTUATORS |1000,1500,1000,2000,2000,1500|
12.298 2 COMMANDS |0,-9600,9600,0,0,0|
12.318 2 GPS_SOL 649524160 100000 9999 0
12.322 2 WP_MOVED 7 349065. 5946015. 660. 12
12.374 2 GPS 0 1130805120 0 0 -17000 0 0 0 15000 12 12
12.376 2 SVINFO 12 16 0 1 0 -91 0
12.426 2 DESIRED 0. 0.15 0. 0. 0. 655. 0. 15.
12.428 2 ESTIMATOR 0. 0.
12.515 2 STATE_FILTER_STATUS 3 0
12.518 2 ATTITUDE 1.424658 -1.271434 -1.413608
12.622 2 DOWNLINK 0 442 337
12.628 2 GPS 0 1130805120 0 0 -17000 0 0 0 15250 12 13
12.630 2 SVINFO 13 17 16 1 0 -91 0
12.713 2 PPRZ_MODE 2 0 0 0 0 6
12.823 2 ALIVE |230,211,7,119,139,132,131,197,163,190,112,212,39,64,86,148|
12.825 2 CALIBRATION 0. 0
12.829 2 WP_MOVED 0 348907. 5945757. 660. 12
12.874 2 GPS 0 1130805120 0 0 -17000 0 0 0 15500 12 14
12.876 2 SVINFO 14 18 16 1 0 -91 0
12.899 2 DOWNLINK_STATUS 0 13 6188 301 1 509. 26. 52.72
12.923 2 ENERGY 16.299999 0. 0 0.
12.926 2 IMU_GYRO -0.029785 0.02124 -0.051025
12.928 2 ESTIMATOR 0. 0.
13.026 2 BAT 0 163 0 0 0 15 0 0
13.030 2 NAVIGATION 0 1 10959186. -5945715. 0. 1.55455284314e+14 0 0
13.032 2 ATTITUDE 1.425401 -1.272038 -1.413929
13.124 2 GPS 0 1130805120 0 0 -17000 0 0 0 15750 12 15
13.125 2 SVINFO 15 19 16 1 0 -91 0
13.315 2 WP_MOVED 1 348865. 5945715. 660. 12
13.353 2 WIND_INFO 2 42 0. 0. 0.
13.373 2 GPS 0 1130805120 0 0 -17000 0 0 0 16000 12 16
13.376 2 SVINFO 0 3 16 1 0 -91 0
13.403 2 FBW_STATUS 2 0 1 163 0
13.419 2 DL_VALUE 10 0.
13.422 2 ESTIMATOR 0. 0.
13.472 2 DESIRED 0. 0.15 0. 0. 0. 655. 0. 15.
13.514 2 ATTITUDE 1.424098 -1.270655 -1.413767
13.623 2 GPS 0 1130805120 0 0 -17000 0 0 0 16250 12 1
13.626 2 SVINFO 1 4 16 1 0 -91 0
13.816 2 WP_MOVED 2 348895. 5945815. 660. 12
13.874 2 GPS 0 1130805120 0 0 -17000 0 0 0 16500 12 2
13.876 2 SVINFO 2 5 16 1 0 -91 0
13.899 2 DOWNLINK_STATUS 0 14 6629 322 1 441. 21. 52.72
13.913 2 ESTIMATOR 0. 0.
14.024 2 IMU_GYRO -0.038086 0.013672 -0.048828
14.029 2 NAVIGATION 0 1 10959186. -5945715. 0. 1.55455284314e+14 0 0
14.032 2 ATTITUDE 1.416799 -1.26322 -1.414121
14.126 2 BAT 0 163 0 0 0 16 0 0
14.132 2 GPS 0 1130805120 0 0 -17000 0 0 0 16750 12 3
14.134 2 SVINFO 3 6 16 1 0 -91 0
14.318 2 GPS_SOL 649525632 100000 9999 0
14.321 2 WP_MOVED 3 348965.09375 5945786. 660. 12
14.373 2 GPS 0 1130805120 0 0 -17000 0 0 0 17000 12 4
14.375 2 SVINFO 4 7 16 1 0 -91 0
14.413 2 ESTIMATOR 0. 0.
14.526 2 DESIRED 0. 0.15 0. 0. 0. 655. 0. 15.
14.529 2 ATTITUDE 1.416306 -1.26295 -1.413673
14.623 2 GPS 0 1130805120 0 0 -17000 0 0 0 17250 12 5
14.625 2 SVINFO 5 8 16 1 0 -91 0
14.815 2 WP_MOVED 4 348764.6875 5945795. 660. 12
14.873 2 GPS 0 1130805120 0 0 -17000 0 0 0 17500 12 6
14.876 2 SVINFO 6 9 16 1 0 -91 0
14.899 2 DOWNLINK_STATUS 0 15 7041 341 1 412. 19. 52.72
14.917 2 CALIBRATION 0. 0
14.919 2 DL_VALUE 11 0.
14.922 2 ESTIMATOR 0. 0.
15.021 2 NAVIGATION 0 1 10959186. -5945715. 0. 1.55455284314e+14 0 0
15.025 2 ATTITUDE 1.417088 -1.263811 -1.413826
15.125 2 IMU_GYRO -0.028564 0.02124 -0.049805
15.130 2 GPS 0 1130805120 0 0 -17000 0 0 0 17750 12 7
15.133 2 SVINFO 7 10 16 1 0 -91 0
15.220 2 NAVIGATION_REF 348865 5945715 12 605.
15.223 2 BAT 0 163 0 0 0 18 0 0
15.315 2 WP_MOVED 5 348740. 5945760. 660. 12
15.373 2 GPS 0 1130805120 0 0 -17000 0 0 0 18000 12 8
15.376 2 SVINFO 8 11 16 1 0 -91 0
15.397 2 FBW_STATUS 2 0 1 163 0
15.478 2 ENERGY 16.299999 0. 0 0.
15.481 2 ESTIMATOR 0. 0.
15.529 2 PONG 
15.548 2 ATTITUDE 1.418239 -1.265009 -1.414346
15.573 2 DESIRED 0. 0.15 0. 0. 0. 655. 0. 15.
15.624 2 GPS 0 1130805120 0 0 -17000 0 0 0 18250 12 9
15.626 2 SVINFO 9 12 16 1 0 -91 0
15.815 2 WP_MOVED 6 348665. 5945815. 660. 12
15.873 2 GPS 0 1130805120 0 0 -17000 0 0 0 18500 12 10
15.875 2 SVINFO 10 13 16 1 0 -91 0
15.900 2 DOWNLINK_STATUS 0 16 7518 365 1 477. 24. 132.96
15.913 2 ESTIMATOR 0. 0.
16.021 2 NAVIGATION 0 1 10959186. -5945715. 0. 1.55455284314e+14 0 0
16.024 2 ATTITUDE 1.414898 -1.261365 -1.413727
16.123 2 GPS 0 1130805120 0 0 -17000 0 0 0 18750 12 11
16.125 2 SVINFO 11 15 16 1 0 -91 0
16.214 2 IMU_GYRO -0.030762 0.016846 -0.052979
16.323 2 GPS_SOL 649527296 100000 9999 0
16.326 2 BAT 0 163 0 0 0 19 0 0
16.330 2 WP_MOVED 7 349065. 5946015. 660. 12
16.373 2 GPS 0 1130805120 0 0 -17000 0 0 0 19000 12 12
16.376 2 SVINFO 12 16 0 1 0 -91 0
16.415 2 DL_VALUE 12 12000.
16.417 2 ESTIMATOR 0. 0.
16.514 2 ATTITUDE 1.422844 -1.269443 -1.413206
16.632 2 DESIRED 0. 0.15 0. 0. 0. 655. 0. 15.
16.638 2 GPS 0 1130805120 0 0 -17000 0 0 0 19250 12 13
16.640 2 SVINFO 13 17 16 1 0 -91 0
16.815 2 WP_MOVED 0 348907. 5945757. 660. 12
16.873 2 GPS 0 1130805120 0 0 -17000 0 0 0 19500 12 14
16.876 2 SVINFO 14 18 16 1 0 -91 0
16.900 2 DOWNLINK_STATUS 0 17 7941 385 1 423. 20. 132.96
16.913 2 ESTIMATOR 0. 0.
17.021 2 CALIBRATION 0. 0
17.026 2 NAVIGATION 0 1 10959186. -5945715. 0. 1.55455284314e+14 0 0
17.029 2 ATTITUDE 1.420087 -1.266072 -1.413081
17.124 2 GPS 0 1130805120 0 0 -17000 0 0 0 19750 12 15
17.126 2 SVINFO 15 19 16 1 0 -91 0
17.197 2 ACTUATORS |1000,1500,1000,2000,2000,1500|
17.297 2 COMMANDS |0,-9600,9600,0,0,0|
17.318 2 IMU_GYRO -0.009521 -0.083984 0.076416
17.322 2 WP_MOVED 1 348865. 5945715. 660. 12
17.373 2 GPS 0 1130805120 0 0 -17000 0 0 0 20000 12 16
17.375 2 SVINFO 0 3 16 1 0 -91 0
17.396 2 FBW_STATUS 2 0 1 163 0
17.418 2 BAT 0 163 0 0 0 20 0 0
17.421 2 ESTIMATOR 0. 0.
17.514 2 STATE_FILTER_STATUS 3 0
17.518 2 ATTITUDE 1.412543 -1.25725 -1.425125
17.623 2 GPS 0 1130805120 0 0 -17000 0 0 0 20250 12 1
17.625 2 SVINFO 1 4 16 1 0 -91 0
17.672 2 DESIRED 0. 0.17 0. 0. 0. 655. 0. 15.
17.714 2 DOWNLINK 0 455 450
17.716 2 PPRZ_MODE 2 0 0 0 0 6
17.821 2 ALIVE |230,211,7,119,139,132,131,197,163,190,112,212,39,64,86,148|
17.824 2 WP_MOVED 2 348895. 5945815. 660. 12
17.873 2 GPS 0 1130805120 0 0 -17000 0 0 0 20500 12 2
17.876 2 SVINFO 2 6 16 2 19 -91 0
17.900 2 DOWNLINK_STATUS 0 18 8455 411 1 514. 26. 132.96
17.921 2 ENERGY 16.299999 0. 0 0.
17.922 2 DL_VALUE 13 1.5
17.925 2 ESTIMATOR 0. 0.
18.021 2 NAVIGATION 0 1 10959186. -5945715. 0. 1.55455284314e+14 0 0
18.025 2 ATTITUDE 1.527759 -1.407799 -1.313967
18.123 2 GPS 0 1130805120 0 0 -17000 0 0 0 20750 12 3
18.126 2 SVINFO 3 7 16 1 0 -91 0
18.318 2 GPS_SOL 649529152 100000 9999 0
18.322 2 WP_MOVED 3 348965.09375 5945786. 660. 12
18.374 2 GPS 0 1130805120 0 0 -17000 0 0 0 21000 12 4
18.376 2 SVINFO 4 8 16 1 0 -91 0
18.418 2 IMU_GYRO -0.003174 0.027588 -0.126465
18.419 2 ESTIMATOR 0. 0.
18.519 2 BAT 0 163 0 0 0 21 0 0
18.522 2 ATTITUDE 1.417131 -1.29074 -1.209723
18.624 2 GPS 0 1130805120 0 0 -17000 0 0 0 21250 12 5
18.625 2 SVINFO 5 9 16 1 0 -91 0
18.723 2 DESIRED 0. 0.15 0. 0. 0. 655. 0. 15.
18.815 2 WP_MOVED 4 348764.6875 5945795. 660. 12
18.873 2 GPS 0 1130805120 0 0 -17000 0 0 0 21500 12 6
18.875 2 SVINFO 6 10 16 1 0 -91 0
18.901 2 DOWNLINK_STATUS 0 19 8898 432 1 443. 21. 132.96
18.913 2 ESTIMATOR 0. 0.
19.021 2 NAVIGATION 0 1 10959186. -5945715. 0. 1.55455284314e+14 0 0
19.024 2 ATTITUDE 1.370831 -1.262288 -1.152742
19.122 2 CALIBRATION 0. 0
19.127 2 GPS 0 1130805120 0 0 -17000 0 0 0 21750 12 7
19.130 2 SVINFO 7 11 16 1 0 -91 0
19.315 2 WP_MOVED 5 348740. 5945760. 660. 12
19.373 2 GPS 0 1130805120 0 0 -17000 0 0 0 22000 12 8
19.376 2 SVINFO 8 12 16 1 0 -91 0
19.396 2 FBW_STATUS 2 0 1 163 0
19.415 2 DL_VALUE 14 0.610865
19.417 2 ESTIMATOR 0. 0.
19.518 2 IMU_GYRO -0.172363 -0.02124 0.332031
19.521 2 ATTITUDE 1.160179 -1.049274 -1.257051
19.626 2 BAT 0 163 0 0 0 22 0 0
19.632 2 GPS 0 1130805120 0 0 -17000 0 0 0 22250 12 9
19.634 2 SVINFO 9 13 16 1 0 -91 0
19.772 2 DESIRED 0. 0.1 0. 0. 0. 655. 0. 15.
19.815 2 WP_MOVED 6 348665. 5945815. 660. 12
19.874 2 GPS 0 1130805120 0 0 -17000 0 0 0 22500 12 10
19.875 2 SVINFO 10 16 0 1 0 -91 0
19.901 2 DOWNLINK_STATUS 0 20 9330 453 1 432. 21. 132.96
19.912 2 ESTIMATOR 0. 0.
20.021 2 NAVIGATION 0 1 10959186. -5945715. 0. 1.55455284314e+14 0 0
20.024 2 ATTITUDE 1.091362 -1.055938 -1.279068
20.123 2 GPS 0 1130805120 0 0 -17000 0 0 0 22750 12 11
20.125 2 SVINFO 11 17 16 1 0 -91 0
20.318 2 GPS_SOL 649531136 100000 9999 0
20.321 2 WP_MOVED 7 349065. 5946015. 660. 12
20.373 2 GPS 0 1130805120 0 0 -17000 0 0 0 23000 12 12
20.375 2 SVINFO 12 18 16 1 0 -91 0
20.454 2 ENERGY 16.299999 0. 0 0.
20.456 2 ESTIMATOR 0. 0.
20.494 2 PONG 
20.514 2 ATTITUDE 0.736584 -0.902079 -1.153478
20.624 2 IMU_GYRO -0.463867 0.187256 -0.226562
20.630 2 GPS 0 1130805120 0 0 -17000 0 0 0 23250 12 13
20.632 2 SVINFO 13 19 16 1 0 -91 0
20.716 2 BAT 0 163 0 0 0 23 0 0
20.826 2 DESIRED 0. 0.07 0. 0. 0. 655. 0. 15.
20.830 2 WP_MOVED 0 348907. 5945757. 660. 12
20.873 2 GPS 0 1130805120 0 0 -17000 0 0 0 23500 12 14
20.876 2 SVINFO 14 20 16 1 0 -91 0
20.901 2 DOWNLINK_STATUS 0 21 9768 474 1 438. 21. 97.74
20.915 2 DL_VALUE 15 7500.
20.917 2 ESTIMATOR 0. 0.
21.021 2 NAVIGATION 0 1 10959186. -5945715. 0. 1.55455284314e+14 0 0
21.025 2 ATTITUDE 0.646692 -1.167616 -1.14894
21.123 2 GPS 0 1130805120 0 0 -17000 0 0 0 23750 12 15
21.126 2 SVINFO 15 21 16 1 0 -91 0
21.212 2 CALIBRATION 0. 0
21.314 2 WP_MOVED 1 348865. 5945715. 660. 12
21.373 2 GPS 0 1130805120 0 0 -17000 0 0 0 24000 12 16
21.375 2 SVINFO 0 5 16 1 0 -91 0
21.396 2 FBW_STATUS 2 0 1 163 0
21.412 2 ESTIMATOR 0. 0.
21.514 2 ATTITUDE 0.476124 -1.162854 -1.124164
21.623 2 GPS 0 1130805120 0 0 -17000 0 0 0 24250 12 1
21.625 2 SVINFO 1 6 16 1 0 -91 0
21.714 2 IMU_GYRO -0.163818 1.125732 -0.039307
21.819 2 BAT 0 163 0 0 0 24 0 0
21.823 2 WP_MOVED 2 348895. 5945815. 660. 12
21.882 2 DESIRED 0. 0.03 0. 0. 0. 655. 0. 15.
21.888 2 GPS 0 1130805120 0 0 -17000 0 0 0 24500 12 2
21.890 2 SVINFO 2 7 16 1 0 -91 0
21.901 2 DOWNLINK_STATUS 0 22 10200 495 1 432. 21. 97.74
21.913 2 ESTIMATOR 0. 0.
22.021 2 NAVIGATION 0 1 10959186. -5945715. 0. 1.55455284314e+14 0 0
22.024 2 ATTITUDE 0.161207 -0.905643 -0.645224
22.126 2 GPS 0 1130805120 0 0 -17000 0 0 0 24750 12 3
22.127 2 SVINFO 3 8 16 1 0 -91 0
22.198 2 ACTUATORS |1000,1500,1094,1540,1540,1500|
22.298 2 COMMANDS |0,-836,8108,0,0,0|
22.318 2 GPS_SOL 649533376 100000 9999 0
22.322 2 WP_MOVED 3 348965.09375 5945786. 660. 12
22.373 2 GPS 0 1130805120 0 0 -17000 0 0 0 25000 12 4
22.375 2 SVINFO 4 9 16 1 0 -91 0
22.414 2 DL_VALUE 16 1250.
22.416 2 ESTIMATOR 0. 0.
22.514 2 STATE_FILTER_STATUS 3 0
22.518 2 ATTITUDE 0.088521 -0.832051 -0.607913
22.624 2 GPS 0 1130805120 0 0 -17000 0 0 0 25250 12 5
22.625 2 SVINFO 5 10 16 1 0 -91 0
22.711 2 PPRZ_MODE 2 0 0 0 0 6
22.824 2 DOWNLINK 0 430 558
22.828 2 ALIVE |230,211,7,119,139,132,131,197,163,190,112,212,39,64,86,148|
22.831 2 IMU_GYRO -0.223389 0.103027 -0.078613
22.834 2 WP_MOVED 4 348764.6875 5945795. 660. 12
22.873 2 GPS 0 1130805120 0 0 -17000 0 0 0 25500 12 6
22.875 2 SVINFO 6 11 16 1 0 -91 0
22.902 2 DOWNLINK_STATUS 0 23 10657 519 1 457. 24. 97.74
22.930 2 ENERGY 16.299999 0. 0 0.
22.934 2 BAT 0 163 0 0 0 25 0 0
22.941 2 DESIRED 0. 0. 0. 0. 0. 655. 0. 15.
22.943 2 ESTIMATOR 0. 0.
23.021 2 NAVIGATION 0 1 10959186. -5945715. 0. 1.55455284314e+14 0 0
23.024 2 ATTITUDE 0.031624 -0.877038 -0.52673
23.125 2 GPS 0 1130805120 0 0 -17000 0 0 0 25750 12 7
23.125 2 SVINFO 7 13 16 1 0 -91 0
23.316 2 CALIBRATION 0. 0
23.319 2 WP_MOVED 5 348740. 5945760. 660. 12
23.353 2 WIND_INFO 2 42 0. 0. 0.
23.373 2 GPS 0 1130805120 0 0 -17000 0 0 0 26000 12 8
23.376 2 SVINFO 8 15 16 1 0 -91 0
23.403 2 FBW_STATUS 2 0 1 163 0
23.419 2 ESTIMATOR 0. 0.
23.514 2 ATTITUDE 0.118895 -0.956349 -0.397986
23.623 2 GPS 0 1130805120 0 0 -17000 0 0 0 26250 12 9
23.626 2 SVINFO 9 16 0 1 0 -91 0
23.814 2 WP_MOVED 6 348665. 5945815. 660. 12
23.872 2 GPS 0 1130805120 0 0 -17000 0 0 0 26500 12 10
23.875 2 SVINFO 10 17 16 1 0 -91 0
23.902 2 DOWNLINK_STATUS 0 24 11080 539 1 423. 20. 97.74
23.918 2 DL_VALUE 17 0.45
23.921 2 IMU_GYRO -0.036133 0.21582 0.038086
23.923 2 ESTIMATOR 0. 0.
23.972 2 DESIRED 0. 0.01 0. 0. 0. 655. 0. 15.
24.024 2 BAT 0 163 0 0 0 26 0 0
24.029 2 NAVIGATION 0 1 10959186. -5945715. 0. 1.55455284314e+14 0 0
24.032 2 ATTITUDE 0.093745 -0.892267 -0.285186
24.122 2 GPS 0 1130805120 0 0 -17000 0 0 0 26750 12 11
24.125 2 SVINFO 11 18 16 1 0 -91 0
24.214 2 NAVIGATION_REF 348865 5945715 12 605.
24.318 2 GPS_SOL 649535680 100000 9999 0
24.321 2 WP_MOVED 7 349065. 5946015. 660. 12
24.373 2 GPS 0 1130805120 0 0 -17000 0 0 0 27000 12 12
24.375 2 SVINFO 12 19 16 1 0 -91 0
24.412 2 ESTIMATOR 0. 0.
24.514 2 ATTITUDE 0.078403 -0.875025 -0.229678
24.623 2 GPS 0 1130805120 0 0 -17000 0 0 0 27250 12 13
24.625 2 SVINFO 13 20 16 1 0 -91 0
24.815 2 WP_MOVED 0 348907. 5945757. 660. 12
24.873 2 GPS 0 1130805120 0 0 -17000 0 0 0 27500 12 14
24.875 2 SVINFO 14 21 16 1 0 -91 0
24.902 2 DOWNLINK_STATUS 0 25 11522 560 1 442. 21. 97.74
24.912 2 ESTIMATOR 0. 0.
25.031 2 IMU_GYRO -0.046631 -0.752197 0.141357
25.039 2 DESIRED 0. 0.01 0. 0. 0. 655. 0. 15.
25.043 2 NAVIGATION 0 1 10959186. -5945715. 0. 1.55455284314e+14 0 0
25.045 2 ATTITUDE 0.089188 -0.858702 -0.506413
25.125 2 BAT 0 163 0 0 0 27 0 0
25.130 2 GPS 0 1130805120 0 0 -17000 0 0 0 27750 12 15
25.133 2 SVINFO 15 22 16 1 0 -91 0
25.314 2 WP_MOVED 1 348865. 5945715. 660. 12
25.372 2 GPS 0 1130805120 0 0 -17000 0 0 0 28000 12 16
25.375 2 SVINFO 0 6 16 1 0 -91 0
25.396 2 FBW_STATUS 2 0 1 163 0
25.444 2 ENERGY 16.299999 0. 0 0.
25.446 2 CALIBRATION 0. 0
25.448 2 DL_VALUE 18 0.03
25.450 2 ESTIMATOR 0. 0.
25.476 2 PONG 
25.514 2 ATTITUDE 0.050791 -0.807014 -0.631729
25.623 2 GPS 0 1130805120 0 0 -17000 0 0 0 28250 12 1
25.625 2 SVINFO 1 9 16 1 0 -91 0
25.815 2 WP_MOVED 2 348895. 5945815. 660. 12
25.873 2 GPS 0 1130805120 0 0 -17000 0 0 0 28500 12 2
25.875 2 SVINFO 2 10 16 1 0 -91 0
25.902 2 DOWNLINK_STATUS 0 26 11980 583 1 458. 23. 78.71
25.913 2 ESTIMATOR 0. 0.
26.021 2 NAVIGATION 0 1 10959186. -5945715. 0. 1.55455284314e+14 0 0
26.024 2 ATTITUDE 0.182286 -0.926716 -0.506964
26.072 2 DESIRED 0. 0.02 0. 0. 0. 655. 0. 15.
26.124 2 IMU_GYRO -0.262695 0.199951 -0.468018
26.130 2 GPS 0 1130805120 0 0 -17000 0 0 0 28750 12 3
26.131 2 SVINFO 3 11 16 1 0 -91 0
26.215 2 BAT 0 163 0 0 0 29 0 0
26.317 2 GPS_SOL 649538304 100000 9999 0
26.321 2 WP_MOVED 3 348965.09375 5945786. 660. 12
26.372 2 GPS 0 1130805120 0 0 -17000 0 0 0 29000 12 4
26.375 2 SVINFO 4 12 16 1 0 -91 0
26.412 2 ESTIMATOR 0. 0.
26.514 2 ATTITUDE 0.17039 -1.179937 -0.373841
26.622 2 GPS 0 1130805120 0 0 -17000 0 0 0 29250 12 5
26.625 2 SVINFO 5 13 16 1 0 -91 0
26.814 2 WP_MOVED 4 348764.6875 5945795. 660. 12
26.872 2 GPS 0 1130805120 0 0 -17000 0 0 0 29500 12 6
26.875 2 SVINFO 6 15 16 1 0 -91 0
26.902 2 DOWNLINK_STATUS 0 27 12392 602 1 412. 19. 78.71
26.914 2 DL_VALUE 19 0.15
26.916 2 ESTIMATOR 0. 0.
27.021 2 NAVIGATION 0 1 10959186. -5945715. 0. 1.55455284314e+14 0 0
27.024 2 ATTITUDE 0.078412 -1.152245 0.025906
27.132 2 DESIRED 0. 0.01 0. 0. 0. 655. 0. 15.
27.137 2 GPS 0 1130805120 0 0 -17000 0 0 0 29750 12 7
27.140 2 SVINFO 7 16 0 1 0 -91 0
27.197 2 ACTUATORS |1000,1500,1548,1512,1512,1500|
27.214 2 IMU_GYRO -0.175537 0.180908 0.029785
27.298 2 COMMANDS |0,-133,-998,0,0,0|
27.319 2 BAT 0 163 0 0 0 30 0 0
27.323 2 WP_MOVED 5 348740. 5945760. 660. 12
27.373 2 GPS 0 1130805120 0 0 -17000 0 0 0 30000 12 8
27.375 2 SVINFO 8 17 16 1 0 -91 0
27.396 2 FBW_STATUS 2 0 1 163 0
27.413 2 ESTIMATOR 0. 0.
27.516 2 STATE_FILTER_STATUS 3 0
27.518 2 CALIBRATION 0. 0
27.521 2 ATTITUDE 0.032673 -1.113148 0.067926
27.622 2 GPS 0 1130805120 0 0 -17000 0 0 0 30250 12 9
27.624 2 SVINFO 9 18 16 1 0 -91 0
27.711 2 PPRZ_MODE 2 0 0 0 0 6
27.820 2 ALIVE |230,211,7,119,139,132,131,197,163,190,112,212,39,64,86,148|
27.823 2 WP_MOVED 6 348665. 5945815. 660. 12
27.872 2 GPS 0 1130805120 0 0 -17000 0 0 0 30500 12 10
27.875 2 SVINFO 10 19 16 1 0 -91 0
27.903 2 DOWNLINK_STATUS 0 28 12906 628 1 514. 26. 78.71
27.918 2 DOWNLINK 0 464 673
27.922 2 ENERGY 16.299999 0. 0 0.
27.924 2 ESTIMATOR 0. 0.
28.021 2 NAVIGATION 0 1 10959186. -5945715. 0. 1.55455284314e+14 0 0
28.024 2 ATTITUDE 0.01482 -1.080104 0.075151
28.122 2 GPS 0 1130805120 0 0 -17000 0 0 0 30750 12 11
28.125 2 SVINFO 11 20 16 1 0 -91 0
28.171 2 DESIRED 0. 0. 0. 0. 0. 655. 0. 15.
28.321 2 GPS_SOL 649541120 100000 9999 0
28.324 2 IMU_GYRO 0.076416 -0.04248 0.052002
28.328 2 WP_MOVED 7 349065. 5946015. 660. 12
28.373 2 GPS 0 1130805120 0 0 -17000 0 0 0 31000 12 12
28.375 2 SVINFO 12 21 16 1 0 -91 0
28.419 2 DL_VALUE 20 0.01
28.422 2 BAT 0 163 0 0 0 31 0 0
28.425 2 ESTIMATOR 0. 0.
28.514 2 ATTITUDE 0.025442 -1.0281 0.035888
28.623 2 GPS 0 1130805120 0 0 -17000 0 0 0 31250 12 13
28.625 2 SVINFO 13 22 16 1 0 -91 0
28.815 2 WP_MOVED 0 348907. 5945757. 660. 12
28.873 2 GPS 0 1130805120 0 0 -17000 0 0 0 31500 12 14
28.874 2 SVINFO 14 23 16 1 0 -91 0
28.903 2 DOWNLINK_STATUS 0 29 13360 650 1 454. 22. 78.71
28.912 2 ESTIMATOR 0. 0.
29.020 2 NAVIGATION 0 1 10959186. -5945715. 0. 1.55455284314e+14 0 0
29.023 2 ATTITUDE 0.173835 -1.027696 0.049307
29.122 2 GPS 0 1130805120 0 0 -17000 0 0 0 31750 12 15
29.125 2 SVINFO 15 24 16 1 0 -91 0
29.221 2 DESIRED 0. 0.03 0. 0. 0. 655. 0. 15.
29.314 2 WP_MOVED 1 348865. 5945715. 660. 12
29.372 2 GPS 0 1130805120 0 0 -17000 0 0 0 32000 12 16
29.375 2 SVINFO 0 8 16 1 0 -91 0
29.395 2 FBW_STATUS 2 0 1 163 0
29.417 2 IMU_GYRO 0.092529 0.025391 -0.047852
29.419 2 ESTIMATOR 0. 0.
29.519 2 BAT 0 163 0 0 0 32 0 0
29.522 2 ATTITUDE 0.335919 -1.025486 0.023959
29.621 2 CALIBRATION 0. 0
29.627 2 GPS 0 1130805120 0 0 -17000 0 0 0 32250 12 1
29.629 2 SVINFO 1 9 16 1 0 -91 0
29.815 2 WP_MOVED 2 348895. 5945815. 660. 12
29.873 2 GPS 0 1130805120 0 0 -17000 0 0 0 32500 12 2
29.875 2 SVINFO 2 10 16 2 20 -91 0
29.903 2 DOWNLINK_STATUS 0 30 13781 670 1 421. 20. 78.71
29.914 2 DL_VALUE 21 0.1
29.917 2 ESTIMATOR 0. 0.
30.021 2 NAVIGATION 0 1 10959186. -5945715. 0. 1.55455284314e+14 0 0
30.024 2 ATTITUDE 0.361281 -1.024226 0.023107
30.123 2 GPS 0 1130805120 0 0 -17000 0 0 0 32750 12 3
30.125 2 SVINFO 3 11 16 1 0 -91 0
30.272 2 DESIRED 0. 0.03 0. 0. 0. 655. 0. 15.
30.317 2 GPS_SOL 649544000 100000 9999 0
30.321 2 WP_MOVED 3 348965.09375 5945786. 660. 12
30.372 2 GPS 0 1130805120 0 0 -17000 0 0 0 33000 12 4
30.374 2 SVINFO 4 12 16 1 0 -91 0
30.417 2 ENERGY 16.299999 0. 0 0.
30.420 2 ESTIMATOR 0. 0.
30.449 2 PONG 
30.517 2 IMU_GYRO -0.697021 -0.120117 -0.029785
30.520 2 ATTITUDE 0.190161 -1.020593 0.000308
30.625 2 BAT 0 163 0 0 0 33 0 0
30.630 2 GPS 0 1130805120 0 0 -17000 0 0 0 33250 12 5
30.633 2 SVINFO 5 13 16 1 0 -91 0
30.814 2 WP_MOVED 4 348764.6875 5945795. 660. 12
30.872 2 GPS 0 1130805120 0 0 -17000 0 0 0 33500 12 6
30.875 2 SVINFO 6 15 16 1 0 -91 0
30.903 2 DOWNLINK_STATUS 0 31 14230 692 1 449. 22. 51.68
30.912 2 ESTIMATOR 0. 0.
31.021 2 NAVIGATION 0 1 10959186. -5945715. 0. 1.55455284314e+14 0 0
31.024 2 ATTITUDE -0.094175 -1.023109 -0.018362
31.123 2 GPS 0 1130805120 0 0 -17000 0 0 0 33750 12 7
31.125 2 SVINFO 7 16 0 1 0 -91 0
31.326 2 DESIRED 0. 0.02 0. 0. 0. 655. 0. 15.
31.328 2 WP_MOVED 5 348740. 5945760. 660. 12
31.373 2 GPS 0 1130805120 0 0 -17000 0 0 0 34000 12 8
31.374 2 SVINFO 8 17 16 1 0 -91 0
31.395 2 FBW_STATUS 2 0 1 163 0
31.413 2 DL_VALUE 22 0.
31.416 2 ESTIMATOR 0. 0.
31.513 2 ATTITUDE -0.187057 -1.015527 -0.039894
31.623 2 IMU_GYRO -0.101074 0. -0.044678
31.629 2 GPS 0 1130805120 0 0 -17000 0 0 0 34250 12 9
31.631 2 SVINFO 9 18 16 1 0 -91 0
31.715 2 CALIBRATION 0. 0
31.719 2 BAT 0 163 0 0 0 34 0 0
31.814 2 WP_MOVED 6 348665. 5945815. 660. 12
31.872 2 GPS 0 1130805120 0 0 -17000 0 0 0 34500 12 10
31.874 2 SVINFO 10 19 16 1 0 -91 0
31.904 2 DOWNLINK_STATUS 0 32 14662 713 1 432. 21. 51.68
31.912 2 ESTIMATOR 0. 0.
32.020 2 NAVIGATION 0 1 10959186. -5945715. 0. 1.55455284314e+14 0 0
32.023 2 ATTITUDE -0.194284 -1.015808 -0.046763
32.123 2 GPS 0 1130805120 0 0 -17000 0 0 0 34750 12 11
32.125 2 SVINFO 11 20 16 1 0 -91 0
32.197 2 ACTUATORS |1000,1500,1465,1423,1423,1500|
32.297 2 COMMANDS |0,1559,559,0,0,0|
32.317 2 GPS_SOL 649547136 100000 9999 0
32.321 2 WP_MOVED 7 349065. 5946015. 660. 12
32.381 2 DESIRED 0. 0.02 0. 0. 0. 655. 0. 15.
32.387 2 GPS 0 1130805120 0 0 -17000 0 0 0 35000 12 12
32.390 2 SVINFO 12 21 16 1 0 -91 0
32.412 2 ESTIMATOR 0. 0.
32.514 2 STATE_FILTER_STATUS 3 0
32.517 2 ATTITUDE -0.203326 -1.026951 -0.02017
32.624 2 GPS 0 1130805120 0 0 -17000 0 0 0 35250 12 13
32.624 2 SVINFO 13 22 16 1 0 -91 0
32.715 2 PPRZ_MODE 2 0 0 0 0 6
32.718 2 IMU_GYRO 0.166992 -0.029785 -0.052002
32.825 2 ALIVE |230,211,7,119,139,132,131,197,163,190,112,212,39,64,86,148|
32.827 2 BAT 0 163 0 0 0 35 0 0
32.832 2 WP_MOVED 0 348907. 5945757. 660. 12
32.872 2 GPS 0 1130805120 0 0 -17000 0 0 0 35500 12 14
32.874 2 SVINFO 14 24 16 1 0 -91 0
32.904 2 DOWNLINK_STATUS 0 33 15156 737 1 494. 24. 51.68
32.919 2 ENERGY 16.299999 0. 0 0.
32.921 2 DL_VALUE 23 0.05
32.923 2 ESTIMATOR 0. 0.
33.020 2 DOWNLINK 0 450 785
33.024 2 NAVIGATION 0 1 10959186. -5945715. 0. 1.55455284314e+14 0 0
33.027 2 ATTITUDE -0.118533 -1.009555 -0.065263
33.125 2 GPS 0 1130805120 0 0 -17000 0 0 0 35750 12 15
33.125 2 SVINFO 15 25 16 1 0 -91 0
33.214 2 NAVIGATION_REF 348865 5945715 12 605.
33.314 2 WP_MOVED 1 348865. 5945715. 660. 12
33.353 2 WIND_INFO 2 42 0. 0. 0.
33.372 2 GPS 0 1130805120 0 0 -17000 0 0 0 36000 12 16
33.375 2 SVINFO 0 9 16 1 0 -91 0
33.402 2 FBW_STATUS 2 0 1 163 0
33.424 2 DESIRED 0. 0. 0. 0. 0. 655. 0. 15.
33.427 2 ESTIMATOR 0. 0.
33.513 2 ATTITUDE 0.027924 -0.988744 -0.342576
33.625 2 GPS 0 1130805120 0 0 -17000 0 0 0 36250 12 1
33.625 2 SVINFO 1 10 16 1 0 -91 0
33.819 2 CALIBRATION 0. 0
33.822 2 IMU_GYRO -0.040283 -0.191406 -0.00415
33.826 2 WP_MOVED 2 348895. 5945815. 660. 12
33.872 2 GPS 0 1130805120 0 0 -17000 0 0 0 36500 12 2
33.875 2 SVINFO 2 11 16 1 0 -91 0
33.904 2 DOWNLINK_STATUS 0 34 15617 760 1 461. 23. 51.68
33.918 2 BAT 0 163 0 0 0 36 0 0
33.920 2 ESTIMATOR 0. 0.
34.020 2 NAVIGATION 0 1 10959186. -5945715. 0. 1.55455284314e+14 0 0
34.023 2 ATTITUDE 0.058889 -0.972031 -0.488086
34.124 2 GPS 0 1130805120 0 0 -17000 0 0 0 36750 12 3
34.124 2 SVINFO 3 12 16 1 0 -91 0
34.317 2 GPS_SOL 649550464 100000 9999 0
34.320 2 WP_MOVED 3 348965.09375 5945786. 660. 12
34.372 2 GPS 0 1130805120 0 0 -17000 0 0 0 37000 12 4
34.374 2 SVINFO 4 13 16 1 0 -91 0
34.413 2 DL_VALUE 24 0.
34.416 2 ESTIMATOR 0. 0.
34.471 2 DESIRED 0. 0.01 0. 0. 0. 655. 0. 15.
34.513 2 ATTITUDE 0.048613 -0.996581 -0.337006
34.625 2 GPS 0 1130805120 0 0 -17000 0 0 0 37250 12 5
34.625 2 SVINFO 5 15 16 1 0 -91 0
34.814 2 WP_MOVED 4 348764.6875 5945795. 660. 12
34.872 2 GPS 0 1130805120 0 0 -17000 0 0 0 37500 12 6
34.875 2 SVINFO 6 17 16 1 0 -91 0
34.904 2 DOWNLINK_STATUS 0 35 16022 779 1 405. 19. 51.68
34.916 2 IMU_GYRO -0.17334 0.82666 -0.161621
34.919 2 ESTIMATOR 0. 0.
35.024 2 BAT 0 163 0 0 0 37 0 0
35.028 2 NAVIGATION 0 1 10959186. -5945715. 0. 1.55455284314e+14 0 0
35.032 2 ATTITUDE -0.017667 -1.054695 0.091466
35.125 2 GPS 0 1130805120 0 0 -17000 0 0 0 37750 12 7
35.125 2 SVINFO 7 18 16 1 0 -91 0
35.314 2 WP_MOVED 5 348740. 5945760. 660. 12
35.372 2 GPS 0 1130805120 0 0 -17000 0 0 0 38000 12 8
35.374 2 SVINFO 8 19 16 1 0 -91 0
35.396 2 FBW_STATUS 2 0 1 163 0
35.418 2 ENERGY 16.299999 0. 0 0.
35.419 2 ESTIMATOR 0. 0.
35.449 2 PONG 
35.525 2 DESIRED 0. 0. 0. 0. 0. 655. 0. 15.
35.527 2 ATTITUDE -0.039408 -1.077821 0.289157
35.626 2 GPS 0 1130805120 0 0 -17000 0 0 0 38250 12 9
35.626 2 SVINFO 9 20 16 1 0 -91 0
35.814 2 WP_MOVED 6 348665. 5945815. 660. 12
35.872 2 GPS 0 1130805120 0 0 -17000 0 0 0 38500 12 10
35.874 2 SVINFO 10 21 16 1 0 -91 0
35.904 2 DOWNLINK_STATUS 0 36 16458 800 1 436. 21. 51.67
35.916 2 CALIBRATION 0. 0
35.918 2 DL_VALUE 25 1.000074
35.920 2 ESTIMATOR 0. 0.
36.022 2 IMU_GYRO 0.015869 -0.164795 -0.012695
36.027 2 NAVIGATION 0 1 10959186. -5945715. 0. 1.55455284314e+14 0 0
36.030 2 ATTITUDE -0.022313 -1.067807 0.30223
36.127 2 BAT 0 163 0 0 0 38 0 0
36.130 2 GPS 0 1130805120 0 0 -17000 0 0 0 38750 12 11
36.137 2 SVINFO 11 22 16 1 0 -91 0
36.317 2 GPS_SOL 649553920 100000 9999 0
36.321 2 WP_MOVED 7 349065. 5946015. 660. 12
36.372 2 GPS 0 1130805120 0 0 -17000 0 0 0 39000 12 12
36.375 2 SVINFO 12 23 16 1 0 -91 0
36.412 2 ESTIMATOR 0. 0.
36.514 2 ATTITUDE 0.024351 -1.040537 0.1334
36.571 2 DESIRED 0. 0. 0. 0. 0. 655. 0. 15.
36.622 2 GPS 0 1130805120 0 0 -17000 0 0 0 39250 12 13
36.627 2 SVINFO 13 24 16 1 0 -91 0
36.814 2 WP_MOVED 0 348907. 5945757. 660. 12
36.872 2 GPS 0 1130805120 0 0 -17000 0 0 0 39500 12 14
36.874 2 SVINFO 14 25 16 1 0 -91 0
36.905 2 DOWNLINK_STATUS 0 37 16892 821 1 434. 21. 51.67
36.911 2 ESTIMATOR 0. 0.
37.020 2 NAVIGATION 0 1 10959186. -5945715. 0. 1.55455284314e+14 0 0
37.023 2 ATTITUDE -0.011532 -1.040489 0.060161
37.127 2 IMU_GYRO -0.110596 -0.130859 -0.049805
37.129 2 GPS 0 1130805120 0 0 -17000 0 0 0 39750 12 15
37.131 2 SVINFO 15 26 16 1 0 -91 0
37.197 2 ACTUATORS |1000,1500,1520,1481,1481,1500|
37.214 2 BAT 0 163 0 0 0 40 0 0
37.297 2 COMMANDS |0,617,-240,0,0,0|
37.314 2 WP_MOVED 1 348865. 5945715. 660. 12
37.372 2 GPS 0 1130805120 0 0 -17000 0 0 0 40000 12 16
37.374 2 SVINFO 0 11 16 1 0 -91 0
37.395 2 FBW_STATUS 2 0 1 163 0
37.414 2 DL_VALUE 26 0.298451
37.416 2 ESTIMATOR 0. 0.
37.514 2 STATE_FILTER_STATUS 3 0
37.517 2 ATTITUDE -0.093197 -1.033006 0.008446
37.631 2 DESIRED 0. 0.01 0. 0. 0. 655. 0. 15.
37.637 2 GPS 0 1130805120 0 0 -17000 0 0 0 40250 12 1
37.639 2 SVINFO 1 12 16 3 27 -91 0
37.711 2 PPRZ_MODE 2 0 0 0 0 6
37.820 2 ALIVE |230,211,7,119,139,132,131,197,163,190,112,212,39,64,86,148|
37.823 2 WP_MOVED 2 348895. 5945815. 660. 12
37.872 2 GPS 0 1130805120 0 0 -17000 0 0 0 40500 12 2
37.874 2 SVINFO 2 13 16 1 0 -91 0
37.905 2 DOWNLINK_STATUS 0 38 17395 846 1 503. 25. 51.67
37.916 2 ENERGY 16.299999 0. 0 0.
37.919 2 ESTIMATOR 0. 0.
38.019 2 CALIBRATION 0. 0
38.024 2 NAVIGATION 0 1 10959186. -5945715. 0. 1.55455284314e+14 0 0
38.027 2 ATTITUDE -0.169923 -1.026217 -0.01666
38.120 2 DOWNLINK 0 447 896
38.128 2 GPS 0 1130805120 0 0 -17000 0 0 0 40750 12 3
38.129 2 SVINFO 3 15 16 1 0 -91 0
38.213 2 IMU_GYRO -0.102051 0.011475 -0.051025
38.321 2 GPS_SOL 649557632 100000 9999 0
38.325 2 BAT 0 163 0 0 0 41 0 0
38.328 2 WP_MOVED 3 348965.09375 5945786. 660. 12
38.372 2 GPS 0 1130805120 0 0 -17000 0 0 0 41000 12 4
38.374 2 SVINFO 4 16 0 1 0 -91 0
38.411 2 ESTIMATOR 0. 0.
38.513 2 ATTITUDE -0.201573 -1.024767 -0.021214
38.622 2 GPS 0 1130805120 0 0 -17000 0 0 0 41250 12 5
38.628 2 SVINFO 5 17 16 1 0 -91 0
38.671 2 DESIRED 0. 0.02 0. 0. 0. 655. 0. 15.
38.814 2 WP_MOVED 4 348764.6875 5945795. 660. 12
38.872 2 GPS 0 1130805120 0 0 -17000 0 0 0 41500 12 6
38.874 2 SVINFO 6 18 16 1 0 -91 0
38.905 2 DOWNLINK_STATUS 0 39 17849 868 1 454. 22. 51.67
38.914 2 DL_VALUE 27 1.
38.916 2 ESTIMATOR 0. 0.
39.020 2 NAVIGATION 0 1 10959186. -5945715. 0. 1.55455284314e+14 0 0
39.023 2 ATTITUDE 0.030908 -1.005026 0.030708
39.122 2 GPS 0 1130805120 0 0 -17000 0 0 0 41750 12 7
39.129 2 SVINFO 7 19 16 1 0 -91 0
39.317 2 IMU_GYRO 0.150879 -0.273438 0.095703
39.320 2 WP_MOVED 5 348740. 5945760. 660. 12
39.371 2 GPS 0 1130805120 0 0 -17000 0 0 0 42000 12 8
39.374 2 SVINFO 8 20 16 1 0 -91 0
39.395 2 FBW_STATUS 2 0 1 163 0
39.417 2 BAT 0 163 0 0 0 42 0 0
39.419 2 ESTIMATOR 0. 0.
39.513 2 ATTITUDE 0.175077 -0.944305 -0.137298
39.622 2 GPS 0 1130805120 0 0 -17000 0 0 0 42250 12 9
39.624 2 SVINFO 9 21 16 1 0 -91 0
39.721 2 DESIRED 0. 0.03 0. 0. 0. 655. 0. 15.
39.814 2 WP_MOVED 6 348665. 5945815. 660. 12
39.872 2 GPS 0 1130805120 0 0 -17000 0 0 0 42500 12 10
39.874 2 SVINFO 10 24 16 1 0 -91 0
39.905 2 DOWNLINK_STATUS 0 40 18270 888 1 421. 20. 51.67
39.911 2 ESTIMATOR 0. 0.
40.020 2 NAVIGATION 0 1 10959186. -5945715. 0. 1.55455284314e+14 0 0
40.023 2 ATTITUDE 0.36757 -0.760248 -0.668608
40.120 2 CALIBRATION 0. 0
40.130 2 GPS 0 1130805120 0 0 -17000 0 0 0 42750 12 11
40.131 2 SVINFO 11 26 16 1 0 -91 0
40.317 2 GPS_SOL 649561472 100000 9999 0
40.321 2 WP_MOVED 7 349065. 5946015. 660. 12
40.372 2 GPS 0 1130805120 0 0 -17000 0 0 0 43000 12 12
40.375 2 SVINFO 12 27 16 1 0 -91 0
40.465 2 ENERGY 16.299999 0. 0 0.
40.465 2 DL_VALUE 28 0.
40.470 2 IMU_GYRO 0.274414 -0.355225 0.437256
40.471 2 ESTIMATOR 0. 0.
40.496 2 PONG 
40.517 2 BAT 0 163 0 0 0 43 0 0
40.521 2 ATTITUDE 0.530921 -0.660771 -1.101259
40.621 2 GPS 0 1130805120 0 0 -17000 0 0 0 43250 12 13
40.624 2 SVINFO 13 29 16 1 0 -91 0
40.771 2 DESIRED 0. 0.06 0. 0. 0. 655. 0. 15.
40.814 2 WP_MOVED 0 348907. 5945757. 660. 12
40.872 2 GPS 0 1130805120 0 0 -17000 0 0 0 43500 12 14
40.874 2 SVINFO 14 30 16 1 0 -91 0
40.906 2 DOWNLINK_STATUS 0 41 18730 911 1 460. 23. 97.66
40.911 2 ESTIMATOR 0. 0.
41.020 2 NAVIGATION 0 1 10959186. -5945715. 0. 1.55455284314e+14 0 0
41.023 2 ATTITUDE 0.908614 -0.802128 -1.223588
41.122 2 GPS 0 1130805120 0 0 -17000 0 0 0 43750 12 15
41.124 2 SVINFO 15 31 16 1 0 -91 0
41.314 2 WP_MOVED 1 348865. 5945715. 660. 12
41.372 2 GPS 0 1130805120 0 0 -17000 0 0 0 44000 12 16
41.374 2 SVINFO 0 12 16 3 22 -91 0
41.395 2 FBW_STATUS 2 0 1 163 0
41.412 2 ESTIMATOR 0. 0.
41.517 2 IMU_GYRO -0.099854 -0.048828 0.099854
41.520 2 ATTITUDE 1.348289 -1.14115 -1.251406
41.625 2 BAT 0 163 0 0 0 44 0 0
41.632 2 GPS 0 1130805120 0 0 -17000 0 0 0 44250 12 1
41.633 2 SVINFO 1 13 16 1 0 -91 0
41.826 2 DESIRED 0. 0.14 0. 0. 0. 655. 0. 15.
41.828 2 WP_MOVED 2 348895. 5945815. 660. 12
41.871 2 GPS 0 1130805120 0 0 -17000 0 0 0 44500 12 2
41.874 2 SVINFO 2 14 16 2 28 -91 0
41.907 2 DOWNLINK_STATUS 0 42 19140 930 1 410. 19. 97.66
41.913 2 DL_VALUE 29 100.
41.915 2 ESTIMATOR 0. 0.
42.020 2 NAVIGATION 0 1 10959186. -5945715. 0. 1.55455284314e+14 0 0
42.023 2 ATTITUDE 1.612667 -1.468862 -1.386284
42.122 2 GPS 0 1130805120 0 0 -17000 0 0 0 44750 12 3
42.124 2 SVINFO 3 15 16 1 0 -91 0
42.196 2 ACTUATORS |1000,1500,1000,2000,2000,1500|
42.216 2 NAVIGATION_REF 348865 5945715 12 605.
42.217 2 CALIBRATION 0. 0
42.297 2 COMMANDS |0,-9600,9600,0,0,0|
42.317 2 GPS_SOL 649565568 100000 9999 0
42.320 2 WP_MOVED 3 348965.09375 5945786. 660. 12
42.372 2 GPS 0 1130805120 0 0 -17000 0 0 0 45000 12 4
42.374 2 SVINFO 4 17 16 1 0 -91 0
42.411 2 ESTIMATOR 0. 0.
42.513 2 STATE_FILTER_STATUS 3 0
42.516 2 ATTITUDE 1.743086 -1.585278 -1.404583
42.623 2 IMU_GYRO -0.031738 0.027588 -0.013672
42.636 2 GPS 0 1130805120 0 0 -17000 0 0 0 45250 12 5
42.636 2 SVINFO 5 20 16 1 0 -91 0
42.715 2 PPRZ_MODE 2 0 0 0 0 6
42.719 2 BAT 0 163 0 0 0 45 0 0
42.819 2 ALIVE |230,211,7,119,139,132,131,197,163,190,112,212,39,64,86,148|
42.823 2 WP_MOVED 4 348764.6875 5945795. 660. 12
42.881 2 DESIRED 0. 0.18 0. 0. 0. 655. 0. 15.
42.887 2 GPS 0 1130805120 0 0 -17000 0 0 0 45500 12 6
42.888 2 SVINFO 6 21 16 1 0 -91 0
42.907 2 DOWNLINK_STATUS 0 43 19675 957 1 535. 27. 97.66
42.916 2 ENERGY 16.299999 0. 0 0.
42.919 2 ESTIMATOR 0. 0.
43.021 2 NAVIGATION 0 1 10959186. -5945715. 0. 1.55455284314e+14 0 0
43.023 2 ATTITUDE 1.739699 -1.581825 -1.422483
43.121 2 GPS 0 1130805120 0 0 -17000 0 0 0 45750 12 7
43.124 2 SVINFO 7 22 16 1 0 -91 0
43.210 2 DOWNLINK 0 454 1008
43.313 2 WP_MOVED 5 348740. 5945760. 660. 12
43.353 2 WIND_INFO 2 42 0. 0. 0.
43.371 2 GPS 0 1130805120 0 0 -17000 0 0 0 46000 12 8
43.374 2 SVINFO 8 23 16 1 0 -91 0
43.401 2 FBW_STATUS 2 0 1 163 0
43.417 2 DL_VALUE 30 0.
43.420 2 ESTIMATOR 0. 0.
43.513 2 ATTITUDE 1.576771 -1.417517 -1.422946
43.622 2 GPS 0 1130805120 0 0 -17000 0 0 0 46250 12 9
43.624 2 SVINFO 9 24 16 1 0 -91 0
43.713 2 IMU_GYRO -0.009521 0.039307 -0.056396
43.818 2 BAT 0 163 0 0 0 46 0 0
43.822 2 WP_MOVED 6 348665. 5945815. 660. 12
43.872 2 GPS 0 1130805120 0 0 -17000 0 0 0 46500 12 10
43.874 2 SVINFO 10 25 16 1 0 -91 0
43.907 2 DOWNLINK_STATUS 0 44 20089 978 1 414. 21. 97.66
43.924 2 DESIRED 0. 0.17 0. 0. 0. 655. 0. 15.
43.926 2 ESTIMATOR 0. 0.
44.020 2 NAVIGATION 0 1 10959186. -5945715. 0. 1.55455284314e+14 0 0
44.023 2 ATTITUDE 1.596382 -1.438113 -1.420456
44.122 2 GPS 0 1130805120 0 0 -17000 0 0 0 46750 12 11
44.124 2 SVINFO 11 27 16 1 0 -91 0
44.318 2 CALIBRATION 0. 0
44.320 2 GPS_SOL 649569792 100000 9999 0
44.324 2 WP_MOVED 7 349065. 5946015. 660. 12
44.371 2 GPS 0 1130805120 0 0 -17000 0 0 0 47000 12 12
44.374 2 SVINFO 12 29 16 1 0 -91 0
44.411 2 ESTIMATOR 0. 0.
44.512 2 ATTITUDE 1.592651 -1.433851 -1.426457
44.621 2 GPS 0 1130805120 0 0 -17000 0 0 0 47250 12 13
44.624 2 SVINFO 13 30 16 1 0 -91 0
44.817 2 IMU_GYRO -0.030762 0.022217 -0.048828
44.820 2 WP_MOVED 0 348907. 5945757. 660. 12
44.871 2 GPS 0 1130805120 0 0 -17000 0 0 0 47500 12 14
44.874 2 SVINFO 14 31 16 1 0 -91 0
44.907 2 DOWNLINK_STATUS 0 45 20491 997 1 402. 19. 97.66
44.917 2 DL_VALUE 31 2.
44.921 2 BAT 0 163 0 0 0 47 0 0
44.924 2 ESTIMATOR 0. 0.
44.970 2 DESIRED 0. 0.16 0. 0. 0. 655. 0. 15.
45.020 2 NAVIGATION 0 1 10959186. -5945715. 0. 1.55455284314e+14 0 0
45.023 2 ATTITUDE 1.580726 -1.421452 -1.426945
45.122 2 GPS 0 1130805120 0 0 -17000 0 0 0 47750 12 15
45.124 2 SVINFO 15 32 16 1 0 -91 0
45.313 2 WP_MOVED 1 348865. 5945715. 660. 12
45.378 2 GPS 0 1130805120 0 0 -17000 0 0 0 48000 12 16
45.378 2 SVINFO 0 13 16 1 0 -91 0
45.395 2 FBW_STATUS 2 0 1 163 0
45.417 2 ENERGY 16.299999 0. 0 0.
45.419 2 ESTIMATOR 0. 0.
45.449 2 PONG 
45.513 2 ATTITUDE 1.567137 -1.407343 -1.427074
45.622 2 GPS 0 1130805120 0 0 -17000 0 0 0 48250 12 1
45.623 2 SVINFO 1 13 16 1 0 -91 0
45.813 2 WP_MOVED 2 348895. 5945815. 660. 12
45.871 2 GPS 0 1130805120 0 0 -17000 0 0 0 48500 12 2
45.874 2 SVINFO 2 15 16 1 0 -91 0
45.908 2 DOWNLINK_STATUS 0 46 20920 1018 1 429. 21. 49.72
45.915 2 IMU_GYRO -0.027588 0.024414 -0.049805
45.918 2 ESTIMATOR 0. 0.
46.031 2 BAT 0 163 0 0 0 48 0 0
46.038 2 DESIRED 0. 0.16 0. 0. 0. 655. 0. 15.
46.042 2 NAVIGATION 0 1 10959186. -5945715. 0. 1.55455284314e+14 0 0
46.045 2 ATTITUDE 1.556392 -1.396122 -1.427506
46.121 2 GPS 0 1130805120 0 0 -17000 0 0 0 48750 12 3
46.124 2 SVINFO 3 17 16 1 0 -91 0
46.316 2 GPS_SOL 649574208 100000 9999 0
46.320 2 WP_MOVED 3 348965.09375 5945786. 660. 12
46.371 2 GPS 0 1130805120 0 0 -17000 0 0 0 49000 12 4
46.374 2 SVINFO 4 20 16 1 0 -91 0
46.415 2 CALIBRATION 0. 0
46.417 2 DL_VALUE 32 0.
46.420 2 ESTIMATOR 0. 0.
46.513 2 ATTITUDE 1.545003 -1.384213 -1.427973
46.622 2 GPS 0 1130805120 0 0 -17000 0 0 0 49250 12 5
46.624 2 SVINFO 5 21 16 1 0 -91 0
46.814 2 WP_MOVED 4 348764.6875 5945795. 660. 12
46.872 2 GPS 0 1130805120 0 0 -17000 0 0 0 49500 12 6
46.874 2 SVINFO 6 22 16 1 0 -91 0
46.908 2 DOWNLINK_STATUS 0 47 21354 1039 1 434. 21. 49.72
46.911 2 ESTIMATOR 0. 0.
47.022 2 IMU_GYRO -0.028564 0.022217 -0.051025
47.027 2 NAVIGATION 0 1 10959186. -5945715. 0. 1.55455284314e+14 0 0
47.029 2 ATTITUDE 1.535367 -1.374102 -1.428101
47.071 2 DESIRED 0. 0.16 0. 0. 0. 655. 0. 15.
47.123 2 BAT 0 163 0 0 0 49 0 0
47.129 2 GPS 0 1130805120 0 0 -17000 0 0 0 49750 12 7
47.131 2 SVINFO 7 23 16 1 0 -91 0
47.196 2 ACTUATORS |1000,1500,1000,2000,2000,1500|
47.296 2 COMMANDS |0,-9600,9600,0,0,0|
47.313 2 WP_MOVED 5 348740. 5945760. 660. 12
47.371 2 GPS 0 1130805120 0 0 -17000 0 0 0 50000 12 8
47.374 2 SVINFO 8 24 16 1 0 -91 0
47.394 2 FBW_STATUS 2 0 1 163 0
47.411 2 ESTIMATOR 0. 0.
47.513 2 STATE_FILTER_STATUS 3 0
47.516 2 ATTITUDE 1.525128 -1.363473 -1.428425
47.621 2 GPS 0 1130805120 0 0 -17000 0 0 0 50250 12 9
47.624 2 SVINFO 9 25 16 1 0 -91 0
47.710 2 PPRZ_MODE 2 0 0 0 0 6
47.819 2 ALIVE |230,211,7,119,139,132,131,197,163,190,112,212,39,64,86,148|
47.822 2 WP_MOVED 6 348665. 5945815. 660. 12
47.871 2 GPS 0 1130805120 0 0 -17000 0 0 0 50500 12 10
47.874 2 SVINFO 10 26 16 1 0 -91 0
47.908 2 DOWNLINK_STATUS 0 48 21846 1063 1 492. 24. 49.72
47.919 2 ENERGY 16.299999 0. 0 0.
47.921 2 DL_VALUE 33 0.
47.923 2 ESTIMATOR 0. 0.
48.020 2 NAVIGATION 0 1 10959186. -5945715. 0. 1.55455284314e+14 0 0
48.023 2 ATTITUDE 1.514975 -1.352888 -1.428446
48.131 2 IMU_GYRO -0.029785 0.02002 -0.051025
48.141 2 DESIRED 0. 0.16 0. 0. 0. 655. 0. 15.
48.142 2 GPS 0 1130805120 0 0 -17000 0 0 0 50750 12 11
48.146 2 SVINFO 11 27 16 1 0 -91 0
48.214 2 BAT 0 163 0 0 0 51 0 0
48.317 2 DOWNLINK 0 442 1118
48.320 2 GPS_SOL 649578880 100000 9999 0
48.324 2 WP_MOVED 7 349065. 5946015. 660. 12
48.371 2 GPS 0 1130805120 0 0 -17000 0 0 0 51000 12 12
48.373 2 SVINFO 12 29 16 1 0 -91 0
48.410 2 ESTIMATOR 0. 0.
48.513 2 CALIBRATION 0. 0
48.516 2 ATTITUDE 1.505383 -1.342822 -1.428512
48.621 2 GPS 0 1130805120 0 0 -17000 0 0 0 51250 12 13
48.624 2 SVINFO 13 30 16 1 0 -91 0
48.813 2 WP_MOVED 0 348907. 5945757. 660. 12
48.871 2 GPS 0 1130805120 0 0 -17000 0 0 0 51500 12 14
48.874 2 SVINFO 14 31 16 1 0 -91 0
48.908 2 DOWNLINK_STATUS 0 49 22311 1086 1 465. 23. 49.72
48.911 2 ESTIMATOR 0. 0.
49.019 2 NAVIGATION 0 1 10959186. -5945715. 0. 1.55455284314e+14 0 0
49.022 2 ATTITUDE 1.496352 -1.333264 -1.429225
49.121 2 GPS 0 1130805120 0 0 -17000 0 0 0 51750 12 15
49.124 2 SVINFO 15 32 16 1 0 -91 0
49.170 2 DESIRED 0. 0.16 0. 0. 0. 655. 0. 15.
49.213 2 IMU_GYRO -0.031738 0.02124 -0.051025
49.318 2 BAT 0 163 0 0 0 52 0 0
49.321 2 WP_MOVED 1 348865. 5945715. 660. 12
49.371 2 GPS 0 1130805120 0 0 -17000 0 0 0 52000 12 16
49.374 2 SVINFO 0 2 16 1 0 -91 0
49.395 2 FBW_STATUS 2 0 1 163 0
49.413 2 DL_VALUE 34 0.
49.415 2 ESTIMATOR 0. 0.
49.513 2 ATTITUDE 1.48698 -1.323375 -1.42894
49.621 2 GPS 0 1130805120 0 0 -17000 0 0 0 52250 12 1
49.623 2 SVINFO 1 13 16 1 0 -91 0
49.813 2 WP_MOVED 2 348895. 5945815. 660. 12
49.871 2 GPS 0 1130805120 0 0 -17000 0 0 0 52500 12 2
49.873 2 SVINFO 2 15 16 1 0 -91 0
49.908 2 DOWNLINK_STATUS 0 50 22732 1106 1 421. 20. 49.72
49.911 2 ESTIMATOR 0. 0.
50.019 2 NAVIGATION 0 1 10959186. -5945715. 0. 1.55455284314e+14 0 0
50.022 2 ATTITUDE 1.477992 -1.314 -1.428904
50.121 2 GPS 0 1130805120 0 0 -17000 0 0 0 52750 12 3
50.124 2 SVINFO 3 16 0 1 0 -91 0
50.220 2 DESIRED 0. 0.15 0. 0. 0. 655. 0. 15.
50.320 2 GPS_SOL 649583616 100000 9999 0
50.323 2 IMU_GYRO -0.029785 0.022217 -0.051025
50.327 2 WP_MOVED 3 348965.09375 5945786. 660. 12
50.371 2 GPS 0 1130805120 0 0 -17000 0 0 0 53000 12 4
50.374 2 SVINFO 4 17 16 2 26 -91 0
50.421 2 ENERGY 16.299999 0. 0 0.
50.425 2 BAT 0 163 0 0 0 53 0 0
50.427 2 ESTIMATOR 0. 0.
50.476 2 PONG 
50.512 2 ATTITUDE 1.470282 -1.305808 -1.429228
50.620 2 CALIBRATION 0. 0
50.626 2 GPS 0 1130805120 0 0 -17000 0 0 0 53250 12 5
50.628 2 SVINFO 5 20 16 1 0 -91 0
50.813 2 WP_MOVED 4 348764.6875 5945795. 660. 12
50.872 2 GPS 0 1130805120 0 0 -17000 0 0 0 53500 12 6
50.873 2 SVINFO 6 21 16 1 0 -91 0
50.909 2 DOWNLINK_STATUS 0 51 23181 1128 1 449. 22. 76.77
50.912 2 DL_VALUE 35 0.
50.916 2 ESTIMATOR 0. 0.
51.020 2 NAVIGATION 0 1 10959186. -5945715. 0. 1.55455284314e+14 0 0
51.022 2 ATTITUDE 1.462216 -1.297183 -1.428948
51.121 2 GPS 0 1130805120 0 0 -17000 0 0 0 53750 12 7
51.123 2 SVINFO 7 22 16 1 0 -91 0
51.212 2 NAVIGATION_REF 348865 5945715 12 605.
51.270 2 DESIRED 0. 0.15 0. 0. 0. 655. 0. 15.
51.313 2 WP_MOVED 5 348740. 5945760. 660. 12
51.371 2 GPS 0 1130805120 0 0 -17000 0 0 0 54000 12 8
51.373 2 SVINFO 8 24 16 1 0 -91 0
51.394 2 FBW_STATUS 2 0 1 163 0
51.415 2 IMU_GYRO -0.031738 0.022217 -0.051025
51.418 2 ESTIMATOR 0. 0.
51.517 2 BAT 0 163 0 0 0 54 0 0
51.520 2 ATTITUDE 1.456396 -1.290838 -1.429294
51.621 2 GPS 0 1130805120 0 0 -17000 0 0 0 54250 12 9
51.624 2 SVINFO 9 25 16 1 0 -91 0
51.813 2 WP_MOVED 6 348665. 5945815. 660. 12
51.871 2 GPS 0 1130805120 0 0 -17000 0 0 0 54500 12 10
51.874 2 SVINFO 10 26 16 1 0 -91 0
51.910 2 DOWNLINK_STATUS 0 52 23621 1149 1 440. 21. 76.77
51.911 2 ESTIMATOR 0. 0.
52.019 2 NAVIGATION 0 1 10959186. -5945715. 0. 1.55455284314e+14 0 0
52.023 2 ATTITUDE 1.449266 -1.283225 -1.429617
52.121 2 GPS 0 1130805120 0 0 -17000 0 0 0 54750 12 11
52.124 2 SVINFO 11 27 16 1 0 -91 0
52.196 2 ACTUATORS |1000,1500,1000,2000,2000,1500|
52.295 2 COMMANDS |0,-9600,9600,0,0,0|
52.324 2 GPS_SOL 649588608 100000 9999 0
52.331 2 DESIRED 0. 0.15 0. 0. 0. 655. 0. 15.
52.335 2 WP_MOVED 7 349065. 5946015. 660. 12
52.372 2 GPS 0 1130805120 0 0 -17000 0 0 0 55000 12 12
52.373 2 SVINFO 12 29 16 1 0 -91 0
52.412 2 DL_VALUE 36 0.
52.415 2 ESTIMATOR 0. 0.
52.516 2 STATE_FILTER_STATUS 3 0
52.520 2 IMU_GYRO -0.029785 0.023193 -0.049805
52.522 2 ATTITUDE 1.440982 -1.274515 -1.429272
52.623 2 BAT 0 163 0 0 0 55 0 0
52.629 2 GPS 0 1130805120 0 0 -17000 0 0 0 55250 12 13
52.631 2 SVINFO 13 30 16 1 0 -91 0
52.712 2 PPRZ_MODE 2 0 0 0 0 6
52.714 2 CALIBRATION 0. 0
52.819 2 ALIVE |230,211,7,119,139,132,131,197,163,190,112,212,39,64,86,148|
52.822 2 WP_MOVED 0 348907. 5945757. 660. 12
52.871 2 GPS 0 1130805120 0 0 -17000 0 0 0 55500 12 14
52.873 2 SVINFO 14 31 16 1 0 -91 0
52.911 2 DOWNLINK_STATUS 0 53 24137 1175 1 516. 26. 76.77
52.916 2 ENERGY 16.299999 0. 0 0.
52.918 2 ESTIMATOR 0. 0.
53.019 2 NAVIGATION 0 1 10959186. -5945715. 0. 1.55455284314e+14 0 0
53.022 2 ATTITUDE 1.434608 -1.267657 -1.429556
53.121 2 GPS 0 1130805120 0 0 -17000 0 0 0 55750 12 15
53.124 2 SVINFO 15 32 16 1 0 -91 0
53.313 2 WP_MOVED 1 348865. 5945715. 660. 12
53.353 2 WIND_INFO 2 42 0. 0. 0.
53.380 2 DESIRED 0. 0.15 0. 0. 0. 655. 0. 15.
53.386 2 GPS 0 1130805120 0 0 -17000 0 0 0 56000 12 16
53.388 2 SVINFO 0 2 16 1 0 -91 0
53.429 2 FBW_STATUS 2 0 1 163 0
53.477 2 DOWNLINK 0 455 1231
53.480 2 ESTIMATOR 0. 0.
53.512 2 ATTITUDE 1.427776 -1.260311 -1.429232
53.622 2 IMU_GYRO -0.030762 0.02002 -0.051025
53.627 2 GPS 0 1130805120 0 0 -17000 0 0 0 56250 12 1
53.630 2 SVINFO 1 3 16 1 0 -91 0
53.713 2 BAT 0 163 0 0 0 56 0 0
53.813 2 WP_MOVED 2 348895. 5945815. 660. 12
53.871 2 GPS 0 1130805120 0 0 -17000 0 0 0 56500 12 2
53.873 2 SVINFO 2 13 16 1 0 -91 0
53.911 2 DOWNLINK_STATUS 0 54 24578 1196 1 441. 21. 76.77
53.912 2 DL_VALUE 37 200.
53.915 2 ESTIMATOR 0. 0.
54.019 2 NAVIGATION 0 1 10959186. -5945715. 0. 1.55455284314e+14 0 0
54.022 2 ATTITUDE 1.42271 -1.254724 -1.429235
54.121 2 GPS 0 1130805120 0 0 -17000 0 0 0 56750 12 3
54.123 2 SVINFO 3 16 0 1 0 -91 0
54.316 2 GPS_SOL 649593728 100000 9999 0
54.320 2 WP_MOVED 3 348965.09375 5945786. 660. 12
54.371 2 GPS 0 1130805120 0 0 -17000 0 0 0 57000 12 4
54.374 2 SVINFO 4 17 16 1 0 -91 0
54.423 2 DESIRED 0. 0.15 0. 0. 0. 655. 0. 15.
54.425 2 ESTIMATOR 0. 0.
54.512 2 ATTITUDE 1.418238 -1.249722 -1.429546
54.621 2 GPS 0 1130805120 0 0 -17000 0 0 0 57250 12 5
54.624 2 SVINFO 5 18 16 1 0 -91 0
54.712 2 IMU_GYRO -0.027588 0.024414 -0.049805
54.817 2 CALIBRATION 0. 0
54.821 2 BAT 0 163 0 0 0 57 0 0
54.826 2 WP_MOVED 4 348764.6875 5945795. 660. 12
54.870 2 GPS 0 1130805120 0 0 -17000 0 0 0 57500 12 6
54.873 2 SVINFO 6 20 16 1 0 -91 0
54.910 2 ESTIMATOR 0. 0.
54.912 2 DOWNLINK_STATUS 0 55 25026 1218 1 448. 22. 76.77
55.019 2 NAVIGATION 0 1 10959186. -5945715. 0. 1.55455284314e+14 0 0
55.023 2 ATTITUDE 1.411873 -1.24288 -1.429522
55.121 2 GPS 0 1130805120 0 0 -17000 0 0 0 57750 12 7
55.123 2 SVINFO 7 21 16 1 0 -91 0
55.313 2 WP_MOVED 5 348740. 5945760. 660. 12
55.371 2 GPS 0 1130805120 0 0 -17000 0 0 0 58000 12 8
55.373 2 SVINFO 8 22 16 1 0 -91 0
55.394 2 FBW_STATUS 2 0 1 163 0
55.418 2 ENERGY 16.299999 0. 0 0.
55.420 2 DL_VALUE 38 0.1
55.423 2 ESTIMATOR 0. 0.
55.450 2 PONG 
55.473 2 DESIRED 0. 0.15 0. 0. 0. 655. 0. 15.
55.512 2 ATTITUDE 1.406765 -1.23739 -1.429124
55.621 2 GPS 0 1130805120 0 0 -17000 0 0 0 58250 12 9
55.623 2 SVINFO 9 24 16 1 0 -91 0
55.817 2 IMU_GYRO -0.030762 0.02124 -0.049805
55.820 2 WP_MOVED 6 348665. 5945815. 660. 12
55.871 2 GPS 0 1130805120 0 0 -17000 0 0 0 58500 12 10
55.873 2 SVINFO 10 25 16 1 0 -91 0
55.912 2 DOWNLINK_STATUS 0 56 25438 1238 1 412. 20. 50.72
55.916 2 BAT 0 163 0 0 0 58 0 0
55.919 2 ESTIMATOR 0. 0.
56.019 2 NAVIGATION 0 1 10959186. -5945715. 0. 1.55455284314e+14 0 0
56.022 2 ATTITUDE 1.401613 -1.231631 -1.429216
56.121 2 GPS 0 1130805120 0 0 -17000 0 0 0 58750 12 11
56.123 2 SVINFO 11 26 16 1 0 -91 0
56.316 2 GPS_SOL 649599104 100000 9999 0
56.319 2 WP_MOVED 7 349065. 5946015. 660. 12
56.371 2 GPS 0 1130805120 0 0 -17000 0 0 0 59000 12 12
56.373 2 SVINFO 12 27 16 1 0 -91 0
56.410 2 ESTIMATOR 0. 0.
56.523 2 DESIRED 0. 0.15 0. 0. 0. 655. 0. 15.
56.527 2 ATTITUDE 1.397331 -1.22665 -1.429329
56.621 2 GPS 0 1130805120 0 0 -17000 0 0 0 59250 12 13
56.623 2 SVINFO 13 29 16 1 0 -91 0
56.813 2 WP_MOVED 0 348907. 5945757. 660. 12
56.871 2 GPS 0 1130805120 0 0 -17000 0 0 0 59500 12 14
56.873 2 SVINFO 14 31 16 1 0 -91 0
56.913 2 DOWNLINK_STATUS 0 57 25832 1256 1 394. 18. 50.72
56.919 2 CALIBRATION 0. 0
56.920 2 DL_VALUE 39 0.
56.924 2 IMU_GYRO -0.028564 0.023193 -0.049805
56.926 2 ESTIMATOR 0. 0.
57.023 2 BAT 0 163 0 0 0 59 0 0
57.027 2 NAVIGATION 0 1 10959186. -5945715. 0. 1.55455284314e+14 0 0
57.030 2 ATTITUDE 1.391937 -1.220782 -1.429363
57.121 2 GPS 0 1130805120 0 0 -17000 0 0 0 59750 12 15
57.123 2 SVINFO 0 2 16 1 0 -91 0
57.196 2 ACTUATORS |1000,1500,1000,2000,2000,1500|
57.296 2 COMMANDS |0,-9600,9600,0,0,0|
57.313 2 WP_MOVED 1 348865. 5945715. 660. 12
57.371 2 GPS 0 1130805120 0 0 -17000 0 0 0 60000 12 1
57.374 2 SVINFO 1 3 16 1 0 -91 0
57.393 2 FBW_STATUS 2 0 1 163 0
57.410 2 ESTIMATOR 0. 0.
57.512 2 STATE_FILTER_STATUS 3 0
57.515 2 ATTITUDE 1.388046 -1.21637 -1.429382
57.569 2 DESIRED 0. 0.14 0. 0. 0. 655. 0. 15.
57.620 2 GPS 0 1130805120 0 0 -17000 0 0 0 60250 12 2
57.623 2 SVINFO 2 4 16 1 0 -91 0
57.709 2 PPRZ_MODE 2 0 0 0 0 6
57.818 2 ALIVE |230,211,7,119,139,132,131,197,163,190,112,212,39,64,86,148|
57.821 2 WP_MOVED 2 348895. 5945815. 660. 12
57.871 2 GPS 0 1130805120 0 0 -17000 0 0 0 60500 12 3
57.873 2 SVINFO 3 5 16 1 0 -91 0
57.913 2 DOWNLINK_STATUS 0 58 26346 1282 1 514. 26. 50.72
57.916 2 ENERGY 16.299999 0. 0 0.
57.918 2 ESTIMATOR 0. 0.
58.021 2 IMU_GYRO -0.029785 0.022217 -0.051025
58.026 2 NAVIGATION 0 1 10959186. -5945715. 0. 1.55455284314e+14 0 0
58.029 2 ATTITUDE 1.382909 -1.210798 -1.429324
58.123 2 BAT 0 163 0 0 0 60 0 0
58.129 2 GPS 0 1130805120 0 0 -17000 0 0 0 60750 12 4
58.131 2 SVINFO 4 13 16 1 0 -91 0
58.316 2 GPS_SOL 649604608 100000 9999 0
58.319 2 WP_MOVED 3 348965.09375 5945786. 660. 12
58.371 2 GPS 0 1130805120 0 0 -17000 0 0 0 61000 12 5
58.373 2 SVINFO 5 19 16 1 0 -91 0
58.412 2 DL_VALUE 40 0.
58.415 2 ESTIMATOR 0. 0.
58.513 2 DOWNLINK 0 438 1341
58.516 2 ATTITUDE 1.37855 -1.205818 -1.429682
58.630 2 DESIRED 0. 0.14 0. 0. 0. 655. 0. 15.
58.636 2 GPS 0 1130805120 0 0 -17000 0 0 0 61250 12 6
58.638 2 SVINFO 6 21 16 1 0 -91 0
58.813 2 WP_MOVED 4 348764.6875 5945795. 660. 12
58.870 2 GPS 0 1130805120 0 0 -17000 0 0 0 61500 12 7
58.873 2 SVINFO 7 21 16 1 0 -91 0
58.910 2 ESTIMATOR 0. 0.
58.914 2 DOWNLINK_STATUS 0 59 26814 1305 1 468. 23. 50.72
59.018 2 CALIBRATION 0. 0
59.023 2 NAVIGATION 0 1 10959186. -5945715. 0. 1.55455284314e+14 0 0
59.026 2 ATTITUDE 1.373449 -1.200162 -1.429423
59.122 2 IMU_GYRO -0.029785 0.02124 -0.051025
59.127 2 GPS 0 1130805120 0 0 -17000 0 0 0 61750 12 8
59.130 2 SVINFO 8 22 16 1 0 -91 0
59.213 2 BAT 0 163 0 0 0 62 0 0
59.313 2 WP_MOVED 5 348740. 5945760. 660. 12
59.371 2 GPS 0 1130805120 0 0 -17000 0 0 0 62000 12 9
59.373 2 SVINFO 9 24 16 1 0 -91 0
59.394 2 FBW_STATUS 2 0 1 163 0
59.410 2 ESTIMATOR 0. 0.
59.512 2 ATTITUDE 1.369926 -1.19612 -1.429494
59.621 2 GPS 0 1130805120 0 0 -17000 0 0 0 62250 12 10
59.623 2 SVINFO 10 25 16 1 0 -91 0
59.670 2 DESIRED 0. 0.14 0. 0. 0. 655. 0. 15.
59.813 2 WP_MOVED 6 348665. 5945815. 660. 12
59.871 2 GPS 0 1130805120 0 0 -17000 0 0 0 62500 12 11
59.873 2 SVINFO 11 26 16 1 0 -91 0
59.912 2 DL_VALUE 41 1500.
59.915 2 ESTIMATOR 0. 0.
59.915 2 DOWNLINK_STATUS 0 60 27246 1326 1 432. 21. 50.72
60.019 2 NAVIGATION 0 1 10959186. -5945715. 0. 1.55455284314e+14 0 0
60.022 2 ATTITUDE 1.366766 -1.192432 -1.429918
60.120 2 GPS 0 1130805120 0 0 -17000 0 0 0 62750 12 12
60.122 2 SVINFO 12 27 16 1 0 -91 0
60.215 2 NAVIGATION_REF 348865 5945715 12 605.
60.218 2 IMU_GYRO -0.029785 0.022217 -0.049805
60.320 2 GPS_SOL 649610368 100000 9999 0
60.324 2 BAT 0 163 0 0 0 63 0 0
60.327 2 WP_MOVED 7 349065. 5946015. 660. 12
60.370 2 GPS 0 1130805120 0 0 -17000 0 0 0 63000 12 13
60.373 2 SVINFO 13 29 16 1 0 -91 0
60.415 2 ENERGY 16.299999 0. 0 0.
60.418 2 ESTIMATOR 0. 0.
60.447 2 PONG 
60.512 2 ATTITUDE 1.36199 -1.187225 -1.42991
60.620 2 GPS 0 1130805120 0 0 -17000 0 0 0 63250 12 14
60.623 2 SVINFO 14 31 16 1 0 -91 0
60.719 2 DESIRED 0. 0.14 0. 0. 0. 655. 0. 15.
60.813 2 WP_MOVED 0 348907. 5945757. 660. 12
60.871 2 GPS 0 1130805120 0 0 -17000 0 0 0 63500 12 15
60.873 2 SVINFO 15 32 16 1 0 -91 0
60.910 2 ESTIMATOR 0. 0.
60.915 2 DOWNLINK_STATUS 0 61 27703 1348 1 457. 22. 47.67
61.019 2 NAVIGATION 0 1 10959186. -5945715. 0. 1.55455284314e+14 0 0
61.022 2 ATTITUDE 1.359724 -1.184528 -1.42991
61.119 2 CALIBRATION 0. 0
61.125 2 GPS 0 1130805120 0 0 -17000 0 0 0 63750 12 16
61.128 2 SVINFO 0 2 16 1 0 -91 0
61.316 2 IMU_GYRO -0.030762 0.019043 -0.049805
61.319 2 WP_MOVED 1 348865. 5945715. 660. 12
61.371 2 GPS 0 1130805120 0 0 -17000 0 0 0 64000 12 1
61.373 2 SVINFO 1 3 16 1 0 -91 0
61.393 2 FBW_STATUS 2 0 1 163 0
61.416 2 DL_VALUE 42 0.
61.420 2 BAT 0 163 0 0 0 64 0 0
61.422 2 ESTIMATOR 0. 0.
61.511 2 ATTITUDE 1.356344 -1.180584 -1.429987
61.620 2 GPS 0 1130805120 0 0 -17000 0 0 0 64250 12 2
61.623 2 SVINFO 2 4 16 1 0 -91 0
61.769 2 DESIRED 0. 0.14 0. 0. 0. 655. 0. 15.
61.813 2 WP_MOVED 2 348895. 5945815. 660. 12
61.870 2 GPS 0 1130805120 0 0 -17000 0 0 0 64500 12 3
61.873 2 SVINFO 3 5 16 1 0 -91 0
61.910 2 ESTIMATOR 0. 0.
61.915 2 DOWNLINK_STATUS 0 62 28135 1369 1 432. 21. 47.67
62.018 2 NAVIGATION 0 1 10959186. -5945715. 0. 1.55455284314e+14 0 0
62.022 2 ATTITUDE 1.353419 -1.177302 -1.430221
62.120 2 GPS 0 1130805120 0 0 -17000 0 0 0 64750 12 4
62.123 2 SVINFO 4 13 16 1 0 -91 0
62.195 2 ACTUATORS |1000,1500,1000,2000,2000,1500|
62.295 2 COMMANDS |0,-9600,9600,0,0,0|
62.316 2 GPS_SOL 649616256 100000 9999 0
62.319 2 WP_MOVED 3 348965.09375 5945786. 660. 12
62.371 2 GPS 0 1130805120 0 0 -17000 0 0 0 65000 12 5
62.373 2 SVINFO 5 19 16 1 0 -91 0
62.415 2 IMU_GYRO -0.030762 0.02124 -0.049805
62.417 2 ESTIMATOR 0. 0.
62.517 2 STATE_FILTER_STATUS 3 0
62.520 2 BAT 0 163 0 0 0 65 0 0
62.524 2 ATTITUDE 1.350091 -1.173466 -1.429951
62.621 2 GPS 0 1130805120 0 0 -17000 0 0 0 65250 12 6
62.623 2 SVINFO 6 20 16 3 24 -91 0
62.709 2 PPRZ_MODE 2 0 0 0 0 6
62.826 2 ALIVE |230,211,7,119,139,132,131,197,163,190,112,212,39,64,86,148|
62.833 2 DESIRED 0. 0.14 0. 0. 0. 655. 0. 15.
62.835 2 WP_MOVED 4 348764.6875 5945795. 660. 12
62.870 2 GPS 0 1130805120 0 0 -17000 0 0 0 65500 12 7
62.872 2 SVINFO 7 21 16 1 0 -91 0
62.915 2 DOWNLINK_STATUS 0 63 28615 1392 1 480. 23. 47.67
62.917 2 ENERGY 16.299999 0. 0 0.
62.919 2 DL_VALUE 0 0.
62.922 2 ESTIMATOR 0. 0.
63.018 2 NAVIGATION 0 1 10959186. -5945715. 0. 1.55455284314e+14 0 0
63.021 2 ATTITUDE 1.347346 -1.1702 -1.429993
63.120 2 GPS 0 1130805120 0 0 -17000 0 0 0 65750 12 8
63.123 2 SVINFO 8 22 16 1 0 -91 0
63.209 2 CALIBRATION 0. 0
63.312 2 WP_MOVED 5 348740. 5945760. 660. 12
63.353 2 WIND_INFO 2 42 0. 0. 0.
63.370 2 GPS 0 1130805120 0 0 -17000 0 0 0 66000 12 9
63.373 2 SVINFO 9 24 16 1 0 -91 0
63.400 2 FBW_STATUS 2 0 1 163 0
63.416 2 ESTIMATOR 0. 0.
63.515 2 IMU_GYRO -0.030762 0.02124 -0.049805
63.518 2 ATTITUDE 1.344611 -1.166931 -1.430335
63.623 2 DOWNLINK 0 446 1452
63.627 2 BAT 0 163 0 0 0 66 0 0
63.633 2 GPS 0 1130805120 0 0 -17000 0 0 0 66250 12 10
63.635 2 SVINFO 10 25 16 1 0 -91 0
63.812 2 WP_MOVED 6 348665. 5945815. 660. 12
63.880 2 DESIRED 0. 0.14 0. 0. 0. 655. 0. 15.
63.885 2 GPS 0 1130805120 0 0 -17000 0 0 0 66500 12 11
63.888 2 SVINFO 11 26 16 1 0 -91 0
63.910 2 ESTIMATOR 0. 0.
63.916 2 DOWNLINK_STATUS 0 64 29092 1416 1 477. 24. 47.67
64.019 2 NAVIGATION 0 1 10959186. -5945715. 0. 1.55455284314e+14 0 0
64.021 2 ATTITUDE 1.34227 -1.164116 -1.430385
64.121 2 GPS 0 1130805120 0 0 -17000 0 0 0 66750 12 12
64.122 2 SVINFO 12 27 16 1 0 -91 0
64.315 2 GPS_SOL 649622272 100000 9999 0
64.319 2 WP_MOVED 7 349065. 5946015. 660. 12
64.370 2 GPS 0 1130805120 0 0 -17000 0 0 0 67000 12 13
64.373 2 SVINFO 13 29 16 1 0 -91 0
64.411 2 DL_VALUE 1 0.
64.414 2 ESTIMATOR 0. 0.
64.511 2 ATTITUDE 1.338926 -1.160382 -1.430312
64.621 2 IMU_GYRO -0.028564 0.024414 -0.051025
64.627 2 GPS 0 1130805120 0 0 -17000 0 0 0 67250 12 14
64.630 2 SVINFO 14 31 16 1 0 -91 0
64.713 2 BAT 0 163 0 0 0 67 0 0
64.812 2 WP_MOVED 0 348907. 5945757. 660. 12
64.870 2 GPS 0 1130805120 0 0 -17000 0 0 0 67500 12 15
64.873 2 SVINFO 15 32 16 1 0 -91 0
64.917 2 DOWNLINK_STATUS 0 65 29463 1434 1 371. 18. 47.67
64.922 2 DESIRED 0. 0.14 0. 0. 0. 655. 0. 15.
64.925 2 ESTIMATOR 0. 0.
65.019 2 NAVIGATION 0 1 10959186. -5945715. 0. 1.55455284314e+14 0 0
65.022 2 ATTITUDE 1.336817 -1.157796 -1.430321
65.120 2 GPS 0 1130805120 0 0 -17000 0 0 0 67750 12 16
65.123 2 SVINFO 0 2 16 1 0 -91 0
65.313 2 CALIBRATION 0. 0
65.317 2 WP_MOVED 1 348865. 5945715. 660. 12
65.371 2 GPS 0 1130805120 0 0 -17000 0 0 0 68000 12 1
65.372 2 SVINFO 1 3 16 1 0 -91 0
65.393 2 FBW_STATUS 2 0 1 163 0
65.415 2 ENERGY 16.299999 0. 0 0.
65.417 2 ESTIMATOR 0. 0.
65.447 2 PONG 
65.511 2 ATTITUDE 1.334697 -1.155213 -1.430032
65.620 2 GPS 0 1130805120 0 0 -17000 0 0 0 68250 12 2
65.622 2 SVINFO 2 4 16 1 0 -91 0
65.711 2 IMU_GYRO -0.032959 0.018066 -0.051025
65.817 2 BAT 0 163 0 0 0 68 0 0
65.820 2 WP_MOVED 2 348895. 5945815. 660. 12
65.870 2 GPS 0 1130805120 0 0 -17000 0 0 0 68500 12 3
65.873 2 SVINFO 3 5 16 1 0 -91 0
65.912 2 DL_VALUE 2 655.
65.914 2 ESTIMATOR 0. 0.
65.917 2 DOWNLINK_STATUS 0 66 29935 1458 1 472. 24. 47.73
65.969 2 DESIRED 0. 0.14 0. 0. 0. 655. 0. 15.
66.018 2 NAVIGATION 0 1 10959186. -5945715. 0. 1.55455284314e+14 0 0
66.021 2 ATTITUDE 1.3335 -1.153529 -1.43041
66.120 2 GPS 0 1130805120 0 0 -17000 0 0 0 68750 12 4
66.123 2 SVINFO 4 13 16 1 0 -91 0
66.316 2 GPS_SOL 649628608 100000 9999 0
66.319 2 WP_MOVED 3 348965.09375 5945786. 660. 12
66.370 2 GPS 0 1130805120 0 0 -17000 0 0 0 69000 12 5
66.373 2 SVINFO 5 19 16 1 0 -91 0
66.410 2 ESTIMATOR 0. 0.
66.512 2 ATTITUDE 1.333166 -1.152764 -1.430415
66.621 2 GPS 0 1130805120 0 0 -17000 0 0 0 69250 12 6
66.623 2 SVINFO 6 20 16 3 24 -91 0
66.815 2 IMU_GYRO -0.029785 0.023193 -0.051025
66.820 2 WP_MOVED 4 348764.6875 5945795. 660. 12
66.870 2 GPS 0 1130805120 0 0 -17000 0 0 0 69500 12 7
66.873 2 SVINFO 7 21 16 1 0 -91 0
66.915 2 BAT 0 163 0 0 0 69 0 0
66.917 2 DOWNLINK_STATUS 0 67 30333 1476 1 398. 18. 47.73
66.918 2 ESTIMATOR 0. 0.
67.028 2 DESIRED 0. 0.14 0. 0. 0. 655. 0. 15.
67.032 2 NAVIGATION 0 1 10959186. -5945715. 0. 1.55455284314e+14 0 0
67.036 2 ATTITUDE 1.331625 -1.150746 -1.43044
67.120 2 GPS 0 1130805120 0 0 -17000 0 0 0 69750 12 8
67.122 2 SVINFO 8 22 16 1 0 -91 0
67.195 2 ACTUATORS |1000,1500,1000,2000,2000,1500|
67.295 2 COMMANDS |0,-9600,9600,0,0,0|
67.312 2 WP_MOVED 5 348740. 5945760. 660. 12
67.370 2 GPS 0 1130805120 0 0 -17000 0 0 0 70000 12 9
67.372 2 SVINFO 9 24 16 1 0 -91 0
67.393 2 FBW_STATUS 2 0 1 163 0
67.414 2 CALIBRATION 0. 0
67.416 2 DL_VALUE 3 0.
67.418 2 ESTIMATOR 0. 0.
67.512 2 STATE_FILTER_STATUS 3 0
67.515 2 ATTITUDE 1.329985 -1.14872 -1.43041
67.620 2 GPS 0 1130805120 0 0 -17000 0 0 0 70250 12 10
67.623 2 SVINFO 10 25 16 1 0 -91 0
67.709 2 PPRZ_MODE 2 0 0 0 0 6
67.818 2 ALIVE |230,211,7,119,139,132,131,197,163,190,112,212,39,64,86,148|
67.821 2 WP_MOVED 6 348665. 5945815. 660. 12
67.870 2 GPS 0 1130805120 0 0 -17000 0 0 0 70500 12 11
67.873 2 SVINFO 11 26 16 1 0 -91 0
67.918 2 DOWNLINK_STATUS 0 68 30808 1500 1 475. 24. 47.73
67.919 2 ENERGY 16.299999 0. 0 0.
67.922 2 IMU_GYRO -0.029785 0.022217 -0.049805
67.924 2 ESTIMATOR 0. 0.
68.022 2 BAT 0 163 0 0 0 70 0 0
68.027 2 NAVIGATION 0 1 10959186. -5945715. 0. 1.55455284314e+14 0 0
68.029 2 ATTITUDE 1.329351 -1.147599 -1.430805
68.069 2 DESIRED 0. 0.14 0. 0. 0. 655. 0. 15.
68.120 2 GPS 0 1130805120 0 0 -17000 0 0 0 70750 12 12
68.122 2 SVINFO 12 27 16 1 0 -91 0
68.315 2 GPS_SOL 649635072 100000 9999 0
68.318 2 WP_MOVED 7 349065. 5946015. 660. 12
68.370 2 GPS 0 1130805120 0 0 -17000 0 0 0 71000 12 13
68.372 2 SVINFO 13 29 16 1 0 -91 0
68.409 2 ESTIMATOR 0. 0.
68.511 2 ATTITUDE 1.327468 -1.145251 -1.430478
68.620 2 GPS 0 1130805120 0 0 -17000 0 0 0 71250 12 14
68.622 2 SVINFO 14 31 16 1 0 -91 0
68.708 2 DOWNLINK 0 446 1562
68.812 2 WP_MOVED 0 348907. 5945757. 660. 12
68.870 2 GPS 0 1130805120 0 0 -17000 0 0 0 71500 12 15
68.873 2 SVINFO 15 32 16 1 0 -91 0
68.912 2 DL_VALUE 4 0.
68.914 2 ESTIMATOR 0. 0.
68.918 2 DOWNLINK_STATUS 0 69 31276 1523 1 468. 23. 47.73
69.021 2 IMU_GYRO -0.029785 0.022217 -0.051025
69.025 2 NAVIGATION 0 1 10959186. -5945715. 0. 1.55455284314e+14 0 0
69.028 2 ATTITUDE 1.325839 -1.14322 -1.430749
69.131 2 BAT 0 163 0 0 0 71 0 0
69.137 2 DESIRED 0. 0.14 0. 0. 0. 655. 0. 15.
69.143 2 GPS 0 1130805120 0 0 -17000 0 0 0 71750 12 16
69.145 2 SVINFO 0 2 16 1 0 -91 0
69.212 2 NAVIGATION_REF 348865 5945715 12 605.
69.312 2 WP_MOVED 1 348865. 5945715. 660. 12
69.371 2 GPS 0 1130805120 0 0 -17000 0 0 0 72000 12 1
69.372 2 SVINFO 1 3 16 1 0 -91 0
69.393 2 FBW_STATUS 2 0 1 163 0
69.409 2 ESTIMATOR 0. 0.
69.512 2 CALIBRATION 0. 0
69.515 2 ATTITUDE 1.325505 -1.142454 -1.430757
69.620 2 GPS 0 1130805120 0 0 -17000 0 0 0 72250 12 2
69.622 2 SVINFO 2 4 16 1 0 -91 0
69.812 2 WP_MOVED 2 348895. 5945815. 660. 12
69.870 2 GPS 0 1130805120 0 0 -17000 0 0 0 72500 12 3
69.872 2 SVINFO 3 5 16 1 0 -91 0
69.910 2 ESTIMATOR 0. 0.
69.918 2 DOWNLINK_STATUS 0 70 31716 1544 1 440. 21. 47.73
70.018 2 NAVIGATION 0 1 10959186. -5945715. 0. 1.55455284314e+14 0 0
70.021 2 ATTITUDE 1.323618 -1.140183 -1.43077
70.121 2 IMU_GYRO -0.030762 0.02002 -0.049805
70.127 2 GPS 0 1130805120 0 0 -17000 0 0 0 72750 12 4
70.129 2 SVINFO 4 6 16 1 0 -91 0
70.172 2 DESIRED 0. 0.14 0. 0. 0. 655. 0. 15.
70.212 2 BAT 0 163 0 0 0 73 0 0
70.315 2 GPS_SOL 649641728 100000 9999 0
70.319 2 WP_MOVED 3 348965.09375 5945786. 660. 12
70.370 2 GPS 0 1130805120 0 0 -17000 0 0 0 73000 12 5
70.373 2 SVINFO 5 13 16 1 0 -91 0
70.418 2 ENERGY 16.299999 0. 0 0.
70.420 2 DL_VALUE 5 0.
70.422 2 ESTIMATOR 0. 0.
70.450 2 PONG 
70.511 2 ATTITUDE 1.323148 -1.139179 -1.431178
70.620 2 GPS 0 1130805120 0 0 -17000 0 0 0 73250 12 6
70.623 2 SVINFO 6 20 16 3 22 -91 0
70.812 2 WP_MOVED 4 348764.6875 5945795. 660. 12
70.869 2 GPS 0 1130805120 0 0 -17000 0 0 0 73500 12 7
70.872 2 SVINFO 7 22 16 1 0 -91 0
70.909 2 ESTIMATOR 0. 0.
70.919 2 DOWNLINK_STATUS 0 71 32165 1566 1 449. 22. 49.69
71.018 2 NAVIGATION 0 1 10959186. -5945715. 0. 1.55455284314e+14 0 0
71.021 2 ATTITUDE 1.321738 -1.137395 -1.430809
71.120 2 GPS 0 1130805120 0 0 -17000 0 0 0 73750 12 8
71.122 2 SVINFO 8 23 16 1 0 -91 0
71.219 2 IMU_GYRO -0.028564 0.023193 -0.051025
71.226 2 DESIRED 0. 0.14 0. 0. 0. 655. 0. 15.
71.317 2 BAT 0 163 0 0 0 74 0 0
71.320 2 WP_MOVED 5 348740. 5945760. 660. 12
71.370 2 GPS 0 1130805120 0 0 -17000 0 0 0 74000 12 9
71.372 2 SVINFO 9 24 16 1 0 -91 0
71.393 2 FBW_STATUS 2 0 1 163 0
71.409 2 ESTIMATOR 0. 0.
71.511 2 ATTITUDE 1.321242 -1.136499 -1.431112
71.618 2 CALIBRATION 0. 0
71.624 2 GPS 0 1130805120 0 0 -17000 0 0 0 74250 12 10
71.627 2 SVINFO 10 25 16 1 0 -91 0
71.812 2 WP_MOVED 6 348665. 5945815. 660. 12
71.870 2 GPS 0 1130805120 0 0 -17000 0 0 0 74500 12 11
71.873 2 SVINFO 11 26 16 1 0 -91 0
71.912 2 DL_VALUE 6 100.
71.914 2 ESTIMATOR 0. 0.
71.919 2 DOWNLINK_STATUS 0 72 32597 1587 1 432. 21. 49.69
72.018 2 NAVIGATION 0 1 10959186. -5945715. 0. 1.55455284314e+14 0 0
72.021 2 ATTITUDE 1.320498 -1.135357 -1.431457
72.119 2 GPS 0 1130805120 0 0 -17000 0 0 0 74750 12 12
72.122 2 SVINFO 12 27 16 1 0 -91 0
72.194 2 ACTUATORS |1000,1500,1000,2000,2000,1500|
72.269 2 DESIRED 0. 0.14 0. 0. 0. 655. 0. 15.
72.294 2 COMMANDS |0,-9600,9600,0,0,0|
72.318 2 GPS_SOL 649648512 100000 9999 0
72.322 2 IMU_GYRO -0.030762 0.02124 -0.048828
72.325 2 WP_MOVED 7 349065. 5946015. 660. 12
72.370 2 GPS 0 1130805120 0 0 -17000 0 0 0 75000 12 13
72.372 2 SVINFO 13 29 16 1 0 -91 0
72.415 2 BAT 0 163 0 0 0 75 0 0
72.417 2 ESTIMATOR 0. 0.
72.511 2 STATE_FILTER_STATUS 3 0
72.514 2 ATTITUDE 1.319506 -1.133905 -1.431202
72.620 2 GPS 0 1130805120 0 0 -17000 0 0 0 75250 12 14
72.622 2 SVINFO 14 31 16 1 0 -91 0
72.709 2 PPRZ_MODE 2 0 0 0 0 6
72.818 2 ALIVE |230,211,7,119,139,132,131,197,163,190,112,212,39,64,86,148|
72.822 2 WP_MOVED 0 348907. 5945757. 660. 12
72.870 2 GPS 0 1130805120 0 0 -17000 0 0 0 75500 12 15
72.872 2 SVINFO 15 32 16 1 0 -91 0
72.915 2 ENERGY 16.299999 0. 0 0.
72.917 2 ESTIMATOR 0. 0.
72.919 2 DOWNLINK_STATUS 0 73 33111 1612 1 514. 25. 49.69
73.018 2 NAVIGATION 0 1 10959186. -5945715. 0. 1.55455284314e+14 0 0
73.021 2 ATTITUDE 1.319677 -1.133585 -1.431579
73.120 2 GPS 0 1130805120 0 0 -17000 0 0 0 75750 12 16
73.122 2 SVINFO 0 2 16 1 0 -91 0
73.323 2 DESIRED 0. 0.14 0. 0. 0. 655. 0. 15.
73.327 2 WP_MOVED 1 348865. 5945715. 660. 12
73.353 2 WIND_INFO 2 42 0. 0. 0.
73.369 2 GPS 0 1130805120 0 0 -17000 0 0 0 76000 12 1
73.372 2 SVINFO 1 3 16 1 0 -91 0
73.399 2 FBW_STATUS 2 0 1 163 0
73.416 2 DL_VALUE 7 2.
73.419 2 IMU_GYRO -0.029785 0.023193 -0.051025
73.422 2 ESTIMATOR 0. 0.
73.516 2 BAT 0 163 0 0 0 76 0 0
73.519 2 ATTITUDE 1.318672 -1.132238 -1.43152
73.619 2 GPS 0 1130805120 0 0 -17000 0 0 0 76250 12 2
73.622 2 SVINFO 2 4 16 1 0 -91 0
73.708 2 CALIBRATION 0. 0
73.812 2 DOWNLINK 0 448 1674
73.816 2 WP_MOVED 2 348895. 5945815. 660. 12
73.870 2 GPS 0 1130805120 0 0 -17000 0 0 0 76500 12 3
73.872 2 SVINFO 3 5 16 1 0 -91 0
73.909 2 ESTIMATOR 0. 0.
73.920 2 DOWNLINK_STATUS 0 74 33554 1634 1 443. 22. 49.69
74.018 2 NAVIGATION 0 1 10959186. -5945715. 0. 1.55455284314e+14 0 0
74.021 2 ATTITUDE 1.317297 -1.13034 -1.431562
74.120 2 GPS 0 1130805120 0 0 -17000 0 0 0 76750 12 4
74.122 2 SVINFO 4 6 16 1 0 -91 0
74.315 2 GPS_SOL 649655552 100000 9999 0
74.318 2 WP_MOVED 3 348965.09375 5945786. 660. 12
74.379 2 DESIRED 0. 0.14 0. 0. 0. 655. 0. 15.
74.385 2 GPS 0 1130805120 0 0 -17000 0 0 0 77000 12 5
74.387 2 SVINFO 5 7 16 1 0 -91 0
74.410 2 ESTIMATOR 0. 0.
74.515 2 IMU_GYRO -0.029785 0.023193 -0.051025
74.518 2 ATTITUDE 1.316974 -1.129569 -1.431878
74.623 2 BAT 0 163 0 0 0 77 0 0
74.628 2 GPS 0 1130805120 0 0 -17000 0 0 0 77250 12 6
74.631 2 SVINFO 6 13 16 1 0 -91 0
74.811 2 WP_MOVED 4 348764.6875 5945795. 660. 12
74.869 2 GPS 0 1130805120 0 0 -17000 0 0 0 77500 12 7
74.872 2 SVINFO 7 20 16 3 23 -91 0
74.911 2 DL_VALUE 8 0.
74.913 2 ESTIMATOR 0. 0.
74.920 2 DOWNLINK_STATUS 0 75 33977 1654 1 423. 20. 49.69
75.017 2 NAVIGATION 0 1 10959186. -5945715. 0. 1.55455284314e+14 0 0
75.021 2 ATTITUDE 1.316876 -1.129054 -1.431551
75.119 2 GPS 0 1130805120 0 0 -17000 0 0 0 77750 12 8
75.122 2 SVINFO 8 23 16 1 0 -91 0
75.312 2 WP_MOVED 5 348740. 5945760. 660. 12
75.370 2 GPS 0 1130805120 0 0 -17000 0 0 0 78000 12 9
75.372 2 SVINFO 9 24 16 1 0 -91 0
75.393 2 FBW_STATUS 2 0 1 163 0
75.458 2 ENERGY 16.299999 0. 0 0.
75.464 2 DESIRED 0. 0.14 0. 0. 0. 655. 0. 15.
75.467 2 ESTIMATOR 0. 0.
75.490 2 PONG 
75.511 2 ATTITUDE 1.317537 -1.129234 -1.431549
75.621 2 IMU_GYRO -0.030762 0.022217 -0.051025
75.627 2 GPS 0 1130805120 0 0 -17000 0 0 0 78250 12 10
75.629 2 SVINFO 10 25 16 1 0 -91 0
75.712 2 BAT 0 163 0 0 0 78 0 0
75.813 2 CALIBRATION 0. 0
75.816 2 WP_MOVED 6 348665. 5945815. 660. 12
75.870 2 GPS 0 1130805120 0 0 -17000 0 0 0 78500 12 11
75.871 2 SVINFO 11 26 16 1 0 -91 0
75.909 2 ESTIMATOR 0. 0.
75.920 2 DOWNLINK_STATUS 0 76 34424 1676 1 447. 22. 89.76
76.018 2 NAVIGATION 0 1 10959186. -5945715. 0. 1.55455284314e+14 0 0
76.020 2 ATTITUDE 1.317278 -1.128588 -1.431516
76.119 2 GPS 0 1130805120 0 0 -17000 0 0 0 78750 12 12
76.122 2 SVINFO 12 27 16 1 0 -91 0
76.314 2 GPS_SOL 649662720 100000 9999 0
76.318 2 WP_MOVED 7 349065. 5946015. 660. 12
76.369 2 GPS 0 1130805120 0 0 -17000 0 0 0 79000 12 13
76.372 2 SVINFO 13 29 16 1 0 -91 0
76.411 2 DL_VALUE 9 0.
76.413 2 ESTIMATOR 0. 0.
76.468 2 DESIRED 0. 0.14 0. 0. 0. 655. 0. 15.
76.511 2 ATTITUDE 1.317613 -1.128402 -1.431607
76.620 2 GPS 0 1130805120 0 0 -17000 0 0 0 79250 12 14
76.622 2 SVINFO 14 31 16 1 0 -91 0
76.711 2 IMU_GYRO -0.030762 0.02002 -0.051025
76.816 2 BAT 0 163 0 0 0 79 0 0
76.820 2 WP_MOVED 0 348907. 5945757. 660. 12
76.870 2 GPS 0 1130805120 0 0 -17000 0 0 0 79500 12 15
76.872 2 SVINFO 15 32 16 1 0 -91 0
76.909 2 ESTIMATOR 0. 0.
76.920 2 DOWNLINK_STATUS 0 77 34847 1696 1 423. 20. 89.76
77.018 2 NAVIGATION 0 1 10959186. -5945715. 0. 1.55455284314e+14 0 0
77.021 2 ATTITUDE 1.318507 -1.128894 -1.431906
77.120 2 GPS 0 1130805120 0 0 -17000 0 0 0 79750 12 16
77.122 2 SVINFO 0 2 16 1 0 -91 0
77.195 2 ACTUATORS |1000,1500,1000,2000,2000,1500|
77.295 2 COMMANDS |0,-9600,9600,0,0,0|
77.311 2 WP_MOVED 1 348865. 5945715. 660. 12
77.369 2 GPS 0 1130805120 0 0 -17000 0 0 0 80000 12 1
77.371 2 SVINFO 1 3 16 1 0 -91 0
77.392 2 FBW_STATUS 2 0 1 163 0
77.409 2 ESTIMATOR 0. 0.
77.519 2 STATE_FILTER_STATUS 3 0
77.525 2 DESIRED 0. 0.14 0. 0. 0. 655. 0. 15.
77.528 2 ATTITUDE 1.31927 -1.129088 -1.431967
77.619 2 GPS 0 1130805120 0 0 -17000 0 0 0 80250 12 2
77.622 2 SVINFO 2 4 16 1 0 -91 0
77.708 2 PPRZ_MODE 2 0 0 0 0 6
77.820 2 ALIVE |230,211,7,119,139,132,131,197,163,190,112,212,39,64,86,148|
77.824 2 IMU_GYRO -0.029785 0.022217 -0.051025
77.827 2 WP_MOVED 2 348895. 5945815. 660. 12
77.869 2 GPS 0 1130805120 0 0 -17000 0 0 0 80500 12 3
77.872 2 SVINFO 3 5 16 1 0 -91 0
77.921 2 DOWNLINK_STATUS 0 78 35304 1718 1 457. 22. 89.76
77.924 2 ENERGY 16.299999 0. 0 0.
77.925 2 CALIBRATION 0. 0
77.927 2 DL_VALUE 10 0.
77.931 2 BAT 0 163 0 0 0 80 0 0
77.934 2 ESTIMATOR 0. 0.
78.018 2 NAVIGATION 0 1 10959186. -5945715. 0. 1.55455284314e+14 0 0
78.021 2 ATTITUDE 1.318499 -1.12795 -1.431716
78.119 2 GPS 0 1130805120 0 0 -17000 0 0 0 80750 12 4
78.122 2 SVINFO 4 6 16 1 0 -91 0
78.211 2 NAVIGATION_REF 348865 5945715 12 605.
78.315 2 GPS_SOL 649670080 100000 9999 0
78.318 2 WP_MOVED 3 348965.09375 5945786. 660. 12
78.370 2 GPS 0 1130805120 0 0 -17000 0 0 0 81000 12 5
78.372 2 SVINFO 5 7 16 1 0 -91 0
78.409 2 ESTIMATOR 0. 0.
78.511 2 ATTITUDE 1.319145 -1.128197 -1.432057
78.569 2 DESIRED 0. 0.14 0. 0. 0. 655. 0. 15.
78.620 2 GPS 0 1130805120 0 0 -17000 0 0 0 81250 12 6
78.622 2 SVINFO 6 8 16 1 0 -91 0
78.812 2 WP_MOVED 4 348764.6875 5945795. 660. 12
78.869 2 GPS 0 1130805120 0 0 -17000 0 0 0 81500 12 7
78.871 2 SVINFO 7 9 16 1 0 -91 0
78.914 2 DOWNLINK 0 450 1785
78.917 2 IMU_GYRO -0.030762 0.02002 -0.051025
78.920 2 ESTIMATOR 0. 0.
78.922 2 DOWNLINK_STATUS 0 79 35802 1743 1 498. 25. 89.76
79.021 2 BAT 0 163 0 0 0 81 0 0
79.025 2 NAVIGATION 0 1 10959186. -5945715. 0. 1.55455284314e+14 0 0
79.028 2 ATTITUDE 1.320032 -1.128697 -1.432057
79.119 2 GPS 0 1130805120 0 0 -17000 0 0 0 81750 12 8
79.122 2 SVINFO 8 13 16 1 0 -91 0
79.311 2 WP_MOVED 5 348740. 5945760. 660. 12
79.369 2 GPS 0 1130805120 0 0 -17000 0 0 0 82000 12 9
79.372 2 SVINFO 9 20 16 3 24 -91 0
79.392 2 FBW_STATUS 2 0 1 163 0
79.411 2 DL_VALUE 11 0.
79.413 2 ESTIMATOR 0. 0.
79.511 2 ATTITUDE 1.319788 -1.128048 -1.432331
79.629 2 DESIRED 0. 0.14 0. 0. 0. 655. 0. 15.
79.634 2 GPS 0 1130805120 0 0 -17000 0 0 0 82250 12 10
79.637 2 SVINFO 10 24 16 1 0 -91 0
79.812 2 WP_MOVED 6 348665. 5945815. 660. 12
79.870 2 GPS 0 1130805120 0 0 -17000 0 0 0 82500 12 11
79.872 2 SVINFO 11 26 16 1 0 -91 0
79.908 2 ESTIMATOR 0. 0.
79.922 2 DOWNLINK_STATUS 0 80 36205 1762 1 403. 19. 89.76
80.021 2 CALIBRATION 0. 0
80.024 2 IMU_GYRO -0.031738 0.02002 -0.051025
80.029 2 NAVIGATION 0 1 10959186. -5945715. 0. 1.55455284314e+14 0 0
80.031 2 ATTITUDE 1.318974 -1.126728 -1.432095
80.121 2 BAT 0 163 0 0 0 82 0 0
80.127 2 GPS 0 1130805120 0 0 -17000 0 0 0 82750 12 12
80.129 2 SVINFO 12 27 16 1 0 -91 0
80.317 2 GPS_SOL 649677632 100000 9999 0
80.318 2 WP_MOVED 7 349065. 5946015. 660. 12
80.369 2 GPS 0 1130805120 0 0 -17000 0 0 0 83000 12 13
80.372 2 SVINFO 13 29 16 1 0 -91 0
80.414 2 ENERGY 16.299999 0. 0 0.
80.417 2 ESTIMATOR 0. 0.
80.446 2 PONG 
80.510 2 ATTITUDE 1.320152 -1.127366 -1.43247
80.619 2 GPS 0 1130805120 0 0 -17000 0 0 0 83250 12 14
80.622 2 SVINFO 14 31 16 1 0 -91 0
80.668 2 DESIRED 0. 0.14 0. 0. 0. 655. 0. 15.
80.811 2 WP_MOVED 0 348907. 5945757. 660. 12
80.869 2 GPS 0 1130805120 0 0 -17000 0 0 0 83500 12 15
80.872 2 SVINFO 15 32 16 1 0 -91 0
80.911 2 DL_VALUE 12 12000.
80.913 2 ESTIMATOR 0. 0.
80.922 2 DOWNLINK_STATUS 0 81 36665 1785 1 460. 23. 45.75
81.018 2 NAVIGATION 0 1 10959186. -5945715. 0. 1.55455284314e+14 0 0
81.021 2 ATTITUDE 1.320489 -1.127236 -1.432118
81.121 2 IMU_GYRO -0.030762 0.022217 -0.051025
81.126 2 GPS 0 1130805120 0 0 -17000 0 0 0 83750 12 16
81.129 2 SVINFO 0 2 16 1 0 -91 0
81.212 2 BAT 0 163 0 0 0 84 0 0
81.312 2 WP_MOVED 1 348865. 5945715. 660. 12
81.370 2 GPS 0 1130805120 0 0 -17000 0 0 0 84000 12 1
81.371 2 SVINFO 1 3 16 1 0 -91 0
81.392 2 FBW_STATUS 2 0 1 163 0
81.408 2 ESTIMATOR 0. 0.
81.510 2 ATTITUDE 1.320764 -1.126984 -1.432121
81.619 2 GPS 0 1130805120 0 0 -17000 0 0 0 84250 12 2
81.621 2 SVINFO 2 4 16 1 0 -91 0
81.718 2 DESIRED 0. 0.14 0. 0. 0. 655. 0. 15.
81.811 2 WP_MOVED 2 348895. 5945815. 660. 12
81.869 2 GPS 0 1130805120 0 0 -17000 0 0 0 84500 12 3
81.872 2 SVINFO 3 5 16 1 0 -91 0
81.909 2 ESTIMATOR 0. 0.
81.922 2 DOWNLINK_STATUS 0 82 37075 1804 1 410. 19. 45.75
82.017 2 NAVIGATION 0 1 10959186. -5945715. 0. 1.55455284314e+14 0 0
82.020 2 ATTITUDE 1.320879 -1.126501 -1.431924
82.118 2 CALIBRATION 0. 0
82.124 2 GPS 0 1130805120 0 0 -17000 0 0 0 84750 12 4
82.126 2 SVINFO 4 6 16 1 0 -91 0
82.194 2 ACTUATORS |1000,1500,1000,2000,2000,1500|
82.210 2 IMU_GYRO -0.029785 0.022217 -0.051025
82.294 2 COMMANDS |0,-9600,9600,0,0,0|
82.319 2 GPS_SOL 649685376 100000 9999 0
82.323 2 BAT 0 163 0 0 0 85 0 0
82.326 2 WP_MOVED 3 348965.09375 5945786. 660. 12
82.369 2 GPS 0 1130805120 0 0 -17000 0 0 0 85000 12 5
82.372 2 SVINFO 5 7 16 1 0 -91 0
82.411 2 DL_VALUE 13 1.5
82.413 2 ESTIMATOR 0. 0.
82.510 2 STATE_FILTER_STATUS 3 0
82.514 2 ATTITUDE 1.321754 -1.126716 -1.432055
82.620 2 GPS 0 1130805120 0 0 -17000 0 0 0 85250 12 6
82.622 2 SVINFO 6 8 16 1 0 -91 0
82.707 2 PPRZ_MODE 2 0 0 0 0 6
82.769 2 DESIRED 0. 0.14 0. 0. 0. 655. 0. 15.
82.817 2 ALIVE |230,211,7,119,139,132,131,197,163,190,112,212,39,64,86,148|
82.819 2 WP_MOVED 4 348764.6875 5945795. 660. 12
82.869 2 GPS 0 1130805120 0 0 -17000 0 0 0 85500 12 7
82.871 2 SVINFO 7 9 16 1 0 -91 0
82.914 2 ENERGY 16.299999 0. 0 0.
82.916 2 ESTIMATOR 0. 0.
82.923 2 DOWNLINK_STATUS 0 83 37611 1831 1 536. 27. 45.75
83.017 2 NAVIGATION 0 1 10959186. -5945715. 0. 1.55455284314e+14 0 0
83.020 2 ATTITUDE 1.321728 -1.126041 -1.431815
83.119 2 GPS 0 1130805120 0 0 -17000 0 0 0 85750 12 8
83.121 2 SVINFO 8 10 16 1 0 -91 0
83.315 2 IMU_GYRO -0.028564 0.022217 -0.051025
83.318 2 WP_MOVED 5 348740. 5945760. 660. 12
83.353 2 WIND_INFO 2 42 0. 0. 0.
83.369 2 GPS 0 1130805120 0 0 -17000 0 0 0 86000 12 9
83.372 2 SVINFO 9 13 16 1 0 -91 0
83.399 2 FBW_STATUS 2 0 1 163 0
83.417 2 BAT 0 163 0 0 0 86 0 0
83.420 2 ESTIMATOR 0. 0.
83.510 2 ATTITUDE 1.322008 -1.125793 -1.431822
83.619 2 GPS 0 1130805120 0 0 -17000 0 0 0 86250 12 10
83.622 2 SVINFO 10 20 16 3 24 -91 0
83.823 2 DESIRED 0. 0.14 0. 0. 0. 655. 0. 15.
83.826 2 WP_MOVED 6 348665. 5945815. 660. 12
83.869 2 GPS 0 1130805120 0 0 -17000 0 0 0 86500 12 11
83.871 2 SVINFO 11 26 16 1 0 -91 0
83.911 2 DL_VALUE 14 0.610865
83.912 2 ESTIMATOR 0. 0.
83.923 2 DOWNLINK_STATUS 0 84 38032 1851 1 421. 20. 45.75
84.016 2 DOWNLINK 0 445 1896
84.022 2 NAVIGATION 0 1 10959186. -5945715. 0. 1.55455284314e+14 0 0
84.024 2 ATTITUDE 1.322932 -1.126235 -1.431794
84.119 2 GPS 0 1130805120 0 0 -17000 0 0 0 86750 12 12
84.121 2 SVINFO 12 27 16 1 0 -91 0
84.207 2 CALIBRATION 0. 0
84.314 2 GPS_SOL 649693376 100000 9999 0
84.317 2 WP_MOVED 7 349065. 5946015. 660. 12
84.369 2 GPS 0 1130805120 0 0 -17000 0 0 0 87000 12 13
84.371 2 SVINFO 13 29 16 1 0 -91 0
84.413 2 IMU_GYRO -0.029785 0.022217 -0.049805
84.416 2 ESTIMATOR 0. 0.
84.515 2 BAT 0 163 0 0 0 87 0 0
84.518 2 ATTITUDE 1.322205 -1.125044 -1.431518
84.619 2 GPS 0 1130805120 0 0 -17000 0 0 0 87250 12 14
84.622 2 SVINFO 14 31 16 1 0 -91 0
84.811 2 WP_MOVED 0 348907. 5945757. 660. 12
84.878 2 DESIRED 0. 0.14 0. 0. 0. 655. 0. 15.
84.884 2 GPS 0 1130805120 0 0 -17000 0 0 0 87500 12 15
84.886 2 SVINFO 15 32 16 1 0 -91 0
84.909 2 ESTIMATOR 0. 0.
84.923 2 DOWNLINK_STATUS 0 85 38466 1872 1 434. 21. 45.75
85.018 2 NAVIGATION 0 1 10959186. -5945715. 0. 1.55455284314e+14 0 0
85.020 2 ATTITUDE 1.323336 -1.125511 -1.431615
85.119 2 GPS 0 1130805120 0 0 -17000 0 0 0 87750 12 16
85.121 2 SVINFO 0 2 16 1 0 -91 0
85.311 2 WP_MOVED 1 348865. 5945715. 660. 12
85.369 2 GPS 0 1130805120 0 0 -17000 0 0 0 88000 12 1
85.371 2 SVINFO 1 3 16 1 0 -91 0
85.392 2 FBW_STATUS 2 0 1 163 0
85.416 2 ENERGY 16.299999 0. 0 0.
85.418 2 DL_VALUE 15 7500.
85.420 2 ESTIMATOR 0. 0.
85.448 2 PONG 
85.514 2 IMU_GYRO -0.029785 0.02002 -0.051025
85.517 2 ATTITUDE 1.324818 -1.126529 -1.431303
85.621 2 BAT 0 163 0 0 0 88 0 0
85.627 2 GPS 0 1130805120 0 0 -17000 0 0 0 88250 12 2
85.629 2 SVINFO 2 4 16 1 0 -91 0
85.811 2 WP_MOVED 2 348895. 5945815. 660. 12
85.869 2 GPS 0 1130805120 0 0 -17000 0 0 0 88500 12 3
85.872 2 SVINFO 3 5 16 1 0 -91 0
85.921 2 DESIRED 0. 0.14 0. 0. 0. 655. 0. 15.
85.923 2 ESTIMATOR 0. 0.
85.923 2 DOWNLINK_STATUS 0 86 38913 1894 1 447. 22. 47.69
86.017 2 NAVIGATION 0 1 10959186. -5945715. 0. 1.55455284314e+14 0 0
86.020 2 ATTITUDE 1.325584 -1.126411 -1.431658
86.119 2 GPS 0 1130805120 0 0 -17000 0 0 0 88750 12 4
86.122 2 SVINFO 4 6 16 1 0 -91 0
86.316 2 CALIBRATION 0. 0
86.318 2 GPS_SOL 649701440 100000 9999 0
86.322 2 WP_MOVED 3 348965.09375 5945786. 660. 12
86.369 2 GPS 0 1130805120 0 0 -17000 0 0 0 89000 12 5
86.371 2 SVINFO 5 7 16 1 0 -91 0
86.408 2 ESTIMATOR 0. 0.
86.510 2 ATTITUDE 1.326001 -1.126367 -1.431415
86.620 2 IMU_GYRO -0.030762 0.02124 -0.049805
86.626 2 GPS 0 1130805120 0 0 -17000 0 0 0 89250 12 6
86.628 2 SVINFO 6 9 16 1 0 -91 0
86.711 2 BAT 0 163 0 0 0 89 0 0
86.810 2 WP_MOVED 4 348764.6875 5945795. 660. 12
86.869 2 GPS 0 1130805120 0 0 -17000 0 0 0 89500 12 7
86.871 2 SVINFO 7 10 16 1 0 -91 0
86.910 2 DL_VALUE 16 1250.
86.913 2 ESTIMATOR 0. 0.
86.923 2 DOWNLINK_STATUS 0 87 39309 1914 1 396. 20. 47.69
86.968 2 DESIRED 0. 0.14 0. 0. 0. 655. 0. 15.
87.017 2 NAVIGATION 0 1 10959186. -5945715. 0. 1.55455284314e+14 0 0
87.020 2 ATTITUDE 1.32719 -1.127016 -1.431801
87.119 2 GPS 0 1130805120 0 0 -17000 0 0 0 89750 12 8
87.121 2 SVINFO 8 13 16 1 0 -91 0
87.194 2 ACTUATORS |1000,1500,1000,2000,2000,1500|
87.210 2 NAVIGATION_REF 348865 5945715 12 605.
87.294 2 COMMANDS |0,-9600,9600,0,0,0|
87.311 2 WP_MOVED 5 348740. 5945760. 660. 12
87.369 2 GPS 0 1130805120 0 0 -17000 0 0 0 90000 12 9
87.372 2 SVINFO 9 20 16 4 23 -91 0
87.392 2 FBW_STATUS 2 0 1 163 0
87.409 2 ESTIMATOR 0. 0.
87.511 2 STATE_FILTER_STATUS 3 0
87.514 2 ATTITUDE 1.3284 -1.127567 -1.432001
87.619 2 GPS 0 1130805120 0 0 -17000 0 0 0 90250 12 10
87.622 2 SVINFO 10 26 16 1 0 -91 0
87.711 2 PPRZ_MODE 2 0 0 0 0 6
87.714 2 IMU_GYRO -0.030762 0.023193 -0.051025
87.821 2 ALIVE |230,211,7,119,139,132,131,197,163,190,112,212,39,64,86,148|
87.824 2 BAT 0 163 0 0 0 90 0 0
87.827 2 WP_MOVED 6 348665. 5945815. 660. 12
87.868 2 GPS 0 1130805120 0 0 -17000 0 0 0 90500 12 11
87.871 2 SVINFO 11 27 16 1 0 -91 0
87.913 2 ENERGY 16.299999 0. 0 0.
87.916 2 ESTIMATOR 0. 0.
87.924 2 DOWNLINK_STATUS 0 88 39840 1940 1 531. 26. 47.69
88.027 2 DESIRED 0. 0.14 0. 0. 0. 655. 0. 15.
88.031 2 NAVIGATION 0 1 10959186. -5945715. 0. 1.55455284314e+14 0 0
88.034 2 ATTITUDE 1.327977 -1.126428 -1.431617
88.119 2 GPS 0 1130805120 0 0 -17000 0 0 0 90750 12 12
88.121 2 SVINFO 12 28 16 1 0 -91 0
88.314 2 GPS_SOL 649709760 100000 9999 0
88.317 2 WP_MOVED 7 349065. 5946015. 660. 12
88.369 2 GPS 0 1130805120 0 0 -17000 0 0 0 91000 12 13
88.371 2 SVINFO 13 29 16 1 0 -91 0
88.413 2 CALIBRATION 0. 0
88.415 2 DL_VALUE 17 0.45
88.417 2 ESTIMATOR 0. 0.
88.510 2 ATTITUDE 1.327385 -1.125211 -1.432163
88.619 2 GPS 0 1130805120 0 0 -17000 0 0 0 91250 12 14
88.621 2 SVINFO 14 31 16 1 0 -91 0
88.815 2 IMU_GYRO -0.034912 0.013672 -0.049805
88.818 2 WP_MOVED 0 348907. 5945757. 660. 12
88.869 2 GPS 0 1130805120 0 0 -17000 0 0 0 91500 12 15
88.871 2 SVINFO 15 32 16 1 0 -91 0
88.914 2 BAT 0 163 0 0 0 91 0 0
88.916 2 ESTIMATOR 0. 0.
88.924 2 DOWNLINK_STATUS 0 89 40274 1961 1 434. 21. 47.69
89.017 2 NAVIGATION 0 1 10959186. -5945715. 0. 1.55455284314e+14 0 0
89.020 2 ATTITUDE 1.326622 -1.123806 -1.432062
89.076 2 DESIRED 0. 0.14 0. 0. 0. 655. 0. 15.
89.117 2 DOWNLINK 0 455 2009
89.123 2 GPS 0 1130805120 0 0 -17000 0 0 0 91750 12 16
89.125 2 SVINFO 0 2 16 1 0 -91 0
89.310 2 WP_MOVED 1 348865. 5945715. 660. 12
89.368 2 GPS 0 1130805120 0 0 -17000 0 0 0 92000 12 1
89.371 2 SVINFO 1 3 16 1 0 -91 0
89.392 2 FBW_STATUS 2 0 1 163 0
89.408 2 ESTIMATOR 0. 0.
89.510 2 ATTITUDE 1.327734 -1.124351 -1.432205
89.619 2 GPS 0 1130805120 0 0 -17000 0 0 0 92250 12 2
89.621 2 SVINFO 2 4 16 1 0 -91 0
89.811 2 WP_MOVED 2 348895. 5945815. 660. 12
89.869 2 GPS 0 1130805120 0 0 -17000 0 0 0 92500 12 3
89.871 2 SVINFO 3 5 16 1 0 -91 0
89.914 2 DL_VALUE 18 0.03
89.917 2 IMU_GYRO -0.028564 0.022217 -0.051025
89.920 2 ESTIMATOR 0. 0.
89.924 2 DOWNLINK_STATUS 0 90 40685 1981 1 411. 20. 47.69
90.020 2 BAT 0 163 0 0 0 92 0 0
90.025 2 NAVIGATION 0 1 10959186. -5945715. 0. 1.55455284314e+14 0 0
90.028 2 ATTITUDE 1.328954 -1.124912 -1.432413
90.128 2 DESIRED 0. 0.14 0. 0. 0. 655. 0. 15.
90.134 2 GPS 0 1130805120 0 0 -17000 0 0 0 92750 12 4
90.136 2 SVINFO 4 6 16 1 0 -91 0
90.313 2 GPS_SOL 649718272 100000 9999 0
90.317 2 WP_MOVED 3 348965.09375 5945786. 660. 12
90.368 2 GPS 0 1130805120 0 0 -17000 0 0 0 93000 12 5
90.371 2 SVINFO 5 7 16 1 0 -91 0
90.413 2 ENERGY 16.299999 0. 0 0.
90.416 2 ESTIMATOR 0. 0.
90.445 2 PONG 
90.511 2 CALIBRATION 0. 0
90.514 2 ATTITUDE 1.329351 -1.12469 -1.4325
90.619 2 GPS 0 1130805120 0 0 -17000 0 0 0 93250 12 6
90.621 2 SVINFO 6 9 16 1 0 -91 0
90.810 2 WP_MOVED 4 348764.6875 5945795. 660. 12
90.868 2 GPS 0 1130805120 0 0 -17000 0 0 0 93500 12 7
90.871 2 SVINFO 7 10 16 1 0 -91 0
90.908 2 ESTIMATOR 0. 0.
90.925 2 DOWNLINK_STATUS 0 91 41116 2002 1 431. 21. 44.8
91.019 2 IMU_GYRO -0.030762 0.023193 -0.049805
91.024 2 NAVIGATION 0 1 10959186. -5945715. 0. 1.55455284314e+14 0 0
91.027 2 ATTITUDE 1.331456 -1.126195 -1.432329
91.121 2 BAT 0 163 0 0 0 93 0 0
91.127 2 GPS 0 1130805120 0 0 -17000 0 0 0 93750 12 8
91.129 2 SVINFO 8 11 16 1 0 -91 0
91.168 2 DESIRED 0. 0.14 0. 0. 0. 655. 0. 15.
91.311 2 WP_MOVED 5 348740. 5945760. 660. 12
91.369 2 GPS 0 1130805120 0 0 -17000 0 0 0 94000 12 9
91.371 2 SVINFO 9 12 16 1 0 -91 0
91.392 2 FBW_STATUS 2 0 1 163 0
91.410 2 DL_VALUE 19 0.15
91.413 2 ESTIMATOR 0. 0.
91.510 2 ATTITUDE 1.332002 -1.126173 -1.432462
91.618 2 GPS 0 1130805120 0 0 -17000 0 0 0 94250 12 10
91.620 2 SVINFO 10 13 16 1 0 -91 0
91.812 2 WP_MOVED 6 348665. 5945815. 660. 12
91.869 2 GPS 0 1130805120 0 0 -17000 0 0 0 94500 12 11
91.870 2 SVINFO 11 20 16 4 21 -91 0
91.908 2 ESTIMATOR 0. 0.
91.925 2 DOWNLINK_STATUS 0 92 41537 2022 1 421. 20. 44.8
92.017 2 NAVIGATION 0 1 10959186. -5945715. 0. 1.55455284314e+14 0 0
92.019 2 ATTITUDE 1.332638 -1.126204 -1.432209
92.119 2 IMU_GYRO -0.030762 0.02124 -0.051025
92.125 2 GPS 0 1130805120 0 0 -17000 0 0 0 94750 12 12
92.128 2 SVINFO 12 27 16 1 0 -91 0
92.197 2 ACTUATORS |1000,1500,1000,2000,2000,1500|
92.219 2 BAT 0 163 0 0 0 95 0 0
92.225 2 DESIRED 0. 0.14 0. 0. 0. 655. 0. 15.
92.293 2 COMMANDS |0,-9600,9600,0,0,0|
92.313 2 GPS_SOL 649726912 100000 9999 0
92.317 2 WP_MOVED 7 349065. 5946015. 660. 12
92.368 2 GPS 0 1130805120 0 0 -17000 0 0 0 95000 12 13
92.371 2 SVINFO 13 29 16 1 0 -91 0
92.408 2 ESTIMATOR 0. 0.
92.510 2 STATE_FILTER_STATUS 3 0
92.513 2 ATTITUDE 1.333187 -1.126183 -1.432345
92.617 2 CALIBRATION 0. 0
92.623 2 GPS 0 1130805120 0 0 -17000 0 0 0 95250 12 14
92.625 2 SVINFO 14 31 16 1 0 -91 0
92.708 2 PPRZ_MODE 2 0 0 0 0 6
92.816 2 ALIVE |230,211,7,119,139,132,131,197,163,190,112,212,39,64,86,148|
92.820 2 WP_MOVED 0 348907. 5945757. 660. 12
92.869 2 GPS 0 1130805120 0 0 -17000 0 0 0 95500 12 15
92.870 2 SVINFO 15 32 16 1 0 -91 0
92.916 2 ENERGY 16.299999 0. 0 0.
92.918 2 DL_VALUE 20 0.01
92.921 2 ESTIMATOR 0. 0.
92.925 2 DOWNLINK_STATUS 0 93 42073 2049 1 536. 27. 44.8
93.016 2 NAVIGATION 0 1 10959186. -5945715. 0. 1.55455284314e+14 0 0
93.019 2 ATTITUDE 1.333549 -1.126039 -1.432167
93.119 2 GPS 0 1130805120 0 0 -17000 0 0 0 95750 12 16
93.120 2 SVINFO 0 2 16 1 0 -91 0
93.209 2 IMU_GYRO -0.029785 0.022217 -0.051025
93.267 2 DESIRED 0. 0.14 0. 0. 0. 655. 0. 15.
93.314 2 BAT 0 163 0 0 0 96 0 0
93.318 2 WP_MOVED 1 348865. 5945715. 660. 12
93.353 2 WIND_INFO 2 42 0. 0. 0.
93.368 2 GPS 0 1130805120 0 0 -17000 0 0 0 96000 12 1
93.371 2 SVINFO 1 3 16 1 0 -91 0
93.398 2 FBW_STATUS 2 0 1 163 0
93.414 2 ESTIMATOR 0. 0.
93.509 2 ATTITUDE 1.334674 -1.126596 -1.432319
93.618 2 GPS 0 1130805120 0 0 -17000 0 0 0 96250 12 2
93.621 2 SVINFO 2 4 16 1 0 -91 0
93.810 2 WP_MOVED 2 348895. 5945815. 660. 12
93.869 2 GPS 0 1130805120 0 0 -17000 0 0 0 96500 12 3
93.871 2 SVINFO 3 5 16 1 0 -91 0
93.908 2 ESTIMATOR 0. 0.
93.925 2 DOWNLINK_STATUS 0 94 42483 2068 1 410. 19. 44.8
94.017 2 NAVIGATION 0 1 10959186. -5945715. 0. 1.55455284314e+14 0 0
94.019 2 ATTITUDE 1.335546 -1.126939 -1.432365
94.118 2 GPS 0 1130805120 0 0 -17000 0 0 0 96750 12 4
94.120 2 SVINFO 4 6 16 1 0 -91 0
94.206 2 DOWNLINK 0 434 2117
94.326 2 GPS_SOL 649735744 100000 9999 0
94.329 2 IMU_GYRO -0.030762 0.02124 -0.051025
94.335 2 DESIRED 0. 0.14 0. 0. 0. 655. 0. 15.
94.338 2 WP_MOVED 3 348965.09375 5945786. 660. 12
94.368 2 GPS 0 1130805120 0 0 -17000 0 0 0 97000 12 5
94.370 2 SVINFO 5 7 16 1 0 -91 0
94.414 2 DL_VALUE 21 0.1
94.417 2 BAT 0 163 0 0 0 97 0 0
94.420 2 ESTIMATOR 0. 0.
94.509 2 ATTITUDE 1.335938 -1.126729 -1.432159
94.618 2 GPS 0 1130805120 0 0 -17000 0 0 0 97250 12 6
94.620 2 SVINFO 6 9 16 1 0 -91 0
94.707 2 CALIBRATION 0. 0
94.810 2 WP_MOVED 4 348764.6875 5945795. 660. 12
94.868 2 GPS 0 1130805120 0 0 -17000 0 0 0 97500 12 7
94.871 2 SVINFO 7 10 16 1 0 -91 0
94.908 2 ESTIMATOR 0. 0.
94.925 2 DOWNLINK_STATUS 0 95 42928 2090 1 445. 22. 44.8
95.016 2 NAVIGATION 0 1 10959186. -5945715. 0. 1.55455284314e+14 0 0
95.020 2 ATTITUDE 1.337126 -1.127409 -1.431959
95.118 2 GPS 0 1130805120 0 0 -17000 0 0 0 97750 12 8
95.121 2 SVINFO 8 11 16 1 0 -91 0
95.310 2 WP_MOVED 5 348740. 5945760. 660. 12
95.378 2 DESIRED 0. 0.14 0. 0. 0. 655. 0. 15.
95.382 2 GPS 0 1130805120 0 0 -17000 0 0 0 98000 12 9
95.385 2 SVINFO 9 13 16 1 0 -91 0
95.391 2 FBW_STATUS 2 0 1 163 0
95.417 2 ENERGY 16.299999 0. 0 0.
95.420 2 IMU_GYRO -0.030762 0.022217 -0.052002
95.422 2 ESTIMATOR 0. 0.
95.450 2 PONG 
95.515 2 BAT 0 163 0 0 0 98 0 0
95.518 2 ATTITUDE 1.33779 -1.127412 -1.432166
95.618 2 GPS 0 1130805120 0 0 -17000 0 0 0 98250 12 10
95.620 2 SVINFO 10 20 16 4 21 -91 0
95.811 2 WP_MOVED 6 348665. 5945815. 660. 12
95.868 2 GPS 0 1130805120 0 0 -17000 0 0 0 98500 12 11
95.870 2 SVINFO 11 27 16 1 0 -91 0
95.909 2 DL_VALUE 22 0.
95.912 2 ESTIMATOR 0. 0.
95.925 2 DOWNLINK_STATUS 0 96 43375 2112 1 447. 22. 48.99
96.016 2 NAVIGATION 0 1 10959186. -5945715. 0. 1.55455284314e+14 0 0
96.019 2 ATTITUDE 1.338389 -1.126324 -1.432365
96.118 2 GPS 0 1130805120 0 0 -17000 0 0 0 98750 12 12
96.120 2 SVINFO 12 29 16 1 0 -91 0
96.210 2 NAVIGATION_REF 348865 5945715 12 605.
96.313 2 GPS_SOL 649744768 100000 9999 0
96.317 2 WP_MOVED 7 349065. 5946015. 660. 12
96.368 2 GPS 0 1130805120 0 0 -17000 0 0 0 99000 12 13
96.371 2 SVINFO 13 30 16 1 0 -91 0
96.420 2 DESIRED 0. 0.14 0. 0. 0. 655. 0. 15.
96.423 2 ESTIMATOR 0. 0.
96.513 2 IMU_GYRO -0.032959 0.030762 -0.062744
96.517 2 ATTITUDE 1.338643 -1.125002 -1.432702
96.621 2 BAT 0 163 0 0 0 99 0 0
96.626 2 GPS 0 1130805120 0 0 -17000 0 0 0 99250 12 14
96.629 2 SVINFO 14 31 16 1 0 -91 0
96.810 2 CALIBRATION 0. 0
96.814 2 WP_MOVED 0 348907. 5945757. 660. 12
96.867 2 GPS 0 1130805120 0 0 -17000 0 0 0 99500 12 15
96.870 2 SVINFO 15 32 16 1 0 -91 0
96.907 2 ESTIMATOR 0. 0.
96.926 2 DOWNLINK_STATUS 0 97 43817 2133 1 442. 21. 48.99
97.016 2 NAVIGATION 0 1 10959186. -5945715. 0. 1.55455284314e+14 0 0
97.019 2 ATTITUDE 1.34199 -1.129887 -1.433633
97.118 2 GPS 0 1130805120 0 0 -17000 0 0 0 99750 12 16
97.120 2 SVINFO 0 2 16 1 0 -91 0
97.193 2 ACTUATORS |1000,1500,1000,2000,2000,1500|
97.293 2 COMMANDS |0,-9600,9600,0,0,0|
97.310 2 WP_MOVED 1 348865. 5945715. 660. 12
97.368 2 GPS 0 1130805120 0 0 -17000 0 0 0 100000 12 1
97.370 2 SVINFO 1 3 16 1 0 -91 0
97.391 2 FBW_STATUS 2 0 1 163 0
97.409 2 DL_VALUE 23 0.05
97.412 2 ESTIMATOR 0. 0.
97.468 2 DESIRED 0. 0.14 0. 0. 0. 655. 0. 15.
97.510 2 STATE_FILTER_STATUS 3 0
97.513 2 ATTITUDE 1.339835 -1.126797 -1.434019
97.619 2 IMU_GYRO -0.037109 0.008301 -0.049805
97.625 2 GPS 0 1130805120 0 0 -17000 0 0 0 100250 12 2
97.628 2 SVINFO 2 4 16 1 0 -91 0
97.712 2 PPRZ_MODE 2 0 0 0 0 6
97.715 2 BAT 0 163 0 0 0 100 0 0
97.816 2 ALIVE |230,211,7,119,139,132,131,197,163,190,112,212,39,64,86,148|
97.819 2 WP_MOVED 2 348895. 5945815. 660. 12
97.868 2 GPS 0 1130805120 0 0 -17000 0 0 0 100500 12 3
97.870 2 SVINFO 3 5 16 1 0 -91 0
97.913 2 ENERGY 16.299999 0. 0 0.
97.915 2 ESTIMATOR 0. 0.
97.927 2 DOWNLINK_STATUS 0 98 44340 2159 1 523. 26. 48.99
98.016 2 NAVIGATION 0 1 10959186. -5945715. 0. 1.55455284314e+14 0 0
98.019 2 ATTITUDE 1.337474 -1.123307 -1.433928
98.118 2 GPS 0 1130805120 0 0 -17000 0 0 0 100750 12 4
98.120 2 SVINFO 4 6 16 1 0 -91 0
98.313 2 GPS_SOL 649753984 100000 9999 0
98.316 2 WP_MOVED 3 348965.09375 5945786. 660. 12
98.368 2 GPS 0 1130805120 0 0 -17000 0 0 0 101000 12 5
98.370 2 SVINFO 5 7 16 1 0 -91 0
98.407 2 ESTIMATOR 0. 0.
98.521 2 DESIRED 0. 0.14 0. 0. 0. 655. 0. 15.
98.524 2 ATTITUDE 1.337226 -1.123067 -1.434606
98.618 2 GPS 0 1130805120 0 0 -17000 0 0 0 101250 12 6
98.620 2 SVINFO 6 9 16 1 0 -91 0
98.709 2 IMU_GYRO -0.039307 0.014893 -0.052002
98.815 2 BAT 0 163 0 0 0 101 0 0
98.818 2 WP_MOVED 4 348764.6875 5945795. 660. 12
98.868 2 GPS 0 1130805120 0 0 -17000 0 0 0 101500 12 7
98.871 2 SVINFO 7 10 16 1 0 -91 0
98.912 2 CALIBRATION 0. 0
98.914 2 DL_VALUE 24 0.
98.916 2 ESTIMATOR 0. 0.
98.927 2 DOWNLINK_STATUS 0 99 44774 2180 1 434. 21. 48.99
99.016 2 NAVIGATION 0 1 10959186. -5945715. 0. 1.55455284314e+14 0 0
99.019 2 ATTITUDE 1.332971 -1.118283 -1.436483
99.118 2 GPS 0 1130805120 0 0 -17000 0 0 0 101750 12 8
99.121 2 SVINFO 8 11 16 1 0 -91 0
99.310 2 DOWNLINK 0 449 2229
99.315 2 WP_MOVED 5 348740. 5945760. 660. 12
99.367 2 GPS 0 1130805120 0 0 -17000 0 0 0 102000 12 9
99.370 2 SVINFO 9 13 16 1 0 -91 0
99.390 2 FBW_STATUS 2 0 1 163 0
99.407 2 ESTIMATOR 0. 0.
99.509 2 ATTITUDE 1.314281 -1.097353 -1.439475
99.928 2 DOWNLINK_STATUS 0 100 44990 2191 1 216. 11. 48.99
100.929 2 DOWNLINK_STATUS 0 101 44990 2191 1 0. 0. -4951.52
101.929 2 DOWNLINK_STATUS 0 102 44990 2191 1 0. 0. -4951.52
102.931 2 DOWNLINK_STATUS 0 103 44990 2191 1 0. 0. -4951.52
103.354 2 WIND_INFO 2 42 0. 0. 0.
103.932 2 DOWNLINK_STATUS 0 104 44990 2191 1 0. 0. -4951.52
104.933 2 DOWNLINK_STATUS 0 105 44990 2191 1 0. 0. -4951.52
105.934 2 DOWNLINK_STATUS 0 106 44990 2191 1 0. 0. -9952.65
106.935 2 DOWNLINK_STATUS 0 107 44990 2191 1 0. 0. -9952.65
107.936 2 DOWNLINK_STATUS 0 108 44990 2191 1 0. 0. -9952.65
108.937 2 DOWNLINK_STATUS 0 109 44990 2191 1 0. 0. -9952.65
109.937 2 DOWNLINK_STATUS 0 110 44990 2191 1 0. 0. -9952.65
110.938 2 DOWNLINK_STATUS 0 111 44990 2191 1 0. 0. -14953.33
111.940 2 DOWNLINK_STATUS 0 112 44990 2191 1 0. 0. -14953.33
112.941 2 DOWNLINK_STATUS 0 113 44990 2191 1 0. 0. -14953.33
113.354 2 WIND_INFO 2 42 0. 0. 0.
113.942 2 DOWNLINK_STATUS 0 114 44990 2191 1 0. 0. -14953.33
114.943 2 DOWNLINK_STATUS 0 115 44990 2191 1 0. 0. -14953.33
115.945 2 DOWNLINK_STATUS 0 116 44990 2191 1 0. 0. -19954.33
116.946 2 DOWNLINK_STATUS 0 117 44990 2191 1 0. 0. -19954.33
117.947 2 DOWNLINK_STATUS 0 118 44990 2191 1 0. 0. -19954.33
118.949 2 DOWNLINK_STATUS 0 119 44990 2191 1 0. 0. -19954.33
119.950 2 DOWNLINK_STATUS 0 120 44990 2191 1 0. 0. -19954.33
120.928 2 BOOT 1
120.930 2 PPRZ_MODE 2 0 0 0 0 6
120.951 2 DOWNLINK_STATUS 0 121 45010 2193 1 20. 2. -24955.09
121.013 2 COMMANDS |0,0,0,0,0,0|
121.030 2 DOWNLINK 0 7 4
121.034 2 WP_MOVED 1 348865. 5945715. 660. 12
121.953 2 DOWNLINK_STATUS 0 122 45060 2196 1 50. 3. -24955.09
