4.915 1 ATTITUDE 0. 0. 0.
4.918 1 WP_MOVED 3 360295.09375 4813785. 260. 31
4.921 1 IMU_ACCEL 0.267578 -9.852539 0.209961
4.925 1 BAT 54 68 0 0 1 1 0 0
4.931 1 GPS 0 16602147 0 0 -17000 0 0 0 1250 31 5
4.932 1 SVINFO 5 6 16 1 0 -91 0
4.938 1 NAVIGATION 0 2 -194263.5 -4813595. 0. 2.32084345979e+13 0 0
4.940 1 ATTITUDE 0. 0. 0.
4.947 1 DESIRED 0. 0. 0. 0. 0. 235. 0. 20.
4.948 1 DOWNLINK 0 282 68
4.952 1 ATTITUDE 0. 0. 0.
4.954 1 NAVIGATION_REF 360285 4813595 31
4.990 1 DOWNLINK_STATUS 0 5 1310 61 0 942. 44. 0.
5.093 1 ATTITUDE 0. 0. 0.
5.099 1 DESIRED 0. 0. 0. 0. 0. 235. 0. 20.
5.105 1 GPS 0 16602147 0 0 -17000 0 0 0 1500 31 6
5.108 1 SVINFO 6 7 16 1 0 -91 0
5.111 1 IMU_GYRO -0.049805 0.006348 -0.011475
5.382 1 NAVIGATION 0 2 -194263.5 -4813595. 0. 2.32084345979e+13 0 0
5.385 1 ATTITUDE 0. 0. 0.
5.387 1 ESTIMATOR -17. 0.
5.391 1 NAVIGATION 0 2 -194263.5 -4813595. 0. 2.32084345979e+13 0 0
5.396 1 ATTITUDE 0. 0. 0.
5.402 1 DESIRED 0. 0. 0. 0. 0. 235. 0. 20.
5.405 1 WP_MOVED 4 360417.3125 4813734. 260. 31
5.409 1 IMU_MAG -2.754883 -2.369141 -3.952148
5.415 1 GPS 0 16602147 0 0 -17000 0 0 0 1750 31 7
5.416 1 SVINFO 7 8 16 1 0 -91 0
5.419 1 FBW_STATUS 0 50 0 68 0
5.485 1 NAVIGATION 0 2 -194263.5 -4813595. 0. 2.32084345979e+13 0 0
5.487 1 ATTITUDE 0. 0. 0.
5.623 1 ATTITUDE 0. 0. 0.
5.630 1 DESIRED 0. 0. 0. 0. 0. 235. 0. 20.
5.632 1 PPRZ_MODE 0 0 0 0 0 17
5.991 1 DOWNLINK_STATUS 0 6 1783 82 0 473. 21. -1.39481889213e+12
6.234 1 ATTITUDE 0. 0. 0.
6.239 1 GPS 0 16602147 0 0 -17000 0 0 0 2000 31 8
6.242 1 SVINFO 8 9 16 1 0 -91 0
6.245 1 IMU_ACCEL 0.272461 -9.867188 0.176758
6.247 1 DL_VALUE 1 0.
6.251 1 NAVIGATION 0 2 -194263.5 -4813595. 0. 2.32084345979e+13 0 0
6.255 1 ATTITUDE 0. 0. 0.
6.261 1 DESIRED 0. 0. 0. 0. 0. 235. 0. 20.
6.264 1 ESTIMATOR -17. 0.
6.267 1 IMU_GYRO -0.052979 0.006348 -0.010498
6.270 1 ATTITUDE 0. 0. 0.
6.273 1 WP_MOVED 5 360422. 4813583.5 260. 31
6.528 1 GPS 0 16602147 0 0 -17000 0 0 0 2250 31 9
6.530 1 SVINFO 9 10 16 1 0 -91 0
6.941 1 NAVIGATION 0 2 -194263.5 -4813595. 0. 2.32084345979e+13 0 0
6.943 1 ATTITUDE 0. 0. 0.
6.949 1 DESIRED 0. 0. 0. 0. 0. 235. 0. 20.
6.953 1 BAT 54 68 0 0 1 2 0 0
6.992 1 DOWNLINK_STATUS 0 7 2179 100 0 396. 18. -1.39481889213e+12
7.118 1 ATTITUDE 0. 0. 0.
7.121 1 ATTITUDE 0. 0. 0.
7.128 1 DESIRED 0. 0. 0. 0. 0. 235. 0. 20.
7.134 1 GPS 0 16602147 0 0 -17000 0 0 0 2500 31 10
7.136 1 SVINFO 10 11 16 1 0 -91 0
7.407 1 NAVIGATION 0 2 -194263.5 -4813595. 0. 2.32084345979e+13 0 0
7.410 1 ATTITUDE 0. 0. 0.
7.412 1 ESTIMATOR -17. 0.
7.417 1 NAVIGATION 0 2 -194263.5 -4813595. 0. 2.32084345979e+13 0 0
7.420 1 GPS_SOL 649519232 100000 9999 0
7.423 1 ATTITUDE 0. 0. 0.
7.430 1 DESIRED 0. 0. 0. 0. 0. 235. 0. 20.
7.433 1 WP_MOVED 6 360165.8125 4813664.5 260. 31
7.436 1 IMU_GYRO -0.052979 0.005127 -0.010498
7.442 1 GPS 0 16602147 0 0 -17000 0 0 0 2750 31 11
7.444 1 SVINFO 11 12 16 1 0 -91 0
7.534 1 NAVIGATION 0 2 -194263.5 -4813595. 0. 2.32084345979e+13 0 0
7.537 1 ATTITUDE 0. 0. 0.
7.541 1 IMU_ACCEL 0.262695 -9.847656 0.244141
7.542 1 CALIBRATION 0. 0
7.822 1 ATTITUDE 0. 0. 0.
7.830 1 DESIRED 0. 0. 0. 0. 0. 235. 0. 20.
7.831 1 PPRZ_MODE 0 0 0 0 0 17
7.834 1 ATTITUDE 0. 0. 0.
7.839 1 GPS 0 16602147 0 0 -17000 0 0 0 3000 31 12
7.842 1 SVINFO 12 13 16 1 0 -91 0
7.845 1 IMU_MAG -2.756836 -2.373535 -3.949219
7.850 1 NAVIGATION 0 2 -194263.5 -4813595. 0. 2.32084345979e+13 0 0
7.853 1 ATTITUDE 0. 0. 0.
7.859 1 DESIRED 0. 0. 0. 0. 0. 235. 0. 20.
7.862 1 ESTIMATOR -17. 0.
7.863 1 STATE_FILTER_STATUS 2 0
7.935 1 ATTITUDE 0. 0. 0.
7.938 1 WP_MOVED 7 360559.40625 4813804.5 260. 31
7.993 1 DOWNLINK_STATUS 0 8 2909 134 0 730. 34. -1.39481889213e+12
8.059 1 GPS 0 16602147 0 0 -17000 0 0 0 3250 31 13
8.061 1 SVINFO 13 14 16 1 0 -91 0
8.161 1 NAVIGATION 0 2 -194263.5 -4813595. 0. 2.32084345979e+13 0 0
8.332 1 ATTITUDE 0. 0. 0.
8.339 1 DESIRED 0. 0. 0. 0. 0. 235. 0. 20.
8.342 1 IMU_GYRO -0.051025 0.007324 -0.010498
8.345 1 ATTITUDE 0. 0. 0.
8.349 1 BAT 54 68 0 0 1 3 0 0
8.620 1 ATTITUDE 0. 0. 0.
8.626 1 DESIRED 0. 0. 0. 0. 0. 235. 0. 20.
8.632 1 GPS 0 16602147 0 0 -17000 0 0 0 3500 31 14
8.634 1 SVINFO 14 15 16 1 0 -91 0
8.636 1 DL_VALUE 2 235.
8.641 1 NAVIGATION 0 2 -194263.5 -4813595. 0. 2.32084345979e+13 0 0
8.644 1 ATTITUDE 0. 0. 0.
8.646 1 ESTIMATOR -17. 0.
8.649 1 IMU_ACCEL 0.277344 -9.857422 0.186523
8.654 1 NAVIGATION 0 2 -194263.5 -4813595. 0. 2.32084345979e+13 0 0
8.654 1 PONG 
8.657 1 ATTITUDE 0. 0. 0.
8.907 1 DESIRED 0. 0. 0. 0. 0. 235. 0. 20.
8.911 1 WP_MOVED 8 360462.40625 4813640. 215. 31
8.916 1 GPS 0 16602147 0 0 -17000 0 0 0 3750 31 15
8.919 1 SVINFO 15 16 16 1 0 -91 0
8.921 1 FBW_STATUS 0 51 0 68 0
8.935 1 DESIRED 0. 0. 0. 0. 0. 235. 0. 20.
8.938 1 IMU_GYRO -0.051025 0.007324 -0.010498
8.940 1 PPRZ_MODE 0 0 0 0 0 17
8.943 1 ATTITUDE 0. 0. 0.
8.993 1 DOWNLINK_STATUS 0 9 3541 163 1 632. 29. 3165.85
9.181 1 GPS 0 16602147 0 0 -17000 0 0 0 4000 31 16
9.182 1 SVINFO 0 1 16 1 0 -91 0
9.187 1 NAVIGATION 0 2 -194263.5 -4813595. 0. 2.32084345979e+13 0 0
9.190 1 ATTITUDE 0. 0. 0.
9.197 1 DESIRED 0. 0. 0. 0. 0. 235. 0. 20.
9.199 1 ESTIMATOR -17. 0.
9.202 1 ATTITUDE 0. 0. 0.
9.206 1 WP_MOVED 9 360313.8125 4813652. 185. 31
9.211 1 GPS 0 16602147 0 0 -17000 0 0 0 4250 31 1
9.214 1 SVINFO 1 2 16 1 0 -91 0
9.218 1 NAVIGATION 0 2 -194263.5 -4813595. 0. 2.32084345979e+13 0 0
9.340 1 ATTITUDE 0. 0. 0.
9.346 1 DESIRED 0. 0. 0. 0. 0. 235. 0. 20.
9.349 1 IMU_MAG -2.759766 -2.37207 -3.92334
9.353 1 ATTITUDE 0. 0. 0.
9.356 1 IMU_ACCEL 0.305664 -9.867188 0.166992
9.629 1 ATTITUDE 0. 0. 0.
9.636 1 DESIRED 0. 0. 0. 0. 0. 235. 0. 20.
9.641 1 GPS 0 16602147 0 0 -17000 0 0 0 4500 31 2
9.644 1 SVINFO 2 3 16 1 0 -91 0
9.647 1 IMU_GYRO -0.051025 0.007324 -0.010498
9.651 1 NAVIGATION 0 2 -194263.5 -4813595. 0. 2.32084345979e+13 0 0
9.654 1 ATTITUDE 0. 0. 0.
9.657 1 ESTIMATOR -17. 0.
9.661 1 NAVIGATION 0 2 -194263.5 -4813595. 0. 2.32084345979e+13 0 0
9.664 1 GPS_SOL 649519552 100000 9999 0
9.667 1 ATTITUDE 0. 0. 0.
9.819 1 DESIRED 0. 0. 0. 0. 0. 235. 0. 20.
9.822 1 WP_MOVED 10 360453.8125 4813581. 260. 31
9.828 1 GPS 0 16602147 0 0 -17000 0 0 0 4750 31 3
9.830 1 SVINFO 3 4 16 1 0 -91 0
9.835 1 NAVIGATION 0 2 -194263.5 -4813595. 0. 2.32084345979e+13 0 0
9.838 1 ATTITUDE 0. 0. 0.
9.977 1 COMMANDS 54,196,224,0,-266
9.980 1 ATTITUDE 0. 0. 0.
9.987 1 DESIRED 0. 0. 0. 0. 0. 235. 0. 20.
9.989 1 PPRZ_MODE 0 0 0 0 0 17
9.990 1 CALIBRATION 0. 0
9.994 1 DOWNLINK_STATUS 0 10 4390 201 1 849. 38. 3165.85
10.154 1 ACTUATORS 1195,1560,1508,1508,1353
10.320 1 ATTITUDE 0. 0. 0.
10.320 1 GPS 0 16602147 0 0 -17000 0 0 0 5000 31 4
10.320 1 SVINFO 4 5 16 1 0 -91 0
10.320 1 DL_VALUE 3 0.
10.320 1 NAVIGATION 0 2 -194263.5 -4813595. 0. 2.32084345979e+13 0 0
10.352 1 ATTITUDE 0. 0. 0.
10.358 1 DESIRED 0. 0. 0. 0. 0. 235. 0. 20.
10.361 1 ESTIMATOR -17. 0.
10.364 1 IMU_GYRO -0.052002 0.007324 -0.011475
10.367 1 ATTITUDE 0. 0. 0.
10.371 1 WP_MOVED 11 360170.5 4813757.5 260. 31
10.375 1 IMU_ACCEL 0.282227 -9.862305 0.229492
10.634 1 GPS 0 16602147 0 0 -17000 0 0 0 5250 31 5
10.636 1 SVINFO 5 6 16 1 0 -91 0
10.641 1 NAVIGATION 0 2 -194263.5 -4813595. 0. 2.32084345979e+13 0 0
10.644 1 ATTITUDE 0. 0. 0.
10.650 1 DESIRED 0. 0. 0. 0. 0. 235. 0. 20.
10.652 1 STATE_FILTER_STATUS 2 0
10.655 1 ATTITUDE 0. 0. 0.
10.658 1 ATTITUDE 0. 0. 0.
10.665 1 DESIRED 0. 0. 0. 0. 0. 235. 0. 20.
10.670 1 GPS 0 16602147 0 0 -17000 0 0 0 5500 31 6
10.994 1 DOWNLINK_STATUS 0 11 4898 224 1 508. 23. -1834.44
11.664 1 SVINFO 6 7 16 1 0 -91 0
11.669 1 NAVIGATION 0 2 -194263.5 -4813595. 0. 2.32084345979e+13 0 0
11.672 1 ATTITUDE 0. 0. 0.
11.674 1 ESTIMATOR -17. 0.
11.679 1 NAVIGATION 0 2 -194263.5 -4813595. 0. 2.32084345979e+13 0 0
11.682 1 BAT 54 68 0 0 1 5 0 0
11.685 1 IMU_MAG -2.759766 -2.37207 -3.945801
11.689 1 ATTITUDE 0. 0. 0.
11.695 1 DESIRED 0. 0. 0. 0. 0. 235. 0. 20.
11.699 1 WP_MOVED 0 360327. 4813637. 260. 31
11.702 1 IMU_GYRO -0.051025 0.007324 -0.010498
11.813 1 SETTING 0 1 3.
11.995 1 DOWNLINK_STATUS 0 12 5129 235 1 231. 11. -1834.44
12.273 1 GPS 0 16602147 0 0 -17000 0 0 0 5750 31 7
12.276 1 SVINFO 7 8 16 1 0 -91 0
12.277 1 FBW_STATUS 0 51 0 68 0
12.283 1 NAVIGATION 0 2 -194263.5 -4813595. 0. 2.32084345979e+13 0 0
12.286 1 ATTITUDE 0. 0. 0.
12.289 1 ATTITUDE 0.066775 0.84134 -0.063214
12.296 1 DESIRED 0. 0.01 0. 0. 0. 235. 0. 20.
12.297 1 PPRZ_MODE 0 0 0 0 0 17
12.300 1 ATTITUDE 0.066803 0.841359 -0.063245
12.306 1 GPS 0 16602147 0 0 -17000 0 0 0 6000 31 8
12.308 1 SVINFO 8 9 16 1 0 -91 0
12.311 1 IMU_ACCEL 0.287109 -9.852539 0.224609
12.315 1 ENERGY 6.8 0. 0 0.
12.753 1 NAVIGATION 0 2 -194263.5 -4813595. 0. 2.32084345979e+13 0 0
12.756 1 ATTITUDE 0.066868 0.841402 -0.063265
12.763 1 DESIRED 0. 0.01 0. 0. 0. 235. 0. 20.
12.765 1 ESTIMATOR -17. 0.
12.769 1 ALIVE 0,140,247,21,200,69,224,159,186,40,112,14,148,154,242,249
12.772 1 ATTITUDE 0.066912 0.841393 -0.063267
12.775 1 WP_MOVED 1 360285. 4813595. 260. 31
12.996 1 DOWNLINK_STATUS 0 13 5563 255 1 434. 20. -1834.44
13.822 1 GPS 0 16602147 0 0 -17000 0 0 0 6250 31 9
13.825 1 SVINFO 9 10 16 1 0 -91 0
13.829 1 NAVIGATION 0 2 -194263.5 -4813595. 0. 2.32084345979e+13 0 0
13.833 1 ATTITUDE 0.066967 0.841374 -0.06327
13.839 1 DESIRED 0. 0.01 0. 0. 0. 235. 0. 20.
13.842 1 IMU_GYRO -0.052002 0.007324 -0.010498
13.845 1 ATTITUDE 0.066995 0.841414 -0.063272
13.847 1 DOWNLINK 2 887 275
13.850 1 ATTITUDE 0.067056 0.841407 -0.063243
13.857 1 DESIRED 0. 0.01 0. 0. 0. 235. 0. 20.
13.996 1 DOWNLINK_STATUS 0 14 5795 265 1 232. 10. -1834.44
14.076 1 GPS 0 16602147 0 0 -17000 0 0 0 6500 31 10
14.078 1 SVINFO 10 11 16 1 0 -91 0
14.079 1 DL_VALUE 4 0.
14.085 1 NAVIGATION 0 2 -194263.5 -4813595. 0. 2.32084345979e+13 0 0
14.088 1 ATTITUDE 0.067045 0.841365 -0.063191
14.089 1 ESTIMATOR -17. 0.
14.095 1 NAVIGATION 0 2 -194263.5 -4813595. 0. 2.32084345979e+13 0 0
14.097 1 GPS_SOL 649520064 100000 9999 0
14.101 1 ATTITUDE 0.067091 0.841382 -0.063159
14.108 1 DESIRED 0. 0.01 0. 0. 0. 235. 0. 20.
14.111 1 WP_MOVED 2 360334.5 4813695. 260. 31
14.257 1 BAT 54 68 0 0 1 6 0 0
14.263 1 GPS 0 16602147 0 0 -17000 0 0 0 6750 31 11
14.265 1 SVINFO 11 12 16 1 0 -91 0
14.270 1 NAVIGATION 0 2 -194263.5 -4813595. 0. 2.32084345979e+13 0 0
14.273 1 ATTITUDE 0.067135 0.84136 -0.063155
14.276 1 IMU_ACCEL 0.287109 -9.862305 0.229492
14.505 1 ATTITUDE 0.067124 0.841317 -0.063151
14.512 1 DESIRED 0. 0.01 0. 0. 0. 235. 0. 20.
14.515 1 IMU_GYRO -0.051025 0.007324 -0.009521
14.517 1 PPRZ_MODE 0 0 0 0 0 17
14.520 1 IMU_MAG -2.766113 -2.376465 -3.835938
14.523 1 ATTITUDE 0.067099 0.841343 -0.063142
14.529 1 GPS 0 16602147 0 0 -17000 0 0 0 7000 31 12
14.531 1 SVINFO 12 13 16 1 0 -91 0
14.533 1 CALIBRATION 0. 0
14.538 1 NAVIGATION 0 2 -194263.5 -4813595. 0. 2.32084345979e+13 0 0
14.673 1 ATTITUDE 0.067104 0.841367 -0.063121
14.680 1 DESIRED 0. 0.01 0. 0. 0. 235. 0. 20.
14.682 1 ESTIMATOR -17. 0.
14.686 1 ATTITUDE 0.067148 0.841398 -0.063124
14.689 1 WP_MOVED 3 360295.09375 4813785. 260. 31
14.964 1 GPS 0 16602147 0 0 -17000 0 0 0 7250 31 13
14.966 1 SVINFO 13 14 16 1 0 -91 0
14.971 1 NAVIGATION 0 2 -194263.5 -4813595. 0. 2.32084345979e+13 0 0
14.974 1 ATTITUDE 0.067118 0.841372 -0.063168
14.981 1 DESIRED 0. 0.01 0. 0. 0. 235. 0. 20.
14.984 1 ATTITUDE 0.067148 0.841306 -0.063139
14.987 1 ATTITUDE 0.067152 0.84138 -0.063124
14.994 1 DESIRED 0. 0.01 0. 0. 0. 235. 0. 20.
14.997 1 DOWNLINK_STATUS 0 15 6677 305 1 882. 40. -1834.44
14.999 1 GPS 0 16602147 0 0 -17000 0 0 0 7500 31 14
15.001 1 SVINFO 14 15 16 1 0 -91 0
15.095 1 WIND_INFO 1 42 0. 0. 0.
15.248 1 IMU_GYRO -0.052002 0.007324 -0.010498
15.252 1 NAVIGATION 0 2 -194263.5 -4813595. 0. 2.32084345979e+13 0 0
15.255 1 ATTITUDE 0.067177 0.841408 -0.063081
15.258 1 ESTIMATOR -17. 0.
15.261 1 IMU_ACCEL 0.272461 -9.881836 0.224609
15.265 1 NAVIGATION 0 2 -194263.5 -4813595. 0. 2.32084345979e+13 0 0
15.269 1 ATTITUDE 0.067196 0.841465 -0.063099
15.275 1 DESIRED 0. 0.01 0. 0. 0. 235. 0. 20.
15.279 1 WP_MOVED 4 360417.3125 4813734. 260. 31
15.284 1 GPS 0 16602147 0 0 -17000 0 0 0 7750 31 15
15.287 1 SVINFO 15 16 16 1 0 -91 0
15.289 1 FBW_STATUS 0 48 0 68 0
15.893 1 NAVIGATION 0 2 -194263.5 -4813595. 0. 2.32084345979e+13 0 0
15.896 1 ATTITUDE 0.067196 0.841481 -0.063102
15.900 1 BAT 54 68 0 0 1 8 0 0
15.903 1 ATTITUDE 0.067177 0.841422 -0.063132
15.910 1 DESIRED 0. 0.01 0. 0. 0. 235. 0. 20.
15.917 1 ESTIMATOR -17. 0.
15.922 1 NAVIGATION 0 2 -194263.5 -4813595. 0. 2.32084345979e+13 0 0
15.924 1 GPS_SOL 649520768 100000 9999 0
15.928 1 ATTITUDE 0.067413 0.8413 -0.063036
15.997 1 DOWNLINK_STATUS 0 16 7178 328 2 501. 23. -6835.55
16.534 1 DESIRED 0. 0.01 0. 0. 0. 235. 0. 20.
16.537 1 WP_MOVED 6 360165.8125 4813664.5 260. 31
16.540 1 IMU_GYRO -0.052979 0.006348 -0.010498
16.545 1 GPS 0 16602147 0 0 -17000 0 0 0 8750 31 3
16.548 1 SVINFO 3 4 16 1 0 -91 0
16.552 1 NAVIGATION 0 2 -194263.5 -4813595. 0. 2.32084345979e+13 0 0
16.561 1 WP_MOVED 7 360559.40625 4813804.5 260. 31
16.565 1 IMU_ACCEL 0.277344 -9.881836 0.239258
16.570 1 GPS 0 16602147 0 0 -17000 0 0 0 9250 31 5
16.573 1 SVINFO 5 6 16 1 0 -91 0
16.577 1 NAVIGATION 0 2 -194263.5 -4813595. 0. 2.32084345979e+13 0 0
16.998 1 DOWNLINK_STATUS 0 17 7438 339 3 260. 11. -6835.55
17.180 1 ATTITUDE 0.067611 0.841344 -0.063046
17.187 1 DESIRED 0. 0.01 0. 0. 0. 235. 0. 20.
17.190 1 IMU_GYRO -0.051025 0.007324 -0.009521
17.193 1 ATTITUDE 0.067606 0.841398 -0.06304
17.196 1 ATTITUDE 0.067609 0.841333 -0.063031
17.213 1 WP_MOVED 8 360462.40625 4813640. 215. 31
17.214 1 STATE_FILTER_STATUS 3 0
17.220 1 GPS 0 16602147 0 0 -17000 0 0 0 9750 31 7
17.788 1 SVINFO 7 8 16 1 0 -91 0
17.789 1 FBW_STATUS 0 50 0 68 0
17.795 1 NAVIGATION 0 2 -194263.5 -4813595. 0. 2.32084345979e+13 0 0
17.797 1 ATTITUDE 0.067677 0.841422 -0.063018
17.800 1 COMMANDS 54,168,224,0,-266
17.803 1 ATTITUDE 0.067785 0.841436 -0.063002
17.814 1 IMU_GYRO_RAW -49 6 -11
17.818 1 IMU_MAG_RAW 275 398 -287
17.823 1 NAVIGATION 0 2 -194263.5 -4813595. 0. 2.32084345979e+13 0 0
17.825 1 IMU_ACCEL_RAW 56 -2055 42
17.828 1 IMU_GYRO_RAW -48 7 -9
17.999 1 DOWNLINK_STATUS 0 18 7816 358 5 378. 19. -6835.55
18.397 1 IMU_MAG_RAW 279 401 -377
18.400 1 IMU_ACCEL_RAW 56 -2055 41
18.403 1 IMU_GYRO_RAW -48 7 -10
18.406 1 IMU_MAG_RAW 277 400 -387
18.410 1 IMU_ACCEL_RAW 62 -2058 40
18.413 1 IMU_GYRO_RAW -48 6 -9
18.416 1 IMU_MAG_RAW 277 402 -382
18.425 1 IMU_GYRO_RAW -49 8 -10
18.428 1 IMU_MAG_RAW 273 399 -316
18.430 1 DL_VALUE 1 0.
18.434 1 NAVIGATION 0 2 -194263.5 -4813595. 0. 2.32084345979e+13 0 0
18.437 1 IMU_ACCEL_RAW 59 -2062 43
18.440 1 IMU_GYRO_RAW -48 6 -10
19.000 1 DOWNLINK_STATUS 0 19 8051 371 6 235. 13. -6835.55
19.044 1 IMU_MAG_RAW 278 402 -393
19.047 1 IMU_ACCEL_RAW 55 -2056 44
19.050 1 IMU_GYRO_RAW -49 5 -11
19.053 1 IMU_MAG_RAW 279 402 -392
19.056 1 BARO_RAW 0. 0.
19.059 1 IMU_ACCEL_RAW 70 -2059 47
19.062 1 IMU_GYRO_RAW -48 8 -11
19.069 1 IMU_GYRO_RAW -47 7 -11
19.072 1 IMU_MAG_RAW 270 395 -300
19.076 1 IMU_ACCEL_RAW 58 -2051 38
19.079 1 IMU_GYRO_RAW -50 7 -11
19.082 1 IMU_MAG_RAW 281 401 -384
19.686 1 NAVIGATION 0 2 -194263.5 -4813595. 0. 2.32084345979e+13 0 0
19.689 1 IMU_ACCEL_RAW 61 -2058 33
19.692 1 IMU_GYRO_RAW -50 7 -10
19.695 1 IMU_MAG_RAW 280 402 -384
19.698 1 IMU_ACCEL_RAW 57 -2056 47
19.701 1 IMU_GYRO_RAW -47 7 -10
19.704 1 IMU_MAG_RAW 279 399 -383
19.713 1 IMU_GYRO_RAW -49 6 -10
19.716 1 IMU_MAG_RAW 278 399 -378
19.719 1 IMU_ACCEL_RAW 61 -2059 44
19.722 1 IMU_GYRO_RAW -49 7 -10
19.726 1 IMU_MAG_RAW 277 401 -383
19.727 1 DL_VALUE 2 235.
20.001 1 DOWNLINK_STATUS 0 20 8498 396 8 447. 25. -6835.55
20.297 1 NAVIGATION 0 2 -194263.5 -4813595. 0. 2.32084345979e+13 0 0
20.300 1 IMU_ACCEL_RAW 59 -2057 44
20.303 1 IMU_GYRO_RAW -49 6 -11
20.306 1 IMU_MAG_RAW 279 399 -382
20.309 1 IMU_ACCEL_RAW 53 -2066 38
20.313 1 IMU_GYRO_RAW -47 7 -10
20.316 1 IMU_MAG_RAW 271 399 -302
20.318 1 BARO_RAW 0. 0.
20.321 1 IMU_ACCEL_RAW 60 -2057 42
20.324 1 IMU_GYRO_RAW -50 7 -10
20.328 1 IMU_MAG_RAW 280 401 -379
20.331 1 IMU_ACCEL_RAW 62 -2059 39
20.334 1 IMU_GYRO_RAW -48 7 -10
20.337 1 IMU_MAG_RAW 277 400 -386
21.002 1 DOWNLINK_STATUS 0 21 8754 410 8 256. 14. -11836.63
21.665 1 IMU_ACCEL_RAW 57 -2061 44
21.668 1 IMU_GYRO_RAW -48 5 -10
21.671 1 IMU_MAG_RAW 281 400 -382
21.676 1 NAVIGATION 0 2 -194263.5 -4813595. 0. 2.32084345979e+13 0 0
21.679 1 IMU_ACCEL_RAW 60 -2055 36
21.682 1 IMU_GYRO_RAW -48 6 -11
21.685 1 IMU_MAG_RAW 279 400 -384
21.692 1 IMU_GYRO_RAW -49 7 -10
21.695 1 IMU_MAG_RAW 271 398 -307
21.698 1 IMU_ACCEL_RAW 54 -2056 36
21.701 1 IMU_GYRO_RAW -50 7 -11
21.704 1 IMU_MAG_RAW 279 399 -380
21.708 1 IMU_ACCEL_RAW 59 -2061 47
22.003 1 DOWNLINK_STATUS 0 22 8996 423 9 242. 13. -11836.63
22.276 1 IMU_GYRO_RAW -47 6 -10
22.279 1 IMU_MAG_RAW 280 401 -376
22.281 1 DL_VALUE 3 0.
22.286 1 NAVIGATION 0 2 -194263.5 -4813595. 0. 2.32084345979e+13 0 0
22.289 1 IMU_ACCEL_RAW 56 -2064 42
22.292 1 IMU_GYRO_RAW -49 6 -9
22.295 1 IMU_MAG_RAW 278 397 -367
22.302 1 IMU_GYRO_RAW -50 6 -11
22.305 1 IMU_MAG_RAW 275 400 -369
22.308 1 IMU_ACCEL_RAW 54 -2061 47
22.311 1 IMU_GYRO_RAW -51 6 -10
22.314 1 IMU_MAG_RAW 278 399 -359
22.317 1 IMU_ACCEL_RAW 61 -2054 32
23.004 1 DOWNLINK_STATUS 0 23 9231 436 10 235. 13. -11836.63
23.343 1 IMU_GYRO_RAW -50 7 -9
23.346 1 IMU_MAG_RAW 280 398 -368
23.351 1 NAVIGATION 0 2 -194263.5 -4813595. 0. 2.32084345979e+13 0 0
23.354 1 IMU_ACCEL_RAW 57 -2058 35
23.357 1 IMU_GYRO_RAW -38 8 -11
23.360 1 IMU_MAG_RAW 282 398 -383
23.368 1 IMU_GYRO_RAW -56 6 -9
23.371 1 IMU_MAG_RAW 279 402 -371
23.375 1 ALIVE 0,140,247,21,200,69,224,159,186,40,112,14,148,154,242,249
23.378 1 IMU_ACCEL_RAW 66 -2056 42
23.381 1 IMU_GYRO_RAW -48 8 -11
23.384 1 IMU_MAG_RAW 281 399 -385
