2.098 1 NAVIGATION 0 2 -194263.5 -4813595. 0. 2.32084345979e+13 0 0
2.106 1 DESIRED 0. 0.01 0. 0. 0. 235. 0. 20.
2.111 1 GPS 0 16602147 0 0 -17000 0 0 0 46500 31 13
2.113 1 SVINFO 13 25 16 1 0 -91 0
2.116 1 IMU_GYRO -0.049805 0.010498 -0.007324
2.119 1 NAVIGATION_REF 360285 4813595 31
2.121 1 ESTIMATOR -17. 0.
2.126 1 NAVIGATION 0 2 -194263.5 -4813595. 0. 2.32084345979e+13 0 0
2.129 1 ATTITUDE -0.071825 -2.346591 -0.016281
2.314 1 NAVIGATION 0 2 -194263.5 -4813595. 0. 2.32084345979e+13 0 0
2.322 1 DESIRED 0. 0.01 0. 0. 0. 235. 0. 20.
2.324 1 WP_MOVED 10 360453.8125 4813581. 260. 31
2.327 1 GPS_SOL 649569280 100000 9999 0
2.333 1 GPS 0 16602147 0 0 -17000 0 0 0 46750 31 14
2.335 1 SVINFO 14 32 16 1 0 -91 0
2.339 1 IMU_ACCEL 0.186523 -9.842773 0.02832
2.513 1 NAVIGATION 0 2 -194263.5 -4813595. 0. 2.32084345979e+13 0 0
2.520 1 DESIRED 0. 0.01 0. 0. 0. 235. 0. 20.
2.522 1 PPRZ_MODE 0 0 0 0 0 17
2.528 1 GPS 0 16602147 0 0 -17000 0 0 0 47000 31 15
2.530 1 SVINFO 15 32 16 1 0 -91 0
2.532 1 DL_VALUE 9 1.
2.534 1 CALIBRATION 0. 0
2.750 1 DESIRED 0. 0.01 0. 0. 0. 235. 0. 20.
2.752 1 ESTIMATOR -17. 0.
2.755 1 IMU_GYRO -0.047852 0.007324 -0.008301
2.760 1 NAVIGATION 0 2 -194263.5 -4813595. 0. 2.32084345979e+13 0 0
2.763 1 WP_MOVED 11 360170.5 4813757.5 260. 31
2.766 1 IMU_MAG -3.305176 -1.712891 -4.15625
2.768 1 STATE_FILTER_STATUS 3 0
2.774 1 GPS 0 16602147 0 0 -17000 0 0 0 47250 31 16
2.776 1 SVINFO 0 1 16 1 0 -91 0
2.934 1 DOWNLINK_STATUS 0 3 2312 103 1 703. 32. 0.
2.977 1 DESIRED 0. 0.01 0. 0. 0. 235. 0. 20.
2.978 1 DOWNLINK 1 748 1530
2.983 1 NAVIGATION 0 2 -194263.5 -4813595. 0. 2.32084345979e+13 0 0
2.987 1 BAT 54 68 0 0 1 47 0 0
2.993 1 DESIRED 0. 0.01 0. 0. 0. 235. 0. 20.
2.999 1 GPS 0 16602147 0 0 -17000 0 0 0 47500 31 1
3.001 1 SVINFO 1 2 16 1 0 -91 0
3.220 1 ESTIMATOR -17. 0.
3.223 1 IMU_ACCEL 0.152344 -9.842773 0.023438
3.228 1 NAVIGATION 0 2 -194263.5 -4813595. 0. 2.32084345979e+13 0 0
3.232 1 NAVIGATION 0 2 -194263.5 -4813595. 0. 2.32084345979e+13 0 0
3.239 1 DESIRED 0. 0.01 0. 0. 0. 235. 0. 20.
3.242 1 WP_MOVED 0 360327. 4813637. 260. 31
3.245 1 IMU_GYRO -0.049805 0.009521 -0.007324
3.251 1 GPS 0 16602147 0 0 -17000 0 0 0 47750 31 2
3.253 1 SVINFO 2 6 16 1 0 -91 0
3.455 1 FBW_STATUS 0 48 0 68 0
3.459 1 NAVIGATION 0 2 -194263.5 -4813595. 0. 2.32084345979e+13 0 0
3.466 1 DESIRED 0. 0.01 0. 0. 0. 235. 0. 20.
3.468 1 PPRZ_MODE 0 0 0 0 0 17
3.474 1 GPS 0 16602147 0 0 -17000 0 0 0 48000 31 3
3.476 1 SVINFO 3 8 16 1 0 -91 0
3.483 1 DESIRED 0. 0.01 0. 0. 0. 235. 0. 20.
3.485 1 ESTIMATOR -17. 0.
3.694 1 NAVIGATION 0 2 -194263.5 -4813595. 0. 2.32084345979e+13 0 0
3.698 1 WP_MOVED 1 360285. 4813595. 260. 31
3.704 1 GPS 0 16602147 0 0 -17000 0 0 0 48250 31 4
3.706 1 SVINFO 4 8 16 1 0 -91 0
3.713 1 DESIRED 0. 0.01 0. 0. 0. 235. 0. 20.
3.716 1 IMU_GYRO -0.051025 0.010498 -0.007324
3.720 1 NAVIGATION 0 2 -194263.5 -4813595. 0. 2.32084345979e+13 0 0
3.723 1 IMU_ACCEL 0.157227 -9.852539 -0.003906
3.934 1 DOWNLINK_STATUS 0 4 3083 135 1 771. 32. 0.
3.941 1 DESIRED 0. 0.01 0. 0. 0. 235. 0. 20.
3.946 1 GPS 0 16602147 0 0 -17000 0 0 0 48500 31 5
3.949 1 SVINFO 5 14 16 1 0 -91 0
3.952 1 BAT 54 68 0 0 1 48 0 0
3.956 1 IMU_MAG -3.308594 -1.712891 -4.129395
3.958 1 ESTIMATOR -17. 0.
3.962 1 NAVIGATION 0 2 -194263.5 -4813595. 0. 2.32084345979e+13 0 0
3.966 1 ATTITUDE -0.071767 -2.34533 -0.01602
3.969 1 ENERGY 6.8 0. 0 0.
4.139 1 NAVIGATION 0 2 -194263.5 -4813595. 0. 2.32084345979e+13 0 0
4.146 1 DESIRED 0. 0.01 0. 0. 0. 235. 0. 20.
4.149 1 WP_MOVED 2 360334.5 4813695. 260. 31
4.152 1 GPS_SOL 649573632 100000 9999 0
4.158 1 GPS 0 16602147 0 0 -17000 0 0 0 48750 31 6
4.161 1 SVINFO 6 16 16 1 0 -91 0
4.334 1 NAVIGATION 0 2 -194263.5 -4813595. 0. 2.32084345979e+13 0 0
4.342 1 DESIRED 0. 0.01 0. 0. 0. 235. 0. 20.
4.344 1 IMU_GYRO -0.047852 0.008301 -0.007324
4.346 1 PPRZ_MODE 0 0 0 0 0 17
4.352 1 GPS 0 16602147 0 0 -17000 0 0 0 49000 31 7
4.354 1 SVINFO 7 18 16 1 0 -91 0
4.558 1 DESIRED 0. 0.01 0. 0. 0. 235. 0. 20.
4.560 1 ESTIMATOR -17. 0.
4.562 1 CALIBRATION 0. 0
4.567 1 NAVIGATION 0 2 -194263.5 -4813595. 0. 2.32084345979e+13 0 0
4.570 1 WP_MOVED 3 360295.09375 4813785. 260. 31
4.573 1 IMU_ACCEL 0.171875 -9.824219 -0.003906
4.579 1 GPS 0 16602147 0 0 -17000 0 0 0 49250 31 8
4.582 1 SVINFO 8 19 16 1 0 -91 0
4.777 1 DESIRED 0. 0.01 0. 0. 0. 235. 0. 20.
4.782 1 NAVIGATION 0 2 -194263.5 -4813595. 0. 2.32084345979e+13 0 0
4.783 1 STATE_FILTER_STATUS 3 0
4.790 1 DESIRED 0. 0.01 0. 0. 0. 235. 0. 20.
4.795 1 GPS 0 16602147 0 0 -17000 0 0 0 49500 31 9
4.798 1 SVINFO 9 20 16 1 0 -91 0
4.934 1 DOWNLINK_STATUS 0 5 3906 170 1 823. 35. 0.
4.973 1 IMU_GYRO -0.051025 0.010498 -0.007324
4.976 1 ESTIMATOR -17. 0.
4.980 1 NAVIGATION 0 2 -194263.5 -4813595. 0. 2.32084345979e+13 0 0
4.984 1 BAT 54 68 0 0 1 49 0 0
4.988 1 NAVIGATION 0 2 -194263.5 -4813595. 0. 2.32084345979e+13 0 0
4.995 1 DESIRED 0. 0.01 0. 0. 0. 235. 0. 20.
4.999 1 WP_MOVED 4 360417.3125 4813734. 260. 31
5.199 1 GPS 0 16602147 0 0 -17000 0 0 0 49750 31 10
5.202 1 SVINFO 0 1 16 1 0 -91 0
5.205 1 IMU_MAG -3.305176 -1.720703 -4.121094
5.207 1 FBW_STATUS 0 49 0 68 0
5.212 1 NAVIGATION 0 2 -194263.5 -4813595. 0. 2.32084345979e+13 0 0
5.218 1 DESIRED 0. 0.01 0. 0. 0. 235. 0. 20.
5.221 1 PPRZ_MODE 0 0 0 0 0 17
5.224 1 COMMANDS 54,224,196,0,-266
5.449 1 GPS 0 16602147 0 0 -17000 0 0 0 50000 31 1
5.452 1 SVINFO 1 2 16 1 0 -91 0
5.455 1 IMU_ACCEL 0.166992 -9.833008 0.056641
5.457 1 DL_VALUE 0 0.
5.460 1 ACTUATORS 1195,1539,1511,1511,1375
5.466 1 DESIRED 0. 0.01 0. 0. 0. 235. 0. 20.
5.469 1 ESTIMATOR -17. 0.
5.472 1 IMU_GYRO -0.047852 0.008301 -0.007324
5.477 1 NAVIGATION 0 2 -194263.5 -4813595. 0. 2.32084345979e+13 0 0
5.480 1 WP_MOVED 5 360422. 4813583.5 260. 31
5.827 1 GPS 0 16602147 0 0 -17000 0 0 0 50250 31 2
5.829 1 SVINFO 2 3 16 1 0 -91 0
5.836 1 DESIRED 0. 0.01 0. 0. 0. 235. 0. 20.
5.840 1 NAVIGATION 0 2 -194263.5 -4813595. 0. 2.32084345979e+13 0 0
5.935 1 DOWNLINK_STATUS 0 6 4562 199 1 656. 29. -1.39458197415e+12
6.402 1 DESIRED 0. 0.01 0. 0. 0. 235. 0. 20.
6.408 1 GPS 0 16602147 0 0 -17000 0 0 0 50500 31 3
6.411 1 SVINFO 3 4 16 1 0 -91 0
6.413 1 ESTIMATOR -17. 0.
6.418 1 NAVIGATION 0 2 -194263.5 -4813595. 0. 2.32084345979e+13 0 0
6.421 1 ATTITUDE -0.071929 -2.344591 -0.01598
6.425 1 NAVIGATION 0 2 -194263.5 -4813595. 0. 2.32084345979e+13 0 0
6.432 1 DESIRED 0. 0.01 0. 0. 0. 235. 0. 20.
6.934 1 WP_MOVED 6 360165.8125 4813664.5 260. 31
6.970 1 DOWNLINK_STATUS 0 7 4789 208 1 227. 9. -1.39458197415e+12
6.970 1 IMU_GYRO -0.051025 0.010498 -0.006348
6.970 1 BAT 54 68 0 0 1 50 0 0
6.970 1 GPS_SOL 649578240 100000 9999 0
6.970 1 GPS 0 16602147 0 0 -17000 0 0 0 50750 31 4
6.971 1 SVINFO 4 5 16 1 0 -91 0
6.971 1 IMU_ACCEL 0.244141 -9.833008 0.081055
6.971 1 NAVIGATION 0 2 -194263.5 -4813595. 0. 2.32084345979e+13 0 0
6.971 1 DESIRED 0. 0.01 0. 0. 0. 235. 0. 20.
6.971 1 PPRZ_MODE 0 0 0 0 0 17
7.287 1 GPS 0 16602147 0 0 -17000 0 0 0 51000 31 5
7.289 1 SVINFO 5 6 16 1 0 -91 0
7.565 1 DESIRED 0. 0.01 0. 0. 0. 235. 0. 20.
7.567 1 ESTIMATOR -17. 0.
7.570 1 IMU_MAG -3.303711 -1.71582 -4.114746
7.574 1 ENERGY 6.8 0. 0 0.
7.578 1 NAVIGATION 0 2 -194263.5 -4813595. 0. 2.32084345979e+13 0 0
7.582 1 WP_MOVED 7 360559.40625 4813804.5 260. 31
7.584 1 CALIBRATION 0. 0
7.588 1 ALIVE 218,244,157,107,96,121,26,254,252,221,77,201,165,129,58,220
7.593 1 GPS 0 16602147 0 0 -17000 0 0 0 51250 31 6
7.598 1 SVINFO 6 7 16 1 0 -91 0
7.602 1 DESIRED 0. 0.01 0. 0. 0. 235. 0. 20.
7.606 1 IMU_GYRO -0.045654 0.006348 -0.007324
7.936 1 DOWNLINK_STATUS 0 8 5306 231 1 517. 23. -1.39458197415e+12
7.997 1 NAVIGATION 0 2 -194263.5 -4813595. 0. 2.32084345979e+13 0 0
8.004 1 DESIRED 0. 0.01 0. 0. 0. 235. 0. 20.
8.009 1 GPS 0 16602147 0 0 -17000 0 0 0 51500 31 7
8.011 1 SVINFO 7 8 16 1 0 -91 0
8.013 1 DL_VALUE 1 0.
8.198 1 ESTIMATOR -17. 0.
8.201 1 IMU_ACCEL 0.166992 -9.847656 0.013672
8.206 1 NAVIGATION 0 2 -194263.5 -4813595. 0. 2.32084345979e+13 0 0
8.207 1 STATE_FILTER_STATUS 3 0
8.212 1 NAVIGATION 0 2 -194263.5 -4813595. 0. 2.32084345979e+13 0 0
8.218 1 DESIRED 0. 0.01 0. 0. 0. 235. 0. 20.
8.222 1 WP_MOVED 8 360462.40625 4813640. 215. 31
8.426 1 GPS 0 16602147 0 0 -17000 0 0 0 51750 31 8
8.428 1 SVINFO 8 10 16 3 25 -91 0
8.432 1 BAT 54 68 0 0 1 51 0 0
8.434 1 FBW_STATUS 0 47 0 68 0
8.439 1 NAVIGATION 0 2 -194263.5 -4813595. 0. 2.32084345979e+13 0 0
8.446 1 DESIRED 0. 0.01 0. 0. 0. 235. 0. 20.
8.449 1 IMU_GYRO -0.046631 0.008301 -0.007324
8.451 1 PPRZ_MODE 0 0 0 0 0 17
8.624 1 GPS 0 16602147 0 0 -17000 0 0 0 52000 31 9
8.627 1 SVINFO 0 1 16 1 0 -91 0
8.633 1 DESIRED 0. 0.01 0. 0. 0. 235. 0. 20.
8.636 1 ESTIMATOR -17. 0.
8.640 1 NAVIGATION 0 2 -194263.5 -4813595. 0. 2.32084345979e+13 0 0
8.644 1 WP_MOVED 9 360313.8125 4813652. 185. 31
8.912 1 GPS 0 16602147 0 0 -17000 0 0 0 52250 31 1
8.914 1 SVINFO 1 10 16 3 24 -91 0
8.921 1 DESIRED 0. 0.01 0. 0. 0. 235. 0. 20.
8.925 1 NAVIGATION 0 2 -194263.5 -4813595. 0. 2.32084345979e+13 0 0
8.928 1 IMU_ACCEL 0.157227 -9.829102 0.033203
8.932 1 IMU_MAG -3.300781 -1.71582 -4.137207
8.933 1 DOWNLINK 2 725 1689
8.937 1 DOWNLINK_STATUS 0 9 6059 264 1 753. 33. -1.39458197415e+12
8.940 1 DESIRED 0. 0.01 0. 0. 0. 235. 0. 20.
8.946 1 GPS 0 16602147 0 0 -17000 0 0 0 52500 31 2
8.948 1 SVINFO 2 14 16 1 0 -91 0
9.194 1 IMU_GYRO -0.046631 0.007324 -0.007324
9.197 1 ESTIMATOR -17. 0.
9.201 1 NAVIGATION 0 2 -194263.5 -4813595. 0. 2.32084345979e+13 0 0
9.204 1 ATTITUDE -0.072159 -2.34416 -0.015941
9.209 1 NAVIGATION 0 2 -194263.5 -4813595. 0. 2.32084345979e+13 0 0
9.216 1 DESIRED 0. 0.01 0. 0. 0. 235. 0. 20.
9.219 1 WP_MOVED 10 360453.8125 4813581. 260. 31
9.222 1 GPS_SOL 649582976 100000 9999 0
9.228 1 GPS 0 16602147 0 0 -17000 0 0 0 52750 31 3
9.230 1 SVINFO 3 12 16 1 0 -91 0
9.235 1 NAVIGATION 0 2 -194263.5 -4813595. 0. 2.32084345979e+13 0 0
9.484 1 DESIRED 0. 0.01 0. 0. 0. 235. 0. 20.
9.486 1 PPRZ_MODE 0 0 0 0 0 17
9.490 1 BAT 54 68 0 0 1 53 0 0
9.496 1 GPS 0 16602147 0 0 -17000 0 0 0 53000 31 4
9.498 1 SVINFO 4 13 16 1 0 -91 0
9.500 1 DL_VALUE 2 235.
9.515 1 GPS 0 16602147 0 0 -17000 0 0 0 53250 31 5
9.518 1 SVINFO 5 14 16 1 0 -91 0
9.524 1 DESIRED 0. 0.01 0. 0. 0. 235. 0. 20.
9.769 1 CALIBRATION 0. 0
9.773 1 NAVIGATION 0 2 -194263.5 -4813595. 0. 2.32084345979e+13 0 0
9.780 1 DESIRED 0. 0.01 0. 0. 0. 235. 0. 20.
9.786 1 GPS 0 16602147 0 0 -17000 0 0 0 53500 31 6
9.788 1 SVINFO 6 14 16 1 0 -91 0
9.794 1 WP_MOVED 0 360327. 4813637. 260. 31
9.797 1 IMU_GYRO -0.046631 0.008301 -0.008301
9.801 1 IMU_MAG -3.305176 -1.714355 -4.143555
9.806 1 GPS 0 16602147 0 0 -17000 0 0 0 53750 31 7
9.809 1 SVINFO 7 14 16 1 0 -91 0
9.809 1 STATE_FILTER_STATUS 3 0
9.938 1 DOWNLINK_STATUS 0 10 6842 298 3 783. 34. -1.39458197415e+12
10.055 1 FBW_STATUS 0 50 0 68 0
10.061 1 NAVIGATION 0 2 -194263.5 -4813595. 0. 2.32084345979e+13 0 0
10.067 1 DESIRED 0. 0.01 0. 0. 0. 235. 0. 20.
10.068 1 PPRZ_MODE 0 0 0 0 0 17
10.074 1 GPS 0 16602147 0 0 -17000 0 0 0 54000 31 8
10.077 1 SVINFO 8 15 16 3 20 -91 0
10.355 1 IMU_GYRO -0.048828 0.008301 -0.008301
10.360 1 NAVIGATION 0 2 -194263.5 -4813595. 0. 2.32084345979e+13 0 0
10.366 1 DESIRED 0. 0.01 0. 0. 0. 235. 0. 20.
10.372 1 GPS 0 16602147 0 0 -17000 0 0 0 54500 31 10
10.374 1 SVINFO 10 17 16 1 0 -91 0
10.376 1 DL_VALUE 3 0.
10.377 1 PONG 
10.380 1 ESTIMATOR -17. 0.
10.384 1 NAVIGATION 0 2 -194263.5 -4813595. 0. 2.32084345979e+13 0 0
10.617 1 ATTITUDE -0.071987 -2.344404 -0.01571
10.621 1 NAVIGATION 0 2 -194263.5 -4813595. 0. 2.32084345979e+13 0 0
10.628 1 DESIRED 0. 0.01 0. 0. 0. 235. 0. 20.
10.631 1 WP_MOVED 2 360334.5 4813695. 260. 31
10.634 1 GPS_SOL 649587968 100000 9999 0
10.646 1 NAVIGATION 0 2 -194263.5 -4813595. 0. 2.32084345979e+13 0 0
10.653 1 DESIRED 0. 0.01 0. 0. 0. 235. 0. 20.
10.656 1 IMU_GYRO -0.048828 0.009521 -0.008301
10.658 1 PPRZ_MODE 0 0 0 0 0 17
10.939 1 DOWNLINK_STATUS 0 11 7379 322 5 537. 24. -55.06
11.136 1 COMMANDS 54,224,210,0,-280
11.142 1 GPS 0 16602147 0 0 -17000 0 0 0 55000 31 12
11.144 1 SVINFO 12 22 16 1 0 -91 0
11.147 1 IMU_MAG -3.315918 -1.71582 -4.028809
11.150 1 ACTUATORS 1195,1538,1511,1511,1353
11.157 1 DESIRED 0. 0.01 0. 0. 0. 235. 0. 20.
11.159 1 ESTIMATOR -17. 0.
11.163 1 BAT 54 68 0 0 1 55 0 0
11.167 1 NAVIGATION 0 2 -194263.5 -4813595. 0. 2.32084345979e+13 0 0
11.639 1 WP_MOVED 3 360295.09375 4813785. 260. 31
11.645 1 GPS 0 16602147 0 0 -17000 0 0 0 55250 31 13
11.646 1 SVINFO 13 23 16 1 0 -91 0
11.654 1 DESIRED 0. 0.01 0. 0. 0. 235. 0. 20.
11.658 1 NAVIGATION 0 2 -194263.5 -4813595. 0. 2.32084345979e+13 0 0
11.889 1 CALIBRATION 0. 0
11.896 1 DESIRED 0. 0.01 0. 0. 0. 235. 0. 20.
11.902 1 GPS 0 16602147 0 0 -17000 0 0 0 55500 31 14
11.904 1 SVINFO 14 31 16 1 0 -91 0
11.907 1 IMU_GYRO -0.048828 0.008301 -0.008301
11.909 1 NAVIGATION_REF 360285 4813595 31
11.912 1 ESTIMATOR -17. 0.
11.915 1 IMU_ACCEL 0.186523 -9.819336 -0.003906
11.920 1 NAVIGATION 0 2 -194263.5 -4813595. 0. 2.32084345979e+13 0 0
11.925 1 NAVIGATION 0 2 -194263.5 -4813595. 0. 2.32084345979e+13 0 0
11.939 1 DOWNLINK_STATUS 0 12 7921 346 5 542. 24. -55.06
12.142 1 DESIRED 0. 0.01 0. 0. 0. 235. 0. 20.
12.146 1 WP_MOVED 4 360417.3125 4813734. 260. 31
12.152 1 GPS 0 16602147 0 0 -17000 0 0 0 55750 31 15
12.154 1 SVINFO 15 32 16 1 0 -91 0
12.156 1 PPRZ_MODE 1 0 0 0 0 21
12.159 1 FBW_STATUS 0 51 1 68 0
12.163 1 NAVIGATION 0 2 -194263.5 -4813595. 0. 2.32084345979e+13 0 0
12.171 1 DESIRED 0.02 0.03 0. 0. 0. 235. 0. 20.
12.172 1 PPRZ_MODE 1 0 0 0 0 21
12.305 1 WIND_INFO 1 42 0. 0. 0.
12.429 1 GPS 0 16602147 0 0 -17000 0 0 0 56000 31 16
12.432 1 SVINFO 0 1 16 1 0 -91 0
12.434 1 DL_VALUE 4 0.
12.435 1 STATE_FILTER_STATUS 3 0
12.442 1 DESIRED 0.02 0.03 0. 0. 0. 235. 0. 20.
12.444 1 ESTIMATOR -17. 0.
12.447 1 IMU_GYRO -0.047852 0.008301 -0.007324
12.451 1 ENERGY 6.8 0. 0 0.
12.455 1 NAVIGATION 0 2 -194263.5 -4813595. 0. 2.32084345979e+13 0 0
12.459 1 WP_MOVED 5 360422. 4813583.5 260. 31
12.462 1 BAT 54 68 0 0 1 56 0 0
12.466 1 ALIVE 218,244,157,107,96,121,26,254,252,221,77,201,165,129,58,220
12.940 1 DOWNLINK_STATUS 0 13 8376 367 5 455. 21. -55.06
12.986 1 GPS 0 16602147 0 0 -17000 0 0 0 56250 31 1
12.988 1 SVINFO 1 4 16 3 20 -91 0
12.995 1 DESIRED 0.02 0.03 0. 0. 0. 235. 0. 20.
12.998 1 IMU_MAG -3.303711 -1.714355 -4.116699
13.002 1 NAVIGATION 0 2 -194263.5 -4813595. 0. 2.32084345979e+13 0 0
13.005 1 IMU_ACCEL 0.171875 -9.833008 0.013672
13.012 1 DESIRED 0.02 0.03 0. 0. 0. 235. 0. 20.
13.018 1 GPS 0 16602147 0 0 -17000 0 0 0 56500 31 2
13.020 1 SVINFO 2 8 16 1 0 -91 0
13.543 1 ESTIMATOR -17. 0.
13.547 1 NAVIGATION 0 2 -194263.5 -4813595. 0. 2.32084345979e+13 0 0
13.550 1 ATTITUDE -0.071872 -2.344417 -0.015396
13.555 1 NAVIGATION 0 2 -194263.5 -4813595. 0. 2.32084345979e+13 0 0
13.562 1 DESIRED 0.02 0.03 0. 0. 0. 235. 0. 20.
13.565 1 WP_MOVED 6 360165.8125 4813664.5 260. 31
13.568 1 IMU_GYRO -0.047852 0.008301 -0.007324
13.571 1 GPS_SOL 649593088 100000 9999 0
13.577 1 GPS 0 16602147 0 0 -17000 0 0 0 56750 31 3
13.579 1 SVINFO 3 9 16 1 0 -91 0
13.940 1 DOWNLINK_STATUS 0 14 8832 386 5 456. 19. -55.06
14.350 1 NAVIGATION 0 2 -194263.5 -4813595. 0. 2.32084345979e+13 0 0
14.357 1 DESIRED 0.02 0.03 0. 0. 0. 235. 0. 20.
14.359 1 PPRZ_MODE 1 0 0 0 0 21
14.364 1 GPS 0 16602147 0 0 -17000 0 0 0 57000 31 4
14.367 1 SVINFO 4 11 16 1 0 -91 0
14.373 1 DESIRED 0.02 0.03 0. 0. 0. 235. 0. 20.
14.376 1 ESTIMATOR -17. 0.
14.941 1 DOWNLINK_STATUS 0 15 9007 393 5 175. 7. -55.06
15.250 1 NAVIGATION 0 2 -194263.5 -4813595. 0. 2.32084345979e+13 0 0
15.254 1 WP_MOVED 7 360559.40625 4813804.5 260. 31
15.257 1 IMU_ACCEL 0.181641 -9.829102 -0.003906
15.263 1 GPS 0 16602147 0 0 -17000 0 0 0 57250 31 5
15.265 1 SVINFO 5 11 16 1 0 -91 0
15.272 1 DESIRED 0.02 0.03 0. 0. 0. 235. 0. 20.
15.275 1 IMU_GYRO -0.046631 0.008301 -0.007324
15.278 1 BAT 54 68 0 0 1 57 0 0
15.283 1 NAVIGATION 0 2 -194263.5 -4813595. 0. 2.32084345979e+13 0 0
15.942 1 DOWNLINK_STATUS 0 16 9221 402 5 214. 9. -5055.98
16.185 1 DESIRED 0.02 0.03 0. 0. 0. 235. 0. 20.
16.189 1 GPS 0 16602147 0 0 -17000 0 0 0 57500 31 6
16.192 1 SVINFO 6 12 16 1 0 -91 0
16.194 1 DL_VALUE 5 0.
16.196 1 CALIBRATION 0. 0
16.198 1 DOWNLINK 2 750 1856
16.200 1 ESTIMATOR -17. 0.
16.205 1 NAVIGATION 0 2 -194263.5 -4813595. 0. 2.32084345979e+13 0 0
16.208 1 IMU_MAG -3.306641 -1.714355 -4.148438
16.212 1 NAVIGATION 0 2 -194263.5 -4813595. 0. 2.32084345979e+13 0 0
16.219 1 DESIRED 0.02 0.03 0. 0. 0. 235. 0. 20.
16.823 1 WP_MOVED 8 360462.40625 4813640. 215. 31
16.828 1 GPS 0 16602147 0 0 -17000 0 0 0 57750 31 7
16.831 1 SVINFO 7 13 16 1 0 -91 0
16.833 1 FBW_STATUS 0 51 1 68 0
16.838 1 NAVIGATION 0 2 -194263.5 -4813595. 0. 2.32084345979e+13 0 0
16.849 1 PPRZ_MODE 1 0 0 0 0 21
16.855 1 GPS 0 16602147 0 0 -17000 0 0 0 58000 31 8
16.857 1 SVINFO 8 14 16 1 0 -91 0
16.860 1 IMU_ACCEL 0.176758 -9.819336 0.02832
16.942 1 DOWNLINK_STATUS 0 17 9646 422 6 425. 20. -5055.98
17.433 1 DESIRED 0.02 0.03 0. 0. 0. 235. 0. 20.
17.436 1 ESTIMATOR -17. 0.
17.440 1 NAVIGATION 0 2 -194263.5 -4813595. 0. 2.32084345979e+13 0 0
17.444 1 WP_MOVED 9 360313.8125 4813652. 185. 31
17.444 1 STATE_FILTER_STATUS 3 0
17.445 1 PONG 
17.452 1 GPS 0 16602147 0 0 -17000 0 0 0 58250 31 9
17.455 1 SVINFO 9 16 16 1 0 -91 0
17.468 1 GPS 0 16602147 0 0 -17000 0 0 0 58500 31 10
17.470 1 SVINFO 10 16 16 1 0 -91 0
17.473 1 IMU_GYRO -0.047852 0.008301 -0.008301
17.476 1 ESTIMATOR -17. 0.
17.943 1 DOWNLINK_STATUS 0 18 9885 434 7 239. 12. 2012.29
18.435 1 NAVIGATION 0 2 -194263.5 -4813595. 0. 2.32084345979e+13 0 0
18.438 1 ATTITUDE -0.071652 -2.344943 -0.0154
18.441 1 ENERGY 6.8 0. 0 0.
18.446 1 NAVIGATION 0 2 -194263.5 -4813595. 0. 2.32084345979e+13 0 0
18.453 1 DESIRED 0.02 0.03 0. 0. 0. 235. 0. 20.
18.456 1 WP_MOVED 10 360453.8125 4813581. 260. 31
18.459 1 GPS_SOL 649598400 100000 9999 0
18.465 1 GPS 0 16602147 0 0 -17000 0 0 0 58750 31 11
18.467 1 SVINFO 11 18 16 1 0 -91 0
18.470 1 IMU_ACCEL 0.171875 -9.824219 0.033203
18.475 1 NAVIGATION 0 2 -194263.5 -4813595. 0. 2.32084345979e+13 0 0
18.944 1 DOWNLINK_STATUS 0 19 10141 445 7 256. 11. 2012.29
19.007 1 DESIRED 0.02 0.03 0. 0. 0. 235. 0. 20.
19.009 1 PPRZ_MODE 1 0 0 0 0 21
19.012 1 IMU_MAG -3.302246 -1.720703 -4.105469
19.018 1 GPS 0 16602147 0 0 -17000 0 0 0 59000 31 12
19.021 1 SVINFO 12 20 16 1 0 -91 0
19.022 1 DL_VALUE 6 40.
19.029 1 DESIRED 0.02 0.03 0. 0. 0. 235. 0. 20.
19.031 1 ESTIMATOR -17. 0.
19.035 1 IMU_GYRO -0.049805 0.009521 -0.007324
19.039 1 NAVIGATION 0 2 -194263.5 -4813595. 0. 2.32084345979e+13 0 0
19.294 1 WP_MOVED 11 360170.5 4813757.5 260. 31
19.300 1 GPS 0 16602147 0 0 -17000 0 0 0 59250 31 13
19.302 1 SVINFO 13 22 16 1 0 -91 0
19.309 1 DESIRED 0.02 0.03 0. 0. 0. 235. 0. 20.
19.313 1 NAVIGATION 0 2 -194263.5 -4813595. 0. 2.32084345979e+13 0 0
19.320 1 DESIRED 0.02 0.03 0. 0. 0. 235. 0. 20.
19.326 1 GPS 0 16602147 0 0 -17000 0 0 0 59500 31 14
19.328 1 SVINFO 14 23 16 1 0 -91 0
19.332 1 BAT 54 68 0 0 1 59 0 0
19.333 1 ESTIMATOR -17. 0.
19.580 1 IMU_ACCEL 0.196289 -9.804688 0.023438
19.584 1 NAVIGATION 0 2 -194263.5 -4813595. 0. 2.32084345979e+13 0 0
19.586 1 CALIBRATION 0. 0
19.591 1 NAVIGATION 0 2 -194263.5 -4813595. 0. 2.32084345979e+13 0 0
19.598 1 DESIRED 0.02 0.03 0. 0. 0. 235. 0. 20.
19.604 1 FBW_STATUS 0 48 1 68 0
19.609 1 NAVIGATION 0 2 -194263.5 -4813595. 0. 2.32084345979e+13 0 0
19.616 1 DESIRED 0.02 0.03 0. 0. 0. 235. 0. 20.
19.618 1 PPRZ_MODE 1 0 0 0 0 21
19.620 1 COMMANDS 54,2761,857,0,-266
19.868 1 GPS 0 16602147 0 0 -17000 0 0 0 60000 31 16
19.871 1 SVINFO 0 1 16 1 0 -91 0
19.874 1 ACTUATORS 1195,1551,1643,1643,1353
19.880 1 DESIRED 0.02 0.03 0. 0. 0. 235. 0. 20.
19.883 1 ESTIMATOR -17. 0.
19.894 1 IMU_ACCEL 0.201172 -9.804688 0.061523
19.896 1 STATE_FILTER_STATUS 3 0
19.902 1 DESIRED 0.02 0.03 0. 0. 0. 235. 0. 20.
19.908 1 GPS 0 16602147 0 0 -17000 0 0 0 60500 31 2
19.944 1 DOWNLINK_STATUS 0 20 11055 484 9 914. 39. 2012.29
20.153 1 SVINFO 2 5 16 1 0 -91 0
20.155 1 DL_VALUE 7 1.
20.158 1 ESTIMATOR -17. 0.
20.162 1 NAVIGATION 0 2 -194263.5 -4813595. 0. 2.32084345979e+13 0 0
20.166 1 BAT 54 68 0 0 1 60 0 0
20.169 1 ATTITUDE -0.071624 -2.345597 -0.015493
20.174 1 NAVIGATION 0 2 -194263.5 -4813595. 0. 2.32084345979e+13 0 0
20.185 1 IMU_ACCEL 0.166992 -9.837891 0.09082
20.189 1 ALIVE 218,244,157,107,96,121,26,254,252,221,77,201,165,129,58,220
20.195 1 GPS 0 16602147 0 0 -17000 0 0 0 61250 31 5
20.439 1 SVINFO 5 11 16 1 0 -91 0
20.446 1 DESIRED 0.02 0.01 0. 0. 0. 235. 0. 20.
20.451 1 NAVIGATION 0 2 -194263.5 -4813595. 0. 2.32084345979e+13 0 0
20.457 1 DESIRED 0.02 0.01 0. 0. 0. 235. 0. 20.
20.946 1 DOWNLINK_STATUS 0 21 11375 498 10 320. 14. -2988.84
21.065 1 NAVIGATION 0 2 -194263.5 -4813595. 0. 2.32084345979e+13 0 0
21.078 1 SVINFO 12 20 16 1 0 -91 0
21.085 1 DESIRED 0.02 0.01 0. 0. 0. 235. 0. 20.
21.087 1 ESTIMATOR -17. 0.
21.092 1 NAVIGATION 0 2 -194263.5 -4813595. 0. 2.32084345979e+13 0 0
21.694 1 WP_MOVED 7 360559.40625 4813804.5 260. 31
21.700 1 GPS 0 16602147 0 0 -17000 0 0 0 63250 31 13
21.702 1 SVINFO 13 22 16 1 0 -91 0
21.709 1 DESIRED 0.02 0.01 0. 0. 0. 235. 0. 20.
21.712 1 IMU_GYRO -0.047852 0.008301 -0.008301
21.723 1 NAVIGATION 0 2 -194263.5 -4813595. 0. 2.32084345979e+13 0 0
21.727 1 ENERGY 6.8 0. 0 0.
21.731 1 NAVIGATION 0 2 -194263.5 -4813595. 0. 2.32084345979e+13 0 0
21.947 1 DOWNLINK_STATUS 0 22 11688 511 14 313. 13. -2988.84
22.305 1 DESIRED 0.02 0.01 0. 0. 0. 235. 0. 20.
22.306 1 WIND_INFO 1 42 0. 0. 0.
22.308 1 WP_MOVED 8 360462.40625 4813640. 215. 31
22.314 1 GPS 0 16602147 0 0 -17000 0 0 0 63750 31 15
22.316 1 SVINFO 15 31 16 1 0 -91 0
22.318 1 CALIBRATION 0. 0
22.321 1 FBW_STATUS 0 47 1 68 0
22.333 1 SVINFO 1 2 16 1 0 -91 0
22.339 1 DESIRED 0.02 0.01 0. 0. 0. 235. 0. 20.
22.344 1 NAVIGATION 0 2 -194263.5 -4813595. 0. 2.32084345979e+13 0 0
22.347 1 IMU_ACCEL 0.162109 -9.867188 0.008789
22.948 1 DOWNLINK_STATUS 0 23 11915 521 15 227. 10. -2988.84
23.610 1 DESIRED 0.02 0.01 0. 0. 0. 235. 0. 20.
23.615 1 GPS 0 16602147 0 0 -17000 0 0 0 64500 31 2
23.621 1 SVINFO 2 5 16 1 0 -91 0
23.621 1 IMU_GYRO -0.047852 0.009521 -0.007324
23.624 1 NAVIGATION_REF 360285 4813595 31
23.633 1 SVINFO 5 8 16 1 0 -91 0
23.640 1 DESIRED 0.02 0.01 0. 0. 0. 235. 0. 20.
23.644 1 NAVIGATION 0 2 -194263.5 -4813595. 0. 2.32084345979e+13 0 0
23.647 1 IMU_MAG -3.308594 -1.722168 -4.130859
23.949 1 DOWNLINK_STATUS 0 24 12129 530 16 214. 9. -2988.84
24.219 1 DESIRED 0.02 0.01 0. 0. 0. 235. 0. 20.
24.225 1 GPS 0 16602147 0 0 -17000 0 0 0 65500 31 6
24.227 1 SVINFO 6 9 16 1 0 -91 0
24.230 1 ESTIMATOR -17. 0.
24.234 1 NAVIGATION 0 2 -194263.5 -4813595. 0. 2.32084345979e+13 0 0
24.248 1 DESIRED 0.02 0.01 0. 0. 0. 235. 0. 20.
24.250 1 PPRZ_MODE 2 0 0 0 0 21
24.252 1 CALIBRATION 0. 0
24.823 1 GPS 0 16602147 0 0 -17000 0 0 0 66000 31 8
24.826 1 SVINFO 8 12 16 1 0 -91 0
24.829 1 IMU_ACCEL 0.138672 -9.829102 -0.003906
24.836 1 DESIRED 0.02 0.01 0. 0. 0. 235. 0. 20.
24.838 1 ESTIMATOR -17. 0.
24.842 1 BAT 0 68 0 0 1 66 0 0
24.845 1 ENERGY 6.8 0. 0 0.
24.850 1 NAVIGATION 0 2 -194263.5 -4813595. 0. 2.32084345979e+13 0 0
24.853 1 WP_MOVED 1 360285. 4813595. 260. 31
24.857 1 ALIVE 218,244,157,107,96,121,26,254,252,221,77,201,165,129,58,220
24.863 1 GPS 0 16602147 0 0 -17000 0 0 0 66250 31 9
24.865 1 SVINFO 9 13 16 1 0 -91 0
24.950 1 DOWNLINK_STATUS 0 25 12589 550 17 460. 20. -2988.84
25.951 1 DOWNLINK_STATUS 0 26 12589 550 17 0. 0. -7990.04
26.529 1 DESIRED 0.02 0.01 0. 0. 0. 235. 0. 20.
26.532 1 IMU_GYRO -0.047852 0.008301 -0.008301
26.536 1 NAVIGATION 0 2 -194263.5 -4813595. 0. 2.32084345979e+13 0 0
26.543 1 DESIRED 0.02 0.01 0. 0. 0. 235. 0. 20.
26.549 1 GPS 0 16602147 0 0 -17000 0 0 0 66500 31 10
26.551 1 SVINFO 10 18 16 1 0 -91 0
26.553 1 DL_VALUE 0 0.
26.555 1 ESTIMATOR -17. 0.
26.560 1 NAVIGATION 0 2 -194263.5 -4813595. 0. 2.32084345979e+13 0 0
26.563 1 ATTITUDE -0.072085 -2.346827 -0.015246
26.568 1 NAVIGATION 0 2 -194263.5 -4813595. 0. 2.32084345979e+13 0 0
26.953 1 DOWNLINK_STATUS 0 27 12851 561 17 262. 11. -7990.04
27.167 1 DESIRED 0.02 0.01 0. 0. 0. 235. 0. 20.
27.170 1 WP_MOVED 2 360334.5 4813695. 260. 31
27.173 1 IMU_MAG -3.285156 -1.740723 -4.172363
27.176 1 GPS_SOL 649621568 100000 9999 0
27.181 1 GPS 0 16602147 0 0 -17000 0 0 0 66750 31 11
27.184 1 SVINFO 11 19 16 1 0 -91 0
27.187 1 IMU_ACCEL 0.201172 -9.862305 0.042969
27.192 1 NAVIGATION 0 2 -194263.5 -4813595. 0. 2.32084345979e+13 0 0
27.199 1 DESIRED 0.02 0.01 0. 0. 0. 235. 0. 20.
27.201 1 IMU_GYRO -0.039307 0.008301 -0.010498
27.203 1 PPRZ_MODE 2 0 0 0 0 21
27.679 1 GPS 0 16602147 0 0 -17000 0 0 0 67000 31 12
27.682 1 SVINFO 12 20 16 1 0 -91 0
27.683 1 STATE_FILTER_STATUS 3 0
27.690 1 DESIRED 0.02 0.01 0. 0. 0. 235. 0. 20.
27.692 1 ESTIMATOR -17. 0.
27.697 1 NAVIGATION 0 2 -194263.5 -4813595. 0. 2.32084345979e+13 0 0
27.700 1 WP_MOVED 3 360295.09375 4813785. 260. 31
27.704 1 BAT 0 68 0 0 1 67 0 0
27.954 1 DOWNLINK_STATUS 0 28 13278 580 17 427. 19. -7990.04
28.323 1 GPS 0 16602147 0 0 -17000 0 0 0 67250 31 13
28.325 1 SVINFO 13 22 16 1 0 -91 0
28.332 1 DESIRED 0.02 0.01 0. 0. 0. 235. 0. 20.
28.337 1 NAVIGATION 0 2 -194263.5 -4813595. 0. 2.32084345979e+13 0 0
28.343 1 DESIRED 0.02 0.01 0. 0. 0. 235. 0. 20.
28.349 1 GPS 0 16602147 0 0 -17000 0 0 0 67500 31 14
28.351 1 SVINFO 14 23 16 1 0 -91 0
28.354 1 IMU_GYRO -0.044678 0.007324 -0.007324
28.357 1 ESTIMATOR -17. 0.
28.360 1 IMU_ACCEL 0.152344 -9.829102 0.038086
28.929 1 NAVIGATION 0 2 -194263.5 -4813595. 0. 2.32084345979e+13 0 0
28.933 1 NAVIGATION 0 2 -194263.5 -4813595. 0. 2.32084345979e+13 0 0
28.941 1 DESIRED 0.02 0.01 0. 0. 0. 235. 0. 20.
28.943 1 WP_MOVED 4 360417.3125 4813734. 260. 31
28.945 1 DOWNLINK 2 745 2183
28.954 1 DOWNLINK_STATUS 0 29 13645 595 17 367. 15. -7990.04
28.962 1 DESIRED 0.02 0.01 0. 0. 0. 235. 0. 20.
28.964 1 PPRZ_MODE 2 0 0 0 0 21
28.969 1 GPS 0 16602147 0 0 -17000 0 0 0 68000 31 16
29.214 1 SVINFO 0 1 16 1 0 -91 0
29.217 1 IMU_MAG -3.292969 -1.73877 -4.140625
29.219 1 DL_VALUE 1 0.
29.221 1 CALIBRATION 0. 0
29.229 1 DESIRED 0.02 0.01 0. 0. 0. 235. 0. 20.
29.230 1 ESTIMATOR -17. 0.
29.233 1 IMU_GYRO -0.046631 0.007324 -0.008301
29.247 1 GPS 0 16602147 0 0 -17000 0 0 0 68500 31 2
29.250 1 SVINFO 2 5 16 1 0 -91 0
29.252 1 ESTIMATOR -17. 0.
29.256 1 NAVIGATION 0 2 -194263.5 -4813595. 0. 2.32084345979e+13 0 0
29.503 1 ATTITUDE -0.072237 -2.346629 -0.015483
29.506 1 ENERGY 6.8 0. 0 0.
29.510 1 NAVIGATION 0 2 -194263.5 -4813595. 0. 2.32084345979e+13 0 0
29.517 1 DESIRED 0.02 0.01 0. 0. 0. 235. 0. 20.
29.521 1 WP_MOVED 6 360165.8125 4813664.5 260. 31
29.531 1 ESTIMATOR -17. 0.
29.536 1 NAVIGATION 0 2 -194263.5 -4813595. 0. 2.32084345979e+13 0 0
29.539 1 WP_MOVED 7 360559.40625 4813804.5 260. 31
29.542 1 IMU_ACCEL 0.162109 -9.829102 -0.02832
29.544 1 STATE_FILTER_STATUS 3 0
29.793 1 GPS 0 16602147 0 0 -17000 0 0 0 69250 31 5
29.795 1 SVINFO 5 8 16 1 0 -91 0
29.802 1 DESIRED 0.02 0.01 0. 0. 0. 235. 0. 20.
29.805 1 IMU_GYRO -0.047852 0.008301 -0.008301
29.808 1 IMU_MAG -3.285156 -1.743652 -4.168945
29.821 1 DESIRED 0.02 0.01 0. 0. 0. 235. 0. 20.
29.827 1 GPS 0 16602147 0 0 -17000 0 0 0 70500 31 10
29.829 1 SVINFO 10 18 16 1 0 -91 0
29.832 1 IMU_GYRO -0.046631 0.007324 -0.007324
29.955 1 DOWNLINK_STATUS 0 30 14372 628 21 727. 33. -7990.04
30.079 1 BAT 0 68 0 0 1 70 0 0
30.082 1 ESTIMATOR -17. 0.
30.086 1 NAVIGATION 0 2 -194263.5 -4813595. 0. 2.32084345979e+13 0 0
30.089 1 IMU_MAG -3.285156 -1.73877 -4.15625
30.092 1 ATTITUDE -0.0722 -2.346531 -0.015542
30.097 1 NAVIGATION 0 2 -194263.5 -4813595. 0. 2.32084345979e+13 0 0
30.108 1 DL_VALUE 3 0.
30.114 1 DESIRED 0.02 0.01 0. 0. 0. 235. 0. 20.
30.117 1 ESTIMATOR -17. 0.
30.120 1 IMU_GYRO -0.049805 0.009521 -0.007324
30.366 1 ENERGY 6.8 0. 0 0.
30.371 1 NAVIGATION 0 2 -194263.5 -4813595. 0. 2.32084345979e+13 0 0
30.374 1 WP_MOVED 11 360170.5 4813757.5 260. 31
30.378 1 ALIVE 218,244,157,107,96,121,26,254,252,221,77,201,165,129,58,220
30.384 1 GPS 0 16602147 0 0 -17000 0 0 0 71250 31 13
30.390 1 IMU_ACCEL 0.186523 -9.857422 0.023438
30.395 1 NAVIGATION 0 2 -194263.5 -4813595. 0. 2.32084345979e+13 0 0
30.399 1 BAT 0 68 0 0 1 71 0 0
30.403 1 NAVIGATION 0 2 -194263.5 -4813595. 0. 2.32084345979e+13 0 0
30.653 1 DESIRED 0.02 0.01 0. 0. 0. 235. 0. 20.
30.656 1 WP_MOVED 0 360327. 4813637. 260. 31
30.659 1 IMU_GYRO -0.049805 0.009521 -0.008301
30.665 1 GPS 0 16602147 0 0 -17000 0 0 0 71750 31 15
30.667 1 SVINFO 15 31 16 1 0 -91 0
30.669 1 FBW_STATUS 0 49 1 68 0
30.684 1 NAVIGATION 0 2 -194263.5 -4813595. 0. 2.32084345979e+13 0 0
30.685 1 PPRZ_MODE 1 0 0 0 0 21
30.692 1 DESIRED 0.02 0.03 0. 0. 0. 235. 0. 20.
30.956 1 DOWNLINK_STATUS 0 31 15003 656 24 631. 28. -12990.18
31.688 1 GPS 0 16602147 0 0 -17000 0 0 0 73500 31 6
31.691 1 SVINFO 6 9 16 1 0 -91 0
31.694 1 IMU_GYRO -0.046631 0.008301 -0.008301
31.697 1 NAVIGATION_REF 360285 4813595 31
31.699 1 ESTIMATOR -17. 0.
31.704 1 NAVIGATION 0 2 -194263.5 -4813595. 0. 2.32084345979e+13 0 0
31.705 1 STATE_FILTER_STATUS 3 0
31.716 1 SVINFO 8 12 16 1 0 -91 0
31.719 1 IMU_ACCEL 0.171875 -9.833008 0.008789
31.721 1 DL_VALUE 5 0.
31.727 1 DESIRED 0.02 0.03 0. 0. 0. 235. 0. 20.
31.730 1 ESTIMATOR -17. 0.
31.956 1 DOWNLINK_STATUS 0 32 15227 668 25 224. 12. -12990.18
32.306 1 WIND_INFO 1 42 0. 0. 0.
32.393 1 IMU_GYRO -0.047852 0.008301 -0.008301
32.398 1 NAVIGATION 0 2 -194263.5 -4813595. 0. 2.32084345979e+13 0 0
32.401 1 WP_MOVED 5 360422. 4813583.5 260. 31
32.407 1 GPS 0 16602147 0 0 -17000 0 0 0 74250 31 9
32.409 1 SVINFO 9 13 16 1 0 -91 0
32.425 1 GPS 0 16602147 0 0 -17000 0 0 0 74500 31 10
32.427 1 SVINFO 10 18 16 1 0 -91 0
32.430 1 IMU_MAG -3.280273 -1.742188 -4.149902
32.433 1 ESTIMATOR -17. 0.
32.957 1 DOWNLINK_STATUS 0 33 15417 677 26 190. 9. -12990.18
33.083 1 NAVIGATION 0 2 -194263.5 -4813595. 0. 2.32084345979e+13 0 0
33.087 1 ATTITUDE -0.071815 -2.34688 -0.015198
33.091 1 NAVIGATION 0 2 -194263.5 -4813595. 0. 2.32084345979e+13 0 0
33.098 1 DESIRED 0.02 0.03 0. 0. 0. 235. 0. 20.
33.101 1 WP_MOVED 6 360165.8125 4813664.5 260. 31
33.112 1 ESTIMATOR -17. 0.
33.117 1 NAVIGATION 0 2 -194263.5 -4813595. 0. 2.32084345979e+13 0 0
33.120 1 WP_MOVED 7 360559.40625 4813804.5 260. 31
33.368 1 GPS 0 16602147 0 0 -17000 0 0 0 75250 31 13
33.371 1 SVINFO 13 22 16 1 0 -91 0
33.377 1 DESIRED 0.02 0.03 0. 0. 0. 235. 0. 20.
33.380 1 IMU_GYRO -0.048828 0.008301 -0.007324
33.385 1 NAVIGATION 0 2 -194263.5 -4813595. 0. 2.32084345979e+13 0 0
33.398 1 WP_MOVED 8 360462.40625 4813640. 215. 31
33.404 1 GPS 0 16602147 0 0 -17000 0 0 0 75750 31 15
33.406 1 SVINFO 15 31 16 1 0 -91 0
33.409 1 IMU_MAG -3.285156 -1.746582 -4.16748
33.411 1 STATE_FILTER_STATUS 3 0
33.656 1 FBW_STATUS 0 52 1 68 0
33.661 1 NAVIGATION 0 2 -194263.5 -4813595. 0. 2.32084345979e+13 0 0
33.668 1 DESIRED 0.02 0.03 0. 0. 0. 235. 0. 20.
33.671 1 IMU_GYRO -0.048828 0.008301 -0.007324
33.673 1 PPRZ_MODE 1 0 0 0 0 21
33.678 1 GPS 0 16602147 0 0 -17000 0 0 0 76000 31 16
33.681 1 SVINFO 0 1 16 1 0 -91 0
33.685 1 BAT 54 68 0 0 1 76 0 0
33.691 1 DESIRED 0.02 0.03 0. 0. 0. 235. 0. 20.
33.694 1 ESTIMATOR -17. 0.
33.697 1 ENERGY 6.8 0. 0 0.
33.945 1 NAVIGATION 0 2 -194263.5 -4813595. 0. 2.32084345979e+13 0 0
33.948 1 WP_MOVED 9 360313.8125 4813652. 185. 31
33.952 1 ALIVE 218,244,157,107,96,121,26,254,252,221,77,201,165,129,58,220
33.958 1 GPS 0 16602147 0 0 -17000 0 0 0 76250 31 1
33.958 1 DOWNLINK_STATUS 0 34 16179 710 28 762. 33. -12990.18
33.960 1 SVINFO 1 2 16 1 0 -91 0
33.967 1 DESIRED 0.02 0.03 0. 0. 0. 235. 0. 20.
33.971 1 NAVIGATION 0 2 -194263.5 -4813595. 0. 2.32084345979e+13 0 0
33.974 1 IMU_ACCEL 0.157227 -9.857422 0.047852
33.976 1 CALIBRATION 0. 0
33.983 1 DESIRED 0.02 0.03 0. 0. 0. 235. 0. 20.
34.232 1 GPS 0 16602147 0 0 -17000 0 0 0 76500 31 2
34.234 1 SVINFO 2 5 16 1 0 -91 0
34.238 1 IMU_GYRO -0.051025 0.008301 -0.007324
34.240 1 ESTIMATOR -17. 0.
34.245 1 NAVIGATION 0 2 -194263.5 -4813595. 0. 2.32084345979e+13 0 0
34.248 1 ATTITUDE -0.071848 -2.34742 -0.01496
34.252 1 NAVIGATION 0 2 -194263.5 -4813595. 0. 2.32084345979e+13 0 0
34.254 1 PPRZ_MODE 0 0 0 0 0 17
34.261 1 DESIRED 0.02 0.03 0. 0. 0. 235. 0. 20.
34.264 1 WP_MOVED 10 360453.8125 4813581. 260. 31
34.266 1 GPS_SOL 649654656 100000 9999 0
34.273 1 GPS 0 16602147 0 0 -17000 0 0 0 76750 31 3
34.517 1 SVINFO 3 6 16 1 0 -91 0
34.523 1 NAVIGATION 0 2 -194263.5 -4813595. 0. 2.32084345979e+13 0 0
34.529 1 DESIRED 0.02 0.03 0. 0. 0. 235. 0. 20.
34.530 1 PPRZ_MODE 0 0 0 0 0 17
34.537 1 GPS 0 16602147 0 0 -17000 0 0 0 77000 31 4
34.539 1 SVINFO 4 7 16 1 0 -91 0
34.540 1 DL_VALUE 7 0.
34.548 1 DESIRED 0.02 0.03 0. 0. 0. 235. 0. 20.
34.549 1 ESTIMATOR -17. 0.
34.553 1 IMU_GYRO -0.048828 0.008301 -0.008301
34.556 1 BAT 54 68 0 0 1 77 0 0
34.560 1 IMU_MAG -3.288086 -1.743652 -4.166016
34.735 1 NAVIGATION 0 2 -194263.5 -4813595. 0. 2.32084345979e+13 0 0
34.737 1 WP_MOVED 11 360170.5 4813757.5 260. 31
34.740 1 IMU_ACCEL 0.171875 -9.829102 0.042969
34.746 1 GPS 0 16602147 0 0 -17000 0 0 0 77250 31 5
34.749 1 SVINFO 5 8 16 1 0 -91 0
34.756 1 DESIRED 0.02 0.03 0. 0. 0. 235. 0. 20.
34.760 1 NAVIGATION 0 2 -194263.5 -4813595. 0. 2.32084345979e+13 0 0
34.959 1 DOWNLINK_STATUS 0 35 17025 747 28 846. 37. -12990.18
35.025 1 DESIRED 0.02 0.03 0. 0. 0. 235. 0. 20.
35.031 1 GPS 0 16602147 0 0 -17000 0 0 0 77500 31 6
35.034 1 SVINFO 6 9 16 1 0 -91 0
35.036 1 ESTIMATOR -17. 0.
35.041 1 NAVIGATION 0 2 -194263.5 -4813595. 0. 2.32084345979e+13 0 0
35.045 1 NAVIGATION 0 2 -194263.5 -4813595. 0. 2.32084345979e+13 0 0
35.052 1 DESIRED 0.02 0.03 0. 0. 0. 235. 0. 20.
35.055 1 WP_MOVED 0 360327. 4813637. 260. 31
35.058 1 IMU_GYRO -0.048828 0.009521 -0.008301
35.307 1 GPS 0 16602147 0 0 -17000 0 0 0 77750 31 7
35.309 1 SVINFO 7 11 16 1 0 -91 0
35.312 1 FBW_STATUS 0 47 0 68 0
35.316 1 NAVIGATION 0 2 -194263.5 -4813595. 0. 2.32084345979e+13 0 0
35.323 1 DESIRED 0.02 0.03 0. 0. 0. 235. 0. 20.
35.325 1 PPRZ_MODE 0 0 0 0 0 17
35.327 1 DOWNLINK 2 740 2512
35.341 1 GPS 0 16602147 0 0 -17000 0 0 0 78500 31 10
35.343 1 SVINFO 10 18 16 1 0 -91 0
35.345 1 DL_VALUE 8 0.
35.347 1 CALIBRATION 0. 0
35.349 1 ESTIMATOR -17. 0.
35.597 1 NAVIGATION 0 2 -194263.5 -4813595. 0. 2.32084345979e+13 0 0
35.601 1 ATTITUDE -0.072001 -2.348029 -0.014825
35.604 1 ENERGY 6.8 0. 0 0.
35.609 1 NAVIGATION 0 2 -194263.5 -4813595. 0. 2.32084345979e+13 0 0
35.615 1 DESIRED 0.02 0.03 0. 0. 0. 235. 0. 20.
35.626 1 GPS 0 16602147 0 0 -17000 0 0 0 79250 31 13
35.628 1 SVINFO 13 24 16 1 0 -91 0
35.638 1 DESIRED 0.02 0.03 0. 0. 0. 235. 0. 20.
35.639 1 BAT 54 68 0 0 1 79 0 0
35.960 1 DOWNLINK_STATUS 0 36 17718 777 30 693. 30. -17990.71
36.208 1 NAVIGATION 0 2 -194263.5 -4813595. 0. 2.32084345979e+13 0 0
36.214 1 DESIRED 0.02 0.03 0. 0. 0. 235. 0. 20.
36.220 1 GPS 0 16602147 0 0 -17000 0 0 0 79500 31 14
36.223 1 SVINFO 14 25 16 1 0 -91 0
36.226 1 IMU_GYRO -0.052979 0.009521 -0.008301
36.819 1 DL_VALUE 9 1.
36.822 1 ACTUATORS 1195,1539,1510,1510,1353
36.829 1 DESIRED 0.02 0.03 0. 0. 0. 235. 0. 20.
36.831 1 ESTIMATOR -17. 0.
36.834 1 IMU_GYRO -0.047852 0.008301 -0.007324
36.845 1 GPS 0 16602147 0 0 -17000 0 0 0 80250 31 1
36.848 1 SVINFO 1 2 16 1 0 -91 0
36.855 1 DESIRED 0.02 0.03 0. 0. 0. 235. 0. 20.
36.960 1 DOWNLINK_STATUS 0 37 18030 790 32 312. 13. -17990.71
37.453 1 NAVIGATION 0 2 -194263.5 -4813595. 0. 2.32084345979e+13 0 0
37.456 1 IMU_ACCEL 0.171875 -9.857422 0.003906
37.460 1 BAT 54 68 0 0 1 80 0 0
37.466 1 DESIRED 0.02 0.03 0. 0. 0. 235. 0. 20.
37.472 1 GPS 0 16602147 0 0 -17000 0 0 0 80500 31 2
37.474 1 SVINFO 2 5 16 1 0 -91 0
37.477 1 ESTIMATOR -17. 0.
37.481 1 NAVIGATION 0 2 -194263.5 -4813595. 0. 2.32084345979e+13 0 0
37.484 1 ATTITUDE -0.072266 -2.348654 -0.014833
37.486 1 CALIBRATION 0. 0
37.491 1 NAVIGATION 0 2 -194263.5 -4813595. 0. 2.32084345979e+13 0 0
37.717 1 DESIRED 0.02 0.03 0. 0. 0. 235. 0. 20.
37.721 1 WP_MOVED 6 360165.8125 4813664.5 260. 31
37.724 1 IMU_GYRO -0.049805 0.009521 -0.008301
37.727 1 GPS_SOL 649669184 100000 9999 0
37.732 1 GPS 0 16602147 0 0 -17000 0 0 0 80750 31 3
37.735 1 SVINFO 3 6 16 1 0 -91 0
37.739 1 NAVIGATION 0 2 -194263.5 -4813595. 0. 2.32084345979e+13 0 0
37.746 1 DESIRED 0.02 0.03 0. 0. 0. 235. 0. 20.
37.748 1 PPRZ_MODE 0 0 0 0 0 17
37.754 1 GPS 0 16602147 0 0 -17000 0 0 0 81000 31 4
37.961 1 DOWNLINK_STATUS 0 38 18524 811 32 494. 21. -17990.71
37.986 1 SVINFO 4 7 16 1 0 -91 0
37.990 1 IMU_MAG -3.288086 -1.742188 -4.162598
37.996 1 DESIRED 0.02 0.03 0. 0. 0. 235. 0. 20.
37.999 1 ESTIMATOR -17. 0.
38.002 1 ENERGY 6.8 0. 0 0.
38.007 1 NAVIGATION 0 2 -194263.5 -4813595. 0. 2.32084345979e+13 0 0
38.010 1 WP_MOVED 7 360559.40625 4813804.5 260. 31
38.013 1 IMU_ACCEL 0.162109 -9.857422 -0.023438
38.017 1 ALIVE 218,244,157,107,96,121,26,254,252,221,77,201,165,129,58,220
38.023 1 GPS 0 16602147 0 0 -17000 0 0 0 81250 31 5
38.025 1 SVINFO 5 8 16 1 0 -91 0
38.177 1 DESIRED 0.02 0.03 0. 0. 0. 235. 0. 20.
38.180 1 IMU_GYRO -0.048828 0.008301 -0.008301
38.184 1 NAVIGATION 0 2 -194263.5 -4813595. 0. 2.32084345979e+13 0 0
38.191 1 DESIRED 0.02 0.03 0. 0. 0. 235. 0. 20.
38.450 1 GPS 0 16602147 0 0 -17000 0 0 0 81500 31 6
38.452 1 SVINFO 6 9 16 1 0 -91 0
38.456 1 BAT 54 68 0 0 1 81 0 0
38.458 1 DL_VALUE 10 0.
38.460 1 ESTIMATOR -17. 0.
38.464 1 NAVIGATION 0 2 -194263.5 -4813595. 0. 2.32084345979e+13 0 0
38.469 1 NAVIGATION 0 2 -194263.5 -4813595. 0. 2.32084345979e+13 0 0
38.477 1 DESIRED 0.02 0.03 0. 0. 0. 235. 0. 20.
38.479 1 WP_MOVED 8 360462.40625 4813640. 215. 31
38.485 1 GPS 0 16602147 0 0 -17000 0 0 0 81750 31 7
38.487 1 SVINFO 7 11 16 1 0 -91 0
38.669 1 FBW_STATUS 0 47 0 68 0
38.673 1 NAVIGATION 0 2 -194263.5 -4813595. 0. 2.32084345979e+13 0 0
38.680 1 DESIRED 0.02 0.03 0. 0. 0. 235. 0. 20.
38.683 1 IMU_GYRO -0.052002 0.009521 -0.008301
38.685 1 PPRZ_MODE 0 0 0 0 0 17
38.691 1 GPS 0 16602147 0 0 -17000 0 0 0 82000 31 8
38.693 1 SVINFO 8 12 16 1 0 -91 0
38.697 1 IMU_ACCEL 0.157227 -9.837891 0.
38.916 1 DESIRED 0.02 0.03 0. 0. 0. 235. 0. 20.
38.919 1 ESTIMATOR -17. 0.
38.923 1 NAVIGATION 0 2 -194263.5 -4813595. 0. 2.32084345979e+13 0 0
38.927 1 WP_MOVED 9 360313.8125 4813652. 185. 31
38.932 1 GPS 0 16602147 0 0 -17000 0 0 0 82250 31 9
38.935 1 SVINFO 9 13 16 1 0 -91 0
38.941 1 DESIRED 0.02 0.03 0. 0. 0. 235. 0. 20.
38.945 1 IMU_MAG -3.278809 -1.743652 -4.151367
38.961 1 DOWNLINK_STATUS 0 39 19507 853 32 983. 42. -17990.71
39.202 1 NAVIGATION 0 2 -194263.5 -4813595. 0. 2.32084345979e+13 0 0
39.203 1 STATE_FILTER_STATUS 3 0
39.210 1 DESIRED 0.02 0.03 0. 0. 0. 235. 0. 20.
39.215 1 GPS 0 16602147 0 0 -17000 0 0 0 82500 31 10
39.218 1 SVINFO 10 18 16 1 0 -91 0
39.221 1 IMU_GYRO -0.049805 0.008301 -0.007324
39.224 1 NAVIGATION_REF 360285 4813595 31
39.226 1 ESTIMATOR -17. 0.
39.231 1 NAVIGATION 0 2 -194263.5 -4813595. 0. 2.32084345979e+13 0 0
39.234 1 BAT 54 68 0 0 1 82 0 0
39.237 1 ATTITUDE -0.072385 -2.349007 -0.014753
39.485 1 NAVIGATION 0 2 -194263.5 -4813595. 0. 2.32084345979e+13 0 0
39.491 1 DESIRED 0.02 0.03 0. 0. 0. 235. 0. 20.
39.495 1 WP_MOVED 10 360453.8125 4813581. 260. 31
39.498 1 GPS_SOL 649676672 100000 9999 0
39.499 1 CALIBRATION 0. 0
39.505 1 GPS 0 16602147 0 0 -17000 0 0 0 82750 31 11
39.800 1 IMU_ACCEL 0.162109 -9.842773 -0.003906
39.804 1 NAVIGATION 0 2 -194263.5 -4813595. 0. 2.32084345979e+13 0 0
39.807 1 IMU_MAG -3.297363 -1.745117 -4.059082
39.811 1 ENERGY 6.8 0. 0 0.
39.815 1 NAVIGATION 0 2 -194263.5 -4813595. 0. 2.32084345979e+13 0 0
39.962 1 DOWNLINK_STATUS 0 40 19992 875 35 485. 22. -17990.71
40.065 1 DESIRED 0.02 0.03 0. 0. 0. 235. 0. 20.
40.069 1 WP_MOVED 0 360327. 4813637. 260. 31
40.072 1 IMU_GYRO -0.047852 0.008301 -0.007324
40.076 1 BAT 54 68 0 0 1 83 0 0
40.081 1 GPS 0 16602147 0 0 -17000 0 0 0 83750 31 15
40.090 1 SVINFO 1 2 16 1 0 -91 0
40.097 1 DESIRED 0.02 0.03 0. 0. 0. 235. 0. 20.
40.100 1 IMU_GYRO -0.046631 0.007324 -0.008301
40.104 1 NAVIGATION 0 2 -194263.5 -4813595. 0. 2.32084345979e+13 0 0
40.351 1 IMU_ACCEL 0.191406 -9.829102 0.100586
40.357 1 DESIRED 0.02 0.03 0. 0. 0. 235. 0. 20.
40.362 1 GPS 0 16602147 0 0 -17000 0 0 0 84500 31 2
40.364 1 SVINFO 2 5 16 1 0 -91 0
40.366 1 DL_VALUE 1 0.
40.369 1 ESTIMATOR -17. 0.
40.374 1 NAVIGATION 0 2 -194263.5 -4813595. 0. 2.32084345979e+13 0 0
40.376 1 ATTITUDE -0.07254 -2.34917 -0.015076
40.378 1 STATE_FILTER_STATUS 3 0
40.384 1 NAVIGATION 0 2 -194263.5 -4813595. 0. 2.32084345979e+13 0 0
40.390 1 DESIRED 0.02 0.03 0. 0. 0. 235. 0. 20.
40.604 1 WP_MOVED 2 360334.5 4813695. 260. 31
40.607 1 GPS_SOL 649684416 100000 9999 0
40.613 1 GPS 0 16602147 0 0 -17000 0 0 0 84750 31 3
40.615 1 SVINFO 3 6 16 1 0 -91 0
40.619 1 BAT 54 68 0 0 1 84 0 0
40.621 1 CALIBRATION 0. 0
40.625 1 NAVIGATION 0 2 -194263.5 -4813595. 0. 2.32084345979e+13 0 0
40.632 1 DESIRED 0.02 0.03 0. 0. 0. 235. 0. 20.
40.635 1 IMU_GYRO -0.052979 0.010498 -0.007324
40.637 1 PPRZ_MODE 0 0 0 0 0 17
40.644 1 IMU_MAG -3.285156 -1.742188 -4.132324
40.963 1 DOWNLINK_STATUS 0 41 20691 906 36 699. 31. -22990.93
41.120 1 COMMANDS 54,196,196,0,-266
41.126 1 GPS 0 16602147 0 0 -17000 0 0 0 85000 31 4
41.129 1 SVINFO 4 7 16 1 0 -91 0
41.131 1 ACTUATORS 1195,1539,1510,1510,1353
41.138 1 DESIRED 0.02 0.03 0. 0. 0. 235. 0. 20.
41.140 1 ESTIMATOR -17. 0.
41.145 1 NAVIGATION 0 2 -194263.5 -4813595. 0. 2.32084345979e+13 0 0
41.148 1 WP_MOVED 3 360295.09375 4813785. 260. 31
41.152 1 IMU_ACCEL 0.196289 -9.833008 -0.013672
41.501 1 GPS 0 16602147 0 0 -17000 0 0 0 85250 31 5
41.504 1 SVINFO 5 8 16 1 0 -91 0
41.510 1 DESIRED 0.02 0.03 0. 0. 0. 235. 0. 20.
41.515 1 NAVIGATION 0 2 -194263.5 -4813595. 0. 2.32084345979e+13 0 0
41.963 1 DOWNLINK_STATUS 0 42 20999 919 36 308. 13. -22990.93
41.973 1 DESIRED 0.02 0.03 0. 0. 0. 235. 0. 20.
41.979 1 GPS 0 16602147 0 0 -17000 0 0 0 85500 31 6
41.981 1 SVINFO 6 9 16 1 0 -91 0
41.984 1 IMU_GYRO -0.046631 0.008301 -0.008301
41.987 1 ESTIMATOR -17. 0.
41.991 1 NAVIGATION 0 2 -194263.5 -4813595. 0. 2.32084345979e+13 0 0
41.996 1 NAVIGATION 0 2 -194263.5 -4813595. 0. 2.32084345979e+13 0 0
42.306 1 WIND_INFO 1 42 0. 0. 0.
42.519 1 DESIRED 0.02 0.03 0. 0. 0. 235. 0. 20.
42.523 1 WP_MOVED 4 360417.3125 4813734. 260. 31
42.529 1 GPS 0 16602147 0 0 -17000 0 0 0 85750 31 7
42.531 1 SVINFO 7 11 16 1 0 -91 0
42.534 1 FBW_STATUS 0 52 0 68 0
42.538 1 NAVIGATION 0 2 -194263.5 -4813595. 0. 2.32084345979e+13 0 0
42.545 1 DESIRED 0.02 0.03 0. 0. 0. 235. 0. 20.
42.547 1 PPRZ_MODE 0 0 0 0 0 17
42.551 1 BAT 54 68 0 0 1 86 0 0
42.964 1 DOWNLINK_STATUS 0 43 21385 935 36 386. 16. -22990.93
43.964 1 DOWNLINK_STATUS 0 44 21385 935 36 0. 0. -22990.93
44.048 1 GPS 0 16602147 0 0 -17000 0 0 0 86000 31 8
44.049 1 SVINFO 8 12 16 1 0 -91 0
44.052 1 IMU_ACCEL 0.209961 -9.862305 -0.038086
44.054 1 DL_VALUE 2 235.
44.062 1 DESIRED 0.02 0.03 0. 0. 0. 235. 0. 20.
44.063 1 ESTIMATOR -17. 0.
44.066 1 IMU_GYRO -0.048828 0.008301 -0.007324
44.070 1 ENERGY 6.8 0. 0 0.
44.075 1 NAVIGATION 0 2 -194263.5 -4813595. 0. 2.32084345979e+13 0 0
44.078 1 WP_MOVED 5 360422. 4813583.5 260. 31
44.081 1 IMU_MAG -3.288086 -1.742188 -4.154785
44.085 1 ALIVE 218,244,157,107,96,121,26,254,252,221,77,201,165,129,58,220
44.283 1 GPS 0 16602147 0 0 -17000 0 0 0 86250 31 9
44.286 1 SVINFO 9 13 16 1 0 -91 0
44.292 1 DESIRED 0.02 0.03 0. 0. 0. 235. 0. 20.
44.297 1 NAVIGATION 0 2 -194263.5 -4813595. 0. 2.32084345979e+13 0 0
44.303 1 DESIRED 0.02 0.03 0. 0. 0. 235. 0. 20.
44.309 1 GPS 0 16602147 0 0 -17000 0 0 0 86500 31 10
44.312 1 SVINFO 10 18 16 1 0 -91 0
44.565 1 ESTIMATOR -17. 0.
44.569 1 NAVIGATION 0 2 -194263.5 -4813595. 0. 2.32084345979e+13 0 0
44.572 1 ATTITUDE -0.072419 -2.349711 -0.015083
44.577 1 NAVIGATION 0 2 -194263.5 -4813595. 0. 2.32084345979e+13 0 0
44.583 1 DESIRED 0.02 0.03 0. 0. 0. 235. 0. 20.
44.587 1 WP_MOVED 6 360165.8125 4813664.5 260. 31
44.590 1 IMU_GYRO -0.051025 0.008301 -0.007324
44.593 1 GPS_SOL 649692352 100000 9999 0
44.599 1 GPS 0 16602147 0 0 -17000 0 0 0 86750 31 11
44.601 1 SVINFO 11 21 16 1 0 -91 0
44.604 1 IMU_ACCEL 0.166992 -9.862305 -0.023438
44.606 1 STATE_FILTER_STATUS 3 0
44.815 1 NAVIGATION 0 2 -194263.5 -4813595. 0. 2.32084345979e+13 0 0
44.822 1 DESIRED 0.02 0.03 0. 0. 0. 235. 0. 20.
44.824 1 PPRZ_MODE 0 0 0 0 0 17
44.826 1 CALIBRATION 0. 0
44.832 1 GPS 0 16602147 0 0 -17000 0 0 0 87000 31 12
44.834 1 SVINFO 12 24 16 1 0 -91 0
44.838 1 BAT 54 68 0 0 1 87 0 0
44.844 1 DESIRED 0.02 0.03 0. 0. 0. 235. 0. 20.
44.847 1 ESTIMATOR -17. 0.
44.964 1 DOWNLINK_STATUS 0 45 22292 975 36 907. 40. -22990.93
45.017 1 NAVIGATION 0 2 -194263.5 -4813595. 0. 2.32084345979e+13 0 0
45.021 1 WP_MOVED 7 360559.40625 4813804.5 260. 31
45.026 1 GPS 0 16602147 0 0 -17000 0 0 0 87250 31 13
45.029 1 SVINFO 13 26 16 1 0 -91 0
45.035 1 DESIRED 0.02 0.03 0. 0. 0. 235. 0. 20.
45.039 1 IMU_GYRO -0.048828 0.008301 -0.007324
45.304 1 NAVIGATION 0 2 -194263.5 -4813595. 0. 2.32084345979e+13 0 0
45.311 1 DESIRED 0.02 0.03 0. 0. 0. 235. 0. 20.
45.317 1 GPS 0 16602147 0 0 -17000 0 0 0 87500 31 14
45.319 1 SVINFO 14 27 16 1 0 -91 0
45.322 1 IMU_MAG -3.288086 -1.743652 -4.146973
45.324 1 DL_VALUE 3 0.
45.327 1 ESTIMATOR -17. 0.
45.330 1 IMU_ACCEL 0.166992 -9.829102 0.018555
45.334 1 NAVIGATION 0 2 -194263.5 -4813595. 0. 2.32084345979e+13 0 0
45.339 1 NAVIGATION 0 2 -194263.5 -4813595. 0. 2.32084345979e+13 0 0
45.588 1 DESIRED 0.02 0.03 0. 0. 0. 235. 0. 20.
45.592 1 WP_MOVED 8 360462.40625 4813640. 215. 31
45.597 1 GPS 0 16602147 0 0 -17000 0 0 0 87750 31 15
45.600 1 SVINFO 15 31 16 1 0 -91 0
45.604 1 NAVIGATION 0 2 -194263.5 -4813595. 0. 2.32084345979e+13 0 0
45.607 1 FBW_STATUS 0 50 0 68 0
45.614 1 DESIRED 0.02 0.03 0. 0. 0. 235. 0. 20.
45.617 1 IMU_GYRO -0.051025 0.009521 -0.008301
45.619 1 PPRZ_MODE 0 0 0 0 0 17
45.625 1 GPS 0 16602147 0 0 -17000 0 0 0 88000 31 16
45.627 1 SVINFO 0 1 16 1 0 -91 0
45.965 1 DOWNLINK_STATUS 0 46 22926 1002 36 634. 27. -27991.28
46.556 1 DESIRED 0.02 0.03 0. 0. 0. 235. 0. 20.
46.558 1 ESTIMATOR -17. 0.
46.562 1 BAT 54 68 0 0 1 88 0 0
46.564 1 DOWNLINK 2 733 2841
46.569 1 NAVIGATION 0 2 -194263.5 -4813595. 0. 2.32084345979e+13 0 0
46.572 1 WP_MOVED 9 360313.8125 4813652. 185. 31
46.587 1 NAVIGATION 0 2 -194263.5 -4813595. 0. 2.32084345979e+13 0 0
46.590 1 IMU_ACCEL 0.186523 -9.842773 0.033203
46.597 1 DESIRED 0.02 0.03 0. 0. 0. 235. 0. 20.
46.965 1 DOWNLINK_STATUS 0 47 23138 1011 37 212. 9. -27991.28
47.229 1 GPS 0 16602147 0 0 -17000 0 0 0 88500 31 2
47.232 1 SVINFO 2 5 16 1 0 -91 0
47.235 1 IMU_GYRO -0.048828 0.010498 -0.008301
47.237 1 ESTIMATOR -17. 0.
47.242 1 NAVIGATION 0 2 -194263.5 -4813595. 0. 2.32084345979e+13 0 0
47.245 1 ATTITUDE -0.072459 -2.350114 -0.015366
47.256 1 SVINFO 3 6 16 1 0 -91 0
47.259 1 IMU_MAG -3.288086 -1.740723 -4.137207
47.263 1 NAVIGATION 0 2 -194263.5 -4813595. 0. 2.32084345979e+13 0 0
47.270 1 DESIRED 0.02 0.03 0. 0. 0. 235. 0. 20.
47.515 1 PPRZ_MODE 0 0 0 0 0 17
47.520 1 GPS 0 16602147 0 0 -17000 0 0 0 89000 31 4
47.523 1 SVINFO 4 7 16 1 0 -91 0
47.525 1 DL_VALUE 4 0.
47.527 1 CALIBRATION 0. 0
47.528 1 STATE_FILTER_STATUS 3 0
47.546 1 NAVIGATION 0 2 -194263.5 -4813595. 0. 2.32084345979e+13 0 0
47.552 1 DESIRED 0.02 0.03 0. 0. 0. 235. 0. 20.
47.800 1 GPS 0 16602147 0 0 -17000 0 0 0 89500 31 6
47.802 1 SVINFO 6 9 16 1 0 -91 0
47.805 1 ESTIMATOR -17. 0.
47.810 1 NAVIGATION 0 2 -194263.5 -4813595. 0. 2.32084345979e+13 0 0
47.815 1 NAVIGATION 0 2 -194263.5 -4813595. 0. 2.32084345979e+13 0 0
47.815 1 PONG 
47.833 1 DESIRED 0.02 0.03 0. 0. 0. 235. 0. 20.
47.835 1 IMU_GYRO -0.049805 0.008301 -0.007324
47.837 1 PPRZ_MODE 0 0 0 0 0 17
47.844 1 GPS 0 16602147 0 0 -17000 0 0 0 91000 31 12
47.966 1 DOWNLINK_STATUS 0 48 23731 1039 40 593. 28. 2378.63
48.088 1 SVINFO 12 27 16 1 0 -91 0
48.095 1 DESIRED 0.02 0.03 0. 0. 0. 235. 0. 20.
48.097 1 ESTIMATOR -17. 0.
48.099 1 CALIBRATION 0. 0
48.103 1 ENERGY 6.8 0. 0 0.
48.107 1 NAVIGATION 0 2 -194263.5 -4813595. 0. 2.32084345979e+13 0 0
48.111 1 WP_MOVED 3 360295.09375 4813785. 260. 31
48.112 1 STATE_FILTER_STATUS 3 0
48.116 1 ALIVE 218,244,157,107,96,121,26,254,252,221,77,201,165,129,58,220
48.122 1 GPS 0 16602147 0 0 -17000 0 0 0 91250 31 13
48.124 1 SVINFO 13 28 16 1 0 -91 0
48.317 1 DESIRED 0.02 0.03 0. 0. 0. 235. 0. 20.
48.322 1 NAVIGATION 0 2 -194263.5 -4813595. 0. 2.32084345979e+13 0 0
48.325 1 BAT 54 68 0 0 1 91 0 0
48.328 1 IMU_MAG -3.288086 -1.748047 -4.148438
48.335 1 DESIRED 0.02 0.03 0. 0. 0. 235. 0. 20.
48.341 1 GPS 0 16602147 0 0 -17000 0 0 0 91500 31 14
48.343 1 SVINFO 14 29 16 1 0 -91 0
48.346 1 IMU_GYRO -0.047852 0.009521 -0.008301
48.349 1 NAVIGATION_REF 360285 4813595 31
48.553 1 ESTIMATOR -17. 0.
48.556 1 IMU_ACCEL 0.181641 -9.829102 0.013672
48.561 1 NAVIGATION 0 2 -194263.5 -4813595. 0. 2.32084345979e+13 0 0
48.566 1 NAVIGATION 0 2 -194263.5 -4813595. 0. 2.32084345979e+13 0 0
48.572 1 DESIRED 0.02 0.03 0. 0. 0. 235. 0. 20.
48.576 1 WP_MOVED 4 360417.3125 4813734. 260. 31
48.581 1 GPS 0 16602147 0 0 -17000 0 0 0 91750 31 15
48.584 1 SVINFO 15 31 16 1 0 -91 0
48.756 1 FBW_STATUS 0 47 0 68 0
48.760 1 NAVIGATION 0 2 -194263.5 -4813595. 0. 2.32084345979e+13 0 0
48.767 1 DESIRED 0.02 0.03 0. 0. 0. 235. 0. 20.
48.769 1 PPRZ_MODE 0 0 0 0 0 17
48.774 1 GPS 0 16602147 0 0 -17000 0 0 0 92000 31 16
48.777 1 SVINFO 0 1 16 1 0 -91 0
48.779 1 DL_VALUE 6 40.
48.966 1 DOWNLINK_STATUS 0 49 24512 1074 40 781. 35. 2378.63
49.003 1 DESIRED 0.02 0.03 0. 0. 0. 235. 0. 20.
49.006 1 ESTIMATOR -17. 0.
49.009 1 IMU_GYRO -0.048828 0.008301 -0.008301
49.014 1 NAVIGATION 0 2 -194263.5 -4813595. 0. 2.32084345979e+13 0 0
49.017 1 WP_MOVED 5 360422. 4813583.5 260. 31
49.023 1 GPS 0 16602147 0 0 -17000 0 0 0 92250 31 1
49.025 1 SVINFO 1 2 16 1 0 -91 0
49.032 1 DESIRED 0.02 0.03 0. 0. 0. 235. 0. 20.
49.289 1 NAVIGATION 0 2 -194263.5 -4813595. 0. 2.32084345979e+13 0 0
49.292 1 IMU_ACCEL 0.171875 -9.842773 0.023438
49.299 1 DESIRED 0.02 0.03 0. 0. 0. 235. 0. 20.
49.304 1 GPS 0 16602147 0 0 -17000 0 0 0 92500 31 2
49.307 1 SVINFO 2 5 16 1 0 -91 0
49.310 1 BAT 54 68 0 0 1 92 0 0
49.313 1 ESTIMATOR -17. 0.
49.317 1 NAVIGATION 0 2 -194263.5 -4813595. 0. 2.32084345979e+13 0 0
49.321 1 ATTITUDE -0.072857 -2.350307 -0.015565
49.325 1 NAVIGATION 0 2 -194263.5 -4813595. 0. 2.32084345979e+13 0 0
49.575 1 DESIRED 0.02 0.03 0. 0. 0. 235. 0. 20.
49.578 1 WP_MOVED 6 360165.8125 4813664.5 260. 31
49.581 1 IMU_GYRO -0.049805 0.009521 -0.007324
49.584 1 IMU_MAG -3.295898 -1.746582 -4.030273
49.587 1 GPS_SOL 649717120 100000 9999 0
49.592 1 GPS 0 16602147 0 0 -17000 0 0 0 92750 31 3
49.599 1 STATE_FILTER_STATUS 3 0
49.607 1 DESIRED 0.02 0.03 0. 0. 0. 235. 0. 20.
49.612 1 GPS 0 16602147 0 0 -17000 0 0 0 93500 31 6
49.614 1 SVINFO 6 9 16 1 0 -91 0
49.859 1 DL_VALUE 7 0.
49.862 1 ESTIMATOR -17. 0.
49.866 1 NAVIGATION 0 2 -194263.5 -4813595. 0. 2.32084345979e+13 0 0
49.870 1 BAT 54 68 0 0 1 93 0 0
49.873 1 ENERGY 6.8 0. 0 0.
49.878 1 NAVIGATION 0 2 -194263.5 -4813595. 0. 2.32084345979e+13 0 0
49.887 1 SVINFO 8 12 16 1 0 -91 0
49.890 1 IMU_ACCEL 0.162109 -9.837891 0.023438
49.893 1 IMU_MAG -3.285156 -1.746582 -4.137207
49.900 1 DESIRED 0.02 0.03 0. 0. 0. 235. 0. 20.
49.902 1 ESTIMATOR -17. 0.
49.966 1 DOWNLINK_STATUS 0 50 25405 1113 42 893. 39. 2378.63
50.147 1 NAVIGATION 0 2 -194263.5 -4813595. 0. 2.32084345979e+13 0 0
50.157 1 WP_MOVED 9 360313.8125 4813652. 185. 31
50.157 1 GPS 0 16602147 0 0 -17000 0 0 0 94250 31 9
50.159 1 SVINFO 9 13 16 1 0 -91 0
50.166 1 DESIRED 0.02 0.03 0. 0. 0. 235. 0. 20.
50.170 1 NAVIGATION 0 2 -194263.5 -4813595. 0. 2.32084345979e+13 0 0
50.177 1 DESIRED 0.02 0.03 0. 0. 0. 235. 0. 20.
50.182 1 GPS 0 16602147 0 0 -17000 0 0 0 94500 31 10
50.185 1 SVINFO 10 18 16 1 0 -91 0
50.188 1 IMU_GYRO -0.049805 0.009521 -0.008301
50.425 1 ESTIMATOR -17. 0.
50.430 1 NAVIGATION 0 2 -194263.5 -4813595. 0. 2.32084345979e+13 0 0
50.433 1 ATTITUDE -0.072704 -2.350817 -0.015494
50.437 1 NAVIGATION 0 2 -194263.5 -4813595. 0. 2.32084345979e+13 0 0
50.444 1 DESIRED 0.02 0.03 0. 0. 0. 235. 0. 20.
50.447 1 WP_MOVED 10 360453.8125 4813581. 260. 31
50.451 1 BAT 54 68 0 0 1 94 0 0
50.454 1 GPS_SOL 649725824 100000 9999 0
50.460 1 GPS 0 16602147 0 0 -17000 0 0 0 94750 31 11
50.462 1 SVINFO 11 21 16 1 0 -91 0
50.465 1 IMU_ACCEL 0.181641 -9.837891 -0.003906
50.931 1 NAVIGATION 0 2 -194263.5 -4813595. 0. 2.32084345979e+13 0 0
50.938 1 DESIRED 0.02 0.03 0. 0. 0. 235. 0. 20.
50.940 1 PPRZ_MODE 0 0 0 0 0 17
50.943 1 COMMANDS 54,196,182,0,-266
50.948 1 GPS 0 16602147 0 0 -17000 0 0 0 95000 31 12
50.951 1 SVINFO 12 27 16 1 0 -91 0
50.953 1 DL_VALUE 8 0.
50.956 1 ACTUATORS 1195,1539,1510,1510,1353
50.967 1 DOWNLINK_STATUS 0 51 26078 1142 42 673. 29. -2621.79
51.968 1 DOWNLINK_STATUS 0 52 26078 1142 42 0. 0. -2621.79
52.139 1 DESIRED 0.02 0.03 0. 0. 0. 235. 0. 20.
52.141 1 ESTIMATOR -17. 0.
52.144 1 IMU_GYRO -0.047852 0.008301 -0.008301
52.149 1 NAVIGATION 0 2 -194263.5 -4813595. 0. 2.32084345979e+13 0 0
52.152 1 WP_MOVED 11 360170.5 4813757.5 260. 31
52.158 1 GPS 0 16602147 0 0 -17000 0 0 0 95250 31 13
52.160 1 SVINFO 13 28 16 1 0 -91 0
52.167 1 DESIRED 0.02 0.03 0. 0. 0. 235. 0. 20.
52.170 1 IMU_MAG -3.285156 -1.751465 -4.132324
52.172 1 CALIBRATION 0. 0
52.306 1 WIND_INFO 1 42 0. 0. 0.
52.514 1 NAVIGATION 0 2 -194263.5 -4813595. 0. 2.32084345979e+13 0 0
52.521 1 DESIRED 0.02 0.03 0. 0. 0. 235. 0. 20.
52.526 1 GPS 0 16602147 0 0 -17000 0 0 0 95500 31 14
52.529 1 SVINFO 14 29 16 1 0 -91 0
52.970 1 DOWNLINK_STATUS 0 53 26419 1156 42 341. 14. -2621.79
53.585 1 ESTIMATOR -17. 0.
53.588 1 IMU_ACCEL 0.209961 -9.837891 0.018555
53.593 1 NAVIGATION 0 2 -194263.5 -4813595. 0. 2.32084345979e+13 0 0
53.594 1 STATE_FILTER_STATUS 3 0
53.599 1 NAVIGATION 0 2 -194263.5 -4813595. 0. 2.32084345979e+13 0 0
53.606 1 DESIRED 0.02 0.03 0. 0. 0. 235. 0. 20.
53.609 1 WP_MOVED 0 360327. 4813637. 260. 31
53.612 1 IMU_GYRO -0.045654 0.006348 -0.008301
53.618 1 GPS 0 16602147 0 0 -17000 0 0 0 95750 31 15
53.620 1 SVINFO 15 31 16 1 0 -91 0
53.796 1 BAT 54 68 0 0 1 95 0 0
53.799 1 FBW_STATUS 0 51 0 68 0
53.803 1 NAVIGATION 0 2 -194263.5 -4813595. 0. 2.32084345979e+13 0 0
53.810 1 DESIRED 0.02 0.03 0. 0. 0. 235. 0. 20.
53.812 1 PPRZ_MODE 0 0 0 0 0 17
53.818 1 GPS 0 16602147 0 0 -17000 0 0 0 96000 31 16
53.820 1 SVINFO 0 1 16 1 0 -91 0
53.971 1 DOWNLINK_STATUS 0 54 26794 1173 42 375. 17. -2621.79
54.077 1 DESIRED 0.02 0.03 0. 0. 0. 235. 0. 20.
54.080 1 ESTIMATOR -17. 0.
54.083 1 ENERGY 6.8 0. 0 0.
54.088 1 NAVIGATION 0 2 -194263.5 -4813595. 0. 2.32084345979e+13 0 0
54.091 1 WP_MOVED 1 360285. 4813595. 260. 31
54.095 1 ALIVE 218,244,157,107,96,121,26,254,252,221,77,201,165,129,58,220
54.101 1 GPS 0 16602147 0 0 -17000 0 0 0 96250 31 1
54.104 1 SVINFO 1 2 16 1 0 -91 0
54.110 1 DESIRED 0.02 0.03 0. 0. 0. 235. 0. 20.
54.113 1 IMU_GYRO -0.048828 0.008301 -0.008301
54.346 1 NAVIGATION 0 2 -194263.5 -4813595. 0. 2.32084345979e+13 0 0
54.349 1 IMU_ACCEL 0.148438 -9.833008 -0.023438
54.356 1 DESIRED 0.02 0.03 0. 0. 0. 235. 0. 20.
54.362 1 GPS 0 16602147 0 0 -17000 0 0 0 96500 31 2
54.364 1 SVINFO 2 5 16 1 0 -91 0
54.366 1 DL_VALUE 9 1.
54.368 1 ESTIMATOR -17. 0.
54.373 1 NAVIGATION 0 2 -194263.5 -4813595. 0. 2.32084345979e+13 0 0
54.376 1 IMU_MAG -3.288086 -1.743652 -4.146973
54.379 1 ATTITUDE -0.072426 -2.351083 -0.01543
54.621 1 NAVIGATION 0 2 -194263.5 -4813595. 0. 2.32084345979e+13 0 0
54.627 1 DESIRED 0.02 0.03 0. 0. 0. 235. 0. 20.
54.631 1 WP_MOVED 2 360334.5 4813695. 260. 31
54.634 1 GPS_SOL 649734656 100000 9999 0
54.639 1 GPS 0 16602147 0 0 -17000 0 0 0 96750 31 3
54.642 1 SVINFO 3 6 16 1 0 -91 0
54.646 1 NAVIGATION 0 2 -194263.5 -4813595. 0. 2.32084345979e+13 0 0
54.653 1 DESIRED 0.02 0.03 0. 0. 0. 235. 0. 20.
54.656 1 IMU_GYRO -0.049805 0.008301 -0.007324
54.662 1 PPRZ_MODE 0 0 0 0 0 17
54.662 1 BAT 54 68 0 0 1 97 0 0
54.809 1 GPS 0 16602147 0 0 -17000 0 0 0 97000 31 4
54.812 1 SVINFO 4 7 16 1 0 -91 0
54.818 1 DESIRED 0.02 0.03 0. 0. 0. 235. 0. 20.
54.821 1 ESTIMATOR -17. 0.
54.825 1 NAVIGATION 0 2 -194263.5 -4813595. 0. 2.32084345979e+13 0 0
54.971 1 DOWNLINK_STATUS 0 55 27642 1209 42 848. 36. -2621.79
55.095 1 WP_MOVED 3 360295.09375 4813785. 260. 31
55.098 1 IMU_ACCEL 0.162109 -9.847656 -0.018555
55.103 1 GPS 0 16602147 0 0 -17000 0 0 0 97250 31 5
55.106 1 SVINFO 5 8 16 1 0 -91 0
55.112 1 DESIRED 0.02 0.03 0. 0. 0. 235. 0. 20.
55.117 1 NAVIGATION 0 2 -194263.5 -4813595. 0. 2.32084345979e+13 0 0
55.118 1 CALIBRATION 0. 0
55.125 1 DESIRED 0.02 0.03 0. 0. 0. 235. 0. 20.
55.131 1 GPS 0 16602147 0 0 -17000 0 0 0 97500 31 6
55.134 1 SVINFO 6 9 16 1 0 -91 0
55.379 1 IMU_GYRO -0.049805 0.008301 -0.007324
55.381 1 ESTIMATOR -17. 0.
55.386 1 NAVIGATION 0 2 -194263.5 -4813595. 0. 2.32084345979e+13 0 0
55.391 1 NAVIGATION 0 2 -194263.5 -4813595. 0. 2.32084345979e+13 0 0
55.397 1 DESIRED 0.02 0.03 0. 0. 0. 235. 0. 20.
55.400 1 WP_MOVED 4 360417.3125 4813734. 260. 31
55.406 1 GPS 0 16602147 0 0 -17000 0 0 0 97750 31 7
55.408 1 SVINFO 7 11 16 1 0 -91 0
55.410 1 STATE_FILTER_STATUS 3 0
55.412 1 FBW_STATUS 0 50 0 68 0
55.417 1 NAVIGATION 0 2 -194263.5 -4813595. 0. 2.32084345979e+13 0 0
55.667 1 DESIRED 0.02 0.03 0. 0. 0. 235. 0. 20.
55.668 1 PPRZ_MODE 0 0 0 0 0 17
55.671 1 IMU_MAG -3.282227 -1.75293 -4.148438
55.677 1 GPS 0 16602147 0 0 -17000 0 0 0 98000 31 8
55.680 1 SVINFO 8 12 16 1 0 -91 0
55.683 1 IMU_ACCEL 0.191406 -9.837891 -0.003906
55.686 1 BAT 54 68 0 0 1 98 0 0
55.695 1 SVINFO 12 28 16 1 0 -91 0
55.702 1 DESIRED 0.02 0.03 0. 0. 0. 235. 0. 20.
55.704 1 ESTIMATOR -17. 0.
55.708 1 BAT 54 68 0 0 1 99 0 0
55.972 1 DOWNLINK_STATUS 0 56 28367 1241 43 725. 32. -7622.15
56.634 1 NAVIGATION 0 2 -194263.5 -4813595. 0. 2.32084345979e+13 0 0
56.637 1 WP_MOVED 7 360559.40625 4813804.5 260. 31
56.641 1 IMU_MAG -3.285156 -1.746582 -4.15332
56.646 1 GPS 0 16602147 0 0 -17000 0 0 0 99250 31 13
56.649 1 SVINFO 13 29 16 1 0 -91 0
56.655 1 DESIRED 0.02 0.03 0. 0. 0. 235. 0. 20.
56.658 1 IMU_GYRO -0.047852 0.008301 -0.008301
56.665 1 NAVIGATION 0 2 -194263.5 -4813595. 0. 2.32084345979e+13 0 0
56.670 1 DESIRED 0.02 0.03 0. 0. 0. 235. 0. 20.
56.675 1 GPS 0 16602147 0 0 -17000 0 0 0 99500 31 14
56.972 1 DOWNLINK_STATUS 0 57 28631 1251 43 264. 10. -7622.15
57.974 1 DOWNLINK_STATUS 0 58 28631 1251 43 0. 0. -7622.15
58.380 1 SVINFO 14 30 16 3 22 -91 0
58.382 1 DL_VALUE 0 0.
58.384 1 CALIBRATION 0. 0
58.386 1 ESTIMATOR -17. 0.
58.389 1 IMU_ACCEL 0.171875 -9.837891 -0.013672
58.394 1 NAVIGATION 0 2 -194263.5 -4813595. 0. 2.32084345979e+13 0 0
58.398 1 NAVIGATION 0 2 -194263.5 -4813595. 0. 2.32084345979e+13 0 0
58.399 1 PONG 
58.414 1 DESIRED 0.02 0.03 0. 0. 0. 235. 0. 20.
58.420 1 GPS 0 16602147 0 0 -17000 0 0 0 100500 31 2
58.422 1 SVINFO 2 3 16 1 0 -91 0
58.974 1 DOWNLINK_STATUS 0 59 28842 1262 44 211. 11. 2961.23
59.001 1 IMU_GYRO -0.045654 0.008301 -0.007324
59.004 1 IMU_MAG -3.282227 -1.748047 -4.15332
59.007 1 ESTIMATOR -17. 0.
59.012 1 NAVIGATION 0 2 -194263.5 -4813595. 0. 2.32084345979e+13 0 0
59.014 1 ATTITUDE -0.07193 -2.352381 -0.01513
59.020 1 NAVIGATION 0 2 -194263.5 -4813595. 0. 2.32084345979e+13 0 0
59.027 1 DESIRED 0.02 0.03 0. 0. 0. 235. 0. 20.
59.029 1 WP_MOVED 10 360453.8125 4813581. 260. 31
59.032 1 GPS_SOL 649752832 100000 9999 0
59.038 1 GPS 0 16602147 0 0 -17000 0 0 0 100750 31 3
59.040 1 SVINFO 3 4 16 1 0 -91 0
59.265 1 NAVIGATION 0 2 -194263.5 -4813595. 0. 2.32084345979e+13 0 0
59.272 1 DESIRED 0.02 0.03 0. 0. 0. 235. 0. 20.
59.273 1 PPRZ_MODE 0 0 0 0 0 17
59.279 1 GPS 0 16602147 0 0 -17000 0 0 0 101000 31 4
59.281 1 SVINFO 4 5 16 1 0 -91 0
59.283 1 DL_VALUE 1 0.
59.290 1 DESIRED 0.02 0.03 0. 0. 0. 235. 0. 20.
59.292 1 ESTIMATOR -17. 0.
59.295 1 IMU_GYRO -0.048828 0.007324 -0.006348
59.299 1 ENERGY 6.8 0. 0 0.
59.522 1 NAVIGATION 0 2 -194263.5 -4813595. 0. 2.32084345979e+13 0 0
59.525 1 WP_MOVED 11 360170.5 4813757.5 260. 31
59.528 1 IMU_ACCEL 0.196289 -9.837891 0.018555
59.532 1 ALIVE 218,244,157,107,96,121,26,254,252,221,77,201,165,129,58,220
59.538 1 GPS 0 16602147 0 0 -17000 0 0 0 101250 31 5
59.540 1 SVINFO 5 6 16 1 0 -91 0
59.547 1 DESIRED 0.02 0.03 0. 0. 0. 235. 0. 20.
59.551 1 BAT 54 68 0 0 1 101 0 0
59.555 1 NAVIGATION 0 2 -194263.5 -4813595. 0. 2.32084345979e+13 0 0
59.674 1 DESIRED 0.02 0.03 0. 0. 0. 235. 0. 20.
59.680 1 GPS 0 16602147 0 0 -17000 0 0 0 101500 31 6
59.682 1 SVINFO 6 7 16 1 0 -91 0
59.926 1 ESTIMATOR -17. 0.
59.931 1 NAVIGATION 0 2 -194263.5 -4813595. 0. 2.32084345979e+13 0 0
59.932 1 CALIBRATION 0. 0
59.937 1 NAVIGATION 0 2 -194263.5 -4813595. 0. 2.32084345979e+13 0 0
59.944 1 DESIRED 0.02 0.03 0. 0. 0. 235. 0. 20.
59.947 1 WP_MOVED 0 360327. 4813637. 260. 31
59.950 1 IMU_GYRO -0.051025 0.009521 -0.008301
59.956 1 GPS 0 16602147 0 0 -17000 0 0 0 101750 31 7
59.958 1 SVINFO 7 8 16 1 0 -91 0
59.961 1 IMU_MAG -3.283691 -1.75 -4.16748
59.974 1 DOWNLINK_STATUS 0 60 29830 1305 44 988. 43. 2961.23
60.195 1 FBW_STATUS 0 48 0 68 0
60.200 1 NAVIGATION 0 2 -194263.5 -4813595. 0. 2.32084345979e+13 0 0
60.207 1 DESIRED 0.02 0.03 0. 0. 0. 235. 0. 20.
60.209 1 PPRZ_MODE 0 0 0 0 0 17
60.214 1 GPS 0 16602147 0 0 -17000 0 0 0 102000 31 8
60.217 1 SVINFO 8 9 16 1 0 -91 0
60.220 1 IMU_ACCEL 0.201172 -9.829102 -0.008789
60.227 1 DESIRED 0.02 0.03 0. 0. 0. 235. 0. 20.
60.229 1 ESTIMATOR -17. 0.
60.233 1 NAVIGATION 0 2 -194263.5 -4813595. 0. 2.32084345979e+13 0 0
60.422 1 WP_MOVED 1 360285. 4813595. 260. 31
60.423 1 STATE_FILTER_STATUS 3 0
60.429 1 GPS 0 16602147 0 0 -17000 0 0 0 102250 31 9
60.431 1 SVINFO 9 10 16 1 0 -91 0
60.438 1 DESIRED 0.02 0.03 0. 0. 0. 235. 0. 20.
60.441 1 IMU_GYRO -0.046631 0.007324 -0.008301
60.446 1 NAVIGATION 0 2 -194263.5 -4813595. 0. 2.32084345979e+13 0 0
60.449 1 BAT 54 68 0 0 1 102 0 0
60.976 1 DOWNLINK_STATUS 0 61 30243 1323 44 413. 18. -2038.93
61.103 1 DESIRED 0.02 0.03 0. 0. 0. 235. 0. 20.
61.108 1 GPS 0 16602147 0 0 -17000 0 0 0 102500 31 10
61.111 1 SVINFO 10 11 16 1 0 -91 0
61.113 1 DL_VALUE 2 235.
61.115 1 ESTIMATOR -17. 0.
61.120 1 NAVIGATION 0 2 -194263.5 -4813595. 0. 2.32084345979e+13 0 0
61.123 1 ATTITUDE -0.07209 -2.352431 -0.015096
61.127 1 NAVIGATION 0 2 -194263.5 -4813595. 0. 2.32084345979e+13 0 0
61.134 1 DESIRED 0.02 0.03 0. 0. 0. 235. 0. 20.
61.137 1 WP_MOVED 2 360334.5 4813695. 260. 31
61.140 1 GPS_SOL 649762240 100000 9999 0
61.389 1 GPS 0 16602147 0 0 -17000 0 0 0 102750 31 11
61.391 1 SVINFO 11 12 16 1 0 -91 0
61.394 1 IMU_ACCEL 0.186523 -9.852539 0.042969
61.399 1 NAVIGATION 0 2 -194263.5 -4813595. 0. 2.32084345979e+13 0 0
61.417 1 GPS 0 16602147 0 0 -17000 0 0 0 103500 31 14
61.420 1 SVINFO 14 29 16 1 0 -91 0
61.423 1 IMU_GYRO -0.051025 0.009521 -0.008301
61.427 1 BAT 54 68 0 0 1 103 0 0
61.673 1 ESTIMATOR -17. 0.
61.675 1 IMU_ACCEL 0.205078 -9.842773 -0.02832
61.680 1 NAVIGATION 0 2 -194263.5 -4813595. 0. 2.32084345979e+13 0 0
61.683 1 ENERGY 6.8 0. 0 0.
61.688 1 NAVIGATION 0 2 -194263.5 -4813595. 0. 2.32084345979e+13 0 0
61.699 1 IMU_ACCEL 0.191406 -9.824219 -0.003906
61.705 1 GPS 0 16602147 0 0 -17000 0 0 0 105250 31 5
61.708 1 SVINFO 5 6 16 1 0 -91 0
61.714 1 DESIRED 0.02 0.03 0. 0. 0. 235. 0. 20.
61.960 1 IMU_GYRO -0.048828 0.007324 -0.008301
61.965 1 NAVIGATION 0 2 -194263.5 -4813595. 0. 2.32084345979e+13 0 0
61.972 1 DESIRED 0.02 0.03 0. 0. 0. 235. 0. 20.
61.976 1 DOWNLINK_STATUS 0 62 30964 1354 46 721. 31. -2038.93
61.977 1 GPS 0 16602147 0 0 -17000 0 0 0 105500 31 6
61.980 1 SVINFO 6 7 16 1 0 -91 0
61.985 1 FBW_STATUS 0 48 0 68 0
61.989 1 NAVIGATION 0 2 -194263.5 -4813595. 0. 2.32084345979e+13 0 0
61.996 1 DESIRED 0.02 0.03 0. 0. 0. 235. 0. 20.
61.999 1 IMU_GYRO -0.049805 0.009521 -0.007324
62.001 1 PPRZ_MODE 0 0 0 0 0 17
62.240 1 GPS 0 16602147 0 0 -17000 0 0 0 106000 31 8
62.243 1 SVINFO 8 9 16 1 0 -91 0
62.246 1 IMU_ACCEL 0.186523 -9.857422 0.008789
62.252 1 DESIRED 0.02 0.03 0. 0. 0. 235. 0. 20.
62.255 1 ESTIMATOR -17. 0.
62.258 1 ENERGY 6.8 0. 0 0.
62.263 1 NAVIGATION 0 2 -194263.5 -4813595. 0. 2.32084345979e+13 0 0
62.266 1 WP_MOVED 9 360313.8125 4813652. 185. 31
62.270 1 ALIVE 218,244,157,107,96,121,26,254,252,221,77,201,165,129,58,220
62.276 1 GPS 0 16602147 0 0 -17000 0 0 0 106250 31 9
62.278 1 SVINFO 9 10 16 1 0 -91 0
62.306 1 WIND_INFO 1 42 0. 0. 0.
62.376 1 DESIRED 0.02 0.03 0. 0. 0. 235. 0. 20.
62.380 1 NAVIGATION 0 2 -194263.5 -4813595. 0. 2.32084345979e+13 0 0
62.935 1 DESIRED 0.02 0.03 0. 0. 0. 235. 0. 20.
62.939 1 GPS 0 16602147 0 0 -17000 0 0 0 106500 31 10
62.942 1 SVINFO 10 11 16 1 0 -91 0
62.945 1 IMU_GYRO -0.049805 0.008301 -0.007324
62.947 1 ESTIMATOR -17. 0.
62.952 1 NAVIGATION 0 2 -194263.5 -4813595. 0. 2.32084345979e+13 0 0
62.955 1 ATTITUDE -0.072269 -2.353486 -0.014998
62.957 1 STATE_FILTER_STATUS 3 0
62.961 1 NAVIGATION 0 2 -194263.5 -4813595. 0. 2.32084345979e+13 0 0
62.976 1 DOWNLINK_STATUS 0 63 31633 1383 47 669. 29. -2038.93
63.501 1 DESIRED 0.02 0.03 0. 0. 0. 235. 0. 20.
63.504 1 WP_MOVED 10 360453.8125 4813581. 260. 31
63.507 1 GPS_SOL 649781568 100000 9999 0
63.513 1 GPS 0 16602147 0 0 -17000 0 0 0 106750 31 11
63.515 1 SVINFO 11 12 16 1 0 -91 0
63.518 1 IMU_ACCEL 0.152344 -9.857422 -0.008789
63.522 1 BAT 54 68 0 0 1 106 0 0
63.527 1 NAVIGATION 0 2 -194263.5 -4813595. 0. 2.32084345979e+13 0 0
63.533 1 DESIRED 0.02 0.03 0. 0. 0. 235. 0. 20.
63.535 1 PPRZ_MODE 0 0 0 0 0 17
63.977 1 GPS 0 16602147 0 0 -17000 0 0 0 107000 31 12
63.977 1 DOWNLINK_STATUS 0 64 31903 1394 47 270. 11. -2038.93
63.979 1 SVINFO 12 13 16 1 0 -91 0
63.983 1 IMU_MAG -3.283691 -1.746582 -4.161133
63.984 1 DL_VALUE 5 0.
63.991 1 DESIRED 0.02 0.03 0. 0. 0. 235. 0. 20.
63.993 1 ESTIMATOR -17. 0.
63.997 1 IMU_GYRO -0.047852 0.008301 -0.008301
64.001 1 NAVIGATION 0 2 -194263.5 -4813595. 0. 2.32084345979e+13 0 0
64.669 1 WP_MOVED 11 360170.5 4813757.5 260. 31
64.675 1 GPS 0 16602147 0 0 -17000 0 0 0 107250 31 13
64.677 1 SVINFO 13 14 16 1 0 -91 0
64.684 1 DESIRED 0.02 0.03 0. 0. 0. 235. 0. 20.
64.688 1 NAVIGATION 0 2 -194263.5 -4813595. 0. 2.32084345979e+13 0 0
64.695 1 DESIRED 0.02 0.03 0. 0. 0. 235. 0. 20.
64.700 1 GPS 0 16602147 0 0 -17000 0 0 0 107500 31 14
64.702 1 SVINFO 14 15 16 1 0 -91 0
64.703 1 PONG 
64.706 1 ESTIMATOR -17. 0.
64.709 1 IMU_ACCEL 0.205078 -9.857422 0.081055
64.957 1 NAVIGATION 0 2 -194263.5 -4813595. 0. 2.32084345979e+13 0 0
64.961 1 NAVIGATION 0 2 -194263.5 -4813595. 0. 2.32084345979e+13 0 0
64.968 1 DESIRED 0.02 0.03 0. 0. 0. 235. 0. 20.
64.971 1 WP_MOVED 0 360327. 4813637. 260. 31
64.974 1 IMU_GYRO -0.046631 0.009521 -0.008301
64.977 1 DOWNLINK_STATUS 0 65 32424 1417 47 521. 23. 4265.59
65.247 1 SVINFO 0 1 16 1 0 -91 0
65.254 1 DESIRED 0.02 0.03 0. 0. 0. 235. 0. 20.
65.256 1 ESTIMATOR -17. 0.
65.261 1 NAVIGATION 0 2 -194263.5 -4813595. 0. 2.32084345979e+13 0 0
65.264 1 WP_MOVED 1 360285. 4813595. 260. 31
65.270 1 GPS 0 16602147 0 0 -17000 0 0 0 108250 31 1
65.272 1 SVINFO 1 2 16 2 25 -91 0
65.279 1 DESIRED 0.02 0.03 0. 0. 0. 235. 0. 20.
65.282 1 IMU_GYRO -0.038086 0.005127 -0.007324
65.528 1 IMU_MAG -3.280273 -1.75 -4.157715
65.532 1 NAVIGATION 0 2 -194263.5 -4813595. 0. 2.32084345979e+13 0 0
65.535 1 IMU_ACCEL 0.239258 -9.829102 0.066406
65.542 1 DESIRED 0.02 0.03 0. 0. 0. 235. 0. 20.
65.548 1 GPS 0 16602147 0 0 -17000 0 0 0 108500 31 2
65.550 1 SVINFO 2 4 16 1 0 -91 0
65.552 1 DL_VALUE 6 40.
65.554 1 DOWNLINK 3 747 3496
65.557 1 ESTIMATOR -17. 0.
65.561 1 NAVIGATION 0 2 -194263.5 -4813595. 0. 2.32084345979e+13 0 0
65.564 1 ATTITUDE -0.072417 -2.353441 -0.015062
65.568 1 ENERGY 6.8 0. 0 0.
65.978 1 DOWNLINK_STATUS 0 66 32886 1438 48 462. 21. -734.9
66.137 1 NAVIGATION 0 2 -194263.5 -4813595. 0. 2.32084345979e+13 0 0
66.143 1 DESIRED 0.02 0.03 0. 0. 0. 235. 0. 20.
66.147 1 WP_MOVED 2 360334.5 4813695. 260. 31
66.150 1 GPS_SOL 649791488 100000 9999 0
66.156 1 GPS 0 16602147 0 0 -17000 0 0 0 108750 31 3
66.158 1 SVINFO 3 5 16 1 0 -91 0
66.160 1 STATE_FILTER_STATUS 3 0
66.164 1 NAVIGATION 0 2 -194263.5 -4813595. 0. 2.32084345979e+13 0 0
66.171 1 DESIRED 0.02 0.03 0. 0. 0. 235. 0. 20.
66.178 1 IMU_GYRO -0.048828 0.008301 -0.008301
66.178 1 PPRZ_MODE 0 0 0 0 0 17
66.597 1 GPS 0 16602147 0 0 -17000 0 0 0 109000 31 4
66.599 1 SVINFO 4 6 16 1 0 -91 0
66.602 1 BAT 54 68 0 0 1 109 0 0
66.610 1 DESIRED 0.02 0.03 0. 0. 0. 235. 0. 20.
66.611 1 ESTIMATOR -17. 0.
66.617 1 NAVIGATION 0 2 -194263.5 -4813595. 0. 2.32084345979e+13 0 0
66.885 1 WP_MOVED 3 360295.09375 4813785. 260. 31
66.888 1 IMU_ACCEL 0.152344 -9.852539 0.013672
66.894 1 GPS 0 16602147 0 0 -17000 0 0 0 109250 31 5
66.896 1 SVINFO 5 7 16 1 0 -91 0
66.903 1 DESIRED 0.02 0.03 0. 0. 0. 235. 0. 20.
66.908 1 NAVIGATION 0 2 -194263.5 -4813595. 0. 2.32084345979e+13 0 0
66.914 1 DESIRED 0.02 0.03 0. 0. 0. 235. 0. 20.
66.920 1 GPS 0 16602147 0 0 -17000 0 0 0 109500 31 6
66.922 1 SVINFO 6 9 16 1 0 -91 0
66.925 1 IMU_GYRO -0.047852 0.006348 -0.008301
66.979 1 DOWNLINK_STATUS 0 67 33535 1465 48 649. 27. -734.9
67.171 1 NAVIGATION_REF 360285 4813595 31
67.173 1 ESTIMATOR -17. 0.
67.179 1 NAVIGATION 0 2 -194263.5 -4813595. 0. 2.32084345979e+13 0 0
67.181 1 IMU_MAG -3.283691 -1.75 -4.173828
67.185 1 NAVIGATION 0 2 -194263.5 -4813595. 0. 2.32084345979e+13 0 0
67.192 1 DESIRED 0.02 0.03 0. 0. 0. 235. 0. 20.
67.195 1 WP_MOVED 4 360417.3125 4813734. 260. 31
67.201 1 GPS 0 16602147 0 0 -17000 0 0 0 109750 31 7
67.204 1 SVINFO 7 11 16 1 0 -91 0
67.206 1 FBW_STATUS 0 47 0 68 0
67.211 1 NAVIGATION 0 2 -194263.5 -4813595. 0. 2.32084345979e+13 0 0
67.461 1 DESIRED 0.02 0.03 0. 0. 0. 235. 0. 20.
67.463 1 PPRZ_MODE 0 0 0 0 0 17
67.466 1 COMMANDS 54,224,196,0,-266
67.471 1 GPS 0 16602147 0 0 -17000 0 0 0 110000 31 8
67.474 1 SVINFO 8 12 16 1 0 -91 0
67.477 1 IMU_ACCEL 0.171875 -9.829102 0.018555
67.490 1 NAVIGATION 0 2 -194263.5 -4813595. 0. 2.32084345979e+13 0 0
67.496 1 DESIRED 0.02 0.03 0. 0. 0. 235. 0. 20.
67.745 1 GPS 0 16602147 0 0 -17000 0 0 0 110500 31 10
67.748 1 SVINFO 10 16 16 1 0 -91 0
67.750 1 ESTIMATOR -17. 0.
67.755 1 NAVIGATION 0 2 -194263.5 -4813595. 0. 2.32084345979e+13 0 0
67.758 1 ATTITUDE -0.072506 -2.353881 -0.015216
67.762 1 NAVIGATION 0 2 -194263.5 -4813595. 0. 2.32084345979e+13 0 0
67.775 1 SVINFO 11 17 16 1 0 -91 0
67.778 1 IMU_ACCEL 0.171875 -9.80957 0.
67.782 1 NAVIGATION 0 2 -194263.5 -4813595. 0. 2.32084345979e+13 0 0
67.789 1 DESIRED 0.02 0.03 0. 0. 0. 235. 0. 20.
67.980 1 DOWNLINK_STATUS 0 68 34203 1494 50 668. 29. -734.9
68.034 1 PPRZ_MODE 0 0 0 0 0 17
68.037 1 IMU_MAG -3.288086 -1.748047 -4.129395
68.043 1 GPS 0 16602147 0 0 -17000 0 0 0 111000 31 12
68.045 1 SVINFO 12 19 16 1 0 -91 0
68.047 1 STATE_FILTER_STATUS 3 0
68.053 1 DESIRED 0.02 0.03 0. 0. 0. 235. 0. 20.
68.066 1 GPS 0 16602147 0 0 -17000 0 0 0 111500 31 14
68.069 1 SVINFO 14 21 16 3 20 -91 0
68.071 1 DL_VALUE 8 0.
68.073 1 ESTIMATOR -17. 0.
68.076 1 IMU_ACCEL -0.100586 -10.053711 0.176758
68.323 1 NAVIGATION 0 2 -194263.5 -4813595. 0. 2.32084345979e+13 0 0
68.328 1 NAVIGATION 0 2 -194263.5 -4813595. 0. 2.32084345979e+13 0 0
68.334 1 DESIRED 0.02 0.02 0. 0. 0. 235. 0. 20.
68.338 1 WP_MOVED 8 360462.40625 4813640. 215. 31
68.343 1 GPS 0 16602147 0 0 -17000 0 0 0 111750 31 15
68.346 1 SVINFO 15 23 16 3 22 -91 0
68.348 1 FBW_STATUS 0 46 0 68 0
68.353 1 NAVIGATION 0 2 -194263.5 -4813595. 0. 2.32084345979e+13 0 0
68.360 1 DESIRED 0.02 0.02 0. 0. 0. 235. 0. 20.
68.363 1 IMU_GYRO 0.049805 -0.437256 -0.040283
68.606 1 PPRZ_MODE 0 0 0 0 0 17
68.612 1 GPS 0 16602147 0 0 -17000 0 0 0 112000 31 16
68.614 1 SVINFO 0 2 16 1 0 -91 0
68.621 1 DESIRED 0.02 0.01 0. 0. 0. 235. 0. 20.
68.623 1 ESTIMATOR -17. 0.
68.625 1 CALIBRATION 0. 0
68.631 1 NAVIGATION 0 2 -194263.5 -4813595. 0. 2.32084345979e+13 0 0
68.633 1 WP_MOVED 9 360313.8125 4813652. 185. 31
68.636 1 IMU_MAG -3.302246 -1.731445 -4.095703
68.642 1 GPS 0 16602147 0 0 -17000 0 0 0 112250 31 1
68.645 1 SVINFO 1 6 16 1 0 -91 0
68.895 1 DESIRED 0.02 0.02 0. 0. 0. 235. 0. 20.
68.897 1 BAT 54 68 0 0 1 112 0 0
68.902 1 NAVIGATION 0 2 -194263.5 -4813595. 0. 2.32084345979e+13 0 0
68.905 1 IMU_ACCEL -0.239258 -10.279297 -0.435547
68.912 1 DESIRED 0.02 0.01 0. 0. 0. 235. 0. 20.
68.917 1 GPS 0 16602147 0 0 -17000 0 0 0 112500 31 2
68.920 1 SVINFO 2 7 16 1 0 -91 0
68.923 1 IMU_GYRO -0.195801 -0.809814 -0.010498
68.926 1 ESTIMATOR -17. 0.
68.930 1 NAVIGATION 0 2 -194263.5 -4813595. 0. 2.32084345979e+13 0 0
68.933 1 ATTITUDE -0.01038 -2.727513 0.024027
68.980 1 DOWNLINK_STATUS 0 69 35168 1537 51 965. 43. -734.9
69.181 1 NAVIGATION 0 2 -194263.5 -4813595. 0. 2.32084345979e+13 0 0
69.187 1 DESIRED 0.02 0.02 0. 0. 0. 235. 0. 20.
69.191 1 WP_MOVED 10 360453.8125 4813581. 260. 31
69.194 1 GPS_SOL 649811904 100000 9999 0
69.200 1 GPS 0 16602147 0 0 -17000 0 0 0 112750 31 3
69.210 1 SVINFO 4 11 16 1 0 -91 0
69.212 1 DL_VALUE 9 1.
69.218 1 DESIRED 0.02 0.02 0. 0. 0. 235. 0. 20.
69.221 1 ESTIMATOR -17. 0.
69.224 1 IMU_GYRO -0.813965 0.001953 -0.429932
69.471 1 NAVIGATION 0 2 -194263.5 -4813595. 0. 2.32084345979e+13 0 0
69.472 1 PONG 
69.476 1 WP_MOVED 11 360170.5 4813757.5 260. 31
69.479 1 IMU_ACCEL 1.949219 -10.757812 0.349609
69.481 1 STATE_FILTER_STATUS 3 0
69.486 1 GPS 0 16602147 0 0 -17000 0 0 0 113250 31 5
69.489 1 SVINFO 5 12 16 1 0 -91 0
69.504 1 DESIRED 0.02 0.01 0. 0. 0. 235. 0. 20.
69.510 1 GPS 0 16602147 0 0 -17000 0 0 0 113500 31 6
69.755 1 SVINFO 6 13 16 1 0 -91 0
69.759 1 IMU_MAG -3.424805 -2.100098 -3.933105
69.761 1 ESTIMATOR -17. 0.
69.765 1 NAVIGATION 0 2 -194263.5 -4813595. 0. 2.32084345979e+13 0 0
69.769 1 ENERGY 6.8 0. 0 0.
69.771 1 DOWNLINK 3 740 3661
69.775 1 NAVIGATION 0 2 -194263.5 -4813595. 0. 2.32084345979e+13 0 0
69.782 1 DESIRED 0.02 0.02 0. 0. 0. 235. 0. 20.
69.785 1 WP_MOVED 0 360327. 4813637. 260. 31
69.789 1 IMU_GYRO 0.370117 0.143555 0.003174
69.794 1 GPS 0 16602147 0 0 -17000 0 0 0 113750 31 7
69.797 1 SVINFO 7 14 16 1 0 -91 0
69.981 1 DOWNLINK_STATUS 0 70 35846 1568 53 678. 31. 4033.58
70.039 1 NAVIGATION 0 2 -194263.5 -4813595. 0. 2.32084345979e+13 0 0
70.042 1 FBW_STATUS 0 51 0 68 0
70.049 1 DESIRED 0.02 0.03 0. 0. 0. 235. 0. 20.
70.050 1 PPRZ_MODE 0 0 0 0 0 17
70.056 1 GPS 0 16602147 0 0 -17000 0 0 0 114000 31 8
70.058 1 SVINFO 8 16 16 1 0 -91 0
70.061 1 IMU_ACCEL 1.259766 -10.25 1.167969
70.069 1 DESIRED 0.02 0.02 0. 0. 0. 235. 0. 20.
70.070 1 ESTIMATOR -17. 0.
70.076 1 NAVIGATION 0 2 -194263.5 -4813595. 0. 2.32084345979e+13 0 0
70.078 1 WP_MOVED 1 360285. 4813595. 260. 31
70.080 1 CALIBRATION 0. 0
70.322 1 GPS 0 16602147 0 0 -17000 0 0 0 114250 31 9
70.325 1 SVINFO 9 17 16 1 0 -91 0
70.331 1 DESIRED 0.02 0.02 0. 0. 0. 235. 0. 20.
70.334 1 IMU_GYRO -0.094482 -0.084961 -0.013672
70.339 1 NAVIGATION 0 2 -194263.5 -4813595. 0. 2.32084345979e+13 0 0
70.346 1 DESIRED 0.02 0.01 0. 0. 0. 235. 0. 20.
70.351 1 GPS 0 16602147 0 0 -17000 0 0 0 114500 31 10
70.354 1 SVINFO 10 19 16 1 0 -91 0
70.357 1 BAT 54 68 0 0 1 114 0 0
70.359 1 DL_VALUE 10 0.
70.595 1 ESTIMATOR -17. 0.
70.600 1 NAVIGATION 0 2 -194263.5 -4813595. 0. 2.32084345979e+13 0 0
70.603 1 ATTITUDE 0.013543 -2.844196 0.086859
70.608 1 NAVIGATION 0 2 -194263.5 -4813595. 0. 2.32084345979e+13 0 0
70.614 1 DESIRED 0.02 0.02 0. 0. 0. 235. 0. 20.
70.618 1 WP_MOVED 2 360334.5 4813695. 260. 31
70.621 1 GPS_SOL 649822464 100000 9999 0
70.626 1 GPS 0 16602147 0 0 -17000 0 0 0 114750 31 11
70.629 1 SVINFO 11 20 16 1 0 -91 0
70.632 1 IMU_ACCEL 1.014648 -11.064453 2.193359
70.635 1 IMU_MAG -3.418457 -2.236816 -4.042969
