7.850 1 ATTITUDE 0.075335 0.243641 0.09448
7.886 1 NAVIGATION 0 2 10975635. -5933901. 0. 1.5567575371e+14 0 0
7.904 1 DOWNLINK_STATUS 0 8 2940 147 0 389. 19. 37.61
7.950 1 ATTITUDE 0.075349 0.244065 0.094498
8.053 1 ATTITUDE 0.075276 0.24405 0.094542
8.054 1 DOWNLINK 0 366 402
8.137 1 NAVIGATION 0 2 10975635. -5933901. 0. 1.5567575371e+14 0 0
8.152 1 ATTITUDE 0.075214 0.244914 0.094579
8.250 1 ATTITUDE 0.075189 0.24549 0.094619
8.353 1 ATTITUDE 0.075204 0.245645 0.094577
8.356 1 GPS_SOL 649529472 100000 9999 0
8.386 1 NAVIGATION 0 2 10975635. -5933901. 0. 1.5567575371e+14 0 0
8.453 1 ATTITUDE 0.075165 0.246466 0.094583
8.455 1 ESTIMATOR -17. 0.
8.550 1 ATTITUDE 0.075191 0.246846 0.094583
8.639 1 NAVIGATION 0 2 10975635. -5933901. 0. 1.5567575371e+14 0 0
8.642 1 FBW_STATUS 0 45 0 68 0
8.655 1 ATTITUDE 0.07516 0.247013 0.09451
8.760 1 ATTITUDE 0.075089 0.24712 0.094462
8.766 1 GPS 0 1130805120 0 0 -17000 0 0 1789 426308250 12 6
8.768 1 SVINFO 6 9 16 1 0 -91 0
8.850 1 ATTITUDE 0.074979 0.247431 0.094494
8.886 1 NAVIGATION 0 2 10975635. -5933901. 0. 1.5567575371e+14 0 0
8.905 1 DOWNLINK_STATUS 0 9 3328 167 0 388. 20. 37.61
8.950 1 ATTITUDE 0.074907 0.247397 0.094493
9.050 1 ATTITUDE 0.074875 0.247733 0.094495
9.137 1 NAVIGATION 0 2 10975635. -5933901. 0. 1.5567575371e+14 0 0
9.151 1 ATTITUDE 0.074906 0.247394 0.094496
9.249 1 ATTITUDE 0.074895 0.247261 0.094493
9.350 1 ATTITUDE 0.07507 0.246902 0.094506
9.386 1 NAVIGATION 0 2 10975635. -5933901. 0. 1.5567575371e+14 0 0
9.450 1 ATTITUDE 0.074863 0.246632 0.094529
9.550 1 ATTITUDE 0.074952 0.246504 0.094559
9.636 1 NAVIGATION 0 2 10975635. -5933901. 0. 1.5567575371e+14 0 0
9.653 1 ATTITUDE 0.074957 0.246017 0.094532
9.655 1 ESTIMATOR -17. 0.
9.760 1 ATTITUDE 0.075145 0.246477 0.094473
9.766 1 GPS 0 1130805120 0 0 -17000 0 0 1789 426309250 12 7
9.768 1 SVINFO 7 10 16 1 0 -91 0
9.850 1 ATTITUDE 0.075088 0.247106 0.094461
9.886 1 NAVIGATION 0 2 10975635. -5933901. 0. 1.5567575371e+14 0 0
9.906 1 DOWNLINK_STATUS 0 10 3673 184 0 345. 17. 37.61
9.949 1 ATTITUDE 0.07516 0.247912 0.094451
10.049 1 ATTITUDE 0.07532 0.248375 0.094423
10.136 1 NAVIGATION 0 2 10975635. -5933901. 0. 1.5567575371e+14 0 0
10.151 1 ATTITUDE 0.075353 0.248242 0.094393
10.250 1 ATTITUDE 0.075341 0.248143 0.09443
10.350 1 ATTITUDE 0.075374 0.248681 0.094449
10.386 1 NAVIGATION 0 2 10975635. -5933901. 0. 1.5567575371e+14 0 0
10.438 1 PONG 
10.457 1 ATTITUDE 0.075425 0.248868 0.094457
10.550 1 ATTITUDE 0.075397 0.249824 0.094437
10.638 1 FBW_STATUS 0 50 0 68 0
10.642 1 NAVIGATION 0 2 10975635. -5933901. 0. 1.5567575371e+14 0 0
10.655 1 ATTITUDE 0.075453 0.250595 0.094455
10.759 1 ATTITUDE 0.075492 0.250466 0.09446
10.765 1 GPS 0 1130805120 0 0 -17000 0 0 1789 426310250 12 8
10.768 1 SVINFO 8 11 16 1 0 -91 0
10.852 1 ATTITUDE 0.07545 0.250359 0.094515
10.855 1 ESTIMATOR -17. 0.
10.887 1 NAVIGATION 0 2 10975635. -5933901. 0. 1.5567575371e+14 0 0
10.907 1 DOWNLINK_STATUS 0 11 4039 203 0 366. 19. 37.59
10.952 1 ATTITUDE 0.075433 0.24985 0.094503
10.954 1 PPRZ_MODE 0 0 0 0 0 17
11.050 1 ATTITUDE 0.075425 0.249518 0.094536
11.136 1 NAVIGATION 0 2 10975635. -5933901. 0. 1.5567575371e+14 0 0
11.151 1 ATTITUDE 0.075436 0.249569 0.094551
11.250 1 ATTITUDE 0.075449 0.249565 0.09459
11.350 1 ATTITUDE 0.075449 0.2494 0.094621
11.386 1 NAVIGATION 0 2 10975635. -5933901. 0. 1.5567575371e+14 0 0
11.450 1 ATTITUDE 0.075491 0.249873 0.094639
11.549 1 ATTITUDE 0.075456 0.249702 0.094647
11.636 1 NAVIGATION 0 2 10975635. -5933901. 0. 1.5567575371e+14 0 0
11.651 1 ATTITUDE 0.075479 0.249582 0.094644
11.733 1 COMMANDS 250,-2352,1274,-2352,-560,0
11.760 1 ATTITUDE 0.07553 0.249893 0.094626
11.765 1 GPS 0 1130805120 0 0 -17000 0 0 1789 426311250 12 9
11.768 1 SVINFO 9 13 16 1 0 -91 0
11.832 1 ACTUATORS 1270,1635,1465,1487,1366
11.850 1 ATTITUDE 0.075497 0.249734 0.094598
11.886 1 NAVIGATION 0 2 10975635. -5933901. 0. 1.5567575371e+14 0 0
11.907 1 DOWNLINK_STATUS 0 12 4418 222 0 379. 19. 37.59
11.950 1 ATTITUDE 0.075491 0.250538 0.094638
12.053 1 ATTITUDE 0.075502 0.250838 0.094626
12.055 1 ESTIMATOR -17. 0.
12.136 1 NAVIGATION 0 2 10975635. -5933901. 0. 1.5567575371e+14 0 0
12.151 1 ATTITUDE 0.075488 0.250932 0.094657
12.250 1 ATTITUDE 0.075533 0.25153 0.094645
12.349 1 ATTITUDE 0.075574 0.251454 0.094621
12.387 1 NAVIGATION 0 2 10975635. -5933901. 0. 1.5567575371e+14 0 0
12.449 1 ATTITUDE 0.075585 0.251535 0.094633
12.550 1 ATTITUDE 0.075561 0.251832 0.094634
12.637 1 FBW_STATUS 0 52 0 68 0
12.641 1 NAVIGATION 0 2 10975635. -5933901. 0. 1.5567575371e+14 0 0
12.654 1 ATTITUDE 0.075564 0.25174 0.094627
12.760 1 ATTITUDE 0.075629 0.2524 0.094628
12.766 1 GPS 0 1130805120 0 0 -17000 0 0 1789 426312250 12 10
12.768 1 SVINFO 10 14 16 1 0 -91 0
12.850 1 ATTITUDE 0.075646 0.252554 0.094666
12.886 1 NAVIGATION 0 2 10975635. -5933901. 0. 1.5567575371e+14 0 0
12.908 1 DOWNLINK_STATUS 0 13 4778 240 0 360. 18. 37.59
12.950 1 ATTITUDE 0.075696 0.252334 0.09468
13.050 1 ATTITUDE 0.075769 0.252499 0.094666
13.136 1 NAVIGATION 0 2 10975635. -5933901. 0. 1.5567575371e+14 0 0
13.151 1 ATTITUDE 0.075791 0.252111 0.094667
13.252 1 ATTITUDE 0.075775 0.251962 0.094696
13.255 1 ESTIMATOR -17. 0.
13.349 1 ATTITUDE 0.075817 0.251986 0.094726
13.386 1 NAVIGATION 0 2 10975635. -5933901. 0. 1.5567575371e+14 0 0
13.449 1 ATTITUDE 0.075921 0.252032 0.094765
13.550 1 ATTITUDE 0.075902 0.251792 0.094809
13.636 1 NAVIGATION 0 2 10975635. -5933901. 0. 1.5567575371e+14 0 0
13.651 1 ATTITUDE 0.07594 0.25116 0.094779
13.760 1 ATTITUDE 0.075886 0.250725 0.094759
13.766 1 GPS 0 1130805120 0 0 -17000 0 0 1789 426313250 12 11
13.768 1 SVINFO 11 15 16 1 0 -91 0
13.850 1 ATTITUDE 0.075913 0.251053 0.094758
13.886 1 NAVIGATION 0 2 10975635. -5933901. 0. 1.5567575371e+14 0 0
13.909 1 DOWNLINK_STATUS 0 14 5123 257 0 345. 17. 37.59
13.950 1 ATTITUDE 0.075976 0.251638 0.094783
14.049 1 ATTITUDE 0.075944 0.252027 0.094805
14.136 1 NAVIGATION 0 2 10975635. -5933901. 0. 1.5567575371e+14 0 0
14.151 1 ATTITUDE 0.07593 0.252113 0.094827
14.249 1 ATTITUDE 0.075896 0.252193 0.094819
14.350 1 ATTITUDE 0.075922 0.252716 0.094827
14.386 1 NAVIGATION 0 2 10975635. -5933901. 0. 1.5567575371e+14 0 0
14.453 1 ATTITUDE 0.075899 0.253106 0.094844
14.455 1 ESTIMATOR -17. 0.
14.550 1 ATTITUDE 0.0759 0.253607 0.09486
14.636 1 FBW_STATUS 0 47 0 68 0
14.642 1 NAVIGATION 0 2 10975635. -5933901. 0. 1.5567575371e+14 0 0
14.654 1 ATTITUDE 0.075949 0.254092 0.09486
14.759 1 ATTITUDE 0.075979 0.254651 0.094885
14.765 1 GPS 0 1130805120 0 0 -17000 0 0 1789 426314250 12 12
14.767 1 SVINFO 12 16 16 1 0 -91 0
14.849 1 ATTITUDE 0.075957 0.254203 0.094866
14.885 1 NAVIGATION 0 2 10975635. -5933901. 0. 1.5567575371e+14 0 0
14.910 1 DOWNLINK_STATUS 0 15 5483 275 0 360. 18. 37.59
14.949 1 ATTITUDE 0.075936 0.254212 0.094851
15.049 1 ATTITUDE 0.075999 0.254102 0.094881
15.136 1 NAVIGATION 0 2 10975635. -5933901. 0. 1.5567575371e+14 0 0
15.151 1 ATTITUDE 0.076009 0.254211 0.094866
15.250 1 ATTITUDE 0.076008 0.254137 0.094874
15.350 1 ATTITUDE 0.07597 0.254086 0.094826
15.386 1 NAVIGATION 0 2 10975635. -5933901. 0. 1.5567575371e+14 0 0
15.438 1 PONG 
15.458 1 ATTITUDE 0.075987 0.254443 0.094825
15.549 1 ATTITUDE 0.0761 0.255314 0.094829
15.635 1 NAVIGATION 0 2 10975635. -5933901. 0. 1.5567575371e+14 0 0
15.652 1 ATTITUDE 0.076081 0.255446 0.094861
15.655 1 ESTIMATOR -17. 0.
15.759 1 ATTITUDE 0.076072 0.255782 0.094866
15.765 1 GPS 0 1130805120 0 0 -17000 0 0 1789 426315250 12 13
15.767 1 SVINFO 13 20 16 1 0 -91 0
15.849 1 ATTITUDE 0.076078 0.256172 0.094883
15.886 1 NAVIGATION 0 2 10975635. -5933901. 0. 1.5567575371e+14 0 0
15.911 1 DOWNLINK_STATUS 0 16 5834 293 0 351. 18. 37.55
15.949 1 ATTITUDE 0.076104 0.256374 0.094869
16.050 1 ATTITUDE 0.076072 0.256189 0.094895
16.136 1 NAVIGATION 0 2 10975635. -5933901. 0. 1.5567575371e+14 0 0
16.151 1 ATTITUDE 0.076094 0.256382 0.094899
16.250 1 ATTITUDE 0.076073 0.257017 0.094917
16.350 1 ATTITUDE 0.076073 0.257158 0.094949
16.386 1 NAVIGATION 0 2 10975635. -5933901. 0. 1.5567575371e+14 0 0
16.449 1 ATTITUDE 0.076036 0.257657 0.094946
16.549 1 ATTITUDE 0.075962 0.257537 0.09493
16.637 1 FBW_STATUS 0 51 0 68 0
16.641 1 NAVIGATION 0 2 10975635. -5933901. 0. 1.5567575371e+14 0 0
16.654 1 ATTITUDE 0.075897 0.256934 0.09493
16.733 1 COMMANDS 250,-2352,1274,-2352,-560,0
16.759 1 ATTITUDE 0.075894 0.25679 0.094935
16.765 1 GPS 0 1130805120 0 0 -17000 0 0 1789 426316250 12 14
16.768 1 SVINFO 14 28 16 6 33 -91 0
16.832 1 ACTUATORS 1270,1635,1465,1487,1366
16.853 1 ATTITUDE 0.075907 0.257835 0.094954
16.855 1 ESTIMATOR -17. 0.
16.886 1 NAVIGATION 0 2 10975635. -5933901. 0. 1.5567575371e+14 0 0
16.911 1 DOWNLINK_STATUS 0 17 6230 313 0 396. 20. 37.55
16.952 1 ATTITUDE 0.075902 0.258559 0.094994
16.954 1 PPRZ_MODE 0 0 0 0 0 17
17.050 1 ATTITUDE 0.075882 0.258305 0.095012
17.136 1 NAVIGATION 0 2 10975635. -5933901. 0. 1.5567575371e+14 0 0
17.150 1 ATTITUDE 0.0759 0.257824 0.095008
17.249 1 ATTITUDE 0.075879 0.257626 0.095051
17.354 1 ATTITUDE 0.075885 0.257174 0.095062
17.357 1 BAT 250 68 0 0 1 30 0 0
17.385 1 NAVIGATION 0 2 10975635. -5933901. 0. 1.5567575371e+14 0 0
17.449 1 ATTITUDE 0.075914 0.25713 0.095082
17.549 1 ATTITUDE 0.075929 0.257559 0.095084
17.636 1 NAVIGATION 0 2 10975635. -5933901. 0. 1.5567575371e+14 0 0
17.651 1 ATTITUDE 0.076007 0.257267 0.095091
17.764 1 ATTITUDE 0.075987 0.257645 0.095102
17.770 1 GPS 0 1130805120 0 0 -17000 0 0 1789 426317250 12 15
17.773 1 SVINFO 15 30 16 7 33 -91 0
17.777 1 ALIVE 203,67,147,98,198,93,218,3,125,189,35,233,55,114,181,190
17.850 1 ATTITUDE 0.076041 0.258147 0.095127
17.886 1 NAVIGATION 0 2 10975635. -5933901. 0. 1.5567575371e+14 0 0
17.912 1 DOWNLINK_STATUS 0 18 6617 332 0 387. 19. 37.55
17.950 1 ATTITUDE 0.07609 0.258679 0.09513
17.969 1 WIND_INFO 1 42 0. 0. 0.
18.052 1 ATTITUDE 0.076101 0.259082 0.095153
18.054 1 ESTIMATOR -17. 0.
18.135 1 NAVIGATION 0 2 10975635. -5933901. 0. 1.5567575371e+14 0 0
18.150 1 ATTITUDE 0.076143 0.258994 0.095157
18.249 1 ATTITUDE 0.076174 0.258954 0.095145
18.349 1 ATTITUDE 0.076167 0.259425 0.095181
18.385 1 NAVIGATION 0 2 10975635. -5933901. 0. 1.5567575371e+14 0 0
18.452 1 ATTITUDE 0.07616 0.259456 0.095231
18.453 1 DOWNLINK 0 366 594
18.549 1 ATTITUDE 0.076212 0.259914 0.095216
18.637 1 FBW_STATUS 0 52 0 68 0
18.641 1 NAVIGATION 0 2 10975635. -5933901. 0. 1.5567575371e+14 0 0
18.654 1 ATTITUDE 0.076216 0.260404 0.095206
18.760 1 ATTITUDE 0.076206 0.260034 0.095152
18.765 1 GPS 0 33808544 593931840 0 768001 0 0 1789 426318246 12 16
18.768 1 SVINFO 0 3 28 4 27 42 70
18.853 1 ATTITUDE 0.076207 0.259443 0.095129
18.855 1 GPS_SOL 2501500 100000 9999 0
18.886 1 NAVIGATION 0 2 5669.4 5417.5 0. 61491828. 0 0
18.913 1 DOWNLINK_STATUS 0 19 7005 352 0 388. 20. 37.55
18.949 1 ATTITUDE 0.07621 0.259024 0.095166
19.049 1 ATTITUDE 0.076255 0.258939 0.095174
19.136 1 NAVIGATION 0 2 5669.4 5417.5 0. 61491828. 0 0
19.151 1 ATTITUDE 0.076235 0.259266 0.095162
19.252 1 ATTITUDE 0.076272 0.259044 0.095173
19.255 1 ESTIMATOR 768.000977 0.
19.349 1 ATTITUDE 0.076253 0.258853 0.09518
19.386 1 NAVIGATION 0 2 5669.4 5417.5 0. 61491828. 0 0
19.449 1 ATTITUDE 0.076217 0.259386 0.095216
19.550 1 ATTITUDE 0.076254 0.259211 0.095207
19.635 1 NAVIGATION 0 2 5669.4 5417.5 0. 61491828. 0 0
19.650 1 ATTITUDE 0.076263 0.259187 0.095179
19.759 1 ATTITUDE 0.076273 0.259696 0.095256
19.765 1 GPS 0 33808544 593931840 0 768001 0 0 1789 426319250 12 1
19.767 1 SVINFO 1 7 12 4 28 80 98
19.849 1 ATTITUDE 0.076301 0.259803 0.095257
19.885 1 NAVIGATION 0 2 5669.4 5417.5 0. 61491828. 0 0
19.914 1 DOWNLINK_STATUS 0 20 7350 369 0 345. 17. 37.55
19.949 1 ATTITUDE 0.076282 0.260208 0.09524
20.049 1 ATTITUDE 0.076277 0.26005 0.095265
20.136 1 NAVIGATION 0 2 5669.4 5417.5 0. 61491828. 0 0
20.151 1 ATTITUDE 0.076277 0.259749 0.095253
20.250 1 ATTITUDE 0.076245 0.260051 0.09522
20.350 1 ATTITUDE 0.076246 0.259791 0.095169
20.386 1 NAVIGATION 0 2 5669.4 5417.5 0. 61491828. 0 0
20.439 1 PONG 
20.459 1 ATTITUDE 0.076221 0.25949 0.095144
20.461 1 ESTIMATOR 768.000977 0.
20.549 1 ATTITUDE 0.07621 0.260503 0.095154
20.637 1 FBW_STATUS 0 50 0 68 0
20.641 1 NAVIGATION 0 2 5669.4 5417.5 0. 61491828. 0 0
20.654 1 ATTITUDE 0.076156 0.260476 0.095177
20.759 1 ATTITUDE 0.07613 0.260596 0.095158
20.765 1 GPS 0 33808544 593931840 0 768001 0 0 1789 426320250 12 2
20.767 1 SVINFO 2 8 12 7 33 67 289
20.849 1 ATTITUDE 0.076126 0.260592 0.09515
20.886 1 NAVIGATION 0 2 5669.4 5417.5 0. 61491828. 0 0
20.914 1 DOWNLINK_STATUS 0 21 7716 388 0 366. 19. 37.54
20.949 1 ATTITUDE 0.076115 0.259999 0.095179
21.049 1 ATTITUDE 0.076102 0.260329 0.095186
21.136 1 NAVIGATION 0 2 5669.4 5417.5 0. 61491828. 0 0
21.150 1 ATTITUDE 0.076113 0.259829 0.095214
21.249 1 ATTITUDE 0.076031 0.260382 0.095202
21.349 1 ATTITUDE 0.075997 0.259972 0.095213
21.385 1 NAVIGATION 0 2 5669.4 5417.5 0. 61491828. 0 0
21.449 1 ATTITUDE 0.075999 0.259747 0.095265
21.549 1 ATTITUDE 0.076019 0.259908 0.095266
21.635 1 NAVIGATION 0 2 5669.4 5417.5 0. 61491828. 0 0
21.652 1 ATTITUDE 0.076001 0.259436 0.095272
21.655 1 ESTIMATOR 768.000977 0.
21.733 1 COMMANDS 250,-2352,1274,-2352,-560,0
21.759 1 ATTITUDE 0.076018 0.259408 0.095271
21.765 1 GPS 0 33808544 593931840 0 768001 0 0 1789 426321250 12 3
21.768 1 SVINFO 3 9 16 3 27 -91 0
21.832 1 ACTUATORS 1270,1635,1465,1487,1366
21.849 1 ATTITUDE 0.075996 0.260144 0.095287
21.886 1 NAVIGATION 0 2 5669.4 5417.5 0. 61491828. 0 0
21.915 1 DOWNLINK_STATUS 0 22 8097 407 0 381. 19. 37.54
21.950 1 ATTITUDE 0.075992 0.260634 0.095298
22.049 1 ATTITUDE 0.075943 0.260627 0.095222
22.136 1 NAVIGATION 0 2 5669.4 5417.5 0. 61491828. 0 0
22.150 1 ATTITUDE 0.075933 0.260237 0.09518
22.249 1 ATTITUDE 0.075951 0.259861 0.0952
22.349 1 ATTITUDE 0.075964 0.260196 0.09519
22.385 1 NAVIGATION 0 2 5669.4 5417.5 0. 61491828. 0 0
22.449 1 ATTITUDE 0.075972 0.260313 0.095165
22.549 1 ATTITUDE 0.075988 0.260678 0.095165
22.637 1 FBW_STATUS 0 48 0 68 0
22.641 1 NAVIGATION 0 2 5669.4 5417.5 0. 61491828. 0 0
22.654 1 ATTITUDE 0.076043 0.260828 0.095179
22.759 1 ATTITUDE 0.076025 0.261093 0.095155
22.765 1 GPS 0 33808544 593931840 0 768001 0 0 1789 426322250 12 4
22.767 1 SVINFO 4 10 16 1 0 -91 0
22.853 1 ATTITUDE 0.076063 0.260684 0.095167
22.854 1 ESTIMATOR 768.000977 0.
22.885 1 NAVIGATION 0 2 5669.4 5417.5 0. 61491828. 0 0
22.916 1 DOWNLINK_STATUS 0 23 8457 425 0 360. 18. 37.54
22.951 1 ATTITUDE 0.076091 0.260468 0.095111
22.953 1 PPRZ_MODE 0 0 0 0 0 17
23.049 1 ATTITUDE 0.076101 0.260615 0.095152
23.135 1 NAVIGATION 0 2 5669.4 5417.5 0. 61491828. 0 0
23.150 1 ATTITUDE 0.076095 0.260715 0.095119
23.249 1 ATTITUDE 0.076101 0.260274 0.095126
23.349 1 ATTITUDE 0.076088 0.260379 0.095107
23.386 1 NAVIGATION 0 2 5669.4 5417.5 0. 61491828. 0 0
23.449 1 ATTITUDE 0.076091 0.260173 0.095102
23.549 1 ATTITUDE 0.076105 0.259625 0.095123
23.635 1 NAVIGATION 0 2 5669.4 5417.5 0. 61491828. 0 0
23.650 1 ATTITUDE 0.076132 0.259641 0.095167
23.759 1 ATTITUDE 0.076091 0.259458 0.095218
23.765 1 GPS 0 33808544 593931840 0 768001 0 0 1789 426323250 12 5
23.767 1 SVINFO 5 12 16 1 0 -91 0
23.849 1 ATTITUDE 0.076117 0.259328 0.09521
23.885 1 NAVIGATION 0 2 5669.4 5417.5 0. 61491828. 0 0
23.917 1 DOWNLINK_STATUS 0 24 8800 442 0 343. 17. 37.54
23.949 1 ATTITUDE 0.076148 0.259875 0.095185
24.052 1 ATTITUDE 0.076147 0.259761 0.095231
24.054 1 ESTIMATOR 768.000977 0.
24.135 1 NAVIGATION 0 2 5669.4 5417.5 0. 61491828. 0 0
24.151 1 ATTITUDE 0.076115 0.260197 0.095216
24.249 1 ATTITUDE 0.076121 0.260331 0.095227
24.349 1 ATTITUDE 0.076116 0.26009 0.095226
24.386 1 NAVIGATION 0 2 5669.4 5417.5 0. 61491828. 0 0
24.448 1 ATTITUDE 0.07609 0.260147 0.095261
24.549 1 ATTITUDE 0.076097 0.260022 0.0953
24.636 1 FBW_STATUS 0 51 0 68 0
24.641 1 NAVIGATION 0 2 5669.4 5417.5 0. 61491828. 0 0
24.653 1 ATTITUDE 0.076099 0.259988 0.095273
24.759 1 ATTITUDE 0.076114 0.260065 0.095263
24.764 1 GPS 0 33808544 593931840 0 768001 0 0 1789 426324250 12 6
24.767 1 SVINFO 6 13 16 2 31 -91 0
24.849 1 ATTITUDE 0.076121 0.260017 0.09525
24.885 1 NAVIGATION 0 2 5669.4 5417.5 0. 61491828. 0 0
24.917 1 DOWNLINK_STATUS 0 25 9160 460 0 360. 18. 37.54
24.949 1 ATTITUDE 0.076121 0.260239 0.095247
25.049 1 ATTITUDE 0.076089 0.259977 0.095291
25.136 1 NAVIGATION 0 2 5669.4 5417.5 0. 61491828. 0 0
25.151 1 ATTITUDE 0.076041 0.259447 0.095316
25.251 1 ATTITUDE 0.076011 0.259371 0.09529
25.254 1 ESTIMATOR 768.000977 0.
25.348 1 ATTITUDE 0.075998 0.25912 0.095271
25.385 1 NAVIGATION 0 2 5669.4 5417.5 0. 61491828. 0 0
25.440 1 PONG 
25.459 1 ATTITUDE 0.075982 0.258901 0.095237
25.549 1 ATTITUDE 0.075931 0.259043 0.095246
25.635 1 NAVIGATION 0 2 5669.4 5417.5 0. 61491828. 0 0
25.650 1 ATTITUDE 0.075917 0.258496 0.095244
25.759 1 ATTITUDE 0.075936 0.25854 0.095222
25.765 1 GPS 0 33808544 593931840 0 768001 0 0 1789 426325250 12 7
25.767 1 SVINFO 7 14 16 1 0 -91 0
25.849 1 ATTITUDE 0.07592 0.258673 0.09518
25.885 1 NAVIGATION 0 2 5669.4 5417.5 0. 61491828. 0 0
25.918 1 DOWNLINK_STATUS 0 26 9511 478 0 351. 18. 37.61
25.949 1 ATTITUDE 0.075937 0.259097 0.095204
26.048 1 ATTITUDE 0.075949 0.259538 0.095257
26.135 1 NAVIGATION 0 2 5669.4 5417.5 0. 61491828. 0 0
26.150 1 ATTITUDE 0.075931 0.259296 0.095261
26.249 1 ATTITUDE 0.075907 0.258971 0.095281
26.349 1 ATTITUDE 0.075914 0.259386 0.095341
26.385 1 NAVIGATION 0 2 5669.4 5417.5 0. 61491828. 0 0
26.452 1 ATTITUDE 0.075887 0.259148 0.095378
26.454 1 ESTIMATOR 768.000977 0.
26.549 1 ATTITUDE 0.075845 0.259477 0.095374
26.637 1 FBW_STATUS 0 49 0 68 0
26.641 1 NAVIGATION 0 2 5669.4 5417.5 0. 61491828. 0 0
26.653 1 ATTITUDE 0.075819 0.259409 0.095412
26.733 1 COMMANDS 250,-2366,1274,-2366,-560,0
26.759 1 ATTITUDE 0.075814 0.259005 0.095415
26.765 1 GPS 0 33808544 593931840 0 768001 0 0 1789 426326250 12 8
26.767 1 SVINFO 8 15 16 1 0 -91 0
26.832 1 ACTUATORS 1270,1635,1464,1487,1366
26.848 1 ATTITUDE 0.075816 0.258739 0.095421
26.885 1 NAVIGATION 0 2 5669.4 5417.5 0. 61491828. 0 0
26.919 1 DOWNLINK_STATUS 0 27 9907 498 0 396. 20. 37.61
26.948 1 ATTITUDE 0.075802 0.259192 0.095437
27.048 1 ATTITUDE 0.075841 0.25903 0.095424
27.135 1 NAVIGATION 0 2 5669.4 5417.5 0. 61491828. 0 0
27.150 1 ATTITUDE 0.075849 0.259354 0.095398
27.249 1 ATTITUDE 0.075838 0.258843 0.095358
27.349 1 ATTITUDE 0.075859 0.258542 0.09535
27.385 1 NAVIGATION 0 2 5669.4 5417.5 0. 61491828. 0 0
27.453 1 ATTITUDE 0.075859 0.258669 0.095342
27.457 1 BAT 250 68 0 0 1 40 0 0
27.549 1 ATTITUDE 0.075834 0.258427 0.095312
27.635 1 NAVIGATION 0 2 5669.4 5417.5 0. 61491828. 0 0
27.652 1 ATTITUDE 0.075852 0.258498 0.095321
27.654 1 ESTIMATOR 768.000977 0.
27.758 1 ATTITUDE 0.075821 0.258287 0.095342
27.764 1 GPS 0 33808544 593931840 0 768001 0 0 1789 426327250 12 9
27.766 1 SVINFO 9 16 16 1 0 -91 0
27.848 1 ATTITUDE 0.075853 0.257811 0.09538
27.885 1 NAVIGATION 0 2 5669.4 5417.5 0. 61491828. 0 0
27.920 1 DOWNLINK_STATUS 0 28 10273 516 0 366. 18. 37.61
27.953 1 ATTITUDE 0.075801 0.257957 0.095408
27.957 1 ALIVE 203,67,147,98,198,93,218,3,125,189,35,233,55,114,181,190
27.969 1 WIND_INFO 1 42 0. 0. 0.
28.049 1 ATTITUDE 0.075781 0.257949 0.095409
28.135 1 NAVIGATION 0 2 5669.4 5417.5 0. 61491828. 0 0
28.150 1 ATTITUDE 0.075751 0.257626 0.095368
28.249 1 ATTITUDE 0.075729 0.257931 0.09534
28.349 1 ATTITUDE 0.075707 0.257648 0.095331
28.385 1 NAVIGATION 0 2 5669.4 5417.5 0. 61491828. 0 0
28.449 1 ATTITUDE 0.07569 0.257203 0.095337
28.548 1 ATTITUDE 0.075678 0.25691 0.095355
28.636 1 FBW_STATUS 0 50 0 68 0
28.640 1 NAVIGATION 0 2 5669.4 5417.5 0. 61491828. 0 0
28.653 1 ATTITUDE 0.075659 0.256656 0.095356
28.758 1 ATTITUDE 0.07565 0.256952 0.09538
28.764 1 GPS 0 33808544 593931840 0 768001 0 0 1789 426328250 12 10
28.767 1 SVINFO 10 19 16 3 29 -91 0
28.854 1 ATTITUDE 0.075668 0.257044 0.095415
28.856 1 ESTIMATOR 768.000977 0.
28.858 1 DOWNLINK 0 369 787
28.885 1 NAVIGATION 0 2 5669.4 5417.5 0. 61491828. 0 0
28.920 1 DOWNLINK_STATUS 0 29 10667 536 0 394. 20. 37.61
28.951 1 ATTITUDE 0.075696 0.256998 0.095427
28.953 1 PPRZ_MODE 0 0 0 0 0 17
29.049 1 ATTITUDE 0.075717 0.256696 0.095345
29.135 1 NAVIGATION 0 2 5669.4 5417.5 0. 61491828. 0 0
29.150 1 ATTITUDE 0.075742 0.256183 0.095345
29.248 1 ATTITUDE 0.075744 0.256599 0.095363
29.353 1 ATTITUDE 0.075757 0.256361 0.095383
29.355 1 GPS_SOL 3143667 100000 9999 0
29.385 1 NAVIGATION 0 2 5669.4 5417.5 0. 61491828. 0 0
29.448 1 ATTITUDE 0.075757 0.256062 0.095439
29.548 1 ATTITUDE 0.075714 0.256431 0.095454
29.635 1 NAVIGATION 0 2 5669.4 5417.5 0. 61491828. 0 0
29.650 1 ATTITUDE 0.07572 0.25608 0.095419
29.759 1 ATTITUDE 0.075719 0.255958 0.095416
29.764 1 GPS 0 33808544 593931840 0 768001 0 0 1789 426329250 12 11
29.767 1 SVINFO 11 21 16 1 0 -91 0
29.849 1 ATTITUDE 0.075769 0.256046 0.095438
29.885 1 NAVIGATION 0 2 5669.4 5417.5 0. 61491828. 0 0
29.921 1 DOWNLINK_STATUS 0 30 11027 554 0 360. 18. 37.61
29.949 1 ATTITUDE 0.075767 0.256786 0.095446
30.052 1 ATTITUDE 0.07577 0.256567 0.095497
30.053 1 ESTIMATOR 768.000977 0.
30.135 1 NAVIGATION 0 2 5669.4 5417.5 0. 61491828. 0 0
30.150 1 ATTITUDE 0.075758 0.256438 0.095498
30.248 1 ATTITUDE 0.075761 0.256263 0.095511
30.348 1 ATTITUDE 0.075744 0.256844 0.095527
30.385 1 NAVIGATION 0 2 5669.4 5417.5 0. 61491828. 0 0
30.441 1 PONG 
30.460 1 ATTITUDE 0.075713 0.257046 0.095492
30.549 1 ATTITUDE 0.075709 0.257054 0.095488
30.636 1 FBW_STATUS 0 52 0 68 0
30.641 1 NAVIGATION 0 2 5669.4 5417.5 0. 61491828. 0 0
30.653 1 ATTITUDE 0.075706 0.25745 0.095499
30.759 1 ATTITUDE 0.075728 0.257723 0.095468
30.765 1 GPS 0 33808544 593931840 0 768001 0 0 1789 426330250 12 12
30.767 1 SVINFO 12 22 16 1 0 -91 0
30.849 1 ATTITUDE 0.075703 0.257212 0.095419
30.885 1 NAVIGATION 0 2 5669.4 5417.5 0. 61491828. 0 0
30.922 1 DOWNLINK_STATUS 0 31 11393 573 0 366. 19. 37.58
30.948 1 ATTITUDE 0.07565 0.257232 0.095417
31.048 1 ATTITUDE 0.075645 0.2569 0.095401
31.134 1 NAVIGATION 0 2 5669.4 5417.5 0. 61491828. 0 0
31.150 1 ATTITUDE 0.075646 0.257362 0.095397
31.251 1 ATTITUDE 0.075635 0.256904 0.095389
31.254 1 ESTIMATOR 768.000977 0.
31.348 1 ATTITUDE 0.075634 0.256712 0.095369
31.385 1 NAVIGATION 0 2 5669.4 5417.5 0. 61491828. 0 0
31.448 1 ATTITUDE 0.075604 0.256769 0.095421
31.549 1 ATTITUDE 0.075609 0.256445 0.09545
31.635 1 NAVIGATION 0 2 5669.4 5417.5 0. 61491828. 0 0
31.650 1 ATTITUDE 0.075641 0.256533 0.095472
31.731 1 COMMANDS 250,-2352,1274,-2352,-560,0
31.758 1 ATTITUDE 0.075674 0.256904 0.095474
31.764 1 GPS 0 33808544 593931840 0 768001 0 0 1789 426331250 12 13
31.766 1 SVINFO 13 25 16 1 0 -91 0
31.831 1 ACTUATORS 1270,1635,1465,1487,1366
31.848 1 ATTITUDE 0.075649 0.256785 0.095486
31.884 1 NAVIGATION 0 2 5669.4 5417.5 0. 61491828. 0 0
31.923 1 DOWNLINK_STATUS 0 32 11774 592 0 381. 19. 37.58
31.948 1 ATTITUDE 0.075603 0.257195 0.095509
32.048 1 ATTITUDE 0.075612 0.257042 0.095479
32.135 1 NAVIGATION 0 2 5669.4 5417.5 0. 61491828. 0 0
32.150 1 ATTITUDE 0.07565 0.256996 0.095499
32.249 1 ATTITUDE 0.075654 0.257201 0.095504
32.348 1 ATTITUDE 0.075629 0.256987 0.09551
32.385 1 NAVIGATION 0 2 5669.4 5417.5 0. 61491828. 0 0
32.452 1 ATTITUDE 0.075628 0.257102 0.095543
32.454 1 ESTIMATOR 768.000977 0.
32.548 1 ATTITUDE 0.075668 0.257041 0.095513
32.636 1 FBW_STATUS 0 48 0 68 0
32.640 1 NAVIGATION 0 2 5669.4 5417.5 0. 61491828. 0 0
32.653 1 ATTITUDE 0.075666 0.256767 0.095527
32.758 1 ATTITUDE 0.075714 0.25627 0.095522
32.764 1 GPS 0 33808544 593931840 0 768001 0 0 1789 426332250 12 14
32.766 1 SVINFO 14 30 16 7 32 -91 0
32.848 1 ATTITUDE 0.075765 0.256185 0.095501
32.884 1 NAVIGATION 0 2 5669.4 5417.5 0. 61491828. 0 0
32.923 1 DOWNLINK_STATUS 0 33 12134 610 0 360. 18. 37.58
32.948 1 ATTITUDE 0.075781 0.255966 0.095491
33.049 1 ATTITUDE 0.075785 0.256323 0.095488
33.135 1 NAVIGATION 0 2 5669.4 5417.5 0. 61491828. 0 0
33.150 1 ATTITUDE 0.075764 0.255861 0.095492
33.249 1 ATTITUDE 0.075777 0.255991 0.095395
33.349 1 ATTITUDE 0.075842 0.255571 0.095427
33.385 1 NAVIGATION 0 2 5669.4 5417.5 0. 61491828. 0 0
33.448 1 ATTITUDE 0.075863 0.255295 0.095438
33.548 1 ATTITUDE 0.075862 0.255053 0.095431
33.634 1 NAVIGATION 0 2 5669.4 5417.5 0. 61491828. 0 0
33.651 1 ATTITUDE 0.075862 0.254321 0.095438
33.653 1 ESTIMATOR 768.000977 0.
33.758 1 ATTITUDE 0.07587 0.254538 0.095464
33.764 1 GPS 0 33808544 593931840 0 768001 0 0 1789 426333250 12 15
33.766 1 SVINFO 15 30 16 7 32 -91 0
33.848 1 ATTITUDE 0.075857 0.254901 0.095464
33.885 1 NAVIGATION 0 2 5669.4 5417.5 0. 61491828. 0 0
33.924 1 DOWNLINK_STATUS 0 34 12479 627 0 345. 17. 37.58
33.948 1 ATTITUDE 0.075871 0.255334 0.095492
34.049 1 ATTITUDE 0.075885 0.255687 0.09551
34.135 1 NAVIGATION 0 2 5669.4 5417.5 0. 61491828. 0 0
34.150 1 ATTITUDE 0.075911 0.255528 0.095501
34.248 1 ATTITUDE 0.075902 0.255011 0.095537
34.348 1 ATTITUDE 0.075938 0.255188 0.095552
34.384 1 NAVIGATION 0 2 5669.4 5417.5 0. 61491828. 0 0
34.448 1 ATTITUDE 0.075944 0.254911 0.095554
34.548 1 ATTITUDE 0.075922 0.254763 0.095524
34.636 1 FBW_STATUS 0 50 0 68 0
34.640 1 NAVIGATION 0 2 5669.4 5417.5 0. 61491828. 0 0
34.653 1 ATTITUDE 0.075923 0.255435 0.095519
34.759 1 ATTITUDE 0.07594 0.25484 0.095507
34.764 1 GPS 0 33808544 593931840 0 768001 0 0 1789 426334250 12 16
34.767 1 SVINFO 0 3 28 4 28 42 70
34.852 1 ATTITUDE 0.075904 0.254401 0.095501
34.854 1 ESTIMATOR 768.000977 0.
34.885 1 NAVIGATION 0 2 5669.4 5417.5 0. 61491828. 0 0
34.925 1 DOWNLINK_STATUS 0 35 12839 645 0 360. 18. 37.58
34.950 1 ATTITUDE 0.075946 0.253823 0.0955
34.952 1 PPRZ_MODE 0 0 0 0 0 17
35.048 1 ATTITUDE 0.075944 0.253373 0.095502
35.134 1 NAVIGATION 0 2 5669.4 5417.5 0. 61491828. 0 0
35.149 1 ATTITUDE 0.076015 0.253324 0.095495
35.248 1 ATTITUDE 0.076023 0.253001 0.095525
35.348 1 ATTITUDE 0.076013 0.252503 0.095558
35.384 1 NAVIGATION 0 2 5669.4 5417.5 0. 61491828. 0 0
35.446 1 PONG 
35.450 1 ATTITUDE 0.075994 0.252741 0.095578
35.548 1 ATTITUDE 0.075997 0.25216 0.09561
35.635 1 NAVIGATION 0 2 5669.4 5417.5 0. 61491828. 0 0
35.650 1 ATTITUDE 0.075997 0.251937 0.095611
35.759 1 ATTITUDE 0.076 0.251979 0.095651
35.764 1 GPS 0 33808544 593931840 0 768001 0 0 1789 426335250 12 1
35.767 1 SVINFO 1 7 12 4 28 80 98
35.849 1 ATTITUDE 0.075964 0.251955 0.095671
35.884 1 NAVIGATION 0 2 5669.4 5417.5 0. 61491828. 0 0
35.926 1 DOWNLINK_STATUS 0 36 13188 663 0 349. 18. 41.62
35.948 1 ATTITUDE 0.075951 0.252257 0.095722
36.051 1 ATTITUDE 0.075937 0.252187 0.095695
36.053 1 ESTIMATOR 768.000977 0.
36.134 1 NAVIGATION 0 2 5669.4 5417.5 0. 61491828. 0 0
36.149 1 ATTITUDE 0.075935 0.252045 0.095651
36.248 1 ATTITUDE 0.075951 0.252421 0.095607
36.348 1 ATTITUDE 0.075954 0.25208 0.09559
36.385 1 NAVIGATION 0 2 5669.4 5417.5 0. 61491828. 0 0
36.448 1 ATTITUDE 0.075905 0.251624 0.095633
36.548 1 ATTITUDE 0.075899 0.251385 0.095625
36.635 1 FBW_STATUS 0 51 0 68 0
36.641 1 NAVIGATION 1 0 5669.4 5417.5 0. 61491828. 0 0
36.653 1 ATTITUDE 0.075897 0.251346 0.095657
36.731 1 COMMANDS 250,-2352,1274,-2352,-560,0
36.758 1 ATTITUDE 0.075862 0.251717 0.095636
36.763 1 GPS 3 33240866 593389376 0 691198 43 41 1789 426336250 12 2
36.766 1 SVINFO 2 8 13 6 32 67 289
36.830 1 ACTUATORS 1270,1635,1464,1487,1366
36.848 1 ATTITUDE 0.075851 0.25251 0.095631
36.884 1 NAVIGATION 1 1 -7.3 -7. 0. 102.9 0 0
36.927 1 DOWNLINK_STATUS 0 37 13584 683 0 396. 20. 41.62
36.948 1 ATTITUDE 0.075787 0.251836 0.095606
37.048 1 ATTITUDE 0.075792 0.252151 0.095623
37.134 1 NAVIGATION 1 1 -7.8 -7. 0. 110. 0 0
37.150 1 ATTITUDE 0.075773 0.251719 0.095609
37.251 1 ATTITUDE 0.075759 0.251815 0.095598
37.254 1 ESTIMATOR 690.497009 0.21
37.348 1 ATTITUDE 0.075786 0.251582 0.095604
37.385 1 NAVIGATION 1 1 -7.8 -7. 0. 109.5 0 0
37.448 1 ATTITUDE 0.075809 0.25176 0.095627
37.552 1 ATTITUDE 0.075815 0.251453 0.095628
37.556 1 BAT 250 68 0 0 1 0 0 0
37.634 1 NAVIGATION 1 1 -7.8 -7. 0. 109.5 0 0
37.649 1 ATTITUDE 0.075808 0.251097 0.095617
37.758 1 ATTITUDE 0.075814 0.25082 0.09562
37.764 1 GPS 3 33240822 593389376 0 689907 7 -4 1789 426337250 12 3
37.766 1 SVINFO 3 9 16 4 26 -91 0
37.848 1 ATTITUDE 0.075815 0.251088 0.095623
37.884 1 NAVIGATION 1 1 -7.8 -7. 0. 109.5 0 0
37.927 1 DOWNLINK_STATUS 0 38 13950 701 0 366. 18. 41.62
37.948 1 ATTITUDE 0.075847 0.25153 0.095614
37.970 1 WIND_INFO 1 42 0. 0. 0.
38.048 1 ATTITUDE 0.075846 0.25144 0.09562
38.135 1 NAVIGATION 1 1 -7.8 -7. 0. 109.5 0 0
38.153 1 ATTITUDE 0.075831 0.252009 0.095594
38.157 1 ALIVE 203,67,147,98,198,93,218,3,125,189,35,233,55,114,181,190
38.247 1 ATTITUDE 0.07582 0.252275 0.095599
38.348 1 ATTITUDE 0.075835 0.252621 0.095604
38.384 1 NAVIGATION 1 1 -7.8 -7. 0. 109.5 0 0
38.451 1 ATTITUDE 0.075822 0.25279 0.09558
38.453 1 ESTIMATOR 690.237976 -0.19
38.548 1 ATTITUDE 0.075852 0.252939 0.095556
38.635 1 FBW_STATUS 0 47 0 68 0
38.640 1 NAVIGATION 1 1 -7.8 -7. 0. 109.5 0 0
38.652 1 ATTITUDE 0.075869 0.253352 0.095544
38.755 1 ATTITUDE 0.075839 0.253649 0.095544
38.761 1 GPS 3 33240818 593389376 0 690407 115 -26 1789 426338250 12 4
38.848 1 ATTITUDE 0.075893 0.253116 0.095552
38.884 1 NAVIGATION 1 1 -7.8 -7. 0. 110. 0 0
38.928 1 DOWNLINK_STATUS 0 39 14319 719 0 369. 18. 41.62
38.948 1 ATTITUDE 0.07591 0.253071 0.095515
39.047 1 ATTITUDE 0.07592 0.252419 0.095487
39.134 1 NAVIGATION 1 1 -7.8 -7. 0. 110. 0 0
39.149 1 ATTITUDE 0.075904 0.252097 0.09546
39.250 1 ATTITUDE 0.075901 0.251521 0.095489
39.252 1 DOWNLINK 0 364 977
39.348 1 ATTITUDE 0.075872 0.251903 0.095526
39.384 1 NAVIGATION 1 1 -7.8 -7. 0. 109.5 0 0
39.448 1 ATTITUDE 0.075895 0.251947 0.095537
39.548 1 ATTITUDE 0.075947 0.25167 0.095555
39.634 1 NAVIGATION 1 1 -7.8 -7. 0. 109.5 0 0
39.651 1 ATTITUDE 0.075951 0.251892 0.095575
39.653 1 ESTIMATOR 689.833008 -0.56
39.758 1 ATTITUDE 0.075975 0.252258 0.095602
39.764 1 GPS 3 33240822 593389376 0 689277 92 -42 1789 426339250 12 5
39.766 1 SVINFO 5 13 16 6 31 -91 0
39.852 1 ATTITUDE 0.075958 0.252671 0.095616
39.854 1 GPS_SOL 4368 191 512 4
39.884 1 NAVIGATION 1 1 -7.8 -7. 0. 109.5 0 0
39.929 1 DOWNLINK_STATUS 0 40 14692 738 0 373. 19. 41.62
39.947 1 ATTITUDE 0.075989 0.25301 0.095587
40.047 1 ATTITUDE 0.075984 0.25304 0.095623
40.134 1 NAVIGATION 1 1 -7.8 -7. 0. 109.5 0 0
40.149 1 ATTITUDE 0.076016 0.253089 0.095646
40.248 1 ATTITUDE 0.076018 0.253799 0.095651
40.348 1 ATTITUDE 0.076012 0.25402 0.095634
40.384 1 NAVIGATION 1 1 -7.8 -7. 0. 109.5 0 0
40.449 1 ATTITUDE 0.076032 0.25438 0.095663
40.450 1 PONG 
40.548 1 ATTITUDE 0.076027 0.254383 0.095647
40.636 1 FBW_STATUS 0 50 0 68 0
40.640 1 NAVIGATION 1 1 -7.8 -6.5 0. 102.3 0 0
40.653 1 ATTITUDE 0.076047 0.254381 0.09571
40.757 1 ATTITUDE 0.076049 0.254386 0.095734
40.763 1 GPS 3 33240824 593389504 0 687787 35 -34 1789 426340250 12 6
40.765 1 SVINFO 6 19 16 4 26 -91 0
40.850 1 ATTITUDE 0.076041 0.254836 0.095744
40.853 1 ESTIMATOR 687.786987 -0.34
40.884 1 NAVIGATION 1 1 -7.8 -6. 0. 96.1 0 0
40.930 1 DOWNLINK_STATUS 0 41 15058 757 0 366. 19. 44.59
40.950 1 ATTITUDE 0.075999 0.255301 0.09574
40.952 1 PPRZ_MODE 0 0 0 0 0 17
41.048 1 ATTITUDE 0.075989 0.255329 0.09575
41.134 1 NAVIGATION 1 1 -7.8 -6. 0. 96.1 0 0
41.149 1 ATTITUDE 0.076017 0.2548 0.095764
41.248 1 ATTITUDE 0.076002 0.254758 0.095785
41.348 1 ATTITUDE 0.075969 0.254734 0.095819
41.384 1 NAVIGATION 1 1 -7.8 -6. 0. 96.1 0 0
41.448 1 ATTITUDE 0.075978 0.255135 0.095833
41.547 1 ATTITUDE 0.076001 0.255443 0.095872
41.634 1 NAVIGATION 1 1 -7.8 -6. 0. 96.1 0 0
41.649 1 ATTITUDE 0.075982 0.255318 0.095866
41.731 1 COMMANDS 250,-2352,1274,-2352,-560,0
41.754 1 ATTITUDE 0.076001 0.255702 0.095864
41.760 1 GPS 3 33240824 593389504 0 686354 22 -18 1789 426341250 12 7
41.830 1 ACTUATORS 1270,1635,1465,1487,1366
41.848 1 ATTITUDE 0.075994 0.255823 0.095874
41.884 1 NAVIGATION 1 1 -7.8 -6. 0. 96.1 0 0
41.930 1 DOWNLINK_STATUS 0 42 15423 775 0 365. 18. 44.59
41.948 1 ATTITUDE 0.076001 0.255871 0.095885
42.051 1 ATTITUDE 0.076023 0.256211 0.095905
42.053 1 ESTIMATOR 685.836975 -0.28
42.134 1 NAVIGATION 1 1 -7.7 -5.5 0. 89.3 0 0
42.149 1 ATTITUDE 0.076053 0.2563 0.095889
42.248 1 ATTITUDE 0.076081 0.256323 0.095877
42.348 1 ATTITUDE 0.076092 0.25687 0.095901
42.384 1 NAVIGATION 1 1 -8.6 -4.5 0. 94.6 0 0
42.447 1 ATTITUDE 0.076155 0.256627 0.095856
42.547 1 ATTITUDE 0.076192 0.256357 0.095897
42.635 1 FBW_STATUS 0 50 0 68 0
42.640 1 NAVIGATION 1 1 -8.6 -4.5 0. 94.6 0 0
42.652 1 ATTITUDE 0.076202 0.256576 0.09592
42.755 1 ATTITUDE 0.076175 0.255841 0.095907
42.760 1 GPS 3 33240738 593389632 0 684700 55 -47 1789 426342250 12 8
42.848 1 ATTITUDE 0.076178 0.255544 0.09593
42.884 1 NAVIGATION 1 1 -8.6 -4.5 0. 94.6 0 0
42.931 1 DOWNLINK_STATUS 0 43 15769 792 0 346. 17. 44.59
42.948 1 ATTITUDE 0.076215 0.255486 0.095919
43.048 1 ATTITUDE 0.076216 0.255122 0.095935
43.134 1 NAVIGATION 1 1 -8.6 -4.5 0. 94.6 0 0
43.149 1 ATTITUDE 0.076221 0.255028 0.095932
43.250 1 ATTITUDE 0.076185 0.254598 0.095888
43.253 1 ESTIMATOR 684.304016 -0.25
43.347 1 ATTITUDE 0.076195 0.25404 0.095876
43.384 1 NAVIGATION 1 1 -8.6 -4.5 0. 94.6 0 0
43.447 1 ATTITUDE 0.076206 0.254173 0.095883
43.548 1 ATTITUDE 0.076234 0.253938 0.095928
43.634 1 NAVIGATION 1 1 -9.5 -4. 0. 106.2 0 0
43.649 1 ATTITUDE 0.0762 0.253777 0.095942
43.755 1 ATTITUDE 0.076198 0.254171 0.095922
43.761 1 GPS 3 33240650 593389696 0 683891 92 -18 1789 426343250 12 9
43.848 1 ATTITUDE 0.076224 0.254159 0.095907
43.883 1 NAVIGATION 1 1 -9.5 -4. 0. 106.2 0 0
43.932 1 DOWNLINK_STATUS 0 44 16100 808 0 331. 16. 44.59
43.947 1 ATTITUDE 0.076249 0.254057 0.095915
44.047 1 ATTITUDE 0.076225 0.253686 0.095884
44.134 1 NAVIGATION 1 1 -9.5 -4. 0. 106.2 0 0
44.149 1 ATTITUDE 0.076236 0.2533 0.095912
44.247 1 ATTITUDE 0.076188 0.254127 0.095891
44.347 1 ATTITUDE 0.07618 0.253952 0.095899
44.384 1 NAVIGATION 1 1 -9.4 -3. 0. 98.1 0 0
44.451 1 ATTITUDE 0.076161 0.253697 0.095858
44.453 1 ESTIMATOR 683.69397 -0.3
44.548 1 ATTITUDE 0.076226 0.253493 0.095826
44.635 1 FBW_STATUS 0 50 0 68 0
44.640 1 NAVIGATION 1 1 -9.4 -3. 0. 98.1 0 0
44.652 1 ATTITUDE 0.076231 0.253342 0.095847
44.755 1 ATTITUDE 0.076229 0.253632 0.095836
44.761 1 GPS 3 33240656 593389824 0 683600 64 -48 1789 426344250 12 10
44.847 1 ATTITUDE 0.076265 0.253733 0.095835
44.883 1 NAVIGATION 1 1 -9.4 -3. 0. 98.1 0 0
44.933 1 DOWNLINK_STATUS 0 45 16446 825 0 346. 17. 44.59
44.947 1 ATTITUDE 0.076238 0.253475 0.095832
45.047 1 ATTITUDE 0.076222 0.253641 0.095839
45.134 1 NAVIGATION 1 1 -8.6 -3. 0. 82.3 0 0
45.149 1 ATTITUDE 0.076292 0.253263 0.095851
45.247 1 ATTITUDE 0.076361 0.252933 0.095817
45.348 1 ATTITUDE 0.076444 0.253237 0.095838
45.384 1 NAVIGATION 1 1 -9.4 -3. 0. 98.1 0 0
45.449 1 ATTITUDE 0.076428 0.253549 0.09582
45.450 1 PONG 
45.548 1 ATTITUDE 0.076464 0.254009 0.095827
45.634 1 NAVIGATION 1 1 -9.4 -3. 0. 98.1 0 0
45.650 1 ATTITUDE 0.076481 0.253734 0.095838
45.652 1 ESTIMATOR 682.788025 -0.49
45.754 1 ATTITUDE 0.07648 0.25386 0.095873
45.760 1 GPS 3 33240656 593389824 0 682788 33 -49 1789 426345250 12 11
45.847 1 ATTITUDE 0.076438 0.253882 0.095856
45.883 1 NAVIGATION 1 1 -9.4 -3. 0. 98.1 0 0
45.934 1 DOWNLINK_STATUS 0 46 16783 842 0 337. 17. 43.68
45.947 1 ATTITUDE 0.076414 0.254303 0.095891
46.047 1 ATTITUDE 0.076409 0.25401 0.09587
46.134 1 NAVIGATION 1 1 -9.4 -3. 0. 98.1 0 0
46.149 1 ATTITUDE 0.076408 0.254522 0.095867
46.248 1 ATTITUDE 0.076417 0.25438 0.09587
46.348 1 ATTITUDE 0.076446 0.254849 0.095849
46.384 1 NAVIGATION 1 1 -9.4 -3. 0. 98.1 0 0
46.448 1 ATTITUDE 0.07643 0.25539 0.095843
46.547 1 ATTITUDE 0.076455 0.255636 0.095808
46.635 1 FBW_STATUS 0 48 0 68 0
46.639 1 NAVIGATION 1 3 -0.4 0. 0. 93.1 0 0
46.652 1 ATTITUDE 0.076424 0.256307 0.095778
46.731 1 COMMANDS 250,-2352,1274,-2352,-560,0
46.754 1 ATTITUDE 0.076405 0.256433 0.095816
46.760 1 GPS 3 33240656 593389888 0 681623 39 -41 1789 426346250 12 12
46.830 1 ACTUATORS 1270,1635,1465,1487,1366
46.850 1 ATTITUDE 0.076421 0.256442 0.095813
46.853 1 ESTIMATOR 681.622986 -0.41
46.884 1 NAVIGATION 2 0 -0.4 0. 0. 0.2 0 0
46.934 1 DOWNLINK_STATUS 0 47 17165 861 0 382. 19. 43.68
46.950 1 ATTITUDE 0.076428 0.256446 0.095789
46.952 1 PPRZ_MODE 0 0 0 0 0 17
47.047 1 ATTITUDE 0.076448 0.25669 0.095795
47.134 1 NAVIGATION 2 1 -0.4 0. 0. 0.2 0 0
47.149 1 ATTITUDE 0.076427 0.257036 0.095818
47.248 1 ATTITUDE 0.076381 0.257222 0.095804
47.347 1 ATTITUDE 0.076391 0.25717 0.095794
47.384 1 NAVIGATION 2 1 -0.4 0. 0. 0.2 0 0
47.447 1 ATTITUDE 0.076383 0.257296 0.095745
47.547 1 ATTITUDE 0.076413 0.256953 0.095709
47.634 1 NAVIGATION 2 1 -0.4 1. 0. 1.1 0 0
47.652 1 ATTITUDE 0.076445 0.256674 0.095755
47.655 1 BAT 250 68 0 0 1 1 1 0
47.757 1 ATTITUDE 0.076468 0.256909 0.095777
47.763 1 GPS 3 33240662 593390016 0 680662 26 -51 1789 426347250 12 13
47.766 1 SVINFO 13 28 13 6 31 35 228
47.847 1 ATTITUDE 0.076482 0.257508 0.095772
47.884 1 NAVIGATION 2 1 -0.4 1. 0. 1.1 0 0
47.935 1 DOWNLINK_STATUS 0 48 17529 879 0 364. 18. 43.68
47.948 1 ATTITUDE 0.076511 0.257536 0.095795
47.969 1 WIND_INFO 1 42 0. 0. 0.
48.050 1 ATTITUDE 0.076522 0.257362 0.095794
48.052 1 ESTIMATOR 680.333984 -0.33
48.134 1 NAVIGATION 2 1 -0.4 1. 0. 1.1 0 0
48.150 1 ATTITUDE 0.076483 0.257666 0.095781
48.247 1 ATTITUDE 0.07654 0.257815 0.095747
48.352 1 ATTITUDE 0.076532 0.257409 0.095731
48.356 1 ALIVE 203,67,147,98,198,93,218,3,125,189,35,233,55,114,181,190
48.383 1 NAVIGATION 2 1 -0.4 1. 0. 1.1 0 0
48.447 1 ATTITUDE 0.076543 0.257895 0.095719
48.547 1 ATTITUDE 0.076559 0.258732 0.095677
48.635 1 FBW_STATUS 0 55 0 68 0
48.640 1 NAVIGATION 2 1 -0.4 1. 0. 1.1 0 0
48.652 1 ATTITUDE 0.076584 0.258902 0.095702
48.758 1 ATTITUDE 0.076577 0.258997 0.095716
48.763 1 GPS 3 33240662 593390016 0 679609 15 -42 1789 426348250 12 14
48.766 1 SVINFO 14 30 16 7 33 -91 0
48.848 1 ATTITUDE 0.07659 0.258888 0.095737
48.884 1 NAVIGATION 2 1 -0.4 1. 0. 1.1 0 0
48.936 1 DOWNLINK_STATUS 0 49 17912 898 0 383. 19. 43.68
48.947 1 ATTITUDE 0.076596 0.258345 0.09575
49.047 1 ATTITUDE 0.076589 0.258069 0.095754
49.133 1 NAVIGATION 2 1 1.4 0. 0. 1.9 0 0
49.149 1 ATTITUDE 0.076583 0.25724 0.095729
49.250 1 ATTITUDE 0.076604 0.256889 0.095735
49.252 1 ESTIMATOR 679.528992 -0.14
49.347 1 ATTITUDE 0.07664 0.256388 0.095771
49.384 1 NAVIGATION 2 1 1.4 -1. 0. 2.9 0 0
49.450 1 ATTITUDE 0.076609 0.256436 0.095771
49.547 1 ATTITUDE 0.076641 0.256216 0.095733
49.633 1 NAVIGATION 2 1 1.4 -1. 0. 2.9 0 0
49.649 1 ATTITUDE 0.076671 0.255856 0.095754
49.651 1 DOWNLINK 0 358 1163
49.758 1 ATTITUDE 0.076679 0.255725 0.095791
49.763 1 GPS 3 33240838 593389824 0 679332 7 -43 1789 426349250 12 15
49.765 1 SVINFO 15 32 16 2 24 -91 0
49.848 1 ATTITUDE 0.076699 0.256103 0.095779
49.884 1 NAVIGATION 2 1 1.4 -1. 0. 2.9 0 0
49.937 1 DOWNLINK_STATUS 0 50 18268 916 0 356. 18. 43.68
49.947 1 ATTITUDE 0.076714 0.256103 0.095769
50.047 1 ATTITUDE 0.07668 0.256527 0.095768
50.134 1 NAVIGATION 2 1 1.8 -2. 0. 7.2 0 0
50.149 1 ATTITUDE 0.076691 0.257351 0.095771
50.247 1 ATTITUDE 0.076717 0.256938 0.095712
50.351 1 ATTITUDE 0.076708 0.256875 0.095668
50.354 1 GPS_SOL 2089 150 419 6
50.384 1 NAVIGATION 2 1 2.7 -2. 0. 11.2 0 0
50.452 1 ATTITUDE 0.076733 0.256254 0.0957
50.454 1 ESTIMATOR 679.007996 -0.26
50.455 1 PONG 
50.548 1 ATTITUDE 0.076786 0.255971 0.095699
50.634 1 FBW_STATUS 0 50 0 68 0
50.640 1 NAVIGATION 2 1 2.7 -2. 0. 11.2 0 0
50.652 1 ATTITUDE 0.076788 0.255975 0.0957
50.754 1 ATTITUDE 0.076765 0.255772 0.095709
50.760 1 GPS 3 33240968 593389696 0 678832 19 -40 1789 426350250 12 16
50.847 1 ATTITUDE 0.076757 0.255578 0.095682
50.883 1 NAVIGATION 2 1 2.7 -2. 0. 11.2 0 0
50.938 1 DOWNLINK_STATUS 0 51 18637 935 0 369. 19. 48.52
50.947 1 ATTITUDE 0.076756 0.255852 0.095703
51.047 1 ATTITUDE 0.076766 0.255591 0.095656
51.134 1 NAVIGATION 2 1 2.7 -3.5 0. 19.5 0 0
51.149 1 ATTITUDE 0.076814 0.255821 0.095668
51.248 1 ATTITUDE 0.076838 0.255592 0.095623
51.348 1 ATTITUDE 0.076846 0.255576 0.095598
51.384 1 NAVIGATION 2 1 2.7 -3.5 0. 19.5 0 0
51.447 1 ATTITUDE 0.076862 0.255376 0.09563
51.547 1 ATTITUDE 0.076863 0.254814 0.095665
51.633 1 NAVIGATION 2 1 3.6 -3.5 0. 24.9 0 0
51.650 1 ATTITUDE 0.076853 0.254048 0.095655
51.652 1 ESTIMATOR 678.421997 -0.36
51.731 1 COMMANDS 250,-2352,1274,-2352,-546,0
51.754 1 ATTITUDE 0.07684 0.253828 0.095656
51.760 1 GPS 3 33241056 593389568 0 678071 11 -39 1789 426351250 12 17
51.830 1 ACTUATORS 1270,1635,1465,1487,1366
51.847 1 ATTITUDE 0.076881 0.253884 0.095693
51.884 1 NAVIGATION 2 1 3.6 -3.5 0. 24.9 0 0
51.938 1 DOWNLINK_STATUS 0 52 19004 953 0 367. 18. 48.52
51.946 1 ATTITUDE 0.076876 0.253983 0.095662
52.046 1 ATTITUDE 0.076895 0.253898 0.09567
52.247 1 ATTITUDE 0.076885 0.254353 0.095661
52.635 1 FBW_STATUS 0 48 0 68 0
52.938 1 DOWNLINK_STATUS 0 53 19073 957 2 69. 4. 48.52
53.940 1 DOWNLINK_STATUS 0 54 19073 957 2 0. 0. 48.52
54.347 1 ATTITUDE 0.076961 0.250965 0.09577
54.940 1 DOWNLINK_STATUS 0 55 19091 958 6 18. 1. 48.52
55.449 1 PONG 
55.546 1 ATTITUDE 0.077085 0.250832 0.095767
55.941 1 DOWNLINK_STATUS 0 56 19109 959 10 18. 1. -4951.93
56.127 1 DOWNLINK_STATUS 0 4 6 1 10 6. 1. 1.39837833096e+12
56.942 1 DOWNLINK_STATUS 0 57 19109 959 10 0. 0. -4951.93
57.128 1 DOWNLINK_STATUS 0 5 6 1 10 0. 0. 1.39837833096e+12
57.633 1 NAVIGATION 2 1 4.9 -5. 0. 48.8 0 0
57.727 1 ATTITUDE 0.077342 0.248035 0.095916
57.729 1 ESTIMATOR 673.502014 -0.56
57.773 1 PONG 
57.943 1 DOWNLINK_STATUS 0 58 19173 963 16 64. 4. 2366.06
58.129 1 DOWNLINK_STATUS 0 6 6 1 10 0. 0. -2176.51
58.552 1 ATTITUDE 0.077541 0.250126 0.095947
58.944 1 DOWNLINK_STATUS 0 59 19173 963 16 0. 0. 2366.06
58.949 1 ATTITUDE 0.077611 0.24972 0.095964
58.951 1 PPRZ_MODE 0 1 2 0 0 17
59.129 1 DOWNLINK_STATUS 0 7 54 4 25 48. 3. -2176.51
