4.237 1 ATTITUDE 0. 0. 0.
4.240 1 WP_MOVED 3 360295.09375 4813785. 260. 31
4.243 1 IMU_ACCEL 0.598633 -9.824219 0.397461
4.248 1 BAT 0 68 0 0 1 1 0 0
4.253 1 GPS 0 16602147 0 0 -17000 0 0 0 1250 31 5
4.255 1 SVINFO 5 6 16 1 0 -91 0
4.260 1 NAVIGATION 0 2 -194263.5 -4813595. 0. 2.32084345979e+13 0 0
4.263 1 ATTITUDE 0. 0. 0.
4.269 1 DESIRED 0. 0. 0. 0. 0. 235. 0. 20.
4.271 1 DOWNLINK 0 279 67
4.275 1 ATTITUDE 0. 0. 0.
4.277 1 NAVIGATION_REF 360285 4813595 31
4.523 1 ATTITUDE 0. 0. 0.
4.530 1 DESIRED 0. 0. 0. 0. 0. 235. 0. 20.
4.536 1 GPS 0 16602147 0 0 -17000 0 0 0 1500 31 6
4.538 1 SVINFO 6 7 16 1 0 -91 0
4.541 1 IMU_GYRO -0.048828 0.007324 -0.009521
4.546 1 NAVIGATION 0 2 -194263.5 -4813595. 0. 2.32084345979e+13 0 0
4.549 1 ATTITUDE 0. 0. 0.
4.551 1 ESTIMATOR -17. 0.
4.556 1 NAVIGATION 0 2 -194263.5 -4813595. 0. 2.32084345979e+13 0 0
4.559 1 ATTITUDE 0. 0. 0.
4.638 1 DESIRED 0. 0. 0. 0. 0. 235. 0. 20.
4.642 1 WP_MOVED 4 360417.3125 4813734. 260. 31
4.645 1 IMU_MAG -2.691406 -2.344238 -3.937988
4.931 1 GPS 0 16602147 0 0 -17000 0 0 0 1750 31 7
4.933 1 SVINFO 7 8 16 1 0 -91 0
4.936 1 FBW_STATUS 2 0 1 68 0
4.940 1 NAVIGATION 0 2 -194263.5 -4813595. 0. 2.32084345979e+13 0 0
4.942 1 DOWNLINK_STATUS 0 5 1685 77 0 918. 42. 0.
4.943 1 ATTITUDE 0. 0. 0.
4.947 1 ATTITUDE 0. 0. 0.
4.953 1 DESIRED 0. 0. 0. 0. 0. 235. 0. 20.
4.955 1 PPRZ_MODE 2 0 0 0 0 6
4.958 1 ATTITUDE 0. 0. 0.
4.964 1 GPS 0 16602147 0 0 -17000 0 0 0 2000 31 8
4.967 1 SVINFO 8 9 16 1 0 -91 0
5.017 1 IMU_ACCEL 0.598633 -9.833008 0.37793
5.019 1 DL_VALUE 1 0.
5.196 1 NAVIGATION 0 2 -194263.5 -4813595. 0. 2.32084345979e+13 0 0
5.199 1 ATTITUDE 0. 0. 0.
5.206 1 DESIRED 0. 0. 0. 0. 0. 235. 0. 20.
5.208 1 ESTIMATOR -17. 0.
5.211 1 IMU_GYRO -0.048828 0.007324 -0.009521
5.441 1 ATTITUDE 0. 0. 0.
5.445 1 WP_MOVED 5 360422. 4813583.5 260. 31
5.451 1 GPS 0 16602147 0 0 -17000 0 0 0 2250 31 9
5.453 1 SVINFO 9 10 16 1 0 -91 0
5.458 1 NAVIGATION 0 2 -194263.5 -4813595. 0. 2.32084345979e+13 0 0
5.461 1 ATTITUDE 0. 0. 0.
5.467 1 DESIRED 0. 0. 0. 0. 0. 235. 0. 20.
5.471 1 BAT 0 68 0 0 1 2 0 0
5.474 1 ATTITUDE 0. 0. 0.
5.859 1 ATTITUDE 0. 0. 0.
5.866 1 DESIRED 0. 0. 0. 0. 0. 235. 0. 20.
5.871 1 GPS 0 16602147 0 0 -17000 0 0 0 2500 31 10
5.874 1 SVINFO 10 11 16 1 0 -91 0
5.943 1 DOWNLINK_STATUS 0 6 2288 104 0 603. 27. -1.39475551251e+12
6.024 1 NAVIGATION 0 2 -194263.5 -4813595. 0. 2.32084345979e+13 0 0
6.027 1 ATTITUDE 0. 0. 0.
6.030 1 ESTIMATOR -17. 0.
6.034 1 NAVIGATION 0 2 -194263.5 -4813595. 0. 2.32084345979e+13 0 0
6.037 1 GPS_SOL 649519232 100000 9999 0
6.310 1 ATTITUDE 0. 0. 0.
6.317 1 DESIRED 0. 0. 0. 0. 0. 235. 0. 20.
6.320 1 WP_MOVED 6 360165.8125 4813664.5 260. 31
6.323 1 IMU_GYRO -0.048828 0.007324 -0.008301
6.328 1 GPS 0 16602147 0 0 -17000 0 0 0 2750 31 11
6.331 1 SVINFO 11 12 16 1 0 -91 0
6.335 1 NAVIGATION 0 2 -194263.5 -4813595. 0. 2.32084345979e+13 0 0
6.339 1 ATTITUDE 0. 0. 0.
6.342 1 IMU_ACCEL 0.583984 -9.862305 0.402344
6.344 1 CALIBRATION 0. 0
6.346 1 PPRZ_MODE 0 0 0 0 0 17
6.349 1 ATTITUDE 0. 0. 0.
6.423 1 DESIRED 0. 0. 0. 0. 0. 235. 0. 20.
6.425 1 PPRZ_MODE 0 0 0 0 0 17
6.628 1 ATTITUDE 0. 0. 0.
6.634 1 GPS 0 16602147 0 0 -17000 0 0 0 3000 31 12
6.636 1 SVINFO 12 13 16 1 0 -91 0
6.639 1 IMU_MAG -2.694824 -2.339844 -3.966797
6.644 1 NAVIGATION 0 2 -194263.5 -4813595. 0. 2.32084345979e+13 0 0
6.647 1 ATTITUDE 0. 0. 0.
6.736 1 DESIRED 0. 0. 0. 0. 0. 235. 0. 20.
6.738 1 ESTIMATOR -17. 0.
6.739 1 STATE_FILTER_STATUS 2 0
6.944 1 DOWNLINK_STATUS 0 7 2871 132 0 583. 28. -1.39475551251e+12
6.970 1 PONG 
6.973 1 ATTITUDE 0. 0. 0.
6.977 1 WP_MOVED 7 360559.40625 4813804.5 260. 31
6.982 1 GPS 0 16602147 0 0 -17000 0 0 0 3250 31 13
6.985 1 SVINFO 13 14 16 1 0 -91 0
6.989 1 NAVIGATION 0 2 -194263.5 -4813595. 0. 2.32084345979e+13 0 0
6.992 1 ATTITUDE 0. 0. 0.
6.999 1 DESIRED 0. 0. 0. 0. 0. 235. 0. 20.
7.002 1 IMU_GYRO -0.048828 0.008301 -0.010498
7.177 1 ATTITUDE 0. 0. 0.
7.180 1 BAT 362 68 0 0 1 3 0 0
7.183 1 ATTITUDE 0. 0. 0.
7.190 1 DESIRED 0. 0. 0. 0. 0. 235. 0. 20.
7.196 1 GPS 0 16602147 0 0 -17000 0 0 0 3500 31 14
7.198 1 SVINFO 14 15 16 1 0 -91 0
7.199 1 DL_VALUE 2 235.
7.465 1 NAVIGATION 0 2 -194263.5 -4813595. 0. 2.32084345979e+13 0 0
7.468 1 ATTITUDE 0. 0. 0.
7.470 1 ESTIMATOR -17. 0.
7.473 1 IMU_ACCEL 0.569336 -9.80957 0.392578
7.478 1 NAVIGATION 0 2 -194263.5 -4813595. 0. 2.32084345979e+13 0 0
7.481 1 ATTITUDE 0. 0. 0.
7.488 1 DESIRED 0. 0. 0. 0. 0. 235. 0. 20.
7.491 1 WP_MOVED 8 360462.40625 4813640. 215. 31
7.497 1 GPS 0 16602147 0 0 -17000 0 0 0 3750 31 15
7.499 1 SVINFO 15 16 16 1 0 -91 0
7.502 1 FBW_STATUS 0 47 0 68 0
7.566 1 NAVIGATION 0 2 -194263.5 -4813595. 0. 2.32084345979e+13 0 0
7.569 1 ATTITUDE 0. 0. 0.
7.719 1 ATTITUDE 0. 0. 0.
7.726 1 DESIRED 0. 0. 0. 0. 0. 235. 0. 20.
7.732 1 IMU_GYRO -0.047852 0.008301 -0.009521
7.732 1 PPRZ_MODE 0 0 0 0 0 17
7.931 1 ATTITUDE 0. 0. 0.
7.937 1 GPS 0 16602147 0 0 -17000 0 0 0 4000 31 16
7.939 1 SVINFO 0 1 16 1 0 -91 0
7.944 1 NAVIGATION 0 2 -194263.5 -4813595. 0. 2.32084345979e+13 0 0
7.944 1 DOWNLINK_STATUS 0 8 3676 169 0 805. 37. 1527.67
7.947 1 ATTITUDE 0. 0. 0.
7.953 1 DESIRED 0. 0. 0. 0. 0. 235. 0. 20.
7.956 1 ESTIMATOR -17. 0.
8.045 1 ATTITUDE 0. 0. 0.
8.048 1 WP_MOVED 9 360313.8125 4813652. 185. 31
8.276 1 GPS 0 16602147 0 0 -17000 0 0 0 4250 31 1
8.279 1 SVINFO 1 2 16 1 0 -91 0
8.283 1 NAVIGATION 0 2 -194263.5 -4813595. 0. 2.32084345979e+13 0 0
8.287 1 ATTITUDE 0. 0. 0.
8.293 1 DESIRED 0. 0. 0. 0. 0. 235. 0. 20.
8.296 1 IMU_MAG -2.689941 -2.342773 -3.92334
8.299 1 ATTITUDE 0. 0. 0.
8.303 1 IMU_ACCEL 0.59375 -9.852539 0.368164
8.534 1 ATTITUDE 0. 0. 0.
8.541 1 DESIRED 0. 0. 0. 0. 0. 235. 0. 20.
8.547 1 GPS 0 16602147 0 0 -17000 0 0 0 4500 31 2
8.549 1 SVINFO 2 3 16 1 0 -91 0
8.552 1 IMU_GYRO -0.048828 0.007324 -0.009521
8.557 1 NAVIGATION 0 2 -194263.5 -4813595. 0. 2.32084345979e+13 0 0
8.560 1 ATTITUDE 0. 0. 0.
8.561 1 ESTIMATOR -17. 0.
8.567 1 NAVIGATION 0 2 -194263.5 -4813595. 0. 2.32084345979e+13 0 0
8.569 1 GPS_SOL 649519552 100000 9999 0
8.822 1 ATTITUDE 0. 0. 0.
8.829 1 DESIRED 0. 0. 0. 0. 0. 235. 0. 20.
8.832 1 WP_MOVED 10 360453.8125 4813581. 260. 31
8.838 1 GPS 0 16602147 0 0 -17000 0 0 0 4750 31 3
8.840 1 SVINFO 3 4 16 1 0 -91 0
8.845 1 NAVIGATION 0 2 -194263.5 -4813595. 0. 2.32084345979e+13 0 0
8.848 1 ATTITUDE 0. 0. 0.
8.851 1 COMMANDS 362,196,210,0,-280
8.854 1 ATTITUDE 0. 0. 0.
8.861 1 DESIRED 0. 0. 0. 0. 0. 235. 0. 20.
8.863 1 PPRZ_MODE 0 0 0 0 0 17
8.909 1 CALIBRATION 0. 0
8.944 1 DOWNLINK_STATUS 0 9 4452 204 0 776. 35. 1527.67
9.087 1 ACTUATORS 1195,1559,1510,1510,1374
9.091 1 ATTITUDE 0. 0. 0.
9.096 1 GPS 0 16602147 0 0 -17000 0 0 0 5000 31 4
9.099 1 SVINFO 4 5 16 1 0 -91 0
9.101 1 DL_VALUE 3 0.
9.106 1 NAVIGATION 0 2 -194263.5 -4813595. 0. 2.32084345979e+13 0 0
9.285 1 ATTITUDE 0. 0. 0.
9.292 1 DESIRED 0. 0. 0. 0. 0. 235. 0. 20.
9.294 1 ESTIMATOR -17. 0.
9.298 1 IMU_GYRO -0.049805 0.009521 -0.010498
9.301 1 ATTITUDE 0. 0. 0.
9.304 1 WP_MOVED 11 360170.5 4813757.5 260. 31
9.307 1 IMU_ACCEL 0.598633 -9.857422 0.373047
9.496 1 GPS 0 16602147 0 0 -17000 0 0 0 5250 31 5
9.497 1 SVINFO 5 6 16 1 0 -91 0
9.503 1 NAVIGATION 0 2 -194263.5 -4813595. 0. 2.32084345979e+13 0 0
9.506 1 ATTITUDE 0. 0. 0.
9.513 1 DESIRED 0. 0. 0. 0. 0. 235. 0. 20.
9.513 1 STATE_FILTER_STATUS 2 0
9.516 1 ATTITUDE 0. 0. 0.
9.679 1 ATTITUDE 0. 0. 0.
9.686 1 DESIRED 0. 0. 0. 0. 0. 235. 0. 20.
9.691 1 GPS 0 16602147 0 0 -17000 0 0 0 5500 31 6
9.694 1 SVINFO 6 7 16 1 0 -91 0
9.698 1 NAVIGATION 0 2 -194263.5 -4813595. 0. 2.32084345979e+13 0 0
9.945 1 DOWNLINK_STATUS 0 10 5000 229 0 548. 25. 1527.67
9.953 1 ATTITUDE 0. 0. 0.
9.954 1 ESTIMATOR -17. 0.
9.960 1 NAVIGATION 0 2 -194263.5 -4813595. 0. 2.32084345979e+13 0 0
9.964 1 BAT 362 68 0 0 1 5 0 0
9.966 1 IMU_MAG -2.696289 -2.338379 -3.952148
9.969 1 ATTITUDE 0. 0. 0.
9.976 1 DESIRED 0. 0. 0. 0. 0. 235. 0. 20.
9.980 1 WP_MOVED 0 360327. 4813637. 260. 31
9.982 1 IMU_GYRO -0.048828 0.008301 -0.009521
9.988 1 GPS 0 16602147 0 0 -17000 0 0 0 5750 31 7
9.990 1 SVINFO 7 9 16 1 0 -91 0
10.227 1 FBW_STATUS 0 47 0 68 0
10.235 1 NAVIGATION 0 2 -194263.5 -4813595. 0. 2.32084345979e+13 0 0
10.236 1 ATTITUDE 0. 0. 0.
10.238 1 ATTITUDE 0.049062 0.847677 -0.094624
10.245 1 DESIRED 0. 0.01 0. 0. 0. 235. 0. 20.
10.247 1 PPRZ_MODE 0 0 0 0 0 17
10.250 1 ATTITUDE 0.049096 0.847694 -0.094648
10.256 1 GPS 0 16602147 0 0 -17000 0 0 0 6000 31 8
10.258 1 SVINFO 8 10 16 1 0 -91 0
10.261 1 IMU_ACCEL 0.583984 -9.847656 0.402344
10.265 1 ENERGY 6.8 0. 0 0.
10.515 1 NAVIGATION 0 2 -194263.5 -4813595. 0. 2.32084345979e+13 0 0
10.518 1 ATTITUDE 0.049046 0.847676 -0.094617
10.524 1 DESIRED 0. 0.01 0. 0. 0. 235. 0. 20.
10.527 1 ESTIMATOR -17. 0.
10.531 1 ALIVE 234,86,112,120,179,137,199,193,157,207,189,207,18,78,21,11
10.534 1 ATTITUDE 0.049035 0.847642 -0.094625
10.538 1 WP_MOVED 1 360285. 4813595. 260. 31
10.543 1 GPS 0 16602147 0 0 -17000 0 0 0 6250 31 9
10.546 1 SVINFO 9 11 16 1 0 -91 0
10.550 1 NAVIGATION 0 2 -194263.5 -4813595. 0. 2.32084345979e+13 0 0
10.553 1 ATTITUDE 0.049048 0.847655 -0.094629
10.841 1 DESIRED 0. 0.01 0. 0. 0. 235. 0. 20.
10.844 1 IMU_GYRO -0.047852 0.008301 -0.009521
10.945 1 ATTITUDE 0.049089 0.847656 -0.094636
10.946 1 DOWNLINK_STATUS 0 11 5790 265 0 790. 36. -3472.98
10.947 1 DOWNLINK 2 889 275
11.140 1 ATTITUDE 0.049128 0.847629 -0.094621
11.147 1 DESIRED 0. 0.01 0. 0. 0. 235. 0. 20.
11.153 1 GPS 0 16602147 0 0 -17000 0 0 0 6500 31 10
11.155 1 SVINFO 10 12 16 1 0 -91 0
11.157 1 DL_VALUE 4 0.
11.162 1 NAVIGATION 0 2 -194263.5 -4813595. 0. 2.32084345979e+13 0 0
11.412 1 ATTITUDE 0.049142 0.847624 -0.094613
11.415 1 ESTIMATOR -17. 0.
11.419 1 NAVIGATION 0 2 -194263.5 -4813595. 0. 2.32084345979e+13 0 0
11.422 1 GPS_SOL 649520064 100000 9999 0
11.425 1 ATTITUDE 0.049139 0.84759 -0.094626
11.432 1 DESIRED 0. 0.01 0. 0. 0. 235. 0. 20.
11.435 1 WP_MOVED 2 360334.5 4813695. 260. 31
11.439 1 BAT 362 68 0 0 1 6 0 0
11.445 1 GPS 0 16602147 0 0 -17000 0 0 0 6750 31 11
11.447 1 SVINFO 11 13 16 1 0 -91 0
11.611 1 NAVIGATION 0 2 -194263.5 -4813595. 0. 2.32084345979e+13 0 0
11.614 1 ATTITUDE 0.049181 0.847634 -0.094648
11.618 1 IMU_ACCEL 0.569336 -9.837891 0.373047
11.621 1 ATTITUDE 0.049207 0.847616 -0.094659
11.627 1 DESIRED 0. 0.01 0. 0. 0. 235. 0. 20.
11.630 1 IMU_GYRO -0.048828 0.008301 -0.009521
11.633 1 PPRZ_MODE 0 0 0 0 0 17
11.636 1 IMU_MAG -2.696289 -2.345703 -3.968262
11.834 1 ATTITUDE 0.049193 0.847669 -0.094694
11.840 1 GPS 0 16602147 0 0 -17000 0 0 0 7000 31 12
11.841 1 SVINFO 12 14 16 1 0 -91 0
11.843 1 CALIBRATION 0. 0
11.848 1 NAVIGATION 0 2 -194263.5 -4813595. 0. 2.32084345979e+13 0 0
11.851 1 ATTITUDE 0.049207 0.847615 -0.09471
11.858 1 DESIRED 0. 0.01 0. 0. 0. 235. 0. 20.
11.860 1 ESTIMATOR -17. 0.
11.946 1 DOWNLINK_STATUS 0 12 6498 298 0 708. 33. -3472.98
12.064 1 ATTITUDE 0.049231 0.84763 -0.094712
12.067 1 WP_MOVED 3 360295.09375 4813785. 260. 31
12.073 1 GPS 0 16602147 0 0 -17000 0 0 0 7250 31 13
12.075 1 SVINFO 13 15 16 1 0 -91 0
12.080 1 NAVIGATION 0 2 -194263.5 -4813595. 0. 2.32084345979e+13 0 0
12.083 1 ATTITUDE 0.049257 0.847679 -0.094699
12.090 1 DESIRED 0. 0.01 0. 0. 0. 235. 0. 20.
12.093 1 ATTITUDE 0.049256 0.847668 -0.094747
12.350 1 ATTITUDE 0.049259 0.847661 -0.094754
12.357 1 DESIRED 0. 0.01 0. 0. 0. 235. 0. 20.
12.363 1 GPS 0 16602147 0 0 -17000 0 0 0 7500 31 14
12.365 1 SVINFO 14 16 16 1 0 -91 0
12.368 1 IMU_GYRO -0.048828 0.007324 -0.009521
12.373 1 NAVIGATION 0 2 -194263.5 -4813595. 0. 2.32084345979e+13 0 0
12.376 1 ATTITUDE 0.049262 0.847633 -0.094763
12.378 1 ESTIMATOR -17. 0.
12.382 1 IMU_ACCEL 0.545898 -9.862305 0.450195
12.386 1 NAVIGATION 0 2 -194263.5 -4813595. 0. 2.32084345979e+13 0 0
12.389 1 ATTITUDE 0.049334 0.847739 -0.094785
12.639 1 DESIRED 0. 0.01 0. 0. 0. 235. 0. 20.
12.642 1 WP_MOVED 4 360417.3125 4813734. 260. 31
12.648 1 GPS 0 16602147 0 0 -17000 0 0 0 7750 31 15
12.651 1 SVINFO 15 17 16 1 0 -91 0
12.653 1 FBW_STATUS 0 52 0 68 0
12.658 1 NAVIGATION 0 2 -194263.5 -4813595. 0. 2.32084345979e+13 0 0
12.661 1 ATTITUDE 0.049354 0.847787 -0.094733
12.665 1 BAT 362 68 0 0 1 8 0 0
12.668 1 ATTITUDE 0.049359 0.847795 -0.094702
12.674 1 DESIRED 0. 0.01 0. 0. 0. 235. 0. 20.
12.676 1 PPRZ_MODE 0 0 0 0 0 17
12.680 1 ATTITUDE 0.049397 0.84772 -0.094743
12.928 1 GPS 0 16602147 0 0 -17000 0 0 0 8000 31 16
12.930 1 SVINFO 0 1 16 1 0 -91 0
12.932 1 DL_VALUE 5 0.
12.937 1 NAVIGATION 0 2 -194263.5 -4813595. 0. 2.32084345979e+13 0 0
12.940 1 ATTITUDE 0.04948 0.847581 -0.09477
12.946 1 DOWNLINK_STATUS 0 13 7297 334 0 799. 36. -3472.98
12.947 1 DESIRED 0. 0.01 0. 0. 0. 235. 0. 20.
12.949 1 ESTIMATOR -17. 0.
12.952 1 IMU_GYRO -0.048828 0.006348 -0.008301
12.955 1 ATTITUDE 0.049415 0.84747 -0.094851
12.959 1 WP_MOVED 5 360422. 4813583.5 260. 31
12.962 1 IMU_MAG -2.697754 -2.344238 -3.826172
12.963 1 PONG 
13.121 1 GPS 0 16602147 0 0 -17000 0 0 0 8250 31 1
13.124 1 SVINFO 1 3 16 1 0 -91 0
13.129 1 NAVIGATION 0 2 -194263.5 -4813595. 0. 2.32084345979e+13 0 0
13.132 1 ATTITUDE 0.049397 0.847356 -0.094968
13.138 1 DESIRED 0. 0.01 0. 0. 0. 235. 0. 20.
13.141 1 ATTITUDE 0.049491 0.847502 -0.094791
13.145 1 IMU_ACCEL 0.583984 -9.824219 0.37793
13.383 1 ATTITUDE 0.049465 0.847418 -0.094913
13.390 1 DESIRED 0. 0.01 0. 0. 0. 235. 0. 20.
13.396 1 GPS 0 16602147 0 0 -17000 0 0 0 8500 31 2
13.398 1 SVINFO 2 4 16 1 0 -91 0
13.402 1 ENERGY 6.8 0. 0 0.
13.406 1 NAVIGATION 0 2 -194263.5 -4813595. 0. 2.32084345979e+13 0 0
13.409 1 ATTITUDE 0.049543 0.847424 -0.094931
13.412 1 ESTIMATOR -17. 0.
13.416 1 NAVIGATION 0 2 -194263.5 -4813595. 0. 2.32084345979e+13 0 0
13.419 1 GPS_SOL 649520768 100000 9999 0
13.670 1 ATTITUDE 0.049629 0.847363 -0.094779
13.677 1 DESIRED 0. 0.01 0. 0. 0. 235. 0. 20.
13.680 1 WP_MOVED 6 360165.8125 4813664.5 260. 31
13.683 1 IMU_GYRO -0.052002 0.009521 -0.007324
13.689 1 GPS 0 16602147 0 0 -17000 0 0 0 8750 31 3
13.691 1 SVINFO 3 5 16 1 0 -91 0
13.696 1 NAVIGATION 0 2 -194263.5 -4813595. 0. 2.32084345979e+13 0 0
13.699 1 ATTITUDE 0.049682 0.84743 -0.094889
13.702 1 ATTITUDE 0.049632 0.847426 -0.094888
13.710 1 DESIRED 0. 0.01 0. 0. 0. 235. 0. 20.
13.711 1 PPRZ_MODE 0 0 0 0 0 17
13.905 1 BAT 362 68 0 0 1 9 0 0
13.908 1 ATTITUDE 0.049727 0.847438 -0.094801
13.913 1 GPS 0 16602147 0 0 -17000 0 0 0 9000 31 4
13.916 1 SVINFO 4 6 16 1 0 -91 0
13.920 1 NAVIGATION 0 2 -194263.5 -4813595. 0. 2.32084345979e+13 0 0
13.924 1 ATTITUDE 0.04975 0.847509 -0.09488
13.930 1 DESIRED 0. 0.01 0. 0. 0. 235. 0. 20.
13.933 1 ESTIMATOR -17. 0.
13.935 1 CALIBRATION 0. 0
13.946 1 DOWNLINK_STATUS 0 14 8264 378 0 967. 44. 2520.08
14.149 1 ATTITUDE 0.049758 0.847527 -0.094894
14.153 1 WP_MOVED 7 360559.40625 4813804.5 260. 31
14.156 1 IMU_ACCEL 0.598633 -9.852539 0.373047
14.162 1 GPS 0 16602147 0 0 -17000 0 0 0 9250 31 5
14.164 1 SVINFO 5 6 16 1 0 -91 0
14.169 1 NAVIGATION 0 2 -194263.5 -4813595. 0. 2.32084345979e+13 0 0
14.172 1 ATTITUDE 0.049804 0.847562 -0.094874
14.179 1 DESIRED 0. 0.01 0. 0. 0. 235. 0. 20.
14.181 1 IMU_GYRO -0.048828 0.008301 -0.010498
14.365 1 ATTITUDE 0.049802 0.847489 -0.094922
14.368 1 ATTITUDE 0.049804 0.847515 -0.094942
14.374 1 DESIRED 0. 0.01 0. 0. 0. 235. 0. 20.
14.380 1 GPS 0 16602147 0 0 -17000 0 0 0 9500 31 6
14.383 1 SVINFO 6 7 16 1 0 -91 0
14.386 1 IMU_MAG -2.696289 -2.339844 -3.960449
14.390 1 NAVIGATION 0 2 -194263.5 -4813595. 0. 2.32084345979e+13 0 0
14.442 1 WIND_INFO 1 42 0. 0. 0.
14.646 1 ATTITUDE 0.049874 0.847523 -0.094925
14.649 1 ESTIMATOR -17. 0.
14.653 1 NAVIGATION 0 2 -194263.5 -4813595. 0. 2.32084345979e+13 0 0
14.656 1 ATTITUDE 0.049857 0.847492 -0.095062
14.664 1 DESIRED 0. 0.01 0. 0. 0. 235. 0. 20.
14.667 1 WP_MOVED 8 360462.40625 4813640. 215. 31
14.668 1 STATE_FILTER_STATUS 3 0
14.674 1 GPS 0 16602147 0 0 -17000 0 0 0 9750 31 7
14.676 1 SVINFO 7 8 16 1 0 -91 0
14.679 1 FBW_STATUS 0 47 0 68 0
14.683 1 NAVIGATION 0 2 -194263.5 -4813595. 0. 2.32084345979e+13 0 0
14.687 1 ATTITUDE 0.049928 0.847498 -0.09495
14.947 1 DOWNLINK_STATUS 0 15 8881 406 0 617. 28. 2520.08
15.256 1 COMMANDS 362,196,210,0,-280
15.259 1 ATTITUDE 0.049947 0.84749 -0.095005
15.266 1 DESIRED 0. 0.01 0. 0. 0. 235. 0. 20.
15.269 1 IMU_GYRO -0.048828 0.007324 -0.008301
15.271 1 PPRZ_MODE 0 0 0 0 0 17
15.274 1 ACTUATORS 1195,1559,1510,1510,1374
15.277 1 ATTITUDE 0.049882 0.847398 -0.095083
15.283 1 GPS 0 16602147 0 0 -17000 0 0 0 10000 31 8
15.285 1 SVINFO 8 9 16 1 0 -91 0
15.289 1 IMU_ACCEL 0.603516 -9.833008 0.40625
15.292 1 BAT 362 68 0 0 1 10 0 0
15.297 1 NAVIGATION 0 2 -194263.5 -4813595. 0. 2.32084345979e+13 0 0
15.948 1 DOWNLINK_STATUS 0 16 9131 418 0 250. 12. -2480.19
16.339 1 ATTITUDE 0.049937 0.847434 -0.095127
16.346 1 DESIRED 0. 0.01 0. 0. 0. 235. 0. 20.
16.348 1 ESTIMATOR -17. 0.
16.352 1 ATTITUDE 0.049931 0.847396 -0.095363
16.355 1 WP_MOVED 9 360313.8125 4813652. 185. 31
16.361 1 GPS 0 16602147 0 0 -17000 0 0 0 10250 31 9
16.363 1 SVINFO 9 10 16 1 0 -91 0
16.368 1 NAVIGATION 0 2 -194263.5 -4813595. 0. 2.32084345979e+13 0 0
16.371 1 ATTITUDE 0.049968 0.847426 -0.095457
16.378 1 DESIRED 0. 0.01 0. 0. 0. 235. 0. 20.
16.381 1 ATTITUDE 0.050065 0.847524 -0.095509
16.941 1 NAVIGATION_REF 360285 4813595 31
16.944 1 ATTITUDE 0.050041 0.84746 -0.095633
16.948 1 DOWNLINK_STATUS 0 17 9419 431 0 288. 13. -2480.19
16.951 1 DESIRED 0. 0.01 0. 0. 0. 235. 0. 20.
16.955 1 GPS 0 16602147 0 0 -17000 0 0 0 10500 31 10
16.958 1 SVINFO 10 11 16 1 0 -91 0
16.961 1 IMU_GYRO -0.048828 0.007324 -0.010498
16.966 1 NAVIGATION 0 2 -194263.5 -4813595. 0. 2.32084345979e+13 0 0
16.969 1 ATTITUDE 0.050025 0.847439 -0.095731
16.971 1 ESTIMATOR -17. 0.
16.976 1 NAVIGATION 0 2 -194263.5 -4813595. 0. 2.32084345979e+13 0 0
16.979 1 GPS_SOL 649521664 100000 9999 0
17.502 1 ATTITUDE 0.050017 0.847375 -0.095785
17.509 1 DESIRED 0. 0.01 0. 0. 0. 235. 0. 20.
17.512 1 WP_MOVED 10 360453.8125 4813581. 260. 31
17.518 1 GPS 0 16602147 0 0 -17000 0 0 0 10750 31 11
17.520 1 SVINFO 11 12 16 1 0 -91 0
17.525 1 NAVIGATION 0 2 -194263.5 -4813595. 0. 2.32084345979e+13 0 0
17.528 1 ATTITUDE 0.050007 0.84728 -0.095832
17.531 1 IMU_ACCEL 0.603516 -9.857422 0.373047
17.534 1 IMU_MAG -2.689941 -2.344238 -3.940918
17.790 1 ATTITUDE 0.050096 0.847324 -0.095937
17.796 1 DESIRED 0. 0.01 0. 0. 0. 235. 0. 20.
17.799 1 PPRZ_MODE 0 0 0 0 0 17
17.802 1 ATTITUDE 0.050201 0.847412 -0.095985
17.807 1 GPS 0 16602147 0 0 -17000 0 0 0 11000 31 12
17.810 1 SVINFO 12 13 16 1 0 -91 0
17.812 1 DL_VALUE 7 0.
17.815 1 ENERGY 6.8 0. 0 0.
17.820 1 NAVIGATION 0 2 -194263.5 -4813595. 0. 2.32084345979e+13 0 0
17.823 1 ATTITUDE 0.050281 0.847545 -0.096268
17.830 1 DESIRED 0. 0.01 0. 0. 0. 235. 0. 20.
17.949 1 DOWNLINK_STATUS 0 18 10072 460 0 653. 29. -2480.19
18.061 1 ESTIMATOR -17. 0.
18.064 1 IMU_GYRO -0.048828 0.008301 -0.011475
18.068 1 BAT 362 68 0 0 1 11 0 0
18.071 1 ATTITUDE 0.050277 0.847575 -0.096588
18.074 1 WP_MOVED 11 360170.5 4813757.5 260. 31
18.076 1 CALIBRATION 0. 0
18.082 1 GPS 0 16602147 0 0 -17000 0 0 0 11250 31 13
18.084 1 SVINFO 13 14 16 1 0 -91 0
18.089 1 NAVIGATION 0 2 -194263.5 -4813595. 0. 2.32084345979e+13 0 0
18.092 1 ATTITUDE 0.050026 0.847274 -0.096745
18.099 1 DESIRED 0. 0.01 0. 0. 0. 235. 0. 20.
18.102 1 ATTITUDE 0.049997 0.847212 -0.096392
18.319 1 ATTITUDE 0.050565 0.84775 -0.097037
18.326 1 DESIRED 0. 0.01 0. 0. 0. 235. 0. 20.
18.332 1 GPS 0 16602147 0 0 -17000 0 0 0 11500 31 14
18.333 1 SVINFO 14 15 16 1 0 -91 0
18.335 1 DOWNLINK 5 908 486
18.341 1 NAVIGATION 0 2 -194263.5 -4813595. 0. 2.32084345979e+13 0 0
18.343 1 ATTITUDE 0.050789 0.848048 -0.098559
18.345 1 ESTIMATOR -17. 0.
18.348 1 IMU_ACCEL 0.641602 -9.847656 0.44043
18.353 1 NAVIGATION 0 2 -194263.5 -4813595. 0. 2.32084345979e+13 0 0
18.561 1 ATTITUDE 0.050855 0.848153 -0.099101
18.568 1 DESIRED 0. 0.01 0. 0. 0. 235. 0. 20.
18.571 1 WP_MOVED 0 360327. 4813637. 260. 31
18.575 1 IMU_GYRO -0.055176 0.013672 -0.011475
18.580 1 GPS 0 16602147 0 0 -17000 0 0 0 11750 31 15
18.583 1 SVINFO 15 16 16 1 0 -91 0
18.587 1 NAVIGATION 0 2 -194263.5 -4813595. 0. 2.32084345979e+13 0 0
18.590 1 FBW_STATUS 0 54 0 68 0
18.593 1 ATTITUDE 0.051218 0.848506 -0.099573
18.848 1 ATTITUDE 0.050988 0.848193 -0.099444
18.855 1 DESIRED 0. 0.01 0. 0. 0. 235. 0. 20.
18.856 1 PPRZ_MODE 0 0 0 0 0 17
18.858 1 STATE_FILTER_STATUS 3 0
18.861 1 ATTITUDE 0.050826 0.848013 -0.099623
18.867 1 GPS 0 16602147 0 0 -17000 0 0 0 12000 31 16
18.869 1 SVINFO 0 1 16 1 0 -91 0
18.874 1 NAVIGATION 0 2 -194263.5 -4813595. 0. 2.32084345979e+13 0 0
18.877 1 ATTITUDE 0.050791 0.847901 -0.09965
18.884 1 DESIRED 0. 0.01 0. 0. 0. 235. 0. 20.
18.886 1 ESTIMATOR -17. 0.
18.889 1 IMU_MAG -2.697754 -2.339844 -3.952148
18.950 1 DOWNLINK_STATUS 0 19 10993 503 0 921. 43. -2480.19
19.135 1 ATTITUDE 0.050617 0.847645 -0.099767
19.139 1 WP_MOVED 1 360285. 4813595. 260. 31
19.143 1 BAT 362 68 0 0 1 12 0 0
19.148 1 GPS 0 16602147 0 0 -17000 0 0 0 12250 31 1
19.151 1 SVINFO 1 2 16 1 0 -91 0
19.155 1 NAVIGATION 0 2 -194263.5 -4813595. 0. 2.32084345979e+13 0 0
19.158 1 ATTITUDE 0.050366 0.847361 -0.101006
19.165 1 DESIRED 0. 0.01 0. 0. 0. 235. 0. 20.
19.168 1 IMU_GYRO -0.047852 0.006348 -0.019043
19.171 1 ATTITUDE 0.050332 0.847283 -0.101255
19.174 1 IMU_ACCEL 0.612305 -9.837891 0.392578
19.420 1 ATTITUDE 0.050448 0.847312 -0.101699
19.427 1 DESIRED 0. 0.01 0. 0. 0. 235. 0. 20.
19.433 1 GPS 0 16602147 0 0 -17000 0 0 0 12500 31 2
19.435 1 SVINFO 2 3 16 1 0 -91 0
19.437 1 DL_VALUE 8 0.
19.442 1 NAVIGATION 0 2 -194263.5 -4813595. 0. 2.32084345979e+13 0 0
19.447 1 NAVIGATION 0 2 -194263.5 -4813595. 0. 2.32084345979e+13 0 0
19.450 1 ATTITUDE 0.0506 0.847297 -0.103938
19.453 1 ATTITUDE 0.050533 0.84715 -0.10389
19.460 1 DESIRED 0. 0.01 0. 0. 0. 235. 0. 20.
19.463 1 IMU_GYRO -0.047852 0.006348 -0.007324
19.707 1 PPRZ_MODE 0 0 0 0 0 17
19.711 1 ATTITUDE 0.050504 0.847129 -0.103831
19.716 1 GPS 0 16602147 0 0 -17000 0 0 0 13000 31 4
19.719 1 SVINFO 4 5 16 1 0 -91 0
19.724 1 NAVIGATION 0 2 -194263.5 -4813595. 0. 2.32084345979e+13 0 0
19.726 1 ATTITUDE 0.050426 0.846934 -0.103817
19.741 1 PPRZ_MODE 0 0 0 0 0 17
19.746 1 ATTITUDE 0.05063 0.847074 -0.103802
19.750 1 GPS 0 16602147 0 0 -17000 0 0 0 14000 31 8
19.951 1 DOWNLINK_STATUS 0 20 11677 534 2 684. 31. -2480.19
19.996 1 SVINFO 8 10 16 1 0 -91 0
19.999 1 IMU_ACCEL 0.655273 -9.837891 0.382812
20.001 1 DL_VALUE 9 1.
20.005 1 NAVIGATION 0 2 -194263.5 -4813595. 0. 2.32084345979e+13 0 0
20.009 1 ATTITUDE 0.05069 0.847082 -0.103832
20.015 1 DESIRED 0. 0.01 0. 0. 0. 235. 0. 20.
20.027 1 DESIRED 0. 0.01 0. 0. 0. 235. 0. 20.
20.033 1 GPS 0 16602147 0 0 -17000 0 0 0 14500 31 10
20.035 1 SVINFO 10 12 16 1 0 -91 0
20.040 1 NAVIGATION 0 2 -194263.5 -4813595. 0. 2.32084345979e+13 0 0
20.285 1 ATTITUDE 0.05059 0.846847 -0.103753
20.288 1 ESTIMATOR -17. 0.
20.292 1 NAVIGATION 0 2 -194263.5 -4813595. 0. 2.32084345979e+13 0 0
20.295 1 GPS_SOL 649523968 100000 9999 0
20.298 1 ATTITUDE 0.050717 0.847066 -0.103798
20.312 1 SVINFO 12 14 16 1 0 -91 0
20.317 1 NAVIGATION 0 2 -194263.5 -4813595. 0. 2.32084345979e+13 0 0
20.320 1 ATTITUDE 0.050556 0.846875 -0.103748
20.328 1 DESIRED 0. 0.01 0. 0. 0. 235. 0. 20.
20.572 1 ESTIMATOR -17. 0.
20.575 1 ATTITUDE 0.050522 0.846862 -0.103649
20.579 1 WP_MOVED 7 360559.40625 4813804.5 260. 31
20.584 1 GPS 0 16602147 0 0 -17000 0 0 0 15250 31 13
20.586 1 SVINFO 13 15 16 1 0 -91 0
20.591 1 NAVIGATION 0 2 -194263.5 -4813595. 0. 2.32084345979e+13 0 0
20.594 1 ATTITUDE 0.050664 0.846963 -0.103752
20.601 1 DESIRED 0. 0.01 0. 0. 0. 235. 0. 20.
20.603 1 IMU_GYRO -0.051025 0.009521 -0.010498
20.606 1 ATTITUDE 0.050626 0.846879 -0.103654
20.608 1 CALIBRATION 0. 0
20.611 1 ATTITUDE 0.05085 0.847051 -0.101499
20.952 1 DOWNLINK_STATUS 0 21 12348 565 4 671. 31. -7480.89
21.232 1 DESIRED 0. 0.01 0. 0. 0. 235. 0. 20.
21.237 1 GPS 0 16602147 0 0 -17000 0 0 0 15500 31 14
21.240 1 SVINFO 14 16 16 1 0 -91 0
21.248 1 BAT 54 68 0 0 1 15 0 0
21.248 1 NAVIGATION 0 2 -194263.5 -4813595. 0. 2.32084345979e+13 0 0
21.251 1 ATTITUDE 0.050835 0.846967 -0.098992
21.253 1 ESTIMATOR -17. 0.
21.257 1 IMU_ACCEL 0.588867 -9.776367 0.349609
21.261 1 NAVIGATION 0 2 -194263.5 -4813595. 0. 2.32084345979e+13 0 0
21.264 1 ATTITUDE 0.050772 0.84692 -0.099048
21.271 1 DESIRED 0. 0.01 0. 0. 0. 235. 0. 20.
21.517 1 WP_MOVED 8 360462.40625 4813640. 215. 31
21.522 1 GPS 0 16602147 0 0 -17000 0 0 0 15750 31 15
21.525 1 SVINFO 15 22 16 1 0 -91 0
21.527 1 FBW_STATUS 0 53 0 68 0
21.533 1 NAVIGATION 0 2 -194263.5 -4813595. 0. 2.32084345979e+13 0 0
21.535 1 ATTITUDE 0.050766 0.846894 -0.098907
21.538 1 ATTITUDE 0.050769 0.846877 -0.098898
21.546 1 DESIRED 0. 0.01 0. 0. 0. 235. 0. 20.
21.548 1 IMU_GYRO -0.048828 0.007324 -0.009521
21.550 1 PPRZ_MODE 0 0 0 0 0 17
21.553 1 ATTITUDE 0.050767 0.84695 -0.098968
21.802 1 GPS 0 16602147 0 0 -17000 0 0 0 16000 31 16
21.804 1 SVINFO 0 2 16 1 0 -91 0
21.808 1 IMU_MAG -2.682129 -2.336914 -3.953613
21.811 1 ENERGY 6.8 0. 0 0.
21.816 1 NAVIGATION 0 2 -194263.5 -4813595. 0. 2.32084345979e+13 0 0
21.819 1 ATTITUDE 0.050729 0.84691 -0.09891
21.825 1 DESIRED 0. 0.01 0. 0. 0. 235. 0. 20.
21.828 1 ESTIMATOR -17. 0.
21.832 1 ALIVE 234,86,112,120,179,137,199,193,157,207,189,207,18,78,21,11
21.835 1 ATTITUDE 0.050749 0.846955 -0.098916
21.838 1 WP_MOVED 9 360313.8125 4813652. 185. 31
21.844 1 GPS 0 16602147 0 0 -17000 0 0 0 16250 31 1
21.952 1 DOWNLINK_STATUS 0 22 13117 599 4 769. 34. -7480.89
22.089 1 SVINFO 1 4 16 1 0 -91 0
22.093 1 NAVIGATION 0 2 -194263.5 -4813595. 0. 2.32084345979e+13 0 0
22.096 1 ATTITUDE 0.050703 0.846935 -0.098953
22.103 1 DESIRED 0. 0.01 0. 0. 0. 235. 0. 20.
22.105 1 STATE_FILTER_STATUS 3 0
22.108 1 ATTITUDE 0.050668 0.846899 -0.098997
22.111 1 IMU_ACCEL 0.554688 -9.890625 0.411133
22.114 1 ATTITUDE 0.050783 0.846865 -0.098956
22.121 1 DESIRED 0. 0.01 0. 0. 0. 235. 0. 20.
22.126 1 GPS 0 16602147 0 0 -17000 0 0 0 16500 31 2
22.129 1 SVINFO 2 5 16 1 0 -91 0
22.132 1 IMU_GYRO -0.048828 0.006348 -0.009521
22.379 1 NAVIGATION 0 2 -194263.5 -4813595. 0. 2.32084345979e+13 0 0
22.383 1 ATTITUDE 0.050776 0.846809 -0.099004
22.385 1 ESTIMATOR -17. 0.
22.390 1 NAVIGATION 0 2 -194263.5 -4813595. 0. 2.32084345979e+13 0 0
22.393 1 BAT 54 68 0 0 1 16 0 0
22.396 1 GPS_SOL 649525440 100000 9999 0
22.407 1 DESIRED 0. 0.01 0. 0. 0. 235. 0. 20.
22.411 1 WP_MOVED 10 360453.8125 4813581. 260. 31
22.417 1 GPS 0 16602147 0 0 -17000 0 0 0 16750 31 3
22.419 1 SVINFO 3 6 16 1 0 -91 0
22.665 1 NAVIGATION 0 2 -194263.5 -4813595. 0. 2.32084345979e+13 0 0
22.668 1 ATTITUDE 0.050854 0.846716 -0.099032
22.672 1 ATTITUDE 0.050939 0.846724 -0.099061
22.678 1 DESIRED 0. 0.01 0. 0. 0. 235. 0. 20.
22.680 1 PPRZ_MODE 0 0 0 0 0 17
22.683 1 ATTITUDE 0.050934 0.846696 -0.09907
22.689 1 GPS 0 16602147 0 0 -17000 0 0 0 17000 31 4
22.692 1 SVINFO 4 8 16 1 0 -91 0
22.694 1 DL_VALUE 0 0.
22.698 1 NAVIGATION 0 2 -194263.5 -4813595. 0. 2.32084345979e+13 0 0
22.701 1 ATTITUDE 0.05089 0.846755 -0.098997
22.951 1 DESIRED 0. 0.01 0. 0. 0. 235. 0. 20.
22.952 1 ESTIMATOR -17. 0.
22.953 1 DOWNLINK_STATUS 0 23 13890 634 5 773. 35. -7480.89
22.955 1 IMU_GYRO -0.049805 0.007324 -0.009521
22.958 1 ATTITUDE 0.050954 0.846725 -0.099018
22.962 1 WP_MOVED 11 360170.5 4813757.5 260. 31
22.965 1 IMU_ACCEL 0.583984 -9.881836 0.416016
22.971 1 GPS 0 16602147 0 0 -17000 0 0 0 17250 31 5
22.973 1 SVINFO 5 9 16 1 0 -91 0
22.978 1 NAVIGATION 0 2 -194263.5 -4813595. 0. 2.32084345979e+13 0 0
22.981 1 ATTITUDE 0.050928 0.846731 -0.099075
22.987 1 DESIRED 0. 0.01 0. 0. 0. 235. 0. 20.
22.991 1 IMU_MAG -2.697754 -2.336914 -3.961914
23.237 1 ATTITUDE 0.050956 0.84681 -0.099081
23.241 1 ATTITUDE 0.050931 0.846835 -0.09909
23.251 1 DESIRED 0. 0.01 0. 0. 0. 235. 0. 20.
23.253 1 GPS 0 16602147 0 0 -17000 0 0 0 17500 31 6
23.254 1 SVINFO 6 10 16 1 0 -91 0
23.257 1 CALIBRATION 0. 0
23.262 1 NAVIGATION 0 2 -194263.5 -4813595. 0. 2.32084345979e+13 0 0
23.265 1 ATTITUDE 0.050898 0.846798 -0.099112
23.267 1 ESTIMATOR -17. 0.
23.272 1 NAVIGATION 0 2 -194263.5 -4813595. 0. 2.32084345979e+13 0 0
23.275 1 ATTITUDE 0.050899 0.846834 -0.099046
23.524 1 DESIRED 0. 0.01 0. 0. 0. 235. 0. 20.
23.528 1 WP_MOVED 0 360327. 4813637. 260. 31
23.531 1 IMU_GYRO -0.048828 0.008301 -0.009521
23.535 1 BAT 418 68 0 0 1 17 0 0
23.540 1 GPS 0 16602147 0 0 -17000 0 0 0 17750 31 7
23.543 1 SVINFO 7 11 16 1 0 -91 0
23.546 1 FBW_STATUS 0 48 0 68 0
23.556 1 ATTITUDE 0.050842 0.846834 -0.099066
23.563 1 DESIRED 0. 0.01 0. 0. 0. 235. 0. 20.
23.565 1 PPRZ_MODE 0 0 0 0 0 17
23.568 1 ATTITUDE 0.05086 0.846842 -0.09907
23.817 1 GPS 0 16602147 0 0 -17000 0 0 0 18000 31 8
23.820 1 SVINFO 8 12 16 1 0 -91 0
23.823 1 IMU_ACCEL 0.631836 -9.814453 0.363281
23.827 1 NAVIGATION 0 2 -194263.5 -4813595. 0. 2.32084345979e+13 0 0
23.830 1 ATTITUDE 0.050818 0.8469 -0.099087
23.837 1 DESIRED 0. 0.01 0. 0. 0. 235. 0. 20.
23.839 1 ESTIMATOR -17. 0.
23.842 1 ATTITUDE 0.050889 0.846905 -0.099066
23.845 1 WP_MOVED 1 360285. 4813595. 260. 31
23.851 1 GPS 0 16602147 0 0 -17000 0 0 0 18250 31 9
23.853 1 SVINFO 9 13 16 1 0 -91 0
23.953 1 DOWNLINK_STATUS 0 24 14836 677 6 946. 43. -7480.89
24.100 1 NAVIGATION 0 2 -194263.5 -4813595. 0. 2.32084345979e+13 0 0
24.104 1 ATTITUDE 0.050862 0.846922 -0.099048
24.110 1 DESIRED 0. 0.01 0. 0. 0. 235. 0. 20.
24.113 1 IMU_GYRO -0.046631 0.008301 -0.008301
24.116 1 ATTITUDE 0.050917 0.846899 -0.099063
24.117 1 PONG 
24.128 1 SVINFO 11 15 16 1 0 -91 0
24.133 1 NAVIGATION 0 2 -194263.5 -4813595. 0. 2.32084345979e+13 0 0
24.136 1 ATTITUDE 0.050996 0.846927 -0.099107
24.139 1 IMU_ACCEL 0.646484 -9.847656 0.373047
24.385 1 BAT 54 68 0 0 1 19 0 0
24.388 1 ATTITUDE 0.051074 0.846966 -0.099101
24.395 1 DESIRED 0. 0.01 0. 0. 0. 235. 0. 20.
24.398 1 IMU_GYRO -0.048828 0.009521 -0.008301
24.400 1 PPRZ_MODE 0 0 0 0 0 17
24.403 1 ATTITUDE 0.051099 0.847046 -0.099063
24.415 1 ATTITUDE 0.05108 0.847071 -0.099062
24.422 1 DESIRED 0. 0.01 0. 0. 0. 235. 0. 20.
24.424 1 ESTIMATOR -17. 0.
24.427 1 ATTITUDE 0.051131 0.847123 -0.099006
24.442 1 WIND_INFO 1 42 0. 0. 0.
24.675 1 WP_MOVED 3 360295.09375 4813785. 260. 31
24.680 1 GPS 0 16602147 0 0 -17000 0 0 0 19250 31 13
24.683 1 SVINFO 13 20 16 1 0 -91 0
24.687 1 NAVIGATION 0 2 -194263.5 -4813595. 0. 2.32084345979e+13 0 0
24.691 1 ATTITUDE 0.051057 0.847136 -0.099016
24.697 1 DESIRED 0. 0.01 0. 0. 0. 235. 0. 20.
24.700 1 ATTITUDE 0.051185 0.847199 -0.099049
24.703 1 NAVIGATION_REF 360285 4813595 31
24.706 1 ATTITUDE 0.051177 0.847185 -0.099066
24.713 1 DESIRED 0. 0.01 0. 0. 0. 235. 0. 20.
24.718 1 GPS 0 16602147 0 0 -17000 0 0 0 19500 31 14
24.953 1 DOWNLINK_STATUS 0 25 15520 708 8 684. 31. 3673.03
25.366 1 SVINFO 14 21 16 1 0 -91 0
25.369 1 IMU_GYRO -0.048828 0.007324 -0.010498
25.374 1 NAVIGATION 0 2 -194263.5 -4813595. 0. 2.32084345979e+13 0 0
25.377 1 ATTITUDE 0.051231 0.847161 -0.099074
25.379 1 ESTIMATOR -17. 0.
25.382 1 IMU_ACCEL 0.607422 -9.833008 0.382812
25.387 1 NAVIGATION 0 2 -194263.5 -4813595. 0. 2.32084345979e+13 0 0
25.389 1 CALIBRATION 0. 0
25.392 1 ATTITUDE 0.051202 0.847169 -0.099128
25.399 1 DESIRED 0. 0.01 0. 0. 0. 235. 0. 20.
25.402 1 WP_MOVED 4 360417.3125 4813734. 260. 31
25.408 1 GPS 0 16602147 0 0 -17000 0 0 0 19750 31 15
25.654 1 SVINFO 15 23 16 1 0 -91 0
25.657 1 FBW_STATUS 0 49 0 68 0
25.661 1 NAVIGATION 0 2 -194263.5 -4813595. 0. 2.32084345979e+13 0 0
25.664 1 ATTITUDE 0.051177 0.84723 -0.099098
25.667 1 COMMANDS 54,196,210,0,770
25.670 1 ATTITUDE 0.051172 0.847251 -0.09905
25.677 1 DESIRED 0. 0.01 0. 0. 0. 235. 0. 20.
25.679 1 PPRZ_MODE 0 0 0 0 0 17
25.683 1 BAT 54 68 0 0 1 20 0 0
25.686 1 IMU_MAG -2.707031 -2.347656 -3.826172
25.689 1 ACTUATORS 1198,1559,1510,1510,1353
25.692 1 ATTITUDE 0.051213 0.84724 -0.099075
25.954 1 DOWNLINK_STATUS 0 26 16006 732 8 486. 24. -1327.53
26.296 1 GPS 0 16602147 0 0 -17000 0 0 0 20000 31 16
26.299 1 SVINFO 0 5 16 1 0 -91 0
26.301 1 DL_VALUE 2 235.
26.305 1 NAVIGATION 0 2 -194263.5 -4813595. 0. 2.32084345979e+13 0 0
26.308 1 ATTITUDE 0.051228 0.847257 -0.099104
26.315 1 DESIRED 0. 0.01 0. 0. 0. 235. 0. 20.
26.324 1 WP_MOVED 5 360422. 4813583.5 260. 31
26.329 1 GPS 0 16602147 0 0 -17000 0 0 0 20250 31 1
26.332 1 SVINFO 1 6 16 1 0 -91 0
26.336 1 NAVIGATION 0 2 -194263.5 -4813595. 0. 2.32084345979e+13 0 0
26.340 1 ATTITUDE 0.051211 0.847217 -0.099169
26.946 1 DESIRED 0. 0.01 0. 0. 0. 235. 0. 20.
26.949 1 ATTITUDE 0.051237 0.847246 -0.099126
26.952 1 IMU_ACCEL 0.607422 -9.852539 0.349609
26.954 1 DOWNLINK_STATUS 0 27 16331 746 9 325. 14. -1327.53
26.955 1 ATTITUDE 0.051223 0.847184 -0.09915
26.962 1 DESIRED 0. 0.01 0. 0. 0. 235. 0. 20.
26.967 1 GPS 0 16602147 0 0 -17000 0 0 0 20500 31 2
26.970 1 SVINFO 2 7 16 1 0 -91 0
26.974 1 NAVIGATION 0 2 -194263.5 -4813595. 0. 2.32084345979e+13 0 0
26.977 1 ATTITUDE 0.051243 0.847206 -0.099172
26.980 1 ESTIMATOR -17. 0.
27.612 1 NAVIGATION 0 2 -194263.5 -4813595. 0. 2.32084345979e+13 0 0
27.614 1 GPS_SOL 649528832 100000 9999 0
27.617 1 ATTITUDE 0.051212 0.847201 -0.099179
27.624 1 DESIRED 0. 0.01 0. 0. 0. 235. 0. 20.
27.627 1 WP_MOVED 6 360165.8125 4813664.5 260. 31
27.630 1 IMU_GYRO -0.047852 0.007324 -0.009521
27.632 1 STATE_FILTER_STATUS 3 0
27.637 1 GPS 0 16602147 0 0 -17000 0 0 0 20750 31 3
27.640 1 SVINFO 3 8 16 1 0 -91 0
27.644 1 NAVIGATION 0 2 -194263.5 -4813595. 0. 2.32084345979e+13 0 0
27.648 1 ATTITUDE 0.051187 0.847206 -0.099182
27.651 1 ATTITUDE 0.051199 0.847216 -0.09915
27.900 1 DESIRED 0. 0.01 0. 0. 0. 235. 0. 20.
27.902 1 PPRZ_MODE 0 0 0 0 0 17
27.906 1 ATTITUDE 0.051188 0.847172 -0.09914
27.911 1 GPS 0 16602147 0 0 -17000 0 0 0 21000 31 4
27.914 1 SVINFO 4 9 16 1 0 -91 0
27.917 1 BAT 54 68 0 0 1 21 0 0
27.927 1 ATTITUDE 0.05117 0.847208 -0.09909
27.934 1 DESIRED 0. 0.01 0. 0. 0. 235. 0. 20.
27.936 1 ESTIMATOR -17. 0.
27.940 1 ALIVE 234,86,112,120,179,137,199,193,157,207,189,207,18,78,21,11
27.955 1 DOWNLINK_STATUS 0 28 16976 775 10 645. 29. -1327.53
28.185 1 ATTITUDE 0.051186 0.847276 -0.099114
28.189 1 WP_MOVED 7 360559.40625 4813804.5 260. 31
28.192 1 IMU_ACCEL 0.674805 -9.799805 0.387695
28.195 1 IMU_MAG -2.649902 -2.316895 -3.963379
28.201 1 GPS 0 16602147 0 0 -17000 0 0 0 21250 31 5
28.203 1 SVINFO 5 10 16 1 0 -91 0
28.212 1 ATTITUDE 0.051207 0.847386 -0.099239
28.219 1 DESIRED 0. 0.01 0. 0. 0. 235. 0. 20.
28.225 1 GPS 0 16602147 0 0 -17000 0 0 0 21500 31 6
28.227 1 SVINFO 6 11 16 1 0 -91 0
28.473 1 DL_VALUE 3 0.
28.477 1 NAVIGATION 0 2 -194263.5 -4813595. 0. 2.32084345979e+13 0 0
28.481 1 ATTITUDE 0.05124 0.847406 -0.099271
28.483 1 ESTIMATOR -17. 0.
28.487 1 NAVIGATION 0 2 -194263.5 -4813595. 0. 2.32084345979e+13 0 0
28.491 1 ATTITUDE 0.05122 0.847392 -0.099302
28.497 1 DESIRED 0. 0.01 0. 0. 0. 235. 0. 20.
28.501 1 WP_MOVED 8 360462.40625 4813640. 215. 31
28.502 1 CALIBRATION 0. 0
28.504 1 DOWNLINK 8 900 909
28.509 1 GPS 0 16602147 0 0 -17000 0 0 0 21750 31 7
28.512 1 SVINFO 7 12 16 1 0 -91 0
28.514 1 FBW_STATUS 0 49 0 68 0
28.763 1 NAVIGATION 0 2 -194263.5 -4813595. 0. 2.32084345979e+13 0 0
28.766 1 ATTITUDE 0.051201 0.847413 -0.099296
28.769 1 ATTITUDE 0.051215 0.847387 -0.099341
28.775 1 DESIRED 0. 0.01 0. 0. 0. 235. 0. 20.
28.779 1 IMU_GYRO -0.047852 0.008301 -0.009521
28.781 1 PPRZ_MODE 0 0 0 0 0 17
28.784 1 ATTITUDE 0.051199 0.847376 -0.099388
28.789 1 GPS 0 16602147 0 0 -17000 0 0 0 22000 31 8
28.792 1 SVINFO 8 13 16 1 0 -91 0
28.795 1 IMU_ACCEL 0.689453 -9.761719 0.349609
28.800 1 NAVIGATION 0 2 -194263.5 -4813595. 0. 2.32084345979e+13 0 0
28.803 1 ATTITUDE 0.051196 0.847372 -0.099383
28.955 1 DOWNLINK_STATUS 0 29 17712 810 11 736. 35. -1327.53
29.052 1 DESIRED 0. 0.01 0. 0. 0. 235. 0. 20.
29.054 1 ESTIMATOR -17. 0.
29.058 1 BAT 54 68 0 0 1 22 0 0
29.061 1 ATTITUDE 0.051215 0.847418 -0.099427
29.065 1 WP_MOVED 9 360313.8125 4813652. 185. 31
29.070 1 GPS 0 16602147 0 0 -17000 0 0 0 22250 31 9
29.073 1 SVINFO 9 14 16 1 0 -91 0
29.077 1 NAVIGATION 0 2 -194263.5 -4813595. 0. 2.32084345979e+13 0 0
29.080 1 ATTITUDE 0.051157 0.847393 -0.099457
29.087 1 DESIRED 0. 0.01 0. 0. 0. 235. 0. 20.
29.090 1 ATTITUDE 0.051148 0.847417 -0.099485
29.337 1 ATTITUDE 0.051106 0.847459 -0.099486
29.343 1 DESIRED 0. 0.01 0. 0. 0. 235. 0. 20.
29.349 1 GPS 0 16602147 0 0 -17000 0 0 0 22500 31 10
29.352 1 SVINFO 10 15 16 1 0 -91 0
29.355 1 IMU_GYRO -0.049805 0.008301 -0.009521
29.367 1 DESIRED 0. 0.01 0. 0. 0. 235. 0. 20.
29.369 1 PPRZ_MODE 0 0 0 0 0 17
29.370 1 STATE_FILTER_STATUS 3 0
29.373 1 ATTITUDE 0.051126 0.847444 -0.099499
29.379 1 GPS 0 16602147 0 0 -17000 0 0 0 23000 31 12
29.624 1 SVINFO 12 19 16 1 0 -91 0
29.626 1 DL_VALUE 4 0.
29.630 1 NAVIGATION 0 2 -194263.5 -4813595. 0. 2.32084345979e+13 0 0
29.634 1 ATTITUDE 0.051178 0.847469 -0.099487
29.640 1 DESIRED 0. 0.01 0. 0. 0. 235. 0. 20.
29.643 1 ESTIMATOR -17. 0.
29.650 1 WP_MOVED 11 360170.5 4813757.5 260. 31
29.654 1 BAT 54 68 0 0 1 23 0 0
29.660 1 GPS 0 16602147 0 0 -17000 0 0 0 23250 31 13
29.662 1 SVINFO 13 20 16 1 0 -91 0
29.910 1 NAVIGATION 0 2 -194263.5 -4813595. 0. 2.32084345979e+13 0 0
29.913 1 ATTITUDE 0.051182 0.847575 -0.099573
29.920 1 DESIRED 0. 0.01 0. 0. 0. 235. 0. 20.
29.922 1 ATTITUDE 0.051162 0.847572 -0.099612
29.925 1 ATTITUDE 0.051166 0.847563 -0.099655
29.937 1 IMU_MAG -2.691406 -2.341309 -3.940918
29.939 1 CALIBRATION 0. 0
29.942 1 ATTITUDE 0.051149 0.8476 -0.099702
29.950 1 DESIRED 0. 0.01 0. 0. 0. 235. 0. 20.
29.951 1 PPRZ_MODE 0 0 0 0 0 17
29.955 1 DOWNLINK_STATUS 0 30 18625 851 14 913. 41. -1327.53
30.198 1 ATTITUDE 0.051141 0.847581 -0.099666
30.204 1 GPS 0 16602147 0 0 -17000 0 0 0 24000 31 16
30.206 1 SVINFO 0 5 16 1 0 -91 0
30.211 1 NAVIGATION 0 2 -194263.5 -4813595. 0. 2.32084345979e+13 0 0
30.214 1 ATTITUDE 0.051116 0.84763 -0.099647
30.229 1 DESIRED 0. 0.01 0. 0. 0. 235. 0. 20.
30.235 1 GPS 0 16602147 0 0 -17000 0 0 0 24500 31 2
30.237 1 SVINFO 2 7 16 1 0 -91 0
30.239 1 DL_VALUE 5 0.
30.486 1 NAVIGATION 0 2 -194263.5 -4813595. 0. 2.32084345979e+13 0 0
30.489 1 ATTITUDE 0.051171 0.847516 -0.099632
30.491 1 ESTIMATOR -17. 0.
30.496 1 NAVIGATION 0 2 -194263.5 -4813595. 0. 2.32084345979e+13 0 0
30.499 1 GPS_SOL 649533056 100000 9999 0
30.502 1 ATTITUDE 0.05116 0.847515 -0.09967
30.514 1 WP_MOVED 3 360295.09375 4813785. 260. 31
30.517 1 IMU_ACCEL 0.631836 -9.824219 0.387695
30.523 1 GPS 0 16602147 0 0 -17000 0 0 0 25250 31 5
30.525 1 SVINFO 5 11 16 1 0 -91 0
30.956 1 DOWNLINK_STATUS 0 31 19034 870 16 409. 19. -6327.96
31.143 1 NAVIGATION 0 2 -194263.5 -4813595. 0. 2.32084345979e+13 0 0
31.146 1 ATTITUDE 0.051126 0.847362 -0.099811
31.153 1 DESIRED 0. 0.01 0. 0. 0. 235. 0. 20.
31.156 1 ATTITUDE 0.051061 0.847378 -0.099836
31.160 1 BAT 586 68 0 0 1 25 0 0
31.163 1 ATTITUDE 0.051012 0.847324 -0.099832
31.169 1 DESIRED 0. 0.01 0. 0. 0. 235. 0. 20.
31.175 1 GPS 0 16602147 0 0 -17000 0 0 0 25500 31 6
31.178 1 SVINFO 6 12 16 1 0 -91 0
31.181 1 IMU_GYRO -0.048828 0.008301 -0.009521
31.185 1 NAVIGATION 0 2 -194263.5 -4813595. 0. 2.32084345979e+13 0 0
31.430 1 ATTITUDE 0.051002 0.84729 -0.099812
31.433 1 ESTIMATOR -17. 0.
31.437 1 NAVIGATION 0 2 -194263.5 -4813595. 0. 2.32084345979e+13 0 0
31.440 1 ATTITUDE 0.050972 0.847289 -0.099775
31.447 1 DESIRED 0. 0.01 0. 0. 0. 235. 0. 20.
31.451 1 WP_MOVED 4 360417.3125 4813734. 260. 31
31.456 1 GPS 0 16602147 0 0 -17000 0 0 0 25750 31 7
31.459 1 SVINFO 7 13 16 1 0 -91 0
31.461 1 FBW_STATUS 0 48 0 68 0
31.466 1 NAVIGATION 0 2 -194263.5 -4813595. 0. 2.32084345979e+13 0 0
31.469 1 ATTITUDE 0.050925 0.84729 -0.099839
31.472 1 ATTITUDE 0.050918 0.847285 -0.099854
31.721 1 DESIRED 0. 0.01 0. 0. 0. 235. 0. 20.
31.723 1 PPRZ_MODE 0 0 0 0 0 17
31.724 1 CALIBRATION 0. 0
31.728 1 ATTITUDE 0.0509 0.847311 -0.099809
31.734 1 GPS 0 16602147 0 0 -17000 0 0 0 26000 31 8
31.736 1 SVINFO 8 14 16 1 0 -91 0
31.739 1 IMU_ACCEL 0.59375 -9.80957 0.382812
31.741 1 DL_VALUE 6 40.
31.744 1 ENERGY 6.8 0. 0 0.
31.749 1 NAVIGATION 0 2 -194263.5 -4813595. 0. 2.32084345979e+13 0 0
31.752 1 ATTITUDE 0.0509 0.847312 -0.099862
31.762 1 DESIRED 0. 0.01 0. 0. 0. 235. 0. 20.
31.957 1 DOWNLINK_STATUS 0 32 19817 905 16 783. 35. -6327.96
32.004 1 ESTIMATOR -17. 0.
32.008 1 IMU_GYRO -0.049805 0.008301 -0.009521
32.012 1 ALIVE 234,86,112,120,179,137,199,193,157,207,189,207,18,78,21,11
32.015 1 ATTITUDE 0.050909 0.8473 -0.099885
32.018 1 WP_MOVED 5 360422. 4813583.5 260. 31
32.024 1 GPS 0 16602147 0 0 -17000 0 0 0 26250 31 9
32.032 1 ATTITUDE 0.050882 0.847281 -0.099929
32.039 1 DESIRED 0. 0.01 0. 0. 0. 235. 0. 20.
32.042 1 ATTITUDE 0.050844 0.847232 -0.100008
32.045 1 IMU_MAG -2.696289 -2.342773 -3.940918
32.291 1 ATTITUDE 0.050851 0.847261 -0.099996
32.297 1 DESIRED 0. 0.01 0. 0. 0. 235. 0. 20.
32.303 1 GPS 0 16602147 0 0 -17000 0 0 0 26500 31 10
32.305 1 SVINFO 10 16 16 1 0 -91 0
32.309 1 BAT 54 68 0 0 1 26 0 0
32.317 1 ESTIMATOR -17. 0.
32.322 1 NAVIGATION 0 2 -194263.5 -4813595. 0. 2.32084345979e+13 0 0
32.324 1 GPS_SOL 649535424 100000 9999 0
32.328 1 ATTITUDE 0.050839 0.847128 -0.100109
32.577 1 DESIRED 0. 0.01 0. 0. 0. 235. 0. 20.
32.581 1 WP_MOVED 6 360165.8125 4813664.5 260. 31
32.584 1 IMU_GYRO -0.048828 0.007324 -0.009521
32.590 1 GPS 0 16602147 0 0 -17000 0 0 0 26750 31 11
32.592 1 SVINFO 11 19 16 1 0 -91 0
32.597 1 NAVIGATION 0 2 -194263.5 -4813595. 0. 2.32084345979e+13 0 0
32.609 1 DESIRED 0. 0.01 0. 0. 0. 235. 0. 20.
32.611 1 PPRZ_MODE 0 0 0 0 0 17
32.614 1 ATTITUDE 0.050904 0.846984 -0.100174
32.620 1 GPS 0 16602147 0 0 -17000 0 0 0 27000 31 12
32.865 1 SVINFO 12 20 16 1 0 -91 0
32.869 1 NAVIGATION 0 2 -194263.5 -4813595. 0. 2.32084345979e+13 0 0
32.873 1 ATTITUDE 0.050852 0.846953 -0.100196
32.879 1 DESIRED 0. 0.01 0. 0. 0. 235. 0. 20.
32.882 1 ESTIMATOR -17. 0.
32.885 1 ATTITUDE 0.050821 0.846888 -0.100218
32.888 1 WP_MOVED 7 360559.40625 4813804.5 260. 31
32.894 1 GPS 0 16602147 0 0 -17000 0 0 0 27250 31 13
32.896 1 SVINFO 13 21 16 1 0 -91 0
32.901 1 NAVIGATION 0 2 -194263.5 -4813595. 0. 2.32084345979e+13 0 0
32.904 1 ATTITUDE 0.050854 0.846843 -0.100233
32.958 1 DOWNLINK_STATUS 0 33 20723 945 19 906. 40. -6327.96
33.154 1 DESIRED 0. 0.01 0. 0. 0. 235. 0. 20.
33.156 1 IMU_GYRO -0.047852 0.008301 -0.010498
33.158 1 STATE_FILTER_STATUS 3 0
33.161 1 ATTITUDE 0.050846 0.846848 -0.100242
33.164 1 ATTITUDE 0.050802 0.846869 -0.100219
33.171 1 DESIRED 0. 0.01 0. 0. 0. 235. 0. 20.
33.177 1 GPS 0 16602147 0 0 -17000 0 0 0 27500 31 14
33.179 1 SVINFO 14 23 16 1 0 -91 0
33.181 1 DL_VALUE 7 0.
33.185 1 NAVIGATION 0 2 -194263.5 -4813595. 0. 2.32084345979e+13 0 0
33.189 1 ATTITUDE 0.050794 0.846844 -0.100218
33.191 1 ESTIMATOR -17. 0.
33.194 1 IMU_ACCEL 0.612305 -9.837891 0.339844
33.442 1 NAVIGATION 0 2 -194263.5 -4813595. 0. 2.32084345979e+13 0 0
33.446 1 BAT 523 68 0 0 1 27 0 0
33.449 1 ATTITUDE 0.050786 0.846837 -0.100273
33.455 1 DESIRED 0. 0.01 0. 0. 0. 235. 0. 20.
33.459 1 WP_MOVED 8 360462.40625 4813640. 215. 31
33.462 1 IMU_MAG -2.694824 -2.344238 -3.944336
33.468 1 GPS 0 16602147 0 0 -17000 0 0 0 27750 31 15
33.470 1 SVINFO 15 24 16 1 0 -91 0
33.473 1 FBW_STATUS 0 50 0 68 0
33.477 1 NAVIGATION 0 2 -194263.5 -4813595. 0. 2.32084345979e+13 0 0
33.480 1 ATTITUDE 0.05073 0.84678 -0.100235
33.484 1 ATTITUDE 0.05073 0.846752 -0.100248
33.732 1 DESIRED 0. 0.01 0. 0. 0. 235. 0. 20.
33.735 1 IMU_GYRO -0.049805 0.007324 -0.009521
33.737 1 PPRZ_MODE 0 0 0 0 0 17
33.740 1 ATTITUDE 0.050712 0.846774 -0.10021
33.746 1 GPS 0 16602147 0 0 -17000 0 0 0 28000 31 16
33.749 1 SVINFO 0 6 16 1 0 -91 0
33.751 1 CALIBRATION 0. 0
33.755 1 NAVIGATION 0 2 -194263.5 -4813595. 0. 2.32084345979e+13 0 0
33.758 1 ATTITUDE 0.050689 0.846758 -0.100213
33.765 1 DESIRED 0. 0.01 0. 0. 0. 235. 0. 20.
33.767 1 ESTIMATOR -17. 0.
33.958 1 DOWNLINK_STATUS 0 34 21501 981 19 778. 36. -6327.96
34.014 1 ATTITUDE 0.050722 0.846747 -0.100214
34.017 1 WP_MOVED 9 360313.8125 4813652. 185. 31
34.023 1 GPS 0 16602147 0 0 -17000 0 0 0 28250 31 1
34.024 1 SVINFO 1 8 16 1 0 -91 0
34.030 1 NAVIGATION 0 2 -194263.5 -4813595. 0. 2.32084345979e+13 0 0
34.032 1 ATTITUDE 0.050703 0.846717 -0.100232
34.048 1 WP_MOVED 10 360453.8125 4813581. 260. 31
34.051 1 BAT 523 68 0 0 1 28 0 0
34.300 1 GPS 0 16602147 0 0 -17000 0 0 0 28750 31 3
34.303 1 SVINFO 3 10 16 1 0 -91 0
34.307 1 NAVIGATION 0 2 -194263.5 -4813595. 0. 2.32084345979e+13 0 0
34.310 1 ATTITUDE 0.050776 0.846596 -0.100286
34.314 1 ATTITUDE 0.050771 0.846577 -0.100266
34.320 1 DESIRED 0. 0.01 0. 0. 0. 235. 0. 20.
34.322 1 PPRZ_MODE 0 0 0 0 0 17
34.325 1 ATTITUDE 0.050762 0.846545 -0.100295
34.331 1 GPS 0 16602147 0 0 -17000 0 0 0 29000 31 4
34.334 1 SVINFO 4 11 16 1 0 -91 0
34.337 1 IMU_MAG -2.697754 -2.344238 -3.953613
34.339 1 DL_VALUE 8 0.
34.343 1 NAVIGATION 0 2 -194263.5 -4813595. 0. 2.32084345979e+13 0 0
34.442 1 WIND_INFO 1 42 0. 0. 0.
34.588 1 ATTITUDE 0.050776 0.846545 -0.100287
34.595 1 DESIRED 0. 0.01 0. 0. 0. 235. 0. 20.
34.597 1 ESTIMATOR -17. 0.
34.600 1 IMU_GYRO -0.048828 0.008301 -0.010498
34.604 1 ATTITUDE 0.050807 0.846523 -0.1003
34.607 1 WP_MOVED 11 360170.5 4813757.5 260. 31
34.617 1 SVINFO 5 12 16 1 0 -91 0
34.622 1 NAVIGATION 0 2 -194263.5 -4813595. 0. 2.32084345979e+13 0 0
34.625 1 ATTITUDE 0.050838 0.846478 -0.100286
34.631 1 DESIRED 0. 0.01 0. 0. 0. 235. 0. 20.
34.959 1 DOWNLINK_STATUS 0 35 22172 1012 21 671. 31. -6327.96
35.281 1 ATTITUDE 0.050811 0.846513 -0.100327
35.284 1 ATTITUDE 0.050789 0.846468 -0.100362
35.291 1 DESIRED 0. 0.01 0. 0. 0. 235. 0. 20.
35.297 1 GPS 0 16602147 0 0 -17000 0 0 0 29500 31 6
35.299 1 SVINFO 6 13 16 1 0 -91 0
35.301 1 STATE_FILTER_STATUS 3 0
35.305 1 NAVIGATION 0 2 -194263.5 -4813595. 0. 2.32084345979e+13 0 0
35.308 1 ATTITUDE 0.051016 0.846548 -0.100187
35.311 1 ESTIMATOR -17. 0.
35.315 1 NAVIGATION 0 2 -194263.5 -4813595. 0. 2.32084345979e+13 0 0
35.318 1 ATTITUDE 0.051226 0.846803 -0.101083
35.567 1 DESIRED 0. 0.01 0. 0. 0. 235. 0. 20.
35.571 1 WP_MOVED 0 360327. 4813637. 260. 31
35.574 1 IMU_GYRO -0.040283 0.000977 -0.005127
35.580 1 GPS 0 16602147 0 0 -17000 0 0 0 29750 31 7
35.582 1 SVINFO 7 14 16 1 0 -91 0
35.585 1 FBW_STATUS 0 46 0 68 0
35.594 1 BAT 523 68 0 0 1 30 0 0
35.597 1 COMMANDS 523,196,336,0,-266
35.600 1 ATTITUDE 0.05151 0.84708 -0.103147
35.606 1 DESIRED 0. 0.01 0. 0. 0. 235. 0. 20.
35.609 1 PPRZ_MODE 0 0 0 0 0 17
35.960 1 DOWNLINK_STATUS 0 36 22648 1034 22 476. 22. -11328.94
36.177 1 ACTUATORS 1195,1559,1510,1510,1385
36.180 1 ATTITUDE 0.051873 0.847344 -0.104623
36.186 1 GPS 0 16602147 0 0 -17000 0 0 0 30000 31 8
36.188 1 SVINFO 8 15 16 1 0 -91 0
36.191 1 IMU_ACCEL 0.655273 -9.829102 0.344727
36.196 1 NAVIGATION 0 2 -194263.5 -4813595. 0. 2.32084345979e+13 0 0
36.199 1 ATTITUDE 0.05126 0.846709 -0.104616
36.206 1 DESIRED 0. 0.01 0. 0. 0. 235. 0. 20.
36.208 1 ESTIMATOR -17. 0.
36.210 1 CALIBRATION 0. 0
36.213 1 ATTITUDE 0.051274 0.846631 -0.104515
36.217 1 WP_MOVED 1 360285. 4813595. 260. 31
36.787 1 GPS 0 16602147 0 0 -17000 0 0 0 30250 31 9
36.790 1 SVINFO 9 16 16 1 0 -91 0
36.794 1 NAVIGATION 0 2 -194263.5 -4813595. 0. 2.32084345979e+13 0 0
36.798 1 ATTITUDE 0.051567 0.846908 -0.104449
36.804 1 DESIRED 0. 0.01 0. 0. 0. 235. 0. 20.
36.812 1 ATTITUDE 0.051809 0.847065 -0.104388
36.820 1 DESIRED 0. 0.01 0. 0. 0. 235. 0. 20.
36.825 1 GPS 0 16602147 0 0 -17000 0 0 0 30500 31 10
36.827 1 SVINFO 10 19 16 1 0 -91 0
36.961 1 DOWNLINK_STATUS 0 37 23125 1055 23 477. 21. -11328.94
37.428 1 DL_VALUE 9 1.
37.433 1 NAVIGATION 0 2 -194263.5 -4813595. 0. 2.32084345979e+13 0 0
37.436 1 ATTITUDE 0.05195 0.847191 -0.104007
37.438 1 ESTIMATOR -17. 0.
37.443 1 NAVIGATION 0 2 -194263.5 -4813595. 0. 2.32084345979e+13 0 0
37.446 1 GPS_SOL 649540672 100000 9999 0
37.449 1 ATTITUDE 0.051998 0.847167 -0.104201
37.455 1 DESIRED 0. 0.01 0. 0. 0. 235. 0. 20.
37.459 1 WP_MOVED 2 360334.5 4813695. 260. 31
37.465 1 GPS 0 16602147 0 0 -17000 0 0 0 30750 31 11
37.467 1 SVINFO 11 20 16 1 0 -91 0
37.472 1 NAVIGATION 0 2 -194263.5 -4813595. 0. 2.32084345979e+13 0 0
37.962 1 DOWNLINK_STATUS 0 38 23386 1067 23 261. 12. -11328.94
38.074 1 ATTITUDE 0.051794 0.84702 -0.104276
38.077 1 IMU_ACCEL 0.760742 -9.972656 0.339844
38.081 1 ATTITUDE 0.051655 0.846896 -0.104395
38.087 1 DESIRED 0. 0.01 0. 0. 0. 235. 0. 20.
38.090 1 IMU_GYRO -0.048828 0.008301 -0.009521
38.092 1 PPRZ_MODE 0 0 0 0 0 17
38.103 1 GPS 0 16602147 0 0 -17000 0 0 0 31000 31 12
38.105 1 SVINFO 12 21 16 1 0 -91 0
38.109 1 ENERGY 6.8 0. 0 0.
38.113 1 NAVIGATION 0 2 -194263.5 -4813595. 0. 2.32084345979e+13 0 0
38.116 1 ATTITUDE 0.050681 0.846008 -0.104051
38.722 1 DESIRED 0. 0.01 0. 0. 0. 235. 0. 20.
38.724 1 ESTIMATOR -17. 0.
38.728 1 ALIVE 234,86,112,120,179,137,199,193,157,207,189,207,18,78,21,11
38.731 1 ATTITUDE 0.0507 0.845746 -0.103728
38.734 1 WP_MOVED 3 360295.09375 4813785. 260. 31
38.740 1 GPS 0 16602147 0 0 -17000 0 0 0 31250 31 13
38.743 1 SVINFO 13 24 16 1 0 -91 0
38.747 1 NAVIGATION 0 2 -194263.5 -4813595. 0. 2.32084345979e+13 0 0
38.750 1 ATTITUDE 0.050393 0.845374 -0.103467
38.757 1 DESIRED 0. 0.01 0. 0. 0. 235. 0. 20.
38.963 1 DOWNLINK_STATUS 0 39 23861 1088 24 475. 21. -11328.94
39.359 1 ATTITUDE 0.050408 0.845442 -0.103438
39.362 1 ATTITUDE 0.050369 0.845395 -0.10335
39.368 1 DESIRED 0. 0.01 0. 0. 0. 235. 0. 20.
39.374 1 GPS 0 16602147 0 0 -17000 0 0 0 31500 31 14
39.376 1 SVINFO 14 25 16 1 0 -91 0
39.380 1 IMU_GYRO -0.047852 0.008301 -0.006348
39.384 1 NAVIGATION 0 2 -194263.5 -4813595. 0. 2.32084345979e+13 0 0
39.387 1 ATTITUDE 0.050273 0.845223 -0.103203
39.390 1 ESTIMATOR -17. 0.
39.393 1 IMU_ACCEL 0.68457 -9.833008 0.397461
39.397 1 NAVIGATION 0 2 -194263.5 -4813595. 0. 2.32084345979e+13 0 0
39.400 1 IMU_MAG -2.669922 -2.327637 -3.961914
39.646 1 ATTITUDE 0.050333 0.845267 -0.103289
39.652 1 DESIRED 0. 0.01 0. 0. 0. 235. 0. 20.
39.656 1 WP_MOVED 4 360417.3125 4813734. 260. 31
39.657 1 STATE_FILTER_STATUS 3 0
39.663 1 GPS 0 16602147 0 0 -17000 0 0 0 31750 31 15
39.666 1 SVINFO 15 26 16 1 0 -91 0
39.676 1 DESIRED 0. 0.01 0. 0. 0. 235. 0. 20.
39.678 1 PPRZ_MODE 0 0 0 0 0 17
39.680 1 DOWNLINK 10 899 1332
39.684 1 ATTITUDE 0.050306 0.845169 -0.103271
39.933 1 GPS 0 16602147 0 0 -17000 0 0 0 32000 31 16
39.936 1 SVINFO 0 8 16 1 0 -91 0
39.939 1 BAT 523 68 0 0 1 32 0 0
39.941 1 DL_VALUE 10 0.
39.946 1 NAVIGATION 0 2 -194263.5 -4813595. 0. 2.32084345979e+13 0 0
39.949 1 ATTITUDE 0.05029 0.845146 -0.103275
39.956 1 DESIRED 0. 0.01 0. 0. 0. 235. 0. 20.
39.958 1 ESTIMATOR -17. 0.
39.961 1 IMU_GYRO -0.049805 0.006348 -0.009521
39.963 1 DOWNLINK_STATUS 0 40 24524 1119 25 663. 31. -11328.94
39.964 1 ATTITUDE 0.050345 0.845109 -0.103249
39.968 1 WP_MOVED 5 360422. 4813583.5 260. 31
39.970 1 CALIBRATION 0. 0
39.975 1 GPS 0 16602147 0 0 -17000 0 0 0 32250 31 1
40.220 1 SVINFO 1 9 16 1 0 -91 0
40.225 1 NAVIGATION 0 2 -194263.5 -4813595. 0. 2.32084345979e+13 0 0
40.228 1 ATTITUDE 0.050387 0.845189 -0.103209
40.235 1 DESIRED 0. 0.01 0. 0. 0. 235. 0. 20.
40.238 1 ATTITUDE 0.050362 0.845083 -0.10306
40.241 1 IMU_ACCEL 0.631836 -9.862305 0.368164
40.250 1 ATTITUDE 0.050409 0.844961 -0.103158
40.253 1 ATTITUDE 0.050399 0.844906 -0.103099
40.260 1 DESIRED 0. 0.01 0. 0. 0. 235. 0. 20.
40.262 1 PPRZ_MODE 0 0 0 0 0 17
40.508 1 IMU_MAG -2.702637 -2.342773 -3.937988
40.511 1 ATTITUDE 0.050498 0.844979 -0.103221
40.517 1 GPS 0 16602147 0 0 -17000 0 0 0 33000 31 4
40.520 1 SVINFO 4 12 16 1 0 -91 0
40.524 1 NAVIGATION 0 2 -194263.5 -4813595. 0. 2.32084345979e+13 0 0
40.527 1 ATTITUDE 0.050474 0.844868 -0.103412
40.534 1 DESIRED 0. 0.01 0. 0. 0. 235. 0. 20.
40.535 1 ESTIMATOR -17. 0.
40.539 1 BAT 523 68 0 0 1 33 0 0
40.542 1 ATTITUDE 0.050356 0.844637 -0.103218
40.546 1 WP_MOVED 7 360559.40625 4813804.5 260. 31
40.549 1 IMU_ACCEL 0.631836 -9.829102 0.425781
40.964 1 DOWNLINK_STATUS 0 41 25080 1145 26 556. 26. -16329.38
41.476 1 GPS 0 16602147 0 0 -17000 0 0 0 33250 31 5
41.478 1 SVINFO 5 13 16 1 0 -91 0
41.483 1 NAVIGATION 0 2 -194263.5 -4813595. 0. 2.32084345979e+13 0 0
41.485 1 ATTITUDE 0.05035 0.844585 -0.103438
41.493 1 DESIRED 0. 0.01 0. 0. 0. 235. 0. 20.
41.504 1 DESIRED 0. 0.01 0. 0. 0. 235. 0. 20.
41.508 1 WP_MOVED 8 360462.40625 4813640. 215. 31
41.513 1 GPS 0 16602147 0 0 -17000 0 0 0 33750 31 7
41.516 1 SVINFO 7 15 16 1 0 -91 0
41.965 1 DOWNLINK_STATUS 0 42 25314 1154 27 234. 9. -16329.38
42.084 1 FBW_STATUS 0 51 0 68 0
42.089 1 NAVIGATION 0 2 -194263.5 -4813595. 0. 2.32084345979e+13 0 0
42.092 1 ATTITUDE 0.050521 0.844467 -0.103424
42.095 1 ATTITUDE 0.050189 0.844176 -0.103519
42.102 1 DESIRED 0. 0.01 0. 0. 0. 235. 0. 20.
42.105 1 IMU_GYRO -0.027588 -0.012695 -0.010498
42.108 1 ATTITUDE 0.049534 0.843895 -0.102739
42.114 1 DESIRED 0. 0.01 0. 0. 0. 235. 0. 20.
42.116 1 CALIBRATION 0. 0
42.120 1 ATTITUDE 0.049677 0.844017 -0.102832
42.123 1 ATTITUDE 0.049387 0.843777 -0.100975
42.695 1 DESIRED 0. 0.01 0. 0. 0. 235. 0. 20.
42.700 1 GPS 0 16602147 0 0 -17000 0 0 0 34500 31 10
42.703 1 SVINFO 10 20 16 1 0 -91 0
42.706 1 IMU_GYRO -0.044678 0.006348 0.008301
42.710 1 NAVIGATION 0 2 -194263.5 -4813595. 0. 2.32084345979e+13 0 0
42.714 1 ATTITUDE 0.049023 0.843631 -0.099801
42.721 1 ATTITUDE 0.049428 0.843861 -0.099473
42.726 1 GPS 0 16602147 0 0 -17000 0 0 0 35000 31 12
42.729 1 SVINFO 12 23 16 1 0 -91 0
42.731 1 DL_VALUE 1 0.
42.735 1 NAVIGATION 0 2 -194263.5 -4813595. 0. 2.32084345979e+13 0 0
42.966 1 DOWNLINK_STATUS 0 43 25799 1176 28 485. 22. -16329.38
43.304 1 ATTITUDE 0.049432 0.843865 -0.099364
43.311 1 DESIRED 0. 0.01 0. 0. 0. 235. 0. 20.
43.313 1 ESTIMATOR -17. 0.
43.316 1 IMU_GYRO -0.048828 0.009521 -0.010498
43.319 1 ATTITUDE 0.049411 0.84409 -0.099384
43.323 1 WP_MOVED 11 360170.5 4813757.5 260. 31
43.332 1 IMU_ACCEL 0.712891 -9.862305 0.349609
43.338 1 NAVIGATION 0 2 -194263.5 -4813595. 0. 2.32084345979e+13 0 0
43.340 1 ATTITUDE 0.050037 0.845196 -0.099617
43.947 1 DESIRED 0. 0.01 0. 0. 0. 235. 0. 20.
43.950 1 WP_MOVED 0 360327. 4813637. 260. 31
43.953 1 IMU_GYRO -0.045654 0.00415 -0.012695
43.959 1 GPS 0 16602147 0 0 -17000 0 0 0 35750 31 15
43.962 1 SVINFO 15 26 16 1 0 -91 0
43.964 1 FBW_STATUS 0 48 0 68 0
43.966 1 DOWNLINK_STATUS 0 44 26125 1191 29 326. 15. -16329.38
43.976 1 SVINFO 1 9 16 1 0 -91 0
43.981 1 NAVIGATION 0 2 -194263.5 -4813595. 0. 2.32084345979e+13 0 0
43.984 1 ATTITUDE 0.050068 0.844883 -0.09977
43.991 1 DESIRED 0. 0.01 0. 0. 0. 235. 0. 20.
44.237 1 IMU_GYRO -0.049805 0.010498 -0.010498
44.240 1 ATTITUDE 0.050127 0.844994 -0.099914
44.243 1 IMU_ACCEL 0.631836 -9.790039 0.37793
44.247 1 BAT 523 68 0 0 1 36 0 0
44.248 1 CALIBRATION 0. 0
44.252 1 ATTITUDE 0.050212 0.845103 -0.100086
44.266 1 DESIRED 0. 0.01 0. 0. 0. 235. 0. 20.
44.268 1 IMU_GYRO -0.048828 0.008301 -0.009521
44.270 1 PPRZ_MODE 0 0 0 0 0 17
44.273 1 ATTITUDE 0.050151 0.845087 -0.1
44.443 1 WIND_INFO 1 42 0. 0. 0.
44.522 1 GPS 0 16602147 0 0 -17000 0 0 0 37000 31 4
44.525 1 SVINFO 4 12 16 1 0 -91 0
44.527 1 DOWNLINK 11 905 1543
44.531 1 NAVIGATION 0 2 -194263.5 -4813595. 0. 2.32084345979e+13 0 0
44.534 1 ATTITUDE 0.050209 0.845153 -0.099853
44.541 1 DESIRED 0. 0.01 0. 0. 0. 235. 0. 20.
44.550 1 WP_MOVED 3 360295.09375 4813785. 260. 31
44.553 1 IMU_ACCEL 0.617188 -9.837891 0.358398
44.559 1 GPS 0 16602147 0 0 -17000 0 0 0 37250 31 5
44.561 1 SVINFO 5 14 16 1 0 -91 0
44.566 1 NAVIGATION 0 2 -194263.5 -4813595. 0. 2.32084345979e+13 0 0
44.967 1 DOWNLINK_STATUS 0 45 26662 1216 32 537. 25. -16329.38
45.552 1 ATTITUDE 0.050158 0.845062 -0.099436
45.559 1 DESIRED 0. 0.01 0. 0. 0. 235. 0. 20.
45.562 1 ATTITUDE 0.050312 0.845057 -0.099374
45.564 1 NAVIGATION_REF 360285 4813595 31
45.568 1 ATTITUDE 0.050151 0.84481 -0.099361
45.574 1 DESIRED 0. 0.01 0. 0. 0. 235. 0. 20.
45.580 1 GPS 0 16602147 0 0 -17000 0 0 0 37500 31 6
45.583 1 SVINFO 6 15 16 1 0 -91 0
45.586 1 IMU_GYRO -0.049805 0.008301 -0.009521
45.590 1 NAVIGATION 0 2 -194263.5 -4813595. 0. 2.32084345979e+13 0 0
45.593 1 ATTITUDE 0.050216 0.844823 -0.099365
45.968 1 DOWNLINK_STATUS 0 46 26916 1227 32 254. 11. -21330.01
46.207 1 ESTIMATOR -17. 0.
46.211 1 NAVIGATION 0 2 -194263.5 -4813595. 0. 2.32084345979e+13 0 0
46.214 1 ATTITUDE 0.050249 0.844813 -0.099398
46.221 1 DESIRED 0. 0.01 0. 0. 0. 235. 0. 20.
46.225 1 WP_MOVED 4 360417.3125 4813734. 260. 31
46.230 1 GPS 0 16602147 0 0 -17000 0 0 0 37750 31 7
46.233 1 SVINFO 7 16 16 1 0 -91 0
46.235 1 FBW_STATUS 0 51 0 68 0
46.240 1 NAVIGATION 0 2 -194263.5 -4813595. 0. 2.32084345979e+13 0 0
46.243 1 ATTITUDE 0.050243 0.844731 -0.099347
46.246 1 ATTITUDE 0.050234 0.844584 -0.099321
46.496 1 DESIRED 0. 0.01 0. 0. 0. 235. 0. 20.
46.498 1 PPRZ_MODE 0 0 0 0 0 17
46.501 1 ATTITUDE 0.050249 0.844666 -0.09934
46.507 1 GPS 0 16602147 0 0 -17000 0 0 0 38000 31 8
46.509 1 SVINFO 8 19 16 1 0 -91 0
46.512 1 IMU_ACCEL 0.626953 -9.829102 0.416016
46.513 1 DL_VALUE 3 0.
46.519 1 NAVIGATION 0 2 -194263.5 -4813595. 0. 2.32084345979e+13 0 0
46.522 1 ATTITUDE 0.050292 0.844548 -0.099331
46.528 1 DESIRED 0. 0.01 0. 0. 0. 235. 0. 20.
46.530 1 ESTIMATOR -17. 0.
46.534 1 IMU_GYRO -0.048828 0.006348 -0.010498
46.779 1 IMU_MAG -2.696289 -2.338379 -3.949219
46.783 1 ATTITUDE 0.050305 0.844484 -0.099353
46.786 1 WP_MOVED 5 360422. 4813583.5 260. 31
46.791 1 GPS 0 16602147 0 0 -17000 0 0 0 38250 31 9
46.794 1 SVINFO 9 20 16 1 0 -91 0
46.798 1 NAVIGATION 0 2 -194263.5 -4813595. 0. 2.32084345979e+13 0 0
46.810 1 GPS 0 16602147 0 0 -17000 0 0 0 39000 31 12
46.812 1 SVINFO 12 24 16 1 0 -91 0
46.817 1 NAVIGATION 0 2 -194263.5 -4813595. 0. 2.32084345979e+13 0 0
46.820 1 ATTITUDE 0.050059 0.843985 -0.099099
46.969 1 DOWNLINK_STATUS 0 47 27634 1260 33 718. 33. -21330.01
47.069 1 DESIRED 0. 0.01 0. 0. 0. 235. 0. 20.
47.071 1 ESTIMATOR -17. 0.
47.074 1 ATTITUDE 0.050094 0.843992 -0.099101
47.078 1 WP_MOVED 7 360559.40625 4813804.5 260. 31
47.083 1 GPS 0 16602147 0 0 -17000 0 0 0 39250 31 13
47.086 1 SVINFO 13 25 16 1 0 -91 0
47.093 1 ESTIMATOR -17. 0.
47.096 1 IMU_ACCEL 0.564453 -9.895508 0.339844
47.101 1 NAVIGATION 0 2 -194263.5 -4813595. 0. 2.32084345979e+13 0 0
47.104 1 ATTITUDE 0.050207 0.843909 -0.099107
47.354 1 DESIRED 0. 0.01 0. 0. 0. 235. 0. 20.
47.357 1 WP_MOVED 8 360462.40625 4813640. 215. 31
47.361 1 BAT 523 68 0 0 1 39 0 0
47.367 1 GPS 0 16602147 0 0 -17000 0 0 0 39750 31 15
47.369 1 SVINFO 15 27 16 1 0 -91 0
47.372 1 FBW_STATUS 0 51 0 68 0
47.382 1 WP_MOVED 9 360313.8125 4813652. 185. 31
47.388 1 GPS 0 16602147 0 0 -17000 0 0 0 40250 31 1
47.390 1 SVINFO 1 10 16 1 0 -91 0
47.395 1 NAVIGATION 0 2 -194263.5 -4813595. 0. 2.32084345979e+13 0 0
47.398 1 ATTITUDE 0.050321 0.843763 -0.099128
47.647 1 DESIRED 0. 0.01 0. 0. 0. 235. 0. 20.
47.650 1 ATTITUDE 0.050327 0.843757 -0.099115
47.653 1 IMU_ACCEL 0.588867 -9.857422 0.368164
47.656 1 ATTITUDE 0.050357 0.843811 -0.099118
47.672 1 DESIRED 0. 0.01 0. 0. 0. 235. 0. 20.
47.674 1 PPRZ_MODE 0 0 0 0 0 17
47.677 1 ATTITUDE 0.050387 0.843694 -0.099186
47.683 1 GPS 0 16602147 0 0 -17000 0 0 0 41000 31 4
47.929 1 SVINFO 4 14 16 1 0 -91 0
47.930 1 DL_VALUE 5 0.
47.935 1 ENERGY 6.8 0. 0 0.
47.939 1 NAVIGATION 0 2 -194263.5 -4813595. 0. 2.32084345979e+13 0 0
47.941 1 ATTITUDE 0.050409 0.843771 -0.099189
47.949 1 DESIRED 0. 0.01 0. 0. 0. 235. 0. 20.
47.960 1 DESIRED 0. 0.01 0. 0. 0. 235. 0. 20.
47.966 1 GPS 0 16602147 0 0 -17000 0 0 0 41500 31 6
47.968 1 SVINFO 6 16 16 1 0 -91 0
47.969 1 DOWNLINK_STATUS 0 48 28504 1298 37 870. 38. -21330.01
47.972 1 NAVIGATION 0 2 -194263.5 -4813595. 0. 2.32084345979e+13 0 0
48.219 1 ATTITUDE 0.050613 0.843755 -0.099148
48.222 1 ESTIMATOR -17. 0.
48.226 1 NAVIGATION 0 2 -194263.5 -4813595. 0. 2.32084345979e+13 0 0
48.229 1 ATTITUDE 0.050547 0.843807 -0.099127
48.236 1 DESIRED 0. 0.01 0. 0. 0. 235. 0. 20.
48.246 1 SVINFO 7 19 16 1 0 -91 0
48.251 1 NAVIGATION 0 2 -194263.5 -4813595. 0. 2.32084345979e+13 0 0
48.253 1 FBW_STATUS 0 47 0 68 0
48.257 1 ATTITUDE 0.050579 0.843878 -0.099146
48.260 1 ATTITUDE 0.050618 0.843884 -0.099137
48.510 1 DESIRED 0. 0.01 0. 0. 0. 235. 0. 20.
48.511 1 PPRZ_MODE 0 0 0 0 0 17
48.515 1 BAT 523 68 0 0 1 42 0 0
48.518 1 ATTITUDE 0.050603 0.843905 -0.099127
48.524 1 GPS 0 16602147 0 0 -17000 0 0 0 42000 31 8
48.533 1 ATTITUDE 0.050694 0.843917 -0.099163
48.540 1 DESIRED 0. 0.01 0. 0. 0. 235. 0. 20.
48.542 1 ESTIMATOR -17. 0.
48.544 1 DOWNLINK 14 903 1752
48.547 1 ATTITUDE 0.05069 0.843908 -0.09915
48.795 1 WP_MOVED 1 360285. 4813595. 260. 31
48.800 1 GPS 0 16602147 0 0 -17000 0 0 0 42250 31 9
48.803 1 SVINFO 9 21 16 1 0 -91 0
48.807 1 NAVIGATION 0 2 -194263.5 -4813595. 0. 2.32084345979e+13 0 0
48.810 1 ATTITUDE 0.050796 0.843922 -0.099115
48.824 1 DESIRED 0. 0.01 0. 0. 0. 235. 0. 20.
48.825 1 ESTIMATOR -17. 0.
48.829 1 ATTITUDE 0.050872 0.843914 -0.09915
48.833 1 WP_MOVED 3 360295.09375 4813785. 260. 31
48.970 1 DOWNLINK_STATUS 0 49 29157 1328 40 653. 30. -21330.01
49.081 1 GPS 0 16602147 0 0 -17000 0 0 0 43250 31 13
49.083 1 SVINFO 13 27 16 1 0 -91 0
49.088 1 NAVIGATION 0 2 -194263.5 -4813595. 0. 2.32084345979e+13 0 0
49.091 1 ATTITUDE 0.050839 0.843933 -0.099184
49.098 1 DESIRED 0. 0.01 0. 0. 0. 235. 0. 20.
49.101 1 IMU_MAG -2.696289 -2.347656 -3.966797
49.376 1 PPRZ_MODE 0 0 0 0 0 17
49.380 1 ATTITUDE 0.050803 0.844028 -0.099259
49.385 1 GPS 0 16602147 0 0 -17000 0 0 0 44000 31 16
49.388 1 SVINFO 0 8 16 1 0 -91 0
49.390 1 DL_VALUE 7 0.
49.394 1 NAVIGATION 0 2 -194263.5 -4813595. 0. 2.32084345979e+13 0 0
49.397 1 ATTITUDE 0.050817 0.844006 -0.099224
49.404 1 DESIRED 0. 0.01 0. 0. 0. 235. 0. 20.
49.406 1 ESTIMATOR -17. 0.
49.410 1 IMU_GYRO -0.048828 0.008301 -0.010498
49.657 1 BAT 523 68 0 0 1 44 0 0
49.660 1 ATTITUDE 0.050793 0.844025 -0.099247
49.664 1 WP_MOVED 5 360422. 4813583.5 260. 31
49.669 1 GPS 0 16602147 0 0 -17000 0 0 0 44250 31 1
49.672 1 SVINFO 1 12 16 1 0 -91 0
49.676 1 NAVIGATION 0 2 -194263.5 -4813595. 0. 2.32084345979e+13 0 0
49.679 1 ATTITUDE 0.050857 0.844114 -0.099271
49.686 1 DESIRED 0. 0.01 0. 0. 0. 235. 0. 20.
49.689 1 ATTITUDE 0.050839 0.844107 -0.099289
49.692 1 IMU_ACCEL 0.631836 -9.794922 0.450195
49.695 1 ATTITUDE 0.050889 0.844143 -0.09932
49.945 1 DESIRED 0. 0.01 0. 0. 0. 235. 0. 20.
49.951 1 GPS 0 16602147 0 0 -17000 0 0 0 44500 31 2
49.953 1 SVINFO 2 13 16 1 0 -91 0
49.958 1 NAVIGATION 0 2 -194263.5 -4813595. 0. 2.32084345979e+13 0 0
49.961 1 ATTITUDE 0.050885 0.844148 -0.099279
49.963 1 ESTIMATOR -17. 0.
49.968 1 NAVIGATION 0 2 -194263.5 -4813595. 0. 2.32084345979e+13 0 0
49.970 1 DOWNLINK_STATUS 0 50 29917 1362 41 760. 34. -21330.01
49.971 1 IMU_MAG -2.699219 -2.341309 -3.957031
49.974 1 GPS_SOL 649565056 100000 9999 0
49.977 1 ATTITUDE 0.050888 0.844158 -0.099295
49.983 1 DESIRED 0. 0.01 0. 0. 0. 235. 0. 20.
50.231 1 WP_MOVED 6 360165.8125 4813664.5 260. 31
50.233 1 IMU_GYRO -0.049805 0.008301 -0.009521
50.240 1 GPS 0 16602147 0 0 -17000 0 0 0 44750 31 3
50.241 1 SVINFO 3 14 16 2 24 -91 0
50.247 1 NAVIGATION 0 2 -194263.5 -4813595. 0. 2.32084345979e+13 0 0
50.249 1 ATTITUDE 0.05086 0.844232 -0.09935
50.251 1 CALIBRATION 0. 0
50.254 1 COMMANDS 523,196,210,0,-266
50.257 1 ATTITUDE 0.050869 0.844239 -0.099352
50.264 1 DESIRED 0. 0.01 0. 0. 0. 235. 0. 20.
50.266 1 PPRZ_MODE 0 0 0 0 0 17
50.267 1 STATE_FILTER_STATUS 3 0
50.270 1 ACTUATORS 1195,1559,1510,1510,1385
50.273 1 ATTITUDE 0.050915 0.84422 -0.099279
50.522 1 GPS 0 16602147 0 0 -17000 0 0 0 45000 31 4
50.525 1 SVINFO 4 15 16 1 0 -91 0
50.529 1 NAVIGATION 0 2 -194263.5 -4813595. 0. 2.32084345979e+13 0 0
50.532 1 ATTITUDE 0.050983 0.844237 -0.099261
50.539 1 DESIRED 0. 0.01 0. 0. 0. 235. 0. 20.
50.546 1 WP_MOVED 7 360559.40625 4813804.5 260. 31
50.549 1 IMU_ACCEL 0.603516 -9.829102 0.344727
50.553 1 BAT 523 68 0 0 1 45 0 0
50.559 1 GPS 0 16602147 0 0 -17000 0 0 0 45250 31 5
50.561 1 SVINFO 5 16 16 1 0 -91 0
50.971 1 DOWNLINK_STATUS 0 51 30512 1390 42 595. 28. -26330.8
51.487 1 NAVIGATION 0 2 -194263.5 -4813595. 0. 2.32084345979e+13 0 0
51.490 1 ATTITUDE 0.051077 0.844239 -0.099285
51.496 1 DESIRED 0. 0.01 0. 0. 0. 235. 0. 20.
51.500 1 IMU_GYRO -0.047852 0.007324 -0.009521
51.503 1 ATTITUDE 0.051087 0.844245 -0.099279
51.506 1 ATTITUDE 0.051033 0.844201 -0.099287
51.512 1 DESIRED 0. 0.01 0. 0. 0. 235. 0. 20.
51.518 1 GPS 0 16602147 0 0 -17000 0 0 0 45500 31 6
51.521 1 SVINFO 6 19 16 1 0 -91 0
51.522 1 DL_VALUE 8 0.
51.527 1 NAVIGATION 0 2 -194263.5 -4813595. 0. 2.32084345979e+13 0 0
51.972 1 DOWNLINK_STATUS 0 52 30770 1401 42 258. 11. -26330.8
52.096 1 ATTITUDE 0.051032 0.844262 -0.099257
52.098 1 ESTIMATOR -17. 0.
52.103 1 NAVIGATION 0 2 -194263.5 -4813595. 0. 2.32084345979e+13 0 0
52.105 1 ATTITUDE 0.051103 0.844292 -0.099288
52.112 1 DESIRED 0. 0.01 0. 0. 0. 235. 0. 20.
52.123 1 SVINFO 7 20 16 1 0 -91 0
52.125 1 FBW_STATUS 0 56 0 68 0
52.131 1 NAVIGATION 0 2 -194263.5 -4813595. 0. 2.32084345979e+13 0 0
52.133 1 ATTITUDE 0.051142 0.844276 -0.099261
52.136 1 ATTITUDE 0.051196 0.844293 -0.099256
52.973 1 DOWNLINK_STATUS 0 53 30975 1411 43 205. 10. -26330.8
53.131 1 DESIRED 0. 0.01 0. 0. 0. 235. 0. 20.
53.134 1 IMU_GYRO -0.049805 0.008301 -0.009521
53.136 1 PPRZ_MODE 0 0 0 0 0 17
53.140 1 IMU_MAG -2.696289 -2.344238 -3.936523
53.143 1 ATTITUDE 0.051201 0.844324 -0.099236
53.152 1 IMU_ACCEL 0.617188 -9.842773 0.382812
53.155 1 ENERGY 6.8 0. 0 0.
53.160 1 NAVIGATION 0 2 -194263.5 -4813595. 0. 2.32084345979e+13 0 0
53.163 1 ATTITUDE 0.051222 0.844329 -0.099172
53.169 1 DESIRED 0. 0.01 0. 0. 0. 235. 0. 20.
53.415 1 ESTIMATOR -17. 0.
53.419 1 ALIVE 234,86,112,120,179,137,199,193,157,207,189,207,18,78,21,11
53.422 1 ATTITUDE 0.051223 0.844393 -0.099189
53.426 1 WP_MOVED 9 360313.8125 4813652. 185. 31
53.431 1 GPS 0 16602147 0 0 -17000 0 0 0 46250 31 9
53.434 1 SVINFO 9 24 16 1 0 -91 0
53.445 1 DESIRED 0. 0.01 0. 0. 0. 235. 0. 20.
53.448 1 BAT 523 68 0 0 1 46 0 0
53.451 1 ATTITUDE 0.051291 0.844469 -0.099178
53.453 1 NAVIGATION_REF 360285 4813595 31
53.457 1 ATTITUDE 0.051307 0.844514 -0.099197
53.706 1 DESIRED 0. 0.01 0. 0. 0. 235. 0. 20.
53.712 1 GPS 0 16602147 0 0 -17000 0 0 0 46500 31 10
53.714 1 SVINFO 10 25 16 1 0 -91 0
53.717 1 IMU_GYRO -0.048828 0.008301 -0.010498
53.727 1 ESTIMATOR -17. 0.
53.732 1 NAVIGATION 0 2 -194263.5 -4813595. 0. 2.32084345979e+13 0 0
53.735 1 GPS_SOL 649569280 100000 9999 0
53.738 1 ATTITUDE 0.051287 0.844549 -0.099266
53.974 1 DOWNLINK_STATUS 0 54 31609 1440 46 634. 29. -26330.8
53.988 1 DESIRED 0. 0.01 0. 0. 0. 235. 0. 20.
53.991 1 WP_MOVED 10 360453.8125 4813581. 260. 31
53.996 1 GPS 0 16602147 0 0 -17000 0 0 0 46750 31 11
53.999 1 SVINFO 11 26 16 1 0 -91 0
54.003 1 NAVIGATION 0 2 -194263.5 -4813595. 0. 2.32084345979e+13 0 0
54.006 1 ATTITUDE 0.051266 0.844563 -0.09923
54.019 1 DESIRED 0. 0.01 0. 0. 0. 235. 0. 20.
54.021 1 PPRZ_MODE 0 0 0 0 0 17
54.022 1 CALIBRATION 0. 0
54.026 1 ATTITUDE 0.051358 0.844467 -0.099237
54.274 1 GPS 0 16602147 0 0 -17000 0 0 0 47000 31 12
54.277 1 SVINFO 12 27 16 1 0 -91 0
54.279 1 DL_VALUE 9 1.
54.283 1 NAVIGATION 0 2 -194263.5 -4813595. 0. 2.32084345979e+13 0 0
54.286 1 ATTITUDE 0.05134 0.844452 -0.099238
54.293 1 DESIRED 0. 0.01 0. 0. 0. 235. 0. 20.
54.295 1 ESTIMATOR -17. 0.
54.303 1 WP_MOVED 11 360170.5 4813757.5 260. 31
54.306 1 IMU_MAG -2.694824 -2.349121 -3.953613
54.308 1 DOWNLINK 15 901 1964
54.314 1 GPS 0 16602147 0 0 -17000 0 0 0 47250 31 13
54.316 1 SVINFO 13 28 16 1 0 -91 0
54.443 1 WIND_INFO 1 42 0. 0. 0.
54.563 1 NAVIGATION 0 2 -194263.5 -4813595. 0. 2.32084345979e+13 0 0
54.566 1 ATTITUDE 0.051316 0.844349 -0.099216
54.573 1 DESIRED 0. 0.01 0. 0. 0. 235. 0. 20.
54.576 1 ATTITUDE 0.051402 0.844451 -0.09919
54.580 1 BAT 523 68 0 0 1 47 0 0
54.583 1 ATTITUDE 0.051298 0.844407 -0.099146
54.589 1 DESIRED 0. 0.01 0. 0. 0. 235. 0. 20.
54.595 1 GPS 0 16602147 0 0 -17000 0 0 0 47500 31 14
54.598 1 SVINFO 14 29 16 1 0 -91 0
54.602 1 NAVIGATION 0 2 -194263.5 -4813595. 0. 2.32084345979e+13 0 0
54.605 1 ATTITUDE 0.051284 0.844448 -0.099126
54.975 1 DOWNLINK_STATUS 0 55 32355 1473 48 746. 33. -26330.8
55.977 1 DOWNLINK_STATUS 0 56 32355 1473 48 0. 0. -31332.08
56.978 1 DOWNLINK_STATUS 0 57 32355 1473 48 0. 0. -31332.08
57.980 1 DOWNLINK_STATUS 0 58 32355 1473 48 0. 0. -31332.08
58.981 1 DOWNLINK_STATUS 0 59 32355 1473 48 0. 0. -31332.08
59.981 1 DOWNLINK_STATUS 0 60 32355 1473 48 0. 0. -31332.08
60.982 1 DOWNLINK_STATUS 0 61 32355 1473 48 0. 0. -36332.99
61.984 1 DOWNLINK_STATUS 0 62 32355 1473 48 0. 0. -36332.99
62.985 1 DOWNLINK_STATUS 0 63 32355 1473 48 0. 0. -36332.99
63.986 1 DOWNLINK_STATUS 0 64 32355 1473 48 0. 0. -36332.99
64.443 1 WIND_INFO 1 42 0. 0. 0.
64.987 1 DOWNLINK_STATUS 0 65 32355 1473 48 0. 0. -36332.99
65.988 1 DOWNLINK_STATUS 0 66 32355 1473 48 0. 0. -41333.61
66.988 1 DOWNLINK_STATUS 0 67 32355 1473 48 0. 0. -41333.61
67.990 1 DOWNLINK_STATUS 0 68 32355 1473 48 0. 0. -41333.61
68.990 1 DOWNLINK_STATUS 0 69 32355 1473 48 0. 0. -41333.61
69.992 1 DOWNLINK_STATUS 0 70 32355 1473 48 0. 0. -41333.61
70.993 1 DOWNLINK_STATUS 0 71 32355 1473 48 0. 0. -46334.29
71.994 1 DOWNLINK_STATUS 0 72 32355 1473 48 0. 0. -46334.29
72.994 1 DOWNLINK_STATUS 0 73 32355 1473 48 0. 0. -46334.29
73.994 1 DOWNLINK_STATUS 0 74 32355 1473 48 0. 0. -46334.29
74.443 1 WIND_INFO 1 42 0. 0. 0.
74.996 1 DOWNLINK_STATUS 0 75 32355 1473 48 0. 0. -46334.29
75.997 1 DOWNLINK_STATUS 0 76 32355 1473 48 0. 0. -51335.65
76.999 1 DOWNLINK_STATUS 0 77 32355 1473 48 0. 0. -51335.65
78.000 1 DOWNLINK_STATUS 0 78 32355 1473 48 0. 0. -51335.65
79.001 1 DOWNLINK_STATUS 0 79 32355 1473 48 0. 0. -51335.65
80.003 1 DOWNLINK_STATUS 0 80 32355 1473 48 0. 0. -51335.65
81.004 1 DOWNLINK_STATUS 0 81 32355 1473 48 0. 0. -56336.1
82.004 1 DOWNLINK_STATUS 0 82 32355 1473 48 0. 0. -56336.1
83.006 1 DOWNLINK_STATUS 0 83 32355 1473 48 0. 0. -56336.1
84.007 1 DOWNLINK_STATUS 0 84 32355 1473 48 0. 0. -56336.1
84.443 1 WIND_INFO 1 42 0. 0. 0.
85.008 1 DOWNLINK_STATUS 0 85 32355 1473 48 0. 0. -56336.1
86.009 1 DOWNLINK_STATUS 0 86 32355 1473 48 0. 0. -61336.79
87.011 1 DOWNLINK_STATUS 0 87 32355 1473 48 0. 0. -61336.79
88.012 1 DOWNLINK_STATUS 0 88 32355 1473 48 0. 0. -61336.79
89.013 1 DOWNLINK_STATUS 0 89 32355 1473 48 0. 0. -61336.79
90.014 1 DOWNLINK_STATUS 0 90 32355 1473 48 0. 0. -61336.79
91.015 1 DOWNLINK_STATUS 0 91 32355 1473 48 0. 0. -66337.27
92.016 1 DOWNLINK_STATUS 0 92 32355 1473 48 0. 0. -66337.27
93.016 1 DOWNLINK_STATUS 0 93 32355 1473 48 0. 0. -66337.27
94.017 1 DOWNLINK_STATUS 0 94 32355 1473 48 0. 0. -66337.27
94.443 1 WIND_INFO 1 42 0. 0. 0.
95.018 1 DOWNLINK_STATUS 0 95 32355 1473 48 0. 0. -66337.27
96.020 1 DOWNLINK_STATUS 0 96 32355 1473 48 0. 0. -71337.84
97.020 1 DOWNLINK_STATUS 0 97 32355 1473 48 0. 0. -71337.84
98.021 1 DOWNLINK_STATUS 0 98 32355 1473 48 0. 0. -71337.84
99.023 1 DOWNLINK_STATUS 0 99 32355 1473 48 0. 0. -71337.84
99.293 1 NAVIGATION 0 1 0. 0. 0. 0. 0 0
99.296 1 ATTITUDE 0. 0. 0.
99.302 1 DESIRED 0. 0. 0. 0. 0. 235. 0. 20.
99.454 1 ESTIMATOR 0. 0.
99.458 1 BAT 320 68 0 0 1 0 0 0
99.461 1 ATTITUDE 0. 0. 0.
99.464 1 WP_MOVED 1 360285. 4813595. 260. 31
99.470 1 GPS 0 0 0 0 0 0 0 0 0 0 1
99.663 1 NAVIGATION 0 2 0. 0. 0. 0. 0 0
99.666 1 ATTITUDE 0. 0. 0.
99.673 1 DESIRED 0. 0. 0. 0. 0. 235. 0. 20.
99.675 1 IMU_GYRO -0.046631 0.005127 -0.009521
99.679 1 ATTITUDE 0. 0. 0.
99.681 1 IMU_ACCEL 0.626953 -9.824219 0.50293
99.684 1 IMU_MAG -2.696289 -2.339844 -3.901367
99.904 1 ATTITUDE 0. 0. 0.
99.911 1 DESIRED 0. 0. 0. 0. 0. 235. 0. 20.
99.916 1 GPS 0 0 0 0 0 0 0 0 0 0 1
99.918 1 DL_VALUE 0 0.
99.923 1 NAVIGATION 0 2 0. 0. 0. 0. 0 0
99.926 1 ATTITUDE 0. 0. 0.
99.928 1 ESTIMATOR 0. 0.
99.933 1 NAVIGATION 0 2 0. 0. 0. 0. 0 0
99.936 1 GPS_SOL 0 0 0 0
100.023 1 DOWNLINK_STATUS 0 100 32898 1497 49 543. 24. -71337.84
100.117 1 ATTITUDE 0. 0. 0.
100.124 1 DESIRED 0. 0. 0. 0. 0. 235. 0. 20.
100.128 1 WP_MOVED 2 360334.5 4813695. 260. 31
100.129 1 CALIBRATION 0. 0
100.135 1 GPS 0 0 0 0 0 0 0 0 0 0 1
100.140 1 NAVIGATION 0 2 0. 0. 0. 0. 0 0
100.142 1 ATTITUDE 0. 0. 0.
100.356 1 ATTITUDE 0. 0. 0.
100.359 1 DESIRED 0. 0. 0. 0. 0. 235. 0. 20.
100.362 1 IMU_GYRO -0.048828 0.006348 -0.009521
100.365 1 PPRZ_MODE 0 0 0 0 0 17
100.366 1 STATE_FILTER_STATUS 2 0
100.369 1 ATTITUDE 0. 0. 0.
100.375 1 GPS 0 0 0 0 0 0 0 0 0 0 1
100.378 1 ENERGY 6.8 0. 0 0.
100.383 1 NAVIGATION 0 2 0. 0. 0. 0. 0 0
100.640 1 ATTITUDE 0. 0. 0.
100.648 1 DESIRED 0. 0. 0. 0. 0. 235. 0. 20.
100.649 1 ESTIMATOR 0. 0.
100.653 1 ALIVE 234,86,112,120,179,137,199,193,157,207,189,207,18,78,21,11
100.657 1 ATTITUDE 0. 0. 0.
100.660 1 WP_MOVED 3 360295.09375 4813785. 260. 31
100.663 1 IMU_ACCEL 0.588867 -9.824219 0.478516
100.667 1 BAT 523 68 0 0 1 1 0 0
100.673 1 GPS 0 0 0 0 0 0 0 0 0 0 1
100.677 1 NAVIGATION 0 2 0. 0. 0. 0. 0 0
100.680 1 ATTITUDE 0. 0. 0.
101.004 1 DESIRED 0. 0. 0. 0. 0. 235. 0. 20.
101.006 1 DOWNLINK 0 268 63
101.024 1 DOWNLINK_STATUS 0 101 33550 1526 49 652. 29. -76338.31
101.264 1 ATTITUDE 0. 0. 0.
101.266 1 NAVIGATION_REF 360285 4813595 31
101.270 1 ATTITUDE 0. 0. 0.
101.276 1 DESIRED 0. 0. 0. 0. 0. 235. 0. 20.
101.282 1 GPS 0 0 0 0 0 0 0 0 0 0 1
101.285 1 IMU_GYRO -0.047852 0.008301 -0.008301
101.290 1 NAVIGATION 0 2 0. 0. 0. 0. 0 0
101.293 1 ATTITUDE 0. 0. 0.
101.295 1 ESTIMATOR 0. 0.
101.300 1 NAVIGATION 0 2 0. 0. 0. 0. 0 0
101.422 1 ATTITUDE 0. 0. 0.
101.428 1 DESIRED 0. 0. 0. 0. 0. 235. 0. 20.
101.432 1 WP_MOVED 4 360417.3125 4813734. 260. 31
101.435 1 IMU_MAG -2.697754 -2.339844 -3.899414
101.534 1 GPS 0 0 0 0 0 0 0 0 0 0 1
101.660 1 FBW_STATUS 0 48 0 68 0
101.664 1 NAVIGATION 0 2 0. 0. 0. 0. 0 0
101.668 1 ATTITUDE 0. 0. 0.
101.801 1 PONG 
101.804 1 ATTITUDE 0. 0. 0.
101.810 1 DESIRED 0. 0. 0. 0. 0. 235. 0. 20.
101.812 1 PPRZ_MODE 0 0 0 0 0 17
102.024 1 DOWNLINK_STATUS 0 102 34034 1548 49 484. 22. 1345.62
102.070 1 ATTITUDE 0. 0. 0.
102.076 1 GPS 0 0 0 0 0 0 0 0 0 0 1
102.079 1 IMU_ACCEL 0.603516 -9.842773 0.450195
102.081 1 DL_VALUE 1 0.
102.086 1 NAVIGATION 0 2 0. 0. 0. 0. 0 0
102.089 1 ATTITUDE 0. 0. 0.
102.096 1 DESIRED 0. 0. 0. 0. 0. 235. 0. 20.
102.098 1 ESTIMATOR 0. 0.
102.101 1 IMU_GYRO -0.048828 0.007324 -0.009521
102.104 1 ATTITUDE 0. 0. 0.
102.108 1 WP_MOVED 5 360422. 4813583.5 260. 31
102.264 1 GPS 0 0 0 0 0 0 0 0 0 0 1
102.269 1 NAVIGATION 0 2 0. 0. 0. 0. 0 0
102.272 1 ATTITUDE 0. 0. 0.
102.279 1 DESIRED 0. 0. 0. 0. 0. 235. 0. 20.
102.282 1 BAT 523 68 0 0 1 2 0 0
102.362 1 ATTITUDE 0. 0. 0.
102.592 1 ATTITUDE 0. 0. 0.
102.599 1 DESIRED 0. 0. 0. 0. 0. 235. 0. 20.
102.605 1 GPS 0 0 0 0 0 0 0 0 0 0 1
102.609 1 NAVIGATION 0 2 0. 0. 0. 0. 0 0
102.612 1 ATTITUDE 0. 0. 0.
102.615 1 ESTIMATOR 0. 0.
102.619 1 NAVIGATION 0 2 0. 0. 0. 0. 0 0
102.622 1 GPS_SOL 0 0 0 0
102.777 1 ATTITUDE 0. 0. 0.
102.784 1 DESIRED 0. 0. 0. 0. 0. 235. 0. 20.
102.787 1 WP_MOVED 6 360165.8125 4813664.5 260. 31
102.790 1 IMU_GYRO -0.049805 0.008301 -0.009521
102.796 1 GPS 0 0 0 0 0 0 0 0 0 0 1
103.025 1 DOWNLINK_STATUS 0 103 34737 1578 49 703. 30. 1345.62
103.050 1 NAVIGATION 0 2 0. 0. 0. 0. 0 0
103.053 1 ATTITUDE 0. 0. 0.
103.056 1 IMU_ACCEL 0.583984 -9.857422 0.445312
103.058 1 CALIBRATION 0. 0
103.061 1 ATTITUDE 0. 0. 0.
103.068 1 DESIRED 0. 0. 0. 0. 0. 235. 0. 20.
103.070 1 PPRZ_MODE 0 0 0 0 0 17
103.073 1 ATTITUDE 0. 0. 0.
103.079 1 GPS 0 0 0 0 0 0 0 0 0 0 1
103.082 1 IMU_MAG -2.697754 -2.344238 -3.904297
103.086 1 NAVIGATION 0 2 0. 0. 0. 0. 0 0
103.225 1 ATTITUDE 0. 0. 0.
103.232 1 DESIRED 0. 0. 0. 0. 0. 235. 0. 20.
103.234 1 ESTIMATOR 0. 0.
103.236 1 STATE_FILTER_STATUS 2 0
103.239 1 ATTITUDE 0. 0. 0.
103.242 1 WP_MOVED 7 360559.40625 4813804.5 260. 31
103.416 1 GPS 0 0 0 0 0 0 0 0 0 0 1
103.420 1 NAVIGATION 0 2 0. 0. 0. 0. 0 0
103.423 1 ATTITUDE 0. 0. 0.
103.431 1 DESIRED 0. 0. 0. 0. 0. 235. 0. 20.
103.433 1 IMU_GYRO -0.048828 0.007324 -0.009521
103.644 1 ATTITUDE 0. 0. 0.
103.647 1 BAT 523 68 0 0 1 3 0 0
103.651 1 ATTITUDE 0. 0. 0.
103.657 1 DESIRED 0. 0. 0. 0. 0. 235. 0. 20.
103.663 1 GPS 0 0 0 0 0 0 0 0 0 0 1
103.665 1 DL_VALUE 2 235.
103.668 1 ENERGY 6.8 0. 0 0.
103.673 1 NAVIGATION 0 2 0. 0. 0. 0. 0 0
103.848 1 ATTITUDE 0. 0. 0.
103.850 1 ESTIMATOR 0. 0.
103.853 1 IMU_ACCEL 0.612305 -9.842773 0.458984
103.860 1 NAVIGATION 0 2 0. 0. 0. 0. 0 0
103.862 1 ATTITUDE 0. 0. 0.
103.869 1 DESIRED 0. 0. 0. 0. 0. 235. 0. 20.
103.871 1 WP_MOVED 8 360462.40625 4813640. 215. 31
104.026 1 DOWNLINK_STATUS 0 104 35560 1615 49 823. 37. 1345.62
104.117 1 GPS 0 0 0 0 0 0 0 0 0 0 1
104.119 1 FBW_STATUS 0 47 0 68 0
104.124 1 NAVIGATION 0 2 0. 0. 0. 0. 0 0
104.127 1 ATTITUDE 0. 0. 0.
104.130 1 ATTITUDE 0. 0. 0.
104.137 1 DESIRED 0. 0. 0. 0. 0. 235. 0. 20.
104.140 1 IMU_GYRO -0.048828 0.008301 -0.008301
104.142 1 PPRZ_MODE 0 0 0 0 0 17
104.145 1 ATTITUDE 0. 0. 0.
104.151 1 GPS 0 0 0 0 0 0 0 0 0 0 1
104.275 1 NAVIGATION 0 2 0. 0. 0. 0. 0 0
104.277 1 ATTITUDE 0. 0. 0.
104.285 1 DESIRED 0. 0. 0. 0. 0. 235. 0. 20.
104.286 1 ESTIMATOR 0. 0.
104.443 1 WIND_INFO 1 42 0. 0. 0.
104.492 1 ATTITUDE 0. 0. 0.
104.496 1 WP_MOVED 9 360313.8125 4813652. 185. 31
104.502 1 GPS 0 0 0 0 0 0 0 0 0 0 1
104.506 1 NAVIGATION 0 2 0. 0. 0. 0. 0 0
104.509 1 ATTITUDE 0. 0. 0.
104.516 1 DESIRED 0. 0. 0. 0. 0. 235. 0. 20.
104.519 1 IMU_MAG -2.696289 -2.342773 -3.897949
105.026 1 DOWNLINK_STATUS 0 105 36056 1636 49 496. 21. 1345.62
105.217 1 ATTITUDE 0. 0. 0.
105.220 1 IMU_ACCEL 0.588867 -9.833008 0.483398
105.223 1 ATTITUDE 0. 0. 0.
105.231 1 DESIRED 0. 0. 0. 0. 0. 235. 0. 20.
105.236 1 GPS 0 0 0 0 0 0 0 0 0 0 1
105.239 1 IMU_GYRO -0.049805 0.008301 -0.008301
105.243 1 BAT 523 68 0 0 1 4 0 0
105.247 1 NAVIGATION 0 2 0. 0. 0. 0. 0 0
105.250 1 ATTITUDE 0. 0. 0.
105.253 1 ESTIMATOR 0. 0.
105.257 1 NAVIGATION 0 2 0. 0. 0. 0. 0 0
105.306 1 GPS_SOL 0 0 0 0
105.513 1 ATTITUDE 0. 0. 0.
105.519 1 DESIRED 0. 0. 0. 0. 0. 235. 0. 20.
105.523 1 WP_MOVED 10 360453.8125 4813581. 260. 31
105.528 1 GPS 0 0 0 0 0 0 0 0 0 0 1
105.533 1 NAVIGATION 0 2 0. 0. 0. 0. 0 0
105.536 1 ATTITUDE 0. 0. 0.
106.028 1 DOWNLINK_STATUS 0 106 36474 1654 49 418. 18. -3654.74
106.091 1 COMMANDS 523,196,210,0,-266
106.094 1 ATTITUDE 0. 0. 0.
106.101 1 DESIRED 0. 0. 0. 0. 0. 235. 0. 20.
106.103 1 PPRZ_MODE 0 0 0 0 0 17
106.105 1 CALIBRATION 0. 0
106.108 1 ACTUATORS 1195,1559,1511,1511,1385
106.110 1 ATTITUDE 0. 0. 0.
106.116 1 GPS 0 0 0 0 0 0 0 0 0 0 1
106.117 1 DL_VALUE 3 0.
106.123 1 NAVIGATION 0 2 0. 0. 0. 0. 0 0
106.288 1 ATTITUDE 0. 0. 0.
106.295 1 DESIRED 0. 0. 0. 0. 0. 235. 0. 20.
106.297 1 ESTIMATOR 0. 0.
106.300 1 IMU_GYRO -0.048828 0.008301 -0.009521
106.303 1 ATTITUDE 0. 0. 0.
106.307 1 WP_MOVED 11 360170.5 4813757.5 260. 31
106.310 1 IMU_ACCEL 0.579102 -9.837891 0.458984
106.488 1 GPS 0 0 0 0 0 0 0 0 0 0 1
106.492 1 NAVIGATION 0 2 0. 0. 0. 0. 0 0
106.495 1 ATTITUDE 0. 0. 0.
106.502 1 DESIRED 0. 0. 0. 0. 0. 235. 0. 20.
106.503 1 STATE_FILTER_STATUS 2 0
106.507 1 ATTITUDE 0. 0. 0.
106.773 1 ATTITUDE 0. 0. 0.
106.779 1 DESIRED 0. 0. 0. 0. 0. 235. 0. 20.
106.785 1 GPS 0 0 0 0 0 0 0 0 0 0 1
106.789 1 NAVIGATION 0 2 0. 0. 0. 0. 0 0
106.793 1 ATTITUDE 0. 0. 0.
106.795 1 ESTIMATOR 0. 0.
106.800 1 NAVIGATION 0 2 0. 0. 0. 0. 0 0
106.803 1 BAT 523 68 0 0 1 5 0 0
106.806 1 IMU_MAG -2.699219 -2.341309 -3.902832
106.809 1 ATTITUDE 0. 0. 0.
106.902 1 DESIRED 0. 0. 0. 0. 0. 235. 0. 20.
106.906 1 WP_MOVED 0 360327. 4813637. 260. 31
106.909 1 IMU_GYRO -0.048828 0.008301 -0.009521
107.005 1 GPS 0 0 0 0 0 0 0 0 0 0 1
107.028 1 DOWNLINK_STATUS 0 107 37300 1691 49 826. 37. -3654.74
107.290 1 FBW_STATUS 0 48 0 68 0
107.295 1 NAVIGATION 0 2 0. 0. 0. 0. 0 0
107.298 1 ATTITUDE 0. 0. 0.
107.301 1 ATTITUDE 0.040986 0.844461 -0.094747
107.308 1 DESIRED 0. 0.01 0. 0. 0. 235. 0. 20.
107.310 1 PPRZ_MODE 0 0 0 0 0 17
107.313 1 ATTITUDE 0.040984 0.844475 -0.094754
107.319 1 GPS 0 0 0 0 0 0 0 0 0 0 1
107.322 1 IMU_ACCEL 0.598633 -9.837891 0.454102
107.325 1 ENERGY 6.8 0. 0 0.
107.330 1 NAVIGATION 0 2 0. 0. 0. 0. 0 0
107.491 1 ATTITUDE 0.041033 0.844492 -0.094758
107.498 1 DESIRED 0. 0.01 0. 0. 0. 235. 0. 20.
107.500 1 ESTIMATOR 0. 0.
107.504 1 ALIVE 234,86,112,120,179,137,199,193,157,207,189,207,18,78,21,11
107.508 1 ATTITUDE 0.041062 0.844518 -0.094744
107.511 1 WP_MOVED 1 360285. 4813595. 260. 31
107.516 1 GPS 0 0 0 0 0 0 0 0 0 0 1
107.680 1 NAVIGATION 0 2 0. 0. 0. 0. 0 0
107.683 1 ATTITUDE 0.041155 0.844517 -0.094784
107.690 1 DESIRED 0. 0.01 0. 0. 0. 235. 0. 20.
107.693 1 IMU_GYRO -0.048828 0.009521 -0.009521
107.696 1 ATTITUDE 0.041177 0.844547 -0.094825
107.698 1 DOWNLINK 0 840 252
107.967 1 ATTITUDE 0.041207 0.844518 -0.09487
107.974 1 DESIRED 0. 0.01 0. 0. 0. 235. 0. 20.
107.980 1 GPS 0 0 0 0 0 0 0 0 0 0 1
107.981 1 DL_VALUE 4 0.
107.986 1 NAVIGATION 0 2 0. 0. 0. 0. 0 0
107.988 1 ATTITUDE 0.041228 0.844491 -0.094913
107.991 1 ESTIMATOR 0. 0.
107.996 1 NAVIGATION 0 2 0. 0. 0. 0. 0 0
107.998 1 GPS_SOL 0 0 0 0
108.001 1 ATTITUDE 0.04128 0.844509 -0.094962
108.029 1 DOWNLINK_STATUS 0 108 38054 1725 49 754. 34. -3654.74
108.252 1 DESIRED 0. 0.01 0. 0. 0. 235. 0. 20.
108.255 1 WP_MOVED 2 360334.5 4813695. 260. 31
108.259 1 BAT 523 68 0 0 1 6 0 0
108.264 1 GPS 0 0 0 0 0 0 0 0 0 0 1
108.269 1 NAVIGATION 0 2 0. 0. 0. 0. 0 0
108.272 1 ATTITUDE 0.041313 0.844433 -0.094942
108.283 1 DESIRED 0. 0.01 0. 0. 0. 235. 0. 20.
108.286 1 ESTIMATOR 0. 0.
108.289 1 ATTITUDE 0.041435 0.844402 -0.095038
108.292 1 WP_MOVED 3 360295.09375 4813785. 260. 31
108.425 1 GPS 0 0 0 0 0 0 0 0 0 0 1
108.430 1 NAVIGATION 0 2 0. 0. 0. 0. 0 0
108.433 1 ATTITUDE 0.041433 0.844363 -0.095092
108.440 1 DESIRED 0. 0.01 0. 0. 0. 235. 0. 20.
108.442 1 ATTITUDE 0.041453 0.844326 -0.095111
108.714 1 ATTITUDE 0.041485 0.844263 -0.09517
108.721 1 DESIRED 0. 0.01 0. 0. 0. 235. 0. 20.
108.726 1 GPS 0 0 0 0 0 0 0 0 0 0 1
108.730 1 IMU_GYRO -0.049805 0.008301 -0.010498
108.731 1 STATE_FILTER_STATUS 3 0
108.736 1 NAVIGATION 0 2 0. 0. 0. 0. 0 0
108.739 1 ATTITUDE 0.041501 0.844276 -0.095224
108.741 1 ESTIMATOR 0. 0.
108.744 1 IMU_ACCEL 0.603516 -9.852539 0.450195
108.749 1 NAVIGATION 0 2 0. 0. 0. 0. 0 0
108.752 1 ATTITUDE 0.041521 0.84428 -0.095258
108.918 1 DESIRED 0. 0.01 0. 0. 0. 235. 0. 20.
108.920 1 WP_MOVED 4 360417.3125 4813734. 260. 31
108.926 1 GPS 0 0 0 0 0 0 0 0 0 0 1
108.928 1 FBW_STATUS 0 47 0 68 0
108.933 1 NAVIGATION 0 2 0. 0. 0. 0. 0 0
108.936 1 ATTITUDE 0.041529 0.844202 -0.095302
108.940 1 BAT 523 68 0 0 1 8 0 0
109.029 1 DOWNLINK_STATUS 0 109 38840 1758 50 786. 33. -3654.74
109.054 1 ATTITUDE 0.04152 0.844142 -0.095304
109.060 1 DESIRED 0. 0.01 0. 0. 0. 235. 0. 20.
109.062 1 PPRZ_MODE 0 0 0 0 0 17
109.342 1 ATTITUDE 0.041501 0.844098 -0.09531
109.348 1 GPS 0 0 0 0 0 0 0 0 0 0 1
109.349 1 DL_VALUE 5 0.
109.354 1 NAVIGATION 0 2 0. 0. 0. 0. 0 0
109.358 1 ATTITUDE 0.041525 0.844088 -0.095319
109.367 1 DESIRED 0. 0.01 0. 0. 0. 235. 0. 20.
109.368 1 ESTIMATOR 0. 0.
109.370 1 IMU_GYRO -0.048828 0.007324 -0.009521
109.373 1 ATTITUDE 0.041557 0.844103 -0.095364
109.375 1 WP_MOVED 5 360422. 4813583.5 260. 31
109.380 1 IMU_MAG -2.696289 -2.341309 -3.901367
109.524 1 GPS 0 0 0 0 0 0 0 0 0 0 1
109.529 1 NAVIGATION 0 2 0. 0. 0. 0. 0 0
109.532 1 ATTITUDE 0.041659 0.844032 -0.095383
109.539 1 DESIRED 0. 0.01 0. 0. 0. 235. 0. 20.
109.542 1 ATTITUDE 0.041701 0.844049 -0.095441
109.545 1 IMU_ACCEL 0.59375 -9.837891 0.458984
109.777 1 ATTITUDE 0.041722 0.844057 -0.095477
109.784 1 DESIRED 0. 0.01 0. 0. 0. 235. 0. 20.
109.789 1 GPS 0 0 0 0 0 0 0 0 0 0 1
109.793 1 ENERGY 6.8 0. 0 0.
109.797 1 NAVIGATION 0 2 0. 0. 0. 0. 0 0
109.800 1 ATTITUDE 0.041728 0.844053 -0.09547
109.802 1 ESTIMATOR 0. 0.
109.807 1 NAVIGATION 0 2 0. 0. 0. 0. 0 0
109.809 1 GPS_SOL 0 0 0 0
110.030 1 DOWNLINK_STATUS 0 110 39501 1787 50 661. 29. -3654.74
110.063 1 ATTITUDE 0.041723 0.844026 -0.095511
110.070 1 DESIRED 0. 0.01 0. 0. 0. 235. 0. 20.
110.073 1 WP_MOVED 6 360165.8125 4813664.5 260. 31
110.076 1 IMU_GYRO -0.049805 0.008301 -0.009521
110.082 1 GPS 0 0 0 0 0 0 0 0 0 0 1
110.087 1 NAVIGATION 0 2 0. 0. 0. 0. 0 0
110.090 1 ATTITUDE 0.04179 0.843979 -0.095574
110.093 1 ATTITUDE 0.041831 0.843974 -0.095628
110.100 1 DESIRED 0. 0.01 0. 0. 0. 235. 0. 20.
110.102 1 PPRZ_MODE 0 0 0 0 0 17
110.317 1 BAT 523 68 0 0 1 9 0 0
110.320 1 ATTITUDE 0.041804 0.84397 -0.095658
110.326 1 GPS 0 0 0 0 0 0 0 0 0 0 1
110.332 1 NAVIGATION 0 2 0. 0. 0. 0. 0 0
110.334 1 ATTITUDE 0.041848 0.843973 -0.095677
110.341 1 DESIRED 0. 0.01 0. 0. 0. 235. 0. 20.
110.343 1 ESTIMATOR 0. 0.
110.345 1 CALIBRATION 0. 0
110.348 1 ATTITUDE 0.041898 0.843993 -0.095654
110.351 1 WP_MOVED 7 360559.40625 4813804.5 260. 31
110.355 1 IMU_ACCEL 0.583984 -9.852539 0.458984
110.512 1 GPS 0 0 0 0 0 0 0 0 0 0 1
110.516 1 NAVIGATION 0 2 0. 0. 0. 0. 0 0
110.519 1 ATTITUDE 0.04193 0.843929 -0.095676
110.526 1 DESIRED 0. 0.01 0. 0. 0. 235. 0. 20.
110.529 1 IMU_GYRO -0.049805 0.008301 -0.009521
111.031 1 DOWNLINK_STATUS 0 111 40108 1813 50 607. 26. -8654.92
111.061 1 ATTITUDE 0.041983 0.84391 -0.095722
111.064 1 ATTITUDE 0.041997 0.843893 -0.095717
111.071 1 DESIRED 0. 0.01 0. 0. 0. 235. 0. 20.
111.076 1 GPS 0 0 0 0 0 0 0 0 0 0 1
111.080 1 IMU_MAG -2.694824 -2.344238 -3.916992
111.082 1 DL_VALUE 6 40.
111.086 1 NAVIGATION 0 2 0. 0. 0. 0. 0 0
111.089 1 ATTITUDE 0.042001 0.843903 -0.095753
111.092 1 ESTIMATOR 0. 0.
111.096 1 NAVIGATION 0 2 0. 0. 0. 0. 0 0
111.604 1 ATTITUDE 0.041997 0.843896 -0.095804
111.611 1 DESIRED 0. 0.01 0. 0. 0. 235. 0. 20.
111.615 1 WP_MOVED 8 360462.40625 4813640. 215. 31
111.616 1 STATE_FILTER_STATUS 3 0
111.622 1 GPS 0 0 0 0 0 0 0 0 0 0 1
111.624 1 FBW_STATUS 0 49 0 68 0
111.629 1 NAVIGATION 0 2 0. 0. 0. 0. 0 0
111.632 1 ATTITUDE 0.042015 0.843862 -0.095811
111.635 1 COMMANDS 523,196,210,0,-252
112.031 1 DOWNLINK_STATUS 0 112 40522 1832 50 414. 19. -8654.92
112.114 1 ATTITUDE 0.04205 0.843876 -0.095803
112.121 1 DESIRED 0. 0.01 0. 0. 0. 235. 0. 20.
112.124 1 IMU_GYRO -0.049805 0.008301 -0.009521
112.126 1 PPRZ_MODE 0 0 0 0 0 17
112.129 1 ACTUATORS 1195,1559,1510,1510,1385
112.132 1 ATTITUDE 0.042111 0.843897 -0.095787
112.138 1 GPS 0 0 0 0 0 0 0 0 0 0 1
112.141 1 IMU_ACCEL 0.583984 -9.824219 0.478516
112.144 1 BAT 523 68 0 0 1 10 0 0
112.786 1 NAVIGATION 0 2 0. 0. 0. 0. 0 0
112.789 1 ATTITUDE 0.042107 0.843855 -0.095777
112.796 1 DESIRED 0. 0.01 0. 0. 0. 235. 0. 20.
112.798 1 ESTIMATOR 0. 0.
112.800 1 PPRZ_MODE 1 0 0 0 0 21
112.803 1 ATTITUDE 0.042125 0.84383 -0.095814
112.807 1 WP_MOVED 9 360313.8125 4813652. 185. 31
112.812 1 GPS 0 0 0 0 0 0 0 0 0 0 1
112.817 1 NAVIGATION 0 2 0. 0. 0. 0. 0 0
112.820 1 ATTITUDE 0.042136 0.843899 -0.095874
112.895 1 DESIRED 0.02 0.02 0. 0. 0. 235. 0. 20.
112.898 1 ATTITUDE 0.042191 0.843901 -0.095816
112.901 1 NAVIGATION_REF 360285 4813595 31
113.032 1 DOWNLINK_STATUS 0 113 41009 1854 50 487. 22. -8654.92
113.184 1 ATTITUDE 0.042246 0.843929 -0.095764
113.191 1 DESIRED 0.02 0.02 0. 0. 0. 235. 0. 20.
113.198 1 GPS 0 0 0 0 0 0 0 0 0 0 1
113.200 1 IMU_GYRO -0.048828 0.007324 -0.009521
113.204 1 NAVIGATION 0 2 0. 0. 0. 0. 0 0
113.208 1 ATTITUDE 0.042226 0.843853 -0.09583
113.210 1 ESTIMATOR 0. 0.
113.215 1 NAVIGATION 0 2 0. 0. 0. 0. 0 0
113.218 1 GPS_SOL 0 0 0 0
113.221 1 ATTITUDE 0.042235 0.843918 -0.095859
113.471 1 DESIRED 0.02 0.02 0. 0. 0. 235. 0. 20.
113.474 1 WP_MOVED 10 360453.8125 4813581. 260. 31
113.480 1 GPS 0 0 0 0 0 0 0 0 0 0 1
113.484 1 NAVIGATION 0 2 0. 0. 0. 0. 0 0
113.487 1 ATTITUDE 0.042234 0.843877 -0.095817
113.491 1 IMU_ACCEL 0.603516 -9.837891 0.420898
113.494 1 IMU_MAG -2.696289 -2.336914 -3.899414
113.497 1 ATTITUDE 0.042272 0.843886 -0.095854
113.503 1 DESIRED 0.02 0.02 0. 0. 0. 235. 0. 20.
113.506 1 PPRZ_MODE 1 0 0 0 0 21
113.509 1 ATTITUDE 0.04226 0.843894 -0.095934
113.757 1 GPS 0 0 0 0 0 0 0 0 0 0 1
113.759 1 DL_VALUE 7 1.
113.762 1 ENERGY 6.8 0. 0 0.
113.767 1 NAVIGATION 0 2 0. 0. 0. 0. 0 0
113.770 1 ATTITUDE 0.042281 0.843843 -0.09595
113.777 1 DESIRED 0.02 0.02 0. 0. 0. 235. 0. 20.
113.779 1 ESTIMATOR 0. 0.
113.782 1 IMU_GYRO -0.048828 0.009521 -0.010498
113.786 1 BAT 523 68 0 0 1 11 0 0
113.789 1 ATTITUDE 0.042273 0.84389 -0.095949
113.793 1 WP_MOVED 11 360170.5 4813757.5 260. 31
113.795 1 CALIBRATION 0. 0
113.800 1 GPS 0 0 0 0 0 0 0 0 0 0 1
113.920 1 NAVIGATION 0 2 0. 0. 0. 0. 0 0
113.923 1 ATTITUDE 0.04229 0.843916 -0.095972
113.930 1 DESIRED 0.02 0.02 0. 0. 0. 235. 0. 20.
113.933 1 ATTITUDE 0.042309 0.843878 -0.096068
114.032 1 DOWNLINK_STATUS 0 114 41873 1892 50 864. 38. -8654.92
114.207 1 ATTITUDE 0.042325 0.84387 -0.096099
114.213 1 DESIRED 0.02 0.02 0. 0. 0. 235. 0. 20.
114.219 1 GPS 0 0 0 0 0 0 0 0 0 0 1
114.221 1 DOWNLINK 1 857 445
114.226 1 NAVIGATION 0 2 0. 0. 0. 0. 0 0
114.229 1 ATTITUDE 0.042339 0.843856 -0.096144
114.231 1 ESTIMATOR 0. 0.
114.234 1 IMU_ACCEL 0.579102 -9.829102 0.458984
114.239 1 NAVIGATION 0 2 0. 0. 0. 0. 0 0
114.242 1 ATTITUDE 0.042334 0.843832 -0.096149
114.443 1 WIND_INFO 1 42 0. 0. 0.
114.492 1 DESIRED 0.02 0.02 0. 0. 0. 235. 0. 20.
114.495 1 WP_MOVED 0 360327. 4813637. 260. 31
114.498 1 IMU_GYRO -0.048828 0.007324 -0.009521
114.504 1 GPS 0 0 0 0 0 0 0 0 0 0 1
114.508 1 NAVIGATION 0 2 0. 0. 0. 0. 0 0
114.511 1 FBW_STATUS 0 45 1 68 0
114.521 1 ATTITUDE 0.042325 0.843624 -0.096276
114.527 1 DESIRED 0.02 0.02 0. 0. 0. 235. 0. 20.
114.530 1 ESTIMATOR 0. 0.
114.533 1 IMU_MAG -2.700684 -2.342773 -3.893066
115.033 1 DOWNLINK_STATUS 0 115 42331 1912 51 458. 20. -8654.92
116.034 1 DOWNLINK_STATUS 0 116 42331 1912 51 0. 0. -13655.8
117.035 1 DOWNLINK_STATUS 0 117 42331 1912 51 0. 0. -13655.8
