5.513 1 GPS 0 0 0 0 0 0 0 0 0 0 1
5.525 1 DOWNLINK 0 216 105
5.955 1 DOWNLINK_STATUS 0 6 234 10 0 191. 8. -1.39640396444e+12
6.095 1 NAVIGATION 0 2 0. 0. 0. 0. 0 0
6.114 1 ATTITUDE 1.234921 1.042776 -0.001304
6.182 1 GPS_SOL 0 0 0 0
6.294 1 NAVIGATION 0 2 0. 0. 0. 0. 0 0
6.443 1 NAVIGATION 0 2 0. 0. 0. 0. 0 0
6.462 1 ATTITUDE 1.234956 1.043697 -0.00187
6.496 1 GPS 0 0 0 0 0 0 0 0 0 0 1
6.502 1 PONG 
6.547 1 NAVIGATION 0 2 0. 0. 0. 0. 0 0
6.682 1 NAVIGATION 0 2 0. 0. 0. 0. 0 0
6.697 1 FBW_STATUS 2 0 1 69 0
6.716 1 ATTITUDE 1.234706 1.044579 -0.001621
6.802 1 GPS 0 0 0 0 0 0 0 0 0 0 1
6.815 1 PPRZ_MODE 2 0 0 0 0 6
6.892 1 NAVIGATION 0 2 0. 0. 0. 0. 0 0
6.955 1 DOWNLINK_STATUS 0 7 560 25 0 326. 15. 1049.53
7.089 1 NAVIGATION 0 2 0. 0. 0. 0. 0 0
7.108 1 ATTITUDE 1.234682 1.045453 -0.001534
7.341 1 GPS 0 0 0 0 0 0 0 0 0 0 1
7.368 1 NAVIGATION 0 2 0. 0. 0. 0. 0 0
7.590 1 NAVIGATION 0 2 0. 0. 0. 0. 0 0
7.607 1 ATTITUDE 1.234628 1.045974 -0.001553
7.807 1 NAVIGATION 0 2 0. 0. 0. 0. 0 0
7.923 1 GPS 0 0 0 0 0 0 0 0 0 0 1
7.956 1 DOWNLINK_STATUS 0 8 766 33 0 206. 8. 1049.53
8.090 1 NAVIGATION 0 2 0. 0. 0. 0. 0 0
8.108 1 ATTITUDE 1.234539 1.046418 -0.001544
8.307 1 NAVIGATION 0 2 0. 0. 0. 0. 0 0
8.493 1 GPS 0 0 0 0 0 0 0 0 0 0 1
8.606 1 FBW_STATUS 2 0 1 69 0
8.633 1 NAVIGATION 0 2 0. 0. 0. 0. 0 0
8.652 1 ATTITUDE 1.234489 1.046834 -0.001491
8.806 1 NAVIGATION 0 2 0. 0. 0. 0. 0 0
8.956 1 DOWNLINK_STATUS 0 9 954 41 0 188. 8. 1049.53
9.151 1 NAVIGATION 0 2 0. 0. 0. 0. 0 0
9.170 1 ATTITUDE 1.234712 1.04736 -0.001463
9.204 1 GPS 0 0 0 0 0 0 0 0 0 0 1
9.306 1 NAVIGATION 0 2 0. 0. 0. 0. 0 0
9.589 1 NAVIGATION 0 2 0. 0. 0. 0. 0 0
9.608 1 ATTITUDE 1.234566 1.047677 -0.001499
9.702 1 COMMANDS 0,-9600,4952,0,0
9.736 1 GPS 0 0 0 0 0 0 0 0 0 0 1
9.820 1 ACTUATORS 1250,1797,1200,1200,1350
9.847 1 NAVIGATION 0 2 0. 0. 0. 0. 0 0
9.957 1 DOWNLINK_STATUS 0 10 1194 51 0 240. 10. 1049.53
10.090 1 NAVIGATION 0 2 0. 0. 0. 0. 0 0
10.108 1 ATTITUDE 1.236068 1.055639 -0.001816
10.341 1 GPS 0 0 0 0 0 0 0 0 0 0 1
10.368 1 NAVIGATION 0 2 0. 0. 0. 0. 0 0
10.821 1 FBW_STATUS 2 0 1 69 0
10.848 1 NAVIGATION 0 2 0. 0. 0. 0. 0 0
10.865 1 ATTITUDE 1.233712 1.056865 -0.000557
10.957 1 DOWNLINK_STATUS 0 11 1356 58 0 162. 7. -3950.65
10.966 1 NAVIGATION 0 2 0. 0. 0. 0. 0 0
10.972 1 PONG 
11.006 1 GPS 0 0 0 0 0 0 0 0 0 0 1
11.089 1 NAVIGATION 0 2 0. 0. 0. 0. 0 0
11.108 1 ATTITUDE 1.288715 1.059635 -0.034074
11.307 1 NAVIGATION 0 2 0. 0. 0. 0. 0 0
11.494 1 GPS 0 0 0 0 0 0 0 0 0 0 1
11.604 1 NAVIGATION 0 2 0. 0. 0. 0. 0 0
11.623 1 ATTITUDE 1.247243 1.063755 -0.007218
11.806 1 NAVIGATION 0 2 0. 0. 0. 0. 0 0
11.958 1 DOWNLINK_STATUS 0 12 1594 68 0 238. 10. 519.78
12.150 1 NAVIGATION 0 2 0. 0. 0. 0. 0 0
12.168 1 ATTITUDE 1.251954 1.064526 -0.010403
12.203 1 GPS 0 0 0 0 0 0 0 0 0 0 1
12.306 1 NAVIGATION 0 2 0. 0. 0. 0. 0 0
12.605 1 FBW_STATUS 2 0 1 69 0
12.632 1 NAVIGATION 0 2 0. 0. 0. 0. 0 0
12.651 1 ATTITUDE 1.153918 1.0332 0.028305
12.734 1 GPS 0 0 0 0 0 0 0 0 0 0 1
12.825 1 PPRZ_MODE 2 0 0 0 0 6
12.852 1 NAVIGATION 0 2 0. 0. 0. 0. 0 0
12.958 1 DOWNLINK_STATUS 0 13 1827 78 0 233. 10. 519.78
13.089 1 NAVIGATION 0 2 0. 0. 0. 0. 0 0
13.108 1 ATTITUDE 0.610752 0.879598 0.068961
13.342 1 GPS 0 0 0 0 0 0 0 0 0 0 1
13.369 1 NAVIGATION 0 2 0. 0. 0. 0. 0 0
13.589 1 NAVIGATION 0 2 0. 0. 0. 0. 0 0
13.607 1 ATTITUDE 0.361816 0.88642 0.066412
13.806 1 NAVIGATION 0 2 0. 0. 0. 0. 0 0
13.923 1 GPS 0 0 0 0 0 0 0 0 0 0 1
13.959 1 DOWNLINK_STATUS 0 14 2033 86 0 206. 8. 519.78
14.090 1 NAVIGATION 0 2 0. 0. 0. 0. 0 0
14.109 1 ATTITUDE 0.331213 0.887204 0.059899
14.306 1 NAVIGATION 0 2 0. 0. 0. 0. 0 0
14.493 1 GPS 0 0 0 0 0 0 0 0 0 0 1
14.605 1 FBW_STATUS 2 0 1 69 0
14.632 1 NAVIGATION 0 2 0. 0. 0. 0. 0 0
14.651 1 ATTITUDE 0.29584 0.88804 0.077922
14.703 1 COMMANDS 0,-5295,-791,0,0
14.821 1 ACTUATORS 1250,1499,1370,1385,1350
14.848 1 NAVIGATION 0 2 0. 0. 0. 0. 0 0
14.960 1 DOWNLINK_STATUS 0 15 2255 96 0 222. 10. 519.78
15.189 1 NAVIGATION 0 2 0. 0. 0. 0. 0 0
15.207 1 ATTITUDE 0.158219 0.788285 0.106876
15.242 1 GPS 0 0 0 0 0 0 0 0 0 0 1
15.263 1 BAT 0 69 0 0 1 20 0 0
15.306 1 NAVIGATION 0 2 0. 0. 0. 0. 0 0
15.404 1 ALIVE 91,212,27,96,135,58,4,133,68,157,198,145,252,92,6,221
15.679 1 WIND_INFO 1 42 0. 0. 0.
15.822 1 NAVIGATION 0 2 0. 0. 0. 0. 0 0
15.841 1 ATTITUDE 0.04056 0.760961 0.05715
15.961 1 DOWNLINK_STATUS 0 16 2446 104 0 191. 8. -4481.02
16.374 1 GPS 0 0 0 0 0 0 0 0 0 0 1
16.471 1 NAVIGATION 0 2 0. 0. 0. 0. 0 0
16.546 1 PONG 
16.558 1 DOWNLINK 0 220 203
16.698 1 NAVIGATION 0 2 0. 0. 0. 0. 0 0
16.716 1 ATTITUDE 0.018886 0.755282 0.044635
16.734 1 GPS_SOL 0 0 0 0
16.835 1 GPS 0 0 0 0 0 0 0 0 0 0 1
16.862 1 NAVIGATION 0 2 0. 0. 0. 0. 0 0
16.958 1 NAVIGATION 0 2 0. 0. 0. 0. 0 0
16.961 1 DOWNLINK_STATUS 0 17 2668 114 0 222. 10. 1092.36
16.973 1 FBW_STATUS 2 0 1 69 0
16.992 1 ATTITUDE 0.012018 0.747908 0.037741
17.087 1 NAVIGATION 0 2 0. 0. 0. 0. 0 0
17.122 1 GPS 0 0 0 0 0 0 0 0 0 0 1
17.205 1 NAVIGATION 0 2 0. 0. 0. 0. 0 0
17.224 1 ATTITUDE 0.040809 0.67621 -0.011282
17.309 1 NAVIGATION 0 2 0. 0. 0. 0. 0 0
17.493 1 GPS 0 0 0 0 0 0 0 0 0 0 1
17.603 1 NAVIGATION 0 2 0. 0. 0. 0. 0 0
17.621 1 ATTITUDE 0.078985 0.74117 0.00545
17.805 1 NAVIGATION 0 2 0. 0. 0. 0. 0 0
17.962 1 DOWNLINK_STATUS 0 18 2933 125 0 265. 11. 1092.36
18.149 1 NAVIGATION 0 2 0. 0. 0. 0. 0 0
18.168 1 ATTITUDE 0.007748 0.670149 0.046908
18.202 1 GPS 0 0 0 0 0 0 0 0 0 0 1
18.307 1 NAVIGATION 0 2 0. 0. 0. 0. 0 0
18.605 1 FBW_STATUS 2 0 1 69 0
18.632 1 NAVIGATION 0 2 0. 0. 0. 0. 0 0
18.651 1 ATTITUDE -0.063055 0.769209 -0.023905
18.732 1 GPS 0 0 0 0 0 0 0 0 0 0 1
18.823 1 PPRZ_MODE 2 0 0 0 0 6
18.850 1 NAVIGATION 0 2 0. 0. 0. 0. 0 0
18.963 1 DOWNLINK_STATUS 0 19 3166 135 0 233. 10. 1092.36
19.089 1 NAVIGATION 0 2 0. 0. 0. 0. 0 0
19.108 1 ATTITUDE -0.037032 0.707113 0.036496
19.340 1 GPS 0 0 0 0 0 0 0 0 0 0 1
19.367 1 NAVIGATION 0 2 0. 0. 0. 0. 0 0
19.589 1 NAVIGATION 0 2 0. 0. 0. 0. 0 0
19.608 1 ATTITUDE 0.385835 0.648748 0.103776
19.676 1 COMMANDS 0,-8253,1183,0,0
19.782 1 ACTUATORS 1250,1522,1310,1319,1350
19.900 1 NAVIGATION 0 2 0. 0. 0. 0. 0 0
19.934 1 GPS 0 0 0 0 0 0 0 0 0 0 1
19.963 1 DOWNLINK_STATUS 0 20 3406 145 0 240. 10. 1092.36
20.089 1 NAVIGATION 0 2 0. 0. 0. 0. 0 0
20.108 1 ATTITUDE 0.341069 0.658893 0.099879
20.305 1 NAVIGATION 0 2 0. 0. 0. 0. 0 0
20.493 1 GPS 0 0 0 0 0 0 0 0 0 0 1
20.964 1 DOWNLINK_STATUS 0 21 3509 149 0 103. 4. -3907.92
21.047 1 FBW_STATUS 2 0 1 69 0
21.075 1 NAVIGATION 0 2 0. 0. 0. 0. 0 0
21.093 1 ATTITUDE 0.519881 0.656449 0.097528
21.162 1 NAVIGATION 0 2 0. 0. 0. 0. 0 0
21.312 1 NAVIGATION 0 2 0. 0. 0. 0. 0 0
21.318 1 PONG 
21.337 1 ATTITUDE 0.603166 0.664482 0.100308
21.371 1 GPS 0 0 0 0 0 0 0 0 0 0 1
21.416 1 NAVIGATION 0 2 0. 0. 0. 0. 0 0
21.588 1 NAVIGATION 0 2 0. 0. 0. 0. 0 0
21.607 1 ATTITUDE 0.644019 0.671051 0.104452
21.705 1 GPS 0 0 0 0 0 0 0 0 0 0 1
21.806 1 NAVIGATION 0 2 0. 0. 0. 0. 0 0
21.965 1 DOWNLINK_STATUS 0 22 3806 162 0 297. 13. 864.5
22.089 1 NAVIGATION 0 2 0. 0. 0. 0. 0 0
22.107 1 ATTITUDE 0.520639 0.674608 0.103248
22.340 1 GPS 0 0 0 0 0 0 0 0 0 0 1
22.367 1 NAVIGATION 0 2 0. 0. 0. 0. 0 0
22.606 1 FBW_STATUS 2 0 1 69 0
22.633 1 NAVIGATION 0 2 0. 0. 0. 0. 0 0
22.651 1 ATTITUDE 0.037667 0.710681 0.066207
22.805 1 NAVIGATION 0 2 0. 0. 0. 0. 0 0
22.921 1 GPS 0 0 0 0 0 0 0 0 0 0 1
22.966 1 DOWNLINK_STATUS 0 23 4027 171 0 221. 9. 864.5
23.088 1 NAVIGATION 0 2 0. 0. 0. 0. 0 0
23.107 1 ATTITUDE 0.044832 0.70412 0.06747
23.306 1 NAVIGATION 0 2 0. 0. 0. 0. 0 0
23.493 1 GPS 0 0 0 0 0 0 0 0 0 0 1
23.602 1 NAVIGATION 0 2 0. 0. 0. 0. 0 0
23.621 1 ATTITUDE 0.04664 0.696008 0.067619
23.805 1 NAVIGATION 0 2 0. 0. 0. 0. 0 0
23.967 1 DOWNLINK_STATUS 0 24 4200 178 0 173. 7. 864.5
24.150 1 NAVIGATION 0 2 0. 0. 0. 0. 0 0
24.168 1 ATTITUDE 0.377525 0.655742 0.118931
24.203 1 GPS 0 0 0 0 0 0 0 0 0 0 1
24.306 1 NAVIGATION 0 2 0. 0. 0. 0. 0 0
24.604 1 FBW_STATUS 2 0 1 69 0
24.631 1 NAVIGATION 0 2 0. 0. 0. 0. 0 0
24.650 1 ATTITUDE 0.612102 0.644826 0.125562
24.730 1 COMMANDS 0,-9600,1072,0,0
24.764 1 GPS 0 0 0 0 0 0 0 0 0 0 1
24.857 1 ACTUATORS 1250,1633,1200,1200,1350
24.869 1 PPRZ_MODE 2 0 0 0 0 6
24.896 1 NAVIGATION 0 2 0. 0. 0. 0. 0 0
24.967 1 DOWNLINK_STATUS 0 25 4467 190 0 267. 12. 864.5
25.089 1 NAVIGATION 0 2 0. 0. 0. 0. 0 0
25.107 1 ATTITUDE 0.61465 0.647602 0.127257
25.182 1 BAT 0 69 0 0 1 30 0 0
25.340 1 GPS 0 0 0 0 0 0 0 0 0 0 1
25.367 1 NAVIGATION 0 2 0. 0. 0. 0. 0 0
25.679 1 WIND_INFO 1 42 0. 0. 0.
25.968 1 DOWNLINK_STATUS 0 26 4591 195 0 124. 5. -4136.42
26.148 1 NAVIGATION 0 2 0. 0. 0. 0. 0 0
26.167 1 ATTITUDE 0.558597 0.649824 0.129665
26.191 1 ALIVE 91,212,27,96,135,58,4,133,68,157,198,145,252,92,6,221
26.252 1 NAVIGATION 0 2 0. 0. 0. 0. 0 0
26.373 1 GPS 0 0 0 0 0 0 0 0 0 0 1
26.379 1 PONG 
26.483 1 NAVIGATION 0 2 0. 0. 0. 0. 0 0
26.502 1 ATTITUDE 0.151958 0.692168 0.083224
26.580 1 DOWNLINK 0 216 299
26.607 1 NAVIGATION 0 2 0. 0. 0. 0. 0 0
26.758 1 GPS 0 0 0 0 0 0 0 0 0 0 1
26.773 1 FBW_STATUS 2 0 1 69 0
26.801 1 NAVIGATION 0 2 0. 0. 0. 0. 0 0
26.820 1 ATTITUDE 0.128457 0.68971 0.081555
26.838 1 GPS_SOL 0 0 0 0
26.950 1 NAVIGATION 0 2 0. 0. 0. 0. 0 0
26.969 1 DOWNLINK_STATUS 0 27 4939 211 0 348. 16. 924.5
27.149 1 NAVIGATION 0 2 0. 0. 0. 0. 0 0
27.168 1 ATTITUDE 0.12844 0.686258 0.08126
27.202 1 GPS 0 0 0 0 0 0 0 0 0 0 1
27.306 1 NAVIGATION 0 2 0. 0. 0. 0. 0 0
27.588 1 NAVIGATION 0 2 0. 0. 0. 0. 0 0
27.607 1 ATTITUDE 0.128509 0.679854 0.080932
27.703 1 GPS 0 0 0 0 0 0 0 0 0 0 1
27.804 1 NAVIGATION 0 2 0. 0. 0. 0. 0 0
27.970 1 DOWNLINK_STATUS 0 28 5145 219 0 206. 8. 924.5
28.088 1 NAVIGATION 0 2 0. 0. 0. 0. 0 0
28.107 1 ATTITUDE 0.286532 0.658088 0.105168
28.340 1 GPS 0 0 0 0 0 0 0 0 0 0 1
28.367 1 NAVIGATION 0 2 0. 0. 0. 0. 0 0
28.604 1 FBW_STATUS 2 0 1 69 0
28.631 1 NAVIGATION 0 2 0. 0. 0. 0. 0 0
28.649 1 ATTITUDE 0.532362 0.62852 0.131155
28.805 1 NAVIGATION 0 2 0. 0. 0. 0. 0 0
28.922 1 GPS 0 0 0 0 0 0 0 0 0 0 1
28.971 1 DOWNLINK_STATUS 0 29 5366 228 0 221. 9. 924.5
29.088 1 NAVIGATION 0 2 0. 0. 0. 0. 0 0
29.107 1 ATTITUDE 0.53522 0.629272 0.131868
29.306 1 NAVIGATION 0 2 0. 0. 0. 0. 0 0
29.491 1 GPS 0 0 0 0 0 0 0 0 0 0 1
29.601 1 NAVIGATION 0 2 0. 0. 0. 0. 0 0
29.620 1 ATTITUDE 0.487561 0.628899 0.132043
29.687 1 COMMANDS 0,-8232,-949,0,0
29.802 1 ACTUATORS 1250,1532,1281,1288,1350
29.873 1 NAVIGATION 0 2 0. 0. 0. 0. 0 0
29.971 1 DOWNLINK_STATUS 0 30 5573 237 0 207. 9. 924.5
30.150 1 NAVIGATION 0 2 0. 0. 0. 0. 0 0
30.168 1 ATTITUDE 0.113109 0.666747 0.084294
30.203 1 GPS 0 0 0 0 0 0 0 0 0 0 1
30.305 1 NAVIGATION 0 2 0. 0. 0. 0. 0 0
30.857 1 FBW_STATUS 2 0 1 69 0
30.884 1 NAVIGATION 0 2 0. 0. 0. 0. 0 0
30.903 1 ATTITUDE 0.012298 0.673816 0.077307
30.973 1 DOWNLINK_STATUS 0 31 5735 244 0 162. 7. -4075.72
30.985 1 GPS 0 0 0 0 0 0 0 0 0 0 1
31.054 1 PPRZ_MODE 2 0 0 0 0 6
31.172 1 NAVIGATION 0 2 0. 0. 0. 0. 0 0
31.238 1 PONG 
31.377 1 NAVIGATION 0 2 0. 0. 0. 0. 0 0
31.396 1 ATTITUDE 0.01342 0.667171 0.075858
31.514 1 GPS 0 0 0 0 0 0 0 0 0 0 1
31.541 1 NAVIGATION 0 2 0. 0. 0. 0. 0 0
31.623 1 NAVIGATION 0 2 0. 0. 0. 0. 0 0
31.642 1 ATTITUDE 0.014526 0.662027 0.074406
31.805 1 NAVIGATION 0 2 0. 0. 0. 0. 0 0
31.920 1 GPS 0 0 0 0 0 0 0 0 0 0 1
31.973 1 DOWNLINK_STATUS 0 32 6018 256 0 283. 12. 783.49
32.088 1 NAVIGATION 0 2 0. 0. 0. 0. 0 0
32.106 1 ATTITUDE 0.555079 0.609298 0.140174
32.305 1 NAVIGATION 0 2 0. 0. 0. 0. 0 0
32.492 1 GPS 0 0 0 0 0 0 0 0 0 0 1
32.605 1 FBW_STATUS 2 0 1 69 0
32.632 1 NAVIGATION 0 2 0. 0. 0. 0. 0 0
32.650 1 ATTITUDE 0.580844 0.603399 0.135204
32.805 1 NAVIGATION 0 2 0. 0. 0. 0. 0 0
32.973 1 DOWNLINK_STATUS 0 33 6206 264 0 188. 8. 783.49
33.149 1 NAVIGATION 0 2 0. 0. 0. 0. 0 0
33.168 1 ATTITUDE 0.588122 0.605736 0.136054
33.202 1 GPS 0 0 0 0 0 0 0 0 0 0 1
33.305 1 NAVIGATION 0 2 0. 0. 0. 0. 0 0
33.588 1 NAVIGATION 0 2 0. 0. 0. 0. 0 0
33.606 1 ATTITUDE 0.185923 0.636344 0.114562
33.703 1 GPS 0 0 0 0 0 0 0 0 0 0 1
33.805 1 NAVIGATION 0 2 0. 0. 0. 0. 0 0
33.975 1 DOWNLINK_STATUS 0 34 6412 272 0 206. 8. 783.49
34.087 1 NAVIGATION 0 2 0. 0. 0. 0. 0 0
34.106 1 ATTITUDE 0.026973 0.644224 0.080321
34.340 1 GPS 0 0 0 0 0 0 0 0 0 0 1
34.367 1 NAVIGATION 0 2 0. 0. 0. 0. 0 0
34.604 1 FBW_STATUS 2 0 1 69 0
34.631 1 NAVIGATION 0 2 0. 0. 0. 0. 0 0
34.649 1 ATTITUDE 0.024636 0.637155 0.077211
34.702 1 COMMANDS 0,-457,-604,0,0
34.819 1 ACTUATORS 1250,1544,1532,1561,1350
34.846 1 NAVIGATION 0 2 0. 0. 0. 0. 0 0
34.945 1 GPS 0 0 0 0 0 0 0 0 0 0 1
34.974 1 DOWNLINK_STATUS 0 35 6667 283 0 255. 11. 783.49
35.088 1 NAVIGATION 0 2 0. 0. 0. 0. 0 0
35.107 1 ATTITUDE 0.024113 0.632612 0.075154
35.258 1 BAT 0 69 0 0 1 40 0 0
35.365 1 NAVIGATION 0 2 0. 0. 0. 0. 0 0
35.491 1 GPS 0 0 0 0 0 0 0 0 0 0 1
35.602 1 NAVIGATION 0 2 0. 0. 0. 0. 0 0
35.620 1 ATTITUDE 0.022599 0.627411 0.071257
35.680 1 WIND_INFO 1 42 0. 0. 0.
35.805 1 ALIVE 91,212,27,96,135,58,4,133,68,157,198,145,252,92,6,221
35.975 1 DOWNLINK_STATUS 0 36 6858 291 0 191. 8. -4217.5
36.249 1 NAVIGATION 0 2 0. 0. 0. 0. 0 0
36.255 1 PONG 
36.413 1 NAVIGATION 0 2 0. 0. 0. 0. 0 0
36.431 1 ATTITUDE 0.092696 0.611684 0.085677
36.466 1 GPS 0 0 0 0 0 0 0 0 0 0 1
36.516 1 NAVIGATION 0 2 0. 0. 0. 0. 0 0
36.635 1 FBW_STATUS 2 0 1 69 0
36.662 1 NAVIGATION 0 2 0. 0. 0. 0. 0 0
36.681 1 ATTITUDE 0.094106 0.607492 0.087094
36.777 1 GPS 0 0 0 0 0 0 0 0 0 0 1
36.789 1 DOWNLINK 0 222 397
36.855 1 PPRZ_MODE 2 0 0 0 0 6
36.882 1 NAVIGATION 0 2 0. 0. 0. 0. 0 0
36.976 1 DOWNLINK_STATUS 0 37 7134 304 0 276. 13. 799.52
37.088 1 NAVIGATION 0 2 0. 0. 0. 0. 0 0
37.106 1 ATTITUDE 0.05056 0.593872 0.066062
37.174 1 GPS_SOL 0 0 0 0
37.339 1 GPS 0 0 0 0 0 0 0 0 0 0 1
37.366 1 NAVIGATION 0 2 0. 0. 0. 0. 0 0
37.588 1 NAVIGATION 0 2 0. 0. 0. 0. 0 0
37.606 1 ATTITUDE 0.757919 0.552893 0.116366
37.805 1 NAVIGATION 0 2 0. 0. 0. 0. 0 0
37.920 1 GPS 0 0 0 0 0 0 0 0 0 0 1
37.977 1 DOWNLINK_STATUS 0 38 7357 313 0 223. 9. 799.52
38.087 1 NAVIGATION 0 2 0. 0. 0. 0. 0 0
38.106 1 ATTITUDE 1.222142 0.564052 0.058199
38.305 1 NAVIGATION 0 2 0. 0. 0. 0. 0 0
38.491 1 GPS 0 0 0 0 0 0 0 0 0 0 1
38.603 1 FBW_STATUS 2 0 1 69 0
38.631 1 NAVIGATION 0 2 0. 0. 0. 0. 0 0
38.649 1 ATTITUDE 1.223064 0.572901 0.055421
38.805 1 NAVIGATION 0 2 0. 0. 0. 0. 0 0
38.977 1 DOWNLINK_STATUS 0 39 7545 321 0 188. 8. 799.52
39.148 1 NAVIGATION 0 2 0. 0. 0. 0. 0 0
39.167 1 ATTITUDE 1.224127 0.581517 0.053188
39.201 1 GPS 0 0 0 0 0 0 0 0 0 0 1
39.305 1 NAVIGATION 0 2 0. 0. 0. 0. 0 0
39.587 1 NAVIGATION 0 2 0. 0. 0. 0. 0 0
39.606 1 ATTITUDE 1.224365 0.58961 0.051596
39.701 1 COMMANDS 0,-9600,4404,0,0
39.735 1 GPS 0 0 0 0 0 0 0 0 0 0 1
39.818 1 ACTUATORS 1250,1772,1200,1200,1350
39.845 1 NAVIGATION 0 2 0. 0. 0. 0. 0 0
39.977 1 DOWNLINK_STATUS 0 40 7785 331 0 240. 10. 799.52
40.088 1 NAVIGATION 0 2 0. 0. 0. 0. 0 0
40.107 1 ATTITUDE 1.224503 0.597914 0.049787
40.340 1 GPS 0 0 0 0 0 0 0 0 0 0 1
40.366 1 NAVIGATION 0 2 0. 0. 0. 0. 0 0
40.603 1 FBW_STATUS 2 0 1 69 0
40.630 1 NAVIGATION 0 2 0. 0. 0. 0. 0 0
40.649 1 ATTITUDE 1.224602 0.605742 0.048094
40.808 1 NAVIGATION 0 2 0. 0. 0. 0. 0 0
40.901 1 PONG 
40.935 1 GPS 0 0 0 0 0 0 0 0 0 0 1
40.978 1 DOWNLINK_STATUS 0 41 8012 341 0 227. 10. 443.95
41.088 1 NAVIGATION 0 2 0. 0. 0. 0. 0 0
41.106 1 ATTITUDE 1.224718 0.613646 0.046402
41.304 1 NAVIGATION 0 2 0. 0. 0. 0. 0 0
41.492 1 GPS 0 0 0 0 0 0 0 0 0 0 1
41.602 1 NAVIGATION 0 2 0. 0. 0. 0. 0 0
41.621 1 ATTITUDE 1.224846 0.620758 0.044766
41.805 1 NAVIGATION 0 2 0. 0. 0. 0. 0 0
41.979 1 DOWNLINK_STATUS 0 42 8185 348 0 173. 7. 443.95
42.147 1 NAVIGATION 0 2 0. 0. 0. 0. 0 0
42.166 1 ATTITUDE 1.224858 0.627962 0.043003
42.200 1 GPS 0 0 0 0 0 0 0 0 0 0 1
42.304 1 NAVIGATION 0 2 0. 0. 0. 0. 0 0
42.604 1 FBW_STATUS 2 0 1 69 0
42.631 1 NAVIGATION 0 2 0. 0. 0. 0. 0 0
42.650 1 ATTITUDE 1.224941 0.634691 0.041554
42.731 1 GPS 0 0 0 0 0 0 0 0 0 0 1
42.821 1 PPRZ_MODE 2 0 0 0 0 6
42.848 1 NAVIGATION 0 2 0. 0. 0. 0. 0 0
42.980 1 DOWNLINK_STATUS 0 43 8418 358 0 233. 10. 443.95
43.087 1 NAVIGATION 0 2 0. 0. 0. 0. 0 0
43.106 1 ATTITUDE 1.225069 0.641777 0.040007
43.339 1 GPS 0 0 0 0 0 0 0 0 0 0 1
43.366 1 NAVIGATION 0 2 0. 0. 0. 0. 0 0
43.588 1 NAVIGATION 0 2 0. 0. 0. 0. 0 0
43.606 1 ATTITUDE 1.225194 0.648314 0.038406
43.804 1 NAVIGATION 0 2 0. 0. 0. 0. 0 0
43.921 1 GPS 0 0 0 0 0 0 0 0 0 0 1
43.980 1 DOWNLINK_STATUS 0 44 8624 366 0 206. 8. 443.95
44.088 1 NAVIGATION 0 2 0. 0. 0. 0. 0 0
44.106 1 ATTITUDE 1.22561 0.654964 0.036834
44.305 1 NAVIGATION 0 2 0. 0. 0. 0. 0 0
44.490 1 GPS 0 0 0 0 0 0 0 0 0 0 1
44.603 1 FBW_STATUS 2 0 1 69 0
44.631 1 NAVIGATION 0 2 0. 0. 0. 0. 0 0
44.649 1 ATTITUDE 1.225635 0.661233 0.035442
44.702 1 COMMANDS 0,-9600,4577,0,0
44.819 1 ACTUATORS 1250,1780,1200,1200,1350
44.846 1 NAVIGATION 0 2 0. 0. 0. 0. 0 0
44.981 1 DOWNLINK_STATUS 0 45 8846 376 0 222. 10. 443.95
45.148 1 NAVIGATION 0 2 0. 0. 0. 0. 0 0
45.167 1 ATTITUDE 1.225671 0.667503 0.03417
45.200 1 GPS 0 0 0 0 0 0 0 0 0 0 1
45.305 1 NAVIGATION 0 2 0. 0. 0. 0. 0 0
45.402 1 BAT 0 69 0 0 1 50 0 0
45.587 1 NAVIGATION 0 2 0. 0. 0. 0. 0 0
45.606 1 ATTITUDE 1.225608 0.67344 0.032903
45.680 1 WIND_INFO 1 42 0. 0. 0.
45.982 1 DOWNLINK_STATUS 0 46 9014 383 0 168. 7. -4556.29
46.319 1 GPS 0 0 0 0 0 0 0 0 0 0 1
46.415 1 NAVIGATION 0 2 0. 0. 0. 0. 0 0
46.514 1 ALIVE 91,212,27,96,135,58,4,133,68,157,198,145,252,92,6,221
46.637 1 NAVIGATION 0 2 0. 0. 0. 0. 0 0
46.643 1 PONG 
46.661 1 ATTITUDE 1.225544 0.67942 0.03166
46.776 1 GPS 0 0 0 0 0 0 0 0 0 0 1
46.803 1 NAVIGATION 0 2 0. 0. 0. 0. 0 0
46.898 1 NAVIGATION 0 2 0. 0. 0. 0. 0 0
46.913 1 FBW_STATUS 2 0 1 69 0
46.931 1 ATTITUDE 1.225551 0.685383 0.03042
46.982 1 DOWNLINK_STATUS 0 47 9264 394 0 250. 11. 1185.81
47.023 1 NAVIGATION 0 2 0. 0. 0. 0. 0 0
47.088 1 GPS 0 0 0 0 0 0 0 0 0 0 1
47.237 1 NAVIGATION 0 2 0. 0. 0. 0. 0 0
47.256 1 ATTITUDE 1.225545 0.691564 0.029128
47.267 1 DOWNLINK 0 219 494
47.341 1 NAVIGATION 0 2 0. 0. 0. 0. 0 0
47.491 1 GPS 0 0 0 0 0 0 0 0 0 0 1
47.601 1 NAVIGATION 0 2 0. 0. 0. 0. 0 0
47.620 1 ATTITUDE 1.225529 0.697331 0.028113
47.687 1 GPS_SOL 0 0 0 0
47.803 1 NAVIGATION 0 2 0. 0. 0. 0. 0 0
47.983 1 DOWNLINK_STATUS 0 48 9524 405 0 260. 11. 1185.81
48.148 1 NAVIGATION 0 2 0. 0. 0. 0. 0 0
48.166 1 ATTITUDE 1.225667 0.702681 0.026975
48.201 1 GPS 0 0 0 0 0 0 0 0 0 0 1
48.304 1 NAVIGATION 0 2 0. 0. 0. 0. 0 0
48.603 1 FBW_STATUS 2 0 1 69 0
48.631 1 NAVIGATION 0 2 0. 0. 0. 0. 0 0
48.650 1 ATTITUDE 1.225583 0.707653 0.025704
48.731 1 GPS 0 0 0 0 0 0 0 0 0 0 1
48.822 1 PPRZ_MODE 2 0 0 0 0 6
48.849 1 NAVIGATION 0 2 0. 0. 0. 0. 0 0
48.984 1 DOWNLINK_STATUS 0 49 9757 415 0 233. 10. 1185.81
49.087 1 NAVIGATION 0 2 0. 0. 0. 0. 0 0
49.106 1 ATTITUDE 1.225496 0.712494 0.024545
49.339 1 GPS 0 0 0 0 0 0 0 0 0 0 1
49.366 1 NAVIGATION 0 2 0. 0. 0. 0. 0 0
49.588 1 NAVIGATION 0 2 0. 0. 0. 0. 0 0
49.605 1 ATTITUDE 1.225548 0.716947 0.023619
49.674 1 COMMANDS 0,-9600,4679,0,0
49.780 1 ACTUATORS 1250,1785,1200,1200,1350
49.897 1 NAVIGATION 0 2 0. 0. 0. 0. 0 0
49.931 1 GPS 0 0 0 0 0 0 0 0 0 0 1
49.984 1 DOWNLINK_STATUS 0 50 9997 425 0 240. 10. 1185.81
50.087 1 NAVIGATION 0 2 0. 0. 0. 0. 0 0
50.106 1 ATTITUDE 1.225592 0.722072 0.022648
50.304 1 NAVIGATION 0 2 0. 0. 0. 0. 0 0
50.491 1 GPS 0 0 0 0 0 0 0 0 0 0 1
50.826 1 FBW_STATUS 2 0 1 69 0
50.853 1 NAVIGATION 0 2 0. 0. 0. 0. 0 0
50.872 1 ATTITUDE 1.225829 0.725697 0.021341
50.941 1 NAVIGATION 0 2 0. 0. 0. 0. 0 0
50.985 1 DOWNLINK_STATUS 0 51 10185 433 0 188. 8. -3814.35
51.006 1 PONG 
51.173 1 NAVIGATION 0 2 0. 0. 0. 0. 0 0
51.190 1 ATTITUDE 1.226105 0.730747 0.020187
51.225 1 GPS 0 0 0 0 0 0 0 0 0 0 1
51.303 1 NAVIGATION 0 2 0. 0. 0. 0. 0 0
51.586 1 NAVIGATION 0 2 0. 0. 0. 0. 0 0
51.605 1 ATTITUDE 1.226078 0.735239 0.019113
51.702 1 GPS 0 0 0 0 0 0 0 0 0 0 1
51.804 1 NAVIGATION 0 2 0. 0. 0. 0. 0 0
51.986 1 DOWNLINK_STATUS 0 52 10397 442 0 212. 9. 549.47
52.086 1 NAVIGATION 0 2 0. 0. 0. 0. 0 0
52.105 1 ATTITUDE 1.225996 0.739158 0.018135
52.338 1 GPS 0 0 0 0 0 0 0 0 0 0 1
52.365 1 NAVIGATION 0 2 0. 0. 0. 0. 0 0
52.614 1 NAVIGATION 0 2 0. 0. 0. 0. 0 0
52.629 1 FBW_STATUS 2 0 1 69 0
52.648 1 ATTITUDE 1.225902 0.742804 0.017227
52.803 1 NAVIGATION 0 2 0. 0. 0. 0. 0 0
52.919 1 GPS 0 0 0 0 0 0 0 0 0 0 1
52.986 1 DOWNLINK_STATUS 0 53 10618 451 0 221. 9. 549.47
53.087 1 NAVIGATION 0 2 0. 0. 0. 0. 0 0
53.105 1 ATTITUDE 1.225907 0.746383 0.016259
53.304 1 NAVIGATION 0 2 0. 0. 0. 0. 0 0
53.493 1 GPS 0 0 0 0 0 0 0 0 0 0 1
53.600 1 NAVIGATION 0 2 0. 0. 0. 0. 0 0
53.619 1 ATTITUDE 1.225882 0.749941 0.015343
53.803 1 NAVIGATION 0 2 0. 0. 0. 0. 0 0
53.988 1 DOWNLINK_STATUS 0 54 10791 458 0 173. 7. 549.47
54.148 1 NAVIGATION 0 2 0. 0. 0. 0. 0 0
54.167 1 ATTITUDE 1.2258 0.753349 0.014432
54.201 1 GPS 0 0 0 0 0 0 0 0 0 0 1
54.304 1 NAVIGATION 0 2 0. 0. 0. 0. 0 0
54.602 1 FBW_STATUS 2 0 1 69 0
54.629 1 NAVIGATION 0 2 0. 0. 0. 0. 0 0
54.648 1 ATTITUDE 1.225836 0.756465 0.013557
54.727 1 COMMANDS 0,-9600,4785,0,0
54.761 1 GPS 0 0 0 0 0 0 0 0 0 0 1
54.854 1 ACTUATORS 1250,1789,1200,1200,1350
54.866 1 PPRZ_MODE 2 0 0 0 0 6
54.893 1 NAVIGATION 0 2 0. 0. 0. 0. 0 0
54.988 1 DOWNLINK_STATUS 0 55 11058 470 0 267. 12. 549.47
55.087 1 NAVIGATION 0 2 0. 0. 0. 0. 0 0
55.104 1 ATTITUDE 1.225827 0.759947 0.012771
55.338 1 GPS 0 0 0 0 0 0 0 0 0 0 1
55.365 1 NAVIGATION 0 2 0. 0. 0. 0. 0 0
55.455 1 BAT 0 69 0 0 1 60 0 0
55.587 1 NAVIGATION 0 2 0. 0. 0. 0. 0 0
55.606 1 ATTITUDE 1.225882 0.763042 0.011984
55.687 1 WIND_INFO 1 42 0. 0. 0.
55.815 1 NAVIGATION 0 2 0. 0. 0. 0. 0 0
55.820 1 PONG 
55.989 1 DOWNLINK_STATUS 0 56 11258 479 0 200. 9. 363.2
56.073 1 GPS 0 0 0 0 0 0 0 0 0 0 1
56.683 1 NAVIGATION 0 2 0. 0. 0. 0. 0 0
56.700 1 ATTITUDE 1.225869 0.766376 0.011131
56.724 1 ALIVE 91,212,27,96,135,58,4,133,68,157,198,145,252,92,6,221
56.784 1 NAVIGATION 0 2 0. 0. 0. 0. 0 0
56.900 1 GPS 0 0 0 0 0 0 0 0 0 0 1
56.990 1 DOWNLINK_STATUS 0 57 11417 485 0 159. 6. 363.2
57.010 1 FBW_STATUS 2 0 1 69 0
57.037 1 NAVIGATION 0 2 0. 0. 0. 0. 0 0
57.056 1 ATTITUDE 1.225795 0.769647 0.010606
57.125 1 NAVIGATION 0 2 0. 0. 0. 0. 0 0
57.270 1 NAVIGATION 0 2 0. 0. 0. 0. 0 0
57.288 1 ATTITUDE 1.225899 0.772859 0.009834
57.323 1 GPS 0 0 0 0 0 0 0 0 0 0 1
57.373 1 NAVIGATION 0 2 0. 0. 0. 0. 0 0
57.448 1 DOWNLINK 0 215 589
57.587 1 NAVIGATION 0 2 0. 0. 0. 0. 0 0
57.605 1 ATTITUDE 1.225801 0.776071 0.009354
57.703 1 GPS 0 0 0 0 0 0 0 0 0 0 1
57.803 1 NAVIGATION 0 2 0. 0. 0. 0. 0 0
57.991 1 DOWNLINK_STATUS 0 58 11719 498 0 302. 13. 363.2
58.087 1 NAVIGATION 0 2 0. 0. 0. 0. 0 0
58.105 1 ATTITUDE 1.225813 0.779174 0.008729
58.174 1 GPS_SOL 0 0 0 0
58.339 1 GPS 0 0 0 0 0 0 0 0 0 0 1
58.366 1 NAVIGATION 0 2 0. 0. 0. 0. 0 0
58.614 1 NAVIGATION 0 2 0. 0. 0. 0. 0 0
58.629 1 FBW_STATUS 2 0 1 69 0
58.648 1 ATTITUDE 1.225857 0.781498 0.007904
58.803 1 NAVIGATION 0 2 0. 0. 0. 0. 0 0
58.920 1 GPS 0 0 0 0 0 0 0 0 0 0 1
58.991 1 DOWNLINK_STATUS 0 59 11957 508 0 238. 10. 363.2
59.087 1 NAVIGATION 0 2 0. 0. 0. 0. 0 0
59.106 1 ATTITUDE 1.225803 0.784056 0.007314
59.302 1 NAVIGATION 0 2 0. 0. 0. 0. 0 0
59.490 1 GPS 0 0 0 0 0 0 0 0 0 0 1
59.601 1 NAVIGATION 0 2 0. 0. 0. 0. 0 0
59.619 1 ATTITUDE 1.238538 0.790427 7.1e-05
59.688 1 COMMANDS 0,-9600,4989,0,0
59.804 1 ACTUATORS 1250,1799,1200,1200,1350
59.871 1 NAVIGATION 0 2 0. 0. 0. 0. 0 0
59.992 1 DOWNLINK_STATUS 0 60 12164 517 0 207. 9. 363.2
60.147 1 NAVIGATION 0 2 0. 0. 0. 0. 0 0
60.165 1 ATTITUDE 1.238561 0.79238 -0.000918
60.200 1 GPS 0 0 0 0 0 0 0 0 0 0 1
60.303 1 NAVIGATION 0 2 0. 0. 0. 0. 0 0
60.602 1 FBW_STATUS 2 0 1 69 0
60.629 1 NAVIGATION 0 2 0. 0. 0. 0. 0 0
60.648 1 ATTITUDE 1.211136 0.794673 0.014185
60.993 1 DOWNLINK_STATUS 0 61 12326 524 0 162. 7. -4637.1
61.167 1 GPS 0 0 0 0 0 0 0 0 0 0 1
61.258 1 PPRZ_MODE 2 0 0 0 0 6
61.285 1 NAVIGATION 0 2 0. 0. 0. 0. 0 0
61.390 1 NAVIGATION 0 2 0. 0. 0. 0. 0 0
61.409 1 ATTITUDE 1.237938 0.805462 -0.004492
61.473 1 PONG 
61.593 1 GPS 0 0 0 0 0 0 0 0 0 0 1
61.620 1 NAVIGATION 0 2 0. 0. 0. 0. 0 0
61.725 1 NAVIGATION 0 2 0. 0. 0. 0. 0 0
61.744 1 ATTITUDE 0.986381 0.814259 0.036758
61.828 1 NAVIGATION 0 2 0. 0. 0. 0. 0 0
61.944 1 GPS 0 0 0 0 0 0 0 0 0 0 1
61.994 1 DOWNLINK_STATUS 0 62 12609 536 0 283. 12. 1015.11
62.086 1 NAVIGATION 0 2 0. 0. 0. 0. 0 0
62.104 1 ATTITUDE 0.59908 0.819013 0.06241
62.303 1 NAVIGATION 0 2 0. 0. 0. 0. 0 0
62.490 1 GPS 0 0 0 0 0 0 0 0 0 0 1
62.602 1 FBW_STATUS 2 0 1 69 0
62.629 1 NAVIGATION 0 2 0. 0. 0. 0. 0 0
62.648 1 ATTITUDE 0.451372 0.817622 0.07376
62.802 1 NAVIGATION 0 2 0. 0. 0. 0. 0 0
62.995 1 DOWNLINK_STATUS 0 63 12797 544 0 188. 8. 1015.11
63.147 1 NAVIGATION 0 2 0. 0. 0. 0. 0 0
63.166 1 ATTITUDE 0.249135 0.818707 0.063649
63.200 1 GPS 0 0 0 0 0 0 0 0 0 0 1
63.304 1 NAVIGATION 0 2 0. 0. 0. 0. 0 0
63.585 1 NAVIGATION 0 2 0. 0. 0. 0. 0 0
63.604 1 ATTITUDE 0.193502 0.812566 0.055181
63.702 1 GPS 0 0 0 0 0 0 0 0 0 0 1
63.802 1 NAVIGATION 0 2 0. 0. 0. 0. 0 0
63.996 1 DOWNLINK_STATUS 0 64 13003 552 0 206. 8. 1015.11
64.086 1 NAVIGATION 0 2 0. 0. 0. 0. 0 0
64.105 1 ATTITUDE 0.160577 0.806946 0.051401
64.337 1 GPS 0 0 0 0 0 0 0 0 0 0 1
64.364 1 NAVIGATION 0 2 0. 0. 0. 0. 0 0
64.602 1 FBW_STATUS 2 0 1 69 0
64.629 1 NAVIGATION 0 2 0. 0. 0. 0. 0 0
64.647 1 ATTITUDE 0.143251 0.798279 0.050573
64.700 1 COMMANDS 0,-2543,-145,0,0
64.816 1 ACTUATORS 1250,1572,1461,1483,1350
64.843 1 NAVIGATION 0 2 0. 0. 0. 0. 0 0
64.942 1 GPS 0 0 0 0 0 0 0 0 0 0 1
64.996 1 DOWNLINK_STATUS 0 65 13258 563 0 255. 11. 1015.11
65.087 1 NAVIGATION 0 2 0. 0. 0. 0. 0 0
65.104 1 ATTITUDE 0.125674 0.79192 0.048512
65.303 1 NAVIGATION 0 2 0. 0. 0. 0. 0 0
65.489 1 GPS 0 0 0 0 0 0 0 0 0 0 1
65.689 1 WIND_INFO 1 42 0. 0. 0.
65.843 1 NAVIGATION 0 2 0. 0. 0. 0. 0 0
65.862 1 ATTITUDE 0.680495 0.71181 0.099413
65.884 1 BAT 0 69 0 0 1 71 0 0
65.997 1 DOWNLINK_STATUS 0 66 13426 570 0 168. 7. -3985.32
66.359 1 NAVIGATION 0 2 0. 0. 0. 0. 0 0
66.426 1 PONG 
66.591 1 NAVIGATION 0 2 0. 0. 0. 0. 0 0
66.610 1 ATTITUDE 0.768502 0.712392 0.086453
66.644 1 GPS 0 0 0 0 0 0 0 0 0 0 1
66.702 1 NAVIGATION 0 2 0. 0. 0. 0. 0 0
66.783 1 ALIVE 91,212,27,96,135,58,4,133,68,157,198,145,252,92,6,221
66.939 1 FBW_STATUS 2 0 1 69 0
66.966 1 NAVIGATION 0 2 0. 0. 0. 0. 0 0
66.985 1 ATTITUDE 0.761694 0.714496 0.090258
66.997 1 DOWNLINK_STATUS 0 67 13643 580 0 217. 10. 967.96
67.019 1 GPS 0 0 0 0 0 0 0 0 0 0 1
67.049 1 PPRZ_MODE 2 0 0 0 0 6
67.076 1 NAVIGATION 0 2 0. 0. 0. 0. 0 0
67.181 1 NAVIGATION 0 2 0. 0. 0. 0. 0 0
67.200 1 ATTITUDE 0.728985 0.717424 0.099028
67.338 1 GPS 0 0 0 0 0 0 0 0 0 0 1
67.365 1 NAVIGATION 0 2 0. 0. 0. 0. 0 0
67.586 1 NAVIGATION 0 2 0. 0. 0. 0. 0 0
67.604 1 ATTITUDE 0.07126 0.770571 0.051772
67.802 1 NAVIGATION 0 2 0. 0. 0. 0. 0 0
67.928 1 GPS 0 0 0 0 0 0 0 0 0 0 1
67.940 1 DOWNLINK 0 222 687
67.997 1 DOWNLINK_STATUS 0 68 13931 592 0 288. 12. 967.96
68.086 1 NAVIGATION 0 2 0. 0. 0. 0. 0 0
68.105 1 ATTITUDE 0.023875 0.765961 0.050225
68.303 1 NAVIGATION 0 2 0. 0. 0. 0. 0 0
68.489 1 GPS 0 0 0 0 0 0 0 0 0 0 1
68.601 1 FBW_STATUS 2 0 1 69 0
68.628 1 NAVIGATION 0 2 0. 0. 0. 0. 0 0
68.647 1 ATTITUDE 0.024188 0.754218 0.050579
68.699 1 GPS_SOL 0 0 0 0
68.812 1 NAVIGATION 0 2 0. 0. 0. 0. 0 0
68.999 1 DOWNLINK_STATUS 0 69 14136 601 0 205. 9. 967.96
69.147 1 NAVIGATION 0 2 0. 0. 0. 0. 0 0
69.165 1 ATTITUDE 0.044094 0.747317 0.051236
69.199 1 GPS 0 0 0 0 0 0 0 0 0 0 1
69.302 1 NAVIGATION 0 2 0. 0. 0. 0. 0 0
69.585 1 NAVIGATION 0 2 0. 0. 0. 0. 0 0
69.604 1 ATTITUDE 0.782859 0.657411 0.093745
69.698 1 COMMANDS 0,-9600,2681,0,0
69.732 1 GPS 0 0 0 0 0 0 0 0 0 0 1
69.815 1 ACTUATORS 1250,1929,1200,1200,1350
69.842 1 NAVIGATION 0 2 0. 0. 0. 0. 0 0
69.999 1 DOWNLINK_STATUS 0 70 14376 611 0 240. 10. 967.96
70.086 1 NAVIGATION 0 2 0. 0. 0. 0. 0 0
70.103 1 ATTITUDE 1.017064 0.693054 0.066822
70.337 1 GPS 0 0 0 0 0 0 0 0 0 0 1
70.364 1 NAVIGATION 0 2 0. 0. 0. 0. 0 0
70.602 1 FBW_STATUS 2 0 1 69 0
70.629 1 NAVIGATION 0 2 0. 0. 0. 0. 0 0
70.648 1 ATTITUDE 1.204236 0.726156 0.054436
70.807 1 NAVIGATION 0 2 0. 0. 0. 0. 0 0
70.899 1 PONG 
70.934 1 GPS 0 0 0 0 0 0 0 0 0 0 1
71.000 1 DOWNLINK_STATUS 0 71 14603 621 0 227. 10. 441.08
71.085 1 NAVIGATION 0 2 0. 0. 0. 0. 0 0
71.103 1 ATTITUDE 1.220769 0.730315 0.043928
71.302 1 NAVIGATION 0 2 0. 0. 0. 0. 0 0
71.489 1 GPS 0 0 0 0 0 0 0 0 0 0 1
71.600 1 NAVIGATION 0 2 0. 0. 0. 0. 0 0
71.618 1 ATTITUDE 1.222307 0.732108 0.041588
71.802 1 NAVIGATION 0 2 0. 0. 0. 0. 0 0
72.001 1 DOWNLINK_STATUS 0 72 14776 628 0 173. 7. 441.08
72.146 1 NAVIGATION 0 2 0. 0. 0. 0. 0 0
72.164 1 ATTITUDE 1.222448 0.733836 0.039248
72.199 1 GPS 0 0 0 0 0 0 0 0 0 0 1
72.303 1 NAVIGATION 0 2 0. 0. 0. 0. 0 0
72.601 1 FBW_STATUS 2 0 1 69 0
72.628 1 NAVIGATION 0 2 0. 0. 0. 0. 0 0
72.647 1 ATTITUDE 1.22277 0.735693 0.03716
72.729 1 GPS 0 0 0 0 0 0 0 0 0 0 1
72.821 1 PPRZ_MODE 2 0 0 0 0 6
72.848 1 NAVIGATION 0 2 0. 0. 0. 0. 0 0
73.002 1 DOWNLINK_STATUS 0 73 15009 638 0 233. 10. 441.08
73.085 1 NAVIGATION 0 2 0. 0. 0. 0. 0 0
73.104 1 ATTITUDE 1.223019 0.737587 0.034816
73.337 1 GPS 0 0 0 0 0 0 0 0 0 0 1
73.364 1 NAVIGATION 0 2 0. 0. 0. 0. 0 0
73.585 1 NAVIGATION 0 2 0. 0. 0. 0. 0 0
73.604 1 ATTITUDE 1.223015 0.739099 0.032747
73.802 1 NAVIGATION 0 2 0. 0. 0. 0. 0 0
73.919 1 GPS 0 0 0 0 0 0 0 0 0 0 1
74.002 1 DOWNLINK_STATUS 0 74 15215 646 0 206. 8. 441.08
74.086 1 NAVIGATION 0 2 0. 0. 0. 0. 0 0
74.104 1 ATTITUDE 1.223601 0.739394 0.030277
74.303 1 NAVIGATION 0 2 0. 0. 0. 0. 0 0
74.489 1 GPS 0 0 0 0 0 0 0 0 0 0 1
74.601 1 FBW_STATUS 2 0 1 69 0
74.628 1 NAVIGATION 0 2 0. 0. 0. 0. 0 0
74.647 1 ATTITUDE 1.221791 0.730296 0.028801
74.700 1 COMMANDS 0,-9600,4613,0,0
74.817 1 ACTUATORS 1250,1784,1200,1200,1350
74.844 1 NAVIGATION 0 2 0. 0. 0. 0. 0 0
75.003 1 DOWNLINK_STATUS 0 75 15437 656 0 222. 10. 441.08
75.146 1 NAVIGATION 0 2 0. 0. 0. 0. 0 0
75.164 1 ATTITUDE 1.221925 0.732534 0.02673
75.198 1 GPS 0 0 0 0 0 0 0 0 0 0 1
75.302 1 NAVIGATION 0 2 0. 0. 0. 0. 0 0
75.585 1 NAVIGATION 0 2 0. 0. 0. 0. 0 0
75.604 1 ATTITUDE 1.221819 0.733961 0.025089
75.688 1 WIND_INFO 1 42 0. 0. 0.
76.004 1 DOWNLINK_STATUS 0 76 15584 662 0 147. 6. -4559.17
76.163 1 GPS 0 0 0 0 0 0 0 0 0 0 1
76.185 1 BAT 0 69 0 0 1 81 0 0
76.259 1 NAVIGATION 0 2 0. 0. 0. 0. 0 0
76.331 1 PONG 
76.458 1 NAVIGATION 0 2 0. 0. 0. 0. 0 0
76.477 1 ATTITUDE 1.222049 0.736193 0.023182
76.602 1 GPS 0 0 0 0 0 0 0 0 0 0 1
76.629 1 NAVIGATION 0 2 0. 0. 0. 0. 0 0
76.742 1 NAVIGATION 0 2 0. 0. 0. 0. 0 0
76.757 1 FBW_STATUS 2 0 1 69 0
76.775 1 ATTITUDE 1.222071 0.738468 0.021444
76.800 1 ALIVE 91,212,27,96,135,58,4,133,68,157,198,145,252,92,6,221
76.850 1 NAVIGATION 0 2 0. 0. 0. 0. 0 0
76.956 1 GPS 0 0 0 0 0 0 0 0 0 0 1
77.005 1 DOWNLINK_STATUS 0 77 15914 676 0 330. 14. 872.26
77.084 1 NAVIGATION 0 2 0. 0. 0. 0. 0 0
77.103 1 ATTITUDE 1.222148 0.74101 0.019843
77.302 1 NAVIGATION 0 2 0. 0. 0. 0. 0 0
77.489 1 GPS 0 0 0 0 0 0 0 0 0 0 1
77.599 1 NAVIGATION 0 2 0. 0. 0. 0. 0 0
77.618 1 ATTITUDE 1.221956 0.742408 0.018196
77.801 1 NAVIGATION 0 2 0. 0. 0. 0. 0 0
78.006 1 DOWNLINK_STATUS 0 78 16087 683 0 173. 7. 872.26
78.146 1 NAVIGATION 0 2 0. 0. 0. 0. 0 0
78.165 1 ATTITUDE 1.221901 0.744183 0.016821
78.199 1 GPS 0 0 0 0 0 0 0 0 0 0 1
78.226 1 DOWNLINK 0 215 782
78.344 1 NAVIGATION 0 2 0. 0. 0. 0. 0 0
78.601 1 FBW_STATUS 2 0 1 69 0
78.628 1 NAVIGATION 0 2 0. 0. 0. 0. 0 0
78.646 1 ATTITUDE 1.223065 0.745664 0.014354
78.728 1 GPS 0 0 0 0 0 0 0 0 0 0 1
78.819 1 PPRZ_MODE 2 0 0 0 0 6
78.846 1 NAVIGATION 0 2 0. 0. 0. 0. 0 0
79.007 1 DOWNLINK_STATUS 0 79 16331 694 0 244. 11. 872.26
79.085 1 NAVIGATION 0 2 0. 0. 0. 0. 0 0
79.103 1 ATTITUDE 1.195681 0.743841 0.011066
79.171 1 GPS_SOL 0 0 0 0
79.337 1 GPS 0 0 0 0 0 0 0 0 0 0 1
79.364 1 NAVIGATION 0 2 0. 0. 0. 0. 0 0
79.584 1 NAVIGATION 0 2 0. 0. 0. 0. 0 0
79.603 1 ATTITUDE 1.1079 0.733499 0.01438
79.671 1 COMMANDS 0,-9600,3976,0,0
79.775 1 ACTUATORS 1250,1757,1200,1200,1350
79.896 1 NAVIGATION 0 2 0. 0. 0. 0. 0 0
79.930 1 GPS 0 0 0 0 0 0 0 0 0 0 1
80.007 1 DOWNLINK_STATUS 0 80 16588 705 0 257. 11. 872.26
80.085 1 NAVIGATION 0 2 0. 0. 0. 0. 0 0
80.104 1 ATTITUDE 1.045844 0.724407 0.014203
80.301 1 NAVIGATION 0 2 0. 0. 0. 0. 0 0
80.489 1 GPS 0 0 0 0 0 0 0 0 0 0 1
80.839 1 NAVIGATION 0 2 0. 0. 0. 0. 0 0
80.854 1 FBW_STATUS 2 0 1 69 0
80.873 1 ATTITUDE 1.033272 0.721552 0.012374
80.942 1 NAVIGATION 0 2 0. 0. 0. 0. 0 0
81.007 1 DOWNLINK_STATUS 0 81 16776 713 0 188. 8. -4128.06
81.008 1 PONG 
81.173 1 NAVIGATION 0 2 0. 0. 0. 0. 0 0
81.192 1 ATTITUDE 1.007194 0.720648 0.010772
81.226 1 GPS 0 0 0 0 0 0 0 0 0 0 1
81.301 1 NAVIGATION 0 2 0. 0. 0. 0. 0 0
81.585 1 NAVIGATION 0 2 0. 0. 0. 0. 0 0
81.604 1 ATTITUDE 0.990013 0.71754 0.009857
81.701 1 GPS 0 0 0 0 0 0 0 0 0 0 1
81.803 1 NAVIGATION 0 2 0. 0. 0. 0. 0 0
82.008 1 DOWNLINK_STATUS 0 82 16988 722 0 212. 9. 549.37
82.084 1 NAVIGATION 0 2 0. 0. 0. 0. 0 0
82.103 1 ATTITUDE 0.965636 0.714136 0.011915
82.337 1 GPS 0 0 0 0 0 0 0 0 0 0 1
82.364 1 NAVIGATION 0 2 0. 0. 0. 0. 0 0
82.613 1 NAVIGATION 0 2 0. 0. 0. 0. 0 0
82.627 1 FBW_STATUS 2 0 1 69 0
82.646 1 ATTITUDE 0.991923 0.713553 0.00774
82.801 1 NAVIGATION 0 2 0. 0. 0. 0. 0 0
82.918 1 GPS 0 0 0 0 0 0 0 0 0 0 1
83.009 1 DOWNLINK_STATUS 0 83 17209 731 0 221. 9. 549.37
83.085 1 NAVIGATION 0 2 0. 0. 0. 0. 0 0
83.103 1 ATTITUDE 1.157796 0.724682 -6.2e-05
83.302 1 NAVIGATION 0 2 0. 0. 0. 0. 0 0
83.489 1 GPS 0 0 0 0 0 0 0 0 0 0 1
83.600 1 NAVIGATION 0 2 0. 0. 0. 0. 0 0
83.617 1 ATTITUDE 1.213978 0.731888 0.000133
83.801 1 NAVIGATION 0 2 0. 0. 0. 0. 0 0
84.010 1 DOWNLINK_STATUS 0 84 17382 738 0 173. 7. 549.37
84.146 1 NAVIGATION 0 2 0. 0. 0. 0. 0 0
84.164 1 ATTITUDE 1.217136 0.736406 -0.0005
84.199 1 GPS 0 0 0 0 0 0 0 0 0 0 1
84.302 1 NAVIGATION 0 2 0. 0. 0. 0. 0 0
84.600 1 FBW_STATUS 2 0 1 69 0
84.627 1 NAVIGATION 0 2 0. 0. 0. 0. 0 0
84.646 1 ATTITUDE 1.217888 0.739464 -0.000902
84.727 1 COMMANDS 0,-9600,4910,0,0
84.763 1 GPS 0 0 0 0 0 0 0 0 0 0 1
84.852 1 ACTUATORS 1250,1798,1200,1200,1350
84.864 1 PPRZ_MODE 2 0 0 0 0 6
84.891 1 NAVIGATION 0 2 0. 0. 0. 0. 0 0
85.010 1 DOWNLINK_STATUS 0 85 17649 750 0 267. 12. 549.37
85.085 1 NAVIGATION 0 2 0. 0. 0. 0. 0 0
85.104 1 ATTITUDE 1.218714 0.742825 -0.001564
85.336 1 GPS 0 0 0 0 0 0 0 0 0 0 1
85.363 1 NAVIGATION 0 2 0. 0. 0. 0. 0 0
85.584 1 NAVIGATION 0 2 0. 0. 0. 0. 0 0
85.603 1 ATTITUDE 1.218954 0.745227 -0.001854
85.688 1 WIND_INFO 1 42 0. 0. 0.
85.774 1 BAT 0 69 0 0 1 91 0 0
86.011 1 DOWNLINK_STATUS 0 86 17817 757 0 168. 7. -4451.32
86.137 1 NAVIGATION 0 2 0. 0. 0. 0. 0 0
86.143 1 PONG 
86.177 1 GPS 0 0 0 0 0 0 0 0 0 0 1
86.261 1 NAVIGATION 0 2 0. 0. 0. 0. 0 0
86.280 1 ATTITUDE 1.219257 0.748189 -0.0021
86.365 1 NAVIGATION 0 2 0. 0. 0. 0. 0 0
86.488 1 GPS 0 0 0 0 0 0 0 0 0 0 1
86.601 1 FBW_STATUS 2 0 1 69 0
86.628 1 NAVIGATION 0 2 0. 0. 0. 0. 0 0
86.647 1 ATTITUDE 1.219452 0.751148 -0.002487
86.760 1 ALIVE 91,212,27,96,135,58,4,133,68,157,198,145,252,92,6,221
86.867 1 NAVIGATION 0 2 0. 0. 0. 0. 0 0
87.012 1 DOWNLINK_STATUS 0 87 18093 769 0 276. 12. 683.51
87.145 1 NAVIGATION 0 2 0. 0. 0. 0. 0 0
87.163 1 ATTITUDE 1.219709 0.753813 -0.002714
87.198 1 GPS 0 0 0 0 0 0 0 0 0 0 1
87.302 1 NAVIGATION 0 2 0. 0. 0. 0. 0 0
87.585 1 NAVIGATION 0 2 0. 0. 0. 0. 0 0
87.602 1 ATTITUDE 1.219838 0.755957 -0.003019
87.700 1 GPS 0 0 0 0 0 0 0 0 0 0 1
87.801 1 NAVIGATION 0 2 0. 0. 0. 0. 0 0
88.013 1 DOWNLINK_STATUS 0 88 18299 777 0 206. 8. 683.51
88.084 1 NAVIGATION 0 2 0. 0. 0. 0. 0 0
88.102 1 ATTITUDE 1.220097 0.758371 -0.003342
88.337 1 GPS 0 0 0 0 0 0 0 0 0 0 1
88.364 1 NAVIGATION 0 2 0. 0. 0. 0. 0 0
88.600 1 FBW_STATUS 2 0 1 69 0
88.627 1 NAVIGATION 0 2 0. 0. 0. 0. 0 0
88.646 1 ATTITUDE 1.220431 0.760483 -0.003423
88.687 1 DOWNLINK 0 220 880
88.806 1 NAVIGATION 0 2 0. 0. 0. 0. 0 0
88.923 1 GPS 0 0 0 0 0 0 0 0 0 0 1
89.013 1 DOWNLINK_STATUS 0 89 18531 787 0 232. 10. 683.51
89.085 1 NAVIGATION 0 2 0. 0. 0. 0. 0 0
89.104 1 ATTITUDE 1.220597 0.762939 -0.00368
89.301 1 NAVIGATION 0 2 0. 0. 0. 0. 0 0
89.487 1 GPS 0 0 0 0 0 0 0 0 0 0 1
89.597 1 NAVIGATION 0 2 0. 0. 0. 0. 0 0
89.616 1 ATTITUDE 1.220687 0.764782 -0.004005
89.697 1 COMMANDS 0,-9600,4925,0,0
89.715 1 GPS_SOL 0 0 0 0
89.814 1 ACTUATORS 1250,1795,1200,1200,1350
89.841 1 NAVIGATION 0 2 0. 0. 0. 0. 0 0
90.014 1 DOWNLINK_STATUS 0 90 18755 797 0 224. 10. 683.51
90.145 1 NAVIGATION 0 2 0. 0. 0. 0. 0 0
90.164 1 ATTITUDE 1.220883 0.76724 -0.004274
90.198 1 GPS 0 0 0 0 0 0 0 0 0 0 1
90.302 1 NAVIGATION 0 2 0. 0. 0. 0. 0 0
90.600 1 FBW_STATUS 2 0 1 69 0
90.627 1 NAVIGATION 0 2 0. 0. 0. 0. 0 0
90.646 1 ATTITUDE 1.22105 0.768878 -0.004475
90.940 1 GPS 0 0 0 0 0 0 0 0 0 0 1
91.015 1 DOWNLINK_STATUS 0 91 18950 805 0 195. 8. -4317.68
91.032 1 PPRZ_MODE 2 0 0 0 0 6
91.058 1 NAVIGATION 0 2 0. 0. 0. 0. 0 0
91.122 1 PONG 
91.234 1 NAVIGATION 0 2 0. 0. 0. 0. 0 0
91.253 1 ATTITUDE 1.221362 0.770956 -0.004744
91.386 1 GPS 0 0 0 0 0 0 0 0 0 0 1
91.413 1 NAVIGATION 0 2 0. 0. 0. 0. 0 0
91.584 1 NAVIGATION 0 2 0. 0. 0. 0. 0 0
91.603 1 ATTITUDE 1.221421 0.772963 -0.004858
91.802 1 NAVIGATION 0 2 0. 0. 0. 0. 0 0
91.917 1 GPS 0 0 0 0 0 0 0 0 0 0 1
92.016 1 DOWNLINK_STATUS 0 92 19200 816 0 250. 11. 661.42
92.084 1 NAVIGATION 0 2 0. 0. 0. 0. 0 0
92.103 1 ATTITUDE 1.221532 0.774649 -0.0052
92.301 1 NAVIGATION 0 2 0. 0. 0. 0. 0 0
92.488 1 GPS 0 0 0 0 0 0 0 0 0 0 1
92.600 1 FBW_STATUS 2 0 1 69 0
92.627 1 NAVIGATION 0 2 0. 0. 0. 0. 0 0
92.646 1 ATTITUDE 1.221627 0.775829 -0.005459
92.800 1 NAVIGATION 0 2 0. 0. 0. 0. 0 0
93.017 1 DOWNLINK_STATUS 0 93 19388 824 0 188. 8. 661.42
93.145 1 NAVIGATION 0 2 0. 0. 0. 0. 0 0
93.163 1 ATTITUDE 1.221669 0.777479 -0.005816
93.198 1 GPS 0 0 0 0 0 0 0 0 0 0 1
93.301 1 NAVIGATION 0 2 0. 0. 0. 0. 0 0
93.584 1 NAVIGATION 0 2 0. 0. 0. 0. 0 0
93.602 1 ATTITUDE 1.221897 0.778829 -0.006076
93.700 1 GPS 0 0 0 0 0 0 0 0 0 0 1
93.801 1 NAVIGATION 0 2 0. 0. 0. 0. 0 0
94.018 1 DOWNLINK_STATUS 0 94 19594 832 0 206. 8. 661.42
94.084 1 NAVIGATION 0 2 0. 0. 0. 0. 0 0
94.103 1 ATTITUDE 1.222118 0.780467 -0.006439
94.336 1 GPS 0 0 0 0 0 0 0 0 0 0 1
94.363 1 NAVIGATION 0 2 0. 0. 0. 0. 0 0
94.600 1 FBW_STATUS 2 0 1 69 0
94.627 1 NAVIGATION 0 2 0. 0. 0. 0. 0 0
94.646 1 ATTITUDE 1.222283 0.781791 -0.006736
94.699 1 COMMANDS 0,-9600,4945,0,0
94.816 1 ACTUATORS 1250,1797,1200,1200,1350
94.843 1 NAVIGATION 0 2 0. 0. 0. 0. 0 0
94.942 1 GPS 0 0 0 0 0 0 0 0 0 0 1
95.018 1 DOWNLINK_STATUS 0 95 19849 843 0 255. 11. 661.42
95.084 1 NAVIGATION 0 2 0. 0. 0. 0. 0 0
95.103 1 ATTITUDE 1.22246 0.783386 -0.006917
95.301 1 NAVIGATION 0 2 0. 0. 0. 0. 0 0
95.488 1 GPS 0 0 0 0 0 0 0 0 0 0 1
95.689 1 WIND_INFO 1 42 0. 0. 0.
95.903 1 NAVIGATION 0 2 0. 0. 0. 0. 0 0
95.923 1 ATTITUDE 1.22259 0.784586 -0.007204
96.020 1 DOWNLINK_STATUS 0 96 19996 849 0 147. 6. -4338.71
96.497 1 NAVIGATION 0 2 0. 0. 0. 0. 0 0
96.561 1 BAT 0 69 0 0 1 101 0 0
96.727 1 NAVIGATION 0 2 0. 0. 0. 0. 0 0
96.746 1 ATTITUDE 1.222893 0.786373 -0.007392
96.780 1 GPS 0 0 0 0 0 0 0 0 0 0 1
96.814 1 PONG 
96.842 1 NAVIGATION 0 2 0. 0. 0. 0. 0 0
96.954 1 FBW_STATUS 2 0 1 69 0
96.981 1 NAVIGATION 0 2 0. 0. 0. 0. 0 0
96.999 1 ATTITUDE 1.222992 0.787756 -0.007574
97.021 1 DOWNLINK_STATUS 0 97 20211 859 0 215. 10. 1353.36
97.082 1 GPS 0 0 0 0 0 0 0 0 0 0 1
97.173 1 PPRZ_MODE 2 0 0 0 0 6
97.200 1 NAVIGATION 0 2 0. 0. 0. 0. 0 0
97.321 1 ALIVE 91,212,27,96,135,58,4,133,68,157,198,145,252,92,6,221
97.348 1 NAVIGATION 0 2 0. 0. 0. 0. 0 0
97.366 1 ATTITUDE 1.223056 0.789637 -0.007722
97.461 1 GPS 0 0 0 0 0 0 0 0 0 0 1
97.488 1 NAVIGATION 0 2 0. 0. 0. 0. 0 0
97.584 1 NAVIGATION 0 2 0. 0. 0. 0. 0 0
97.603 1 ATTITUDE 1.223074 0.791215 -0.007622
97.800 1 NAVIGATION 0 2 0. 0. 0. 0. 0 0
97.916 1 GPS 0 0 0 0 0 0 0 0 0 0 1
98.022 1 DOWNLINK_STATUS 0 98 20511 871 0 300. 12. 1353.36
98.084 1 NAVIGATION 0 2 0. 0. 0. 0. 0 0
98.103 1 ATTITUDE 1.223164 0.792544 -0.007721
98.301 1 NAVIGATION 0 2 0. 0. 0. 0. 0 0
98.488 1 GPS 0 0 0 0 0 0 0 0 0 0 1
98.599 1 FBW_STATUS 2 0 1 69 0
98.627 1 NAVIGATION 0 2 0. 0. 0. 0. 0 0
98.645 1 ATTITUDE 1.223193 0.793332 -0.007906
98.801 1 NAVIGATION 0 2 0. 0. 0. 0. 0 0
99.023 1 DOWNLINK_STATUS 0 99 20699 879 0 188. 8. 1353.36
99.165 1 NAVIGATION 0 2 0. 0. 0. 0. 0 0
99.184 1 ATTITUDE 1.223487 0.7943 -0.008068
99.218 1 GPS 0 0 0 0 0 0 0 0 0 0 1
99.228 1 DOWNLINK 0 222 978
99.301 1 NAVIGATION 0 2 0. 0. 0. 0. 0 0
99.583 1 NAVIGATION 0 2 0. 0. 0. 0. 0 0
99.602 1 ATTITUDE 1.223666 0.79503 -0.008186
99.696 1 COMMANDS 0,-9600,4973,0,0
99.731 1 GPS 0 0 0 0 0 0 0 0 0 0 1
99.813 1 ACTUATORS 1250,1799,1200,1200,1350
99.840 1 NAVIGATION 0 2 0. 0. 0. 0. 0 0
100.023 1 DOWNLINK_STATUS 0 100 20950 890 0 251. 11. 1353.36
100.084 1 NAVIGATION 0 2 0. 0. 0. 0. 0 0
100.102 1 ATTITUDE 1.223725 0.796251 -0.00836
100.170 1 GPS_SOL 0 0 0 0
100.335 1 GPS 0 0 0 0 0 0 0 0 0 0 1
100.362 1 NAVIGATION 0 2 0. 0. 0. 0. 0 0
100.600 1 FBW_STATUS 2 0 1 69 0
100.627 1 NAVIGATION 0 2 0. 0. 0. 0. 0 0
100.646 1 ATTITUDE 1.223962 0.797274 -0.008423
100.806 1 NAVIGATION 0 2 0. 0. 0. 0. 0 0
100.898 1 PONG 
100.933 1 GPS 0 0 0 0 0 0 0 0 0 0 1
101.024 1 DOWNLINK_STATUS 0 101 21194 901 0 244. 11. 437.
101.083 1 NAVIGATION 0 2 0. 0. 0. 0. 0 0
101.102 1 ATTITUDE 1.224169 0.798223 -0.008483
101.300 1 NAVIGATION 0 2 0. 0. 0. 0. 0 0
101.488 1 GPS 0 0 0 0 0 0 0 0 0 0 1
101.598 1 NAVIGATION 0 2 0. 0. 0. 0. 0 0
101.617 1 ATTITUDE 1.224377 0.798758 -0.008622
101.801 1 NAVIGATION 0 2 0. 0. 0. 0. 0 0
102.025 1 DOWNLINK_STATUS 0 102 21367 908 0 173. 7. 437.
102.144 1 NAVIGATION 0 2 0. 0. 0. 0. 0 0
102.163 1 ATTITUDE 1.224564 0.799484 -0.008577
102.197 1 GPS 0 0 0 0 0 0 0 0 0 0 1
102.300 1 NAVIGATION 0 2 0. 0. 0. 0. 0 0
102.599 1 FBW_STATUS 2 0 1 69 0
102.626 1 NAVIGATION 0 2 0. 0. 0. 0. 0 0
102.645 1 ATTITUDE 1.224745 0.799988 -0.008687
102.727 1 GPS 0 0 0 0 0 0 0 0 0 0 1
102.821 1 PPRZ_MODE 2 0 0 0 0 6
102.845 1 NAVIGATION 0 2 0. 0. 0. 0. 0 0
103.026 1 DOWNLINK_STATUS 0 103 21600 918 0 233. 10. 437.
103.083 1 NAVIGATION 0 2 0. 0. 0. 0. 0 0
103.102 1 ATTITUDE 1.224839 0.801054 -0.008695
103.335 1 GPS 0 0 0 0 0 0 0 0 0 0 1
103.362 1 NAVIGATION 0 2 0. 0. 0. 0. 0 0
103.583 1 NAVIGATION 0 2 0. 0. 0. 0. 0 0
103.602 1 ATTITUDE 1.225009 0.801441 -0.00886
103.800 1 NAVIGATION 0 2 0. 0. 0. 0. 0 0
103.916 1 GPS 0 0 0 0 0 0 0 0 0 0 1
104.026 1 DOWNLINK_STATUS 0 104 21806 926 0 206. 8. 437.
104.083 1 NAVIGATION 0 2 0. 0. 0. 0. 0 0
104.102 1 ATTITUDE 1.225055 0.802135 -0.008987
104.300 1 NAVIGATION 0 2 0. 0. 0. 0. 0 0
104.487 1 GPS 0 0 0 0 0 0 0 0 0 0 1
104.611 1 NAVIGATION 0 2 0. 0. 0. 0. 0 0
104.626 1 FBW_STATUS 2 0 1 69 0
104.645 1 ATTITUDE 1.225245 0.802541 -0.009096
