268.007 1 ATTITUDE 0. 0. 0.
268.010 1 PPRZ_MODE 0 0 0 0 0 17
268.016 1 DESIRED 0. 0. 0. 0. 0. 655. 0. 20.
268.019 1 ESTIMATOR -17. 0.
268.022 1 BAT 54 3 0 0 1 1 0 0
268.025 1 ATTITUDE 0. 0. 0.
268.028 1 PPRZ_MODE 0 0 0 0 0 17
268.032 1 WP_MOVED 3 348965.09375 5945786. 660. 12
268.034 1 IMU_ACCEL -0.018555 -9.814453 0.660156
268.036 1 DOWNLINK 1 281 74
268.042 1 GPS 0 1130805120 0 0 -17000 0 0 1783 584645250 12 5
268.044 1 SVINFO 5 7 16 1 0 -91 0
268.049 1 NAVIGATION 0 2 10959186. -5945715. 0. 1.55455284314e+14 0 0
268.098 1 DOWNLINK_STATUS 0 268 1673 83 1 768. 39. -1.39490782737e+12
268.155 1 ATTITUDE 0. 0. 0.
268.157 1 PPRZ_MODE 0 0 0 0 0 17
268.164 1 DESIRED 0. 0. 0. 0. 0. 655. 0. 20.
268.167 1 NAVIGATION_REF 348865 5945715 12
268.262 1 ATTITUDE 0. 0. 0.
268.264 1 PPRZ_MODE 0 0 0 0 0 17
268.527 1 ATTITUDE 0. 0. 0.
268.530 1 PPRZ_MODE 0 0 0 0 0 17
268.536 1 DESIRED 0. 0. 0. 0. 0. 655. 0. 20.
268.542 1 GPS 0 1130805120 0 0 -17000 0 0 1783 584645500 12 6
268.544 1 SVINFO 6 8 16 1 0 -91 0
268.549 1 NAVIGATION 0 2 10959186. -5945715. 0. 1.55455284314e+14 0 0
268.552 1 ATTITUDE 0. 0. 0.
268.554 1 PPRZ_MODE 0 0 0 0 0 17
268.556 1 ESTIMATOR -17. 0.
268.561 1 NAVIGATION 0 2 10959186. -5945715. 0. 1.55455284314e+14 0 0
268.564 1 IMU_MAG 0.329102 1.18457 0.035156
268.815 1 ATTITUDE 0. 0. 0.
268.817 1 PPRZ_MODE 0 0 0 0 0 17
268.824 1 DESIRED 0. 0. 0. 0. 0. 655. 0. 20.
268.827 1 WP_MOVED 4 348764.6875 5945795. 660. 12
268.833 1 GPS 0 1130805120 0 0 -17000 0 0 1783 584645750 12 7
268.835 1 SVINFO 7 9 16 1 0 -91 0
268.838 1 FBW_STATUS 0 51 0 3 0
268.843 1 NAVIGATION 0 2 10959186. -5945715. 0. 1.55455284314e+14 0 0
268.846 1 ATTITUDE 0. 0. 0.
268.848 1 PPRZ_MODE 0 0 0 0 0 17
268.851 1 ATTITUDE 0. 0. 0.
268.853 1 PPRZ_MODE 0 0 0 0 0 17
268.921 1 DESIRED 0. 0. 0. 0. 0. 655. 0. 20.
268.923 1 DL_VALUE 1 0.
269.099 1 DOWNLINK_STATUS 0 269 2300 114 1 627. 31. -1.39490782737e+12
269.100 1 ATTITUDE 0. 0. 0.
269.102 1 PPRZ_MODE 0 0 0 0 0 17
269.108 1 GPS 0 1130805120 0 0 -17000 0 0 1783 584646000 12 8
269.109 1 SVINFO 8 10 16 1 0 -91 0
269.113 1 IMU_ACCEL -0.02832 -9.857422 0.68457
269.118 1 NAVIGATION 0 2 10959186. -5945715. 0. 1.55455284314e+14 0 0
269.262 1 ATTITUDE 0. 0. 0.
269.264 1 PPRZ_MODE 0 0 0 0 0 17
269.272 1 DESIRED 0. 0. 0. 0. 0. 655. 0. 20.
269.273 1 ESTIMATOR -17. 0.
269.276 1 IMU_GYRO -0.040283 0.010498 -0.00415
269.538 1 ATTITUDE 0. 0. 0.
269.540 1 PPRZ_MODE 0 0 0 0 0 17
269.543 1 WP_MOVED 5 348740. 5945760. 660. 12
269.547 1 BAT 54 3 0 0 1 2 0 0
269.553 1 GPS 0 1130805120 0 0 -17000 0 0 1783 584646250 12 9
269.555 1 SVINFO 9 11 16 1 0 -91 0
269.560 1 NAVIGATION 0 2 10959186. -5945715. 0. 1.55455284314e+14 0 0
269.563 1 ATTITUDE 0. 0. 0.
269.565 1 PPRZ_MODE 0 0 0 0 0 17
269.572 1 DESIRED 0. 0. 0. 0. 0. 655. 0. 20.
269.575 1 ATTITUDE 0. 0. 0.
269.577 1 PPRZ_MODE 0 0 0 0 0 17
269.825 1 ATTITUDE 0. 0. 0.
269.827 1 PPRZ_MODE 0 0 0 0 0 17
269.834 1 DESIRED 0. 0. 0. 0. 0. 655. 0. 20.
269.840 1 GPS 0 1130805120 0 0 -17000 0 0 1783 584646500 12 10
269.842 1 SVINFO 10 12 16 6 31 -91 0
269.847 1 NAVIGATION 0 2 10959186. -5945715. 0. 1.55455284314e+14 0 0
269.850 1 ATTITUDE 0. 0. 0.
269.852 1 PPRZ_MODE 0 0 0 0 0 17
269.854 1 ESTIMATOR -17. 0.
269.859 1 NAVIGATION 0 2 10959186. -5945715. 0. 1.55455284314e+14 0 0
269.862 1 ATTITUDE 0. 0. 0.
269.864 1 PPRZ_MODE 0 0 0 0 0 17
269.966 1 DESIRED 0. 0. 0. 0. 0. 655. 0. 20.
269.969 1 WP_MOVED 6 348665. 5945815. 660. 12
269.973 1 IMU_GYRO -0.041504 0.011475 -0.003174
269.974 1 CALIBRATION 0. 0
270.099 1 DOWNLINK_STATUS 0 270 3091 153 1 791. 39. -1.39490782737e+12
270.146 1 GPS 0 1130805120 0 0 -17000 0 0 1783 584646750 12 11
270.149 1 SVINFO 11 13 16 1 0 -91 0
270.153 1 NAVIGATION 0 2 10959186. -5945715. 0. 1.55455284314e+14 0 0
270.156 1 ATTITUDE 0. 0. 0.
270.158 1 PPRZ_MODE 0 0 0 0 0 17
270.162 1 IMU_ACCEL -0.018555 -9.857422 0.704102
270.364 1 ATTITUDE 0. 0. 0.
270.366 1 PPRZ_MODE 0 0 0 0 0 17
270.372 1 DESIRED 0. 0. 0. 0. 0. 655. 0. 20.
270.376 1 IMU_MAG 0.336426 1.179199 0.017578
270.379 1 ATTITUDE 0. 0. 0.
270.380 1 PPRZ_MODE 0 0 0 0 0 17
270.386 1 GPS 0 1130805120 0 0 -17000 0 0 1783 584647000 12 12
270.389 1 SVINFO 12 14 16 1 0 -91 0
270.389 1 STATE_FILTER_STATUS 2 0
270.941 1 NAVIGATION 0 2 10959186. -5945715. 0. 1.55455284314e+14 0 0
270.944 1 ATTITUDE 0. 0. 0.
270.946 1 PPRZ_MODE 0 0 0 0 0 17
270.953 1 DESIRED 0. 0. 0. 0. 0. 655. 0. 20.
270.955 1 ESTIMATOR -17. 0.
271.100 1 DOWNLINK_STATUS 0 271 3492 173 1 401. 20. -1.39490783237e+12
271.584 1 ATTITUDE 0. 0. 0.
271.587 1 PPRZ_MODE 0 0 0 0 0 17
271.590 1 WP_MOVED 7 349065. 5946015. 660. 12
271.596 1 GPS 0 1130805120 0 0 -17000 0 0 1783 584647250 12 13
271.598 1 SVINFO 13 15 16 1 0 -91 0
271.603 1 NAVIGATION 0 2 10959186. -5945715. 0. 1.55455284314e+14 0 0
271.606 1 ATTITUDE 0. 0. 0.
271.608 1 PPRZ_MODE 0 0 0 0 0 17
271.615 1 DESIRED 0. 0. 0. 0. 0. 655. 0. 20.
271.618 1 IMU_GYRO -0.045654 0.010498 -0.003174
271.621 1 BAT 54 3 0 0 1 3 0 0
271.624 1 ATTITUDE 0. 0. 0.
271.838 1 PPRZ_MODE 0 0 0 0 0 17
271.839 1 DL_VALUE 2 655.
271.842 1 ENERGY 0.3 0. 0 0.
272.100 1 DOWNLINK_STATUS 0 272 3783 188 1 291. 15. -1.39490783237e+12
272.772 1 ATTITUDE 0. 0. 0.
272.774 1 PPRZ_MODE 0 0 0 0 0 17
272.781 1 DESIRED 0. 0. 0. 0. 0. 655. 0. 20.
272.786 1 GPS 0 1130805120 0 0 -17000 0 0 1783 584647500 12 14
272.789 1 SVINFO 14 16 16 1 0 -91 0
272.793 1 NAVIGATION 0 2 10959186. -5945715. 0. 1.55455284314e+14 0 0
272.796 1 ATTITUDE 0. 0. 0.
272.798 1 PPRZ_MODE 0 0 0 0 0 17
272.801 1 ESTIMATOR -17. 0.
272.804 1 IMU_ACCEL 0.023438 -9.829102 0.704102
272.809 1 NAVIGATION 0 2 10959186. -5945715. 0. 1.55455284314e+14 0 0
272.812 1 ATTITUDE 0. 0. 0.
273.067 1 PPRZ_MODE 0 0 0 0 0 17
273.074 1 DESIRED 0. 0. 0. 0. 0. 655. 0. 20.
273.077 1 WP_MOVED 8 349447.90625 5946767.5 660. 12
273.101 1 DOWNLINK_STATUS 0 273 4100 203 1 317. 15. -1.39490783237e+12
273.495 1 GPS 0 1130805120 0 0 -17000 0 0 1783 584647750 12 15
273.497 1 SVINFO 15 32 16 6 29 -91 0
273.500 1 FBW_STATUS 0 50 0 3 0
273.504 1 NAVIGATION 0 2 10959186. -5945715. 0. 1.55455284314e+14 0 0
273.507 1 ATTITUDE 0. 0. 0.
273.509 1 PPRZ_MODE 0 0 0 0 0 17
273.725 1 ATTITUDE 0. 0. 0.
273.728 1 PPRZ_MODE 0 0 0 0 0 17
273.734 1 DESIRED 0. 0. 0. 0. 0. 655. 0. 20.
273.737 1 IMU_GYRO -0.043457 0.011475 -0.001953
273.740 1 ATTITUDE 0. 0. 0.
273.742 1 PPRZ_MODE 0 0 0 0 0 17
273.748 1 GPS 0 1130805120 0 0 -17000 0 0 1783 584648000 12 16
273.751 1 SVINFO 0 1 16 4 21 -91 0
273.755 1 NAVIGATION 0 2 10959186. -5945715. 0. 1.55455284314e+14 0 0
273.968 1 ATTITUDE 0. 0. 0.
273.970 1 PPRZ_MODE 0 0 0 0 0 17
273.979 1 DESIRED 0. 0. 0. 0. 0. 655. 0. 20.
273.980 1 ESTIMATOR -17. 0.
273.982 1 ATTITUDE 0. 0. 0.
273.987 1 PPRZ_MODE 0 0 0 0 0 17
273.988 1 WP_MOVED 9 349369.3125 5945408. 660. 12
273.991 1 IMU_MAG 0.331055 1.181152 0.037109
273.997 1 GPS 0 1130805120 0 0 -17000 0 0 1783 584648250 12 1
273.999 1 SVINFO 1 3 16 1 0 -91 0
274.102 1 DOWNLINK_STATUS 0 274 4604 228 1 504. 25. -1.39490783237e+12
274.180 1 NAVIGATION 0 2 10959186. -5945715. 0. 1.55455284314e+14 0 0
274.183 1 ATTITUDE 0. 0. 0.
274.185 1 PPRZ_MODE 0 0 0 0 0 17
274.191 1 DESIRED 0. 0. 0. 0. 0. 655. 0. 20.
274.194 1 ATTITUDE 0. 0. 0.
274.197 1 PPRZ_MODE 0 0 0 0 0 17
274.200 1 IMU_ACCEL -0.013672 -9.824219 0.651367
274.203 1 BAT 54 3 0 0 1 4 0 0
274.465 1 ATTITUDE 0. 0. 0.
274.468 1 PPRZ_MODE 0 0 0 0 0 17
274.475 1 DESIRED 0. 0. 0. 0. 0. 655. 0. 20.
274.480 1 GPS 0 1130805120 0 0 -17000 0 0 1783 584648500 12 2
274.482 1 SVINFO 2 4 16 1 0 -91 0
274.491 1 NAVIGATION 0 2 10959186. -5945715. 0. 1.55455284314e+14 0 0
274.491 1 ATTITUDE 0. 0. 0.
274.492 1 PPRZ_MODE 0 0 0 0 0 17
274.494 1 ESTIMATOR -17. 0.
274.500 1 NAVIGATION 0 2 10959186. -5945715. 0. 1.55455284314e+14 0 0
274.502 1 ATTITUDE 0. 0. 0.
274.504 1 PPRZ_MODE 0 0 0 0 0 17
274.754 1 DESIRED 0. 0. 0. 0. 0. 655. 0. 20.
274.758 1 WP_MOVED 10 348852.40625 5945427. 660. 12
274.763 1 GPS 0 1130805120 0 0 -17000 0 0 1783 584648750 12 3
274.766 1 SVINFO 3 5 16 1 0 -91 0
274.770 1 NAVIGATION 0 2 10959186. -5945715. 0. 1.55455284314e+14 0 0
274.778 1 ATTITUDE 0. 0. 0.
274.780 1 PPRZ_MODE 0 0 0 0 0 17
274.787 1 DESIRED 0. 0. 0. 0. 0. 655. 0. 20.
274.789 1 DL_VALUE 3 0.
274.792 1 ACTUATORS 1188,1559,1511,1511,1353
275.038 1 ATTITUDE 0. 0. 0.
275.040 1 PPRZ_MODE 0 0 0 0 0 17
275.046 1 GPS 0 1130805120 0 0 -17000 0 0 1783 584649000 12 4
275.049 1 SVINFO 4 6 16 1 0 -91 0
275.053 1 NAVIGATION 0 2 10959186. -5945715. 0. 1.55455284314e+14 0 0
275.056 1 ATTITUDE 0. 0. 0.
275.058 1 PPRZ_MODE 0 0 0 0 0 17
275.073 1 GPS 0 1130805120 0 0 -17000 0 0 1783 584649500 12 6
275.075 1 SVINFO 6 9 16 1 0 -91 0
275.080 1 NAVIGATION 0 2 10959186. -5945715. 0. 1.55455284314e+14 0 0
275.102 1 DOWNLINK_STATUS 0 275 5441 268 3 837. 40. -1.39490783237e+12
275.326 1 ATTITUDE 0. 0. 0.
275.328 1 PPRZ_MODE 0 0 0 0 0 17
275.330 1 ESTIMATOR -17. 0.
275.335 1 NAVIGATION 0 2 10959186. -5945715. 0. 1.55455284314e+14 0 0
275.338 1 ATTITUDE 0. 0. 0.
275.340 1 PPRZ_MODE 0 0 0 0 0 17
275.347 1 DESIRED 0. 0. 0. 0. 0. 655. 0. 20.
275.358 1 ATTITUDE 0. 0. 0.
275.360 1 PPRZ_MODE 0 0 0 0 0 17
275.363 1 ATTITUDE 0.068851 -2.887774 -0.034816
275.365 1 PPRZ_MODE 0 0 0 0 0 17
275.614 1 DESIRED 0. 0.01 0. 0. 0. 655. 0. 20.
275.617 1 ENERGY 0.3 0. 0 0.
275.620 1 ATTITUDE 0.068836 -2.888336 -0.03484
275.622 1 PPRZ_MODE 0 0 0 0 0 17
275.629 1 GPS 0 1130805120 0 0 -17000 0 0 1783 584650000 12 8
275.630 1 SVINFO 8 11 16 1 0 -91 0
275.633 1 IMU_ACCEL 0.008789 -9.833008 0.694336
275.646 1 DESIRED 0. 0.01 0. 0. 0. 655. 0. 20.
275.649 1 WP_MOVED 14 348242.3125 5945836.5 660. 12
275.655 1 GPS 0 1130805120 0 0 -17000 0 0 1783 584650750 12 11
276.103 1 DOWNLINK_STATUS 0 276 5883 289 5 442. 21. -1.39490783737e+12
276.338 1 SVINFO 11 14 16 1 0 -91 0
276.343 1 NAVIGATION 0 2 10959186. -5945715. 0. 1.55455284314e+14 0 0
276.346 1 ATTITUDE 0.068899 -2.888108 -0.035062
276.348 1 PPRZ_MODE 0 0 0 0 0 17
276.351 1 IMU_ACCEL -0.008789 -9.799805 0.679688
276.354 1 IMU_MAG 0.341309 1.175781 0.027344
276.357 1 ATTITUDE 0.06886 -2.887683 -0.035137
276.364 1 PPRZ_MODE 0 0 0 0 0 17
276.370 1 GPS 0 1130805120 0 0 -17000 0 0 1783 584651000 12 12
276.373 1 SVINFO 12 15 16 1 0 -91 0
276.377 1 NAVIGATION 0 2 10959186. -5945715. 0. 1.55455284314e+14 0 0
276.380 1 ATTITUDE 0.068879 -2.888261 -0.035198
276.625 1 PPRZ_MODE 0 0 0 0 0 17
276.632 1 DESIRED 0. 0.01 0. 0. 0. 655. 0. 20.
276.634 1 ESTIMATOR -17. 0.
276.637 1 ATTITUDE 0.068802 -2.888488 -0.035254
276.639 1 PPRZ_MODE 0 0 0 0 0 17
276.643 1 WP_MOVED 15 348610.09375 5946017. 660. 12
276.652 1 PPRZ_MODE 0 0 0 0 0 17
276.658 1 DESIRED 0. 0.01 0. 0. 0. 655. 0. 20.
276.664 1 GPS 0 1130805120 0 0 -17000 0 0 1783 584651500 12 14
276.666 1 SVINFO 14 18 16 1 0 -91 0
276.915 1 NAVIGATION 0 2 10959186. -5945715. 0. 1.55455284314e+14 0 0
276.917 1 ATTITUDE 0.068831 -2.889157 -0.035367
276.919 1 PPRZ_MODE 0 0 0 0 0 17
276.921 1 ESTIMATOR -17. 0.
276.925 1 IMU_ACCEL -0.008789 -9.814453 0.694336
276.929 1 NAVIGATION 0 2 10959186. -5945715. 0. 1.55455284314e+14 0 0
276.932 1 ATTITUDE 0.068882 -2.889347 -0.035389
276.934 1 PPRZ_MODE 0 0 0 0 0 17
276.942 1 DESIRED 0. 0.01 0. 0. 0. 655. 0. 20.
276.944 1 WP_MOVED 16 348775.09375 5946191. 660. 12
276.948 1 BAT 54 3 0 0 1 7 0 0
276.954 1 GPS 0 1130805120 0 0 -17000 0 0 1783 584651750 12 15
276.956 1 SVINFO 15 32 16 4 29 -91 0
277.104 1 DOWNLINK_STATUS 0 277 6591 324 7 708. 35. -1.39490783737e+12
277.201 1 NAVIGATION 0 2 10959186. -5945715. 0. 1.55455284314e+14 0 0
277.204 1 FBW_STATUS 0 50 0 3 0
277.207 1 ATTITUDE 0.06862 -2.889859 -0.035431
277.209 1 PPRZ_MODE 0 0 0 0 0 17
277.212 1 ATTITUDE 0.068848 -2.890044 -0.035461
277.214 1 PPRZ_MODE 0 0 0 0 0 17
277.221 1 DESIRED 0. 0.01 0. 0. 0. 655. 0. 20.
277.223 1 DL_VALUE 5 0.
277.226 1 ATTITUDE 0.068789 -2.889878 -0.035472
277.228 1 PPRZ_MODE 0 0 0 0 0 17
277.234 1 GPS 0 1130805120 0 0 -17000 0 0 1783 584652000 12 16
277.236 1 SVINFO 0 1 16 4 20 -91 0
277.240 1 NAVIGATION 0 2 10959186. -5945715. 0. 1.55455284314e+14 0 0
277.487 1 ATTITUDE 0.06902 -2.890157 -0.035515
277.489 1 PPRZ_MODE 0 0 0 0 0 17
277.496 1 DESIRED 0. 0.01 0. 0. 0. 655. 0. 20.
277.498 1 ESTIMATOR -17. 0.
277.501 1 IMU_GYRO -0.047852 0.010498 -0.00415
277.504 1 IMU_MAG 0.337891 1.179199 0.021484
277.507 1 ATTITUDE 0.068979 -2.889698 -0.035527
277.509 1 PPRZ_MODE 0 0 0 0 0 17
277.513 1 WP_MOVED 17 348944.6875 5946570. 660. 12
277.519 1 GPS 0 1130805120 0 0 -17000 0 0 1783 584652250 12 1
277.521 1 SVINFO 1 4 16 3 16 -91 0
277.526 1 NAVIGATION 0 2 10959186. -5945715. 0. 1.55455284314e+14 0 0
277.772 1 ATTITUDE 0.068863 -2.890009 -0.03554
277.774 1 PPRZ_MODE 0 0 0 0 0 17
277.780 1 DESIRED 0. 0.01 0. 0. 0. 655. 0. 20.
277.783 1 ATTITUDE 0.06926 -2.890305 -0.035626
277.785 1 PPRZ_MODE 0 0 0 0 0 17
277.789 1 IMU_ACCEL -0.013672 -9.814453 0.699219
277.792 1 ENERGY 0.3 0. 0 0.
277.795 1 ATTITUDE 0.068896 -2.890136 -0.035621
277.797 1 PPRZ_MODE 0 0 0 0 0 17
277.804 1 DESIRED 0. 0.01 0. 0. 0. 655. 0. 20.
277.810 1 GPS 0 1130805120 0 0 -17000 0 0 1783 584652500 12 2
277.812 1 SVINFO 2 5 16 3 20 -91 0
278.059 1 NAVIGATION 0 2 10959186. -5945715. 0. 1.55455284314e+14 0 0
278.061 1 ATTITUDE 0.069153 -2.890178 -0.03569
278.064 1 PPRZ_MODE 0 0 0 0 0 17
278.066 1 ESTIMATOR -17. 0.
278.071 1 NAVIGATION 0 2 10959186. -5945715. 0. 1.55455284314e+14 0 0
278.074 1 ATTITUDE 0.068743 -2.890095 -0.035712
278.076 1 PPRZ_MODE 0 0 0 0 0 17
278.093 1 DESIRED 0. 0.01 0. 0. 0. 655. 0. 20.
278.094 1 WP_MOVED 18 348975. 5946791.5 660. 12
278.094 1 IMU_GYRO -0.047852 0.011475 -0.005127
278.095 1 GPS 0 1130805120 0 0 -17000 0 0 1783 584652750 12 3
278.097 1 SVINFO 3 6 16 1 0 -91 0
278.103 1 NAVIGATION 0 2 10959186. -5945715. 0. 1.55455284314e+14 0 0
278.105 1 DOWNLINK_STATUS 0 278 7611 374 7 1020. 50. -1.39490783737e+12
278.225 1 WIND_INFO 1 42 0. 0. 0.
278.348 1 ATTITUDE 0.06895 -2.890109 -0.035737
278.350 1 PPRZ_MODE 0 0 0 0 0 17
278.354 1 BAT 1254 3 0 0 1 9 0 0
278.357 1 ATTITUDE 0.06886 -2.890635 -0.035783
278.359 1 PPRZ_MODE 0 0 0 0 0 17
278.366 1 DESIRED 0. 0.01 0. 0. 0. 655. 0. 20.
278.369 1 ATTITUDE 0.069234 -2.89095 -0.035861
278.371 1 PPRZ_MODE 0 0 0 0 0 17
278.377 1 GPS 0 1130805120 0 0 -17000 0 0 1783 584653000 12 4
278.379 1 SVINFO 4 7 16 1 0 -91 0
278.381 1 CALIBRATION 0. 0
278.385 1 NAVIGATION 0 2 10959186. -5945715. 0. 1.55455284314e+14 0 0
278.388 1 ATTITUDE 0.06902 -2.891519 -0.035865
279.037 1 PPRZ_MODE 0 0 0 0 0 17
279.043 1 DESIRED 0. 0.01 0. 0. 0. 655. 0. 20.
279.046 1 ESTIMATOR -17. 0.
279.049 1 ATTITUDE 0.06902 -2.89205 -0.035861
279.051 1 PPRZ_MODE 0 0 0 0 0 17
279.054 1 WP_MOVED 0 348907. 5945757. 660. 12
279.057 1 IMU_ACCEL -0.013672 -9.80957 0.708008
279.063 1 GPS 0 1130805120 0 0 -17000 0 0 1783 584653250 12 5
279.066 1 SVINFO 5 8 16 2 24 -91 0
279.070 1 NAVIGATION 0 2 10959186. -5945715. 0. 1.55455284314e+14 0 0
279.073 1 ATTITUDE 0.06914 -2.891999 -0.035881
279.075 1 PPRZ_MODE 0 0 0 0 0 17
279.106 1 DOWNLINK_STATUS 0 279 8097 399 7 486. 25. -1.39490783737e+12
