15.975 3 DOWNLINK_STATUS 0 16 2722 129 2 253. 13. -1.40953495234e+12
16.976 3 DOWNLINK_STATUS 0 17 2722 129 2 0. 0. -1.40953495234e+12
17.978 3 DOWNLINK_STATUS 0 18 2722 129 2 0. 0. -1.40953495234e+12
18.979 3 DOWNLINK_STATUS 0 19 2722 129 2 0. 0. -1.40953495234e+12
19.321 3 DESIRED 0. 0.29 0. 0. 0. 655. 0. 15.
19.324 3 ATTITUDE 1.580102 1.570101 -0.000864
19.327 3 NAVIGATION_REF 348865 5945715 12 605.
19.330 3 IMU_ACCEL 0.109375 -0.008789 -10.139648
19.336 3 GPS 0 1130805120 0 0 -17000 0 0 0 87250 12 15
19.339 3 SVINFO 15 25 16 1 0 -91 0
19.342 3 ATTITUDE 1.580069 1.570129 -0.000823
19.345 3 IMU_GYRO 0.016846 0.019043 -0.028564
19.352 3 DESIRED 0. 0.29 0. 0. 0. 655. 0. 15.
19.355 3 ATTITUDE 1.58005 1.570178 -0.000846
19.357 3 FBW_STATUS 2 0 1 1 0
19.433 3 ATTITUDE 1.580068 1.570186 -0.000856
19.439 3 GPS 0 1130805120 0 0 -17000 0 0 0 87500 12 16
19.441 3 SVINFO 0 9 16 1 0 -91 0
19.445 3 WP_MOVED 1 348865. 5945715. 660. 12
19.451 3 DESIRED 0. 0.29 0. 0. 0. 655. 0. 15.
19.454 3 ATTITUDE 1.580029 1.570231 -0.000857
19.455 3 PONG 
19.458 3 IMU_MAG 0. 0. 0.
19.461 3 ESTIMATOR -16.999998 0.
19.464 3 ATTITUDE 1.579999 1.570219 -0.000839
19.470 3 GPS 0 1130805120 0 0 -17000 0 0 0 87750 12 1
19.472 3 SVINFO 1 10 16 1 0 -91 0
19.479 3 DESIRED 0. 0.29 0. 0. 0. 655. 0. 15.
19.482 3 ATTITUDE 1.579982 1.570186 -0.000879
19.485 3 ENERGY 0.1 0. 0 0.
19.487 3 CALIBRATION 0. 0
19.491 3 BAT 0 1 0 0 1 36 0 0
19.495 3 NAVIGATION 0 1 10959186. -5945715. 0. 12468171. 0 0
19.507 3 SVINFO 1 10 16 1 0 -91 0
19.513 3 DESIRED 0. 0.29 0. 0. 0. 655. 0. 15.
19.516 3 ATTITUDE 1.579142 1.57051 -0.001108
19.521 3 NAVIGATION 0 1 10959186. -5945715. 0. 12468171. 0 0
19.524 3 ATTITUDE 1.5791 1.570517 -0.001162
19.530 3 DESIRED 0. 0.29 0. 0. 0. 655. 0. 15.
19.534 3 ATTITUDE 1.579069 1.570546 -0.001146
19.539 3 GPS 0 1130805120 0 0 -17000 0 0 0 92000 12 2
19.542 3 SVINFO 2 11 16 1 0 -91 0
19.552 3 DESIRED 0. 0.29 0. 0. 0. 655. 0. 15.
19.555 3 ATTITUDE 1.579066 1.570656 -0.001123
19.559 3 ALIVE |197,112,133,216,224,124,73,254,147,130,234,99,232,108,122,178|
19.563 3 BAT 0 1 0 0 1 41 0 0
19.819 3 GPS 0 1130805120 0 0 -17000 0 0 0 92250 12 3
19.822 3 SVINFO 3 13 16 1 0 -91 0
19.826 3 ATTITUDE 1.579077 1.570664 -0.001121
19.828 3 GPS_SOL 649714624 100000 9999 0
19.835 3 DESIRED 0. 0.29 0. 0. 0. 655. 0. 15.
19.839 3 ATTITUDE 1.579013 1.570652 -0.001083
19.934 3 GPS 0 1130805120 0 0 -17000 0 0 0 92750 12 5
19.936 3 SVINFO 5 15 16 1 0 -91 0
19.943 3 DESIRED 0. 0.29 0. 0. 0. 655. 0. 15.
19.945 3 ATTITUDE 1.578869 1.570762 -0.001136
19.949 3 IMU_MAG 0. 0. 0.
19.954 3 NAVIGATION 0 1 10959186. -5945715. 0. 12468171. 0 0
19.956 3 IMU_ACCEL 0.114258 -0.018555 -10.130859
19.959 3 ATTITUDE 1.57888 1.570771 -0.001156
19.961 3 DL_VALUE 27 1.
19.969 3 DESIRED 0. 0.29 0. 0. 0. 655. 0. 15.
19.974 3 ATTITUDE 1.578896 1.570799 -0.001155
19.980 3 DOWNLINK_STATUS 0 20 4052 188 5 1330. 59. 3994.
19.996 3 GPS 0 1130805120 0 0 -17000 0 0 0 93000 12 6
19.998 3 SVINFO 6 16 16 1 0 -91 0
20.001 3 WP_MOVED 4 348764.6875 5945795. 660. 12
20.005 3 ATTITUDE 1.578859 1.570848 -0.001202
20.018 3 ESTIMATOR -16.999998 0.
20.025 3 DESIRED 0. 0.29 0. 0. 0. 655. 0. 15.
20.028 3 ATTITUDE 1.578838 1.570815 -0.001164
20.034 3 GPS 0 1130805120 0 0 -17000 0 0 0 93250 12 7
20.035 3 SVINFO 7 18 16 1 0 -91 0
20.040 3 ATTITUDE 1.578824 1.570803 -0.001176
20.042 3 BAT 0 1 0 0 1 42 0 0
20.046 3 IMU_GYRO 0.016846 0.019043 -0.028564
20.052 3 DESIRED 0. 0.29 0. 0. 0. 655. 0. 15.
20.055 3 ATTITUDE 1.578828 1.570807 -0.001197
20.058 3 FBW_STATUS 2 0 1 1 0
20.108 3 ATTITUDE 1.578848 1.570795 -0.001204
20.114 3 GPS 0 1130805120 0 0 -17000 0 0 0 93500 12 8
20.115 3 SVINFO 8 19 16 1 0 -91 0
20.118 3 WP_MOVED 5 348740. 5945760. 660. 12
20.125 3 DESIRED 0. 0.29 0. 0. 0. 655. 0. 15.
20.138 3 DESIRED 0. 0.29 0. 0. 0. 655. 0. 15.
20.141 3 ATTITUDE 1.57812 1.570681 -0.001721
20.142 3 DOWNLINK 6 800 1685
20.147 3 GPS 0 1130805120 0 0 -17000 0 0 0 97250 12 7
20.150 3 SVINFO 7 18 16 1 0 -91 0
20.514 3 ATTITUDE 1.578135 1.570706 -0.001767
20.518 3 ALIVE |197,112,133,216,224,124,73,254,147,130,234,99,232,108,122,178|
20.525 3 DESIRED 0. 0.29 0. 0. 0. 655. 0. 15.
20.528 3 ATTITUDE 1.578131 1.57075 -0.001799
20.530 3 FBW_STATUS 2 0 1 0 0
20.542 3 GPS 0 1130805120 0 0 -17000 0 0 0 101500 12 12
20.544 3 SVINFO 12 29 16 1 0 -91 0
20.548 3 WP_MOVED 5 348740. 5945760. 660. 12
20.594 3 DESIRED 0. 0.29 0. 0. 0. 655. 0. 15.
20.597 3 ATTITUDE 1.576813 1.571321 -0.001909
20.609 3 IMU_ACCEL 0.119141 -0.018555 -10.15918
20.611 3 ESTIMATOR -16.999998 0.
20.615 3 ATTITUDE 1.576795 1.571328 -0.001944
20.646 3 IMU_GYRO 0.018066 0.018066 -0.028564
20.652 3 GPS 0 1130805120 0 0 -17000 0 0 0 101750 12 13
20.654 3 SVINFO 13 30 16 1 0 -91 0
20.661 3 DESIRED 0. 0.29 0. 0. 0. 655. 0. 15.
20.664 3 ATTITUDE 1.576765 1.571332 -0.001976
20.669 3 NAVIGATION 0 1 10959186. -5945715. 0. 12468171. 0 0
20.672 3 ATTITUDE 1.57672 1.57132 -0.001965
20.980 3 DOWNLINK_STATUS 0 21 5069 233 7 1017. 45. -1007.17
21.981 3 DOWNLINK_STATUS 0 22 5069 233 7 0. 0. -1007.17
22.982 3 DOWNLINK_STATUS 0 23 5069 233 7 0. 0. -1007.17
23.984 3 DOWNLINK_STATUS 0 24 5069 233 7 0. 0. -1007.17
24.985 3 DOWNLINK_STATUS 0 25 5069 233 7 0. 0. -1007.17
25.712 3 WIND_INFO 3 42 0. 0. 0.
25.986 3 DOWNLINK_STATUS 0 26 5069 233 7 0. 0. -6008.2
26.987 3 DOWNLINK_STATUS 0 27 5069 233 7 0. 0. -6008.2
27.989 3 DOWNLINK_STATUS 0 28 5069 233 7 0. 0. -6008.2
28.990 3 DOWNLINK_STATUS 0 29 5069 233 7 0. 0. -6008.2
29.991 3 DOWNLINK_STATUS 0 30 5069 233 7 0. 0. -6008.2
30.992 3 DOWNLINK_STATUS 0 31 5069 233 7 0. 0. -11009.
31.994 3 DOWNLINK_STATUS 0 32 5069 233 7 0. 0. -11009.
32.995 3 DOWNLINK_STATUS 0 33 5069 233 7 0. 0. -11009.
33.996 3 DOWNLINK_STATUS 0 34 5069 233 7 0. 0. -11009.
34.998 3 DOWNLINK_STATUS 0 35 5069 233 7 0. 0. -11009.
35.713 3 WIND_INFO 3 42 0. 0. 0.
35.999 3 DOWNLINK_STATUS 0 36 5069 233 7 0. 0. -16009.09
37.000 3 DOWNLINK_STATUS 0 37 5069 233 7 0. 0. -16009.09
38.000 3 DOWNLINK_STATUS 0 38 5069 233 7 0. 0. -16009.09
39.002 3 DOWNLINK_STATUS 0 39 5069 233 7 0. 0. -16009.09
40.003 3 DOWNLINK_STATUS 0 40 5069 233 7 0. 0. -16009.09
41.004 3 DOWNLINK_STATUS 0 41 5069 233 7 0. 0. -21009.87
42.006 3 DOWNLINK_STATUS 0 42 5069 233 7 0. 0. -21009.87
43.007 3 DOWNLINK_STATUS 0 43 5069 233 7 0. 0. -21009.87
44.009 3 DOWNLINK_STATUS 0 44 5069 233 7 0. 0. -21009.87
45.010 3 DOWNLINK_STATUS 0 45 5069 233 7 0. 0. -21009.87
45.714 3 WIND_INFO 3 42 0. 0. 0.
46.010 3 DOWNLINK_STATUS 0 46 5069 233 7 0. 0. -26010.86
47.012 3 DOWNLINK_STATUS 0 47 5069 233 7 0. 0. -26010.86
48.013 3 DOWNLINK_STATUS 0 48 5069 233 7 0. 0. -26010.86
49.015 3 DOWNLINK_STATUS 0 49 5069 233 7 0. 0. -26010.86
50.016 3 DOWNLINK_STATUS 0 50 5069 233 7 0. 0. -26010.86
51.017 3 DOWNLINK_STATUS 0 51 5069 233 7 0. 0. -31011.51
52.018 3 DOWNLINK_STATUS 0 52 5069 233 7 0. 0. -31011.51
53.020 3 DOWNLINK_STATUS 0 53 5069 233 7 0. 0. -31011.51
54.021 3 DOWNLINK_STATUS 0 54 5069 233 7 0. 0. -31011.51
55.022 3 DOWNLINK_STATUS 0 55 5069 233 7 0. 0. -31011.51
55.715 3 WIND_INFO 3 42 0. 0. 0.
56.024 3 DOWNLINK_STATUS 0 56 5069 233 7 0. 0. -36012.19
57.024 3 DOWNLINK_STATUS 0 57 5069 233 7 0. 0. -36012.19
58.026 3 DOWNLINK_STATUS 0 58 5069 233 7 0. 0. -36012.19
59.027 3 DOWNLINK_STATUS 0 59 5069 233 7 0. 0. -36012.19
60.028 3 DOWNLINK_STATUS 0 60 5069 233 7 0. 0. -36012.19
61.030 3 DOWNLINK_STATUS 0 61 5069 233 7 0. 0. -41013.23
62.031 3 DOWNLINK_STATUS 0 62 5069 233 7 0. 0. -41013.23
63.032 3 DOWNLINK_STATUS 0 63 5069 233 7 0. 0. -41013.23
64.034 3 DOWNLINK_STATUS 0 64 5069 233 7 0. 0. -41013.23
65.035 3 DOWNLINK_STATUS 0 65 5069 233 7 0. 0. -41013.23
65.715 3 WIND_INFO 3 42 0. 0. 0.
66.036 3 DOWNLINK_STATUS 0 66 5069 233 7 0. 0. -46013.77
67.038 3 DOWNLINK_STATUS 0 67 5069 233 7 0. 0. -46013.77
68.039 3 DOWNLINK_STATUS 0 68 5069 233 7 0. 0. -46013.77
69.041 3 DOWNLINK_STATUS 0 69 5069 233 7 0. 0. -46013.77
70.042 3 DOWNLINK_STATUS 0 70 5069 233 7 0. 0. -46013.77
71.043 3 DOWNLINK_STATUS 0 71 5069 233 7 0. 0. -51014.45
72.044 3 DOWNLINK_STATUS 0 72 5069 233 7 0. 0. -51014.45
73.046 3 DOWNLINK_STATUS 0 73 5069 233 7 0. 0. -51014.45
74.047 3 DOWNLINK_STATUS 0 74 5069 233 7 0. 0. -51014.45
75.049 3 DOWNLINK_STATUS 0 75 5069 233 7 0. 0. -51014.45
75.717 3 WIND_INFO 3 42 0. 0. 0.
76.050 3 DOWNLINK_STATUS 0 76 5069 233 7 0. 0. -56015.39
77.051 3 DOWNLINK_STATUS 0 77 5069 233 7 0. 0. -56015.39
78.052 3 DOWNLINK_STATUS 0 78 5069 233 7 0. 0. -56015.39
79.054 3 DOWNLINK_STATUS 0 79 5069 233 7 0. 0. -56015.39
80.055 3 DOWNLINK_STATUS 0 80 5069 233 7 0. 0. -56015.39
81.057 3 DOWNLINK_STATUS 0 81 5069 233 7 0. 0. -61016.84
82.058 3 DOWNLINK_STATUS 0 82 5069 233 7 0. 0. -61016.84
83.060 3 DOWNLINK_STATUS 0 83 5069 233 7 0. 0. -61016.84
84.061 3 DOWNLINK_STATUS 0 84 5069 233 7 0. 0. -61016.84
85.062 3 DOWNLINK_STATUS 0 85 5069 233 7 0. 0. -61016.84
85.717 3 WIND_INFO 3 42 0. 0. 0.
86.062 3 DOWNLINK_STATUS 0 86 5069 233 7 0. 0. -66017.51
87.064 3 DOWNLINK_STATUS 0 87 5069 233 7 0. 0. -66017.51
88.065 3 DOWNLINK_STATUS 0 88 5069 233 7 0. 0. -66017.51
89.067 3 DOWNLINK_STATUS 0 89 5069 233 7 0. 0. -66017.51
90.068 3 DOWNLINK_STATUS 0 90 5069 233 7 0. 0. -66017.51
91.070 3 DOWNLINK_STATUS 0 91 5069 233 7 0. 0. -71018.91
92.071 3 DOWNLINK_STATUS 0 92 5069 233 7 0. 0. -71018.91
93.073 3 DOWNLINK_STATUS 0 93 5069 233 7 0. 0. -71018.91
94.073 3 DOWNLINK_STATUS 0 94 5069 233 7 0. 0. -71018.91
95.075 3 DOWNLINK_STATUS 0 95 5069 233 7 0. 0. -71018.91
95.718 3 WIND_INFO 3 42 0. 0. 0.
96.076 3 DOWNLINK_STATUS 0 96 5069 233 7 0. 0. -76019.68
97.077 3 DOWNLINK_STATUS 0 97 5069 233 7 0. 0. -76019.68
98.079 3 DOWNLINK_STATUS 0 98 5069 233 7 0. 0. -76019.68
99.080 3 DOWNLINK_STATUS 0 99 5069 233 7 0. 0. -76019.68
100.081 3 DOWNLINK_STATUS 0 100 5069 233 7 0. 0. -76019.68
101.083 3 DOWNLINK_STATUS 0 101 5069 233 7 0. 0. -81021.12
102.084 3 DOWNLINK_STATUS 0 102 5069 233 7 0. 0. -81021.12
103.086 3 DOWNLINK_STATUS 0 103 5069 233 7 0. 0. -81021.12
104.087 3 DOWNLINK_STATUS 0 104 5069 233 7 0. 0. -81021.12
105.088 3 DOWNLINK_STATUS 0 105 5069 233 7 0. 0. -81021.12
105.719 3 WIND_INFO 3 42 0. 0. 0.
106.089 3 DOWNLINK_STATUS 0 106 5069 233 7 0. 0. -86022.16
107.090 3 DOWNLINK_STATUS 0 107 5069 233 7 0. 0. -86022.16
108.091 3 DOWNLINK_STATUS 0 108 5069 233 7 0. 0. -86022.16
109.092 3 DOWNLINK_STATUS 0 109 5069 233 7 0. 0. -86022.16
110.093 3 DOWNLINK_STATUS 0 110 5069 233 7 0. 0. -86022.16
111.095 3 DOWNLINK_STATUS 0 111 5069 233 7 0. 0. -91023.18
112.096 3 DOWNLINK_STATUS 0 112 5069 233 7 0. 0. -91023.18
113.098 3 DOWNLINK_STATUS 0 113 5069 233 7 0. 0. -91023.18
114.099 3 DOWNLINK_STATUS 0 114 5069 233 7 0. 0. -91023.18
115.101 3 DOWNLINK_STATUS 0 115 5069 233 7 0. 0. -91023.18
115.720 3 WIND_INFO 3 42 0. 0. 0.
116.101 3 DOWNLINK_STATUS 0 116 5069 233 7 0. 0. -96024.36
117.102 3 DOWNLINK_STATUS 0 117 5069 233 7 0. 0. -96024.36
118.103 3 DOWNLINK_STATUS 0 118 5069 233 7 0. 0. -96024.36
119.104 3 DOWNLINK_STATUS 0 119 5069 233 7 0. 0. -96024.36
120.106 3 DOWNLINK_STATUS 0 120 5069 233 7 0. 0. -96024.36
121.107 3 DOWNLINK_STATUS 0 121 5069 233 7 0. 0. -101025.58
122.109 3 DOWNLINK_STATUS 0 122 5069 233 7 0. 0. -101025.58
123.110 3 DOWNLINK_STATUS 0 123 5069 233 7 0. 0. -101025.58
123.679 3 BLOCK 3 3
124.111 3 DOWNLINK_STATUS 0 124 5069 233 7 0. 0. -101025.58
125.113 3 DOWNLINK_STATUS 0 125 5069 233 7 0. 0. -101025.58
125.721 3 WIND_INFO 3 42 0. 0. 0.
126.113 3 DOWNLINK_STATUS 0 126 5069 233 7 0. 0. -106026.3
127.114 3 DOWNLINK_STATUS 0 127 5069 233 7 0. 0. -106026.3
128.116 3 DOWNLINK_STATUS 0 128 5069 233 7 0. 0. -106026.3
129.117 3 DOWNLINK_STATUS 0 129 5069 233 7 0. 0. -106026.3
130.119 3 DOWNLINK_STATUS 0 130 5069 233 7 0. 0. -106026.3
131.120 3 DOWNLINK_STATUS 0 131 5069 233 7 0. 0. -111027.32
132.122 3 DOWNLINK_STATUS 0 132 5069 233 7 0. 0. -111027.32
133.123 3 DOWNLINK_STATUS 0 133 5069 233 7 0. 0. -111027.32
134.125 3 DOWNLINK_STATUS 0 134 5069 233 7 0. 0. -111027.32
135.126 3 DOWNLINK_STATUS 0 135 5069 233 7 0. 0. -111027.32
135.721 3 WIND_INFO 3 42 0. 0. 0.
136.126 3 DOWNLINK_STATUS 0 136 5069 233 7 0. 0. -116028.65
137.128 3 DOWNLINK_STATUS 0 137 5069 233 7 0. 0. -116028.65
138.129 3 DOWNLINK_STATUS 0 138 5069 233 7 0. 0. -116028.65
139.130 3 DOWNLINK_STATUS 0 139 5069 233 7 0. 0. -116028.65
140.131 3 DOWNLINK_STATUS 0 140 5069 233 7 0. 0. -116028.65
141.132 3 DOWNLINK_STATUS 0 141 5069 233 7 0. 0. -121029.67
142.134 3 DOWNLINK_STATUS 0 142 5069 233 7 0. 0. -121029.67
143.135 3 DOWNLINK_STATUS 0 143 5069 233 7 0. 0. -121029.67
144.136 3 DOWNLINK_STATUS 0 144 5069 233 7 0. 0. -121029.67
145.138 3 DOWNLINK_STATUS 0 145 5069 233 7 0. 0. -121029.67
145.722 3 WIND_INFO 3 42 0. 0. 0.
146.139 3 DOWNLINK_STATUS 0 146 5069 233 7 0. 0. -126030.36
147.141 3 DOWNLINK_STATUS 0 147 5069 233 7 0. 0. -126030.36
148.141 3 DOWNLINK_STATUS 0 148 5069 233 7 0. 0. -126030.36
149.143 3 DOWNLINK_STATUS 0 149 5069 233 7 0. 0. -126030.36
150.144 3 DOWNLINK_STATUS 0 150 5069 233 7 0. 0. -126030.36
151.145 3 DOWNLINK_STATUS 0 151 5069 233 7 0. 0. -131031.48
152.147 3 DOWNLINK_STATUS 0 152 5069 233 7 0. 0. -131031.48
153.148 3 DOWNLINK_STATUS 0 153 5069 233 7 0. 0. -131031.48
154.149 3 DOWNLINK_STATUS 0 154 5069 233 7 0. 0. -131031.48
155.151 3 DOWNLINK_STATUS 0 155 5069 233 7 0. 0. -131031.48
155.723 3 WIND_INFO 3 42 0. 0. 0.
156.151 3 DOWNLINK_STATUS 0 156 5069 233 7 0. 0. -136032.39
157.152 3 DOWNLINK_STATUS 0 157 5069 233 7 0. 0. -136032.39
158.154 3 DOWNLINK_STATUS 0 158 5069 233 7 0. 0. -136032.39
159.155 3 DOWNLINK_STATUS 0 159 5069 233 7 0. 0. -136032.39
160.156 3 DOWNLINK_STATUS 0 160 5069 233 7 0. 0. -136032.39
161.157 3 DOWNLINK_STATUS 0 161 5069 233 7 0. 0. -141032.75
162.159 3 DOWNLINK_STATUS 0 162 5069 233 7 0. 0. -141032.75
163.160 3 DOWNLINK_STATUS 0 163 5069 233 7 0. 0. -141032.75
164.161 3 DOWNLINK_STATUS 0 164 5069 233 7 0. 0. -141032.75
165.162 3 DOWNLINK_STATUS 0 165 5069 233 7 0. 0. -141032.75
165.724 3 WIND_INFO 3 42 0. 0. 0.
166.163 3 DOWNLINK_STATUS 0 166 5069 233 7 0. 0. -146033.71
167.164 3 DOWNLINK_STATUS 0 167 5069 233 7 0. 0. -146033.71
168.165 3 DOWNLINK_STATUS 0 168 5069 233 7 0. 0. -146033.71
169.167 3 DOWNLINK_STATUS 0 169 5069 233 7 0. 0. -146033.71
170.168 3 DOWNLINK_STATUS 0 170 5069 233 7 0. 0. -146033.71
171.169 3 DOWNLINK_STATUS 0 171 5069 233 7 0. 0. -151034.63
172.170 3 DOWNLINK_STATUS 0 172 5069 233 7 0. 0. -151034.63
173.172 3 DOWNLINK_STATUS 0 173 5069 233 7 0. 0. -151034.63
174.173 3 DOWNLINK_STATUS 0 174 5069 233 7 0. 0. -151034.63
175.174 3 DOWNLINK_STATUS 0 175 5069 233 7 0. 0. -151034.63
175.724 3 WIND_INFO 3 42 0. 0. 0.
176.175 3 DOWNLINK_STATUS 0 176 5069 233 7 0. 0. -156035.02
177.176 3 DOWNLINK_STATUS 0 177 5069 233 7 0. 0. -156035.02
178.178 3 DOWNLINK_STATUS 0 178 5069 233 7 0. 0. -156035.02
179.179 3 DOWNLINK_STATUS 0 179 5069 233 7 0. 0. -156035.02
180.180 3 DOWNLINK_STATUS 0 180 5069 233 7 0. 0. -156035.02
181.182 3 DOWNLINK_STATUS 0 181 5069 233 7 0. 0. -161036.16
182.183 3 DOWNLINK_STATUS 0 182 5069 233 7 0. 0. -161036.16
183.185 3 DOWNLINK_STATUS 0 183 5069 233 7 0. 0. -161036.16
184.186 3 DOWNLINK_STATUS 0 184 5069 233 7 0. 0. -161036.16
185.187 3 DOWNLINK_STATUS 0 185 5069 233 7 0. 0. -161036.16
185.726 3 WIND_INFO 3 42 0. 0. 0.
186.189 3 DOWNLINK_STATUS 0 186 5069 233 7 0. 0. -166037.04
187.190 3 DOWNLINK_STATUS 0 187 5069 233 7 0. 0. -166037.04
