93.055 1 ATTITUDE 0. 0. 0.
93.058 1 NAVIGATION_REF 360285 4813595 31
93.061 1 ATTITUDE 0. 0. 0.
93.069 1 DESIRED 0. 0. 0. 0. 0. 235. 0. 20.
93.073 1 GPS 0 0 0 0 0 0 0 0 0 0 1
93.077 1 IMU_GYRO -0.044678 0.001953 -0.022217
93.081 1 NAVIGATION 0 2 0. 0. 0. 0. 0 0
93.084 1 ATTITUDE 0. 0. 0.
93.085 1 DOWNLINK_STATUS 0 93 10916 495 5 911. 41. -52965.22
93.087 1 ESTIMATOR 0. 0.
93.212 1 NAVIGATION 0 2 0. 0. 0. 0. 0 0
93.215 1 ATTITUDE 0. 0. 0.
93.221 1 DESIRED 0. 0. 0. 0. 0. 235. 0. 20.
93.225 1 WP_MOVED 4 360417.3125 4813734. 260. 31
93.228 1 IMU_MAG -2.685547 -2.364258 -3.732422
94.086 1 DOWNLINK_STATUS 0 94 11050 501 5 134. 6. -52965.22
95.087 1 DOWNLINK_STATUS 0 95 11050 501 5 0. 0. -52965.22
96.089 1 DOWNLINK_STATUS 0 96 11050 501 5 0. 0. -57966.6
97.090 1 DOWNLINK_STATUS 0 97 11050 501 5 0. 0. -57966.6
