6.030 1 DOWNLINK_STATUS 0 6 1195 53 0 488. 22. -1.39464535003e+12
6.530 1 ATTITUDE 0. 0. 0.
6.531 1 NAVIGATION_REF 360285 4813595 31
6.535 1 ATTITUDE 0. 0. 0.
6.542 1 DESIRED 0. 0. 0. 0. 0. 235. 0. 20.
6.548 1 GPS 0 0 0 0 0 0 0 0 0 0 1
6.551 1 IMU_GYRO -0.047852 0.003174 -0.007324
6.555 1 NAVIGATION 0 2 0. 0. 0. 0. 0 0
6.558 1 ATTITUDE 0. 0. 0.
6.560 1 ESTIMATOR 0. 0.
6.565 1 NAVIGATION 0 2 0. 0. 0. 0. 0 0
6.686 1 ATTITUDE 0. 0. 0.
6.693 1 DESIRED 0. 0. 0. 0. 0. 235. 0. 20.
6.696 1 WP_MOVED 4 360417.3125 4813734. 260. 31
6.699 1 IMU_MAG -2.696289 -2.384277 -4.569336
6.900 1 GPS 0 0 0 0 0 0 0 0 0 0 1
6.902 1 FBW_STATUS 2 0 1 72 0
6.907 1 NAVIGATION 0 2 0. 0. 0. 0. 0 0
6.910 1 ATTITUDE 0. 0. 0.
6.913 1 ATTITUDE 0. 0. 0.
6.921 1 DESIRED 0. 0. 0. 0. 0. 235. 0. 20.
6.922 1 PPRZ_MODE 2 0 0 0 0 6
7.031 1 DOWNLINK_STATUS 0 7 1673 74 0 478. 21. -1.39464535003e+12
7.044 1 ATTITUDE 0. 0. 0.
7.049 1 GPS 0 0 0 0 0 0 0 0 0 0 1
7.053 1 IMU_ACCEL -1.56543 -9.708984 -0.296875
7.054 1 DL_VALUE 1 0.
7.148 1 NAVIGATION 0 2 0. 0. 0. 0. 0 0
7.434 1 ATTITUDE 0. 0. 0.
7.441 1 DESIRED 0. 0. 0. 0. 0. 235. 0. 20.
7.443 1 ESTIMATOR 0. 0.
7.446 1 IMU_GYRO -0.051025 0.008301 -0.008301
7.449 1 ATTITUDE 0. 0. 0.
7.453 1 WP_MOVED 5 360422. 4813583.5 260. 31
7.459 1 GPS 0 0 0 0 0 0 0 0 0 0 1
7.463 1 NAVIGATION 0 2 0. 0. 0. 0. 0 0
7.466 1 ATTITUDE 0. 0. 0.
7.473 1 DESIRED 0. 0. 0. 0. 0. 235. 0. 20.
7.520 1 BAT 0 72 0 0 1 2 0 0
7.619 1 ATTITUDE 0. 0. 0.
7.905 1 PONG 
7.908 1 ATTITUDE 0. 0. 0.
7.915 1 DESIRED 0. 0. 0. 0. 0. 235. 0. 20.
7.920 1 GPS 0 0 0 0 0 0 0 0 0 0 1
7.925 1 NAVIGATION 0 2 0. 0. 0. 0. 0 0
7.928 1 ATTITUDE 0. 0. 0.
7.930 1 ESTIMATOR 0. 0.
7.935 1 NAVIGATION 0 2 0. 0. 0. 0. 0 0
7.938 1 GPS_SOL 0 0 0 0
7.941 1 ATTITUDE 0. 0. 0.
7.948 1 DESIRED 0. 0. 0. 0. 0. 235. 0. 20.
8.008 1 WP_MOVED 6 360165.8125 4813664.5 260. 31
8.031 1 DOWNLINK_STATUS 0 8 2331 103 0 658. 29. 2378.87
8.182 1 IMU_GYRO -0.047852 0.005127 -0.007324
8.188 1 GPS 0 0 0 0 0 0 0 0 0 0 1
8.192 1 NAVIGATION 0 2 0. 0. 0. 0. 0 0
8.196 1 ATTITUDE 0. 0. 0.
8.199 1 IMU_ACCEL -1.570312 -9.699219 -0.25293
8.201 1 CALIBRATION 0. 0
8.397 1 ATTITUDE 0. 0. 0.
8.404 1 DESIRED 0. 0. 0. 0. 0. 235. 0. 20.
8.406 1 PPRZ_MODE 2 0 0 0 0 6
8.409 1 ATTITUDE 0. 0. 0.
8.415 1 GPS 0 0 0 0 0 0 0 0 0 0 1
8.418 1 IMU_MAG -2.697754 -2.39209 -4.574219
8.422 1 NAVIGATION 0 2 0. 0. 0. 0. 0 0
8.573 1 ATTITUDE 0. 0. 0.
8.580 1 DESIRED 0. 0. 0. 0. 0. 235. 0. 20.
8.582 1 ESTIMATOR 0. 0.
8.583 1 STATE_FILTER_STATUS 2 0
8.587 1 ATTITUDE 0. 0. 0.
8.590 1 WP_MOVED 7 360559.40625 4813804.5 260. 31
8.765 1 GPS 0 0 0 0 0 0 0 0 0 0 1
8.770 1 NAVIGATION 0 2 0. 0. 0. 0. 0 0
8.772 1 ATTITUDE 0. 0. 0.
8.780 1 DESIRED 0. 0. 0. 0. 0. 235. 0. 20.
8.782 1 IMU_GYRO -0.049805 0.008301 -0.007324
9.032 1 DOWNLINK_STATUS 0 9 2868 127 0 537. 24. 2378.87
9.050 1 ATTITUDE 0. 0. 0.
9.053 1 BAT 0 72 0 0 1 3 0 0
9.056 1 ATTITUDE 0. 0. 0.
9.063 1 DESIRED 0. 0. 0. 0. 0. 235. 0. 20.
9.069 1 GPS 0 0 0 0 0 0 0 0 0 0 1
9.071 1 DL_VALUE 2 235.
9.074 1 ENERGY 7.2 0. 0 0.
9.079 1 NAVIGATION 0 2 0. 0. 0. 0. 0 0
9.082 1 ATTITUDE 0. 0. 0.
9.084 1 ESTIMATOR 0. 0.
9.087 1 IMU_ACCEL -1.613281 -9.675781 -0.277344
9.169 1 NAVIGATION 0 2 0. 0. 0. 0. 0 0
9.173 1 ATTITUDE 0. 0. 0.
9.353 1 DESIRED 0. 0. 0. 0. 0. 235. 0. 20.
9.357 1 WP_MOVED 8 360462.40625 4813640. 215. 31
9.362 1 GPS 0 0 0 0 0 0 0 0 0 0 1
9.365 1 FBW_STATUS 2 0 1 72 0
9.370 1 NAVIGATION 0 2 0. 0. 0. 0. 0 0
9.373 1 ATTITUDE 0. 0. 0.
9.567 1 ATTITUDE 0. 0. 0.
9.574 1 DESIRED 0. 0. 0. 0. 0. 235. 0. 20.
9.577 1 IMU_GYRO -0.051025 0.009521 -0.008301
9.579 1 PPRZ_MODE 2 0 0 0 0 6
9.582 1 ATTITUDE 0. 0. 0.
9.588 1 GPS 0 0 0 0 0 0 0 0 0 0 1
9.592 1 NAVIGATION 0 2 0. 0. 0. 0. 0 0
9.705 1 ATTITUDE 0. 0. 0.
9.712 1 DESIRED 0. 0. 0. 0. 0. 235. 0. 20.
9.714 1 ESTIMATOR 0. 0.
9.925 1 ATTITUDE 0. 0. 0.
9.929 1 WP_MOVED 9 360313.8125 4813652. 185. 31
9.934 1 GPS 0 0 0 0 0 0 0 0 0 0 1
9.939 1 NAVIGATION 0 2 0. 0. 0. 0. 0 0
9.942 1 ATTITUDE 0. 0. 0.
9.949 1 DESIRED 0. 0. 0. 0. 0. 235. 0. 20.
9.952 1 IMU_MAG -2.691406 -2.390625 -4.567871
10.032 1 DOWNLINK_STATUS 0 10 3701 163 0 833. 36. 2378.87
10.160 1 ATTITUDE 0. 0. 0.
10.163 1 IMU_ACCEL -1.56543 -9.708984 -0.267578
10.166 1 ATTITUDE 0. 0. 0.
10.173 1 DESIRED 0. 0. 0. 0. 0. 235. 0. 20.
10.179 1 GPS 0 0 0 0 0 0 0 0 0 0 1
10.182 1 IMU_GYRO -0.051025 0.008301 -0.008301
10.187 1 BAT 0 72 0 0 1 4 0 0
10.190 1 NAVIGATION 0 2 0. 0. 0. 0. 0 0
10.390 1 ATTITUDE 0. 0. 0.
10.393 1 ESTIMATOR 0. 0.
10.397 1 NAVIGATION 0 2 0. 0. 0. 0. 0 0
10.400 1 GPS_SOL 0 0 0 0
10.403 1 ATTITUDE 0. 0. 0.
10.410 1 DESIRED 0. 0. 0. 0. 0. 235. 0. 20.
10.413 1 WP_MOVED 10 360453.8125 4813581. 260. 31
10.419 1 GPS 0 0 0 0 0 0 0 0 0 0 1
10.586 1 NAVIGATION 0 2 0. 0. 0. 0. 0 0
10.589 1 ATTITUDE 0. 0. 0.
10.591 1 COMMANDS 0,0,0,0,0
10.595 1 ATTITUDE 0. 0. 0.
10.602 1 DESIRED 0. 0. 0. 0. 0. 235. 0. 20.
10.603 1 PPRZ_MODE 2 0 0 0 0 6
10.605 1 CALIBRATION 0. 0
11.033 1 DOWNLINK_STATUS 0 11 4215 186 0 514. 23. -2622.03
11.235 1 ACTUATORS 1200,1550,1500,1500,1350
11.238 1 ATTITUDE 0. 0. 0.
11.244 1 GPS 0 0 0 0 0 0 0 0 0 0 1
11.246 1 DL_VALUE 3 0.
11.251 1 NAVIGATION 0 2 0. 0. 0. 0. 0 0
11.254 1 ATTITUDE 0. 0. 0.
11.260 1 DESIRED 0. 0. 0. 0. 0. 235. 0. 20.
11.263 1 ESTIMATOR 0. 0.
11.266 1 IMU_GYRO -0.051025 0.009521 -0.008301
11.269 1 ATTITUDE 0. 0. 0.
11.272 1 WP_MOVED 11 360170.5 4813757.5 260. 31
11.276 1 IMU_ACCEL -1.551758 -9.68457 -0.257812
11.420 1 GPS 0 0 0 0 0 0 0 0 0 0 1
11.424 1 NAVIGATION 0 2 0. 0. 0. 0. 0 0
11.427 1 ATTITUDE 0. 0. 0.
11.434 1 DESIRED 0. 0. 0. 0. 0. 235. 0. 20.
11.436 1 STATE_FILTER_STATUS 2 0
11.606 1 ATTITUDE 0. 0. 0.
11.609 1 ATTITUDE 0. 0. 0.
11.615 1 DESIRED 0. 0. 0. 0. 0. 235. 0. 20.
11.621 1 GPS 0 0 0 0 0 0 0 0 0 0 1
11.626 1 NAVIGATION 0 2 0. 0. 0. 0. 0 0
11.852 1 ATTITUDE 0. 0. 0.
11.854 1 ESTIMATOR 0. 0.
11.859 1 NAVIGATION 0 2 0. 0. 0. 0. 0 0
11.863 1 BAT 0 72 0 0 1 5 0 0
11.866 1 IMU_MAG -2.694824 -2.390625 -4.570801
11.869 1 ATTITUDE 0. 0. 0.
11.875 1 DESIRED 0. 0. 0. 0. 0. 235. 0. 20.
11.879 1 WP_MOVED 0 360327. 4813637. 260. 31
11.882 1 IMU_GYRO -0.051025 0.009521 -0.008301
11.997 1 GPS 0 0 0 0 0 0 0 0 0 0 1
12.000 1 FBW_STATUS 2 0 1 72 0
12.004 1 NAVIGATION 0 2 0. 0. 0. 0. 0 0
12.007 1 ATTITUDE 0. 0. 0.
12.034 1 DOWNLINK_STATUS 0 12 5004 221 0 789. 35. -2622.03
12.274 1 ATTITUDE 0.114493 0.989969 0.125199
12.281 1 DESIRED 0. 0.02 0. 0. 0. 235. 0. 20.
12.283 1 PPRZ_MODE 2 0 0 0 0 6
12.286 1 ATTITUDE 0.11392 0.990141 0.125184
12.292 1 GPS 0 0 0 0 0 0 0 0 0 0 1
12.295 1 IMU_ACCEL -1.56543 -9.756836 -0.181641
12.298 1 ENERGY 7.2 0. 0 0.
12.303 1 NAVIGATION 0 2 0. 0. 0. 0. 0 0
12.306 1 ATTITUDE 0.113831 0.990192 0.125209
12.312 1 DESIRED 0. 0.02 0. 0. 0. 235. 0. 20.
12.517 1 ESTIMATOR 0. 0.
12.521 1 ALIVE 234,86,112,120,179,137,199,193,157,207,189,207,18,78,21,11
12.524 1 ATTITUDE 0.113913 0.990184 0.125208
12.528 1 WP_MOVED 1 360285. 4813595. 260. 31
12.534 1 GPS 0 0 0 0 0 0 0 0 0 0 1
12.538 1 NAVIGATION 0 2 0. 0. 0. 0. 0 0
12.541 1 ATTITUDE 0.113878 0.990223 0.125189
12.548 1 DESIRED 0. 0.02 0. 0. 0. 235. 0. 20.
12.551 1 IMU_GYRO -0.051025 0.009521 -0.007324
12.726 1 ATTITUDE 0.113853 0.990248 0.125218
12.727 1 DOWNLINK 0 840 251
12.730 1 ATTITUDE 0.113871 0.990238 0.125247
12.737 1 DESIRED 0. 0.02 0. 0. 0. 235. 0. 20.
12.743 1 GPS 0 0 0 0 0 0 0 0 0 0 1
12.744 1 DL_VALUE 4 0.
12.750 1 NAVIGATION 0 2 0. 0. 0. 0. 0 0
12.971 1 ATTITUDE 0.113912 0.990279 0.125296
12.974 1 ESTIMATOR 0. 0.
12.978 1 NAVIGATION 0 2 0. 0. 0. 0. 0 0
12.981 1 GPS_SOL 0 0 0 0
12.984 1 ATTITUDE 0.114014 0.990303 0.125245
12.991 1 DESIRED 0. 0.02 0. 0. 0. 235. 0. 20.
12.995 1 WP_MOVED 2 360334.5 4813695. 260. 31
12.998 1 BAT 0 72 0 0 1 6 0 0
13.004 1 GPS 0 0 0 0 0 0 0 0 0 0 1
13.035 1 DOWNLINK_STATUS 0 13 5811 256 0 807. 35. -2622.03
13.259 1 NAVIGATION 0 2 0. 0. 0. 0. 0 0
13.263 1 ATTITUDE 0.114005 0.990309 0.125259
13.266 1 IMU_ACCEL -1.56543 -9.704102 -0.282227
13.269 1 ATTITUDE 0.11402 0.990373 0.125235
13.275 1 DESIRED 0. 0.02 0. 0. 0. 235. 0. 20.
13.279 1 IMU_GYRO -0.051025 0.008301 -0.008301
13.281 1 PPRZ_MODE 2 0 0 0 0 6
13.284 1 IMU_MAG -2.697754 -2.38916 -4.580566
13.287 1 ATTITUDE 0.11412 0.99044 0.12523
13.293 1 GPS 0 0 0 0 0 0 0 0 0 0 1
13.295 1 CALIBRATION 0. 0
13.299 1 NAVIGATION 0 2 0. 0. 0. 0. 0 0
13.545 1 ATTITUDE 0.114148 0.990452 0.12522
13.551 1 DESIRED 0. 0.02 0. 0. 0. 235. 0. 20.
13.554 1 ESTIMATOR 0. 0.
13.555 1 PONG 
13.558 1 ATTITUDE 0.114135 0.990418 0.12519
13.561 1 WP_MOVED 3 360295.09375 4813785. 260. 31
13.574 1 DESIRED 0. 0.02 0. 0. 0. 235. 0. 20.
13.579 1 GPS 0 0 0 0 0 0 0 0 0 0 1
13.583 1 IMU_GYRO -0.046631 0. -0.008301
13.584 1 STATE_FILTER_STATUS 3 0
13.818 1 NAVIGATION 0 2 0. 0. 0. 0. 0 0
13.821 1 ATTITUDE 0.1136 0.990719 0.125246
13.824 1 ESTIMATOR 0. 0.
13.827 1 IMU_ACCEL -1.561523 -9.689453 -0.296875
13.832 1 NAVIGATION 0 2 0. 0. 0. 0. 0 0
13.835 1 ATTITUDE 0.113632 0.990731 0.125258
13.841 1 DESIRED 0. 0.02 0. 0. 0. 235. 0. 20.
13.845 1 WP_MOVED 4 360417.3125 4813734. 260. 31
13.850 1 GPS 0 0 0 0 0 0 0 0 0 0 1
13.853 1 FBW_STATUS 2 0 1 72 0
13.858 1 NAVIGATION 0 2 0. 0. 0. 0. 0 0
14.035 1 DOWNLINK_STATUS 0 14 6529 289 1 718. 33. 3028.03
14.058 1 ATTITUDE 0.1137 0.990784 0.12529
14.062 1 BAT 0 72 0 0 1 8 0 0
14.065 1 ATTITUDE 0.113692 0.99077 0.125288
14.072 1 DESIRED 0. 0.02 0. 0. 0. 235. 0. 20.
14.074 1 PPRZ_MODE 2 0 0 0 0 6
14.077 1 ATTITUDE 0.113749 0.990849 0.125305
14.083 1 GPS 0 0 0 0 0 0 0 0 0 0 1
14.085 1 DL_VALUE 5 0.
14.089 1 NAVIGATION 0 2 0. 0. 0. 0. 0 0
14.212 1 ATTITUDE 0.113821 0.990905 0.125341
14.218 1 DESIRED 0. 0.02 0. 0. 0. 235. 0. 20.
14.221 1 ESTIMATOR 0. 0.
14.224 1 IMU_GYRO -0.048828 0.006348 -0.007324
14.461 1 ATTITUDE 0.113848 0.99099 0.125352
14.464 1 WP_MOVED 5 360422. 4813583.5 260. 31
14.467 1 IMU_MAG -2.705566 -2.396484 -4.462402
14.473 1 GPS 0 0 0 0 0 0 0 0 0 0 1
14.477 1 NAVIGATION 0 2 0. 0. 0. 0. 0 0
14.481 1 ATTITUDE 0.113887 0.990992 0.125396
14.487 1 DESIRED 0. 0.02 0. 0. 0. 235. 0. 20.
14.489 1 ATTITUDE 0.113951 0.991 0.125418
14.493 1 IMU_ACCEL -1.541992 -9.68457 -0.320312
14.730 1 ATTITUDE 0.113932 0.991008 0.125384
14.738 1 DESIRED 0. 0.02 0. 0. 0. 235. 0. 20.
14.742 1 GPS 0 0 0 0 0 0 0 0 0 0 1
14.746 1 ENERGY 7.2 0. 0 0.
14.750 1 NAVIGATION 0 2 0. 0. 0. 0. 0 0
14.753 1 ATTITUDE 0.114028 0.99112 0.12537
14.756 1 ESTIMATOR 0. 0.
14.760 1 NAVIGATION 0 2 0. 0. 0. 0. 0 0
14.763 1 GPS_SOL 0 0 0 0
14.766 1 ATTITUDE 0.114022 0.99112 0.12537
14.983 1 DESIRED 0. 0.02 0. 0. 0. 235. 0. 20.
14.986 1 WP_MOVED 6 360165.8125 4813664.5 260. 31
14.989 1 IMU_GYRO -0.048828 0.007324 -0.006348
14.995 1 GPS 0 0 0 0 0 0 0 0 0 0 1
15.000 1 NAVIGATION 0 2 0. 0. 0. 0. 0 0
15.003 1 ATTITUDE 0.113995 0.991192 0.12539
15.006 1 ATTITUDE 0.113988 0.991198 0.125435
15.013 1 DESIRED 0. 0.02 0. 0. 0. 235. 0. 20.
15.036 1 DOWNLINK_STATUS 0 15 7456 329 1 927. 40. 3028.03
15.207 1 PPRZ_MODE 2 0 0 0 0 6
15.211 1 BAT 0 72 0 0 1 9 0 0
15.214 1 ATTITUDE 0.114012 0.991201 0.125444
15.220 1 GPS 0 0 0 0 0 0 0 0 0 0 1
15.224 1 NAVIGATION 0 2 0. 0. 0. 0. 0 0
15.228 1 ATTITUDE 0.114017 0.991205 0.125437
15.234 1 DESIRED 0. 0.02 0. 0. 0. 235. 0. 20.
15.237 1 ESTIMATOR 0. 0.
15.238 1 CALIBRATION 0. 0
15.458 1 ATTITUDE 0.11405 0.991174 0.125461
15.461 1 WP_MOVED 7 360559.40625 4813804.5 260. 31
15.464 1 IMU_ACCEL -1.532227 -9.68457 -0.257812
15.470 1 GPS 0 0 0 0 0 0 0 0 0 0 1
15.474 1 NAVIGATION 0 2 0. 0. 0. 0. 0 0
15.478 1 ATTITUDE 0.114064 0.991256 0.125445
15.484 1 DESIRED 0. 0.02 0. 0. 0. 235. 0. 20.
15.487 1 IMU_GYRO -0.051025 0.008301 -0.007324
15.490 1 ATTITUDE 0.114089 0.991277 0.12548
15.745 1 ATTITUDE 0.114124 0.991213 0.125502
15.752 1 DESIRED 0. 0.02 0. 0. 0. 235. 0. 20.
15.758 1 GPS 0 0 0 0 0 0 0 0 0 0 1
15.761 1 IMU_MAG -2.693359 -2.39209 -4.567871
15.763 1 DL_VALUE 6 40.
15.767 1 NAVIGATION 0 2 0. 0. 0. 0. 0 0
15.770 1 ATTITUDE 0.114137 0.991254 0.125456
15.773 1 ESTIMATOR 0. 0.
15.777 1 NAVIGATION 0 2 0. 0. 0. 0. 0 0
15.780 1 ATTITUDE 0.114188 0.991257 0.125434
15.891 1 WIND_INFO 1 42 0. 0. 0.
16.037 1 DOWNLINK_STATUS 0 16 8074 357 1 618. 28. -1972.2
16.354 1 DESIRED 0. 0.02 0. 0. 0. 235. 0. 20.
16.357 1 WP_MOVED 8 360462.40625 4813640. 215. 31
16.358 1 STATE_FILTER_STATUS 3 0
16.364 1 GPS 0 0 0 0 0 0 0 0 0 0 1
16.366 1 FBW_STATUS 2 0 1 72 0
16.372 1 NAVIGATION 0 2 0. 0. 0. 0. 0 0
16.375 1 ATTITUDE 0.114233 0.991267 0.125496
16.377 1 COMMANDS 0,-3429,-2038,0,0
16.381 1 ATTITUDE 0.114244 0.991308 0.125472
16.387 1 DESIRED 0. 0.02 0. 0. 0. 235. 0. 20.
16.391 1 IMU_GYRO -0.049805 0.008301 -0.007324
16.393 1 PPRZ_MODE 2 0 0 0 0 6
16.396 1 ACTUATORS 1200,1433,1322,1322,1350
16.891 1 ATTITUDE 0.114291 0.991348 0.125484
16.897 1 GPS 0 0 0 0 0 0 0 0 0 0 1
16.900 1 IMU_ACCEL -1.56543 -9.713867 -0.291992
16.904 1 BAT 0 72 0 0 1 10 0 0
16.908 1 NAVIGATION 0 2 0. 0. 0. 0. 0 0
16.911 1 ATTITUDE 0.114343 0.991301 0.125544
16.918 1 DESIRED 0. 0.02 0. 0. 0. 235. 0. 20.
16.920 1 ESTIMATOR 0. 0.
16.923 1 ATTITUDE 0.114367 0.991352 0.125514
16.927 1 WP_MOVED 9 360313.8125 4813652. 185. 31
17.038 1 DOWNLINK_STATUS 0 17 8577 380 1 503. 23. -1972.2
18.038 1 DOWNLINK_STATUS 0 18 8577 380 1 0. 0. -1972.2
18.351 1 GPS 0 0 0 0 0 0 0 0 0 0 1
18.356 1 NAVIGATION 0 2 0. 0. 0. 0. 0 0
18.359 1 ATTITUDE 0.11436 0.991331 0.125512
18.365 1 DESIRED 0. 0.02 0. 0. 0. 235. 0. 20.
18.623 1 ATTITUDE 0.114364 0.991332 0.125496
18.626 1 NAVIGATION_REF 360285 4813595 31
18.629 1 ATTITUDE 0.114444 0.991314 0.125472
18.637 1 DESIRED 0. 0.02 0. 0. 0. 235. 0. 20.
18.641 1 GPS 0 0 0 0 0 0 0 0 0 0 1
18.644 1 IMU_GYRO -0.051025 0.007324 -0.007324
18.649 1 NAVIGATION 0 2 0. 0. 0. 0. 0 0
18.652 1 ATTITUDE 0.114465 0.991347 0.125496
18.655 1 ESTIMATOR 0. 0.
18.659 1 NAVIGATION 0 2 0. 0. 0. 0. 0 0
18.662 1 GPS_SOL 0 0 0 0
18.911 1 ATTITUDE 0.114484 0.991361 0.125487
18.918 1 DESIRED 0. 0.02 0. 0. 0. 235. 0. 20.
18.921 1 WP_MOVED 10 360453.8125 4813581. 260. 31
18.927 1 GPS 0 0 0 0 0 0 0 0 0 0 1
18.932 1 NAVIGATION 0 2 0. 0. 0. 0. 0 0
18.935 1 ATTITUDE 0.114542 0.991426 0.125449
18.938 1 IMU_ACCEL -1.561523 -9.699219 -0.272461
18.941 1 IMU_MAG -2.694824 -2.387207 -4.567871
18.944 1 ATTITUDE 0.114575 0.991428 0.125463
18.951 1 DESIRED 0. 0.02 0. 0. 0. 235. 0. 20.
19.038 1 DOWNLINK_STATUS 0 19 9178 405 1 601. 25. -1972.2
19.166 1 PPRZ_MODE 2 0 0 0 0 6
19.169 1 ATTITUDE 0.1146 0.991411 0.125458
19.175 1 GPS 0 0 0 0 0 0 0 0 0 0 1
19.176 1 DL_VALUE 7 2.
19.180 1 ENERGY 7.2 0. 0 0.
19.184 1 NAVIGATION 0 2 0. 0. 0. 0. 0 0
19.188 1 ATTITUDE 0.11455 0.991452 0.12551
19.194 1 DESIRED 0. 0.02 0. 0. 0. 235. 0. 20.
19.200 1 ESTIMATOR 0. 0.
19.200 1 IMU_GYRO -0.051025 0.006348 -0.007324
19.203 1 BAT 0 72 0 0 1 11 0 0
19.383 1 ATTITUDE 0.114572 0.991427 0.125532
19.386 1 WP_MOVED 11 360170.5 4813757.5 260. 31
19.388 1 CALIBRATION 0. 0
19.394 1 GPS 0 0 0 0 0 0 0 0 0 0 1
19.399 1 NAVIGATION 0 2 0. 0. 0. 0. 0 0
19.402 1 ATTITUDE 0.114566 0.991463 0.125553
19.408 1 DESIRED 0. 0.02 0. 0. 0. 235. 0. 20.
19.642 1 ATTITUDE 0.114591 0.991467 0.125561
19.645 1 ATTITUDE 0.114586 0.99148 0.125538
19.652 1 DESIRED 0. 0.02 0. 0. 0. 235. 0. 20.
19.657 1 GPS 0 0 0 0 0 0 0 0 0 0 1
19.659 1 DOWNLINK 1 854 443
19.664 1 NAVIGATION 0 2 0. 0. 0. 0. 0 0
19.667 1 ATTITUDE 0.11464 0.991515 0.125514
19.669 1 ESTIMATOR 0. 0.
19.673 1 IMU_ACCEL -1.561523 -9.670898 -0.267578
19.677 1 NAVIGATION 0 2 0. 0. 0. 0. 0 0
19.930 1 ATTITUDE 0.11469 0.991519 0.125508
19.937 1 DESIRED 0. 0.02 0. 0. 0. 235. 0. 20.
19.940 1 WP_MOVED 0 360327. 4813637. 260. 31
19.943 1 IMU_GYRO -0.049805 0.006348 -0.007324
19.949 1 GPS 0 0 0 0 0 0 0 0 0 0 1
19.952 1 FBW_STATUS 2 0 1 72 0
19.956 1 NAVIGATION 0 2 0. 0. 0. 0. 0 0
19.959 1 ATTITUDE 0.114667 0.99147 0.125526
19.962 1 ATTITUDE 0.114656 0.991452 0.125535
19.969 1 DESIRED 0. 0.02 0. 0. 0. 235. 0. 20.
19.971 1 PPRZ_MODE 2 0 0 0 0 6
20.039 1 DOWNLINK_STATUS 0 20 10045 444 1 867. 39. -1972.2
20.215 1 STATE_FILTER_STATUS 3 0
20.219 1 ATTITUDE 0.114694 0.991465 0.125553
20.224 1 GPS 0 0 0 0 0 0 0 0 0 0 1
20.229 1 NAVIGATION 0 2 0. 0. 0. 0. 0 0
20.232 1 ATTITUDE 0.114693 0.991428 0.125521
20.238 1 DESIRED 0. 0.02 0. 0. 0. 235. 0. 20.
20.241 1 ESTIMATOR 0. 0.
20.244 1 IMU_MAG -2.697754 -2.39209 -4.570801
20.247 1 ATTITUDE 0.114682 0.991423 0.125475
20.251 1 WP_MOVED 1 360285. 4813595. 260. 31
20.254 1 BAT 0 72 0 0 1 12 0 0
20.503 1 GPS 0 0 0 0 0 0 0 0 0 0 1
20.507 1 NAVIGATION 0 2 0. 0. 0. 0. 0 0
20.509 1 ATTITUDE 0.114681 0.991364 0.125468
20.517 1 DESIRED 0. 0.02 0. 0. 0. 235. 0. 20.
20.519 1 IMU_GYRO -0.052002 0.007324 -0.007324
20.522 1 ATTITUDE 0.114711 0.991326 0.125484
20.802 1 NAVIGATION 0 2 0. 0. 0. 0. 0 0
20.805 1 ATTITUDE 0.114676 0.991275 0.125464
20.808 1 ATTITUDE 0.11474 0.991226 0.125457
20.822 1 ESTIMATOR 0. 0.
20.825 1 ATTITUDE 0.114726 0.991265 0.125508
20.829 1 WP_MOVED 3 360295.09375 4813785. 260. 31
20.832 1 IMU_ACCEL -1.546875 -9.704102 -0.25293
21.040 1 DOWNLINK_STATUS 0 21 10561 468 3 516. 24. -6972.45
21.450 1 GPS 0 0 0 0 0 0 0 0 0 0 1
21.454 1 NAVIGATION 0 2 0. 0. 0. 0. 0 0
21.457 1 ATTITUDE 0.114757 0.991276 0.125461
21.464 1 DESIRED 0. 0.02 0. 0. 0. 235. 0. 20.
21.473 1 ATTITUDE 0.114821 0.990862 0.125383
21.476 1 ESTIMATOR 0. 0.
21.480 1 NAVIGATION 0 2 0. 0. 0. 0. 0 0
21.483 1 GPS_SOL 0 0 0 0
21.486 1 ATTITUDE 0.114859 0.990895 0.125363
21.735 1 DESIRED 0. 0.02 0. 0. 0. 235. 0. 20.
21.739 1 WP_MOVED 6 360165.8125 4813664.5 260. 31
21.742 1 IMU_GYRO -0.051025 0.008301 -0.007324
21.745 1 IMU_MAG -2.694824 -2.38916 -4.570801
21.751 1 GPS 0 0 0 0 0 0 0 0 0 0 1
21.760 1 ATTITUDE 0.114965 0.99085 0.125385
21.766 1 DESIRED 0. 0.02 0. 0. 0. 235. 0. 20.
21.768 1 PPRZ_MODE 2 0 0 0 0 6
21.771 1 ACTUATORS 1200,1434,1321,1321,1350
21.774 1 ATTITUDE 0.114975 0.99084 0.12535
22.023 1 GPS 0 0 0 0 0 0 0 0 0 0 1
22.027 1 NAVIGATION 0 2 0. 0. 0. 0. 0 0
22.031 1 ATTITUDE 0.114982 0.990882 0.125349
22.037 1 DESIRED 0. 0.02 0. 0. 0. 235. 0. 20.
22.040 1 ESTIMATOR 0. 0.
22.040 1 DOWNLINK_STATUS 0 22 11128 492 5 567. 24. -6972.45
22.043 1 ATTITUDE 0.115021 0.990838 0.125407
22.046 1 WP_MOVED 7 360559.40625 4813804.5 260. 31
22.052 1 GPS 0 0 0 0 0 0 0 0 0 0 1
22.057 1 NAVIGATION 0 2 0. 0. 0. 0. 0 0
22.060 1 ATTITUDE 0.11506 0.990856 0.125412
22.273 1 DESIRED 0. 0.02 0. 0. 0. 235. 0. 20.
22.276 1 IMU_GYRO -0.049805 0.006348 -0.008301
22.280 1 ATTITUDE 0.115081 0.990866 0.125423
22.281 1 CALIBRATION 0. 0
22.285 1 ATTITUDE 0.115054 0.990886 0.125457
22.291 1 DESIRED 0. 0.02 0. 0. 0. 235. 0. 20.
22.297 1 GPS 0 0 0 0 0 0 0 0 0 0 1
22.301 1 BAT 0 72 0 0 1 15 0 0
22.303 1 DL_VALUE 10 0.
22.307 1 NAVIGATION 0 2 0. 0. 0. 0. 0 0
22.551 1 ATTITUDE 0.115058 0.990837 0.125479
22.553 1 ESTIMATOR 0. 0.
22.556 1 IMU_ACCEL -1.561523 -9.675781 -0.219727
22.562 1 NAVIGATION 0 2 0. 0. 0. 0. 0 0
22.564 1 ATTITUDE 0.115041 0.990818 0.125487
22.572 1 DESIRED 0. 0.02 0. 0. 0. 235. 0. 20.
22.574 1 WP_MOVED 8 360462.40625 4813640. 215. 31
22.580 1 GPS 0 0 0 0 0 0 0 0 0 0 1
22.582 1 FBW_STATUS 2 0 1 72 0
22.588 1 NAVIGATION 0 2 0. 0. 0. 0. 0 0
22.590 1 ATTITUDE 0.115082 0.990833 0.125468
22.838 1 ATTITUDE 0.115054 0.99082 0.125519
22.845 1 DESIRED 0. 0.02 0. 0. 0. 235. 0. 20.
22.848 1 IMU_GYRO -0.051025 0.006348 -0.007324
22.850 1 PPRZ_MODE 2 0 0 0 0 6
22.853 1 ATTITUDE 0.11504 0.990818 0.125521
22.859 1 GPS 0 0 0 0 0 0 0 0 0 0 1
22.862 1 IMU_MAG -2.691406 -2.385742 -4.567871
22.866 1 ENERGY 7.2 0. 0 0.
22.870 1 NAVIGATION 0 2 0. 0. 0. 0. 0 0
22.873 1 ATTITUDE 0.115043 0.990812 0.125468
23.041 1 DOWNLINK_STATUS 0 23 11938 528 5 810. 36. -6972.45
23.091 1 DESIRED 0. 0.02 0. 0. 0. 235. 0. 20.
23.093 1 ESTIMATOR 0. 0.
23.097 1 ALIVE 234,86,112,120,179,137,199,193,157,207,189,207,18,78,21,11
23.101 1 ATTITUDE 0.115124 0.99077 0.125408
23.104 1 WP_MOVED 9 360313.8125 4813652. 185. 31
23.110 1 GPS 0 0 0 0 0 0 0 0 0 0 1
23.114 1 NAVIGATION 0 2 0. 0. 0. 0. 0 0
23.117 1 ATTITUDE 0.115116 0.990776 0.125426
23.124 1 DESIRED 0. 0.02 0. 0. 0. 235. 0. 20.
23.126 1 STATE_FILTER_STATUS 3 0
23.379 1 ATTITUDE 0.115104 0.990762 0.125445
23.382 1 IMU_ACCEL -1.561523 -9.680664 -0.287109
23.385 1 ATTITUDE 0.115137 0.990776 0.1254
23.392 1 DESIRED 0. 0.02 0. 0. 0. 235. 0. 20.
23.397 1 GPS 0 0 0 0 0 0 0 0 0 0 1
23.400 1 IMU_GYRO -0.049805 0.008301 -0.006348
23.405 1 NAVIGATION 0 2 0. 0. 0. 0. 0 0
23.408 1 ATTITUDE 0.115139 0.990788 0.125426
23.411 1 ESTIMATOR 0. 0.
23.415 1 NAVIGATION 0 2 0. 0. 0. 0. 0 0
23.419 1 BAT 0 72 0 0 1 16 0 0
23.422 1 GPS_SOL 0 0 0 0
23.642 1 DOWNLINK 1 862 638
23.645 1 ATTITUDE 0.11515 0.990803 0.125453
23.651 1 DESIRED 0. 0.02 0. 0. 0. 235. 0. 20.
23.655 1 WP_MOVED 10 360453.8125 4813581. 260. 31
23.661 1 GPS 0 0 0 0 0 0 0 0 0 0 1
23.665 1 NAVIGATION 0 2 0. 0. 0. 0. 0 0
23.668 1 ATTITUDE 0.11518 0.990727 0.125494
23.671 1 ATTITUDE 0.115195 0.990834 0.125484
23.678 1 DESIRED 0. 0.02 0. 0. 0. 235. 0. 20.
23.680 1 PPRZ_MODE 2 0 0 0 0 6
23.931 1 ATTITUDE 0.115132 0.990822 0.12549
23.937 1 GPS 0 0 0 0 0 0 0 0 0 0 1
23.939 1 DL_VALUE 0 0.
23.944 1 NAVIGATION 0 2 0. 0. 0. 0. 0 0
23.947 1 ATTITUDE 0.115121 0.990739 0.125479
23.953 1 DESIRED 0. 0.02 0. 0. 0. 235. 0. 20.
23.956 1 ESTIMATOR 0. 0.
23.959 1 IMU_GYRO -0.051025 0.007324 -0.007324
23.962 1 ATTITUDE 0.115126 0.990724 0.125542
23.965 1 WP_MOVED 11 360170.5 4813757.5 260. 31
23.969 1 IMU_ACCEL -1.575195 -9.694336 -0.272461
24.041 1 DOWNLINK_STATUS 0 24 12904 571 5 966. 43. -6972.45
24.217 1 GPS 0 0 0 0 0 0 0 0 0 0 1
24.221 1 NAVIGATION 0 2 0. 0. 0. 0. 0 0
24.224 1 ATTITUDE 0.115269 0.990783 0.125541
24.231 1 DESIRED 0. 0.02 0. 0. 0. 235. 0. 20.
24.234 1 IMU_MAG -2.707031 -2.393555 -4.463867
24.234 1 PONG 
24.507 1 FBW_STATUS 2 0 1 72 0
24.512 1 NAVIGATION 0 2 0. 0. 0. 0. 0 0
24.515 1 ATTITUDE 0.115167 0.990591 0.12548
24.518 1 ATTITUDE 0.115264 0.990596 0.125502
24.532 1 GPS 0 0 0 0 0 0 0 0 0 0 1
24.535 1 IMU_ACCEL -1.570312 -9.68457 -0.219727
24.540 1 NAVIGATION 0 2 0. 0. 0. 0. 0 0
24.543 1 ATTITUDE 0.115347 0.990556 0.125402
24.769 1 DESIRED 0. 0.02 0. 0. 0. 235. 0. 20.
24.771 1 ESTIMATOR 0. 0.
24.774 1 ATTITUDE 0.115371 0.990575 0.125366
24.778 1 WP_MOVED 1 360285. 4813595. 260. 31
24.783 1 GPS 0 0 0 0 0 0 0 0 0 0 1
24.788 1 NAVIGATION 0 2 0. 0. 0. 0. 0 0
24.791 1 ATTITUDE 0.115357 0.99054 0.125386
24.798 1 DESIRED 0. 0.02 0. 0. 0. 235. 0. 20.
24.801 1 IMU_GYRO -0.049805 0.005127 -0.007324
24.804 1 ATTITUDE 0.115324 0.990488 0.125388
25.042 1 DOWNLINK_STATUS 0 25 13456 595 8 552. 24. 3707.12
25.055 1 ATTITUDE 0.115297 0.990395 0.125365
25.061 1 DESIRED 0. 0.02 0. 0. 0. 235. 0. 20.
25.067 1 GPS 0 0 0 0 0 0 0 0 0 0 1
25.069 1 DL_VALUE 1 0.
25.071 1 STATE_FILTER_STATUS 3 0
25.074 1 ENERGY 7.2 0. 0 0.
25.079 1 NAVIGATION 0 2 0. 0. 0. 0. 0 0
25.082 1 ATTITUDE 0.115287 0.990398 0.125412
25.084 1 ESTIMATOR 0. 0.
25.089 1 NAVIGATION 0 2 0. 0. 0. 0. 0 0
25.092 1 IMU_MAG -2.696289 -2.39209 -4.565918
25.095 1 GPS_SOL 0 0 0 0
25.340 1 ATTITUDE 0.115336 0.99045 0.125394
25.347 1 DESIRED 0. 0.02 0. 0. 0. 235. 0. 20.
25.350 1 WP_MOVED 2 360334.5 4813695. 260. 31
25.356 1 GPS 0 0 0 0 0 0 0 0 0 0 1
25.360 1 NAVIGATION 0 2 0. 0. 0. 0. 0 0
25.364 1 ATTITUDE 0.115416 0.990504 0.125464
25.367 1 IMU_ACCEL -1.584961 -9.689453 -0.262695
25.370 1 BAT 0 72 0 0 1 19 0 0
25.374 1 ATTITUDE 0.115471 0.990489 0.125467
25.380 1 DESIRED 0. 0.02 0. 0. 0. 235. 0. 20.
25.607 1 IMU_GYRO -0.049805 0.006348 -0.007324
25.609 1 PPRZ_MODE 2 0 0 0 0 6
25.612 1 ATTITUDE 0.115503 0.990478 0.125514
25.617 1 GPS 0 0 0 0 0 0 0 0 0 0 1
25.622 1 NAVIGATION 0 2 0. 0. 0. 0. 0 0
25.625 1 ATTITUDE 0.115483 0.990532 0.125519
25.632 1 DESIRED 0. 0.02 0. 0. 0. 235. 0. 20.
25.634 1 ESTIMATOR 0. 0.
25.637 1 ATTITUDE 0.115489 0.990564 0.125514
25.641 1 WP_MOVED 3 360295.09375 4813785. 260. 31
25.647 1 GPS 0 0 0 0 0 0 0 0 0 0 1
25.891 1 WIND_INFO 1 42 0. 0. 0.
26.042 1 DOWNLINK_STATUS 0 26 14200 628 8 744. 33. -1293.62
26.210 1 NAVIGATION 0 2 0. 0. 0. 0. 0 0
26.211 1 ATTITUDE 0.115455 0.990549 0.125513
26.217 1 DESIRED 0. 0.02 0. 0. 0. 235. 0. 20.
26.220 1 ATTITUDE 0.115484 0.990552 0.125531
26.222 1 NAVIGATION_REF 360285 4813595 31
26.225 1 ATTITUDE 0.115513 0.990539 0.125535
26.233 1 DESIRED 0. 0.02 0. 0. 0. 235. 0. 20.
26.238 1 GPS 0 0 0 0 0 0 0 0 0 0 1
26.242 1 IMU_GYRO -0.051025 0.009521 -0.008301
26.246 1 NAVIGATION 0 2 0. 0. 0. 0. 0 0
26.813 1 ATTITUDE 0.115518 0.990615 0.125501
26.816 1 ESTIMATOR 0. 0.
26.819 1 IMU_ACCEL -1.580078 -9.694336 -0.239258
26.823 1 NAVIGATION 0 2 0. 0. 0. 0. 0 0
26.825 1 CALIBRATION 0. 0
26.828 1 ATTITUDE 0.115546 0.990619 0.125509
26.835 1 DESIRED 0. 0.02 0. 0. 0. 235. 0. 20.
26.838 1 WP_MOVED 4 360417.3125 4813734. 260. 31
26.844 1 GPS 0 0 0 0 0 0 0 0 0 0 1
26.847 1 FBW_STATUS 2 0 1 72 0
26.851 1 NAVIGATION 0 2 0. 0. 0. 0. 0 0
26.854 1 ATTITUDE 0.115546 0.990639 0.125515
27.043 1 DOWNLINK_STATUS 0 27 14703 650 8 503. 22. -1293.62
27.885 1 COMMANDS 0,-3466,-2051,0,0
27.888 1 ATTITUDE 0.115579 0.990642 0.125523
27.894 1 DESIRED 0. 0.02 0. 0. 0. 235. 0. 20.
27.896 1 PPRZ_MODE 2 0 0 0 0 6
27.900 1 BAT 0 72 0 0 1 20 0 0
27.903 1 IMU_MAG -2.693359 -2.385742 -4.569336
27.906 1 ACTUATORS 1200,1433,1320,1320,1350
27.909 1 ATTITUDE 0.115582 0.990635 0.125502
27.915 1 GPS 0 0 0 0 0 0 0 0 0 0 1
27.917 1 DL_VALUE 2 235.
27.921 1 NAVIGATION 0 2 0. 0. 0. 0. 0 0
27.925 1 ATTITUDE 0.115638 0.990643 0.12546
28.043 1 DOWNLINK_STATUS 0 28 14950 662 8 247. 12. -1293.62
28.159 1 DESIRED 0. 0.02 0. 0. 0. 235. 0. 20.
28.162 1 ESTIMATOR 0. 0.
28.165 1 IMU_GYRO -0.052002 0.008301 -0.007324
28.168 1 ATTITUDE 0.115728 0.990636 0.125447
28.171 1 WP_MOVED 5 360422. 4813583.5 260. 31
28.177 1 GPS 0 0 0 0 0 0 0 0 0 0 1
28.182 1 NAVIGATION 0 2 0. 0. 0. 0. 0 0
28.185 1 ATTITUDE 0.115734 0.990673 0.125431
28.191 1 DESIRED 0. 0.02 0. 0. 0. 235. 0. 20.
28.195 1 ATTITUDE 0.115731 0.990672 0.125445
28.400 1 IMU_ACCEL -1.580078 -9.708984 -0.267578
28.403 1 ATTITUDE 0.115718 0.990601 0.125416
28.410 1 DESIRED 0. 0.02 0. 0. 0. 235. 0. 20.
28.416 1 GPS 0 0 0 0 0 0 0 0 0 0 1
28.420 1 NAVIGATION 0 2 0. 0. 0. 0. 0 0
28.423 1 ATTITUDE 0.115722 0.990618 0.125423
28.425 1 ESTIMATOR 0. 0.
28.430 1 NAVIGATION 0 2 0. 0. 0. 0. 0 0
28.432 1 GPS_SOL 0 0 0 0
28.682 1 ATTITUDE 0.115697 0.990616 0.125462
28.688 1 DESIRED 0. 0.02 0. 0. 0. 235. 0. 20.
28.692 1 WP_MOVED 6 360165.8125 4813664.5 260. 31
28.695 1 IMU_GYRO -0.051025 0.008301 -0.008301
28.696 1 STATE_FILTER_STATUS 3 0
28.702 1 GPS 0 0 0 0 0 0 0 0 0 0 1
28.707 1 NAVIGATION 0 2 0. 0. 0. 0. 0 0
28.713 1 ATTITUDE 0.115709 0.990607 0.125452
28.713 1 ATTITUDE 0.115691 0.9906 0.125427
28.721 1 DESIRED 0. 0.02 0. 0. 0. 235. 0. 20.
28.722 1 PPRZ_MODE 2 0 0 0 0 6
28.969 1 ATTITUDE 0.115681 0.990545 0.125398
28.975 1 GPS 0 0 0 0 0 0 0 0 0 0 1
28.978 1 BAT 0 72 0 0 1 21 0 0
28.982 1 ENERGY 7.2 0. 0 0.
28.986 1 NAVIGATION 0 2 0. 0. 0. 0. 0 0
28.989 1 ATTITUDE 0.115705 0.990582 0.125397
28.996 1 DESIRED 0. 0.02 0. 0. 0. 235. 0. 20.
28.998 1 ESTIMATOR 0. 0.
29.002 1 ALIVE 234,86,112,120,179,137,199,193,157,207,189,207,18,78,21,11
29.005 1 ATTITUDE 0.115709 0.99062 0.125415
29.009 1 WP_MOVED 7 360559.40625 4813804.5 260. 31
29.043 1 DOWNLINK_STATUS 0 29 15896 703 8 946. 41. -1293.62
29.255 1 IMU_ACCEL -1.570312 -9.689453 -0.296875
29.258 1 IMU_MAG -2.697754 -2.393555 -4.575684
29.264 1 GPS 0 0 0 0 0 0 0 0 0 0 1
29.269 1 NAVIGATION 0 2 0. 0. 0. 0. 0 0
29.272 1 ATTITUDE 0.115665 0.990609 0.125396
29.278 1 DESIRED 0. 0.02 0. 0. 0. 235. 0. 20.
29.281 1 IMU_GYRO -0.051025 0.007324 -0.007324
29.285 1 ATTITUDE 0.115689 0.990641 0.125363
29.288 1 ATTITUDE 0.115675 0.990716 0.125379
29.294 1 DESIRED 0. 0.02 0. 0. 0. 235. 0. 20.
29.543 1 GPS 0 0 0 0 0 0 0 0 0 0 1
29.545 1 DL_VALUE 3 0.
29.549 1 NAVIGATION 0 2 0. 0. 0. 0. 0 0
29.553 1 ATTITUDE 0.115629 0.990667 0.125353
29.555 1 ESTIMATOR 0. 0.
29.560 1 NAVIGATION 0 2 0. 0. 0. 0. 0 0
29.563 1 ATTITUDE 0.115699 0.990794 0.125354
29.569 1 DESIRED 0. 0.02 0. 0. 0. 235. 0. 20.
29.573 1 WP_MOVED 8 360462.40625 4813640. 215. 31
29.575 1 CALIBRATION 0. 0
29.577 1 DOWNLINK 1 849 829
29.582 1 GPS 0 0 0 0 0 0 0 0 0 0 1
29.585 1 FBW_STATUS 2 0 1 72 0
30.045 1 DOWNLINK_STATUS 0 30 16413 726 8 517. 23. -1293.62
31.046 1 DOWNLINK_STATUS 0 31 16413 726 8 0. 0. -6294.97
