6.503 1 GPS 3 33240218 593390272 0 671914 31 -47 1789 426695250 12 4
6.589 1 ATTITUDE 0. 0. 0.
6.627 1 NAVIGATION 1 1 -13.8 1.5 0. 193. 0 0
6.689 1 ATTITUDE 0. 0. 0.
6.789 1 ATTITUDE 0. 0. 0.
6.800 1 DOWNLINK_STATUS 0 7 753 37 1 753. 37. 0.
6.876 1 NAVIGATION 1 1 -13.9 0.5 0. 192.8 0 0
6.891 1 ATTITUDE 0. 0. 0.
6.990 1 ATTITUDE 0. 0. 0.
7.090 1 ATTITUDE 0. 0. 0.
7.126 1 NAVIGATION 1 1 -13.9 0. 0. 192.5 0 0
7.190 1 ATTITUDE 0. 0. 0.
7.290 1 ATTITUDE 0. 0. 0.
7.377 1 NAVIGATION 1 1 -13.9 0. 0. 193.4 0 0
7.392 1 ATTITUDE 0. 0. 0.
7.395 1 ESTIMATOR 675.307007 -0.51
7.473 1 COMMANDS 8692,-2352,1246,-2352,-588,0
7.496 1 ATTITUDE 0. 0. 0.
7.502 1 GPS 3 33240210 593390080 0 675458 41 -51 1789 426696250 12 5
7.572 1 ACTUATORS 1270,1635,1465,1487,1938
7.589 1 ATTITUDE 0. 0. 0.
7.626 1 NAVIGATION 1 1 -13.9 0. 0. 193.4 0 0
7.689 1 ATTITUDE 0. 0. 0.
7.790 1 ATTITUDE 0. 0. 0.
7.800 1 DOWNLINK_STATUS 0 8 1120 55 1 367. 18. 0.
7.876 1 NAVIGATION 1 1 -13. -1. 0. 170. 0 0
7.891 1 ATTITUDE 0. 0. 0.
7.990 1 ATTITUDE 0. 0. 0.
8.090 1 ATTITUDE 0. 0. 0.
8.127 1 NAVIGATION 1 1 -13. -2. 0. 173.8 0 0
8.189 1 ATTITUDE 0. 0. 0.
8.289 1 ATTITUDE 0. 0. 0.
8.377 1 FBW_STATUS 0 49 0 68 0
8.382 1 NAVIGATION 1 1 -13. -2. 0. 173.8 0 0
8.394 1 ATTITUDE 0. 0. 0.
8.500 1 ATTITUDE 0.082462 0.471718 0.090394
8.506 1 GPS 3 33240296 593389888 3547 676271 88 -38 1789 426697250 12 6
8.508 1 SVINFO 6 7 13 6 32 77 102
8.593 1 ATTITUDE 0.082468 0.470694 0.090331
8.595 1 ESTIMATOR 676.291016 -0.45
8.626 1 NAVIGATION 1 1 -12.2 -3. 0. 156.8 0 0
8.692 1 ATTITUDE 0.082477 0.47018 0.090343
8.694 1 PPRZ_MODE 0 0 0 0 0 17
8.790 1 ATTITUDE 0.082465 0.469479 0.090291
8.801 1 DOWNLINK_STATUS 0 9 1492 74 1 372. 19. 0.
8.876 1 NAVIGATION 1 1 -12.2 -3. 0. 157.5 0 0
8.891 1 ATTITUDE 0.082514 0.469284 0.090271
8.990 1 ATTITUDE 0.082508 0.469138 0.090228
9.089 1 ATTITUDE 0.08253 0.468925 0.09021
9.126 1 NAVIGATION 1 1 -12.2 -3. 0. 157.5 0 0
9.189 1 ATTITUDE 0.082537 0.469228 0.090185
9.290 1 ATTITUDE 0.082564 0.468659 0.090169
9.376 1 NAVIGATION 1 1 -12.2 -3. 0. 157.5 0 0
9.391 1 ATTITUDE 0.082573 0.468816 0.09013
9.500 1 ATTITUDE 0.082576 0.469355 0.090112
9.506 1 GPS 3 33240382 593389824 3547 675564 53 -56 1789 426698250 12 7
9.508 1 SVINFO 7 8 13 6 35 70 292
9.590 1 ATTITUDE 0.082601 0.469391 0.090107
9.626 1 NAVIGATION 1 1 -12.2 -3. 0. 157.5 0 0
9.689 1 ATTITUDE 0.082617 0.469585 0.090096
9.792 1 ATTITUDE 0.082635 0.468874 0.090079
9.794 1 ESTIMATOR 675.211975 -0.38
9.802 1 DOWNLINK_STATUS 0 10 1837 91 1 345. 17. 0.
9.875 1 NAVIGATION 1 1 -12.2 -4. 0. 164.5 0 0
9.891 1 ATTITUDE 0.082637 0.468782 0.090085
9.990 1 ATTITUDE 0.08265 0.468525 0.090024
10.089 1 ATTITUDE 0.082664 0.468071 0.090007
10.126 1 NAVIGATION 1 1 -12.2 -4.5 0. 170.3 0 0
10.190 1 ATTITUDE 0.082666 0.468264 0.08994
10.290 1 ATTITUDE 0.08271 0.467993 0.089924
10.334 1 PONG 
10.377 1 FBW_STATUS 0 47 0 68 0
10.382 1 NAVIGATION 1 1 -12.2 -4.5 0. 170.3 0 0
10.394 1 ATTITUDE 0.082721 0.467898 0.089879
10.497 1 ATTITUDE 0.082725 0.46743 0.089833
10.503 1 GPS 3 33240376 593389632 3547 675945 3 -44 1789 426699250 12 8
10.590 1 ATTITUDE 0.082724 0.466799 0.089825
10.626 1 NAVIGATION 1 1 -12.2 -4.5 0. 170.3 0 0
10.689 1 ATTITUDE 0.082713 0.466681 0.089797
10.789 1 ATTITUDE 0.082694 0.466368 0.089756
10.803 1 DOWNLINK_STATUS 0 11 2175 108 1 338. 17. 37.64
10.877 1 NAVIGATION 1 1 -12.2 -5.5 0. 180.3 0 0
10.891 1 ATTITUDE 0.08273 0.465755 0.089723
10.992 1 ATTITUDE 0.08272 0.4662 0.089707
10.995 1 ESTIMATOR 676.35199 -0.29
11.090 1 ATTITUDE 0.082722 0.465533 0.089699
11.126 1 NAVIGATION 1 1 -12.2 -5.5 0. 180.3 0 0
11.190 1 ATTITUDE 0.082717 0.464994 0.089639
11.290 1 ATTITUDE 0.082694 0.464936 0.089643
11.377 1 NAVIGATION 1 1 -12.2 -4.5 0. 170.3 0 0
11.391 1 ATTITUDE 0.082728 0.464488 0.089545
11.496 1 ATTITUDE 0.082751 0.464965 0.089503
11.502 1 GPS 3 33240376 593389632 3547 675625 30 -39 1789 426700250 12 9
11.589 1 ATTITUDE 0.082755 0.465003 0.089495
11.626 1 NAVIGATION 1 1 -12.2 -4.5 0. 170.3 0 0
11.689 1 ATTITUDE 0.082786 0.465009 0.089488
11.790 1 ATTITUDE 0.08277 0.465416 0.089465
11.803 1 DOWNLINK_STATUS 0 12 2506 124 1 331. 16. 37.64
11.877 1 NAVIGATION 1 1 -12.2 -4.5 0. 170.3 0 0
11.891 1 ATTITUDE 0.082763 0.464892 0.089439
11.990 1 ATTITUDE 0.082774 0.464546 0.089404
12.090 1 ATTITUDE 0.082766 0.46429 0.089375
12.126 1 NAVIGATION 1 1 -12.2 -4.5 0. 170.3 0 0
12.192 1 ATTITUDE 0.082734 0.464754 0.08937
12.194 1 ESTIMATOR 674.138977 -0.49
12.289 1 ATTITUDE 0.082724 0.464501 0.089358
12.378 1 FBW_STATUS 0 46 0 68 0
12.381 1 NAVIGATION 1 1 -12.2 -4.5 0. 170.3 0 0
12.394 1 ATTITUDE 0.082741 0.464283 0.089312
12.473 1 COMMANDS 8692,-2352,1260,-2352,-560,0
12.499 1 ATTITUDE 0.082722 0.464357 0.089263
12.505 1 GPS 3 33240376 593389632 3547 673784 16 -51 1789 426701250 12 10
12.508 1 SVINFO 10 13 13 4 24 25 162
12.572 1 ACTUATORS 1270,1635,1465,1487,1938
12.589 1 ATTITUDE 0.082701 0.464392 0.089236
12.626 1 NAVIGATION 1 1 -12.2 -4.5 0. 170.3 0 0
12.690 1 ATTITUDE 0.082743 0.46476 0.089209
12.790 1 ATTITUDE 0.082774 0.464066 0.089208
12.804 1 DOWNLINK_STATUS 0 13 2902 144 1 396. 20. 37.64
12.876 1 NAVIGATION 1 1 -12.2 -4.5 0. 170.3 0 0
12.894 1 ATTITUDE 0.082807 0.463525 0.089221
12.897 1 BAT 8692 68 0 0 1 9 0 0
12.989 1 ATTITUDE 0.082792 0.463092 0.089169
13.094 1 ATTITUDE 0.082788 0.46289 0.089167
13.098 1 ALIVE 203,67,147,98,198,93,218,3,125,189,35,233,55,114,181,190
13.125 1 NAVIGATION 1 1 -13.1 -4.5 0. 192.5 0 0
13.189 1 ATTITUDE 0.082809 0.463179 0.089125
13.289 1 ATTITUDE 0.082786 0.462533 0.089079
13.378 1 NAVIGATION 1 3 0.9 0.5 0. 192.5 0 0
13.395 1 ATTITUDE 0.082783 0.46265 0.089096
13.397 1 ESTIMATOR 672.471985 -0.49
13.399 1 DOWNLINK 0 357 203
13.497 1 ATTITUDE 0.082761 0.463005 0.089082
13.502 1 GPS 3 33240288 593389632 3505 672472 91 -45 1789 426702250 12 11
13.593 1 ATTITUDE 0.082746 0.462736 0.089055
13.595 1 GPS_SOL 1815 132 380 7
13.626 1 NAVIGATION 2 0 0.9 1. 0. 1.8 0 0
13.689 1 ATTITUDE 0.082751 0.462997 0.089036
13.789 1 ATTITUDE 0.082722 0.462735 0.088996
13.805 1 DOWNLINK_STATUS 0 14 3305 164 1 403. 20. 37.64
13.875 1 NAVIGATION 2 1 0.9 1. 0. 1.8 0 0
13.891 1 ATTITUDE 0.0827 0.463092 0.088978
13.989 1 ATTITUDE 0.082665 0.462745 0.088995
14.089 1 ATTITUDE 0.082732 0.462599 0.088968
14.126 1 NAVIGATION 2 1 0.9 1. 0. 1.8 0 0
14.189 1 ATTITUDE 0.082727 0.462505 0.08894
14.290 1 ATTITUDE 0.082707 0.46238 0.088907
14.377 1 FBW_STATUS 0 49 0 68 0
14.382 1 NAVIGATION 2 1 0.9 1. 0. 1.8 0 0
14.394 1 ATTITUDE 0.082725 0.462515 0.088943
14.500 1 ATTITUDE 0.082711 0.462347 0.088908
14.506 1 GPS 3 33240288 593389696 3505 671301 38 -55 1789 426703250 12 12
14.507 1 SVINFO 12 19 13 6 36 44 88
14.592 1 ATTITUDE 0.082703 0.461689 0.088854
14.594 1 ESTIMATOR 670.989014 -0.16
14.625 1 NAVIGATION 2 1 0. 2. 0. 4. 0 0
14.692 1 ATTITUDE 0.082682 0.46112 0.08884
14.694 1 PPRZ_MODE 0 1 2 0 0 17
14.789 1 ATTITUDE 0.082676 0.460341 0.08884
14.805 1 DOWNLINK_STATUS 0 15 3677 183 1 372. 19. 37.64
14.876 1 NAVIGATION 2 1 0. 2. 0. 4. 0 0
14.891 1 ATTITUDE 0.082677 0.460274 0.088852
14.989 1 ATTITUDE 0.082674 0.460492 0.088844
15.090 1 ATTITUDE 0.082694 0.46013 0.088812
15.126 1 NAVIGATION 2 1 0. 2. 0. 4. 0 0
15.190 1 ATTITUDE 0.082666 0.460348 0.08875
15.289 1 ATTITUDE 0.08269 0.45981 0.088722
15.334 1 PONG 
15.375 1 NAVIGATION 2 1 0. 2. 0. 4. 0 0
15.390 1 ATTITUDE 0.0827 0.459904 0.088639
15.496 1 ATTITUDE 0.082704 0.460102 0.088672
15.502 1 GPS 3 33240204 593389824 3505 670155 42 -63 1789 426704250 12 13
15.589 1 ATTITUDE 0.082703 0.460116 0.08868
15.626 1 NAVIGATION 2 1 0. 2. 0. 4. 0 0
15.689 1 ATTITUDE 0.082708 0.460398 0.088679
15.792 1 ATTITUDE 0.082682 0.460067 0.088659
15.795 1 ESTIMATOR 670.169983 -0.42
15.806 1 DOWNLINK_STATUS 0 16 4014 200 1 337. 17. 37.68
15.876 1 NAVIGATION 2 1 0. 2. 0. 4. 0 0
15.891 1 ATTITUDE 0.082702 0.460334 0.088623
15.990 1 ATTITUDE 0.082685 0.46038 0.088627
16.089 1 ATTITUDE 0.082649 0.459941 0.088644
16.125 1 NAVIGATION 2 1 0.1 2. 0. 4. 0 0
16.189 1 ATTITUDE 0.082604 0.460178 0.088622
16.289 1 ATTITUDE 0.082644 0.459882 0.088647
16.377 1 FBW_STATUS 0 49 0 68 0
16.381 1 NAVIGATION 2 1 0.1 2. 0. 4. 0 0
16.394 1 ATTITUDE 0.082632 0.459349 0.088658
16.499 1 ATTITUDE 0.082604 0.45928 0.088614
16.505 1 GPS 3 33240206 593389824 3505 669704 32 -32 1789 426705250 12 14
16.507 1 SVINFO 14 28 13 6 31 38 230
16.558 1 WIND_INFO 1 42 0. 0. 0.
16.599 1 ATTITUDE 0.082579 0.459135 0.088638
16.626 1 NAVIGATION 2 1 0.1 2. 0. 4. 0 0
16.689 1 ATTITUDE 0.082564 0.459015 0.08867
16.790 1 ATTITUDE 0.082567 0.458796 0.088696
16.807 1 DOWNLINK_STATUS 0 17 4360 217 1 346. 17. 37.68
16.875 1 NAVIGATION 2 1 0.1 2. 0. 4. 0 0
16.890 1 ATTITUDE 0.082585 0.45811 0.0887
16.992 1 ATTITUDE 0.082514 0.457825 0.088698
16.994 1 ESTIMATOR 669.651001 -0.42
17.089 1 ATTITUDE 0.082479 0.457287 0.088659
17.125 1 NAVIGATION 2 1 0.1 2. 0. 4. 0 0
17.189 1 ATTITUDE 0.082505 0.457436 0.088656
17.289 1 ATTITUDE 0.08249 0.457577 0.088627
17.376 1 NAVIGATION 2 1 0.1 2. 0. 4. 0 0
17.391 1 ATTITUDE 0.082487 0.457047 0.088654
17.472 1 COMMANDS 8692,-2352,1260,-2352,-560,0
17.498 1 ATTITUDE 0.082519 0.456865 0.088621
17.504 1 GPS 3 33240206 593389824 3505 669272 40 -31 1789 426706250 12 15
17.507 1 SVINFO 15 30 16 6 34 -91 0
17.571 1 ACTUATORS 1270,1635,1465,1487,1938
17.589 1 ATTITUDE 0.08256 0.456735 0.08862
17.625 1 NAVIGATION 2 1 0.1 2. 0. 4. 0 0
17.689 1 ATTITUDE 0.082561 0.456565 0.088645
17.789 1 ATTITUDE 0.08257 0.456544 0.088676
17.808 1 DOWNLINK_STATUS 0 18 4741 236 1 381. 19. 37.68
17.876 1 NAVIGATION 2 1 0.1 3. 0. 9. 0 0
17.890 1 ATTITUDE 0.082581 0.4563 0.088682
17.989 1 ATTITUDE 0.082549 0.455965 0.08869
18.089 1 ATTITUDE 0.082567 0.456106 0.088689
18.126 1 NAVIGATION 2 1 0.1 3. 0. 9. 0 0
18.192 1 ATTITUDE 0.082574 0.456076 0.088658
18.195 1 ESTIMATOR 669.262024 -0.28
18.289 1 ATTITUDE 0.082559 0.456061 0.088655
18.377 1 FBW_STATUS 0 47 0 68 0
18.383 1 NAVIGATION 2 1 0.1 3. 0. 9. 0 0
18.394 1 ATTITUDE 0.082581 0.456171 0.088639
18.496 1 ATTITUDE 0.082548 0.45647 0.088605
18.503 1 GPS 3 33240206 593389888 3505 669173 29 -57 1789 426707250 12 16
18.589 1 ATTITUDE 0.082488 0.456042 0.088569
18.625 1 NAVIGATION 2 1 0.1 3. 0. 9. 0 0
18.689 1 ATTITUDE 0.082483 0.456456 0.08852
18.789 1 ATTITUDE 0.082464 0.456178 0.088505
18.808 1 DOWNLINK_STATUS 0 19 5087 253 1 346. 17. 37.68
18.876 1 NAVIGATION 2 1 0.1 3. 0. 9. 0 0
18.891 1 ATTITUDE 0.082447 0.456133 0.088515
18.989 1 ATTITUDE 0.08243 0.455409 0.088493
19.090 1 ATTITUDE 0.082437 0.454483 0.088399
19.126 1 NAVIGATION 2 1 0.1 3. 0. 9. 0 0
19.190 1 ATTITUDE 0.082426 0.454407 0.088399
19.289 1 ATTITUDE 0.082408 0.454164 0.088384
19.375 1 NAVIGATION 2 1 0.1 3. 0. 9. 0 0
19.392 1 ATTITUDE 0.082404 0.454387 0.088376
19.394 1 ESTIMATOR 668.802979 -0.39
19.497 1 ATTITUDE 0.082415 0.454484 0.088373
19.502 1 GPS 3 33240206 593389888 3505 668803 20 -39 1789 426708250 12 17
19.589 1 ATTITUDE 0.082395 0.45432 0.088378
19.626 1 NAVIGATION 2 1 0.1 3. 0. 9. 0 0
19.689 1 ATTITUDE 0.082341 0.454809 0.088346
19.789 1 ATTITUDE 0.082352 0.454689 0.088345
19.809 1 DOWNLINK_STATUS 0 20 5418 269 1 331. 16. 37.68
19.876 1 NAVIGATION 2 1 0.1 4. 0. 16. 0 0
19.890 1 ATTITUDE 0.082363 0.454602 0.088301
19.989 1 ATTITUDE 0.082336 0.454575 0.088247
20.089 1 ATTITUDE 0.08232 0.454349 0.088244
20.125 1 NAVIGATION 2 1 0.1 4. 0. 16. 0 0
20.189 1 ATTITUDE 0.082265 0.454755 0.088279
20.289 1 ATTITUDE 0.082284 0.454188 0.088271
20.336 1 PONG 
20.377 1 FBW_STATUS 0 48 0 68 0
20.381 1 NAVIGATION 2 1 0.1 4. 0. 16. 0 0
20.394 1 ATTITUDE 0.082223 0.453875 0.088215
20.496 1 ATTITUDE 0.082235 0.453318 0.088238
20.502 1 GPS 3 33240210 593390016 3505 669153 22 -17 1789 426709250 12 18
20.592 1 ATTITUDE 0.082232 0.452817 0.08827
20.595 1 ESTIMATOR 669.060974 -0.13
20.626 1 NAVIGATION 2 1 0.1 4. 0. 16. 0 0
20.692 1 ATTITUDE 0.082201 0.452546 0.088303
20.693 1 PPRZ_MODE 0 1 2 0 0 17
20.790 1 ATTITUDE 0.082211 0.451961 0.088324
20.810 1 DOWNLINK_STATUS 0 21 5782 288 1 364. 19. 38.67
20.875 1 NAVIGATION 2 1 0.1 4. 0. 16. 0 0
20.890 1 ATTITUDE 0.082203 0.451878 0.088311
20.989 1 ATTITUDE 0.082171 0.451876 0.088329
21.089 1 ATTITUDE 0.082155 0.451199 0.088323
21.125 1 NAVIGATION 2 1 0.1 4. 0. 16. 0 0
21.189 1 ATTITUDE 0.082119 0.450933 0.0883
21.289 1 ATTITUDE 0.082058 0.450278 0.088236
21.375 1 NAVIGATION 2 1 0.1 4. 0. 16. 0 0
21.391 1 ATTITUDE 0.082059 0.449954 0.088266
21.496 1 ATTITUDE 0.08208 0.450728 0.088293
21.501 1 GPS 3 33240210 593390016 3505 669189 12 -16 1789 426710250 12 19
21.589 1 ATTITUDE 0.082105 0.45127 0.088265
21.625 1 NAVIGATION 2 1 0.1 4. 0. 16. 0 0
21.689 1 ATTITUDE 0.08215 0.451219 0.088309
21.792 1 ATTITUDE 0.082116 0.450839 0.08831
21.794 1 ESTIMATOR 669.635986 -0.05
21.810 1 DOWNLINK_STATUS 0 22 6113 304 1 331. 16. 38.67
21.875 1 NAVIGATION 2 1 0.1 5. 0. 25. 0 0
21.890 1 ATTITUDE 0.08214 0.451216 0.088296
21.990 1 ATTITUDE 0.082123 0.451786 0.088282
22.089 1 ATTITUDE 0.08212 0.451473 0.088248
22.125 1 NAVIGATION 2 1 0.1 5. 0. 25. 0 0
22.189 1 ATTITUDE 0.082111 0.451662 0.088219
22.288 1 ATTITUDE 0.082098 0.451981 0.088202
22.379 1 NAVIGATION 2 1 0.1 5. 0. 25. 0 0
22.381 1 FBW_STATUS 0 50 0 68 0
22.393 1 ATTITUDE 0.08209 0.451541 0.088198
22.472 1 COMMANDS 8692,-2352,1260,-2352,-560,0
22.496 1 ATTITUDE 0.082063 0.451553 0.088216
22.502 1 GPS 3 33240210 593390080 3505 669788 21 -2 1789 426711250 12 20
22.572 1 ACTUATORS 1270,1635,1465,1487,1938
22.589 1 ATTITUDE 0.082024 0.451985 0.08819
22.625 1 NAVIGATION 2 1 0.1 5. 0. 25. 0 0
