9.196 2 WP_MOVED 1 348865. 5945715. 660. 12
9.255 2 GPS 0 1130805120 0 0 -17000 0 0 0 4000 12 16
9.257 2 SVINFO 0 1 0 1 0 -91 0
9.278 2 FBW_STATUS 2 0 1 163 0
9.296 2 DL_VALUE 2 655.
9.298 2 ESTIMATOR 0. 0.
9.396 2 ATTITUDE 0. 0. 0.
9.505 2 GPS 0 1130805120 0 0 -17000 0 0 0 4250 12 1
9.507 2 SVINFO 1 2 16 1 0 -91 0
9.697 2 WP_MOVED 2 348895. 5945815. 660. 12
9.755 2 GPS 0 1130805120 0 0 -17000 0 0 0 4500 12 2
9.757 2 SVINFO 2 3 16 1 0 -91 0
9.795 2 DOWNLINK_STATUS 0 10 1210 58 1 957. 46. 0.
9.807 2 IMU_GYRO -0.030762 0.019043 -0.049805
9.814 2 DESIRED 0. 0. 0. 0. 0. 655. 0. 15.
9.816 2 ESTIMATOR 0. 0.
9.907 2 BAT 0 163 0 0 0 4 0 0
9.911 2 NAVIGATION 0 1 10959186. -5945715. 0. 1.55455284314e+14 0 0
9.914 2 ATTITUDE 0. 0. 0.
10.005 2 GPS 0 1130805120 0 0 -17000 0 0 0 4750 12 3
10.007 2 SVINFO 3 4 16 1 0 -91 0
10.080 2 ACTUATORS |1000,1500,1500,1500,1500,1500|
10.180 2 COMMANDS |0,0,0,0,0,0|
10.202 2 CALIBRATION 0. 0
10.205 2 GPS_SOL 649519616 100000 9999 0
10.208 2 WP_MOVED 3 348965.09375 5945786. 660. 12
10.255 2 GPS 0 1130805120 0 0 -17000 0 0 0 5000 12 4
10.258 2 SVINFO 4 5 16 1 0 -91 0
10.297 2 DOWNLINK 0 455 116
10.299 2 ESTIMATOR 0. 0.
10.330 2 PONG 
10.397 2 STATE_FILTER_STATUS 2 0
10.400 2 ATTITUDE 0. 0. 0.
10.505 2 GPS 0 1130805120 0 0 -17000 0 0 0 5250 12 5
10.508 2 SVINFO 5 6 16 1 0 -91 0
10.594 2 PPRZ_MODE 2 0 0 0 0 6
10.703 2 ALIVE |88,46,127,254,191,243,157,14,79,175,117,217,7,24,53,158|
10.705 2 WP_MOVED 4 348764.6875 5945795. 660. 12
10.755 2 GPS 0 1130805120 0 0 -17000 0 0 0 5500 12 6
10.757 2 SVINFO 6 7 16 1 0 -91 0
10.796 2 DOWNLINK_STATUS 0 11 1732 85 1 522. 27. 39.74
10.802 2 ENERGY 16.299999 0. 0 0.
10.804 2 DL_VALUE 3 0.
10.806 2 ESTIMATOR 0. 0.
10.853 2 DESIRED 0. 0. 0. 0. 0. 655. 0. 15.
10.905 2 IMU_GYRO -0.030762 0.019043 -0.049805
10.910 2 NAVIGATION 0 1 10959186. -5945715. 0. 1.55455284314e+14 0 0
10.913 2 ATTITUDE 0. 0. 0.
11.007 2 BAT 0 163 0 0 0 5 0 0
11.013 2 GPS 0 1130805120 0 0 -17000 0 0 0 5750 12 7
11.015 2 SVINFO 7 8 16 1 0 -91 0
11.197 2 WP_MOVED 5 348740. 5945760. 660. 12
11.255 2 GPS 0 1130805120 0 0 -17000 0 0 0 6000 12 8
11.257 2 SVINFO 8 9 16 1 0 -91 0
11.278 2 FBW_STATUS 2 0 1 163 0
11.294 2 ESTIMATOR 0. 0.
11.396 2 ATTITUDE 0.004602 1.605022 -0.03366
11.505 2 GPS 0 1130805120 0 0 -17000 0 0 0 6250 12 9
11.508 2 SVINFO 9 10 16 1 0 -91 0
11.697 2 WP_MOVED 6 348665. 5945815. 660. 12
11.755 2 GPS 0 1130805120 0 0 -17000 0 0 0 6500 12 10
11.758 2 SVINFO 10 11 16 1 0 -91 0
11.795 2 ESTIMATOR 0. 0.
11.796 2 DOWNLINK_STATUS 0 12 2187 107 1 455. 22. 39.74
11.914 2 DESIRED 0. 0. 0. 0. 0. 655. 0. 15.
11.918 2 NAVIGATION 0 1 10959186. -5945715. 0. 1.55455284314e+14 0 0
11.921 2 ATTITUDE 0.004684 1.605196 -0.033836
12.007 2 IMU_GYRO -0.029785 0.02002 -0.049805
12.012 2 GPS 0 1130805120 0 0 -17000 0 0 0 6750 12 11
12.015 2 SVINFO 11 12 16 1 0 -91 0
12.098 2 BAT 0 163 0 0 0 7 0 0
12.200 2 GPS_SOL 649520128 100000 9999 0
12.203 2 WP_MOVED 7 349065. 5946015. 660. 12
12.255 2 GPS 0 1130805120 0 0 -17000 0 0 0 7000 12 12
12.257 2 SVINFO 12 13 16 1 0 -91 0
12.298 2 CALIBRATION 0. 0
12.300 2 DL_VALUE 4 0.
12.303 2 ESTIMATOR 0. 0.
12.396 2 ATTITUDE 0.0049 1.605108 -0.033795
12.505 2 GPS 0 1130805120 0 0 -17000 0 0 0 7250 12 13
12.507 2 SVINFO 13 14 16 1 0 -91 0
12.697 2 WP_MOVED 0 348907. 5945757. 660. 12
12.755 2 GPS 0 1130805120 0 0 -17000 0 0 0 7500 12 14
12.757 2 SVINFO 14 15 16 1 0 -91 0
12.795 2 ESTIMATOR 0. 0.
12.796 2 DOWNLINK_STATUS 0 13 2621 128 1 434. 21. 39.74
12.903 2 NAVIGATION 0 1 10959186. -5945715. 0. 1.55455284314e+14 0 0
12.906 2 ATTITUDE 0.004847 1.605463 -0.034011
12.954 2 DESIRED 0. 0. 0. 0. 0. 655. 0. 15.
13.005 2 GPS 0 1130805120 0 0 -17000 0 0 0 7750 12 15
13.007 2 SVINFO 15 16 0 1 0 -91 0
13.096 2 IMU_GYRO -0.024414 0.048828 -0.051025
13.202 2 BAT 0 163 0 0 0 8 0 0
13.205 2 WP_MOVED 1 348865. 5945715. 660. 12
13.255 2 GPS 0 1130805120 0 0 -17000 0 0 0 8000 12 16
13.258 2 SVINFO 0 1 0 1 0 -91 0
13.278 2 FBW_STATUS 2 0 1 163 0
13.300 2 ENERGY 16.299999 0. 0 0.
13.303 2 ESTIMATOR 0. 0.
13.397 2 ATTITUDE 0.008979 1.606199 -0.034001
13.505 2 GPS 0 1130805120 0 0 -17000 0 0 0 8250 12 1
13.507 2 SVINFO 1 2 16 1 0 -91 0
13.697 2 WP_MOVED 2 348895. 5945815. 660. 12
13.755 2 GPS 0 1130805120 0 0 -17000 0 0 0 8500 12 2
13.757 2 SVINFO 2 3 16 1 0 -91 0
13.796 2 DL_VALUE 5 0.
13.796 2 DOWNLINK_STATUS 0 14 3048 148 1 427. 20. 39.74
13.799 2 ESTIMATOR 0. 0.
13.903 2 NAVIGATION 0 1 10959186. -5945715. 0. 1.55455284314e+14 0 0
13.906 2 ATTITUDE 0.010549 1.605325 0.030809
14.014 2 DESIRED 0. 0. 0. 0. 0. 655. 0. 15.
14.020 2 GPS 0 1130805120 0 0 -17000 0 0 0 8750 12 3
14.022 2 SVINFO 3 4 16 1 0 -91 0
14.096 2 NAVIGATION_REF 348865 5945715 12 605.
14.204 2 GPS_SOL 649520832 100000 9999 0
14.207 2 IMU_GYRO -0.032959 0.05957 -0.016846
14.211 2 WP_MOVED 3 348965.09375 5945786. 660. 12
14.255 2 GPS 0 1130805120 0 0 -17000 0 0 0 9000 12 4
14.257 2 SVINFO 4 5 16 1 0 -91 0
14.300 2 BAT 0 163 0 0 0 9 0 0
14.303 2 ESTIMATOR 0. 0.
14.397 2 CALIBRATION 0. 0
14.400 2 ATTITUDE 0.018877 1.604557 0.066555
14.505 2 GPS 0 1130805120 0 0 -17000 0 0 0 9250 12 5
14.508 2 SVINFO 5 6 16 1 0 -91 0
14.697 2 WP_MOVED 4 348764.6875 5945795. 660. 12
14.755 2 GPS 0 1130805120 0 0 -17000 0 0 0 9500 12 6
14.757 2 SVINFO 6 7 16 1 0 -91 0
14.794 2 ESTIMATOR 0. 0.
14.797 2 DOWNLINK_STATUS 0 15 3504 170 1 456. 22. 39.74
14.903 2 NAVIGATION 0 1 10959186. -5945715. 0. 1.55455284314e+14 0 0
14.906 2 ATTITUDE 0.007099 1.605496 0.075432
15.005 2 GPS 0 1130805120 0 0 -17000 0 0 0 9750 12 7
15.007 2 SVINFO 7 8 16 1 0 -91 0
15.054 2 DESIRED 0. 0. 0. 0. 0. 655. 0. 15.
15.079 2 ACTUATORS |1000,1500,1546,1503,1503,1500|
15.179 2 COMMANDS |0,-46,-895,0,0,0|
15.197 2 WP_MOVED 5 348740. 5945760. 660. 12
15.255 2 GPS 0 1130805120 0 0 -17000 0 0 0 10000 12 8
15.257 2 SVINFO 8 9 16 1 0 -91 0
15.278 2 FBW_STATUS 2 0 1 163 0
15.300 2 DL_VALUE 6 100.
15.303 2 IMU_GYRO -0.028564 0.02124 -0.049805
15.306 2 ESTIMATOR 0. 0.
15.334 2 PONG 
15.404 2 DOWNLINK 0 446 228
15.405 2 STATE_FILTER_STATUS 3 0
15.409 2 BAT 0 163 0 0 0 10 0 0
15.412 2 ATTITUDE 0.00728 1.605763 0.075342
15.505 2 GPS 0 1130805120 0 0 -17000 0 0 0 10250 12 9
15.507 2 SVINFO 9 10 16 1 0 -91 0
15.594 2 PPRZ_MODE 2 0 0 0 0 6
15.702 2 ALIVE |88,46,127,254,191,243,157,14,79,175,117,217,7,24,53,158|
15.706 2 WP_MOVED 6 348665. 5945815. 660. 12
15.755 2 GPS 0 1130805120 0 0 -17000 0 0 0 10500 12 10
15.757 2 SVINFO 10 11 16 1 0 -91 0
15.798 2 DOWNLINK_STATUS 0 16 4010 196 1 506. 26. 43.76
15.800 2 ENERGY 16.299999 0. 0 0.
15.802 2 ESTIMATOR 0. 0.
15.903 2 NAVIGATION 0 1 10959186. -5945715. 0. 1.55455284314e+14 0 0
15.905 2 ATTITUDE 0.007241 1.605769 0.075471
16.005 2 GPS 0 1130805120 0 0 -17000 0 0 0 10750 12 11
16.007 2 SVINFO 11 12 16 1 0 -91 0
16.104 2 DESIRED 0. 0. 0. 0. 0. 655. 0. 15.
16.199 2 GPS_SOL 649521728 100000 9999 0
16.203 2 WP_MOVED 7 349065. 5946015. 660. 12
16.254 2 GPS 0 1130805120 0 0 -17000 0 0 0 11000 12 12
16.257 2 SVINFO 12 13 16 1 0 -91 0
16.294 2 ESTIMATOR 0. 0.
16.400 2 IMU_GYRO -0.029785 0.02124 -0.049805
16.403 2 ATTITUDE 0.007066 1.605677 0.075561
16.508 2 CALIBRATION 0. 0
16.511 2 BAT 0 163 0 0 0 11 0 0
16.517 2 GPS 0 1130805120 0 0 -17000 0 0 0 11250 12 13
16.519 2 SVINFO 13 14 16 1 0 -91 0
16.697 2 WP_MOVED 0 348907. 5945757. 660. 12
16.755 2 GPS 0 1130805120 0 0 -17000 0 0 0 11500 12 14
16.757 2 SVINFO 14 15 16 1 0 -91 0
16.796 2 DL_VALUE 7 2.
16.798 2 DOWNLINK_STATUS 0 17 4464 218 1 454. 22. 43.76
16.799 2 ESTIMATOR 0. 0.
16.903 2 NAVIGATION 0 1 10959186. -5945715. 0. 1.55455284314e+14 0 0
16.906 2 ATTITUDE 0.006978 1.605589 0.075649
17.005 2 GPS 0 1130805120 0 0 -17000 0 0 0 11750 12 15
17.007 2 SVINFO 15 16 0 1 0 -91 0
17.154 2 DESIRED 0. 0. 0. 0. 0. 655. 0. 15.
17.197 2 WP_MOVED 1 348865. 5945715. 660. 12
17.255 2 GPS 0 1130805120 0 0 -17000 0 0 0 12000 12 16
17.257 2 SVINFO 0 1 0 1 0 -91 0
17.277 2 FBW_STATUS 2 0 1 163 0
17.294 2 ESTIMATOR 0. 0.
17.395 2 ATTITUDE 0.006593 1.605665 0.075787
17.505 2 IMU_GYRO -0.030762 0.02002 -0.049805
17.511 2 GPS 0 1130805120 0 0 -17000 0 0 0 12250 12 1
17.513 2 SVINFO 1 2 16 1 0 -91 0
17.597 2 BAT 0 163 0 0 0 12 0 0
17.697 2 WP_MOVED 2 348895. 5945815. 660. 12
17.754 2 GPS 0 1130805120 0 0 -17000 0 0 0 12500 12 2
17.757 2 SVINFO 2 3 16 2 25 -91 0
17.794 2 ESTIMATOR 0. 0.
17.798 2 DOWNLINK_STATUS 0 18 4888 238 1 424. 20. 43.76
17.903 2 NAVIGATION 0 1 10959186. -5945715. 0. 1.55455284314e+14 0 0
17.906 2 ATTITUDE 0.00634 1.605831 0.075791
18.005 2 GPS 0 1130805120 0 0 -17000 0 0 0 12750 12 3
18.007 2 SVINFO 3 4 16 1 0 -91 0
18.208 2 GPS_SOL 649522880 100000 9999 0
18.215 2 DESIRED 0. 0. 0. 0. 0. 655. 0. 15.
18.218 2 WP_MOVED 3 348965.09375 5945786. 660. 12
18.255 2 GPS 0 1130805120 0 0 -17000 0 0 0 13000 12 4
18.257 2 SVINFO 4 6 16 1 0 -91 0
18.302 2 ENERGY 16.299999 0. 0 0.
18.304 2 DL_VALUE 8 0.
18.307 2 ESTIMATOR 0. 0.
18.396 2 ATTITUDE 0.006168 1.605828 0.07588
18.505 2 GPS 0 1130805120 0 0 -17000 0 0 0 13250 12 5
18.507 2 SVINFO 5 8 16 1 0 -91 0
18.596 2 CALIBRATION 0. 0
18.599 2 IMU_GYRO -0.030762 0.019043 -0.049805
18.701 2 BAT 0 163 0 0 0 13 0 0
18.704 2 WP_MOVED 4 348764.6875 5945795. 660. 12
18.754 2 GPS 0 1130805120 0 0 -17000 0 0 0 13500 12 6
18.756 2 SVINFO 6 8 16 1 0 -91 0
18.794 2 ESTIMATOR 0. 0.
18.799 2 DOWNLINK_STATUS 0 19 5342 260 1 454. 22. 43.76
18.903 2 NAVIGATION 0 1 10959186. -5945715. 0. 1.55455284314e+14 0 0
18.906 2 ATTITUDE 0.006087 1.605916 0.075968
19.004 2 GPS 0 1130805120 0 0 -17000 0 0 0 13750 12 7
19.007 2 SVINFO 7 9 16 1 0 -91 0
19.196 2 WP_MOVED 5 348740. 5945760. 660. 12
19.264 2 DESIRED 0. 0. 0. 0. 0. 655. 0. 15.
19.269 2 GPS 0 1130805120 0 0 -17000 0 0 0 14000 12 8
19.272 2 SVINFO 8 10 16 1 0 -91 0
19.278 2 FBW_STATUS 2 0 1 163 0
19.288 2 WIND_INFO 2 42 0. 0. 0.
19.294 2 ESTIMATOR 0. 0.
19.396 2 ATTITUDE 0.006044 1.605914 0.075924
19.505 2 GPS 0 1130805120 0 0 -17000 0 0 0 14250 12 9
19.507 2 SVINFO 9 11 16 1 0 -91 0
19.700 2 IMU_GYRO -0.029785 0.02002 -0.049805
19.704 2 WP_MOVED 6 348665. 5945815. 660. 12
19.755 2 GPS 0 1130805120 0 0 -17000 0 0 0 14500 12 10
19.756 2 SVINFO 10 12 16 1 0 -91 0
19.800 2 DOWNLINK_STATUS 0 20 5717 277 1 375. 17. 43.76
19.800 2 DL_VALUE 9 0.
19.804 2 BAT 0 163 0 0 0 14 0 0
19.806 2 ESTIMATOR 0. 0.
19.903 2 NAVIGATION 0 1 10959186. -5945715. 0. 1.55455284314e+14 0 0
19.905 2 ATTITUDE 0.006127 1.605829 0.075923
20.004 2 GPS 0 1130805120 0 0 -17000 0 0 0 14750 12 11
20.007 2 SVINFO 11 13 16 1 0 -91 0
20.079 2 ACTUATORS |1000,1500,1547,1502,1502,1500|
20.179 2 COMMANDS |0,-45,-903,0,0,0|
20.199 2 GPS_SOL 649524160 100000 9999 0
20.203 2 WP_MOVED 7 349065. 5946015. 660. 12
20.254 2 GPS 0 1130805120 0 0 -17000 0 0 0 15000 12 12
20.257 2 SVINFO 12 14 16 1 0 -91 0
20.306 2 DESIRED 0. 0. 0. 0. 0. 655. 0. 15.
20.309 2 ESTIMATOR 0. 0.
20.335 2 PONG 
20.396 2 STATE_FILTER_STATUS 3 0
20.399 2 ATTITUDE 0.006 1.605827 0.075966
20.503 2 DOWNLINK 0 442 338
20.509 2 GPS 0 1130805120 0 0 -17000 0 0 0 15250 12 13
20.511 2 SVINFO 13 15 16 1 0 -91 0
20.593 2 PPRZ_MODE 2 0 0 0 0 6
20.704 2 ALIVE |88,46,127,254,191,243,157,14,79,175,117,217,7,24,53,158|
20.706 2 CALIBRATION 0. 0
20.710 2 WP_MOVED 0 348907. 5945757. 660. 12
20.755 2 GPS 0 1130805120 0 0 -17000 0 0 0 15500 12 14
20.757 2 SVINFO 14 16 0 1 0 -91 0
20.800 2 DOWNLINK_STATUS 0 21 6232 304 1 515. 27. 43.74
20.804 2 ENERGY 16.299999 0. 0 0.
20.807 2 IMU_GYRO -0.030762 0.019043 -0.049805
20.809 2 ESTIMATOR 0. 0.
20.907 2 BAT 0 163 0 0 0 15 0 0
20.911 2 NAVIGATION 0 1 10959186. -5945715. 0. 1.55455284314e+14 0 0
20.914 2 ATTITUDE 0.006005 1.605919 0.076053
21.005 2 GPS 0 1130805120 0 0 -17000 0 0 0 15750 12 15
21.006 2 SVINFO 15 17 16 1 0 -91 0
21.196 2 WP_MOVED 1 348865. 5945715. 660. 12
21.254 2 GPS 0 1130805120 0 0 -17000 0 0 0 16000 12 16
21.256 2 SVINFO 0 1 0 1 0 -91 0
21.278 2 FBW_STATUS 2 0 1 163 0
21.295 2 DL_VALUE 10 0.
21.298 2 ESTIMATOR 0. 0.
21.353 2 DESIRED 0. 0. 0. 0. 0. 655. 0. 15.
21.395 2 ATTITUDE 0.005961 1.605917 0.076098
21.504 2 GPS 0 1130805120 0 0 -17000 0 0 0 16250 12 1
21.507 2 SVINFO 1 4 16 2 21 -91 0
21.696 2 WP_MOVED 2 348895. 5945815. 660. 12
21.754 2 GPS 0 1130805120 0 0 -17000 0 0 0 16500 12 2
21.757 2 SVINFO 2 5 16 1 0 -91 0
21.794 2 ESTIMATOR 0. 0.
21.800 2 DOWNLINK_STATUS 0 22 6687 326 1 455. 22. 43.74
21.905 2 IMU_GYRO -0.030762 0.018066 -0.049805
21.910 2 NAVIGATION 0 1 10959186. -5945715. 0. 1.55455284314e+14 0 0
21.913 2 ATTITUDE 0.005876 1.605917 0.076186
22.007 2 BAT 0 163 0 0 0 16 0 0
22.013 2 GPS 0 1130805120 0 0 -17000 0 0 0 16750 12 3
22.015 2 SVINFO 3 6 16 1 0 -91 0
22.200 2 GPS_SOL 649525632 100000 9999 0
22.203 2 WP_MOVED 3 348965.09375 5945786. 660. 12
22.255 2 GPS 0 1130805120 0 0 -17000 0 0 0 17000 12 4
22.256 2 SVINFO 4 8 16 1 0 -91 0
22.293 2 ESTIMATOR 0. 0.
22.408 2 DESIRED 0. 0. 0. 0. 0. 655. 0. 15.
22.410 2 ATTITUDE 0.005744 1.605824 0.076144
22.504 2 GPS 0 1130805120 0 0 -17000 0 0 0 17250 12 5
22.506 2 SVINFO 5 9 16 1 0 -91 0
22.696 2 WP_MOVED 4 348764.6875 5945795. 660. 12
22.754 2 GPS 0 1130805120 0 0 -17000 0 0 0 17500 12 6
22.757 2 SVINFO 6 10 16 1 0 -91 0
22.798 2 CALIBRATION 0. 0
22.800 2 DL_VALUE 11 0.
22.800 2 DOWNLINK_STATUS 0 23 7107 346 1 420. 20. 43.74
22.802 2 ESTIMATOR 0. 0.
22.902 2 NAVIGATION 0 1 10959186. -5945715. 0. 1.55455284314e+14 0 0
22.905 2 ATTITUDE 0.005525 1.605812 0.076106
23.006 2 IMU_GYRO -0.030762 0.018066 -0.049805
23.011 2 GPS 0 1130805120 0 0 -17000 0 0 0 17750 12 7
23.014 2 SVINFO 7 11 16 1 0 -91 0
23.100 2 NAVIGATION_REF 348865 5945715 12 605.
23.104 2 BAT 0 163 0 0 0 18 0 0
23.196 2 WP_MOVED 5 348740. 5945760. 660. 12
23.254 2 GPS 0 1130805120 0 0 -17000 0 0 0 18000 12 8
23.257 2 SVINFO 8 12 16 1 0 -91 0
23.277 2 FBW_STATUS 2 0 1 163 0
23.299 2 ENERGY 16.299999 0. 0 0.
23.302 2 ESTIMATOR 0. 0.
23.396 2 ATTITUDE 0.00531 1.605803 0.076065
23.453 2 DESIRED 0. 0. 0. 0. 0. 655. 0. 15.
23.505 2 GPS 0 1130805120 0 0 -17000 0 0 0 18250 12 9
23.507 2 SVINFO 9 13 16 1 0 -91 0
23.679 2 SETTING 0 2 3.
23.697 2 WP_MOVED 6 348665. 5945815. 660. 12
23.731 2 DL_VALUE 0 3.
23.801 2 DOWNLINK_STATUS 0 24 7520 366 1 413. 20. 43.74
23.828 2 IMU_GYRO_RAW -30 17 -47
23.931 2 BARO_RAW 0. 0.
23.934 2 IMU_GYRO_RAW -29 18 -47
24.030 2 DL_VALUE 12 12000.
24.033 2 IMU_GYRO_RAW -30 18 -47
24.128 2 IMU_GYRO_RAW -29 19 -46
24.229 2 IMU_GYRO_RAW -29 18 -47
24.329 2 IMU_GYRO_RAW -28 20 -47
24.431 2 BARO_RAW 0. 0.
24.434 2 IMU_GYRO_RAW -30 17 -48
24.530 2 DL_VALUE 13 1.5
24.533 2 IMU_GYRO_RAW -29 18 -47
24.629 2 IMU_GYRO_RAW -28 17 -47
24.729 2 IMU_GYRO_RAW -28 19 -48
24.801 2 DOWNLINK_STATUS 0 25 7750 380 1 230. 14. 43.74
24.829 2 IMU_GYRO_RAW -28 18 -46
24.931 2 BARO_RAW 0. 0.
24.933 2 IMU_GYRO_RAW -28 18 -47
25.029 2 DL_VALUE 14 0.610865
25.032 2 IMU_GYRO_RAW -28 18 -48
25.079 2 ACTUATORS |1000,1500,1547,1501,1501,1500|
25.128 2 IMU_GYRO_RAW -29 17 -47
25.178 2 COMMANDS |0,-37,-907,0,0,0|
25.228 2 IMU_GYRO_RAW -28 18 -47
25.277 2 FBW_STATUS 2 0 1 163 0
25.329 2 IMU_GYRO_RAW -28 17 -47
25.343 2 PONG 
25.431 2 BARO_RAW 0. 0.
25.434 2 IMU_GYRO_RAW -28 19 -47
25.530 2 DL_VALUE 15 7500.
25.533 2 IMU_GYRO_RAW -28 16 -47
25.628 2 IMU_GYRO_RAW -28 18 -47
25.729 2 IMU_GYRO_RAW -28 18 -47
25.801 2 DOWNLINK_STATUS 0 26 8039 398 1 289. 18. 51.77
25.834 2 ALIVE |88,46,127,254,191,243,157,14,79,175,117,217,7,24,53,158|
25.838 2 IMU_GYRO_RAW -32 18 -47
25.931 2 BARO_RAW 0. 0.
25.934 2 IMU_GYRO_RAW -31 20 -46
26.030 2 DL_VALUE 16 1250.
26.033 2 IMU_GYRO_RAW -32 18 -48
26.129 2 IMU_GYRO_RAW -29 20 -47
26.229 2 IMU_GYRO_RAW -31 17 -48
26.329 2 IMU_GYRO_RAW -28 20 -47
26.431 2 BARO_RAW 0. 0.
26.433 2 IMU_GYRO_RAW -29 16 -47
26.529 2 DL_VALUE 17 0.45
26.532 2 IMU_GYRO_RAW -28 18 -47
26.628 2 IMU_GYRO_RAW -29 18 -47
26.728 2 IMU_GYRO_RAW -28 20 -46
26.802 2 DOWNLINK_STATUS 0 27 8292 413 1 253. 15. 51.77
26.828 2 IMU_GYRO_RAW -29 17 -47
26.931 2 BARO_RAW 0. 0.
26.934 2 IMU_GYRO_RAW -28 19 -47
27.030 2 DL_VALUE 18 0.03
27.033 2 IMU_GYRO_RAW -28 18 -47
27.128 2 IMU_GYRO_RAW -27 19 -47
27.229 2 IMU_GYRO_RAW -29 18 -48
27.277 2 FBW_STATUS 2 0 1 163 0
27.329 2 IMU_GYRO_RAW -27 18 -48
27.431 2 BARO_RAW 0. 0.
27.434 2 IMU_GYRO_RAW -29 18 -47
27.530 2 DL_VALUE 19 0.15
27.533 2 IMU_GYRO_RAW -27 18 -48
27.629 2 IMU_GYRO_RAW -28 17 -47
27.729 2 IMU_GYRO_RAW -29 17 -47
27.802 2 DOWNLINK_STATUS 0 28 8537 428 1 245. 15. 51.77
27.828 2 IMU_GYRO_RAW -29 17 -47
27.938 2 ALIVE |88,46,127,254,191,243,157,14,79,175,117,217,7,24,53,158|
27.939 2 BARO_RAW 0. 0.
27.942 2 IMU_GYRO_RAW -29 19 -47
28.029 2 DL_VALUE 20 0.01
28.032 2 IMU_GYRO_RAW -28 21 -47
28.128 2 IMU_GYRO_RAW -29 20 -47
28.228 2 IMU_GYRO_RAW -29 18 -47
28.328 2 IMU_GYRO_RAW -29 17 -48
28.431 2 BARO_RAW 0. 0.
28.434 2 IMU_GYRO_RAW -28 17 -48
28.529 2 DL_VALUE 21 0.1
28.533 2 IMU_GYRO_RAW -27 19 -48
28.628 2 IMU_GYRO_RAW -28 17 -47
28.729 2 IMU_GYRO_RAW -30 17 -47
28.802 2 DOWNLINK_STATUS 0 29 8790 443 1 253. 15. 51.77
28.829 2 IMU_GYRO_RAW -29 16 -46
28.931 2 BARO_RAW 0. 0.
28.934 2 IMU_GYRO_RAW -29 18 -46
29.030 2 DL_VALUE 22 0.
29.033 2 IMU_GYRO_RAW -8 44 -52
29.129 2 IMU_GYRO_RAW -30 19 -51
29.228 2 IMU_GYRO_RAW -31 18 -56
29.276 2 FBW_STATUS 2 0 1 163 0
29.289 2 WIND_INFO 2 42 0. 0. 0.
29.329 2 IMU_GYRO_RAW -27 23 -66
29.430 2 BARO_RAW 0. 0.
29.433 2 IMU_GYRO_RAW -31 15 -105
29.529 2 DL_VALUE 23 0.05
29.532 2 IMU_GYRO_RAW -32 21 -147
29.628 2 IMU_GYRO_RAW -22 24 -30
29.728 2 IMU_GYRO_RAW -39 18 38
29.802 2 DOWNLINK_STATUS 0 30 9035 458 1 245. 15. 51.77
29.828 2 IMU_GYRO_RAW -24 20 26
29.931 2 BARO_RAW 0. 0.
29.934 2 IMU_GYRO_RAW -33 -67 82
30.037 2 ALIVE |88,46,127,254,191,243,157,14,79,175,117,217,7,24,53,158|
30.038 2 DL_VALUE 24 0.
30.042 2 IMU_GYRO_RAW 10 -129 245
30.079 2 ACTUATORS |1000,1500,1569,1482,1482,1500|
30.128 2 IMU_GYRO_RAW -10 -85 185
30.179 2 COMMANDS |0,411,-1673,0,0,0|
30.229 2 IMU_GYRO_RAW -43 -79 23
30.330 2 IMU_GYRO_RAW -85 26 -83
30.344 2 PONG 
30.431 2 BARO_RAW 0. 0.
30.433 2 IMU_GYRO_RAW -23 101 -138
30.530 2 DL_VALUE 25 1.000074
30.533 2 IMU_GYRO_RAW -20 104 -143
30.629 2 IMU_GYRO_RAW -18 23 -134
30.729 2 IMU_GYRO_RAW 16 220 22
30.803 2 DOWNLINK_STATUS 0 31 9332 476 1 297. 18. 51.62
30.828 2 IMU_GYRO_RAW 39 13 151
30.930 2 BARO_RAW 0. 0.
30.933 2 IMU_GYRO_RAW 10 -232 112
31.029 2 DL_VALUE 26 0.298451
31.032 2 IMU_GYRO_RAW -13 545 -131
31.128 2 IMU_GYRO_RAW 17 77 -352
31.228 2 IMU_GYRO_RAW -105 -70 -378
31.277 2 FBW_STATUS 2 0 1 163 0
31.328 2 IMU_GYRO_RAW -109 100 -254
31.431 2 BARO_RAW 0. 0.
31.434 2 IMU_GYRO_RAW -85 222 -94
31.530 2 DL_VALUE 27 1.
31.533 2 IMU_GYRO_RAW 22 -379 38
31.628 2 IMU_GYRO_RAW 125 -202 152
31.729 2 IMU_GYRO_RAW 235 363 240
31.803 2 DOWNLINK_STATUS 0 32 9577 491 1 245. 15. 51.62
31.829 2 IMU_GYRO_RAW 263 493 210
31.931 2 BARO_RAW 0. 0.
31.933 2 IMU_GYRO_RAW 464 177 107
32.029 2 DL_VALUE 28 0.
32.032 2 IMU_GYRO_RAW 548 528 39
32.135 2 ALIVE |88,46,127,254,191,243,157,14,79,175,117,217,7,24,53,158|
32.137 2 IMU_GYRO_RAW 555 361 38
32.228 2 IMU_GYRO_RAW 441 -39 10
32.328 2 IMU_GYRO_RAW 338 -395 -38
32.430 2 BARO_RAW 0. 0.
32.433 2 IMU_GYRO_RAW 352 -576 -78
32.529 2 DL_VALUE 29 100.
32.532 2 IMU_GYRO_RAW 350 -336 -80
32.628 2 IMU_GYRO_RAW 394 -256 -76
32.728 2 IMU_GYRO_RAW 416 -226 -60
32.803 2 DOWNLINK_STATUS 0 33 9830 506 1 253. 15. 51.62
32.828 2 IMU_GYRO_RAW 588 -232 -162
32.931 2 BARO_RAW 0. 0.
32.934 2 IMU_GYRO_RAW 587 -154 -255
33.029 2 DL_VALUE 30 0.
33.033 2 IMU_GYRO_RAW 510 -412 -284
33.129 2 IMU_GYRO_RAW 448 -386 -343
33.228 2 IMU_GYRO_RAW 320 -218 -318
33.276 2 FBW_STATUS 2 0 1 163 0
33.328 2 IMU_GYRO_RAW 54 -302 -137
33.430 2 BARO_RAW 0. 0.
33.433 2 IMU_GYRO_RAW -81 -76 -72
33.529 2 DL_VALUE 31 2.
33.532 2 IMU_GYRO_RAW -185 -88 -38
33.628 2 IMU_GYRO_RAW -225 -133 -33
33.728 2 IMU_GYRO_RAW -241 -84 8
33.804 2 DOWNLINK_STATUS 0 34 10075 521 1 245. 15. 51.62
33.828 2 IMU_GYRO_RAW -238 54 122
33.930 2 BARO_RAW 0. 0.
33.933 2 IMU_GYRO_RAW -152 297 171
34.029 2 DL_VALUE 32 0.
34.032 2 IMU_GYRO_RAW -81 223 81
34.128 2 IMU_GYRO_RAW 8 -26 -48
34.234 2 ALIVE |88,46,127,254,191,243,157,14,79,175,117,217,7,24,53,158|
34.237 2 IMU_GYRO_RAW 26 -122 -159
34.328 2 IMU_GYRO_RAW 85 -85 -236
34.431 2 BARO_RAW 0. 0.
34.434 2 IMU_GYRO_RAW 40 -26 -192
34.530 2 DL_VALUE 33 0.
34.533 2 IMU_GYRO_RAW -70 0 -67
34.629 2 IMU_GYRO_RAW -89 -141 41
34.728 2 IMU_GYRO_RAW 11 182 -78
34.804 2 DOWNLINK_STATUS 0 35 10328 536 1 253. 15. 51.62
34.828 2 IMU_GYRO_RAW 96 153 -118
34.930 2 BARO_RAW 0. 0.
34.933 2 IMU_GYRO_RAW 141 166 -103
35.029 2 DL_VALUE 34 0.
35.032 2 IMU_GYRO_RAW 63 345 40
35.078 2 ACTUATORS |1000,1500,1489,1492,1492,1500|
35.128 2 IMU_GYRO_RAW -30 -1 146
35.178 2 COMMANDS |0,536,26,0,0,0|
35.228 2 IMU_GYRO_RAW -19 -66 114
35.277 2 FBW_STATUS 2 0 1 163 0
35.331 2 IMU_GYRO_RAW -6 2 -35
35.345 2 PONG 
35.430 2 BARO_RAW 0. 0.
35.434 2 IMU_GYRO_RAW -29 22 -149
35.529 2 DL_VALUE 35 0.
35.533 2 IMU_GYRO_RAW -76 -9 -137
35.628 2 IMU_GYRO_RAW -124 -15 -102
35.728 2 IMU_GYRO_RAW -121 146 -107
35.804 2 DOWNLINK_STATUS 0 36 10617 554 1 289. 18. 52.67
35.828 2 IMU_GYRO_RAW -86 143 -104
35.930 2 BARO_RAW 0. 0.
35.933 2 IMU_GYRO_RAW -61 83 -63
36.029 2 DL_VALUE 36 0.
36.032 2 IMU_GYRO_RAW -38 60 -49
36.128 2 IMU_GYRO_RAW 2 43 -63
36.228 2 IMU_GYRO_RAW 11 10 -59
36.335 2 ALIVE |88,46,127,254,191,243,157,14,79,175,117,217,7,24,53,158|
36.337 2 IMU_GYRO_RAW 15 26 -55
36.430 2 BARO_RAW 0. 0.
36.433 2 IMU_GYRO_RAW 33 37 -64
36.529 2 DL_VALUE 37 200.
36.532 2 IMU_GYRO_RAW 23 84 -56
36.628 2 IMU_GYRO_RAW -3 24 -36
36.728 2 IMU_GYRO_RAW -28 18 -37
36.804 2 DOWNLINK_STATUS 0 37 10870 569 1 253. 15. 52.67
36.828 2 IMU_GYRO_RAW -53 36 -58
36.930 2 BARO_RAW 0. 0.
36.933 2 IMU_GYRO_RAW -65 42 -69
37.029 2 DL_VALUE 38 0.1
37.032 2 IMU_GYRO_RAW -71 29 -69
37.128 2 IMU_GYRO_RAW -74 5 -66
37.228 2 IMU_GYRO_RAW -71 12 -69
37.277 2 FBW_STATUS 2 0 1 163 0
37.327 2 IMU_GYRO_RAW -77 12 -69
37.430 2 BARO_RAW 0. 0.
37.433 2 IMU_GYRO_RAW -80 36 -76
37.529 2 DL_VALUE 39 0.
37.532 2 IMU_GYRO_RAW -71 84 -61
37.628 2 IMU_GYRO_RAW -65 68 -23
37.728 2 IMU_GYRO_RAW -38 61 -14
37.805 2 DOWNLINK_STATUS 0 38 11115 584 1 245. 15. 52.67
37.828 2 IMU_GYRO_RAW -7 8 -38
37.930 2 BARO_RAW 0. 0.
37.933 2 IMU_GYRO_RAW -1 -6 -67
38.029 2 DL_VALUE 40 0.
38.032 2 IMU_GYRO_RAW -19 -6 -73
38.128 2 IMU_GYRO_RAW -18 17 -64
38.228 2 IMU_GYRO_RAW -22 38 -50
38.328 2 IMU_GYRO_RAW -24 43 -48
38.437 2 ALIVE |88,46,127,254,191,243,157,14,79,175,117,217,7,24,53,158|
38.439 2 BARO_RAW 0. 0.
38.442 2 IMU_GYRO_RAW -17 79 -56
38.529 2 DL_VALUE 41 1500.
38.532 2 IMU_GYRO_RAW -15 44 -58
38.628 2 IMU_GYRO_RAW -23 2 -52
38.727 2 IMU_GYRO_RAW -15 31 -63
38.805 2 DOWNLINK_STATUS 0 39 11368 599 1 253. 15. 52.67
38.827 2 IMU_GYRO_RAW 10 25 -68
38.930 2 BARO_RAW 0. 0.
38.933 2 IMU_GYRO_RAW 1 -2 -36
39.029 2 DL_VALUE 42 0.
39.032 2 IMU_GYRO_RAW -7 14 -24
39.128 2 IMU_GYRO_RAW -3 57 -56
39.228 2 IMU_GYRO_RAW -18 36 -79
39.276 2 FBW_STATUS 2 0 1 163 0
39.289 2 WIND_INFO 2 42 0. 0. 0.
39.330 2 IMU_GYRO_RAW -39 4 -80
39.430 2 BARO_RAW 0. 0.
39.433 2 IMU_GYRO_RAW -40 -15 -67
39.529 2 DL_VALUE 0 3.
39.532 2 IMU_GYRO_RAW -36 5 -54
39.628 2 IMU_GYRO_RAW -18 43 -58
39.728 2 IMU_GYRO_RAW -13 53 -51
39.805 2 DOWNLINK_STATUS 0 40 11613 614 1 245. 15. 52.67
39.828 2 IMU_GYRO_RAW -19 19 -47
39.930 2 BARO_RAW 0. 0.
39.934 2 IMU_GYRO_RAW -39 24 -43
40.029 2 DL_VALUE 1 0.
40.031 2 IMU_GYRO_RAW -36 17 -46
40.077 2 ACTUATORS |1000,1500,1477,1499,1499,1500|
40.127 2 IMU_GYRO_RAW -38 27 -51
40.177 2 COMMANDS |0,-3,458,0,0,0|
40.227 2 IMU_GYRO_RAW -18 12 -56
40.330 2 IMU_GYRO_RAW -5 -2 -61
40.344 2 PONG 
40.430 2 BARO_RAW 0. 0.
40.433 2 IMU_GYRO_RAW -8 11 -61
40.536 2 ALIVE |88,46,127,254,191,243,157,14,79,175,117,217,7,24,53,158|
40.538 2 DL_VALUE 2 655.
40.541 2 IMU_GYRO_RAW -18 10 -54
40.628 2 IMU_GYRO_RAW -31 -5 -45
40.728 2 IMU_GYRO_RAW -39 0 -43
40.805 2 DOWNLINK_STATUS 0 41 11910 632 1 297. 18. 51.65
40.828 2 IMU_GYRO_RAW -44 4 -50
40.930 2 BARO_RAW 0. 0.
40.933 2 IMU_GYRO_RAW -39 42 -57
41.029 2 DL_VALUE 3 0.
41.032 2 IMU_GYRO_RAW -33 41 -49
41.128 2 IMU_GYRO_RAW -25 21 -39
41.228 2 IMU_GYRO_RAW -13 25 -42
41.276 2 FBW_STATUS 2 0 1 163 0
41.327 2 IMU_GYRO_RAW -9 41 -51
41.429 2 BARO_RAW 0. 0.
41.433 2 IMU_GYRO_RAW -18 38 -50
41.528 2 DL_VALUE 4 0.
41.532 2 IMU_GYRO_RAW -27 16 -51
41.627 2 IMU_GYRO_RAW -20 57 -68
41.727 2 IMU_GYRO_RAW -16 62 -76
41.806 2 DOWNLINK_STATUS 0 42 12155 647 1 245. 15. 51.65
41.828 2 IMU_GYRO_RAW -30 113 -68
41.930 2 BARO_RAW 0. 0.
41.933 2 IMU_GYRO_RAW -31 132 -63
42.029 2 DL_VALUE 5 0.
42.032 2 IMU_GYRO_RAW -32 -45 -27
42.128 2 IMU_GYRO_RAW -47 118 12
42.228 2 IMU_GYRO_RAW -34 113 13
42.328 2 IMU_GYRO_RAW -22 46 8
42.430 2 BARO_RAW 0. 0.
42.433 2 IMU_GYRO_RAW -2 -25 -16
42.528 2 DL_VALUE 6 100.
42.532 2 IMU_GYRO_RAW 3 36 -54
42.634 2 ALIVE |88,46,127,254,191,243,157,14,79,175,117,217,7,24,53,158|
42.636 2 IMU_GYRO_RAW -6 71 -57
42.727 2 IMU_GYRO_RAW -39 53 -5
42.806 2 DOWNLINK_STATUS 0 43 12408 662 1 253. 15. 51.65
42.827 2 IMU_GYRO_RAW -101 223 54
42.929 2 BARO_RAW 0. 0.
42.933 2 IMU_GYRO_RAW -121 166 63
43.028 2 DL_VALUE 7 2.
43.032 2 IMU_GYRO_RAW -133 62 42
43.127 2 IMU_GYRO_RAW -131 -56 3
43.227 2 IMU_GYRO_RAW -123 -93 -22
43.276 2 FBW_STATUS 2 0 1 163 0
43.328 2 IMU_GYRO_RAW -115 -119 -52
43.430 2 BARO_RAW 0. 0.
43.433 2 IMU_GYRO_RAW -102 -77 -80
43.529 2 DL_VALUE 8 0.
43.532 2 IMU_GYRO_RAW -85 -50 -94
43.628 2 IMU_GYRO_RAW -77 -22 -98
43.728 2 IMU_GYRO_RAW -65 37 -89
43.806 2 DOWNLINK_STATUS 0 44 12653 677 1 245. 15. 51.65
43.827 2 IMU_GYRO_RAW -67 40 -73
43.929 2 BARO_RAW 0. 0.
43.932 2 IMU_GYRO_RAW -53 69 -67
44.028 2 DL_VALUE 9 0.
44.031 2 IMU_GYRO_RAW -50 47 -71
44.127 2 IMU_GYRO_RAW -52 37 -69
44.227 2 IMU_GYRO_RAW -55 22 -59
44.327 2 IMU_GYRO_RAW -67 12 -45
44.430 2 BARO_RAW 0. 0.
44.433 2 IMU_GYRO_RAW -73 33 -43
44.529 2 DL_VALUE 10 0.
44.532 2 IMU_GYRO_RAW -72 45 -53
44.627 2 IMU_GYRO_RAW -73 25 -59
44.733 2 ALIVE |88,46,127,254,191,243,157,14,79,175,117,217,7,24,53,158|
44.737 2 IMU_GYRO_RAW -72 27 -59
44.806 2 DOWNLINK_STATUS 0 45 12906 692 1 253. 15. 51.65
44.828 2 IMU_GYRO_RAW -90 40 -46
44.930 2 BARO_RAW 0. 0.
44.933 2 IMU_GYRO_RAW -95 9 -39
45.029 2 DL_VALUE 11 0.
45.032 2 IMU_GYRO_RAW -104 15 -39
45.078 2 ACTUATORS |1000,1500,1499,1524,1524,1500|
45.128 2 IMU_GYRO_RAW -105 6 -38
45.178 2 COMMANDS |0,-518,8,0,0,0|
45.227 2 IMU_GYRO_RAW -101 39 -44
45.275 2 FBW_STATUS 2 0 1 163 0
45.331 2 IMU_GYRO_RAW -99 30 -53
45.345 2 PONG 
45.429 2 BARO_RAW 0. 0.
45.432 2 IMU_GYRO_RAW -83 33 -57
45.528 2 DL_VALUE 12 12000.
45.531 2 IMU_GYRO_RAW -74 -22 -45
45.627 2 IMU_GYRO_RAW -68 -22 -29
45.727 2 IMU_GYRO_RAW -63 0 -16
45.807 2 DOWNLINK_STATUS 0 46 13195 710 1 289. 18. 52.64
45.827 2 IMU_GYRO_RAW -44 41 -13
45.930 2 BARO_RAW 0. 0.
45.933 2 IMU_GYRO_RAW -30 21 -25
46.029 2 DL_VALUE 13 1.5
46.032 2 IMU_GYRO_RAW -15 42 -38
46.128 2 IMU_GYRO_RAW -9 99 -51
46.228 2 IMU_GYRO_RAW -12 149 -62
46.328 2 IMU_GYRO_RAW 3 230 -80
46.430 2 BARO_RAW 0. 0.
46.432 2 IMU_GYRO_RAW 14 299 -119
46.528 2 DL_VALUE 14 0.610865
46.531 2 IMU_GYRO_RAW 33 267 -151
46.627 2 IMU_GYRO_RAW 30 274 -152
46.727 2 IMU_GYRO_RAW 12 157 -145
46.807 2 DOWNLINK_STATUS 0 47 13425 724 1 230. 14. 52.64
46.833 2 ALIVE |88,46,127,254,191,243,157,14,79,175,117,217,7,24,53,158|
46.836 2 IMU_GYRO_RAW -16 13 -117
46.929 2 BARO_RAW 0. 0.
46.932 2 IMU_GYRO_RAW -56 -92 -85
47.028 2 DL_VALUE 15 7500.
47.031 2 IMU_GYRO_RAW -106 -276 -44
47.127 2 IMU_GYRO_RAW -160 -388 -9
47.227 2 IMU_GYRO_RAW -234 -363 8
47.276 2 FBW_STATUS 2 0 1 163 0
47.327 2 IMU_GYRO_RAW -279 -279 2
47.430 2 BARO_RAW 0. 0.
47.433 2 IMU_GYRO_RAW -319 -163 15
47.529 2 DL_VALUE 16 1250.
47.532 2 IMU_GYRO_RAW -328 116 10
47.628 2 IMU_GYRO_RAW -314 299 -56
47.727 2 IMU_GYRO_RAW -270 227 -201
47.807 2 DOWNLINK_STATUS 0 48 13693 740 1 268. 16. 52.64
47.827 2 IMU_GYRO_RAW -292 -190 -200
47.929 2 BARO_RAW 0. 0.
47.932 2 IMU_GYRO_RAW -311 -89 -198
48.028 2 DL_VALUE 17 0.45
48.031 2 IMU_GYRO_RAW -304 250 -241
48.127 2 IMU_GYRO_RAW -244 58 -247
48.227 2 IMU_GYRO_RAW -178 207 -259
48.327 2 IMU_GYRO_RAW -319 114 -222
48.429 2 BARO_RAW 0. 0.
48.433 2 IMU_GYRO_RAW -579 -375 -12
48.528 2 DL_VALUE 18 0.03
48.531 2 IMU_GYRO_RAW -456 122 -35
48.627 2 IMU_GYRO_RAW -385 778 -95
48.727 2 IMU_GYRO_RAW -256 -351 -48
48.807 2 DOWNLINK_STATUS 0 49 13923 754 1 230. 14. 52.64
48.827 2 IMU_GYRO_RAW -260 -573 11
48.936 2 ALIVE |88,46,127,254,191,243,157,14,79,175,117,217,7,24,53,158|
48.938 2 BARO_RAW 0. 0.
48.942 2 IMU_GYRO_RAW -188 454 145
49.029 2 DL_VALUE 19 0.15
49.032 2 IMU_GYRO_RAW -238 370 173
49.128 2 IMU_GYRO_RAW -317 -509 114
49.227 2 IMU_GYRO_RAW -389 -153 94
49.275 2 FBW_STATUS 2 0 1 163 0
49.289 2 WIND_INFO 2 42 0. 0. 0.
49.330 2 IMU_GYRO_RAW -332 -58 -10
49.429 2 BARO_RAW 0. 0.
49.432 2 IMU_GYRO_RAW -295 -428 -49
49.528 2 DL_VALUE 20 0.01
49.531 2 IMU_GYRO_RAW -255 -229 -19
49.627 2 IMU_GYRO_RAW -170 -74 -41
49.727 2 IMU_GYRO_RAW -107 -356 82
49.807 2 DOWNLINK_STATUS 0 50 14191 770 1 268. 16. 52.64
49.827 2 IMU_GYRO_RAW -63 -149 128
49.929 2 BARO_RAW 0. 0.
49.932 2 IMU_GYRO_RAW -55 -106 17
50.028 2 DL_VALUE 21 0.1
50.031 2 IMU_GYRO_RAW -49 -138 -89
50.079 2 ACTUATORS |1000,1500,1522,1478,1478,1500|
50.127 2 IMU_GYRO_RAW 94 28 -45
50.178 2 COMMANDS |0,234,-424,0,0,0|
50.227 2 IMU_GYRO_RAW 161 363 -40
50.331 2 IMU_GYRO_RAW 248 -27 -92
50.345 2 PONG 
50.429 2 BARO_RAW 0. 0.
50.432 2 IMU_GYRO_RAW 264 69 -171
50.528 2 DL_VALUE 22 0.
50.531 2 IMU_GYRO_RAW 120 -95 -160
50.627 2 IMU_GYRO_RAW 0 147 -47
50.727 2 IMU_GYRO_RAW -42 79 -5
50.808 2 DOWNLINK_STATUS 0 51 14465 787 1 274. 17. 51.7
50.827 2 IMU_GYRO_RAW -75 205 21
50.929 2 BARO_RAW 0. 0.
50.932 2 IMU_GYRO_RAW -29 195 81
51.035 2 ALIVE |88,46,127,254,191,243,157,14,79,175,117,217,7,24,53,158|
51.037 2 DL_VALUE 23 0.05
51.040 2 IMU_GYRO_RAW -42 184 42
51.127 2 IMU_GYRO_RAW -21 10 -38
51.227 2 IMU_GYRO_RAW -8 -100 -162
51.276 2 FBW_STATUS 2 0 1 163 0
51.327 2 IMU_GYRO_RAW -5 -26 -176
51.429 2 BARO_RAW 0. 0.
51.432 2 IMU_GYRO_RAW 48 17 -87
51.528 2 DL_VALUE 24 0.
51.531 2 IMU_GYRO_RAW 45 59 -36
51.627 2 IMU_GYRO_RAW -2 0 -40
51.727 2 IMU_GYRO_RAW -35 105 -66
51.808 2 DOWNLINK_STATUS 0 52 14733 803 1 268. 16. 51.7
51.826 2 IMU_GYRO_RAW -26 609 -73
51.929 2 BARO_RAW 0. 0.
51.932 2 IMU_GYRO_RAW 42 678 -31
52.028 2 DL_VALUE 25 1.000074
52.031 2 IMU_GYRO_RAW -61 398 -184
52.127 2 IMU_GYRO_RAW -97 -234 -229
52.227 2 IMU_GYRO_RAW 38 -722 -78
52.327 2 IMU_GYRO_RAW 38 -212 173
52.429 2 BARO_RAW 0. 0.
52.432 2 IMU_GYRO_RAW -12 -308 230
52.528 2 DL_VALUE 26 0.298451
52.531 2 IMU_GYRO_RAW -3 -586 75
52.627 2 IMU_GYRO_RAW -12 -28 -53
52.727 2 IMU_GYRO_RAW -36 54 -15
52.808 2 DOWNLINK_STATUS 0 53 14963 817 1 230. 14. 51.7
52.827 2 IMU_GYRO_RAW -29 56 27
52.930 2 BARO_RAW 0. 0.
52.933 2 IMU_GYRO_RAW -57 -206 -169
53.028 2 DL_VALUE 27 1.
53.031 2 IMU_GYRO_RAW -7 125 -200
53.133 2 ALIVE |88,46,127,254,191,243,157,14,79,175,117,217,7,24,53,158|
53.135 2 IMU_GYRO_RAW -48 -32 -67
53.227 2 IMU_GYRO_RAW -15 11 -57
53.275 2 FBW_STATUS 2 0 1 163 0
53.327 2 IMU_GYRO_RAW -6 -28 -27
53.429 2 BARO_RAW 0. 0.
53.432 2 IMU_GYRO_RAW 34 33 -68
53.528 2 DL_VALUE 28 0.
53.531 2 IMU_GYRO_RAW 57 24 -37
53.627 2 IMU_GYRO_RAW -32 -20 -50
53.727 2 IMU_GYRO_RAW -79 31 -42
53.808 2 DOWNLINK_STATUS 0 54 15231 833 1 268. 16. 51.7
53.827 2 IMU_GYRO_RAW -71 75 -45
53.929 2 BARO_RAW 0. 0.
53.932 2 IMU_GYRO_RAW -40 -63 9
54.028 2 DL_VALUE 29 100.
54.031 2 IMU_GYRO_RAW -2 63 -41
54.127 2 IMU_GYRO_RAW -41 6 -162
54.227 2 IMU_GYRO_RAW -40 -7 -41
54.327 2 IMU_GYRO_RAW -15 40 -50
54.430 2 BARO_RAW 0. 0.
54.432 2 IMU_GYRO_RAW -34 7 -39
54.527 2 DL_VALUE 30 0.
54.531 2 IMU_GYRO_RAW -22 33 -51
54.626 2 IMU_GYRO_RAW -40 1 -45
54.726 2 IMU_GYRO_RAW -20 37 -48
54.809 2 DOWNLINK_STATUS 0 55 15461 847 1 230. 14. 51.7
54.826 2 IMU_GYRO_RAW -39 1 -46
54.929 2 BARO_RAW 0. 0.
54.932 2 IMU_GYRO_RAW -22 32 -49
55.028 2 DL_VALUE 31 2.
55.031 2 IMU_GYRO_RAW -34 14 -48
55.077 2 ACTUATORS |1000,1500,1501,1500,1500,1500|
55.127 2 IMU_GYRO_RAW -27 21 -45
55.177 2 COMMANDS |0,-6,-37,0,0,0|
55.233 2 ALIVE |88,46,127,254,191,243,157,14,79,175,117,217,7,24,53,158|
55.236 2 IMU_GYRO_RAW -31 14 -47
55.275 2 FBW_STATUS 2 0 1 163 0
55.331 2 IMU_GYRO_RAW -28 19 -48
55.345 2 PONG 
55.429 2 BARO_RAW 0. 0.
55.432 2 IMU_GYRO_RAW -29 17 -48
55.528 2 DL_VALUE 32 0.
55.531 2 IMU_GYRO_RAW -28 18 -49
55.627 2 IMU_GYRO_RAW -28 19 -47
55.726 2 IMU_GYRO_RAW -29 16 -47
55.809 2 DOWNLINK_STATUS 0 56 15773 866 1 312. 19. 51.75
55.826 2 IMU_GYRO_RAW -26 20 -47
55.928 2 BARO_RAW 0. 0.
55.931 2 IMU_GYRO_RAW -30 18 -48
56.028 2 DL_VALUE 33 0.
56.031 2 IMU_GYRO_RAW -27 21 -48
56.126 2 IMU_GYRO_RAW -30 16 -47
56.226 2 IMU_GYRO_RAW -28 21 -46
56.327 2 IMU_GYRO_RAW -30 16 -48
56.429 2 BARO_RAW 0. 0.
56.432 2 IMU_GYRO_RAW -27 21 -47
56.528 2 DL_VALUE 34 0.
56.531 2 IMU_GYRO_RAW -28 15 -47
56.627 2 IMU_GYRO_RAW -27 20 -48
56.727 2 IMU_GYRO_RAW -29 17 -47
56.809 2 DOWNLINK_STATUS 0 57 16003 880 1 230. 14. 51.75
56.827 2 IMU_GYRO_RAW -29 20 -47
56.929 2 BARO_RAW 0. 0.
56.932 2 IMU_GYRO_RAW -29 18 -47
57.028 2 DL_VALUE 35 0.
57.031 2 IMU_GYRO_RAW -28 19 -47
57.127 2 IMU_GYRO_RAW -29 19 -47
57.226 2 IMU_GYRO_RAW -29 19 -47
57.275 2 FBW_STATUS 2 0 1 163 0
57.333 2 ALIVE |88,46,127,254,191,243,157,14,79,175,117,217,7,24,53,158|
57.335 2 IMU_GYRO_RAW -29 17 -47
57.429 2 BARO_RAW 0. 0.
57.432 2 IMU_GYRO_RAW -29 19 -48
57.527 2 DL_VALUE 36 0.
57.531 2 IMU_GYRO_RAW -29 18 -48
57.626 2 IMU_GYRO_RAW -28 20 -48
57.726 2 IMU_GYRO_RAW -29 19 -48
57.809 2 DOWNLINK_STATUS 0 58 16271 896 1 268. 16. 51.75
57.827 2 IMU_GYRO_RAW -28 19 -48
57.929 2 BARO_RAW 0. 0.
57.932 2 IMU_GYRO_RAW -28 18 -47
58.028 2 DL_VALUE 37 200.
58.031 2 IMU_GYRO_RAW -29 18 -48
58.127 2 IMU_GYRO_RAW -29 19 -47
58.227 2 IMU_GYRO_RAW -29 18 -47
58.327 2 IMU_GYRO_RAW -29 18 -48
58.429 2 BARO_RAW 0. 0.
58.431 2 IMU_GYRO_RAW -28 19 -48
58.527 2 DL_VALUE 38 0.1
58.530 2 IMU_GYRO_RAW -29 19 -48
58.626 2 IMU_GYRO_RAW -29 18 -47
58.726 2 IMU_GYRO_RAW -30 20 -48
58.810 2 DOWNLINK_STATUS 0 59 16501 910 1 230. 14. 51.75
58.826 2 IMU_GYRO_RAW -30 20 -48
58.929 2 BARO_RAW 0. 0.
58.932 2 IMU_GYRO_RAW -30 19 -48
59.027 2 DL_VALUE 39 0.
59.031 2 IMU_GYRO_RAW -29 19 -47
59.126 2 IMU_GYRO_RAW -28 20 -48
59.226 2 IMU_GYRO_RAW -29 20 -48
59.276 2 FBW_STATUS 2 0 1 163 0
59.289 2 WIND_INFO 2 42 0. 0. 0.
59.330 2 IMU_GYRO_RAW -29 20 -48
59.435 2 ALIVE |88,46,127,254,191,243,157,14,79,175,117,217,7,24,53,158|
59.438 2 BARO_RAW 0. 0.
59.441 2 IMU_GYRO_RAW -30 18 -47
59.528 2 DL_VALUE 40 0.
59.531 2 IMU_GYRO_RAW -29 19 -48
59.627 2 IMU_GYRO_RAW -28 19 -48
59.727 2 IMU_GYRO_RAW -28 18 -48
59.810 2 DOWNLINK_STATUS 0 60 16769 926 1 268. 16. 51.75
59.827 2 IMU_GYRO_RAW -28 17 -47
59.928 2 BARO_RAW 0. 0.
59.931 2 IMU_GYRO_RAW -29 18 -49
60.027 2 DL_VALUE 41 1500.
60.030 2 IMU_GYRO_RAW -29 18 -47
60.076 2 ACTUATORS |1000,1500,1496,1502,1502,1500|
60.126 2 IMU_GYRO_RAW -28 20 -47
60.176 2 COMMANDS |0,-47,90,0,0,0|
60.226 2 IMU_GYRO_RAW -29 19 -47
60.331 2 IMU_GYRO_RAW -28 19 -48
60.345 2 PONG 
60.429 2 BARO_RAW 0. 0.
60.432 2 IMU_GYRO_RAW -29 18 -47
60.528 2 DL_VALUE 42 0.
60.531 2 IMU_GYRO_RAW -28 20 -47
60.626 2 IMU_GYRO_RAW -29 18 -48
60.727 2 IMU_GYRO_RAW -29 19 -48
60.810 2 DOWNLINK_STATUS 0 61 17043 943 1 274. 17. 51.69
60.827 2 IMU_GYRO_RAW -30 19 -48
60.929 2 BARO_RAW 0. 0.
60.932 2 IMU_GYRO_RAW -31 20 -48
61.028 2 DL_VALUE 0 3.
61.031 2 IMU_GYRO_RAW -31 20 -48
61.127 2 IMU_GYRO_RAW -31 18 -47
61.226 2 IMU_GYRO_RAW -29 20 -48
61.275 2 FBW_STATUS 2 0 1 163 0
61.326 2 IMU_GYRO_RAW -29 18 -48
61.428 2 BARO_RAW 0. 0.
61.431 2 IMU_GYRO_RAW -28 21 -48
61.534 2 ALIVE |88,46,127,254,191,243,157,14,79,175,117,217,7,24,53,158|
61.536 2 DL_VALUE 1 0.
61.539 2 IMU_GYRO_RAW -30 18 -47
61.626 2 IMU_GYRO_RAW -29 19 -48
61.726 2 IMU_GYRO_RAW -29 18 -48
61.811 2 DOWNLINK_STATUS 0 62 17311 959 1 268. 16. 51.69
61.826 2 IMU_GYRO_RAW -28 17 -48
61.929 2 BARO_RAW 0. 0.
61.932 2 IMU_GYRO_RAW -29 17 -48
62.028 2 DL_VALUE 2 655.
62.030 2 IMU_GYRO_RAW -28 18 -48
62.127 2 IMU_GYRO_RAW -28 19 -48
62.227 2 IMU_GYRO_RAW -29 18 -48
62.327 2 IMU_GYRO_RAW -28 18 -48
62.429 2 BARO_RAW 0. 0.
62.432 2 IMU_GYRO_RAW -28 18 -48
62.528 2 DL_VALUE 3 0.
62.530 2 IMU_GYRO_RAW -28 19 -47
62.626 2 IMU_GYRO_RAW -28 19 -47
62.726 2 IMU_GYRO_RAW -29 19 -49
62.811 2 DOWNLINK_STATUS 0 63 17541 973 1 230. 14. 51.69
62.826 2 IMU_GYRO_RAW -28 19 -48
62.928 2 BARO_RAW 0. 0.
62.931 2 IMU_GYRO_RAW -28 18 -47
63.027 2 DL_VALUE 4 0.
63.030 2 IMU_GYRO_RAW -28 20 -48
63.126 2 IMU_GYRO_RAW -29 18 -48
63.226 2 IMU_GYRO_RAW -28 20 -47
63.275 2 FBW_STATUS 2 0 1 163 0
63.326 2 IMU_GYRO_RAW -29 18 -47
63.429 2 BARO_RAW 0. 0.
63.432 2 IMU_GYRO_RAW -28 19 -47
63.528 2 DL_VALUE 5 0.
63.531 2 IMU_GYRO_RAW -29 18 -47
63.632 2 ALIVE |88,46,127,254,191,243,157,14,79,175,117,217,7,24,53,158|
63.635 2 IMU_GYRO_RAW -29 19 -47
63.727 2 IMU_GYRO_RAW -28 19 -47
63.811 2 DOWNLINK_STATUS 0 64 17809 989 1 268. 16. 51.69
63.826 2 IMU_GYRO_RAW -28 19 -47
63.928 2 BARO_RAW 0. 0.
63.931 2 IMU_GYRO_RAW -29 17 -47
64.027 2 DL_VALUE 6 100.
64.030 2 IMU_GYRO_RAW -28 20 -48
64.126 2 IMU_GYRO_RAW -28 18 -47
64.226 2 IMU_GYRO_RAW -28 19 -48
64.326 2 IMU_GYRO_RAW -29 18 -47
64.428 2 BARO_RAW 0. 0.
64.431 2 IMU_GYRO_RAW -29 20 -48
64.527 2 DL_VALUE 7 2.
64.530 2 IMU_GYRO_RAW -29 19 -48
64.626 2 IMU_GYRO_RAW -29 18 -48
64.727 2 IMU_GYRO_RAW -28 18 -48
64.811 2 DOWNLINK_STATUS 0 65 18039 1003 1 230. 14. 51.69
64.826 2 IMU_GYRO_RAW -29 19 -48
64.929 2 BARO_RAW 0. 0.
64.931 2 IMU_GYRO_RAW -28 18 -48
65.027 2 DL_VALUE 8 0.
65.030 2 IMU_GYRO_RAW -29 19 -47
65.076 2 ACTUATORS |1000,1500,1492,1503,1503,1500|
65.127 2 IMU_GYRO_RAW -28 18 -47
65.176 2 COMMANDS |0,-71,171,0,0,0|
65.226 2 IMU_GYRO_RAW -28 16 -48
65.274 2 FBW_STATUS 2 0 1 163 0
65.331 2 IMU_GYRO_RAW -27 16 -48
65.345 2 PONG 
65.428 2 BARO_RAW 0. 0.
65.431 2 IMU_GYRO_RAW -27 18 -48
65.527 2 DL_VALUE 9 0.
65.530 2 IMU_GYRO_RAW -27 19 -48
65.626 2 IMU_GYRO_RAW -27 18 -48
65.732 2 ALIVE |88,46,127,254,191,243,157,14,79,175,117,217,7,24,53,158|
65.735 2 IMU_GYRO_RAW -29 18 -48
65.811 2 DOWNLINK_STATUS 0 66 18351 1022 1 312. 19. 51.64
65.826 2 IMU_GYRO_RAW -28 19 -47
65.929 2 BARO_RAW 0. 0.
65.932 2 IMU_GYRO_RAW -29 19 -48
66.027 2 DL_VALUE 10 0.
66.030 2 IMU_GYRO_RAW -28 18 -47
66.126 2 IMU_GYRO_RAW -28 18 -48
66.226 2 IMU_GYRO_RAW -28 20 -47
66.326 2 IMU_GYRO_RAW -29 19 -48
66.429 2 BARO_RAW 0. 0.
66.431 2 IMU_GYRO_RAW -28 18 -48
66.527 2 DL_VALUE 11 0.
66.530 2 IMU_GYRO_RAW -29 18 -48
66.625 2 IMU_GYRO_RAW -29 18 -47
66.726 2 IMU_GYRO_RAW -29 19 -47
66.812 2 DOWNLINK_STATUS 0 67 18581 1036 1 230. 14. 51.64
66.826 2 IMU_GYRO_RAW -28 20 -47
66.928 2 BARO_RAW 0. 0.
66.931 2 IMU_GYRO_RAW -30 18 -47
67.027 2 DL_VALUE 12 12000.
67.030 2 IMU_GYRO_RAW -29 19 -48
67.126 2 IMU_GYRO_RAW -29 19 -47
67.226 2 IMU_GYRO_RAW -28 18 -47
67.275 2 FBW_STATUS 2 0 1 163 0
67.326 2 IMU_GYRO_RAW -28 18 -48
67.428 2 BARO_RAW 0. 0.
67.432 2 IMU_GYRO_RAW -28 18 -47
67.527 2 DL_VALUE 13 1.5
67.530 2 IMU_GYRO_RAW -28 19 -48
67.626 2 IMU_GYRO_RAW -29 18 -47
67.726 2 IMU_GYRO_RAW -29 19 -48
67.812 2 DOWNLINK_STATUS 0 68 18826 1051 1 245. 15. 51.64
67.832 2 ALIVE |88,46,127,254,191,243,157,14,79,175,117,217,7,24,53,158|
67.834 2 IMU_GYRO_RAW -29 19 -47
67.928 2 BARO_RAW 0. 0.
67.931 2 IMU_GYRO_RAW -28 20 -48
68.027 2 DL_VALUE 14 0.610865
68.030 2 IMU_GYRO_RAW -29 19 -47
68.126 2 IMU_GYRO_RAW -28 19 -48
68.226 2 IMU_GYRO_RAW -29 17 -48
68.326 2 IMU_GYRO_RAW -28 19 -48
68.428 2 BARO_RAW 0. 0.
68.431 2 IMU_GYRO_RAW -31 17 -48
68.527 2 DL_VALUE 15 7500.
68.530 2 IMU_GYRO_RAW -28 19 -48
68.626 2 IMU_GYRO_RAW -29 19 -48
68.726 2 IMU_GYRO_RAW -29 19 -48
68.812 2 DOWNLINK_STATUS 0 69 19079 1066 1 253. 15. 51.64
68.826 2 IMU_GYRO_RAW -29 18 -48
68.928 2 BARO_RAW 0. 0.
68.932 2 IMU_GYRO_RAW -29 19 -47
69.027 2 DL_VALUE 16 1250.
69.030 2 IMU_GYRO_RAW -30 17 -49
69.126 2 IMU_GYRO_RAW -27 19 -48
69.225 2 IMU_GYRO_RAW -28 17 -48
69.274 2 FBW_STATUS 2 0 1 163 0
69.289 2 WIND_INFO 2 42 0. 0. 0.
69.330 2 IMU_GYRO_RAW -29 18 -47
69.428 2 BARO_RAW 0. 0.
69.431 2 IMU_GYRO_RAW -28 18 -48
69.527 2 DL_VALUE 17 0.45
69.530 2 IMU_GYRO_RAW -28 18 -48
69.625 2 IMU_GYRO_RAW -30 19 -48
69.726 2 IMU_GYRO_RAW -31 20 -47
69.812 2 DOWNLINK_STATUS 0 70 19324 1081 1 245. 15. 51.64
69.826 2 IMU_GYRO_RAW -32 18 -49
69.935 2 ALIVE |88,46,127,254,191,243,157,14,79,175,117,217,7,24,53,158|
69.937 2 BARO_RAW 0. 0.
69.940 2 IMU_GYRO_RAW -30 21 -48
70.027 2 DL_VALUE 18 0.03
70.030 2 IMU_GYRO_RAW -29 19 -47
70.076 2 ACTUATORS |1000,1500,1488,1504,1504,1500|
70.126 2 IMU_GYRO_RAW -28 19 -48
70.176 2 COMMANDS |0,-86,232,0,0,0|
70.226 2 IMU_GYRO_RAW -29 18 -48
70.332 2 IMU_GYRO_RAW -29 17 -48
70.345 2 PONG 
70.428 2 BARO_RAW 0. 0.
70.431 2 IMU_GYRO_RAW -29 18 -47
70.526 2 DL_VALUE 19 0.15
70.530 2 IMU_GYRO_RAW -28 19 -48
70.625 2 IMU_GYRO_RAW -28 19 -47
70.725 2 IMU_GYRO_RAW -28 18 -48
70.813 2 DOWNLINK_STATUS 0 71 19621 1099 1 297. 18. 51.6
70.825 2 IMU_GYRO_RAW -28 18 -48
70.928 2 BARO_RAW 0. 0.
70.931 2 IMU_GYRO_RAW -28 19 -47
71.027 2 DL_VALUE 20 0.01
71.030 2 IMU_GYRO_RAW -28 19 -49
71.126 2 IMU_GYRO_RAW -28 19 -48
71.226 2 IMU_GYRO_RAW -30 18 -47
71.274 2 FBW_STATUS 2 0 1 163 0
71.326 2 IMU_GYRO_RAW -29 18 -48
71.428 2 BARO_RAW 0. 0.
71.431 2 IMU_GYRO_RAW -29 18 -47
71.527 2 DL_VALUE 21 0.1
71.530 2 IMU_GYRO_RAW -28 19 -48
71.626 2 IMU_GYRO_RAW -29 18 -48
71.726 2 IMU_GYRO_RAW -29 18 -47
71.813 2 DOWNLINK_STATUS 0 72 19866 1114 1 245. 15. 51.6
71.825 2 IMU_GYRO_RAW -29 21 -48
71.928 2 BARO_RAW 0. 0.
71.931 2 IMU_GYRO_RAW -30 18 -48
72.034 2 ALIVE |88,46,127,254,191,243,157,14,79,175,117,217,7,24,53,158|
72.035 2 DL_VALUE 22 0.
72.038 2 IMU_GYRO_RAW -30 19 -47
72.125 2 IMU_GYRO_RAW -30 20 -47
72.225 2 IMU_GYRO_RAW -30 18 -48
72.326 2 IMU_GYRO_RAW -28 19 -48
72.428 2 BARO_RAW 0. 0.
72.431 2 IMU_GYRO_RAW -30 17 -48
72.527 2 DL_VALUE 23 0.05
72.530 2 IMU_GYRO_RAW -28 19 -48
72.626 2 IMU_GYRO_RAW -29 19 -47
72.726 2 IMU_GYRO_RAW -28 19 -48
72.813 2 DOWNLINK_STATUS 0 73 20119 1129 1 253. 15. 51.6
72.826 2 IMU_GYRO_RAW -29 17 -47
72.928 2 BARO_RAW 0. 0.
72.931 2 IMU_GYRO_RAW -28 19 -48
73.027 2 DL_VALUE 24 0.
73.029 2 IMU_GYRO_RAW -29 17 -48
73.125 2 IMU_GYRO_RAW -29 18 -48
73.225 2 IMU_GYRO_RAW -28 18 -47
73.274 2 FBW_STATUS 2 0 1 163 0
73.325 2 IMU_GYRO_RAW -29 18 -47
73.428 2 BARO_RAW 0. 0.
73.431 2 IMU_GYRO_RAW -28 19 -48
73.526 2 DL_VALUE 25 1.000074
73.530 2 IMU_GYRO_RAW -28 20 -47
73.625 2 IMU_GYRO_RAW -28 19 -48
73.725 2 IMU_GYRO_RAW -29 18 -47
73.814 2 DOWNLINK_STATUS 0 74 20364 1144 1 245. 15. 51.6
73.825 2 IMU_GYRO_RAW -28 19 -48
73.928 2 BARO_RAW 0. 0.
73.931 2 IMU_GYRO_RAW -29 19 -48
74.027 2 DL_VALUE 26 0.298451
74.030 2 IMU_GYRO_RAW -28 19 -48
74.131 2 ALIVE |88,46,127,254,191,243,157,14,79,175,117,217,7,24,53,158|
74.135 2 IMU_GYRO_RAW -28 18 -47
74.226 2 IMU_GYRO_RAW -29 19 -47
74.326 2 IMU_GYRO_RAW -27 16 -48
74.428 2 BARO_RAW 0. 0.
74.430 2 IMU_GYRO_RAW -28 17 -48
74.526 2 DL_VALUE 27 1.
74.529 2 IMU_GYRO_RAW -28 20 -47
74.625 2 IMU_GYRO_RAW -29 19 -47
74.725 2 IMU_GYRO_RAW -29 18 -48
74.814 2 DOWNLINK_STATUS 0 75 20617 1159 1 253. 15. 51.6
74.825 2 IMU_GYRO_RAW -27 19 -48
74.928 2 BARO_RAW 0. 0.
74.931 2 IMU_GYRO_RAW -28 19 -48
75.026 2 DL_VALUE 28 0.
75.030 2 IMU_GYRO_RAW -29 19 -47
75.076 2 ACTUATORS |1000,1500,1487,1504,1504,1500|
75.125 2 IMU_GYRO_RAW -29 19 -47
75.176 2 COMMANDS |0,-87,263,0,0,0|
75.225 2 IMU_GYRO_RAW -30 18 -47
75.274 2 FBW_STATUS 2 0 1 163 0
75.332 2 IMU_GYRO_RAW -28 19 -48
75.346 2 PONG 
75.428 2 BARO_RAW 0. 0.
75.431 2 IMU_GYRO_RAW -29 18 -48
75.527 2 DL_VALUE 29 100.
75.530 2 IMU_GYRO_RAW -27 20 -47
75.626 2 IMU_GYRO_RAW -28 19 -47
75.726 2 IMU_GYRO_RAW -28 19 -48
75.814 2 DOWNLINK_STATUS 0 76 20906 1177 1 289. 18. 51.65
75.825 2 IMU_GYRO_RAW -29 17 -47
75.927 2 BARO_RAW 0. 0.
75.930 2 IMU_GYRO_RAW -28 19 -48
76.026 2 DL_VALUE 30 0.
76.029 2 IMU_GYRO_RAW -29 18 -47
76.125 2 IMU_GYRO_RAW -29 19 -48
76.231 2 ALIVE |88,46,127,254,191,243,157,14,79,175,117,217,7,24,53,158|
76.234 2 IMU_GYRO_RAW -28 16 -48
76.325 2 IMU_GYRO_RAW -27 17 -47
76.428 2 BARO_RAW 0. 0.
76.431 2 IMU_GYRO_RAW -27 17 -48
76.526 2 DL_VALUE 31 2.
76.530 2 IMU_GYRO_RAW -27 17 -48
76.625 2 IMU_GYRO_RAW -28 18 -47
76.725 2 IMU_GYRO_RAW -29 19 -47
76.814 2 DOWNLINK_STATUS 0 77 21159 1192 1 253. 15. 51.65
76.826 2 IMU_GYRO_RAW -28 18 -48
76.928 2 BARO_RAW 0. 0.
76.931 2 IMU_GYRO_RAW -29 19 -48
77.027 2 DL_VALUE 32 0.
77.030 2 IMU_GYRO_RAW -29 18 -48
77.126 2 IMU_GYRO_RAW -28 18 -48
77.225 2 IMU_GYRO_RAW -29 19 -48
77.274 2 FBW_STATUS 2 0 1 163 0
77.325 2 IMU_GYRO_RAW -29 19 -48
77.427 2 BARO_RAW 0. 0.
77.430 2 IMU_GYRO_RAW -29 18 -48
77.526 2 DL_VALUE 33 0.
77.529 2 IMU_GYRO_RAW -28 18 -46
77.625 2 IMU_GYRO_RAW -29 17 -47
77.725 2 IMU_GYRO_RAW -28 18 -48
77.815 2 DOWNLINK_STATUS 0 78 21404 1207 1 245. 15. 51.65
77.825 2 IMU_GYRO_RAW -28 17 -48
77.928 2 BARO_RAW 0. 0.
77.931 2 IMU_GYRO_RAW -29 18 -47
78.026 2 DL_VALUE 34 0.
78.029 2 IMU_GYRO_RAW -28 17 -47
78.125 2 IMU_GYRO_RAW -28 19 -48
78.226 2 IMU_GYRO_RAW -28 19 -47
78.331 2 ALIVE |88,46,127,254,191,243,157,14,79,175,117,217,7,24,53,158|
78.333 2 IMU_GYRO_RAW -29 19 -48
78.428 2 BARO_RAW 0. 0.
78.430 2 IMU_GYRO_RAW -27 18 -47
78.526 2 DL_VALUE 35 0.
78.529 2 IMU_GYRO_RAW -28 18 -48
78.628 2 IMU_GYRO_RAW -28 19 -47
78.725 2 IMU_GYRO_RAW -28 17 -48
78.816 2 DOWNLINK_STATUS 0 79 21657 1222 1 253. 15. 51.65
78.825 2 IMU_GYRO_RAW -28 19 -48
78.927 2 BARO_RAW 0. 0.
78.930 2 IMU_GYRO_RAW -29 17 -48
79.026 2 DL_VALUE 36 0.
79.029 2 IMU_GYRO_RAW -28 20 -47
79.125 2 IMU_GYRO_RAW -29 18 -48
79.225 2 IMU_GYRO_RAW -29 18 -47
79.274 2 FBW_STATUS 2 0 1 163 0
79.289 2 WIND_INFO 2 42 0. 0. 0.
79.330 2 IMU_GYRO_RAW -29 18 -48
79.428 2 BARO_RAW 0. 0.
79.431 2 IMU_GYRO_RAW -28 19 -48
79.527 2 DL_VALUE 37 200.
79.530 2 IMU_GYRO_RAW -28 18 -47
79.625 2 IMU_GYRO_RAW -28 19 -48
79.726 2 IMU_GYRO_RAW -29 17 -48
79.816 2 DOWNLINK_STATUS 0 80 21902 1237 1 245. 15. 51.65
79.825 2 IMU_GYRO_RAW -28 19 -47
79.927 2 BARO_RAW 0. 0.
79.930 2 IMU_GYRO_RAW -28 18 -47
80.026 2 DL_VALUE 38 0.1
80.029 2 IMU_GYRO_RAW -28 19 -48
80.075 2 ACTUATORS |1000,1500,1486,1504,1504,1500|
80.125 2 IMU_GYRO_RAW -29 18 -47
80.175 2 COMMANDS |0,-84,276,0,0,0|
80.225 2 IMU_GYRO_RAW -29 18 -48
80.332 2 IMU_GYRO_RAW -29 18 -48
80.346 2 PONG 
80.434 2 ALIVE |88,46,127,254,191,243,157,14,79,175,117,217,7,24,53,158|
80.436 2 BARO_RAW 0. 0.
80.439 2 IMU_GYRO_RAW -28 19 -47
80.526 2 DL_VALUE 39 0.
80.529 2 IMU_GYRO_RAW -29 18 -48
80.625 2 IMU_GYRO_RAW -28 20 -47
80.725 2 IMU_GYRO_RAW -29 19 -47
80.816 2 DOWNLINK_STATUS 0 81 22199 1255 1 297. 18. 51.61
80.825 2 IMU_GYRO_RAW -28 20 -47
80.927 2 BARO_RAW 0. 0.
80.931 2 IMU_GYRO_RAW -30 18 -47
81.027 2 DL_VALUE 40 0.
81.030 2 IMU_GYRO_RAW -29 19 -48
81.125 2 IMU_GYRO_RAW -29 18 -47
81.225 2 IMU_GYRO_RAW -29 20 -47
81.273 2 FBW_STATUS 2 0 1 163 0
81.325 2 IMU_GYRO_RAW -29 18 -47
81.427 2 BARO_RAW 0. 0.
81.430 2 IMU_GYRO_RAW -28 19 -48
81.526 2 DL_VALUE 41 1500.
81.529 2 IMU_GYRO_RAW -30 18 -48
81.625 2 IMU_GYRO_RAW -28 19 -48
81.725 2 IMU_GYRO_RAW -29 18 -47
81.816 2 DOWNLINK_STATUS 0 82 22444 1270 1 245. 15. 51.61
81.825 2 IMU_GYRO_RAW -29 19 -47
81.927 2 BARO_RAW 0. 0.
81.930 2 IMU_GYRO_RAW -28 17 -48
82.026 2 DL_VALUE 42 0.
82.029 2 IMU_GYRO_RAW -29 19 -47
82.125 2 IMU_GYRO_RAW -29 18 -48
82.225 2 IMU_GYRO_RAW -28 18 -47
82.325 2 IMU_GYRO_RAW -29 19 -47
82.427 2 BARO_RAW 0. 0.
82.431 2 IMU_GYRO_RAW -28 19 -47
82.534 2 ALIVE |88,46,127,254,191,243,157,14,79,175,117,217,7,24,53,158|
82.535 2 DL_VALUE 0 3.
82.538 2 IMU_GYRO_RAW -27 18 -48
82.625 2 IMU_GYRO_RAW -28 19 -48
82.725 2 IMU_GYRO_RAW -29 19 -47
82.817 2 DOWNLINK_STATUS 0 83 22697 1285 1 253. 15. 51.61
82.825 2 IMU_GYRO_RAW -30 18 -47
82.927 2 BARO_RAW 0. 0.
82.930 2 IMU_GYRO_RAW -31 20 -48
83.026 2 DL_VALUE 1 0.
83.029 2 IMU_GYRO_RAW -30 20 -48
83.125 2 IMU_GYRO_RAW -29 20 -47
83.225 2 IMU_GYRO_RAW -29 20 -48
83.274 2 FBW_STATUS 2 0 1 163 0
83.325 2 IMU_GYRO_RAW -30 19 -48
83.427 2 BARO_RAW 0. 0.
83.430 2 IMU_GYRO_RAW -29 19 -48
83.526 2 DL_VALUE 2 655.
83.529 2 IMU_GYRO_RAW -28 18 -48
83.625 2 IMU_GYRO_RAW -28 19 -47
83.725 2 IMU_GYRO_RAW -29 19 -47
83.817 2 DOWNLINK_STATUS 0 84 22942 1300 1 245. 15. 51.61
83.824 2 IMU_GYRO_RAW -28 19 -47
83.927 2 BARO_RAW 0. 0.
83.930 2 IMU_GYRO_RAW -29 18 -48
84.026 2 DL_VALUE 3 0.
84.029 2 IMU_GYRO_RAW -28 20 -48
84.124 2 IMU_GYRO_RAW -29 18 -48
84.225 2 IMU_GYRO_RAW -28 20 -47
84.325 2 IMU_GYRO_RAW -28 19 -48
84.427 2 BARO_RAW 0. 0.
84.430 2 IMU_GYRO_RAW -29 18 -48
84.526 2 DL_VALUE 4 0.
84.529 2 IMU_GYRO_RAW -28 18 -47
84.631 2 ALIVE |88,46,127,254,191,243,157,14,79,175,117,217,7,24,53,158|
84.634 2 IMU_GYRO_RAW -28 18 -49
84.725 2 IMU_GYRO_RAW -28 19 -48
84.817 2 DOWNLINK_STATUS 0 85 23195 1315 1 253. 15. 51.61
84.825 2 IMU_GYRO_RAW -29 19 -48
84.927 2 BARO_RAW 0. 0.
84.931 2 IMU_GYRO_RAW -28 18 -47
85.026 2 DL_VALUE 5 0.
85.030 2 IMU_GYRO_RAW -28 17 -47
85.075 2 ACTUATORS |1000,1500,1486,1504,1504,1500|
85.125 2 IMU_GYRO_RAW -28 18 -47
85.175 2 COMMANDS |0,-81,280,0,0,0|
85.224 2 IMU_GYRO_RAW -28 17 -48
85.273 2 FBW_STATUS 2 0 1 163 0
85.332 2 IMU_GYRO_RAW -27 19 -47
85.346 2 PONG 
85.427 2 BARO_RAW 0. 0.
85.430 2 IMU_GYRO_RAW -29 18 -47
85.526 2 DL_VALUE 6 100.
85.529 2 IMU_GYRO_RAW -28 19 -47
85.624 2 IMU_GYRO_RAW -29 17 -48
85.725 2 IMU_GYRO_RAW -27 20 -48
85.818 2 DOWNLINK_STATUS 0 86 23484 1333 1 289. 18. 51.69
85.825 2 IMU_GYRO_RAW -28 20 -48
85.927 2 BARO_RAW 0. 0.
85.930 2 IMU_GYRO_RAW -28 19 -48
86.026 2 DL_VALUE 7 2.
86.029 2 IMU_GYRO_RAW -29 18 -47
86.125 2 IMU_GYRO_RAW -28 20 -48
86.225 2 IMU_GYRO_RAW -29 18 -48
86.325 2 IMU_GYRO_RAW -28 19 -48
86.428 2 BARO_RAW 0. 0.
86.430 2 IMU_GYRO_RAW -28 19 -48
86.525 2 DL_VALUE 8 0.
86.528 2 IMU_GYRO_RAW -29 20 -48
86.625 2 IMU_GYRO_RAW -30 18 -47
86.731 2 ALIVE |88,46,127,254,191,243,157,14,79,175,117,217,7,24,53,158|
86.733 2 IMU_GYRO_RAW -27 20 -47
86.818 2 DOWNLINK_STATUS 0 87 23737 1348 1 253. 15. 51.69
86.824 2 IMU_GYRO_RAW -28 19 -47
86.927 2 BARO_RAW 0. 0.
86.930 2 IMU_GYRO_RAW -29 20 -47
87.026 2 DL_VALUE 9 0.
87.029 2 IMU_GYRO_RAW -29 19 -48
87.127 2 IMU_GYRO_RAW -29 17 -48
87.225 2 IMU_GYRO_RAW -29 17 -47
87.273 2 FBW_STATUS 2 0 1 163 0
87.325 2 IMU_GYRO_RAW -27 18 -47
87.427 2 BARO_RAW 0. 0.
87.430 2 IMU_GYRO_RAW -28 17 -48
87.526 2 DL_VALUE 10 0.
87.529 2 IMU_GYRO_RAW -27 18 -47
87.626 2 IMU_GYRO_RAW -28 18 -47
87.725 2 IMU_GYRO_RAW -29 19 -48
87.818 2 DOWNLINK_STATUS 0 88 23982 1363 1 245. 15. 51.69
87.824 2 IMU_GYRO_RAW -29 17 -48
87.927 2 BARO_RAW 0. 0.
87.930 2 IMU_GYRO_RAW -28 18 -47
88.025 2 DL_VALUE 11 0.
88.029 2 IMU_GYRO_RAW -29 18 -47
88.127 2 IMU_GYRO_RAW -28 19 -48
88.224 2 IMU_GYRO_RAW -29 17 -48
88.325 2 IMU_GYRO_RAW -28 20 -47
88.427 2 BARO_RAW 0. 0.
88.430 2 IMU_GYRO_RAW -29 18 -47
88.526 2 DL_VALUE 12 12000.
88.529 2 IMU_GYRO_RAW -29 19 -48
88.628 2 IMU_GYRO_RAW -28 18 -48
88.725 2 IMU_GYRO_RAW -28 18 -48
88.818 2 DOWNLINK_STATUS 0 89 24212 1377 1 230. 14. 51.69
88.831 2 ALIVE |88,46,127,254,191,243,157,14,79,175,117,217,7,24,53,158|
88.834 2 IMU_GYRO_RAW -28 19 -47
88.927 2 BARO_RAW 0. 0.
88.930 2 IMU_GYRO_RAW -28 18 -48
89.026 2 DL_VALUE 13 1.5
89.028 2 IMU_GYRO_RAW -29 18 -48
89.128 2 IMU_GYRO_RAW -29 19 -48
89.224 2 IMU_GYRO_RAW -28 19 -48
89.273 2 FBW_STATUS 2 0 1 163 0
89.289 2 WIND_INFO 2 42 0. 0. 0.
89.330 2 IMU_GYRO_RAW -27 19 -47
89.427 2 BARO_RAW 0. 0.
89.430 2 IMU_GYRO_RAW -28 19 -48
89.525 2 DL_VALUE 14 0.610865
89.529 2 IMU_GYRO_RAW -27 16 -47
89.628 2 IMU_GYRO_RAW -28 19 -47
89.724 2 IMU_GYRO_RAW -29 18 -48
89.819 2 DOWNLINK_STATUS 0 90 24480 1393 1 268. 16. 51.69
89.824 2 IMU_GYRO_RAW -29 19 -47
89.927 2 BARO_RAW 0. 0.
89.930 2 IMU_GYRO_RAW -29 18 -47
90.026 2 DL_VALUE 15 7500.
90.029 2 IMU_GYRO_RAW -29 19 -48
90.075 2 ACTUATORS |1000,1500,1486,1504,1504,1500|
90.129 2 IMU_GYRO_RAW -29 19 -48
90.175 2 COMMANDS |0,-78,271,0,0,0|
90.225 2 IMU_GYRO_RAW -29 19 -48
90.333 2 IMU_GYRO_RAW -28 17 -47
90.347 2 PONG 
90.427 2 BARO_RAW 0. 0.
90.429 2 IMU_GYRO_RAW -28 18 -48
90.526 2 DL_VALUE 16 1250.
90.528 2 IMU_GYRO_RAW -28 19 -48
90.630 2 IMU_GYRO_RAW -28 19 -47
90.724 2 IMU_GYRO_RAW -27 21 -48
90.819 2 DOWNLINK_STATUS 0 91 24754 1410 1 274. 17. 51.65
90.824 2 IMU_GYRO_RAW -28 19 -47
90.933 2 ALIVE |88,46,127,254,191,243,157,14,79,175,117,217,7,24,53,158|
90.935 2 BARO_RAW 0. 0.
90.939 2 IMU_GYRO_RAW -30 18 -48
91.025 2 DL_VALUE 17 0.45
91.029 2 IMU_GYRO_RAW -29 19 -48
91.124 2 IMU_GYRO_RAW -28 20 -48
91.224 2 IMU_GYRO_RAW -28 19 -48
91.273 2 FBW_STATUS 2 0 1 163 0
91.324 2 IMU_GYRO_RAW -27 20 -47
91.427 2 BARO_RAW 0. 0.
91.430 2 IMU_GYRO_RAW -29 18 -48
91.526 2 DL_VALUE 18 0.03
91.529 2 IMU_GYRO_RAW -29 19 -47
91.625 2 IMU_GYRO_RAW -29 19 -47
91.725 2 IMU_GYRO_RAW -29 19 -48
91.819 2 DOWNLINK_STATUS 0 92 25022 1426 1 268. 16. 51.65
91.824 2 IMU_GYRO_RAW -29 19 -47
91.926 2 BARO_RAW 0. 0.
91.929 2 IMU_GYRO_RAW -29 18 -48
92.025 2 DL_VALUE 19 0.15
92.028 2 IMU_GYRO_RAW -29 19 -47
92.124 2 IMU_GYRO_RAW -29 20 -48
92.224 2 IMU_GYRO_RAW -29 19 -48
92.324 2 IMU_GYRO_RAW -28 19 -47
92.427 2 BARO_RAW 0. 0.
92.430 2 IMU_GYRO_RAW -29 18 -48
92.526 2 DL_VALUE 20 0.01
92.529 2 IMU_GYRO_RAW -28 19 -47
92.624 2 IMU_GYRO_RAW -29 19 -48
92.725 2 IMU_GYRO_RAW -29 19 -48
92.819 2 DOWNLINK_STATUS 0 93 25252 1440 1 230. 14. 51.65
92.825 2 IMU_GYRO_RAW -28 20 -47
92.927 2 BARO_RAW 0. 0.
92.930 2 IMU_GYRO_RAW -28 20 -48
93.033 2 ALIVE |88,46,127,254,191,243,157,14,79,175,117,217,7,24,53,158|
93.035 2 DL_VALUE 21 0.1
93.037 2 IMU_GYRO_RAW -29 19 -47
93.124 2 IMU_GYRO_RAW -29 19 -47
93.224 2 IMU_GYRO_RAW -29 18 -48
93.272 2 FBW_STATUS 2 0 1 163 0
93.324 2 IMU_GYRO_RAW -29 19 -47
93.426 2 BARO_RAW 0. 0.
93.429 2 IMU_GYRO_RAW -29 19 -48
93.525 2 DL_VALUE 22 0.
93.528 2 IMU_GYRO_RAW -28 20 -48
93.624 2 IMU_GYRO_RAW -29 18 -48
93.724 2 IMU_GYRO_RAW -31 20 -48
93.820 2 DOWNLINK_STATUS 0 94 25520 1456 1 268. 16. 51.65
93.824 2 IMU_GYRO_RAW -31 19 -48
93.927 2 BARO_RAW 0. 0.
93.930 2 IMU_GYRO_RAW -30 20 -47
94.025 2 DL_VALUE 23 0.05
94.029 2 IMU_GYRO_RAW -29 20 -47
94.125 2 IMU_GYRO_RAW -29 18 -48
94.225 2 IMU_GYRO_RAW -29 19 -48
94.325 2 IMU_GYRO_RAW -29 18 -48
94.427 2 BARO_RAW 0. 0.
94.429 2 IMU_GYRO_RAW -28 20 -48
94.525 2 DL_VALUE 24 0.
94.528 2 IMU_GYRO_RAW -29 19 -47
94.624 2 IMU_GYRO_RAW -27 19 -48
94.724 2 IMU_GYRO_RAW -29 18 -48
94.821 2 DOWNLINK_STATUS 0 95 25750 1470 1 230. 14. 51.65
94.824 2 IMU_GYRO_RAW -28 19 -48
94.926 2 BARO_RAW 0. 0.
94.929 2 IMU_GYRO_RAW -28 20 -48
95.025 2 DL_VALUE 25 1.000074
95.028 2 IMU_GYRO_RAW -27 20 -47
95.074 2 ACTUATORS |1000,1500,1486,1504,1504,1500|
95.135 2 ALIVE |88,46,127,254,191,243,157,14,79,175,117,217,7,24,53,158|
95.135 2 IMU_GYRO_RAW -30 19 -47
95.174 2 COMMANDS |0,-74,269,0,0,0|
95.224 2 IMU_GYRO_RAW -27 18 -48
95.273 2 FBW_STATUS 2 0 1 163 0
95.333 2 IMU_GYRO_RAW -30 18 -47
95.347 2 PONG 
95.427 2 BARO_RAW 0. 0.
95.430 2 IMU_GYRO_RAW -29 17 -48
95.526 2 DL_VALUE 26 0.298451
95.529 2 IMU_GYRO_RAW -29 17 -48
95.624 2 IMU_GYRO_RAW -28 20 -47
95.724 2 IMU_GYRO_RAW -28 19 -47
95.821 2 DOWNLINK_STATUS 0 96 26062 1489 1 312. 19. 51.73
95.825 2 IMU_GYRO_RAW -28 18 -47
95.927 2 BARO_RAW 0. 0.
95.929 2 IMU_GYRO_RAW -28 21 -48
96.025 2 DL_VALUE 27 1.
96.028 2 IMU_GYRO_RAW -28 19 -47
96.124 2 IMU_GYRO_RAW -29 20 -48
96.224 2 IMU_GYRO_RAW -28 20 -48
96.324 2 IMU_GYRO_RAW -28 19 -47
96.426 2 BARO_RAW 0. 0.
96.429 2 IMU_GYRO_RAW -28 19 -47
96.525 2 DL_VALUE 28 0.
96.528 2 IMU_GYRO_RAW -29 19 -47
96.624 2 IMU_GYRO_RAW -27 19 -48
96.724 2 IMU_GYRO_RAW -28 20 -47
96.822 2 DOWNLINK_STATUS 0 97 26292 1503 1 230. 14. 51.73
96.824 2 IMU_GYRO_RAW -28 19 -48
96.926 2 BARO_RAW 0. 0.
96.930 2 IMU_GYRO_RAW -29 18 -48
97.025 2 DL_VALUE 29 100.
97.029 2 IMU_GYRO_RAW -29 19 -49
97.124 2 IMU_GYRO_RAW -28 18 -47
97.230 2 ALIVE |88,46,127,254,191,243,157,14,79,175,117,217,7,24,53,158|
97.233 2 IMU_GYRO_RAW -28 19 -48
97.273 2 FBW_STATUS 2 0 1 163 0
97.323 2 IMU_GYRO_RAW -28 19 -47
97.426 2 BARO_RAW 0. 0.
97.429 2 IMU_GYRO_RAW -28 18 -47
97.525 2 DL_VALUE 30 0.
97.528 2 IMU_GYRO_RAW -28 19 -48
97.624 2 IMU_GYRO_RAW -29 18 -47
97.723 2 IMU_GYRO_RAW -28 19 -47
97.822 2 DOWNLINK_STATUS 0 98 26560 1519 1 268. 16. 51.73
97.824 2 IMU_GYRO_RAW -28 20 -48
97.926 2 BARO_RAW 0. 0.
97.929 2 IMU_GYRO_RAW -28 19 -48
98.025 2 DL_VALUE 31 2.
98.028 2 IMU_GYRO_RAW -27 18 -47
98.124 2 IMU_GYRO_RAW -26 20 -47
98.224 2 IMU_GYRO_RAW -27 16 -48
98.324 2 IMU_GYRO_RAW -27 18 -48
98.427 2 BARO_RAW 0. 0.
98.430 2 IMU_GYRO_RAW -28 17 -48
98.526 2 DL_VALUE 32 0.
98.529 2 IMU_GYRO_RAW -27 19 -48
98.623 2 IMU_GYRO_RAW -28 18 -47
98.724 2 IMU_GYRO_RAW -27 18 -47
98.822 2 DOWNLINK_STATUS 0 99 26790 1533 1 230. 14. 51.73
98.824 2 IMU_GYRO_RAW -28 19 -48
98.926 2 BARO_RAW 0. 0.
98.929 2 IMU_GYRO_RAW -28 18 -48
99.025 2 DL_VALUE 33 0.
99.028 2 IMU_GYRO_RAW -29 18 -47
99.124 2 IMU_GYRO_RAW -29 19 -48
99.224 2 IMU_GYRO_RAW -29 18 -46
99.273 2 FBW_STATUS 2 0 1 163 0
99.289 2 WIND_INFO 2 42 0. 0. 0.
99.332 2 ALIVE |88,46,127,254,191,243,157,14,79,175,117,217,7,24,53,158|
99.335 2 IMU_GYRO_RAW -29 18 -48
99.426 2 BARO_RAW 0. 0.
99.429 2 IMU_GYRO_RAW -28 19 -47
99.525 2 DL_VALUE 34 0.
99.528 2 IMU_GYRO_RAW -28 18 -47
99.624 2 IMU_GYRO_RAW -28 19 -48
99.724 2 IMU_GYRO_RAW -27 18 -48
99.823 2 DOWNLINK_STATUS 0 100 27058 1549 1 268. 16. 51.73
99.823 2 IMU_GYRO_RAW -29 19 -48
99.926 2 BARO_RAW 0. 0.
99.929 2 IMU_GYRO_RAW -28 19 -48
100.025 2 DL_VALUE 35 0.
100.028 2 IMU_GYRO_RAW -29 19 -48
100.074 2 ACTUATORS |1000,1500,1487,1503,1503,1500|
100.123 2 IMU_GYRO_RAW -28 19 -48
100.174 2 COMMANDS |0,-72,254,0,0,0|
100.224 2 IMU_GYRO_RAW -29 19 -47
100.333 2 IMU_GYRO_RAW -28 17 -48
100.347 2 PONG 
100.426 2 BARO_RAW 0. 0.
100.429 2 IMU_GYRO_RAW -27 16 -48
100.525 2 DL_VALUE 36 0.
100.528 2 IMU_GYRO_RAW -26 18 -48
100.624 2 IMU_GYRO_RAW -28 17 -47
100.724 2 IMU_GYRO_RAW -28 19 -48
100.823 2 DOWNLINK_STATUS 0 101 27332 1566 1 274. 17. 51.56
100.824 2 IMU_GYRO_RAW -28 18 -47
100.926 2 BARO_RAW 0. 0.
100.929 2 IMU_GYRO_RAW -28 19 -48
101.025 2 DL_VALUE 37 200.
101.028 2 IMU_GYRO_RAW -29 18 -48
101.123 2 IMU_GYRO_RAW -27 19 -48
101.223 2 IMU_GYRO_RAW -30 18 -47
101.272 2 FBW_STATUS 2 0 1 163 0
101.324 2 IMU_GYRO_RAW -28 19 -47
101.433 2 ALIVE |88,46,127,254,191,243,157,14,79,175,117,217,7,24,53,158|
101.434 2 BARO_RAW 0. 0.
101.438 2 IMU_GYRO_RAW -28 19 -47
101.525 2 DL_VALUE 38 0.1
101.528 2 IMU_GYRO_RAW -28 19 -48
101.624 2 IMU_GYRO_RAW -29 22 -48
101.724 2 IMU_GYRO_RAW -28 16 -47
101.823 2 DOWNLINK_STATUS 0 102 27600 1582 1 268. 16. 51.56
101.824 2 IMU_GYRO_RAW -28 18 -48
101.926 2 BARO_RAW 0. 0.
101.929 2 IMU_GYRO_RAW -29 16 -47
102.025 2 DL_VALUE 39 0.
102.028 2 IMU_GYRO_RAW -28 19 -47
102.124 2 IMU_GYRO_RAW -29 19 -48
102.224 2 IMU_GYRO_RAW -27 19 -48
102.324 2 IMU_GYRO_RAW -28 18 -48
102.426 2 BARO_RAW 0. 0.
102.430 2 IMU_GYRO_RAW -28 19 -47
102.525 2 DL_VALUE 40 0.
102.529 2 IMU_GYRO_RAW -57 -24 -46
102.624 2 IMU_GYRO_RAW -59 -30 -47
102.724 2 IMU_GYRO_RAW 113 232 -51
102.824 2 DOWNLINK_STATUS 0 103 27830 1596 1 230. 14. 51.56
103.825 2 DOWNLINK_STATUS 0 104 27830 1596 1 0. 0. 51.56
