6.014 2 DESIRED 0. 0. 0. 0. 0. 655. 0. 15.
6.017 2 ATTITUDE -0.001713 -3.140961 0.010176
6.058 2 GPS 0 0 0 0 0 0 0 0 0 0 1
6.107 2 WP_MOVED 6 348665. 5945815. 660. 12
6.110 2 ATTITUDE -0.001701 -3.14097 0.010311
6.218 2 IMU_GYRO -0.029785 0.016846 -0.049805
6.220 2 ESTIMATOR 0. 0.
6.227 2 DESIRED 0. 0. 0. 0. 0. 655. 0. 15.
6.230 2 ATTITUDE -0.00169 -3.140885 0.010684
6.312 2 GPS 0 0 0 0 0 0 0 0 0 0 1
6.315 2 ATTITUDE -0.001654 -3.140852 0.010732
6.414 2 GPS_SOL 0 0 0 0
6.421 2 DESIRED 0. 0. 0. 0. 0. 655. 0. 15.
6.424 2 ATTITUDE -0.001633 -3.140893 0.011033
6.507 2 IMU_ACCEL -9.694336 -0.013672 0.157227
6.510 2 ATTITUDE -0.001618 -3.141002 0.010429
6.558 2 GPS 0 0 0 0 0 0 0 0 0 0 1
6.620 2 BAT 40 30 0 0 1 11 0 0
6.624 2 WP_MOVED 7 349065. 5946015. 660. 12
6.630 2 DESIRED 0. 0. 0. 0. 0. 655. 0. 15.
6.633 2 ATTITUDE -0.001667 -3.141039 0.010915
6.707 2 CALIBRATION 0. 0
6.710 2 ESTIMATOR 0. 0.
6.713 2 ATTITUDE -0.001621 -3.141112 0.010505
6.822 2 IMU_GYRO -0.031738 0.006348 -0.052002
6.828 2 GPS 0 0 0 0 0 0 0 0 0 0 1
6.834 2 DESIRED 0. 0. 0. 0. 0. 655. 0. 15.
6.838 2 ATTITUDE -0.001637 -3.141132 0.010585
6.839 2 DOWNLINK_STATUS 0 7 5250 233 0 699. 30. 37.71
6.910 2 NAVIGATION 0 1 0. 0. 0. 0. 0 0
6.913 2 ATTITUDE -0.001707 -3.141129 0.010956
7.018 2 STATE_FILTER_STATUS 3 0
7.020 2 DL_VALUE 7 1.
7.023 2 IMU_MAG 0. 0. 0.
7.029 2 DESIRED 0. 0. 0. 0. 0. 655. 0. 15.
7.033 2 ATTITUDE -0.001602 -3.141326 0.009691
7.059 2 GPS 0 0 0 0 0 0 0 0 0 0 1
7.107 2 WP_MOVED 0 348907. 5945757. 660. 12
7.111 2 ATTITUDE -0.001539 -3.141525 0.009312
7.213 2 ESTIMATOR 0. 0.
7.220 2 DESIRED 0. 0. 0. 0. 0. 655. 0. 15.
7.222 2 ATTITUDE -0.001583 -3.141473 0.009729
7.313 2 IMU_ACCEL -9.708984 -0.023438 0.071289
7.319 2 GPS 0 0 0 0 0 0 0 0 0 0 1
7.322 2 ATTITUDE -0.001604 -3.141282 0.00996
7.414 2 IMU_GYRO -0.028564 0.007324 -0.051025
7.421 2 DESIRED 0. 0. 0. 0. 0. 655. 0. 15.
7.424 2 ATTITUDE -0.00163 -3.141193 0.010348
7.485 2 FBW_STATUS 2 0 1 30 2
7.503 2 ATTITUDE -0.001756 -3.140943 0.011584
7.558 2 GPS 0 0 0 0 0 0 0 0 0 0 1
7.615 2 WP_MOVED 1 348865. 5945715. 660. 12
7.622 2 DESIRED 0. 0. 0. 0. 0. 655. 0. 15.
7.625 2 ATTITUDE -0.001648 -3.141349 0.011127
7.711 2 BAT 40 30 0 0 1 12 0 0
7.713 2 ESTIMATOR 0. 0.
7.716 2 ATTITUDE -0.00152 -3.141343 0.010223
7.821 2 GPS 0 0 0 0 0 0 0 0 0 0 1
7.827 2 DESIRED 0. 0. 0. 0. 0. 655. 0. 15.
7.830 2 ATTITUDE -0.001521 -3.141343 0.010398
7.839 2 DOWNLINK_STATUS 0 8 5956 264 0 706. 31. 37.71
7.913 2 ENERGY 3. 0.002 0 0.006
7.918 2 NAVIGATION 0 1 0. 0. 0. 0. 0 0
7.921 2 ATTITUDE -0.001618 -3.141319 0.01051
8.015 2 IMU_GYRO -0.041504 -0.012695 -0.049805
8.022 2 DESIRED 0. 0. 0. 0. 0. 655. 0. 15.
8.025 2 ATTITUDE -0.001527 -3.141212 0.010086
8.058 2 GPS 0 0 0 0 0 0 0 0 0 0 1
8.111 2 IMU_ACCEL -9.708984 -0.038086 0.234375
8.115 2 WP_MOVED 2 348895. 5945815. 660. 12
8.118 2 ATTITUDE -0.001614 -3.141324 0.011212
8.213 2 ESTIMATOR 0. 0.
8.220 2 DESIRED 0. 0. 0. 0. 0. 655. 0. 15.
8.223 2 ATTITUDE -0.001581 -3.141364 0.010625
8.314 2 IMU_MAG 0. 0. 0.
8.320 2 GPS 0 0 0 0 0 0 0 0 0 0 1
8.323 2 ATTITUDE -0.001617 -3.141401 0.010986
8.414 2 GPS_SOL 0 0 0 0
8.421 2 DESIRED 0. 0. 0. 0. 0. 655. 0. 15.
8.424 2 ATTITUDE -0.001579 -3.141474 0.010657
8.503 2 DL_VALUE 8 0.
8.507 2 ATTITUDE -0.001608 3.141573 0.010902
8.558 2 GPS 0 0 0 0 0 0 0 0 0 0 1
8.619 2 IMU_GYRO -0.023193 0.029785 -0.051025
8.622 2 WP_MOVED 3 348965.09375 5945786. 660. 12
8.629 2 DESIRED 0. 0. 0. 0. 0. 655. 0. 15.
8.632 2 ATTITUDE -0.001567 -3.141538 0.010461
8.705 2 ESTIMATOR 0. 0.
8.708 2 ATTITUDE -0.001659 -3.141469 0.010567
8.823 2 CALIBRATION 0. 0
8.827 2 BAT 40 30 0 0 1 13 0 0
8.833 2 GPS 0 0 0 0 0 0 0 0 0 0 1
8.839 2 DESIRED 0. 0. 0. 0. 0. 655. 0. 15.
8.840 2 DOWNLINK_STATUS 0 9 6686 296 0 730. 32. 37.71
8.842 2 ATTITUDE -0.001631 -3.141448 0.010097
8.913 2 NAVIGATION 0 1 0. 0. 0. 0. 0 0
8.916 2 IMU_ACCEL -9.708984 0. 0.138672
8.920 2 ATTITUDE -0.001637 -3.141326 0.010188
9.014 2 DESIRED 0. 0. 0. 0. 0. 655. 0. 15.
9.017 2 ATTITUDE -0.001639 -3.141517 0.01034
9.058 2 GPS 0 0 0 0 0 0 0 0 0 0 1
9.107 2 WP_MOVED 4 348764.6875 5945795. 660. 12
9.110 2 ATTITUDE -0.001631 -3.141338 0.010065
9.218 2 STATE_FILTER_STATUS 3 0
9.221 2 IMU_GYRO -0.038086 0.006348 -0.049805
9.224 2 ESTIMATOR 0. 0.
9.230 2 DESIRED 0. 0. 0. 0. 0. 655. 0. 15.
9.233 2 ATTITUDE -0.001688 -3.14144 0.01018
9.312 2 GPS 0 0 0 0 0 0 0 0 0 0 1
9.316 2 ATTITUDE -0.001679 3.141517 0.01055
9.415 2 DESIRED 0. 0. 0. 0. 0. 655. 0. 15.
9.418 2 ATTITUDE -0.00168 -3.141436 0.010379
9.485 2 FBW_STATUS 2 0 1 30 2
9.503 2 ATTITUDE -0.001629 -3.141489 0.010449
9.559 2 GPS 0 0 0 0 0 0 0 0 0 0 1
9.619 2 IMU_MAG 0. 0. 0.
9.623 2 WP_MOVED 5 348740. 5945760. 660. 12
9.629 2 DESIRED 0. 0. 0. 0. 0. 655. 0. 15.
9.632 2 ATTITUDE -0.001608 -3.141453 0.010851
9.710 2 IMU_ACCEL -9.68457 -0.008789 0.100586
9.711 2 ESTIMATOR 0. 0.
9.716 2 ATTITUDE -0.001538 -3.141582 0.01028
9.821 2 IMU_GYRO -0.028564 0.029785 -0.049805
9.827 2 GPS 0 0 0 0 0 0 0 0 0 0 1
9.835 2 DESIRED 0. 0. 0. 0. 0. 655. 0. 15.
9.837 2 ATTITUDE -0.001599 -3.141567 0.011035
9.840 2 DOWNLINK_STATUS 0 10 7414 328 0 728. 32. 37.71
9.913 2 BAT 40 30 0 0 1 14 0 0
9.917 2 NAVIGATION 0 1 0. 0. 0. 0. 0 0
9.920 2 ATTITUDE -0.001553 3.141387 0.010493
10.011 2 DL_VALUE 9 1.
10.018 2 DESIRED 0. 0. 0. 0. 0. 655. 0. 15.
10.021 2 ATTITUDE -0.001517 3.141497 0.010526
10.058 2 GPS 0 0 0 0 0 0 0 0 0 0 1
10.107 2 WP_MOVED 6 348665. 5945815. 660. 12
10.110 2 ATTITUDE -0.001489 3.141485 0.009975
10.213 2 ESTIMATOR 0. 0.
10.219 2 DESIRED 0. 0. 0. 0. 0. 655. 0. 15.
10.223 2 ATTITUDE -0.001535 3.141484 0.010994
10.286 2 ACTUATORS |1004,1003,1535,1304,1709,1500|
10.314 2 ENERGY 3. 0.002 0 0.006
10.320 2 GPS 0 0 0 0 0 0 0 0 0 0 1
10.323 2 ATTITUDE -0.001446 3.141184 0.009964
10.375 2 PONG 
10.394 2 COMMANDS |40,26,-104,0,14,-9548|
10.418 2 GPS_SOL 0 0 0 0
10.421 2 IMU_GYRO -0.019043 0. -0.094482
10.428 2 DESIRED 0. 0. 0. 0. 0. 655. 0. 15.
10.431 2 ATTITUDE -0.001927 3.141027 0.009443
10.508 2 PPRZ_MODE 1 0 0 0 0 6
10.511 2 IMU_ACCEL -9.737305 0.018555 0.023438
10.514 2 ATTITUDE -0.007474 3.136014 0.012759
10.558 2 GPS 0 0 0 0 0 0 0 0 0 0 1
10.615 2 WP_MOVED 7 349065. 5946015. 660. 12
10.622 2 DESIRED 0. 0. 0. 0. 0. 655. 0. 15.
10.625 2 ATTITUDE -0.021281 3.116768 0.013732
10.707 2 DOWNLINK 1 744 509
10.709 2 ESTIMATOR 0. 0.
10.712 2 ATTITUDE -0.036876 3.100028 0.010959
10.824 2 ALIVE |79,169,67,217,181,217,114,149,127,205,84,209,140,143,63,59|
10.830 2 GPS 0 0 0 0 0 0 0 0 0 0 1
10.836 2 DESIRED 0. 0.01 0. 0. 0. 655. 0. 15.
10.839 2 ATTITUDE -0.062885 3.095407 0.012897
10.840 2 DOWNLINK_STATUS 0 11 8205 364 0 791. 36. 37.62
10.913 2 CALIBRATION 0. 0
10.916 2 IMU_MAG 0. 0. 0.
10.921 2 NAVIGATION 0 1 0. 0. 0. 0. 0 0
10.924 2 ATTITUDE -0.098327 3.09871 0.013237
11.020 2 BAT 40 30 0 0 1 15 0 0
11.023 2 IMU_GYRO -0.038086 0.031738 -0.265869
11.030 2 DESIRED 0. 0.01 0. 0. 0. 655. 0. 15.
11.033 2 ATTITUDE -0.124571 3.097367 0.013082
11.058 2 GPS 0 0 0 0 0 0 0 0 0 0 1
11.108 2 WP_MOVED 0 348907. 5945757. 660. 12
11.110 2 ATTITUDE -0.146749 3.096714 0.012018
11.213 2 ESTIMATOR 0. 0.
11.220 2 DESIRED 0. 0.02 0. 0. 0. 655. 0. 15.
11.222 2 ATTITUDE -0.170493 3.098 0.009626
11.313 2 IMU_ACCEL -9.474609 -2.05957 0.214844
11.319 2 GPS 0 0 0 0 0 0 0 0 0 0 1
11.322 2 ATTITUDE -0.193125 3.099111 0.009466
11.411 2 STATE_FILTER_STATUS 3 0
11.417 2 DESIRED 0. 0.02 0. 0. 0. 655. 0. 15.
11.420 2 ATTITUDE -0.213289 3.09938 0.009817
11.484 2 FBW_STATUS 2 0 1 30 2
11.504 2 DL_VALUE 10 0.
11.507 2 ATTITUDE -0.229386 3.098253 0.009826
11.558 2 GPS 0 0 0 0 0 0 0 0 0 0 1
11.619 2 IMU_GYRO 0.001953 0.057373 -0.191406
11.622 2 WP_MOVED 1 348865. 5945715. 660. 12
11.629 2 DESIRED 0. 0.03 0. 0. 0. 655. 0. 15.
11.632 2 ATTITUDE -0.244459 3.099234 0.007753
11.705 2 ESTIMATOR 0. 0.
11.708 2 ATTITUDE -0.256272 3.101717 0.007118
11.820 2 GPS 0 0 0 0 0 0 0 0 0 0 1
11.827 2 DESIRED 0. 0.03 0. 0. 0. 655. 0. 15.
11.830 2 ATTITUDE -0.260216 3.099821 0.010614
11.840 2 DOWNLINK_STATUS 0 12 8940 397 0 735. 33. 37.62
11.910 2 NAVIGATION 0 1 0. 0. 0. 0. 0 0
11.913 2 ATTITUDE -0.262708 3.098729 0.00781
12.014 2 DESIRED 0. 0.03 0. 0. 0. 655. 0. 15.
12.017 2 ATTITUDE -0.266227 3.099056 0.009396
12.058 2 GPS 0 0 0 0 0 0 0 0 0 0 1
12.116 2 BAT 40 29 0 0 1 16 0 0
12.119 2 IMU_ACCEL -9.349609 -2.4375 0.320312
12.122 2 WP_MOVED 2 348895. 5945815. 660. 12
12.125 2 ATTITUDE -0.268142 3.097679 0.015424
12.221 2 IMU_MAG 0. 0. 0.
12.225 2 IMU_GYRO -0.011475 0.088135 -0.084961
12.227 2 ESTIMATOR 0. 0.
12.234 2 DESIRED 0. 0.03 0. 0. 0. 655. 0. 15.
12.237 2 ATTITUDE -0.272115 3.09823 0.01172
12.313 2 GPS 0 0 0 0 0 0 0 0 0 0 1
12.316 2 ATTITUDE -0.276237 3.099942 0.010001
12.415 2 GPS_SOL 0 0 0 0
12.421 2 DESIRED 0. 0.03 0. 0. 0. 655. 0. 15.
12.423 2 ATTITUDE -0.278358 3.097429 0.01684
12.503 2 ATTITUDE -0.281519 3.098043 0.012894
12.558 2 GPS 0 0 0 0 0 0 0 0 0 0 1
12.615 2 WP_MOVED 3 348965.09375 5945786. 660. 12
12.623 2 DESIRED 0. 0.03 0. 0. 0. 655. 0. 15.
12.625 2 ATTITUDE -0.287208 3.10189 0.009133
12.710 2 ENERGY 3. 0.002 0 0.006
12.712 2 ESTIMATOR 0. 0.
12.715 2 ATTITUDE -0.290941 3.103637 0.011093
12.821 2 IMU_GYRO -0.049805 0.000977 -0.081787
12.827 2 GPS 0 0 0 0 0 0 0 0 0 0 1
12.834 2 DESIRED 0. 0.03 0. 0. 0. 655. 0. 15.
12.837 2 ATTITUDE -0.29345 3.103681 0.010672
12.841 2 DOWNLINK_STATUS 0 13 9666 428 0 726. 31. 37.62
12.913 2 NAVIGATION 0 1 0. 0. 0. 0. 0 0
12.916 2 IMU_ACCEL -9.253906 -2.912109 0.081055
12.919 2 ATTITUDE -0.297647 3.102909 0.011378
13.014 2 CALIBRATION 0. 0
13.016 2 DL_VALUE 11 0.
13.022 2 DESIRED 0. 0.03 0. 0. 0. 655. 0. 15.
13.025 2 ATTITUDE -0.299977 3.102828 0.011678
13.058 2 GPS 0 0 0 0 0 0 0 0 0 0 1
13.107 2 WP_MOVED 4 348764.6875 5945795. 660. 12
13.110 2 ATTITUDE -0.301776 3.102476 0.012164
13.219 2 BAT 40 30 0 0 1 17 0 0
13.221 2 ESTIMATOR 0. 0.
13.228 2 DESIRED 0. 0.03 0. 0. 0. 655. 0. 15.
13.231 2 ATTITUDE -0.299634 3.102567 0.012619
13.314 2 NAVIGATION_REF 348865 5945715 12 605.
13.320 2 GPS 0 0 0 0 0 0 0 0 0 0 1
13.323 2 ATTITUDE -0.279118 3.1045 0.012966
13.415 2 IMU_GYRO -0.015869 0.005127 0.319092
13.421 2 DESIRED 0. 0.03 0. 0. 0. 655. 0. 15.
13.424 2 ATTITUDE -0.242672 3.106261 0.015812
13.485 2 FBW_STATUS 2 0 1 30 2
13.507 2 IMU_MAG 0. 0. 0.
13.510 2 ATTITUDE -0.210378 3.10759 0.015959
13.558 2 GPS 0 0 0 0 0 0 0 0 0 0 1
13.616 2 STATE_FILTER_STATUS 3 0
13.619 2 WP_MOVED 5 348740. 5945760. 660. 12
13.626 2 DESIRED 0. 0.02 0. 0. 0. 655. 0. 15.
13.629 2 ATTITUDE -0.188184 3.109254 0.014824
13.710 2 IMU_ACCEL -9.53125 -1.705078 -0.038086
13.711 2 ESTIMATOR 0. 0.
13.715 2 ATTITUDE -0.174632 3.110008 0.01642
13.820 2 GPS 0 0 0 0 0 0 0 0 0 0 1
13.827 2 DESIRED 0. 0.02 0. 0. 0. 655. 0. 15.
13.829 2 ATTITUDE -0.166519 3.111521 0.0157
13.841 2 DOWNLINK_STATUS 0 14 10420 462 0 754. 34. 37.62
13.909 2 NAVIGATION 0 1 0. 0. 0. 0. 0 0
13.912 2 ATTITUDE -0.156698 3.110599 0.015469
14.014 2 IMU_GYRO -0.007324 0.02124 0.268066
14.021 2 DESIRED 0. 0.01 0. 0. 0. 655. 0. 15.
14.024 2 ATTITUDE -0.132878 3.110172 0.019327
14.058 2 GPS 0 0 0 0 0 0 0 0 0 0 1
14.107 2 WP_MOVED 6 348665. 5945815. 660. 12
14.110 2 ATTITUDE -0.096885 3.112253 0.019205
14.212 2 ESTIMATOR 0. 0.
14.219 2 DESIRED 0. 0.01 0. 0. 0. 655. 0. 15.
14.222 2 ATTITUDE -0.063094 3.110552 0.021516
14.314 2 BAT 40 30 0 0 1 19 0 0
14.320 2 GPS 0 0 0 0 0 0 0 0 0 0 1
14.323 2 ATTITUDE -0.040051 3.109666 0.020269
14.414 2 GPS_SOL 0 0 0 0
14.421 2 DESIRED 0. 0. 0. 0. 0. 655. 0. 15.
14.424 2 ATTITUDE -0.026651 3.11087 0.016232
14.507 2 DL_VALUE 12 12000.
14.511 2 IMU_ACCEL -9.723633 -0.219727 0.128906
14.514 2 ATTITUDE -0.017978 3.111397 0.016618
14.558 2 GPS 0 0 0 0 0 0 0 0 0 0 1
14.619 2 IMU_GYRO -0.031738 0.055176 0.023193
14.622 2 WP_MOVED 7 349065. 5946015. 660. 12
14.629 2 DESIRED 0. 0. 0. 0. 0. 655. 0. 15.
14.632 2 ATTITUDE -0.007389 3.111981 0.016706
14.705 2 ESTIMATOR 0. 0.
14.708 2 ATTITUDE -0.004136 3.112327 0.015839
14.822 2 IMU_MAG 0. 0. 0.
14.827 2 GPS 0 0 0 0 0 0 0 0 0 0 1
14.834 2 DESIRED 0. 0. 0. 0. 0. 655. 0. 15.
14.837 2 ATTITUDE -0.00391 3.112749 0.01716
14.841 2 DOWNLINK_STATUS 0 15 11137 493 0 717. 31. 37.62
14.910 2 NAVIGATION 0 1 0. 0. 0. 0. 0 0
14.913 2 ATTITUDE 0.000916 3.114233 0.016282
15.014 2 DESIRED 0. 0. 0. 0. 0. 655. 0. 15.
15.018 2 ATTITUDE 0.023816 3.119147 0.016352
15.059 2 GPS 0 0 0 0 0 0 0 0 0 0 1
15.113 2 ENERGY 2.9 0.002 0 0.0058
15.115 2 CALIBRATION 0. 0
15.119 2 WP_MOVED 0 348907. 5945757. 660. 12
15.122 2 ATTITUDE 0.039711 3.122852 0.017901
15.217 2 IMU_GYRO 0.012695 -0.026367 0.186035
15.219 2 ESTIMATOR 0. 0.
15.227 2 DESIRED 0. 0.01 0. 0. 0. 655. 0. 15.
15.229 2 ATTITUDE 0.057311 3.124974 0.025184
15.285 2 ACTUATORS |1004,1003,1540,1338,1740,1500|
15.313 2 IMU_ACCEL -9.972656 0.856445 0.201172
15.319 2 GPS 0 0 0 0 0 0 0 0 0 0 1
15.322 2 ATTITUDE 0.075657 3.131153 0.025612
15.375 2 PONG 
15.394 2 COMMANDS |40,-830,-78,0,14,-9548|
15.416 2 PPRZ_MODE 1 0 0 0 0 6
15.420 2 BAT 40 41 0 0 1 20 0 0
15.426 2 DESIRED 0. 0.01 0. 0. 0. 655. 0. 15.
15.430 2 ATTITUDE 0.088464 3.133118 0.016292
15.486 2 FBW_STATUS 2 0 1 41 2
15.502 2 ATTITUDE 0.107756 3.129387 -0.003341
15.558 2 GPS 0 0 0 0 0 0 0 0 0 0 1
15.615 2 WP_MOVED 1 348865. 5945715. 660. 12
15.622 2 DESIRED 0. 0.01 0. 0. 0. 655. 0. 15.
15.625 2 ATTITUDE 0.120886 3.122804 -0.030792
15.705 2 ESTIMATOR 0. 0.
15.708 2 ATTITUDE 0.136919 3.11678 -0.054625
15.824 2 DOWNLINK 1 735 676
15.826 2 STATE_FILTER_STATUS 3 0
15.829 2 IMU_GYRO -0.084961 0.142578 0.034912
15.835 2 GPS 0 0 0 0 0 0 0 0 0 0 1
15.841 2 DESIRED 0. 0.02 0. 0. 0. 655. 0. 15.
15.841 2 DOWNLINK_STATUS 0 16 11912 529 0 775. 36. 37.71
15.845 2 ATTITUDE 0.147826 3.112902 -0.077159
15.914 2 ALIVE |79,169,67,217,181,217,114,149,127,205,84,209,140,143,63,59|
15.918 2 NAVIGATION 0 1 0. 0. 0. 0. 0 0
15.921 2 ATTITUDE 0.153886 3.109236 -0.086204
16.012 2 DL_VALUE 13 1.5
16.018 2 DESIRED 0. 0.01 0. 0. 0. 655. 0. 15.
16.022 2 ATTITUDE 0.143517 3.111919 -0.081082
16.058 2 GPS 0 0 0 0 0 0 0 0 0 0 1
16.115 2 IMU_MAG 0. 0. 0.
16.118 2 IMU_ACCEL -9.575195 0.674805 -0.244141
16.121 2 WP_MOVED 2 348895. 5945815. 660. 12
16.124 2 ATTITUDE 0.1354 3.113584 -0.050694
16.213 2 ESTIMATOR 0. 0.
16.220 2 DESIRED 0. 0.01 0. 0. 0. 655. 0. 15.
16.223 2 ATTITUDE 0.133091 3.12286 -0.004103
16.233 2 WIND_INFO 2 42 0. 0. 0.
16.312 2 GPS 0 0 0 0 0 0 0 0 0 0 1
16.314 2 ATTITUDE 0.123471 3.122981 0.036942
16.417 2 GPS_SOL 0 0 0 0
16.420 2 IMU_GYRO -0.016846 0.105225 -0.034912
16.428 2 DESIRED 0. 0.01 0. 0. 0. 655. 0. 15.
16.430 2 ATTITUDE 0.12117 3.12683 0.043232
16.507 2 BAT 40 30 0 0 1 21 0 0
16.510 2 ATTITUDE 0.121795 3.125539 0.035336
16.558 2 GPS 0 0 0 0 0 0 0 0 0 0 1
16.615 2 WP_MOVED 3 348965.09375 5945786. 660. 12
16.621 2 DESIRED 0. 0.01 0. 0. 0. 655. 0. 15.
16.624 2 ATTITUDE 0.123132 3.124957 0.032235
16.704 2 ESTIMATOR 0. 0.
16.707 2 ATTITUDE 0.122578 3.125981 0.035224
16.820 2 GPS 0 0 0 0 0 0 0 0 0 0 1
16.826 2 DESIRED 0. 0.01 0. 0. 0. 655. 0. 15.
16.830 2 ATTITUDE 0.113306 3.126227 0.032765
16.841 2 DOWNLINK_STATUS 0 17 12652 561 0 740. 32. 37.71
16.913 2 NAVIGATION 0 1 0. 0. 0. 0. 0 0
16.916 2 IMU_ACCEL -9.081055 0.775391 0.665039
16.919 2 ATTITUDE 0.089452 3.125231 0.027831
17.014 2 IMU_GYRO -0.074463 0.05957 -0.221191
17.021 2 DESIRED 0. 0.01 0. 0. 0. 655. 0. 15.
17.024 2 ATTITUDE 0.069496 3.12366 0.02327
17.058 2 GPS 0 0 0 0 0 0 0 0 0 0 1
17.107 2 WP_MOVED 4 348764.6875 5945795. 660. 12
17.110 2 ATTITUDE 0.05192 3.119852 0.021725
17.214 2 CALIBRATION 0. 0
17.217 2 ESTIMATOR 0. 0.
17.224 2 DESIRED 0. 0. 0. 0. 0. 655. 0. 15.
17.227 2 ATTITUDE 0.045686 3.1194 0.026784
17.312 2 GPS 0 0 0 0 0 0 0 0 0 0 1
17.315 2 ATTITUDE 0.037904 3.118388 0.028674
17.414 2 IMU_MAG 0. 0. 0.
17.421 2 DESIRED 0. 0. 0. 0. 0. 655. 0. 15.
17.424 2 ATTITUDE 0.034757 3.120135 0.027929
17.484 2 FBW_STATUS 2 0 1 30 2
17.509 2 ENERGY 3. 0.002 0 0.006
17.511 2 DL_VALUE 14 0.610865
17.515 2 ATTITUDE 0.03067 3.11695 0.026863
17.558 2 GPS 0 0 0 0 0 0 0 0 0 0 1
17.624 2 BAT 40 30 0 0 1 22 0 0
17.627 2 IMU_GYRO -0.149902 0.052979 0.00415
17.630 2 WP_MOVED 5 348740. 5945760. 660. 12
17.637 2 DESIRED 0. 0. 0. 0. 0. 655. 0. 15.
17.639 2 ATTITUDE 0.03202 3.107774 0.02735
17.710 2 IMU_ACCEL -9.387695 0.689453 -0.124023
17.711 2 ESTIMATOR 0. 0.
17.714 2 ATTITUDE 0.041632 3.095048 0.026668
17.819 2 GPS 0 0 0 0 0 0 0 0 0 0 1
17.827 2 DESIRED 0. 0. 0. 0. 0. 655. 0. 15.
17.829 2 ATTITUDE 0.045284 3.093205 0.015607
17.842 2 DOWNLINK_STATUS 0 18 13416 595 0 764. 34. 37.71
17.909 2 NAVIGATION 0 1 0. 0. 0. 0. 0 0
17.912 2 ATTITUDE 0.046366 3.09428 0.016751
18.010 2 STATE_FILTER_STATUS 3 0
18.017 2 DESIRED 0. 0. 0. 0. 0. 655. 0. 15.
18.020 2 ATTITUDE 0.043554 3.093427 0.028101
18.057 2 GPS 0 0 0 0 0 0 0 0 0 0 1
18.106 2 WP_MOVED 6 348665. 5945815. 660. 12
18.110 2 ATTITUDE 0.0422 3.093515 0.026088
18.217 2 IMU_GYRO -0.008301 0.083984 -0.141357
18.219 2 ESTIMATOR 0. 0.
18.226 2 DESIRED 0. 0. 0. 0. 0. 655. 0. 15.
18.229 2 ATTITUDE 0.028724 3.092134 0.016206
18.312 2 GPS 0 0 0 0 0 0 0 0 0 0 1
18.315 2 ATTITUDE 0.025304 3.093037 0.014884
18.414 2 GPS_SOL 0 0 0 0
18.420 2 DESIRED 0. 0. 0. 0. 0. 655. 0. 15.
18.423 2 ATTITUDE 0.022834 3.092655 0.021258
18.506 2 IMU_ACCEL -9.575195 0.209961 0.31543
18.509 2 ATTITUDE 0.021122 3.092126 0.019848
18.558 2 GPS 0 0 0 0 0 0 0 0 0 0 1
18.615 2 WP_MOVED 7 349065. 5946015. 660. 12
18.622 2 DESIRED 0. 0. 0. 0. 0. 655. 0. 15.
18.625 2 ATTITUDE 0.020318 3.091807 0.017244
18.713 2 IMU_MAG 0. 0. 0.
18.717 2 BAT 40 29 0 0 1 23 0 0
18.720 2 ESTIMATOR 0. 0.
18.723 2 ATTITUDE 0.020242 3.092058 0.016309
18.821 2 IMU_GYRO -0.029785 0.009521 -0.056396
18.827 2 GPS 0 0 0 0 0 0 0 0 0 0 1
18.834 2 DESIRED 0. 0. 0. 0. 0. 655. 0. 15.
18.837 2 ATTITUDE 0.019876 3.091985 0.017908
18.842 2 DOWNLINK_STATUS 0 19 14131 626 0 715. 31. 37.71
18.909 2 NAVIGATION 0 1 0. 0. 0. 0. 0 0
18.912 2 ATTITUDE 0.019643 3.092093 0.018206
19.011 2 DL_VALUE 15 7500.
19.018 2 DESIRED 0. 0. 0. 0. 0. 655. 0. 15.
19.021 2 ATTITUDE 0.019422 3.09162 0.017774
19.058 2 GPS 0 0 0 0 0 0 0 0 0 0 1
19.107 2 WP_MOVED 0 348907. 5945757. 660. 12
19.110 2 ATTITUDE 0.01929 3.091974 0.016127
19.212 2 ESTIMATOR 0. 0.
19.220 2 DESIRED 0. 0. 0. 0. 0. 655. 0. 15.
19.222 2 ATTITUDE 0.018907 3.091912 0.01557
19.314 2 CALIBRATION 0. 0
19.317 2 IMU_ACCEL -9.728516 0.181641 0.100586
19.322 2 GPS 0 0 0 0 0 0 0 0 0 0 1
19.326 2 ATTITUDE 0.017949 3.091935 0.018844
19.414 2 IMU_GYRO -0.031738 0.049805 -0.055176
19.420 2 DESIRED 0. 0. 0. 0. 0. 655. 0. 15.
19.423 2 ATTITUDE 0.01799 3.092054 0.017758
19.484 2 FBW_STATUS 2 0 1 30 2
19.502 2 ATTITUDE 0.017513 3.092053 0.017864
19.558 2 GPS 0 0 0 0 0 0 0 0 0 0 1
19.615 2 WP_MOVED 1 348865. 5945715. 660. 12
19.621 2 DESIRED 0. 0. 0. 0. 0. 655. 0. 15.
19.624 2 ATTITUDE 0.016823 3.092586 0.019244
19.704 2 ESTIMATOR 0. 0.
19.707 2 ATTITUDE 0.016304 3.091634 0.017521
19.822 2 BAT 40 30 0 0 1 24 0 0
19.828 2 GPS 0 0 0 0 0 0 0 0 0 0 1
19.835 2 DESIRED 0. 0. 0. 0. 0. 655. 0. 15.
19.838 2 ATTITUDE 0.015922 3.091842 0.016039
19.842 2 DOWNLINK_STATUS 0 20 14821 656 0 690. 30. 37.71
19.912 2 ENERGY 3. 0.002 0 0.006
19.917 2 NAVIGATION 0 1 0. 0. 0. 0. 0 0
19.920 2 ATTITUDE 0.015741 3.091746 0.015861
20.018 2 IMU_MAG 0. 0. 0.
20.021 2 IMU_GYRO -0.029785 0.025391 -0.051025
20.028 2 DESIRED 0. 0. 0. 0. 0. 655. 0. 15.
20.031 2 ATTITUDE 0.015658 3.091838 0.016284
20.058 2 GPS 0 0 0 0 0 0 0 0 0 0 1
20.110 2 IMU_ACCEL -9.71875 0.100586 0.224609
20.114 2 WP_MOVED 2 348895. 5945815. 660. 12
20.117 2 ATTITUDE 0.015663 3.091765 0.016306
20.214 2 STATE_FILTER_STATUS 3 0
20.216 2 ESTIMATOR 0. 0.
20.223 2 DESIRED 0. 0. 0. 0. 0. 655. 0. 15.
20.226 2 ATTITUDE 0.015638 3.091622 0.01598
20.286 2 ACTUATORS |1004,1003,1538,1310,1714,1500|
20.310 2 PPRZ_MODE 1 0 0 0 0 6
20.317 2 GPS 0 0 0 0 0 0 0 0 0 0 1
20.320 2 ATTITUDE 0.015546 3.09191 0.016318
20.375 2 PONG 
20.394 2 COMMANDS |40,-95,-202,0,14,-9548|
20.413 2 GPS_SOL 0 0 0 0
20.421 2 DESIRED 0. 0. 0. 0. 0. 655. 0. 15.
20.423 2 ATTITUDE 0.014942 3.091885 0.018223
20.503 2 DL_VALUE 16 1250.
20.506 2 ATTITUDE 0.014764 3.092056 0.017634
20.557 2 GPS 0 0 0 0 0 0 0 0 0 0 1
20.618 2 IMU_GYRO -0.031738 0.014893 -0.052002
20.621 2 WP_MOVED 3 348965.09375 5945786. 660. 12
20.628 2 DESIRED 0. 0. 0. 0. 0. 655. 0. 15.
20.631 2 ATTITUDE 0.014687 3.091917 0.01787
20.704 2 ESTIMATOR 0. 0.
20.707 2 ATTITUDE 0.014111 3.091719 0.015192
20.820 2 GPS 0 0 0 0 0 0 0 0 0 0 1
20.826 2 DESIRED 0. 0. 0. 0. 0. 655. 0. 15.
20.829 2 ATTITUDE 0.013837 3.091413 0.014542
20.843 2 DOWNLINK_STATUS 0 21 15602 692 0 781. 36. 37.67
20.917 2 DOWNLINK 1 744 844
20.921 2 BAT 40 29 0 0 1 25 0 0
20.925 2 NAVIGATION 0 1 0. 0. 0. 0. 0 0
20.928 2 IMU_ACCEL -9.723633 0.071289 0.181641
20.931 2 ATTITUDE 0.013805 3.091725 0.013808
21.016 2 ALIVE |79,169,67,217,181,217,114,149,127,205,84,209,140,143,63,59|
21.022 2 DESIRED 0. 0. 0. 0. 0. 655. 0. 15.
21.026 2 ATTITUDE 0.013782 3.091446 0.014214
21.058 2 GPS 0 0 0 0 0 0 0 0 0 0 1
21.107 2 WP_MOVED 4 348764.6875 5945795. 660. 12
21.110 2 ATTITUDE 0.013568 3.091707 0.015128
21.217 2 IMU_GYRO -0.033936 0.02002 -0.049805
21.219 2 ESTIMATOR 0. 0.
21.226 2 DESIRED 0. 0. 0. 0. 0. 655. 0. 15.
21.229 2 ATTITUDE 0.013269 3.091629 0.015755
21.313 2 IMU_MAG 0. 0. 0.
21.319 2 GPS 0 0 0 0 0 0 0 0 0 0 1
21.322 2 ATTITUDE 0.013334 3.091682 0.015726
21.411 2 CALIBRATION 0. 0
21.418 2 DESIRED 0. 0. 0. 0. 0. 655. 0. 15.
21.421 2 ATTITUDE 0.013205 3.091824 0.015941
21.484 2 FBW_STATUS 2 0 1 30 2
21.502 2 ATTITUDE 0.012589 3.091976 0.017959
21.558 2 GPS 0 0 0 0 0 0 0 0 0 0 1
21.615 2 WP_MOVED 5 348740. 5945760. 660. 12
21.622 2 DESIRED 0. 0. 0. 0. 0. 655. 0. 15.
21.625 2 ATTITUDE 0.012436 3.091718 0.016834
21.709 2 IMU_ACCEL -9.689453 0.162109 0.166992
21.712 2 ESTIMATOR 0. 0.
21.715 2 ATTITUDE 0.012389 3.091736 0.016656
21.821 2 IMU_GYRO -0.031738 0.024414 -0.052979
21.827 2 GPS 0 0 0 0 0 0 0 0 0 0 1
21.834 2 DESIRED 0. 0. 0. 0. 0. 655. 0. 15.
21.837 2 ATTITUDE 0.012339 3.091662 0.016304
21.843 2 DOWNLINK_STATUS 0 22 16369 726 0 767. 34. 37.67
21.909 2 NAVIGATION 0 1 0. 0. 0. 0. 0 0
21.912 2 ATTITUDE 0.012224 3.091718 0.016511
22.015 2 DL_VALUE 17 0.48
22.019 2 BAT 40 30 0 0 1 26 0 0
22.026 2 DESIRED 0. 0. 0. 0. 0. 655. 0. 15.
22.030 2 ATTITUDE 0.012222 3.091639 0.016112
22.057 2 GPS 0 0 0 0 0 0 0 0 0 0 1
22.106 2 WP_MOVED 6 348665. 5945815. 660. 12
22.109 2 ATTITUDE 0.012158 3.091637 0.015908
22.212 2 ESTIMATOR 0. 0.
22.219 2 DESIRED 0. 0. 0. 0. 0. 655. 0. 15.
22.222 2 ATTITUDE 0.012177 3.091604 0.016183
22.317 2 NAVIGATION_REF 348865 5945715 12 605.
22.321 2 ENERGY 3. 0.002 0 0.006
22.326 2 GPS 0 0 0 0 0 0 0 0 0 0 1
22.330 2 ATTITUDE 0.01223 3.09158 0.015845
22.418 2 STATE_FILTER_STATUS 3 0
22.421 2 GPS_SOL 0 0 0 0
22.424 2 IMU_GYRO -0.031738 0.02124 -0.051025
22.430 2 DESIRED 0. 0. 0. 0. 0. 655. 0. 15.
22.434 2 ATTITUDE 0.012238 3.091574 0.015728
22.506 2 IMU_ACCEL -9.699219 0.09082 0.176758
22.509 2 ATTITUDE 0.012103 3.091652 0.01609
22.557 2 GPS 0 0 0 0 0 0 0 0 0 0 1
22.618 2 IMU_MAG 0. 0. 0.
22.622 2 WP_MOVED 7 349065. 5946015. 660. 12
22.628 2 DESIRED 0. 0. 0. 0. 0. 655. 0. 15.
22.631 2 ATTITUDE 0.011946 3.091621 0.016646
22.705 2 ESTIMATOR 0. 0.
22.708 2 ATTITUDE 0.011962 3.091557 0.015998
22.820 2 GPS 0 0 0 0 0 0 0 0 0 0 1
22.826 2 DESIRED 0. 0. 0. 0. 0. 655. 0. 15.
22.830 2 ATTITUDE 0.011943 3.091556 0.015943
22.843 2 DOWNLINK_STATUS 0 23 17116 759 0 747. 33. 37.67
22.909 2 NAVIGATION 0 1 0. 0. 0. 0. 0 0
22.912 2 ATTITUDE 0.011814 3.091433 0.014874
23.014 2 IMU_GYRO -0.034912 0.000977 -0.051025
23.021 2 DESIRED 0. 0. 0. 0. 0. 655. 0. 15.
23.024 2 ATTITUDE 0.011669 3.091464 0.014012
23.058 2 GPS 0 0 0 0 0 0 0 0 0 0 1
23.112 2 BAT 40 29 0 0 1 27 0 0
23.115 2 WP_MOVED 0 348907. 5945757. 660. 12
23.118 2 ATTITUDE 0.011524 3.091425 0.014845
23.212 2 ESTIMATOR 0. 0.
23.219 2 DESIRED 0. 0. 0. 0. 0. 655. 0. 15.
23.222 2 ATTITUDE 0.011493 3.091408 0.014799
23.312 2 IMU_ACCEL -9.699219 0.104492 0.201172
23.318 2 GPS 0 0 0 0 0 0 0 0 0 0 1
23.321 2 ATTITUDE 0.011414 3.091374 0.015075
23.414 2 DESIRED 0. 0. 0. 0. 0. 655. 0. 15.
23.416 2 ATTITUDE 0.011345 3.091349 0.015006
23.484 2 FBW_STATUS 2 0 1 30 2
23.505 2 CALIBRATION 0. 0
23.507 2 DL_VALUE 18 0.03
23.510 2 ATTITUDE 0.011382 3.091365 0.014964
23.557 2 GPS 0 0 0 0 0 0 0 0 0 0 1
23.618 2 IMU_GYRO -0.025391 0.02124 -0.051025
23.621 2 WP_MOVED 1 348865. 5945715. 660. 12
23.628 2 DESIRED 0. 0. 0. 0. 0. 655. 0. 15.
23.631 2 ATTITUDE 0.011363 3.091286 0.014541
23.704 2 ESTIMATOR 0. 0.
23.707 2 ATTITUDE 0.011228 3.091457 0.015202
23.820 2 GPS 0 0 0 0 0 0 0 0 0 0 1
23.826 2 DESIRED 0. 0. 0. 0. 0. 655. 0. 15.
23.829 2 ATTITUDE 0.011179 3.091279 0.014968
23.843 2 DOWNLINK_STATUS 0 24 17824 790 0 708. 31. 37.67
23.911 2 IMU_MAG 0. 0. 0.
23.916 2 NAVIGATION 0 1 0. 0. 0. 0. 0 0
23.919 2 ATTITUDE 0.011077 3.091273 0.0144
24.013 2 DESIRED 0. 0. 0. 0. 0. 655. 0. 15.
24.017 2 ATTITUDE 0.011021 3.091274 0.01454
24.058 2 GPS 0 0 0 0 0 0 0 0 0 0 1
24.110 2 IMU_ACCEL -9.68457 0.071289 0.176758
24.114 2 WP_MOVED 2 348895. 5945815. 660. 12
24.117 2 ATTITUDE 0.010964 3.091222 0.014947
24.222 2 BAT 40 30 0 0 1 28 0 0
24.225 2 IMU_GYRO -0.032959 0.016846 -0.051025
24.227 2 ESTIMATOR 0. 0.
24.234 2 DESIRED 0. 0. 0. 0. 0. 655. 0. 15.
24.237 2 ATTITUDE 0.010847 3.09122 0.015234
24.312 2 GPS 0 0 0 0 0 0 0 0 0 0 1
24.315 2 ATTITUDE 0.010815 3.091078 0.015198
24.414 2 GPS_SOL 0 0 0 0
24.420 2 DESIRED 0. 0. 0. 0. 0. 655. 0. 15.
24.423 2 ATTITUDE 0.010809 3.091159 0.014813
24.501 2 ATTITUDE 0.010745 3.091271 0.014966
24.558 2 GPS 0 0 0 0 0 0 0 0 0 0 1
24.614 2 STATE_FILTER_STATUS 3 0
24.618 2 WP_MOVED 3 348965.09375 5945786. 660. 12
24.625 2 DESIRED 0. 0. 0. 0. 0. 655. 0. 15.
24.627 2 ATTITUDE 0.01 3.091444 0.01794
24.709 2 ENERGY 2.9 0.002 0 0.0058
24.711 2 ESTIMATOR 0. 0.
24.715 2 ATTITUDE 0.009897 3.091439 0.01747
24.820 2 IMU_GYRO -0.011475 0.046631 -0.048828
24.826 2 GPS 0 0 0 0 0 0 0 0 0 0 1
24.833 2 DESIRED 0. 0. 0. 0. 0. 655. 0. 15.
24.836 2 ATTITUDE 0.009289 3.090891 0.012566
24.844 2 DOWNLINK_STATUS 0 25 18559 822 0 735. 32. 37.67
24.912 2 NAVIGATION 0 1 0. 0. 0. 0. 0 0
24.915 2 IMU_ACCEL -9.742188 0.003906 0.085938
24.919 2 ATTITUDE 0.008215 3.091385 0.01597
25.011 2 DL_VALUE 19 0.15
25.017 2 DESIRED 0. 0. 0. 0. 0. 655. 0. 15.
25.021 2 ATTITUDE 0.007542 3.091363 0.01789
25.057 2 GPS 0 0 0 0 0 0 0 0 0 0 1
25.106 2 WP_MOVED 4 348764.6875 5945795. 660. 12
25.109 2 ATTITUDE 0.007498 3.091074 0.016864
25.218 2 PPRZ_MODE 1 0 0 0 0 6
25.221 2 IMU_MAG 0. 0. 0.
25.224 2 ESTIMATOR 0. 0.
25.230 2 DESIRED 0. 0. 0. 0. 0. 655. 0. 15.
25.233 2 ATTITUDE 0.00754 3.091235 0.016666
25.285 2 ACTUATORS |1004,1003,1538,1307,1711,1500|
25.314 2 BAT 40 29 0 0 1 30 0 0
25.319 2 GPS 0 0 0 0 0 0 0 0 0 0 1
25.323 2 ATTITUDE 0.007471 3.091062 0.016911
25.376 2 PONG 
25.395 2 COMMANDS |40,-50,-195,0,14,-9548|
25.414 2 IMU_GYRO -0.024414 0.029785 -0.051025
25.420 2 DESIRED 0. 0. 0. 0. 0. 655. 0. 15.
25.424 2 ATTITUDE 0.007473 3.091144 0.016903
25.484 2 FBW_STATUS 2 0 1 39 2
25.502 2 ATTITUDE 0.00749 3.091072 0.016655
25.558 2 GPS 0 0 0 0 0 0 0 0 0 0 1
25.615 2 CALIBRATION 0. 0
25.619 2 WP_MOVED 5 348740. 5945760. 660. 12
25.626 2 DESIRED 0. 0. 0. 0. 0. 655. 0. 15.
25.629 2 ATTITUDE 0.007429 3.091038 0.016925
25.709 2 IMU_ACCEL -9.694336 0.02832 0.066406
25.711 2 ESTIMATOR 0. 0.
25.714 2 ATTITUDE 0.007387 3.091092 0.016633
25.820 2 GPS 0 0 0 0 0 0 0 0 0 0 1
25.826 2 DESIRED 0. 0. 0. 0. 0. 655. 0. 15.
25.828 2 ATTITUDE 0.007297 3.09129 0.016914
25.844 2 DOWNLINK_STATUS 0 26 19341 858 0 782. 36. 37.75
25.909 2 NAVIGATION 0 1 0. 0. 0. 0. 0 0
25.911 2 ATTITUDE 0.007356 3.091211 0.017337
26.015 2 DOWNLINK 1 741 1012
26.018 2 IMU_GYRO -0.012695 0.044678 -0.051025
26.024 2 DESIRED 0. 0. 0. 0. 0. 655. 0. 15.
26.027 2 ATTITUDE 0.007451 3.09146 0.017368
26.057 2 GPS 0 0 0 0 0 0 0 0 0 0 1
26.112 2 ALIVE |79,169,67,217,181,217,114,149,127,205,84,209,140,143,63,59|
26.115 2 WP_MOVED 6 348665. 5945815. 660. 12
26.118 2 ATTITUDE 0.007477 3.091498 0.017048
26.212 2 ESTIMATOR 0. 0.
26.218 2 DESIRED 0. 0. 0. 0. 0. 655. 0. 15.
26.221 2 ATTITUDE 0.007531 3.091447 0.016778
26.233 2 WIND_INFO 2 42 0. 0. 0.
26.311 2 GPS 0 0 0 0 0 0 0 0 0 0 1
26.314 2 ATTITUDE 0.007357 3.091355 0.016524
26.418 2 GPS_SOL 0 0 0 0
26.421 2 BAT 40 30 0 0 1 31 0 0
26.428 2 DESIRED 0. 0. 0. 0. 0. 655. 0. 15.
26.431 2 ATTITUDE 0.007383 3.091298 0.015955
26.510 2 DL_VALUE 20 0.01
26.514 2 IMU_MAG 0. 0. 0.
26.517 2 IMU_ACCEL -9.689453 0.033203 0.229492
26.520 2 ATTITUDE 0.007288 3.091246 0.016006
26.557 2 GPS 0 0 0 0 0 0 0 0 0 0 1
26.618 2 IMU_GYRO -0.030762 0.027588 -0.049805
26.621 2 WP_MOVED 7 349065. 5946015. 660. 12
26.628 2 DESIRED 0. 0. 0. 0. 0. 655. 0. 15.
26.631 2 ATTITUDE 0.007331 3.091219 0.015772
26.704 2 ESTIMATOR 0. 0.
26.707 2 ATTITUDE 0.007317 3.091166 0.015745
26.817 2 STATE_FILTER_STATUS 3 0
26.823 2 GPS 0 0 0 0 0 0 0 0 0 0 1
26.830 2 DESIRED 0. 0. 0. 0. 0. 655. 0. 15.
26.833 2 ATTITUDE 0.007331 3.091183 0.015829
26.844 2 DOWNLINK_STATUS 0 27 20101 892 0 760. 34. 37.75
26.909 2 NAVIGATION 0 1 0. 0. 0. 0. 0 0
26.912 2 ATTITUDE 0.007299 3.091309 0.015775
27.013 2 DESIRED 0. 0. 0. 0. 0. 655. 0. 15.
27.017 2 ATTITUDE 0.007322 3.091199 0.015749
27.057 2 GPS 0 0 0 0 0 0 0 0 0 0 1
27.111 2 ENERGY 2.9 0.002 0 0.0058
27.114 2 WP_MOVED 0 348907. 5945757. 660. 12
27.117 2 ATTITUDE 0.007386 3.09114 0.015423
27.217 2 IMU_GYRO -0.030762 0.012695 -0.049805
27.218 2 ESTIMATOR 0. 0.
27.226 2 DESIRED 0. 0. 0. 0. 0. 655. 0. 15.
27.229 2 ATTITUDE 0.007367 3.09123 0.015571
27.312 2 IMU_ACCEL -9.588867 0.458984 0.262695
27.318 2 GPS 0 0 0 0 0 0 0 0 0 0 1
27.321 2 ATTITUDE 0.007431 3.091246 0.015426
27.414 2 DESIRED 0. 0. 0. 0. 0. 655. 0. 15.
27.416 2 ATTITUDE 0.007199 3.09101 0.01573
27.483 2 FBW_STATUS 2 0 1 30 2
27.506 2 BAT 40 30 0 0 1 32 0 0
27.509 2 ATTITUDE 0.007152 3.090818 0.016516
27.557 2 GPS 0 0 0 0 0 0 0 0 0 0 1
27.614 2 WP_MOVED 1 348865. 5945715. 660. 12
27.621 2 DESIRED 0. 0. 0. 0. 0. 655. 0. 15.
27.624 2 ATTITUDE 0.006851 3.091715 0.01522
27.706 2 CALIBRATION 0. 0
27.708 2 ESTIMATOR 0. 0.
27.711 2 ATTITUDE 0.00687 3.091294 0.015501
27.824 2 IMU_MAG 0. 0. 0.
27.828 2 IMU_GYRO -0.030762 0.012695 -0.054199
27.833 2 GPS 0 0 0 0 0 0 0 0 0 0 1
27.840 2 DESIRED 0. 0. 0. 0. 0. 655. 0. 15.
27.843 2 ATTITUDE 0.006816 3.091107 0.016066
27.844 2 DOWNLINK_STATUS 0 28 20836 924 0 735. 32. 37.75
27.909 2 NAVIGATION 0 1 0. 0. 0. 0. 0 0
27.912 2 ATTITUDE 0.006814 3.091139 0.016088
28.011 2 DL_VALUE 21 0.1
28.017 2 DESIRED 0. 0. 0. 0. 0. 655. 0. 15.
28.021 2 ATTITUDE 0.006761 3.091092 0.016387
28.057 2 GPS 0 0 0 0 0 0 0 0 0 0 1
28.110 2 IMU_ACCEL -9.680664 0.056641 0.224609
28.113 2 WP_MOVED 2 348895. 5945815. 660. 12
28.116 2 ATTITUDE 0.006746 3.091011 0.016976
28.212 2 ESTIMATOR 0. 0.
28.219 2 DESIRED 0. 0. 0. 0. 0. 655. 0. 15.
28.222 2 ATTITUDE 0.006797 3.09099 0.016256
28.311 2 GPS 0 0 0 0 0 0 0 0 0 0 1
28.315 2 ATTITUDE 0.006775 3.090897 0.01628
28.417 2 GPS_SOL 0 0 0 0
28.420 2 IMU_GYRO -0.029785 0.015869 -0.051025
28.427 2 DESIRED 0. 0. 0. 0. 0. 655. 0. 15.
28.429 2 ATTITUDE 0.006879 3.090852 0.015699
28.502 2 ATTITUDE 0.00684 3.090867 0.015979
28.558 2 GPS 0 0 0 0 0 0 0 0 0 0 1
28.619 2 BAT 40 29 0 0 1 33 0 0
28.622 2 WP_MOVED 3 348965.09375 5945786. 660. 12
28.630 2 DESIRED 0. 0. 0. 0. 0. 655. 0. 15.
28.632 2 ATTITUDE 0.006804 3.090873 0.016325
28.703 2 ESTIMATOR 0. 0.
28.707 2 ATTITUDE 0.006787 3.090873 0.016292
28.819 2 GPS 0 0 0 0 0 0 0 0 0 0 1
28.826 2 DESIRED 0. 0. 0. 0. 0. 655. 0. 15.
28.829 2 ATTITUDE 0.006813 3.090801 0.015866
28.845 2 DOWNLINK_STATUS 0 29 21517 953 0 681. 29. 37.75
28.912 2 NAVIGATION 0 1 0. 0. 0. 0. 0 0
28.915 2 IMU_ACCEL -9.699219 0.085938 0.157227
28.918 2 ATTITUDE 0.006766 3.09075 0.016203
29.014 2 STATE_FILTER_STATUS 3 0
29.017 2 IMU_GYRO -0.032959 0.02002 -0.049805
29.023 2 DESIRED 0. 0. 0. 0. 0. 655. 0. 15.
29.027 2 ATTITUDE 0.006769 3.090928 0.016099
29.057 2 GPS 0 0 0 0 0 0 0 0 0 0 1
29.110 2 IMU_MAG 0. 0. 0.
29.114 2 WP_MOVED 4 348764.6875 5945795. 660. 12
29.116 2 ATTITUDE 0.006786 3.090806 0.015954
29.212 2 ESTIMATOR 0. 0.
29.219 2 DESIRED 0. 0. 0. 0. 0. 655. 0. 15.
29.222 2 ATTITUDE 0.006761 3.09077 0.016187
29.311 2 GPS 0 0 0 0 0 0 0 0 0 0 1
29.315 2 ATTITUDE 0.006811 3.090839 0.016132
29.413 2 DESIRED 0. 0. 0. 0. 0. 655. 0. 15.
29.416 2 ATTITUDE 0.006791 3.090894 0.015861
29.484 2 FBW_STATUS 2 0 1 30 2
29.509 2 ENERGY 3. 0.002 0 0.006
29.510 2 DL_VALUE 22 0.
29.514 2 ATTITUDE 0.006757 3.090949 0.016077
29.557 2 GPS 0 0 0 0 0 0 0 0 0 0 1
29.618 2 IMU_GYRO -0.025391 0.008301 -0.048828
29.621 2 WP_MOVED 5 348740. 5945760. 660. 12
29.628 2 DESIRED 0. 0. 0. 0. 0. 655. 0. 15.
29.631 2 ATTITUDE 0.006756 3.090857 0.015696
29.714 2 BAT 40 30 0 0 1 34 0 0
29.717 2 IMU_ACCEL -9.68457 0.042969 0.249023
29.719 2 ESTIMATOR 0. 0.
29.722 2 ATTITUDE 0.006794 3.091003 0.016199
29.818 2 CALIBRATION 0. 0
29.824 2 GPS 0 0 0 0 0 0 0 0 0 0 1
29.831 2 DESIRED 0. 0. 0. 0. 0. 655. 0. 15.
29.834 2 ATTITUDE 0.006846 3.090797 0.015299
29.845 2 DOWNLINK_STATUS 0 30 22290 988 0 773. 35. 37.75
29.909 2 NAVIGATION 0 1 0. 0. 0. 0. 0 0
29.911 2 ATTITUDE 0.00682 3.091067 0.016
30.014 2 DESIRED 0. 0. 0. 0. 0. 655. 0. 15.
30.016 2 ATTITUDE 0.006882 3.090724 0.015296
30.057 2 GPS 0 0 0 0 0 0 0 0 0 0 1
30.107 2 PPRZ_MODE 1 0 0 0 0 6
30.110 2 WP_MOVED 6 348665. 5945815. 660. 12
30.114 2 ATTITUDE 0.006765 3.09087 0.015889
30.216 2 IMU_GYRO -0.033936 0.019043 -0.048828
30.219 2 ESTIMATOR 0. 0.
30.225 2 DESIRED 0. 0. 0. 0. 0. 655. 0. 15.
30.228 2 ATTITUDE 0.006793 3.090919 0.015257
30.285 2 ACTUATORS |1004,1003,1538,1307,1711,1500|
30.311 2 GPS 0 0 0 0 0 0 0 0 0 0 1
30.314 2 ATTITUDE 0.00681 3.090847 0.015466
30.376 2 PONG 
30.395 2 COMMANDS |40,-43,-177,0,14,-9548|
30.417 2 GPS_SOL 0 0 0 0
30.420 2 IMU_MAG 0. 0. 0.
30.427 2 DESIRED 0. 0. 0. 0. 0. 655. 0. 15.
30.430 2 ATTITUDE 0.006812 3.090896 0.015452
30.505 2 IMU_ACCEL -9.713867 0.051758 0.234375
30.508 2 ATTITUDE 0.006812 3.090786 0.015457
30.557 2 GPS 0 0 0 0 0 0 0 0 0 0 1
30.614 2 WP_MOVED 7 349065. 5946015. 660. 12
30.621 2 DESIRED 0. 0. 0. 0. 0. 655. 0. 15.
30.624 2 ATTITUDE 0.006803 3.090783 0.015593
30.704 2 ESTIMATOR 0. 0.
30.707 2 ATTITUDE 0.00687 3.090813 0.015172
30.826 2 BAT 40 30 0 0 1 35 0 0
30.829 2 IMU_GYRO -0.030762 0.016846 -0.048828
30.834 2 GPS 0 0 0 0 0 0 0 0 0 0 1
30.841 2 DESIRED 0. 0. 0. 0. 0. 655. 0. 15.
30.844 2 ATTITUDE 0.006861 3.090772 0.015124
30.845 2 DOWNLINK_STATUS 0 31 23052 1022 0 762. 34. 37.72
30.909 2 NAVIGATION 0 1 0. 0. 0. 0. 0 0
30.912 2 ATTITUDE 0.00685 3.090828 0.015624
31.011 2 DL_VALUE 23 0.05
31.018 2 DESIRED 0. 0. 0. 0. 0. 655. 0. 15.
31.021 2 ATTITUDE 0.006892 3.090659 0.014797
31.058 2 GPS 0 0 0 0 0 0 0 0 0 0 1
31.106 2 DOWNLINK 1 747 1180
31.111 2 WP_MOVED 0 348907. 5945757. 660. 12
31.114 2 ATTITUDE 0.006871 3.090768 0.0152
31.221 2 ALIVE |79,169,67,217,181,217,114,149,127,205,84,209,140,143,63,59|
31.221 2 STATE_FILTER_STATUS 3 0
31.224 2 ESTIMATOR 0. 0.
31.231 2 DESIRED 0. 0. 0. 0. 0. 655. 0. 15.
31.233 2 ATTITUDE 0.006932 3.09064 0.014945
31.316 2 NAVIGATION_REF 348865 5945715 12 605.
31.319 2 IMU_ACCEL -9.704102 0.081055 0.124023
31.325 2 GPS 0 0 0 0 0 0 0 0 0 0 1
31.328 2 ATTITUDE 0.006885 3.090766 0.014928
31.413 2 IMU_GYRO -0.033936 0.019043 -0.049805
31.421 2 DESIRED 0. 0. 0. 0. 0. 655. 0. 15.
31.423 2 ATTITUDE 0.006901 3.090687 0.014762
31.483 2 FBW_STATUS 2 0 1 30 2
31.504 2 ATTITUDE 0.006789 3.090653 0.015075
31.557 2 GPS 0 0 0 0 0 0 0 0 0 0 1
31.614 2 WP_MOVED 1 348865. 5945715. 660. 12
31.620 2 DESIRED 0. 0. 0. 0. 0. 655. 0. 15.
31.624 2 ATTITUDE 0.006813 3.090673 0.015069
31.708 2 IMU_MAG 0. 0. 0.
31.711 2 ESTIMATOR 0. 0.
31.714 2 ATTITUDE 0.006835 3.090528 0.014788
31.819 2 GPS 0 0 0 0 0 0 0 0 0 0 1
31.826 2 DESIRED 0. 0. 0. 0. 0. 655. 0. 15.
31.829 2 ATTITUDE 0.006878 3.090528 0.014784
31.845 2 DOWNLINK_STATUS 0 32 23790 1055 0 738. 33. 37.72
31.918 2 ENERGY 3. 0.002 0 0.006
31.920 2 CALIBRATION 0. 0
31.924 2 BAT 40 30 0 0 1 36 0 0
31.929 2 NAVIGATION 0 1 0. 0. 0. 0. 0 0
31.932 2 ATTITUDE 0.006887 3.090565 0.014809
32.013 2 IMU_GYRO -0.026367 0.029785 -0.047852
32.020 2 DESIRED 0. 0. 0. 0. 0. 655. 0. 15.
32.023 2 ATTITUDE 0.006906 3.090585 0.014809
32.057 2 GPS 0 0 0 0 0 0 0 0 0 0 1
32.110 2 IMU_ACCEL -9.723633 0.051758 0.186523
32.113 2 WP_MOVED 2 348895. 5945815. 660. 12
32.116 2 ATTITUDE 0.006928 3.090603 0.014379
32.212 2 ESTIMATOR 0. 0.
32.219 2 DESIRED 0. 0. 0. 0. 0. 655. 0. 15.
32.222 2 ATTITUDE 0.006924 3.090553 0.01471
32.311 2 GPS 0 0 0 0 0 0 0 0 0 0 1
32.314 2 ATTITUDE 0.006997 3.090623 0.014893
32.413 2 GPS_SOL 0 0 0 0
32.420 2 DESIRED 0. 0. 0. 0. 0. 655. 0. 15.
32.423 2 ATTITUDE 0.007029 3.090675 0.01475
32.505 2 DL_VALUE 24 0.
32.505 2 ATTITUDE 0.006932 3.090515 0.015244
32.558 2 GPS 0 0 0 0 0 0 0 0 0 0 1
32.617 2 IMU_GYRO -0.030762 0.024414 -0.049805
32.621 2 WP_MOVED 3 348965.09375 5945786. 660. 12
32.628 2 DESIRED 0. 0. 0. 0. 0. 655. 0. 15.
32.630 2 ATTITUDE 0.007028 3.090707 0.014679
32.703 2 ESTIMATOR 0. 0.
32.706 2 ATTITUDE 0.007027 3.09071 0.014602
32.819 2 GPS 0 0 0 0 0 0 0 0 0 0 1
32.825 2 DESIRED 0. 0. 0. 0. 0. 655. 0. 15.
32.829 2 ATTITUDE 0.007018 3.090552 0.014702
32.846 2 DOWNLINK_STATUS 0 33 24520 1087 0 730. 32. 37.72
32.912 2 NAVIGATION 0 1 0. 0. 0. 0. 0 0
32.915 2 IMU_ACCEL -9.699219 0.051758 0.181641
32.918 2 ATTITUDE 0.006983 3.090589 0.014719
33.018 2 IMU_MAG 0. 0. 0.
33.021 2 BAT 40 30 0 0 1 37 0 0
33.028 2 DESIRED 0. 0. 0. 0. 0. 655. 0. 15.
33.031 2 ATTITUDE 0.007059 3.090497 0.014405
33.057 2 GPS 0 0 0 0 0 0 0 0 0 0 1
33.106 2 WP_MOVED 4 348764.6875 5945795. 660. 12
33.109 2 ATTITUDE 0.007047 3.090545 0.014381
33.216 2 IMU_GYRO -0.027588 0.023193 -0.051025
33.219 2 ESTIMATOR 0. 0.
33.226 2 DESIRED 0. 0. 0. 0. 0. 655. 0. 15.
33.229 2 ATTITUDE 0.007062 3.09049 0.014602
33.311 2 GPS 0 0 0 0 0 0 0 0 0 0 1
33.314 2 ATTITUDE 0.007021 3.09049 0.014573
33.410 2 STATE_FILTER_STATUS 3 0
33.416 2 DESIRED 0. 0. 0. 0. 0. 655. 0. 15.
33.420 2 ATTITUDE 0.006944 3.090564 0.014728
33.483 2 FBW_STATUS 2 0 1 30 2
33.506 2 ATTITUDE 0.006941 3.090436 0.014548
33.557 2 GPS 0 0 0 0 0 0 0 0 0 0 1
33.614 2 WP_MOVED 5 348740. 5945760. 660. 12
33.621 2 DESIRED 0. 0. 0. 0. 0. 655. 0. 15.
33.624 2 ATTITUDE 0.007 3.090472 0.014361
33.709 2 IMU_ACCEL -9.641602 0.066406 0.257812
33.710 2 ESTIMATOR 0. 0.
33.714 2 ATTITUDE 0.006953 3.090366 0.014536
33.820 2 IMU_GYRO -0.019043 0.041504 -0.052979
33.825 2 GPS 0 0 0 0 0 0 0 0 0 0 1
33.833 2 DESIRED 0. 0. 0. 0. 0. 655. 0. 15.
33.835 2 ATTITUDE 0.006912 3.090015 0.015044
33.846 2 DOWNLINK_STATUS 0 34 25251 1119 0 731. 32. 37.72
33.909 2 NAVIGATION 0 1 0. 0. 0. 0. 0 0
33.911 2 ATTITUDE 0.006843 3.090313 0.014505
34.014 2 CALIBRATION 0. 0
34.014 2 DL_VALUE 25 1.000074
34.021 2 DESIRED 0. 0. 0. 0. 0. 655. 0. 15.
34.024 2 ATTITUDE 0.006844 3.090134 0.01458
34.057 2 GPS 0 0 0 0 0 0 0 0 0 0 1
34.110 2 BAT 40 29 0 0 1 38 0 0
34.114 2 WP_MOVED 6 348665. 5945815. 660. 12
34.117 2 ATTITUDE 0.006839 3.090232 0.014066
34.212 2 ESTIMATOR 0. 0.
34.218 2 DESIRED 0. 0. 0. 0. 0. 655. 0. 15.
34.221 2 ATTITUDE 0.006765 3.090424 0.01411
34.316 2 ENERGY 3. 0.002 0 0.006
34.320 2 IMU_MAG 0. 0. 0.
34.325 2 GPS 0 0 0 0 0 0 0 0 0 0 1
34.328 2 ATTITUDE 0.006788 3.090366 0.013966
34.416 2 GPS_SOL 0 0 0 0
34.420 2 IMU_GYRO -0.030762 0.015869 -0.049805
34.426 2 DESIRED 0. 0. 0. 0. 0. 655. 0. 15.
34.429 2 ATTITUDE 0.006801 3.090519 0.01369
34.507 2 IMU_ACCEL -9.699219 0.051758 0.171875
34.508 2 ATTITUDE 0.006775 3.090448 0.014067
34.557 2 GPS 0 0 0 0 0 0 0 0 0 0 1
34.614 2 WP_MOVED 7 349065. 5946015. 660. 12
34.621 2 DESIRED 0. 0. 0. 0. 0. 655. 0. 15.
34.624 2 ATTITUDE 0.00676 3.090463 0.013974
34.704 2 ESTIMATOR 0. 0.
34.707 2 ATTITUDE 0.00665 3.090531 0.014343
34.819 2 GPS 0 0 0 0 0 0 0 0 0 0 1
34.826 2 DESIRED 0. 0. 0. 0. 0. 655. 0. 15.
34.829 2 ATTITUDE 0.006621 3.090481 0.014161
34.846 2 DOWNLINK_STATUS 0 35 25981 1151 0 730. 32. 37.72
34.908 2 NAVIGATION 0 1 0. 0. 0. 0. 0 0
34.912 2 ATTITUDE 0.006582 3.090623 0.014142
35.015 2 PPRZ_MODE 1 0 0 0 0 6
35.018 2 IMU_GYRO -0.029785 0.030762 -0.048828
35.025 2 DESIRED 0. 0. 0. 0. 0. 655. 0. 15.
35.028 2 ATTITUDE 0.006522 3.090479 0.01463
35.057 2 GPS 0 0 0 0 0 0 0 0 0 0 1
35.106 2 WP_MOVED 0 348907. 5945757. 660. 12
35.109 2 ATTITUDE 0.006549 3.090453 0.013755
35.217 2 BAT 40 30 0 0 1 39 0 0
35.219 2 ESTIMATOR 0. 0.
35.227 2 DESIRED 0. 0. 0. 0. 0. 655. 0. 15.
35.229 2 ATTITUDE 0.006536 3.090513 0.014149
35.284 2 ACTUATORS |1004,1003,1536,1307,1711,1500|
35.312 2 IMU_ACCEL -9.713867 0.047852 0.166992
35.317 2 GPS 0 0 0 0 0 0 0 0 0 0 1
35.321 2 ATTITUDE 0.006573 3.090351 0.013705
35.376 2 PONG 
35.395 2 COMMANDS |40,-39,-166,0,14,-9548|
35.417 2 DESIRED 0. 0. 0. 0. 0. 655. 0. 15.
35.420 2 ATTITUDE 0.006537 3.090446 0.014444
35.483 2 FBW_STATUS 2 0 1 33 2
35.502 2 DL_VALUE 26 0.298451
35.509 2 ATTITUDE 0.006625 3.090354 0.013533
35.557 2 GPS 0 0 0 0 0 0 0 0 0 0 1
35.621 2 STATE_FILTER_STATUS 3 0
35.625 2 IMU_MAG 0. 0. 0.
35.628 2 IMU_GYRO -0.028564 0.008301 -0.051025
35.631 2 WP_MOVED 1 348865. 5945715. 660. 12
35.638 2 DESIRED 0. 0. 0. 0. 0. 655. 0. 15.
35.641 2 ATTITUDE 0.0066 3.090376 0.013853
35.703 2 ESTIMATOR 0. 0.
35.707 2 ATTITUDE 0.006605 3.090408 0.013834
35.819 2 GPS 0 0 0 0 0 0 0 0 0 0 1
35.825 2 DESIRED 0. 0. 0. 0. 0. 655. 0. 15.
35.829 2 ATTITUDE 0.006539 3.090317 0.013671
35.846 2 DOWNLINK_STATUS 0 36 26761 1187 0 780. 36. 37.69
35.908 2 NAVIGATION 0 1 0. 0. 0. 0. 0 0
35.911 2 ATTITUDE 0.006463 3.090414 0.014162
36.013 2 DESIRED 0. 0. 0. 0. 0. 655. 0. 15.
36.016 2 ATTITUDE 0.006548 3.090247 0.01351
36.057 2 GPS 0 0 0 0 0 0 0 0 0 0 1
36.111 2 CALIBRATION 0. 0
36.114 2 IMU_ACCEL -9.680664 0.085938 0.162109
36.117 2 WP_MOVED 2 348895. 5945815. 660. 12
36.120 2 ATTITUDE 0.006502 3.090267 0.014102
36.217 2 DOWNLINK 1 738 1348
36.221 2 IMU_GYRO -0.033936 0.026367 -0.048828
36.223 2 ESTIMATOR 0. 0.
36.230 2 DESIRED 0. 0. 0. 0. 0. 655. 0. 15.
36.233 2 ATTITUDE 0.006494 3.090279 0.013508
36.233 2 WIND_INFO 2 42 0. 0. 0.
36.319 2 ALIVE |79,169,67,217,181,217,114,149,127,205,84,209,140,143,63,59|
36.322 2 BAT 40 29 0 0 1 41 0 0
36.328 2 GPS 0 0 0 0 0 0 0 0 0 0 1
36.331 2 ATTITUDE 0.006523 3.09017 0.013607
36.413 2 GPS_SOL 0 0 0 0
36.420 2 DESIRED 0. 0. 0. 0. 0. 655. 0. 15.
36.422 2 ATTITUDE 0.006488 3.09026 0.013666
36.502 2 ATTITUDE 0.006492 3.090124 0.01351
36.556 2 GPS 0 0 0 0 0 0 0 0 0 0 1
36.613 2 WP_MOVED 3 348965.09375 5945786. 660. 12
36.620 2 DESIRED 0. 0. 0. 0. 0. 655. 0. 15.
36.623 2 ATTITUDE 0.006485 3.090125 0.013666
36.708 2 ENERGY 2.9 0.002 0 0.0058
36.711 2 ESTIMATOR 0. 0.
36.714 2 ATTITUDE 0.00648 3.090198 0.013637
36.820 2 IMU_GYRO -0.029785 0.02002 -0.049805
36.825 2 GPS 0 0 0 0 0 0 0 0 0 0 1
36.832 2 DESIRED 0. 0. 0. 0. 0. 655. 0. 15.
36.835 2 ATTITUDE 0.006558 3.090122 0.013172
36.847 2 DOWNLINK_STATUS 0 37 27514 1220 0 753. 33. 37.69
36.914 2 IMU_MAG 0. 0. 0.
36.919 2 NAVIGATION 0 1 0. 0. 0. 0. 0 0
36.922 2 IMU_ACCEL -9.68457 0.066406 0.224609
36.925 2 ATTITUDE 0.006616 3.090106 0.013723
37.010 2 DL_VALUE 27 1.
37.017 2 DESIRED 0. 0. 0. 0. 0. 655. 0. 15.
37.020 2 ATTITUDE 0.006734 3.09003 0.013436
37.057 2 GPS 0 0 0 0 0 0 0 0 0 0 1
37.106 2 WP_MOVED 4 348764.6875 5945795. 660. 12
37.109 2 ATTITUDE 0.006675 3.090101 0.013783
37.212 2 ESTIMATOR 0. 0.
37.218 2 DESIRED 0. 0. 0. 0. 0. 655. 0. 15.
37.221 2 ATTITUDE 0.006664 3.089992 0.013864
37.311 2 GPS 0 0 0 0 0 0 0 0 0 0 1
37.315 2 ATTITUDE 0.006691 3.090079 0.013539
37.417 2 BAT 40 29 0 0 1 42 0 0
37.421 2 IMU_GYRO -0.031738 0.009521 -0.051025
37.428 2 DESIRED 0. 0. 0. 0. 0. 655. 0. 15.
37.430 2 ATTITUDE 0.006678 3.089971 0.013812
37.482 2 FBW_STATUS 2 0 1 29 2
37.500 2 ATTITUDE 0.006619 3.090125 0.013727
37.557 2 GPS 0 0 0 0 0 0 0 0 0 0 1
37.614 2 WP_MOVED 5 348740. 5945760. 660. 12
37.621 2 DESIRED 0. 0. 0. 0. 0. 655. 0. 15.
37.624 2 ATTITUDE 0.006574 3.090096 0.014237
37.708 2 IMU_ACCEL -9.708984 0.02832 0.176758
37.711 2 ESTIMATOR 0. 0.
37.714 2 ATTITUDE 0.006741 3.089931 0.013993
37.817 2 STATE_FILTER_STATUS 3 0
37.823 2 GPS 0 0 0 0 0 0 0 0 0 0 1
37.829 2 DESIRED 0. 0. 0. 0. 0. 655. 0. 15.
37.833 2 ATTITUDE 0.006663 3.089953 0.014306
37.847 2 DOWNLINK_STATUS 0 38 28238 1252 0 724. 32. 37.69
37.908 2 NAVIGATION 0 1 0. 0. 0. 0. 0 0
37.911 2 ATTITUDE 0.006626 3.089966 0.013852
38.013 2 IMU_GYRO -0.028564 0.018066 -0.051025
38.020 2 DESIRED 0. 0. 0. 0. 0. 655. 0. 15.
38.022 2 ATTITUDE 0.006703 3.089968 0.014067
38.057 2 GPS 0 0 0 0 0 0 0 0 0 0 1
38.106 2 WP_MOVED 6 348665. 5945815. 660. 12
38.109 2 ATTITUDE 0.006689 3.090002 0.014298
38.217 2 CALIBRATION 0. 0
38.220 2 IMU_MAG 0. 0. 0.
38.223 2 ESTIMATOR 0. 0.
38.229 2 DESIRED 0. 0. 0. 0. 0. 655. 0. 15.
38.232 2 ATTITUDE 0.006897 3.089838 0.013479
38.311 2 GPS 0 0 0 0 0 0 0 0 0 0 1
38.314 2 ATTITUDE 0.006795 3.089766 0.01375
38.413 2 GPS_SOL 0 0 0 0
38.419 2 DESIRED 0. 0. 0. 0. 0. 655. 0. 15.
38.422 2 ATTITUDE 0.006831 3.089741 0.012984
38.511 2 DL_VALUE 28 0.
38.514 2 BAT 40 29 0 0 1 43 0 0
38.517 2 IMU_ACCEL -9.689453 0.066406 0.176758
38.520 2 ATTITUDE 0.006712 3.090152 0.013677
38.557 2 GPS 0 0 0 0 0 0 0 0 0 0 1
38.618 2 IMU_GYRO -0.027588 0.019043 -0.051025
38.621 2 WP_MOVED 7 349065. 5946015. 660. 12
38.628 2 DESIRED 0. 0. 0. 0. 0. 655. 0. 15.
38.631 2 ATTITUDE 0.006794 3.08967 0.013472
38.704 2 ESTIMATOR 0. 0.
38.707 2 ATTITUDE 0.006679 3.089921 0.013843
38.819 2 GPS 0 0 0 0 0 0 0 0 0 0 1
38.826 2 DESIRED 0. 0. 0. 0. 0. 655. 0. 15.
38.829 2 ATTITUDE 0.006718 3.089727 0.013511
38.847 2 DOWNLINK_STATUS 0 39 28966 1284 0 728. 32. 37.69
38.908 2 NAVIGATION 0 1 0. 0. 0. 0. 0 0
38.910 2 ATTITUDE 0.006712 3.08978 0.013477
39.013 2 DESIRED 0. 0. 0. 0. 0. 655. 0. 15.
39.015 2 ATTITUDE 0.006692 3.089943 0.013528
39.056 2 GPS 0 0 0 0 0 0 0 0 0 0 1
39.110 2 ENERGY 2.9 0.002 0 0.0058
39.114 2 WP_MOVED 0 348907. 5945757. 660. 12
39.117 2 ATTITUDE 0.006698 3.089818 0.013696
