10.840 9 PPRZ_MODE 2 0 0 0 0 6
10.846 9 GPS 0 0 0 0 0 0 0 0 0 0 1
10.852 9 DESIRED 0. 0. 0. 0. 0. 655. 0. 15.
10.855 9 ATTITUDE 0. 0. 0.
10.933 9 ENERGY 0. 0. 0 0.
10.938 9 NAVIGATION 0 1 0. 0. 0. 0. 0 0
10.941 9 ATTITUDE 0. 0. 0.
11.011 9 DOWNLINK_STATUS 0 11 4840 217 0 513. 25. 99.89
11.037 9 STATE_FILTER_STATUS 5 0
11.039 9 IMU_GYRO 0. 0. 0.
11.045 9 DESIRED 0. 0. 0. 0. 0. 655. 0. 15.
11.049 9 ATTITUDE 0. 0. 0.
11.079 9 GPS 0 0 0 0 0 0 0 0 0 0 1
11.131 9 IMU_ACCEL 0. 0. 0.
11.135 9 WP_MOVED 2 348895. 5945815. 660. 12
11.138 9 ATTITUDE 0. 0. 0.
11.236 9 CALIBRATION 0. 0
11.238 9 ESTIMATOR 0. 0.
11.245 9 DESIRED 0. 0. 0. 0. 0. 655. 0. 15.
11.248 9 ATTITUDE 0. 0. 0.
11.333 9 GPS 0 0 0 0 0 0 0 0 0 0 1
11.336 9 ATTITUDE 0. 0. 0.
11.435 9 GPS_SOL 0 0 0 0
11.442 9 DESIRED 0. 0. 0. 0. 0. 655. 0. 15.
11.445 9 ATTITUDE 0. 0. 0.
11.525 9 DL_VALUE 0 0.
11.528 9 ATTITUDE 0. 0. 0.
11.579 9 GPS 0 0 0 0 0 0 0 0 0 0 1
11.644 9 IMU_MAG 0. 0. 0.
11.647 9 IMU_GYRO 0. 0. 0.
11.650 9 WP_MOVED 3 348965.09375 5945786. 660. 12
11.657 9 DESIRED 0. 0. 0. 0. 0. 655. 0. 15.
11.660 9 ATTITUDE 0. 0. 0.
11.732 9 BAT 0 0 0 0 0 1 0 0
11.734 9 ESTIMATOR 0. 0.
11.737 9 ATTITUDE 0. 0. 0.
11.840 9 GPS 0 0 0 0 0 0 0 0 0 0 1
11.848 9 DESIRED 0. 0. 0. 0. 0. 655. 0. 15.
11.851 9 ATTITUDE 0. 0. 0.
11.935 9 NAVIGATION 0 1 0. 0. 0. 0. 0 0
11.938 9 IMU_ACCEL 0.138672 -0.109375 -10.388672
11.941 9 ATTITUDE 0. 0. 0.
12.012 9 DOWNLINK_STATUS 0 12 5595 251 0 755. 34. 99.89
12.035 9 DESIRED 0. 0. 0. 0. 0. 655. 0. 15.
12.038 9 ATTITUDE 0. 0. 0.
12.079 9 GPS 0 0 0 0 0 0 0 0 0 0 1
12.128 9 WP_MOVED 4 348764.6875 5945795. 660. 12
12.132 9 ATTITUDE 0. 0. 0.
12.239 9 IMU_GYRO 0.014893 0.011475 -0.026367
12.241 9 ESTIMATOR 0. 0.
12.248 9 DESIRED 0. 0. 0. 0. 0. 655. 0. 15.
12.251 9 ATTITUDE 0. 0. 0.
12.333 9 GPS 0 0 0 0 0 0 0 0 0 0 1
12.336 9 ATTITUDE 0. 0. 0.
12.436 9 DESIRED 0. 0. 0. 0. 0. 655. 0. 15.
12.439 9 ATTITUDE 0. 0. 0.
12.505 9 FBW_STATUS 2 0 1 0 0
12.523 9 ATTITUDE 0. 0. 0.
12.579 9 GPS 0 0 0 0 0 0 0 0 0 0 1
12.637 9 WP_MOVED 5 348740. 5945760. 660. 12
12.643 9 DESIRED 0. 0. 0. 0. 0. 655. 0. 15.
12.646 9 ATTITUDE 0. 0. 0.
12.730 9 IMU_ACCEL 0.095703 -0.081055 -10.393555
12.732 9 ESTIMATOR 0. 0.
12.735 9 ATTITUDE 0. 0. 0.
12.847 9 BAT 0 0 0 0 0 2 0 0
12.850 9 IMU_GYRO 0.013672 0.011475 -0.027588
12.856 9 GPS 0 0 0 0 0 0 0 0 0 0 1
12.863 9 DESIRED 0. 0. 0. 0. 0. 655. 0. 15.
12.866 9 ATTITUDE 0. 0. 0.
12.933 9 IMU_MAG 0. 0. 0.
12.938 9 NAVIGATION 0 1 0. 0. 0. 0. 0 0
12.940 9 ATTITUDE 0. 0. 0.
13.013 9 DOWNLINK_STATUS 0 13 6299 281 0 704. 30. 99.89
13.032 9 DL_VALUE 1 0.
13.040 9 DESIRED 0. 0. 0. 0. 0. 655. 0. 15.
13.042 9 ATTITUDE 0. 0. 0.
13.079 9 GPS 0 0 0 0 0 0 0 0 0 0 1
13.128 9 WP_MOVED 6 348665. 5945815. 660. 12
13.131 9 ATTITUDE 0. 0. 0.
13.235 9 STATE_FILTER_STATUS 2 0
13.237 9 ESTIMATOR 0. 0.
13.244 9 DESIRED 0. 0. 0. 0. 0. 655. 0. 15.
13.247 9 ATTITUDE 0. 0. 0.
13.337 9 ENERGY 0. 0. 0 0.
13.339 9 CALIBRATION 0. 0
13.345 9 GPS 0 0 0 0 0 0 0 0 0 0 1
13.348 9 ATTITUDE 0. 0. 0.
13.439 9 GPS_SOL 0 0 0 0
13.442 9 IMU_GYRO 0.014893 0.010498 -0.027588
13.449 9 DESIRED 0. 0. 0. 0. 0. 655. 0. 15.
13.452 9 ATTITUDE 0. 0. 0.
13.527 9 IMU_ACCEL 0.124023 -0.085938 -10.417969
13.531 9 ATTITUDE 0. 0. 0.
13.579 9 GPS 0 0 0 0 0 0 0 0 0 0 1
13.636 9 WP_MOVED 7 349065. 5946015. 660. 12
13.643 9 DESIRED 0. 0. 0. 0. 0. 655. 0. 15.
13.646 9 ATTITUDE 0. 0. 0.
13.726 9 ESTIMATOR 0. 0.
13.729 9 ATTITUDE 0. 0. 0.
13.842 9 GPS 0 0 0 0 0 0 0 0 0 0 1
13.848 9 DESIRED 0. 0. 0. 0. 0. 655. 0. 15.
13.850 9 ATTITUDE 0. 0. 0.
13.934 9 BAT 0 0 0 0 0 3 0 0
13.939 9 NAVIGATION 0 1 0. 0. 0. 0. 0 0
13.942 9 ATTITUDE 0. 0. 0.
14.013 9 DOWNLINK_STATUS 0 14 7020 313 0 721. 32. 99.89
14.036 9 IMU_GYRO 0.013672 0.011475 -0.026367
14.042 9 DESIRED 0. 0. 0. 0. 0. 655. 0. 15.
14.046 9 ATTITUDE 0. 0. 0.
14.079 9 GPS 0 0 0 0 0 0 0 0 0 0 1
14.129 9 WP_MOVED 0 348907. 5945757. 660. 12
14.132 9 ATTITUDE 0. 0. 0.
14.239 9 IMU_MAG 0. 0. 0.
14.240 9 ESTIMATOR 0. 0.
14.248 9 DESIRED 0. 0. 0. 0. 0. 655. 0. 15.
14.250 9 ATTITUDE 0. 0. 0.
14.334 9 IMU_ACCEL 0.095703 -0.109375 -10.398438
14.340 9 GPS 0 0 0 0 0 0 0 0 0 0 1
14.343 9 ATTITUDE 0. 0. 0.
14.435 9 DESIRED 0. 0. 0. 0. 0. 655. 0. 15.
14.438 9 ATTITUDE 0. 0. 0.
14.505 9 FBW_STATUS 2 0 1 0 0
14.524 9 DL_VALUE 2 655.
14.527 9 ATTITUDE 0. 0. 0.
14.579 9 GPS 0 0 0 0 0 0 0 0 0 0 1
14.639 9 IMU_GYRO 0.013672 0.010498 -0.027588
14.643 9 WP_MOVED 1 348865. 5945715. 660. 12
14.649 9 DESIRED 0. 0. 0. 0. 0. 655. 0. 15.
14.652 9 ATTITUDE 0. 0. 0.
14.725 9 ESTIMATOR 0. 0.
14.729 9 ATTITUDE 0. 0. 0.
14.841 9 GPS 0 0 0 0 0 0 0 0 0 0 1
14.847 9 DESIRED 0. 0. 0. 0. 0. 655. 0. 15.
14.851 9 ATTITUDE 0. 0. 0.
14.930 9 NAVIGATION 0 1 0. 0. 0. 0. 0 0
14.933 9 ATTITUDE 0. 0. 0.
15.014 9 DOWNLINK_STATUS 0 15 7714 343 0 694. 30. 99.89
15.036 9 BAT 0 0 0 0 0 4 0 0
15.043 9 DESIRED 0. 0. 0. 0. 0. 655. 0. 15.
15.046 9 ATTITUDE 0. 0. 0.
15.079 9 GPS 0 0 0 0 0 0 0 0 0 0 1
15.131 9 IMU_ACCEL 0.104492 -0.047852 -10.384766
15.135 9 WP_MOVED 2 348895. 5945815. 660. 12
15.138 9 ATTITUDE 0. 0. 0.
15.238 9 IMU_GYRO 0.014893 0.010498 -0.026367
15.241 9 ESTIMATOR 0. 0.
15.247 9 DESIRED 0. 0. 0. 0. 0. 655. 0. 15.
15.250 9 ATTITUDE 0. 0. 0.
15.307 9 ACTUATORS |1000,1500,1500,1250,1750,1500|
15.333 9 GPS 0 0 0 0 0 0 0 0 0 0 1
15.336 9 ATTITUDE 0. 0. 0.
15.407 9 COMMANDS |0,0,0,0,0,0|
15.438 9 STATE_FILTER_STATUS 2 0
15.440 9 CALIBRATION 0. 0
15.443 9 GPS_SOL 0 0 0 0
15.449 9 DESIRED 0. 0. 0. 0. 0. 655. 0. 15.
15.452 9 ATTITUDE 0. 0. 0.
15.547 9 DOWNLINK 0 741 172
15.550 9 IMU_MAG 0. 0. 0.
15.553 9 ATTITUDE 0. 0. 0.
15.617 9 PONG 
15.639 9 GPS 0 0 0 0 0 0 0 0 0 0 1
15.657 9 ALIVE |176,140,111,246,167,31,238,25,173,152,163,59,73,106,208,19|
15.660 9 WP_MOVED 3 348965.09375 5945786. 660. 12
15.667 9 DESIRED 0. 0. 0. 0. 0. 655. 0. 15.
15.670 9 ATTITUDE 0. 0. 0.
15.732 9 PPRZ_MODE 2 0 0 0 0 6
15.736 9 ENERGY 0. 0. 0 0.
15.738 9 ESTIMATOR 0. 0.
15.741 9 ATTITUDE 0. 0. 0.
15.843 9 IMU_GYRO 0.014893 0.011475 -0.027588
15.847 9 GPS 0 0 0 0 0 0 0 0 0 0 1
15.854 9 DESIRED 0. 0. 0. 0. 0. 655. 0. 15.
15.857 9 ATTITUDE 0. 0. 0.
15.934 9 NAVIGATION 0 1 0. 0. 0. 0. 0 0
15.938 9 IMU_ACCEL 0.109375 -0.095703 -10.360352
15.941 9 ATTITUDE 0. 0. 0.
16.014 9 DOWNLINK_STATUS 0 16 8568 383 0 854. 40. 111.69
16.033 9 DL_VALUE 3 0.
16.039 9 DESIRED 0. 0. 0. 0. 0. 655. 0. 15.
16.043 9 ATTITUDE 0. 0. 0.
16.080 9 GPS 0 0 0 0 0 0 0 0 0 0 1
16.133 9 BAT 0 0 0 0 1 5 0 0
16.137 9 WP_MOVED 4 348764.6875 5945795. 660. 12
16.140 9 ATTITUDE 0. 0. 0.
16.233 9 ESTIMATOR 0. 0.
16.241 9 DESIRED 0. 0. 0. 0. 0. 655. 0. 15.
16.243 9 ATTITUDE 0. 0. 0.
16.333 9 GPS 0 0 0 0 0 0 0 0 0 0 1
16.337 9 ATTITUDE 0. 0. 0.
16.435 9 IMU_GYRO 0.013672 0.010498 -0.027588
16.441 9 DESIRED 0. 0. 0. 0. 0. 655. 0. 15.
16.445 9 ATTITUDE 0. 0. 0.
16.505 9 FBW_STATUS 2 0 1 0 0
16.523 9 ATTITUDE 0. 0. 0.
16.579 9 GPS 0 0 0 0 0 0 0 0 0 0 1
16.637 9 WP_MOVED 5 348740. 5945760. 660. 12
16.642 9 DESIRED 0. 0. 0. 0. 0. 655. 0. 15.
16.646 9 ATTITUDE 0. 0. 0.
16.730 9 IMU_ACCEL 0.109375 -0.081055 -10.365234
16.732 9 ESTIMATOR 0. 0.
16.735 9 ATTITUDE 0. 0. 0.
16.842 9 IMU_MAG 0. 0. 0.
16.848 9 GPS 0 0 0 0 0 0 0 0 0 0 1
16.855 9 DESIRED 0. 0. 0. 0. 0. 655. 0. 15.
16.857 9 ATTITUDE 0. 0. 0.
16.930 9 NAVIGATION 0 1 0. 0. 0. 0. 0 0
16.933 9 ATTITUDE 0. 0. 0.
17.015 9 DOWNLINK_STATUS 0 17 9265 413 0 697. 30. 111.69
17.035 9 IMU_GYRO 0.013672 0.010498 -0.026367
17.042 9 DESIRED 0. 0. 0. 0. 0. 655. 0. 15.
17.045 9 ATTITUDE 0. 0. 0.
17.079 9 GPS 0 0 0 0 0 0 0 0 0 0 1
17.128 9 WP_MOVED 6 348665. 5945815. 660. 12
17.131 9 ATTITUDE 0. 0. 0.
17.239 9 BAT 0 0 0 0 1 6 0 0
17.242 9 ESTIMATOR 0. 0.
17.248 9 DESIRED 0. 0. 0. 0. 0. 655. 0. 15.
17.252 9 ATTITUDE 0. 0. 0.
17.333 9 GPS 0 0 0 0 0 0 0 0 0 0 1
17.336 9 ATTITUDE 0. 0. 0.
17.435 9 GPS_SOL 0 0 0 0
17.441 9 DESIRED 0. 0. 0. 0. 0. 655. 0. 15.
17.445 9 ATTITUDE 0. 0. 0.
17.531 9 CALIBRATION 0. 0
17.533 9 DL_VALUE 4 0.
17.537 9 IMU_ACCEL 0.124023 -0.09082 -10.393555
17.539 9 ATTITUDE 0. 0. 0.
17.579 9 GPS 0 0 0 0 0 0 0 0 0 0 1
17.640 9 STATE_FILTER_STATUS 2 0
17.643 9 IMU_GYRO 0.012695 0.010498 -0.027588
17.647 9 WP_MOVED 7 349065. 5946015. 660. 12
17.653 9 DESIRED 0. 0. 0. 0. 0. 655. 0. 15.
17.656 9 ATTITUDE 0. 0. 0.
17.726 9 ESTIMATOR 0. 0.
17.729 9 ATTITUDE 0. 0. 0.
17.841 9 GPS 0 0 0 0 0 0 0 0 0 0 1
17.848 9 DESIRED 0. 0.29 0. 0. 0. 655. 0. 15.
17.851 9 ATTITUDE 1.578328 4.3e-05 0.011485
17.930 9 NAVIGATION 0 1 0. 0. 0. 0. 0 0
17.934 9 ATTITUDE 1.578326 5.1e-05 0.011475
18.015 9 DOWNLINK_STATUS 0 18 9984 445 0 719. 32. 111.69
18.035 9 DESIRED 0. 0.29 0. 0. 0. 655. 0. 15.
18.038 9 ATTITUDE 1.578291 2.3e-05 0.011467
18.079 9 GPS 0 0 0 0 0 0 0 0 0 0 1
18.136 9 ENERGY 0.1 0. 0 0.
18.139 9 IMU_MAG 0. 0. 0.
18.143 9 WP_MOVED 0 348907. 5945757. 660. 12
18.146 9 ATTITUDE 1.57829 -6e-06 0.01147
18.239 9 IMU_GYRO 0.012695 0.010498 -0.026367
18.241 9 ESTIMATOR 0. 0.
18.248 9 DESIRED 0. 0.29 0. 0. 0. 655. 0. 15.
18.251 9 ATTITUDE 1.578264 -5.4e-05 0.011479
18.555 9 BAT 0 0 0 0 1 8 0 0
18.557 9 IMU_ACCEL 0.104492 -0.09082 -10.393555
18.563 9 GPS 0 0 0 0 0 0 0 0 0 0 1
18.566 9 ATTITUDE 1.578223 -6.2e-05 0.011508
18.576 9 DESIRED 0. 0.29 0. 0. 0. 655. 0. 15.
18.578 9 ATTITUDE 1.578243 -7e-05 0.011522
18.588 9 FBW_STATUS 2 0 1 0 0
18.606 9 ATTITUDE 1.578221 -5.8e-05 0.011525
18.625 9 GPS 0 0 0 0 0 0 0 0 0 0 1
18.642 9 WP_MOVED 1 348865. 5945715. 660. 12
18.649 9 DESIRED 0. 0.29 0. 0. 0. 655. 0. 15.
18.651 9 ATTITUDE 1.578184 -2.5e-05 0.011534
18.725 9 ESTIMATOR 0. 0.
18.728 9 ATTITUDE 1.578154 -3.4e-05 0.011531
18.857 9 IMU_GYRO 0.013672 0.010498 -0.026367
18.863 9 GPS 0 0 0 0 0 0 0 0 0 0 1
18.870 9 DESIRED 0. 0.29 0. 0. 0. 655. 0. 15.
18.873 9 ATTITUDE 1.578184 -6.2e-05 0.011561
18.930 9 NAVIGATION 0 1 0. 0. 0. 0. 0 0
18.933 9 ATTITUDE 1.578201 -7e-05 0.011586
19.016 9 DOWNLINK_STATUS 0 19 10708 476 0 724. 31. 111.69
19.032 9 DL_VALUE 5 0.
19.039 9 DESIRED 0. 0.29 0. 0. 0. 655. 0. 15.
19.042 9 ATTITUDE 1.578201 -7.8e-05 0.011626
19.079 9 GPS 0 0 0 0 0 0 0 0 0 0 1
19.131 9 IMU_ACCEL 0.119141 -0.061523 -10.384766
19.135 9 WP_MOVED 2 348895. 5945815. 660. 12
19.139 9 ATTITUDE 1.578239 -0.000106 0.011634
19.396 9 ESTIMATOR 0. 0.
19.403 9 DESIRED 0. 0.29 0. 0. 0. 655. 0. 15.
19.406 9 ATTITUDE 1.578205 -0.000171 0.011655
19.416 9 NAVIGATION_REF 348865 5945715 12 605.
19.422 9 GPS 0 0 0 0 0 0 0 0 0 0 1
19.425 9 ATTITUDE 1.578188 -0.000199 0.011664
19.651 9 GPS_SOL 0 0 0 0
19.654 9 IMU_MAG 0. 0. 0.
19.658 9 BAT 0 0 0 0 1 9 0 0
19.661 9 IMU_GYRO 0.013672 0.010498 -0.027588
19.667 9 DESIRED 0. 0.29 0. 0. 0. 655. 0. 15.
19.783 9 ATTITUDE 1.578161 -0.000292 0.011757
19.868 9 GPS 0 0 0 0 0 0 0 0 0 0 1
19.883 9 CALIBRATION 0. 0
19.887 9 WP_MOVED 3 348965.09375 5945786. 660. 12
19.893 9 DESIRED 0. 0.29 0. 0. 0. 655. 0. 15.
19.896 9 ATTITUDE 1.578185 -0.0003 0.01181
19.901 9 ESTIMATOR 0. 0.
19.904 9 ATTITUDE 1.578166 -0.000307 0.011866
19.920 9 STATE_FILTER_STATUS 3 0
19.926 9 GPS 0 0 0 0 0 0 0 0 0 0 1
19.932 9 DESIRED 0. 0.29 0. 0. 0. 655. 0. 15.
19.935 9 ATTITUDE 1.578115 -0.000275 0.011887
19.958 9 NAVIGATION 0 1 0. 0. 0. 0. 0 0
19.961 9 IMU_ACCEL 0.138672 -0.066406 -10.398438
19.964 9 ATTITUDE 1.57817 -0.000262 0.011968
20.017 9 DOWNLINK_STATUS 0 20 11446 509 0 738. 33. 111.69
20.035 9 IMU_GYRO 0.013672 0.010498 -0.026367
20.042 9 DESIRED 0. 0.29 0. 0. 0. 655. 0. 15.
20.045 9 ATTITUDE 1.57815 -0.000209 0.011979
20.079 9 GPS 0 0 0 0 0 0 0 0 0 0 1
20.128 9 WP_MOVED 4 348764.6875 5945795. 660. 12
20.131 9 ATTITUDE 1.578127 -0.000236 0.012025
20.234 9 ESTIMATOR 0. 0.
20.241 9 DESIRED 0. 0.29 0. 0. 0. 655. 0. 15.
20.244 9 ATTITUDE 1.578075 -0.000285 0.012061
20.307 9 ACTUATORS |1000,1500,1768,1000,1250,1500|
20.333 9 GPS 0 0 0 0 0 0 0 0 0 0 1
20.336 9 ATTITUDE 1.578066 -0.000272 0.012089
20.407 9 COMMANDS |0,-9600,5155,0,0,0|
20.435 9 DESIRED 0. 0.29 0. 0. 0. 655. 0. 15.
20.438 9 ATTITUDE 1.578058 -0.000301 0.012115
20.505 9 FBW_STATUS 2 0 1 0 0
20.548 9 ENERGY 0. 0. 0 0.
20.548 9 DL_VALUE 6 100.
20.551 9 BAT 0 0 0 0 1 10 0 0
20.554 9 ATTITUDE 1.578043 -0.000329 0.012153
20.560 9 PONG 
20.582 9 GPS 0 0 0 0 0 0 0 0 0 0 1
20.643 9 DOWNLINK 1 741 340
20.645 9 PPRZ_MODE 2 0 0 0 0 6
20.651 9 IMU_GYRO 0.013672 0.010498 -0.026367
20.651 9 WP_MOVED 5 348740. 5945760. 660. 12
20.659 9 DESIRED 0. 0.29 0. 0. 0. 655. 0. 15.
20.661 9 ATTITUDE 1.578 -0.000369 0.012196
20.739 9 ALIVE |176,140,111,246,167,31,238,25,173,152,163,59,73,106,208,19|
20.742 9 IMU_MAG 0. 0. 0.
20.746 9 IMU_ACCEL 0.143555 -0.051758 -10.350586
20.748 9 ESTIMATOR 0. 0.
20.751 9 ATTITUDE 1.577977 -0.000377 0.012221
20.841 9 GPS 0 0 0 0 0 0 0 0 0 0 1
20.848 9 DESIRED 0. 0.29 0. 0. 0. 655. 0. 15.
20.850 9 ATTITUDE 1.577961 -0.000385 0.012273
20.931 9 NAVIGATION 0 1 0. 0. 0. 0. 0 0
20.933 9 ATTITUDE 1.57795 -0.000433 0.012332
21.017 9 DOWNLINK_STATUS 0 21 12271 547 0 825. 38. 54.1
21.035 9 DESIRED 0. 0.29 0. 0. 0. 655. 0. 15.
21.038 9 ATTITUDE 1.577956 -0.000477 0.012345
21.079 9 GPS 0 0 0 0 0 0 0 0 0 0 1
21.128 9 WP_MOVED 6 348665. 5945815. 660. 12
21.131 9 ATTITUDE 1.57794 -0.000505 0.012398
21.205 9 WIND_INFO 9 42 0. 0. 0.
21.249 9 IMU_GYRO 0.012695 0.010498 -0.027588
21.252 9 ESTIMATOR 0. 0.
21.258 9 DESIRED 0. 0.29 0. 0. 0. 655. 0. 15.
21.261 9 ATTITUDE 1.577964 -0.000493 0.012431
21.333 9 GPS 0 0 0 0 0 0 0 0 0 0 1
21.336 9 ATTITUDE 1.577965 -0.00048 0.012415
21.435 9 GPS_SOL 0 0 0 0
21.441 9 DESIRED 0. 0.29 0. 0. 0. 655. 0. 15.
21.444 9 ATTITUDE 1.577977 -0.000508 0.012469
21.527 9 IMU_ACCEL 0.138672 -0.09082 -10.355469
21.530 9 ATTITUDE 1.577972 -0.000557 0.012485
21.579 9 GPS 0 0 0 0 0 0 0 0 0 0 1
21.640 9 BAT 0 0 0 0 1 11 0 0
21.644 9 WP_MOVED 7 349065. 5946015. 660. 12
21.651 9 DESIRED 0. 0.29 0. 0. 0. 655. 0. 15.
21.654 9 ATTITUDE 1.577981 -0.000605 0.012494
21.727 9 CALIBRATION 0. 0
21.730 9 ESTIMATOR 0. 0.
21.733 9 ATTITUDE 1.57796 -0.00067 0.012504
21.842 9 IMU_GYRO 0.013672 0.012695 -0.027588
21.848 9 GPS 0 0 0 0 0 0 0 0 0 0 1
21.855 9 DESIRED 0. 0.29 0. 0. 0. 655. 0. 15.
21.858 9 ATTITUDE 1.577984 -0.000678 0.012532
21.930 9 NAVIGATION 0 1 0. 0. 0. 0. 0 0
21.933 9 ATTITUDE 1.577982 -0.000726 0.01258
22.017 9 DOWNLINK_STATUS 0 22 12970 577 0 699. 30. 54.1
22.038 9 STATE_FILTER_STATUS 3 0
22.040 9 DL_VALUE 7 2.
22.043 9 IMU_MAG 0. 0. 0.
22.050 9 DESIRED 0. 0.29 0. 0. 0. 655. 0. 15.
22.053 9 ATTITUDE 1.578022 -0.000734 0.012621
22.079 9 GPS 0 0 0 0 0 0 0 0 0 0 1
22.128 9 WP_MOVED 0 348907. 5945757. 660. 12
22.131 9 ATTITUDE 1.577999 -0.000783 0.012613
22.234 9 ESTIMATOR 0. 0.
22.240 9 DESIRED 0. 0.29 0. 0. 0. 655. 0. 15.
22.244 9 ATTITUDE 1.577973 -0.00077 0.012709
22.334 9 IMU_ACCEL 0.143555 -0.051758 -10.375
22.340 9 GPS 0 0 0 0 0 0 0 0 0 0 1
22.342 9 ATTITUDE 1.57795 -0.000814 0.012734
22.436 9 IMU_GYRO 0.014893 0.011475 -0.026367
22.442 9 DESIRED 0. 0.29 0. 0. 0. 655. 0. 15.
22.444 9 ATTITUDE 1.577916 -0.000781 0.012769
22.506 9 FBW_STATUS 2 0 1 1 0
22.524 9 ATTITUDE 1.577934 -0.000768 0.012817
22.579 9 GPS 0 0 0 0 0 0 0 0 0 0 1
22.636 9 WP_MOVED 1 348865. 5945715. 660. 12
22.643 9 DESIRED 0. 0.29 0. 0. 0. 655. 0. 15.
22.646 9 ATTITUDE 1.57791 -0.000756 0.012818
22.732 9 BAT 0 0 0 0 1 12 0 0
22.734 9 ESTIMATOR 0. 0.
22.737 9 ATTITUDE 1.577891 -0.000743 0.012846
22.840 9 GPS 0 0 0 0 0 0 0 0 0 0 1
22.848 9 DESIRED 0. 0.29 0. 0. 0. 655. 0. 15.
22.850 9 ATTITUDE 1.577838 -0.000791 0.012899
22.934 9 ENERGY 0. 0. 0 0.
22.938 9 NAVIGATION 0 1 0. 0. 0. 0. 0 0
22.941 9 ATTITUDE 1.577827 -0.000832 0.012921
23.018 9 DOWNLINK_STATUS 0 23 13696 609 0 726. 32. 54.1
23.035 9 IMU_GYRO 0.013672 0.011475 -0.027588
23.042 9 DESIRED 0. 0.29 0. 0. 0. 655. 0. 15.
23.044 9 ATTITUDE 1.57783 -0.000876 0.01297
23.079 9 GPS 0 0 0 0 0 0 0 0 0 0 1
23.131 9 IMU_ACCEL 0.076172 -0.042969 -10.422852
23.135 9 WP_MOVED 2 348895. 5945815. 660. 12
23.138 9 ATTITUDE 1.577843 -0.000864 0.012973
23.233 9 ESTIMATOR 0. 0.
23.241 9 DESIRED 0. 0.29 0. 0. 0. 655. 0. 15.
23.243 9 ATTITUDE 1.577891 -0.000872 0.012991
23.334 9 IMU_MAG 0. 0. 0.
23.340 9 GPS 0 0 0 0 0 0 0 0 0 0 1
23.343 9 ATTITUDE 1.577845 -0.000932 0.01303
23.434 9 GPS_SOL 0 0 0 0
23.441 9 DESIRED 0. 0.29 0. 0. 0. 655. 0. 15.
23.444 9 ATTITUDE 1.577811 -0.00092 0.013089
23.524 9 DL_VALUE 8 0.
23.527 9 ATTITUDE 1.577873 -0.000927 0.013093
23.595 9 GPS 0 0 0 0 0 0 0 0 0 0 1
23.639 9 IMU_GYRO 0.013672 0.010498 -0.026367
23.643 9 WP_MOVED 3 348965.09375 5945786. 660. 12
23.649 9 DESIRED 0. 0.29 0. 0. 0. 655. 0. 15.
23.652 9 ATTITUDE 1.577888 -0.000976 0.013109
23.725 9 ESTIMATOR 0. 0.
23.728 9 ATTITUDE 1.577893 -0.001021 0.013083
23.844 9 CALIBRATION 0. 0
23.847 9 BAT 0 0 0 0 1 13 0 0
23.853 9 GPS 0 0 0 0 0 0 0 0 0 0 1
23.860 9 DESIRED 0. 0.29 0. 0. 0. 655. 0. 15.
23.863 9 ATTITUDE 1.577878 -0.001044 0.013164
23.934 9 NAVIGATION 0 1 0. 0. 0. 0. 0 0
23.937 9 IMU_ACCEL 0.104492 -0.138672 -10.375
23.940 9 ATTITUDE 1.577895 -0.001052 0.013186
24.019 9 DOWNLINK_STATUS 0 24 14442 642 0 746. 33. 54.1
24.035 9 DESIRED 0. 0.29 0. 0. 0. 655. 0. 15.
24.038 9 ATTITUDE 1.577939 -0.001097 0.013223
24.079 9 GPS 0 0 0 0 0 0 0 0 0 0 1
24.128 9 WP_MOVED 4 348764.6875 5945795. 660. 12
24.131 9 ATTITUDE 1.57791 -0.001141 0.013324
24.239 9 STATE_FILTER_STATUS 3 0
24.242 9 IMU_GYRO 0.013672 0.011475 -0.028564
24.244 9 ESTIMATOR 0. 0.
24.251 9 DESIRED 0. 0.29 0. 0. 0. 655. 0. 15.
24.254 9 ATTITUDE 1.577931 -0.001189 0.013379
24.333 9 GPS 0 0 0 0 0 0 0 0 0 0 1
24.336 9 ATTITUDE 1.577983 -0.001233 0.013392
24.435 9 DESIRED 0. 0.29 0. 0. 0. 655. 0. 15.
24.438 9 ATTITUDE 1.577951 -0.001221 0.013374
24.506 9 FBW_STATUS 2 0 1 0 0
24.523 9 ATTITUDE 1.577954 -0.001208 0.013405
24.579 9 GPS 0 0 0 0 0 0 0 0 0 0 1
24.640 9 IMU_MAG 0. 0. 0.
24.643 9 WP_MOVED 5 348740. 5945760. 660. 12
24.650 9 DESIRED 0. 0.29 0. 0. 0. 655. 0. 15.
24.653 9 ATTITUDE 1.577953 -0.001232 0.013428
24.730 9 IMU_ACCEL 0.104492 -0.081055 -10.34082
24.733 9 ESTIMATOR 0. 0.
24.736 9 ATTITUDE 1.577981 -0.00124 0.01346
24.842 9 IMU_GYRO 0.013672 0.011475 -0.027588
24.847 9 GPS 0 0 0 0 0 0 0 0 0 0 1
24.855 9 DESIRED 0. 0.29 0. 0. 0. 655. 0. 15.
24.857 9 ATTITUDE 1.577954 -0.001227 0.013504
24.934 9 BAT 0 0 0 0 1 14 0 0
24.939 9 NAVIGATION 0 1 0. 0. 0. 0. 0 0
24.941 9 ATTITUDE 1.57791 -0.001256 0.013516
25.019 9 DOWNLINK_STATUS 0 25 15155 673 0 713. 31. 54.1
25.032 9 DL_VALUE 9 1.
25.040 9 DESIRED 0. 0.29 0. 0. 0. 655. 0. 15.
25.042 9 ATTITUDE 1.57803 -0.001627 0.013504
25.078 9 GPS 0 0 0 0 0 0 0 0 0 0 1
25.127 9 WP_MOVED 6 348665. 5945815. 660. 12
25.131 9 ATTITUDE 1.577899 -0.001686 0.01361
25.233 9 ESTIMATOR 0. 0.
25.240 9 DESIRED 0. 0.29 0. 0. 0. 655. 0. 15.
25.243 9 ATTITUDE 1.577889 -0.001731 0.013634
25.306 9 ACTUATORS |1000,1500,1766,1000,1250,1500|
25.336 9 ENERGY 0. 0. 0 0.
25.340 9 GPS 0 0 0 0 0 0 0 0 0 0 1
25.343 9 ATTITUDE 1.57789 -0.001758 0.013675
25.406 9 COMMANDS |0,-9600,5125,0,0,0|
25.438 9 GPS_SOL 0 0 0 0
25.441 9 IMU_GYRO 0.013672 0.010498 -0.027588
25.448 9 DESIRED 0. 0.29 0. 0. 0. 655. 0. 15.
25.451 9 ATTITUDE 1.577845 -0.001689 0.013704
25.547 9 PPRZ_MODE 2 0 0 0 0 6
25.550 9 IMU_ACCEL 0.148438 -0.095703 -10.360352
25.553 9 ATTITUDE 1.577855 -0.001717 0.013755
25.581 9 PONG 
25.603 9 GPS 0 0 0 0 0 0 0 0 0 0 1
25.636 9 WP_MOVED 7 349065. 5946015. 660. 12
25.642 9 DESIRED 0. 0.29 0. 0. 0. 655. 0. 15.
25.645 9 ATTITUDE 1.577841 -0.001725 0.013727
25.727 9 DOWNLINK 1 744 508
25.730 9 ESTIMATOR 0. 0.
25.733 9 ATTITUDE 1.577818 -0.001729 0.01377
25.844 9 ALIVE |176,140,111,246,167,31,238,25,173,152,163,59,73,106,208,19|
25.850 9 GPS 0 0 0 0 0 0 0 0 0 0 1
25.857 9 DESIRED 0. 0.29 0. 0. 0. 655. 0. 15.
25.860 9 ATTITUDE 1.577796 -0.001777 0.013768
25.934 9 CALIBRATION 0. 0
25.937 9 IMU_MAG 0. 0. 0.
25.941 9 NAVIGATION 0 1 0. 0. 0. 0. 0 0
25.944 9 ATTITUDE 1.577823 -0.001826 0.013771
26.020 9 DOWNLINK_STATUS 0 26 15954 710 0 799. 37. 75.69
26.040 9 BAT 0 0 0 0 1 15 0 0
26.043 9 IMU_GYRO 0.013672 0.011475 -0.027588
26.050 9 DESIRED 0. 0.29 0. 0. 0. 655. 0. 15.
26.053 9 ATTITUDE 1.577789 -0.00185 0.01377
26.079 9 GPS 0 0 0 0 0 0 0 0 0 0 1
26.128 9 WP_MOVED 0 348907. 5945757. 660. 12
26.131 9 ATTITUDE 1.577773 -0.001858 0.01373
26.234 9 ESTIMATOR 0. 0.
26.240 9 DESIRED 0. 0.29 0. 0. 0. 655. 0. 15.
26.243 9 ATTITUDE 1.577753 -0.001886 0.013751
26.334 9 IMU_ACCEL 0.109375 -0.09082 -10.355469
26.340 9 GPS 0 0 0 0 0 0 0 0 0 0 1
26.343 9 ATTITUDE 1.577768 -0.001947 0.013765
26.432 9 STATE_FILTER_STATUS 3 0
26.438 9 DESIRED 0. 0.29 0. 0. 0. 655. 0. 15.
26.441 9 ATTITUDE 1.577745 -0.00193 0.013763
26.505 9 FBW_STATUS 2 0 1 0 0
26.524 9 DL_VALUE 10 0.
26.528 9 ATTITUDE 1.57771 -0.001917 0.013775
26.579 9 GPS 0 0 0 0 0 0 0 0 0 0 1
26.640 9 IMU_GYRO 0.013672 0.011475 -0.027588
26.643 9 WP_MOVED 1 348865. 5945715. 660. 12
26.650 9 DESIRED 0. 0.29 0. 0. 0. 655. 0. 15.
26.653 9 ATTITUDE 1.577717 -0.001982 0.01383
26.726 9 ESTIMATOR 0. 0.
26.729 9 ATTITUDE 1.577706 -0.00201 0.013863
26.840 9 GPS 0 0 0 0 0 0 0 0 0 0 1
26.847 9 DESIRED 0. 0.29 0. 0. 0. 655. 0. 15.
26.850 9 ATTITUDE 1.577699 -0.001993 0.013871
26.929 9 NAVIGATION 0 1 0. 0. 0. 0. 0 0
26.934 9 ATTITUDE 1.577696 -0.002021 0.013868
27.020 9 DOWNLINK_STATUS 0 27 16660 741 0 706. 31. 75.69
27.035 9 DESIRED 0. 0.29 0. 0. 0. 655. 0. 15.
27.038 9 ATTITUDE 1.577677 -0.002008 0.013911
27.079 9 GPS 0 0 0 0 0 0 0 0 0 0 1
27.136 9 BAT 0 1 0 0 1 16 0 0
27.139 9 IMU_ACCEL 0.085938 -0.061523 -10.360352
27.143 9 WP_MOVED 2 348895. 5945815. 660. 12
27.145 9 ATTITUDE 1.577663 -0.002073 0.013929
27.241 9 IMU_MAG 0. 0. 0.
27.245 9 IMU_GYRO 0.013672 0.011475 -0.026367
27.247 9 ESTIMATOR 0. 0.
27.255 9 DESIRED 0. 0.29 0. 0. 0. 655. 0. 15.
27.257 9 ATTITUDE 1.577677 -0.002081 0.013906
27.333 9 GPS 0 0 0 0 0 0 0 0 0 0 1
27.335 9 ATTITUDE 1.5777 -0.002089 0.013897
27.434 9 GPS_SOL 0 0 0 0
27.441 9 DESIRED 0. 0.29 0. 0. 0. 655. 0. 15.
27.444 9 ATTITUDE 1.577662 -0.002113 0.013912
27.523 9 ATTITUDE 1.57761 -0.0021 0.013958
27.579 9 GPS 0 0 0 0 0 0 0 0 0 0 1
27.636 9 WP_MOVED 3 348965.09375 5945786. 660. 12
27.642 9 DESIRED 0. 0.29 0. 0. 0. 655. 0. 15.
27.645 9 ATTITUDE 1.577572 -0.002128 0.013984
27.730 9 ENERGY 0. 0. 0 0.
27.733 9 ESTIMATOR 0. 0.
27.736 9 ATTITUDE 1.577547 -0.002157 0.013947
27.842 9 IMU_GYRO 0.013672 0.011475 -0.027588
27.848 9 GPS 0 0 0 0 0 0 0 0 0 0 1
27.854 9 DESIRED 0. 0.29 0. 0. 0. 655. 0. 15.
27.857 9 ATTITUDE 1.577552 -0.002164 0.013941
27.934 9 NAVIGATION 0 1 0. 0. 0. 0. 0 0
27.937 9 IMU_ACCEL 0.124023 -0.071289 -10.408203
27.940 9 ATTITUDE 1.577518 -0.002188 0.013962
28.021 9 DOWNLINK_STATUS 0 28 17404 773 0 744. 32. 75.69
28.035 9 CALIBRATION 0. 0
28.036 9 DL_VALUE 11 0.
28.043 9 DESIRED 0. 0.29 0. 0. 0. 655. 0. 15.
28.046 9 ATTITUDE 1.57752 -0.002237 0.013963
28.079 9 GPS 0 0 0 0 0 0 0 0 0 0 1
28.128 9 WP_MOVED 4 348764.6875 5945795. 660. 12
28.131 9 ATTITUDE 1.577532 -0.002204 0.013967
28.239 9 BAT 0 0 0 0 1 17 0 0
28.242 9 ESTIMATOR 0. 0.
28.248 9 DESIRED 0. 0.29 0. 0. 0. 655. 0. 15.
28.251 9 ATTITUDE 1.577519 -0.002191 0.013963
28.334 9 NAVIGATION_REF 348865 5945715 12 605.
28.340 9 GPS 0 0 0 0 0 0 0 0 0 0 1
28.343 9 ATTITUDE 1.577528 -0.002158 0.01397
28.435 9 IMU_GYRO 0.014893 0.011475 -0.027588
28.442 9 DESIRED 0. 0.29 0. 0. 0. 655. 0. 15.
28.445 9 ATTITUDE 1.577519 -0.002165 0.01403
28.505 9 FBW_STATUS 2 0 1 0 0
28.527 9 IMU_MAG 0. 0. 0.
28.530 9 ATTITUDE 1.577554 -0.002153 0.014046
28.579 9 GPS 0 0 0 0 0 0 0 0 0 0 1
28.636 9 STATE_FILTER_STATUS 3 0
28.640 9 WP_MOVED 5 348740. 5945760. 660. 12
28.646 9 DESIRED 0. 0.29 0. 0. 0. 655. 0. 15.
28.649 9 ATTITUDE 1.577522 -0.002161 0.01402
28.730 9 IMU_ACCEL 0.085938 -0.09082 -10.365234
28.732 9 ESTIMATOR 0. 0.
28.736 9 ATTITUDE 1.577537 -0.002148 0.014044
28.841 9 GPS 0 0 0 0 0 0 0 0 0 0 1
28.848 9 DESIRED 0. 0.29 0. 0. 0. 655. 0. 15.
28.851 9 ATTITUDE 1.577507 -0.002156 0.014047
28.930 9 NAVIGATION 0 1 0. 0. 0. 0. 0 0
28.933 9 ATTITUDE 1.577468 -0.002183 0.014073
29.021 9 DOWNLINK_STATUS 0 29 18140 806 0 736. 33. 75.69
29.036 9 IMU_GYRO 0.012695 0.011475 -0.026367
29.042 9 DESIRED 0. 0.29 0. 0. 0. 655. 0. 15.
29.045 9 ATTITUDE 1.577538 -0.002191 0.0141
29.079 9 GPS 0 0 0 0 0 0 0 0 0 0 1
29.127 9 WP_MOVED 6 348665. 5945815. 660. 12
29.130 9 ATTITUDE 1.577501 -0.002199 0.014145
29.233 9 ESTIMATOR 0. 0.
29.241 9 DESIRED 0. 0.29 0. 0. 0. 655. 0. 15.
29.243 9 ATTITUDE 1.577533 -0.002206 0.01417
29.336 9 BAT 0 1 0 0 1 19 0 0
29.340 9 GPS 0 0 0 0 0 0 0 0 0 0 1
29.344 9 ATTITUDE 1.577597 -0.002287 0.014173
29.434 9 GPS_SOL 0 0 0 0
29.441 9 DESIRED 0. 0.29 0. 0. 0. 655. 0. 15.
29.444 9 ATTITUDE 1.57762 -0.002315 0.014185
29.528 9 DL_VALUE 12 18513.
29.531 9 IMU_ACCEL 0.119141 -0.071289 -10.350586
29.534 9 ATTITUDE 1.57763 -0.002303 0.014168
29.579 9 GPS 0 0 0 0 0 0 0 0 0 0 1
29.639 9 IMU_GYRO 0.013672 0.011475 -0.026367
29.642 9 WP_MOVED 7 349065. 5946015. 660. 12
29.649 9 DESIRED 0. 0.29 0. 0. 0. 655. 0. 15.
29.652 9 ATTITUDE 1.577677 -0.002311 0.014151
29.725 9 ESTIMATOR 0. 0.
29.728 9 ATTITUDE 1.577675 -0.002355 0.014185
29.842 9 IMU_MAG 0. 0. 0.
29.848 9 GPS 0 0 0 0 0 0 0 0 0 0 1
29.854 9 DESIRED 0. 0.29 0. 0. 0. 655. 0. 15.
29.857 9 ATTITUDE 1.577627 -0.002322 0.014149
29.930 9 NAVIGATION 0 1 0. 0. 0. 0. 0 0
29.933 9 ATTITUDE 1.577621 -0.002366 0.014167
30.022 9 DOWNLINK_STATUS 0 30 18857 837 0 717. 31. 75.69
30.034 9 DESIRED 0. 0.29 0. 0. 0. 655. 0. 15.
30.038 9 ATTITUDE 1.577638 -0.002431 0.014204
30.079 9 GPS 0 0 0 0 0 0 0 0 0 0 1
30.134 9 ENERGY 0. 0. 0 0.
30.136 9 CALIBRATION 0. 0
30.140 9 WP_MOVED 0 348907. 5945757. 660. 12
30.143 9 ATTITUDE 1.577645 -0.002475 0.014223
30.238 9 IMU_GYRO 0.014893 0.011475 -0.026367
30.240 9 ESTIMATOR 0. 0.
30.247 9 DESIRED 0. 0.29 0. 0. 0. 655. 0. 15.
30.250 9 ATTITUDE 1.57766 -0.002503 0.014258
30.307 9 ACTUATORS |1000,1500,1766,1000,1250,1500|
30.334 9 IMU_ACCEL 0.143555 -0.033203 -10.327148
30.340 9 GPS 0 0 0 0 0 0 0 0 0 0 1
30.343 9 ATTITUDE 1.577671 -0.00251 0.014261
30.407 9 COMMANDS |0,-9600,5113,0,0,0|
30.437 9 PPRZ_MODE 2 0 0 0 0 6
30.441 9 BAT 0 0 0 0 1 20 0 0
30.448 9 DESIRED 0. 0.29 0. 0. 0. 655. 0. 15.
30.451 9 ATTITUDE 1.577655 -0.002551 0.014268
30.505 9 FBW_STATUS 2 0 1 0 0
30.523 9 ATTITUDE 1.577721 -0.002558 0.01425
30.556 9 PONG 
30.579 9 GPS 0 0 0 0 0 0 0 0 0 0 1
30.636 9 WP_MOVED 1 348865. 5945715. 660. 12
30.643 9 DESIRED 0. 0.29 0. 0. 0. 655. 0. 15.
30.646 9 ATTITUDE 1.577731 -0.002607 0.014279
30.726 9 ESTIMATOR 0. 0.
30.729 9 ATTITUDE 1.577721 -0.002667 0.014337
30.846 9 DOWNLINK 1 735 675
30.846 9 STATE_FILTER_STATUS 3 0
30.850 9 IMU_GYRO 0.013672 0.011475 -0.026367
30.856 9 GPS 0 0 0 0 0 0 0 0 0 0 1
30.863 9 DESIRED 0. 0.29 0. 0. 0. 655. 0. 15.
30.866 9 ATTITUDE 1.577695 -0.002638 0.01431
30.935 9 ALIVE |176,140,111,246,167,31,238,25,173,152,163,59,73,106,208,19|
30.940 9 NAVIGATION 0 1 0. 0. 0. 0. 0 0
30.942 9 ATTITUDE 1.577704 -0.002646 0.014326
31.022 9 DOWNLINK_STATUS 0 31 19673 875 0 816. 38. 49.66
31.033 9 DL_VALUE 13 1.5
31.039 9 DESIRED 0. 0.29 0. 0. 0. 655. 0. 15.
31.041 9 ATTITUDE 1.577688 -0.00267 0.01433
31.079 9 GPS 0 0 0 0 0 0 0 0 0 0 1
31.136 9 IMU_MAG 0. 0. 0.
31.139 9 IMU_ACCEL 0.104492 -0.071289 -10.355469
31.141 9 WP_MOVED 2 348895. 5945815. 660. 12
31.144 9 ATTITUDE 1.577691 -0.002697 0.014378
31.206 9 WIND_INFO 9 42 0. 0. 0.
31.253 9 ESTIMATOR 0. 0.
31.260 9 DESIRED 0. 0.29 0. 0. 0. 655. 0. 15.
31.262 9 ATTITUDE 1.5777 -0.002705 0.01435
31.332 9 GPS 0 0 0 0 0 0 0 0 0 0 1
31.335 9 ATTITUDE 1.577703 -0.002733 0.01436
31.438 9 GPS_SOL 0 0 0 0
31.441 9 IMU_GYRO 0.013672 0.011475 -0.027588
31.448 9 DESIRED 0. 0.29 0. 0. 0. 655. 0. 15.
31.451 9 ATTITUDE 1.577671 -0.002777 0.014397
31.528 9 BAT 0 0 0 0 1 21 0 0
31.531 9 ATTITUDE 1.577699 -0.002806 0.014378
31.579 9 GPS 0 0 0 0 0 0 0 0 0 0 1
31.636 9 WP_MOVED 3 348965.09375 5945786. 660. 12
31.642 9 DESIRED 0. 0.29 0. 0. 0. 655. 0. 15.
31.645 9 ATTITUDE 1.577706 -0.002834 0.014394
31.725 9 ESTIMATOR 0. 0.
31.728 9 ATTITUDE 1.577681 -0.002899 0.01436
31.841 9 GPS 0 0 0 0 0 0 0 0 0 0 1
31.847 9 DESIRED 0. 0.29 0. 0. 0. 655. 0. 15.
31.850 9 ATTITUDE 1.577689 -0.002902 0.014356
31.934 9 NAVIGATION 0 1 0. 0. 0. 0. 0 0
31.937 9 IMU_ACCEL 0.109375 -0.081055 -10.335938
31.940 9 ATTITUDE 1.577708 -0.00291 0.014411
32.023 9 DOWNLINK_STATUS 0 32 20390 906 0 717. 31. 49.66
32.035 9 IMU_GYRO 0.013672 0.011475 -0.027588
32.042 9 DESIRED 0. 0.29 0. 0. 0. 655. 0. 15.
32.045 9 ATTITUDE 1.57776 -0.002917 0.014427
32.079 9 GPS 0 0 0 0 0 0 0 0 0 0 1
32.128 9 WP_MOVED 4 348764.6875 5945795. 660. 12
32.131 9 ATTITUDE 1.577753 -0.002945 0.014457
32.235 9 CALIBRATION 0. 0
32.238 9 ESTIMATOR 0. 0.
32.244 9 DESIRED 0. 0.29 0. 0. 0. 655. 0. 15.
32.247 9 ATTITUDE 1.577747 -0.002973 0.014449
32.333 9 GPS 0 0 0 0 0 0 0 0 0 0 1
32.336 9 ATTITUDE 1.577747 -0.003001 0.014448
32.435 9 IMU_MAG 0. 0. 0.
32.442 9 DESIRED 0. 0.29 0. 0. 0. 655. 0. 15.
32.445 9 ATTITUDE 1.577708 -0.002968 0.014461
32.505 9 FBW_STATUS 2 0 1 0 0
32.530 9 ENERGY 0.1 0. 0 0.
32.532 9 DL_VALUE 14 0.602
32.535 9 ATTITUDE 1.577706 -0.002935 0.014456
32.579 9 GPS 0 0 0 0 0 0 0 0 0 0 1
32.644 9 BAT 0 0 0 0 1 22 0 0
32.648 9 IMU_GYRO 0.013672 0.012695 -0.026367
32.651 9 WP_MOVED 5 348740. 5945760. 660. 12
32.658 9 DESIRED 0. 0.29 0. 0. 0. 655. 0. 15.
32.661 9 ATTITUDE 1.577736 -0.002903 0.014401
32.730 9 IMU_ACCEL 0.095703 -0.056641 -10.398438
32.733 9 ESTIMATOR 0. 0.
32.736 9 ATTITUDE 1.577701 -0.003016 0.014569
32.840 9 GPS 0 0 0 0 0 0 0 0 0 0 1
32.851 9 DESIRED 0. 0.29 0. 0. 0. 655. 0. 15.
32.851 9 ATTITUDE 1.578136 -0.003687 0.013438
32.930 9 NAVIGATION 0 1 0. 0. 0. 0. 0 0
32.933 9 ATTITUDE 1.553579 -0.003435 0.013803
33.023 9 DOWNLINK_STATUS 0 33 21136 939 0 746. 33. 49.66
33.031 9 STATE_FILTER_STATUS 3 0
33.038 9 DESIRED 0. 0.28 0. 0. 0. 655. 0. 15.
33.042 9 ATTITUDE 1.495045 0.025313 0.002925
33.079 9 GPS 0 0 0 0 0 0 0 0 0 0 1
33.128 9 WP_MOVED 6 348665. 5945815. 660. 12
33.131 9 ATTITUDE 1.388407 0.078291 0.00894
33.237 9 IMU_GYRO -1.995361 -0.024414 0.075439
33.240 9 ESTIMATOR 0. 0.
33.246 9 DESIRED 0. 0.22 0. 0. 0. 655. 0. 15.
33.250 9 ATTITUDE 1.220195 0.103575 0.008362
33.334 9 GPS 0 0 0 0 0 0 0 0 0 0 1
33.335 9 ATTITUDE 1.015411 0.109419 0.008178
33.434 9 GPS_SOL 0 0 0 0
33.442 9 DESIRED 0. 0.16 0. 0. 0. 655. 0. 15.
33.444 9 ATTITUDE 0.827062 0.109432 0.008106
33.526 9 IMU_ACCEL 0.056641 7.582031 -6.254883
33.530 9 ATTITUDE 0.692807 0.106147 0.008247
33.578 9 GPS 0 0 0 0 0 0 0 0 0 0 1
33.635 9 WP_MOVED 7 349065. 5946015. 660. 12
33.642 9 DESIRED 0. 0.11 0. 0. 0. 655. 0. 15.
33.645 9 ATTITUDE 0.589305 0.105566 0.008073
33.734 9 IMU_MAG 0. 0. 0.
33.738 9 BAT 0 0 0 0 1 23 0 0
33.740 9 ESTIMATOR 0. 0.
33.743 9 ATTITUDE 0.496932 0.105108 0.007816
33.845 9 IMU_GYRO -0.53418 0.011475 -0.028564
33.847 9 GPS 0 0 0 0 0 0 0 0 0 0 1
33.855 9 DESIRED 0. 0.08 0. 0. 0. 655. 0. 15.
33.857 9 ATTITUDE 0.429828 0.104865 0.007694
33.931 9 NAVIGATION 0 1 0. 0. 0. 0. 0 0
33.933 9 ATTITUDE 0.378988 0.104661 0.007703
34.024 9 DOWNLINK_STATUS 0 34 21851 970 0 715. 31. 49.66
34.032 9 DL_VALUE 15 38068.
34.039 9 DESIRED 0. 0.06 0. 0. 0. 655. 0. 15.
34.042 9 ATTITUDE 0.328546 0.104638 0.007708
34.079 9 GPS 0 0 0 0 0 0 0 0 0 0 1
34.128 9 WP_MOVED 0 348907. 5945757. 660. 12
34.131 9 ATTITUDE 0.281639 0.104399 0.007639
34.233 9 ESTIMATOR 0. 0.
34.240 9 DESIRED 0. 0.05 0. 0. 0. 655. 0. 15.
34.243 9 ATTITUDE 0.254578 0.104299 0.007626
34.335 9 CALIBRATION 0. 0
34.338 9 IMU_ACCEL 0.152344 9.50293 -2.739258
34.344 9 GPS 0 0 0 0 0 0 0 0 0 0 1
34.347 9 ATTITUDE 0.243606 0.104363 0.007741
34.449 9 IMU_GYRO -0.122314 -0.067871 0.011475
34.456 9 DESIRED 0. 0.04 0. 0. 0. 655. 0. 15.
34.459 9 ATTITUDE 0.238406 0.105438 0.008244
34.505 9 FBW_STATUS 2 0 1 0 0
34.523 9 ATTITUDE 0.218543 0.12604 0.01575
34.579 9 GPS 0 0 0 0 0 0 0 0 0 0 1
34.636 9 WP_MOVED 1 348865. 5945715. 660. 12
34.642 9 DESIRED 0. 0.04 0. 0. 0. 655. 0. 15.
34.646 9 ATTITUDE 0.200592 0.14605 0.080207
34.726 9 ESTIMATOR 0. 0.
34.729 9 ATTITUDE 0.170921 0.167269 0.175006
34.843 9 BAT 0 0 0 0 1 24 0 0
34.848 9 GPS 0 0 0 0 0 0 0 0 0 0 1
34.856 9 DESIRED 0. 0.03 0. 0. 0. 655. 0. 15.
34.859 9 ATTITUDE 0.14722 0.181592 0.249231
34.934 9 ENERGY 0. 0. 0 0.
34.938 9 NAVIGATION 0 1 0. 0. 0. 0. 0 0
34.941 9 ATTITUDE 0.125533 0.181629 0.300998
35.024 9 DOWNLINK_STATUS 0 35 22561 1001 0 710. 31. 49.66
35.039 9 IMU_MAG 0. 0. 0.
35.042 9 IMU_GYRO 0.00415 0.074463 0.171143
35.049 9 DESIRED 0. 0.02 0. 0. 0. 655. 0. 15.
35.052 9 ATTITUDE 0.116186 0.177594 0.329805
35.079 9 GPS 0 0 0 0 0 0 0 0 0 0 1
35.131 9 IMU_ACCEL 3.539062 8.97168 -1.335938
35.135 9 WP_MOVED 2 348895. 5945815. 660. 12
35.138 9 ATTITUDE 0.115846 0.173787 0.347317
35.234 9 STATE_FILTER_STATUS 3 0
35.236 9 ESTIMATOR 0. 0.
35.243 9 DESIRED 0. 0.02 0. 0. 0. 655. 0. 15.
35.246 9 ATTITUDE 0.116226 0.173352 0.358546
35.306 9 ACTUATORS |1000,1500,1170,1017,1516,1500|
35.336 9 PPRZ_MODE 2 0 0 0 0 6
35.337 9 GPS 0 0 0 0 0 0 0 0 0 0 1
35.340 9 ATTITUDE 0.118051 0.173329 0.364924
35.406 9 COMMANDS |0,-4594,-6437,0,0,0|
35.434 9 GPS_SOL 0 0 0 0
35.441 9 DESIRED 0. 0.02 0. 0. 0. 655. 0. 15.
35.444 9 ATTITUDE 0.120239 0.171487 0.370229
35.524 9 DL_VALUE 16 3409.
35.527 9 ATTITUDE 0.12018 0.169136 0.374673
35.558 9 PONG 
35.579 9 GPS 0 0 0 0 0 0 0 0 0 0 1
35.639 9 IMU_GYRO 0.084961 0.029785 -0.069092
35.642 9 WP_MOVED 3 348965.09375 5945786. 660. 12
35.649 9 DESIRED 0. 0.02 0. 0. 0. 655. 0. 15.
35.652 9 ATTITUDE 0.120065 0.16823 0.375633
35.725 9 ESTIMATOR 0. 0.
35.728 9 ATTITUDE 0.131456 0.166174 0.365185
35.841 9 GPS 0 0 0 0 0 0 0 0 0 0 1
35.847 9 DESIRED 0. 0.03 0. 0. 0. 655. 0. 15.
35.850 9 ATTITUDE 0.157076 0.170836 0.333592
35.938 9 DOWNLINK 1 744 843
35.941 9 BAT 0 1 0 0 1 25 0 0
35.946 9 NAVIGATION 0 1 0. 0. 0. 0. 0 0
35.949 9 IMU_ACCEL 2.585938 9.225586 -1.977539
35.952 9 ATTITUDE 0.165929 0.182001 0.247947
36.024 9 DOWNLINK_STATUS 0 36 23372 1039 0 811. 38. 51.66
36.037 9 ALIVE |176,140,111,246,167,31,238,25,173,152,163,59,73,106,208,19|
36.043 9 DESIRED 0. 0.03 0. 0. 0. 655. 0. 15.
36.046 9 ATTITUDE 0.16761 0.190469 0.114424
36.079 9 GPS 0 0 0 0 0 0 0 0 0 0 1
36.127 9 WP_MOVED 4 348764.6875 5945795. 660. 12
36.131 9 ATTITUDE 0.174281 0.183757 -0.025586
36.238 9 IMU_GYRO -0.189209 0.121094 -1.201416
36.240 9 ESTIMATOR 0. 0.
36.247 9 DESIRED 0. 0.03 0. 0. 0. 655. 0. 15.
36.250 9 ATTITUDE 0.174602 0.154087 -0.149958
36.337 9 IMU_MAG 0. 0. 0.
36.340 9 GPS 0 0 0 0 0 0 0 0 0 0 1
36.343 9 ATTITUDE 0.154724 0.125318 -0.255013
36.432 9 CALIBRATION 0. 0
36.439 9 DESIRED 0. 0.03 0. 0. 0. 655. 0. 15.
36.442 9 ATTITUDE 0.150507 0.098071 -0.312565
36.505 9 FBW_STATUS 2 0 1 1 0
36.523 9 ATTITUDE 0.143885 0.082604 -0.354441
36.579 9 GPS 0 0 0 0 0 0 0 0 0 0 1
36.636 9 WP_MOVED 5 348740. 5945760. 660. 12
36.642 9 DESIRED 0. 0.03 0. 0. 0. 655. 0. 15.
36.646 9 ATTITUDE 0.139883 0.076252 -0.376613
36.730 9 IMU_ACCEL -3.769531 8.823242 -1.556641
36.732 9 ESTIMATOR 0. 0.
36.736 9 ATTITUDE 0.138084 0.075282 -0.386174
36.842 9 IMU_GYRO -0.008301 0.00415 -0.009521
36.848 9 GPS 0 0 0 0 0 0 0 0 0 0 1
36.855 9 DESIRED 0. 0.03 0. 0. 0. 655. 0. 15.
36.858 9 ATTITUDE 0.136642 0.076136 -0.388065
36.930 9 NAVIGATION 0 1 0. 0. 0. 0. 0 0
36.933 9 ATTITUDE 0.135025 0.076978 -0.383335
37.025 9 DOWNLINK_STATUS 0 37 24089 1070 0 717. 31. 51.66
37.036 9 DL_VALUE 17 0.48
37.041 9 BAT 0 0 0 0 1 26 0 0
37.047 9 DESIRED 0. 0.02 0. 0. 0. 655. 0. 15.
37.049 9 ATTITUDE 0.135456 0.079952 -0.366858
37.079 9 GPS 0 0 0 0 0 0 0 0 0 0 1
37.127 9 WP_MOVED 6 348665. 5945815. 660. 12
37.130 9 ATTITUDE 0.143076 0.098673 -0.326002
37.233 9 ESTIMATOR 0. 0.
37.240 9 DESIRED 0. 0.02 0. 0. 0. 655. 0. 15.
37.243 9 ATTITUDE 0.125889 0.157595 -0.236409
37.338 9 NAVIGATION_REF 348865 5945715 12 605.
37.342 9 ENERGY 0. 0. 0 0.
37.347 9 GPS 0 0 0 0 0 0 0 0 0 0 1
37.350 9 ATTITUDE 0.109055 0.206792 -0.136855
37.438 9 STATE_FILTER_STATUS 3 0
37.441 9 GPS_SOL 0 0 0 0
37.444 9 IMU_GYRO -0.005127 -0.005127 0.61084
37.451 9 DESIRED 0. 0.02 0. 0. 0. 655. 0. 15.
37.455 9 ATTITUDE 0.099718 0.225378 -0.061777
37.526 9 IMU_ACCEL 0.157227 10.048828 -1.364258
37.529 9 ATTITUDE 0.102237 0.230687 -0.006126
37.578 9 GPS 0 0 0 0 0 0 0 0 0 0 1
37.639 9 IMU_MAG 0. 0. 0.
37.642 9 WP_MOVED 7 349065. 5946015. 660. 12
37.649 9 DESIRED 0. 0.02 0. 0. 0. 655. 0. 15.
37.652 9 ATTITUDE 0.101588 0.234422 0.020786
37.725 9 ESTIMATOR 0. 0.
37.728 9 ATTITUDE 0.098273 0.241715 0.024685
37.840 9 GPS 0 0 0 0 0 0 0 0 0 0 1
37.847 9 DESIRED 0. 0.01 0. 0. 0. 655. 0. 15.
37.851 9 ATTITUDE 0.058281 0.253301 0.023043
37.930 9 NAVIGATION 0 1 0. 0. 0. 0. 0 0
37.933 9 ATTITUDE -0.054745 0.262644 0.022992
38.026 9 DOWNLINK_STATUS 0 38 24836 1103 0 747. 33. 51.66
38.035 9 IMU_GYRO -0.853271 -0.010498 -0.185059
38.041 9 DESIRED 0. 0.03 0. 0. 0. 655. 0. 15.
38.044 9 ATTITUDE -0.186907 0.272833 0.010134
38.079 9 GPS 0 0 0 0 0 0 0 0 0 0 1
38.132 9 BAT 0 0 0 0 1 27 0 0
38.136 9 WP_MOVED 0 348907. 5945757. 660. 12
38.139 9 ATTITUDE -0.244915 0.271962 -0.001348
38.233 9 ESTIMATOR 0. 0.
38.240 9 DESIRED 0. 0.05 0. 0. 0. 655. 0. 15.
38.243 9 ATTITUDE -0.285723 0.268023 -0.008603
38.334 9 IMU_ACCEL -0.114258 9.330078 3.146484
38.345 9 GPS 0 0 0 0 0 0 0 0 0 0 1
38.345 9 ATTITUDE -0.337788 0.274247 -0.022678
38.434 9 DESIRED 0. 0.07 0. 0. 0. 655. 0. 15.
38.438 9 ATTITUDE -0.394839 0.293823 -0.041529
38.505 9 FBW_STATUS 2 0 1 0 0
38.526 9 CALIBRATION 0. 0
38.528 9 DL_VALUE 18 0.03
38.531 9 ATTITUDE -0.421378 0.314608 -0.050323
38.579 9 GPS 0 0 0 0 0 0 0 0 0 0 1
38.639 9 IMU_GYRO -0.438232 -0.070068 -0.287109
38.643 9 WP_MOVED 1 348865. 5945715. 660. 12
38.649 9 DESIRED 0. 0.08 0. 0. 0. 655. 0. 15.
38.652 9 ATTITUDE -0.453459 0.331921 -0.063749
38.725 9 ESTIMATOR 0. 0.
38.728 9 ATTITUDE -0.496498 0.354597 -0.083895
38.842 9 GPS 0 0 0 0 0 0 0 0 0 0 1
38.847 9 DESIRED 0. 0.1 0. 0. 0. 655. 0. 15.
38.851 9 ATTITUDE -0.525163 0.377161 -0.09303
38.932 9 IMU_MAG 0. 0. 0.
38.936 9 NAVIGATION 0 1 0. 0. 0. 0. 0 0
38.939 9 ATTITUDE -0.552646 0.394515 -0.103189
39.026 9 DOWNLINK_STATUS 0 39 25562 1135 0 726. 32. 51.66
39.035 9 DESIRED 0. 0.11 0. 0. 0. 655. 0. 15.
39.038 9 ATTITUDE -0.571483 0.41056 -0.122441
39.079 9 GPS 0 0 0 0 0 0 0 0 0 0 1
39.131 9 IMU_ACCEL -1.03418 7.893555 5.210938
39.135 9 WP_MOVED 2 348895. 5945815. 660. 12
39.138 9 ATTITUDE -0.581828 0.422979 -0.13284
39.242 9 BAT 0 0 0 0 1 28 0 0
39.245 9 IMU_GYRO 0.030762 -0.080811 -0.00415
39.248 9 ESTIMATOR 0. 0.
39.255 9 DESIRED 0. 0.11 0. 0. 0. 655. 0. 15.
39.258 9 ATTITUDE -0.583997 0.432231 -0.129454
39.332 9 GPS 0 0 0 0 0 0 0 0 0 0 1
39.340 9 ATTITUDE -0.588872 0.440264 -0.124761
39.435 9 GPS_SOL 0 0 0 0
39.442 9 DESIRED 0. 0.11 0. 0. 0. 655. 0. 15.
39.445 9 ATTITUDE -0.614602 0.451043 -0.13118
39.522 9 ATTITUDE -0.624691 0.453926 -0.14406
39.578 9 GPS 0 0 0 0 0 0 0 0 0 0 1
39.635 9 STATE_FILTER_STATUS 3 0
39.640 9 WP_MOVED 3 348965.09375 5945786. 660. 12
39.646 9 DESIRED 0. 0.12 0. 0. 0. 655. 0. 15.
39.648 9 ATTITUDE -0.631851 0.450628 -0.149368
39.730 9 ENERGY 0. 0. 0 0.
39.733 9 ESTIMATOR 0. 0.
39.736 9 ATTITUDE -0.640843 0.44992 -0.158352
39.845 9 IMU_GYRO 0.025391 0.00415 -0.019043
39.847 9 GPS 0 0 0 0 0 0 0 0 0 0 1
39.854 9 DESIRED 0. 0.12 0. 0. 0. 655. 0. 15.
39.857 9 ATTITUDE -0.645777 0.451737 -0.165317
39.933 9 NAVIGATION 0 1 0. 0. 0. 0. 0 0
39.937 9 IMU_ACCEL -1.584961 7.567383 5.479492
39.940 9 ATTITUDE -0.645398 0.451239 -0.162952
40.027 9 DOWNLINK_STATUS 0 40 26297 1167 0 735. 32. 51.66
40.032 9 DL_VALUE 19 0.15
40.038 9 DESIRED 0. 0.12 0. 0. 0. 655. 0. 15.
40.042 9 ATTITUDE -0.647891 0.452123 -0.163441
40.079 9 GPS 0 0 0 0 0 0 0 0 0 0 1
40.127 9 WP_MOVED 4 348764.6875 5945795. 660. 12
40.130 9 ATTITUDE -0.659467 0.453851 -0.165579
40.239 9 PPRZ_MODE 2 0 0 0 0 6
40.242 9 IMU_MAG 0. 0. 0.
40.245 9 ESTIMATOR 0. 0.
40.251 9 DESIRED 0. 0.13 0. 0. 0. 655. 0. 15.
40.254 9 ATTITUDE -0.686303 0.455547 -0.171238
40.306 9 ACTUATORS |1000,1500,1797,1750,2000,1500|
40.335 9 BAT 0 0 0 0 1 30 0 0
40.341 9 GPS 0 0 0 0 0 0 0 0 0 0 1
40.344 9 ATTITUDE -0.727572 0.45176 -0.174922
40.407 9 COMMANDS |0,9600,5852,0,0,0|
40.435 9 IMU_GYRO -0.442627 0.157471 0.112793
40.441 9 DESIRED 0. 0.14 0. 0. 0. 655. 0. 15.
40.445 9 ATTITUDE -0.770872 0.438143 -0.175
40.505 9 FBW_STATUS 2 0 1 0 0
40.523 9 ATTITUDE -0.805887 0.417389 -0.175759
40.555 9 PONG 
40.579 9 GPS 0 0 0 0 0 0 0 0 0 0 1
40.636 9 CALIBRATION 0. 0
40.640 9 WP_MOVED 5 348740. 5945760. 660. 12
40.647 9 DESIRED 0. 0.16 0. 0. 0. 655. 0. 15.
40.650 9 ATTITUDE -0.845155 0.400988 -0.177406
40.730 9 IMU_ACCEL -1.886719 6.121094 7.151367
40.732 9 ESTIMATOR 0. 0.
40.735 9 ATTITUDE -0.887736 0.396991 -0.1865
40.841 9 GPS 0 0 0 0 0 0 0 0 0 0 1
40.848 9 DESIRED 0. 0.17 0. 0. 0. 655. 0. 15.
40.851 9 ATTITUDE -0.916979 0.388957 -0.191489
40.930 9 NAVIGATION 0 1 0. 0. 0. 0. 0 0
40.933 9 ATTITUDE -0.936228 0.376207 -0.18967
41.027 9 DOWNLINK_STATUS 0 41 27061 1202 0 764. 35. 47.59
41.036 9 DOWNLINK 1 741 1011
41.039 9 IMU_GYRO -0.107422 -0.000977 0.088135
41.046 9 DESIRED 0. 0.17 0. 0. 0. 655. 0. 15.
41.049 9 ATTITUDE -0.94028 0.36704 -0.184991
41.079 9 GPS 0 0 0 0 0 0 0 0 0 0 1
41.132 9 ALIVE |176,140,111,246,167,31,238,25,173,152,163,59,73,106,208,19|
41.137 9 WP_MOVED 6 348665. 5945815. 660. 12
41.140 9 ATTITUDE -0.951936 0.356647 -0.174933
41.206 9 WIND_INFO 9 42 0. 0. 0.
41.272 9 ESTIMATOR 0. 0.
41.279 9 DESIRED 0. 0.18 0. 0. 0. 655. 0. 15.
41.281 9 ATTITUDE -0.954829 0.338244 -0.160955
41.332 9 GPS 0 0 0 0 0 0 0 0 0 0 1
41.335 9 ATTITUDE -0.960136 0.313652 -0.140304
41.438 9 GPS_SOL 0 0 0 0
41.442 9 BAT 0 0 0 0 1 31 0 0
41.449 9 DESIRED 0. 0.17 0. 0. 0. 655. 0. 15.
41.452 9 ATTITUDE -0.949969 0.28597 -0.119833
41.531 9 DL_VALUE 20 0.01
41.534 9 IMU_MAG 0. 0. 0.
41.537 9 IMU_ACCEL -0.852539 5.814453 7.620117
41.541 9 ATTITUDE -0.937158 0.259784 -0.096092
41.579 9 GPS 0 0 0 0 0 0 0 0 0 0 1
41.639 9 IMU_GYRO -0.21582 -0.101074 0.246826
41.642 9 WP_MOVED 7 349065. 5946015. 660. 12
41.649 9 DESIRED 0. 0.17 0. 0. 0. 655. 0. 15.
41.653 9 ATTITUDE -0.939956 0.241569 -0.069948
41.725 9 ESTIMATOR 0. 0.
41.728 9 ATTITUDE -0.968412 0.226872 -0.046766
41.844 9 STATE_FILTER_STATUS 3 0
41.844 9 GPS 0 0 0 0 0 0 0 0 0 0 1
41.850 9 DESIRED 0. 0.19 0. 0. 0. 655. 0. 15.
41.854 9 ATTITUDE -1.006331 0.216519 -0.033485
41.930 9 NAVIGATION 0 1 0. 0. 0. 0. 0 0
41.933 9 ATTITUDE -1.029927 0.217921 -0.034723
42.028 9 DOWNLINK_STATUS 0 42 27821 1236 0 760. 34. 47.59
42.034 9 DESIRED 0. 0.19 0. 0. 0. 655. 0. 15.
42.037 9 ATTITUDE -1.048905 0.220527 -0.049632
42.078 9 GPS 0 0 0 0 0 0 0 0 0 0 1
42.131 9 ENERGY 0. 0. 0 0.
42.135 9 WP_MOVED 0 348907. 5945757. 660. 12
42.138 9 ATTITUDE -1.079359 0.218388 -0.063643
42.238 9 IMU_GYRO -0.280762 -0.023193 -0.142578
42.240 9 ESTIMATOR 0. 0.
42.247 9 DESIRED 0. 0.21 0. 0. 0. 655. 0. 15.
42.250 9 ATTITUDE -1.124999 0.223783 -0.066592
42.334 9 IMU_ACCEL -0.679688 3.865234 8.549805
42.343 9 GPS 0 0 0 0 0 0 0 0 0 0 1
42.343 9 ATTITUDE -1.139098 0.233988 -0.069969
42.434 9 DESIRED 0. 0.21 0. 0. 0. 655. 0. 15.
42.437 9 ATTITUDE -1.161195 0.235613 -0.076636
42.505 9 FBW_STATUS 2 0 1 0 0
42.528 9 BAT 0 0 0 0 1 32 0 0
42.531 9 ATTITUDE -1.247166 0.235714 -0.091097
42.579 9 GPS 0 0 0 0 0 0 0 0 0 0 1
42.636 9 WP_MOVED 1 348865. 5945715. 660. 12
42.642 9 DESIRED 0. 0.24 0. 0. 0. 655. 0. 15.
42.645 9 ATTITUDE -1.286101 0.231569 -0.081926
42.727 9 CALIBRATION 0. 0
42.729 9 ESTIMATOR 0. 0.
42.733 9 ATTITUDE -1.263023 0.232102 -0.068969
42.846 9 IMU_MAG 0. 0. 0.
42.849 9 IMU_GYRO -0.077637 -0.070068 -0.052002
42.855 9 GPS 0 0 0 0 0 0 0 0 0 0 1
42.861 9 DESIRED 0. 0.23 0. 0. 0. 655. 0. 15.
42.864 9 ATTITUDE -1.264858 0.236729 -0.058851
42.930 9 NAVIGATION 0 1 0. 0. 0. 0. 0 0
42.933 9 ATTITUDE -1.271715 0.240165 -0.055235
43.029 9 DOWNLINK_STATUS 0 43 28556 1268 0 735. 32. 47.59
43.032 9 DL_VALUE 21 0.1
43.039 9 DESIRED 0. 0.24 0. 0. 0. 655. 0. 15.
43.042 9 ATTITUDE -1.282951 0.237618 -0.057068
43.079 9 GPS 0 0 0 0 0 0 0 0 0 0 1
43.131 9 IMU_ACCEL -0.550781 2.168945 8.966797
43.135 9 WP_MOVED 2 348895. 5945815. 660. 12
43.138 9 ATTITUDE -1.286236 0.235161 -0.057057
43.233 9 ESTIMATOR 0. 0.
43.240 9 DESIRED 0. 0.24 0. 0. 0. 655. 0. 15.
43.243 9 ATTITUDE -1.312345 0.235536 -0.053995
43.332 9 GPS 0 0 0 0 0 0 0 0 0 0 1
43.335 9 ATTITUDE -1.399758 0.230921 -0.040986
43.438 9 GPS_SOL 0 0 0 0
43.441 9 IMU_GYRO 0.005127 -0.05835 -0.05957
43.448 9 DESIRED 0. 0.27 0. 0. 0. 655. 0. 15.
43.451 9 ATTITUDE -1.444905 0.238815 -0.027009
43.523 9 ATTITUDE -1.435734 0.239206 -0.024972
43.579 9 GPS 0 0 0 0 0 0 0 0 0 0 1
43.640 9 BAT 0 0 0 0 1 33 0 0
43.643 9 WP_MOVED 3 348965.09375 5945786. 660. 12
43.651 9 DESIRED 0. 0.27 0. 0. 0. 655. 0. 15.
43.653 9 ATTITUDE -1.445609 0.246092 -0.014633
43.725 9 ESTIMATOR 0. 0.
43.728 9 ATTITUDE -1.443357 0.244675 -0.003318
43.844 9 GPS 0 0 0 0 0 0 0 0 0 0 1
43.847 9 DESIRED 0. 0.26 0. 0. 0. 655. 0. 15.
43.850 9 ATTITUDE -1.423666 0.239302 0.00166
43.933 9 NAVIGATION 0 1 0. 0. 0. 0. 0 0
43.936 9 IMU_ACCEL 0.186523 1.556641 9.067383
43.940 9 ATTITUDE -1.412334 0.224471 0.004888
44.029 9 DOWNLINK_STATUS 0 44 29255 1298 0 699. 30. 47.59
44.035 9 STATE_FILTER_STATUS 3 0
44.038 9 IMU_GYRO -0.130859 -0.255371 -0.024414
44.045 9 DESIRED 0. 0.26 0. 0. 0. 655. 0. 15.
44.048 9 ATTITUDE -1.419871 0.221153 0.024482
44.078 9 GPS 0 0 0 0 0 0 0 0 0 0 1
44.131 9 IMU_MAG 0. 0. 0.
44.134 9 WP_MOVED 4 348764.6875 5945795. 660. 12
44.137 9 ATTITUDE -1.432036 0.222882 0.049075
44.233 9 ESTIMATOR 0. 0.
44.240 9 DESIRED 0. 0.26 0. 0. 0. 655. 0. 15.
44.243 9 ATTITUDE -1.427168 0.221486 0.059751
44.332 9 GPS 0 0 0 0 0 0 0 0 0 0 1
44.335 9 ATTITUDE -1.430282 0.217683 0.064174
44.434 9 DESIRED 0. 0.26 0. 0. 0. 655. 0. 15.
44.437 9 ATTITUDE -1.435508 0.217877 0.071489
44.505 9 FBW_STATUS 2 0 1 0 0
44.530 9 ENERGY 0. 0. 0 0.
44.532 9 DL_VALUE 22 0.
44.535 9 ATTITUDE -1.423803 0.221797 0.097313
44.579 9 GPS 0 0 0 0 0 0 0 0 0 0 1
44.639 9 IMU_GYRO -0.055176 -0.30957 -0.033936
44.642 9 WP_MOVED 5 348740. 5945760. 660. 12
44.649 9 DESIRED 0. 0.26 0. 0. 0. 655. 0. 15.
44.652 9 ATTITUDE -1.404461 0.226556 0.129302
44.735 9 BAT 0 0 0 0 1 34 0 0
44.738 9 IMU_ACCEL 1.728516 1.21582 9.382812
44.740 9 ESTIMATOR 0. 0.
44.743 9 ATTITUDE -1.429742 0.23157 0.16613
44.839 9 CALIBRATION 0. 0
44.849 9 GPS 0 0 0 0 0 0 0 0 0 0 1
44.851 9 DESIRED 0. 0.27 0. 0. 0. 655. 0. 15.
44.855 9 ATTITUDE -1.459463 0.23445 0.218582
44.930 9 NAVIGATION 0 1 0. 0. 0. 0. 0 0
44.933 9 ATTITUDE -1.436473 0.23628 0.272902
45.030 9 DOWNLINK_STATUS 0 45 30010 1332 0 755. 34. 47.59
45.035 9 DESIRED 0. 0.26 0. 0. 0. 655. 0. 15.
45.038 9 ATTITUDE -1.421827 0.236068 0.324086
45.079 9 GPS 0 0 0 0 0 0 0 0 0 0 1
45.129 9 PPRZ_MODE 2 0 0 0 0 6
45.132 9 WP_MOVED 6 348665. 5945815. 660. 12
45.135 9 ATTITUDE -1.448316 0.234568 0.368324
45.238 9 IMU_GYRO 0.11377 -0.23291 -0.000977
45.239 9 ESTIMATOR 0. 0.
45.247 9 DESIRED 0. 0.27 0. 0. 0. 655. 0. 15.
45.250 9 ATTITUDE -1.455798 0.233824 0.400292
45.307 9 ACTUATORS |1000,1500,1350,1750,2000,1500|
45.333 9 GPS 0 0 0 0 0 0 0 0 0 0 1
45.336 9 ATTITUDE -1.448351 0.234022 0.423874
45.406 9 COMMANDS |0,9600,-3169,0,0,0|
45.438 9 GPS_SOL 0 0 0 0
45.441 9 IMU_MAG 0. 0. 0.
45.447 9 DESIRED 0. 0.27 0. 0. 0. 655. 0. 15.
45.450 9 ATTITUDE -1.458914 0.233127 0.440151
45.527 9 IMU_ACCEL 4.401367 0.550781 8.353516
45.529 9 ATTITUDE -1.478586 0.231304 0.449735
45.560 9 PONG 
45.582 9 GPS 0 0 0 0 0 0 0 0 0 0 1
45.635 9 WP_MOVED 7 349065. 5946015. 660. 12
45.643 9 DESIRED 0. 0.27 0. 0. 0. 655. 0. 15.
45.645 9 ATTITUDE -1.486472 0.230124 0.461868
45.726 9 ESTIMATOR 0. 0.
45.728 9 ATTITUDE -1.486181 0.232131 0.477757
45.846 9 BAT 0 0 0 0 1 35 0 0
45.849 9 IMU_GYRO -0.065918 -0.069092 -0.011475
45.855 9 GPS 0 0 0 0 0 0 0 0 0 0 1
45.863 9 DESIRED 0. 0.28 0. 0. 0. 655. 0. 15.
45.865 9 ATTITUDE -1.494459 0.232825 0.490158
45.929 9 NAVIGATION 0 1 0. 0. 0. 0. 0 0
45.932 9 ATTITUDE -1.500192 0.230888 0.49345
46.030 9 DOWNLINK_STATUS 0 46 30772 1366 0 762. 34. 51.94
46.032 9 DL_VALUE 23 0.05
46.038 9 DESIRED 0. 0.28 0. 0. 0. 655. 0. 15.
46.041 9 ATTITUDE -1.502243 0.229896 0.476111
46.078 9 GPS 0 0 0 0 0 0 0 0 0 0 1
46.128 9 DOWNLINK 1 747 1179
46.131 9 WP_MOVED 0 348907. 5945757. 660. 12
46.134 9 ATTITUDE -1.493416 0.236805 0.439928
46.241 9 ALIVE |176,140,111,246,167,31,238,25,173,152,163,59,73,106,208,19|
46.243 9 STATE_FILTER_STATUS 3 0
46.245 9 ESTIMATOR 0. 0.
46.252 9 DESIRED 0. 0.27 0. 0. 0. 655. 0. 15.
46.255 9 ATTITUDE -1.49452 0.240423 0.403647
46.338 9 NAVIGATION_REF 348865 5945715 12 605.
46.346 9 IMU_ACCEL 3.726562 0.37793 8.698242
46.347 9 GPS 0 0 0 0 0 0 0 0 0 0 1
46.350 9 ATTITUDE -1.510926 0.236017 0.384978
46.435 9 IMU_GYRO 0.064697 -0.102051 -0.024414
46.441 9 DESIRED 0. 0.28 0. 0. 0. 655. 0. 15.
46.444 9 ATTITUDE -1.515921 0.232824 0.387146
46.505 9 FBW_STATUS 2 0 1 0 0
46.523 9 ATTITUDE -1.511454 0.235102 0.40116
46.578 9 GPS 0 0 0 0 0 0 0 0 0 0 1
46.636 9 WP_MOVED 1 348865. 5945715. 660. 12
46.642 9 DESIRED 0. 0.28 0. 0. 0. 655. 0. 15.
46.645 9 ATTITUDE -1.513195 0.236683 0.411552
46.730 9 IMU_MAG 0. 0. 0.
46.732 9 ESTIMATOR 0. 0.
46.735 9 ATTITUDE -1.514288 0.235744 0.388907
46.844 9 GPS 0 0 0 0 0 0 0 0 0 0 1
46.847 9 DESIRED 0. 0.28 0. 0. 0. 655. 0. 15.
46.850 9 ATTITUDE -1.519879 0.234548 0.329364
46.940 9 ENERGY 0. 0. 0 0.
46.942 9 CALIBRATION 0. 0
46.945 9 BAT 0 0 0 0 1 36 0 0
46.950 9 NAVIGATION 0 1 0. 0. 0. 0. 0 0
46.953 9 ATTITUDE -1.523467 0.235695 0.2706
47.030 9 DOWNLINK_STATUS 0 47 31562 1402 0 790. 36. 51.94
47.035 9 IMU_GYRO -0.083008 0.543701 -0.1521
47.042 9 DESIRED 0. 0.28 0. 0. 0. 655. 0. 15.
47.045 9 ATTITUDE -1.529602 0.242153 0.219348
47.079 9 GPS 0 0 0 0 0 0 0 0 0 0 1
47.131 9 IMU_ACCEL 1.609375 0.257812 9.239258
47.135 9 WP_MOVED 2 348895. 5945815. 660. 12
47.138 9 ATTITUDE -1.532796 0.252624 0.166338
47.233 9 ESTIMATOR 0. 0.
47.240 9 DESIRED 0. 0.28 0. 0. 0. 655. 0. 15.
47.243 9 ATTITUDE -1.512369 0.261835 0.12171
47.332 9 GPS 0 0 0 0 0 0 0 0 0 0 1
47.335 9 ATTITUDE -1.450471 0.264911 0.106167
47.435 9 GPS_SOL 0 0 0 0
47.441 9 DESIRED 0. 0.25 0. 0. 0. 655. 0. 15.
47.444 9 ATTITUDE -1.330991 0.257599 0.112718
47.524 9 DL_VALUE 24 0.
47.527 9 ATTITUDE -1.198476 0.249567 0.110825
47.579 9 GPS 0 0 0 0 0 0 0 0 0 0 1
47.639 9 IMU_GYRO 0.3479 0.237305 0.02124
47.642 9 WP_MOVED 3 348965.09375 5945786. 660. 12
47.649 9 DESIRED 0. 0.21 0. 0. 0. 655. 0. 15.
47.652 9 ATTITUDE -1.131313 0.245966 0.095147
47.726 9 ESTIMATOR 0. 0.
47.729 9 ATTITUDE -1.076966 0.226863 0.066512
47.840 9 GPS 0 0 0 0 0 0 0 0 0 0 1
47.849 9 DESIRED 0. 0.17 0. 0. 0. 655. 0. 15.
47.850 9 ATTITUDE -0.946793 0.210332 0.038356
47.933 9 NAVIGATION 0 1 0. 0. 0. 0. 0 0
47.936 9 IMU_ACCEL 0.119141 6.198242 6.920898
47.939 9 ATTITUDE -0.830261 0.197728 0.020043
48.031 9 DOWNLINK_STATUS 0 48 32258 1432 0 696. 30. 51.94
48.039 9 IMU_MAG 0. 0. 0.
48.042 9 BAT 0 0 0 0 1 37 0 0
48.050 9 DESIRED 0. 0.14 0. 0. 0. 655. 0. 15.
48.052 9 ATTITUDE -0.780974 0.186422 0.022066
48.079 9 GPS 0 0 0 0 0 0 0 0 0 0 1
48.127 9 WP_MOVED 4 348764.6875 5945795. 660. 12
48.130 9 ATTITUDE -0.735758 0.178233 0.032664
48.237 9 IMU_GYRO 1.206787 0.116943 -0.076416
48.240 9 ESTIMATOR 0. 0.
48.246 9 DESIRED 0. 0.12 0. 0. 0. 655. 0. 15.
48.250 9 ATTITUDE -0.659165 0.173678 0.030918
48.332 9 GPS 0 0 0 0 0 0 0 0 0 0 1
48.335 9 ATTITUDE -0.51041 0.173459 0.022685
48.431 9 STATE_FILTER_STATUS 3 0
48.438 9 DESIRED 0. 0.07 0. 0. 0. 655. 0. 15.
48.441 9 ATTITUDE -0.357325 0.160782 0.012861
48.505 9 FBW_STATUS 2 0 1 0 0
48.523 9 ATTITUDE -0.268935 0.161903 0.019405
48.578 9 GPS 0 0 0 0 0 0 0 0 0 0 1
48.635 9 WP_MOVED 5 348740. 5945760. 660. 12
48.642 9 DESIRED 0. 0.03 0. 0. 0. 655. 0. 15.
48.645 9 ATTITUDE -0.157138 0.167532 0.01919
48.729 9 IMU_ACCEL 0.119141 9.756836 0.143555
48.732 9 ESTIMATOR 0. 0.
48.735 9 ATTITUDE -0.041611 0.161317 0.020533
48.842 9 IMU_GYRO 1.151367 0.077637 -0.023193
48.848 9 GPS 0 0 0 0 0 0 0 0 0 0 1
48.854 9 DESIRED 0. 0.01 0. 0. 0. 655. 0. 15.
48.857 9 ATTITUDE 0.075306 0.152002 0.018612
48.930 9 NAVIGATION 0 1 0. 0. 0. 0. 0 0
48.933 9 ATTITUDE 0.184823 0.14985 0.018168
49.031 9 DOWNLINK_STATUS 0 49 32971 1463 0 713. 31. 51.94
49.034 9 CALIBRATION 0. 0
49.036 9 DL_VALUE 25 1.000074
49.043 9 DESIRED 0. 0.05 0. 0. 0. 655. 0. 15.
49.046 9 ATTITUDE 0.281374 0.150001 0.018722
49.079 9 GPS 0 0 0 0 0 0 0 0 0 0 1
49.132 9 BAT 0 1 0 0 1 38 0 0
49.135 9 WP_MOVED 6 348665. 5945815. 660. 12
49.139 9 ATTITUDE 0.399332 0.149915 0.011326
49.233 9 ESTIMATOR 0. 0.
49.240 9 DESIRED 0. 0.11 0. 0. 0. 655. 0. 15.
49.243 9 ATTITUDE 0.595262 0.150098 -0.013765
49.338 9 ENERGY 0. 0. 0 0.
49.342 9 IMU_MAG 0. 0. 0.
49.352 9 GPS 0 0 0 0 0 0 0 0 0 0 1
49.352 9 ATTITUDE 0.811737 0.154133 -0.039124
49.438 9 GPS_SOL 0 0 0 0
49.441 9 IMU_GYRO 1.177002 0.149902 0.025391
49.448 9 DESIRED 0. 0.18 0. 0. 0. 655. 0. 15.
49.451 9 ATTITUDE 0.963721 0.160078 -0.038865
49.527 9 IMU_ACCEL -0.296875 5.163086 -9.019531
49.530 9 ATTITUDE 1.062208 0.150195 -0.02219
49.579 9 GPS 0 0 0 0 0 0 0 0 0 0 1
49.636 9 WP_MOVED 7 349065. 5946015. 660. 12
49.642 9 DESIRED 0. 0.21 0. 0. 0. 655. 0. 15.
49.645 9 ATTITUDE 1.129833 0.138163 -0.000228
49.725 9 ESTIMATOR 0. 0.
49.727 9 ATTITUDE 1.191005 0.134864 0.009406
49.841 9 GPS 0 0 0 0 0 0 0 0 0 0 1
49.854 9 DESIRED 0. 0.23 0. 0. 0. 655. 0. 15.
49.854 9 ATTITUDE 1.252336 0.128624 0.021462
49.930 9 NAVIGATION 0 1 0. 0. 0. 0. 0 0
49.933 9 ATTITUDE 1.28146 0.142971 0.020469
50.032 9 DOWNLINK_STATUS 0 50 33701 1495 0 730. 32. 51.94
50.036 9 PPRZ_MODE 2 0 0 0 0 6
50.039 9 IMU_GYRO 0.486328 0.072266 -0.040283
50.046 9 DESIRED 0. 0.24 0. 0. 0. 655. 0. 15.
50.049 9 ATTITUDE 1.328291 0.149567 0.016605
50.094 9 GPS 0 0 0 0 0 0 0 0 0 0 1
50.127 9 WP_MOVED 0 348907. 5945757. 660. 12
50.130 9 ATTITUDE 1.39932 0.142498 0.018925
50.239 9 BAT 0 0 0 0 1 39 0 0
50.241 9 ESTIMATOR 0. 0.
50.248 9 DESIRED 0. 0.27 0. 0. 0. 655. 0. 15.
50.251 9 ATTITUDE 1.470164 0.130966 0.017083
50.306 9 ACTUATORS |1000,1500,1755,1000,1250,1500|
50.333 9 IMU_ACCEL -0.607422 1.058594 -12.405273
50.339 9 GPS 0 0 0 0 0 0 0 0 0 0 1
50.342 9 ATTITUDE 1.536119 0.119203 0.01918
50.406 9 COMMANDS |0,-9600,4691,0,0,0|
50.434 9 DESIRED 0. 0.29 0. 0. 0. 655. 0. 15.
50.437 9 ATTITUDE 1.568088 0.113264 0.035125
50.504 9 FBW_STATUS 2 0 1 0 0
50.524 9 DL_VALUE 26 0.298451
50.527 9 ATTITUDE 1.581037 0.103253 0.040404
50.557 9 PONG 
50.579 9 GPS 0 0 0 0 0 0 0 0 0 0 1
50.643 9 STATE_FILTER_STATUS 3 0
50.646 9 IMU_MAG 0. 0. 0.
50.649 9 IMU_GYRO -0.099854 0.022217 -0.099854
50.653 9 WP_MOVED 1 348865. 5945715. 660. 12
50.659 9 DESIRED 0. 0.29 0. 0. 0. 655. 0. 15.
50.662 9 ATTITUDE 1.585448 0.09241 0.040799
50.725 9 ESTIMATOR 0. 0.
50.728 9 ATTITUDE 1.593389 0.090417 0.043757
50.840 9 GPS 0 0 0 0 0 0 0 0 0 0 1
50.849 9 DESIRED 0. 0.29 0. 0. 0. 655. 0. 15.
50.850 9 ATTITUDE 1.579974 0.091576 0.032811
50.929 9 NAVIGATION 0 1 0. 0. 0. 0. 0 0
50.933 9 ATTITUDE 1.585571 0.0917 0.037623
51.033 9 DOWNLINK_STATUS 0 51 34481 1531 0 780. 36. 48.77
51.034 9 DESIRED 0. 0.3 0. 0. 0. 655. 0. 15.
51.037 9 ATTITUDE 1.607721 0.091911 0.054318
51.078 9 GPS 0 0 0 0 0 0 0 0 0 0 1
51.132 9 CALIBRATION 0. 0
51.135 9 IMU_ACCEL 0.430664 -0.109375 -10.317383
51.139 9 WP_MOVED 2 348895. 5945815. 660. 12
51.142 9 ATTITUDE 1.611468 0.091859 0.056975
51.207 9 WIND_INFO 9 42 0. 0. 0.
51.251 9 DOWNLINK 1 738 1347
51.254 9 IMU_GYRO 0.014893 0.011475 -0.026367
51.256 9 ESTIMATOR 0. 0.
51.263 9 DESIRED 0. 0.3 0. 0. 0. 655. 0. 15.
51.266 9 ATTITUDE 1.611317 0.091859 0.056967
51.340 9 ALIVE |176,140,111,246,167,31,238,25,173,152,163,59,73,106,208,19|
51.344 9 BAT 0 0 0 0 1 41 0 0
51.351 9 GPS 0 0 0 0 0 0 0 0 0 0 1
51.353 9 ATTITUDE 1.610847 0.091871 0.056684
51.434 9 GPS_SOL 0 0 0 0
51.441 9 DESIRED 0. 0.3 0. 0. 0. 655. 0. 15.
51.444 9 ATTITUDE 1.609378 0.091213 0.055824
51.524 9 ATTITUDE 1.608647 0.091235 0.055341
51.579 9 GPS 0 0 0 0 0 0 0 0 0 0 1
51.636 9 WP_MOVED 3 348965.09375 5945786. 660. 12
51.642 9 DESIRED 0. 0.3 0. 0. 0. 655. 0. 15.
51.645 9 ATTITUDE 1.609577 0.09128 0.055992
51.731 9 ENERGY 0. 0. 0 0.
51.733 9 ESTIMATOR 0. 0.
51.736 9 ATTITUDE 1.604467 0.091066 0.052069
51.842 9 IMU_GYRO -0.217041 -0.261719 -0.046631
51.848 9 GPS 0 0 0 0 0 0 0 0 0 0 1
51.856 9 DESIRED 0. 0.29 0. 0. 0. 655. 0. 15.
51.861 9 ATTITUDE 1.572014 0.089735 0.02416
51.935 9 IMU_MAG 0. 0. 0.
51.941 9 NAVIGATION 0 1 0. 0. 0. 0. 0 0
51.943 9 IMU_ACCEL -0.257812 0.708008 -10.671875
51.946 9 ATTITUDE 1.564997 0.084988 0.005595
52.031 9 DL_VALUE 27 1.
52.033 9 DOWNLINK_STATUS 0 52 35281 1567 0 800. 36. 48.77
52.039 9 DESIRED 0. 0.29 0. 0. 0. 655. 0. 15.
52.042 9 ATTITUDE 1.564126 0.066266 -0.017096
52.078 9 GPS 0 0 0 0 0 0 0 0 0 0 1
52.128 9 WP_MOVED 4 348764.6875 5945795. 660. 12
52.130 9 ATTITUDE 1.563796 0.044757 -0.043662
52.234 9 ESTIMATOR 0. 0.
52.240 9 DESIRED 0. 0.29 0. 0. 0. 655. 0. 15.
52.242 9 ATTITUDE 1.564097 0.03257 -0.054912
52.332 9 GPS 0 0 0 0 0 0 0 0 0 0 1
52.335 9 ATTITUDE 1.564438 0.026524 -0.054261
52.439 9 BAT 0 1 0 0 1 42 0 0
52.442 9 IMU_GYRO 0.015869 -0.040283 -0.023193
52.449 9 DESIRED 0. 0.29 0. 0. 0. 655. 0. 15.
52.452 9 ATTITUDE 1.564497 0.025771 -0.056034
52.505 9 FBW_STATUS 2 0 1 1 0
52.522 9 ATTITUDE 1.564513 0.026375 -0.061048
52.578 9 GPS 0 0 0 0 0 0 0 0 0 0 1
52.635 9 WP_MOVED 5 348740. 5945760. 660. 12
52.642 9 DESIRED 0. 0.29 0. 0. 0. 655. 0. 15.
52.645 9 ATTITUDE 1.564321 0.025385 -0.061095
52.729 9 IMU_ACCEL -0.665039 0.224609 -10.178711
52.732 9 ESTIMATOR 0. 0.
52.735 9 ATTITUDE 1.563992 0.025824 -0.055849
52.838 9 STATE_FILTER_STATUS 3 0
52.844 9 GPS 0 0 0 0 0 0 0 0 0 0 1
52.852 9 DESIRED 0. 0.29 0. 0. 0. 655. 0. 15.
52.854 9 ATTITUDE 1.563643 0.031278 -0.044266
52.929 9 NAVIGATION 0 1 0. 0. 0. 0. 0 0
52.933 9 ATTITUDE 1.563176 0.038711 -0.028331
53.034 9 IMU_GYRO 0.005127 0.26709 0.027588
53.034 9 DOWNLINK_STATUS 0 53 35976 1597 0 695. 30. 48.77
53.041 9 DESIRED 0. 0.29 0. 0. 0. 655. 0. 15.
53.044 9 ATTITUDE 1.562032 0.045443 -0.004884
53.078 9 GPS 0 0 0 0 0 0 0 0 0 0 1
53.127 9 WP_MOVED 6 348665. 5945815. 660. 12
53.130 9 ATTITUDE 1.561304 0.048283 0.016772
53.239 9 CALIBRATION 0. 0
53.242 9 IMU_MAG 0. 0. 0.
53.244 9 ESTIMATOR 0. 0.
53.251 9 DESIRED 0. 0.29 0. 0. 0. 655. 0. 15.
53.254 9 ATTITUDE 1.565266 0.049072 0.025641
53.332 9 GPS 0 0 0 0 0 0 0 0 0 0 1
53.336 9 ATTITUDE 1.56618 0.057583 0.023778
53.434 9 GPS_SOL 0 0 0 0
53.441 9 DESIRED 0. 0.29 0. 0. 0. 655. 0. 15.
53.444 9 ATTITUDE 1.567819 0.078959 0.024377
53.532 9 DL_VALUE 28 0.
53.536 9 BAT 0 1 0 0 1 43 0 0
53.539 9 IMU_ACCEL -0.296875 0.109375 -10.3125
53.542 9 ATTITUDE 1.567323 0.090466 0.02052
53.579 9 GPS 0 0 0 0 0 0 0 0 0 0 1
53.638 9 IMU_GYRO 0.049805 0.003174 0.145752
53.642 9 WP_MOVED 7 349065. 5946015. 660. 12
53.649 9 DESIRED 0. 0.3 0. 0. 0. 655. 0. 15.
53.652 9 ATTITUDE 1.609933 0.094047 0.016876
53.725 9 ESTIMATOR 0. 0.
53.728 9 ATTITUDE 1.611618 0.108398 0.015248
53.841 9 GPS 0 0 0 0 0 0 0 0 0 0 1
53.847 9 DESIRED 0. 0.3 0. 0. 0. 655. 0. 15.
53.850 9 ATTITUDE 1.611347 0.111333 0.014572
53.930 9 NAVIGATION 0 1 0. 0. 0. 0. 0 0
53.933 9 ATTITUDE 1.611703 0.124935 0.012751
54.035 9 DESIRED 0. 0.3 0. 0. 0. 655. 0. 15.
54.035 9 DOWNLINK_STATUS 0 54 36724 1629 0 748. 32. 48.77
54.038 9 ATTITUDE 1.611722 0.138382 0.012165
54.078 9 GPS 0 0 0 0 0 0 0 0 0 0 1
54.131 9 ENERGY 0. 0. 0 0.
54.134 9 WP_MOVED 0 348907. 5945757. 660. 12
54.138 9 ATTITUDE 1.611434 0.145933 0.010392
54.237 9 IMU_GYRO -0.011475 0.075439 -0.009521
54.240 9 ESTIMATOR 0. 0.
54.246 9 DESIRED 0. 0.3 0. 0. 0. 655. 0. 15.
54.249 9 ATTITUDE 1.609497 0.149543 0.021523
54.333 9 IMU_ACCEL 0.095703 -0.138672 -10.322266
54.339 9 GPS 0 0 0 0 0 0 0 0 0 0 1
54.342 9 ATTITUDE 1.608567 0.150035 0.0227
54.434 9 DESIRED 0. 0.3 0. 0. 0. 655. 0. 15.
54.437 9 ATTITUDE 1.607931 0.147462 0.024009
54.505 9 FBW_STATUS 2 0 1 0 0
54.526 9 IMU_MAG 0. 0. 0.
54.529 9 ATTITUDE 1.606925 0.114986 0.026052
54.578 9 GPS 0 0 0 0 0 0 0 0 0 0 1
54.640 9 BAT 0 0 0 0 1 44 0 0
54.643 9 WP_MOVED 1 348865. 5945715. 660. 12
54.650 9 DESIRED 0. 0.3 0. 0. 0. 655. 0. 15.
54.653 9 ATTITUDE 1.603221 0.06754 0.02863
54.725 9 ESTIMATOR 0. 0.
54.728 9 ATTITUDE 1.601376 0.043312 0.028335
54.841 9 IMU_GYRO 0.02124 0.00415 -0.037109
54.847 9 GPS 0 0 0 0 0 0 0 0 0 0 1
54.856 9 DESIRED 0. 0.29 0. 0. 0. 655. 0. 15.
54.857 9 ATTITUDE 1.601968 0.043485 0.027296
54.930 9 PPRZ_MODE 2 0 0 0 0 6
54.934 9 NAVIGATION 0 1 0. 0. 0. 0. 0 0
54.937 9 ATTITUDE 1.602151 0.043084 0.026833
55.033 9 STATE_FILTER_STATUS 3 0
55.035 9 DL_VALUE 29 100.
55.035 9 DOWNLINK_STATUS 0 55 37442 1662 0 718. 33. 48.77
55.042 9 DESIRED 0. 0.29 0. 0. 0. 655. 0. 15.
55.045 9 ATTITUDE 1.601964 0.043053 0.026587
55.078 9 GPS 0 0 0 0 0 0 0 0 0 0 1
55.131 9 IMU_ACCEL 0.119141 -0.143555 -10.375
55.134 9 WP_MOVED 2 348895. 5945815. 660. 12
55.137 9 ATTITUDE 1.601806 0.04302 0.026423
55.233 9 ESTIMATOR 0. 0.
55.240 9 DESIRED 0. 0.29 0. 0. 0. 655. 0. 15.
55.243 9 ATTITUDE 1.601659 0.043066 0.02629
55.306 9 ACTUATORS |1000,1500,1759,1000,1250,1500|
55.336 9 NAVIGATION_REF 348865 5945715 12 605.
55.338 9 CALIBRATION 0. 0
55.344 9 GPS 0 0 0 0 0 0 0 0 0 0 1
55.347 9 ATTITUDE 1.601498 0.043111 0.02613
55.406 9 COMMANDS |0,-9600,4977,0,0,0|
55.438 9 GPS_SOL 0 0 0 0
55.441 9 IMU_GYRO 0.013672 0.011475 -0.026367
55.448 9 DESIRED 0. 0.29 0. 0. 0. 655. 0. 15.
55.451 9 ATTITUDE 1.601348 0.043096 0.026008
55.523 9 ATTITUDE 1.60116 0.043101 0.025871
55.555 9 PONG 
55.578 9 GPS 0 0 0 0 0 0 0 0 0 0 1
55.636 9 WP_MOVED 3 348965.09375 5945786. 660. 12
55.642 9 DESIRED 0. 0.29 0. 0. 0. 655. 0. 15.
55.645 9 ATTITUDE 1.600987 0.043085 0.025747
55.731 9 BAT 0 0 0 0 1 45 0 0
55.733 9 ESTIMATOR 0. 0.
55.736 9 ATTITUDE 1.600845 0.04313 0.025588
55.841 9 IMU_MAG 0. 0. 0.
55.847 9 GPS 0 0 0 0 0 0 0 0 0 0 1
55.865 9 DESIRED 0. 0.29 0. 0. 0. 655. 0. 15.
55.866 9 ATTITUDE 1.600662 0.043115 0.025467
55.933 9 NAVIGATION 0 1 0. 0. 0. 0. 0 0
55.936 9 IMU_ACCEL 0.100586 -0.133789 -10.370117
55.939 9 ATTITUDE 1.600509 0.0431 0.025347
56.034 9 IMU_GYRO 0.013672 0.012695 -0.027588
56.036 9 DOWNLINK_STATUS 0 56 38240 1698 0 798. 36. 45.75
56.041 9 DESIRED 0. 0.29 0. 0. 0. 655. 0. 15.
56.044 9 ATTITUDE 1.600304 0.043084 0.02519
56.078 9 GPS 0 0 0 0 0 0 0 0 0 0 1
56.127 9 WP_MOVED 4 348764.6875 5945795. 660. 12
56.130 9 ATTITUDE 1.600113 0.043108 0.025002
56.233 9 ESTIMATOR 0. 0.
56.239 9 DESIRED 0. 0.29 0. 0. 0. 655. 0. 15.
56.242 9 ATTITUDE 1.599921 0.043092 0.02484
56.330 9 DOWNLINK 1 745 1515
56.336 9 GPS 0 0 0 0 0 0 0 0 0 0 1
56.339 9 ATTITUDE 1.599757 0.043059 0.024687
56.436 9 ALIVE |176,140,111,246,167,31,238,25,173,152,163,59,73,106,208,19|
56.443 9 DESIRED 0. 0.29 0. 0. 0. 655. 0. 15.
56.446 9 ATTITUDE 1.599623 0.043064 0.024554
56.504 9 FBW_STATUS 2 0 1 0 0
56.529 9 ENERGY 0. 0. 0 0.
56.531 9 DL_VALUE 30 0.
56.534 9 ATTITUDE 1.599489 0.043028 0.024399
56.578 9 GPS 0 0 0 0 0 0 0 0 0 0 1
56.639 9 IMU_GYRO 0.013672 0.011475 -0.027588
56.642 9 WP_MOVED 5 348740. 5945760. 660. 12
56.649 9 DESIRED 0. 0.29 0. 0. 0. 655. 0. 15.
56.652 9 ATTITUDE 1.599323 0.043033 0.02426
56.729 9 IMU_ACCEL 0.100586 -0.076172 -10.345703
56.732 9 ESTIMATOR 0. 0.
56.735 9 ATTITUDE 1.599166 0.043038 0.024131
56.842 9 BAT 0 0 0 0 1 46 0 0
56.848 9 GPS 0 0 0 0 0 0 0 0 0 0 1
56.862 9 DESIRED 0. 0.29 0. 0. 0. 655. 0. 15.
56.865 9 ATTITUDE 1.599004 0.042985 0.023947
56.929 9 NAVIGATION 0 1 0. 0. 0. 0. 0 0
56.932 9 ATTITUDE 1.598838 0.04299 0.023813
57.034 9 DESIRED 0. 0.29 0. 0. 0. 655. 0. 15.
57.036 9 DOWNLINK_STATUS 0 57 39011 1731 0 771. 33. 45.75
57.037 9 ATTITUDE 1.598671 0.043056 0.023664
57.078 9 GPS 0 0 0 0 0 0 0 0 0 0 1
57.131 9 IMU_MAG 0. 0. 0.
57.134 9 WP_MOVED 6 348665. 5945815. 660. 12
57.137 9 ATTITUDE 1.598513 0.043061 0.023516
57.238 9 STATE_FILTER_STATUS 3 0
57.241 9 IMU_GYRO 0.014893 0.012695 -0.027588
57.243 9 ESTIMATOR 0. 0.
57.250 9 DESIRED 0. 0.29 0. 0. 0. 655. 0. 15.
57.253 9 ATTITUDE 1.59837 0.043026 0.023389
57.332 9 GPS 0 0 0 0 0 0 0 0 0 0 1
57.336 9 ATTITUDE 1.598231 0.043033 0.023317
57.436 9 CALIBRATION 0. 0
57.439 9 GPS_SOL 0 0 0 0
57.445 9 DESIRED 0. 0.29 0. 0. 0. 655. 0. 15.
57.448 9 ATTITUDE 1.598081 0.042998 0.023184
57.527 9 IMU_ACCEL 0.095703 -0.104492 -10.355469
57.530 9 ATTITUDE 1.597986 0.043065 0.023055
57.579 9 GPS 0 0 0 0 0 0 0 0 0 0 1
57.635 9 WP_MOVED 7 349065. 5946015. 660. 12
57.642 9 DESIRED 0. 0.29 0. 0. 0. 655. 0. 15.
57.645 9 ATTITUDE 1.597888 0.043013 0.022908
57.725 9 ESTIMATOR 0. 0.
57.727 9 ATTITUDE 1.597723 0.043018 0.02278
57.841 9 IMU_GYRO 0.013672 0.010498 -0.027588
57.847 9 GPS 0 0 0 0 0 0 0 0 0 0 1
57.854 9 DESIRED 0. 0.29 0. 0. 0. 655. 0. 15.
57.862 9 ATTITUDE 1.597557 0.043023 0.022623
57.934 9 BAT 0 0 0 0 1 47 0 0
57.937 9 NAVIGATION 0 1 0. 0. 0. 0. 0 0
57.940 9 ATTITUDE 1.597358 0.042987 0.022444
58.031 9 DL_VALUE 31 2.
58.036 9 DOWNLINK_STATUS 0 58 39710 1763 0 699. 32. 45.75
58.039 9 DESIRED 0. 0.29 0. 0. 0. 655. 0. 15.
58.041 9 ATTITUDE 1.597193 0.043012 0.022323
58.078 9 GPS 0 0 0 0 0 0 0 0 0 0 1
58.127 9 WP_MOVED 0 348907. 5945757. 660. 12
58.130 9 ATTITUDE 1.597068 0.043018 0.022217
58.233 9 ESTIMATOR 0. 0.
58.239 9 DESIRED 0. 0.29 0. 0. 0. 655. 0. 15.
58.242 9 ATTITUDE 1.596927 0.043003 0.022054
58.333 9 IMU_ACCEL 0.114258 -0.128906 -10.355469
58.339 9 GPS 0 0 0 0 0 0 0 0 0 0 1
58.343 9 ATTITUDE 1.596763 0.042967 0.021895
58.438 9 IMU_MAG 0. 0. 0.
58.441 9 IMU_GYRO 0.013672 0.011475 -0.026367
58.448 9 DESIRED 0. 0.29 0. 0. 0. 655. 0. 15.
58.451 9 ATTITUDE 1.596592 0.042952 0.021754
58.504 9 FBW_STATUS 2 0 1 0 0
58.522 9 ATTITUDE 1.596423 0.042998 0.021621
58.578 9 GPS 0 0 0 0 0 0 0 0 0 0 1
58.635 9 WP_MOVED 1 348865. 5945715. 660. 12
58.642 9 DESIRED 0. 0.29 0. 0. 0. 655. 0. 15.
58.645 9 ATTITUDE 1.596266 0.043025 0.021533
58.725 9 ESTIMATOR 0. 0.
58.728 9 ATTITUDE 1.596152 0.042989 0.021393
58.840 9 GPS 0 0 0 0 0 0 0 0 0 0 1
58.847 9 DESIRED 0. 0.29 0. 0. 0. 655. 0. 15.
58.850 9 ATTITUDE 1.595982 0.042994 0.021252
58.933 9 ENERGY 0. 0. 0 0.
58.937 9 NAVIGATION 0 1 0. 0. 0. 0. 0 0
58.940 9 ATTITUDE 1.595845 0.042979 0.021102
59.037 9 DOWNLINK_STATUS 0 59 40395 1792 0 685. 29. 45.75
59.039 9 BAT 0 0 0 0 1 48 0 0
59.043 9 IMU_GYRO 0.013672 0.011475 -0.026367
59.049 9 DESIRED 0. 0.29 0. 0. 0. 655. 0. 15.
59.052 9 ATTITUDE 1.595688 0.043006 0.021009
59.078 9 GPS 0 0 0 0 0 0 0 0 0 0 1
59.131 9 IMU_ACCEL 0.09082 -0.114258 -10.365234
59.134 9 WP_MOVED 2 348895. 5945815. 660. 12
59.137 9 ATTITUDE 1.595564 0.042992 0.020903
59.233 9 ESTIMATOR 0. 0.
59.240 9 DESIRED 0. 0.29 0. 0. 0. 655. 0. 15.
59.243 9 ATTITUDE 1.595398 0.043039 0.020801
59.332 9 GPS 0 0 0 0 0 0 0 0 0 0 1
59.335 9 ATTITUDE 1.595215 0.043043 0.02065
59.434 9 STATE_FILTER_STATUS 3 0
59.438 9 GPS_SOL 0 0 0 0
59.444 9 DESIRED 0. 0.29 0. 0. 0. 655. 0. 15.
59.448 9 ATTITUDE 1.59509 0.04305 0.02055
59.526 9 CALIBRATION 0. 0
59.527 9 DL_VALUE 32 0.
59.531 9 ATTITUDE 1.594974 0.043036 0.020464
59.579 9 GPS 0 0 0 0 0 0 0 0 0 0 1
59.638 9 IMU_GYRO 0.013672 0.011475 -0.026367
59.643 9 WP_MOVED 3 348965.09375 5945786. 660. 12
59.649 9 DESIRED 0. 0.29 0. 0. 0. 655. 0. 15.
59.652 9 ATTITUDE 1.594844 0.043063 0.020383
59.729 9 IMU_MAG 0. 0. 0.
59.731 9 ESTIMATOR 0. 0.
59.735 9 ATTITUDE 1.594759 0.043095 0.020302
59.839 9 PPRZ_MODE 2 0 0 0 0 6
59.845 9 GPS 0 0 0 0 0 0 0 0 0 0 1
59.852 9 DESIRED 0. 0.29 0. 0. 0. 655. 0. 15.
59.855 9 ATTITUDE 1.594618 0.043121 0.020171
59.933 9 NAVIGATION 0 1 0. 0. 0. 0. 0 0
59.936 9 IMU_ACCEL 0.09082 -0.148438 -10.365234
59.939 9 ATTITUDE 1.594471 0.043127 0.020052
60.034 9 DESIRED 0. 0.29 0. 0. 0. 655. 0. 15.
60.037 9 ATTITUDE 1.594294 0.043113 0.019923
60.037 9 DOWNLINK_STATUS 0 60 41218 1829 0 823. 37. 45.75
60.078 9 GPS 0 0 0 0 0 0 0 0 0 0 1
60.131 9 BAT 0 0 0 0 1 49 0 0
60.135 9 WP_MOVED 4 348764.6875 5945795. 660. 12
60.138 9 ATTITUDE 1.594171 0.043084 0.019885
60.237 9 IMU_GYRO 0.013672 0.010498 -0.025391
60.240 9 ESTIMATOR 0. 0.
60.246 9 DESIRED 0. 0.29 0. 0. 0. 655. 0. 15.
60.249 9 ATTITUDE 1.594017 0.04307 0.01979
60.306 9 ACTUATORS |1000,1500,1764,1000,1250,1500|
60.332 9 GPS 0 0 0 0 0 0 0 0 0 0 1
60.335 9 ATTITUDE 1.593864 0.043092 0.019639
60.406 9 COMMANDS |0,-9600,5071,0,0,0|
60.435 9 DESIRED 0. 0.29 0. 0. 0. 655. 0. 15.
60.437 9 ATTITUDE 1.59374 0.043077 0.019517
60.504 9 FBW_STATUS 2 0 1 0 0
60.522 9 ATTITUDE 1.593616 0.043064 0.01943
60.555 9 PONG 
60.578 9 GPS 0 0 0 0 0 0 0 0 0 0 1
60.635 9 WP_MOVED 5 348740. 5945760. 660. 12
60.642 9 DESIRED 0. 0.29 0. 0. 0. 655. 0. 15.
60.645 9 ATTITUDE 1.593472 0.043049 0.019316
60.729 9 IMU_ACCEL 0.119141 -0.114258 -10.365234
60.732 9 ESTIMATOR 0. 0.
60.735 9 ATTITUDE 1.593348 0.043036 0.019233
60.841 9 IMU_GYRO 0.013672 0.011475 -0.027588
60.847 9 GPS 0 0 0 0 0 0 0 0 0 0 1
60.854 9 DESIRED 0. 0.29 0. 0. 0. 655. 0. 15.
60.858 9 ATTITUDE 1.593238 0.043006 0.019123
60.929 9 NAVIGATION 0 1 0. 0. 0. 0. 0 0
60.932 9 ATTITUDE 1.593141 0.042991 0.018977
61.036 9 DL_VALUE 33 0.
61.038 9 DOWNLINK_STATUS 0 61 41903 1860 0 685. 31. 45.6
61.039 9 IMU_MAG 0. 0. 0.
61.045 9 DESIRED 0. 0.29 0. 0. 0. 655. 0. 15.
61.048 9 ATTITUDE 1.593051 0.042996 0.018826
61.078 9 GPS 0 0 0 0 0 0 0 0 0 0 1
61.127 9 WP_MOVED 6 348665. 5945815. 660. 12
61.130 9 ATTITUDE 1.592965 0.043023 0.018694
61.239 9 BAT 0 0 0 0 1 50 0 0
61.241 9 ESTIMATOR 0. 0.
61.248 9 DESIRED 0. 0.29 0. 0. 0. 655. 0. 15.
61.251 9 ATTITUDE 1.592883 0.04307 0.01857
61.334 9 ENERGY 0. 0. 0 0.
61.340 9 GPS 0 0 0 0 0 0 0 0 0 0 1
61.343 9 ATTITUDE 1.592739 0.043077 0.018476
61.439 9 DOWNLINK 1 739 1682
61.441 9 GPS_SOL 0 0 0 0
61.446 9 IMU_GYRO 0.013672 0.011475 -0.026367
61.452 9 DESIRED 0. 0.29 0. 0. 0. 655. 0. 15.
61.455 9 ATTITUDE 1.592696 0.043063 0.018382
61.532 9 ALIVE |176,140,111,246,167,31,238,25,173,152,163,59,73,106,208,19|
61.536 9 IMU_ACCEL 0.128906 -0.104492 -10.365234
61.539 9 ATTITUDE 1.592629 0.04309 0.018256
61.578 9 GPS 0 0 0 0 0 0 0 0 0 0 1
61.637 9 STATE_FILTER_STATUS 3 0
61.639 9 CALIBRATION 0. 0
61.642 9 WP_MOVED 7 349065. 5946015. 660. 12
61.650 9 DESIRED 0. 0.29 0. 0. 0. 655. 0. 15.
61.652 9 ATTITUDE 1.592478 0.043097 0.018178
61.725 9 ESTIMATOR 0. 0.
61.728 9 ATTITUDE 1.59234 0.043104 0.018105
61.839 9 GPS 0 0 0 0 0 0 0 0 0 0 1
61.847 9 DESIRED 0. 0.29 0. 0. 0. 655. 0. 15.
61.849 9 ATTITUDE 1.592206 0.043094 0.018001
61.930 9 NAVIGATION 0 1 0. 0. 0. 0. 0 0
61.932 9 ATTITUDE 1.592107 0.04314 0.017845
62.035 9 IMU_GYRO 0.013672 0.011475 -0.027588
62.038 9 DOWNLINK_STATUS 0 62 42683 1895 0 780. 35. 45.6
62.040 9 DESIRED 0. 0.29 0. 0. 0. 655. 0. 15.
62.044 9 ATTITUDE 1.591968 0.043147 0.017756
62.078 9 GPS 0 0 0 0 0 0 0 0 0 0 1
62.126 9 WP_MOVED 0 348907. 5945757. 660. 12
62.130 9 ATTITUDE 1.5919 0.043133 0.017653
62.232 9 ESTIMATOR 0. 0.
62.240 9 DESIRED 0. 0.29 0. 0. 0. 655. 0. 15.
62.242 9 ATTITUDE 1.591786 0.04312 0.017535
62.341 9 IMU_MAG 0. 0. 0.
62.345 9 BAT 0 0 0 0 1 52 0 0
62.348 9 IMU_ACCEL 0.114258 -0.128906 -10.379883
62.354 9 GPS 0 0 0 0 0 0 0 0 0 0 1
62.357 9 ATTITUDE 1.591704 0.043127 0.017453
62.435 9 DESIRED 0. 0.29 0. 0. 0. 655. 0. 15.
62.437 9 ATTITUDE 1.591592 0.043097 0.017348
62.505 9 FBW_STATUS 2 0 1 1 0
62.523 9 DL_VALUE 34 0.
62.526 9 ATTITUDE 1.591466 0.043123 0.017222
62.578 9 GPS 0 0 0 0 0 0 0 0 0 0 1
62.638 9 IMU_GYRO 0.013672 0.010498 -0.027588
62.642 9 WP_MOVED 1 348865. 5945715. 660. 12
62.649 9 DESIRED 0. 0.29 0. 0. 0. 655. 0. 15.
62.652 9 ATTITUDE 1.591349 0.04315 0.017094
62.725 9 ESTIMATOR 0. 0.
62.728 9 ATTITUDE 1.591227 0.043116 0.017014
62.840 9 GPS 0 0 0 0 0 0 0 0 0 0 1
62.847 9 DESIRED 0. 0.29 0. 0. 0. 655. 0. 15.
62.850 9 ATTITUDE 1.591108 0.043122 0.016868
62.929 9 NAVIGATION 0 1 0. 0. 0. 0. 0 0
62.932 9 ATTITUDE 1.590991 0.043129 0.016804
63.034 9 DESIRED 0. 0.29 0. 0. 0. 655. 0. 15.
63.037 9 ATTITUDE 1.590903 0.043117 0.016713
63.039 9 DOWNLINK_STATUS 0 63 43436 1927 0 753. 32. 45.6
63.078 9 GPS 0 0 0 0 0 0 0 0 0 0 1
63.131 9 IMU_ACCEL 0.124023 -0.128906 -10.393555
63.134 9 WP_MOVED 2 348895. 5945815. 660. 12
63.137 9 ATTITUDE 1.590806 0.043103 0.016609
63.237 9 IMU_GYRO 0.012695 0.011475 -0.028564
63.240 9 ESTIMATOR 0. 0.
63.246 9 DESIRED 0. 0.29 0. 0. 0. 655. 0. 15.
63.250 9 ATTITUDE 1.590717 0.04311 0.016481
63.332 9 GPS 0 0 0 0 0 0 0 0 0 0 1
63.335 9 ATTITUDE 1.590603 0.043059 0.016361
63.439 9 GPS_SOL 0 0 0 0
63.442 9 BAT 0 0 0 0 1 53 0 0
63.449 9 DESIRED 0. 0.29 0. 0. 0. 655. 0. 15.
63.452 9 ATTITUDE 1.590512 0.043046 0.016295
63.523 9 ATTITUDE 1.590393 0.043074 0.016213
63.578 9 GPS 0 0 0 0 0 0 0 0 0 0 1
63.638 9 IMU_MAG 0. 0. 0.
63.642 9 WP_MOVED 3 348965.09375 5945786. 660. 12
63.649 9 DESIRED 0. 0.29 0. 0. 0. 655. 0. 15.
63.651 9 ATTITUDE 1.590264 0.04308 0.016096
63.733 9 ENERGY 0. 0. 0 0.
63.734 9 CALIBRATION 0. 0
63.737 9 ESTIMATOR 0. 0.
63.740 9 ATTITUDE 1.590193 0.043067 0.016042
63.841 9 STATE_FILTER_STATUS 3 0
63.844 9 IMU_GYRO 0.013672 0.010498 -0.027588
63.850 9 GPS 0 0 0 0 0 0 0 0 0 0 1
63.858 9 DESIRED 0. 0.29 0. 0. 0. 655. 0. 15.
63.860 9 ATTITUDE 1.590145 0.043059 0.015971
63.933 9 NAVIGATION 0 1 0. 0. 0. 0. 0 0
63.936 9 IMU_ACCEL 0.109375 -0.114258 -10.365234
63.939 9 ATTITUDE 1.590097 0.043025 0.015865
64.031 9 DL_VALUE 35 0.
64.039 9 DESIRED 0. 0.29 0. 0. 0. 655. 0. 15.
64.039 9 DOWNLINK_STATUS 0 64 44193 1961 0 757. 34. 45.6
64.041 9 ATTITUDE 1.590041 0.042991 0.015751
64.078 9 GPS 0 0 0 0 0 0 0 0 0 0 1
64.126 9 WP_MOVED 4 348764.6875 5945795. 660. 12
64.130 9 ATTITUDE 1.589949 0.042978 0.015698
64.232 9 ESTIMATOR 0. 0.
64.240 9 DESIRED 0. 0.29 0. 0. 0. 655. 0. 15.
64.242 9 ATTITUDE 1.589899 0.043006 0.015625
64.333 9 NAVIGATION_REF 348865 5945715 12 605.
64.339 9 GPS 0 0 0 0 0 0 0 0 0 0 1
64.342 9 ATTITUDE 1.58987 0.043053 0.015515
64.434 9 IMU_GYRO 0.013672 0.011475 -0.027588
64.441 9 DESIRED 0. 0.29 0. 0. 0. 655. 0. 15.
64.444 9 ATTITUDE 1.589763 0.04304 0.015438
64.504 9 FBW_STATUS 2 0 1 0 0
64.527 9 BAT 0 0 0 0 1 54 0 0
64.530 9 ATTITUDE 1.589649 0.04299 0.015314
64.578 9 GPS 0 0 0 0 0 0 0 0 0 0 1
64.635 9 WP_MOVED 5 348740. 5945760. 660. 12
64.642 9 DESIRED 0. 0.29 0. 0. 0. 655. 0. 15.
64.645 9 ATTITUDE 1.589564 0.04296 0.015235
64.730 9 PPRZ_MODE 2 0 0 0 0 6
64.734 9 IMU_ACCEL 0.109375 -0.128906 -10.355469
64.736 9 ESTIMATOR 0. 0.
64.739 9 ATTITUDE 1.589504 0.042968 0.015172
