1012.729 2 DOWNLINK_STATUS 0 1012 58475 2854 2 955. 52. -79983.2
1013.731 2 DOWNLINK_STATUS 0 1013 58475 2854 2 0. 0. -79983.2
1014.732 2 DOWNLINK_STATUS 0 1014 58475 2854 2 0. 0. -79983.2
1015.733 2 DOWNLINK_STATUS 0 1015 58475 2854 2 0. 0. -84984.79
1016.734 2 DOWNLINK_STATUS 0 1016 58475 2854 2 0. 0. -84984.79
1017.736 2 DOWNLINK_STATUS 0 1017 58475 2854 2 0. 0. -84984.79
1018.737 2 DOWNLINK_STATUS 0 1018 58475 2854 2 0. 0. -84984.79
1019.737 2 DOWNLINK_STATUS 0 1019 58475 2854 2 0. 0. -84984.79
1020.739 2 DOWNLINK_STATUS 0 1020 58475 2854 2 0. 0. -89986.04
1021.740 2 DOWNLINK_STATUS 0 1021 58475 2854 2 0. 0. -89986.04
1022.742 2 DOWNLINK_STATUS 0 1022 58475 2854 2 0. 0. -89986.04
1022.986 2 WIND_INFO 2 42 0. 0. 0.
1023.743 2 DOWNLINK_STATUS 0 1023 58475 2854 2 0. 0. -89986.04
1024.745 2 DOWNLINK_STATUS 0 1024 58475 2854 2 0. 0. -89986.04
1025.745 2 DOWNLINK_STATUS 0 1025 58475 2854 2 0. 0. -94987.46
1026.747 2 DOWNLINK_STATUS 0 1026 58475 2854 2 0. 0. -94987.46
1027.748 2 DOWNLINK_STATUS 0 1027 58475 2854 2 0. 0. -94987.46
1028.750 2 DOWNLINK_STATUS 0 1028 58475 2854 2 0. 0. -94987.46
1029.751 2 DOWNLINK_STATUS 0 1029 58475 2854 2 0. 0. -94987.46
1029.935 2 WIND_INFO 2 42 0. 0. 0.
1030.753 2 DOWNLINK_STATUS 0 1030 58475 2854 2 0. 0. -99988.29
1031.754 2 DOWNLINK_STATUS 0 1031 58475 2854 2 0. 0. -99988.29
1032.755 2 DOWNLINK_STATUS 0 1032 58475 2854 2 0. 0. -99988.29
1032.986 2 WIND_INFO 2 42 0. 0. 0.
1033.755 2 DOWNLINK_STATUS 0 1033 58475 2854 2 0. 0. -99988.29
1034.757 2 DOWNLINK_STATUS 0 1034 58475 2854 2 0. 0. -99988.29
1035.758 2 DOWNLINK_STATUS 0 1035 58475 2854 2 0. 0. -104989.43
1036.759 2 DOWNLINK_STATUS 0 1036 58475 2854 2 0. 0. -104989.43
1037.760 2 DOWNLINK_STATUS 0 1037 58475 2854 2 0. 0. -104989.43
1038.762 2 DOWNLINK_STATUS 0 1038 58475 2854 2 0. 0. -104989.43
1039.763 2 DOWNLINK_STATUS 0 1039 58475 2854 2 0. 0. -104989.43
1040.764 2 DOWNLINK_STATUS 0 1040 58475 2854 2 0. 0. -109989.85
1041.765 2 DOWNLINK_STATUS 0 1041 58475 2854 2 0. 0. -109989.85
1042.767 2 DOWNLINK_STATUS 0 1042 58475 2854 2 0. 0. -109989.85
1042.986 2 WIND_INFO 2 42 0. 0. 0.
1043.768 2 DOWNLINK_STATUS 0 1043 58475 2854 2 0. 0. -109989.85
1044.769 2 DOWNLINK_STATUS 0 1044 58475 2854 2 0. 0. -109989.85
1045.770 2 DOWNLINK_STATUS 0 1045 58475 2854 2 0. 0. -114991.4
1046.772 2 DOWNLINK_STATUS 0 1046 58475 2854 2 0. 0. -114991.4
1047.774 2 DOWNLINK_STATUS 0 1047 58475 2854 2 0. 0. -114991.4
1048.773 2 DOWNLINK_STATUS 0 1048 58475 2854 2 0. 0. -114991.4
1049.774 2 DOWNLINK_STATUS 0 1049 58475 2854 2 0. 0. -114991.4
1050.774 2 DOWNLINK_STATUS 0 1050 58475 2854 2 0. 0. -119992.41
1051.776 2 DOWNLINK_STATUS 0 1051 58475 2854 2 0. 0. -119992.41
1052.777 2 DOWNLINK_STATUS 0 1052 58475 2854 2 0. 0. -119992.41
1052.986 2 WIND_INFO 2 42 0. 0. 0.
1053.779 2 DOWNLINK_STATUS 0 1053 58475 2854 2 0. 0. -119992.41
1054.779 2 DOWNLINK_STATUS 0 1054 58475 2854 2 0. 0. -119992.41
1055.779 2 DOWNLINK_STATUS 0 1055 58475 2854 2 0. 0. -124993.29
1056.780 2 DOWNLINK_STATUS 0 1056 58475 2854 2 0. 0. -124993.29
1057.606 2 BAT 0 0 0 0 0 0 0 0
1057.696 2 SVINFO 2 3 16 1 0 -91 0
1057.728 2 ENERGY 0.3 967754.5625 0 290326.375
1057.728 2 ESTIMATOR 0. 0.
1057.730 2 PPRZ_MODE 0 0 0 0 0 17
1057.756 2 NAVIGATION 0 1 10959186. -5945715. 0. 1.55455284314e+14 0 0
1057.759 2 ATTITUDE 0. 0. 0.
1057.760 2 CALIBRATION 0. 0
1057.766 2 GPS 0 1130805120 0 0 -17000 0 0 0 750 12 3
1057.768 2 SVINFO 3 4 16 1 0 -91 0
1057.770 2 PPRZ_MODE 0 0 0 0 0 17
1057.773 2 PPRZ_MODE 0 0 0 0 0 17
1057.780 2 DOWNLINK_STATUS 0 1057 58647 2864 6 172. 10. -124993.29
1057.793 2 ESTIMATOR 0. 0.
1057.836 2 ESTIMATOR 0. 0.
1058.020 2 PPRZ_MODE 0 0 0 0 0 17
1058.143 2 DOWNLINK_STATUS 0 4 35 2 3 35. 2. 0.
1058.336 2 PPRZ_MODE 0 0 0 0 0 17
1058.683 2 IMU_GYRO -0.029785 0.016846 -0.051025
1058.692 2 ESTIMATOR 0. 0.
1058.781 2 DOWNLINK_STATUS 0 1058 58713 2869 14 66. 5. -124993.29
1059.143 2 DOWNLINK_STATUS 0 5 53 3 9 18. 1. 0.
1059.179 2 PPRZ_MODE 0 0 0 0 0 17
1059.281 2 PPRZ_MODE 0 0 0 0 0 17
1059.383 2 SVINFO 5 6 16 1 0 -91 0
1059.486 2 PPRZ_MODE 0 0 0 0 0 17
1059.631 2 GPS 0 1130805120 0 0 -17000 0 0 0 5500 12 6
1059.781 2 DOWNLINK_STATUS 0 1059 58737 2871 20 24. 2. -124993.29
1060.144 2 DOWNLINK_STATUS 0 6 112 6 15 59. 3. -1.40269970479e+12
1060.618 2 PONG 
1060.673 2 ESTIMATOR 0. 0.
1060.781 2 DOWNLINK_STATUS 0 1060 58757 2873 25 20. 2. 51.83
1061.036 2 PPRZ_MODE 0 0 0 0 0 17
1061.144 2 DOWNLINK_STATUS 0 7 124 7 21 12. 1. -1.40269970479e+12
1061.306 2 PPRZ_MODE 0 0 0 0 0 17
1061.633 2 SVINFO 14 15 16 1 0 -91 0
1061.782 2 DOWNLINK_STATUS 0 1061 58771 2874 28 14. 1. 51.83
1062.145 2 DOWNLINK_STATUS 0 8 136 8 25 12. 1. -1.40269970479e+12
1062.573 2 WP_MOVED 2 348895. 5945815. 660. 12
1062.586 2 PPRZ_MODE 0 0 0 0 0 17
1062.782 2 DOWNLINK_STATUS 0 1062 58803 2876 34 32. 2. 51.83
1062.835 2 PPRZ_MODE 0 0 0 0 0 17
1062.952 2 PPRZ_MODE 0 0 0 0 0 17
1062.972 2 NAVIGATION_REF 348865 5945715 12 605.
1062.986 2 WIND_INFO 2 42 0. 0. 0.
1063.082 2 IMU_GYRO -0.030762 0.018066 -0.049805
1063.146 2 DOWNLINK_STATUS 0 9 173 10 38 37. 2. -1.40269970479e+12
1063.272 2 CALIBRATION 0. 0
1063.402 2 PPRZ_MODE 0 0 0 0 0 17
1063.470 2 FBW_STATUS 0 60 0 156 3
1063.630 2 GPS 0 1130805120 0 0 -17000 0 0 0 9500 12 6
1063.670 2 ESTIMATOR 0. 0.
1063.779 2 NAVIGATION 0 1 10959186. -5945715. 0. 1.55455284314e+14 0 0
1063.782 2 DOWNLINK_STATUS 0 1063 58938 2884 41 135. 8. 51.83
1064.146 2 DOWNLINK_STATUS 0 10 173 10 38 0. 0. -1.40269970479e+12
1064.287 2 ATTITUDE -0.365965 -1.576087 -0.007795
1064.521 2 WIND_INFO 2 42 0. 0. 0.
1064.581 2 WP_MOVED 6 348665. 5945815. 660. 12
1064.632 2 SVINFO 10 11 16 1 0 -91 0
1064.778 2 NAVIGATION 0 1 10959186. -5945715. 0. 1.55455284314e+14 0 0
1064.781 2 ATTITUDE -0.365972 -1.576102 -0.007702
1064.782 2 DOWNLINK_STATUS 0 1064 59034 2889 49 96. 5. 51.83
1064.853 2 PPRZ_MODE 0 0 0 0 0 17
1065.146 2 DOWNLINK_STATUS 0 11 173 10 38 0. 0. -1.40269970979e+12
1065.394 2 SVINFO 13 14 16 1 0 -91 0
1065.695 2 COMMANDS |40,14,0,0,-14,9548|
1065.783 2 DOWNLINK_STATUS 0 1065 59060 2891 50 26. 2. -4948.38
1065.882 2 SVINFO 15 16 16 1 0 -91 0
1066.146 2 DOWNLINK_STATUS 0 12 192 11 44 19. 1. -1.40269970979e+12
1066.274 2 ATTITUDE -0.366003 -1.575947 -0.007644
1066.276 2 PPRZ_MODE 0 0 0 0 0 17
1066.784 2 DOWNLINK_STATUS 0 1066 59074 2892 54 14. 1. -4948.38
1066.818 2 PPRZ_MODE 0 0 0 0 0 17
1066.835 2 PPRZ_MODE 0 0 0 0 0 17
1066.853 2 PPRZ_MODE 0 0 0 0 0 17
1067.147 2 DOWNLINK_STATUS 0 13 258 16 51 66. 5. -1.40269970979e+12
1067.181 2 ESTIMATOR 0. 0.
1067.753 2 PPRZ_MODE 0 0 0 0 0 17
1067.784 2 DOWNLINK_STATUS 0 1067 59074 2892 54 0. 0. -4948.38
1068.147 2 DOWNLINK_STATUS 0 14 284 18 57 26. 2. -1.40269970979e+12
1068.785 2 DOWNLINK_STATUS 0 1068 59074 2892 54 0. 0. -4948.38
1069.078 2 WP_MOVED 7 349065. 5946015. 660. 12
1069.147 2 DOWNLINK_STATUS 0 15 304 19 62 20. 1. -1.40269970979e+12
1069.186 2 ESTIMATOR 0. 0.
1069.272 2 STATE_FILTER_STATUS 3 0
1069.691 2 PPRZ_MODE 0 0 0 0 0 17
1069.697 2 PONG 
1069.784 2 BAT 58 3 20620 0 1 15 0 0
1069.785 2 DOWNLINK_STATUS 0 1069 59118 2895 74 44. 3. -4948.38
1069.794 2 PPRZ_MODE 0 0 0 0 0 17
1069.853 2 PPRZ_MODE 0 0 0 0 0 17
1069.879 2 GPS 0 1130805120 0 0 -17000 0 0 0 15750 12 15
1070.147 2 DOWNLINK_STATUS 0 16 355 22 69 51. 3. 53.88
1070.174 2 ESTIMATOR 0. 0.
1070.271 2 ATTITUDE -0.366812 -1.575923 -0.007098
1070.395 2 PPRZ_MODE 0 0 0 0 0 17
1070.461 2 PPRZ_MODE 0 0 0 0 0 17
1070.786 2 DOWNLINK_STATUS 0 1070 59142 2897 75 24. 2. -9948.74
1071.079 2 WP_MOVED 3 348965.09375 5945786. 660. 12
1071.148 2 DOWNLINK_STATUS 0 17 411 26 73 56. 4. 53.88
1071.782 2 NAVIGATION 0 1 10959186. -5945715. 0. 1.55455284314e+14 0 0
1071.786 2 DOWNLINK_STATUS 0 1071 59188 2899 85 46. 2. -9948.74
1071.935 2 PPRZ_MODE 0 0 0 0 0 17
1072.019 2 PPRZ_MODE 0 0 0 0 0 17
1072.072 2 WP_MOVED 5 348740. 5945760. 660. 12
1072.148 2 DOWNLINK_STATUS 0 18 411 26 73 0. 0. 53.88
1072.786 2 DOWNLINK_STATUS 0 1072 59232 2902 89 44. 3. -9948.74
1072.882 2 SVINFO 11 12 16 1 0 -91 0
1072.986 2 WIND_INFO 2 42 0. 0. 0.
1073.148 2 DOWNLINK_STATUS 0 19 411 26 73 0. 0. 53.88
1073.397 2 SVINFO 13 14 16 1 0 -91 0
1073.633 2 GPS 0 1130805120 0 0 -17000 0 0 0 19500 12 14
1073.635 2 SVINFO 14 16 16 1 0 -91 0
1073.636 2 PPRZ_MODE 0 0 0 0 0 17
1073.787 2 DOWNLINK_STATUS 0 1073 59319 2907 98 87. 5. -9948.74
1074.148 2 DOWNLINK_STATUS 0 20 411 26 73 0. 0. 53.88
1074.473 2 PPRZ_MODE 0 0 0 0 0 0
1074.521 2 WIND_INFO 2 42 0. 0. 0.
1074.581 2 WP_MOVED 2 348895. 5945815. 660. 12
1074.787 2 DOWNLINK_STATUS 0 1074 59331 2908 106 12. 1. -9948.74
1074.882 2 SVINFO 3 6 16 1 0 -91 0
1075.149 2 DOWNLINK_STATUS 0 21 445 28 87 34. 2. -4946.49
1075.176 2 ESTIMATOR 0. 0.
1075.787 2 DOWNLINK_STATUS 0 1075 59331 2908 106 0. 0. -14949.02
1076.149 2 DOWNLINK_STATUS 0 22 459 29 89 14. 1. -4946.49
1076.175 2 ESTIMATOR 0. 0.
1076.787 2 DOWNLINK_STATUS 0 1076 59345 2909 112 14. 1. -14949.02
1076.892 2 PPRZ_MODE 0 0 0 0 0 17
1077.149 2 DOWNLINK_STATUS 0 23 459 29 89 0. 0. -4946.49
1077.392 2 SVINFO 13 17 16 1 0 -91 0
1077.393 2 PPRZ_MODE 0 0 0 0 0 17
1077.401 2 PPRZ_MODE 0 0 0 0 0 17
1077.534 2 PPRZ_MODE 0 0 0 0 0 17
1077.551 2 PPRZ_MODE 0 0 0 0 0 17
1077.651 2 PPRZ_MODE 0 0 0 0 0 17
1077.788 2 DOWNLINK_STATUS 0 1077 59395 2913 123 50. 4. -14949.02
1077.882 2 SVINFO 15 19 16 1 0 -91 0
1078.130 2 GPS 0 1130805120 0 0 -17000 0 0 0 24000 12 16
1078.150 2 DOWNLINK_STATUS 0 24 509 33 102 50. 4. -4946.49
1078.418 2 PPRZ_MODE 0 0 0 0 0 17
1078.452 2 PPRZ_MODE 0 0 0 0 0 17
1078.735 2 PPRZ_MODE 0 0 0 0 0 17
1078.789 2 DOWNLINK_STATUS 0 1078 59428 2914 126 33. 1. -14949.02
1079.132 2 SVINFO 4 8 16 1 0 -91 0
1079.141 2 PPRZ_MODE 0 0 0 0 0 17
1079.150 2 DOWNLINK_STATUS 0 25 571 38 108 62. 5. -4946.49
1079.273 2 STATE_FILTER_STATUS 3 0
1079.274 2 ATTITUDE 0.116209 -1.957524 -0.066271
1079.381 2 SVINFO 5 9 16 1 0 -91 0
1079.469 2 PPRZ_MODE 0 0 0 0 0 0
1079.789 2 DOWNLINK_STATUS 0 1079 59454 2916 136 26. 2. -14949.02
1080.151 2 DOWNLINK_STATUS 0 26 598 40 109 27. 2. -9947.62
1080.173 2 PPRZ_MODE 0 0 0 0 0 17
1080.271 2 ATTITUDE 0.116171 -1.955651 -0.063814
1080.319 2 PPRZ_MODE 0 0 0 0 0 17
1080.674 2 DL_VALUE 0 0.
1080.789 2 DOWNLINK_STATUS 0 1080 59465 2917 143 11. 1. -19949.05
1080.881 2 SVINFO 11 16 16 1 0 -91 0
1080.935 2 PPRZ_MODE 0 0 0 0 0 17
1081.151 2 DOWNLINK_STATUS 0 27 640 43 112 42. 3. -9947.62
1081.382 2 SVINFO 13 18 16 1 0 -91 0
1081.789 2 DOWNLINK_STATUS 0 1081 59505 2920 148 40. 3. -19949.05
1081.806 2 PPRZ_MODE 0 0 0 0 0 17
1081.883 2 BAT 55 3 2874 0 1 27 0 0
1082.152 2 DOWNLINK_STATUS 0 28 661 44 119 21. 1. -9947.62
1082.182 2 DL_VALUE 0 0.
1082.714 2 PPRZ_MODE 0 0 0 0 0 17
1082.790 2 DOWNLINK_STATUS 0 1082 59540 2923 162 35. 3. -19949.05
1082.987 2 WIND_INFO 2 42 0. 0. 0.
1083.152 2 DOWNLINK_STATUS 0 29 661 44 119 0. 0. -9947.62
1083.670 2 DL_VALUE 0 0.
1083.673 2 ESTIMATOR 0. 0.
1083.791 2 DOWNLINK_STATUS 0 1083 59540 2923 162 0. 0. -19949.05
1084.084 2 PPRZ_MODE 0 0 0 0 0 17
1084.153 2 DOWNLINK_STATUS 0 30 698 47 130 37. 3. -9947.62
1084.521 2 WIND_INFO 2 42 0. 0. 0.
1084.686 2 ENERGY 0.3 1018980.9375 0 305694.28125
1084.791 2 DOWNLINK_STATUS 0 1084 59560 2924 173 20. 1. -19949.05
1085.081 2 IMU_GYRO -0.045654 -0.108398 -0.047852
1085.153 2 DOWNLINK_STATUS 0 31 698 47 130 0. 0. -14947.69
1085.705 2 PONG 
1085.713 2 ESTIMATOR 0. 0.
1085.715 2 PPRZ_MODE 0 0 0 0 0 17
1085.790 2 PPRZ_MODE 0 0 0 0 0 17
1085.792 2 DOWNLINK_STATUS 0 1085 59622 2929 182 62. 5. 137.9
1086.153 2 DOWNLINK_STATUS 0 32 698 47 130 0. 0. -14947.69
1086.388 2 SVINFO 1 8 16 1 0 -91 0
1086.390 2 PPRZ_MODE 0 0 0 0 0 17
1086.793 2 DOWNLINK_STATUS 0 1086 59648 2931 186 26. 2. 137.9
1086.935 2 PPRZ_MODE 0 0 0 0 0 17
1087.154 2 DOWNLINK_STATUS 0 33 698 47 130 0. 0. -14947.69
1087.177 2 ESTIMATOR 0. 0.
1087.451 2 PPRZ_MODE 0 0 0 0 0 17
1087.641 2 PPRZ_MODE 0 0 0 0 0 17
1087.780 2 NAVIGATION 0 1 10959186. -5945715. 0. 1.55455284314e+14 0 0
1087.793 2 DOWNLINK_STATUS 0 1087 59686 2934 194 38. 3. 137.9
1088.154 2 DOWNLINK_STATUS 0 34 736 49 143 38. 2. -14947.69
1088.385 2 IMU_GYRO -0.025391 0.02124 -0.055176
1088.390 2 GPS 0 1130805120 0 0 -17000 0 0 0 34250 12 9
1088.392 2 SVINFO 9 17 16 1 0 -91 0
1088.478 2 CALIBRATION 0. 0
1088.671 2 ESTIMATOR 0. 0.
1088.780 2 ATTITUDE -0.12236 -1.617802 0.008618
1088.793 2 DOWNLINK_STATUS 0 1088 59794 2940 203 108. 6. 137.9
1089.077 2 WP_MOVED 7 349065. 5946015. 660. 12
1089.146 2 SVINFO 12 20 16 1 0 -91 0
1089.155 2 DOWNLINK_STATUS 0 35 736 49 143 0. 0. -14947.69
1089.168 2 ESTIMATOR 0. 0.
1089.270 2 STATE_FILTER_STATUS 3 0
1089.273 2 ATTITUDE -0.122979 -1.6177 0.009132
1089.435 2 PPRZ_MODE 0 0 0 0 0 17
1089.475 2 IMU_GYRO -0.030762 0.015869 -0.052002
1089.794 2 DOWNLINK_STATUS 0 1089 59858 2944 207 64. 4. 137.9
1089.970 2 NAVIGATION_REF 348865 5945715 12 605.
1090.155 2 DOWNLINK_STATUS 0 36 796 53 153 60. 4. -19948.08
1090.185 2 ESTIMATOR 0. 0.
1090.378 2 GPS 0 1130805120 0 0 -17000 0 0 0 36250 12 1
1090.713 2 PPRZ_MODE 0 0 0 0 0 17
1090.794 2 DOWNLINK_STATUS 0 1090 59903 2946 216 45. 2. -4862.52
1091.131 2 SVINFO 4 13 16 1 0 -91 0
1091.156 2 DOWNLINK_STATUS 0 37 810 54 155 14. 1. -19948.08
1091.285 2 PPRZ_MODE 0 0 0 0 0 17
1091.673 2 IMU_GYRO -0.030762 -0.013672 -0.052002
1091.675 2 ESTIMATOR 0. 0.
1091.788 2 ATTITUDE -0.110199 -1.619046 0.013075
1091.794 2 DOWNLINK_STATUS 0 1091 59961 2950 222 58. 4. -4862.52
1092.075 2 PPRZ_MODE 0 0 0 0 0 17
1092.157 2 DOWNLINK_STATUS 0 38 828 55 163 18. 1. -19948.08
1092.794 2 DOWNLINK_STATUS 0 1092 59973 2951 224 12. 1. -4862.52
1092.989 2 WIND_INFO 2 42 0. 0. 0.
1093.157 2 DOWNLINK_STATUS 0 39 828 55 163 0. 0. -19948.08
1093.201 2 PPRZ_MODE 0 0 0 0 0 17
1093.779 2 NAVIGATION 0 1 10959186. -5945715. 0. 1.55455284314e+14 0 0
1093.795 2 DOWNLINK_STATUS 0 1093 59985 2952 229 12. 1. -4862.52
1094.139 2 SVINFO 0 1 16 3 22 -91 0
1094.158 2 DOWNLINK_STATUS 0 40 854 56 174 26. 1. -19948.08
1094.318 2 PPRZ_MODE 0 0 0 0 0 17
1094.521 2 WIND_INFO 2 42 0. 0. 0.
1094.582 2 WP_MOVED 2 348895. 5945815. 660. 12
1094.584 2 PPRZ_MODE 0 0 0 0 0 17
1094.779 2 CALIBRATION 0. 0
1094.795 2 DOWNLINK_STATUS 0 1094 60022 2955 240 37. 3. -4862.52
1095.158 2 DOWNLINK_STATUS 0 41 886 58 180 32. 2. -24948.64
1095.167 2 ESTIMATOR 0. 0.
1095.384 2 SVINFO 5 15 16 1 0 -91 0
1095.796 2 DOWNLINK_STATUS 0 1095 60036 2956 242 14. 1. -9862.71
1095.800 2 PPRZ_MODE 0 0 0 0 0 17
1096.158 2 DOWNLINK_STATUS 0 42 900 59 188 14. 1. -24948.64
1096.630 2 SVINFO 10 20 16 1 0 -91 0
1096.797 2 DOWNLINK_STATUS 0 1096 60062 2958 248 26. 2. -9862.71
1096.876 2 CALIBRATION 0. 0
1097.158 2 DOWNLINK_STATUS 0 43 900 59 188 0. 0. -24948.64
1097.797 2 DOWNLINK_STATUS 0 1097 60073 2959 250 11. 1. -9862.71
1098.128 2 GPS 0 1130805120 0 0 -17000 0 0 0 44000 12 16
1098.158 2 DOWNLINK_STATUS 0 44 933 60 204 33. 1. -24948.64
1098.585 2 WP_MOVED 2 348895. 5945815. 660. 12
1098.628 2 GPS 0 1130805120 0 0 -17000 0 0 0 44500 12 2
1098.675 2 ESTIMATOR 0. 0.
1098.797 2 DOWNLINK_STATUS 0 1098 60140 2962 260 67. 3. -9862.71
1098.880 2 SVINFO 3 13 16 1 0 -91 0
1098.975 2 CALIBRATION 0. 0
1099.159 2 DOWNLINK_STATUS 0 45 958 62 208 25. 2. -24948.64
1099.276 2 ATTITUDE -0.172994 -1.606604 -0.01784
1099.277 2 PPRZ_MODE 0 0 0 0 0 17
1099.748 2 ESTIMATOR 0. 0.
1099.798 2 DOWNLINK_STATUS 0 1099 60154 2963 266 14. 1. -9862.71
1099.809 2 ATTITUDE -0.172808 -1.606079 -0.018745
1099.810 2 PONG 
1099.966 2 DOWNLINK 0 554 1412
1100.034 2 PPRZ_MODE 0 0 0 0 0 17
1100.051 2 FBW_STATUS 0 54 0 156 654
1100.160 2 DOWNLINK_STATUS 0 46 1050 69 215 92. 7. 162.92
1100.334 2 PPRZ_MODE 0 0 0 0 0 17
1100.484 2 PPRZ_MODE 0 0 0 0 0 17
1100.577 2 WP_MOVED 6 348665. 5945815. 660. 12
1100.799 2 DOWNLINK_STATUS 0 1100 60166 2964 270 12. 1. -14863.19
1100.880 2 SVINFO 11 23 16 1 0 -91 0
1101.130 2 SVINFO 12 24 16 1 0 -91 0
1101.160 2 DOWNLINK_STATUS 0 47 1096 72 219 46. 3. 162.92
1101.380 2 SVINFO 13 25 16 1 0 -91 0
1101.400 2 PPRZ_MODE 0 0 0 0 0 17
1101.577 2 WP_MOVED 0 348907. 5945757. 660. 12
1101.799 2 DOWNLINK_STATUS 0 1101 60214 2967 273 48. 3. -14863.19
1102.160 2 DOWNLINK_STATUS 0 48 1108 73 222 12. 1. 162.92
1102.483 2 PPRZ_MODE 0 0 0 0 0 17
1102.677 2 ESTIMATOR 0. 0.
1102.679 2 PPRZ_MODE 0 0 0 0 0 17
1102.752 2 PPRZ_MODE 0 0 0 0 0 17
1102.800 2 DOWNLINK_STATUS 0 1102 60264 2971 281 50. 4. -14863.19
1102.987 2 WIND_INFO 2 42 0. 0. 0.
1103.161 2 DOWNLINK_STATUS 0 49 1108 73 222 0. 0. 162.92
1103.667 2 ESTIMATOR 0. 0.
1103.801 2 DOWNLINK_STATUS 0 1103 60264 2971 281 0. 0. -14863.19
1103.950 2 PPRZ_MODE 0 0 0 0 0 17
1104.161 2 DOWNLINK_STATUS 0 50 1122 74 233 14. 1. 162.92
1104.335 2 PPRZ_MODE 0 0 0 0 0 17
1104.521 2 WIND_INFO 2 42 0. 0. 0.
1104.632 2 SVINFO 10 22 16 1 0 -91 0
1104.635 2 PPRZ_MODE 0 0 0 0 0 17
1104.687 2 ENERGY 55.400002 1069444.5 0 59247228.
1104.689 2 DL_VALUE 0 0.
1104.700 2 PONG 
1104.802 2 DOWNLINK_STATUS 0 1104 60282 2973 290 18. 2. 4131.64
1105.130 2 SVINFO 12 24 16 1 0 -91 0
1105.162 2 DOWNLINK_STATUS 0 51 1205 80 249 83. 6. -4837.55
1105.300 2 PPRZ_MODE 0 0 0 0 0 17
1105.632 2 SVINFO 14 26 16 1 0 -91 0
1105.802 2 DOWNLINK_STATUS 0 1105 60296 2974 297 14. 1. -868.4
1106.078 2 BAT 54 45 15634 0 1 52 0 0
1106.162 2 DOWNLINK_STATUS 0 52 1217 81 250 12. 1. -4837.55
1106.171 2 ESTIMATOR 0. 0.
1106.333 2 PPRZ_MODE 0 0 0 0 0 17
1106.672 2 PPRZ_MODE 0 0 0 0 0 17
1106.779 2 ATTITUDE -0.171806 -1.601926 -0.02725
1106.802 2 DOWNLINK_STATUS 0 1106 60355 2978 304 59. 4. -868.4
1107.079 2 IMU_GYRO -0.029785 0.019043 -0.048828
1107.129 2 SVINFO 4 18 16 1 0 -91 0
1107.162 2 DOWNLINK_STATUS 0 53 1249 83 261 32. 2. -4837.55
1107.381 2 GPS 0 1130805120 0 0 -17000 0 0 0 53250 12 5
1107.671 2 ESTIMATOR 0. 0.
1107.802 2 DOWNLINK_STATUS 0 1107 60420 2981 311 65. 3. -868.4
1107.969 2 NAVIGATION_REF 348865 5945715 12 605.
1108.074 2 PPRZ_MODE 0 0 0 0 0 17
1108.163 2 DOWNLINK_STATUS 0 54 1249 83 261 0. 0. -4837.55
1108.569 2 WP_MOVED 6 348665. 5945815. 660. 12
1108.775 2 NAVIGATION 0 1 10959186. -5945715. 0. 1.55455284314e+14 0 0
1108.779 2 ATTITUDE -0.170888 -1.601238 -0.028518
1108.802 2 DOWNLINK_STATUS 0 1108 60451 2983 314 31. 2. -868.4
1108.880 2 SVINFO 11 27 16 1 0 -91 0
1109.163 2 DOWNLINK_STATUS 0 55 1313 86 270 64. 3. -4837.55
1109.471 2 CALIBRATION 0. 0
1109.776 2 NAVIGATION 0 1 10959186. -5945715. 0. 1.55455284314e+14 0 0
1109.803 2 DOWNLINK_STATUS 0 1109 60491 2985 320 40. 2. -868.4
1109.879 2 SVINFO 15 31 16 1 0 -91 0
1110.163 2 DOWNLINK_STATUS 0 56 1324 87 274 11. 1. -9837.73
1110.606 2 PPRZ_MODE 0 0 0 0 0 17
1110.622 2 PONG 
1110.669 2 DL_VALUE 0 0.
1110.777 2 NAVIGATION 0 1 10959186. -5945715. 0. 1.55455284314e+14 0 0
1110.803 2 DOWNLINK_STATUS 0 1110 60534 2989 329 43. 4. 52.55
1110.881 2 SVINFO 3 19 16 1 0 -91 0
1111.130 2 SVINFO 4 20 16 1 0 -91 0
1111.164 2 DOWNLINK_STATUS 0 57 1364 89 282 40. 2. -9837.73
1111.252 2 COMMANDS |40,42,0,0,-14,9548|
1111.379 2 SVINFO 5 21 16 1 0 -91 0
1111.582 2 WP_MOVED 4 348764.6875 5945795. 660. 12
1111.775 2 NAVIGATION 0 1 10959186. -5945715. 0. 1.55455284314e+14 0 0
1111.803 2 DOWNLINK_STATUS 0 1111 60548 2990 331 14. 1. 52.55
1112.130 2 SVINFO 8 25 16 1 0 -91 0
1112.165 2 DOWNLINK_STATUS 0 58 1443 93 286 79. 4. -9837.73
1112.273 2 PPRZ_MODE 0 0 0 0 0 17
1112.629 2 SVINFO 10 27 16 1 0 -91 0
1112.675 2 BAT 52 3 22800 0 1 58 0 0
1112.677 2 ESTIMATOR 0. 0.
1112.680 2 PPRZ_MODE 0 0 0 0 0 17
1112.804 2 DOWNLINK_STATUS 0 1112 60623 2995 336 75. 5. 52.55
1112.879 2 SVINFO 11 28 16 1 0 -91 0
1112.900 2 PPRZ_MODE 0 0 0 0 0 17
1112.987 2 WIND_INFO 2 42 0. 0. 0.
1113.040 2 PPRZ_MODE 0 0 0 0 0 17
1113.079 2 WP_MOVED 7 349065. 5946015. 660. 12
1113.090 2 PPRZ_MODE 0 0 0 0 0 17
1113.165 2 DOWNLINK_STATUS 0 59 1475 95 293 32. 2. -9837.73
1113.380 2 GPS 0 1130805120 0 0 -17000 0 0 0 59250 12 13
1113.381 2 SVINFO 13 30 16 1 0 -91 0
1113.383 2 PPRZ_MODE 0 0 0 0 0 17
1113.393 2 PPRZ_MODE 0 0 0 0 0 17
1113.631 2 SVINFO 14 31 16 1 0 -91 0
1113.683 2 DL_VALUE 0 0.
1113.688 2 ESTIMATOR 0. 0.
1113.700 2 PPRZ_MODE 0 0 0 0 0 17
1113.805 2 DOWNLINK_STATUS 0 1113 60725 3003 344 102. 8. 52.55
1114.165 2 DOWNLINK_STATUS 0 60 1545 99 294 70. 4. -9837.73
1114.521 2 WIND_INFO 2 42 0. 0. 0.
1114.718 2 PONG 
1114.805 2 DOWNLINK_STATUS 0 1114 60731 3004 353 6. 1. 4148.53
1114.893 2 PPRZ_MODE 0 0 0 0 0 17
1115.166 2 DOWNLINK_STATUS 0 61 1557 100 301 12. 1. -14837.98
1115.215 2 PPRZ_MODE 0 0 0 0 0 17
1115.249 2 PPRZ_MODE 0 0 0 0 0 17
1115.806 2 DOWNLINK_STATUS 0 1115 60755 3006 359 24. 2. -852.5
1116.167 2 DOWNLINK_STATUS 0 62 1557 100 301 0. 0. -14837.98
1116.806 2 DOWNLINK_STATUS 0 1116 60755 3006 359 0. 0. -852.5
1116.989 2 ACTUATORS |1004,1564,0,1502,1502,1500|
1117.094 2 COMMANDS |40,42,0,0,-14,9548|
1117.129 2 SVINFO 12 29 16 1 0 -91 0
1117.167 2 DOWNLINK_STATUS 0 63 1576 101 311 19. 1. -14837.98
1117.284 2 PPRZ_MODE 0 0 0 0 0 17
1117.377 2 GPS 0 1130805120 0 0 -17000 0 0 0 63250 12 13
1117.379 2 SVINFO 13 30 16 1 0 -91 0
1117.807 2 DOWNLINK_STATUS 0 1117 60788 3008 370 33. 2. -852.5
1117.875 2 CALIBRATION 0. 0
1118.072 2 IMU_GYRO -0.038086 -0.00415 -0.048828
1118.168 2 DOWNLINK_STATUS 0 64 1635 104 314 59. 3. -14837.98
1118.181 2 ESTIMATOR 0. 0.
1118.716 2 PPRZ_MODE 0 0 0 0 0 17
1118.775 2 NAVIGATION 0 1 10959186. -5945715. 0. 1.55455284314e+14 0 0
1118.807 2 DOWNLINK_STATUS 0 1118 60831 3011 375 43. 3. -852.5
1118.878 2 SVINFO 3 20 16 1 0 -91 0
1119.080 2 PPRZ_MODE 0 0 0 0 0 17
1119.089 2 PPRZ_MODE 0 0 0 0 0 17
1119.129 2 SVINFO 4 21 16 1 0 -91 0
1119.168 2 DOWNLINK_STATUS 0 65 1711 109 320 76. 5. -14837.98
1119.171 2 IMU_GYRO -0.025391 0.026367 -0.047852
1119.592 2 WP_MOVED 4 348764.6875 5945795. 660. 12
1119.693 2 ESTIMATOR 0. 0.
1119.695 2 PPRZ_MODE 0 0 0 0 0 17
1119.702 2 PONG 
1119.778 2 ATTITUDE -0.169988 -1.595749 -0.030543
1119.807 2 DOWNLINK_STATUS 0 1119 60883 3014 379 52. 3. -852.5
1120.129 2 SVINFO 8 25 16 1 0 -91 0
1120.166 2 ESTIMATOR 0. 0.
1120.168 2 DOWNLINK_STATUS 0 66 1761 113 324 50. 4. 53.63
1120.182 2 PPRZ_MODE 0 0 0 0 0 17
1120.280 2 PPRZ_MODE 0 0 0 0 0 17
1120.290 2 PPRZ_MODE 0 0 0 0 0 17
1120.574 2 PPRZ_MODE 0 0 0 0 0 17
1120.649 2 PPRZ_MODE 0 0 0 0 0 17
1120.807 2 DOWNLINK_STATUS 0 1120 60947 3019 385 64. 5. -5854.34
1120.879 2 SVINFO 11 28 16 1 0 -91 0
1120.915 2 PPRZ_MODE 0 0 0 0 0 17
1121.129 2 SVINFO 12 29 16 1 0 -91 0
1121.170 2 DOWNLINK_STATUS 0 67 1825 118 332 64. 5. 53.63
1121.299 2 PPRZ_MODE 0 0 0 0 0 17
1121.332 2 PPRZ_MODE 0 0 0 0 0 17
1121.388 2 GPS 0 1130805120 0 0 -17000 0 0 0 67250 12 13
1121.390 2 SVINFO 13 30 16 1 0 -91 0
1121.390 2 PPRZ_MODE 0 0 0 0 0 17
1121.681 2 ESTIMATOR 0. 0.
1121.808 2 DOWNLINK_STATUS 0 1121 60971 3021 393 24. 2. -5854.34
1121.883 2 PPRZ_MODE 0 0 0 0 0 17
1122.069 2 CALIBRATION 0. 0
1122.170 2 DOWNLINK_STATUS 0 68 1898 122 333 73. 4. 53.63
1122.268 2 ATTITUDE -0.17018 -1.594832 -0.030035
1122.573 2 BAT 55 2 24104 0 1 68 0 0
1122.671 2 ESTIMATOR 0. 0.
1122.779 2 NAVIGATION 0 1 10959186. -5945715. 0. 1.55455284314e+14 0 0
1122.781 2 ATTITUDE -0.170271 -1.594576 -0.030014
1122.808 2 DOWNLINK_STATUS 0 1122 61033 3025 400 62. 4. -5854.34
1122.987 2 WIND_INFO 2 42 0. 0. 0.
1123.075 2 WP_MOVED 3 348965.09375 5945786. 660. 12
1123.127 2 GPS 0 1130805120 0 0 -17000 0 0 0 69000 12 4
1123.171 2 DOWNLINK_STATUS 0 69 2009 127 340 111. 5. 53.63
1123.808 2 DOWNLINK_STATUS 0 1123 61033 3025 400 0. 0. -5854.34
1124.173 2 DOWNLINK_STATUS 0 70 2009 127 340 0. 0. 53.63
1124.384 2 PPRZ_MODE 0 0 0 0 0 17
1124.466 2 PPRZ_MODE 0 0 0 0 0 0
1124.521 2 WIND_INFO 2 42 0. 0. 0.
1124.808 2 DOWNLINK_STATUS 0 1124 61033 3025 400 0. 0. -5854.34
1124.849 2 PPRZ_MODE 0 0 0 0 0 17
1125.129 2 SVINFO 12 29 16 1 0 -91 0
1125.174 2 DOWNLINK_STATUS 0 71 2045 130 349 36. 3. -4947.31
1125.573 2 PPRZ_MODE 0 0 0 0 0 17
1125.610 2 PONG 
1125.782 2 NAVIGATION 0 1 10959186. -5945715. 0. 1.55455284314e+14 0 0
1125.809 2 DOWNLINK_STATUS 0 1125 61091 3029 424 58. 4. 38.17
1126.172 2 ESTIMATOR 0. 0.
1126.174 2 DOWNLINK_STATUS 0 72 2059 131 356 14. 1. -4947.31
1126.378 2 GPS 0 1130805120 0 0 -17000 0 0 0 72250 12 1
1126.569 2 WP_MOVED 2 348895. 5945815. 660. 12
1126.666 2 ESTIMATOR 0. 0.
1126.809 2 DOWNLINK_STATUS 0 1126 61091 3029 424 0. 0. 38.17
1127.174 2 DOWNLINK_STATUS 0 73 2126 134 360 67. 3. -4947.31
1127.179 2 DL_VALUE 0 0.
1127.809 2 DOWNLINK_STATUS 0 1127 61091 3029 424 0. 0. 38.17
1127.882 2 SVINFO 7 24 16 2 28 -91 0
1127.914 2 PPRZ_MODE 0 0 0 0 0 17
1128.074 2 BAT 54 2 25386 0 1 74 0 0
1128.175 2 DOWNLINK_STATUS 0 74 2158 136 371 32. 2. -4947.31
1128.809 2 DOWNLINK_STATUS 0 1128 61117 3031 437 26. 2. 38.17
1128.883 2 GPS 0 1130805120 0 0 -17000 0 0 0 74750 12 11
1129.075 2 GPS_SOL 649648512 100000 9999 0
1129.078 2 IMU_GYRO 0.010498 -0.126465 -0.046631
1129.082 2 WP_MOVED 7 349065. 5946015. 660. 12
1129.176 2 DOWNLINK_STATUS 0 75 2246 140 376 88. 4. -4947.31
1129.464 2 PPRZ_MODE 0 0 0 0 0 0
1129.698 2 FBW_STATUS 0 55 0 157 2
1129.809 2 DOWNLINK_STATUS 0 1129 61117 3031 437 0. 0. 38.17
1129.882 2 SVINFO 15 32 16 1 0 -91 0
1130.128 2 SVINFO 0 2 16 1 0 -91 0
1130.176 2 DOWNLINK_STATUS 0 76 2273 142 383 27. 2. -9947.61
1130.611 2 PONG 
1130.803 2 PPRZ_MODE 0 0 0 0 0 17
1130.810 2 DOWNLINK_STATUS 0 1130 61151 3034 450 34. 3. 38.04
1130.820 2 PPRZ_MODE 0 0 0 0 0 17
1130.836 2 PPRZ_MODE 0 0 0 0 0 17
1130.888 2 PPRZ_MODE 0 0 0 0 0 17
1131.071 2 GPS_SOL 649655552 100000 9999 0
1131.074 2 WP_MOVED 3 348965.09375 5945786. 660. 12
1131.144 2 SVINFO 4 6 16 1 0 -91 0
1131.166 2 ESTIMATOR 0. 0.
1131.176 2 DOWNLINK_STATUS 0 77 2309 145 388 36. 3. -9947.61
1131.639 2 PPRZ_MODE 0 0 0 0 0 17
1131.774 2 NAVIGATION 0 1 10959186. -5945715. 0. 1.55455284314e+14 0 0
1131.810 2 DOWNLINK_STATUS 0 1131 61228 3039 452 77. 5. 38.04
1132.032 2 PPRZ_MODE 0 0 0 0 0 17
1132.068 2 WP_MOVED 5 348740. 5945760. 660. 12
1132.128 2 SVINFO 8 25 16 1 0 -91 0
1132.177 2 DOWNLINK_STATUS 0 78 2379 149 394 70. 4. -9947.61
1132.268 2 ATTITUDE -0.100347 -1.643659 -0.032893
1132.631 2 SVINFO 10 27 16 1 0 -91 0
1132.633 2 PPRZ_MODE 0 0 0 0 0 17
1132.810 2 DOWNLINK_STATUS 0 1132 61286 3043 459 58. 4. 38.04
1132.987 2 WIND_INFO 2 42 0. 0. 0.
1133.040 2 PPRZ_MODE 0 0 0 0 0 17
1133.170 2 ESTIMATOR 0. 0.
1133.177 2 DOWNLINK_STATUS 0 79 2405 151 402 26. 2. -9947.61
1133.578 2 WP_MOVED 0 348907. 5945757. 660. 12
1133.580 2 PPRZ_MODE 0 0 0 0 0 17
1133.633 2 PPRZ_MODE 0 0 0 0 0 17
1133.640 2 PPRZ_MODE 0 0 0 0 0 17
1133.707 2 PPRZ_MODE 0 0 0 0 0 17
1133.810 2 DOWNLINK_STATUS 0 1133 61330 3046 469 44. 3. 38.04
1134.131 2 GPS 0 1130805120 0 0 -17000 0 0 0 80000 12 16
1134.178 2 DOWNLINK_STATUS 0 80 2429 153 404 24. 2. -9947.61
1134.378 2 SVINFO 1 3 16 1 0 -91 0
1134.522 2 WIND_INFO 2 42 0. 0. 0.
1134.585 2 WP_MOVED 2 348895. 5945815. 660. 12
1134.626 2 GPS 0 1130805120 0 0 -17000 0 0 0 80500 12 2
1134.812 2 DOWNLINK_STATUS 0 1134 61377 3048 473 47. 2. 38.04
1134.879 2 SVINFO 3 5 16 1 0 -91 0
1134.949 2 PPRZ_MODE 0 0 0 0 0 17
1134.974 2 PPRZ_MODE 0 0 0 0 0 17
1135.075 2 WP_MOVED 3 348965.09375 5945786. 660. 12
1135.179 2 DOWNLINK_STATUS 0 81 2506 157 410 77. 4. -14948.67
1135.378 2 SVINFO 5 7 16 1 0 -91 0
1135.631 2 PONG 
1135.785 2 ATTITUDE -0.083824 -1.652745 -0.032882
1135.798 2 PPRZ_MODE 0 0 0 0 0 17
1135.812 2 DOWNLINK_STATUS 0 1135 61417 3051 482 40. 3. 58.03
1136.179 2 DOWNLINK_STATUS 0 82 2550 160 413 44. 3. -14948.67
1136.665 2 ESTIMATOR 0. 0.
1136.781 2 IMU_GYRO -0.010498 -0.054199 -0.046631
1136.812 2 DOWNLINK_STATUS 0 1136 61431 3052 489 14. 1. 58.03
1136.878 2 BAT 55 2 27436 0 1 82 0 0
1137.128 2 SVINFO 12 29 16 1 0 -91 0
1137.171 2 ENERGY 0.2 1077686.875 0 215537.375
1137.172 2 ESTIMATOR 0. 0.
1137.180 2 DOWNLINK_STATUS 0 83 2589 162 422 39. 2. -14948.67
1137.232 2 PPRZ_MODE 0 0 0 0 0 17
1137.247 2 PPRZ_MODE 0 0 0 0 0 17
1137.572 2 PPRZ_MODE 0 0 0 0 0 17
1137.812 2 DOWNLINK_STATUS 0 1137 61515 3058 493 84. 6. 58.03
1138.068 2 WP_MOVED 1 348865. 5945715. 660. 12
1138.180 2 DOWNLINK_STATUS 0 84 2589 162 422 0. 0. -14948.67
1138.383 2 PPRZ_MODE 0 0 0 0 0 17
1138.629 2 GPS 0 1130805120 0 0 -17000 0 0 0 84500 12 2
1138.631 2 SVINFO 2 4 16 1 0 -91 0
1138.632 2 PPRZ_MODE 0 0 0 0 0 17
1138.812 2 DOWNLINK_STATUS 0 1138 61547 3060 498 32. 2. 58.03
1138.831 2 PPRZ_MODE 0 0 0 0 0 17
1139.181 2 DOWNLINK_STATUS 0 85 2660 166 429 71. 4. -14948.67
1139.633 2 PPRZ_MODE 0 0 0 0 0 17
1139.705 2 PPRZ_MODE 0 0 0 0 0 17
1139.813 2 DOWNLINK_STATUS 0 1139 61571 3062 507 24. 2. 58.03
1140.127 2 SVINFO 8 25 16 1 0 -91 0
1140.180 2 DOWNLINK_STATUS 0 86 2674 167 439 14. 1. -19948.72
1140.271 2 PPRZ_MODE 0 0 0 0 0 17
1140.587 2 PPRZ_MODE 0 0 0 0 0 17
1140.632 2 SVINFO 10 27 16 1 0 -91 0
1140.634 2 PPRZ_MODE 0 0 0 0 0 17
1140.674 2 PPRZ_MODE 0 0 0 0 0 17
1140.813 2 DOWNLINK_STATUS 0 1140 61583 3063 510 12. 1. -4942.33
1141.074 2 GPS_SOL 649693376 100000 9999 0
1141.181 2 DOWNLINK_STATUS 0 87 2741 172 446 67. 5. -19948.72
1141.465 2 PPRZ_MODE 0 0 0 0 0 17
1141.531 2 PPRZ_MODE 0 0 0 0 0 17
1141.667 2 ESTIMATOR 0. 0.
1141.773 2 NAVIGATION 0 1 10959186. -5945715. 0. 1.55455284314e+14 0 0
1141.813 2 DOWNLINK_STATUS 0 1141 61583 3063 510 0. 0. -4942.33
1142.181 2 DOWNLINK_STATUS 0 88 2805 176 451 64. 4. -19948.72
1142.597 2 PPRZ_MODE 0 0 0 0 0 17
1142.627 2 SVINFO 2 4 16 1 0 -91 0
1142.813 2 DOWNLINK_STATUS 0 1142 61609 3065 515 26. 2. -4942.33
1142.814 2 PPRZ_MODE 0 0 0 0 0 17
1142.987 2 WIND_INFO 2 42 0. 0. 0.
1143.181 2 DOWNLINK_STATUS 0 89 2805 176 451 0. 0. -19948.72
1143.389 2 PPRZ_MODE 0 0 0 0 0 17
1143.782 2 PPRZ_MODE 0 0 0 0 0 17
1143.814 2 DOWNLINK_STATUS 0 1143 61633 3067 521 24. 2. -4942.33
1144.132 2 PPRZ_MODE 0 0 0 0 0 17
1144.182 2 DOWNLINK_STATUS 0 90 2817 177 456 12. 1. -19948.72
1144.471 2 IMU_GYRO -0.027588 0.023193 -0.049805
1144.522 2 WIND_INFO 2 42 0. 0. 0.
1144.696 2 ESTIMATOR 0. 0.
1144.699 2 PPRZ_MODE 0 0 0 0 0 17
1144.815 2 DOWNLINK_STATUS 0 1144 61645 3068 522 12. 1. -4942.33
1145.129 2 SVINFO 12 29 16 1 0 -91 0
1145.171 2 CALIBRATION 0. 0
1145.173 2 DL_VALUE 0 0.
1145.182 2 DOWNLINK_STATUS 0 91 2875 181 465 58. 4. -24949.08
1145.815 2 DOWNLINK_STATUS 0 1145 61667 3070 526 22. 2. -9942.44
1146.131 2 SVINFO 0 2 16 1 0 -91 0
1146.132 2 PPRZ_MODE 0 0 0 0 0 17
1146.182 2 DOWNLINK_STATUS 0 92 2901 183 467 26. 2. -24949.08
1146.378 2 SVINFO 1 3 16 1 0 -91 0
1146.414 2 PPRZ_MODE 0 0 0 0 0 17
1146.464 2 PPRZ_MODE 0 0 0 0 0 17
1146.627 2 SVINFO 2 4 16 1 0 -91 0
1146.676 2 ESTIMATOR 0. 0.
1146.686 2 PPRZ_MODE 0 0 0 0 0 17
1146.815 2 DOWNLINK_STATUS 0 1146 61705 3073 534 38. 3. -9942.44
1146.889 2 GPS 0 1130805120 0 0 -17000 0 0 0 92750 12 3
1147.183 2 DOWNLINK_STATUS 0 93 2974 187 472 73. 4. -24949.08
1147.267 2 CALIBRATION 0. 0
1147.378 2 SVINFO 5 7 16 1 0 -91 0
1147.448 2 PPRZ_MODE 0 0 0 0 0 17
1147.628 2 SVINFO 6 8 16 1 0 -91 0
1147.670 2 PPRZ_MODE 0 0 0 0 0 17
1147.731 2 PPRZ_MODE 0 0 0 0 0 17
1147.792 2 PPRZ_MODE 0 0 0 0 0 17
1147.816 2 DOWNLINK_STATUS 0 1147 61743 3076 542 38. 3. -9942.44
1147.830 2 PPRZ_MODE 0 0 0 0 0 17
1147.924 2 DESIRED 0. 0.01 0. 0. 0. 655. 0. 15.
1148.081 2 PPRZ_MODE 0 0 0 0 0 17
1148.183 2 DOWNLINK_STATUS 0 94 3061 192 476 87. 5. -24949.08
1148.378 2 GPS 0 1130805120 0 0 -17000 0 0 0 94250 12 9
1148.381 2 SVINFO 9 11 16 1 0 -91 0
1148.382 2 PPRZ_MODE 0 0 0 0 0 17
1148.632 2 PPRZ_MODE 0 0 0 0 0 17
1148.816 2 DOWNLINK_STATUS 0 1148 61838 3082 549 95. 6. -9942.44
1149.074 2 WP_MOVED 7 349065. 5946015. 660. 12
1149.184 2 DOWNLINK_STATUS 0 95 3081 193 483 20. 1. -24949.08
1149.776 2 ATTITUDE -0.124305 -1.609812 -0.022845
1149.817 2 DOWNLINK_STATUS 0 1149 61856 3083 553 18. 1. -9942.44
1149.877 2 SVINFO 15 32 16 1 0 -91 0
1149.936 2 PPRZ_MODE 0 0 0 0 0 17
1150.054 2 PPRZ_MODE 0 0 0 0 0 17
1150.184 2 DOWNLINK_STATUS 0 96 3107 195 486 26. 2. -29949.43
1150.713 2 PPRZ_MODE 0 0 0 0 0 17
1150.774 2 NAVIGATION 0 1 10959186. -5945715. 0. 1.55455284314e+14 0 0
1150.817 2 DOWNLINK_STATUS 0 1150 61906 3086 561 50. 3. -14942.75
1151.085 2 IMU_GYRO -0.029785 0.02002 -0.048828
1151.095 2 WP_MOVED 3 348965.09375 5945786. 660. 12
1151.184 2 DOWNLINK_STATUS 0 97 3125 196 489 18. 1. -29949.43
1151.463 2 CALIBRATION 0. 0
1151.627 2 SVINFO 6 8 16 1 0 -91 0
1151.818 2 DOWNLINK_STATUS 0 1151 61937 3088 569 31. 2. -14942.75
1152.184 2 DOWNLINK_STATUS 0 98 3139 197 494 14. 1. -29949.43
1152.671 2 ESTIMATOR 0. 0.
1152.673 2 PPRZ_MODE 0 0 0 0 0 17
1152.776 2 ATTITUDE -0.123295 -1.608568 -0.02197
1152.818 2 DOWNLINK_STATUS 0 1152 61981 3091 572 44. 3. -14942.75
1152.988 2 WIND_INFO 2 42 0. 0. 0.
1153.074 2 WP_MOVED 7 349065. 5946015. 660. 12
1153.185 2 DOWNLINK_STATUS 0 99 3159 198 503 20. 1. -29949.43
1153.731 2 PPRZ_MODE 0 0 0 0 0 17
1153.773 2 NAVIGATION 0 1 10959186. -5945715. 0. 1.55455284314e+14 0 0
1153.819 2 DOWNLINK_STATUS 0 1153 61981 3091 572 0. 0. -14942.75
1154.169 2 ESTIMATOR 0. 0.
1154.186 2 DOWNLINK_STATUS 0 100 3211 201 513 52. 3. -29949.43
1154.331 2 PPRZ_MODE 0 0 0 0 0 17
1154.467 2 PPRZ_MODE 0 0 0 0 0 0
1154.522 2 WIND_INFO 2 42 0. 0. 0.
1154.578 2 ALIVE |217,217,137,25,243,189,253,213,193,68,223,137,90,147,52,151|
1154.581 2 WP_MOVED 2 348895. 5945815. 660. 12
1154.797 2 PPRZ_MODE 0 0 0 0 0 17
1154.819 2 DOWNLINK_STATUS 0 1154 62060 3096 587 79. 5. -14942.75
1155.187 2 DOWNLINK_STATUS 0 101 3211 201 513 0. 0. -34950.4
1155.377 2 SVINFO 5 7 16 1 0 -91 0
1155.671 2 CALIBRATION 0. 0
1155.776 2 ATTITUDE -0.122684 -1.607001 -0.020864
1155.820 2 DOWNLINK_STATUS 0 1155 62074 3097 589 14. 1. -19942.73
1156.187 2 DOWNLINK_STATUS 0 102 3240 203 523 29. 2. -34950.4
1156.246 2 PPRZ_MODE 0 0 0 0 0 17
1156.296 2 PPRZ_MODE 0 0 0 0 0 17
1156.374 2 GPS 0 1130805120 0 0 -17000 0 0 0 102250 12 9
1156.377 2 SVINFO 9 11 16 1 0 -91 0
1156.581 2 PPRZ_MODE 0 0 0 0 0 17
1156.629 2 SVINFO 10 12 16 1 0 -91 0
1156.799 2 COMMANDS |40,42,0,0,-14,9548|
1156.820 2 DOWNLINK_STATUS 0 1156 62112 3100 598 38. 3. -19942.73
1157.130 2 SVINFO 12 14 16 1 0 -91 0
1157.188 2 DOWNLINK_STATUS 0 103 3332 208 531 92. 5. -34950.4
1157.446 2 PPRZ_MODE 0 0 0 0 0 17
1157.480 2 PPRZ_MODE 0 0 0 0 0 17
1157.747 2 PPRZ_MODE 0 0 0 0 0 17
1157.780 2 BAT 62 2 32306 0 1 103 0 0
1157.788 2 ATTITUDE -0.12218 -1.606125 -0.020284
1157.820 2 DOWNLINK_STATUS 0 1157 62133 3101 604 21. 1. -19942.73
1157.830 2 PPRZ_MODE 0 0 0 0 0 17
1157.877 2 SVINFO 15 32 16 1 0 -91 0
1157.897 2 PPRZ_MODE 0 0 0 0 0 17
1158.188 2 DOWNLINK_STATUS 0 104 3412 214 537 80. 6. -34950.4
1158.271 2 PPRZ_MODE 0 0 0 0 0 17
1158.436 2 PPRZ_MODE 0 0 0 0 0 17
1158.496 2 PPRZ_MODE 0 0 0 0 0 17
1158.570 2 WP_MOVED 2 348895. 5945815. 660. 12
1158.632 2 PPRZ_MODE 0 0 0 0 0 17
1158.665 2 DL_VALUE 0 0.
1158.820 2 DOWNLINK_STATUS 0 1158 62192 3106 607 59. 5. -19942.73
1159.188 2 DOWNLINK_STATUS 0 105 3444 216 541 32. 2. -34950.4
1159.286 2 FBW_STATUS 0 58 0 157 2
1159.473 2 PPRZ_MODE 0 0 0 0 0 0
1159.677 2 PPRZ_MODE 0 0 0 0 0 17
1159.704 2 PONG 
1159.821 2 DOWNLINK_STATUS 0 1159 62192 3106 607 0. 0. -19942.73
1160.168 2 ESTIMATOR 0. 0.
1160.189 2 DOWNLINK_STATUS 0 106 3489 220 552 45. 4. 52.22
1160.375 2 GPS 0 1130805120 0 0 -17000 0 0 0 106250 12 9
1160.377 2 SVINFO 9 11 16 1 0 -91 0
1160.566 2 WP_MOVED 6 348665. 5945815. 660. 12
1160.629 2 PONG 
1160.776 2 ATTITUDE -0.121768 -1.604721 -0.019759
1160.821 2 DOWNLINK_STATUS 0 1160 62224 3108 617 32. 2. -24943.06
1161.081 2 WP_MOVED 7 349065. 5946015. 660. 12
1161.189 2 DOWNLINK_STATUS 0 107 3562 224 555 73. 4. 976.14
1161.269 2 ATTITUDE -0.121813 -1.60438 -0.019612
1161.347 2 PPRZ_MODE 0 0 0 0 0 17
1161.379 2 SVINFO 13 15 16 1 0 -91 0
1161.381 2 PPRZ_MODE 0 0 0 0 0 17
1161.389 2 PPRZ_MODE 0 0 0 0 0 17
1161.581 2 WP_MOVED 0 348907. 5945757. 660. 12
1161.590 2 PPRZ_MODE 0 0 0 0 0 17
1161.626 2 SVINFO 14 16 16 1 0 -91 0
1161.780 2 PPRZ_MODE 0 0 0 0 0 17
1161.822 2 DOWNLINK_STATUS 0 1161 62296 3113 622 72. 5. -24943.06
1162.078 2 PPRZ_MODE 0 0 0 0 0 17
1162.174 2 ENERGY 0.2 1077873.125 0 215574.625
1162.190 2 DOWNLINK_STATUS 0 108 3668 231 561 106. 7. 976.14
1162.297 2 PPRZ_MODE 0 0 0 0 0 17
1162.634 2 DESIRED 0. 0.01 0. 0. 0. 655. 0. 15.
1162.639 2 GPS 0 1130805120 0 0 -17000 0 0 0 108500 12 2
1162.641 2 SVINFO 2 4 16 1 0 -91 0
1162.647 2 PPRZ_MODE 0 0 0 0 0 17
1162.665 2 ESTIMATOR 0. 0.
1162.822 2 DOWNLINK_STATUS 0 1162 62308 3114 628 12. 1. -24943.06
1162.876 2 SVINFO 3 5 16 1 0 -91 0
1162.929 2 PPRZ_MODE 0 0 0 0 0 17
1162.988 2 WIND_INFO 2 42 0. 0. 0.
1163.173 2 IMU_GYRO -0.029785 0.019043 -0.049805
1163.175 2 ESTIMATOR 0. 0.
1163.191 2 DOWNLINK_STATUS 0 109 3837 240 566 169. 9. 976.14
1163.378 2 SVINFO 5 7 16 1 0 -91 0
1163.381 2 PPRZ_MODE 0 0 0 0 0 17
1163.823 2 DOWNLINK_STATUS 0 1163 62334 3116 630 26. 2. -24943.06
1163.913 2 PPRZ_MODE 0 0 0 0 0 17
1164.077 2 PPRZ_MODE 0 0 0 0 0 17
1164.191 2 DOWNLINK_STATUS 0 110 3849 241 571 12. 1. 976.14
1164.269 2 STATE_FILTER_STATUS 3 0
1164.376 2 BAT 57 2 -18911 0 1 110 0 0
1164.496 2 PPRZ_MODE 0 0 0 0 0 17
1164.522 2 WIND_INFO 2 42 0. 0. 0.
1164.823 2 DOWNLINK_STATUS 0 1164 62388 3120 639 54. 4. -24943.06
1165.164 2 ESTIMATOR 0. 0.
1165.179 2 PPRZ_MODE 0 0 0 0 0 17
1165.192 2 DOWNLINK_STATUS 0 111 3875 243 576 26. 2. -4024.09
1165.265 2 ATTITUDE -0.121962 -1.602092 -0.019776
1165.629 2 PONG 
1165.729 2 PPRZ_MODE 0 0 0 0 0 17
1165.824 2 DOWNLINK_STATUS 0 1165 62394 3121 641 6. 1. 55.13
1165.876 2 SVINFO 15 17 16 1 0 -91 0
1166.170 2 DL_VALUE 0 0.
1166.173 2 ESTIMATOR 0. 0.
1166.193 2 DOWNLINK_STATUS 0 112 3905 245 581 30. 2. -4024.09
1166.445 2 SVINFO 1 3 16 1 0 -91 0
1166.514 2 PPRZ_MODE 0 0 0 0 0 17
1166.777 2 ATTITUDE -0.122312 -1.601395 -0.019998
1166.825 2 DOWNLINK_STATUS 0 1166 62459 3126 645 65. 5. 55.13
1167.069 2 GPS_SOL 649813248 100000 9999 0
1167.171 2 ESTIMATOR 0. 0.
1167.193 2 DOWNLINK_STATUS 0 113 3923 246 587 18. 1. -4024.09
1167.376 2 SVINFO 5 7 16 1 0 -91 0
1167.530 2 PPRZ_MODE 0 0 0 0 0 17
1167.578 2 PPRZ_MODE 0 0 0 0 0 17
1167.772 2 NAVIGATION 0 1 10959186. -5945715. 0. 1.55455284314e+14 0 0
1167.825 2 DOWNLINK_STATUS 0 1167 62540 3131 652 81. 5. 55.13
1168.193 2 DOWNLINK_STATUS 0 114 3937 247 591 14. 1. -4024.09
1168.825 2 DOWNLINK_STATUS 0 1168 62540 3131 652 0. 0. 55.13
1169.194 2 DOWNLINK_STATUS 0 115 3937 247 591 0. 0. -4024.09
1169.273 2 PPRZ_MODE 0 0 0 0 0 17
1169.512 2 PPRZ_MODE 0 0 0 0 0 17
1169.626 2 SVINFO 14 17 16 1 0 -91 0
1169.825 2 DOWNLINK_STATUS 0 1169 62566 3133 663 26. 2. 55.13
1170.070 2 PPRZ_MODE 0 0 0 0 0 17
1170.163 2 ESTIMATOR 0. 0.
1170.194 2 DOWNLINK_STATUS 0 116 3961 249 601 24. 2. -9024.7
1170.666 2 PONG 
1170.686 2 ESTIMATOR 0. 0.
1170.825 2 DOWNLINK_STATUS 0 1170 62594 3135 671 28. 2. -4945.01
1170.876 2 IMU_GYRO -0.029785 0.02002 -0.048828
1171.194 2 DOWNLINK_STATUS 0 117 3985 251 608 24. 2. 1012.79
1171.212 2 PPRZ_MODE 0 0 0 0 0 17
1171.826 2 DOWNLINK_STATUS 0 1171 62594 3135 671 0. 0. -4945.01
1172.128 2 SVINFO 9 12 16 1 0 -91 0
1172.176 2 ESTIMATOR 0. 0.
1172.195 2 DOWNLINK_STATUS 0 118 4025 254 617 40. 3. 1012.79
1172.269 2 PPRZ_MODE 0 0 0 0 0 17
1172.626 2 SVINFO 11 14 16 1 0 -91 0
1172.775 2 ATTITUDE -0.122641 -1.597873 -0.020521
1172.826 2 DOWNLINK_STATUS 0 1172 62624 3137 684 30. 2. -4945.01
1172.988 2 WIND_INFO 2 42 0. 0. 0.
1173.140 2 SVINFO 13 17 16 1 0 -91 0
1173.196 2 DOWNLINK_STATUS 0 119 4053 256 624 28. 2. 1012.79
1173.479 2 PPRZ_MODE 0 0 0 0 0 17
1173.529 2 PPRZ_MODE 0 0 0 0 0 17
1173.665 2 DL_VALUE 0 0.
1173.667 2 ESTIMATOR 0. 0.
1173.779 2 PPRZ_MODE 0 0 0 0 0 17
1173.826 2 DOWNLINK_STATUS 0 1173 62673 3141 692 49. 4. -4945.01
1173.873 2 GPS 0 1130805120 0 0 -17000 0 0 0 119750 12 16
1173.876 2 SVINFO 0 2 16 1 0 -91 0
1174.196 2 DOWNLINK_STATUS 0 120 4065 257 626 12. 1. 1012.79
1174.277 2 ATTITUDE -0.123169 -1.59719 -0.020656
1174.296 2 PPRZ_MODE 0 0 0 0 0 17
1174.329 2 PPRZ_MODE 0 0 0 0 0 17
1174.522 2 WIND_INFO 2 42 0. 0. 0.
1174.579 2 ALIVE |217,217,137,25,243,189,253,213,193,68,223,137,90,147,52,151|
1174.581 2 CALIBRATION 0. 0
1174.584 2 WP_MOVED 2 348895. 5945815. 660. 12
1174.586 2 PPRZ_MODE 0 0 0 0 0 17
1174.623 2 GPS 0 1130805120 0 0 -17000 0 0 0 120500 12 3
1174.625 2 SVINFO 3 7 16 1 0 -91 0
1174.668 2 ENERGY 0.2 1080061.625 0 216012.328125
1174.670 2 ESTIMATOR 0. 0.
1174.712 2 PPRZ_MODE 0 0 0 0 0 17
1174.771 2 NAVIGATION 0 1 10959186. -5945715. 0. 1.55455284314e+14 0 0
1174.774 2 ATTITUDE -0.123301 -1.596763 -0.02059
1174.812 2 PPRZ_MODE 0 0 0 0 0 17
1174.826 2 DOWNLINK_STATUS 0 1174 62935 3155 696 262. 14. -4945.01
1174.873 2 GPS 0 1130805120 0 0 -17000 0 0 0 120750 12 4
1174.876 2 SVINFO 4 8 16 1 0 -91 0
1175.068 2 GPS_SOL 649856384 100000 9999 0
1175.072 2 WP_MOVED 3 348965.09375 5945786. 660. 12
1175.123 2 GPS 0 1130805120 0 0 -17000 0 0 0 121000 12 5
1175.126 2 SVINFO 5 9 16 1 0 -91 0
1175.165 2 DL_VALUE 0 0.
1175.167 2 ESTIMATOR 0. 0.
1175.222 2 DESIRED 0. 0.01 0. 0. 0. 655. 0. 15.
1175.268 2 IMU_GYRO -0.027588 0.02002 -0.048828
1175.271 2 ATTITUDE -0.123304 -1.596413 -0.020569
1175.333 2 FBW_STATUS 0 54 0 156 2
1175.335 2 PPRZ_MODE 0 0 0 0 0 17
1175.348 2 PPRZ_MODE 0 0 0 0 0 17
1175.378 2 BAT 58 2 2992 0 1 121 0 0
1175.384 2 GPS 0 1130805120 0 0 -17000 0 0 0 121250 12 6
1175.387 2 SVINFO 6 10 16 1 0 -91 0
1175.389 2 PPRZ_MODE 0 0 0 0 0 17
1175.393 2 PPRZ_MODE 0 0 0 0 0 17
1175.409 2 PPRZ_MODE 0 0 0 0 0 17
1175.426 2 PPRZ_MODE 0 0 0 0 0 17
1175.462 2 PPRZ_MODE 0 0 0 0 0 17
1175.565 2 WP_MOVED 4 348764.6875 5945795. 660. 12
1175.627 2 GPS 0 1130805120 0 0 -17000 0 0 0 121500 12 7
1175.629 2 SVINFO 7 11 16 1 0 -91 0
1175.631 2 PPRZ_MODE 0 0 0 0 0 17
1175.632 2 PONG 
1175.662 2 ESTIMATOR 0. 0.
1175.772 2 NAVIGATION 0 1 10959186. -5945715. 0. 1.55455284314e+14 0 0
1175.774 2 ATTITUDE -0.123177 -1.596316 -0.020602
1175.827 2 DOWNLINK_STATUS 0 1175 63475 3185 696 540. 30. 57.58
1175.845 2 PPRZ_MODE 0 0 0 0 0 17
1175.873 2 GPS 0 1130805120 0 0 -17000 0 0 0 121750 12 8
1175.875 2 SVINFO 8 12 16 1 0 -91 0
1175.912 2 PPRZ_MODE 0 0 0 0 0 17
1175.945 2 PPRZ_MODE 0 0 0 0 0 17
1175.962 2 PPRZ_MODE 0 0 0 0 0 17
1176.065 2 WP_MOVED 5 348740. 5945760. 660. 12
1176.123 2 GPS 0 1130805120 0 0 -17000 0 0 0 122000 12 9
1176.125 2 SVINFO 9 14 16 1 0 -91 0
1176.136 2 PPRZ_MODE 0 0 0 0 0 17
1176.163 2 ESTIMATOR 0. 0.
1176.276 2 DESIRED 0. 0.01 0. 0. 0. 655. 0. 15.
1176.279 2 ATTITUDE -0.123044 -1.595873 -0.020622
1176.374 2 IMU_GYRO -0.032959 0.018066 -0.048828
1176.385 2 GPS 0 1130805120 0 0 -17000 0 0 0 122250 12 10
1176.385 2 SVINFO 10 15 16 1 0 -91 0
1176.389 2 PPRZ_MODE 0 0 0 0 0 17
1176.466 2 DOWNLINK 0 0 3712
1176.470 2 BAT 54 2 3248 0 1 122 0 0
1176.512 2 PPRZ_MODE 0 0 0 0 0 17
1176.565 2 WP_MOVED 6 348665. 5945815. 660. 12
1176.622 2 GPS 0 1130805120 0 0 -17000 0 0 0 122500 12 11
1176.625 2 SVINFO 11 16 16 1 0 -91 0
1176.667 2 CALIBRATION 0. 0
1176.668 2 DL_VALUE 0 0.
1176.671 2 ESTIMATOR 0. 0.
1176.772 2 NAVIGATION 0 1 10959186. -5945715. 0. 1.55455284314e+14 0 0
1176.774 2 ATTITUDE -0.122483 -1.595933 -0.020574
1176.827 2 DOWNLINK_STATUS 0 1176 63987 3213 696 512. 28. 57.58
1176.828 2 PPRZ_MODE 0 0 0 0 0 17
1176.872 2 GPS 0 1130805120 0 0 -17000 0 0 0 122750 12 12
1176.875 2 SVINFO 12 17 16 1 0 -91 0
1176.928 2 PPRZ_MODE 0 0 0 0 0 17
1176.978 2 PPRZ_MODE 0 0 0 0 0 17
1177.828 2 DOWNLINK_STATUS 0 1177 64070 3218 696 83. 5. 57.58
1178.829 2 DOWNLINK_STATUS 0 1178 64070 3218 696 0. 0. 57.58
1179.830 2 DOWNLINK_STATUS 0 1179 64070 3218 696 0. 0. 57.58
1180.830 2 DOWNLINK_STATUS 0 1180 64070 3218 696 0. 0. -4943.39
1181.832 2 DOWNLINK_STATUS 0 1181 64070 3218 696 0. 0. -4943.39
1182.833 2 DOWNLINK_STATUS 0 1182 64070 3218 696 0. 0. -4943.39
1182.988 2 WIND_INFO 2 42 0. 0. 0.
1183.834 2 DOWNLINK_STATUS 0 1183 64070 3218 696 0. 0. -4943.39
1184.834 2 DOWNLINK_STATUS 0 1184 64070 3218 696 0. 0. -4943.39
1185.835 2 DOWNLINK_STATUS 0 1185 64070 3218 696 0. 0. -9944.08
1186.836 2 DOWNLINK_STATUS 0 1186 64070 3218 696 0. 0. -9944.08
1187.838 2 DOWNLINK_STATUS 0 1187 64070 3218 696 0. 0. -9944.08
1188.839 2 DOWNLINK_STATUS 0 1188 64070 3218 696 0. 0. -9944.08
1189.840 2 DOWNLINK_STATUS 0 1189 64070 3218 696 0. 0. -9944.08
