9.472 2 GPS 0 0 0 0 0 0 0 0 0 0 1
9.564 2 PPRZ_MODE 0 0 0 0 0 17
9.673 2 ALIVE |210,36,98,155,171,254,96,23,110,149,201,170,85,77,192,209|
9.676 2 WP_MOVED 6 348665. 5945815. 660. 12
9.722 2 GPS 0 0 0 0 0 0 0 0 0 0 1
9.770 2 ENERGY 15.6 0.002 0 0.0312
9.773 2 ESTIMATOR 0. 0.
9.874 2 NAVIGATION 0 1 0. 0. 0. 0. 0 0
9.877 2 ATTITUDE -0.012322 -1.581923 -0.011506
9.877 2 DOWNLINK_STATUS 0 10 1230 59 2 1197. 58. -1.40267908173e+12
9.973 2 GPS 0 0 0 0 0 0 0 0 0 0 1
10.075 2 DESIRED 0. 0. 0. 0. 0. 655. 0. 15.
10.170 2 GPS_SOL 0 0 0 0
10.173 2 WP_MOVED 7 349065. 5946015. 660. 12
10.222 2 GPS 0 0 0 0 0 0 0 0 0 0 1
10.265 2 ESTIMATOR 0. 0.
10.370 2 IMU_GYRO -0.028564 0.02124 -0.046631
10.373 2 ATTITUDE -0.012321 -1.58201 -0.011507
10.407 2 PONG 
10.475 2 CALIBRATION 0. 0
10.479 2 BAT 40 156 0 0 0 11 0 0
10.484 2 GPS 0 0 0 0 0 0 0 0 0 0 1
10.667 2 WP_MOVED 0 348907. 5945757. 660. 12
10.722 2 GPS 0 0 0 0 0 0 0 0 0 0 1
10.767 2 DL_VALUE 7 0.
10.769 2 ESTIMATOR 0. 0.
10.874 2 NAVIGATION 0 1 0. 0. 0. 0. 0 0
10.877 2 ATTITUDE -0.012321 -1.582097 -0.011421
10.877 2 DOWNLINK_STATUS 0 11 1614 77 2 384. 18. 38.09
10.972 2 GPS 0 0 0 0 0 0 0 0 0 0 1
11.125 2 DESIRED 0. 0. 0. 0. 0. 655. 0. 15.
11.167 2 WP_MOVED 1 348865. 5945715. 660. 12
11.222 2 GPS 0 0 0 0 0 0 0 0 0 0 1
11.248 2 FBW_STATUS 0 50 0 156 2
11.265 2 ESTIMATOR 0. 0.
11.366 2 ATTITUDE -0.012495 -1.582097 -0.011249
11.473 2 IMU_GYRO -0.028564 0.019043 -0.047852
11.479 2 GPS 0 0 0 0 0 0 0 0 0 0 1
11.567 2 BAT 40 156 0 0 0 12 0 0
11.667 2 WP_MOVED 2 348895. 5945815. 660. 12
11.722 2 GPS 0 0 0 0 0 0 0 0 0 0 1
11.765 2 ESTIMATOR 0. 0.
11.874 2 NAVIGATION 0 1 0. 0. 0. 0. 0 0
11.877 2 ATTITUDE -0.012495 -1.582184 -0.011163
11.878 2 DOWNLINK_STATUS 0 12 1968 92 2 354. 15. 38.09
11.972 2 GPS 0 0 0 0 0 0 0 0 0 0 1
12.178 2 GPS_SOL 0 0 0 0
12.185 2 DESIRED 0. 0. 0. 0. 0. 655. 0. 15.
12.188 2 WP_MOVED 3 348965.09375 5945786. 660. 12
12.222 2 GPS 0 0 0 0 0 0 0 0 0 0 1
12.272 2 ENERGY 15.6 0.002 0 0.0312
12.274 2 DL_VALUE 8 0.
12.278 2 ESTIMATOR 0. 0.
12.366 2 ATTITUDE -0.012625 -1.58227 -0.011035
12.472 2 GPS 0 0 0 0 0 0 0 0 0 0 1
12.568 2 CALIBRATION 0. 0
12.571 2 IMU_GYRO -0.028564 0.018066 -0.048828
12.672 2 BAT 40 156 0 0 0 13 0 0
12.675 2 WP_MOVED 4 348764.6875 5945795. 660. 12
12.722 2 GPS 0 0 0 0 0 0 0 0 0 0 1
12.765 2 ESTIMATOR 0. 0.
12.874 2 NAVIGATION 0 1 0. 0. 0. 0. 0 0
12.877 2 ATTITUDE -0.012755 -1.582358 -0.010907
12.879 2 DOWNLINK_STATUS 0 13 2366 110 2 398. 18. 38.09
12.972 2 GPS 0 0 0 0 0 0 0 0 0 0 1
13.167 2 WP_MOVED 5 348740. 5945760. 660. 12
13.231 2 DESIRED 0. 0. 0. 0. 0. 655. 0. 15.
13.236 2 GPS 0 0 0 0 0 0 0 0 0 0 1
13.248 2 FBW_STATUS 0 48 0 156 2
13.264 2 ESTIMATOR 0. 0.
13.366 2 ATTITUDE -0.012713 -1.58227 -0.010863
13.472 2 GPS 0 0 0 0 0 0 0 0 0 0 1
13.671 2 IMU_GYRO -0.029785 0.02124 -0.047852
13.674 2 WP_MOVED 6 348665. 5945815. 660. 12
13.722 2 GPS 0 0 0 0 0 0 0 0 0 0 1
13.771 2 DL_VALUE 9 0.
13.775 2 BAT 40 156 0 0 0 14 0 0
13.777 2 ESTIMATOR 0. 0.
13.873 2 NAVIGATION 0 1 0. 0. 0. 0. 0 0
13.877 2 ATTITUDE -0.01267 -1.582097 -0.010905
13.880 2 DOWNLINK_STATUS 0 14 2731 126 2 365. 16. 38.09
13.972 2 GPS 0 0 0 0 0 0 0 0 0 0 1
14.049 2 ACTUATORS |1004,1003,1500,1500,1500,1500|
14.149 2 COMMANDS |40,-14,-14,0,-14,-9548|
14.170 2 GPS_SOL 0 0 0 0
14.173 2 WP_MOVED 7 349065. 5946015. 660. 12
14.222 2 GPS 0 0 0 0 0 0 0 0 0 0 1
14.277 2 DESIRED 0. 0. 0. 0. 0. 655. 0. 15.
14.279 2 ESTIMATOR 0. 0.
14.366 2 STATE_FILTER_STATUS 3 0
14.369 2 ATTITUDE -0.012929 -1.581924 -0.010905
14.470 2 DOWNLINK 0 388 278
14.476 2 GPS 0 0 0 0 0 0 0 0 0 0 1
14.564 2 PPRZ_MODE 0 0 0 0 0 17
14.675 2 ALIVE |210,36,98,155,171,254,96,23,110,149,201,170,85,77,192,209|
14.677 2 CALIBRATION 0. 0
14.680 2 WP_MOVED 0 348907. 5945757. 660. 12
14.722 2 GPS 0 0 0 0 0 0 0 0 0 0 1
14.774 2 ENERGY 15.6 0.002 0 0.0312
14.777 2 IMU_GYRO -0.029785 0.02002 -0.047852
14.780 2 ESTIMATOR 0. 0.
14.877 2 BAT 40 156 0 0 0 15 0 0
14.881 2 DOWNLINK_STATUS 0 15 3167 147 2 436. 21. 38.09
14.882 2 NAVIGATION 0 1 0. 0. 0. 0. 0 0
14.885 2 ATTITUDE -0.012499 -1.581836 -0.010902
14.972 2 GPS 0 0 0 0 0 0 0 0 0 0 1
15.166 2 WP_MOVED 1 348865. 5945715. 660. 12
15.222 2 GPS 0 0 0 0 0 0 0 0 0 0 1
15.248 2 FBW_STATUS 0 49 0 156 2
15.266 2 DL_VALUE 10 0.
15.269 2 ESTIMATOR 0. 0.
15.324 2 DESIRED 0. 0. 0. 0. 0. 655. 0. 15.
15.366 2 ATTITUDE -0.012888 -1.581576 -0.010946
15.408 2 PONG 
15.472 2 GPS 0 0 0 0 0 0 0 0 0 0 1
15.667 2 WP_MOVED 2 348895. 5945815. 660. 12
15.722 2 GPS 0 0 0 0 0 0 0 0 0 0 1
15.764 2 ESTIMATOR 0. 0.
15.875 2 IMU_GYRO -0.028564 0.022217 -0.047852
15.880 2 NAVIGATION 0 1 0. 0. 0. 0. 0 0
15.881 2 DOWNLINK_STATUS 0 16 3543 164 2 376. 17. 37.74
15.883 2 ATTITUDE -0.012715 -1.581663 -0.011032
15.974 2 BAT 40 156 0 0 0 16 0 0
15.980 2 GPS 0 0 0 0 0 0 0 0 0 0 1
16.170 2 GPS_SOL 0 0 0 0
16.173 2 WP_MOVED 3 348965.09375 5945786. 660. 12
16.222 2 GPS 0 0 0 0 0 0 0 0 0 0 1
16.264 2 ESTIMATOR 0. 0.
16.378 2 DESIRED 0. 0. 0. 0. 0. 655. 0. 15.
16.381 2 ATTITUDE -0.012672 -1.581749 -0.010989
16.472 2 GPS 0 0 0 0 0 0 0 0 0 0 1
16.667 2 WP_MOVED 4 348764.6875 5945795. 660. 12
16.722 2 GPS 0 0 0 0 0 0 0 0 0 0 1
16.768 2 CALIBRATION 0. 0
16.770 2 DL_VALUE 11 0.
16.773 2 ESTIMATOR 0. 0.
16.873 2 NAVIGATION 0 1 0. 0. 0. 0. 0 0
16.876 2 ATTITUDE -0.012628 -1.58175 -0.011032
16.882 2 DOWNLINK_STATUS 0 17 3921 181 2 378. 17. 37.74
16.973 2 IMU_GYRO -0.029785 0.02002 -0.047852
16.979 2 GPS 0 0 0 0 0 0 0 0 0 0 1
17.071 2 NAVIGATION_REF 348865 5945715 12 605.
17.074 2 BAT 40 156 0 0 0 18 0 0
17.167 2 WP_MOVED 5 348740. 5945760. 660. 12
17.222 2 GPS 0 0 0 0 0 0 0 0 0 0 1
17.248 2 FBW_STATUS 0 48 0 156 2
17.270 2 ENERGY 15.6 0.002 0 0.0312
17.272 2 ESTIMATOR 0. 0.
17.366 2 ATTITUDE -0.012714 -1.58175 -0.011032
17.424 2 DESIRED 0. 0. 0. 0. 0. 655. 0. 15.
17.472 2 GPS 0 0 0 0 0 0 0 0 0 0 1
17.666 2 WP_MOVED 6 348665. 5945815. 660. 12
17.721 2 GPS 0 0 0 0 0 0 0 0 0 0 1
17.764 2 ESTIMATOR 0. 0.
17.873 2 NAVIGATION 0 1 0. 0. 0. 0. 0 0
17.876 2 ATTITUDE -0.012713 -1.581923 -0.011206
17.882 2 DOWNLINK_STATUS 0 18 4314 198 2 393. 17. 37.74
17.971 2 GPS 0 0 0 0 0 0 0 0 0 0 1
18.066 2 IMU_GYRO -0.028564 0.016846 -0.046631
18.174 2 GPS_SOL 0 0 0 0
18.178 2 BAT 40 156 0 0 0 19 0 0
18.182 2 WP_MOVED 7 349065. 5946015. 660. 12
18.222 2 GPS 0 0 0 0 0 0 0 0 0 0 1
18.266 2 DL_VALUE 12 12000.
18.269 2 ESTIMATOR 0. 0.
18.366 2 ATTITUDE -0.0128 -1.581749 -0.011205
18.481 2 DESIRED 0. 0. 0. 0. 0. 655. 0. 15.
18.487 2 GPS 0 0 0 0 0 0 0 0 0 0 1
18.666 2 WP_MOVED 0 348907. 5945757. 660. 12
18.721 2 GPS 0 0 0 0 0 0 0 0 0 0 1
18.764 2 ESTIMATOR 0. 0.
18.873 2 CALIBRATION 0. 0
18.877 2 NAVIGATION 0 1 0. 0. 0. 0. 0 0
18.880 2 ATTITUDE -0.012714 -1.58175 -0.011119
18.883 2 DOWNLINK_STATUS 0 19 4692 215 2 378. 17. 37.74
18.972 2 GPS 0 0 0 0 0 0 0 0 0 0 1
19.050 2 ACTUATORS |1004,1003,1500,1500,1500,1499|
19.150 2 COMMANDS |40,-14,-14,0,-14,-9548|
19.170 2 IMU_GYRO -0.028564 0.018066 -0.047852
19.174 2 WP_MOVED 1 348865. 5945715. 660. 12
19.222 2 GPS 0 0 0 0 0 0 0 0 0 0 1
19.248 2 FBW_STATUS 0 52 0 156 2
19.270 2 BAT 40 156 0 0 0 20 0 0
19.273 2 ESTIMATOR 0. 0.
19.366 2 STATE_FILTER_STATUS 3 0
19.369 2 ATTITUDE -0.01254 -1.581836 -0.011377
19.471 2 GPS 0 0 0 0 0 0 0 0 0 0 1
19.523 2 DESIRED 0. 0. 0. 0. 0. 655. 0. 15.
19.566 2 DOWNLINK 0 398 370
19.568 2 PPRZ_MODE 0 0 0 0 0 17
19.666 2 WIND_INFO 2 42 0. 0. 0.
19.672 2 ALIVE |210,36,98,155,171,254,96,23,110,149,201,170,85,77,192,209|
19.675 2 WP_MOVED 2 348895. 5945815. 660. 12
19.721 2 GPS 0 0 0 0 0 0 0 0 0 0 1
19.772 2 ENERGY 15.6 0.002 0 0.0312
19.774 2 DL_VALUE 13 1.5
19.776 2 ESTIMATOR 0. 0.
19.873 2 NAVIGATION 0 1 0. 0. 0. 0. 0 0
19.876 2 ATTITUDE -0.012108 -1.581749 -0.011288
19.884 2 DOWNLINK_STATUS 0 20 5170 238 2 478. 23. 37.74
19.972 2 GPS 0 0 0 0 0 0 0 0 0 0 1
20.169 2 GPS_SOL 0 0 0 0
20.174 2 WP_MOVED 3 348965.09375 5945786. 660. 12
20.222 2 GPS 0 0 0 0 0 0 0 0 0 0 1
20.268 2 IMU_GYRO -0.029785 0.019043 -0.047852
20.271 2 ESTIMATOR 0. 0.
20.370 2 BAT 40 156 0 0 0 21 0 0
20.374 2 ATTITUDE -0.012626 -1.581663 -0.011377
20.408 2 PONG 
20.471 2 GPS 0 0 0 0 0 0 0 0 0 0 1
20.573 2 DESIRED 0. 0. 0. 0. 0. 655. 0. 15.
20.666 2 WP_MOVED 4 348764.6875 5945795. 660. 12
20.721 2 GPS 0 0 0 0 0 0 0 0 0 0 1
20.764 2 ESTIMATOR 0. 0.
20.873 2 NAVIGATION 0 1 0. 0. 0. 0. 0 0
20.876 2 ATTITUDE -0.012497 -1.581489 -0.011418
20.885 2 DOWNLINK_STATUS 0 21 5532 254 2 362. 16. 37.83
20.970 2 CALIBRATION 0. 0
20.976 2 GPS 0 0 0 0 0 0 0 0 0 0 1
21.166 2 WP_MOVED 5 348740. 5945760. 660. 12
21.221 2 GPS 0 0 0 0 0 0 0 0 0 0 1
21.247 2 FBW_STATUS 0 46 0 156 2
21.266 2 DL_VALUE 14 0.610865
21.268 2 ESTIMATOR 0. 0.
21.369 2 IMU_GYRO -0.015869 0.001953 -0.046631
21.372 2 ATTITUDE -0.012627 -1.581575 -0.011462
21.474 2 BAT 40 156 0 0 0 22 0 0
21.479 2 GPS 0 0 0 0 0 0 0 0 0 0 1
21.623 2 DESIRED 0. 0. 0. 0. 0. 655. 0. 15.
21.666 2 WP_MOVED 6 348665. 5945815. 660. 12
21.722 2 GPS 0 0 0 0 0 0 0 0 0 0 1
21.764 2 ESTIMATOR 0. 0.
21.873 2 NAVIGATION 0 1 0. 0. 0. 0. 0 0
21.876 2 ATTITUDE -0.011719 -1.581575 -0.01176
21.886 2 DOWNLINK_STATUS 0 22 5908 271 2 376. 17. 37.83
21.972 2 GPS 0 0 0 0 0 0 0 0 0 0 1
22.169 2 GPS_SOL 0 0 0 0
22.173 2 WP_MOVED 7 349065. 5946015. 660. 12
22.221 2 GPS 0 0 0 0 0 0 0 0 0 0 1
22.269 2 ENERGY 15.6 0.002 0 0.0312
22.272 2 ESTIMATOR 0. 0.
22.365 2 ATTITUDE -0.015038 -1.582186 -0.011825
22.473 2 IMU_GYRO -0.024414 0.023193 -0.047852
22.478 2 GPS 0 0 0 0 0 0 0 0 0 0 1
22.567 2 BAT 40 156 0 0 0 23 0 0
22.678 2 DESIRED 0. 0. 0. 0. 0. 655. 0. 15.
22.681 2 WP_MOVED 0 348907. 5945757. 660. 12
22.722 2 GPS 0 0 0 0 0 0 0 0 0 0 1
22.766 2 DL_VALUE 15 7500.
22.769 2 ESTIMATOR 0. 0.
22.873 2 NAVIGATION 0 1 0. 0. 0. 0. 0 0
22.876 2 ATTITUDE -0.01452 -1.582186 -0.011736
22.887 2 DOWNLINK_STATUS 0 23 6295 288 2 387. 17. 37.83
22.972 2 GPS 0 0 0 0 0 0 0 0 0 0 1
23.063 2 CALIBRATION 0. 0
23.166 2 WP_MOVED 1 348865. 5945715. 660. 12
23.221 2 GPS 0 0 0 0 0 0 0 0 0 0 1
23.247 2 FBW_STATUS 0 49 0 156 2
23.264 2 ESTIMATOR 0. 0.
23.365 2 ATTITUDE -0.015555 -1.582448 -0.011658
23.471 2 GPS 0 0 0 0 0 0 0 0 0 0 1
23.566 2 IMU_GYRO -0.026367 0.019043 -0.047852
23.671 2 BAT 40 156 0 0 0 24 0 0
23.675 2 WP_MOVED 2 348895. 5945815. 660. 12
23.731 2 DESIRED 0. 0. 0. 0. 0. 655. 0. 15.
23.736 2 GPS 0 0 0 0 0 0 0 0 0 0 1
23.764 2 ESTIMATOR 0. 0.
23.888 2 DOWNLINK_STATUS 0 24 6616 302 2 321. 14. 37.83
24.889 2 DOWNLINK_STATUS 0 25 6616 302 2 0. 0. 37.83
25.890 2 DOWNLINK_STATUS 0 26 6616 302 2 0. 0. -4963.11
26.891 2 DOWNLINK_STATUS 0 27 6616 302 2 0. 0. -4963.11
27.893 2 DOWNLINK_STATUS 0 28 6616 302 2 0. 0. -4963.11
28.894 2 DOWNLINK_STATUS 0 29 6616 302 2 0. 0. -4963.11
29.666 2 WIND_INFO 2 42 0. 0. 0.
29.895 2 DOWNLINK_STATUS 0 30 6616 302 2 0. 0. -4963.11
30.896 2 DOWNLINK_STATUS 0 31 6616 302 2 0. 0. -9964.29
31.898 2 DOWNLINK_STATUS 0 32 6616 302 2 0. 0. -9964.29
32.899 2 DOWNLINK_STATUS 0 33 6616 302 2 0. 0. -9964.29
33.900 2 DOWNLINK_STATUS 0 34 6616 302 2 0. 0. -9964.29
34.901 2 DOWNLINK_STATUS 0 35 6616 302 2 0. 0. -9964.29
35.902 2 DOWNLINK_STATUS 0 36 6616 302 2 0. 0. -14964.84
36.902 2 DOWNLINK_STATUS 0 37 6616 302 2 0. 0. -14964.84
37.904 2 DOWNLINK_STATUS 0 38 6616 302 2 0. 0. -14964.84
38.905 2 DOWNLINK_STATUS 0 39 6616 302 2 0. 0. -14964.84
39.666 2 WIND_INFO 2 42 0. 0. 0.
39.906 2 DOWNLINK_STATUS 0 40 6616 302 2 0. 0. -14964.84
40.907 2 DOWNLINK_STATUS 0 41 6616 302 2 0. 0. -19965.04
41.908 2 DOWNLINK_STATUS 0 42 6616 302 2 0. 0. -19965.04
42.910 2 DOWNLINK_STATUS 0 43 6616 302 2 0. 0. -19965.04
43.911 2 DOWNLINK_STATUS 0 44 6616 302 2 0. 0. -19965.04
44.913 2 DOWNLINK_STATUS 0 45 6616 302 2 0. 0. -19965.04
45.914 2 DOWNLINK_STATUS 0 46 6616 302 2 0. 0. -24965.95
46.915 2 DOWNLINK_STATUS 0 47 6616 302 2 0. 0. -24965.95
47.917 2 DOWNLINK_STATUS 0 48 6616 302 2 0. 0. -24965.95
48.918 2 DOWNLINK_STATUS 0 49 6616 302 2 0. 0. -24965.95
49.666 2 WIND_INFO 2 42 0. 0. 0.
49.919 2 DOWNLINK_STATUS 0 50 6616 302 2 0. 0. -24965.95
50.920 2 DOWNLINK_STATUS 0 51 6616 302 2 0. 0. -29966.17
51.921 2 DOWNLINK_STATUS 0 52 6616 302 2 0. 0. -29966.17
52.922 2 DOWNLINK_STATUS 0 53 6616 302 2 0. 0. -29966.17
53.923 2 DOWNLINK_STATUS 0 54 6616 302 2 0. 0. -29966.17
54.925 2 DOWNLINK_STATUS 0 55 6616 302 2 0. 0. -29966.17
55.926 2 DOWNLINK_STATUS 0 56 6616 302 2 0. 0. -34966.82
56.927 2 DOWNLINK_STATUS 0 57 6616 302 2 0. 0. -34966.82
57.929 2 DOWNLINK_STATUS 0 58 6616 302 2 0. 0. -34966.82
