1.464 1 NAVIGATION 0 2 0. 0. 0. 0. 0 0
1.483 1 ATTITUDE -0.031979 -0.218449 0.095546
1.485 1 ESTIMATOR 0. 0.
1.487 1 DOWNLINK 0 350 197
1.584 1 ATTITUDE -0.031905 -0.218319 0.095514
1.589 1 GPS 0 0 0 0 0 0 0 0 0 0 1
1.680 1 ATTITUDE -0.032073 -0.218384 0.095521
1.683 1 GPS_SOL 0 0 0 0
1.713 1 NAVIGATION 0 2 0. 0. 0. 0. 0 0
1.777 1 ATTITUDE -0.031881 -0.218354 0.095539
1.877 1 ATTITUDE -0.032055 -0.218285 0.09558
1.927 1 DOWNLINK_STATUS 0 2 783 39 0 403. 20. 0.
1.963 1 NAVIGATION 0 2 0. 0. 0. 0. 0 0
1.979 1 ATTITUDE -0.032036 -0.218333 0.095547
2.077 1 ATTITUDE -0.031691 -0.218086 0.095523
2.177 1 ATTITUDE -0.031902 -0.218243 0.095548
2.214 1 NAVIGATION 0 2 0. 0. 0. 0. 0 0
2.277 1 ATTITUDE -0.031857 -0.218027 0.095544
2.377 1 ATTITUDE -0.031764 -0.21798 0.095514
2.465 1 FBW_STATUS 2 0 1 68 0
2.470 1 NAVIGATION 0 2 0. 0. 0. 0. 0 0
2.482 1 ATTITUDE -0.031948 -0.218206 0.09549
2.585 1 ATTITUDE -0.031992 -0.218156 0.095474
2.590 1 GPS 0 0 0 0 0 0 0 0 0 0 1
2.680 1 ATTITUDE -0.031779 -0.218239 0.095453
2.682 1 ESTIMATOR 0. 0.
2.713 1 NAVIGATION 0 2 0. 0. 0. 0. 0 0
2.780 1 ATTITUDE -0.031793 -0.218247 0.095437
2.782 1 PPRZ_MODE 2 0 0 0 0 6
2.877 1 ATTITUDE -0.031813 -0.218387 0.095435
2.928 1 DOWNLINK_STATUS 0 3 1141 57 0 358. 18. 0.
2.964 1 NAVIGATION 0 2 0. 0. 0. 0. 0 0
2.979 1 ATTITUDE -0.031879 -0.218365 0.095442
3.077 1 ATTITUDE -0.031918 -0.2185 0.095466
3.178 1 ATTITUDE -0.031916 -0.218526 0.095414
3.214 1 NAVIGATION 0 2 0. 0. 0. 0. 0 0
3.277 1 ATTITUDE -0.031854 -0.218493 0.095407
3.378 1 ATTITUDE -0.031822 -0.218682 0.095398
3.463 1 NAVIGATION 0 2 0. 0. 0. 0. 0 0
3.478 1 ATTITUDE -0.031854 -0.218672 0.095349
3.584 1 ATTITUDE -0.031853 -0.218779 0.095343
3.590 1 GPS 0 0 0 0 0 0 0 0 0 0 1
3.677 1 ATTITUDE -0.031841 -0.218768 0.095309
3.713 1 NAVIGATION 0 2 0. 0. 0. 0. 0 0
3.777 1 ATTITUDE -0.031838 -0.218591 0.09531
3.880 1 ATTITUDE -0.031836 -0.218675 0.095316
3.883 1 ESTIMATOR 0. 0.
3.928 1 DOWNLINK_STATUS 0 4 1472 73 0 331. 16. 0.
3.964 1 NAVIGATION 0 2 0. 0. 0. 0. 0 0
3.979 1 ATTITUDE -0.031829 -0.218557 0.0953
4.078 1 ATTITUDE -0.031872 -0.218389 0.095283
4.176 1 ATTITUDE -0.031939 -0.218504 0.095286
4.213 1 NAVIGATION 0 2 0. 0. 0. 0. 0 0
4.277 1 ATTITUDE -0.031872 -0.218484 0.095274
4.377 1 ATTITUDE -0.031845 -0.218609 0.095251
4.466 1 NAVIGATION 0 2 0. 0. 0. 0. 0 0
4.469 1 FBW_STATUS 2 0 1 68 0
4.482 1 ATTITUDE -0.031845 -0.218714 0.095253
4.584 1 ATTITUDE -0.03186 -0.218707 0.095238
4.590 1 GPS 0 0 0 0 0 0 0 0 0 0 1
4.677 1 ATTITUDE -0.031836 -0.218687 0.095242
4.714 1 NAVIGATION 0 2 0. 0. 0. 0. 0 0
4.777 1 ATTITUDE -0.031881 -0.218718 0.095275
4.878 1 ATTITUDE -0.031798 -0.218717 0.09528
4.929 1 DOWNLINK_STATUS 0 5 1804 89 0 332. 16. 0.
4.964 1 NAVIGATION 0 2 0. 0. 0. 0. 0 0
4.978 1 ATTITUDE -0.03159 -0.218907 0.09522
5.080 1 ATTITUDE -0.031663 -0.218825 0.095271
5.082 1 ESTIMATOR 0. 0.
5.177 1 ATTITUDE -0.031597 -0.218914 0.095279
5.213 1 NAVIGATION 0 2 0. 0. 0. 0. 0 0
5.277 1 ATTITUDE -0.03157 -0.219011 0.095204
5.377 1 ATTITUDE -0.031601 -0.219035 0.095191
5.467 1 NAVIGATION 0 2 0. 0. 0. 0. 0 0
5.480 1 PONG 
5.497 1 ATTITUDE -0.031587 -0.219187 0.095151
5.560 1 COMMANDS 0,636,-805,0,0
5.584 1 ATTITUDE -0.031797 -0.218873 0.095071
5.590 1 GPS 0 0 0 0 0 0 0 0 0 0 1
5.660 1 ACTUATORS 1250,1530,1566,1594,1350
5.677 1 ATTITUDE -0.031756 -0.218931 0.095127
5.714 1 NAVIGATION 0 2 0. 0. 0. 0. 0 0
5.777 1 ATTITUDE -0.033712 -0.220198 0.095021
5.877 1 ATTITUDE -0.026694 -0.218427 0.093975
5.930 1 DOWNLINK_STATUS 0 6 2175 108 0 371. 19. 52.58
5.963 1 NAVIGATION 0 2 0. 0. 0. 0. 0 0
5.978 1 ATTITUDE -0.013713 -0.215581 0.092453
6.077 1 ATTITUDE 0.003698 -0.212353 0.091407
6.177 1 ATTITUDE 0.007979 -0.209896 0.090547
6.213 1 NAVIGATION 0 2 0. 0. 0. 0. 0 0
6.280 1 ATTITUDE 0.017208 -0.206166 0.088087
6.282 1 ESTIMATOR 0. 0.
6.377 1 ATTITUDE 0.034152 -0.205737 0.080168
6.465 1 FBW_STATUS 2 0 1 68 0
6.469 1 NAVIGATION 0 2 0. 0. 0. 0. 0 0
6.482 1 ATTITUDE 0.063713 -0.209013 0.052993
6.584 1 ATTITUDE 0.101119 -0.212001 0.022775
6.590 1 GPS 0 0 0 0 0 0 0 0 0 0 1
6.677 1 ATTITUDE 0.136277 -0.214177 -0.004135
6.713 1 NAVIGATION 0 2 0. 0. 0. 0. 0 0
6.777 1 ATTITUDE 0.163409 -0.213653 -0.026359
6.877 1 ATTITUDE 0.180374 -0.21352 -0.04068
6.931 1 DOWNLINK_STATUS 0 7 2521 125 0 346. 17. 52.58
6.963 1 NAVIGATION 0 2 0. 0. 0. 0. 0 0
6.978 1 ATTITUDE 0.186129 -0.213801 -0.045298
7.077 1 ATTITUDE 0.184094 -0.215653 -0.043447
7.177 1 ATTITUDE 0.177472 -0.215971 -0.037592
7.213 1 NAVIGATION 0 2 0. 0. 0. 0. 0 0
7.277 1 ATTITUDE 0.164317 -0.215859 -0.027202
7.377 1 ATTITUDE 0.140632 -0.216791 -0.008412
7.464 1 NAVIGATION 0 2 0. 0. 0. 0. 0 0
7.479 1 ATTITUDE 0.11066 -0.218686 0.016373
7.482 1 ESTIMATOR 0. 0.
7.584 1 ATTITUDE 0.073685 -0.222482 0.046216
7.589 1 GPS 0 0 0 0 0 0 0 0 0 0 1
7.677 1 ATTITUDE 0.033726 -0.22445 0.077774
7.713 1 NAVIGATION 0 2 0. 0. 0. 0. 0 0
7.777 1 ATTITUDE -0.003434 -0.233417 0.08721
7.877 1 ATTITUDE -0.015363 -0.235185 0.088301
7.932 1 DOWNLINK_STATUS 0 8 2852 141 0 331. 16. 52.58
7.963 1 NAVIGATION 0 2 0. 0. 0. 0. 0 0
7.978 1 ATTITUDE -0.044232 -0.243886 0.090861
8.077 1 ATTITUDE -0.040884 -0.242792 0.090766
8.177 1 ATTITUDE -0.041324 -0.242753 0.090844
8.213 1 NAVIGATION 0 2 0. 0. 0. 0. 0 0
8.277 1 ATTITUDE -0.041357 -0.242793 0.090943
8.376 1 ATTITUDE -0.041505 -0.24265 0.090971
8.464 1 FBW_STATUS 2 0 1 68 0
8.468 1 NAVIGATION 0 2 0. 0. 0. 0. 0 0
8.481 1 ATTITUDE -0.041637 -0.242834 0.091007
8.584 1 ATTITUDE -0.041686 -0.242772 0.091033
8.589 1 GPS 0 0 0 0 0 0 0 0 0 0 1
8.680 1 ATTITUDE -0.041757 -0.243004 0.091041
8.682 1 ESTIMATOR 0. 0.
8.713 1 NAVIGATION 0 2 0. 0. 0. 0. 0 0
8.779 1 ATTITUDE -0.041612 -0.243079 0.091025
8.781 1 PPRZ_MODE 2 0 0 0 0 6
8.877 1 ATTITUDE -0.041624 -0.242959 0.091022
8.933 1 DOWNLINK_STATUS 0 9 3210 159 0 358. 18. 52.58
8.963 1 NAVIGATION 0 2 0. 0. 0. 0. 0 0
8.979 1 ATTITUDE -0.041655 -0.243154 0.091083
9.077 1 ATTITUDE -0.041604 -0.24329 0.091095
9.177 1 ATTITUDE -0.041568 -0.243273 0.091138
9.214 1 NAVIGATION 0 2 0. 0. 0. 0. 0 0
9.276 1 ATTITUDE -0.041616 -0.243332 0.091151
9.377 1 ATTITUDE -0.039983 -0.243223 0.090864
9.463 1 NAVIGATION 0 2 0. 0. 0. 0. 0 0
9.478 1 ATTITUDE -0.000873 -0.23498 0.088106
9.584 1 ATTITUDE 0.053091 -0.231037 0.063734
9.590 1 GPS 0 0 0 0 0 0 0 0 0 0 1
9.677 1 ATTITUDE 0.093067 -0.240441 0.027002
9.713 1 NAVIGATION 0 2 0. 0. 0. 0. 0 0
9.777 1 ATTITUDE 0.155016 -0.235899 -0.025399
9.880 1 ATTITUDE 0.22171 -0.251273 -0.086348
9.883 1 ESTIMATOR 0. 0.
9.934 1 DOWNLINK_STATUS 0 10 3541 175 0 331. 16. 52.58
9.963 1 NAVIGATION 0 2 0. 0. 0. 0. 0 0
9.979 1 ATTITUDE 0.263772 -0.258821 -0.118473
10.076 1 ATTITUDE 0.263794 -0.257314 -0.11597
10.176 1 ATTITUDE 0.26015 -0.254349 -0.110886
10.213 1 NAVIGATION 0 2 0. 0. 0. 0. 0 0
10.276 1 ATTITUDE 0.261794 -0.254596 -0.11364
10.377 1 ATTITUDE 0.256569 -0.253513 -0.11054
10.466 1 FBW_STATUS 2 0 1 68 0
10.470 1 NAVIGATION 0 2 0. 0. 0. 0. 0 0
10.481 1 PONG 
10.497 1 ATTITUDE 0.19222 -0.252459 -0.062026
10.560 1 COMMANDS 0,-315,-9600,0,0
10.584 1 ATTITUDE 0.067096 -0.24724 0.049795
10.590 1 GPS 0 0 0 0 0 0 0 0 0 0 1
10.660 1 ACTUATORS 1250,1807,1640,1659,1350
10.677 1 ATTITUDE -0.043048 -0.268843 0.089026
10.713 1 NAVIGATION 0 2 0. 0. 0. 0. 0 0
10.777 1 ATTITUDE -0.030483 -0.254364 0.090549
10.877 1 ATTITUDE -0.032665 -0.255425 0.090482
10.935 1 DOWNLINK_STATUS 0 11 3913 194 0 372. 19. 53.51
10.964 1 NAVIGATION 0 2 0. 0. 0. 0. 0 0
10.978 1 ATTITUDE -0.032034 -0.255442 0.090485
11.084 1 ATTITUDE -0.032262 -0.255276 0.090514
11.086 1 ESTIMATOR 0. 0.
11.090 1 BAT 0 68 0 0 1 20 0 0
11.176 1 ATTITUDE -0.032287 -0.255357 0.090433
11.213 1 NAVIGATION 0 2 0. 0. 0. 0. 0 0
11.276 1 ATTITUDE -0.032241 -0.255588 0.090364
11.382 1 ATTITUDE -0.032125 -0.255578 0.090311
11.386 1 ALIVE 163,73,169,119,200,148,75,204,222,241,3,98,114,117,37,59
11.463 1 NAVIGATION 0 2 0. 0. 0. 0. 0 0
11.478 1 ATTITUDE -0.030288 -0.255396 0.090077
11.584 1 ATTITUDE -0.028717 -0.255196 0.089909
11.590 1 GPS 0 0 0 0 0 0 0 0 0 0 1
11.677 1 ATTITUDE -0.028888 -0.255352 0.089845
11.683 1 WIND_INFO 1 42 0. 0. 0.
11.726 1 NAVIGATION 0 2 0. 0. 0. 0. 0 0
11.777 1 ATTITUDE -0.028951 -0.255413 0.089766
11.880 1 ATTITUDE -0.029016 -0.255349 0.089701
11.880 1 DOWNLINK 0 352 378
11.937 1 DOWNLINK_STATUS 0 12 4299 213 0 386. 19. 53.51
11.963 1 NAVIGATION 0 2 0. 0. 0. 0. 0 0
11.979 1 ATTITUDE -0.029058 -0.255595 0.089642
12.076 1 ATTITUDE -0.029107 -0.255611 0.089623
12.180 1 ATTITUDE -0.029026 -0.255534 0.089584
12.183 1 GPS_SOL 0 0 0 0
12.213 1 NAVIGATION 0 2 0. 0. 0. 0. 0 0
12.280 1 ATTITUDE -0.028863 -0.255411 0.089554
12.282 1 ESTIMATOR 0. 0.
12.377 1 ATTITUDE -0.028875 -0.255392 0.08948
12.464 1 FBW_STATUS 2 0 1 68 0
12.469 1 NAVIGATION 0 2 0. 0. 0. 0. 0 0
12.481 1 ATTITUDE -0.029066 -0.255422 0.089479
12.583 1 ATTITUDE -0.029104 -0.25534 0.089435
12.590 1 GPS 0 0 0 0 0 0 0 0 0 0 1
12.676 1 ATTITUDE -0.029043 -0.255585 0.089427
12.712 1 NAVIGATION 0 2 0. 0. 0. 0. 0 0
12.776 1 ATTITUDE -0.02902 -0.255682 0.089369
12.876 1 ATTITUDE -0.028974 -0.255853 0.089287
12.936 1 DOWNLINK_STATUS 0 13 4662 231 0 363. 18. 53.51
12.963 1 NAVIGATION 0 2 0. 0. 0. 0. 0 0
12.978 1 ATTITUDE -0.028989 -0.25598 0.089244
13.076 1 ATTITUDE -0.029035 -0.2561 0.089209
13.177 1 ATTITUDE -0.029113 -0.256199 0.089193
13.213 1 NAVIGATION 0 2 0. 0. 0. 0. 0 0
13.277 1 ATTITUDE -0.029073 -0.256165 0.089158
13.377 1 ATTITUDE -0.02905 -0.256428 0.089043
13.463 1 NAVIGATION 0 2 0. 0. 0. 0. 0 0
13.479 1 ATTITUDE -0.028935 -0.256469 0.088968
13.481 1 ESTIMATOR 0. 0.
13.583 1 ATTITUDE -0.029032 -0.256446 0.088955
13.589 1 GPS 0 0 0 0 0 0 0 0 0 0 1
13.676 1 ATTITUDE -0.029072 -0.256324 0.088954
13.713 1 NAVIGATION 0 2 0. 0. 0. 0. 0 0
13.776 1 ATTITUDE -0.029041 -0.256291 0.088938
13.877 1 ATTITUDE -0.028979 -0.256426 0.088875
13.939 1 DOWNLINK_STATUS 0 14 4993 247 0 331. 16. 53.51
13.963 1 NAVIGATION 0 2 0. 0. 0. 0. 0 0
13.978 1 ATTITUDE -0.029082 -0.256638 0.088835
14.077 1 ATTITUDE -0.02904 -0.25694 0.088728
14.177 1 ATTITUDE -0.02883 -0.257076 0.088665
14.213 1 NAVIGATION 0 2 0. 0. 0. 0. 0 0
14.277 1 ATTITUDE -0.02903 -0.25708 0.088653
14.376 1 ATTITUDE -0.029265 -0.25703 0.088698
14.464 1 FBW_STATUS 2 0 1 68 0
14.468 1 NAVIGATION 0 2 0. 0. 0. 0. 0 0
14.481 1 ATTITUDE -0.02938 -0.257127 0.088679
14.583 1 ATTITUDE -0.029193 -0.257187 0.088615
14.589 1 GPS 0 0 0 0 0 0 0 0 0 0 1
14.680 1 ATTITUDE -0.028639 -0.257234 0.088531
14.682 1 ESTIMATOR 0. 0.
14.713 1 NAVIGATION 0 2 0. 0. 0. 0. 0 0
14.779 1 ATTITUDE -0.028332 -0.257199 0.088422
14.781 1 PPRZ_MODE 2 0 0 0 0 6
14.877 1 ATTITUDE -0.028349 -0.257123 0.088369
14.939 1 DOWNLINK_STATUS 0 15 5351 265 0 358. 18. 53.51
14.963 1 NAVIGATION 0 2 0. 0. 0. 0. 0 0
14.978 1 ATTITUDE -0.028706 -0.257539 0.088362
15.077 1 ATTITUDE -0.028962 -0.257643 0.088373
15.177 1 ATTITUDE -0.029051 -0.25762 0.088424
15.212 1 NAVIGATION 0 2 0. 0. 0. 0. 0 0
15.276 1 ATTITUDE -0.029131 -0.25784 0.088425
15.376 1 ATTITUDE -0.029021 -0.25783 0.088394
15.468 1 NAVIGATION 0 2 0. 0. 0. 0. 0 0
15.482 1 PONG 
15.497 1 ATTITUDE -0.028813 -0.257923 0.088381
15.559 1 COMMANDS 0,574,-782,0,0
15.584 1 ATTITUDE -0.028783 -0.257772 0.088367
15.589 1 GPS 0 0 0 0 0 0 0 0 0 0 1
15.659 1 ACTUATORS 1250,1533,1564,1593,1350
15.677 1 ATTITUDE -0.028705 -0.257899 0.08836
15.713 1 NAVIGATION 0 2 0. 0. 0. 0. 0 0
15.777 1 ATTITUDE -0.028763 -0.257781 0.088369
15.879 1 ATTITUDE -0.028898 -0.257881 0.088324
15.883 1 ESTIMATOR 0. 0.
15.938 1 DOWNLINK_STATUS 0 16 5722 284 0 371. 19. 53.37
15.963 1 NAVIGATION 0 2 0. 0. 0. 0. 0 0
15.978 1 ATTITUDE -0.028868 -0.257906 0.08831
16.076 1 ATTITUDE -0.028901 -0.258047 0.088304
16.176 1 ATTITUDE -0.029002 -0.258133 0.088311
16.212 1 NAVIGATION 0 2 0. 0. 0. 0. 0 0
16.276 1 ATTITUDE -0.028974 -0.257941 0.088254
16.376 1 ATTITUDE -0.028796 -0.258069 0.088226
16.466 1 NAVIGATION 0 2 0. 0. 0. 0. 0 0
16.469 1 FBW_STATUS 2 0 1 68 0
16.481 1 ATTITUDE -0.028952 -0.258101 0.088222
16.584 1 ATTITUDE -0.029095 -0.258377 0.088219
16.589 1 GPS 0 0 0 0 0 0 0 0 0 0 1
16.677 1 ATTITUDE -0.029137 -0.258586 0.088211
16.713 1 NAVIGATION 0 2 0. 0. 0. 0. 0 0
16.777 1 ATTITUDE -0.029199 -0.258707 0.088198
16.876 1 ATTITUDE -0.029207 -0.258888 0.088113
16.941 1 DOWNLINK_STATUS 0 17 6054 300 0 332. 16. 53.37
16.963 1 NAVIGATION 0 2 0. 0. 0. 0. 0 0
16.978 1 ATTITUDE -0.029017 -0.259078 0.08809
17.079 1 ATTITUDE -0.028838 -0.259178 0.0881
17.082 1 ESTIMATOR 0. 0.
17.176 1 ATTITUDE -0.028836 -0.259397 0.088046
17.213 1 NAVIGATION 0 2 0. 0. 0. 0. 0 0
17.276 1 ATTITUDE -0.028964 -0.259793 0.08809
17.377 1 ATTITUDE -0.029016 -0.2599 0.088117
17.463 1 NAVIGATION 0 2 0. 0. 0. 0. 0 0
17.478 1 ATTITUDE -0.028943 -0.260071 0.088145
17.584 1 ATTITUDE -0.028863 -0.259408 0.088092
17.589 1 GPS 0 0 0 0 0 0 0 0 0 0 1
17.677 1 ATTITUDE -0.02883 -0.259386 0.088109
17.712 1 NAVIGATION 0 2 0. 0. 0. 0. 0 0
17.776 1 ATTITUDE -0.02886 -0.259407 0.088075
17.876 1 ATTITUDE -0.028926 -0.259353 0.088083
17.941 1 DOWNLINK_STATUS 0 18 6385 316 0 331. 16. 53.37
17.962 1 NAVIGATION 0 2 0. 0. 0. 0. 0 0
17.978 1 ATTITUDE -0.028934 -0.259478 0.088078
18.076 1 ATTITUDE -0.028894 -0.259602 0.088088
18.176 1 ATTITUDE -0.028912 -0.259469 0.088077
18.213 1 NAVIGATION 0 2 0. 0. 0. 0. 0 0
18.280 1 ATTITUDE -0.029001 -0.259374 0.088102
18.282 1 ESTIMATOR 0. 0.
18.376 1 ATTITUDE -0.029025 -0.259406 0.088114
18.464 1 FBW_STATUS 2 0 1 68 0
18.469 1 NAVIGATION 0 2 0. 0. 0. 0. 0 0
18.480 1 ATTITUDE -0.028993 -0.259419 0.088093
18.583 1 ATTITUDE -0.029078 -0.259568 0.088119
18.589 1 GPS 0 0 0 0 0 0 0 0 0 0 1
18.676 1 ATTITUDE -0.029038 -0.259746 0.088144
18.712 1 NAVIGATION 0 2 0. 0. 0. 0. 0 0
18.776 1 ATTITUDE -0.029041 -0.259853 0.088132
18.876 1 ATTITUDE -0.029104 -0.260084 0.088163
18.942 1 DOWNLINK_STATUS 0 19 6731 333 0 346. 17. 53.37
18.963 1 NAVIGATION 0 2 0. 0. 0. 0. 0 0
18.978 1 ATTITUDE -0.029062 -0.260073 0.088135
19.076 1 ATTITUDE -0.029013 -0.260255 0.088077
19.176 1 ATTITUDE -0.02906 -0.260444 0.088099
19.213 1 NAVIGATION 0 2 0. 0. 0. 0. 0 0
19.276 1 ATTITUDE -0.029144 -0.260287 0.088101
19.376 1 ATTITUDE -0.02909 -0.26048 0.088089
19.462 1 NAVIGATION 0 2 0. 0. 0. 0. 0 0
19.479 1 ATTITUDE -0.029045 -0.260681 0.088104
19.481 1 ESTIMATOR 0. 0.
19.583 1 ATTITUDE -0.029084 -0.260601 0.088123
19.589 1 GPS 0 0 0 0 0 0 0 0 0 0 1
19.676 1 ATTITUDE -0.029141 -0.260643 0.088129
19.712 1 NAVIGATION 0 2 0. 0. 0. 0. 0 0
19.776 1 ATTITUDE -0.029169 -0.260781 0.088143
19.876 1 ATTITUDE -0.029202 -0.260904 0.088182
19.943 1 DOWNLINK_STATUS 0 20 7062 349 0 331. 16. 53.37
19.963 1 NAVIGATION 0 2 0. 0. 0. 0. 0 0
19.978 1 ATTITUDE -0.029199 -0.261035 0.088195
20.076 1 ATTITUDE -0.029188 -0.260961 0.088195
20.176 1 ATTITUDE -0.029164 -0.261051 0.088214
20.213 1 NAVIGATION 0 2 0. 0. 0. 0. 0 0
20.276 1 ATTITUDE -0.029154 -0.2612 0.088188
20.376 1 ATTITUDE -0.029183 -0.261292 0.088232
20.470 1 NAVIGATION 0 2 0. 0. 0. 0. 0 0
20.472 1 FBW_STATUS 2 0 1 68 0
20.483 1 PONG 
20.486 1 ATTITUDE -0.029229 -0.261444 0.088297
20.559 1 COMMANDS 0,581,-773,0,0
20.583 1 ATTITUDE -0.029172 -0.261619 0.088294
20.589 1 GPS 0 0 0 0 0 0 0 0 0 0 1
20.659 1 ACTUATORS 1250,1534,1565,1593,1350
20.679 1 ATTITUDE -0.029158 -0.26143 0.088295
20.682 1 ESTIMATOR 0. 0.
20.713 1 NAVIGATION 0 2 0. 0. 0. 0. 0 0
20.779 1 ATTITUDE -0.029155 -0.261378 0.088285
20.781 1 PPRZ_MODE 2 0 0 0 0 6
20.875 1 ATTITUDE -0.029233 -0.261522 0.088294
20.942 1 DOWNLINK_STATUS 0 21 7460 370 0 398. 21. 53.57
20.963 1 NAVIGATION 0 2 0. 0. 0. 0. 0 0
20.978 1 ATTITUDE -0.029258 -0.26167 0.088303
21.076 1 ATTITUDE -0.029232 -0.26168 0.088268
21.180 1 ATTITUDE -0.029239 -0.261653 0.088275
21.184 1 BAT 0 68 0 0 1 30 0 0
21.212 1 NAVIGATION 0 2 0. 0. 0. 0. 0 0
21.276 1 ATTITUDE -0.029271 -0.26125 0.088322
21.376 1 ATTITUDE -0.029327 -0.261339 0.088287
21.462 1 NAVIGATION 0 2 0. 0. 0. 0. 0 0
21.478 1 ATTITUDE -0.029354 -0.261589 0.088291
21.588 1 ATTITUDE -0.02931 -0.26149 0.088249
21.594 1 GPS 0 0 0 0 0 0 0 0 0 0 1
21.598 1 ALIVE 163,73,169,119,200,148,75,204,222,241,3,98,114,117,37,59
21.675 1 ATTITUDE -0.029312 -0.261526 0.088249
21.683 1 WIND_INFO 1 42 0. 0. 0.
21.730 1 NAVIGATION 0 2 0. 0. 0. 0. 0 0
21.802 1 ATTITUDE -0.029309 -0.261443 0.088271
21.879 1 ATTITUDE -0.029391 -0.261023 0.088276
21.881 1 ESTIMATOR 0. 0.
21.942 1 DOWNLINK_STATUS 0 22 7835 388 0 375. 18. 53.57
21.962 1 NAVIGATION 0 2 0. 0. 0. 0. 0 0
21.977 1 ATTITUDE -0.029385 -0.26116 0.088295
22.076 1 ATTITUDE -0.029378 -0.261265 0.088303
22.176 1 ATTITUDE -0.029335 -0.261166 0.088334
22.212 1 NAVIGATION 0 2 0. 0. 0. 0. 0 0
22.279 1 ATTITUDE -0.029379 -0.261235 0.088326
22.279 1 DOWNLINK 0 352 560
22.376 1 ATTITUDE -0.029394 -0.261179 0.088294
22.463 1 FBW_STATUS 2 0 1 68 0
22.467 1 NAVIGATION 0 2 0. 0. 0. 0. 0 0
22.480 1 ATTITUDE -0.029405 -0.261168 0.08835
22.583 1 ATTITUDE -0.029351 -0.261301 0.088389
22.588 1 GPS 0 0 0 0 0 0 0 0 0 0 1
22.679 1 ATTITUDE -0.02934 -0.26114 0.088427
22.682 1 GPS_SOL 0 0 0 0
22.712 1 NAVIGATION 0 2 0. 0. 0. 0. 0 0
22.776 1 ATTITUDE -0.029328 -0.261333 0.088412
22.876 1 ATTITUDE -0.029407 -0.261512 0.088393
22.942 1 DOWNLINK_STATUS 0 23 8195 406 0 360. 18. 53.57
22.962 1 NAVIGATION 0 2 0. 0. 0. 0. 0 0
22.977 1 ATTITUDE -0.029387 -0.261348 0.088352
23.079 1 ATTITUDE -0.029369 -0.2613 0.088377
23.082 1 ESTIMATOR 0. 0.
23.176 1 ATTITUDE -0.029385 -0.261412 0.088359
23.212 1 NAVIGATION 0 2 0. 0. 0. 0. 0 0
23.276 1 ATTITUDE -0.029338 -0.261441 0.088349
23.375 1 ATTITUDE -0.029297 -0.26164 0.088357
23.463 1 NAVIGATION 0 2 0. 0. 0. 0. 0 0
23.477 1 ATTITUDE -0.029314 -0.26183 0.088416
23.583 1 ATTITUDE -0.029402 -0.261647 0.088443
23.588 1 GPS 0 0 0 0 0 0 0 0 0 0 1
23.676 1 ATTITUDE -0.029429 -0.261808 0.088459
23.712 1 NAVIGATION 0 2 0. 0. 0. 0. 0 0
23.776 1 ATTITUDE -0.029398 -0.261878 0.088467
23.876 1 ATTITUDE -0.029323 -0.261712 0.088471
23.943 1 DOWNLINK_STATUS 0 24 8526 422 0 331. 16. 53.57
23.962 1 NAVIGATION 0 2 0. 0. 0. 0. 0 0
23.978 1 ATTITUDE -0.029357 -0.261869 0.088464
24.076 1 ATTITUDE -0.029375 -0.261843 0.088447
24.176 1 ATTITUDE -0.029354 -0.26188 0.08846
24.213 1 NAVIGATION 0 2 0. 0. 0. 0. 0 0
24.278 1 ATTITUDE -0.029303 -0.261742 0.088452
24.281 1 ESTIMATOR 0. 0.
24.376 1 ATTITUDE -0.029209 -0.261639 0.088504
24.463 1 FBW_STATUS 2 0 1 68 0
24.468 1 NAVIGATION 0 2 0. 0. 0. 0. 0 0
24.480 1 ATTITUDE -0.029249 -0.261751 0.088478
24.583 1 ATTITUDE -0.029198 -0.261777 0.088477
24.588 1 GPS 0 0 0 0 0 0 0 0 0 0 1
24.676 1 ATTITUDE -0.029165 -0.261968 0.088492
24.712 1 NAVIGATION 0 2 0. 0. 0. 0. 0 0
24.776 1 ATTITUDE -0.029164 -0.262147 0.088479
24.876 1 ATTITUDE -0.029202 -0.262293 0.088474
24.944 1 DOWNLINK_STATUS 0 25 8872 439 0 346. 17. 53.57
24.962 1 NAVIGATION 0 2 0. 0. 0. 0. 0 0
24.978 1 ATTITUDE -0.029255 -0.262253 0.088466
25.075 1 ATTITUDE -0.029264 -0.262447 0.088487
25.176 1 ATTITUDE -0.029269 -0.262399 0.088497
25.212 1 NAVIGATION 0 2 0. 0. 0. 0. 0 0
25.275 1 ATTITUDE -0.029274 -0.262628 0.088493
25.376 1 ATTITUDE -0.029284 -0.262817 0.088489
25.470 1 NAVIGATION 0 2 0. 0. 0. 0. 0 0
25.483 1 PONG 
25.486 1 ATTITUDE -0.029281 -0.262878 0.088521
25.499 1 ESTIMATOR 0. 0.
25.559 1 COMMANDS 0,585,-770,0,0
25.583 1 ATTITUDE -0.029292 -0.262626 0.088537
25.589 1 GPS 0 0 0 0 0 0 0 0 0 0 1
25.659 1 ACTUATORS 1250,1534,1565,1593,1350
25.676 1 ATTITUDE -0.029343 -0.262723 0.088535
25.712 1 NAVIGATION 0 2 0. 0. 0. 0. 0 0
25.776 1 ATTITUDE -0.029394 -0.2626 0.088529
25.876 1 ATTITUDE -0.029295 -0.262669 0.088569
25.944 1 DOWNLINK_STATUS 0 26 9243 458 0 371. 19. 53.34
25.962 1 NAVIGATION 0 2 0. 0. 0. 0. 0 0
25.977 1 ATTITUDE -0.02926 -0.262682 0.088562
26.076 1 ATTITUDE -0.029254 -0.262714 0.088557
26.176 1 ATTITUDE -0.029261 -0.262861 0.088598
26.212 1 NAVIGATION 0 2 0. 0. 0. 0. 0 0
26.276 1 ATTITUDE -0.029264 -0.262796 0.088639
26.376 1 ATTITUDE -0.029281 -0.262912 0.088632
26.464 1 FBW_STATUS 2 0 1 68 0
26.468 1 NAVIGATION 0 2 0. 0. 0. 0. 0 0
26.480 1 ATTITUDE -0.029278 -0.263055 0.08865
26.583 1 ATTITUDE -0.029323 -0.263021 0.088661
26.589 1 GPS 0 0 0 0 0 0 0 0 0 0 1
26.678 1 ATTITUDE -0.0293 -0.263186 0.088666
26.681 1 ESTIMATOR 0. 0.
26.711 1 NAVIGATION 0 2 0. 0. 0. 0. 0 0
26.778 1 ATTITUDE -0.029362 -0.263403 0.088705
26.780 1 PPRZ_MODE 2 0 0 0 0 6
26.875 1 ATTITUDE -0.029296 -0.263612 0.088722
26.945 1 DOWNLINK_STATUS 0 27 9601 476 0 358. 18. 53.34
26.962 1 NAVIGATION 0 2 0. 0. 0. 0. 0 0
26.977 1 ATTITUDE -0.02932 -0.263782 0.088718
27.076 1 ATTITUDE -0.02936 -0.263823 0.088693
27.176 1 ATTITUDE -0.029368 -0.264057 0.088684
27.212 1 NAVIGATION 0 2 0. 0. 0. 0. 0 0
27.276 1 ATTITUDE -0.029389 -0.264145 0.088721
27.376 1 ATTITUDE -0.029359 -0.264146 0.088722
27.461 1 NAVIGATION 0 2 0. 0. 0. 0. 0 0
27.478 1 ATTITUDE -0.029381 -0.264424 0.088719
27.582 1 ATTITUDE -0.029394 -0.26453 0.088721
27.589 1 GPS 0 0 0 0 0 0 0 0 0 0 1
27.675 1 ATTITUDE -0.029435 -0.264632 0.088742
27.712 1 NAVIGATION 0 2 0. 0. 0. 0. 0 0
27.775 1 ATTITUDE -0.029386 -0.264451 0.088752
27.879 1 ATTITUDE -0.029332 -0.264595 0.0888
27.881 1 ESTIMATOR 0. 0.
27.946 1 DOWNLINK_STATUS 0 28 9932 492 0 331. 16. 53.34
27.962 1 NAVIGATION 0 2 0. 0. 0. 0. 0 0
27.977 1 ATTITUDE -0.029233 -0.264627 0.088772
28.076 1 ATTITUDE -0.029129 -0.264701 0.088815
28.176 1 ATTITUDE -0.029156 -0.264864 0.08884
28.212 1 NAVIGATION 0 2 0. 0. 0. 0. 0 0
28.276 1 ATTITUDE -0.0292 -0.264652 0.088925
28.375 1 ATTITUDE -0.029187 -0.264796 0.088946
28.464 1 FBW_STATUS 2 0 1 68 0
28.468 1 NAVIGATION 0 2 0. 0. 0. 0. 0 0
28.480 1 ATTITUDE -0.02913 -0.264657 0.088974
28.582 1 ATTITUDE -0.029117 -0.264709 0.088987
28.588 1 GPS 0 0 0 0 0 0 0 0 0 0 1
28.675 1 ATTITUDE -0.029176 -0.26485 0.089
28.712 1 NAVIGATION 0 2 0. 0. 0. 0. 0 0
28.775 1 ATTITUDE -0.029191 -0.264651 0.089021
28.875 1 ATTITUDE -0.029133 -0.264721 0.089044
28.947 1 DOWNLINK_STATUS 0 29 10264 508 0 332. 16. 53.34
28.962 1 NAVIGATION 0 2 0. 0. 0. 0. 0 0
28.977 1 ATTITUDE -0.029142 -0.264942 0.089045
29.079 1 ATTITUDE -0.029122 -0.264834 0.089022
29.081 1 ESTIMATOR 0. 0.
29.176 1 ATTITUDE -0.029152 -0.265006 0.089034
29.212 1 NAVIGATION 0 2 0. 0. 0. 0. 0 0
29.275 1 ATTITUDE -0.029144 -0.264987 0.089057
29.375 1 ATTITUDE -0.029149 -0.265178 0.08904
29.462 1 NAVIGATION 0 2 0. 0. 0. 0. 0 0
29.477 1 ATTITUDE -0.029123 -0.265236 0.089046
29.582 1 ATTITUDE -0.029093 -0.265133 0.089067
29.588 1 GPS 0 0 0 0 0 0 0 0 0 0 1
29.676 1 ATTITUDE -0.029103 -0.264895 0.089084
29.712 1 NAVIGATION 0 2 0. 0. 0. 0. 0 0
29.776 1 ATTITUDE -0.029087 -0.264802 0.089067
29.876 1 ATTITUDE -0.029022 -0.264767 0.089075
29.948 1 DOWNLINK_STATUS 0 30 10595 524 0 331. 16. 53.34
29.962 1 NAVIGATION 0 2 0. 0. 0. 0. 0 0
29.977 1 ATTITUDE -0.029018 -0.264839 0.089074
30.075 1 ATTITUDE -0.029012 -0.264524 0.089086
30.175 1 ATTITUDE -0.029011 -0.264583 0.089117
30.211 1 NAVIGATION 0 2 0. 0. 0. 0. 0 0
30.278 1 ATTITUDE -0.029002 -0.264579 0.089083
30.281 1 ESTIMATOR 0. 0.
30.375 1 ATTITUDE -0.028993 -0.264619 0.089104
30.469 1 FBW_STATUS 2 0 1 68 0
30.474 1 NAVIGATION 0 2 0. 0. 0. 0. 0 0
30.484 1 PONG 
30.488 1 ATTITUDE -0.028965 -0.264744 0.089116
30.558 1 COMMANDS 0,575,-784,0,0
30.583 1 ATTITUDE -0.028931 -0.264929 0.089129
30.588 1 GPS 0 0 0 0 0 0 0 0 0 0 1
30.658 1 ACTUATORS 1250,1534,1565,1593,1350
30.676 1 ATTITUDE -0.028955 -0.264909 0.089129
30.712 1 NAVIGATION 0 2 0. 0. 0. 0. 0 0
30.776 1 ATTITUDE -0.028991 -0.264911 0.089098
30.875 1 ATTITUDE -0.028997 -0.264911 0.089137
30.948 1 DOWNLINK_STATUS 0 31 10981 544 0 386. 20. 53.28
30.962 1 NAVIGATION 0 2 0. 0. 0. 0. 0 0
30.976 1 ATTITUDE -0.028948 -0.265095 0.089136
31.075 1 ATTITUDE -0.028933 -0.26512 0.089136
31.175 1 ATTITUDE -0.028897 -0.265085 0.089172
31.212 1 NAVIGATION 0 2 0. 0. 0. 0. 0 0
31.280 1 ATTITUDE -0.028921 -0.265084 0.089225
31.284 1 BAT 0 68 0 0 1 40 0 0
31.375 1 ATTITUDE -0.028927 -0.264931 0.089281
31.465 1 NAVIGATION 0 2 0. 0. 0. 0. 0 0
31.479 1 ATTITUDE -0.028936 -0.264893 0.08931
31.481 1 ESTIMATOR 0. 0.
31.583 1 ATTITUDE -0.028927 -0.264918 0.089307
31.589 1 GPS 0 0 0 0 0 0 0 0 0 0 1
31.675 1 ATTITUDE -0.028944 -0.265027 0.089298
31.684 1 WIND_INFO 1 42 0. 0. 0.
31.726 1 NAVIGATION 0 2 0. 0. 0. 0. 0 0
31.780 1 ATTITUDE -0.028905 -0.264852 0.089339
31.785 1 ALIVE 163,73,169,119,200,148,75,204,222,241,3,98,114,117,37,59
31.875 1 ATTITUDE -0.028924 -0.264698 0.089379
31.949 1 DOWNLINK_STATUS 0 32 11356 562 0 375. 18. 53.28
31.963 1 NAVIGATION 0 2 0. 0. 0. 0. 0 0
31.977 1 ATTITUDE -0.028913 -0.264675 0.089394
32.075 1 ATTITUDE -0.028948 -0.264697 0.089338
32.176 1 ATTITUDE -0.028966 -0.264835 0.089307
32.212 1 NAVIGATION 0 2 0. 0. 0. 0. 0 0
32.276 1 ATTITUDE -0.028979 -0.264707 0.089299
32.376 1 ATTITUDE -0.028952 -0.264759 0.089287
32.465 1 FBW_STATUS 2 0 1 68 0
32.467 1 NAVIGATION 0 2 0. 0. 0. 0. 0 0
32.479 1 ATTITUDE -0.028961 -0.264694 0.089293
32.582 1 ATTITUDE -0.028968 -0.264769 0.089353
32.588 1 GPS 0 0 0 0 0 0 0 0 0 0 1
32.680 1 ATTITUDE -0.02898 -0.264869 0.089385
32.683 1 ESTIMATOR 0. 0.
32.685 1 DOWNLINK 0 353 742
32.711 1 NAVIGATION 0 2 0. 0. 0. 0. 0 0
32.778 1 ATTITUDE -0.028999 -0.264925 0.08937
32.781 1 PPRZ_MODE 2 0 0 0 0 6
32.875 1 ATTITUDE -0.02899 -0.265083 0.089409
32.950 1 DOWNLINK_STATUS 0 33 11725 581 0 369. 19. 53.28
32.965 1 NAVIGATION 0 2 0. 0. 0. 0. 0 0
32.977 1 ATTITUDE -0.029057 -0.265287 0.08942
33.076 1 ATTITUDE -0.029017 -0.265225 0.089485
33.179 1 ATTITUDE -0.029009 -0.265385 0.089522
33.181 1 GPS_SOL 0 0 0 0
33.212 1 NAVIGATION 0 2 0. 0. 0. 0. 0 0
33.276 1 ATTITUDE -0.028982 -0.265383 0.089507
33.375 1 ATTITUDE -0.029034 -0.26528 0.089442
33.466 1 NAVIGATION 0 2 0. 0. 0. 0. 0 0
33.476 1 ATTITUDE -0.029049 -0.265432 0.089447
33.582 1 ATTITUDE -0.029011 -0.265321 0.089475
33.588 1 GPS 0 0 0 0 0 0 0 0 0 0 1
33.675 1 ATTITUDE -0.029022 -0.265369 0.089538
33.712 1 NAVIGATION 0 2 0. 0. 0. 0. 0 0
33.775 1 ATTITUDE -0.029036 -0.265225 0.089531
33.878 1 ATTITUDE -0.029112 -0.265139 0.089621
33.881 1 ESTIMATOR 0. 0.
33.951 1 DOWNLINK_STATUS 0 34 12073 598 0 348. 17. 53.28
33.967 1 NAVIGATION 0 2 0. 0. 0. 0. 0 0
33.977 1 ATTITUDE -0.029114 -0.265259 0.089642
34.075 1 ATTITUDE -0.029077 -0.265331 0.089694
34.175 1 ATTITUDE -0.029104 -0.265132 0.089694
34.211 1 NAVIGATION 0 2 0. 0. 0. 0. 0 0
34.275 1 ATTITUDE -0.029143 -0.265221 0.089764
34.375 1 ATTITUDE -0.029118 -0.265282 0.089733
34.469 1 FBW_STATUS 2 0 1 68 0
34.469 1 NAVIGATION 0 2 0. 0. 0. 0. 0 0
34.480 1 ATTITUDE -0.029104 -0.265287 0.089735
34.582 1 ATTITUDE -0.029083 -0.265483 0.089743
34.588 1 GPS 0 0 0 0 0 0 0 0 0 0 1
34.675 1 ATTITUDE -0.029115 -0.265703 0.089799
34.712 1 NAVIGATION 0 2 0. 0. 0. 0. 0 0
34.775 1 ATTITUDE -0.029039 -0.265837 0.089847
34.876 1 ATTITUDE -0.029028 -0.266028 0.089885
34.951 1 DOWNLINK_STATUS 0 35 12405 614 0 332. 16. 53.28
34.961 1 NAVIGATION 0 2 0. 0. 0. 0. 0 0
34.976 1 ATTITUDE -0.028985 -0.26606 0.089922
35.078 1 ATTITUDE -0.028965 -0.266209 0.089974
35.080 1 ESTIMATOR 0. 0.
35.175 1 ATTITUDE -0.02898 -0.266431 0.090002
35.211 1 NAVIGATION 0 2 0. 0. 0. 0. 0 0
35.275 1 ATTITUDE -0.029006 -0.266407 0.089997
35.375 1 ATTITUDE -0.029029 -0.266527 0.089984
35.471 1 NAVIGATION 0 2 0. 0. 0. 0. 0 0
35.485 1 PONG 
35.488 1 ATTITUDE -0.029024 -0.266666 0.090006
35.558 1 COMMANDS 0,580,-783,0,0
35.582 1 ATTITUDE -0.028993 -0.266385 0.090014
35.588 1 GPS 0 0 0 0 0 0 0 0 0 0 1
35.658 1 ACTUATORS 1250,1533,1565,1593,1350
35.676 1 ATTITUDE -0.028944 -0.266377 0.09005
35.712 1 NAVIGATION 0 2 0. 0. 0. 0. 0 0
35.775 1 ATTITUDE -0.02896 -0.266298 0.090055
35.875 1 ATTITUDE -0.028977 -0.266353 0.090078
35.952 1 DOWNLINK_STATUS 0 36 12776 633 0 371. 19. 53.37
35.961 1 NAVIGATION 0 2 0. 0. 0. 0. 0 0
35.976 1 ATTITUDE -0.029015 -0.266483 0.090081
36.075 1 ATTITUDE -0.029021 -0.266394 0.090071
36.175 1 ATTITUDE -0.029012 -0.266499 0.090105
36.211 1 NAVIGATION 0 2 0. 0. 0. 0. 0 0
36.278 1 ATTITUDE -0.029018 -0.266607 0.090112
36.280 1 ESTIMATOR 0. 0.
36.375 1 ATTITUDE -0.028991 -0.266718 0.090139
36.470 1 NAVIGATION 0 2 0. 0. 0. 0. 0 0
36.470 1 FBW_STATUS 2 0 1 68 0
36.480 1 ATTITUDE -0.028981 -0.266853 0.090149
36.583 1 ATTITUDE -0.028972 -0.266675 0.090133
36.588 1 GPS 0 0 0 0 0 0 0 0 0 0 1
36.675 1 ATTITUDE -0.028988 -0.266692 0.090195
36.711 1 NAVIGATION 0 2 0. 0. 0. 0. 0 0
36.775 1 ATTITUDE -0.028987 -0.266837 0.090247
36.875 1 ATTITUDE -0.02901 -0.266937 0.090214
36.953 1 DOWNLINK_STATUS 0 37 13122 650 0 346. 17. 53.37
36.961 1 NAVIGATION 0 2 0. 0. 0. 0. 0 0
36.976 1 ATTITUDE -0.028919 -0.267075 0.09023
37.075 1 ATTITUDE -0.028819 -0.267226 0.090284
37.175 1 ATTITUDE -0.028901 -0.267217 0.090328
37.211 1 NAVIGATION 0 2 0. 0. 0. 0. 0 0
37.275 1 ATTITUDE -0.028869 -0.267085 0.090345
37.375 1 ATTITUDE -0.028947 -0.267256 0.090332
37.462 1 NAVIGATION 0 2 0. 0. 0. 0. 0 0
37.477 1 ATTITUDE -0.029058 -0.267311 0.090381
37.480 1 ESTIMATOR 0. 0.
37.581 1 ATTITUDE -0.028998 -0.267382 0.090398
37.587 1 GPS 0 0 0 0 0 0 0 0 0 0 1
37.674 1 ATTITUDE -0.028939 -0.267402 0.090376
37.711 1 NAVIGATION 0 2 0. 0. 0. 0. 0 0
37.775 1 ATTITUDE -0.028956 -0.267181 0.090386
37.875 1 ATTITUDE -0.028958 -0.267271 0.090416
37.954 1 DOWNLINK_STATUS 0 38 13453 666 0 331. 16. 53.37
37.961 1 NAVIGATION 0 2 0. 0. 0. 0. 0 0
37.977 1 ATTITUDE -0.029005 -0.267123 0.090421
38.075 1 ATTITUDE -0.028909 -0.267147 0.09044
38.175 1 ATTITUDE -0.02907 -0.267123 0.090425
38.212 1 NAVIGATION 0 2 0. 0. 0. 0. 0 0
38.274 1 ATTITUDE -0.029069 -0.267088 0.090376
38.374 1 ATTITUDE -0.029064 -0.267195 0.090383
38.462 1 FBW_STATUS 2 0 1 68 0
38.471 1 NAVIGATION 0 2 0. 0. 0. 0. 0 0
38.479 1 ATTITUDE -0.028936 -0.267084 0.090357
38.582 1 ATTITUDE -0.028875 -0.267138 0.090347
38.587 1 GPS 0 0 0 0 0 0 0 0 0 0 1
38.678 1 ATTITUDE -0.028813 -0.266983 0.090363
38.680 1 ESTIMATOR 0. 0.
38.711 1 NAVIGATION 0 2 0. 0. 0. 0. 0 0
38.777 1 ATTITUDE -0.028833 -0.267064 0.09038
38.780 1 PPRZ_MODE 2 0 0 0 0 6
38.875 1 ATTITUDE -0.029009 -0.267336 0.090376
38.955 1 DOWNLINK_STATUS 0 39 13811 684 0 358. 18. 53.37
38.961 1 NAVIGATION 0 2 0. 0. 0. 0. 0 0
38.977 1 ATTITUDE -0.028914 -0.267353 0.090398
39.075 1 ATTITUDE -0.028893 -0.267204 0.090425
39.174 1 ATTITUDE -0.028926 -0.267386 0.090466
39.211 1 NAVIGATION 0 2 0. 0. 0. 0. 0 0
39.274 1 ATTITUDE -0.028921 -0.267296 0.090501
39.375 1 ATTITUDE -0.028962 -0.267386 0.090478
39.461 1 NAVIGATION 0 2 0. 0. 0. 0. 0 0
39.476 1 ATTITUDE -0.029081 -0.267563 0.090504
39.582 1 ATTITUDE -0.029144 -0.267469 0.090535
39.588 1 GPS 0 0 0 0 0 0 0 0 0 0 1
39.675 1 ATTITUDE -0.029119 -0.267419 0.090549
39.711 1 NAVIGATION 0 2 0. 0. 0. 0. 0 0
39.775 1 ATTITUDE -0.028969 -0.26737 0.090542
39.878 1 ATTITUDE -0.028852 -0.267137 0.090506
39.880 1 ESTIMATOR 0. 0.
39.955 1 DOWNLINK_STATUS 0 40 14142 700 0 331. 16. 53.37
39.962 1 NAVIGATION 0 2 0. 0. 0. 0. 0 0
39.976 1 ATTITUDE -0.028779 -0.267205 0.090494
40.074 1 ATTITUDE -0.028808 -0.267124 0.090494
40.174 1 ATTITUDE -0.028758 -0.267079 0.090522
40.211 1 NAVIGATION 0 2 0. 0. 0. 0. 0 0
40.275 1 ATTITUDE -0.028723 -0.266937 0.090531
40.375 1 ATTITUDE -0.02874 -0.266888 0.090573
40.474 1 FBW_STATUS 2 0 1 68 0
40.476 1 NAVIGATION 0 2 0. 0. 0. 0. 0 0
40.488 1 ATTITUDE -0.028758 -0.267013 0.090668
40.489 1 PONG 
40.558 1 COMMANDS 0,581,-790,0,0
40.582 1 ATTITUDE -0.028776 -0.26718 0.09071
40.588 1 GPS 0 0 0 0 0 0 0 0 0 0 1
40.658 1 ACTUATORS 1250,1532,1564,1593,1350
40.675 1 ATTITUDE -0.028712 -0.267227 0.090736
40.711 1 NAVIGATION 0 2 0. 0. 0. 0. 0 0
40.774 1 ATTITUDE -0.028676 -0.267162 0.090709
40.874 1 ATTITUDE -0.028724 -0.267276 0.090746
40.956 1 DOWNLINK_STATUS 0 41 14514 719 0 372. 19. 56.37
40.961 1 NAVIGATION 0 2 0. 0. 0. 0. 0 0
40.976 1 ATTITUDE -0.028807 -0.267199 0.090784
41.078 1 ATTITUDE -0.028749 -0.26734 0.090801
41.080 1 ESTIMATOR 0. 0.
41.175 1 ATTITUDE -0.028704 -0.267162 0.090805
41.211 1 NAVIGATION 0 2 0. 0. 0. 0. 0 0
41.275 1 ATTITUDE -0.028743 -0.267245 0.090842
41.379 1 ATTITUDE -0.028686 -0.267397 0.090786
41.383 1 BAT 0 68 0 0 1 50 0 0
41.461 1 NAVIGATION 0 2 0. 0. 0. 0. 0 0
41.477 1 ATTITUDE -0.028647 -0.267438 0.090726
41.581 1 ATTITUDE -0.02862 -0.267392 0.090769
41.587 1 GPS 0 0 0 0 0 0 0 0 0 0 1
41.674 1 ATTITUDE -0.028597 -0.267238 0.090752
41.684 1 WIND_INFO 1 42 0. 0. 0.
41.746 1 NAVIGATION 0 2 0. 0. 0. 0. 0 0
41.794 1 ATTITUDE -0.028615 -0.26692 0.090745
41.875 1 ATTITUDE -0.028584 -0.266268 0.0908
41.957 1 DOWNLINK_STATUS 0 42 14866 736 0 352. 17. 56.37
41.961 1 NAVIGATION 0 2 0. 0. 0. 0. 0 0
41.980 1 ATTITUDE -0.028567 -0.266151 0.090832
41.984 1 ALIVE 163,73,169,119,200,148,75,204,222,241,3,98,114,117,37,59
42.075 1 ATTITUDE -0.028586 -0.266116 0.090836
42.175 1 ATTITUDE -0.028596 -0.266136 0.090868
42.211 1 NAVIGATION 0 2 0. 0. 0. 0. 0 0
42.277 1 ATTITUDE -0.028588 -0.266062 0.090829
42.280 1 ESTIMATOR 0. 0.
42.374 1 ATTITUDE -0.028574 -0.266096 0.090893
42.464 1 NAVIGATION 0 2 0. 0. 0. 0. 0 0
42.466 1 FBW_STATUS 2 0 1 68 0
42.479 1 ATTITUDE -0.028559 -0.266137 0.090882
42.582 1 ATTITUDE -0.028568 -0.266156 0.090924
42.587 1 GPS 0 0 0 0 0 0 0 0 0 0 1
42.675 1 ATTITUDE -0.028583 -0.266348 0.090924
42.711 1 NAVIGATION 0 2 0. 0. 0. 0. 0 0
42.775 1 ATTITUDE -0.02857 -0.266452 0.090943
42.875 1 ATTITUDE -0.028503 -0.266333 0.090956
42.958 1 DOWNLINK_STATUS 0 43 15235 754 0 369. 18. 56.37
42.961 1 NAVIGATION 0 2 0. 0. 0. 0. 0 0
42.977 1 ATTITUDE -0.028479 -0.266467 0.090981
43.076 1 ATTITUDE -0.028497 -0.266465 0.091002
43.078 1 DOWNLINK 0 351 923
43.174 1 ATTITUDE -0.028556 -0.266599 0.091028
43.211 1 NAVIGATION 0 2 0. 0. 0. 0. 0 0
43.274 1 ATTITUDE -0.028493 -0.266612 0.09104
43.374 1 ATTITUDE -0.028515 -0.266634 0.091036
43.461 1 NAVIGATION 0 2 0. 0. 0. 0. 0 0
43.478 1 ATTITUDE -0.02848 -0.266731 0.091023
43.480 1 ESTIMATOR 0. 0.
43.582 1 ATTITUDE -0.028451 -0.266713 0.091031
43.587 1 GPS 0 0 0 0 0 0 0 0 0 0 1
43.678 1 ATTITUDE -0.02851 -0.266787 0.091077
43.681 1 GPS_SOL 0 0 0 0
43.711 1 NAVIGATION 0 2 0. 0. 0. 0. 0 0
43.775 1 ATTITUDE -0.028468 -0.266686 0.0911
43.874 1 ATTITUDE -0.028485 -0.266842 0.091154
43.958 1 DOWNLINK_STATUS 0 44 15594 772 0 359. 18. 56.37
43.960 1 NAVIGATION 0 2 0. 0. 0. 0. 0 0
43.978 1 ATTITUDE -0.028526 -0.266676 0.091183
44.074 1 ATTITUDE -0.028556 -0.266707 0.091179
44.174 1 ATTITUDE -0.028484 -0.266557 0.091224
44.211 1 NAVIGATION 0 2 0. 0. 0. 0. 0 0
44.274 1 ATTITUDE -0.028479 -0.266473 0.091239
44.375 1 ATTITUDE -0.028441 -0.266567 0.091245
44.462 1 FBW_STATUS 2 0 1 68 0
44.467 1 NAVIGATION 0 2 0. 0. 0. 0. 0 0
44.479 1 ATTITUDE -0.028406 -0.266464 0.091294
44.582 1 ATTITUDE -0.028387 -0.266648 0.091293
44.588 1 GPS 0 0 0 0 0 0 0 0 0 0 1
44.677 1 ATTITUDE -0.028448 -0.266824 0.091317
44.680 1 ESTIMATOR 0. 0.
44.711 1 NAVIGATION 0 2 0. 0. 0. 0. 0 0
44.777 1 ATTITUDE -0.028456 -0.26694 0.091328
44.780 1 PPRZ_MODE 2 0 0 0 0 6
44.874 1 ATTITUDE -0.028446 -0.267065 0.091383
44.959 1 DOWNLINK_STATUS 0 45 15952 790 0 358. 18. 56.37
44.962 1 NAVIGATION 0 2 0. 0. 0. 0. 0 0
44.978 1 ATTITUDE -0.028466 -0.26724 0.091438
45.074 1 ATTITUDE -0.028452 -0.267158 0.091466
45.174 1 ATTITUDE -0.028449 -0.267257 0.091482
45.211 1 NAVIGATION 0 2 0. 0. 0. 0. 0 0
45.275 1 ATTITUDE -0.028413 -0.267424 0.09154
45.375 1 ATTITUDE -0.028424 -0.26754 0.091547
45.478 1 NAVIGATION 0 2 0. 0. 0. 0. 0 0
45.488 1 ATTITUDE -0.028437 -0.267638 0.091592
45.489 1 PONG 
45.557 1 COMMANDS 0,564,-817,0,0
45.581 1 ATTITUDE -0.028355 -0.267207 0.09164
45.587 1 GPS 0 0 0 0 0 0 0 0 0 0 1
45.657 1 ACTUATORS 1250,1532,1564,1592,1350
45.674 1 ATTITUDE -0.028369 -0.266821 0.091656
45.710 1 NAVIGATION 0 2 0. 0. 0. 0. 0 0
45.774 1 ATTITUDE -0.028407 -0.266861 0.091648
45.877 1 ATTITUDE -0.028354 -0.266703 0.091662
45.880 1 ESTIMATOR 0. 0.
45.960 1 DOWNLINK_STATUS 0 46 16323 809 0 371. 19. 56.12
45.961 1 NAVIGATION 0 2 0. 0. 0. 0. 0 0
45.979 1 ATTITUDE -0.028345 -0.266681 0.091683
46.074 1 ATTITUDE -0.028334 -0.26653 0.09171
46.175 1 ATTITUDE -0.028295 -0.26656 0.091682
46.211 1 NAVIGATION 0 2 0. 0. 0. 0. 0 0
46.275 1 ATTITUDE -0.028387 -0.266508 0.091742
46.374 1 ATTITUDE -0.028289 -0.266496 0.09173
46.464 1 NAVIGATION 0 2 0. 0. 0. 0. 0 0
46.466 1 FBW_STATUS 2 0 1 68 0
46.479 1 ATTITUDE -0.028301 -0.266511 0.091695
46.581 1 ATTITUDE -0.028315 -0.266381 0.091696
46.587 1 GPS 0 0 0 0 0 0 0 0 0 0 1
46.674 1 ATTITUDE -0.028362 -0.266544 0.091733
46.711 1 NAVIGATION 0 2 0. 0. 0. 0. 0 0
46.774 1 ATTITUDE -0.028322 -0.266415 0.091696
46.875 1 ATTITUDE -0.028251 -0.266409 0.091722
46.961 1 NAVIGATION 0 2 0. 0. 0. 0. 0 0
46.961 1 DOWNLINK_STATUS 0 47 16681 826 0 358. 17. 56.12
46.982 1 ATTITUDE -0.028257 -0.266489 0.091745
47.077 1 ATTITUDE -0.02824 -0.266629 0.091732
47.079 1 ESTIMATOR 0. 0.
47.174 1 ATTITUDE -0.028213 -0.266506 0.091752
47.210 1 NAVIGATION 0 2 0. 0. 0. 0. 0 0
47.274 1 ATTITUDE -0.02823 -0.266581 0.091746
47.374 1 ATTITUDE -0.028253 -0.266748 0.091745
47.461 1 NAVIGATION 0 2 0. 0. 0. 0. 0 0
47.481 1 ATTITUDE -0.028275 -0.266666 0.091761
47.581 1 ATTITUDE -0.028266 -0.266735 0.091788
47.587 1 GPS 0 0 0 0 0 0 0 0 0 0 1
47.674 1 ATTITUDE -0.028253 -0.26672 0.091827
47.711 1 NAVIGATION 0 2 0. 0. 0. 0. 0 0
47.775 1 ATTITUDE -0.028295 -0.266543 0.091842
47.875 1 ATTITUDE -0.028281 -0.266706 0.091819
47.961 1 NAVIGATION 0 2 0. 0. 0. 0. 0 0
47.961 1 DOWNLINK_STATUS 0 48 17012 842 0 331. 16. 56.12
47.975 1 ATTITUDE -0.028311 -0.266597 0.091825
48.074 1 ATTITUDE -0.028327 -0.26648 0.091866
48.174 1 ATTITUDE -0.02832 -0.266552 0.091912
48.210 1 NAVIGATION 0 2 0. 0. 0. 0. 0 0
48.277 1 ATTITUDE -0.028298 -0.266427 0.091967
48.279 1 ESTIMATOR 0. 0.
48.374 1 ATTITUDE -0.028312 -0.266506 0.091982
48.462 1 FBW_STATUS 2 0 1 68 0
48.466 1 NAVIGATION 0 2 0. 0. 0. 0. 0 0
48.481 1 ATTITUDE -0.028292 -0.266474 0.092017
48.581 1 ATTITUDE -0.028284 -0.266418 0.092061
48.587 1 GPS 0 0 0 0 0 0 0 0 0 0 1
48.675 1 ATTITUDE -0.028223 -0.26642 0.092075
48.711 1 NAVIGATION 0 2 0. 0. 0. 0. 0 0
48.774 1 ATTITUDE -0.028238 -0.26637 0.092122
48.874 1 ATTITUDE -0.028251 -0.266465 0.092146
48.960 1 NAVIGATION 0 2 0. 0. 0. 0. 0 0
48.962 1 DOWNLINK_STATUS 0 49 17358 859 0 346. 17. 56.12
48.976 1 ATTITUDE -0.028238 -0.266654 0.092159
49.074 1 ATTITUDE -0.028272 -0.266596 0.092188
49.174 1 ATTITUDE -0.028234 -0.266747 0.092135
49.210 1 NAVIGATION 0 2 0. 0. 0. 0. 0 0
49.274 1 ATTITUDE -0.02826 -0.266822 0.092106
49.374 1 ATTITUDE -0.028256 -0.266734 0.092104
49.461 1 NAVIGATION 0 2 0. 0. 0. 0. 0 0
49.484 1 ATTITUDE -0.028251 -0.266897 0.092151
49.484 1 ESTIMATOR 0. 0.
49.581 1 ATTITUDE -0.02825 -0.266919 0.092156
49.586 1 GPS 0 0 0 0 0 0 0 0 0 0 1
49.674 1 ATTITUDE -0.028257 -0.266961 0.092162
49.710 1 NAVIGATION 0 2 0. 0. 0. 0. 0 0
49.774 1 ATTITUDE -0.028262 -0.266774 0.092179
49.874 1 ATTITUDE -0.028237 -0.266657 0.092204
49.960 1 NAVIGATION 0 2 0. 0. 0. 0. 0 0
49.963 1 DOWNLINK_STATUS 0 50 17689 875 0 331. 16. 56.12
49.976 1 ATTITUDE -0.028185 -0.26668 0.092205
50.074 1 ATTITUDE -0.028194 -0.266758 0.092206
50.174 1 ATTITUDE -0.028248 -0.266653 0.09218
50.211 1 NAVIGATION 0 2 0. 0. 0. 0. 0 0
50.274 1 ATTITUDE -0.028248 -0.266766 0.092197
50.374 1 ATTITUDE -0.028226 -0.266736 0.092211
50.472 1 FBW_STATUS 2 0 1 68 0
50.477 1 NAVIGATION 0 2 0. 0. 0. 0. 0 0
50.489 1 ATTITUDE -0.028163 -0.266485 0.092243
50.490 1 PONG 
50.557 1 COMMANDS 0,563,-809,0,0
50.581 1 ATTITUDE -0.028208 -0.266665 0.092277
50.587 1 GPS 0 0 0 0 0 0 0 0 0 0 1
50.657 1 ACTUATORS 1250,1532,1564,1592,1350
50.677 1 ATTITUDE -0.028215 -0.266881 0.092281
50.679 1 ESTIMATOR 0. 0.
50.710 1 NAVIGATION 0 2 0. 0. 0. 0. 0 0
50.777 1 ATTITUDE -0.028345 -0.266896 0.092311
50.779 1 PPRZ_MODE 2 0 0 0 0 6
50.874 1 ATTITUDE -0.028354 -0.266969 0.092309
50.961 1 NAVIGATION 0 2 0. 0. 0. 0. 0 0
50.964 1 DOWNLINK_STATUS 0 51 18087 896 0 398. 21. 56.34
50.976 1 ATTITUDE -0.028043 -0.266876 0.092311
51.075 1 ATTITUDE -0.028178 -0.266903 0.092274
51.174 1 ATTITUDE -0.02823 -0.267077 0.092283
51.211 1 NAVIGATION 0 2 0. 0. 0. 0. 0 0
51.274 1 ATTITUDE -0.028123 -0.266976 0.092297
51.374 1 ATTITUDE -0.028143 -0.267135 0.092374
51.460 1 NAVIGATION 0 2 0. 0. 0. 0. 0 0
51.478 1 ATTITUDE -0.028194 -0.267181 0.092445
51.484 1 BAT 0 68 0 0 1 61 0 0
51.581 1 ATTITUDE -0.028187 -0.267183 0.092436
51.587 1 GPS 0 0 0 0 0 0 0 0 0 0 1
51.674 1 ATTITUDE -0.028153 -0.267124 0.092455
51.684 1 WIND_INFO 1 42 0. 0. 0.
51.743 1 NAVIGATION 0 2 0. 0. 0. 0. 0 0
51.799 1 ATTITUDE -0.02807 -0.267026 0.09246
51.877 1 ATTITUDE -0.028044 -0.266454 0.092462
51.879 1 ESTIMATOR 0. 0.
51.961 1 NAVIGATION 0 2 0. 0. 0. 0. 0 0
51.965 1 DOWNLINK_STATUS 0 52 18439 913 0 352. 17. 56.34
51.975 1 ATTITUDE -0.028083 -0.26655 0.092507
52.074 1 ATTITUDE -0.028022 -0.266401 0.092496
52.179 1 ATTITUDE -0.028021 -0.266573 0.092488
52.183 1 ALIVE 163,73,169,119,200,148,75,204,222,241,3,98,114,117,37,59
52.210 1 NAVIGATION 0 2 0. 0. 0. 0. 0 0
52.274 1 ATTITUDE -0.028057 -0.266587 0.092561
52.374 1 ATTITUDE -0.028111 -0.266462 0.092536
52.462 1 FBW_STATUS 2 0 1 68 0
52.466 1 NAVIGATION 0 2 0. 0. 0. 0. 0 0
52.479 1 ATTITUDE -0.028054 -0.266558 0.092524
52.581 1 ATTITUDE -0.027992 -0.26631 0.092521
52.587 1 GPS 0 0 0 0 0 0 0 0 0 0 1
52.674 1 ATTITUDE -0.028034 -0.266434 0.092538
52.711 1 NAVIGATION 0 2 0. 0. 0. 0. 0 0
52.773 1 ATTITUDE -0.028111 -0.266399 0.092555
52.873 1 ATTITUDE -0.02811 -0.266428 0.092531
52.960 1 NAVIGATION 0 2 0. 0. 0. 0. 0 0
52.965 1 DOWNLINK_STATUS 0 53 18794 930 0 355. 17. 56.34
52.975 1 ATTITUDE -0.028095 -0.266554 0.092519
53.077 1 ATTITUDE -0.028121 -0.2668 0.092558
53.079 1 ESTIMATOR 0. 0.
53.174 1 ATTITUDE -0.028074 -0.266821 0.092575
53.210 1 NAVIGATION 0 2 0. 0. 0. 0. 0 0
53.274 1 ATTITUDE -0.028048 -0.266839 0.092549
53.374 1 ATTITUDE -0.028015 -0.267007 0.092541
53.460 1 NAVIGATION 0 2 0. 0. 0. 0. 0 0
53.476 1 ATTITUDE -0.027949 -0.266989 0.092554
53.478 1 DOWNLINK 0 352 1105
53.581 1 ATTITUDE -0.027985 -0.267097 0.09255
53.587 1 GPS 0 0 0 0 0 0 0 0 0 0 1
53.673 1 ATTITUDE -0.027956 -0.267204 0.092573
53.710 1 NAVIGATION 0 2 0. 0. 0. 0. 0 0
53.773 1 ATTITUDE -0.027948 -0.266913 0.092585
53.874 1 ATTITUDE -0.027948 -0.266999 0.092674
53.960 1 NAVIGATION 0 2 0. 0. 0. 0. 0 0
53.966 1 DOWNLINK_STATUS 0 54 19136 947 0 342. 17. 56.34
53.975 1 ATTITUDE -0.027916 -0.267055 0.092663
54.074 1 ATTITUDE -0.027901 -0.267064 0.09269
54.178 1 ATTITUDE -0.027889 -0.267153 0.092708
54.180 1 GPS_SOL 0 0 0 0
54.210 1 NAVIGATION 0 2 0. 0. 0. 0. 0 0
54.277 1 ATTITUDE -0.027854 -0.267197 0.092742
54.279 1 ESTIMATOR 0. 0.
54.374 1 ATTITUDE -0.027862 -0.267293 0.092754
54.461 1 FBW_STATUS 2 0 1 68 0
54.466 1 NAVIGATION 0 2 0. 0. 0. 0. 0 0
54.478 1 ATTITUDE -0.02789 -0.267374 0.092681
54.581 1 ATTITUDE -0.027952 -0.267489 0.092682
54.586 1 GPS 0 0 0 0 0 0 0 0 0 0 1
54.673 1 ATTITUDE -0.028104 -0.26756 0.092679
54.710 1 NAVIGATION 0 2 0. 0. 0. 0. 0 0
54.774 1 ATTITUDE -0.028124 -0.267679 0.092703
54.874 1 ATTITUDE -0.027993 -0.267886 0.092702
54.960 1 NAVIGATION 0 2 0. 0. 0. 0. 0 0
54.967 1 DOWNLINK_STATUS 0 55 19499 965 0 363. 18. 56.34
54.975 1 ATTITUDE -0.028072 -0.268045 0.092726
55.074 1 ATTITUDE -0.027962 -0.267775 0.092753
55.174 1 ATTITUDE -0.027895 -0.267922 0.092765
55.210 1 NAVIGATION 0 2 0. 0. 0. 0. 0 0
55.273 1 ATTITUDE -0.027853 -0.268033 0.092777
55.373 1 ATTITUDE -0.027925 -0.267947 0.092832
55.478 1 NAVIGATION 0 2 0. 0. 0. 0. 0 0
55.513 1 ATTITUDE -0.028018 -0.268161 0.092831
55.515 1 ESTIMATOR 0. 0.
55.527 1 PONG 
55.556 1 COMMANDS 0,555,-818,0,0
55.581 1 ATTITUDE -0.02811 -0.267874 0.092827
55.586 1 GPS 0 0 0 0 0 0 0 0 0 0 1
55.657 1 ACTUATORS 1250,1531,1564,1592,1350
55.674 1 ATTITUDE -0.028106 -0.267563 0.092891
55.710 1 NAVIGATION 0 2 0. 0. 0. 0. 0 0
55.774 1 ATTITUDE -0.028098 -0.267371 0.092869
55.874 1 ATTITUDE -0.028097 -0.267261 0.092835
55.960 1 NAVIGATION 0 2 0. 0. 0. 0. 0 0
55.968 1 DOWNLINK_STATUS 0 56 19870 984 0 371. 19. 92.3
55.976 1 ATTITUDE -0.028164 -0.267381 0.092849
56.073 1 ATTITUDE -0.028177 -0.267313 0.092892
56.173 1 ATTITUDE -0.028102 -0.267135 0.092881
56.210 1 NAVIGATION 0 2 0. 0. 0. 0. 0 0
56.273 1 ATTITUDE -0.02807 -0.267092 0.092928
56.374 1 ATTITUDE -0.028076 -0.266989 0.092952
56.461 1 FBW_STATUS 2 0 1 68 0
56.466 1 NAVIGATION 0 2 0. 0. 0. 0. 0 0
56.478 1 ATTITUDE -0.028091 -0.266824 0.092997
56.581 1 ATTITUDE -0.028105 -0.266674 0.093018
56.587 1 GPS 0 0 0 0 0 0 0 0 0 0 1
56.677 1 ATTITUDE -0.028122 -0.266879 0.093029
56.679 1 ESTIMATOR 0. 0.
56.710 1 NAVIGATION 0 2 0. 0. 0. 0. 0 0
56.777 1 ATTITUDE -0.028096 -0.266878 0.093031
56.778 1 PPRZ_MODE 2 0 0 0 0 6
56.873 1 ATTITUDE -0.028086 -0.2667 0.093076
56.960 1 NAVIGATION 0 2 0. 0. 0. 0. 0 0
56.968 1 DOWNLINK_STATUS 0 57 20228 1002 0 358. 18. 92.3
56.975 1 ATTITUDE -0.028104 -0.266703 0.093092
57.074 1 ATTITUDE -0.028145 -0.266753 0.093079
57.174 1 ATTITUDE -0.028162 -0.266763 0.093078
57.210 1 NAVIGATION 0 2 0. 0. 0. 0. 0 0
57.274 1 ATTITUDE -0.028169 -0.266698 0.093109
57.374 1 ATTITUDE -0.028129 -0.266834 0.093112
57.460 1 NAVIGATION 0 2 0. 0. 0. 0. 0 0
57.476 1 ATTITUDE -0.02809 -0.266803 0.09312
57.580 1 ATTITUDE -0.028106 -0.266597 0.093115
57.587 1 GPS 0 0 0 0 0 0 0 0 0 0 1
57.673 1 ATTITUDE -0.028158 -0.266345 0.093132
57.709 1 NAVIGATION 0 2 0. 0. 0. 0. 0 0
57.773 1 ATTITUDE -0.028171 -0.266235 0.093175
57.876 1 ATTITUDE -0.028153 -0.266296 0.09323
57.879 1 ESTIMATOR 0. 0.
57.960 1 NAVIGATION 0 2 0. 0. 0. 0. 0 0
57.969 1 DOWNLINK_STATUS 0 58 20559 1018 0 331. 16. 92.3
57.975 1 ATTITUDE -0.028138 -0.26604 0.093221
58.074 1 ATTITUDE -0.028101 -0.265857 0.093234
58.174 1 ATTITUDE -0.028131 -0.265939 0.093223
58.210 1 NAVIGATION 0 2 0. 0. 0. 0. 0 0
58.274 1 ATTITUDE -0.028111 -0.265641 0.093229
58.374 1 ATTITUDE -0.028089 -0.265581 0.093216
58.461 1 FBW_STATUS 2 0 1 68 0
58.466 1 NAVIGATION 0 2 0. 0. 0. 0. 0 0
58.478 1 ATTITUDE -0.028047 -0.265645 0.093225
58.580 1 ATTITUDE -0.028073 -0.265809 0.093233
58.586 1 GPS 0 0 0 0 0 0 0 0 0 0 1
58.673 1 ATTITUDE -0.0281 -0.265964 0.09326
58.710 1 NAVIGATION 0 2 0. 0. 0. 0. 0 0
58.773 1 ATTITUDE -0.028091 -0.266066 0.093295
58.874 1 ATTITUDE -0.028145 -0.266057 0.093292
58.960 1 NAVIGATION 0 2 0. 0. 0. 0. 0 0
58.970 1 DOWNLINK_STATUS 0 59 20891 1034 0 332. 16. 92.3
58.975 1 ATTITUDE -0.028201 -0.266253 0.093334
59.077 1 ATTITUDE -0.028208 -0.266241 0.093321
59.079 1 ESTIMATOR 0. 0.
59.174 1 ATTITUDE -0.028248 -0.266383 0.093317
59.210 1 NAVIGATION 0 2 0. 0. 0. 0. 0 0
59.273 1 ATTITUDE -0.02826 -0.266596 0.093353
59.373 1 ATTITUDE -0.028277 -0.266647 0.093369
59.460 1 NAVIGATION 0 2 0. 0. 0. 0. 0 0
59.475 1 ATTITUDE -0.028231 -0.266707 0.093395
59.581 1 ATTITUDE -0.028233 -0.266823 0.093443
59.586 1 GPS 0 0 0 0 0 0 0 0 0 0 1
59.673 1 ATTITUDE -0.028274 -0.266895 0.093413
59.710 1 NAVIGATION 0 2 0. 0. 0. 0. 0 0
59.774 1 ATTITUDE -0.028286 -0.266975 0.093424
59.874 1 ATTITUDE -0.028254 -0.267009 0.093378
59.960 1 NAVIGATION 0 2 0. 0. 0. 0. 0 0
59.971 1 DOWNLINK_STATUS 0 60 21222 1050 0 331. 16. 92.3
59.975 1 ATTITUDE -0.02824 -0.266768 0.093398
60.073 1 ATTITUDE -0.028237 -0.266859 0.093425
60.173 1 ATTITUDE -0.028262 -0.266757 0.093431
60.209 1 NAVIGATION 0 2 0. 0. 0. 0. 0 0
60.276 1 ATTITUDE -0.028278 -0.266642 0.093435
60.279 1 ESTIMATOR 0. 0.
60.373 1 ATTITUDE -0.028304 -0.266766 0.093425
60.474 1 FBW_STATUS 2 0 1 68 0
60.479 1 NAVIGATION 0 2 0. 0. 0. 0. 0 0
60.491 1 ATTITUDE -0.028295 -0.266686 0.093489
60.505 1 PONG 
60.557 1 COMMANDS 0,564,-813,0,0
60.580 1 ATTITUDE -0.028253 -0.266773 0.093457
60.586 1 GPS 0 0 0 0 0 0 0 0 0 0 1
60.657 1 ACTUATORS 1250,1531,1564,1592,1350
60.674 1 ATTITUDE -0.028227 -0.266818 0.093405
60.710 1 NAVIGATION 0 2 0. 0. 0. 0. 0 0
60.774 1 ATTITUDE -0.028275 -0.266876 0.093414
60.873 1 ATTITUDE -0.02825 -0.267022 0.093417
60.959 1 NAVIGATION 0 2 0. 0. 0. 0. 0 0
60.971 1 DOWNLINK_STATUS 0 61 21608 1070 0 386. 20. 69.31
60.975 1 ATTITUDE -0.028232 -0.267168 0.093402
61.073 1 ATTITUDE -0.028202 -0.267235 0.093446
61.173 1 ATTITUDE -0.028235 -0.267424 0.0934
61.210 1 NAVIGATION 0 2 0. 0. 0. 0. 0 0
61.273 1 ATTITUDE -0.028221 -0.267544 0.09338
61.373 1 ATTITUDE -0.0282 -0.267615 0.093388
61.460 1 NAVIGATION 0 2 0. 0. 0. 0. 0 0
61.477 1 ATTITUDE -0.028202 -0.26773 0.093387
61.479 1 ESTIMATOR 0. 0.
61.585 1 ATTITUDE -0.028204 -0.26745 0.093416
61.591 1 GPS 0 0 0 0 0 0 0 0 0 0 1
61.594 1 BAT 0 68 0 0 1 71 0 0
61.673 1 ATTITUDE -0.02825 -0.267417 0.093404
61.684 1 WIND_INFO 1 42 0. 0. 0.
61.730 1 NAVIGATION 0 2 0. 0. 0. 0. 0 0
61.807 1 ATTITUDE -0.02826 -0.267356 0.093397
61.873 1 ATTITUDE -0.02823 -0.267211 0.093354
61.959 1 NAVIGATION 0 2 0. 0. 0. 0. 0 0
61.972 1 DOWNLINK_STATUS 0 62 21960 1087 0 352. 17. 69.31
61.975 1 ATTITUDE -0.028242 -0.267328 0.093344
62.073 1 ATTITUDE -0.028291 -0.267449 0.093351
62.173 1 ATTITUDE -0.02833 -0.267313 0.093373
62.210 1 NAVIGATION 0 2 0. 0. 0. 0. 0 0
62.274 1 ATTITUDE -0.028316 -0.267155 0.093419
62.379 1 ATTITUDE -0.028308 -0.267275 0.093407
62.383 1 ALIVE 163,73,169,119,200,148,75,204,222,241,3,98,114,117,37,59
62.460 1 FBW_STATUS 2 0 1 68 0
62.466 1 NAVIGATION 0 2 0. 0. 0. 0. 0 0
62.477 1 ATTITUDE -0.028325 -0.267388 0.093424
62.580 1 ATTITUDE -0.028314 -0.267411 0.093421
62.586 1 GPS 0 0 0 0 0 0 0 0 0 0 1
62.676 1 ATTITUDE -0.02829 -0.267606 0.09348
62.678 1 ESTIMATOR 0. 0.
62.709 1 NAVIGATION 0 2 0. 0. 0. 0. 0 0
62.776 1 ATTITUDE -0.028277 -0.267607 0.093502
62.778 1 PPRZ_MODE 2 0 0 0 0 6
62.873 1 ATTITUDE -0.028304 -0.267745 0.09353
62.960 1 NAVIGATION 0 2 0. 0. 0. 0. 0 0
62.973 1 DOWNLINK_STATUS 0 63 22341 1106 0 381. 19. 69.31
62.975 1 ATTITUDE -0.028299 -0.267657 0.093519
63.074 1 ATTITUDE -0.028263 -0.267849 0.093526
63.174 1 ATTITUDE -0.028297 -0.26804 0.093554
63.210 1 NAVIGATION 0 2 0. 0. 0. 0. 0 0
63.273 1 ATTITUDE -0.028302 -0.267972 0.093575
63.373 1 ATTITUDE -0.028246 -0.268115 0.093583
63.459 1 NAVIGATION 0 2 0. 0. 0. 0. 0 0
63.475 1 ATTITUDE -0.028291 -0.268215 0.093593
63.580 1 ATTITUDE -0.028286 -0.26806 0.093574
63.586 1 GPS 0 0 0 0 0 0 0 0 0 0 1
63.673 1 ATTITUDE -0.028253 -0.268033 0.093615
63.710 1 NAVIGATION 0 2 0. 0. 0. 0. 0 0
63.773 1 ATTITUDE -0.02823 -0.268091 0.093654
63.879 1 ATTITUDE -0.028202 -0.268093 0.093637
63.881 1 ESTIMATOR 0. 0.
63.882 1 DOWNLINK 0 353 1287
63.960 1 NAVIGATION 0 2 0. 0. 0. 0. 0 0
63.974 1 DOWNLINK_STATUS 0 64 22683 1123 0 342. 17. 69.31
63.974 1 ATTITUDE -0.028183 -0.268051 0.093617
64.073 1 ATTITUDE -0.028231 -0.26788 0.093584
64.173 1 ATTITUDE -0.028149 -0.267968 0.093607
64.209 1 NAVIGATION 0 2 0. 0. 0. 0. 0 0
64.273 1 ATTITUDE -0.028111 -0.267901 0.093636
64.373 1 ATTITUDE -0.028128 -0.267889 0.093625
64.461 1 FBW_STATUS 2 0 1 68 0
64.465 1 NAVIGATION 0 2 0. 0. 0. 0. 0 0
64.478 1 ATTITUDE -0.028174 -0.26796 0.093638
64.580 1 ATTITUDE -0.028182 -0.267876 0.093664
64.586 1 GPS 0 0 0 0 0 0 0 0 0 0 1
64.677 1 ATTITUDE -0.028172 -0.267892 0.093658
64.680 1 GPS_SOL 0 0 0 0
64.710 1 NAVIGATION 0 2 0. 0. 0. 0. 0 0
64.773 1 ATTITUDE -0.028161 -0.267832 0.09364
64.873 1 ATTITUDE -0.028161 -0.267781 0.093655
64.959 1 NAVIGATION 0 2 0. 0. 0. 0. 0 0
64.974 1 ATTITUDE -0.028165 -0.267893 0.093655
64.975 1 DOWNLINK_STATUS 0 65 23050 1141 0 367. 18. 69.31
65.076 1 ATTITUDE -0.028179 -0.267889 0.09369
65.078 1 ESTIMATOR 0. 0.
65.173 1 ATTITUDE -0.028131 -0.268029 0.093713
65.209 1 NAVIGATION 0 2 0. 0. 0. 0. 0 0
65.273 1 ATTITUDE -0.028114 -0.267907 0.093718
65.373 1 ATTITUDE -0.028102 -0.267887 0.093691
65.472 1 NAVIGATION 0 2 0. 0. 0. 0. 0 0
65.514 1 ATTITUDE -0.028064 -0.268047 0.093718
65.527 1 PONG 
65.555 1 COMMANDS 0,560,-813,0,0
65.580 1 ATTITUDE -0.028109 -0.267944 0.093736
65.585 1 GPS 0 0 0 0 0 0 0 0 0 0 1
65.655 1 ACTUATORS 1250,1531,1564,1592,1350
65.673 1 ATTITUDE -0.028129 -0.267852 0.093719
65.710 1 NAVIGATION 0 2 0. 0. 0. 0. 0 0
65.773 1 ATTITUDE -0.028113 -0.267463 0.093741
65.873 1 ATTITUDE -0.028168 -0.26736 0.093746
65.959 1 NAVIGATION 0 2 0. 0. 0. 0. 0 0
65.974 1 ATTITUDE -0.028135 -0.267103 0.09377
65.974 1 DOWNLINK_STATUS 0 66 23421 1160 0 371. 19. 91.32
66.073 1 ATTITUDE -0.028073 -0.267124 0.093762
66.173 1 ATTITUDE -0.028066 -0.267067 0.093789
66.210 1 NAVIGATION 0 2 0. 0. 0. 0. 0 0
66.276 1 ATTITUDE -0.028085 -0.267064 0.093794
66.278 1 ESTIMATOR 0. 0.
66.373 1 ATTITUDE -0.028066 -0.266832 0.093768
66.460 1 FBW_STATUS 2 0 1 68 0
66.465 1 NAVIGATION 0 2 0. 0. 0. 0. 0 0
66.477 1 ATTITUDE -0.028059 -0.266779 0.093765
66.580 1 ATTITUDE -0.028065 -0.266919 0.093754
66.586 1 GPS 0 0 0 0 0 0 0 0 0 0 1
66.673 1 ATTITUDE -0.028071 -0.266766 0.093768
66.709 1 NAVIGATION 0 2 0. 0. 0. 0. 0 0
66.773 1 ATTITUDE -0.028045 -0.266674 0.093765
66.873 1 ATTITUDE -0.028137 -0.266888 0.093762
66.960 1 NAVIGATION 0 2 0. 0. 0. 0. 0 0
66.975 1 ATTITUDE -0.028058 -0.266869 0.093818
66.975 1 DOWNLINK_STATUS 0 67 23767 1177 0 346. 17. 91.32
67.073 1 ATTITUDE -0.028005 -0.266783 0.093751
67.172 1 ATTITUDE -0.028099 -0.266952 0.093756
67.210 1 NAVIGATION 0 2 0. 0. 0. 0. 0 0
67.273 1 ATTITUDE -0.028161 -0.266957 0.093805
67.373 1 ATTITUDE -0.028155 -0.26713 0.093816
67.459 1 NAVIGATION 0 2 0. 0. 0. 0. 0 0
67.476 1 ATTITUDE -0.02809 -0.267228 0.093785
67.478 1 ESTIMATOR 0. 0.
67.580 1 ATTITUDE -0.028105 -0.267311 0.093794
67.586 1 GPS 0 0 0 0 0 0 0 0 0 0 1
67.673 1 ATTITUDE -0.028207 -0.267399 0.093862
67.709 1 NAVIGATION 0 2 0. 0. 0. 0. 0 0
67.773 1 ATTITUDE -0.02796 -0.267275 0.093858
67.873 1 ATTITUDE -0.028008 -0.267005 0.093803
67.959 1 NAVIGATION 0 2 0. 0. 0. 0. 0 0
67.974 1 ATTITUDE -0.02814 -0.267109 0.093815
67.975 1 DOWNLINK_STATUS 0 68 24098 1193 0 331. 16. 91.32
68.073 1 ATTITUDE -0.028083 -0.26695 0.093848
