5.745 1 FBW_STATUS 0 48 0 68 0
5.750 1 NAVIGATION 2 1 -4.1 -9.5 0. 106.8 0 0
5.762 1 ATTITUDE 0.035829 -1.610343 0.031018
5.868 1 ATTITUDE 0.035821 -1.610389 0.031025
5.872 1 GPS 3 33240994 593390272 1515 694373 26 71 1789 428518250 12 4
5.875 1 SVINFO 4 8 13 7 39 84 309
5.945 1 DOWNLINK_STATUS 0 6 2188 109 0 389. 20. 65.49
5.958 1 ATTITUDE 0.035791 -1.610473 0.031071
5.994 1 NAVIGATION 2 1 -4.1 -9.5 0. 106.8 0 0
6.057 1 ATTITUDE 0.035756 -1.610447 0.031095
6.158 1 ATTITUDE 0.035738 -1.610548 0.031066
6.243 1 NAVIGATION 2 1 -4.1 -9.5 0. 106.8 0 0
6.259 1 ATTITUDE 0.035741 -1.610649 0.031101
6.360 1 ATTITUDE 0.035752 -1.610557 0.031127
6.362 1 ESTIMATOR 694.153992 0.7
6.457 1 ATTITUDE 0.035765 -1.610628 0.031123
6.493 1 NAVIGATION 2 1 -4.1 -9.5 0. 106.8 0 0
6.557 1 ATTITUDE 0.035723 -1.610667 0.031126
6.657 1 ATTITUDE 0.035682 -1.610734 0.031153
6.743 1 NAVIGATION 2 1 -4.1 -9.5 0. 106.8 0 0
6.758 1 ATTITUDE 0.035709 -1.610776 0.031129
6.840 1 COMMANDS 488,-2338,1274,-2338,-560,0
6.867 1 ATTITUDE 0.03571 -1.61056 0.031147
6.873 1 GPS 3 33240990 593390272 1515 694100 72 81 1789 428519250 12 5
6.875 1 SVINFO 5 9 13 7 39 74 290
6.940 1 ACTUATORS 1270,1635,1466,1489,1383
6.946 1 DOWNLINK_STATUS 0 7 2569 128 0 381. 19. 65.49
6.957 1 ATTITUDE 0.035698 -1.610322 0.031157
6.993 1 NAVIGATION 2 1 -4.1 -9.5 0. 107. 0 0
7.057 1 ATTITUDE 0.035667 -1.610291 0.0311
7.157 1 ATTITUDE 0.035675 -1.610192 0.031101
7.243 1 NAVIGATION 2 1 -4.1 -9.5 0. 107. 0 0
7.259 1 ATTITUDE 0.035724 -1.610216 0.031109
7.357 1 ATTITUDE 0.035736 -1.61012 0.031116
7.457 1 ATTITUDE 0.035723 -1.610136 0.031133
7.493 1 NAVIGATION 2 1 -4.1 -9.5 0. 107. 0 0
7.560 1 ATTITUDE 0.035751 -1.61015 0.031143
7.563 1 ESTIMATOR 693.872009 0.71
7.657 1 ATTITUDE 0.035748 -1.610166 0.031068
7.745 1 FBW_STATUS 0 53 0 68 0
7.749 1 NAVIGATION 2 1 -5. -9.5 0. 115.2 0 0
7.762 1 ATTITUDE 0.035725 -1.610147 0.031058
7.865 1 ATTITUDE 0.035676 -1.610012 0.031016
7.871 1 GPS 3 33240900 593390272 1515 693546 25 59 1789 428520250 12 6
7.946 1 DOWNLINK_STATUS 0 8 2915 145 0 346. 17. 65.49
7.957 1 ATTITUDE 0.035673 -1.610072 0.031042
7.994 1 NAVIGATION 2 1 -5. -9.5 0. 115.2 0 0
8.057 1 ATTITUDE 0.035686 -1.609994 0.031089
8.157 1 ATTITUDE 0.035647 -1.610046 0.031088
8.244 1 NAVIGATION 2 1 -5. -9.5 0. 115.2 0 0
8.259 1 ATTITUDE 0.035603 -1.610091 0.031069
8.358 1 ATTITUDE 0.035573 -1.610157 0.031084
8.457 1 ATTITUDE 0.035578 -1.610262 0.031107
8.494 1 NAVIGATION 2 1 -5. -9.5 0. 115.2 0 0
8.557 1 ATTITUDE 0.035571 -1.610129 0.031072
8.658 1 ATTITUDE 0.035596 -1.610209 0.031045
8.744 1 NAVIGATION 2 1 -5. -9.5 0. 115.2 0 0
8.762 1 ATTITUDE 0.035633 -1.610113 0.031094
8.765 1 ESTIMATOR 693.252991 0.56
8.766 1 DOWNLINK 0 358 2988
8.867 1 ATTITUDE 0.03557 -1.609857 0.031113
8.872 1 GPS 3 33240900 593390272 1515 693253 37 56 1789 428521250 12 7
8.875 1 SVINFO 7 11 13 4 21 17 117
8.947 1 DOWNLINK_STATUS 0 9 3271 163 0 356. 18. 65.49
8.957 1 ATTITUDE 0.035534 -1.609874 0.031137
8.993 1 NAVIGATION 2 1 -5. -9.5 0. 115.2 0 0
9.057 1 ATTITUDE 0.035503 -1.60975 0.031158
9.157 1 ATTITUDE 0.035501 -1.609804 0.031151
9.243 1 NAVIGATION 2 1 -5.5 -9.5 0. 120.2 0 0
9.258 1 ATTITUDE 0.035481 -1.609714 0.031188
9.357 1 ATTITUDE 0.035474 -1.609711 0.0312
9.457 1 ATTITUDE 0.035422 -1.609709 0.031207
9.493 1 NAVIGATION 2 1 -5.5 -9.5 0. 120.2 0 0
9.557 1 ATTITUDE 0.035417 -1.609538 0.031283
9.657 1 ATTITUDE 0.03543 -1.609506 0.031306
9.745 1 FBW_STATUS 0 48 0 68 0
9.749 1 NAVIGATION 2 1 -5.5 -9.5 0. 120.2 0 0
9.762 1 ATTITUDE 0.035441 -1.609364 0.03125
9.867 1 ATTITUDE 0.035462 -1.609449 0.031283
9.873 1 GPS 3 33240854 593390272 1515 692728 37 55 1789 428522250 12 8
9.875 1 SVINFO 8 13 12 4 20 11 163
9.947 1 DOWNLINK_STATUS 0 10 3617 180 0 346. 17. 65.49
9.960 1 ATTITUDE 0.035512 -1.609422 0.031313
9.963 1 ESTIMATOR 692.702026 0.47
9.994 1 NAVIGATION 2 1 -5.5 -9.5 0. 120.2 0 0
10.060 1 ATTITUDE 0.035535 -1.609286 0.0313
10.062 1 PPRZ_MODE 0 1 2 0 0 17
10.157 1 ATTITUDE 0.035544 -1.60933 0.03133
10.244 1 NAVIGATION 2 1 -5.5 -9.5 0. 120.2 0 0
10.259 1 ATTITUDE 0.035592 -1.609342 0.031363
10.357 1 ATTITUDE 0.035568 -1.609225 0.031368
10.461 1 ATTITUDE 0.03557 -1.609311 0.031427
10.464 1 GPS_SOL 698 74 317 7
10.495 1 NAVIGATION 2 1 -5.5 -9.5 0. 120.2 0 0
10.507 1 PONG 
10.557 1 ATTITUDE 0.035583 -1.60916 0.031395
10.657 1 ATTITUDE 0.035616 -1.60907 0.031367
10.744 1 NAVIGATION 2 1 -5.5 -9.5 0. 120.2 0 0
10.759 1 ATTITUDE 0.03564 -1.609107 0.031339
10.863 1 ATTITUDE 0.035616 -1.609031 0.031343
10.869 1 GPS 3 33240854 593390272 1515 692332 21 40 1789 428523250 12 9
10.948 1 DOWNLINK_STATUS 0 11 3983 199 0 366. 19. 63.58
10.956 1 ATTITUDE 0.035603 -1.608947 0.031322
10.994 1 NAVIGATION 2 1 -5.5 -9.5 0. 120.2 0 0
11.057 1 ATTITUDE 0.035563 -1.608853 0.031323
11.160 1 ATTITUDE 0.035571 -1.608742 0.031305
11.162 1 ESTIMATOR 692.27301 0.36
11.243 1 NAVIGATION 2 1 -5.5 -9.5 0. 120.2 0 0
11.258 1 ATTITUDE 0.035561 -1.608754 0.03131
11.357 1 ATTITUDE 0.03558 -1.608504 0.0313
11.457 1 ATTITUDE 0.035567 -1.608486 0.031333
11.493 1 NAVIGATION 2 1 -5.5 -9.5 0. 120.2 0 0
11.557 1 ATTITUDE 0.035545 -1.608369 0.031314
11.657 1 ATTITUDE 0.035524 -1.608284 0.03133
11.744 1 FBW_STATUS 0 53 0 68 0
11.749 1 NAVIGATION 2 1 -5.5 -9.5 0. 120.2 0 0
11.761 1 ATTITUDE 0.03552 -1.608343 0.031314
11.840 1 COMMANDS 488,-2338,1260,-2338,-560,0
11.867 1 ATTITUDE 0.035466 -1.608345 0.031299
11.873 1 GPS 3 33240854 593390272 1515 691850 26 49 1789 428524250 12 10
11.875 1 SVINFO 10 19 13 7 37 42 69
11.940 1 ACTUATORS 1270,1635,1465,1488,1383
11.948 1 DOWNLINK_STATUS 0 12 4379 219 0 396. 20. 63.58
11.957 1 ATTITUDE 0.035419 -1.608261 0.031339
11.993 1 NAVIGATION 2 1 -5.5 -9.5 0. 120.2 0 0
12.057 1 ATTITUDE 0.035416 -1.608149 0.031316
12.157 1 ATTITUDE 0.0354 -1.608123 0.031334
12.243 1 NAVIGATION 2 1 -5.5 -9.5 0. 120.2 0 0
12.258 1 ATTITUDE 0.035421 -1.608131 0.031296
12.360 1 ATTITUDE 0.035388 -1.608213 0.03133
12.362 1 ESTIMATOR 691.747009 0.33
12.457 1 ATTITUDE 0.035353 -1.608228 0.031375
12.493 1 NAVIGATION 2 1 -5.5 -9.5 0. 120.2 0 0
12.557 1 ATTITUDE 0.03538 -1.608397 0.031399
12.657 1 ATTITUDE 0.035343 -1.608508 0.031376
12.743 1 NAVIGATION 2 1 -5.5 -9.5 0. 120.2 0 0
12.759 1 ATTITUDE 0.035354 -1.608328 0.031405
12.865 1 ATTITUDE 0.03534 -1.608405 0.031487
12.871 1 GPS 3 33240854 593390272 1515 691606 16 46 1789 428525250 12 11
12.949 1 DOWNLINK_STATUS 0 13 4710 235 0 331. 16. 63.58
12.956 1 ATTITUDE 0.035356 -1.608434 0.031485
12.993 1 NAVIGATION 2 1 -5.5 -9.5 0. 120.2 0 0
13.056 1 ATTITUDE 0.035343 -1.608445 0.031501
13.157 1 ATTITUDE 0.035344 -1.60848 0.031529
13.244 1 NAVIGATION 2 1 -5.5 -9.5 0. 120.2 0 0
13.258 1 ATTITUDE 0.035355 -1.608368 0.031477
13.356 1 ATTITUDE 0.035371 -1.60828 0.031495
13.456 1 ATTITUDE 0.035318 -1.608315 0.031518
13.493 1 NAVIGATION 2 1 -5.5 -9.5 0. 120.2 0 0
13.559 1 ATTITUDE 0.035313 -1.608164 0.031481
13.562 1 ESTIMATOR 691.486023 0.39
13.656 1 ATTITUDE 0.035373 -1.608198 0.03144
13.744 1 FBW_STATUS 0 51 0 68 0
13.749 1 NAVIGATION 2 1 -5.5 -9.5 0. 120.2 0 0
13.761 1 ATTITUDE 0.0354 -1.608253 0.031447
13.872 1 ATTITUDE 0.03537 -1.608282 0.031423
13.878 1 GPS 3 33240854 593390272 1515 691628 44 31 1789 428526250 12 12
13.880 1 SVINFO 12 26 4 4 18 36 306
13.884 1 BAT 488 68 0 0 1 126 126 0
13.950 1 DOWNLINK_STATUS 0 14 5091 254 0 381. 19. 63.58
13.957 1 ATTITUDE 0.035375 -1.608286 0.031413
13.993 1 NAVIGATION 2 1 -5.5 -9.5 0. 120.2 0 0
14.057 1 ATTITUDE 0.035343 -1.608171 0.031391
14.157 1 ATTITUDE 0.035339 -1.608133 0.031371
14.243 1 NAVIGATION 2 1 -5.5 -9.5 0. 120.2 0 0
14.258 1 ATTITUDE 0.035339 -1.608189 0.031419
14.357 1 ATTITUDE 0.035324 -1.608074 0.031398
14.457 1 ATTITUDE 0.035348 -1.608167 0.031381
14.493 1 NAVIGATION 2 1 -5.5 -9.5 0. 120.2 0 0
14.557 1 ATTITUDE 0.035348 -1.608203 0.031402
14.657 1 ATTITUDE 0.03534 -1.608281 0.03139
14.743 1 NAVIGATION 2 1 -5.5 -9.5 0. 120.2 0 0
14.760 1 ATTITUDE 0.035323 -1.60835 0.031414
14.762 1 ESTIMATOR 691.75 0.61
14.867 1 ATTITUDE 0.035322 -1.608059 0.031431
14.873 1 GPS 3 33240854 593390272 1515 691750 34 61 1789 428527250 12 13
14.875 1 SVINFO 13 27 4 4 25 19 41
14.950 1 DOWNLINK_STATUS 0 15 5436 271 0 345. 17. 63.58
14.957 1 ATTITUDE 0.035289 -1.607948 0.031443
14.993 1 NAVIGATION 2 1 -5.5 -9.5 0. 120.2 0 0
15.057 1 ATTITUDE 0.035275 -1.607953 0.031483
15.157 1 ATTITUDE 0.035347 -1.607775 0.031493
15.244 1 NAVIGATION 2 1 -5.5 -9.5 0. 120.2 0 0
15.259 1 ATTITUDE 0.035347 -1.607731 0.031495
15.357 1 ATTITUDE 0.035338 -1.607606 0.031486
15.457 1 ATTITUDE 0.035334 -1.607592 0.031491
15.495 1 NAVIGATION 2 1 -5.5 -9.5 0. 120.2 0 0
15.495 1 PONG 
15.557 1 ATTITUDE 0.035315 -1.607538 0.031516
15.662 1 ATTITUDE 0.035408 -1.60749 0.031519
15.666 1 ALIVE 205,211,1,191,78,87,94,154,156,92,43,53,71,129,7,72
15.745 1 FBW_STATUS 0 52 0 68 0
15.749 1 NAVIGATION 2 1 -5.5 -9.5 0. 120.2 0 0
15.761 1 ATTITUDE 0.035418 -1.607547 0.031557
15.866 1 ATTITUDE 0.035425 -1.607533 0.031508
15.872 1 GPS 3 33240854 593390272 1515 691120 17 44 1789 428528250 12 14
15.874 1 SVINFO 14 28 13 6 32 51 237
15.898 1 WIND_INFO 1 42 0. 0. 0.
15.951 1 DOWNLINK_STATUS 0 16 5811 290 0 375. 19. 50.48
15.959 1 ATTITUDE 0.0354 -1.607468 0.031545
15.962 1 ESTIMATOR 691.119995 0.48
15.993 1 NAVIGATION 2 1 -5.5 -9.5 0. 120.2 0 0
16.059 1 ATTITUDE 0.035419 -1.607392 0.031543
16.061 1 PPRZ_MODE 0 1 2 0 0 17
16.156 1 ATTITUDE 0.035422 -1.607381 0.031505
16.243 1 NAVIGATION 2 1 -5.5 -9.5 0. 120.2 0 0
16.258 1 ATTITUDE 0.03547 -1.607387 0.031504
16.356 1 ATTITUDE 0.035437 -1.607492 0.031469
16.456 1 ATTITUDE 0.035418 -1.607595 0.031487
16.493 1 NAVIGATION 2 1 -5.5 -9.5 0. 120.2 0 0
16.556 1 ATTITUDE 0.035398 -1.607509 0.031451
16.657 1 ATTITUDE 0.035381 -1.607599 0.031481
16.743 1 NAVIGATION 2 1 -5.5 -9.5 0. 120.2 0 0
16.758 1 ATTITUDE 0.035375 -1.607593 0.031491
16.840 1 COMMANDS 264,-2338,1274,-2338,-560,0
16.867 1 ATTITUDE 0.035353 -1.607616 0.031511
16.872 1 GPS 3 33240854 593390272 1515 690814 30 41 1789 428529250 12 15
16.875 1 SVINFO 15 30 20 7 40 86 269
16.939 1 ACTUATORS 1270,1635,1465,1488,1367
16.951 1 DOWNLINK_STATUS 0 17 6204 310 0 393. 20. 50.48
16.957 1 ATTITUDE 0.035379 -1.60764 0.03152
16.993 1 NAVIGATION 2 1 -5.5 -9.5 0. 120.2 0 0
17.057 1 ATTITUDE 0.03541 -1.607488 0.031521
17.160 1 ATTITUDE 0.035378 -1.607471 0.031563
17.162 1 ESTIMATOR 690.849976 0.38
17.243 1 NAVIGATION 2 1 -5.5 -9.5 0. 120.2 0 0
17.258 1 ATTITUDE 0.035391 -1.607343 0.031555
17.358 1 ATTITUDE 0.035342 -1.60731 0.031568
17.457 1 ATTITUDE 0.035389 -1.607283 0.031571
17.493 1 NAVIGATION 2 1 -5.5 -10.5 0. 140.5 0 0
17.557 1 ATTITUDE 0.035383 -1.607109 0.031612
17.657 1 ATTITUDE 0.035384 -1.60712 0.031619
17.743 1 FBW_STATUS 0 49 0 68 0
17.749 1 NAVIGATION 2 1 -5.5 -10.5 0. 140.5 0 0
17.761 1 ATTITUDE 0.035362 -1.607017 0.031646
17.863 1 ATTITUDE 0.035364 -1.60703 0.031663
17.870 1 GPS 3 33240850 593390144 1515 690277 26 34 1789 428530250 12 16
17.952 1 DOWNLINK_STATUS 0 18 6550 327 0 346. 17. 50.48
17.956 1 ATTITUDE 0.035399 -1.606907 0.031727
17.993 1 NAVIGATION 2 1 -5.5 -10.5 0. 140.5 0 0
18.056 1 ATTITUDE 0.035451 -1.606816 0.031692
18.156 1 ATTITUDE 0.035421 -1.606842 0.031699
18.243 1 NAVIGATION 2 1 -6.4 -10.5 0. 151.3 0 0
18.258 1 ATTITUDE 0.035487 -1.606831 0.031712
18.360 1 ATTITUDE 0.035462 -1.606678 0.031713
18.362 1 ESTIMATOR 689.978027 0.07
18.456 1 ATTITUDE 0.035481 -1.606728 0.031685
18.492 1 NAVIGATION 2 1 -6.4 -10.5 0. 151.3 0 0
18.556 1 ATTITUDE 0.035541 -1.606697 0.031693
18.656 1 ATTITUDE 0.035526 -1.606726 0.031708
18.743 1 NAVIGATION 2 1 -6.4 -10.5 0. 151.3 0 0
18.758 1 ATTITUDE 0.035499 -1.60684 0.031749
18.863 1 ATTITUDE 0.035492 -1.606728 0.031734
18.869 1 GPS 3 33240756 593390080 1515 689177 10 43 1789 428531250 12 17
18.952 1 DOWNLINK_STATUS 0 19 6881 343 0 331. 16. 50.48
18.956 1 ATTITUDE 0.035488 -1.606607 0.031732
18.993 1 NAVIGATION 2 1 -6.4 -11. 0. 162.4 0 0
19.056 1 ATTITUDE 0.035495 -1.606568 0.031776
19.159 1 ATTITUDE 0.035555 -1.606427 0.031769
19.161 1 DOWNLINK 0 362 3176
19.243 1 NAVIGATION 2 1 -6.4 -11. 0. 162.4 0 0
19.258 1 ATTITUDE 0.035561 -1.606421 0.031739
19.356 1 ATTITUDE 0.035607 -1.60622 0.031764
19.456 1 ATTITUDE 0.03568 -1.606188 0.031777
19.493 1 NAVIGATION 2 1 -7.4 -11. 0. 175.4 0 0
19.559 1 ATTITUDE 0.035781 -1.606016 0.031779
19.562 1 ESTIMATOR 688.638977 0.19
19.657 1 ATTITUDE 0.035755 -1.605947 0.031777
19.744 1 FBW_STATUS 0 49 0 68 0
19.749 1 NAVIGATION 2 1 -7.4 -11. 0. 175.4 0 0
19.761 1 ATTITUDE 0.035789 -1.605957 0.031759
19.864 1 ATTITUDE 0.035784 -1.605933 0.031768
19.869 1 GPS 3 33240662 593390080 1515 688186 36 17 1789 428532250 12 18
19.953 1 DOWNLINK_STATUS 0 20 7238 361 0 357. 18. 50.48
19.957 1 ATTITUDE 0.03582 -1.605999 0.031774
19.993 1 NAVIGATION 2 1 -7.4 -11. 0. 175.4 0 0
20.057 1 ATTITUDE 0.035807 -1.606072 0.031797
20.157 1 ATTITUDE 0.03577 -1.606064 0.031776
20.243 1 NAVIGATION 2 1 -7.4 -11. 0. 175.4 0 0
20.257 1 ATTITUDE 0.035803 -1.606023 0.031804
20.357 1 ATTITUDE 0.035855 -1.6061 0.031763
20.456 1 ATTITUDE 0.035855 -1.606024 0.031789
20.494 1 NAVIGATION 2 1 -7.4 -11. 0. 175.4 0 0
20.495 1 PONG 
20.556 1 ATTITUDE 0.035879 -1.605908 0.031809
20.656 1 ATTITUDE 0.03585 -1.605869 0.031808
20.742 1 NAVIGATION 2 1 -7.4 -12. 0. 198.4 0 0
20.760 1 ATTITUDE 0.035849 -1.605844 0.031837
20.761 1 ESTIMATOR 687.505981 0.22
20.863 1 ATTITUDE 0.035853 -1.605944 0.031849
20.869 1 GPS 3 33240662 593390016 1515 687415 12 22 1789 428533250 12 19
20.954 1 DOWNLINK_STATUS 0 21 7575 378 0 337. 17. 49.62
20.960 1 ATTITUDE 0.035889 -1.605893 0.031857
20.963 1 GPS_SOL 704 90 317 7
20.992 1 NAVIGATION 2 1 -7.4 -12. 0. 198.4 0 0
21.056 1 ATTITUDE 0.035881 -1.605854 0.031882
21.156 1 ATTITUDE 0.035913 -1.605835 0.031901
21.242 1 NAVIGATION 2 1 -7.4 -12. 0. 198.4 0 0
21.258 1 ATTITUDE 0.035929 -1.605786 0.031869
21.356 1 ATTITUDE 0.035892 -1.605681 0.031867
21.456 1 ATTITUDE 0.035891 -1.605691 0.03187
21.493 1 NAVIGATION 2 1 -7.4 -12. 0. 198.4 0 0
21.556 1 ATTITUDE 0.035882 -1.605584 0.031776
21.656 1 ATTITUDE 0.035857 -1.605605 0.031777
21.744 1 FBW_STATUS 0 49 0 68 0
21.748 1 NAVIGATION 2 1 -7.4 -12. 0. 198.4 0 0
21.761 1 ATTITUDE 0.035811 -1.605584 0.031788
21.840 1 COMMANDS 222,-2338,1274,-2338,-546,0
21.863 1 ATTITUDE 0.035839 -1.605574 0.031852
21.869 1 GPS 3 33240662 593390016 1515 686992 22 1 1789 428534250 12 20
21.939 1 ACTUATORS 1270,1635,1465,1488,1351
21.954 1 DOWNLINK_STATUS 0 22 7960 397 0 385. 19. 49.62
21.959 1 ATTITUDE 0.035846 -1.605602 0.031854
21.962 1 ESTIMATOR 686.896973 0.13
21.993 1 NAVIGATION 2 1 -7.4 -12. 0. 198.4 0 0
22.059 1 ATTITUDE 0.035875 -1.605519 0.031786
22.061 1 PPRZ_MODE 0 1 2 0 0 17
22.156 1 ATTITUDE 0.035824 -1.605661 0.031787
22.243 1 NAVIGATION 2 1 -7.4 -12. 0. 198.4 0 0
22.258 1 ATTITUDE 0.035837 -1.605726 0.031774
22.357 1 ATTITUDE 0.035845 -1.605602 0.031784
22.457 1 ATTITUDE 0.035829 -1.605624 0.031757
22.493 1 NAVIGATION 2 1 -7.4 -12. 0. 198.4 0 0
22.556 1 ATTITUDE 0.035827 -1.605731 0.031704
22.656 1 ATTITUDE 0.035865 -1.605671 0.031724
22.743 1 NAVIGATION 2 1 -7.4 -12. 0. 198.4 0 0
22.757 1 ATTITUDE 0.035863 -1.605756 0.031748
22.863 1 ATTITUDE 0.035857 -1.605564 0.031774
22.869 1 GPS 3 33240662 593390016 1567 686369 37 0 1789 428535250 12 21
22.954 1 DOWNLINK_STATUS 0 23 8303 414 0 343. 17. 49.62
22.956 1 ATTITUDE 0.035902 -1.605422 0.03177
22.992 1 NAVIGATION 2 1 -7.4 -12. 0. 198.4 0 0
23.056 1 ATTITUDE 0.035839 -1.605418 0.031762
23.159 1 ATTITUDE 0.035847 -1.605243 0.031781
23.161 1 ESTIMATOR 686.116028 0.2
23.242 1 NAVIGATION 2 1 -7.4 -12. 0. 198.4 0 0
23.257 1 ATTITUDE 0.035852 -1.605203 0.031809
23.356 1 ATTITUDE 0.035814 -1.605199 0.031813
23.456 1 ATTITUDE 0.035829 -1.605166 0.031846
23.492 1 NAVIGATION 2 1 -7.4 -12. 0. 198.4 0 0
23.556 1 ATTITUDE 0.035798 -1.605027 0.031821
23.656 1 ATTITUDE 0.035804 -1.605071 0.031873
23.744 1 FBW_STATUS 0 49 0 68 0
23.748 1 NAVIGATION 2 1 -7.4 -12. 0. 198.4 0 0
23.761 1 ATTITUDE 0.035813 -1.605123 0.031863
23.864 1 ATTITUDE 0.035841 -1.605106 0.031837
23.870 1 GPS 3 33240662 593390016 1567 685713 9 8 1789 428536250 12 22
23.955 1 DOWNLINK_STATUS 0 24 8649 431 0 346. 17. 49.62
23.961 1 ATTITUDE 0.035872 -1.605176 0.031783
23.964 1 BAT 26 68 0 0 1 136 136 0
23.992 1 NAVIGATION 2 1 -7.4 -12. 0. 198.4 0 0
24.056 1 ATTITUDE 0.035926 -1.605126 0.031745
24.156 1 ATTITUDE 0.035951 -1.60521 0.031765
24.243 1 NAVIGATION 2 1 -7.4 -12. 0. 198.4 0 0
24.258 1 ATTITUDE 0.035939 -1.605243 0.031797
24.359 1 ATTITUDE 0.035921 -1.60532 0.031831
24.362 1 ESTIMATOR 685.575012 0.13
24.456 1 ATTITUDE 0.035963 -1.605351 0.031847
24.493 1 NAVIGATION 2 1 -7.4 -12. 0. 198.4 0 0
24.556 1 ATTITUDE 0.036011 -1.605276 0.031854
24.656 1 ATTITUDE 0.036058 -1.605331 0.031878
24.743 1 NAVIGATION 2 1 -7.4 -12. 0. 198.4 0 0
24.758 1 ATTITUDE 0.036086 -1.60528 0.031854
24.863 1 ATTITUDE 0.036121 -1.605353 0.031869
24.868 1 GPS 3 33240662 593390016 1567 685192 42 2 1789 428537250 12 23
24.955 1 DOWNLINK_STATUS 0 25 9001 448 0 352. 17. 49.62
24.956 1 ATTITUDE 0.036157 -1.605366 0.031837
24.992 1 NAVIGATION 2 1 -7.4 -12. 0. 198.4 0 0
25.056 1 ATTITUDE 0.036088 -1.605315 0.031872
25.156 1 ATTITUDE 0.036079 -1.605369 0.031848
25.242 1 NAVIGATION 2 1 -7.4 -12. 0. 198.4 0 0
25.257 1 ATTITUDE 0.036082 -1.6053 0.031825
25.356 1 ATTITUDE 0.036107 -1.605243 0.031796
25.456 1 ATTITUDE 0.036148 -1.60531 0.031787
25.493 1 NAVIGATION 2 1 -7.4 -13. 0. 224.3 0 0
25.494 1 PONG 
25.559 1 ATTITUDE 0.036161 -1.60508 0.031759
25.561 1 ESTIMATOR 684.655029 0.05
25.656 1 ATTITUDE 0.036155 -1.605144 0.031769
25.743 1 FBW_STATUS 0 49 0 68 0
25.748 1 NAVIGATION 2 1 -7.4 -13. 0. 224.3 0 0
25.760 1 ATTITUDE 0.036192 -1.605074 0.031788
25.868 1 ATTITUDE 0.036186 -1.605068 0.031761
25.874 1 GPS 3 33240656 593389888 1567 684607 13 8 1789 428538250 12 24
25.878 1 ALIVE 205,211,1,191,78,87,94,154,156,92,43,53,71,129,7,72
25.898 1 WIND_INFO 1 42 0. 0. 0.
25.956 1 ATTITUDE 0.036168 -1.605173 0.031778
25.956 1 DOWNLINK_STATUS 0 26 9394 468 0 393. 20. 47.49
25.992 1 NAVIGATION 2 1 -7.4 -13. 0. 224.3 0 0
26.056 1 ATTITUDE 0.036189 -1.60499 0.031738
26.156 1 ATTITUDE 0.03617 -1.605024 0.031682
26.242 1 NAVIGATION 2 1 -7.4 -13. 0. 224.3 0 0
26.257 1 ATTITUDE 0.036196 -1.605027 0.031682
26.356 1 ATTITUDE 0.036215 -1.604873 0.031684
26.456 1 ATTITUDE 0.036224 -1.604957 0.031666
26.492 1 NAVIGATION 2 1 -7.4 -13. 0. 224.3 0 0
26.556 1 ATTITUDE 0.036261 -1.604928 0.031704
26.656 1 ATTITUDE 0.036257 -1.604897 0.031732
26.742 1 NAVIGATION 2 1 -7.4 -13. 0. 224.3 0 0
26.759 1 ATTITUDE 0.036236 -1.604963 0.03173
26.762 1 ESTIMATOR 684.382996 -0.02
26.840 1 COMMANDS 26,-2338,1274,-2338,-588,0
26.864 1 ATTITUDE 0.036269 -1.604837 0.031744
26.870 1 GPS 3 33240656 593389888 1567 684452 4 -2 1789 428539250 12 25
26.939 1 ACTUATORS 1271,1635,1465,1488,1351
26.956 1 ATTITUDE 0.036248 -1.604559 0.031692
26.957 1 DOWNLINK_STATUS 0 27 9761 486 0 367. 18. 47.49
26.993 1 NAVIGATION 2 1 -7.4 -13. 0. 224.3 0 0
27.056 1 ATTITUDE 0.03628 -1.604552 0.031684
27.156 1 ATTITUDE 0.036318 -1.604345 0.031684
27.243 1 NAVIGATION 2 1 -7.4 -13. 0. 224.3 0 0
27.257 1 ATTITUDE 0.03634 -1.604344 0.031699
27.355 1 ATTITUDE 0.036363 -1.604087 0.031751
27.455 1 ATTITUDE 0.036338 -1.604063 0.031747
27.492 1 NAVIGATION 2 1 -7.4 -13. 0. 224.3 0 0
27.555 1 ATTITUDE 0.036296 -1.603933 0.031747
27.655 1 ATTITUDE 0.036251 -1.60389 0.031774
27.743 1 FBW_STATUS 0 50 0 68 0
27.748 1 NAVIGATION 2 1 -7.4 -13. 0. 224.3 0 0
27.760 1 ATTITUDE 0.036248 -1.603887 0.031743
27.863 1 ATTITUDE 0.036254 -1.603922 0.031749
27.868 1 GPS 3 33240656 593389888 1567 684363 16 9 1789 428540250 12 26
27.957 1 DOWNLINK_STATUS 0 28 10075 501 0 314. 15. 47.49
27.959 1 ATTITUDE 0.036224 -1.604001 0.031816
27.961 1 ESTIMATOR 684.362976 0.02
27.992 1 NAVIGATION 2 1 -7.4 -13. 0. 224.3 0 0
28.058 1 ATTITUDE 0.036273 -1.604039 0.031827
28.060 1 PPRZ_MODE 0 1 2 0 0 17
28.155 1 ATTITUDE 0.036259 -1.604021 0.031838
28.242 1 NAVIGATION 2 1 -7.4 -13. 0. 224.3 0 0
28.257 1 ATTITUDE 0.036292 -1.60391 0.031907
28.337 1 PPRZ_MODE 1 1 2 0 0 21
28.356 1 ATTITUDE 0.036307 -1.603965 0.031924
28.456 1 ATTITUDE 0.036286 -1.603939 0.031911
28.492 1 NAVIGATION 2 1 -7.4 -13. 0. 224.3 0 0
28.556 1 ATTITUDE 0.036241 -1.604056 0.031902
28.656 1 ATTITUDE 0.036254 -1.604166 0.031856
28.742 1 NAVIGATION 2 1 -7.4 -13. 0. 224.3 0 0
28.757 1 ATTITUDE 0.036249 -1.604094 0.031847
28.863 1 ATTITUDE 0.03625 -1.604159 0.031881
28.869 1 GPS 3 33240656 593389888 1567 684226 12 2 1789 428541250 12 27
28.956 1 ATTITUDE 0.036237 -1.604112 0.03189
28.958 1 DOWNLINK_STATUS 0 29 10448 520 0 373. 19. 47.49
28.992 1 NAVIGATION 2 1 -7.4 -13. 0. 224.3 0 0
29.056 1 ATTITUDE 0.03621 -1.60401 0.031875
29.159 1 ATTITUDE 0.036259 -1.604036 0.031923
29.161 1 ESTIMATOR 684.153992 0.13
29.187 1 PPRZ_MODE 2 1 2 0 0 21
29.242 1 NAVIGATION 2 1 -7.4 -13. 0. 224.3 0 0
29.258 1 ATTITUDE 0.036268 -1.603924 0.031922
29.356 1 ATTITUDE 0.036262 -1.603856 0.031934
29.456 1 ATTITUDE 0.036256 -1.603871 0.031929
29.492 1 NAVIGATION 2 1 -7.4 -13. 0. 224.3 0 0
29.558 1 ATTITUDE 0.036227 -1.603748 0.031928
29.559 1 DOWNLINK 0 0 3360
29.656 1 ATTITUDE 0.036241 -1.6037 0.031962
29.743 1 FBW_STATUS 0 49 1 68 0
29.747 1 NAVIGATION 2 1 -7.4 -13. 0. 224.3 0 0
29.760 1 ATTITUDE 0.036238 -1.60375 0.031991
29.862 1 ATTITUDE 0.036263 -1.603717 0.031995
29.868 1 GPS 3 33240656 593389888 1567 684190 41 26 1789 428542250 12 28
29.955 1 ATTITUDE 0.03621 -1.603728 0.032014
29.959 1 DOWNLINK_STATUS 0 30 10817 539 0 369. 19. 47.49
29.994 1 NAVIGATION 2 1 -7.4 -13. 0. 224.3 0 0
29.996 1 PPRZ_MODE 1 1 2 0 0 21
30.036 1 PPRZ_MODE 0 1 2 0 0 17
30.055 1 ATTITUDE 0.036223 -1.603685 0.032026
30.155 1 ATTITUDE 0.03623 -1.603741 0.032032
30.243 1 NAVIGATION 2 1 -7.4 -13. 0. 224.3 0 0
30.257 1 ATTITUDE 0.036169 -1.603771 0.031994
30.358 1 ATTITUDE 0.036204 -1.603607 0.031998
30.361 1 ESTIMATOR 684.231995 0.16
30.456 1 ATTITUDE 0.03619 -1.603633 0.03204
30.493 1 NAVIGATION 2 1 -7.4 -13. 0. 224.3 0 0
30.494 1 PONG 
30.556 1 ATTITUDE 0.036184 -1.603724 0.03202
30.656 1 ATTITUDE 0.036179 -1.603749 0.03204
30.742 1 NAVIGATION 2 1 -7.4 -13. 0. 224.3 0 0
30.757 1 ATTITUDE 0.036174 -1.603843 0.032034
30.863 1 ATTITUDE 0.036179 -1.603691 0.03201
30.869 1 GPS 3 33240656 593389888 1567 684398 18 5 1789 428543250 12 29
30.956 1 ATTITUDE 0.03618 -1.603606 0.032009
30.959 1 DOWNLINK_STATUS 0 31 11178 558 0 361. 19. 46.67
30.992 1 NAVIGATION 2 1 -7.4 -13. 0. 224.3 0 0
31.056 1 ATTITUDE 0.036196 -1.603615 0.031965
31.156 1 ATTITUDE 0.036222 -1.603455 0.031954
31.242 1 NAVIGATION 2 1 -7.4 -13. 0. 224.3 0 0
31.257 1 ATTITUDE 0.036235 -1.603517 0.03197
31.356 1 ATTITUDE 0.036256 -1.603564 0.031948
31.459 1 ATTITUDE 0.036287 -1.603436 0.03201
31.462 1 GPS_SOL 670 56 317 7
31.492 1 NAVIGATION 2 1 -7.4 -13. 0. 224.3 0 0
31.559 1 ATTITUDE 0.03635 -1.603278 0.032029
31.560 1 ESTIMATOR 684.51001 0.31
31.655 1 ATTITUDE 0.036314 -1.603194 0.032086
31.744 1 FBW_STATUS 0 52 0 68 0
31.748 1 NAVIGATION 2 1 -7.4 -13. 0. 224.3 0 0
31.760 1 ATTITUDE 0.036343 -1.60315 0.032085
31.839 1 COMMANDS 26,-2338,1274,-2338,-560,0
31.863 1 ATTITUDE 0.036324 -1.60311 0.032111
31.870 1 GPS 3 33240656 593389888 1567 684683 25 31 1789 428544250 12 30
31.938 1 ACTUATORS 1271,1635,1466,1489,1351
31.956 1 ATTITUDE 0.036268 -1.603188 0.032058
31.960 1 DOWNLINK_STATUS 0 32 11577 578 0 399. 20. 46.67
31.991 1 NAVIGATION 2 1 -7.4 -13. 0. 224.3 0 0
32.055 1 ATTITUDE 0.03631 -1.603071 0.032108
32.155 1 ATTITUDE 0.036338 -1.603145 0.032107
32.243 1 NAVIGATION 2 1 -7.4 -13. 0. 224.3 0 0
32.257 1 ATTITUDE 0.036275 -1.603119 0.032066
32.355 1 ATTITUDE 0.036338 -1.603258 0.032109
32.455 1 ATTITUDE 0.03635 -1.603414 0.032097
32.493 1 NAVIGATION 2 1 -7.4 -13. 0. 224.3 0 0
32.555 1 ATTITUDE 0.036337 -1.603202 0.032047
32.655 1 ATTITUDE 0.036388 -1.603319 0.032073
32.743 1 NAVIGATION 2 1 -7.4 -13. 0. 224.3 0 0
32.758 1 ATTITUDE 0.036428 -1.603338 0.032062
32.761 1 ESTIMATOR 684.96698 0.53
32.863 1 ATTITUDE 0.036385 -1.603377 0.032056
32.868 1 GPS 3 33240656 593389888 1567 684864 21 53 1789 428545250 12 31
32.956 1 ATTITUDE 0.036378 -1.603395 0.032055
32.960 1 DOWNLINK_STATUS 0 33 11908 594 0 331. 16. 46.67
32.992 1 NAVIGATION 2 1 -7.4 -13. 0. 224.3 0 0
33.055 1 ATTITUDE 0.036381 -1.603274 0.032091
33.155 1 ATTITUDE 0.036384 -1.603279 0.0321
33.242 1 NAVIGATION 2 1 -7.4 -12. 0. 198.4 0 0
33.257 1 ATTITUDE 0.036356 -1.60315 0.032137
33.356 1 ATTITUDE 0.036379 -1.603002 0.032103
33.456 1 ATTITUDE 0.036398 -1.603074 0.03215
33.492 1 NAVIGATION 2 1 -7.4 -12. 0. 198.4 0 0
33.556 1 ATTITUDE 0.036382 -1.602921 0.03214
33.656 1 ATTITUDE 0.036364 -1.602978 0.032169
33.743 1 FBW_STATUS 0 49 0 68 0
33.748 1 NAVIGATION 2 1 -7.4 -12. 0. 198.4 0 0
33.760 1 ATTITUDE 0.036358 -1.602891 0.032201
33.866 1 ATTITUDE 0.036313 -1.602896 0.032226
33.872 1 GPS 3 33240662 593390016 1567 685283 34 51 1789 428546250 12 32
33.873 1 SVINFO 0 3 13 7 35 32 54
33.959 1 ATTITUDE 0.036289 -1.60284 0.032222
33.960 1 ESTIMATOR 685.28302 0.61
33.961 1 DOWNLINK_STATUS 0 34 12268 612 0 360. 18. 46.67
33.992 1 NAVIGATION 2 1 -7.4 -12. 0. 198.4 0 0
34.062 1 ATTITUDE 0.036254 -1.602855 0.032272
34.064 1 PPRZ_MODE 0 1 2 0 0 17
34.068 1 BAT 26 68 0 0 1 146 146 0
34.155 1 ATTITUDE 0.036255 -1.602903 0.032292
34.242 1 NAVIGATION 2 1 -7.4 -13. 0. 224.3 0 0
34.256 1 ATTITUDE 0.036229 -1.60305 0.032238
34.356 1 ATTITUDE 0.036241 -1.60292 0.032241
34.455 1 ATTITUDE 0.036232 -1.603005 0.032201
34.491 1 NAVIGATION 2 1 -7.4 -13. 0. 224.3 0 0
34.555 1 ATTITUDE 0.036209 -1.602968 0.032177
34.656 1 ATTITUDE 0.036182 -1.603025 0.032208
34.742 1 NAVIGATION 2 1 -7.4 -12. 0. 198.4 0 0
34.757 1 ATTITUDE 0.036114 -1.603074 0.032174
34.865 1 ATTITUDE 0.036092 -1.603008 0.032172
34.871 1 GPS 3 33240662 593390016 1567 685167 20 60 1789 428547250 12 1
34.873 1 SVINFO 1 5 4 4 17 12 270
34.955 1 ATTITUDE 0.036047 -1.602962 0.032183
34.961 1 DOWNLINK_STATUS 0 35 12632 630 0 364. 18. 46.67
34.992 1 NAVIGATION 2 1 -7.4 -12. 0. 198.4 0 0
35.055 1 ATTITUDE 0.036027 -1.602979 0.032152
35.158 1 ATTITUDE 0.035998 -1.602897 0.03213
35.161 1 ESTIMATOR 685.265991 0.78
35.242 1 NAVIGATION 2 1 -7.4 -12. 0. 198.4 0 0
35.257 1 ATTITUDE 0.035974 -1.602923 0.032149
35.356 1 ATTITUDE 0.035937 -1.60271 0.032148
35.456 1 ATTITUDE 0.036023 -1.602713 0.032095
35.493 1 NAVIGATION 2 1 -7.4 -12. 0. 198.4 0 0
35.493 1 PONG 
35.556 1 ATTITUDE 0.03597 -1.602687 0.032126
35.656 1 ATTITUDE 0.035936 -1.602685 0.03214
35.742 1 FBW_STATUS 0 48 0 68 0
35.747 1 NAVIGATION 2 1 -7.4 -12. 0. 198.4 0 0
35.760 1 ATTITUDE 0.035926 -1.602729 0.032125
35.862 1 ATTITUDE 0.035957 -1.602636 0.03205
35.869 1 GPS 3 33240662 593390016 1567 685526 23 80 1789 428548250 12 2
35.956 1 ATTITUDE 0.035937 -1.602634 0.032026
35.962 1 DOWNLINK_STATUS 0 36 12984 648 0 352. 18. 45.32
35.991 1 NAVIGATION 2 1 -7.4 -12. 0. 198.4 0 0
36.060 1 ATTITUDE 0.035917 -1.60271 0.032049
36.064 1 ALIVE 205,211,1,191,78,87,94,154,156,92,43,53,71,129,7,72
36.155 1 ATTITUDE 0.035871 -1.602684 0.032065
36.242 1 NAVIGATION 2 1 -7.4 -12. 0. 198.4 0 0
36.257 1 ATTITUDE 0.035868 -1.602747 0.032024
36.359 1 ATTITUDE 0.035872 -1.602893 0.031991
36.361 1 ESTIMATOR 685.648987 0.97
36.455 1 ATTITUDE 0.035905 -1.602839 0.031943
36.492 1 NAVIGATION 2 1 -7.4 -12. 0. 198.4 0 0
36.555 1 ATTITUDE 0.035739 -1.602979 0.031937
36.656 1 ATTITUDE 0.035784 -1.603077 0.031964
36.743 1 NAVIGATION 2 1 -7.4 -12. 0. 198.4 0 0
36.757 1 ATTITUDE 0.035833 -1.603033 0.031944
