12.783 1 SVINFO 6 7 16 1 0 -91 0
12.786 1 IMU_GYRO -0.046631 0.009521 -0.006348
12.791 1 NAVIGATION 0 2 -194263.5 -4813595. 0. 2.32084345979e+13 0 0
12.794 1 ATTITUDE 0. 0. 0.
12.797 1 ESTIMATOR -17. 0.
12.801 1 NAVIGATION 0 2 -194263.5 -4813595. 0. 2.32084345979e+13 0 0
12.804 1 ATTITUDE 0. 0. 0.
12.811 1 DESIRED 0. 0. 0. 0. 0. 235. 0. 20.
12.814 1 WP_MOVED 4 360417.3125 4813734. 260. 31
12.817 1 IMU_MAG -2.691406 -2.333496 -3.918945
12.823 1 GPS 0 16602147 0 0 -17000 0 0 0 1750 31 7
12.826 1 SVINFO 7 8 16 1 0 -91 0
12.892 1 FBW_STATUS 2 0 1 68 0
12.934 1 DOWNLINK_STATUS 0 13 1659 76 0 910. 42. 0.
13.048 1 NAVIGATION 0 2 -194263.5 -4813595. 0. 2.32084345979e+13 0 0
13.051 1 ATTITUDE 0. 0. 0.
13.055 1 ATTITUDE 0. 0. 0.
13.061 1 DESIRED 0. 0. 0. 0. 0. 235. 0. 20.
13.062 1 PPRZ_MODE 2 0 0 0 0 6
13.329 1 ATTITUDE 0. 0. 0.
13.335 1 GPS 0 16602147 0 0 -17000 0 0 0 2000 31 8
13.337 1 SVINFO 8 9 16 1 0 -91 0
13.340 1 IMU_ACCEL 0.488281 -9.833008 0.171875
13.342 1 DL_VALUE 1 0.
13.347 1 NAVIGATION 0 2 -194263.5 -4813595. 0. 2.32084345979e+13 0 0
13.350 1 ATTITUDE 0. 0. 0.
13.357 1 DESIRED 0. 0. 0. 0. 0. 235. 0. 20.
13.359 1 ESTIMATOR -17. 0.
13.362 1 IMU_GYRO -0.046631 0.008301 -0.007324
13.365 1 ATTITUDE 0. 0. 0.
13.369 1 WP_MOVED 5 360422. 4813583.5 260. 31
13.534 1 GPS 0 16602147 0 0 -17000 0 0 0 2250 31 9
13.537 1 SVINFO 9 10 16 1 0 -91 0
13.541 1 NAVIGATION 0 2 -194263.5 -4813595. 0. 2.32084345979e+13 0 0
13.544 1 ATTITUDE 0. 0. 0.
13.551 1 DESIRED 0. 0. 0. 0. 0. 235. 0. 20.
13.555 1 BAT 0 68 0 0 1 2 0 0
13.686 1 ATTITUDE 0. 0. 0.
13.689 1 ATTITUDE 0. 0. 0.
13.696 1 DESIRED 0. 0. 0. 0. 0. 235. 0. 20.
13.935 1 DOWNLINK_STATUS 0 14 2241 102 0 582. 26. 0.
13.974 1 GPS 0 16602147 0 0 -17000 0 0 0 2500 31 10
13.976 1 SVINFO 10 11 16 1 0 -91 0
13.981 1 NAVIGATION 0 2 -194263.5 -4813595. 0. 2.32084345979e+13 0 0
13.984 1 ATTITUDE 0. 0. 0.
13.986 1 ESTIMATOR -17. 0.
13.991 1 NAVIGATION 0 2 -194263.5 -4813595. 0. 2.32084345979e+13 0 0
13.993 1 GPS_SOL 649519232 100000 9999 0
13.997 1 ATTITUDE 0. 0. 0.
14.004 1 DESIRED 0. 0. 0. 0. 0. 235. 0. 20.
14.007 1 WP_MOVED 6 360165.8125 4813664.5 260. 31
14.010 1 IMU_GYRO -0.047852 0.008301 -0.009521
14.086 1 GPS 0 16602147 0 0 -17000 0 0 0 2750 31 11
14.089 1 SVINFO 11 12 16 1 0 -91 0
14.093 1 NAVIGATION 0 2 -194263.5 -4813595. 0. 2.32084345979e+13 0 0
14.263 1 ATTITUDE 0. 0. 0.
14.267 1 IMU_ACCEL 0.511719 -9.829102 0.162109
14.269 1 CALIBRATION 0. 0
14.272 1 ATTITUDE 0. 0. 0.
14.278 1 DESIRED 0. 0. 0. 0. 0. 235. 0. 20.
14.280 1 PPRZ_MODE 2 0 0 0 0 6
14.496 1 ATTITUDE 0. 0. 0.
14.501 1 GPS 0 16602147 0 0 -17000 0 0 0 3000 31 12
14.504 1 SVINFO 12 13 16 1 0 -91 0
14.507 1 IMU_MAG -2.688477 -2.336914 -3.93457
14.512 1 NAVIGATION 0 2 -194263.5 -4813595. 0. 2.32084345979e+13 0 0
14.515 1 ATTITUDE 0. 0. 0.
14.522 1 DESIRED 0. 0. 0. 0. 0. 235. 0. 20.
14.524 1 ESTIMATOR -17. 0.
14.525 1 STATE_FILTER_STATUS 2 0
14.758 1 ATTITUDE 0. 0. 0.
14.761 1 WP_MOVED 7 360559.40625 4813804.5 260. 31
14.767 1 GPS 0 16602147 0 0 -17000 0 0 0 3250 31 13
14.770 1 SVINFO 13 14 16 1 0 -91 0
14.774 1 NAVIGATION 0 2 -194263.5 -4813595. 0. 2.32084345979e+13 0 0
14.777 1 ATTITUDE 0. 0. 0.
14.784 1 DESIRED 0. 0. 0. 0. 0. 235. 0. 20.
14.787 1 IMU_GYRO -0.046631 0.008301 -0.007324
14.790 1 ATTITUDE 0. 0. 0.
14.794 1 BAT 0 68 0 0 1 3 0 0
14.935 1 DOWNLINK_STATUS 0 15 3083 141 0 842. 39. 0.
14.951 1 ATTITUDE 0. 0. 0.
14.959 1 DESIRED 0. 0. 0. 0. 0. 235. 0. 20.
14.964 1 GPS 0 16602147 0 0 -17000 0 0 0 3500 31 14
14.966 1 SVINFO 14 15 16 1 0 -91 0
14.968 1 DL_VALUE 2 235.
14.974 1 NAVIGATION 0 2 -194263.5 -4813595. 0. 2.32084345979e+13 0 0
15.156 1 ATTITUDE 0. 0. 0.
15.159 1 ESTIMATOR -17. 0.
15.162 1 IMU_ACCEL 0.478516 -9.833008 0.152344
15.166 1 NAVIGATION 0 2 -194263.5 -4813595. 0. 2.32084345979e+13 0 0
15.169 1 ATTITUDE 0. 0. 0.
15.176 1 DESIRED 0. 0. 0. 0. 0. 235. 0. 20.
15.180 1 WP_MOVED 8 360462.40625 4813640. 215. 31
15.395 1 GPS 0 16602147 0 0 -17000 0 0 0 3750 31 15
15.397 1 SVINFO 15 16 16 1 0 -91 0
15.399 1 FBW_STATUS 2 0 1 68 0
15.405 1 NAVIGATION 0 2 -194263.5 -4813595. 0. 2.32084345979e+13 0 0
15.407 1 ATTITUDE 0. 0. 0.
15.410 1 ATTITUDE 0. 0. 0.
15.418 1 DESIRED 0. 0. 0. 0. 0. 235. 0. 20.
15.420 1 IMU_GYRO -0.047852 0.009521 -0.007324
15.422 1 PPRZ_MODE 2 0 0 0 0 6
15.635 1 ATTITUDE 0. 0. 0.
15.640 1 GPS 0 16602147 0 0 -17000 0 0 0 4000 31 16
15.643 1 SVINFO 0 1 16 1 0 -91 0
15.647 1 NAVIGATION 0 2 -194263.5 -4813595. 0. 2.32084345979e+13 0 0
15.650 1 ATTITUDE 0. 0. 0.
15.657 1 DESIRED 0. 0. 0. 0. 0. 235. 0. 20.
15.660 1 ESTIMATOR -17. 0.
15.663 1 ATTITUDE 0. 0. 0.
15.666 1 WP_MOVED 9 360313.8125 4813652. 185. 31
15.937 1 DOWNLINK_STATUS 0 16 3766 172 0 683. 31. -1.39481764283e+12
16.497 1 GPS 0 16602147 0 0 -17000 0 0 0 4250 31 1
16.569 1 SVINFO 1 2 16 1 0 -91 0
16.569 1 NAVIGATION 0 2 -194263.5 -4813595. 0. 2.32084345979e+13 0 0
16.569 1 ATTITUDE 0. 0. 0.
16.569 1 DESIRED 0. 0. 0. 0. 0. 235. 0. 20.
16.569 1 IMU_MAG -2.691406 -2.338379 -3.897949
16.569 1 ATTITUDE 0. 0. 0.
16.569 1 IMU_ACCEL 0.46875 -9.819336 0.152344
16.755 1 ATTITUDE 0. 0. 0.
16.762 1 DESIRED 0. 0. 0. 0. 0. 235. 0. 20.
16.768 1 GPS 0 16602147 0 0 -17000 0 0 0 4500 31 2
16.770 1 SVINFO 2 3 16 1 0 -91 0
16.773 1 IMU_GYRO -0.049805 0.011475 -0.009521
16.778 1 NAVIGATION 0 2 -194263.5 -4813595. 0. 2.32084345979e+13 0 0
16.781 1 ATTITUDE 0. 0. 0.
16.782 1 ESTIMATOR -17. 0.
16.788 1 NAVIGATION 0 2 -194263.5 -4813595. 0. 2.32084345979e+13 0 0
16.790 1 GPS_SOL 649519552 100000 9999 0
16.937 1 DOWNLINK_STATUS 0 17 4171 190 0 405. 18. -1.39481764283e+12
16.971 1 ATTITUDE 0. 0. 0.
16.978 1 DESIRED 0. 0. 0. 0. 0. 235. 0. 20.
16.981 1 WP_MOVED 10 360453.8125 4813581. 260. 31
16.987 1 GPS 0 16602147 0 0 -17000 0 0 0 4750 31 3
16.989 1 SVINFO 3 4 16 1 0 -91 0
16.994 1 NAVIGATION 0 2 -194263.5 -4813595. 0. 2.32084345979e+13 0 0
16.997 1 ATTITUDE 0. 0. 0.
17.226 1 COMMANDS 0,0,0,0,0
17.229 1 ATTITUDE 0. 0. 0.
17.236 1 DESIRED 0. 0. 0. 0. 0. 235. 0. 20.
17.237 1 PPRZ_MODE 2 0 0 0 0 6
17.239 1 CALIBRATION 0. 0
17.242 1 ACTUATORS 1200,1550,1500,1500,1350
17.245 1 ATTITUDE 0. 0. 0.
17.251 1 GPS 0 16602147 0 0 -17000 0 0 0 5000 31 4
17.253 1 SVINFO 4 5 16 1 0 -91 0
17.255 1 DL_VALUE 3 0.
17.261 1 NAVIGATION 0 2 -194263.5 -4813595. 0. 2.32084345979e+13 0 0
17.514 1 ATTITUDE 0. 0. 0.
17.520 1 DESIRED 0. 0. 0. 0. 0. 235. 0. 20.
17.523 1 ESTIMATOR -17. 0.
17.526 1 IMU_GYRO -0.047852 0.010498 -0.007324
17.528 1 PPRZ_MODE 0 0 0 0 0 17
17.531 1 ATTITUDE 0. 0. 0.
17.535 1 WP_MOVED 11 360170.5 4813757.5 260. 31
17.538 1 IMU_ACCEL 0.483398 -9.837891 0.176758
17.543 1 GPS 0 16602147 0 0 -17000 0 0 0 5250 31 5
17.546 1 SVINFO 5 6 16 1 0 -91 0
17.550 1 NAVIGATION 0 2 -194263.5 -4813595. 0. 2.32084345979e+13 0 0
17.553 1 ATTITUDE 0. 0. 0.
17.629 1 DESIRED 0. 0. 0. 0. 0. 235. 0. 20.
17.631 1 STATE_FILTER_STATUS 2 0
17.905 1 ATTITUDE 0. 0. 0.
17.908 1 ATTITUDE 0. 0. 0.
17.915 1 DESIRED 0. 0. 0. 0. 0. 235. 0. 20.
17.921 1 GPS 0 16602147 0 0 -17000 0 0 0 5500 31 6
17.923 1 SVINFO 6 7 16 1 0 -91 0
17.928 1 NAVIGATION 0 2 -194263.5 -4813595. 0. 2.32084345979e+13 0 0
17.931 1 ATTITUDE 0. 0. 0.
17.933 1 ESTIMATOR -17. 0.
17.937 1 DOWNLINK_STATUS 0 18 5026 230 0 855. 40. -1.39481764283e+12
17.938 1 NAVIGATION 0 2 -194263.5 -4813595. 0. 2.32084345979e+13 0 0
17.941 1 BAT 54 68 0 0 1 5 0 0
17.944 1 IMU_MAG -2.689941 -2.332031 -3.921875
18.064 1 ATTITUDE 0. 0. 0.
18.070 1 DESIRED 0. 0. 0. 0. 0. 235. 0. 20.
18.074 1 WP_MOVED 0 360327. 4813637. 260. 31
18.077 1 IMU_GYRO -0.048828 0.009521 -0.008301
18.288 1 PONG 
18.294 1 GPS 0 16602147 0 0 -17000 0 0 0 5750 31 7
18.296 1 SVINFO 7 8 16 3 24 -91 0
18.299 1 FBW_STATUS 0 12 0 68 0
18.303 1 NAVIGATION 0 2 -194263.5 -4813595. 0. 2.32084345979e+13 0 0
18.307 1 ATTITUDE 0. 0. 0.
18.310 1 ATTITUDE 0.070418 0.841712 -0.08306
18.316 1 DESIRED 0. 0.01 0. 0. 0. 235. 0. 20.
18.318 1 PPRZ_MODE 0 0 0 0 0 17
18.578 1 ATTITUDE 0.070467 0.841734 -0.0831
18.584 1 GPS 0 16602147 0 0 -17000 0 0 0 6000 31 8
18.586 1 SVINFO 8 9 16 1 0 -91 0
18.590 1 IMU_ACCEL 0.50293 -9.847656 0.148438
18.593 1 ENERGY 6.8 0. 0 0.
18.598 1 NAVIGATION 0 2 -194263.5 -4813595. 0. 2.32084345979e+13 0 0
18.601 1 ATTITUDE 0.070515 0.841771 -0.083109
18.607 1 DESIRED 0. 0.01 0. 0. 0. 235. 0. 20.
18.609 1 ESTIMATOR -17. 0.
18.614 1 ALIVE 0,140,247,21,200,69,224,159,186,40,112,14,148,154,242,249
18.616 1 ATTITUDE 0.070536 0.841841 -0.083135
18.661 1 WP_MOVED 1 360285. 4813595. 260. 31
18.889 1 GPS 0 16602147 0 0 -17000 0 0 0 6250 31 9
18.892 1 SVINFO 9 11 16 1 0 -91 0
18.896 1 NAVIGATION 0 2 -194263.5 -4813595. 0. 2.32084345979e+13 0 0
18.899 1 ATTITUDE 0.070541 0.84189 -0.083179
18.906 1 DESIRED 0. 0.01 0. 0. 0. 235. 0. 20.
18.909 1 IMU_GYRO -0.046631 0.008301 -0.007324
18.912 1 ATTITUDE 0.070563 0.841897 -0.083181
18.914 1 DOWNLINK 2 889 275
18.937 1 DOWNLINK_STATUS 0 19 5801 266 0 775. 36. 2862.57
19.141 1 ATTITUDE 0.070568 0.841922 -0.083195
19.148 1 DESIRED 0. 0.01 0. 0. 0. 235. 0. 20.
19.153 1 GPS 0 16602147 0 0 -17000 0 0 0 6500 31 10
19.156 1 SVINFO 10 12 16 1 0 -91 0
19.158 1 DL_VALUE 4 0.
19.162 1 NAVIGATION 0 2 -194263.5 -4813595. 0. 2.32084345979e+13 0 0
19.165 1 ATTITUDE 0.070568 0.841954 -0.083167
19.168 1 ESTIMATOR -17. 0.
19.172 1 NAVIGATION 0 2 -194263.5 -4813595. 0. 2.32084345979e+13 0 0
19.175 1 GPS_SOL 649520064 100000 9999 0
19.429 1 ATTITUDE 0.070595 0.841974 -0.083162
19.436 1 DESIRED 0. 0.01 0. 0. 0. 235. 0. 20.
19.439 1 WP_MOVED 2 360334.5 4813695. 260. 31
19.443 1 BAT 54 68 0 0 1 6 0 0
19.448 1 GPS 0 16602147 0 0 -17000 0 0 0 6750 31 11
19.451 1 SVINFO 11 13 16 1 0 -91 0
19.455 1 NAVIGATION 0 2 -194263.5 -4813595. 0. 2.32084345979e+13 0 0
19.458 1 ATTITUDE 0.070621 0.84198 -0.083175
19.462 1 IMU_ACCEL 0.493164 -9.842773 0.171875
19.465 1 ATTITUDE 0.070595 0.842002 -0.083189
19.634 1 DESIRED 0. 0.01 0. 0. 0. 235. 0. 20.
19.636 1 IMU_GYRO -0.047852 0.009521 -0.008301
19.638 1 PPRZ_MODE 0 0 0 0 0 17
19.641 1 IMU_MAG -2.691406 -2.330566 -3.945801
19.644 1 ATTITUDE 0.070599 0.842078 -0.0832
19.650 1 GPS 0 16602147 0 0 -17000 0 0 0 7000 31 12
19.652 1 SVINFO 12 14 16 1 0 -91 0
19.654 1 CALIBRATION 0. 0
19.659 1 NAVIGATION 0 2 -194263.5 -4813595. 0. 2.32084345979e+13 0 0
19.907 1 ATTITUDE 0.070615 0.842168 -0.083235
19.914 1 DESIRED 0. 0.01 0. 0. 0. 235. 0. 20.
19.916 1 ESTIMATOR -17. 0.
19.920 1 ATTITUDE 0.070648 0.842138 -0.083211
19.923 1 WP_MOVED 3 360295.09375 4813785. 260. 31
19.929 1 GPS 0 16602147 0 0 -17000 0 0 0 7250 31 13
19.931 1 SVINFO 13 15 16 1 0 -91 0
19.936 1 NAVIGATION 0 2 -194263.5 -4813595. 0. 2.32084345979e+13 0 0
19.938 1 DOWNLINK_STATUS 0 20 6609 303 0 808. 37. 2862.57
19.939 1 ATTITUDE 0.070664 0.842169 -0.083244
19.946 1 DESIRED 0. 0.01 0. 0. 0. 235. 0. 20.
20.100 1 ATTITUDE 0.07074 0.842271 -0.083263
20.103 1 ATTITUDE 0.070723 0.842348 -0.083283
20.110 1 DESIRED 0. 0.01 0. 0. 0. 235. 0. 20.
20.116 1 GPS 0 16602147 0 0 -17000 0 0 0 7500 31 14
20.118 1 SVINFO 14 16 16 1 0 -91 0
20.121 1 IMU_GYRO -0.046631 0.009521 -0.008301
20.343 1 NAVIGATION 0 2 -194263.5 -4813595. 0. 2.32084345979e+13 0 0
20.346 1 ATTITUDE 0.070694 0.842351 -0.083336
20.348 1 ESTIMATOR -17. 0.
20.351 1 IMU_ACCEL 0.478516 -9.824219 0.152344
20.356 1 NAVIGATION 0 2 -194263.5 -4813595. 0. 2.32084345979e+13 0 0
20.359 1 ATTITUDE 0.070699 0.842431 -0.083343
20.366 1 DESIRED 0. 0.01 0. 0. 0. 235. 0. 20.
20.369 1 WP_MOVED 4 360417.3125 4813734. 260. 31
20.628 1 GPS 0 16602147 0 0 -17000 0 0 0 7750 31 15
20.631 1 SVINFO 15 17 16 1 0 -91 0
20.635 1 NAVIGATION 0 2 -194263.5 -4813595. 0. 2.32084345979e+13 0 0
20.638 1 FBW_STATUS 0 74 0 68 0
20.641 1 ATTITUDE 0.070703 0.842449 -0.083328
20.644 1 BAT 54 68 0 0 1 8 0 0
20.648 1 ATTITUDE 0.070711 0.842516 -0.083352
20.654 1 DESIRED 0. 0.01 0. 0. 0. 235. 0. 20.
20.656 1 PPRZ_MODE 0 0 0 0 0 17
20.659 1 ATTITUDE 0.070683 0.842592 -0.083392
20.665 1 GPS 0 16602147 0 0 -17000 0 0 0 8000 31 16
20.668 1 SVINFO 0 1 16 1 0 -91 0
20.670 1 DL_VALUE 5 0.
20.939 1 DOWNLINK_STATUS 0 21 7253 332 0 644. 29. -2138.54
21.047 1 NAVIGATION 0 2 -194263.5 -4813595. 0. 2.32084345979e+13 0 0
21.050 1 ATTITUDE 0.070697 0.842562 -0.083433
21.057 1 DESIRED 0. 0.01 0. 0. 0. 235. 0. 20.
21.059 1 ESTIMATOR -17. 0.
21.063 1 IMU_GYRO -0.046631 0.009521 -0.007324
21.278 1 ATTITUDE 0.070725 0.842616 -0.083429
21.281 1 WP_MOVED 5 360422. 4813583.5 260. 31
21.284 1 IMU_MAG -2.687012 -2.330566 -3.947266
21.290 1 GPS 0 16602147 0 0 -17000 0 0 0 8250 31 1
21.293 1 SVINFO 1 2 16 1 0 -91 0
21.297 1 NAVIGATION 0 2 -194263.5 -4813595. 0. 2.32084345979e+13 0 0
21.300 1 ATTITUDE 0.070744 0.842631 -0.083401
21.307 1 DESIRED 0. 0.01 0. 0. 0. 235. 0. 20.
21.311 1 SETTING 0 1 3.
21.528 1 ATTITUDE 0.070756 0.842634 -0.083395
21.531 1 IMU_ACCEL 0.478516 -9.847656 0.171875
21.534 1 ATTITUDE 0.070741 0.842682 -0.083421
21.541 1 DESIRED 0. 0.01 0. 0. 0. 235. 0. 20.
21.547 1 GPS 0 16602147 0 0 -17000 0 0 0 8500 31 2
21.549 1 SVINFO 2 3 16 1 0 -91 0
21.553 1 ENERGY 6.8 0. 0 0.
21.557 1 NAVIGATION 0 2 -194263.5 -4813595. 0. 2.32084345979e+13 0 0
21.560 1 ATTITUDE 0.070741 0.842709 -0.083451
21.940 1 DOWNLINK_STATUS 0 22 7755 354 0 502. 22. -2138.54
22.180 1 ESTIMATOR -17. 0.
22.185 1 NAVIGATION 0 2 -194263.5 -4813595. 0. 2.32084345979e+13 0 0
22.188 1 GPS_SOL 649520768 100000 9999 0
22.191 1 ATTITUDE 0.070754 0.842748 -0.083478
22.198 1 DESIRED 0. 0.01 0. 0. 0. 235. 0. 20.
22.201 1 WP_MOVED 6 360165.8125 4813664.5 260. 31
22.204 1 IMU_GYRO -0.048828 0.009521 -0.007324
22.210 1 GPS 0 16602147 0 0 -17000 0 0 0 8750 31 3
22.212 1 SVINFO 3 4 16 1 0 -91 0
22.217 1 NAVIGATION 0 2 -194263.5 -4813595. 0. 2.32084345979e+13 0 0
22.220 1 ATTITUDE 0.070777 0.842828 -0.083451
22.408 1 ATTITUDE 0.070807 0.842884 -0.083461
22.415 1 DESIRED 0. 0.01 0. 0. 0. 235. 0. 20.
22.417 1 PPRZ_MODE 0 0 0 0 0 17
22.420 1 BAT 54 68 0 0 1 9 0 0
22.424 1 ATTITUDE 0.070808 0.842912 -0.083483
22.429 1 GPS 0 16602147 0 0 -17000 0 0 0 9000 31 4
22.432 1 SVINFO 4 5 16 1 0 -91 0
22.436 1 NAVIGATION 0 2 -194263.5 -4813595. 0. 2.32084345979e+13 0 0
22.696 1 ATTITUDE 0.070817 0.842982 -0.083473
22.703 1 DESIRED 0. 0.01 0. 0. 0. 235. 0. 20.
22.705 1 ESTIMATOR -17. 0.
22.707 1 CALIBRATION 0. 0
22.710 1 ATTITUDE 0.070846 0.842958 -0.083469
22.714 1 WP_MOVED 7 360559.40625 4813804.5 260. 31
22.717 1 IMU_ACCEL 0.473633 -9.862305 0.186523
22.723 1 GPS 0 16602147 0 0 -17000 0 0 0 9250 31 5
22.724 1 SVINFO 5 6 16 1 0 -91 0
22.730 1 NAVIGATION 0 2 -194263.5 -4813595. 0. 2.32084345979e+13 0 0
22.733 1 ATTITUDE 0.070904 0.843057 -0.083488
22.766 1 WIND_INFO 1 42 0. 0. 0.
22.932 1 DESIRED 0. 0.01 0. 0. 0. 235. 0. 20.
22.935 1 IMU_GYRO -0.047852 0.009521 -0.006348
22.938 1 ATTITUDE 0.070956 0.843085 -0.083489
22.940 1 DOWNLINK_STATUS 0 23 8479 387 0 724. 33. -2138.54
22.941 1 ATTITUDE 0.070937 0.843131 -0.083504
22.948 1 DESIRED 0. 0.01 0. 0. 0. 235. 0. 20.
22.953 1 GPS 0 16602147 0 0 -17000 0 0 0 9500 31 6
22.956 1 SVINFO 6 7 16 1 0 -91 0
22.959 1 IMU_MAG -2.694824 -2.332031 -3.958496
22.963 1 NAVIGATION 0 2 -194263.5 -4813595. 0. 2.32084345979e+13 0 0
23.941 1 DOWNLINK_STATUS 0 24 8626 393 0 147. 6. -2138.54
23.956 1 ATTITUDE 0.070991 0.843162 -0.083576
23.959 1 ESTIMATOR -17. 0.
23.963 1 NAVIGATION 0 2 -194263.5 -4813595. 0. 2.32084345979e+13 0 0
23.966 1 ATTITUDE 0.071009 0.843184 -0.083563
23.973 1 DESIRED 0. 0.01 0. 0. 0. 235. 0. 20.
23.976 1 WP_MOVED 8 360462.40625 4813640. 215. 31
23.978 1 STATE_FILTER_STATUS 3 0
23.984 1 GPS 0 16602147 0 0 -17000 0 0 0 9750 31 7
23.986 1 SVINFO 7 8 16 3 11 -91 0
23.989 1 FBW_STATUS 0 91 0 68 0
23.993 1 NAVIGATION 0 2 -194263.5 -4813595. 0. 2.32084345979e+13 0 0
23.997 1 ATTITUDE 0.071006 0.843237 -0.08359
24.238 1 COMMANDS 54,280,168,0,-364
24.241 1 ATTITUDE 0.07101 0.843196 -0.083614
24.247 1 DESIRED 0. 0.01 0. 0. 0. 235. 0. 20.
24.251 1 IMU_GYRO -0.047852 0.010498 -0.007324
24.253 1 PPRZ_MODE 0 0 0 0 0 17
24.256 1 ACTUATORS 1193,1557,1514,1514,1353
24.259 1 ATTITUDE 0.070987 0.843253 -0.083631
24.264 1 GPS 0 16602147 0 0 -17000 0 0 0 10000 31 8
24.267 1 SVINFO 8 9 16 1 0 -91 0
24.270 1 IMU_ACCEL 0.445312 -9.80957 0.157227
24.274 1 BAT 54 68 0 0 1 10 0 0
24.278 1 NAVIGATION 0 2 -194263.5 -4813595. 0. 2.32084345979e+13 0 0
24.526 1 ATTITUDE 0.071019 0.843298 -0.083659
24.532 1 DESIRED 0. 0.01 0. 0. 0. 235. 0. 20.
24.535 1 ESTIMATOR -17. 0.
24.538 1 ATTITUDE 0.071062 0.843258 -0.083712
24.541 1 WP_MOVED 9 360313.8125 4813652. 185. 31
24.547 1 GPS 0 16602147 0 0 -17000 0 0 0 10250 31 9
24.550 1 SVINFO 9 11 16 1 0 -91 0
24.554 1 NAVIGATION 0 2 -194263.5 -4813595. 0. 2.32084345979e+13 0 0
24.557 1 ATTITUDE 0.071097 0.843292 -0.083688
24.564 1 DESIRED 0. 0.01 0. 0. 0. 235. 0. 20.
24.564 1 PONG 
24.810 1 ATTITUDE 0.071119 0.843227 -0.083731
24.813 1 NAVIGATION_REF 360285 4813595 31
24.816 1 ATTITUDE 0.071179 0.843248 -0.083789
24.823 1 DESIRED 0. 0.01 0. 0. 0. 235. 0. 20.
24.828 1 GPS 0 16602147 0 0 -17000 0 0 0 10500 31 10
24.831 1 SVINFO 10 12 16 1 0 -91 0
24.834 1 IMU_GYRO -0.047852 0.008301 -0.008301
24.838 1 NAVIGATION 0 2 -194263.5 -4813595. 0. 2.32084345979e+13 0 0
24.842 1 ATTITUDE 0.07116 0.843232 -0.083796
24.844 1 ESTIMATOR -17. 0.
24.848 1 NAVIGATION 0 2 -194263.5 -4813595. 0. 2.32084345979e+13 0 0
24.851 1 GPS_SOL 649521664 100000 9999 0
24.942 1 DOWNLINK_STATUS 0 25 9623 440 0 997. 47. 4137.68
25.097 1 ATTITUDE 0.071185 0.843224 -0.083832
25.104 1 DESIRED 0. 0.01 0. 0. 0. 235. 0. 20.
25.107 1 WP_MOVED 10 360453.8125 4813581. 260. 31
25.113 1 GPS 0 16602147 0 0 -17000 0 0 0 10750 31 11
25.115 1 SVINFO 11 13 16 1 0 -91 0
25.120 1 NAVIGATION 0 2 -194263.5 -4813595. 0. 2.32084345979e+13 0 0
25.123 1 ATTITUDE 0.071229 0.843226 -0.083814
25.126 1 IMU_ACCEL 0.516602 -9.829102 0.181641
25.129 1 IMU_MAG -2.689941 -2.336914 -3.926758
25.132 1 ATTITUDE 0.071231 0.843297 -0.083863
25.139 1 DESIRED 0. 0.01 0. 0. 0. 235. 0. 20.
25.384 1 PPRZ_MODE 0 0 0 0 0 17
25.387 1 ATTITUDE 0.07127 0.84333 -0.0839
25.393 1 GPS 0 16602147 0 0 -17000 0 0 0 11000 31 12
25.395 1 SVINFO 12 14 16 1 0 -91 0
25.397 1 DL_VALUE 7 0.
25.401 1 ENERGY 6.8 0. 0 0.
25.405 1 NAVIGATION 0 2 -194263.5 -4813595. 0. 2.32084345979e+13 0 0
25.409 1 ATTITUDE 0.07129 0.84337 -0.083941
25.415 1 DESIRED 0. 0.01 0. 0. 0. 235. 0. 20.
25.418 1 ESTIMATOR -17. 0.
25.421 1 IMU_GYRO -0.047852 0.009521 -0.007324
25.424 1 BAT 54 68 0 0 1 11 0 0
25.428 1 ATTITUDE 0.071284 0.843411 -0.083951
25.673 1 WP_MOVED 11 360170.5 4813757.5 260. 31
25.675 1 CALIBRATION 0. 0
25.681 1 GPS 0 16602147 0 0 -17000 0 0 0 11250 31 13
25.683 1 SVINFO 13 15 16 1 0 -91 0
25.688 1 NAVIGATION 0 2 -194263.5 -4813595. 0. 2.32084345979e+13 0 0
25.691 1 ATTITUDE 0.071266 0.843436 -0.084009
25.702 1 IMU_MAG_RAW 317 427 -290
25.706 1 ALIVE 0,140,247,21,200,69,224,159,186,40,112,14,148,154,242,249
25.709 1 IMU_ACCEL_RAW 104 -2052 36
25.713 1 IMU_GYRO_RAW -45 9 -8
25.942 1 DOWNLINK_STATUS 0 26 10342 474 1 719. 34. -863.32
