5.221 1 ATTITUDE 0.118178 0.22446 0.056883
5.223 1 PPRZ_MODE 2 3 3 2 0 6
5.226 1 IMU_ACCEL -0.856445 -9.829102 0.249023
5.229 1 ATTITUDE 0.118205 0.225229 0.056861
5.231 1 PPRZ_MODE 2 3 3 2 0 6
5.238 1 DESIRED -0.14 4.82 6. -20. 73. 660. 6. 20.
5.244 1 GPS 0 0 0 0 0 0 0 0 0 0 1
5.247 1 IMU_GYRO -0.051025 0.010498 -0.007324
5.249 1 DOWNLINK 5 963 777
5.466 1 NAVIGATION 4 0 0. 0. 0. 0. 0 0
5.469 1 ATTITUDE 0.118335 0.226062 0.056896
5.472 1 PPRZ_MODE 2 3 3 2 0 6
5.474 1 ESTIMATOR 0. 0.
5.478 1 NAVIGATION 4 0 0. 0. 0. 0. 0 0
5.482 1 ATTITUDE 0.11819 0.226922 0.05691
5.484 1 PPRZ_MODE 2 3 3 2 0 6
5.490 1 DESIRED -0.1 4.82 6. -20. 73. 660. 6. 20.
5.494 1 WP_MOVED 15 348610.09375 5946017. 660. 12
5.497 1 CIRCLE 30. 100. 40.
5.621 1 GPS 0 0 0 0 0 0 0 0 0 0 1
5.626 1 NAVIGATION 4 0 0. 0. 0. 0. 0 0
5.629 1 ATTITUDE 0.118289 0.227908 0.056921
5.631 1 PPRZ_MODE 2 3 3 2 0 6
5.973 1 DOWNLINK_STATUS 0 6 4239 204 0 596. 28. -1.3953336595e+12
6.274 1 ATTITUDE 0.118322 0.228949 0.056895
6.277 1 PPRZ_MODE 2 3 3 2 0 6
6.283 1 DESIRED -0.1 4.82 6. -20. 73. 660. 6. 20.
6.285 1 DL_VALUE 0 0.
6.288 1 ATTITUDE 0.118248 0.229426 0.056843
6.290 1 PPRZ_MODE 2 3 3 2 0 6
6.296 1 GPS 0 0 0 0 0 0 0 0 0 0 1
6.301 1 NAVIGATION 4 0 0. 0. 0. 0. 0 0
6.304 1 ATTITUDE 0.118406 0.23045 0.056861
6.306 1 PPRZ_MODE 2 3 3 2 0 6
6.312 1 DESIRED -0.1 4.82 6. -20. 73. 660. 6. 20.
6.315 1 ESTIMATOR 0. 0.
6.561 1 IMU_GYRO -0.043457 0.006348 -0.009521
6.564 1 ATTITUDE 0.1183 0.231443 0.056848
6.566 1 PPRZ_MODE 2 3 3 2 0 6
6.570 1 WP_MOVED 16 348775.09375 5946191. 660. 12
6.573 1 IMU_ACCEL -0.905273 -9.80957 0.234375
6.576 1 IMU_MAG -0.797363 1.321777 -0.371094
6.582 1 GPS 0 0 0 0 0 0 0 0 0 0 1
6.586 1 NAVIGATION 4 0 0. 0. 0. 0. 0 0
6.589 1 ATTITUDE 0.118429 0.232329 0.056828
6.592 1 PPRZ_MODE 2 3 3 2 0 6
6.598 1 DESIRED -0.1 4.82 6. -20. 73. 660. 6. 20.
6.601 1 ATTITUDE 0.11837 0.233247 0.05683
6.603 1 PPRZ_MODE 2 3 3 2 0 6
6.753 1 CALIBRATION -150. 0
6.756 1 ATTITUDE 0.118397 0.233796 0.056825
6.759 1 PPRZ_MODE 2 3 3 2 0 6
6.765 1 DESIRED -0.1 4.82 6. -20. 73. 660. 6. 20.
6.771 1 GPS 0 0 0 0 0 0 0 0 0 0 1
6.775 1 NAVIGATION 4 0 0. 0. 0. 0. 0 0
6.974 1 DOWNLINK_STATUS 0 7 4888 235 0 649. 31. -1.3953336595e+12
7.042 1 ATTITUDE 0.118417 0.234527 0.056832
7.044 1 PPRZ_MODE 2 3 3 2 0 6
7.047 1 ESTIMATOR 0. 0.
7.051 1 NAVIGATION 4 0 0. 0. 0. 0. 0 0
7.055 1 BAT 0 74 0 0 1 1 1 0
7.059 1 ATTITUDE 0.118405 0.235235 0.056834
7.060 1 PPRZ_MODE 2 3 3 2 0 6
7.067 1 DESIRED -0.1 4.82 6. -20. 73. 660. 6. 20.
7.070 1 WP_MOVED 17 348944.6875 5946570. 660. 12
7.073 1 IMU_GYRO -0.048828 0.008301 -0.007324
7.079 1 GPS 0 0 0 0 0 0 0 0 0 0 1
7.082 1 CIRCLE 30. 100. 40.
7.315 1 NAVIGATION 4 0 0. 0. 0. 0. 0 0
7.316 1 FBW_STATUS 2 0 1 74 0
7.320 1 ATTITUDE 0.118458 0.236189 0.056828
7.322 1 PPRZ_MODE 2 3 3 2 0 6
7.325 1 ATTITUDE 0.11849 0.236822 0.056789
7.327 1 PPRZ_MODE 2 3 3 2 0 6
7.334 1 DESIRED -0.1 4.82 6. -20. 73. 660. 6. 20.
7.337 1 ATTITUDE 0.118534 0.237727 0.056765
7.339 1 PPRZ_MODE 2 3 3 2 0 6
7.344 1 GPS 0 0 0 0 0 0 0 0 0 0 1
7.347 1 IMU_ACCEL -0.895508 -9.785156 0.214844
7.352 1 NAVIGATION 4 0 0. 0. 0. 0. 0 0
7.528 1 ATTITUDE 0.118529 0.238545 0.056781
7.530 1 PPRZ_MODE 2 3 3 2 0 6
7.538 1 DESIRED -0.1 4.82 6. -20. 73. 660. 6. 20.
7.539 1 ESTIMATOR 0. 0.
7.542 1 ATTITUDE 0.118555 0.238963 0.056759
7.544 1 PPRZ_MODE 2 3 3 2 0 6
7.548 1 WP_MOVED 18 348975. 5946791.5 660. 12
7.553 1 GPS 0 0 0 0 0 0 0 0 0 0 1
7.785 1 NAVIGATION 4 0 0. 0. 0. 0. 0 0
7.789 1 ATTITUDE 0.118561 0.239779 0.056763
7.791 1 PPRZ_MODE 2 3 3 2 0 6
7.797 1 DESIRED -0.1 4.82 6. -20. 73. 660. 6. 20.
7.800 1 IMU_GYRO -0.049805 0.010498 -0.008301
7.803 1 ATTITUDE 0.118599 0.240438 0.056773
7.806 1 PPRZ_MODE 2 3 3 2 0 6
7.807 1 DL_VALUE 1 0.
7.809 1 STATE_FILTER_STATUS 3 0
7.813 1 ENERGY 7.4 0. 0 0.
7.816 1 ATTITUDE 0.118605 0.241307 0.056806
7.818 1 PPRZ_MODE 2 3 3 2 0 6
7.975 1 DOWNLINK_STATUS 0 8 5759 279 0 871. 44. -1.3953336595e+12
8.075 1 DESIRED -0.1 4.82 6. -20. 73. 660. 6. 20.
8.080 1 GPS 0 0 0 0 0 0 0 0 0 0 1
8.083 1 IMU_MAG -0.793945 1.320312 -0.449707
8.088 1 NAVIGATION 4 0 0. 0. 0. 0. 0 0
8.091 1 ATTITUDE 0.118574 0.241674 0.056801
8.093 1 PPRZ_MODE 2 3 3 2 0 6
8.096 1 ESTIMATOR 0. 0.
8.100 1 NAVIGATION 4 0 0. 0. 0. 0. 0 0
8.103 1 ATTITUDE 0.118572 0.24253 0.056835
8.105 1 PPRZ_MODE 2 3 3 2 0 6
8.112 1 DESIRED -0.1 4.82 6. -20. 73. 660. 6. 20.
8.299 1 WP_MOVED 0 348907. 5945757. 660. 12
8.303 1 BAT 0 74 0 0 1 2 2 0
8.309 1 GPS 0 0 0 0 0 0 0 0 0 0 1
8.313 1 NAVIGATION 4 0 0. 0. 0. 0. 0 0
8.316 1 ATTITUDE 0.118553 0.242902 0.056821
8.318 1 PPRZ_MODE 2 3 3 2 0 6
8.321 1 IMU_ACCEL -0.871094 -9.771484 0.214844
8.325 1 CIRCLE 30. 100. 40.
8.328 1 ATTITUDE 0.118601 0.243832 0.056848
8.585 1 PPRZ_MODE 2 3 3 2 0 6
8.592 1 DESIRED -0.1 4.82 6. -20. 73. 660. 6. 20.
8.594 1 IMU_GYRO -0.045654 0.007324 -0.008301
8.597 1 ATTITUDE 0.118535 0.244331 0.056812
8.599 1 PPRZ_MODE 2 3 3 2 0 6
8.605 1 GPS 0 0 0 0 0 0 0 0 0 0 1
8.610 1 NAVIGATION 4 0 0. 0. 0. 0. 0 0
8.613 1 ATTITUDE 0.118545 0.24525 0.056778
8.615 1 PPRZ_MODE 2 3 3 2 0 6
8.622 1 DESIRED -0.1 4.82 6. -20. 73. 660. 6. 20.
8.624 1 ESTIMATOR 0. 0.
8.627 1 ATTITUDE 0.118525 0.246125 0.05674
8.873 1 PPRZ_MODE 2 3 3 2 0 6
8.876 1 WP_MOVED 1 348865. 5945715. 660. 12
8.882 1 GPS 0 0 0 0 0 0 0 0 0 0 1
8.883 1 PONG 
8.887 1 NAVIGATION 4 0 0. 0. 0. 0. 0 0
8.890 1 ATTITUDE 0.11853 0.245876 0.056747
8.893 1 PPRZ_MODE 2 3 3 2 0 6
8.904 1 IMU_ACCEL -0.928711 -9.829102 0.205078
8.909 1 NAVIGATION 4 0 0. 0. 0. 0. 0 0
8.912 1 ATTITUDE 0.11847 0.249188 0.056737
8.914 1 PPRZ_MODE 2 3 3 2 0 6
8.976 1 DOWNLINK_STATUS 0 9 6654 322 1 895. 43. 3412.51
9.164 1 DESIRED -0.1 4.82 6. -20. 73. 660. 6. 20.
9.167 1 WP_MOVED 2 348895. 5945815. 660. 12
9.173 1 GPS 0 0 0 0 0 0 0 0 0 0 1
9.177 1 NAVIGATION 4 0 0. 0. 0. 0. 0 0
9.180 1 FBW_STATUS 2 0 1 74 0
9.187 1 COMMANDS 0,-6694,9600,0,0
9.190 1 ATTITUDE 0.118478 0.250672 0.056704
9.192 1 PPRZ_MODE 2 3 3 2 0 6
9.199 1 DESIRED -0.1 4.82 6. -20. 73. 660. 6. 20.
9.201 1 DL_VALUE 2 660.
9.448 1 ACTUATORS 1200,2000,1152,1152,1350
9.451 1 ATTITUDE 0.11851 0.251535 0.056655
9.453 1 PPRZ_MODE 2 3 3 2 0 6
9.458 1 GPS 0 0 0 0 0 0 0 0 0 0 1
9.463 1 NAVIGATION 4 0 0. 0. 0. 0. 0 0
9.466 1 ATTITUDE 0.118497 0.251865 0.056637
9.468 1 PPRZ_MODE 2 3 3 2 0 6
9.475 1 DESIRED -0.1 4.82 6. -20. 73. 660. 6. 20.
9.477 1 ESTIMATOR 0. 0.
9.480 1 IMU_GYRO -0.049805 0.010498 -0.007324
9.483 1 ATTITUDE 0.118478 0.252634 0.056633
9.486 1 PPRZ_MODE 2 3 3 2 0 6
9.489 1 WP_MOVED 3 348965.09375 5945786. 660. 12
9.738 1 GPS 0 0 0 0 0 0 0 0 0 0 1
9.743 1 NAVIGATION 4 0 0. 0. 0. 0. 0 0
9.746 1 ATTITUDE 0.118478 0.253405 0.056627
9.748 1 PPRZ_MODE 2 3 3 2 0 6
9.755 1 DESIRED -0.1 4.82 6. -20. 73. 660. 6. 20.
9.758 1 ATTITUDE 0.118461 0.253673 0.05663
9.760 1 PPRZ_MODE 2 3 3 2 0 6
9.763 1 IMU_ACCEL -0.890625 -9.794922 0.196289
9.766 1 ATTITUDE 0.118396 0.2544 0.056625
9.768 1 PPRZ_MODE 2 3 3 2 0 6
9.775 1 DESIRED -0.1 4.82 6. -20. 73. 660. 6. 20.
9.977 1 DOWNLINK_STATUS 0 10 7381 356 2 727. 34. 3412.51
10.023 1 GPS 0 0 0 0 0 0 0 0 0 0 1
10.025 1 GPS_SOL 0 0 0 0
10.031 1 NAVIGATION 4 0 0. 0. 0. 0. 0 0
10.033 1 ATTITUDE 0.118373 0.255125 0.056621
10.035 1 PPRZ_MODE 2 3 3 2 0 6
10.038 1 ESTIMATOR 0. 0.
10.042 1 NAVIGATION 4 0 0. 0. 0. 0. 0 0
10.044 1 STATE_FILTER_STATUS 3 0
10.047 1 ATTITUDE 0.118369 0.255546 0.056571
10.049 1 PPRZ_MODE 2 3 3 2 0 6
10.057 1 DESIRED -0.1 4.82 6. -20. 73. 660. 6. 20.
10.059 1 WP_MOVED 4 348764.6875 5945795. 660. 12
10.063 1 IMU_GYRO -0.047852 0.008301 -0.008301
10.311 1 GPS 0 0 0 0 0 0 0 0 0 0 1
10.316 1 NAVIGATION 4 0 0. 0. 0. 0. 0 0
10.319 1 ATTITUDE 0.118358 0.256212 0.056564
10.321 1 PPRZ_MODE 2 3 3 2 0 6
10.324 1 ATTITUDE 0.118335 0.256704 0.056495
10.326 1 PPRZ_MODE 2 3 3 2 0 6
10.333 1 DESIRED -0.1 4.82 6. -20. 73. 660. 6. 20.
10.336 1 CIRCLE 30. 100. 40.
10.340 1 BAT 0 74 0 0 1 5 5 0
10.343 1 ENERGY 7.4 0. 0 0.
10.346 1 ATTITUDE 0.118327 0.257434 0.056485
10.348 1 PPRZ_MODE 2 3 3 2 0 6
10.354 1 GPS 0 0 0 0 0 0 0 0 0 0 1
10.602 1 ALIVE 95,71,24,33,239,91,244,165,42,66,58,2,207,138,216,42
10.606 1 NAVIGATION 4 0 0. 0. 0. 0. 0 0
10.609 1 ATTITUDE 0.118303 0.257986 0.056479
10.611 1 PPRZ_MODE 2 3 3 2 0 6
10.618 1 DESIRED -0.1 4.82 6. -20. 73. 660. 6. 20.
10.620 1 ESTIMATOR 0. 0.
10.623 1 IMU_MAG -0.799316 1.318359 -0.29248
10.627 1 ATTITUDE 0.118296 0.258605 0.056464
10.629 1 PPRZ_MODE 2 3 3 2 0 6
10.632 1 WP_MOVED 5 348740. 5945760. 660. 12
10.635 1 IMU_ACCEL -0.871094 -9.80957 0.224609
10.641 1 GPS 0 0 0 0 0 0 0 0 0 0 1
10.978 1 DOWNLINK_STATUS 0 11 8171 394 2 790. 38. -1588.26
11.978 1 DOWNLINK_STATUS 0 12 8171 394 2 0. 0. -1588.26
12.068 1 NAVIGATION 4 0 0. 0. 0. 0. 0 0
12.071 1 ATTITUDE 0.118287 0.259452 0.056413
12.074 1 PPRZ_MODE 2 3 3 2 0 6
12.080 1 DESIRED -0.1 4.82 6. -20. 73. 660. 6. 20.
12.083 1 IMU_GYRO -0.048828 0.010498 -0.008301
12.086 1 ATTITUDE 0.118298 0.259826 0.056399
12.089 1 PPRZ_MODE 2 3 3 2 0 6
12.090 1 DL_VALUE 3 0.
12.094 1 ATTITUDE 0.118296 0.260596 0.056369
12.096 1 PPRZ_MODE 2 3 3 2 0 6
12.102 1 DESIRED -0.1 4.82 6. -20. 73. 660. 6. 20.
12.108 1 GPS 0 0 0 0 0 0 0 0 0 0 1
12.355 1 NAVIGATION 4 0 0. 0. 0. 0. 0 0
12.358 1 ATTITUDE 0.118341 0.261374 0.056323
12.360 1 PPRZ_MODE 2 3 3 2 0 6
12.363 1 ESTIMATOR 0. 0.
12.367 1 NAVIGATION 4 0 0. 0. 0. 0. 0 0
12.369 1 CALIBRATION -150. 0
12.370 1 DOWNLINK 7 971 1018
12.374 1 ATTITUDE 0.118318 0.261739 0.056342
12.376 1 PPRZ_MODE 2 3 3 2 0 6
12.383 1 DESIRED -0.1 4.82 6. -20. 73. 660. 6. 20.
12.386 1 WP_MOVED 6 348665. 5945815. 660. 12
12.392 1 GPS 0 0 0 0 0 0 0 0 0 0 1
12.395 1 FBW_STATUS 2 0 1 74 0
12.641 1 NAVIGATION 4 0 0. 0. 0. 0. 0 0
12.644 1 ATTITUDE 0.118348 0.262492 0.056269
12.647 1 PPRZ_MODE 2 3 3 2 0 6
12.649 1 ATTITUDE 0.11838 0.262986 0.056272
12.651 1 PPRZ_MODE 2 3 3 2 0 6
12.658 1 DESIRED -0.1 4.82 6. -20. 73. 660. 6. 20.
12.661 1 IMU_GYRO -0.047852 0.009521 -0.007324
12.664 1 CIRCLE 30. 100. 40.
12.667 1 ATTITUDE 0.118431 0.263448 0.056308
12.669 1 PPRZ_MODE 2 3 3 2 0 6
12.675 1 GPS 0 0 0 0 0 0 0 0 0 0 1
12.678 1 IMU_ACCEL -0.914062 -9.78125 0.209961
12.682 1 BAT 0 74 0 0 1 6 6 0
12.929 1 NAVIGATION 4 0 0. 0. 0. 0. 0 0
12.932 1 ATTITUDE 0.118481 0.264166 0.056338
12.934 1 PPRZ_MODE 2 3 3 2 0 6
12.942 1 DESIRED -0.1 4.82 6. -20. 73. 660. 6. 20.
12.943 1 ESTIMATOR 0. 0.
12.946 1 ATTITUDE 0.118481 0.264564 0.056337
12.948 1 PPRZ_MODE 2 3 3 2 0 6
12.952 1 WP_MOVED 7 349065. 5946015. 660. 12
12.958 1 GPS 0 0 0 0 0 0 0 0 0 0 1
12.962 1 NAVIGATION 4 0 0. 0. 0. 0. 0 0
12.965 1 ATTITUDE 0.11845 0.265285 0.05627
12.967 1 PPRZ_MODE 2 3 3 2 0 6
12.978 1 DOWNLINK_STATUS 0 13 9188 444 2 1017. 50. -1588.26
13.217 1 DESIRED -0.1 4.82 6. -20. 73. 660. 6. 20.
13.221 1 ATTITUDE 0.118478 0.265946 0.056317
13.223 1 PPRZ_MODE 2 3 3 2 0 6
13.226 1 IMU_MAG -0.79248 1.321777 -0.449707
13.229 1 ATTITUDE 0.118442 0.266432 0.056281
13.231 1 PPRZ_MODE 2 3 3 2 0 6
13.238 1 DESIRED -0.1 4.82 6. -20. 73. 660. 6. 20.
13.243 1 GPS 0 0 0 0 0 0 0 0 0 0 1
13.246 1 IMU_GYRO -0.048828 0.008301 -0.008301
13.251 1 NAVIGATION 4 0 0. 0. 0. 0. 0 0
13.254 1 ATTITUDE 0.118449 0.267163 0.056249
13.256 1 PPRZ_MODE 2 3 3 2 0 6
13.501 1 ESTIMATOR 0. 0.
13.505 1 NAVIGATION 4 0 0. 0. 0. 0. 0 0
13.509 1 ATTITUDE 0.118422 0.267833 0.056184
13.511 1 PPRZ_MODE 2 3 3 2 0 6
13.517 1 DESIRED -0.1 4.82 6. -20. 73. 660. 6. 20.
13.521 1 WP_MOVED 8 349447.90625 5946767.5 660. 12
13.526 1 GPS 0 0 0 0 0 0 0 0 0 0 1
13.531 1 NAVIGATION 4 0 0. 0. 0. 0. 0 0
13.534 1 ATTITUDE 0.118545 0.268057 0.05621
13.536 1 PPRZ_MODE 2 3 3 2 0 6
13.539 1 IMU_ACCEL -0.900391 -9.785156 0.239258
13.541 1 STATE_FILTER_STATUS 3 0
13.544 1 ATTITUDE 0.118489 0.268811 0.056158
13.789 1 PPRZ_MODE 2 3 3 2 0 6
13.795 1 DESIRED -0.1 4.82 6. -20. 73. 660. 6. 20.
13.797 1 DL_VALUE 4 0.
13.800 1 ATTITUDE 0.118502 0.269555 0.056182
13.802 1 PPRZ_MODE 2 3 3 2 0 6
13.808 1 GPS 0 0 0 0 0 0 0 0 0 0 1
13.817 1 ATTITUDE 0.118443 0.269874 0.056166
13.819 1 PPRZ_MODE 2 3 3 2 0 6
13.825 1 DESIRED -0.1 4.82 6. -20. 73. 660. 6. 20.
13.828 1 ESTIMATOR 0. 0.
13.831 1 IMU_GYRO -0.047852 0.008301 -0.007324
