6.918 1 DOWNLINK_STATUS 0 7 4934 218 0 246. 11. -1.39424966194e+12
7.114 1 NAVIGATION 0 0 0. 0. 14400. 14400. 0 0
7.118 1 ATTITUDE 0.002079 -2.273102 0.048695
7.124 1 DESIRED -0.18 4.8 5.8 -40. 80. 210. 6. 20.
7.127 1 IMU_GYRO -0.046631 0.009521 -0.006348
7.130 1 ATTITUDE 0.002159 -2.273154 0.048709
7.134 1 ATTITUDE 0.00213 -2.273208 0.048723
7.140 1 DESIRED -0.18 4.8 5.8 -40. 80. 210. 6. 20.
7.146 1 GPS 0 0 0 0 0 0 0 0 0 0 1
7.148 1 DL_VALUE 3 0.
7.762 1 NAVIGATION 0 0 0. 0. 14400. 14400. 0 0
7.765 1 ATTITUDE 0.002195 -2.273246 0.048755
7.768 1 ESTIMATOR 0. 0.
7.772 1 NAVIGATION 0 0 0. 0. 14400. 14400. 0 0
7.776 1 ATTITUDE 0.002179 -2.273213 0.048794
7.782 1 DESIRED -0.18 4.8 5.8 -40. 80. 210. 6. 20.
7.786 1 WP_MOVED 0 360327. 4813637. 250. 31
7.788 1 CALIBRATION -150. 0
7.789 1 DOWNLINK 2 865 844
7.795 1 GPS 0 0 0 0 0 0 0 0 0 0 1
7.798 1 FBW_STATUS 2 0 1 0 0
7.802 1 NAVIGATION 0 0 0. 0. 14400. 14400. 0 0
7.918 1 DOWNLINK_STATUS 0 8 5408 239 0 474. 21. -1.39424966194e+12
8.528 1 ATTITUDE 0.002233 -2.273268 0.048822
8.530 1 ATTITUDE 0.002211 -2.273347 0.048863
8.538 1 DESIRED -0.18 4.8 5.8 -40. 80. 210. 6. 20.
8.540 1 IMU_GYRO -0.046631 0.009521 -0.006348
8.542 1 PPRZ_MODE 2 3 3 2 0 6
8.545 1 ATTITUDE 0.002203 -2.273367 0.04887
8.551 1 GPS 0 0 0 0 0 0 0 0 0 0 1
8.554 1 IMU_ACCEL 0.751953 -9.80957 0.244141
8.919 1 DOWNLINK_STATUS 0 9 5581 247 0 173. 8. -1.39424966194e+12
9.138 1 NAVIGATION 0 0 0. 0. 14400. 14400. 0 0
9.141 1 CIRCLE 0. 120. 40.
9.144 1 ATTITUDE 0.002153 -2.273378 0.048877
9.151 1 DESIRED -0.18 4.8 5.8 -40. 80. 210. 6. 20.
9.153 1 ESTIMATOR 0. 0.
9.157 1 BAT 0 0 0 0 1 22 22 0
9.160 1 ATTITUDE 0.002176 -2.273423 0.04887
9.163 1 WP_MOVED 1 360285. 4813715. 250. 31
9.169 1 GPS 0 0 0 0 0 0 0 0 0 0 1
9.174 1 NAVIGATION 0 0 0. 0. 14400. 14400. 0 0
9.177 1 ATTITUDE 0.002099 -2.273496 0.048861
9.355 1 DESIRED -0.18 4.8 5.8 -40. 80. 210. 6. 20.
9.358 1 ATTITUDE 0.002096 -2.273597 0.048888
9.361 1 ATTITUDE 0.002096 -2.27363 0.048884
9.368 1 DESIRED -0.18 4.8 5.8 -40. 80. 210. 6. 20.
9.374 1 GPS 0 0 0 0 0 0 0 0 0 0 1
9.377 1 IMU_GYRO -0.046631 0.008301 -0.006348
9.576 1 IMU_MAG -3.248047 -1.574707 -4.959961
9.580 1 NAVIGATION 0 0 0. 0. 14400. 14400. 0 0
9.583 1 ATTITUDE 0.002096 -2.273694 0.048898
9.586 1 ESTIMATOR 0. 0.
9.590 1 NAVIGATION 0 0 0. 0. 14400. 14400. 0 0
9.593 1 GPS_SOL 0 0 0 0
9.597 1 ATTITUDE 0.002041 -2.273678 0.048906
9.603 1 DESIRED -0.18 4.8 5.8 -40. 80. 210. 6. 20.
9.801 1 WP_MOVED 0 360327. 4813637. 250. 31
9.806 1 GPS 0 0 0 0 0 0 0 0 0 0 1
9.813 1 NAVIGATION 0 0 0. 0. 14400. 14400. 0 0
9.814 1 ATTITUDE 0.001973 -2.273673 0.048878
9.817 1 IMU_ACCEL 0.760742 -9.80957 0.239258
9.820 1 ATTITUDE 0.001961 -2.273697 0.048798
9.827 1 DESIRED -0.18 4.8 5.8 -40. 80. 210. 6. 20.
9.829 1 PPRZ_MODE 2 3 3 2 0 6
9.831 1 STATE_FILTER_STATUS 3 0
9.920 1 DOWNLINK_STATUS 0 10 6361 281 0 780. 34. -1.39424966194e+12
10.090 1 ATTITUDE 0.001907 -2.273735 0.048757
10.096 1 GPS 0 0 0 0 0 0 0 0 0 0 1
10.097 1 DL_VALUE 4 0.
10.102 1 NAVIGATION 0 0 0. 0. 14400. 14400. 0 0
10.105 1 ATTITUDE 0.001835 -2.273715 0.048765
10.112 1 DESIRED -0.18 4.8 5.8 -40. 80. 210. 6. 20.
10.115 1 ESTIMATOR 0. 0.
10.118 1 IMU_GYRO -0.046631 0.007324 -0.006348
10.121 1 CIRCLE 0. 120. 40.
10.124 1 ATTITUDE 0.001851 -2.273818 0.048752
10.127 1 WP_MOVED 1 360285. 4813715. 250. 31
10.130 1 BAT 0 0 0 0 1 23 23 0
10.379 1 GPS 0 0 0 0 0 0 0 0 0 0 1
10.383 1 NAVIGATION 0 0 0. 0. 14400. 14400. 0 0
10.386 1 ATTITUDE 0.001823 -2.273764 0.048694
10.394 1 DESIRED -0.18 4.8 5.8 -40. 80. 210. 6. 20.
10.396 1 ATTITUDE 0.001576 -2.273678 0.048687
10.399 1 ATTITUDE 0.001533 -2.273823 0.048693
10.407 1 DESIRED -0.18 4.8 5.8 -40. 80. 210. 6. 20.
10.412 1 GPS 0 0 0 0 0 0 0 0 0 0 1
10.415 1 ENERGY 0. 0. 0 0.
10.662 1 NAVIGATION 0 0 0. 0. 14400. 14400. 0 0
10.665 1 ATTITUDE 0.001441 -2.273769 0.048676
10.667 1 ESTIMATOR 0. 0.
10.671 1 IMU_ACCEL 0.770508 -9.824219 0.330078
10.675 1 NAVIGATION 0 0 0. 0. 14400. 14400. 0 0
10.678 1 ATTITUDE 0.001416 -2.273829 0.048691
10.689 1 ATTITUDE 0.001195 -2.273985 0.048728
10.695 1 DESIRED -0.18 4.8 5.8 -40. 80. 210. 6. 20.
10.698 1 IMU_GYRO -0.046631 0.010498 -0.006348
10.702 1 BAT 0 0 0 0 1 24 24 0
10.921 1 DOWNLINK_STATUS 0 11 7071 312 1 710. 31. -1.39424966694e+12
11.594 1 ATTITUDE 0.00112 -2.273997 0.048693
11.597 1 IMU_ACCEL 0.765625 -9.837891 0.267578
11.600 1 ATTITUDE 0.001084 -2.273995 0.048726
11.607 1 DESIRED -0.18 4.8 5.8 -40. 80. 210. 6. 20.
11.613 1 GPS 0 0 0 0 0 0 0 0 0 0 1
11.614 1 DL_VALUE 5 0.
11.629 1 DESIRED -0.18 4.8 5.8 -40. 80. 210. 6. 20.
11.632 1 IMU_GYRO -0.047852 0.009521 -0.007324
11.634 1 PPRZ_MODE 2 3 3 2 0 6
11.637 1 ACTUATORS 1200,1000,1212,1212,1350
11.921 1 DOWNLINK_STATUS 0 12 7292 322 2 221. 10. -1.39424966694e+12
12.526 1 ATTITUDE 0.000686 -2.274051 0.048709
12.532 1 GPS 0 0 0 0 0 0 0 0 0 0 1
12.536 1 NAVIGATION 0 0 0. 0. 14400. 14400. 0 0
12.540 1 ATTITUDE 0.000671 -2.274025 0.048723
12.546 1 DESIRED -0.18 4.8 5.8 -40. 80. 210. 6. 20.
12.556 1 DESIRED -0.18 4.8 5.8 -40. 80. 210. 6. 20.
12.562 1 GPS 0 0 0 0 0 0 0 0 0 0 1
12.565 1 IMU_GYRO -0.049805 0.013672 -0.007324
12.922 1 DOWNLINK_STATUS 0 13 7514 330 3 222. 8. -1.39424966694e+12
13.198 1 NAVIGATION 0 0 0. 0. 14400. 14400. 0 0
13.201 1 ATTITUDE 0.000493 -2.2742 0.048748
13.203 1 ESTIMATOR 0. 0.
13.208 1 NAVIGATION 0 0 0. 0. 14400. 14400. 0 0
13.211 1 ATTITUDE 0.000156 -2.274044 0.048752
13.217 1 DESIRED -0.18 4.8 5.8 -40. 80. 210. 6. 20.
13.226 1 CIRCLE 0. 120. 40.
13.231 1 NAVIGATION 0 0 0. 0. 14400. 14400. 0 0
13.234 1 ATTITUDE -0.000459 -2.274481 0.048698
13.240 1 DESIRED -0.18 4.8 5.8 -40. 80. 210. 6. 20.
13.486 1 ATTITUDE -0.005986 -2.274656 0.048784
13.489 1 IMU_MAG -3.240234 -1.571777 -4.950195
13.492 1 ATTITUDE -0.008501 -2.274604 0.048877
13.499 1 DESIRED -0.18 4.8 5.8 -40. 80. 210. 6. 20.
13.504 1 GPS 0 0 0 0 0 0 0 0 0 0 1
13.516 1 DESIRED -0.18 4.8 5.8 -40. 80. 210. 6. 20.
13.518 1 PPRZ_MODE 2 3 3 2 0 6
13.521 1 ATTITUDE -0.003218 -2.274053 0.048919
13.527 1 GPS 0 0 0 0 0 0 0 0 0 0 1
13.719 1 NAVIGATION 0 0 0. 0. 14400. 14400. 0 0
13.722 1 ATTITUDE -0.003263 -2.274093 0.048972
13.729 1 DESIRED -0.18 4.8 5.8 -40. 80. 210. 6. 20.
13.731 1 ESTIMATOR 0. 0.
13.735 1 ATTITUDE -0.003353 -2.274117 0.049037
13.738 1 WP_MOVED 1 360285. 4813715. 250. 31
13.744 1 GPS 0 0 0 0 0 0 0 0 0 0 1
13.748 1 NAVIGATION 0 0 0. 0. 14400. 14400. 0 0
13.923 1 DOWNLINK_STATUS 0 14 8173 357 5 659. 27. -1.39424966694e+12
13.972 1 ATTITUDE -0.00344 -2.274116 0.049081
13.979 1 DESIRED -0.18 4.8 5.8 -40. 80. 210. 6. 20.
13.981 1 IMU_GYRO -0.048828 0.010498 -0.006348
13.984 1 CIRCLE 0. 120. 40.
13.986 1 STATE_FILTER_STATUS 3 0
13.989 1 ATTITUDE -0.003562 -2.274139 0.049104
13.992 1 ATTITUDE -0.003666 -2.274167 0.049152
14.000 1 DESIRED -0.18 4.8 5.8 -40. 80. 210. 6. 20.
14.005 1 GPS 0 0 0 0 0 0 0 0 0 0 1
14.006 1 DL_VALUE 7 2.
14.261 1 NAVIGATION 0 0 0. 0. 14400. 14400. 0 0
14.264 1 ATTITUDE -0.003758 -2.274203 0.04918
14.267 1 ESTIMATOR 0. 0.
14.270 1 IMU_ACCEL 0.790039 -9.824219 0.224609
14.274 1 NAVIGATION 0 0 0. 0. 14400. 14400. 0 0
14.278 1 BAT 0 0 0 0 1 27 27 0
14.281 1 ATTITUDE -0.003785 -2.274218 0.049215
14.288 1 DESIRED -0.18 4.8 5.8 -40. 80. 210. 6. 20.
14.291 1 WP_MOVED 0 360327. 4813637. 250. 31
14.294 1 IMU_MAG -3.248047 -1.573242 -4.956543
14.300 1 GPS 0 0 0 0 0 0 0 0 0 0 1
14.524 1 FBW_STATUS 2 0 1 0 0
14.529 1 NAVIGATION 0 0 0. 0. 14400. 14400. 0 0
14.532 1 ATTITUDE -0.003858 -2.274161 0.049251
14.535 1 ATTITUDE -0.003929 -2.274164 0.049302
14.542 1 DESIRED -0.18 4.8 5.8 -40. 80. 210. 6. 20.
14.545 1 IMU_GYRO -0.045654 0.009521 -0.007324
14.547 1 PPRZ_MODE 2 3 3 2 0 6
14.550 1 ATTITUDE -0.004046 -2.274214 0.04935
14.556 1 GPS 0 0 0 0 0 0 0 0 0 0 1
14.558 1 CALIBRATION -150. 0
14.562 1 NAVIGATION 0 0 0. 0. 14400. 14400. 0 0
14.798 1 ATTITUDE -0.004091 -2.274263 0.049426
14.804 1 DESIRED -0.18 4.8 5.8 -40. 80. 210. 6. 20.
14.807 1 ESTIMATOR 0. 0.
14.810 1 ATTITUDE -0.004213 -2.274248 0.049459
14.813 1 WP_MOVED 1 360285. 4813715. 250. 31
14.819 1 GPS 0 0 0 0 0 0 0 0 0 0 1
14.824 1 NAVIGATION 0 0 0. 0. 14400. 14400. 0 0
14.827 1 ATTITUDE -0.004289 -2.274243 0.049486
14.833 1 DESIRED -0.18 4.8 5.8 -40. 80. 210. 6. 20.
14.837 1 CIRCLE 0. 120. 40.
14.923 1 DOWNLINK_STATUS 0 15 9116 399 5 943. 42. -1.39424966694e+12
15.086 1 ATTITUDE -0.004365 -2.274297 0.0495
15.089 1 IMU_ACCEL 0.755859 -9.833008 0.234375
15.091 1 NAVIGATION_REF 360285 4813595 31
15.094 1 ATTITUDE -0.004442 -2.274341 0.04955
15.101 1 DESIRED -0.18 4.8 5.8 -40. 80. 210. 6. 20.
15.107 1 GPS 0 0 0 0 0 0 0 0 0 0 1
15.110 1 IMU_GYRO -0.046631 0.010498 -0.006348
15.113 1 ENERGY 0. 0. 0 0.
15.118 1 NAVIGATION 0 0 0. 0. 14400. 14400. 0 0
15.121 1 ATTITUDE -0.004519 -2.274376 0.049571
15.124 1 ESTIMATOR 0. 0.
15.371 1 NAVIGATION 0 0 0. 0. 14400. 14400. 0 0
15.374 1 GPS_SOL 0 0 0 0
15.377 1 ATTITUDE -0.004596 -2.274458 0.049619
15.384 1 DESIRED -0.18 4.8 5.8 -40. 80. 210. 6. 20.
15.387 1 WP_MOVED 0 360327. 4813637. 250. 31
15.391 1 BAT 0 0 0 0 1 28 28 0
15.673 1 NAVIGATION 0 0 0. 0. 14400. 14400. 0 0
15.677 1 ATTITUDE -0.005548 -2.274485 0.049827
15.689 1 NAVIGATION 0 0 0. 0. 14400. 14400. 0 0
15.692 1 ATTITUDE -0.006113 -2.274503 0.049919
15.699 1 DESIRED -0.18 4.8 5.8 -40. 80. 210. 6. 20.
15.702 1 IMU_GYRO -0.047852 0.010498 -0.007324
15.924 1 DOWNLINK_STATUS 0 16 9636 422 8 520. 23. -1.39424967194e+12
16.351 1 IMU_MAG -3.243164 -1.573242 -4.952148
16.354 1 ATTITUDE -0.006233 -2.274515 0.049942
16.357 1 CIRCLE 0. 120. 40.
16.360 1 ATTITUDE -0.006358 -2.27455 0.049928
16.367 1 DESIRED -0.18 4.8 5.8 -40. 80. 210. 6. 20.
16.379 1 GPS 0 0 0 0 0 0 0 0 0 0 1
16.383 1 ENERGY 0. 0. 0 0.
16.387 1 NAVIGATION 0 0 0. 0. 14400. 14400. 0 0
16.390 1 ATTITUDE -0.006852 -2.274671 0.049963
16.621 1 DESIRED -0.18 4.8 5.8 -40. 80. 210. 6. 20.
16.623 1 ESTIMATOR 0. 0.
16.627 1 ALIVE 120,141,72,194,245,154,175,11,203,60,224,93,123,65,177,72
16.630 1 ATTITUDE -0.006829 -2.274398 0.049927
16.634 1 WP_MOVED 1 360285. 4813715. 250. 31
16.640 1 GPS 0 0 0 0 0 0 0 0 0 0 1
16.644 1 NAVIGATION 0 0 0. 0. 14400. 14400. 0 0
16.647 1 ATTITUDE -0.006967 -2.27433 0.049924
16.654 1 DESIRED -0.18 4.8 5.8 -40. 80. 210. 6. 20.
16.657 1 ATTITUDE -0.007047 -2.274369 0.049926
16.899 1 ATTITUDE -0.007164 -2.274409 0.050011
16.905 1 DESIRED -0.18 4.8 5.8 -40. 80. 210. 6. 20.
16.911 1 GPS 0 0 0 0 0 0 0 0 0 0 1
16.914 1 IMU_GYRO -0.048828 0.010498 -0.008301
16.917 1 CIRCLE 0. 120. 40.
16.922 1 NAVIGATION 0 0 0. 0. 14400. 14400. 0 0
16.924 1 DOWNLINK_STATUS 0 17 10240 447 9 604. 25. -1.39424967194e+12
16.925 1 ATTITUDE -0.007293 -2.274417 0.050053
16.928 1 ESTIMATOR 0. 0.
16.931 1 IMU_ACCEL 0.765625 -9.847656 0.249023
16.935 1 NAVIGATION 0 0 0. 0. 14400. 14400. 0 0
16.938 1 IMU_MAG -3.246582 -1.573242 -4.959961
16.985 1 WIND_INFO 1 42 0. 0. 0.
17.187 1 ATTITUDE -0.007408 -2.274468 0.050038
17.193 1 DESIRED -0.18 4.8 5.8 -40. 80. 210. 6. 20.
17.197 1 WP_MOVED 0 360327. 4813637. 250. 31
17.198 1 STATE_FILTER_STATUS 3 0
17.204 1 GPS 0 0 0 0 0 0 0 0 0 0 1
17.207 1 FBW_STATUS 2 0 1 0 0
17.211 1 NAVIGATION 0 0 0. 0. 14400. 14400. 0 0
17.214 1 ATTITUDE -0.007468 -2.274499 0.050036
17.217 1 ATTITUDE -0.007595 -2.274475 0.050057
17.224 1 DESIRED -0.18 4.8 5.8 -40. 80. 210. 6. 20.
17.226 1 PPRZ_MODE 2 3 3 2 0 6
17.228 1 DOWNLINK 2 865 1237
17.779 1 ATTITUDE -0.007597 -2.274493 0.050074
17.785 1 GPS 0 0 0 0 0 0 0 0 0 0 1
17.789 1 BAT 0 0 0 0 1 32 32 0
17.791 1 DL_VALUE 10 0.
17.795 1 NAVIGATION 0 0 0. 0. 14400. 14400. 0 0
17.798 1 ATTITUDE -0.007876 -2.27451 0.050056
17.805 1 DESIRED -0.18 4.8 5.8 -40. 80. 210. 6. 20.
17.808 1 ESTIMATOR 0. 0.
17.811 1 IMU_GYRO -0.055176 0.011475 -0.008301
17.814 1 ATTITUDE -0.008066 -2.274577 0.050054
17.817 1 WP_MOVED 1 360285. 4813715. 250. 31
17.819 1 CALIBRATION -150. 0
17.925 1 DOWNLINK_STATUS 0 18 10836 476 9 596. 29. -1.39424967194e+12
18.400 1 GPS 0 0 0 0 0 0 0 0 0 0 1
18.405 1 NAVIGATION 0 0 0. 0. 14400. 14400. 0 0
18.408 1 ATTITUDE -0.008287 -2.274864 0.050092
18.415 1 DESIRED -0.18 4.8 5.8 -40. 80. 210. 6. 20.
18.418 1 ATTITUDE -0.008347 -2.274789 0.050062
18.421 1 IMU_ACCEL 0.737305 -9.824219 0.267578
18.424 1 ATTITUDE -0.008397 -2.274789 0.050053
18.431 1 DESIRED -0.18 4.8 5.8 -40. 80. 210. 6. 20.
18.436 1 GPS 0 0 0 0 0 0 0 0 0 0 1
18.926 1 DOWNLINK_STATUS 0 19 11076 485 9 240. 9. -1.39424967194e+12
19.059 1 NAVIGATION 0 0 0. 0. 14400. 14400. 0 0
19.062 1 CIRCLE 0. 120. 40.
19.065 1 ATTITUDE -0.008479 -2.274902 0.05009
19.067 1 ESTIMATOR 0. 0.
19.072 1 NAVIGATION 0 0 0. 0. 14400. 14400. 0 0
19.075 1 GPS_SOL 0 0 0 0
19.078 1 ATTITUDE -0.00866 -2.274827 0.050107
19.085 1 DESIRED -0.18 4.8 5.8 -40. 80. 210. 6. 20.
19.088 1 WP_MOVED 0 360327. 4813637. 250. 31
19.091 1 IMU_GYRO -0.043457 0.006348 -0.007324
19.097 1 GPS 0 0 0 0 0 0 0 0 0 0 1
19.297 1 NAVIGATION 0 0 0. 0. 14400. 14400. 0 0
19.299 1 ATTITUDE -0.008679 -2.274845 0.050121
19.302 1 ATTITUDE -0.008762 -2.274928 0.050155
19.310 1 DESIRED -0.18 4.8 5.8 -40. 80. 210. 6. 20.
19.311 1 PPRZ_MODE 2 3 3 2 0 6
19.314 1 IMU_MAG -3.246582 -1.573242 -4.959961
19.317 1 ATTITUDE -0.008939 -2.274922 0.050169
19.326 1 GPS 0 0 0 0 0 0 0 0 0 0 1
19.329 1 NAVIGATION 0 0 0. 0. 14400. 14400. 0 0
19.584 1 ATTITUDE -0.008568 -2.274755 0.05017
19.592 1 DESIRED -0.18 4.8 5.8 -40. 80. 210. 6. 20.
19.594 1 ESTIMATOR 0. 0.
19.597 1 BAT 0 0 0 0 1 33 33 0
19.600 1 ATTITUDE -0.008597 -2.274649 0.050078
19.604 1 WP_MOVED 1 360285. 4813715. 250. 31
19.607 1 IMU_ACCEL 0.732422 -9.794922 0.262695
19.613 1 GPS 0 0 0 0 0 0 0 0 0 0 1
19.617 1 NAVIGATION 0 0 0. 0. 14400. 14400. 0 0
19.620 1 ATTITUDE -0.008746 -2.274553 0.050091
19.870 1 DESIRED -0.18 4.8 5.8 -40. 80. 210. 6. 20.
19.873 1 IMU_GYRO -0.051025 0.007324 -0.005127
19.876 1 ATTITUDE -0.009038 -2.274723 0.050082
19.879 1 ATTITUDE -0.009295 -2.274642 0.050062
19.886 1 DESIRED -0.18 4.8 5.8 -40. 80. 210. 6. 20.
19.891 1 GPS 0 0 0 0 0 0 0 0 0 0 1
19.893 1 DL_VALUE 0 0.
19.897 1 ENERGY 0. 0. 0 0.
19.901 1 NAVIGATION 0 0 0. 0. 14400. 14400. 0 0
19.904 1 ATTITUDE -0.009372 -2.274764 0.050097
19.907 1 ESTIMATOR 0. 0.
19.911 1 NAVIGATION 0 0 0. 0. 14400. 14400. 0 0
19.926 1 DOWNLINK_STATUS 0 20 12031 527 9 955. 42. -1.39424967194e+12
20.157 1 CIRCLE 0. 120. 40.
20.161 1 ATTITUDE -0.009525 -2.274734 0.050146
20.167 1 DESIRED -0.18 4.8 5.8 -40. 80. 210. 6. 20.
20.171 1 WP_MOVED 0 360327. 4813637. 250. 31
20.176 1 GPS 0 0 0 0 0 0 0 0 0 0 1
20.188 1 DESIRED -0.18 4.8 5.8 -40. 80. 210. 6. 20.
20.190 1 ESTIMATOR 0. 0.
20.193 1 ATTITUDE -0.009392 -2.274536 0.050039
20.197 1 WP_MOVED 1 360285. 4813715. 250. 31
20.201 1 BAT 0 0 0 0 1 34 34 0
20.447 1 IMU_MAG -3.246582 -1.571777 -4.955078
20.452 1 GPS 0 0 0 0 0 0 0 0 0 0 1
20.457 1 NAVIGATION 0 0 0. 0. 14400. 14400. 0 0
20.460 1 ATTITUDE -0.009722 -2.27456 0.050007
20.472 1 ATTITUDE -0.00937 -2.274581 0.05005
20.478 1 DESIRED -0.18 4.8 5.8 -40. 80. 210. 6. 20.
20.484 1 GPS 0 0 0 0 0 0 0 0 0 0 1
20.487 1 IMU_GYRO -0.051025 0.010498 -0.007324
20.927 1 DOWNLINK_STATUS 0 21 12471 545 11 440. 18. -1.39424967694e+12
21.139 1 NAVIGATION 0 0 0. 0. 14400. 14400. 0 0
21.141 1 ATTITUDE -0.009589 -2.274573 0.050067
21.143 1 ESTIMATOR 0. 0.
21.149 1 NAVIGATION 0 0 0. 0. 14400. 14400. 0 0
21.151 1 GPS_SOL 0 0 0 0
21.154 1 CIRCLE 0. 120. 40.
21.157 1 ATTITUDE -0.009554 -2.27454 0.050022
21.165 1 DESIRED -0.18 4.8 5.8 -40. 80. 210. 6. 20.
21.168 1 WP_MOVED 0 360327. 4813637. 250. 31
21.173 1 GPS 0 0 0 0 0 0 0 0 0 0 1
21.178 1 NAVIGATION 0 0 0. 0. 14400. 14400. 0 0
21.423 1 ATTITUDE -0.009667 -2.274539 0.050021
21.426 1 IMU_ACCEL 0.742188 -9.819336 0.219727
21.429 1 COMMANDS 0,-5214,9600,0,0
21.432 1 ATTITUDE -0.009811 -2.274495 0.049999
21.439 1 DESIRED -0.18 4.8 5.8 -40. 80. 210. 6. 20.
21.441 1 PPRZ_MODE 2 3 3 2 0 6
21.444 1 ACTUATORS 1200,1000,1229,1229,1350
21.447 1 ATTITUDE -0.010012 -2.274549 0.049991
21.453 1 GPS 0 0 0 0 0 0 0 0 0 0 1
21.455 1 DL_VALUE 1 0.
21.459 1 NAVIGATION 0 0 0. 0. 14400. 14400. 0 0
21.462 1 ATTITUDE -0.009941 -2.274456 0.049988
21.712 1 DESIRED -0.18 4.8 5.8 -40. 80. 210. 6. 20.
21.715 1 ESTIMATOR 0. 0.
21.718 1 IMU_GYRO -0.046631 0.010498 -0.007324
21.721 1 ATTITUDE -0.009926 -2.274488 0.050002
21.724 1 WP_MOVED 1 360285. 4813715. 250. 31
21.730 1 GPS 0 0 0 0 0 0 0 0 0 0 1
21.742 1 GPS 0 0 0 0 0 0 0 0 0 0 1
21.745 1 IMU_MAG -3.246582 -1.574707 -4.956543
21.749 1 NAVIGATION 0 0 0. 0. 14400. 14400. 0 0
21.753 1 ATTITUDE -0.011499 -2.27454 0.049943
21.928 1 DOWNLINK_STATUS 0 22 13205 578 12 734. 33. -1.39424967694e+12
21.998 1 ESTIMATOR 0. 0.
22.001 1 IMU_ACCEL 0.780273 -9.814453 0.277344
22.005 1 NAVIGATION 0 0 0. 0. 14400. 14400. 0 0
22.009 1 ATTITUDE -0.011605 -2.274536 0.049896
22.015 1 DESIRED -0.18 4.8 5.8 -40. 80. 210. 6. 20.
22.025 1 WP_MOVED 1 360285. 4813715. 250. 31
22.031 1 GPS 0 0 0 0 0 0 0 0 0 0 1
22.035 1 NAVIGATION 0 0 0. 0. 14400. 14400. 0 0
22.038 1 ATTITUDE -0.012403 -2.274716 0.049941
22.289 1 DESIRED -0.18 4.8 5.8 -40. 80. 210. 6. 20.
22.292 1 IMU_GYRO -0.049805 0.009521 -0.007324
22.295 1 ATTITUDE -0.012549 -2.274729 0.049932
22.298 1 IMU_ACCEL 0.74707 -9.819336 0.25293
22.302 1 BAT 0 0 0 0 1 36 36 0
22.304 1 CALIBRATION -150. 0
22.314 1 ATTITUDE -0.012921 -2.27469 0.04993
22.318 1 IMU_MAG -3.260254 -1.56543 -4.910645
22.321 1 ATTITUDE -0.013034 -2.274549 0.049906
22.329 1 DESIRED -0.18 4.8 5.8 -40. 80. 210. 6. 20.
22.573 1 IMU_GYRO -0.046631 0.010498 -0.006348
22.575 1 PPRZ_MODE 2 3 3 2 0 6
22.579 1 ATTITUDE -0.013114 -2.274602 0.049859
22.584 1 GPS 0 0 0 0 0 0 0 0 0 0 1
22.586 1 DOWNLINK 2 870 1434
22.591 1 NAVIGATION 0 0 0. 0. 14400. 14400. 0 0
22.594 1 ATTITUDE -0.013448 -2.274515 0.049838
22.601 1 DESIRED -0.18 4.8 5.8 -40. 80. 210. 6. 20.
22.603 1 ESTIMATOR 0. 0.
22.606 1 ATTITUDE -0.013496 -2.274549 0.049844
22.610 1 WP_MOVED 1 360285. 4813715. 250. 31
22.613 1 IMU_ACCEL 0.722656 -9.819336 0.229492
22.861 1 GPS 0 0 0 0 0 0 0 0 0 0 1
22.866 1 NAVIGATION 0 0 0. 0. 14400. 14400. 0 0
22.869 1 ATTITUDE -0.013628 -2.274526 0.049835
22.876 1 DESIRED -0.18 4.8 5.8 -40. 80. 210. 6. 20.
22.879 1 ATTITUDE -0.013804 -2.274547 0.049837
22.880 1 NAVIGATION_REF 360285 4813595 31
22.885 1 ATTITUDE -0.013875 -2.274576 0.049867
22.891 1 DESIRED -0.18 4.8 5.8 -40. 80. 210. 6. 20.
22.897 1 GPS 0 0 0 0 0 0 0 0 0 0 1
22.900 1 IMU_GYRO -0.048828 0.011475 -0.007324
22.904 1 BAT 0 0 0 0 1 37 37 0
22.928 1 DOWNLINK_STATUS 0 23 14152 620 14 947. 42. -1.39424967694e+12
23.150 1 NAVIGATION 0 0 0. 0. 14400. 14400. 0 0
23.153 1 ATTITUDE -0.014002 -2.274534 0.049869
23.155 1 ESTIMATOR 0. 0.
23.160 1 NAVIGATION 0 0 0. 0. 14400. 14400. 0 0
23.163 1 ATTITUDE -0.014163 -2.274574 0.049874
23.170 1 DESIRED -0.18 4.8 5.8 -40. 80. 210. 6. 20.
23.173 1 WP_MOVED 0 360327. 4813637. 250. 31
23.179 1 GPS 0 0 0 0 0 0 0 0 0 0 1
23.182 1 FBW_STATUS 2 0 1 0 0
23.186 1 NAVIGATION 0 0 0. 0. 14400. 14400. 0 0
23.189 1 ATTITUDE -0.014288 -2.274517 0.049843
23.435 1 CIRCLE 0. 120. 40.
23.438 1 ATTITUDE -0.014442 -2.274495 0.049842
23.445 1 DESIRED -0.18 4.8 5.8 -40. 80. 210. 6. 20.
23.447 1 PPRZ_MODE 2 3 3 2 0 6
23.450 1 ATTITUDE -0.014576 -2.274505 0.049837
23.456 1 GPS 0 0 0 0 0 0 0 0 0 0 1
23.459 1 IMU_ACCEL 0.751953 -9.80957 0.25293
23.461 1 DL_VALUE 3 0.
23.466 1 NAVIGATION 0 0 0. 0. 14400. 14400. 0 0
23.469 1 ATTITUDE -0.014698 -2.274574 0.049834
23.475 1 DESIRED -0.18 4.8 5.8 -40. 80. 210. 6. 20.
23.478 1 ESTIMATOR 0. 0.
23.724 1 IMU_GYRO -0.046631 0.010498 -0.006348
23.727 1 IMU_MAG -3.249512 -1.574707 -4.955078
23.730 1 ATTITUDE -0.01482 -2.274615 0.049807
23.734 1 WP_MOVED 1 360285. 4813715. 250. 31
23.739 1 GPS 0 0 0 0 0 0 0 0 0 0 1
23.744 1 NAVIGATION 0 0 0. 0. 14400. 14400. 0 0
23.747 1 ATTITUDE -0.014977 -2.274585 0.04977
23.754 1 DESIRED -0.18 4.8 5.8 -40. 80. 210. 6. 20.
23.755 1 STATE_FILTER_STATUS 3 0
23.758 1 ATTITUDE -0.015123 -2.274635 0.049775
23.761 1 ATTITUDE -0.015295 -2.274596 0.0498
23.928 1 DOWNLINK_STATUS 0 24 14900 654 14 748. 34. -1.39424967694e+12
24.011 1 DESIRED -0.18 4.8 5.8 -40. 80. 210. 6. 20.
24.017 1 GPS 0 0 0 0 0 0 0 0 0 0 1
24.019 1 CALIBRATION -150. 0
24.022 1 ENERGY 0. 0. 0 0.
24.027 1 NAVIGATION 0 0 0. 0. 14400. 14400. 0 0
24.028 1 PONG 
24.041 1 DESIRED -0.18 4.8 5.8 -40. 80. 210. 6. 20.
24.043 1 PPRZ_MODE 2 3 3 2 0 6
24.046 1 ATTITUDE -0.01592 -2.274614 0.049752
24.051 1 GPS 0 0 0 0 0 0 0 0 0 0 1
24.299 1 NAVIGATION 0 0 0. 0. 14400. 14400. 0 0
24.302 1 ATTITUDE -0.016045 -2.274622 0.049759
24.308 1 DESIRED -0.18 4.8 5.8 -40. 80. 210. 6. 20.
24.311 1 ESTIMATOR 0. 0.
24.314 1 ATTITUDE -0.016178 -2.274671 0.049731
24.318 1 WP_MOVED 1 360285. 4813715. 250. 31
24.323 1 GPS 0 0 0 0 0 0 0 0 0 0 1
24.328 1 NAVIGATION 0 0 0. 0. 14400. 14400. 0 0
24.331 1 ATTITUDE -0.016355 -2.274645 0.049696
24.338 1 DESIRED -0.18 4.8 5.8 -40. 80. 210. 6. 20.
24.583 1 IMU_GYRO -0.045654 0.009521 -0.006348
24.586 1 ATTITUDE -0.016449 -2.274604 0.049667
24.590 1 IMU_MAG -3.246582 -1.574707 -4.959961
24.593 1 ATTITUDE -0.016585 -2.274596 0.049644
24.599 1 DESIRED -0.18 4.8 5.8 -40. 80. 210. 6. 20.
24.605 1 GPS 0 0 0 0 0 0 0 0 0 0 1
24.607 1 DL_VALUE 4 0.
24.611 1 NAVIGATION 0 0 0. 0. 14400. 14400. 0 0
24.615 1 ATTITUDE -0.016722 -2.274554 0.049664
24.617 1 ESTIMATOR 0. 0.
24.620 1 IMU_ACCEL 0.742188 -9.794922 0.262695
24.625 1 NAVIGATION 0 0 0. 0. 14400. 14400. 0 0
24.871 1 ATTITUDE -0.016792 -2.274544 0.049677
24.878 1 DESIRED -0.18 4.8 5.8 -40. 80. 210. 6. 20.
24.881 1 WP_MOVED 0 360327. 4813637. 250. 31
24.884 1 BAT 0 0 0 0 1 39 39 0
24.889 1 GPS 0 0 0 0 0 0 0 0 0 0 1
24.892 1 FBW_STATUS 2 0 1 0 0
24.898 1 NAVIGATION 0 0 0. 0. 14400. 14400. 0 0
24.900 1 ATTITUDE -0.016879 -2.274626 0.049666
24.903 1 COMMANDS 0,-5003,9600,0,0
24.906 1 ATTITUDE -0.017048 -2.274621 0.049662
24.913 1 DESIRED -0.18 4.8 5.8 -40. 80. 210. 6. 20.
24.929 1 DOWNLINK_STATUS 0 25 15902 697 15 1002. 43. 3611.47
25.930 1 DOWNLINK_STATUS 0 26 15902 697 15 0. 0. -1388.94
26.930 1 DOWNLINK_STATUS 0 27 15902 697 15 0. 0. -1388.94
26.985 1 WIND_INFO 1 42 0. 0. 0.
27.931 1 DOWNLINK_STATUS 0 28 15902 697 15 0. 0. -1388.94
28.931 1 DOWNLINK_STATUS 0 29 15902 697 15 0. 0. -1388.94
29.932 1 DOWNLINK_STATUS 0 30 15902 697 15 0. 0. -1388.94
30.933 1 DOWNLINK_STATUS 0 31 15902 697 15 0. 0. -6389.63
31.935 1 DOWNLINK_STATUS 0 32 15902 697 15 0. 0. -6389.63
32.935 1 DOWNLINK_STATUS 0 33 15902 697 15 0. 0. -6389.63
33.937 1 DOWNLINK_STATUS 0 34 15902 697 15 0. 0. -6389.63
34.937 1 DOWNLINK_STATUS 0 35 15902 697 15 0. 0. -6389.63
35.938 1 DOWNLINK_STATUS 0 36 15902 697 15 0. 0. -11390.76
36.940 1 DOWNLINK_STATUS 0 37 15902 697 15 0. 0. -11390.76
36.985 1 WIND_INFO 1 42 0. 0. 0.
37.942 1 DOWNLINK_STATUS 0 38 15902 697 15 0. 0. -11390.76
38.943 1 DOWNLINK_STATUS 0 39 15902 697 15 0. 0. -11390.76
39.945 1 DOWNLINK_STATUS 0 40 15902 697 15 0. 0. -11390.76
40.946 1 DOWNLINK_STATUS 0 41 15902 697 15 0. 0. -16392.31
41.946 1 DOWNLINK_STATUS 0 42 15902 697 15 0. 0. -16392.31
42.948 1 DOWNLINK_STATUS 0 43 15902 697 15 0. 0. -16392.31
43.527 1 ATTITUDE 0. 0. 0.
43.535 1 DESIRED 0.04 4.8 0.1 -43. 83. 210. 6. 20.
43.536 1 ESTIMATOR 738.484985 0.
43.540 1 BAT 0 68 0 0 0 0 0 0
43.758 1 ATTITUDE 0. 0. 0.
43.761 1 WP_MOVED 1 360285. 4813715. 250. 31
43.767 1 GPS 0 -328677088 -796118272 0 738485 0 0 1782 531315750 31 1
43.770 1 SVINFO 1 2 4 1 0 -40 220
43.774 1 NAVIGATION 0 0 -3647056. -12774778. 1.76499030229e+14 1.76499030229e+14 0 0
43.777 1 ATTITUDE 0. 0. 0.
43.784 1 DESIRED 0.13 -4.8 0.3 -49. 93. 210. -6. 20.
43.787 1 IMU_GYRO -0.052002 0.012695 -0.007324
43.949 1 DOWNLINK_STATUS 0 44 16178 709 16 276. 12. -16392.31
43.996 1 ATTITUDE 0. 0. 0.
43.999 1 IMU_ACCEL 1.15918 -9.713867 1.584961
44.002 1 IMU_MAG -3.344238 -1.39502 -5.17334
44.005 1 ATTITUDE 0. 0. 0.
44.012 1 DESIRED 0.13 -4.8 0.3 -49. 93. 210. -6. 20.
44.018 1 GPS 0 -328677088 -796118272 0 738485 0 0 1782 531316000 31 2
44.020 1 SVINFO 2 3 4 1 0 1 45
44.022 1 DL_VALUE 0 0.
44.027 1 NAVIGATION 0 0 -3647056. -12774778. 1.76499030229e+14 1.76499030229e+14 0 0
44.281 1 ATTITUDE 0. 0. 0.
44.284 1 ESTIMATOR 738.484985 0.
44.288 1 NAVIGATION 0 0 -3647056. -12774778. 1.76499030229e+14 1.76499030229e+14 0 0
44.291 1 GPS_SOL 85902856 100000 9999 0
44.294 1 ATTITUDE 0. 0. 0.
44.301 1 DESIRED 0.11 -4.8 0.3 -49. 93. 210. -6. 20.
44.305 1 WP_MOVED 0 360327. 4813637. 250. 31
44.306 1 CALIBRATION 66. 0
44.312 1 GPS 0 -328677088 -796118272 0 738485 0 0 1782 531316250 31 3
44.315 1 SVINFO 3 4 4 1 0 -23 186
44.319 1 NAVIGATION 0 0 -3647056. -12774778. 1.76499030229e+14 1.76499030229e+14 0 0
44.322 1 ATTITUDE 0. 0. 0.
44.569 1 ATTITUDE 0. 0. 0.
44.576 1 DESIRED 0.11 -4.8 0.3 -49. 93. 210. -6. 20.
44.579 1 IMU_GYRO -0.045654 0.008301 -0.009521
44.581 1 PPRZ_MODE 2 3 3 2 0 6
44.582 1 STATE_FILTER_STATUS 2 0
44.586 1 ATTITUDE 0. 0. 0.
44.591 1 GPS 0 -328677088 -796118272 0 738485 0 0 1782 531316500 31 4
44.594 1 SVINFO 4 5 4 1 0 -10 250
44.597 1 ENERGY 6.8 0. 0 0.
44.602 1 NAVIGATION 0 0 -3647056. -12774778. 1.76499030229e+14 1.76499030229e+14 0 0
44.605 1 CIRCLE 0. 120. 40.
44.608 1 ATTITUDE 0. 0. 0.
44.949 1 DOWNLINK_STATUS 0 45 16867 742 16 689. 33. -16392.31
44.952 1 DESIRED 0.11 -4.8 0.3 -49. 93. 210. -6. 20.
44.954 1 ESTIMATOR 738.484985 0.
44.959 1 ALIVE 120,141,72,194,245,154,175,11,203,60,224,93,123,65,177,72
44.961 1 ATTITUDE 0. 0. 0.
44.965 1 WP_MOVED 1 360285. 4813715. 250. 31
44.968 1 IMU_ACCEL 1.115234 -9.689453 1.40332
44.972 1 BAT 0 68 0 0 0 1 1 0
44.977 1 GPS 0 -328677088 -796118272 0 738485 0 0 1782 531316750 31 5
44.980 1 SVINFO 5 6 16 1 0 -91 0
44.984 1 NAVIGATION 0 0 -3647056. -12774778. 1.76499030229e+14 1.76499030229e+14 0 0
44.988 1 ATTITUDE 0. 0. 0.
44.994 1 DESIRED 0.11 -4.8 0.3 -49. 93. 210. -6. 20.
45.036 1 DOWNLINK 0 283 68
45.148 1 ATTITUDE 0. 0. 0.
45.150 1 NAVIGATION_REF 360285 4813595 31
45.435 1 ATTITUDE 0. 0. 0.
45.441 1 DESIRED 0.11 -4.8 0.3 -49. 93. 210. -6. 20.
45.447 1 GPS 0 -328677088 -796118272 0 738485 0 0 1782 531317000 31 6
45.449 1 SVINFO 6 7 12 1 0 28 132
45.452 1 IMU_GYRO -0.044678 0.009521 -0.010498
45.457 1 NAVIGATION 0 0 -3647056. -12774778. 1.76499030229e+14 1.76499030229e+14 0 0
45.460 1 ATTITUDE 0. 0. 0.
45.463 1 ESTIMATOR 738.484985 0.
45.467 1 NAVIGATION 0 0 -3647056. -12774778. 1.76499030229e+14 1.76499030229e+14 0 0
45.470 1 ATTITUDE 0. 0. 0.
45.811 1 DESIRED 0.11 -4.8 0.3 -49. 93. 210. -6. 20.
45.814 1 WP_MOVED 0 360327. 4813637. 250. 31
45.817 1 IMU_MAG -3.34082 -1.37793 -5.140137
45.823 1 GPS 0 -328677088 -796118272 0 738485 0 0 1782 531317250 31 7
45.826 1 SVINFO 7 8 12 1 0 63 132
45.950 1 DOWNLINK_STATUS 0 46 17538 772 16 671. 30. -21392.8
46.107 1 FBW_STATUS 2 0 1 68 0
46.112 1 NAVIGATION 0 0 -3647056. -12774778. 1.76499030229e+14 1.76499030229e+14 0 0
46.115 1 ATTITUDE 0. 0. 0.
46.450 1 ATTITUDE 0. 0. 0.
46.457 1 DESIRED 0.11 -4.8 0.3 -49. 93. 210. -6. 20.
46.459 1 PPRZ_MODE 2 3 3 2 0 6
46.950 1 DOWNLINK_STATUS 0 47 17665 778 16 127. 6. -21392.8
46.985 1 WIND_INFO 1 42 0. 0. 0.
47.121 1 ATTITUDE 0. 0. 0.
47.127 1 GPS 0 -328677088 -796118272 0 738485 0 0 1782 531317500 31 8
47.130 1 SVINFO 8 9 12 1 0 65 147
47.133 1 IMU_ACCEL 1.120117 -9.71875 1.474609
47.135 1 DL_VALUE 1 0.
47.139 1 NAVIGATION 0 0 -3647056. -12774778. 1.76499030229e+14 1.76499030229e+14 0 0
47.142 1 ATTITUDE 0. 0. 0.
47.150 1 DESIRED 0.11 -4.8 0.3 -49. 93. 210. -6. 20.
47.151 1 ESTIMATOR 738.484985 0.
47.154 1 IMU_GYRO -0.048828 0.009521 -0.010498
47.158 1 CIRCLE 0. 120. 40.
47.161 1 ATTITUDE 0. 0. 0.
47.482 1 WP_MOVED 1 360285. 4813715. 250. 31
47.488 1 GPS 0 -328677088 -796118272 0 738485 0 0 1782 531317750 31 9
47.490 1 SVINFO 9 10 0 1 0 -91 0
47.664 1 NAVIGATION 0 0 -3647056. -12774778. 1.76499030229e+14 1.76499030229e+14 0 0
47.667 1 ATTITUDE 0. 0. 0.
47.674 1 DESIRED 0.11 -4.8 0.3 -49. 93. 210. -6. 20.
47.677 1 BAT 0 68 0 0 0 2 2 0
47.681 1 ATTITUDE 0. 0. 0.
47.909 1 ATTITUDE 0. 0. 0.
47.915 1 DESIRED 0.11 -4.8 0.3 -49. 93. 210. -6. 20.
47.921 1 GPS 0 -328677088 -796118272 0 738485 0 0 1782 531318000 31 10
47.924 1 SVINFO 10 11 12 1 0 33 84
47.928 1 NAVIGATION 0 0 -3647056. -12774778. 1.76499030229e+14 1.76499030229e+14 0 0
47.931 1 ATTITUDE 0. 0. 0.
47.934 1 ESTIMATOR 738.484985 0.
47.938 1 NAVIGATION 0 0 -3647056. -12774778. 1.76499030229e+14 1.76499030229e+14 0 0
47.941 1 GPS_SOL 85903840 100000 9999 0
47.951 1 DOWNLINK_STATUS 0 48 18301 807 16 636. 29. -21392.8
48.104 1 ATTITUDE 0. 0. 0.
48.111 1 DESIRED 0.11 -4.8 0.3 -49. 93. 210. -6. 20.
48.114 1 WP_MOVED 0 360327. 4813637. 250. 31
48.118 1 IMU_GYRO -0.047852 0.009521 -0.010498
48.123 1 GPS 0 -328677088 -796118272 0 738485 0 0 1782 531318250 31 11
48.126 1 SVINFO 11 12 0 1 0 -91 0
48.209 1 NAVIGATION 0 0 -3647056. -12774778. 1.76499030229e+14 1.76499030229e+14 0 0
48.391 1 ATTITUDE 0. 0. 0.
48.394 1 IMU_ACCEL 1.139648 -9.71875 1.398438
48.395 1 CALIBRATION 150. 0
48.397 1 PPRZ_MODE 0 3 3 2 0 17
48.401 1 ATTITUDE 0. 0. 0.
48.408 1 DESIRED 0.11 -4.8 0.3 -49. 93. 210. -6. 20.
48.410 1 PPRZ_MODE 0 3 3 2 0 17
48.561 1 ATTITUDE 0. 0. 0.
48.567 1 GPS 0 -328677088 -796118272 0 738485 0 0 1782 531318500 31 12
48.569 1 SVINFO 12 13 0 1 0 -91 0
48.572 1 IMU_MAG -3.342285 -1.382324 -5.140137
48.577 1 NAVIGATION 0 0 -3647056. -12774778. 1.76499030229e+14 1.76499030229e+14 0 0
48.788 1 ATTITUDE 0. 0. 0.
48.795 1 DESIRED 0.11 -4.8 0.3 -49. 93. 210. -6. 20.
48.797 1 ESTIMATOR 738.484985 0.
48.798 1 STATE_FILTER_STATUS 2 0
48.802 1 CIRCLE 0. 120. 40.
48.805 1 ATTITUDE 0. 0. 0.
48.808 1 WP_MOVED 1 360285. 4813715. 250. 31
48.814 1 GPS 0 -328677088 -796118272 0 738485 0 0 1782 531318750 31 13
48.816 1 SVINFO 13 17 12 1 0 27 196
48.952 1 DOWNLINK_STATUS 0 49 18886 835 16 585. 28. -21392.8
49.077 1 NAVIGATION 0 0 -3647056. -12774778. 1.76499030229e+14 1.76499030229e+14 0 0
49.080 1 ATTITUDE 0. 0. 0.
49.086 1 DESIRED 0.11 -4.8 0.3 -49. 93. 210. -6. 20.
49.089 1 IMU_GYRO -0.045654 0.012695 -0.009521
49.093 1 ATTITUDE 0. 0. 0.
49.096 1 BAT 54 68 0 0 0 3 3 0
49.099 1 ATTITUDE 0. 0. 0.
49.106 1 DESIRED 0.11 -4.8 0.3 -49. 93. 210. -6. 20.
49.112 1 GPS 0 -328677088 -796118272 0 738485 0 0 1782 531319000 31 14
49.114 1 SVINFO 14 26 4 1 0 47 259
49.116 1 DL_VALUE 2 210.
49.363 1 NAVIGATION 0 0 -3647056. -12774778. 1.76499030229e+14 1.76499030229e+14 0 0
49.370 1 ATTITUDE 0. 0. 0.
49.370 1 ESTIMATOR 738.484985 0.
49.371 1 IMU_ACCEL 1.139648 -9.699219 1.412109
49.376 1 NAVIGATION 0 0 -3647056. -12774778. 1.76499030229e+14 1.76499030229e+14 0 0
49.377 1 PONG 
49.380 1 ATTITUDE 0. 0. 0.
49.392 1 SVINFO 0 1 12 1 0 22 106
49.397 1 NAVIGATION 0 0 -3647056. -12774778. 1.76499030229e+14 1.76499030229e+14 0 0
49.400 1 ATTITUDE 0. 0. 0.
49.582 1 DESIRED 0.11 -4.8 0.3 -49. 93. 210. -6. 20.
49.585 1 ESTIMATOR 738.484985 0.
49.588 1 ATTITUDE 0. 0. 0.
49.591 1 WP_MOVED 1 360285. 4813715. 250. 31
49.594 1 CIRCLE 0. 120. 40.
49.600 1 GPS 0 -328677088 -796118272 0 738485 0 0 1782 531319750 31 1
49.606 1 ATTITUDE 0. 0. 0.
49.609 1 IMU_ACCEL 1.15918 -9.71875 1.383789
49.871 1 ATTITUDE 0. 0. 0.
49.876 1 DESIRED 0.11 -4.8 0.3 -49. 93. 210. -6. 20.
49.882 1 GPS 0 -328677088 -796118272 0 738485 0 0 1782 531320000 31 2
49.884 1 SVINFO 2 3 4 1 0 1 45
49.887 1 IMU_GYRO -0.046631 0.010498 -0.010498
49.892 1 NAVIGATION 0 0 -3647056. -12774778. 1.76499030229e+14 1.76499030229e+14 0 0
49.895 1 ATTITUDE 0. 0. 0.
49.897 1 ESTIMATOR 738.484985 0.
49.902 1 NAVIGATION 0 0 -3647056. -12774778. 1.76499030229e+14 1.76499030229e+14 0 0
49.905 1 GPS_SOL 85906216 100000 9999 0
49.908 1 ATTITUDE 0. 0. 0.
49.952 1 DOWNLINK_STATUS 0 50 19740 875 18 854. 40. 3956.45
50.136 1 DESIRED 0.11 -4.8 0.3 -49. 93. 210. -6. 20.
50.140 1 WP_MOVED 0 360327. 4813637. 250. 31
50.146 1 GPS 0 -328677088 -796118272 0 738485 0 0 1782 531320250 31 3
50.148 1 SVINFO 3 4 4 1 0 -23 186
50.153 1 NAVIGATION 0 0 -3647056. -12774778. 1.76499030229e+14 1.76499030229e+14 0 0
50.156 1 ATTITUDE 0. 0. 0.
50.159 1 COMMANDS 54,224,182,0,-252
50.162 1 ATTITUDE 0. 0. 0.
50.168 1 DESIRED 0.11 -4.8 0.3 -49. 93. 210. -6. 20.
50.170 1 PPRZ_MODE 0 3 3 2 0 17
50.172 1 CALIBRATION 150. 0
50.296 1 ACTUATORS 1195,1540,1511,1511,1353
50.300 1 ATTITUDE 0. 0. 0.
50.305 1 GPS 0 -328677088 -796118272 0 738485 0 0 1782 531320500 31 4
50.308 1 SVINFO 4 5 4 1 0 -10 250
50.310 1 DL_VALUE 3 0.
50.512 1 NAVIGATION 0 0 -3647056. -12774778. 1.76499030229e+14 1.76499030229e+14 0 0
50.514 1 ATTITUDE 0. 0. 0.
50.522 1 DESIRED 0.11 -4.8 0.3 -49. 93. 210. -6. 20.
50.523 1 ESTIMATOR 738.484985 0.
50.526 1 IMU_GYRO -0.043457 0.011475 -0.005127
50.530 1 ATTITUDE 0. 0. 0.
50.533 1 WP_MOVED 1 360285. 4813715. 250. 31
50.536 1 IMU_ACCEL 1.154297 -9.704102 1.522461
50.953 1 DOWNLINK_STATUS 0 51 20248 899 18 508. 24. -1044.59
50.997 1 GPS 0 -328677088 -796118272 0 738485 0 0 1782 531320750 31 5
50.999 1 SVINFO 5 6 16 1 0 -91 0
51.003 1 CIRCLE 0. 120. 40.
51.007 1 NAVIGATION 0 0 -3647056. -12774778. 1.76499030229e+14 1.76499030229e+14 0 0
51.010 1 ATTITUDE 0. 0. 0.
51.017 1 DESIRED 0.11 -4.8 0.3 -49. 93. 210. -6. 20.
51.018 1 STATE_FILTER_STATUS 2 0
51.613 1 ATTITUDE 0. 0. 0.
51.616 1 ATTITUDE 0. 0. 0.
51.623 1 DESIRED 0.11 -4.8 0.3 -49. 93. 210. -6. 20.
51.628 1 GPS 0 -328677088 -796118272 0 738485 0 0 1782 531321000 31 6
51.631 1 SVINFO 6 7 12 1 0 28 132
51.635 1 NAVIGATION 0 0 -3647056. -12774778. 1.76499030229e+14 1.76499030229e+14 0 0
51.638 1 ATTITUDE 0. 0. 0.
51.641 1 ESTIMATOR 738.484985 0.
51.645 1 NAVIGATION 0 0 -3647056. -12774778. 1.76499030229e+14 1.76499030229e+14 0 0
51.649 1 BAT 54 68 0 0 0 5 5 0
51.954 1 DOWNLINK_STATUS 0 52 20630 916 18 382. 17. -1044.59
52.160 1 IMU_MAG -3.347168 -1.371582 -5.181641
52.162 1 ATTITUDE 0. 0. 0.
52.170 1 DESIRED 0.11 -4.8 0.3 -49. 93. 210. -6. 20.
52.174 1 WP_MOVED 0 360327. 4813637. 250. 31
52.177 1 IMU_GYRO -0.047852 0.010498 -0.005127
52.182 1 GPS 0 -328677088 -796118272 0 738485 0 0 1782 531321250 31 7
52.185 1 SVINFO 7 8 12 1 0 63 132
52.187 1 FBW_STATUS 0 52 0 68 0
52.192 1 NAVIGATION 0 0 -3647056. -12774778. 1.76499030229e+14 1.76499030229e+14 0 0
52.194 1 ATTITUDE 0. 0. 0.
52.769 1 ATTITUDE 0.088002 -2.252977 0.080601
52.775 1 DESIRED 0.11 -4.78 0.3 -49. 93. 210. -6. 20.
52.778 1 PPRZ_MODE 0 3 3 2 0 17
52.781 1 ATTITUDE 0.088046 -2.253058 0.080745
52.786 1 GPS 0 -328677088 -796118272 0 738485 0 0 1782 531321500 31 8
52.789 1 SVINFO 8 9 12 1 0 65 147
52.792 1 IMU_ACCEL 1.15918 -9.699219 1.570312
52.795 1 ENERGY 6.8 0. 0 0.
52.800 1 NAVIGATION 0 0 -3647056. -12774778. 1.76499030229e+14 1.76499030229e+14 0 0
52.803 1 ATTITUDE 0.08811 -2.253096 0.080847
52.810 1 DESIRED 0.11 -4.78 0.3 -49. 93. 210. -6. 20.
52.812 1 ESTIMATOR 738.484985 0.
52.956 1 DOWNLINK_STATUS 0 53 21115 938 18 485. 22. -1044.59
53.474 1 ALIVE 120,141,72,194,245,154,175,11,203,60,224,93,123,65,177,72
53.477 1 ATTITUDE 0.088118 -2.253181 0.080984
53.480 1 WP_MOVED 1 360285. 4813715. 250. 31
53.486 1 GPS 0 -328677088 -796118272 0 738485 0 0 1782 531321750 31 9
53.488 1 SVINFO 9 10 0 1 0 -91 0
53.493 1 NAVIGATION 0 0 -3647056. -12774778. 1.76499030229e+14 1.76499030229e+14 0 0
53.496 1 ATTITUDE 0.088094 -2.253223 0.081096
53.503 1 DESIRED 0.11 -4.78 0.3 -49. 93. 210. -6. 20.
53.506 1 IMU_GYRO -0.046631 0.010498 -0.005127
53.509 1 CIRCLE 0. 120. 40.
53.512 1 ATTITUDE 0.088165 -2.253216 0.081169
53.514 1 DOWNLINK 2 907 281
53.728 1 ATTITUDE 0.088189 -2.253264 0.081308
53.735 1 DESIRED 0.11 -4.78 0.3 -49. 93. 210. -6. 20.
53.740 1 GPS 0 -328677088 -796118272 0 738485 0 0 1782 531322000 31 10
53.743 1 SVINFO 10 11 12 1 0 33 84
53.745 1 DL_VALUE 4 0.
53.749 1 NAVIGATION 0 0 -3647056. -12774778. 1.76499030229e+14 1.76499030229e+14 0 0
53.752 1 ATTITUDE 0.088226 -2.25335 0.081396
53.755 1 ESTIMATOR 738.484985 0.
53.759 1 NAVIGATION 0 0 -3647056. -12774778. 1.76499030229e+14 1.76499030229e+14 0 0
53.762 1 GPS_SOL 85909992 100000 9999 0
53.956 1 DOWNLINK_STATUS 0 54 21585 960 18 470. 22. -1044.59
54.015 1 ATTITUDE 0.08834 -2.253343 0.081509
54.021 1 DESIRED 0.11 -4.78 0.3 -49. 93. 210. -6. 20.
54.025 1 WP_MOVED 0 360327. 4813637. 250. 31
54.028 1 BAT 54 68 0 0 0 6 6 0
54.034 1 GPS 0 -328677088 -796118272 0 738485 0 0 1782 531322250 31 11
54.037 1 SVINFO 11 12 0 1 0 -91 0
54.041 1 NAVIGATION 0 0 -3647056. -12774778. 1.76499030229e+14 1.76499030229e+14 0 0
54.044 1 ATTITUDE 0.088345 -2.253406 0.081593
54.047 1 IMU_ACCEL 1.15918 -9.71875 1.527344
54.051 1 ATTITUDE 0.088401 -2.253396 0.081741
54.276 1 DESIRED 0.11 -4.78 0.3 -49. 93. 210. -6. 20.
54.278 1 IMU_GYRO -0.048828 0.007324 -0.005127
54.280 1 PPRZ_MODE 0 3 3 2 0 17
54.283 1 IMU_MAG -3.344238 -1.382324 -5.187988
54.286 1 ATTITUDE 0.08839 -2.253477 0.081837
54.293 1 GPS 0 -328677088 -796118272 0 738485 0 0 1782 531322500 31 12
54.294 1 SVINFO 12 13 0 1 0 -91 0
54.296 1 CALIBRATION 150. 0
54.302 1 NAVIGATION 0 0 -3647056. -12774778. 1.76499030229e+14 1.76499030229e+14 0 0
54.304 1 ATTITUDE 0.088282 -2.253911 0.081967
54.312 1 DESIRED 0.11 -4.78 0.3 -49. 93. 210. -6. 20.
54.313 1 ESTIMATOR 738.484985 0.
54.493 1 ATTITUDE 0.088338 -2.253838 0.082044
54.496 1 WP_MOVED 1 360285. 4813715. 250. 31
54.502 1 GPS 0 -328677088 -796118272 0 738485 0 0 1782 531322750 31 13
54.505 1 SVINFO 13 17 12 1 0 27 196
54.509 1 NAVIGATION 0 0 -3647056. -12774778. 1.76499030229e+14 1.76499030229e+14 0 0
54.512 1 ATTITUDE 0.088503 -2.254004 0.082162
54.519 1 DESIRED 0.11 -4.78 0.3 -49. 93. 210. -6. 20.
54.780 1 CIRCLE 0. 120. 40.
54.783 1 ATTITUDE 0.08856 -2.253902 0.082198
54.786 1 ATTITUDE 0.088729 -2.253595 0.082295
54.793 1 DESIRED 0.11 -4.78 0.3 -49. 93. 210. -6. 20.
54.798 1 GPS 0 -328677088 -796118272 0 738485 0 0 1782 531323000 31 14
54.801 1 SVINFO 14 26 4 1 0 47 259
54.804 1 IMU_GYRO -0.047852 0.013672 -0.006348
54.808 1 NAVIGATION 0 0 -3647056. -12774778. 1.76499030229e+14 1.76499030229e+14 0 0
54.812 1 ATTITUDE 0.08869 -2.253481 0.082424
54.814 1 ESTIMATOR 738.484985 0.
54.817 1 IMU_ACCEL 1.134766 -9.71875 1.556641
54.957 1 DOWNLINK_STATUS 0 55 22467 1000 18 882. 40. -1044.59
55.065 1 NAVIGATION 0 0 -3647056. -12774778. 1.76499030229e+14 1.76499030229e+14 0 0
55.068 1 ATTITUDE 0.088664 -2.253805 0.082542
55.074 1 DESIRED 0.11 -4.78 0.3 -49. 93. 210. -6. 20.
55.078 1 WP_MOVED 0 360327. 4813637. 250. 31
55.083 1 GPS 0 -328677088 -796118272 0 738485 0 0 1782 531323250 31 15
55.086 1 SVINFO 15 28 12 1 0 85 285
55.362 1 ATTITUDE 0.088834 -2.254076 0.082816
55.369 1 DESIRED 0.11 -4.78 0.3 -49. 93. 210. -6. 20.
55.371 1 ESTIMATOR 738.484985 0.
55.383 1 DESIRED 0.11 -4.78 0.3 -49. 93. 210. -6. 20.
55.389 1 GPS 0 -328677088 -796118272 0 738485 0 0 1782 531324000 31 2
55.392 1 SVINFO 2 3 4 1 0 1 45
55.395 1 ENERGY 6.8 0. 0 0.
55.643 1 NAVIGATION 0 0 -3647056. -12774778. 1.76499030229e+14 1.76499030229e+14 0 0
55.646 1 ATTITUDE 0.088878 -2.254718 0.083009
55.648 1 ESTIMATOR 738.484985 0.
55.653 1 NAVIGATION 0 0 -3647056. -12774778. 1.76499030229e+14 1.76499030229e+14 0 0
55.656 1 GPS_SOL 85915168 100000 9999 0
55.659 1 ATTITUDE 0.089532 -2.254773 0.08314
55.672 1 SVINFO 4 5 4 1 0 -10 250
55.677 1 NAVIGATION 0 0 -3647056. -12774778. 1.76499030229e+14 1.76499030229e+14 0 0
55.680 1 ATTITUDE 0.071609 -2.251916 0.076538
55.958 1 DOWNLINK_STATUS 0 56 22968 1022 21 501. 22. -6044.68
56.299 1 DESIRED 0.11 -4.79 0.3 -49. 93. 210. -6. 20.
56.301 1 ESTIMATOR 738.484985 0.
56.303 1 CALIBRATION 150. 0
56.306 1 ATTITUDE 0.077427 -2.252666 0.07664
56.309 1 WP_MOVED 1 360285. 4813715. 250. 31
56.312 1 IMU_ACCEL 0.97168 -9.728516 1.800781
56.323 1 ESTIMATOR 738.484985 0.
56.327 1 NAVIGATION 0 0 -3647056. -12774778. 1.76499030229e+14 1.76499030229e+14 0 0
56.330 1 ATTITUDE 0.098574 -2.254431 0.093418
56.337 1 DESIRED 0.11 -4.78 0.3 -49. 93. 210. -6. 20.
56.583 1 WP_MOVED 0 360327. 4813637. 250. 31
56.585 1 STATE_FILTER_STATUS 3 0
56.591 1 GPS 0 -328677088 -796118272 0 738485 0 0 1782 531325250 31 7
56.593 1 SVINFO 7 8 12 1 0 63 132
56.598 1 NAVIGATION 0 0 -3647056. -12774778. 1.76499030229e+14 1.76499030229e+14 0 0
56.600 1 FBW_STATUS 0 48 0 68 0
56.603 1 ATTITUDE 0.141666 -2.263116 0.118338
56.613 1 DESIRED 0.11 -4.76 0.3 -49. 93. 210. -6. 20.
56.616 1 ATTITUDE 0.18598 -2.266204 0.13448
56.619 1 NAVIGATION_REF 360285 4813595 31
56.622 1 ATTITUDE 0.181288 -2.26281 0.132595
56.871 1 DESIRED 0.11 -4.76 0.3 -49. 93. 210. -6. 20.
56.878 1 GPS 0 -328677088 -796118272 0 738485 0 0 1782 531326000 31 10
56.879 1 SVINFO 10 11 12 1 0 33 84
56.882 1 IMU_GYRO -0.137207 0.041504 0.012695
56.887 1 NAVIGATION 0 0 -3647056. -12774778. 1.76499030229e+14 1.76499030229e+14 0 0
56.890 1 ATTITUDE 0.176495 -2.263444 0.13248
56.892 1 ESTIMATOR 738.484985 0.
56.897 1 NAVIGATION 0 0 -3647056. -12774778. 1.76499030229e+14 1.76499030229e+14 0 0
56.900 1 GPS_SOL 85921736 100000 9999 0
56.903 1 ATTITUDE 0.172588 -2.262093 0.131145
56.909 1 DESIRED 0.11 -4.77 0.3 -49. 93. 210. -6. 20.
56.913 1 WP_MOVED 0 360327. 4813637. 250. 31
56.958 1 DOWNLINK_STATUS 0 57 23687 1055 23 719. 33. -6044.68
56.985 1 WIND_INFO 1 42 0. 0. 0.
57.960 1 DOWNLINK_STATUS 0 58 23687 1055 23 0. 0. -6044.68
58.960 1 DOWNLINK_STATUS 0 59 23687 1055 23 0. 0. -6044.68
59.962 1 DOWNLINK_STATUS 0 60 23687 1055 23 0. 0. -6044.68
60.963 1 DOWNLINK_STATUS 0 61 23687 1055 23 0. 0. -11045.23
61.963 1 DOWNLINK_STATUS 0 62 23687 1055 23 0. 0. -11045.23
62.964 1 DOWNLINK_STATUS 0 63 23687 1055 23 0. 0. -11045.23
63.965 1 DOWNLINK_STATUS 0 64 23687 1055 23 0. 0. -11045.23
64.966 1 DOWNLINK_STATUS 0 65 23687 1055 23 0. 0. -11045.23
65.968 1 DOWNLINK_STATUS 0 66 23687 1055 23 0. 0. -16045.88
66.968 1 DOWNLINK_STATUS 0 67 23687 1055 23 0. 0. -16045.88
66.986 1 WIND_INFO 1 42 0. 0. 0.
67.969 1 DOWNLINK_STATUS 0 68 23687 1055 23 0. 0. -16045.88
68.971 1 DOWNLINK_STATUS 0 69 23687 1055 23 0. 0. -16045.88
69.048 1 SVINFO 8 9 12 1 0 65 147
69.051 1 IMU_ACCEL 1.120117 -9.704102 1.613281
69.055 1 BAT 54 68 0 0 0 10 10 0
69.202 1 NAVIGATION 0 0 -3647056. -12774778. 1.76499030229e+14 1.76499030229e+14 0 0
69.205 1 ATTITUDE 0.10295 -2.24422 0.079281
69.212 1 DESIRED 0.11 -4.78 0.3 -49. 93. 210. -6. 20.
69.214 1 ESTIMATOR 738.484985 0.
69.417 1 ATTITUDE 0.102758 -2.243673 0.079285
69.420 1 WP_MOVED 1 360285. 4813715. 250. 31
69.426 1 GPS 0 -328677088 -796118272 0 738485 0 0 1782 531341500 31 9
69.428 1 SVINFO 9 10 0 1 0 -91 0
69.433 1 NAVIGATION 0 0 -3647056. -12774778. 1.76499030229e+14 1.76499030229e+14 0 0
69.436 1 ATTITUDE 0.10221 -2.243037 0.079134
69.443 1 DESIRED 0.11 -4.78 0.3 -49. 93. 210. -6. 20.
69.643 1 ATTITUDE 0.101737 -2.242633 0.079245
69.646 1 NAVIGATION_REF 360285 4813595 31
69.649 1 ATTITUDE 0.101096 -2.242119 0.079385
69.656 1 DESIRED 0.11 -4.78 0.3 -49. 93. 210. -6. 20.
69.662 1 GPS 0 -328677088 -796118272 0 738485 0 0 1782 531341750 31 10
69.664 1 SVINFO 10 11 12 1 0 33 83
69.667 1 IMU_GYRO -0.05835 0.011475 -0.006348
69.672 1 NAVIGATION 0 0 -3647056. -12774778. 1.76499030229e+14 1.76499030229e+14 0 0
69.885 1 ATTITUDE 0.098395 -2.240749 0.07794
69.888 1 ESTIMATOR 738.484985 0.
69.892 1 NAVIGATION 0 0 -3647056. -12774778. 1.76499030229e+14 1.76499030229e+14 0 0
69.897 1 GPS_SOL 87521592 100000 9999 0
69.898 1 ATTITUDE 0.098388 -2.240595 0.077896
69.905 1 DESIRED 0.11 -4.78 0.3 -49. 93. 210. -6. 20.
69.908 1 WP_MOVED 0 360327. 4813637. 250. 31
69.914 1 GPS 0 -328677088 -796118272 0 738485 0 0 1782 531342000 31 11
69.916 1 SVINFO 11 12 0 1 0 -91 0
69.971 1 DOWNLINK_STATUS 0 70 24381 1086 24 694. 31. -16045.88
70.165 1 NAVIGATION 0 0 -3647056. -12774778. 1.76499030229e+14 1.76499030229e+14 0 0
70.167 1 ATTITUDE 0.098446 -2.240332 0.077945
70.170 1 IMU_ACCEL 1.101562 -9.699219 1.613281
70.174 1 IMU_MAG -3.34082 -1.737305 -5.133789
70.177 1 ATTITUDE 0.098934 -2.240509 0.07798
70.184 1 DESIRED 0.11 -4.78 0.3 -49. 93. 210. -6. 20.
70.186 1 PPRZ_MODE 0 3 3 2 0 17
70.189 1 ATTITUDE 0.099124 -2.240492 0.077939
70.195 1 GPS 0 -328677088 -796118272 0 738485 0 0 1782 531342250 31 12
70.197 1 SVINFO 12 13 0 1 0 -91 0
70.199 1 DL_VALUE 7 0.
70.202 1 ENERGY 6.8 0. 0 0.
70.452 1 NAVIGATION 0 0 -3647056. -12774778. 1.76499030229e+14 1.76499030229e+14 0 0
70.454 1 ATTITUDE 0.098894 -2.239934 0.07791
70.462 1 DESIRED 0.11 -4.78 0.3 -49. 93. 210. -6. 20.
70.463 1 ESTIMATOR 738.484985 0.
70.467 1 IMU_GYRO -0.032959 0.009521 -0.00415
70.470 1 BAT 54 68 0 0 0 11 11 0
70.473 1 ATTITUDE 0.099123 -2.239842 0.077912
70.477 1 WP_MOVED 1 360285. 4813715. 250. 31
70.479 1 CALIBRATION 150. 0
70.484 1 GPS 0 -328677088 -796118272 0 738485 0 0 1782 531342500 31 13
70.487 1 SVINFO 13 17 12 1 0 27 196
70.683 1 NAVIGATION 0 0 -3647056. -12774778. 1.76499030229e+14 1.76499030229e+14 0 0
70.972 1 DOWNLINK_STATUS 0 71 24882 1110 24 501. 24. -21046.76
71.257 1 ATTITUDE 0.099437 -2.239797 0.077898
71.264 1 DESIRED 0.11 -4.78 0.3 -49. 93. 210. -6. 20.
71.267 1 ATTITUDE 0.100835 -2.240785 0.077999
71.270 1 ATTITUDE 0.100909 -2.240555 0.077797
71.277 1 DESIRED 0.11 -4.78 0.3 -49. 93. 210. -6. 20.
71.282 1 GPS 0 -328677088 -796118272 0 738485 0 0 1782 531342750 31 14
71.285 1 SVINFO 14 26 4 1 0 47 259
71.287 1 DOWNLINK 6 918 493
71.291 1 NAVIGATION 0 0 -3647056. -12774778. 1.76499030229e+14 1.76499030229e+14 0 0
71.294 1 CIRCLE 0. 120. 40.
71.578 1 ATTITUDE 0.100998 -2.240312 0.077681
71.581 1 ESTIMATOR 738.484985 0.
71.584 1 IMU_ACCEL 1.110352 -9.708984 1.584961
71.589 1 NAVIGATION 0 0 -3647056. -12774778. 1.76499030229e+14 1.76499030229e+14 0 0
71.929 1 ATTITUDE 0.101006 -2.240123 0.077608
71.935 1 DESIRED 0.11 -4.78 0.3 -49. 93. 210. -6. 20.
71.939 1 WP_MOVED 0 360327. 4813637. 250. 31
71.942 1 IMU_GYRO -0.031738 -0.005127 -0.001953
71.972 1 DOWNLINK_STATUS 0 72 25284 1128 24 402. 18. -21046.76
72.379 1 GPS 0 -328677088 -796118272 0 738485 0 0 1782 531343000 31 15
72.382 1 SVINFO 15 28 12 1 0 85 286
72.384 1 FBW_STATUS 0 48 0 68 0
72.390 1 NAVIGATION 0 0 -3647056. -12774778. 1.76499030229e+14 1.76499030229e+14 0 0
72.392 1 ATTITUDE 0.101626 -2.240442 0.077497
72.593 1 ATTITUDE 0.101748 -2.239474 0.077275
72.600 1 DESIRED 0.11 -4.78 0.3 -49. 93. 210. -6. 20.
72.602 1 PPRZ_MODE 0 3 3 2 0 17
72.604 1 STATE_FILTER_STATUS 3 0
72.607 1 ATTITUDE 0.102819 -2.240512 0.077347
72.613 1 GPS 0 -328677088 -796118272 0 738485 0 0 1782 531343250 31 16
72.615 1 SVINFO 0 1 12 1 0 22 106
72.620 1 NAVIGATION 0 0 -3647056. -12774778. 1.76499030229e+14 1.76499030229e+14 0 0
72.747 1 ATTITUDE 0.102314 -2.240099 0.077108
72.753 1 DESIRED 0.11 -4.78 0.3 -49. 93. 210. -6. 20.
72.756 1 ESTIMATOR 738.484985 0.
72.759 1 IMU_MAG -3.334473 -1.743652 -5.216797
72.973 1 DOWNLINK_STATUS 0 73 25646 1145 24 362. 17. -21046.76
72.994 1 ATTITUDE 0.102301 -2.239964 0.076997
72.998 1 WP_MOVED 1 360285. 4813715. 250. 31
73.001 1 BAT 54 68 0 0 0 12 12 0
73.007 1 GPS 0 -328677088 -796118272 0 738485 0 0 1782 531343500 31 1
73.009 1 SVINFO 1 2 4 1 0 -40 220
73.014 1 NAVIGATION 0 0 -3647056. -12774778. 1.76499030229e+14 1.76499030229e+14 0 0
73.017 1 ATTITUDE 0.10282 -2.240234 0.076991
73.024 1 DESIRED 0.11 -4.78 0.3 -49. 93. 210. -6. 20.
73.027 1 IMU_GYRO -0.038086 0.001953 -0.001953
73.208 1 ATTITUDE 0.102514 -2.239512 0.076748
73.211 1 IMU_ACCEL 1.125 -9.704102 1.647461
73.214 1 ATTITUDE 0.102094 -2.23902 0.076677
73.221 1 DESIRED 0.11 -4.78 0.3 -49. 93. 210. -6. 20.
73.226 1 GPS 0 -328677088 -796118272 0 738485 0 0 1782 531343750 31 2
73.229 1 SVINFO 2 3 4 1 0 0 45
73.231 1 DL_VALUE 8 0.
73.300 1 NAVIGATION 0 0 -3647056. -12774778. 1.76499030229e+14 1.76499030229e+14 0 0
73.518 1 ATTITUDE 0.102294 -2.239064 0.076671
73.521 1 ESTIMATOR 738.484985 0.
73.525 1 NAVIGATION 0 0 -3647056. -12774778. 1.76499030229e+14 1.76499030229e+14 0 0
73.528 1 CIRCLE 0. 120. 40.
73.531 1 GPS_SOL 87529456 100000 9999 0
73.534 1 ATTITUDE 0.102642 -2.239263 0.076635
73.541 1 DESIRED 0.11 -4.78 0.3 -49. 93. 210. -6. 20.
73.545 1 WP_MOVED 0 360327. 4813637. 250. 31
73.677 1 GPS 0 -328677088 -796118272 0 738485 0 0 1782 531344000 31 3
73.679 1 SVINFO 3 4 4 1 0 -23 186
73.684 1 NAVIGATION 0 0 -3647056. -12774778. 1.76499030229e+14 1.76499030229e+14 0 0
73.687 1 ATTITUDE 0.102841 -2.239279 0.076574
73.900 1 ATTITUDE 0.103409 -2.23955 0.076504
73.905 1 DESIRED 0.11 -4.78 0.3 -49. 93. 210. -6. 20.
73.907 1 IMU_GYRO -0.041504 0.006348 -0.001953
73.910 1 PPRZ_MODE 0 3 3 2 0 17
73.913 1 ATTITUDE 0.102856 -2.238952 0.076302
73.919 1 GPS 0 -328677088 -796118272 0 738485 0 0 1782 531344250 31 4
73.921 1 SVINFO 4 5 4 1 0 -10 250
73.926 1 NAVIGATION 0 0 -3647056. -12774778. 1.76499030229e+14 1.76499030229e+14 0 0
73.973 1 DOWNLINK_STATUS 0 74 26465 1182 24 819. 37. -21046.76
74.974 1 DOWNLINK_STATUS 0 75 26465 1182 24 0. 0. -21046.76
75.975 1 DOWNLINK_STATUS 0 76 26465 1182 24 0. 0. -26047.81
76.976 1 DOWNLINK_STATUS 0 77 26465 1182 24 0. 0. -26047.81
76.986 1 WIND_INFO 1 42 0. 0. 0.
77.978 1 DOWNLINK_STATUS 0 78 26465 1182 24 0. 0. -26047.81
78.980 1 DOWNLINK_STATUS 0 79 26465 1182 24 0. 0. -26047.81
79.981 1 DOWNLINK_STATUS 0 80 26465 1182 24 0. 0. -26047.81
80.983 1 DOWNLINK_STATUS 0 81 26465 1182 24 0. 0. -31048.53
81.523 1 ACTUATORS 1200,1550,1500,1500,1350
81.677 1 ATTITUDE 0. 0. 0.
81.683 1 GPS 0 0 0 0 0 0 0 0 0 0 0
81.685 1 PPRZ_MODE 0 0 0 0 0 17
81.689 1 NAVIGATION 0 0 -360285. -4813595. 2.33016571986e+13 2.33016571986e+13 0 0
81.863 1 ATTITUDE 0. 0. 0.
81.870 1 DESIRED 0. 0. 0.1 -43. 83. 210. 6. 20.
81.872 1 ESTIMATOR 738.484985 0.
81.876 1 BAT 54 68 0 0 0 0 0 0
81.879 1 ATTITUDE 0. 0. 0.
81.882 1 WP_MOVED 1 360285. 4813715. 250. 31
81.983 1 DOWNLINK_STATUS 0 82 26700 1193 24 235. 11. -31048.53
82.109 1 GPS 0 -328677088 -796118272 0 738485 0 0 1782 531353862 31 1
82.111 1 SVINFO 1 7 12 0 0 28 132
82.116 1 NAVIGATION 0 0 -3647056. -12774778. 1.76499030229e+14 1.76499030229e+14 0 0
82.119 1 ATTITUDE 0. 0. 0.
82.126 1 DESIRED 0. 0. 0.3 -49. 93. 210. -6. 20.
82.129 1 IMU_GYRO -0.049805 0.011475 -0.00415
82.132 1 ATTITUDE 0. 0. 0.
82.135 1 IMU_ACCEL 1.091797 -9.699219 1.537109
82.138 1 IMU_MAG -3.333008 -1.72998 -5.277344
82.361 1 ATTITUDE 0. 0. 0.
82.367 1 DESIRED 0. 0. 0.3 -49. 93. 210. -6. 20.
82.373 1 GPS 0 -328677088 -796118272 0 738485 0 0 1782 531354250 31 2
82.375 1 SVINFO 2 3 4 1 0 0 45
82.377 1 DL_VALUE 0 0.
82.382 1 NAVIGATION 0 0 -3647056. -12774778. 1.76499030229e+14 1.76499030229e+14 0 0
82.385 1 ATTITUDE 0. 0. 0.
82.387 1 ESTIMATOR 738.484985 0.
82.392 1 NAVIGATION 0 0 -3647056. -12774778. 1.76499030229e+14 1.76499030229e+14 0 0
82.395 1 GPS_SOL 89702848 100000 9999 0
82.647 1 ATTITUDE 0. 0. 0.
82.654 1 DESIRED 0. 0. 0.3 -49. 93. 210. -6. 20.
82.657 1 WP_MOVED 0 360327. 4813637. 250. 31
82.659 1 CALIBRATION 0. 0
82.665 1 GPS 0 -328677088 -796118272 0 738485 0 0 1782 531354500 31 3
82.667 1 SVINFO 3 4 4 1 0 -23 185
82.672 1 NAVIGATION 0 0 -3647056. -12774778. 1.76499030229e+14 1.76499030229e+14 0 0
82.675 1 ATTITUDE 0. 0. 0.
82.678 1 ATTITUDE 0. 0. 0.
82.685 1 DESIRED 0. 0. 0.3 -49. 93. 210. -6. 20.
82.688 1 IMU_GYRO -0.048828 0.010498 -0.00415
82.741 1 PPRZ_MODE 0 3 3 2 0 17
82.743 1 STATE_FILTER_STATUS 2 0
82.983 1 DOWNLINK_STATUS 0 83 27389 1225 24 689. 32. -31048.53
83.026 1 ATTITUDE 0. 0. 0.
83.031 1 GPS 0 -328677088 -796118272 0 738485 0 0 1782 531354750 31 4
83.034 1 SVINFO 4 5 4 1 0 -10 250
83.037 1 ENERGY 6.8 0. 0 0.
83.042 1 NAVIGATION 0 0 -3647056. -12774778. 1.76499030229e+14 1.76499030229e+14 0 0
83.045 1 CIRCLE 0. 120. 40.
83.048 1 ATTITUDE 0. 0. 0.
83.055 1 DESIRED 0. 0. 0.3 -49. 93. 210. -6. 20.
83.057 1 ESTIMATOR 738.484985 0.
83.061 1 ALIVE 120,141,72,194,245,154,175,11,203,60,224,93,123,65,177,72
83.064 1 ATTITUDE 0. 0. 0.
83.211 1 WP_MOVED 1 360285. 4813715. 250. 31
83.214 1 IMU_ACCEL 1.110352 -9.713867 1.589844
83.218 1 BAT 54 68 0 0 0 1 1 0
83.224 1 GPS 0 -328677088 -796118272 0 738485 0 0 1782 531355000 31 5
83.225 1 SVINFO 5 6 16 1 0 -91 0
83.231 1 NAVIGATION 0 0 -3647056. -12774778. 1.76499030229e+14 1.76499030229e+14 0 0
83.485 1 ATTITUDE 0. 0. 0.
83.492 1 DESIRED 0. 0. 0.3 -49. 93. 210. -6. 20.
83.493 1 DOWNLINK 0 285 69
83.496 1 ATTITUDE 0. 0. 0.
83.498 1 NAVIGATION_REF 360285 4813595 31
83.502 1 ATTITUDE 0. 0. 0.
83.509 1 DESIRED 0. 0. 0.3 -49. 93. 210. -6. 20.
83.514 1 GPS 0 -328677088 -796118272 0 738485 0 0 1782 531355250 31 6
83.516 1 SVINFO 6 7 12 1 0 28 132
83.519 1 IMU_GYRO -0.047852 0.009521 -0.00415
83.524 1 NAVIGATION 0 0 -3647056. -12774778. 1.76499030229e+14 1.76499030229e+14 0 0
83.727 1 ATTITUDE 0. 0. 0.
83.730 1 ESTIMATOR 738.484985 0.
83.734 1 NAVIGATION 0 0 -3647056. -12774778. 1.76499030229e+14 1.76499030229e+14 0 0
83.737 1 ATTITUDE 0. 0. 0.
83.744 1 DESIRED 0. 0. 0.3 -49. 93. 210. -6. 20.
83.747 1 WP_MOVED 0 360327. 4813637. 250. 31
83.751 1 IMU_MAG -3.339355 -1.731445 -5.251465
83.756 1 GPS 0 -328677088 -796118272 0 738485 0 0 1782 531355500 31 7
83.759 1 SVINFO 7 8 12 1 0 62 132
83.984 1 DOWNLINK_STATUS 0 84 28207 1262 24 818. 37. -31048.53
84.006 1 FBW_STATUS 0 50 0 68 0
84.011 1 NAVIGATION 0 0 -3647056. -12774778. 1.76499030229e+14 1.76499030229e+14 0 0
84.014 1 ATTITUDE 0. 0. 0.
84.017 1 ATTITUDE 0. 0. 0.
84.024 1 DESIRED 0. 0. 0.3 -49. 93. 210. -6. 20.
84.026 1 PPRZ_MODE 0 3 3 2 0 17
84.029 1 ATTITUDE 0. 0. 0.
84.035 1 GPS 0 -328677088 -796118272 0 738485 0 0 1782 531355750 31 8
84.037 1 SVINFO 8 9 12 1 0 65 147
84.040 1 IMU_ACCEL 1.134766 -9.704102 1.570312
84.042 1 DL_VALUE 1 0.
84.047 1 NAVIGATION 0 0 -3647056. -12774778. 1.76499030229e+14 1.76499030229e+14 0 0
84.251 1 ATTITUDE 0. 0. 0.
84.257 1 DESIRED 0. 0. 0.3 -49. 93. 210. -6. 20.
84.260 1 ESTIMATOR 738.484985 0.
84.263 1 IMU_GYRO -0.047852 0.009521 -0.00415
84.266 1 CIRCLE 0. 120. 40.
84.269 1 ATTITUDE 0. 0. 0.
84.272 1 WP_MOVED 1 360285. 4813715. 250. 31
84.278 1 GPS 0 -328677088 -796118272 0 738485 0 0 1782 531356000 31 9
84.281 1 SVINFO 9 10 0 1 0 -91 0
84.607 1 NAVIGATION 0 0 -3647056. -12774778. 1.76499030229e+14 1.76499030229e+14 0 0
84.610 1 ATTITUDE 0. 0. 0.
84.616 1 DESIRED 0. 0. 0.3 -49. 93. 210. -6. 20.
84.620 1 BAT 54 68 0 0 0 2 2 0
84.623 1 ATTITUDE 0. 0. 0.
84.626 1 ATTITUDE 0. 0. 0.
84.633 1 DESIRED 0. 0. 0.3 -49. 93. 210. -6. 20.
84.638 1 GPS 0 -328677088 -796118272 0 738485 0 0 1782 531356250 31 10
84.641 1 SVINFO 10 11 12 1 0 33 83
84.645 1 NAVIGATION 0 0 -3647056. -12774778. 1.76499030229e+14 1.76499030229e+14 0 0
84.895 1 ATTITUDE 0. 0. 0.
84.898 1 ESTIMATOR 738.484985 0.
84.902 1 NAVIGATION 0 0 -3647056. -12774778. 1.76499030229e+14 1.76499030229e+14 0 0
84.905 1 GPS_SOL 89703784 100000 9999 0
84.908 1 ATTITUDE 0. 0. 0.
84.916 1 DESIRED 0. 0. 0.3 -49. 93. 210. -6. 20.
84.918 1 WP_MOVED 0 360327. 4813637. 250. 31
84.922 1 IMU_GYRO -0.048828 0.009521 -0.005127
84.927 1 GPS 0 -328677088 -796118272 0 738485 0 0 1782 531356500 31 11
84.930 1 SVINFO 11 12 0 1 0 -91 0
84.934 1 NAVIGATION 0 0 -3647056. -12774778. 1.76499030229e+14 1.76499030229e+14 0 0
84.984 1 DOWNLINK_STATUS 0 85 29137 1304 24 930. 42. -31048.53
85.002 1 ATTITUDE 0. 0. 0.
85.005 1 IMU_ACCEL 1.101562 -9.708984 1.575195
85.007 1 CALIBRATION 0. 0
85.290 1 ATTITUDE 0. 0. 0.
85.298 1 DESIRED 0. 0. 0.3 -49. 93. 210. -6. 20.
85.299 1 PPRZ_MODE 0 3 3 2 0 17
85.302 1 ATTITUDE 0. 0. 0.
85.309 1 GPS 0 -328677088 -796118272 0 738485 0 0 1782 531356750 31 12
85.310 1 SVINFO 12 13 0 1 0 -91 0
85.313 1 IMU_MAG -3.337891 -1.73877 -5.253418
85.318 1 NAVIGATION 0 0 -3647056. -12774778. 1.76499030229e+14 1.76499030229e+14 0 0
85.321 1 ATTITUDE 0. 0. 0.
85.328 1 DESIRED 0. 0. 0.3 -49. 93. 210. -6. 20.
85.330 1 ESTIMATOR 738.484985 0.
85.332 1 STATE_FILTER_STATUS 2 0
85.388 1 CIRCLE 0. 120. 40.
85.650 1 ATTITUDE 0. 0. 0.
85.653 1 WP_MOVED 1 360285. 4813715. 250. 31
85.659 1 GPS 0 -328677088 -796118272 0 738485 0 0 1782 531357000 31 13
85.661 1 SVINFO 13 17 12 1 0 27 196
85.666 1 NAVIGATION 0 0 -3647056. -12774778. 1.76499030229e+14 1.76499030229e+14 0 0
85.669 1 ATTITUDE 0. 0. 0.
85.675 1 DESIRED 0. 0. 0.3 -49. 93. 210. -6. 20.
85.679 1 IMU_GYRO -0.048828 0.009521 -0.00415
85.682 1 ATTITUDE 0. 0. 0.
85.685 1 BAT 54 68 0 0 0 3 3 0
85.985 1 DOWNLINK_STATUS 0 86 29682 1330 24 545. 26. -36049.41
86.986 1 WIND_INFO 1 42 0. 0. 0.
86.986 1 DOWNLINK_STATUS 0 87 29682 1330 24 0. 0. -36049.41
87.988 1 DOWNLINK_STATUS 0 88 29682 1330 24 0. 0. -36049.41
88.053 1 ATTITUDE 0. 0. 0.
88.060 1 DESIRED 0. 0. 0. 0. 0. 0. 0. 20.
88.062 1 PPRZ_MODE 2 0 0 0 0 6
88.220 1 ACTUATORS 1200,1550,1500,1500,1350
88.223 1 ATTITUDE 0. 0. 0.
88.229 1 GPS 0 0 0 0 0 0 0 0 0 0 0
88.231 1 PPRZ_MODE 0 0 0 0 0 17
88.236 1 NAVIGATION 0 0 -360285. -4813595. 2.33016571986e+13 2.33016571986e+13 0 0
88.406 1 ATTITUDE 0. 0. 0.
88.413 1 DESIRED 0. 0. 0.1 -43. 83. 210. 6. 20.
88.414 1 ESTIMATOR 738.484985 0.
88.420 1 BAT 54 68 0 0 0 0 0 0
88.422 1 ATTITUDE 0. 0. 0.
88.425 1 WP_MOVED 1 360285. 4813715. 250. 31
88.989 1 DOWNLINK_STATUS 0 89 29985 1344 24 303. 14. -36049.41
89.990 1 DOWNLINK_STATUS 0 90 29985 1344 24 0. 0. -36049.41
90.991 1 DOWNLINK_STATUS 0 91 29985 1344 24 0. 0. -41050.43
91.993 1 DOWNLINK_STATUS 0 92 29985 1344 24 0. 0. -41050.43
92.993 1 DOWNLINK_STATUS 0 93 29985 1344 24 0. 0. -41050.43
93.994 1 DOWNLINK_STATUS 0 94 29985 1344 24 0. 0. -41050.43
94.995 1 DOWNLINK_STATUS 0 95 29985 1344 24 0. 0. -41050.43
95.996 1 DOWNLINK_STATUS 0 96 29985 1344 24 0. 0. -46051.38
96.986 1 WIND_INFO 1 42 0. 0. 0.
96.997 1 DOWNLINK_STATUS 0 97 29985 1344 24 0. 0. -46051.38
97.999 1 DOWNLINK_STATUS 0 98 29985 1344 24 0. 0. -46051.38
99.000 1 DOWNLINK_STATUS 0 99 29985 1344 24 0. 0. -46051.38
100.001 1 DOWNLINK_STATUS 0 100 29985 1344 24 0. 0. -46051.38
101.003 1 DOWNLINK_STATUS 0 101 29985 1344 24 0. 0. -51052.75
102.004 1 DOWNLINK_STATUS 0 102 29985 1344 24 0. 0. -51052.75
103.005 1 DOWNLINK_STATUS 0 103 29985 1344 24 0. 0. -51052.75
104.006 1 DOWNLINK_STATUS 0 104 29985 1344 24 0. 0. -51052.75
105.007 1 DOWNLINK_STATUS 0 105 29985 1344 24 0. 0. -51052.75
106.008 1 DOWNLINK_STATUS 0 106 29985 1344 24 0. 0. -56053.26
106.986 1 WIND_INFO 1 42 0. 0. 0.
107.008 1 DOWNLINK_STATUS 0 107 29985 1344 24 0. 0. -56053.26
108.010 1 DOWNLINK_STATUS 0 108 29985 1344 24 0. 0. -56053.26
109.011 1 DOWNLINK_STATUS 0 109 29985 1344 24 0. 0. -56053.26
110.012 1 DOWNLINK_STATUS 0 110 29985 1344 24 0. 0. -56053.26
111.012 1 DOWNLINK_STATUS 0 111 29985 1344 24 0. 0. -61053.48
112.013 1 DOWNLINK_STATUS 0 112 29985 1344 24 0. 0. -61053.48
113.015 1 DOWNLINK_STATUS 0 113 29985 1344 24 0. 0. -61053.48
114.015 1 DOWNLINK_STATUS 0 114 29985 1344 24 0. 0. -61053.48
115.017 1 DOWNLINK_STATUS 0 115 29985 1344 24 0. 0. -61053.48
116.017 1 DOWNLINK_STATUS 0 116 29985 1344 24 0. 0. -66054.92
116.986 1 WIND_INFO 1 42 0. 0. 0.
117.019 1 DOWNLINK_STATUS 0 117 29985 1344 24 0. 0. -66054.92
118.020 1 DOWNLINK_STATUS 0 118 29985 1344 24 0. 0. -66054.92
119.021 1 DOWNLINK_STATUS 0 119 29985 1344 24 0. 0. -66054.92
120.023 1 DOWNLINK_STATUS 0 120 29985 1344 24 0. 0. -66054.92
121.024 1 DOWNLINK_STATUS 0 121 29985 1344 24 0. 0. -71055.9
122.025 1 DOWNLINK_STATUS 0 122 29985 1344 24 0. 0. -71055.9
123.025 1 DOWNLINK_STATUS 0 123 29985 1344 24 0. 0. -71055.9
124.026 1 DOWNLINK_STATUS 0 124 29985 1344 24 0. 0. -71055.9
125.028 1 DOWNLINK_STATUS 0 125 29985 1344 24 0. 0. -71055.9
126.029 1 DOWNLINK_STATUS 0 126 29985 1344 24 0. 0. -76057.19
126.986 1 WIND_INFO 1 42 0. 0. 0.
127.029 1 DOWNLINK_STATUS 0 127 29985 1344 24 0. 0. -76057.19
128.030 1 DOWNLINK_STATUS 0 128 29985 1344 24 0. 0. -76057.19
129.031 1 DOWNLINK_STATUS 0 129 29985 1344 24 0. 0. -76057.19
130.032 1 DOWNLINK_STATUS 0 130 29985 1344 24 0. 0. -76057.19
131.034 1 DOWNLINK_STATUS 0 131 29985 1344 24 0. 0. -81057.84
132.035 1 DOWNLINK_STATUS 0 132 29985 1344 24 0. 0. -81057.84
133.037 1 DOWNLINK_STATUS 0 133 29985 1344 24 0. 0. -81057.84
134.038 1 DOWNLINK_STATUS 0 134 29985 1344 24 0. 0. -81057.84
135.039 1 DOWNLINK_STATUS 0 135 29985 1344 24 0. 0. -81057.84
136.040 1 DOWNLINK_STATUS 0 136 29985 1344 24 0. 0. -86058.92
