4.333 2 GPS 0 0 0 0 0 0 0 0 0 0 1
4.427 2 IMU_GYRO -0.028564 0.02002 -0.046631
4.485 2 DESIRED 34.91 0.03 0. 0. 0. 655. 0. 15.
4.533 2 BAT 40 162 0 0 1 75 75 0
4.536 2 WP_MOVED 1 348865. 5945715. 660. 12
4.583 2 GPS 0 0 0 0 0 0 0 0 0 0 1
4.610 2 FBW_STATUS 0 46 0 162 2
4.626 2 ESTIMATOR 0. 0.
4.728 2 ATTITUDE -0.287816 2.68108 0.289461
4.833 2 GPS 0 0 0 0 0 0 0 0 0 0 1
5.029 2 WP_MOVED 2 348895. 5945815. 660. 12
5.044 2 DOWNLINK_STATUS 0 5 1944 87 0 385. 17. 0.
5.083 2 GPS 0 0 0 0 0 0 0 0 0 0 1
5.126 2 ESTIMATOR 0. 0.
5.234 2 NAVIGATION 5 1 0. 0. 0. 0. 0 0
5.237 2 ATTITUDE -0.281016 2.653824 0.289424
5.333 2 GPS 0 0 0 0 0 0 0 0 0 0 1
5.425 2 DOWNLINK 0 376 1713
5.543 2 GPS_SOL 0 0 0 0
5.547 2 IMU_GYRO -0.028564 0.02124 -0.047852
5.553 2 DESIRED 34.91 0.03 0. 0. 0. 655. 0. 15.
5.557 2 WP_MOVED 3 348965.09375 5945786. 660. 12
5.585 2 GPS 0 0 0 0 0 0 0 0 0 0 1
5.586 2 PONG 
5.633 2 DL_VALUE 21 0.1
5.636 2 BAT 40 161 0 0 1 76 76 0
5.639 2 ESTIMATOR 0. 0.
5.728 2 ATTITUDE -0.274195 2.626698 0.289351
5.834 2 GPS 0 0 0 0 0 0 0 0 0 0 1
5.924 2 CALIBRATION 0. 0
6.028 2 WP_MOVED 4 348764.6875 5945795. 660. 12
6.045 2 DOWNLINK_STATUS 0 6 2339 106 0 395. 19. 44.94
6.083 2 GPS 0 0 0 0 0 0 0 0 0 0 1
6.126 2 ESTIMATOR 0. 0.
6.234 2 NAVIGATION 4 0 0. 0. 0. 0. 0 0
6.237 2 ATTITUDE -0.267596 2.599534 0.289206
6.333 2 GPS 0 0 0 0 0 0 0 0 0 0 1
6.528 2 WP_MOVED 5 348740. 5945760. 660. 12
6.592 2 DESIRED 34.91 0.03 5.1 -64. 24. 660. 2. 15.
6.598 2 GPS 0 0 0 0 0 0 0 0 0 0 1
6.610 2 FBW_STATUS 0 50 0 162 2
6.635 2 ENERGY 16.200001 0.002 0 0.0324
6.638 2 IMU_GYRO -0.028564 0.02124 -0.046631
6.641 2 ESTIMATOR 0. 0.
6.678 2 CIRCLE 30. 100. 100.
6.732 2 BAT 40 162 0 0 0 1 1 0
6.736 2 ATTITUDE -0.261011 2.57244 0.288936
6.834 2 GPS 0 0 0 0 0 0 0 0 0 0 1
7.028 2 WP_MOVED 6 348665. 5945815. 660. 12
7.046 2 DOWNLINK_STATUS 0 7 2731 123 0 392. 17. 44.94
7.083 2 GPS 0 0 0 0 0 0 0 0 0 0 1
7.128 2 DL_VALUE 22 0.
7.130 2 ESTIMATOR 0. 0.
7.234 2 NAVIGATION 4 0 0. 0. 0. 0. 0 0
7.237 2 ATTITUDE -0.25456 2.545498 0.28863
7.333 2 GPS 0 0 0 0 0 0 0 0 0 0 1
7.428 2 NAVIGATION_REF 348865 5945715 12 605.
7.532 2 GPS_SOL 0 0 0 0
7.535 2 WP_MOVED 7 349065. 5946015. 660. 12
7.583 2 GPS 0 0 0 0 0 0 0 0 0 0 1
7.639 2 DESIRED 34.91 0.03 5.1 -64. 24. 660. 2. 15.
7.640 2 ESTIMATOR 0. 0.
7.735 2 IMU_GYRO -0.029785 0.018066 -0.046631
7.738 2 CIRCLE 30. 100. 100.
7.741 2 ATTITUDE -0.248211 2.51845 0.288123
7.835 2 BAT 40 162 0 0 0 2 2 0
7.841 2 GPS 0 0 0 0 0 0 0 0 0 0 1
8.029 2 CALIBRATION 0. 0
8.032 2 WP_MOVED 0 348907. 5945757. 660. 12
8.046 2 DOWNLINK_STATUS 0 8 3146 142 0 415. 19. 44.94
8.083 2 GPS 0 0 0 0 0 0 0 0 0 0 1
8.126 2 ESTIMATOR 0. 0.
8.234 2 NAVIGATION 4 0 0. 0. 0. 0. 0 0
8.237 2 ATTITUDE -0.24194 2.491436 0.287575
8.333 2 GPS 0 0 0 0 0 0 0 0 0 0 1
8.411 2 ACTUATORS |1004,1003,1500,1500,1500,1500|
8.511 2 COMMANDS |40,-14,-14,0,-28,-9548|
8.528 2 WP_MOVED 1 348865. 5945715. 660. 12
8.583 2 GPS 0 0 0 0 0 0 0 0 0 0 1
8.609 2 FBW_STATUS 0 48 0 162 2
8.627 2 DL_VALUE 23 0.05
8.629 2 ESTIMATOR 0. 0.
8.686 2 DESIRED 34.91 0.02 5.1 -64. 24. 660. 2. 15.
8.727 2 STATE_FILTER_STATUS 3 0
8.730 2 ATTITUDE -0.235748 2.464601 0.28706
8.777 2 CIRCLE 30. 100. 100.
8.834 2 IMU_GYRO -0.028564 0.02002 -0.047852
8.840 2 GPS 0 0 0 0 0 0 0 0 0 0 1
8.929 2 PPRZ_MODE 0 3 3 2 0 17
8.933 2 BAT 40 162 0 0 0 3 3 0
9.033 2 ALIVE |24,153,203,46,94,124,252,34,39,212,19,123,166,115,201,244|
9.037 2 WP_MOVED 2 348895. 5945815. 660. 12
9.047 2 DOWNLINK_STATUS 0 9 3611 164 0 465. 22. 44.94
9.083 2 GPS 0 0 0 0 0 0 0 0 0 0 1
9.131 2 ENERGY 16.200001 0.002 0 0.0324
9.134 2 ESTIMATOR 0. 0.
9.234 2 NAVIGATION 4 0 0. 0. 0. 0. 0 0
9.237 2 ATTITUDE -0.229755 2.437826 0.286517
9.333 2 GPS 0 0 0 0 0 0 0 0 0 0 1
9.531 2 GPS_SOL 0 0 0 0
9.534 2 WP_MOVED 3 348965.09375 5945786. 660. 12
9.583 2 GPS 0 0 0 0 0 0 0 0 0 0 1
9.625 2 ESTIMATOR 0. 0.
9.739 2 DESIRED 34.91 0.02 5.1 -64. 24. 660. 2. 15.
9.742 2 ATTITUDE -0.223492 2.41124 0.285842
9.834 2 CIRCLE 30. 100. 100.
9.840 2 GPS 0 0 0 0 0 0 0 0 0 0 1
9.927 2 IMU_GYRO -0.028564 0.02002 -0.047852
10.032 2 BAT 40 161 0 0 0 4 4 0
10.036 2 WP_MOVED 4 348764.6875 5945795. 660. 12
10.048 2 DOWNLINK_STATUS 0 10 4005 181 0 394. 17. 44.94
10.083 2 GPS 0 0 0 0 0 0 0 0 0 0 1
10.130 2 CALIBRATION 0. 0
10.132 2 DL_VALUE 24 0.
10.134 2 ESTIMATOR 0. 0.
10.234 2 NAVIGATION 4 0 0. 0. 0. 0. 0 0
10.237 2 ATTITUDE -0.217671 2.384614 0.285088
10.333 2 GPS 0 0 0 0 0 0 0 0 0 0 1
10.528 2 DOWNLINK 0 408 1809
10.531 2 WP_MOVED 5 348740. 5945760. 660. 12
10.583 2 GPS 0 0 0 0 0 0 0 0 0 0 1
10.594 2 PONG 
10.612 2 FBW_STATUS 0 50 0 162 2
10.628 2 ESTIMATOR 0. 0.
10.727 2 ATTITUDE -0.211897 2.357862 0.284339
10.785 2 DESIRED 34.91 0.02 5.1 -64. 24. 660. 2. 15.
10.833 2 GPS 0 0 0 0 0 0 0 0 0 0 1
10.877 2 CIRCLE 30. 100. 100.
11.032 2 IMU_GYRO -0.029785 0.025391 -0.046631
11.035 2 WP_MOVED 6 348665. 5945815. 660. 12
11.049 2 DOWNLINK_STATUS 0 11 4395 200 0 390. 19. 52.62
11.083 2 GPS 0 0 0 0 0 0 0 0 0 0 1
11.131 2 BAT 40 162 0 0 0 5 5 0
11.134 2 ESTIMATOR 0. 0.
11.234 2 NAVIGATION 4 0 0. 0. 0. 0. 0 0
11.237 2 ATTITUDE -0.206214 2.331147 0.283361
11.333 2 GPS 0 0 0 0 0 0 0 0 0 0 1
11.531 2 GPS_SOL 0 0 0 0
11.534 2 WP_MOVED 7 349065. 5946015. 660. 12
11.583 2 GPS 0 0 0 0 0 0 0 0 0 0 1
11.633 2 ENERGY 16.200001 0.002 0 0.0324
11.635 2 DL_VALUE 25 1.000074
11.637 2 ESTIMATOR 0. 0.
11.727 2 ATTITUDE -0.200543 2.304566 0.282187
11.842 2 DESIRED 34.91 0.02 5.1 -64. 24. 660. 2. 15.
11.848 2 GPS 0 0 0 0 0 0 0 0 0 0 1
11.927 2 CIRCLE 30. 100. 100.
12.028 2 WP_MOVED 0 348907. 5945757. 660. 12
12.050 2 DOWNLINK_STATUS 0 12 4782 217 0 387. 17. 52.62
12.083 2 GPS 0 0 0 0 0 0 0 0 0 0 1
12.130 2 IMU_GYRO -0.028564 0.02002 -0.047852
12.133 2 ESTIMATOR 0. 0.
12.238 2 CALIBRATION 0. 0
12.241 2 BAT 40 162 0 0 0 6 6 0
12.247 2 NAVIGATION 4 0 0. 0. 0. 0. 0 0
12.250 2 ATTITUDE -0.194808 2.278154 0.281118
12.333 2 GPS 0 0 0 0 0 0 0 0 0 0 1
12.527 2 WP_MOVED 1 348865. 5945715. 660. 12
12.582 2 GPS 0 0 0 0 0 0 0 0 0 0 1
12.609 2 FBW_STATUS 0 49 0 162 2
12.625 2 ESTIMATOR 0. 0.
12.727 2 ATTITUDE -0.189441 2.251582 0.279803
12.833 2 GPS 0 0 0 0 0 0 0 0 0 0 1
12.885 2 DESIRED 34.91 0.02 5.1 -64. 24. 660. 2. 15.
12.977 2 CIRCLE 30. 100. 100.
13.028 2 WP_MOVED 2 348895. 5945815. 660. 12
13.051 2 DOWNLINK_STATUS 0 13 5165 234 0 383. 17. 52.62
13.083 2 GPS 0 0 0 0 0 0 0 0 0 0 1
13.127 2 DL_VALUE 26 0.298451
13.129 2 ESTIMATOR 0. 0.
13.236 2 IMU_GYRO -0.027588 0.019043 -0.047852
13.241 2 NAVIGATION 4 0 0. 0. 0. 0. 0 0
13.244 2 ATTITUDE -0.183877 2.225169 0.278449
13.335 2 BAT 40 162 0 0 0 7 7 0
13.340 2 GPS 0 0 0 0 0 0 0 0 0 0 1
13.410 2 ACTUATORS |1004,1003,1500,1500,1500,1499|
13.510 2 COMMANDS |40,-14,-14,0,-28,-9548|
13.531 2 GPS_SOL 0 0 0 0
13.534 2 WP_MOVED 3 348965.09375 5945786. 660. 12
13.582 2 GPS 0 0 0 0 0 0 0 0 0 0 1
13.625 2 ESTIMATOR 0. 0.
13.727 2 STATE_FILTER_STATUS 3 0
13.730 2 ATTITUDE -0.178607 2.198802 0.277213
13.833 2 GPS 0 0 0 0 0 0 0 0 0 0 1
13.933 2 PPRZ_MODE 0 3 3 2 0 17
13.939 2 DESIRED 34.91 0.02 5.1 -64. 24. 660. 2. 15.
14.037 2 ALIVE |24,153,203,46,94,124,252,34,39,212,19,123,166,115,201,244|
14.040 2 CIRCLE 30. 100. 100.
14.044 2 WP_MOVED 4 348764.6875 5945795. 660. 12
14.052 2 DOWNLINK_STATUS 0 14 5632 256 0 467. 22. 52.62
14.083 2 GPS 0 0 0 0 0 0 0 0 0 0 1
14.131 2 ENERGY 16.200001 0.002 0 0.0324
14.133 2 ESTIMATOR 0. 0.
14.234 2 NAVIGATION 4 0 0. 0. 0. 0. 0 0
14.237 2 ATTITUDE -0.17333 2.172493 0.275896
14.335 2 CALIBRATION 0. 0
14.338 2 IMU_GYRO -0.031738 0.036133 -0.047852
14.343 2 GPS 0 0 0 0 0 0 0 0 0 0 1
14.428 2 BAT 40 162 0 0 0 9 9 0
14.527 2 WP_MOVED 5 348740. 5945760. 660. 12
14.561 2 WIND_INFO 2 42 0. 0. 0.
14.583 2 GPS 0 0 0 0 0 0 0 0 0 0 1
14.612 2 FBW_STATUS 0 47 0 162 2
14.629 2 DL_VALUE 27 1.
14.631 2 ESTIMATOR 0. 0.
14.727 2 ATTITUDE -0.167875 2.146173 0.274573
14.833 2 GPS 0 0 0 0 0 0 0 0 0 0 1
14.985 2 DESIRED 34.91 0.02 5.1 -64. 24. 660. 2. 15.
15.028 2 WP_MOVED 6 348665. 5945815. 660. 12
15.053 2 DOWNLINK_STATUS 0 15 6028 274 0 396. 18. 52.62
15.084 2 CIRCLE 30. 100. 100.
15.090 2 GPS 0 0 0 0 0 0 0 0 0 0 1
15.125 2 ESTIMATOR 0. 0.
15.234 2 NAVIGATION 4 0 0. 0. 0. 0. 0 0
15.237 2 ATTITUDE -0.163023 2.119933 0.273133
15.332 2 GPS 0 0 0 0 0 0 0 0 0 0 1
15.427 2 IMU_GYRO -0.028564 0.014893 -0.047852
15.535 2 GPS_SOL 0 0 0 0
15.539 2 BAT 40 162 0 0 0 10 10 0
15.542 2 WP_MOVED 7 349065. 5946015. 660. 12
15.583 2 GPS 0 0 0 0 0 0 0 0 0 0 1
15.595 2 PONG 
15.627 2 DOWNLINK 0 418 1907
15.629 2 ESTIMATOR 0. 0.
15.727 2 ATTITUDE -0.157915 2.093669 0.27157
15.833 2 GPS 0 0 0 0 0 0 0 0 0 0 1
16.039 2 DESIRED 34.91 0.02 5.1 -64. 24. 660. 2. 15.
16.043 2 WP_MOVED 0 348907. 5945757. 660. 12
16.054 2 DOWNLINK_STATUS 0 16 6419 292 0 391. 18. 52.74
16.082 2 GPS 0 0 0 0 0 0 0 0 0 0 1
16.131 2 DL_VALUE 28 0.
16.134 2 CIRCLE 30. 100. 100.
16.136 2 ESTIMATOR 0. 0.
16.234 2 NAVIGATION 4 0 0. 0. 0. 0. 0 0
16.237 2 ATTITUDE -0.15295 2.067511 0.269972
16.332 2 GPS 0 0 0 0 0 0 0 0 0 0 1
16.429 2 NAVIGATION_REF 348865 5945715 12 605.
16.431 2 CALIBRATION 0. 0
16.531 2 IMU_GYRO -0.029785 0.022217 -0.047852
16.535 2 WP_MOVED 1 348865. 5945715. 660. 12
16.583 2 GPS 0 0 0 0 0 0 0 0 0 0 1
16.609 2 FBW_STATUS 0 46 0 162 2
16.635 2 ENERGY 16.200001 0.002 0 0.0324
16.639 2 BAT 40 162 0 0 0 11 11 0
16.641 2 ESTIMATOR 0. 0.
16.727 2 ATTITUDE -0.148128 2.041364 0.268366
16.833 2 GPS 0 0 0 0 0 0 0 0 0 0 1
17.027 2 WP_MOVED 2 348895. 5945815. 660. 12
17.055 2 DOWNLINK_STATUS 0 17 6814 311 0 395. 19. 52.74
17.091 2 DESIRED 34.91 0.02 5.1 -64. 24. 660. 2. 15.
17.097 2 GPS 0 0 0 0 0 0 0 0 0 0 1
17.125 2 ESTIMATOR 0. 0.
17.176 2 CIRCLE 30. 100. 100.
17.233 2 NAVIGATION 4 0 0. 0. 0. 0. 0 0
17.237 2 ATTITUDE -0.143414 2.015282 0.266657
17.332 2 GPS 0 0 0 0 0 0 0 0 0 0 1
17.530 2 GPS_SOL 0 0 0 0
17.534 2 WP_MOVED 3 348965.09375 5945786. 660. 12
17.583 2 GPS 0 0 0 0 0 0 0 0 0 0 1
17.631 2 DL_VALUE 29 100.
17.634 2 IMU_GYRO -0.028564 0.02002 -0.047852
17.637 2 ESTIMATOR 0. 0.
17.732 2 BAT 40 162 0 0 0 12 12 0
17.735 2 ATTITUDE -0.138686 1.989132 0.264888
17.833 2 GPS 0 0 0 0 0 0 0 0 0 0 1
18.027 2 WP_MOVED 4 348764.6875 5945795. 660. 12
18.056 2 DOWNLINK_STATUS 0 18 7199 328 0 385. 17. 52.74
18.082 2 GPS 0 0 0 0 0 0 0 0 0 0 1
18.137 2 DESIRED 34.91 0.01 5.1 -64. 24. 660. 2. 15.
18.140 2 ESTIMATOR 0. 0.
18.236 2 CIRCLE 30. 100. 100.
18.240 2 NAVIGATION 4 0 0. 0. 0. 0. 0 0
18.244 2 ATTITUDE -0.134149 1.963097 0.263077
18.332 2 GPS 0 0 0 0 0 0 0 0 0 0 1
18.410 2 ACTUATORS |1004,1003,1500,1500,1500,1499|
18.510 2 COMMANDS |40,-14,-14,0,-28,-9548|
18.528 2 CALIBRATION 0. 0
18.532 2 WP_MOVED 5 348740. 5945760. 660. 12
18.583 2 GPS 0 0 0 0 0 0 0 0 0 0 1
18.609 2 FBW_STATUS 0 51 0 162 2
18.625 2 ESTIMATOR 0. 0.
18.730 2 STATE_FILTER_STATUS 3 0
18.734 2 IMU_GYRO -0.031738 0.032959 -0.047852
18.737 2 ATTITUDE -0.129617 1.937081 0.26126
18.835 2 BAT 40 162 0 0 0 13 13 0
18.841 2 GPS 0 0 0 0 0 0 0 0 0 0 1
18.924 2 PPRZ_MODE 0 3 3 2 0 17
19.032 2 ALIVE |24,153,203,46,94,124,252,34,39,212,19,123,166,115,201,244|
19.036 2 WP_MOVED 6 348665. 5945815. 660. 12
19.057 2 DOWNLINK_STATUS 0 19 7664 350 0 465. 22. 52.74
19.082 2 GPS 0 0 0 0 0 0 0 0 0 0 1
19.132 2 ENERGY 16.200001 0.002 0 0.0324
19.134 2 DL_VALUE 30 0.
19.137 2 ESTIMATOR 0. 0.
19.184 2 DESIRED 34.91 0.01 5.1 -64. 24. 660. 2. 15.
19.233 2 NAVIGATION 4 0 0. 0. 0. 0. 0 0
19.236 2 ATTITUDE -0.125166 1.911018 0.259402
19.277 2 CIRCLE 30. 100. 100.
19.332 2 GPS 0 0 0 0 0 0 0 0 0 0 1
19.531 2 GPS_SOL 0 0 0 0
19.534 2 WP_MOVED 7 349065. 5946015. 660. 12
19.583 2 GPS 0 0 0 0 0 0 0 0 0 0 1
19.625 2 ESTIMATOR 0. 0.
19.727 2 ATTITUDE -0.120529 1.885086 0.257422
19.833 2 IMU_GYRO -0.027588 0.016846 -0.046631
19.839 2 GPS 0 0 0 0 0 0 0 0 0 0 1
19.927 2 BAT 40 162 0 0 0 14 14 0
20.027 2 WP_MOVED 0 348907. 5945757. 660. 12
20.058 2 DOWNLINK_STATUS 0 20 8069 368 0 405. 18. 52.74
20.082 2 GPS 0 0 0 0 0 0 0 0 0 0 1
20.125 2 ESTIMATOR 0. 0.
20.244 2 DESIRED 34.91 0.01 5.1 -64. 24. 660. 2. 15.
20.248 2 NAVIGATION 4 0 0. 0. 0. 0. 0 0
20.251 2 ATTITUDE -0.116279 1.859223 0.255457
20.334 2 CIRCLE 30. 100. 100.
20.339 2 GPS 0 0 0 0 0 0 0 0 0 0 1
20.528 2 WP_MOVED 1 348865. 5945715. 660. 12
20.584 2 GPS 0 0 0 0 0 0 0 0 0 0 1
20.595 2 PONG 
20.613 2 FBW_STATUS 0 51 0 162 2
20.630 2 CALIBRATION 0. 0
20.632 2 DL_VALUE 31 2.
20.634 2 ESTIMATOR 0. 0.
20.728 2 DOWNLINK 0 406 2003
20.731 2 ATTITUDE -0.112117 1.833329 0.253484
20.832 2 GPS 0 0 0 0 0 0 0 0 0 0 1
20.926 2 IMU_GYRO -0.029785 0.024414 -0.048828
21.032 2 BAT 40 162 0 0 0 15 15 0
21.035 2 WP_MOVED 2 348895. 5945815. 660. 12
21.059 2 DOWNLINK_STATUS 0 21 8480 388 0 411. 20. 52.42
21.082 2 GPS 0 0 0 0 0 0 0 0 0 0 1
21.125 2 ESTIMATOR 0. 0.
21.234 2 NAVIGATION 4 0 0. 0. 0. 0. 0 0
21.237 2 ATTITUDE -0.107844 1.807517 0.251571
21.284 2 DESIRED 34.91 0.01 5.1 -64. 24. 660. 2. 15.
21.332 2 GPS 0 0 0 0 0 0 0 0 0 0 1
21.377 2 CIRCLE 30. 100. 100.
21.531 2 GPS_SOL 0 0 0 0
21.534 2 WP_MOVED 3 348965.09375 5945786. 660. 12
21.583 2 GPS 0 0 0 0 0 0 0 0 0 0 1
21.631 2 ENERGY 16.200001 0.002 0 0.0324
21.632 2 ESTIMATOR 0. 0.
21.726 2 ATTITUDE -0.103873 1.781655 0.249627
21.832 2 GPS 0 0 0 0 0 0 0 0 0 0 1
22.031 2 IMU_GYRO -0.028564 0.016846 -0.046631
22.034 2 WP_MOVED 4 348764.6875 5945795. 660. 12
22.059 2 DOWNLINK_STATUS 0 22 8853 404 0 373. 16. 52.42
22.082 2 GPS 0 0 0 0 0 0 0 0 0 0 1
22.131 2 DL_VALUE 32 0.
22.135 2 BAT 40 162 0 0 0 16 16 0
22.137 2 ESTIMATOR 0. 0.
22.234 2 NAVIGATION 4 0 0. 0. 0. 0. 0 0
22.237 2 ATTITUDE -0.100019 1.755836 0.247627
22.342 2 DESIRED 34.91 0.01 5.1 -64. 24. 660. 2. 15.
22.347 2 GPS 0 0 0 0 0 0 0 0 0 0 1
22.426 2 CIRCLE 30. 100. 100.
22.527 2 WP_MOVED 5 348740. 5945760. 660. 12
22.582 2 GPS 0 0 0 0 0 0 0 0 0 0 1
22.608 2 FBW_STATUS 0 50 0 162 2
22.625 2 ESTIMATOR 0. 0.
22.727 2 CALIBRATION 0. 0
22.731 2 ATTITUDE -0.095945 1.729968 0.245356
22.832 2 GPS 0 0 0 0 0 0 0 0 0 0 1
23.027 2 WP_MOVED 6 348665. 5945815. 660. 12
23.060 2 DOWNLINK_STATUS 0 23 9229 421 0 376. 17. 52.42
23.082 2 GPS 0 0 0 0 0 0 0 0 0 0 1
23.129 2 IMU_GYRO -0.027588 0.009521 -0.046631
23.131 2 ESTIMATOR 0. 0.
23.237 2 BAT 40 162 0 0 0 17 17 0
23.242 2 NAVIGATION 4 0 0. 0. 0. 0. 0 0
23.245 2 ATTITUDE -0.092424 1.704014 0.243142
23.332 2 GPS 0 0 0 0 0 0 0 0 0 0 1
23.385 2 DESIRED 34.91 0.01 5.1 -64. 24. 660. 2. 15.
23.409 2 ACTUATORS |1004,1003,1500,1500,1500,1500|
23.477 2 CIRCLE 30. 100. 100.
23.510 2 COMMANDS |40,-14,-14,0,-14,-9548|
23.530 2 GPS_SOL 0 0 0 0
23.534 2 WP_MOVED 7 349065. 5946015. 660. 12
23.582 2 GPS 0 0 0 0 0 0 0 0 0 0 1
23.626 2 DL_VALUE 33 0.
23.629 2 ESTIMATOR 0. 0.
23.727 2 STATE_FILTER_STATUS 3 0
23.730 2 ATTITUDE -0.088432 1.678134 0.240956
23.832 2 GPS 0 0 0 0 0 0 0 0 0 0 1
23.924 2 PPRZ_MODE 0 3 3 2 0 17
24.033 2 ALIVE |24,153,203,46,94,124,252,34,39,212,19,123,166,115,201,244|
24.036 2 WP_MOVED 0 348907. 5945757. 660. 12
24.060 2 DOWNLINK_STATUS 0 24 9696 443 0 467. 22. 52.42
24.082 2 GPS 0 0 0 0 0 0 0 0 0 0 1
24.131 2 ENERGY 16.200001 0.002 0 0.0324
24.133 2 ESTIMATOR 0. 0.
24.235 2 IMU_GYRO -0.028564 0.02124 -0.046631
24.241 2 NAVIGATION 4 0 0. 0. 0. 0. 0 0
24.243 2 ATTITUDE -0.084833 1.652268 0.238757
24.335 2 BAT 40 162 0 0 0 18 18 0
24.341 2 GPS 0 0 0 0 0 0 0 0 0 0 1
24.435 2 DESIRED 34.91 0.01 5.1 -64. 24. 660. 2. 15.
24.530 2 CIRCLE 30. 100. 100.
24.534 2 WP_MOVED 1 348865. 5945715. 660. 12
24.582 2 GPS 0 0 0 0 0 0 0 0 0 0 1
24.608 2 FBW_STATUS 0 50 0 162 2
24.626 2 ESTIMATOR 0. 0.
24.726 2 ATTITUDE -0.081187 1.626519 0.236525
24.831 2 CALIBRATION 0. 0
24.836 2 GPS 0 0 0 0 0 0 0 0 0 0 1
25.027 2 WP_MOVED 2 348895. 5945815. 660. 12
25.061 2 DOWNLINK_STATUS 0 25 10099 461 0 403. 18. 52.42
25.082 2 GPS 0 0 0 0 0 0 0 0 0 0 1
25.127 2 DL_VALUE 34 0.
25.129 2 ESTIMATOR 0. 0.
25.234 2 NAVIGATION 4 0 0. 0. 0. 0. 0 0
25.237 2 ATTITUDE -0.077687 1.600673 0.234078
25.333 2 IMU_GYRO -0.029785 0.026367 -0.046631
25.339 2 GPS 0 0 0 0 0 0 0 0 0 0 1
25.431 2 NAVIGATION_REF 348865 5945715 12 605.
25.435 2 BAT 40 162 0 0 0 20 20 0
25.484 2 DESIRED 34.91 0.01 5.1 -64. 24. 660. 2. 15.
25.530 2 GPS_SOL 0 0 0 0
25.533 2 WP_MOVED 3 348965.09375 5945786. 660. 12
25.583 2 CIRCLE 30. 100. 100.
25.589 2 GPS 0 0 0 0 0 0 0 0 0 0 1
25.597 2 PONG 
25.625 2 ESTIMATOR 0. 0.
25.726 2 ATTITUDE -0.073919 1.574973 0.231902
25.831 2 DOWNLINK 0 411 2099
25.836 2 GPS 0 0 0 0 0 0 0 0 0 0 1
26.027 2 WP_MOVED 4 348764.6875 5945795. 660. 12
26.061 2 DOWNLINK_STATUS 0 26 10520 481 0 421. 20. 53.68
26.082 2 GPS 0 0 0 0 0 0 0 0 0 0 1
26.124 2 ESTIMATOR 0. 0.
26.234 2 NAVIGATION 4 0 0. 0. 0. 0. 0 0
26.237 2 ATTITUDE -0.070803 1.549221 0.229593
26.332 2 GPS 0 0 0 0 0 0 0 0 0 0 1
26.426 2 IMU_GYRO -0.028564 0.019043 -0.047852
26.540 2 BAT 40 162 0 0 0 21 21 0
26.546 2 DESIRED 34.91 0.01 5.1 -64. 24. 660. 2. 15.
26.550 2 WP_MOVED 5 348740. 5945760. 660. 12
26.582 2 GPS 0 0 0 0 0 0 0 0 0 0 1
26.608 2 FBW_STATUS 0 48 0 162 2
26.636 2 ENERGY 16.200001 0.002 0 0.0324
26.638 2 DL_VALUE 35 0.
26.641 2 CIRCLE 30. 100. 100.
26.644 2 ESTIMATOR 0. 0.
26.726 2 ATTITUDE -0.067344 1.523422 0.227365
26.832 2 GPS 0 0 0 0 0 0 0 0 0 0 1
26.924 2 CALIBRATION 0. 0
27.027 2 WP_MOVED 6 348665. 5945815. 660. 12
27.062 2 DOWNLINK_STATUS 0 27 10934 500 0 414. 19. 53.68
27.082 2 GPS 0 0 0 0 0 0 0 0 0 0 1
27.124 2 ESTIMATOR 0. 0.
27.233 2 NAVIGATION 4 0 0. 0. 0. 0. 0 0
27.236 2 ATTITUDE -0.06407 1.497774 0.22517
27.332 2 GPS 0 0 0 0 0 0 0 0 0 0 1
27.534 2 GPS_SOL 0 0 0 0
27.537 2 IMU_GYRO -0.027588 0.019043 -0.046631
27.541 2 WP_MOVED 7 349065. 5946015. 660. 12
27.591 2 DESIRED 34.91 0.01 5.1 -64. 24. 660. 2. 15.
27.597 2 GPS 0 0 0 0 0 0 0 0 0 0 1
27.630 2 BAT 40 161 0 0 0 22 22 0
27.633 2 ESTIMATOR 0. 0.
27.676 2 CIRCLE 30. 100. 100.
27.727 2 ATTITUDE -0.060933 1.472106 0.222921
27.832 2 GPS 0 0 0 0 0 0 0 0 0 0 1
28.027 2 WP_MOVED 0 348907. 5945757. 660. 12
28.063 2 DOWNLINK_STATUS 0 28 11308 516 0 374. 16. 53.68
28.082 2 GPS 0 0 0 0 0 0 0 0 0 0 1
28.126 2 DL_VALUE 36 0.
28.129 2 ESTIMATOR 0. 0.
28.233 2 NAVIGATION 4 0 0. 0. 0. 0. 0 0
28.236 2 ATTITUDE -0.057694 1.446429 0.220659
28.332 2 GPS 0 0 0 0 0 0 0 0 0 0 1
28.410 2 ACTUATORS |1004,1003,1500,1500,1500,1500|
28.511 2 COMMANDS |40,-14,-14,0,-14,-9548|
28.528 2 WP_MOVED 1 348865. 5945715. 660. 12
28.582 2 GPS 0 0 0 0 0 0 0 0 0 0 1
28.608 2 FBW_STATUS 0 47 0 162 2
28.638 2 IMU_GYRO -0.027588 0.019043 -0.047852
28.644 2 DESIRED 34.91 0.01 5.1 -64. 24. 660. 2. 15.
28.647 2 ESTIMATOR 0. 0.
28.735 2 STATE_FILTER_STATUS 3 0
28.739 2 BAT 40 162 0 0 0 23 23 0
28.742 2 CIRCLE 30. 100. 100.
28.745 2 ATTITUDE -0.054688 1.420783 0.218112
28.832 2 GPS 0 0 0 0 0 0 0 0 0 0 1
28.923 2 PPRZ_MODE 0 3 3 2 0 17
29.035 2 ALIVE |24,153,203,46,94,124,252,34,39,212,19,123,166,115,201,244|
29.036 2 CALIBRATION 0. 0
29.040 2 WP_MOVED 2 348895. 5945815. 660. 12
29.064 2 DOWNLINK_STATUS 0 29 11784 539 0 476. 23. 53.68
29.082 2 GPS 0 0 0 0 0 0 0 0 0 0 1
29.130 2 ENERGY 16.200001 0.002 0 0.0324
29.132 2 ESTIMATOR 0. 0.
29.233 2 NAVIGATION 4 0 0. 0. 0. 0. 0 0
29.236 2 ATTITUDE -0.05161 1.395197 0.215674
29.332 2 GPS 0 0 0 0 0 0 0 0 0 0 1
29.530 2 GPS_SOL 0 0 0 0
29.533 2 WP_MOVED 3 348965.09375 5945786. 660. 12
29.582 2 GPS 0 0 0 0 0 0 0 0 0 0 1
29.627 2 DL_VALUE 37 200.
29.629 2 ESTIMATOR 0. 0.
29.684 2 DESIRED 34.91 0.01 5.1 -64. 24. 660. 2. 15.
29.730 2 IMU_GYRO -0.029785 0.02124 -0.046631
29.733 2 ATTITUDE -0.04866 1.369586 0.213256
29.777 2 CIRCLE 30. 100. 100.
29.835 2 BAT 40 162 0 0 0 24 24 0
29.840 2 GPS 0 0 0 0 0 0 0 0 0 0 1
30.026 2 WP_MOVED 4 348764.6875 5945795. 660. 12
30.065 2 DOWNLINK_STATUS 0 30 12189 557 0 405. 18. 53.68
30.082 2 GPS 0 0 0 0 0 0 0 0 0 0 1
30.124 2 ESTIMATOR 0. 0.
30.233 2 NAVIGATION 4 0 0. 0. 0. 0. 0 0
30.236 2 ATTITUDE -0.045613 1.343947 0.21099
30.332 2 GPS 0 0 0 0 0 0 0 0 0 0 1
30.527 2 WP_MOVED 5 348740. 5945760. 660. 12
30.586 2 GPS 0 0 0 0 0 0 0 0 0 0 1
30.596 2 PONG 
30.615 2 FBW_STATUS 0 46 0 162 2
30.631 2 ESTIMATOR 0. 0.
30.738 2 DESIRED 34.91 0. 5.1 -64. 24. 660. 2. 15.
30.740 2 ATTITUDE -0.04271 1.318416 0.208687
30.837 2 IMU_GYRO -0.028564 0.02124 -0.047852
30.840 2 CIRCLE 30. 100. 100.
30.845 2 GPS 0 0 0 0 0 0 0 0 0 0 1
30.927 2 DOWNLINK 0 405 2193
30.931 2 BAT 40 162 0 0 0 25 25 0
31.027 2 WP_MOVED 6 348665. 5945815. 660. 12
31.066 2 DOWNLINK_STATUS 0 31 12578 575 0 389. 18. 52.48
31.082 2 GPS 0 0 0 0 0 0 0 0 0 0 1
31.129 2 CALIBRATION 0. 0
31.131 2 DL_VALUE 38 0.1
31.133 2 ESTIMATOR 0. 0.
31.233 2 NAVIGATION 4 0 0. 0. 0. 0. 0 0
31.236 2 ATTITUDE -0.04 1.292898 0.206371
31.332 2 GPS 0 0 0 0 0 0 0 0 0 0 1
31.530 2 GPS_SOL 0 0 0 0
31.534 2 WP_MOVED 7 349065. 5946015. 660. 12
31.582 2 GPS 0 0 0 0 0 0 0 0 0 0 1
31.630 2 ENERGY 16.200001 0.002 0 0.0324
31.631 2 ESTIMATOR 0. 0.
31.726 2 ATTITUDE -0.037226 1.267256 0.203986
31.784 2 DESIRED 34.91 0. 5.1 -64. 24. 660. 2. 15.
31.831 2 GPS 0 0 0 0 0 0 0 0 0 0 1
31.876 2 CIRCLE 30. 100. 100.
31.926 2 IMU_GYRO -0.028564 0.02002 -0.047852
32.031 2 BAT 40 162 0 0 0 26 26 0
32.035 2 WP_MOVED 0 348907. 5945757. 660. 12
32.067 2 DOWNLINK_STATUS 0 32 12994 594 0 416. 19. 52.48
32.082 2 GPS 0 0 0 0 0 0 0 0 0 0 1
32.125 2 ESTIMATOR 0. 0.
32.233 2 NAVIGATION 4 0 0. 0. 0. 0. 0 0
32.236 2 ATTITUDE -0.034773 1.241694 0.201604
32.332 2 GPS 0 0 0 0 0 0 0 0 0 0 1
32.527 2 WP_MOVED 1 348865. 5945715. 660. 12
32.582 2 GPS 0 0 0 0 0 0 0 0 0 0 1
32.607 2 FBW_STATUS 0 49 0 162 2
32.626 2 DL_VALUE 39 0.
32.628 2 ESTIMATOR 0. 0.
32.726 2 ATTITUDE -0.032015 1.216341 0.199236
32.840 2 DESIRED 34.91 0. 5.1 -64. 24. 660. 2. 15.
32.846 2 GPS 0 0 0 0 0 0 0 0 0 0 1
32.926 2 CIRCLE 30. 100. 100.
33.030 2 IMU_GYRO -0.029785 0.019043 -0.046631
33.034 2 WP_MOVED 2 348895. 5945815. 660. 12
33.067 2 DOWNLINK_STATUS 0 33 13356 610 0 362. 16. 52.48
33.082 2 GPS 0 0 0 0 0 0 0 0 0 0 1
33.130 2 BAT 40 162 0 0 0 27 27 0
33.133 2 ESTIMATOR 0. 0.
33.233 2 CALIBRATION 0. 0
33.237 2 NAVIGATION 4 0 0. 0. 0. 0. 0 0
33.241 2 ATTITUDE -0.02951 1.190883 0.196948
33.336 2 GPS 0 0 0 0 0 0 0 0 0 0 1
33.409 2 ACTUATORS |1004,1003,1500,1500,1500,1500|
33.509 2 COMMANDS |40,-14,-14,0,-28,-9548|
33.529 2 GPS_SOL 0 0 0 0
33.533 2 WP_MOVED 3 348965.09375 5945786. 660. 12
33.581 2 GPS 0 0 0 0 0 0 0 0 0 0 1
33.624 2 ESTIMATOR 0. 0.
33.726 2 STATE_FILTER_STATUS 3 0
33.729 2 ATTITUDE -0.027099 1.165483 0.194416
33.832 2 GPS 0 0 0 0 0 0 0 0 0 0 1
33.884 2 DESIRED 34.91 0. 5.1 -64. 24. 660. 2. 15.
33.923 2 PPRZ_MODE 0 3 3 2 0 17
33.976 2 CIRCLE 30. 100. 100.
34.032 2 ALIVE |24,153,203,46,94,124,252,34,39,212,19,123,166,115,201,244|
34.035 2 WP_MOVED 4 348764.6875 5945795. 660. 12
34.068 2 DOWNLINK_STATUS 0 34 13805 631 0 449. 21. 52.48
34.082 2 GPS 0 0 0 0 0 0 0 0 0 0 1
34.136 2 ENERGY 16.200001 0.002 0 0.0324
34.138 2 DL_VALUE 40 0.
34.141 2 IMU_GYRO -0.028564 0.018066 -0.046631
34.144 2 ESTIMATOR 0. 0.
34.236 2 BAT 40 162 0 0 0 28 28 0
34.241 2 NAVIGATION 4 0 0. 0. 0. 0. 0 0
34.244 2 ATTITUDE -0.02454 1.140055 0.192138
34.332 2 GPS 0 0 0 0 0 0 0 0 0 0 1
34.426 2 NAVIGATION_REF 348865 5945715 12 605.
34.526 2 WP_MOVED 5 348740. 5945760. 660. 12
34.581 2 GPS 0 0 0 0 0 0 0 0 0 0 1
34.608 2 FBW_STATUS 0 48 0 162 2
34.624 2 ESTIMATOR 0. 0.
34.726 2 ATTITUDE -0.021985 1.114686 0.189851
34.832 2 GPS 0 0 0 0 0 0 0 0 0 0 1
34.934 2 DESIRED 34.91 0. 5.1 -64. 24. 660. 2. 15.
35.030 2 CIRCLE 30. 100. 100.
35.034 2 WP_MOVED 6 348665. 5945815. 660. 12
35.069 2 DOWNLINK_STATUS 0 35 14227 650 0 422. 19. 52.48
35.082 2 GPS 0 0 0 0 0 0 0 0 0 0 1
35.125 2 ESTIMATOR 0. 0.
35.235 2 IMU_GYRO -0.028564 0.02002 -0.047852
35.240 2 NAVIGATION 4 0 0. 0. 0. 0. 0 0
35.242 2 ATTITUDE -0.019605 1.089146 0.187429
35.334 2 CALIBRATION 0. 0
35.338 2 BAT 40 162 0 0 0 29 29 0
35.344 2 GPS 0 0 0 0 0 0 0 0 0 0 1
35.529 2 GPS_SOL 0 0 0 0
35.533 2 WP_MOVED 7 349065. 5946015. 660. 12
35.586 2 GPS 0 0 0 0 0 0 0 0 0 0 1
35.597 2 PONG 
35.626 2 DL_VALUE 41 1500.
35.628 2 ESTIMATOR 0. 0.
35.726 2 ATTITUDE -0.017431 1.063727 0.18512
35.832 2 GPS 0 0 0 0 0 0 0 0 0 0 1
35.984 2 DESIRED 34.91 0. 5.1 -64. 24. 660. 2. 15.
36.028 2 DOWNLINK 0 404 2288
36.031 2 WP_MOVED 0 348907. 5945757. 660. 12
36.070 2 DOWNLINK_STATUS 0 36 14622 669 0 395. 19. 52.5
36.083 2 CIRCLE 30. 100. 100.
36.089 2 GPS 0 0 0 0 0 0 0 0 0 0 1
36.125 2 ESTIMATOR 0. 0.
36.233 2 NAVIGATION 4 0 0. 0. 0. 0. 0 0
36.235 2 ATTITUDE -0.015156 1.038288 0.182727
36.332 2 IMU_GYRO -0.029785 0.018066 -0.047852
36.338 2 GPS 0 0 0 0 0 0 0 0 0 0 1
36.427 2 BAT 40 162 0 0 0 31 31 0
36.526 2 WP_MOVED 1 348865. 5945715. 660. 12
36.581 2 GPS 0 0 0 0 0 0 0 0 0 0 1
36.608 2 FBW_STATUS 0 51 0 162 2
36.629 2 ENERGY 16.200001 0.002 0 0.0324
36.632 2 ESTIMATOR 0. 0.
36.726 2 ATTITUDE -0.012944 1.01285 0.180353
36.832 2 GPS 0 0 0 0 0 0 0 0 0 0 1
37.038 2 DESIRED 34.91 0. 5.1 -64. 24. 660. 2. 15.
37.040 2 WP_MOVED 2 348895. 5945815. 660. 12
37.071 2 DOWNLINK_STATUS 0 37 15014 686 0 392. 17. 52.5
37.082 2 GPS 0 0 0 0 0 0 0 0 0 0 1
37.130 2 DL_VALUE 42 0.
37.132 2 CIRCLE 30. 100. 100.
37.135 2 ESTIMATOR 0. 0.
37.233 2 NAVIGATION 4 0 0. 0. 0. 0. 0 0
37.235 2 ATTITUDE -0.011041 0.987282 0.178044
37.333 2 GPS 0 0 0 0 0 0 0 0 0 0 1
37.426 2 CALIBRATION 0. 0
37.430 2 IMU_GYRO -0.029785 0.023193 -0.046631
37.534 2 GPS_SOL 0 0 0 0
37.537 2 BAT 40 161 0 0 0 32 32 0
37.541 2 WP_MOVED 3 348965.09375 5945786. 660. 12
37.581 2 GPS 0 0 0 0 0 0 0 0 0 0 1
37.624 2 ESTIMATOR 0. 0.
37.726 2 ATTITUDE -0.008666 0.961794 0.175671
37.833 2 GPS 0 0 0 0 0 0 0 0 0 0 1
38.028 2 WP_MOVED 4 348764.6875 5945795. 660. 12
38.071 2 DOWNLINK_STATUS 0 38 15372 703 0 358. 17. 52.5
38.091 2 DESIRED 34.91 0. 5.1 -64. 24. 660. 2. 15.
38.096 2 GPS 0 0 0 0 0 0 0 0 0 0 1
38.123 2 ESTIMATOR 0. 0.
38.176 2 CIRCLE 30. 100. 100.
38.232 2 NAVIGATION 4 0 0. 0. 0. 0. 0 0
38.235 2 ATTITUDE -0.006492 0.936447 0.173248
38.332 2 GPS 0 0 0 0 0 0 0 0 0 0 1
38.409 2 ACTUATORS |1004,1003,1500,1500,1500,1500|
38.509 2 COMMANDS |40,-14,-14,0,-14,-9548|
38.530 2 IMU_GYRO -0.028564 0.023193 -0.046631
38.533 2 WP_MOVED 5 348740. 5945760. 660. 12
38.581 2 GPS 0 0 0 0 0 0 0 0 0 0 1
38.607 2 FBW_STATUS 0 49 0 162 2
38.630 2 DL_VALUE 0 0.
38.634 2 BAT 40 162 0 0 0 33 33 0
38.636 2 ESTIMATOR 0. 0.
38.726 2 STATE_FILTER_STATUS 3 0
38.729 2 ATTITUDE -0.004678 0.911046 0.17091
38.833 2 GPS 0 0 0 0 0 0 0 0 0 0 1
38.923 2 PPRZ_MODE 0 3 3 2 0 17
39.032 2 ALIVE |24,153,203,46,94,124,252,34,39,212,19,123,166,115,201,244|
39.035 2 WP_MOVED 6 348665. 5945815. 660. 12
39.072 2 DOWNLINK_STATUS 0 39 15837 725 0 465. 22. 52.5
39.081 2 GPS 0 0 0 0 0 0 0 0 0 0 1
39.137 2 ENERGY 16.200001 0.002 0 0.0324
39.144 2 DESIRED 34.91 0. 5.1 -64. 24. 660. 2. 15.
39.146 2 ESTIMATOR 0. 0.
39.234 2 CIRCLE 30. 100. 100.
39.239 2 NAVIGATION 4 0 0. 0. 0. 0. 0 0
39.242 2 ATTITUDE -0.002634 0.885433 0.16849
39.333 2 GPS 0 0 0 0 0 0 0 0 0 0 1
39.531 2 CALIBRATION 0. 0
39.534 2 GPS_SOL 0 0 0 0
39.537 2 WP_MOVED 7 349065. 5946015. 660. 12
39.581 2 GPS 0 0 0 0 0 0 0 0 0 0 1
39.629 2 IMU_GYRO -0.027588 0.011475 -0.047852
39.630 2 ESTIMATOR 0. 0.
39.731 2 BAT 40 162 0 0 0 34 34 0
39.734 2 ATTITUDE -0.001043 0.859775 0.166043
39.835 2 GPS 0 0 0 0 0 0 0 0 0 0 1
40.027 2 WP_MOVED 0 348907. 5945757. 660. 12
40.072 2 DOWNLINK_STATUS 0 40 16242 743 0 405. 18. 52.5
40.081 2 GPS 0 0 0 0 0 0 0 0 0 0 1
40.125 2 DL_VALUE 1 0.
40.128 2 ESTIMATOR 0. 0.
40.183 2 DESIRED 34.91 0. 5.1 -64. 24. 660. 2. 15.
40.232 2 NAVIGATION 4 0 0. 0. 0. 0. 0 0
40.235 2 ATTITUDE 0.000909 0.834261 0.163876
40.275 2 CIRCLE 30. 100. 100.
40.336 2 GPS 0 0 0 0 0 0 0 0 0 0 1
40.526 2 WP_MOVED 1 348865. 5945715. 660. 12
40.587 2 GPS 0 0 0 0 0 0 0 0 0 0 1
40.598 2 PONG 
40.616 2 FBW_STATUS 0 50 0 162 2
40.632 2 ESTIMATOR 0. 0.
40.729 2 IMU_GYRO -0.034912 0.011475 -0.046631
40.733 2 ATTITUDE 0.003103 0.80698 0.161779
40.836 2 BAT 40 162 0 0 0 35 35 0
40.840 2 GPS 0 0 0 0 0 0 0 0 0 0 1
41.026 2 WP_MOVED 2 348895. 5945815. 660. 12
41.073 2 DOWNLINK_STATUS 0 41 16631 761 0 389. 18. 52.53
41.081 2 GPS 0 0 0 0 0 0 0 0 0 0 1
41.125 2 DOWNLINK 0 406 2383
41.128 2 ESTIMATOR 0. 0.
41.242 2 DESIRED 34.91 0. 5.1 -64. 24. 660. 2. 15.
41.247 2 NAVIGATION 4 0 0. 0. 0. 0. 0 0
41.250 2 ATTITUDE 0.014985 0.779324 0.159451
41.337 2 CIRCLE 30. 100. 100.
41.338 2 GPS 0 0 0 0 0 0 0 0 0 0 1
41.529 2 GPS_SOL 0 0 0 0
41.533 2 WP_MOVED 3 348965.09375 5945786. 660. 12
41.581 2 GPS 0 0 0 0 0 0 0 0 0 0 1
41.634 2 ENERGY 16.200001 0.002 0 0.0324
41.636 2 CALIBRATION 0. 0
41.638 2 DL_VALUE 2 660.
41.640 2 ESTIMATOR 0. 0.
41.726 2 ATTITUDE 0.011463 0.75445 0.158259
41.832 2 IMU_GYRO -0.018066 0.075439 -0.047852
41.838 2 GPS 0 0 0 0 0 0 0 0 0 0 1
41.926 2 BAT 40 162 0 0 0 36 36 0
42.026 2 WP_MOVED 4 348764.6875 5945795. 660. 12
42.074 2 DOWNLINK_STATUS 0 42 17058 781 0 427. 20. 52.53
42.081 2 GPS 0 0 0 0 0 0 0 0 0 0 1
42.124 2 ESTIMATOR 0. 0.
42.232 2 NAVIGATION 4 0 0. 0. 0. 0. 0 0
42.236 2 ATTITUDE -0.009884 0.725198 0.15659
42.283 2 DESIRED 34.91 0. 5.1 -64. 24. 660. 2. 15.
42.331 2 GPS 0 0 0 0 0 0 0 0 0 0 1
42.376 2 CIRCLE 30. 100. 100.
42.527 2 WP_MOVED 5 348740. 5945760. 660. 12
42.582 2 GPS 0 0 0 0 0 0 0 0 0 0 1
42.607 2 FBW_STATUS 0 48 0 39 2
42.623 2 ESTIMATOR 0. 0.
42.725 2 ATTITUDE 0.004602 0.703868 0.153926
42.831 2 GPS 0 0 0 0 0 0 0 0 0 0 1
42.925 2 IMU_GYRO -0.045654 -0.00415 -0.045654
43.031 2 BAT 40 39 0 0 0 37 37 0
43.034 2 WP_MOVED 6 348665. 5945815. 660. 12
43.075 2 DOWNLINK_STATUS 0 43 17430 797 0 372. 16. 52.53
43.081 2 GPS 0 0 0 0 0 0 0 0 0 0 1
44.076 2 DOWNLINK_STATUS 0 44 17463 798 0 33. 1. 52.53
45.078 2 DOWNLINK_STATUS 0 45 17463 798 0 0. 0. 52.53
46.079 2 DOWNLINK_STATUS 0 46 17463 798 0 0. 0. -4948.43
47.080 2 DOWNLINK_STATUS 0 47 17463 798 0 0. 0. -4948.43
48.081 2 DOWNLINK_STATUS 0 48 17463 798 0 0. 0. -4948.43
49.082 2 DOWNLINK_STATUS 0 49 17463 798 0 0. 0. -4948.43
50.084 2 DOWNLINK_STATUS 0 50 17463 798 0 0. 0. -4948.43
51.085 2 DOWNLINK_STATUS 0 51 17463 798 0 0. 0. -9949.55
52.086 2 DOWNLINK_STATUS 0 52 17463 798 0 0. 0. -9949.55
53.088 2 DOWNLINK_STATUS 0 53 17463 798 0 0. 0. -9949.55
54.089 2 DOWNLINK_STATUS 0 54 17463 798 0 0. 0. -9949.55
55.090 2 DOWNLINK_STATUS 0 55 17463 798 0 0. 0. -9949.55
56.092 2 DOWNLINK_STATUS 0 56 17463 798 0 0. 0. -14950.98
57.093 2 DOWNLINK_STATUS 0 57 17463 798 0 0. 0. -14950.98
58.094 2 DOWNLINK_STATUS 0 58 17463 798 0 0. 0. -14950.98
59.096 2 DOWNLINK_STATUS 0 59 17463 798 0 0. 0. -14950.98
60.097 2 DOWNLINK_STATUS 0 60 17463 798 0 0. 0. -14950.98
61.099 2 DOWNLINK_STATUS 0 61 17463 798 0 0. 0. -19952.16
62.100 2 DOWNLINK_STATUS 0 62 17463 798 0 0. 0. -19952.16
63.102 2 DOWNLINK_STATUS 0 63 17463 798 0 0. 0. -19952.16
64.103 2 DOWNLINK_STATUS 0 64 17463 798 0 0. 0. -19952.16
65.105 2 DOWNLINK_STATUS 0 65 17463 798 0 0. 0. -19952.16
66.106 2 DOWNLINK_STATUS 0 66 17463 798 0 0. 0. -24953.32
67.107 2 DOWNLINK_STATUS 0 67 17463 798 0 0. 0. -24953.32
