4.322 1 PPRZ_MODE 2 0 0 0 0 6
4.328 1 GPS 0 0 0 0 0 0 0 0 0 0 1
4.329 1 DL_VALUE 4 0.
4.331 1 DOWNLINK 0 544 178
4.428 1 DESIRED 0. 0.02 0. 0. 0. 235. 0. 12.
4.431 1 ATTITUDE 0.050055 -0.250687 0.029136
4.433 1 ESTIMATOR 0. 0.
4.500 1 NAVIGATION 0 2 0. 0. 0. 0. 0 0
4.519 1 PPRZ_MODE 2 0 0 0 0 6
4.523 1 BAT 0 69 0 0 1 7 0 0
4.526 1 GPS_SOL 0 0 0 0
4.621 1 DESIRED 0. 0.02 0. 0. 0. 235. 0. 12.
4.719 1 PPRZ_MODE 2 0 0 0 0 6
4.722 1 IMU_ACCEL -0.138672 -9.837891 0.387695
4.725 1 IMU_MAG -0.466309 0.137207 0.
4.750 1 NAVIGATION 0 2 0. 0. 0. 0. 0 0
4.825 1 DESIRED 0. 0.02 0. 0. 0. 235. 0. 12.
4.827 1 IMU_GYRO -0.04248 0.008301 -0.003174
4.906 1 DOWNLINK_STATUS 0 5 2917 130 1 576. 26. 0.
4.913 1 PPRZ_MODE 2 0 0 0 0 6
4.915 1 CALIBRATION 0. 0
5.000 1 FBW_STATUS 2 0 1 69 0
5.005 1 NAVIGATION 0 2 0. 0. 0. 0. 0 0
5.023 1 DESIRED 0. 0.02 0. 0. 0. 235. 0. 12.
5.110 1 PPRZ_MODE 2 0 0 0 0 6
5.221 1 DESIRED 0. 0.02 0. 0. 0. 235. 0. 12.
5.249 1 NAVIGATION 0 2 0. 0. 0. 0. 0 0
5.318 1 PPRZ_MODE 2 0 0 0 0 6
5.323 1 GPS 0 0 0 0 0 0 0 0 0 0 1
5.426 1 DESIRED 0. 0.02 0. 0. 0. 235. 0. 12.
5.430 1 ATTITUDE 0.050878 -0.261972 0.0287
5.431 1 STATE_FILTER_STATUS 3 0
5.456 1 PONG 
5.499 1 NAVIGATION 0 2 0. 0. 0. 0. 0 0
5.513 1 PPRZ_MODE 2 0 0 0 0 6
5.625 1 DESIRED 0. 0.02 0. 0. 0. 235. 0. 12.
5.629 1 BAT 0 69 0 0 1 8 0 0
5.714 1 PPRZ_MODE 2 0 0 0 0 6
5.718 1 IMU_ACCEL -0.133789 -9.824219 0.382812
5.749 1 NAVIGATION 0 2 0. 0. 0. 0. 0 0
5.827 1 DESIRED 0. 0.02 0. 0. 0. 235. 0. 12.
5.830 1 IMU_GYRO -0.046631 0.010498 -0.006348
5.832 1 DL_VALUE 5 0.
5.906 1 DOWNLINK_STATUS 0 6 3431 154 1 514. 24. 52.52
5.911 1 PPRZ_MODE 2 0 0 0 0 6
5.999 1 NAVIGATION 0 2 0. 0. 0. 0. 0 0
6.025 1 DESIRED 0. 0.02 0. 0. 0. 235. 0. 12.
6.028 1 IMU_MAG -0.320801 0.213867 0.035156
6.111 1 PPRZ_MODE 2 0 0 0 0 6
6.221 1 DESIRED 0. 0.02 0. 0. 0. 235. 0. 12.
6.249 1 NAVIGATION 0 2 0. 0. 0. 0. 0 0
6.318 1 PPRZ_MODE 2 0 0 0 0 6
6.324 1 GPS 0 0 0 0 0 0 0 0 0 0 1
6.432 1 DESIRED 0. 0.02 0. 0. 0. 235. 0. 12.
6.435 1 ATTITUDE 0.051928 -0.273964 0.028237
6.438 1 ESTIMATOR 0. 0.
6.441 1 ENERGY 6.9 0. 0 0.
6.500 1 NAVIGATION 0 2 0. 0. 0. 0. 0 0
6.515 1 PPRZ_MODE 2 0 0 0 0 6
6.518 1 GPS_SOL 0 0 0 0
6.621 1 DESIRED 0. 0.02 0. 0. 0. 235. 0. 12.
6.718 1 PPRZ_MODE 2 0 0 0 0 6
6.723 1 IMU_ACCEL -0.119141 -9.833008 0.387695
6.726 1 BAT 0 69 0 0 1 9 0 0
6.750 1 NAVIGATION 0 2 0. 0. 0. 0. 0 0
6.825 1 DESIRED 0. 0.02 0. 0. 0. 235. 0. 12.
6.828 1 IMU_GYRO -0.048828 0.010498 -0.006348
6.907 1 DOWNLINK_STATUS 0 7 3962 177 1 531. 23. 52.52
6.910 1 PPRZ_MODE 2 0 0 0 0 6
7.001 1 FBW_STATUS 2 0 1 69 0
7.005 1 NAVIGATION 0 2 0. 0. 0. 0. 0 0
7.024 1 DESIRED 0. 0.02 0. 0. 0. 235. 0. 12.
7.025 1 CALIBRATION 0. 0
7.096 1 COMMANDS 0,-1108,-45,0,0,0
7.111 1 PPRZ_MODE 2 0 0 0 0 6
7.195 1 ACTUATORS 1382,1609,1499,1460,1350
7.221 1 DESIRED 0. 0.02 0. 0. 0. 235. 0. 12.
7.249 1 NAVIGATION 0 2 0. 0. 0. 0. 0 0
7.324 1 PPRZ_MODE 2 0 0 0 0 6
7.329 1 GPS 0 0 0 0 0 0 0 0 0 0 1
7.332 1 IMU_MAG -0.20459 0.291992 0.052734
7.334 1 DL_VALUE 6 80.
7.424 1 DESIRED 0. 0.02 0. 0. 0. 235. 0. 12.
7.427 1 ATTITUDE 0.052887 -0.286176 0.028018
7.499 1 NAVIGATION 0 2 0. 0. 0. 0. 0 0
7.513 1 PPRZ_MODE 2 0 0 0 0 6
7.622 1 DESIRED 0. 0.02 0. 0. 0. 235. 0. 12.
7.624 1 STATE_FILTER_STATUS 3 0
7.714 1 PPRZ_MODE 2 0 0 0 0 6
7.718 1 IMU_ACCEL -0.128906 -9.852539 0.40625
7.749 1 NAVIGATION 0 2 0. 0. 0. 0. 0 0
7.829 1 DESIRED 0. 0.02 0. 0. 0. 235. 0. 12.
7.832 1 IMU_GYRO -0.045654 0.010498 -0.008301
7.836 1 BAT 0 69 0 0 1 10 0 0
7.907 1 DOWNLINK_STATUS 0 8 4524 203 1 562. 26. 52.52
7.911 1 PPRZ_MODE 2 0 0 0 0 6
7.999 1 NAVIGATION 0 2 0. 0. 0. 0. 0 0
8.021 1 DESIRED 0. 0.02 0. 0. 0. 235. 0. 12.
8.111 1 PPRZ_MODE 2 0 0 0 0 6
8.221 1 DESIRED 0. 0.02 0. 0. 0. 235. 0. 12.
8.249 1 NAVIGATION 0 2 0. 0. 0. 0. 0 0
8.321 1 PPRZ_MODE 2 0 0 0 0 6
8.327 1 GPS 0 0 0 0 0 0 0 0 0 0 1
8.329 1 NAVIGATION_REF 552520 5528984 14
8.428 1 DESIRED 0. 0.02 0. 0. 0. 235. 0. 12.
8.431 1 ATTITUDE 0.053629 -0.298263 0.027864
8.433 1 ESTIMATOR 0. 0.
8.499 1 NAVIGATION 0 2 0. 0. 0. 0. 0 0
8.514 1 PPRZ_MODE 2 0 0 0 0 6
8.517 1 GPS_SOL 0 0 0 0
8.625 1 DESIRED 0. 0.02 0. 0. 0. 235. 0. 12.
8.628 1 IMU_MAG -0.019043 0.398926 0.080078
8.715 1 PPRZ_MODE 2 0 0 0 0 6
8.718 1 IMU_ACCEL -0.128906 -9.847656 0.397461
8.750 1 NAVIGATION 0 2 0. 0. 0. 0. 0 0
8.827 1 DESIRED 0. 0.02 0. 0. 0. 235. 0. 12.
8.830 1 IMU_GYRO -0.051025 0.011475 -0.008301
8.831 1 DL_VALUE 7 2.
8.908 1 DOWNLINK_STATUS 0 9 5040 226 1 516. 23. 52.52
8.919 1 PPRZ_MODE 2 0 0 0 0 6
8.922 1 BAT 0 69 0 0 1 11 0 0
8.927 1 ENERGY 6.9 0. 0 0.
9.001 1 FBW_STATUS 2 0 1 69 0
9.005 1 NAVIGATION 0 2 0. 0. 0. 0. 0 0
9.026 1 DESIRED 0. 0.02 0. 0. 0. 235. 0. 12.
9.030 1 ALIVE 171,166,179,161,111,105,150,87,64,152,169,157,251,122,39,110
9.112 1 PPRZ_MODE 2 0 0 0 0 6
9.114 1 CALIBRATION 0. 0
9.221 1 DESIRED 0. 0.02 0. 0. 0. 235. 0. 12.
9.249 1 NAVIGATION 0 2 0. 0. 0. 0. 0 0
9.317 1 PPRZ_MODE 2 0 0 0 0 6
9.323 1 GPS 0 0 0 0 0 0 0 0 0 0 1
9.432 1 DESIRED 0. 0.02 0. 0. 0. 235. 0. 12.
9.435 1 ATTITUDE 0.054241 -0.303457 0.027664
9.437 1 DOWNLINK 0 547 304
9.442 1 NAVIGATION 0 2 0. 0. 0. 0. 0 0
9.499 1 NAVIGATION 0 2 0. 0. 0. 0. 0 0
9.513 1 PPRZ_MODE 2 0 0 0 0 6
9.621 1 DESIRED 0. 0.02 0. 0. 0. 235. 0. 12.
9.714 1 PPRZ_MODE 2 0 0 0 0 6
9.717 1 IMU_ACCEL -0.100586 -9.837891 0.420898
9.749 1 NAVIGATION 0 2 0. 0. 0. 0. 0 0
9.826 1 DESIRED 0. 0.02 0. 0. 0. 235. 0. 12.
9.829 1 IMU_GYRO -0.047852 0.010498 -0.006348
9.831 1 STATE_FILTER_STATUS 3 0
9.908 1 DOWNLINK_STATUS 0 10 5617 252 1 577. 26. 52.52
9.914 1 PPRZ_MODE 2 0 0 0 0 6
9.917 1 IMU_MAG 0.058594 0.448242 0.102051
9.999 1 NAVIGATION 0 2 0. 0. 0. 0. 0 0
10.025 1 DESIRED 0. 0.02 0. 0. 0. 235. 0. 12.
10.029 1 BAT 0 69 0 0 1 13 0 0
10.111 1 PPRZ_MODE 2 0 0 0 0 6
10.221 1 DESIRED 0. 0.02 0. 0. 0. 235. 0. 12.
10.249 1 NAVIGATION 0 2 0. 0. 0. 0. 0 0
10.320 1 PPRZ_MODE 2 0 0 0 0 6
10.326 1 GPS 0 0 0 0 0 0 0 0 0 0 1
10.328 1 DL_VALUE 8 0.
10.428 1 DESIRED 0. 0.02 0. 0. 0. 235. 0. 12.
10.431 1 ATTITUDE 0.054814 -0.311811 0.027508
10.433 1 ESTIMATOR 0. 0.
10.457 1 PONG 
10.499 1 NAVIGATION 0 2 0. 0. 0. 0. 0 0
10.514 1 PPRZ_MODE 2 0 0 0 0 6
10.517 1 GPS_SOL 0 0 0 0
10.621 1 DESIRED 0. 0.02 0. 0. 0. 235. 0. 12.
10.715 1 PPRZ_MODE 2 0 0 0 0 6
10.718 1 IMU_ACCEL -0.104492 -9.837891 0.382812
10.749 1 NAVIGATION 0 2 0. 0. 0. 0. 0 0
10.825 1 DESIRED 0. 0.02 0. 0. 0. 235. 0. 12.
10.828 1 IMU_GYRO -0.047852 0.009521 -0.007324
10.909 1 DOWNLINK_STATUS 0 11 6145 276 1 528. 24. 52.62
10.910 1 PPRZ_MODE 2 0 0 0 0 6
11.000 1 FBW_STATUS 2 0 1 69 0
11.005 1 NAVIGATION 0 2 0. 0. 0. 0. 0 0
11.022 1 DESIRED 0. 0.02 0. 0. 0. 235. 0. 12.
11.114 1 PPRZ_MODE 2 0 0 0 0 6
11.118 1 BAT 0 69 0 0 1 14 0 0
11.227 1 DESIRED 0. 0.02 0. 0. 0. 235. 0. 12.
11.229 1 IMU_MAG 0.019043 0.463867 0.100098
11.231 1 CALIBRATION 0. 0
11.249 1 NAVIGATION 0 2 0. 0. 0. 0. 0 0
11.317 1 PPRZ_MODE 2 0 0 0 0 6
11.323 1 GPS 0 0 0 0 0 0 0 0 0 0 1
11.428 1 DESIRED 0. 0.02 0. 0. 0. 235. 0. 12.
11.431 1 ATTITUDE 0.05511 -0.325894 0.027266
11.435 1 ENERGY 6.9 0. 0 0.
11.499 1 NAVIGATION 0 2 0. 0. 0. 0. 0 0
11.513 1 PPRZ_MODE 2 0 0 0 0 6
11.620 1 DESIRED 0. 0.02 0. 0. 0. 235. 0. 12.
11.714 1 PPRZ_MODE 2 0 0 0 0 6
11.717 1 IMU_ACCEL -0.124023 -9.824219 0.397461
11.749 1 NAVIGATION 0 2 0. 0. 0. 0. 0 0
11.827 1 DESIRED 0. 0.02 0. 0. 0. 235. 0. 12.
11.830 1 IMU_GYRO -0.046631 0.009521 -0.006348
11.832 1 DL_VALUE 9 1.
11.909 1 DOWNLINK_STATUS 0 12 6682 300 1 537. 24. 52.62
11.910 1 PPRZ_MODE 2 0 0 0 0 6
11.999 1 NAVIGATION 0 2 0. 0. 0. 0. 0 0
12.022 1 DESIRED 0. 0.02 0. 0. 0. 235. 0. 12.
12.024 1 STATE_FILTER_STATUS 3 0
12.096 1 COMMANDS 0,-1160,-36,0,0,0
12.111 1 PPRZ_MODE 2 0 0 0 0 6
12.195 1 ACTUATORS 1382,1612,1497,1458,1350
12.225 1 DESIRED 0. 0.02 0. 0. 0. 235. 0. 12.
12.229 1 BAT 0 69 0 0 1 15 0 0
12.249 1 NAVIGATION 0 2 0. 0. 0. 0. 0 0
12.318 1 PPRZ_MODE 2 0 0 0 0 6
12.323 1 GPS 0 0 0 0 0 0 0 0 0 0 1
12.427 1 DESIRED 0. 0.02 0. 0. 0. 235. 0. 12.
12.431 1 ATTITUDE 0.055368 -0.338129 0.027101
12.433 1 ESTIMATOR 0. 0.
12.499 1 NAVIGATION 0 2 0. 0. 0. 0. 0 0
12.518 1 PPRZ_MODE 2 0 0 0 0 6
12.521 1 IMU_MAG -0.166016 0.361816 0.066406
12.524 1 GPS_SOL 0 0 0 0
12.621 1 DESIRED 0. 0.02 0. 0. 0. 235. 0. 12.
12.715 1 PPRZ_MODE 2 0 0 0 0 6
12.718 1 IMU_ACCEL -0.114258 -9.842773 0.387695
12.749 1 NAVIGATION 0 2 0. 0. 0. 0. 0 0
12.825 1 DESIRED 0. 0.02 0. 0. 0. 235. 0. 12.
12.828 1 IMU_GYRO -0.047852 0.010498 -0.006348
12.910 1 DOWNLINK_STATUS 0 13 7238 325 1 556. 25. 52.62
12.911 1 PPRZ_MODE 2 0 0 0 0 6
13.001 1 FBW_STATUS 2 0 1 69 0
13.005 1 NAVIGATION 0 2 0. 0. 0. 0. 0 0
13.022 1 DESIRED 0. 0.02 0. 0. 0. 235. 0. 12.
13.110 1 PPRZ_MODE 2 0 0 0 0 6
13.221 1 DESIRED 0. 0.02 0. 0. 0. 235. 0. 12.
13.249 1 NAVIGATION 0 2 0. 0. 0. 0. 0 0
13.327 1 PPRZ_MODE 2 0 0 0 0 6
13.333 1 GPS 0 0 0 0 0 0 0 0 0 0 1
13.335 1 BAT 0 69 0 0 1 16 0 0
13.337 1 DL_VALUE 10 0.
13.339 1 CALIBRATION 0. 0
13.425 1 DESIRED 0. 0.02 0. 0. 0. 235. 0. 12.
13.427 1 ATTITUDE 0.055613 -0.354261 0.02689
13.499 1 NAVIGATION 0 2 0. 0. 0. 0. 0 0
13.512 1 PPRZ_MODE 2 0 0 0 0 6
13.620 1 DESIRED 0. 0.02 0. 0. 0. 235. 0. 12.
13.714 1 PPRZ_MODE 2 0 0 0 0 6
13.717 1 IMU_ACCEL -0.128906 -9.824219 0.402344
13.749 1 NAVIGATION 0 2 0. 0. 0. 0. 0 0
13.828 1 DESIRED 0. 0.02 0. 0. 0. 235. 0. 12.
13.831 1 IMU_GYRO -0.046631 0.009521 -0.006348
13.834 1 IMU_MAG -0.256348 0.298828 0.048828
13.911 1 DOWNLINK_STATUS 0 14 7755 348 1 517. 23. 52.62
13.914 1 PPRZ_MODE 2 0 0 0 0 6
13.918 1 ENERGY 6.9 0. 0 0.
13.999 1 NAVIGATION 0 2 0. 0. 0. 0. 0 0
14.025 1 DESIRED 0. 0.02 0. 0. 0. 235. 0. 12.
14.029 1 ALIVE 171,166,179,161,111,105,150,87,64,152,169,157,251,122,39,110
14.110 1 PPRZ_MODE 2 0 0 0 0 6
14.222 1 DESIRED 0. 0.02 0. 0. 0. 235. 0. 12.
14.224 1 STATE_FILTER_STATUS 3 0
14.249 1 NAVIGATION 0 2 0. 0. 0. 0. 0 0
14.317 1 PPRZ_MODE 2 0 0 0 0 6
14.323 1 GPS 0 0 0 0 0 0 0 0 0 0 1
14.432 1 DESIRED 0. 0.02 0. 0. 0. 235. 0. 12.
14.435 1 ATTITUDE 0.055849 -0.369819 0.026617
14.439 1 BAT 0 69 0 0 1 17 0 0
14.441 1 ESTIMATOR 0. 0.
14.470 1 WIND_INFO 1 42 0. 0. 0.
14.513 1 NAVIGATION 0 2 0. 0. 0. 0. 0 0
14.528 1 PPRZ_MODE 2 0 0 0 0 6
14.531 1 GPS_SOL 0 0 0 0
14.533 1 DOWNLINK 0 542 429
14.594 1 PPRZ_MODE 0 0 0 0 0 17
14.620 1 DESIRED 0. 0.02 0. 0. 0. 235. 0. 12.
14.714 1 PPRZ_MODE 0 0 0 0 0 17
14.717 1 IMU_ACCEL -0.100586 -9.847656 0.397461
14.749 1 NAVIGATION 0 2 0. 0. 0. 0. 0 0
14.827 1 DESIRED 0. 0.02 0. 0. 0. 235. 0. 12.
14.830 1 IMU_GYRO -0.047852 0.010498 -0.006348
14.832 1 DL_VALUE 0 0.
14.910 1 PPRZ_MODE 0 0 0 0 0 17
14.911 1 DOWNLINK_STATUS 0 15 8346 376 1 591. 28. 52.62
15.002 1 NAVIGATION 0 2 0. 0. 0. 0. 0 0
15.004 1 FBW_STATUS 0 20 0 69 0
15.022 1 DESIRED 0. 0.02 0. 0. 0. 235. 0. 12.
15.113 1 PPRZ_MODE 0 0 0 0 0 17
15.117 1 IMU_MAG -0.280762 0.274902 0.03125
15.221 1 DESIRED 0. 0.02 0. 0. 0. 235. 0. 12.
15.249 1 NAVIGATION 0 2 0. 0. 0. 0. 0 0
15.317 1 PPRZ_MODE 0 0 0 0 0 17
15.323 1 GPS 0 0 0 0 0 0 0 0 0 0 1
15.427 1 DESIRED 0. 0.02 0. 0. 0. 235. 0. 12.
15.430 1 ATTITUDE 0.056048 -0.379194 0.02649
15.431 1 CALIBRATION 0. 0
15.455 1 PONG 
15.499 1 NAVIGATION 0 2 0. 0. 0. 0. 0 0
15.514 1 PPRZ_MODE 0 0 0 0 0 17
15.518 1 BAT 26 69 0 0 1 18 0 0
15.620 1 DESIRED 0. 0.02 0. 0. 0. 235. 0. 12.
15.714 1 PPRZ_MODE 0 0 0 0 0 17
15.717 1 IMU_ACCEL -0.109375 -9.833008 0.387695
15.749 1 NAVIGATION 0 2 0. 0. 0. 0. 0 0
15.824 1 DESIRED 0. 0.02 0. 0. 0. 235. 0. 12.
15.827 1 IMU_GYRO -0.048828 0.010498 -0.007324
15.910 1 PPRZ_MODE 0 0 0 0 0 17
15.911 1 DOWNLINK_STATUS 0 16 8858 399 1 512. 23. 50.56
15.999 1 NAVIGATION 0 2 0. 0. 0. 0. 0 0
16.020 1 DESIRED 0. 0.02 0. 0. 0. 235. 0. 12.
16.110 1 PPRZ_MODE 0 0 0 0 0 17
16.220 1 DESIRED 0. 0.02 0. 0. 0. 235. 0. 12.
16.249 1 NAVIGATION 0 2 0. 0. 0. 0. 0 0
16.320 1 PPRZ_MODE 0 0 0 0 0 17
16.325 1 GPS 0 0 0 0 0 0 0 0 0 0 1
16.327 1 DL_VALUE 1 0.
16.437 1 DESIRED 0. 0.02 0. 0. 0. 235. 0. 12.
16.440 1 ATTITUDE 0.056211 -0.392772 0.026285
16.443 1 IMU_MAG -0.312012 0.259766 0.015625
16.446 1 ESTIMATOR 0. 0.
16.447 1 STATE_FILTER_STATUS 3 0
16.451 1 ENERGY 6.9 0. 0 0.
16.499 1 NAVIGATION 0 2 0. 0. 0. 0. 0 0
16.514 1 PPRZ_MODE 0 0 0 0 0 17
16.517 1 GPS_SOL 0 0 0 0
16.625 1 DESIRED 0. 0.02 0. 0. 0. 235. 0. 12.
16.628 1 BAT 26 69 0 0 1 19 0 0
16.714 1 PPRZ_MODE 0 0 0 0 0 17
16.717 1 IMU_ACCEL -0.09082 -9.837891 0.373047
16.749 1 NAVIGATION 0 2 0. 0. 0. 0. 0 0
16.824 1 DESIRED 0. 0.02 0. 0. 0. 235. 0. 12.
16.827 1 IMU_GYRO -0.045654 0.009521 -0.007324
16.910 1 PPRZ_MODE 0 0 0 0 0 17
16.912 1 DOWNLINK_STATUS 0 17 9409 424 1 551. 25. 50.56
17.000 1 FBW_STATUS 0 47 0 69 0
17.005 1 NAVIGATION 0 2 0. 0. 0. 0. 0 0
17.022 1 DESIRED 0. 0.02 0. 0. 0. 235. 0. 12.
17.095 1 COMMANDS 26,-308,1736,-308,1120,0
17.110 1 PPRZ_MODE 0 0 0 0 0 17
17.195 1 ACTUATORS 1297,1683,1527,1484,1351
17.221 1 DESIRED 0. 0.02 0. 0. 0. 235. 0. 12.
17.249 1 NAVIGATION 0 2 0. 0. 0. 0. 0 0
17.321 1 PPRZ_MODE 0 0 0 0 0 17
17.326 1 GPS 0 0 0 0 0 0 0 0 0 0 1
17.328 1 NAVIGATION_REF 552520 5528984 14
17.424 1 DESIRED 0. 0.02 0. 0. 0. 235. 0. 12.
17.426 1 ATTITUDE 0.05636 -0.399989 0.026075
17.498 1 NAVIGATION 0 2 0. 0. 0. 0. 0 0
17.513 1 PPRZ_MODE 0 0 0 0 0 17
17.515 1 CALIBRATION 0. 0
17.620 1 DESIRED 0. 0.02 0. 0. 0. 235. 0. 12.
17.722 1 PPRZ_MODE 0 0 0 0 0 17
17.725 1 IMU_ACCEL -0.128906 -9.837891 0.420898
17.729 1 BAT 26 69 0 0 1 20 0 0
17.732 1 IMU_MAG -0.535645 0.125488 -0.015625
17.748 1 NAVIGATION 0 2 0. 0. 0. 0. 0 0
17.826 1 DESIRED 0. 0.02 0. 0. 0. 235. 0. 12.
17.829 1 IMU_GYRO -0.041504 0.008301 -0.003174
17.831 1 DL_VALUE 2 235.
17.910 1 PPRZ_MODE 0 0 0 0 0 17
17.912 1 DOWNLINK_STATUS 0 18 9977 450 1 568. 26. 50.56
17.999 1 NAVIGATION 0 2 0. 0. 0. 0. 0 0
18.020 1 DESIRED 0. 0.02 0. 0. 0. 235. 0. 12.
18.110 1 PPRZ_MODE 0 0 0 0 0 17
18.220 1 DESIRED 0. 0.02 0. 0. 0. 235. 0. 12.
18.249 1 NAVIGATION 0 2 0. 0. 0. 0. 0 0
18.317 1 PPRZ_MODE 0 0 0 0 0 17
18.323 1 GPS 0 0 0 0 0 0 0 0 0 0 1
18.427 1 DESIRED 0. 0.02 0. 0. 0. 235. 0. 12.
18.430 1 ATTITUDE 0.056574 -0.412871 0.025794
18.433 1 ESTIMATOR 0. 0.
18.499 1 NAVIGATION 0 2 0. 0. 0. 0. 0 0
18.514 1 PPRZ_MODE 0 0 0 0 0 17
18.517 1 GPS_SOL 0 0 0 0
18.622 1 DESIRED 0. 0.02 0. 0. 0. 235. 0. 12.
18.624 1 STATE_FILTER_STATUS 3 0
18.714 1 PPRZ_MODE 0 0 0 0 0 17
18.717 1 IMU_ACCEL -0.152344 -9.842773 0.411133
18.749 1 NAVIGATION 0 2 0. 0. 0. 0. 0 0
18.829 1 DESIRED 0. 0.02 0. 0. 0. 235. 0. 12.
18.832 1 IMU_GYRO -0.046631 0.008301 -0.006348
18.835 1 BAT 26 69 0 0 1 21 0 0
18.913 1 DOWNLINK_STATUS 0 19 10467 471 1 490. 21. 50.56
18.914 1 PPRZ_MODE 0 0 0 0 0 17
18.918 1 ENERGY 6.9 0. 0 0.
19.002 1 NAVIGATION 0 2 0. 0. 0. 0. 0 0
19.009 1 FBW_STATUS 0 49 0 69 0
19.029 1 DESIRED 0. 0.02 0. 0. 0. 235. 0. 12.
19.032 1 IMU_MAG -0.410645 0.171387 -0.001953
19.036 1 ALIVE 171,166,179,161,111,105,150,87,64,152,169,157,251,122,39,110
19.110 1 PPRZ_MODE 0 0 0 0 0 17
19.220 1 DESIRED 0. 0.02 0. 0. 0. 235. 0. 12.
19.249 1 NAVIGATION 0 2 0. 0. 0. 0. 0 0
19.319 1 PPRZ_MODE 0 0 0 0 0 17
19.326 1 GPS 0 0 0 0 0 0 0 0 0 0 1
19.326 1 DL_VALUE 3 0.
19.430 1 DESIRED 0. 0.02 0. 0. 0. 235. 0. 12.
19.432 1 ATTITUDE 0.056367 -0.417864 0.025652
19.438 1 NAVIGATION 0 2 0. 0. 0. 0. 0 0
19.499 1 NAVIGATION 0 2 0. 0. 0. 0. 0 0
19.514 1 PPRZ_MODE 0 0 0 0 0 17
19.518 1 WP_MOVED 2 552569.5 5529084. 260. 14
19.625 1 DESIRED 0. 0.02 0. 0. 0. 235. 0. 12.
19.626 1 CALIBRATION 0. 0
19.628 1 DOWNLINK 0 547 555
19.713 1 PPRZ_MODE 0 0 0 0 0 17
19.717 1 IMU_ACCEL -0.109375 -9.847656 0.411133
19.748 1 NAVIGATION 0 2 0. 0. 0. 0. 0 0
19.824 1 DESIRED 0. 0.02 0. 0. 0. 235. 0. 12.
19.827 1 IMU_GYRO -0.044678 0.009521 -0.006348
19.913 1 DOWNLINK_STATUS 0 20 11063 498 1 596. 27. 50.56
19.914 1 PPRZ_MODE 0 0 0 0 0 17
19.918 1 BAT 26 69 0 0 1 22 0 0
19.998 1 NAVIGATION 0 2 0. 0. 0. 0. 0 0
20.020 1 DESIRED 0. 0.02 0. 0. 0. 235. 0. 12.
20.110 1 PPRZ_MODE 0 0 0 0 0 17
20.220 1 DESIRED 0. 0.02 0. 0. 0. 235. 0. 12.
20.249 1 NAVIGATION 0 2 0. 0. 0. 0. 0 0
20.321 1 PPRZ_MODE 0 0 0 0 0 17
20.327 1 GPS 0 0 0 0 0 0 0 0 0 0 1
20.330 1 IMU_MAG -0.514648 0.159668 -0.017578
20.427 1 DESIRED 0. 0.02 0. 0. 0. 235. 0. 12.
20.430 1 ATTITUDE 0.056525 -0.427309 0.025906
20.433 1 ESTIMATOR 0. 0.
20.456 1 PONG 
20.499 1 NAVIGATION 0 2 0. 0. 0. 0. 0 0
20.514 1 PPRZ_MODE 0 0 0 0 0 17
20.517 1 GPS_SOL 0 0 0 0
20.620 1 DESIRED 0. 0.02 0. 0. 0. 235. 0. 12.
20.714 1 PPRZ_MODE 0 0 0 0 0 17
20.717 1 IMU_ACCEL -0.114258 -9.842773 0.425781
20.749 1 NAVIGATION 0 2 0. 0. 0. 0. 0 0
20.828 1 DESIRED 0. 0.02 0. 0. 0. 235. 0. 12.
20.831 1 IMU_GYRO -0.049805 0.010498 -0.007324
20.833 1 DL_VALUE 4 0.
20.835 1 STATE_FILTER_STATUS 3 0
20.910 1 PPRZ_MODE 0 0 0 0 0 17
20.914 1 DOWNLINK_STATUS 0 21 11612 524 1 549. 26. 50.62
21.000 1 FBW_STATUS 0 50 0 69 0
21.005 1 NAVIGATION 0 2 0. 0. 0. 0. 0 0
21.025 1 DESIRED 0. 0.02 0. 0. 0. 235. 0. 12.
21.028 1 BAT 26 69 0 0 1 24 0 0
21.110 1 PPRZ_MODE 0 0 0 0 0 17
21.220 1 DESIRED 0. 0.02 0. 0. 0. 235. 0. 12.
21.249 1 NAVIGATION 0 2 0. 0. 0. 0. 0 0
21.316 1 PPRZ_MODE 0 0 0 0 0 17
21.322 1 GPS 0 0 0 0 0 0 0 0 0 0 1
21.428 1 DESIRED 0. 0.02 0. 0. 0. 235. 0. 12.
21.431 1 ATTITUDE 0.056538 -0.433587 0.026061
21.434 1 ENERGY 6.9 0. 0 0.
21.498 1 NAVIGATION 0 2 0. 0. 0. 0. 0 0
21.512 1 PPRZ_MODE 0 0 0 0 0 17
21.624 1 DESIRED 0. 0.02 0. 0. 0. 235. 0. 12.
21.626 1 IMU_MAG -0.183594 0.3125 0.039062
21.716 1 PPRZ_MODE 0 0 0 0 0 17
21.719 1 IMU_ACCEL -0.138672 -9.824219 0.416016
21.721 1 CALIBRATION 0. 0
21.748 1 NAVIGATION 0 2 0. 0. 0. 0. 0 0
21.823 1 DESIRED 0. 0.02 0. 0. 0. 235. 0. 12.
21.826 1 IMU_GYRO -0.041504 0.008301 -0.00415
21.909 1 PPRZ_MODE 0 0 0 0 0 17
21.915 1 DOWNLINK_STATUS 0 22 12138 547 1 526. 23. 50.62
21.998 1 NAVIGATION 0 2 0. 0. 0. 0. 0 0
22.020 1 DESIRED 0. 0.02 0. 0. 0. 235. 0. 12.
22.095 1 COMMANDS 26,-308,1736,-308,532,0
22.114 1 PPRZ_MODE 0 0 0 0 0 17
22.118 1 BAT 26 69 0 0 1 25 0 0
22.195 1 ACTUATORS 1350,1683,1527,1484,1351
22.220 1 DESIRED 0. 0.02 0. 0. 0. 235. 0. 12.
22.248 1 NAVIGATION 0 2 0. 0. 0. 0. 0 0
22.319 1 PPRZ_MODE 0 0 0 0 0 17
22.325 1 GPS 0 0 0 0 0 0 0 0 0 0 1
22.327 1 DL_VALUE 5 0.
22.427 1 DESIRED 0. 0.02 0. 0. 0. 235. 0. 12.
22.430 1 ATTITUDE 0.05671 -0.438866 0.025995
22.432 1 ESTIMATOR 0. 0.
22.498 1 NAVIGATION 0 2 0. 0. 0. 0. 0 0
22.513 1 PPRZ_MODE 0 0 0 0 0 17
22.516 1 GPS_SOL 0 0 0 0
22.581 1 BLOCK 4 1
22.624 1 DESIRED 0. 0.02 0. 0. 0. 235. 0. 12.
22.639 1 NAVIGATION 4 0 0. 0. 0. 0. 0 0
22.714 1 PPRZ_MODE 0 0 0 0 0 17
22.717 1 IMU_ACCEL -0.124023 -9.852539 0.392578
22.749 1 NAVIGATION 4 0 0. 0. 0. 0. 0 0
22.824 1 DESIRED 0. 0.02 5.6 -53. 61. 260. 3. 12.
22.827 1 IMU_GYRO -0.049805 0.010498 -0.005127
22.914 1 PPRZ_MODE 0 3 3 2 0 17
22.915 1 DOWNLINK_STATUS 0 23 12704 572 1 566. 25. 50.62
22.917 1 IMU_MAG -0.166016 0.326172 0.037109
23.000 1 FBW_STATUS 0 48 0 69 0
23.004 1 NAVIGATION 4 0 0. 0. 0. 0. 0 0
23.022 1 DESIRED 0. 0.02 5.6 -53. 61. 260. 3. 12.
23.023 1 STATE_FILTER_STATUS 3 0
23.110 1 PPRZ_MODE 0 3 3 2 0 17
23.225 1 DESIRED 0. 0.02 5.6 -53. 61. 260. 3. 12.
23.227 1 BAT 26 69 0 0 1 1 1 0
23.249 1 NAVIGATION 4 0 0. 0. 0. 0. 0 0
23.317 1 PPRZ_MODE 0 3 3 2 0 17
23.323 1 GPS 0 0 0 0 0 0 0 0 0 0 1
23.424 1 DESIRED 0. 0.02 5.6 -53. 61. 260. 3. 12.
23.427 1 ATTITUDE 0.05675 -0.442677 0.026066
23.498 1 NAVIGATION 4 0 0. 0. 0. 0. 0 0
23.512 1 PPRZ_MODE 0 3 3 2 0 17
23.620 1 DESIRED 0. 0.02 5.6 -53. 61. 260. 3. 12.
23.713 1 PPRZ_MODE 0 3 3 2 0 17
23.716 1 IMU_ACCEL -0.095703 -9.829102 0.397461
23.749 1 NAVIGATION 4 0 0. 0. 0. 0. 0 0
23.829 1 DESIRED 0. 0.02 5.6 -53. 61. 260. 3. 12.
23.831 1 IMU_GYRO -0.044678 0.008301 -0.007324
23.833 1 DL_VALUE 6 80.
23.835 1 CALIBRATION 0. 0
23.914 1 PPRZ_MODE 0 3 3 2 0 17
23.915 1 DOWNLINK_STATUS 0 24 13230 596 1 526. 24. 50.62
23.917 1 ENERGY 6.9 0. 0 0.
23.998 1 NAVIGATION 4 0 0. 0. 0. 0. 0 0
24.024 1 DESIRED 0. 0.02 5.6 -53. 61. 260. 3. 12.
24.028 1 ALIVE 171,166,179,161,111,105,150,87,64,152,169,157,251,122,39,110
24.109 1 PPRZ_MODE 0 3 3 2 0 17
24.223 1 DESIRED 0. 0.02 5.6 -53. 61. 260. 3. 12.
24.226 1 IMU_MAG -0.135254 0.348145 0.042969
24.249 1 NAVIGATION 4 0 0. 0. 0. 0. 0 0
24.321 1 PPRZ_MODE 0 3 3 2 0 17
24.327 1 GPS 0 0 0 0 0 0 0 0 0 0 1
24.330 1 BAT 26 69 0 0 1 2 2 0
24.426 1 DESIRED 0. 0.02 5.6 -53. 61. 260. 3. 12.
24.430 1 ATTITUDE 0.056847 -0.439659 0.026121
24.432 1 ESTIMATOR 0. 0.
24.470 1 WIND_INFO 1 42 0. 0. 0.
24.517 1 NAVIGATION 4 0 0. 0. 0. 0. 0 0
24.550 1 PPRZ_MODE 0 3 3 2 0 17
24.553 1 GPS_SOL 0 0 0 0
24.620 1 DESIRED 0. 0.02 5.6 -53. 61. 260. 3. 12.
24.716 1 PPRZ_MODE 0 3 3 2 0 17
24.719 1 IMU_ACCEL -0.128906 -9.837891 0.373047
24.721 1 DOWNLINK 0 539 679
24.749 1 NAVIGATION 4 0 0. 0. 0. 0. 0 0
24.824 1 DESIRED 0. 0.02 5.6 -53. 61. 260. 3. 12.
24.827 1 IMU_GYRO -0.052002 0.011475 -0.008301
24.910 1 PPRZ_MODE 0 3 3 2 0 17
24.916 1 DOWNLINK_STATUS 0 25 13795 621 1 565. 25. 50.62
25.000 1 FBW_STATUS 0 49 0 69 0
25.004 1 NAVIGATION 4 0 0. 0. 0. 0. 0 0
25.021 1 DESIRED 0. 0.02 5.6 -53. 61. 260. 3. 12.
25.110 1 PPRZ_MODE 0 3 3 2 0 17
25.222 1 DESIRED 0. 0.02 5.6 -53. 61. 260. 3. 12.
25.223 1 STATE_FILTER_STATUS 3 0
25.249 1 NAVIGATION 4 0 0. 0. 0. 0. 0 0
25.318 1 PPRZ_MODE 0 3 3 2 0 17
25.325 1 GPS 0 0 0 0 0 0 0 0 0 0 1
25.326 1 DL_VALUE 7 0.
25.428 1 DESIRED 0. 0.02 5.6 -53. 61. 260. 3. 12.
25.431 1 ATTITUDE 0.057109 -0.436607 0.026081
25.434 1 BAT 26 69 0 0 1 3 3 0
25.457 1 PONG 
25.499 1 NAVIGATION 4 0 0. 0. 0. 0. 0 0
25.513 1 PPRZ_MODE 0 3 3 2 0 17
25.517 1 IMU_MAG -0.057129 0.380371 0.064453
25.620 1 DESIRED 0. 0.02 5.6 -53. 61. 260. 3. 12.
25.713 1 PPRZ_MODE 0 3 3 2 0 17
25.716 1 IMU_ACCEL -0.119141 -9.829102 0.334961
25.749 1 NAVIGATION 4 0 0. 0. 0. 0. 0 0
25.824 1 DESIRED 0. 0.02 5.6 -53. 61. 260. 3. 12.
25.826 1 IMU_GYRO -0.054199 0.012695 -0.011475
25.911 1 PPRZ_MODE 0 3 3 2 0 17
25.913 1 CALIBRATION 0. 0
25.917 1 DOWNLINK_STATUS 0 26 14327 646 1 532. 25. 51.59
25.998 1 NAVIGATION 4 0 0. 0. 0. 0. 0 0
26.020 1 DESIRED 0. 0.02 5.6 -53. 61. 260. 3. 12.
26.109 1 PPRZ_MODE 0 3 3 2 0 17
26.219 1 DESIRED 0. 0.02 5.6 -53. 61. 260. 3. 12.
26.248 1 NAVIGATION 4 0 0. 0. 0. 0. 0 0
26.319 1 PPRZ_MODE 0 3 3 2 0 17
26.325 1 GPS 0 0 0 0 0 0 0 0 0 0 1
26.328 1 NAVIGATION_REF 552520 5528984 14
26.430 1 DESIRED 0. 0.02 5.6 -53. 61. 260. 3. 12.
26.434 1 ATTITUDE 0.057036 -0.436036 0.026205
26.436 1 ESTIMATOR 0. 0.
26.440 1 ENERGY 6.9 0. 0 0.
26.498 1 NAVIGATION 4 0 0. 0. 0. 0. 0 0
26.518 1 PPRZ_MODE 0 3 3 2 0 17
26.521 1 BAT 26 69 0 0 1 4 4 0
26.524 1 GPS_SOL 0 0 0 0
26.620 1 DESIRED 0. 0.02 5.6 -53. 61. 260. 3. 12.
26.713 1 PPRZ_MODE 0 3 3 2 0 17
26.716 1 IMU_ACCEL -0.095703 -9.824219 0.349609
26.748 1 NAVIGATION 4 0 0. 0. 0. 0. 0 0
26.830 1 DESIRED 0. 0.02 5.6 -53. 61. 260. 3. 12.
26.833 1 IMU_GYRO -0.048828 0.010498 -0.008301
26.836 1 IMU_MAG -0.225098 0.327637 0.029297
26.838 1 DL_VALUE 8 0.
26.909 1 PPRZ_MODE 0 3 3 2 0 17
26.917 1 DOWNLINK_STATUS 0 27 14884 671 1 557. 25. 51.59
26.999 1 FBW_STATUS 0 50 0 69 0
27.004 1 NAVIGATION 4 0 0. 0. 0. 0. 0 0
27.021 1 DESIRED 0. 0.02 5.6 -53. 61. 260. 3. 12.
27.095 1 COMMANDS 26,-308,1736,-308,504,0
27.111 1 PPRZ_MODE 0 3 3 2 0 17
27.195 1 ACTUATORS 1352,1683,1527,1484,1351
27.220 1 DESIRED 0. 0.02 5.6 -53. 61. 260. 3. 12.
27.249 1 NAVIGATION 4 0 0. 0. 0. 0. 0 0
27.317 1 PPRZ_MODE 0 3 3 2 0 17
27.322 1 GPS 0 0 0 0 0 0 0 0 0 0 1
27.426 1 DESIRED 0. 0.02 5.6 -53. 61. 260. 3. 12.
27.429 1 ATTITUDE 0.057049 -0.431091 0.026269
27.429 1 STATE_FILTER_STATUS 3 0
27.499 1 NAVIGATION 4 0 0. 0. 0. 0. 0 0
27.513 1 PPRZ_MODE 0 3 3 2 0 17
27.624 1 DESIRED 0. 0.02 5.6 -53. 61. 260. 3. 12.
27.627 1 BAT 26 69 0 0 1 5 5 0
27.713 1 PPRZ_MODE 0 3 3 2 0 17
27.716 1 IMU_ACCEL -0.104492 -9.842773 0.37793
27.749 1 NAVIGATION 4 0 0. 0. 0. 0. 0 0
27.824 1 DESIRED 0. 0.02 5.6 -53. 61. 260. 3. 12.
27.826 1 IMU_GYRO -0.049805 0.010498 -0.007324
27.909 1 PPRZ_MODE 0 3 3 2 0 17
27.918 1 DOWNLINK_STATUS 0 28 15406 694 1 522. 23. 51.59
27.998 1 NAVIGATION 4 0 0. 0. 0. 0. 0 0
28.021 1 DESIRED 0. 0.02 5.6 -53. 61. 260. 3. 12.
28.023 1 CALIBRATION 0. 0
28.113 1 PPRZ_MODE 0 3 3 2 0 17
28.116 1 IMU_MAG 0.042969 0.465332 0.076172
28.219 1 DESIRED 0. 0.02 5.6 -53. 61. 260. 3. 12.
28.248 1 NAVIGATION 4 0 0. 0. 0. 0. 0 0
28.318 1 PPRZ_MODE 0 3 3 2 0 17
28.324 1 GPS 0 0 0 0 0 0 0 0 0 0 1
28.326 1 DL_VALUE 9 1.
28.426 1 DESIRED 0. 0.02 5.6 -53. 61. 260. 3. 12.
28.429 1 ATTITUDE 0.057058 -0.431779 0.026354
28.432 1 ESTIMATOR 0. 0.
28.498 1 NAVIGATION 4 0 0. 0. 0. 0. 0 0
28.513 1 PPRZ_MODE 0 3 3 2 0 17
28.516 1 GPS_SOL 0 0 0 0
28.619 1 DESIRED 0. 0.02 5.6 -53. 61. 260. 3. 12.
28.718 1 PPRZ_MODE 0 3 3 2 0 17
28.721 1 IMU_ACCEL -0.119141 -9.80957 0.344727
28.724 1 BAT 26 69 0 0 1 6 6 0
28.748 1 NAVIGATION 4 0 0. 0. 0. 0. 0 0
28.823 1 DESIRED 0. 0.02 5.6 -53. 61. 260. 3. 12.
28.826 1 IMU_GYRO -0.048828 0.009521 -0.007324
28.914 1 PPRZ_MODE 0 3 3 2 0 17
28.917 1 ENERGY 6.9 0. 0 0.
28.918 1 DOWNLINK_STATUS 0 29 15959 719 1 553. 25. 51.59
28.999 1 FBW_STATUS 0 53 0 69 0
29.004 1 NAVIGATION 4 0 0. 0. 0. 0. 0 0
29.024 1 DESIRED 0. 0.02 5.6 -53. 61. 260. 3. 12.
29.028 1 ALIVE 171,166,179,161,111,105,150,87,64,152,169,157,251,122,39,110
29.109 1 PPRZ_MODE 0 3 3 2 0 17
29.219 1 DESIRED 0. 0.02 5.6 -53. 61. 260. 3. 12.
29.248 1 NAVIGATION 4 0 0. 0. 0. 0. 0 0
29.316 1 PPRZ_MODE 0 3 3 2 0 17
29.322 1 GPS 0 0 0 0 0 0 0 0 0 0 1
29.433 1 DESIRED 0. 0.02 5.6 -53. 61. 260. 3. 12.
29.436 1 ATTITUDE 0.057166 -0.433754 0.026443
29.439 1 IMU_MAG -0.324219 0.254883 0.023438
29.444 1 NAVIGATION 4 0 0. 0. 0. 0. 0 0
29.499 1 NAVIGATION 4 0 0. 0. 0. 0. 0 0
29.512 1 PPRZ_MODE 0 3 3 2 0 17
29.622 1 DESIRED 0. 0.02 5.6 -53. 61. 260. 3. 12.
29.622 1 STATE_FILTER_STATUS 3 0
29.714 1 PPRZ_MODE 0 3 3 2 0 17
29.717 1 IMU_ACCEL -0.157227 -9.819336 0.392578
29.749 1 NAVIGATION 4 0 0. 0. 0. 0. 0 0
29.833 1 DESIRED 0. 0.02 5.6 -53. 61. 260. 3. 12.
29.835 1 IMU_GYRO -0.051025 0.010498 -0.00415
29.838 1 BAT 26 69 0 0 1 7 7 0
29.840 1 DL_VALUE 10 0.
29.842 1 DOWNLINK 0 553 806
29.909 1 PPRZ_MODE 0 3 3 2 0 17
29.919 1 DOWNLINK_STATUS 0 30 16534 745 1 575. 26. 51.59
29.999 1 NAVIGATION 4 0 0. 0. 0. 0. 0 0
30.020 1 DESIRED 0. 0.02 5.6 -53. 61. 260. 3. 12.
30.111 1 PPRZ_MODE 0 3 3 2 0 17
30.113 1 CALIBRATION 0. 0
30.219 1 DESIRED 0. 0.02 5.6 -53. 61. 260. 3. 12.
30.248 1 NAVIGATION 4 0 0. 0. 0. 0. 0 0
30.316 1 PPRZ_MODE 0 3 3 2 0 17
30.322 1 GPS 0 0 0 0 0 0 0 0 0 0 1
30.426 1 DESIRED 0. 0.02 5.6 -53. 61. 260. 3. 12.
30.429 1 ATTITUDE 0.056976 -0.43492 0.02649
30.431 1 ESTIMATOR 0. 0.
30.455 1 PONG 
30.498 1 NAVIGATION 4 0 0. 0. 0. 0. 0 0
30.512 1 PPRZ_MODE 0 3 3 2 0 17
30.515 1 GPS_SOL 0 0 0 0
30.619 1 DESIRED 0. 0.02 5.6 -53. 61. 260. 3. 12.
30.716 1 PPRZ_MODE 0 3 3 2 0 17
30.720 1 IMU_ACCEL -0.124023 -9.833008 0.402344
30.723 1 IMU_MAG -0.407227 0.217285 -0.003906
30.748 1 NAVIGATION 4 0 0. 0. 0. 0. 0 0
30.823 1 DESIRED 0. 0.02 5.6 -53. 61. 260. 3. 12.
30.826 1 IMU_GYRO -0.049805 0.009521 -0.005127
30.914 1 PPRZ_MODE 0 3 3 2 0 17
30.917 1 BAT 26 69 0 0 1 8 8 0
30.919 1 DOWNLINK_STATUS 0 31 17062 769 1 528. 24. 48.67
30.999 1 FBW_STATUS 0 51 0 69 0
31.003 1 NAVIGATION 4 0 0. 0. 0. 0. 0 0
31.020 1 DESIRED 0. 0.02 5.6 -53. 61. 260. 3. 12.
31.109 1 PPRZ_MODE 0 3 3 2 0 17
31.219 1 DESIRED 0. 0.02 5.6 -53. 61. 260. 3. 12.
31.248 1 NAVIGATION 4 0 0. 0. 0. 0. 0 0
31.319 1 PPRZ_MODE 0 3 3 2 0 17
31.324 1 GPS 0 0 0 0 0 0 0 0 0 0 1
31.326 1 DL_VALUE 0 0.
31.427 1 DESIRED 0. 0.02 5.6 -53. 61. 260. 3. 12.
31.431 1 ATTITUDE 0.056993 -0.43014 0.026586
31.434 1 ENERGY 6.9 0. 0 0.
31.498 1 NAVIGATION 4 0 0. 0. 0. 0. 0 0
31.512 1 PPRZ_MODE 0 3 3 2 0 17
31.619 1 DESIRED 0. 0.02 5.6 -53. 61. 260. 3. 12.
31.713 1 PPRZ_MODE 0 3 3 2 0 17
31.716 1 IMU_ACCEL -0.124023 -9.833008 0.37793
31.748 1 NAVIGATION 4 0 0. 0. 0. 0. 0 0
31.825 1 DESIRED 0. 0.02 5.6 -53. 61. 260. 3. 12.
31.828 1 IMU_GYRO -0.047852 0.010498 -0.007324
31.829 1 STATE_FILTER_STATUS 3 0
31.909 1 PPRZ_MODE 0 3 3 2 0 17
31.920 1 DOWNLINK_STATUS 0 32 17558 791 1 496. 22. 48.67
31.999 1 NAVIGATION 4 0 0. 0. 0. 0. 0 0
32.028 1 DESIRED 0. 0.02 5.6 -53. 61. 260. 3. 12.
32.031 1 BAT 26 69 0 0 1 10 10 0
32.035 1 IMU_MAG -0.502441 0.159668 0.007812
32.095 1 COMMANDS 26,-336,1750,-336,476,0
32.110 1 PPRZ_MODE 0 3 3 2 0 17
32.194 1 ACTUATORS 1354,1684,1526,1483,1351
32.222 1 DESIRED 0. 0.02 5.6 -53. 61. 260. 3. 12.
32.223 1 CALIBRATION 0. 0
32.248 1 NAVIGATION 4 0 0. 0. 0. 0. 0 0
32.316 1 PPRZ_MODE 0 3 3 2 0 17
32.321 1 GPS 0 0 0 0 0 0 0 0 0 0 1
32.426 1 DESIRED 0. 0.02 5.6 -53. 61. 260. 3. 12.
32.429 1 ATTITUDE 0.056965 -0.428565 0.026674
32.431 1 ESTIMATOR 0. 0.
32.498 1 NAVIGATION 4 0 0. 0. 0. 0. 0 0
32.512 1 PPRZ_MODE 0 3 3 2 0 17
32.515 1 GPS_SOL 0 0 0 0
32.542 1 PPRZ_MODE 0 3 3 2 0 0
32.619 1 DESIRED 0. 0.02 5.6 -53. 61. 260. 3. 12.
32.713 1 PPRZ_MODE 0 3 3 2 0 0
32.716 1 IMU_ACCEL -0.128906 -9.824219 0.368164
32.748 1 NAVIGATION 4 0 0. 0. 0. 0. 0 0
32.825 1 DESIRED 0. 0.02 5.6 -53. 61. 260. 3. 12.
32.828 1 IMU_GYRO -0.048828 0.009521 -0.007324
32.830 1 DL_VALUE 1 0.
32.909 1 PPRZ_MODE 0 3 3 2 0 0
32.920 1 DOWNLINK_STATUS 0 33 18139 818 1 581. 27. 48.67
32.999 1 FBW_STATUS 1 1 0 69 0
33.003 1 NAVIGATION 4 0 0. 0. 0. 0. 0 0
33.020 1 DESIRED 0. 0.02 5.6 -53. 61. 260. 3. 12.
33.042 1 PPRZ_MODE 0 3 3 2 0 6
33.113 1 PPRZ_MODE 0 3 3 2 0 6
33.117 1 BAT 26 69 0 0 1 11 11 0
33.219 1 DESIRED 0. 0.02 5.6 -53. 61. 260. 3. 12.
33.248 1 NAVIGATION 4 0 0. 0. 0. 0. 0 0
33.320 1 PPRZ_MODE 0 3 3 2 0 6
33.326 1 GPS 0 0 0 0 0 0 0 0 0 0 1
33.329 1 IMU_MAG -0.514648 0.127441 0.
33.423 1 DESIRED 0. 0.02 5.6 -53. 61. 260. 3. 12.
33.426 1 ATTITUDE 0.056788 -0.431003 0.026677
33.498 1 NAVIGATION 4 0 0. 0. 0. 0. 0 0
33.512 1 PPRZ_MODE 0 3 3 2 0 6
33.619 1 DESIRED 0. 0.02 5.6 -53. 61. 260. 3. 12.
33.713 1 PPRZ_MODE 0 3 3 2 0 6
33.716 1 IMU_ACCEL -0.100586 -9.829102 0.382812
33.748 1 NAVIGATION 4 0 0. 0. 0. 0. 0 0
33.823 1 DESIRED 0. 0.02 5.6 -53. 61. 260. 3. 12.
33.826 1 IMU_GYRO -0.048828 0.010498 -0.008301
33.914 1 PPRZ_MODE 0 3 3 2 0 6
33.917 1 ENERGY 6.9 0. 0 0.
33.921 1 DOWNLINK_STATUS 0 34 18666 841 1 527. 23. 48.67
33.998 1 NAVIGATION 4 0 0. 0. 0. 0. 0 0
34.026 1 DESIRED 0. 0.02 5.6 -53. 61. 260. 3. 12.
34.027 1 STATE_FILTER_STATUS 3 0
34.032 1 ALIVE 171,166,179,161,111,105,150,87,64,152,169,157,251,122,39,110
34.108 1 PPRZ_MODE 0 3 3 2 0 6
34.224 1 DESIRED 0. 0.02 5.6 -53. 61. 260. 3. 12.
34.227 1 BAT 26 69 0 0 1 12 12 0
34.247 1 NAVIGATION 4 0 0. 0. 0. 0. 0 0
34.320 1 PPRZ_MODE 0 3 3 2 0 6
34.326 1 GPS 0 0 0 0 0 0 0 0 0 0 1
34.328 1 DL_VALUE 2 260.
34.330 1 CALIBRATION 0. 0
34.426 1 DESIRED 0. 0.02 5.6 -53. 61. 260. 3. 12.
34.429 1 ATTITUDE 0.056656 -0.429285 0.026534
34.431 1 ESTIMATOR 0. 0.
34.470 1 WIND_INFO 1 42 0. 0. 0.
34.512 1 NAVIGATION 4 0 0. 0. 0. 0. 0 0
34.527 1 PPRZ_MODE 0 3 3 2 0 6
34.530 1 GPS_SOL 0 0 0 0
34.622 1 DESIRED 0. 0.02 5.6 -53. 61. 260. 3. 12.
34.626 1 IMU_MAG -0.154297 0.32959 0.048828
34.712 1 PPRZ_MODE 0 3 3 2 0 6
34.716 1 IMU_ACCEL -0.114258 -9.819336 0.353516
34.748 1 NAVIGATION 4 0 0. 0. 0. 0. 0 0
34.822 1 DESIRED 0. 0.02 5.6 -53. 61. 260. 3. 12.
34.826 1 IMU_GYRO -0.047852 0.010498 -0.007324
34.911 1 PPRZ_MODE 0 3 3 2 0 6
34.913 1 DOWNLINK 0 533 930
34.921 1 DOWNLINK_STATUS 0 35 19242 868 1 576. 27. 48.67
35.001 1 NAVIGATION 4 0 0. 0. 0. 0. 0 0
35.003 1 FBW_STATUS 2 0 1 69 0
35.020 1 DESIRED 0. 0.02 5.6 -53. 61. 260. 3. 12.
35.109 1 PPRZ_MODE 0 3 3 2 0 6
35.219 1 DESIRED 0. 0.02 5.6 -53. 61. 260. 3. 12.
35.248 1 NAVIGATION 4 0 0. 0. 0. 0. 0 0
35.323 1 PPRZ_MODE 0 3 3 2 0 6
35.329 1 GPS 0 0 0 0 0 0 0 0 0 0 1
35.333 1 BAT 26 69 0 0 1 13 13 0
35.335 1 NAVIGATION_REF 552520 5528984 14
35.423 1 DESIRED 0. 0.02 5.6 -53. 61. 260. 3. 12.
35.426 1 ATTITUDE 0.056562 -0.430742 0.02645
35.452 1 PONG 
35.498 1 NAVIGATION 4 0 0. 0. 0. 0. 0 0
35.512 1 PPRZ_MODE 0 3 3 2 0 6
35.619 1 DESIRED 0. 0.02 5.6 -53. 61. 260. 3. 12.
35.713 1 PPRZ_MODE 0 3 3 2 0 6
35.716 1 IMU_ACCEL -0.128906 -9.80957 0.392578
35.748 1 NAVIGATION 4 0 0. 0. 0. 0. 0 0
35.825 1 DESIRED 0. 0.02 5.6 -53. 61. 260. 3. 12.
35.828 1 IMU_GYRO -0.047852 0.009521 -0.007324
35.830 1 DL_VALUE 3 0.
35.913 1 PPRZ_MODE 0 3 3 2 0 6
35.916 1 IMU_MAG -0.220215 0.281738 0.050781
35.922 1 DOWNLINK_STATUS 0 36 19769 892 1 527. 24. 44.73
35.998 1 NAVIGATION 4 0 0. 0. 0. 0. 0 0
36.019 1 DESIRED 0. 0.02 5.6 -53. 61. 260. 3. 12.
36.109 1 PPRZ_MODE 0 3 3 2 0 6
36.221 1 DESIRED 0. 0.02 5.6 -53. 61. 260. 3. 12.
36.222 1 STATE_FILTER_STATUS 3 0
36.248 1 NAVIGATION 4 0 0. 0. 0. 0. 0 0
36.315 1 PPRZ_MODE 0 3 3 2 0 6
36.322 1 GPS 0 0 0 0 0 0 0 0 0 0 1
36.437 1 DESIRED 0. 0.02 5.6 -53. 61. 260. 3. 12.
36.439 1 ATTITUDE 0.056539 -0.437819 0.026333
36.443 1 BAT 26 69 0 0 1 14 14 0
36.445 1 ESTIMATOR 0. 0.
36.447 1 CALIBRATION 0. 0
36.451 1 ENERGY 6.9 0. 0 0.
36.497 1 NAVIGATION 4 0 0. 0. 0. 0. 0 0
36.512 1 PPRZ_MODE 0 3 3 2 0 6
36.515 1 GPS_SOL 0 0 0 0
36.618 1 DESIRED 0. 0.02 5.6 -53. 61. 260. 3. 12.
36.712 1 PPRZ_MODE 0 3 3 2 0 6
36.715 1 IMU_ACCEL -0.128906 -9.824219 0.37793
36.747 1 NAVIGATION 4 0 0. 0. 0. 0. 0 0
36.823 1 DESIRED 0. 0.02 5.6 -53. 61. 260. 3. 12.
36.825 1 IMU_GYRO -0.047852 0.010498 -0.006348
36.908 1 PPRZ_MODE 0 3 3 2 0 6
36.923 1 DOWNLINK_STATUS 0 37 20302 916 1 533. 24. 44.73
36.998 1 FBW_STATUS 2 0 1 69 0
37.003 1 NAVIGATION 4 0 0. 0. 0. 0. 0 0
37.020 1 DESIRED 0. 0.02 5.6 -53. 61. 260. 3. 12.
37.094 1 COMMANDS 26,-1187,-37,0,476,0
37.110 1 PPRZ_MODE 0 3 3 2 0 6
37.194 1 ACTUATORS 1354,1613,1496,1457,1351
37.223 1 DESIRED 0. 0.02 5.6 -53. 61. 260. 3. 12.
37.226 1 IMU_MAG -0.17334 0.320801 0.064453
37.248 1 NAVIGATION 4 0 0. 0. 0. 0. 0 0
37.318 1 PPRZ_MODE 0 3 3 2 0 6
37.324 1 GPS 0 0 0 0 0 0 0 0 0 0 1
37.326 1 DL_VALUE 4 0.
37.423 1 DESIRED 0. 0.02 5.6 -53. 61. 260. 3. 12.
37.426 1 ATTITUDE 0.056215 -0.446539 0.02617
37.498 1 NAVIGATION 4 0 0. 0. 0. 0. 0 0
37.513 1 PPRZ_MODE 0 3 3 2 0 6
37.517 1 BAT 26 69 0 0 1 15 15 0
37.619 1 DESIRED 0. 0.02 5.6 -53. 61. 260. 3. 12.
37.713 1 PPRZ_MODE 0 3 3 2 0 6
37.716 1 IMU_ACCEL -0.104492 -9.852539 0.397461
37.748 1 NAVIGATION 4 0 0. 0. 0. 0. 0 0
37.823 1 DESIRED 0. 0.02 5.6 -53. 61. 260. 3. 12.
37.826 1 IMU_GYRO -0.046631 0.009521 -0.006348
37.909 1 PPRZ_MODE 0 3 3 2 0 6
37.923 1 DOWNLINK_STATUS 0 38 20844 940 1 542. 24. 44.73
37.998 1 NAVIGATION 4 0 0. 0. 0. 0. 0 0
38.019 1 DESIRED 0. 0.02 5.6 -53. 61. 260. 3. 12.
38.109 1 PPRZ_MODE 0 3 3 2 0 6
38.219 1 DESIRED 0. 0.02 5.6 -53. 61. 260. 3. 12.
38.248 1 NAVIGATION 4 0 0. 0. 0. 0. 0 0
38.316 1 PPRZ_MODE 0 3 3 2 0 6
38.322 1 GPS 0 0 0 0 0 0 0 0 0 0 1
38.428 1 DESIRED 0. 0.02 5.6 -53. 61. 260. 3. 12.
38.430 1 ATTITUDE 0.056054 -0.459837 0.026073
38.432 1 ESTIMATOR 0. 0.
38.434 1 STATE_FILTER_STATUS 3 0
38.498 1 NAVIGATION 4 0 0. 0. 0. 0. 0 0
38.518 1 PPRZ_MODE 0 3 3 2 0 6
38.521 1 IMU_MAG 0.069336 0.463867 0.094238
38.524 1 GPS_SOL 0 0 0 0
38.526 1 CALIBRATION 0. 0
38.624 1 DESIRED 0. 0.02 5.6 -53. 61. 260. 3. 12.
38.626 1 BAT 26 69 0 0 1 16 16 0
38.712 1 PPRZ_MODE 0 3 3 2 0 6
38.715 1 IMU_ACCEL -0.124023 -9.847656 0.37793
38.747 1 NAVIGATION 4 0 0. 0. 0. 0. 0 0
38.825 1 DESIRED 0. 0.02 5.6 -53. 61. 260. 3. 12.
38.828 1 IMU_GYRO -0.046631 0.010498 -0.007324
38.829 1 DL_VALUE 5 0.
38.912 1 PPRZ_MODE 0 3 3 2 0 6
38.916 1 ENERGY 6.9 0. 0 0.
38.924 1 DOWNLINK_STATUS 0 39 21406 966 1 562. 26. 44.73
38.998 1 FBW_STATUS 2 0 1 69 0
39.003 1 NAVIGATION 4 0 0. 0. 0. 0. 0 0
39.023 1 DESIRED 0. 0.02 5.6 -53. 61. 260. 3. 12.
39.027 1 ALIVE 171,166,179,161,111,105,150,87,64,152,169,157,251,122,39,110
39.108 1 PPRZ_MODE 0 3 3 2 0 6
39.218 1 DESIRED 0. 0.02 5.6 -53. 61. 260. 3. 12.
39.247 1 NAVIGATION 4 0 0. 0. 0. 0. 0 0
39.315 1 PPRZ_MODE 0 3 3 2 0 6
39.321 1 GPS 0 0 0 0 0 0 0 0 0 0 1
39.428 1 DESIRED 0. 0.02 5.6 -53. 61. 260. 3. 12.
39.431 1 ATTITUDE 0.055865 -0.46394 0.02615
39.435 1 NAVIGATION 4 0 0. 0. 0. 0. 0 0
39.498 1 NAVIGATION 4 0 0. 0. 0. 0. 0 0
39.513 1 PPRZ_MODE 0 3 3 2 0 6
39.516 1 WP_MOVED 3 552620.125 5529055. 260. 14
39.618 1 DESIRED 0. 0.02 5.6 -53. 61. 260. 3. 12.
39.721 1 PPRZ_MODE 0 3 3 2 0 6
39.724 1 IMU_ACCEL -0.003906 -9.862305 0.416016
39.728 1 BAT 26 69 0 0 1 17 17 0
39.731 1 CIRCLE 49.5 100.099998 80.
39.748 1 NAVIGATION 4 0 0. 0. 0. 0. 0 0
39.826 1 DESIRED 0. 0.02 5.6 -53. 61. 260. 3. 12.
39.830 1 IMU_GYRO -0.04248 0.023193 -0.001953
39.833 1 IMU_MAG -0.108887 0.395508 0.076172
39.909 1 PPRZ_MODE 0 3 3 2 0 6
39.924 1 DOWNLINK_STATUS 0 40 21988 991 1 582. 25. 44.73
39.998 1 NAVIGATION 4 0 0. 0. 0. 0. 0 0
40.021 1 DESIRED 0. 0.02 5.6 -53. 61. 260. 3. 12.
40.023 1 DOWNLINK 0 553 1056
40.109 1 PPRZ_MODE 0 3 3 2 0 6
40.219 1 DESIRED 0. 0.02 5.6 -53. 61. 260. 3. 12.
40.248 1 NAVIGATION 4 0 0. 0. 0. 0. 0 0
40.318 1 PPRZ_MODE 0 3 3 2 0 6
40.324 1 GPS 0 0 0 0 0 0 0 0 0 0 1
40.326 1 DL_VALUE 6 80.
40.426 1 DESIRED 0. 0.02 5.6 -53. 61. 260. 3. 12.
40.428 1 ATTITUDE 0.056449 -0.4714 0.026504
40.430 1 ESTIMATOR 0. 0.
40.454 1 PONG 
40.498 1 NAVIGATION 4 0 0. 0. 0. 0. 0 0
40.511 1 PPRZ_MODE 0 3 3 2 0 6
40.514 1 GPS_SOL 0 0 0 0
40.623 1 DESIRED 0. 0.02 5.6 -53. 61. 260. 3. 12.
40.624 1 CALIBRATION 0. 0
40.626 1 STATE_FILTER_STATUS 3 0
40.712 1 PPRZ_MODE 0 3 3 2 0 6
40.715 1 IMU_ACCEL -0.128906 -9.829102 0.493164
40.747 1 NAVIGATION 4 0 0. 0. 0. 0. 0 0
40.827 1 DESIRED 0. 0.02 5.6 -53. 61. 260. 3. 12.
40.830 1 IMU_GYRO -0.009521 0.000977 -0.003174
40.833 1 BAT 26 69 0 0 1 18 18 0
40.908 1 PPRZ_MODE 0 3 3 2 0 6
40.925 1 DOWNLINK_STATUS 0 41 22529 1017 1 541. 26. 46.48
40.998 1 FBW_STATUS 2 0 1 69 0
41.002 1 NAVIGATION 4 0 0. 0. 0. 0. 0 0
41.020 1 DESIRED 0. 0.02 5.6 -53. 61. 260. 3. 12.
41.112 1 PPRZ_MODE 0 3 3 2 0 6
41.115 1 IMU_MAG -0.268555 0.290527 0.048828
41.218 1 DESIRED 0. 0.02 5.6 -53. 61. 260. 3. 12.
41.247 1 NAVIGATION 4 0 0. 0. 0. 0. 0 0
41.315 1 PPRZ_MODE 0 3 3 2 0 6
41.321 1 GPS 0 0 0 0 0 0 0 0 0 0 1
41.427 1 DESIRED 0. 0.02 5.6 -53. 61. 260. 3. 12.
41.430 1 ATTITUDE 0.055996 -0.48257 0.026378
41.433 1 ENERGY 6.9 0. 0 0.
41.497 1 NAVIGATION 4 0 0. 0. 0. 0. 0 0
41.511 1 PPRZ_MODE 0 3 3 2 0 6
41.618 1 DESIRED 0. 0.02 5.6 -53. 61. 260. 3. 12.
41.712 1 PPRZ_MODE 0 3 3 2 0 6
41.715 1 IMU_ACCEL -0.143555 -9.819336 0.411133
41.747 1 NAVIGATION 4 0 0. 0. 0. 0. 0 0
41.825 1 DESIRED 0. 0.02 5.6 -53. 61. 260. 3. 12.
41.828 1 IMU_GYRO -0.041504 0.007324 -0.011475
41.830 1 DL_VALUE 7 0.
41.913 1 PPRZ_MODE 0 3 3 2 0 6
41.917 1 BAT 26 69 0 0 1 19 19 0
41.925 1 DOWNLINK_STATUS 0 42 23055 1040 1 526. 23. 46.48
41.998 1 NAVIGATION 4 0 0. 0. 0. 0. 0 0
42.019 1 DESIRED 0. 0.02 5.6 -53. 61. 260. 3. 12.
42.094 1 COMMANDS 26,-1192,122,0,476,0
42.110 1 PPRZ_MODE 0 3 3 2 0 6
42.194 1 ACTUATORS 1354,1613,1496,1458,1351
42.219 1 DESIRED 0. 0.02 5.6 -53. 61. 260. 3. 12.
42.248 1 NAVIGATION 4 0 0. 0. 0. 0. 0 0
42.319 1 PPRZ_MODE 0 3 3 2 0 6
42.322 1 GPS 0 0 0 0 0 0 0 0 0 0 1
42.429 1 DESIRED 0. 0.02 5.6 -53. 61. 260. 3. 12.
42.432 1 ATTITUDE 0.0555 -0.489044 0.026215
42.436 1 IMU_MAG -0.52002 0.149414 -0.003906
42.437 1 ESTIMATOR 0. 0.
42.498 1 NAVIGATION 4 0 0. 0. 0. 0. 0 0
42.511 1 PPRZ_MODE 0 3 3 2 0 6
42.514 1 GPS_SOL 0 0 0 0
42.619 1 DESIRED 0. 0.02 5.6 -53. 61. 260. 3. 12.
42.714 1 PPRZ_MODE 0 3 3 2 0 6
42.717 1 IMU_ACCEL -0.171875 -9.837891 0.214844
42.719 1 CALIBRATION 0. 0
42.747 1 NAVIGATION 4 0 0. 0. 0. 0. 0 0
42.824 1 DESIRED 0. 0.02 5.6 -53. 61. 260. 3. 12.
42.828 1 IMU_GYRO -0.076416 0.016846 -0.005127
42.828 1 STATE_FILTER_STATUS 3 0
42.908 1 PPRZ_MODE 0 3 3 2 0 6
42.926 1 DOWNLINK_STATUS 0 43 23601 1065 1 546. 25. 46.48
43.000 1 NAVIGATION 4 0 0. 0. 0. 0. 0 0
43.003 1 FBW_STATUS 2 0 1 69 0
43.022 1 DESIRED 0. 0.02 5.6 -53. 61. 260. 3. 12.
43.026 1 BAT 26 69 0 0 1 21 21 0
43.108 1 PPRZ_MODE 0 3 3 2 0 6
43.218 1 DESIRED 0. 0.02 5.6 -53. 61. 260. 3. 12.
43.247 1 NAVIGATION 4 0 0. 0. 0. 0. 0 0
43.317 1 PPRZ_MODE 0 3 3 2 0 6
43.323 1 GPS 0 0 0 0 0 0 0 0 0 0 1
43.325 1 DL_VALUE 8 0.
43.422 1 DESIRED 0. 0.02 5.6 -53. 61. 260. 3. 12.
43.425 1 ATTITUDE 0.055677 -0.498177 0.026123
43.497 1 NAVIGATION 4 0 0. 0. 0. 0. 0 0
43.511 1 PPRZ_MODE 0 3 3 2 0 6
43.618 1 DESIRED 0. 0.02 5.6 -53. 61. 260. 3. 12.
43.716 1 PPRZ_MODE 0 3 3 2 0 6
43.719 1 IMU_ACCEL -0.109375 -9.842773 0.397461
43.722 1 IMU_MAG -0.459473 0.145996 0.017578
43.747 1 NAVIGATION 4 0 0. 0. 0. 0. 0 0
43.822 1 DESIRED 0. 0.02 5.6 -53. 61. 260. 3. 12.
43.825 1 IMU_GYRO -0.04248 0.008301 -0.007324
43.913 1 PPRZ_MODE 0 3 3 2 0 6
43.916 1 ENERGY 6.9 0. 0 0.
43.926 1 DOWNLINK_STATUS 0 44 24127 1088 1 526. 23. 46.48
43.997 1 NAVIGATION 4 0 0. 0. 0. 0. 0 0
44.023 1 DESIRED 0. 0.02 5.6 -53. 61. 260. 3. 12.
44.027 1 ALIVE 171,166,179,161,111,105,150,87,64,152,169,157,251,122,39,110
44.113 1 PPRZ_MODE 0 3 3 2 0 6
44.117 1 BAT 26 69 0 0 1 22 22 0
44.218 1 DESIRED 0. 0.02 5.6 -53. 61. 260. 3. 12.
44.247 1 NAVIGATION 4 0 0. 0. 0. 0. 0 0
44.319 1 PPRZ_MODE 0 3 3 2 0 6
44.324 1 GPS 0 0 0 0 0 0 0 0 0 0 1
44.327 1 NAVIGATION_REF 552520 5528984 14
44.425 1 DESIRED 0. 0.02 5.6 -53. 61. 260. 3. 12.
44.428 1 ATTITUDE 0.055636 -0.508862 0.026141
44.431 1 ESTIMATOR 0. 0.
44.470 1 WIND_INFO 1 42 0. 0. 0.
44.517 1 NAVIGATION 4 0 0. 0. 0. 0. 0 0
44.565 1 PPRZ_MODE 0 3 3 2 0 6
44.568 1 GPS_SOL 0 0 0 0
44.619 1 DESIRED 0. 0.02 5.6 -53. 61. 260. 3. 12.
44.711 1 PPRZ_MODE 0 3 3 2 0 6
44.716 1 IMU_ACCEL -0.109375 -9.824219 0.353516
44.748 1 NAVIGATION 4 0 0. 0. 0. 0. 0 0
44.827 1 DESIRED 0. 0.02 5.6 -53. 61. 260. 3. 12.
44.830 1 IMU_GYRO -0.048828 0.010498 -0.008301
44.832 1 DL_VALUE 9 1.
44.833 1 CALIBRATION 0. 0
44.908 1 PPRZ_MODE 0 3 3 2 0 6
44.927 1 DOWNLINK_STATUS 0 45 24680 1113 1 553. 25. 46.48
45.000 1 NAVIGATION 4 0 0. 0. 0. 0. 0 0
45.003 1 FBW_STATUS 2 0 1 69 0
45.024 1 DESIRED 0. 0.02 5.6 -53. 61. 260. 3. 12.
45.027 1 IMU_MAG -0.500977 0.157715 0.001953
45.028 1 STATE_FILTER_STATUS 3 0
45.110 1 PPRZ_MODE 0 3 3 2 0 6
45.112 1 DOWNLINK 0 538 1182
45.222 1 DESIRED 0. 0.02 5.6 -53. 61. 260. 3. 12.
45.226 1 BAT 26 69 0 0 1 23 23 0
45.247 1 NAVIGATION 4 0 0. 0. 0. 0. 0 0
45.315 1 PPRZ_MODE 0 3 3 2 0 6
45.321 1 GPS 0 0 0 0 0 0 0 0 0 0 1
45.422 1 DESIRED 0. 0.02 5.6 -53. 61. 260. 3. 12.
45.425 1 ATTITUDE 0.055607 -0.51725 0.026274
45.451 1 PONG 
45.497 1 NAVIGATION 4 0 0. 0. 0. 0. 0 0
45.511 1 PPRZ_MODE 0 3 3 2 0 6
45.618 1 DESIRED 0. 0.02 5.6 -53. 61. 260. 3. 12.
45.712 1 PPRZ_MODE 0 3 3 2 0 6
45.715 1 IMU_ACCEL -0.128906 -9.833008 0.368164
45.747 1 NAVIGATION 4 0 0. 0. 0. 0. 0 0
45.822 1 DESIRED 0. 0.02 5.6 -53. 61. 260. 3. 12.
45.825 1 IMU_GYRO -0.049805 0.009521 -0.008301
45.908 1 PPRZ_MODE 0 3 3 2 0 6
45.927 1 DOWNLINK_STATUS 0 46 25201 1137 1 521. 24. 42.49
45.997 1 NAVIGATION 4 0 0. 0. 0. 0. 0 0
46.018 1 DESIRED 0. 0.02 5.6 -53. 61. 260. 3. 12.
46.108 1 PPRZ_MODE 0 3 3 2 0 6
46.218 1 DESIRED 0. 0.02 5.6 -53. 61. 260. 3. 12.
46.247 1 NAVIGATION 4 0 0. 0. 0. 0. 0 0
46.326 1 PPRZ_MODE 0 3 3 2 0 6
46.332 1 GPS 0 0 0 0 0 0 0 0 0 0 1
46.335 1 BAT 26 69 0 0 1 24 24 0
46.338 1 IMU_MAG -0.176758 0.315918 0.052734
46.340 1 DL_VALUE 10 0.
46.429 1 DESIRED 0. 0.02 5.6 -53. 61. 260. 3. 12.
46.433 1 ATTITUDE 0.055389 -0.523642 0.026389
46.435 1 ESTIMATOR 0. 0.
46.438 1 ENERGY 6.9 0. 0 0.
46.497 1 NAVIGATION 4 0 0. 0. 0. 0. 0 0
46.512 1 PPRZ_MODE 0 3 3 2 0 6
46.515 1 GPS_SOL 0 0 0 0
46.618 1 DESIRED 0. 0.02 5.6 -53. 61. 260. 3. 12.
46.712 1 PPRZ_MODE 0 3 3 2 0 6
46.715 1 IMU_ACCEL -0.124023 -9.847656 0.363281
46.747 1 NAVIGATION 4 0 0. 0. 0. 0. 0 0
46.822 1 DESIRED 0. 0.02 5.6 -53. 61. 260. 3. 12.
46.826 1 IMU_GYRO -0.043457 0.010498 -0.000977
46.910 1 PPRZ_MODE 0 3 3 2 0 6
46.912 1 CALIBRATION 0. 0
46.928 1 DOWNLINK_STATUS 0 47 25754 1162 1 553. 25. 42.49
47.001 1 NAVIGATION 4 0 0. 0. 0. 0. 0 0
47.002 1 FBW_STATUS 2 0 1 69 0
47.020 1 DESIRED 0. 0.02 5.6 -53. 61. 260. 3. 12.
47.093 1 COMMANDS 26,-1158,-142,0,476,0
47.108 1 PPRZ_MODE 0 3 3 2 0 6
47.193 1 ACTUATORS 1354,1618,1496,1457,1351
47.220 1 DESIRED 0. 0.02 5.6 -53. 61. 260. 3. 12.
47.221 1 STATE_FILTER_STATUS 3 0
47.247 1 NAVIGATION 4 0 0. 0. 0. 0. 0 0
47.315 1 PPRZ_MODE 0 3 3 2 0 6
47.320 1 GPS 0 0 0 0 0 0 0 0 0 0 1
47.426 1 DESIRED 0. 0.02 5.6 -53. 61. 260. 3. 12.
47.429 1 ATTITUDE 0.055155 -0.532751 0.026648
47.433 1 BAT 26 69 0 0 1 25 25 0
47.497 1 NAVIGATION 4 0 0. 0. 0. 0. 0 0
47.511 1 PPRZ_MODE 0 3 3 2 0 6
47.622 1 DESIRED 0. 0.02 5.6 -53. 61. 260. 3. 12.
47.625 1 IMU_MAG -0.138672 0.337891 0.076172
47.712 1 PPRZ_MODE 0 3 3 2 0 6
47.715 1 IMU_ACCEL -0.09082 -9.829102 0.349609
47.747 1 NAVIGATION 4 0 0. 0. 0. 0. 0 0
47.824 1 DESIRED 0. 0.02 5.6 -53. 61. 260. 3. 12.
47.827 1 IMU_GYRO -0.043457 0.008301 -0.00415
47.829 1 DL_VALUE 0 0.
47.908 1 PPRZ_MODE 0 3 3 2 0 6
47.929 1 DOWNLINK_STATUS 0 48 26305 1187 1 551. 25. 42.49
47.997 1 NAVIGATION 4 0 0. 0. 0. 0. 0 0
48.018 1 DESIRED 0. 0.02 5.6 -53. 61. 260. 3. 12.
48.108 1 PPRZ_MODE 0 3 3 2 0 6
48.218 1 DESIRED 0. 0.02 5.6 -53. 61. 260. 3. 12.
48.247 1 NAVIGATION 4 0 0. 0. 0. 0. 0 0
48.315 1 PPRZ_MODE 0 3 3 2 0 6
48.321 1 GPS 0 0 0 0 0 0 0 0 0 0 1
48.425 1 DESIRED 0. 0.02 5.6 -53. 61. 260. 3. 12.
48.428 1 ATTITUDE 0.055271 -0.539332 0.026521
48.430 1 ESTIMATOR 0. 0.
48.497 1 NAVIGATION 4 0 0. 0. 0. 0. 0 0
48.516 1 PPRZ_MODE 0 3 3 2 0 6
48.520 1 BAT 26 69 0 0 1 26 26 0
48.523 1 GPS_SOL 0 0 0 0
48.618 1 DESIRED 0. 0.02 5.6 -53. 61. 260. 3. 12.
48.712 1 PPRZ_MODE 0 3 3 2 0 6
48.715 1 IMU_ACCEL -0.104492 -9.847656 0.397461
48.747 1 NAVIGATION 4 0 0. 0. 0. 0. 0 0
48.822 1 DESIRED 0. 0.02 5.6 -53. 61. 260. 3. 12.
48.825 1 IMU_GYRO -0.045654 0.008301 -0.00415
48.916 1 PPRZ_MODE 0 3 3 2 0 6
48.919 1 IMU_MAG -0.06543 0.375488 0.076172
48.923 1 ENERGY 6.9 0. 0 0.
48.929 1 DOWNLINK_STATUS 0 49 26836 1210 1 531. 23. 42.49
48.997 1 FBW_STATUS 2 0 1 69 0
49.002 1 NAVIGATION 4 0 0. 0. 0. 0. 0 0
49.026 1 DESIRED 0. 0.02 5.6 -53. 61. 260. 3. 12.
49.027 1 CALIBRATION 0. 0
49.032 1 ALIVE 171,166,179,161,111,105,150,87,64,152,169,157,251,122,39,110
49.107 1 PPRZ_MODE 0 3 3 2 0 6
49.218 1 DESIRED 0. 0.02 5.6 -53. 61. 260. 3. 12.
49.247 1 NAVIGATION 4 0 0. 0. 0. 0. 0 0
49.317 1 PPRZ_MODE 0 3 3 2 0 6
49.322 1 GPS 0 0 0 0 0 0 0 0 0 0 1
49.324 1 DL_VALUE 1 0.
49.429 1 DESIRED 0. 0.02 5.6 -53. 61. 260. 3. 12.
49.432 1 ATTITUDE 0.055359 -0.539244 0.026529
49.433 1 STATE_FILTER_STATUS 3 0
49.438 1 NAVIGATION 4 0 0. 0. 0. 0. 0 0
49.497 1 NAVIGATION 4 0 0. 0. 0. 0. 0 0
49.510 1 PPRZ_MODE 0 3 3 2 0 6
49.623 1 DESIRED 0. 0.02 5.6 -53. 61. 260. 3. 12.
49.626 1 BAT 26 69 0 0 1 27 27 0
49.711 1 PPRZ_MODE 0 3 3 2 0 6
49.714 1 IMU_ACCEL -0.100586 -9.80957 0.358398
49.746 1 NAVIGATION 4 0 0. 0. 0. 0. 0 0
49.821 1 DESIRED 0. 0.02 5.6 -53. 61. 260. 3. 12.
49.824 1 IMU_GYRO -0.052979 0.010498 -0.010498
49.908 1 PPRZ_MODE 0 3 3 2 0 6
49.930 1 DOWNLINK_STATUS 0 50 27393 1235 1 557. 25. 42.49
49.997 1 NAVIGATION 4 0 0. 0. 0. 0. 0 0
50.018 1 DESIRED 0. 0.02 5.6 -53. 61. 260. 3. 12.
50.108 1 PPRZ_MODE 0 3 3 2 0 6
50.224 1 DESIRED 0. 0.02 5.6 -53. 61. 260. 3. 12.
50.227 1 IMU_MAG 0.072754 0.45166 0.092285
50.229 1 DOWNLINK 0 534 1303
50.247 1 NAVIGATION 4 0 0. 0. 0. 0. 0 0
50.315 1 PPRZ_MODE 0 3 3 2 0 6
50.321 1 GPS 0 0 0 0 0 0 0 0 0 0 1
50.425 1 DESIRED 0. 0.02 5.6 -53. 61. 260. 3. 12.
50.428 1 ATTITUDE 0.055074 -0.538669 0.026838
50.430 1 ESTIMATOR 0. 0.
50.454 1 PONG 
50.497 1 NAVIGATION 4 0 0. 0. 0. 0. 0 0
50.511 1 PPRZ_MODE 0 3 3 2 0 6
50.514 1 GPS_SOL 0 0 0 0
50.618 1 DESIRED 0. 0.02 5.6 -53. 61. 260. 3. 12.
50.716 1 PPRZ_MODE 0 3 3 2 0 6
50.719 1 IMU_ACCEL -0.138672 -9.852539 0.392578
50.723 1 BAT 26 69 0 0 1 28 28 0
50.747 1 NAVIGATION 4 0 0. 0. 0. 0. 0 0
50.824 1 DESIRED 0. 0.02 5.6 -53. 61. 260. 3. 12.
50.827 1 IMU_GYRO -0.038086 0.008301 -0.000977
50.829 1 DL_VALUE 2 260.
50.908 1 PPRZ_MODE 0 3 3 2 0 6
50.930 1 DOWNLINK_STATUS 0 51 27932 1260 1 539. 25. 44.6
50.998 1 FBW_STATUS 2 0 1 69 0
51.002 1 NAVIGATION 4 0 0. 0. 0. 0. 0 0
51.019 1 DESIRED 0. 0.02 5.6 -53. 61. 260. 3. 12.
51.110 1 PPRZ_MODE 0 3 3 2 0 6
51.112 1 CALIBRATION 0. 0
51.218 1 DESIRED 0. 0.02 5.6 -53. 61. 260. 3. 12.
51.247 1 NAVIGATION 4 0 0. 0. 0. 0. 0 0
51.316 1 PPRZ_MODE 0 3 3 2 0 6
51.321 1 GPS 0 0 0 0 0 0 0 0 0 0 1
51.426 1 DESIRED 0. 0.02 5.6 -53. 61. 260. 3. 12.
51.429 1 ATTITUDE 0.055089 -0.537666 0.026904
51.432 1 ENERGY 6.9 0. 0 0.
51.497 1 NAVIGATION 4 0 0. 0. 0. 0. 0 0
51.511 1 PPRZ_MODE 0 3 3 2 0 6
51.514 1 IMU_MAG -0.297852 0.266602 0.052734
51.620 1 DESIRED 0. 0.02 5.6 -53. 61. 260. 3. 12.
51.621 1 STATE_FILTER_STATUS 3 0
51.711 1 PPRZ_MODE 0 3 3 2 0 6
51.714 1 IMU_ACCEL -0.143555 -9.829102 0.402344
51.746 1 NAVIGATION 4 0 0. 0. 0. 0. 0 0
51.827 1 DESIRED 0. 0.02 5.6 -53. 61. 260. 3. 12.
51.829 1 IMU_GYRO -0.045654 0.010498 -0.005127
51.833 1 BAT 26 69 0 0 1 29 29 0
51.907 1 PPRZ_MODE 0 3 3 2 0 6
51.931 1 DOWNLINK_STATUS 0 52 28467 1284 1 535. 24. 44.6
51.996 1 NAVIGATION 4 0 0. 0. 0. 0. 0 0
52.017 1 DESIRED 0. 0.02 5.6 -53. 61. 260. 3. 12.
52.093 1 COMMANDS 26,-1154,-92,0,476,0
52.108 1 PPRZ_MODE 0 3 3 2 0 6
52.193 1 ACTUATORS 1354,1611,1497,1458,1351
52.217 1 DESIRED 0. 0.02 5.6 -53. 61. 260. 3. 12.
52.246 1 NAVIGATION 4 0 0. 0. 0. 0. 0 0
52.317 1 PPRZ_MODE 0 3 3 2 0 6
52.323 1 GPS 0 0 0 0 0 0 0 0 0 0 1
52.325 1 DL_VALUE 3 0.
52.424 1 DESIRED 0. 0.02 5.6 -53. 61. 260. 3. 12.
52.428 1 ATTITUDE 0.055186 -0.534431 0.026979
52.430 1 ESTIMATOR 0. 0.
52.496 1 NAVIGATION 4 0 0. 0. 0. 0. 0 0
52.511 1 PPRZ_MODE 0 3 3 2 0 6
52.514 1 GPS_SOL 0 0 0 0
52.618 1 DESIRED 0. 0.02 5.6 -53. 61. 260. 3. 12.
52.711 1 PPRZ_MODE 0 3 3 2 0 6
52.715 1 IMU_ACCEL -0.081055 -9.819336 0.358398
52.747 1 NAVIGATION 4 0 0. 0. 0. 0. 0 0
52.825 1 DESIRED 0. 0.02 5.6 -53. 61. 260. 3. 12.
52.829 1 IMU_GYRO -0.052002 0.011475 -0.008301
52.832 1 IMU_MAG -0.244141 0.313965 0.048828
52.912 1 PPRZ_MODE 0 3 3 2 0 6
52.916 1 BAT 26 69 0 0 1 30 30 0
52.931 1 DOWNLINK_STATUS 0 53 29025 1309 1 558. 25. 44.6
52.998 1 FBW_STATUS 2 0 1 69 0
53.002 1 NAVIGATION 4 0 0. 0. 0. 0. 0 0
53.019 1 DESIRED 0. 0.02 5.6 -53. 61. 260. 3. 12.
53.108 1 PPRZ_MODE 0 3 3 2 0 6
53.220 1 DESIRED 0. 0.02 5.6 -53. 61. 260. 3. 12.
53.222 1 CALIBRATION 0. 0
53.247 1 NAVIGATION 4 0 0. 0. 0. 0. 0 0
53.318 1 PPRZ_MODE 0 3 3 2 0 6
53.324 1 GPS 0 0 0 0 0 0 0 0 0 0 1
53.326 1 NAVIGATION_REF 552520 5528984 14
53.422 1 DESIRED 0. 0.02 5.6 -53. 61. 260. 3. 12.
53.425 1 ATTITUDE 0.055184 -0.529893 0.026916
53.497 1 NAVIGATION 4 0 0. 0. 0. 0. 0 0
53.511 1 PPRZ_MODE 0 3 3 2 0 6
53.618 1 DESIRED 0. 0.02 5.6 -53. 61. 260. 3. 12.
53.711 1 PPRZ_MODE 0 3 3 2 0 6
53.714 1 IMU_ACCEL -0.124023 -9.829102 0.368164
53.746 1 NAVIGATION 4 0 0. 0. 0. 0. 0 0
53.825 1 DESIRED 0. 0.02 5.6 -53. 61. 260. 3. 12.
53.828 1 IMU_GYRO -0.046631 0.009521 -0.006348
53.830 1 DL_VALUE 4 0.
53.832 1 STATE_FILTER_STATUS 3 0
53.911 1 PPRZ_MODE 0 3 3 2 0 6
53.915 1 ENERGY 6.9 0. 0 0.
53.932 1 DOWNLINK_STATUS 0 54 29547 1333 1 522. 24. 44.6
53.996 1 NAVIGATION 4 0 0. 0. 0. 0. 0 0
54.028 1 DESIRED 0. 0.02 5.6 -53. 61. 260. 3. 12.
54.030 1 BAT 26 69 0 0 1 32 32 0
54.034 1 ALIVE 171,166,179,161,111,105,150,87,64,152,169,157,251,122,39,110
54.111 1 PPRZ_MODE 0 3 3 2 0 6
54.114 1 IMU_MAG -0.504395 0.163086 0.001953
54.218 1 DESIRED 0. 0.02 5.6 -53. 61. 260. 3. 12.
54.246 1 NAVIGATION 4 0 0. 0. 0. 0. 0 0
54.314 1 PPRZ_MODE 0 3 3 2 0 6
54.320 1 GPS 0 0 0 0 0 0 0 0 0 0 1
54.424 1 DESIRED 0. 0.02 5.6 -53. 61. 260. 3. 12.
54.427 1 ATTITUDE 0.055168 -0.532494 0.026953
54.430 1 ESTIMATOR 0. 0.
54.470 1 WIND_INFO 1 42 0. 0. 0.
54.509 1 NAVIGATION 4 0 0. 0. 0. 0. 0 0
54.550 1 PPRZ_MODE 0 3 3 2 0 6
54.553 1 GPS_SOL 0 0 0 0
54.617 1 DESIRED 0. 0.02 5.6 -53. 61. 260. 3. 12.
54.711 1 PPRZ_MODE 0 3 3 2 0 6
54.714 1 IMU_ACCEL -0.128906 -9.852539 0.387695
54.746 1 NAVIGATION 4 0 0. 0. 0. 0. 0 0
54.821 1 DESIRED 0. 0.02 5.6 -53. 61. 260. 3. 12.
54.824 1 IMU_GYRO -0.047852 0.010498 -0.006348
54.907 1 PPRZ_MODE 0 3 3 2 0 6
54.932 1 DOWNLINK_STATUS 0 55 30081 1356 1 534. 23. 44.6
54.997 1 FBW_STATUS 2 0 1 69 0
55.002 1 NAVIGATION 4 0 0. 0. 0. 0. 0 0
55.019 1 DESIRED 0. 0.02 5.6 -53. 61. 260. 3. 12.
55.112 1 PPRZ_MODE 0 3 3 2 0 6
55.116 1 BAT 26 69 0 0 1 33 33 0
55.218 1 DESIRED 0. 0.02 5.6 -53. 61. 260. 3. 12.
55.247 1 NAVIGATION 4 0 0. 0. 0. 0. 0 0
55.323 1 PPRZ_MODE 0 3 3 2 0 6
55.327 1 GPS 0 0 0 0 0 0 0 0 0 0 1
55.329 1 DL_VALUE 5 0.
55.331 1 CALIBRATION 0. 0
55.333 1 DOWNLINK 0 548 1430
55.426 1 DESIRED 0. 0.02 5.6 -53. 61. 260. 3. 12.
55.429 1 ATTITUDE 0.055135 -0.532358 0.027143
55.432 1 IMU_MAG -0.47998 0.13916 0.015625
55.455 1 PONG 
55.497 1 NAVIGATION 4 0 0. 0. 0. 0. 0 0
55.511 1 PPRZ_MODE 0 3 3 2 0 6
55.618 1 DESIRED 0. 0.02 5.6 -53. 61. 260. 3. 12.
55.712 1 PPRZ_MODE 0 3 3 2 0 6
55.715 1 IMU_ACCEL -0.128906 -9.837891 0.40625
55.747 1 NAVIGATION 4 0 0. 0. 0. 0. 0 0
55.822 1 DESIRED 0. 0.02 5.6 -53. 61. 260. 3. 12.
55.825 1 IMU_GYRO -0.044678 0.009521 -0.001953
55.908 1 PPRZ_MODE 0 3 3 2 0 6
55.933 1 DOWNLINK_STATUS 0 56 30615 1381 1 534. 25. 44.53
55.997 1 NAVIGATION 4 0 0. 0. 0. 0. 0 0
56.020 1 DESIRED 0. 0.02 5.6 -53. 61. 260. 3. 12.
56.020 1 STATE_FILTER_STATUS 3 0
56.107 1 PPRZ_MODE 0 3 3 2 0 6
56.222 1 DESIRED 0. 0.02 5.6 -53. 61. 260. 3. 12.
56.225 1 BAT 26 69 0 0 1 34 34 0
56.246 1 NAVIGATION 4 0 0. 0. 0. 0. 0 0
56.314 1 PPRZ_MODE 0 3 3 2 0 6
56.322 1 GPS 0 0 0 0 0 0 0 0 0 0 1
56.428 1 DESIRED 0. 0.02 5.6 -53. 61. 260. 3. 12.
56.431 1 ATTITUDE 0.054941 -0.527295 0.027294
56.434 1 ESTIMATOR 0. 0.
56.437 1 ENERGY 6.9 0. 0 0.
56.496 1 NAVIGATION 4 0 0. 0. 0. 0. 0 0
56.511 1 PPRZ_MODE 0 3 3 2 0 6
56.514 1 GPS_SOL 0 0 0 0
56.617 1 DESIRED 0. 0.02 5.6 -53. 61. 260. 3. 12.
56.715 1 PPRZ_MODE 0 3 3 2 0 6
56.718 1 IMU_ACCEL -0.128906 -9.857422 0.358398
56.721 1 IMU_MAG -0.239258 0.268066 0.042969
56.746 1 NAVIGATION 4 0 0. 0. 0. 0. 0 0
56.824 1 DESIRED 0. 0.02 5.6 -53. 61. 260. 3. 12.
56.828 1 IMU_GYRO -0.043457 0.009521 -0.00415
56.828 1 DL_VALUE 6 80.
56.907 1 PPRZ_MODE 0 3 3 2 0 6
56.934 1 DOWNLINK_STATUS 0 57 31166 1406 1 551. 25. 44.53
56.997 1 FBW_STATUS 2 0 1 69 0
57.002 1 NAVIGATION 4 0 0. 0. 0. 0. 0 0
57.018 1 DESIRED 0. 0.02 5.6 -53. 61. 260. 3. 12.
57.093 1 COMMANDS 26,-1148,-112,0,476,0
57.108 1 PPRZ_MODE 0 3 3 2 0 6
57.192 1 ACTUATORS 1354,1614,1497,1458,1351
57.217 1 DESIRED 0. 0.02 5.6 -53. 61. 260. 3. 12.
57.246 1 NAVIGATION 4 0 0. 0. 0. 0. 0 0
57.319 1 PPRZ_MODE 0 3 3 2 0 6
57.325 1 GPS 0 0 0 0 0 0 0 0 0 0 1
57.328 1 BAT 26 69 0 0 1 35 35 0
57.424 1 DESIRED 0. 0.02 5.6 -53. 61. 260. 3. 12.
57.427 1 ATTITUDE 0.054788 -0.520312 0.027429
57.429 1 CALIBRATION 0. 0
57.496 1 NAVIGATION 4 0 0. 0. 0. 0. 0 0
57.510 1 PPRZ_MODE 0 3 3 2 0 6
57.618 1 DESIRED 0. 0.02 5.6 -53. 61. 260. 3. 12.
57.711 1 PPRZ_MODE 0 3 3 2 0 6
57.714 1 IMU_ACCEL -0.095703 -9.829102 0.344727
57.746 1 NAVIGATION 4 0 0. 0. 0. 0. 0 0
57.821 1 DESIRED 0. 0.02 5.6 -53. 61. 260. 3. 12.
57.825 1 IMU_GYRO -0.051025 0.011475 -0.008301
57.908 1 PPRZ_MODE 0 3 3 2 0 6
57.934 1 DOWNLINK_STATUS 0 58 31690 1429 1 524. 23. 44.53
57.997 1 NAVIGATION 4 0 0. 0. 0. 0. 0 0
58.022 1 DESIRED 0. 0.02 5.6 -53. 61. 260. 3. 12.
58.025 1 IMU_MAG -0.164551 0.416016 0.102051
58.108 1 PPRZ_MODE 0 3 3 2 0 6
58.220 1 DESIRED 0. 0.02 5.6 -53. 61. 260. 3. 12.
58.220 1 STATE_FILTER_STATUS 3 0
58.247 1 NAVIGATION 4 0 0. 0. 0. 0. 0 0
58.316 1 PPRZ_MODE 0 3 3 2 0 6
58.322 1 GPS 0 0 0 0 0 0 0 0 0 0 1
58.326 1 DL_VALUE 7 0.
58.429 1 DESIRED 0. 0.02 5.6 -53. 61. 260. 3. 12.
58.431 1 ATTITUDE 0.054777 -0.514575 0.02748
58.435 1 BAT 26 69 0 0 1 36 36 0
58.437 1 ESTIMATOR 0. 0.
58.497 1 NAVIGATION 4 0 0. 0. 0. 0. 0 0
58.510 1 PPRZ_MODE 0 3 3 2 0 6
58.513 1 GPS_SOL 0 0 0 0
58.617 1 DESIRED 0. 0.02 5.6 -53. 61. 260. 3. 12.
58.711 1 PPRZ_MODE 0 3 3 2 0 6
58.714 1 IMU_ACCEL -0.066406 -9.814453 0.330078
58.746 1 NAVIGATION 4 0 0. 0. 0. 0. 0 0
58.821 1 DESIRED 0. 0.02 5.6 -53. 61. 260. 3. 12.
58.826 1 IMU_GYRO -0.048828 0.008301 -0.011475
58.911 1 PPRZ_MODE 0 3 3 2 0 6
58.915 1 ENERGY 6.9 0. 0 0.
58.935 1 DOWNLINK_STATUS 0 59 32241 1454 1 551. 25. 44.53
58.997 1 FBW_STATUS 2 0 1 69 0
59.001 1 NAVIGATION 4 0 0. 0. 0. 0. 0 0
59.022 1 DESIRED 0. 0.02 5.6 -53. 61. 260. 3. 12.
59.026 1 ALIVE 171,166,179,161,111,105,150,87,64,152,169,157,251,122,39,110
59.107 1 PPRZ_MODE 0 3 3 2 0 6
59.217 1 DESIRED 0. 0.02 5.6 -53. 61. 260. 3. 12.
59.246 1 NAVIGATION 4 0 0. 0. 0. 0. 0 0
59.318 1 PPRZ_MODE 0 3 3 2 0 6
59.327 1 GPS 0 0 0 0 0 0 0 0 0 0 1
59.328 1 IMU_MAG 0.039551 0.463867 0.104004
59.427 1 DESIRED 0. 0.02 5.6 -53. 61. 260. 3. 12.
59.430 1 ATTITUDE 0.054623 -0.504697 0.027385
59.434 1 NAVIGATION 4 0 0. 0. 0. 0. 0 0
59.496 1 NAVIGATION 4 0 0. 0. 0. 0. 0 0
59.518 1 PPRZ_MODE 0 3 3 2 0 6
59.522 1 BAT 26 69 0 0 1 37 37 0
59.524 1 CALIBRATION 0. 0
59.527 1 WP_MOVED 4 552395. 5529029. 260. 14
59.617 1 DESIRED 0. 0.02 5.6 -53. 61. 260. 3. 12.
59.711 1 PPRZ_MODE 0 3 3 2 0 6
59.714 1 IMU_ACCEL -0.09082 -9.842773 0.282227
59.746 1 NAVIGATION 4 0 0. 0. 0. 0. 0 0
59.762 1 CIRCLE 49.5 100.099998 80.
59.823 1 DESIRED 0. 0.02 5.6 -53. 61. 260. 3. 12.
59.829 1 IMU_GYRO -0.05835 0.012695 -0.013672
59.830 1 DL_VALUE 8 0.
59.907 1 PPRZ_MODE 0 3 3 2 0 6
59.935 1 DOWNLINK_STATUS 0 60 32845 1481 1 604. 27. 44.53
59.996 1 NAVIGATION 4 0 0. 0. 0. 0. 0 0
60.017 1 DESIRED 0. 0.02 5.6 -53. 61. 260. 3. 12.
60.107 1 PPRZ_MODE 0 3 3 2 0 6
60.217 1 DESIRED 0. 0.02 5.6 -53. 61. 260. 3. 12.
60.247 1 NAVIGATION 4 0 0. 0. 0. 0. 0 0
60.314 1 PPRZ_MODE 0 3 3 2 0 6
60.320 1 GPS 0 0 0 0 0 0 0 0 0 0 1
60.429 1 DESIRED 0. 0.02 5.6 -53. 61. 260. 3. 12.
60.431 1 ATTITUDE 0.054226 -0.50083 0.027635
60.433 1 ESTIMATOR 0. 0.
60.435 1 STATE_FILTER_STATUS 3 0
60.437 1 DOWNLINK 0 546 1555
60.457 1 PONG 
60.497 1 NAVIGATION 4 0 0. 0. 0. 0. 0 0
60.510 1 PPRZ_MODE 0 3 3 2 0 6
60.513 1 GPS_SOL 0 0 0 0
60.626 1 DESIRED 0. 0.02 5.6 -53. 61. 260. 3. 12.
60.629 1 BAT 26 69 0 0 1 38 38 0
60.632 1 IMU_MAG 0.036133 0.428223 0.094238
60.711 1 PPRZ_MODE 0 3 3 2 0 6
60.714 1 IMU_ACCEL -0.100586 -9.790039 0.382812
60.747 1 NAVIGATION 4 0 0. 0. 0. 0. 0 0
60.822 1 DESIRED 0. 0.02 5.6 -53. 61. 260. 3. 12.
60.824 1 IMU_GYRO -0.046631 0.010498 -0.011475
60.908 1 PPRZ_MODE 0 3 3 2 0 6
60.936 1 DOWNLINK_STATUS 0 61 33382 1506 1 537. 25. 46.59
60.997 1 FBW_STATUS 2 0 1 69 0
61.001 1 NAVIGATION 4 0 0. 0. 0. 0. 0 0
61.018 1 DESIRED 0. 0.02 5.6 -53. 61. 260. 3. 12.
61.107 1 PPRZ_MODE 0 3 3 2 0 6
61.217 1 DESIRED 0. 0.02 5.6 -53. 61. 260. 3. 12.
61.246 1 NAVIGATION 4 0 0. 0. 0. 0. 0 0
61.316 1 PPRZ_MODE 0 3 3 2 0 6
61.322 1 GPS 0 0 0 0 0 0 0 0 0 0 1
61.324 1 DL_VALUE 9 1.
61.425 1 DESIRED 0. 0.02 5.6 -53. 61. 260. 3. 12.
61.428 1 ATTITUDE 0.054196 -0.499099 0.027539
61.432 1 ENERGY 6.9 0. 0 0.
61.496 1 NAVIGATION 4 0 0. 0. 0. 0. 0 0
61.510 1 PPRZ_MODE 0 3 3 2 0 6
61.619 1 DESIRED 0. 0.02 5.6 -53. 61. 260. 3. 12.
61.621 1 CALIBRATION 0. 0
61.715 1 PPRZ_MODE 0 3 3 2 0 6
61.718 1 IMU_ACCEL -0.114258 -9.814453 0.330078
61.722 1 BAT 26 69 0 0 1 39 39 0
61.746 1 NAVIGATION 4 0 0. 0. 0. 0. 0 0
61.821 1 DESIRED 0. 0.02 5.6 -53. 61. 260. 3. 12.
61.825 1 IMU_GYRO -0.049805 0.009521 -0.008301
61.911 1 PPRZ_MODE 0 3 3 2 0 6
61.914 1 IMU_MAG -0.292969 0.273438 0.060547
61.936 1 DOWNLINK_STATUS 0 62 33919 1530 1 537. 24. 46.59
61.996 1 NAVIGATION 4 0 0. 0. 0. 0. 0 0
62.017 1 DESIRED 0. 0.02 5.6 -53. 61. 260. 3. 12.
62.093 1 COMMANDS 26,-1123,-115,0,476,0
62.108 1 PPRZ_MODE 0 3 3 2 0 6
62.192 1 ACTUATORS 1354,1612,1497,1459,1351
62.217 1 DESIRED 0. 0.02 5.6 -53. 61. 260. 3. 12.
62.246 1 NAVIGATION 4 0 0. 0. 0. 0. 0 0
62.318 1 PPRZ_MODE 0 3 3 2 0 6
62.323 1 GPS 0 0 0 0 0 0 0 0 0 0 1
62.326 1 NAVIGATION_REF 552520 5528984 14
62.424 1 DESIRED 0. 0.02 5.6 -53. 61. 260. 3. 12.
62.427 1 ATTITUDE 0.054008 -0.500512 0.027599
62.430 1 ESTIMATOR 0. 0.
62.496 1 NAVIGATION 4 0 0. 0. 0. 0. 0 0
62.511 1 PPRZ_MODE 0 3 3 2 0 6
62.514 1 GPS_SOL 0 0 0 0
62.619 1 DESIRED 0. 0.02 5.6 -53. 61. 260. 3. 12.
62.620 1 STATE_FILTER_STATUS 3 0
62.710 1 PPRZ_MODE 0 3 3 2 0 6
62.713 1 IMU_ACCEL -0.124023 -9.837891 0.349609
62.746 1 NAVIGATION 4 0 0. 0. 0. 0. 0 0
62.828 1 DESIRED 0. 0.02 5.6 -53. 61. 260. 3. 12.
62.831 1 IMU_GYRO -0.052002 0.010498 -0.007324
62.834 1 BAT 26 69 0 0 1 40 40 0
62.836 1 DL_VALUE 10 0.
62.906 1 PPRZ_MODE 0 3 3 2 0 6
62.937 1 DOWNLINK_STATUS 0 63 34483 1556 1 564. 26. 46.59
62.996 1 FBW_STATUS 2 0 1 69 0
63.001 1 NAVIGATION 4 0 0. 0. 0. 0. 0 0
63.018 1 DESIRED 0. 0.02 5.6 -53. 61. 260. 3. 12.
63.106 1 PPRZ_MODE 0 3 3 2 0 6
63.221 1 DESIRED 0. 0.02 5.6 -53. 61. 260. 3. 12.
63.224 1 IMU_MAG -0.336426 0.242676 0.039062
63.246 1 NAVIGATION 4 0 0. 0. 0. 0. 0 0
63.314 1 PPRZ_MODE 0 3 3 2 0 6
63.319 1 GPS 0 0 0 0 0 0 0 0 0 0 1
63.421 1 DESIRED 0. 0.02 5.6 -53. 61. 260. 3. 12.
63.424 1 ATTITUDE 0.053909 -0.506715 0.027429
63.496 1 NAVIGATION 4 0 0. 0. 0. 0. 0 0
63.510 1 PPRZ_MODE 0 3 3 2 0 6
63.617 1 DESIRED 0. 0.02 5.6 -53. 61. 260. 3. 12.
63.713 1 PPRZ_MODE 0 3 3 2 0 6
63.716 1 IMU_ACCEL -0.119141 -9.847656 0.368164
63.718 1 CALIBRATION 0. 0
63.746 1 NAVIGATION 4 0 0. 0. 0. 0. 0 0
63.821 1 DESIRED 0. 0.02 5.6 -53. 61. 260. 3. 12.
63.824 1 IMU_GYRO -0.044678 0.008301 -0.007324
63.916 1 PPRZ_MODE 0 3 3 2 0 6
63.919 1 BAT 26 69 0 0 1 41 41 0
63.923 1 ENERGY 6.9 0. 0 0.
63.937 1 DOWNLINK_STATUS 0 64 35009 1579 1 526. 23. 46.59
63.996 1 NAVIGATION 4 0 0. 0. 0. 0. 0 0
64.022 1 DESIRED 0. 0.02 5.6 -53. 61. 260. 3. 12.
64.026 1 ALIVE 171,166,179,161,111,105,150,87,64,152,169,157,251,122,39,110
64.107 1 PPRZ_MODE 0 3 3 2 0 6
64.217 1 DESIRED 0. 0.02 5.6 -53. 61. 260. 3. 12.
64.246 1 NAVIGATION 4 0 0. 0. 0. 0. 0 0
64.316 1 PPRZ_MODE 0 3 3 2 0 6
64.322 1 GPS 0 0 0 0 0 0 0 0 0 0 1
64.324 1 DL_VALUE 0 0.
64.424 1 DESIRED 0. 0.02 5.6 -53. 61. 260. 3. 12.
64.427 1 ATTITUDE 0.054025 -0.503844 0.027503
64.430 1 ESTIMATOR 0. 0.
64.470 1 WIND_INFO 1 42 0. 0. 0.
64.533 1 NAVIGATION 4 0 0. 0. 0. 0. 0 0
64.581 1 PPRZ_MODE 0 3 3 2 0 6
64.584 1 IMU_MAG -0.460938 0.181641 0.005859
64.587 1 GPS_SOL 0 0 0 0
64.617 1 DESIRED 0. 0.02 5.6 -53. 61. 260. 3. 12.
64.711 1 PPRZ_MODE 0 3 3 2 0 6
64.714 1 IMU_ACCEL -0.124023 -9.833008 0.363281
64.746 1 NAVIGATION 4 0 0. 0. 0. 0. 0 0
64.823 1 DESIRED 0. 0.02 5.6 -53. 61. 260. 3. 12.
64.825 1 IMU_GYRO -0.052979 0.010498 -0.008301
64.827 1 STATE_FILTER_STATUS 3 0
64.907 1 PPRZ_MODE 0 3 3 2 0 6
64.938 1 DOWNLINK_STATUS 0 65 35542 1603 1 533. 24. 46.59
65.000 1 NAVIGATION 4 0 0. 0. 0. 0. 0 0
65.001 1 FBW_STATUS 2 0 1 69 0
65.021 1 DESIRED 0. 0.02 5.6 -53. 61. 260. 3. 12.
65.025 1 BAT 26 69 0 0 1 43 43 0
65.106 1 PPRZ_MODE 0 3 3 2 0 6
65.218 1 DESIRED 0. 0.02 5.6 -53. 61. 260. 3. 12.
65.246 1 NAVIGATION 4 0 0. 0. 0. 0. 0 0
65.313 1 PPRZ_MODE 0 3 3 2 0 6
65.319 1 GPS 0 0 0 0 0 0 0 0 0 0 1
65.420 1 DESIRED 0. 0.02 5.6 -53. 61. 260. 3. 12.
65.424 1 ATTITUDE 0.053813 -0.505146 0.0274
65.450 1 PONG 
65.496 1 NAVIGATION 4 0 0. 0. 0. 0. 0 0
65.510 1 PPRZ_MODE 0 3 3 2 0 6
65.512 1 DOWNLINK 0 540 1680
65.617 1 DESIRED 0. 0.02 5.6 -53. 61. 260. 3. 12.
65.710 1 PPRZ_MODE 0 3 3 2 0 6
65.713 1 IMU_ACCEL -0.124023 -9.837891 0.373047
65.746 1 NAVIGATION 4 0 0. 0. 0. 0. 0 0
65.829 1 DESIRED 0. 0.02 5.6 -53. 61. 260. 3. 12.
65.836 1 IMU_GYRO -0.048828 0.010498 -0.008301
65.836 1 IMU_MAG -0.478516 0.315918 0.064453
65.837 1 DL_VALUE 1 0.
65.839 1 CALIBRATION 0. 0
65.907 1 PPRZ_MODE 0 3 3 2 0 6
65.938 1 DOWNLINK_STATUS 0 66 36076 1628 1 534. 25. 38.55
65.996 1 NAVIGATION 4 0 0. 0. 0. 0. 0 0
66.017 1 DESIRED 0. 0.02 5.6 -53. 61. 260. 3. 12.
66.111 1 PPRZ_MODE 0 3 3 2 0 6
66.115 1 BAT 26 69 0 0 1 44 44 0
66.217 1 DESIRED 0. 0.02 5.6 -53. 61. 260. 3. 12.
66.246 1 NAVIGATION 4 0 0. 0. 0. 0. 0 0
66.314 1 PPRZ_MODE 0 3 3 2 0 6
66.320 1 GPS 0 0 0 0 0 0 0 0 0 0 1
66.428 1 DESIRED 0. 0.02 5.6 -53. 61. 260. 3. 12.
66.431 1 ATTITUDE 0.053779 -0.508981 0.027242
66.434 1 ESTIMATOR 0. 0.
66.437 1 ENERGY 6.9 0. 0 0.
66.496 1 NAVIGATION 4 0 0. 0. 0. 0. 0 0
66.511 1 PPRZ_MODE 0 3 3 2 0 6
66.514 1 GPS_SOL 0 0 0 0
66.617 1 DESIRED 0. 0.02 5.6 -53. 61. 260. 3. 12.
66.711 1 PPRZ_MODE 0 3 3 2 0 6
66.714 1 IMU_ACCEL -0.09082 -9.80957 0.310547
66.746 1 NAVIGATION 4 0 0. 0. 0. 0. 0 0
66.821 1 DESIRED 0. 0.02 5.6 -53. 61. 260. 3. 12.
66.824 1 IMU_GYRO -0.054199 0.010498 -0.011475
66.906 1 PPRZ_MODE 0 3 3 2 0 6
66.939 1 DOWNLINK_STATUS 0 67 36589 1650 1 513. 22. 38.55
66.996 1 FBW_STATUS 2 0 1 69 0
67.001 1 NAVIGATION 4 0 0. 0. 0. 0. 0 0
67.019 1 DESIRED 0. 0.02 5.6 -53. 61. 260. 3. 12.
67.020 1 STATE_FILTER_STATUS 3 0
67.092 1 COMMANDS 26,-1129,-27,0,476,0
67.110 1 PPRZ_MODE 0 3 3 2 0 6
67.113 1 IMU_MAG -0.133301 0.34668 0.070312
67.191 1 ACTUATORS 1354,1608,1498,1459,1351
67.221 1 DESIRED 0. 0.02 5.6 -53. 61. 260. 3. 12.
67.225 1 BAT 26 69 0 0 1 45 45 0
67.245 1 NAVIGATION 4 0 0. 0. 0. 0. 0 0
67.316 1 PPRZ_MODE 0 3 3 2 0 6
67.321 1 GPS 0 0 0 0 0 0 0 0 0 0 1
67.323 1 DL_VALUE 2 260.
67.420 1 DESIRED 0. 0.02 5.6 -53. 61. 260. 3. 12.
67.423 1 ATTITUDE 0.053579 -0.507654 0.027289
67.495 1 NAVIGATION 4 0 0. 0. 0. 0. 0 0
67.509 1 PPRZ_MODE 0 3 3 2 0 6
67.617 1 DESIRED 0. 0.02 5.6 -53. 61. 260. 3. 12.
67.710 1 PPRZ_MODE 0 3 3 2 0 6
67.713 1 IMU_ACCEL -0.071289 -9.829102 0.301758
67.746 1 NAVIGATION 4 0 0. 0. 0. 0. 0 0
67.820 1 DESIRED 0. 0.02 5.6 -53. 61. 260. 3. 12.
67.824 1 IMU_GYRO -0.056396 0.011475 -0.010498
67.909 1 PPRZ_MODE 0 3 3 2 0 6
67.911 1 CALIBRATION 0. 0
67.940 1 DOWNLINK_STATUS 0 68 37151 1676 1 562. 26. 38.55
67.996 1 NAVIGATION 4 0 0. 0. 0. 0. 0 0
68.017 1 DESIRED 0. 0.02 5.6 -53. 61. 260. 3. 12.
68.107 1 PPRZ_MODE 0 3 3 2 0 6
68.217 1 DESIRED 0. 0.02 5.6 -53. 61. 260. 3. 12.
68.246 1 NAVIGATION 4 0 0. 0. 0. 0. 0 0
68.318 1 PPRZ_MODE 0 3 3 2 0 6
68.324 1 GPS 0 0 0 0 0 0 0 0 0 0 1
68.328 1 BAT 26 69 0 0 1 46 46 0
68.428 1 DESIRED 0. 0.02 5.6 -53. 61. 260. 3. 12.
68.431 1 ATTITUDE 0.053647 -0.513688 0.02747
68.434 1 IMU_MAG -0.029297 0.390625 0.082031
68.436 1 ESTIMATOR 0. 0.
68.496 1 NAVIGATION 4 0 0. 0. 0. 0. 0 0
68.511 1 PPRZ_MODE 0 3 3 2 0 6
68.514 1 GPS_SOL 0 0 0 0
68.617 1 DESIRED 0. 0.02 5.6 -53. 61. 260. 3. 12.
68.710 1 PPRZ_MODE 0 3 3 2 0 6
68.714 1 IMU_ACCEL -0.09082 -9.819336 0.339844
68.746 1 NAVIGATION 4 0 0. 0. 0. 0. 0 0
68.823 1 DESIRED 0. 0.02 5.6 -53. 61. 260. 3. 12.
68.826 1 IMU_GYRO -0.052002 0.010498 -0.009521
68.827 1 DL_VALUE 3 0.
68.911 1 PPRZ_MODE 0 3 3 2 0 6
68.915 1 ENERGY 6.9 0. 0 0.
68.940 1 DOWNLINK_STATUS 0 69 37693 1700 1 542. 24. 38.55
68.996 1 FBW_STATUS 2 0 1 69 0
69.001 1 NAVIGATION 4 0 0. 0. 0. 0. 0 0
69.022 1 DESIRED 0. 0.02 5.6 -53. 61. 260. 3. 12.
69.026 1 ALIVE 171,166,179,161,111,105,150,87,64,152,169,157,251,122,39,110
69.106 1 PPRZ_MODE 0 3 3 2 0 6
69.219 1 DESIRED 0. 0.02 5.6 -53. 61. 260. 3. 12.
69.220 1 STATE_FILTER_STATUS 3 0
69.245 1 NAVIGATION 4 0 0. 0. 0. 0. 0 0
69.313 1 PPRZ_MODE 0 3 3 2 0 6
69.319 1 GPS 0 0 0 0 0 0 0 0 0 0 1
69.431 1 DESIRED 0. 0.02 5.6 -53. 61. 260. 3. 12.
69.433 1 ATTITUDE 0.053516 -0.518682 0.027506
69.437 1 BAT 26 69 0 0 1 47 47 0
69.441 1 NAVIGATION 4 0 0. 0. 0. 0. 0 0
69.495 1 NAVIGATION 4 0 0. 0. 0. 0. 0 0
69.509 1 PPRZ_MODE 0 3 3 2 0 6
69.616 1 DESIRED 0. 0.02 5.6 -53. 61. 260. 3. 12.
69.714 1 PPRZ_MODE 0 3 3 2 0 6
69.717 1 IMU_ACCEL -0.138672 -9.829102 0.353516
69.720 1 IMU_MAG 0.062012 0.46875 0.10791
69.745 1 NAVIGATION 4 0 0. 0. 0. 0. 0 0
69.820 1 DESIRED 0. 0.02 5.6 -53. 61. 260. 3. 12.
69.823 1 IMU_GYRO -0.049805 0.008301 -0.008301
69.906 1 PPRZ_MODE 0 3 3 2 0 6
69.940 1 DOWNLINK_STATUS 0 70 38246 1724 1 553. 24. 38.55
69.995 1 NAVIGATION 4 0 0. 0. 0. 0. 0 0
70.019 1 DESIRED 0. 0.02 5.6 -53. 61. 260. 3. 12.
70.021 1 CALIBRATION 0. 0
70.107 1 PPRZ_MODE 0 3 3 2 0 6
70.217 1 DESIRED 0. 0.02 5.6 -53. 61. 260. 3. 12.
70.245 1 NAVIGATION 4 0 0. 0. 0. 0. 0 0
70.316 1 PPRZ_MODE 0 3 3 2 0 6
70.322 1 GPS 0 0 0 0 0 0 0 0 0 0 1
70.324 1 DL_VALUE 4 0.
70.424 1 DESIRED 0. 0.02 5.6 -53. 61. 260. 3. 12.
70.427 1 ATTITUDE 0.053486 -0.527432 0.027296
70.429 1 ESTIMATOR 0. 0.
70.453 1 PONG 
70.496 1 NAVIGATION 4 0 0. 0. 0. 0. 0 0
70.515 1 PPRZ_MODE 0 3 3 2 0 6
70.518 1 BAT 26 69 0 0 1 48 48 0
70.521 1 GPS_SOL 0 0 0 0
70.619 1 DESIRED 0. 0.02 5.6 -53. 61. 260. 3. 12.
70.621 1 DOWNLINK 0 545 1805
70.711 1 PPRZ_MODE 0 3 3 2 0 6
70.714 1 IMU_ACCEL -0.114258 -9.847656 0.363281
70.746 1 NAVIGATION 4 0 0. 0. 0. 0. 0 0
70.821 1 DESIRED 0. 0.02 5.6 -53. 61. 260. 3. 12.
70.824 1 IMU_GYRO -0.047852 0.009521 -0.011475
70.907 1 PPRZ_MODE 0 3 3 2 0 6
70.941 1 DOWNLINK_STATUS 0 71 38778 1749 1 532. 25. 40.55
70.997 1 FBW_STATUS 2 0 1 69 0
71.001 1 NAVIGATION 4 0 0. 0. 0. 0. 0 0
71.021 1 DESIRED 0. 0.02 5.6 -53. 61. 260. 3. 12.
71.024 1 IMU_MAG -0.157715 0.37207 0.066406
71.106 1 PPRZ_MODE 0 3 3 2 0 6
71.217 1 DESIRED 0. 0.02 5.6 -53. 61. 260. 3. 12.
71.246 1 NAVIGATION 4 0 0. 0. 0. 0. 0 0
71.316 1 PPRZ_MODE 0 3 3 2 0 6
71.322 1 GPS 0 0 0 0 0 0 0 0 0 0 1
71.325 1 NAVIGATION_REF 552520 5528984 14
71.427 1 DESIRED 0. 0.02 5.6 -53. 61. 260. 3. 12.
71.429 1 ATTITUDE 0.053694 -0.534166 0.027186
71.431 1 STATE_FILTER_STATUS 3 0
71.434 1 ENERGY 6.9 0. 0 0.
71.495 1 NAVIGATION 4 0 0. 0. 0. 0. 0 0
71.509 1 PPRZ_MODE 0 3 3 2 0 6
71.622 1 DESIRED 0. 0.02 5.6 -53. 61. 260. 3. 12.
71.624 1 BAT 26 69 0 0 1 49 49 0
71.710 1 PPRZ_MODE 0 3 3 2 0 6
71.713 1 IMU_ACCEL -0.104492 -9.857422 0.310547
71.745 1 NAVIGATION 4 0 0. 0. 0. 0. 0 0
71.822 1 DESIRED 0. 0.02 5.6 -53. 61. 260. 3. 12.
71.826 1 IMU_GYRO -0.05957 0.012695 -0.011475
71.827 1 DL_VALUE 5 0.
71.906 1 PPRZ_MODE 0 3 3 2 0 6
71.941 1 DOWNLINK_STATUS 0 72 39328 1774 1 550. 25. 40.55
71.995 1 NAVIGATION 4 0 0. 0. 0. 0. 0 0
72.016 1 DESIRED 0. 0.02 5.6 -53. 61. 260. 3. 12.
72.092 1 COMMANDS 26,-1132,-11,0,476,0
72.109 1 PPRZ_MODE 0 3 3 2 0 6
72.110 1 CALIBRATION 0. 0
72.191 1 ACTUATORS 1354,1609,1498,1459,1351
72.216 1 DESIRED 0. 0.02 5.6 -53. 61. 260. 3. 12.
72.245 1 NAVIGATION 4 0 0. 0. 0. 0. 0 0
72.317 1 PPRZ_MODE 0 3 3 2 0 6
72.323 1 GPS 0 0 0 0 0 0 0 0 0 0 1
72.326 1 IMU_MAG -0.280762 0.276855 0.041016
72.423 1 DESIRED 0. 0.02 5.6 -53. 61. 260. 3. 12.
72.426 1 ATTITUDE 0.053596 -0.540048 0.027429
72.429 1 ESTIMATOR 0. 0.
72.495 1 NAVIGATION 4 0 0. 0. 0. 0. 0 0
72.510 1 PPRZ_MODE 0 3 3 2 0 6
72.513 1 GPS_SOL 0 0 0 0
72.616 1 DESIRED 0. 0.02 5.6 -53. 61. 260. 3. 12.
72.715 1 PPRZ_MODE 0 3 3 2 0 6
72.718 1 IMU_ACCEL -0.100586 -9.819336 0.320312
72.722 1 BAT 26 69 0 0 1 50 50 0
72.745 1 NAVIGATION 4 0 0. 0. 0. 0. 0 0
72.820 1 DESIRED 0. 0.02 5.6 -53. 61. 260. 3. 12.
72.823 1 IMU_GYRO -0.052002 0.007324 -0.007324
72.906 1 PPRZ_MODE 0 3 3 2 0 6
72.942 1 DOWNLINK_STATUS 0 73 39886 1799 1 558. 25. 40.55
72.996 1 FBW_STATUS 2 0 1 69 0
73.001 1 NAVIGATION 4 0 0. 0. 0. 0. 0 0
73.018 1 DESIRED 0. 0.02 5.6 -53. 61. 260. 3. 12.
73.107 1 PPRZ_MODE 0 3 3 2 0 6
73.217 1 DESIRED 0. 0.02 5.6 -53. 61. 260. 3. 12.
73.246 1 NAVIGATION 4 0 0. 0. 0. 0. 0 0
73.315 1 PPRZ_MODE 0 3 3 2 0 6
73.321 1 GPS 0 0 0 0 0 0 0 0 0 0 1
73.323 1 DL_VALUE 6 80.
73.421 1 DESIRED 0. 0.02 5.6 -53. 61. 260. 3. 12.
73.423 1 ATTITUDE 0.053628 -0.546586 0.027642
73.495 1 NAVIGATION 4 0 0. 0. 0. 0. 0 0
73.509 1 PPRZ_MODE 0 3 3 2 0 6
73.622 1 DESIRED 0. 0.02 5.6 -53. 61. 260. 3. 12.
73.625 1 IMU_MAG -0.329102 0.254883 0.042969
73.626 1 STATE_FILTER_STATUS 3 0
73.710 1 PPRZ_MODE 0 3 3 2 0 6
73.713 1 IMU_ACCEL -0.124023 -9.824219 0.325195
73.745 1 NAVIGATION 4 0 0. 0. 0. 0. 0 0
73.824 1 DESIRED 0. 0.02 5.6 -53. 61. 260. 3. 12.
73.827 1 IMU_GYRO -0.049805 0.009521 -0.007324
73.831 1 BAT 26 69 0 0 1 51 51 0
73.910 1 PPRZ_MODE 0 3 3 2 0 6
73.914 1 ENERGY 6.9 0. 0 0.
73.942 1 DOWNLINK_STATUS 0 74 40421 1823 1 535. 24. 40.55
73.995 1 NAVIGATION 4 0 0. 0. 0. 0. 0 0
74.021 1 DESIRED 0. 0.02 5.6 -53. 61. 260. 3. 12.
74.025 1 ALIVE 171,166,179,161,111,105,150,87,64,152,169,157,251,122,39,110
74.106 1 PPRZ_MODE 0 3 3 2 0 6
74.219 1 DESIRED 0. 0.02 5.6 -53. 61. 260. 3. 12.
74.221 1 CALIBRATION 0. 0
74.245 1 NAVIGATION 4 0 0. 0. 0. 0. 0 0
74.313 1 PPRZ_MODE 0 3 3 2 0 6
74.319 1 GPS 0 0 0 0 0 0 0 0 0 0 1
74.423 1 DESIRED 0. 0.02 5.6 -53. 61. 260. 3. 12.
74.426 1 ATTITUDE 0.053637 -0.553942 0.027646
74.429 1 ESTIMATOR 0. 0.
74.470 1 WIND_INFO 1 42 0. 0. 0.
74.497 1 NAVIGATION 4 0 0. 0. 0. 0. 0 0
74.555 1 PPRZ_MODE 0 3 3 2 0 6
74.558 1 GPS_SOL 0 0 0 0
74.616 1 DESIRED 0. 0.02 5.6 -53. 61. 260. 3. 12.
74.710 1 PPRZ_MODE 0 3 3 2 0 6
74.713 1 IMU_ACCEL -0.124023 -9.895508 0.37793
74.745 1 NAVIGATION 4 0 0. 0. 0. 0. 0 0
74.823 1 DESIRED 0. 0.02 5.6 -53. 61. 260. 3. 12.
74.826 1 IMU_GYRO -0.044678 0.009521 -0.008301
74.828 1 DL_VALUE 7 0.
74.915 1 PPRZ_MODE 0 3 3 2 0 6
74.918 1 BAT 26 69 0 0 1 52 52 0
74.922 1 IMU_MAG -0.362305 0.189941 0.021484
74.943 1 DOWNLINK_STATUS 0 75 40977 1848 1 556. 25. 40.55
74.999 1 NAVIGATION 4 0 0. 0. 0. 0. 0 0
75.000 1 FBW_STATUS 2 0 1 69 0
75.018 1 DESIRED 0. 0.02 5.6 -53. 61. 260. 3. 12.
75.105 1 PPRZ_MODE 0 3 3 2 0 6
75.216 1 DESIRED 0. 0.02 5.6 -53. 61. 260. 3. 12.
75.246 1 NAVIGATION 4 0 0. 0. 0. 0. 0 0
75.314 1 PPRZ_MODE 0 3 3 2 0 6
75.319 1 GPS 0 0 0 0 0 0 0 0 0 0 1
75.421 1 DESIRED 0. 0.02 5.6 -53. 61. 260. 3. 12.
75.424 1 ATTITUDE 0.053763 -0.557103 0.027597
75.451 1 PONG 
75.496 1 NAVIGATION 4 0 0. 0. 0. 0. 0 0
75.510 1 PPRZ_MODE 0 3 3 2 0 6
75.617 1 DESIRED 0. 0.02 5.6 -53. 61. 260. 3. 12.
75.712 1 PPRZ_MODE 0 3 3 2 0 6
75.716 1 IMU_ACCEL -0.100586 -9.847656 0.330078
75.717 1 DOWNLINK 0 529 1927
75.745 1 NAVIGATION 4 0 0. 0. 0. 0. 0 0
75.823 1 DESIRED 0. 0.02 5.6 -53. 61. 260. 3. 12.
75.825 1 IMU_GYRO -0.055176 0.010498 -0.008301
75.826 1 STATE_FILTER_STATUS 3 0
75.906 1 PPRZ_MODE 0 3 3 2 0 6
75.944 1 DOWNLINK_STATUS 0 76 41459 1870 1 482. 22. 38.37
75.995 1 NAVIGATION 4 0 0. 0. 0. 0. 0 0
76.021 1 DESIRED 0. 0.02 5.6 -53. 61. 260. 3. 12.
76.024 1 BAT 26 69 0 0 1 54 54 0
76.106 1 PPRZ_MODE 0 3 3 2 0 6
76.220 1 DESIRED 0. 0.02 5.6 -53. 61. 260. 3. 12.
76.223 1 IMU_MAG -0.199219 0.304199 0.048828
76.245 1 NAVIGATION 4 0 0. 0. 0. 0. 0 0
