3.296 1 DOWNLINK 0 173 86
3.517 1 NAVIGATION 0 2 0. 0. 0. 0. 0 0
3.523 1 GPS 0 0 0 0 0 0 0 0 0 0 1
3.715 1 ATTITUDE 0.418987 0.277812 -0.10622
3.718 1 GPS_SOL 0 0 0 0
3.909 1 NAVIGATION 0 2 0. 0. 0. 0. 0 0
4.005 1 DOWNLINK_STATUS 0 4 612 26 0 157. 7. 0.
4.101 1 NAVIGATION 0 2 0. 0. 0. 0. 0 0
4.294 1 NAVIGATION 0 2 0. 0. 0. 0. 0 0
4.521 1 FBW_STATUS 2 0 1 69 0
4.526 1 NAVIGATION 0 2 0. 0. 0. 0. 0 0
4.531 1 GPS 0 0 0 0 0 0 0 0 0 0 1
4.707 1 ATTITUDE 0.418621 0.278267 -0.106215
4.908 1 PPRZ_MODE 2 0 0 0 0 6
4.913 1 NAVIGATION 0 2 0. 0. 0. 0. 0 0
5.005 1 DOWNLINK_STATUS 0 5 794 34 0 182. 8. 0.
5.103 1 NAVIGATION 0 2 0. 0. 0. 0. 0 0
5.294 1 NAVIGATION 0 2 0. 0. 0. 0. 0 0
5.513 1 NAVIGATION 0 2 0. 0. 0. 0. 0 0
5.519 1 GPS 0 0 0 0 0 0 0 0 0 0 1
5.697 1 ATTITUDE 0.418531 0.279003 -0.106295
5.892 1 NAVIGATION 0 2 0. 0. 0. 0. 0 0
6.005 1 DOWNLINK_STATUS 0 6 949 40 0 155. 6. -1.39727606192e+12
6.083 1 NAVIGATION 0 2 0. 0. 0. 0. 0 0
6.275 1 NAVIGATION 0 2 0. 0. 0. 0. 0 0
6.505 1 FBW_STATUS 2 0 1 69 0
6.509 1 NAVIGATION 0 2 0. 0. 0. 0. 0 0
6.515 1 GPS 0 0 0 0 0 0 0 0 0 0 1
6.692 1 ATTITUDE 0.418223 0.280038 -0.106315
6.885 1 NAVIGATION 0 2 0. 0. 0. 0. 0 0
7.005 1 DOWNLINK_STATUS 0 7 1119 47 0 170. 7. -1.39727606192e+12
7.078 1 PONG 
7.083 1 NAVIGATION 0 2 0. 0. 0. 0. 0 0
7.273 1 NAVIGATION 0 2 0. 0. 0. 0. 0 0
7.492 1 NAVIGATION 0 2 0. 0. 0. 0. 0 0
7.498 1 GPS 0 0 0 0 0 0 0 0 0 0 1
7.690 1 COMMANDS 0,-8358,2711,0,0
7.693 1 ATTITUDE 0.418083 0.280409 -0.106193
7.896 1 ACTUATORS 1250,1698,1246,1250,1350
7.900 1 NAVIGATION 0 2 0. 0. 0. 0. 0 0
8.006 1 DOWNLINK_STATUS 0 8 1314 56 0 195. 9. 1575.04
8.090 1 NAVIGATION 0 2 0. 0. 0. 0. 0 0
8.281 1 NAVIGATION 0 2 0. 0. 0. 0. 0 0
8.510 1 FBW_STATUS 2 0 1 69 0
8.515 1 NAVIGATION 0 2 0. 0. 0. 0. 0 0
8.520 1 GPS 0 0 0 0 0 0 0 0 0 0 1
8.696 1 ATTITUDE 0.418017 0.281779 -0.106069
8.890 1 NAVIGATION 0 2 0. 0. 0. 0. 0 0
9.007 1 DOWNLINK_STATUS 0 9 1484 63 0 170. 7. 1575.04
9.082 1 NAVIGATION 0 2 0. 0. 0. 0. 0 0
9.274 1 NAVIGATION 0 2 0. 0. 0. 0. 0 0
9.493 1 NAVIGATION 0 2 0. 0. 0. 0. 0 0
9.497 1 GPS 0 0 0 0 0 0 0 0 0 0 1
9.676 1 ATTITUDE 0.417922 0.282099 -0.106013
9.870 1 NAVIGATION 0 2 0. 0. 0. 0. 0 0
10.007 1 DOWNLINK_STATUS 0 10 1639 69 0 155. 6. 1575.04
10.062 1 NAVIGATION 0 2 0. 0. 0. 0. 0 0
10.254 1 NAVIGATION 0 2 0. 0. 0. 0. 0 0
10.484 1 NAVIGATION 0 2 0. 0. 0. 0. 0 0
10.487 1 FBW_STATUS 2 0 1 69 0
10.492 1 GPS 0 0 0 0 0 0 0 0 0 0 1
10.668 1 ATTITUDE 0.417902 0.282734 -0.105893
10.856 1 PPRZ_MODE 2 0 0 0 0 6
11.008 1 DOWNLINK_STATUS 0 11 1795 76 0 156. 7. -3425.53
11.042 1 NAVIGATION 0 2 0. 0. 0. 0. 0 0
11.236 1 NAVIGATION 0 2 0. 0. 0. 0. 0 0
11.428 1 NAVIGATION 0 2 0. 0. 0. 0. 0 0
11.620 1 NAVIGATION 0 2 0. 0. 0. 0. 0 0
11.832 1 GPS 0 0 0 0 0 0 0 0 0 0 1
11.835 1 ATTITUDE 0.417718 0.282062 -0.105677
12.007 1 DOWNLINK_STATUS 0 12 1950 82 0 155. 6. -3425.53
12.023 1 NAVIGATION 0 2 0. 0. 0. 0. 0 0
12.217 1 PONG 
12.221 1 NAVIGATION 0 2 0. 0. 0. 0. 0 0
12.412 1 NAVIGATION 0 2 0. 0. 0. 0. 0 0
12.641 1 FBW_STATUS 2 0 1 69 0
12.645 1 NAVIGATION 0 2 0. 0. 0. 0. 0 0
12.652 1 GPS 0 0 0 0 0 0 0 0 0 0 1
12.826 1 COMMANDS 0,-8362,2756,0,0
13.008 1 DOWNLINK_STATUS 0 13 2125 90 0 175. 8. 1713.34
13.012 1 ATTITUDE 0.417946 0.283009 -0.105739
13.217 1 ACTUATORS 1250,1697,1246,1250,1350
13.221 1 NAVIGATION 0 2 0. 0. 0. 0. 0 0
13.401 1 WIND_INFO 1 42 0. 0. 0.
13.411 1 NAVIGATION 0 2 0. 0. 0. 0. 0 0
13.597 1 BAT 0 69 0 0 1 20 0 0
13.803 1 NAVIGATION 0 2 0. 0. 0. 0. 0 0
13.992 1 ALIVE 103,252,221,173,216,125,23,54,168,250,50,169,123,191,144,243
14.009 1 DOWNLINK_STATUS 0 14 2282 97 0 157. 7. 1713.34
14.211 1 NAVIGATION 0 2 0. 0. 0. 0. 0 0
14.217 1 GPS 0 0 0 0 0 0 0 0 0 0 1
14.416 1 ATTITUDE 0.417774 0.282705 -0.105585
14.421 1 NAVIGATION 0 2 0. 0. 0. 0. 0 0
14.595 1 DOWNLINK 0 183 167
14.802 1 NAVIGATION 0 2 0. 0. 0. 0. 0 0
14.805 1 GPS_SOL 0 0 0 0
14.994 1 NAVIGATION 0 2 0. 0. 0. 0. 0 0
15.009 1 DOWNLINK_STATUS 0 15 2465 105 0 183. 8. 1713.34
15.222 1 FBW_STATUS 2 0 1 69 0
15.227 1 NAVIGATION 0 2 0. 0. 0. 0. 0 0
15.233 1 GPS 0 0 0 0 0 0 0 0 0 0 1
15.430 1 ATTITUDE 0.418325 0.283612 -0.105914
15.434 1 NAVIGATION 0 2 0. 0. 0. 0. 0 0
15.624 1 NAVIGATION 0 2 0. 0. 0. 0. 0 0
15.817 1 NAVIGATION 0 2 0. 0. 0. 0. 0 0
16.010 1 DOWNLINK_STATUS 0 16 2635 112 0 170. 7. -3287.47
16.036 1 NAVIGATION 0 2 0. 0. 0. 0. 0 0
16.042 1 GPS 0 0 0 0 0 0 0 0 0 0 1
16.219 1 ATTITUDE 0.418079 0.282617 -0.105591
16.412 1 NAVIGATION 0 2 0. 0. 0. 0. 0 0
16.604 1 NAVIGATION 0 2 0. 0. 0. 0. 0 0
16.796 1 NAVIGATION 0 2 0. 0. 0. 0. 0 0
17.011 1 DOWNLINK_STATUS 0 17 2790 118 0 155. 6. -3287.47
17.025 1 FBW_STATUS 2 0 1 69 0
17.029 1 NAVIGATION 0 2 0. 0. 0. 0. 0 0
17.035 1 GPS 0 0 0 0 0 0 0 0 0 0 1
17.211 1 ATTITUDE 0.417943 0.283078 -0.105358
17.410 1 PPRZ_MODE 2 0 0 0 0 6
17.415 1 NAVIGATION 0 2 0. 0. 0. 0. 0 0
17.585 1 PONG 
17.781 1 NAVIGATION 0 2 0. 0. 0. 0. 0 0
17.972 1 NAVIGATION 0 2 0. 0. 0. 0. 0 0
18.012 1 DOWNLINK_STATUS 0 18 2978 127 0 188. 9. 2080.64
18.191 1 NAVIGATION 0 2 0. 0. 0. 0. 0 0
18.196 1 GPS 0 0 0 0 0 0 0 0 0 0 1
18.422 1 COMMANDS 0,-8352,2719,0,0
18.425 1 ATTITUDE 0.417687 0.28333 -0.10536
18.428 1 ACTUATORS 1250,1698,1246,1250,1350
18.434 1 NAVIGATION 0 2 0. 0. 0. 0. 0 0
18.616 1 NAVIGATION 0 2 0. 0. 0. 0. 0 0
18.808 1 NAVIGATION 0 2 0. 0. 0. 0. 0 0
19.012 1 DOWNLINK_STATUS 0 19 3167 135 0 189. 8. 2080.64
19.036 1 FBW_STATUS 2 0 1 69 0
19.041 1 NAVIGATION 0 2 0. 0. 0. 0. 0 0
19.047 1 GPS 0 0 0 0 0 0 0 0 0 0 1
19.223 1 ATTITUDE 0.417582 0.283853 -0.105317
19.416 1 NAVIGATION 0 2 0. 0. 0. 0. 0 0
19.608 1 NAVIGATION 0 2 0. 0. 0. 0. 0 0
19.800 1 NAVIGATION 0 2 0. 0. 0. 0. 0 0
20.013 1 DOWNLINK_STATUS 0 20 3337 142 0 170. 7. 2080.64
20.018 1 NAVIGATION 0 2 0. 0. 0. 0. 0 0
20.024 1 GPS 0 0 0 0 0 0 0 0 0 0 1
20.202 1 ATTITUDE 0.417549 0.284102 -0.105231
20.396 1 NAVIGATION 0 2 0. 0. 0. 0. 0 0
20.588 1 NAVIGATION 0 2 0. 0. 0. 0. 0 0
20.780 1 NAVIGATION 0 2 0. 0. 0. 0. 0 0
21.012 1 NAVIGATION 0 2 0. 0. 0. 0. 0 0
21.013 1 FBW_STATUS 2 0 1 69 0
21.014 1 DOWNLINK_STATUS 0 21 3533 150 0 196. 8. -2920.49
21.020 1 GPS 0 0 0 0 0 0 0 0 0 0 1
21.196 1 ATTITUDE 0.417491 0.284166 -0.105121
21.389 1 NAVIGATION 0 2 0. 0. 0. 0. 0 0
21.581 1 NAVIGATION 0 2 0. 0. 0. 0. 0 0
21.773 1 NAVIGATION 0 2 0. 0. 0. 0. 0 0
21.991 1 NAVIGATION 0 2 0. 0. 0. 0. 0 0
21.997 1 GPS 0 0 0 0 0 0 0 0 0 0 1
22.014 1 DOWNLINK_STATUS 0 22 3721 157 0 188. 7. -2920.49
22.176 1 ATTITUDE 0.417406 0.283634 -0.105002
22.369 1 NAVIGATION 0 2 0. 0. 0. 0. 0 0
22.561 1 NAVIGATION 0 2 0. 0. 0. 0. 0 0
22.732 1 PONG 
22.927 1 NAVIGATION 0 2 0. 0. 0. 0. 0 0
23.014 1 DOWNLINK_STATUS 0 23 3823 162 0 102. 5. 2226.72
23.155 1 FBW_STATUS 2 0 1 69 0
23.160 1 NAVIGATION 0 2 0. 0. 0. 0. 0 0
23.166 1 GPS 0 0 0 0 0 0 0 0 0 0 1
23.388 1 COMMANDS 0,-8346,2711,0,0
23.392 1 ATTITUDE 0.41728 0.284062 -0.104883
23.394 1 ACTUATORS 1250,1698,1246,1250,1350
23.397 1 PPRZ_MODE 2 0 0 0 0 6
23.402 1 WIND_INFO 1 42 0. 0. 0.
23.570 1 NAVIGATION 0 2 0. 0. 0. 0. 0 0
23.794 1 NAVIGATION 0 2 0. 0. 0. 0. 0 0
23.798 1 BAT 0 69 0 0 1 30 0 0
23.986 1 NAVIGATION 0 2 0. 0. 0. 0. 0 0
24.014 1 DOWNLINK_STATUS 0 24 4060 173 0 237. 11. 2226.72
24.222 1 NAVIGATION 0 2 0. 0. 0. 0. 0 0
24.227 1 GPS 0 0 0 0 0 0 0 0 0 0 1
24.231 1 ALIVE 103,252,221,173,216,125,23,54,168,250,50,169,123,191,144,243
24.406 1 ATTITUDE 0.417158 0.283617 -0.104741
24.599 1 NAVIGATION 0 2 0. 0. 0. 0. 0 0
24.792 1 NAVIGATION 0 2 0. 0. 0. 0. 0 0
24.990 1 DOWNLINK 0 175 245
24.995 1 NAVIGATION 0 2 0. 0. 0. 0. 0 0
25.015 1 DOWNLINK_STATUS 0 25 4249 181 0 189. 8. 2226.72
25.220 1 FBW_STATUS 2 0 1 69 0
25.226 1 NAVIGATION 0 2 0. 0. 0. 0. 0 0
25.230 1 GPS 0 0 0 0 0 0 0 0 0 0 1
25.420 1 ATTITUDE 0.417092 0.28319 -0.104708
25.423 1 GPS_SOL 0 0 0 0
25.614 1 NAVIGATION 0 2 0. 0. 0. 0. 0 0
25.807 1 NAVIGATION 0 2 0. 0. 0. 0. 0 0
26.000 1 NAVIGATION 0 2 0. 0. 0. 0. 0 0
26.015 1 DOWNLINK_STATUS 0 26 4436 189 0 187. 8. -2774.28
26.219 1 NAVIGATION 0 2 0. 0. 0. 0. 0 0
26.225 1 GPS 0 0 0 0 0 0 0 0 0 0 1
26.424 1 ATTITUDE 0.416999 0.282603 -0.104713
26.428 1 NAVIGATION 0 2 0. 0. 0. 0. 0 0
26.618 1 NAVIGATION 0 2 0. 0. 0. 0. 0 0
26.808 1 NAVIGATION 0 2 0. 0. 0. 0. 0 0
27.016 1 DOWNLINK_STATUS 0 27 4591 195 0 155. 6. -2774.28
27.040 1 NAVIGATION 0 2 0. 0. 0. 0. 0 0
27.042 1 FBW_STATUS 2 0 1 69 0
27.048 1 GPS 0 0 0 0 0 0 0 0 0 0 1
27.224 1 ATTITUDE 0.417045 0.282282 -0.104597
27.418 1 NAVIGATION 0 2 0. 0. 0. 0. 0 0
27.589 1 PONG 
27.785 1 NAVIGATION 0 2 0. 0. 0. 0. 0 0
27.977 1 NAVIGATION 0 2 0. 0. 0. 0. 0 0
28.016 1 DOWNLINK_STATUS 0 28 4767 203 0 176. 8. 2082.97
28.195 1 NAVIGATION 0 2 0. 0. 0. 0. 0 0
28.200 1 GPS 0 0 0 0 0 0 0 0 0 0 1
28.427 1 COMMANDS 0,-8339,2709,0,0
28.430 1 ATTITUDE 0.416909 0.281556 -0.104489
28.433 1 ACTUATORS 1250,1698,1247,1250,1350
28.437 1 NAVIGATION 0 2 0. 0. 0. 0. 0 0
28.621 1 NAVIGATION 0 2 0. 0. 0. 0. 0 0
28.813 1 NAVIGATION 0 2 0. 0. 0. 0. 0 0
29.017 1 DOWNLINK_STATUS 0 29 4956 211 0 189. 8. 2082.97
29.040 1 FBW_STATUS 2 0 1 69 0
29.046 1 NAVIGATION 0 2 0. 0. 0. 0. 0 0
29.051 1 GPS 0 0 0 0 0 0 0 0 0 0 1
29.226 1 ATTITUDE 0.416703 0.281207 -0.104416
29.427 1 PPRZ_MODE 2 0 0 0 0 6
29.433 1 NAVIGATION 0 2 0. 0. 0. 0. 0 0
29.622 1 NAVIGATION 0 2 0. 0. 0. 0. 0 0
29.814 1 NAVIGATION 0 2 0. 0. 0. 0. 0 0
30.017 1 DOWNLINK_STATUS 0 30 5138 219 0 182. 8. 2082.97
30.032 1 NAVIGATION 0 2 0. 0. 0. 0. 0 0
30.038 1 GPS 0 0 0 0 0 0 0 0 0 0 1
30.217 1 ATTITUDE 0.416174 0.280389 -0.104132
30.411 1 NAVIGATION 0 2 0. 0. 0. 0. 0 0
30.602 1 NAVIGATION 0 2 0. 0. 0. 0. 0 0
30.794 1 NAVIGATION 0 2 0. 0. 0. 0. 0 0
31.018 1 DOWNLINK_STATUS 0 31 5293 225 0 155. 6. -2917.46
31.025 1 FBW_STATUS 2 0 1 69 0
31.029 1 NAVIGATION 0 2 0. 0. 0. 0. 0 0
31.035 1 GPS 0 0 0 0 0 0 0 0 0 0 1
31.211 1 ATTITUDE 0.416332 0.280021 -0.10425
31.404 1 NAVIGATION 0 2 0. 0. 0. 0. 0 0
31.597 1 NAVIGATION 0 2 0. 0. 0. 0. 0 0
31.788 1 NAVIGATION 0 2 0. 0. 0. 0. 0 0
32.007 1 NAVIGATION 0 2 0. 0. 0. 0. 0 0
32.012 1 GPS 0 0 0 0 0 0 0 0 0 0 1
32.019 1 DOWNLINK_STATUS 0 32 5522 234 0 229. 9. -2917.46
32.195 1 ATTITUDE 0.416184 0.279245 -0.10431
32.385 1 NAVIGATION 0 2 0. 0. 0. 0. 0 0
32.576 1 NAVIGATION 0 2 0. 0. 0. 0. 0 0
32.749 1 PONG 
32.945 1 NAVIGATION 0 2 0. 0. 0. 0. 0 0
33.020 1 DOWNLINK_STATUS 0 33 5624 239 0 102. 5. 2241.56
33.175 1 NAVIGATION 0 2 0. 0. 0. 0. 0 0
33.177 1 FBW_STATUS 2 0 1 69 0
33.183 1 GPS 0 0 0 0 0 0 0 0 0 0 1
33.402 1 WIND_INFO 1 42 0. 0. 0.
33.407 1 COMMANDS 0,-8333,2749,0,0
33.411 1 ATTITUDE 0.416236 0.279762 -0.104272
33.413 1 ACTUATORS 1250,1700,1247,1251,1350
33.417 1 NAVIGATION 0 2 0. 0. 0. 0. 0 0
33.601 1 NAVIGATION 0 2 0. 0. 0. 0. 0 0
33.821 1 BAT 0 69 0 0 1 40 0 0
33.826 1 NAVIGATION 0 2 0. 0. 0. 0. 0 0
34.020 1 DOWNLINK_STATUS 0 34 5849 249 0 225. 10. 2241.56
34.041 1 NAVIGATION 0 2 0. 0. 0. 0. 0 0
34.047 1 GPS 0 0 0 0 0 0 0 0 0 0 1
34.225 1 ATTITUDE 0.416092 0.279765 -0.104273
34.416 1 ALIVE 103,252,221,173,216,125,23,54,168,250,50,169,123,191,144,243
34.608 1 NAVIGATION 0 2 0. 0. 0. 0. 0 0
34.800 1 NAVIGATION 0 2 0. 0. 0. 0. 0 0
34.993 1 NAVIGATION 0 2 0. 0. 0. 0. 0 0
35.021 1 DOWNLINK_STATUS 0 35 6027 256 0 178. 7. 2241.56
35.221 1 FBW_STATUS 2 0 1 69 0
35.226 1 NAVIGATION 0 2 0. 0. 0. 0. 0 0
35.238 1 GPS 0 0 0 0 0 0 0 0 0 0 1
35.447 1 ATTITUDE 0.415945 0.280544 -0.104184
35.448 1 DOWNLINK 0 183 326
35.450 1 PPRZ_MODE 2 0 0 0 0 6
35.455 1 NAVIGATION 0 2 0. 0. 0. 0. 0 0
35.640 1 NAVIGATION 0 2 0. 0. 0. 0. 0 0
35.824 1 GPS_SOL 0 0 0 0
36.018 1 NAVIGATION 0 2 0. 0. 0. 0. 0 0
36.021 1 DOWNLINK_STATUS 0 36 6237 266 0 210. 10. -2759.54
36.237 1 NAVIGATION 0 2 0. 0. 0. 0. 0 0
36.243 1 GPS 0 0 0 0 0 0 0 0 0 0 1
36.443 1 ATTITUDE 0.415926 0.280942 -0.104112
36.447 1 NAVIGATION 0 2 0. 0. 0. 0. 0 0
36.636 1 NAVIGATION 0 2 0. 0. 0. 0. 0 0
36.828 1 NAVIGATION 0 2 0. 0. 0. 0. 0 0
37.022 1 DOWNLINK_STATUS 0 37 6392 272 0 155. 6. -2759.54
37.069 1 FBW_STATUS 2 0 1 69 0
37.073 1 NAVIGATION 0 2 0. 0. 0. 0. 0 0
37.079 1 GPS 0 0 0 0 0 0 0 0 0 0 1
37.239 1 ATTITUDE 0.415723 0.281428 -0.104047
37.436 1 NAVIGATION 0 2 0. 0. 0. 0. 0 0
37.609 1 PONG 
37.805 1 NAVIGATION 0 2 0. 0. 0. 0. 0 0
37.997 1 NAVIGATION 0 2 0. 0. 0. 0. 0 0
38.023 1 DOWNLINK_STATUS 0 38 6568 280 0 176. 8. 2100.64
38.228 1 NAVIGATION 0 2 0. 0. 0. 0. 0 0
38.234 1 GPS 0 0 0 0 0 0 0 0 0 0 1
38.238 1 COMMANDS 0,-8321,2743,0,0
38.447 1 ATTITUDE 0.41572 0.28111 -0.104072
38.450 1 ACTUATORS 1250,1697,1248,1252,1350
38.454 1 NAVIGATION 0 2 0. 0. 0. 0. 0 0
38.641 1 NAVIGATION 0 2 0. 0. 0. 0. 0 0
38.833 1 NAVIGATION 0 2 0. 0. 0. 0. 0 0
39.023 1 DOWNLINK_STATUS 0 39 6757 288 0 189. 8. 2100.64
39.064 1 NAVIGATION 0 2 0. 0. 0. 0. 0 0
39.066 1 FBW_STATUS 2 0 1 69 0
39.072 1 GPS 0 0 0 0 0 0 0 0 0 0 1
39.248 1 ATTITUDE 0.41534 0.281603 -0.103833
39.441 1 NAVIGATION 0 2 0. 0. 0. 0. 0 0
39.632 1 NAVIGATION 0 2 0. 0. 0. 0. 0 0
39.824 1 NAVIGATION 0 2 0. 0. 0. 0. 0 0
40.024 1 DOWNLINK_STATUS 0 40 6927 295 0 170. 7. 2100.64
40.057 1 NAVIGATION 0 2 0. 0. 0. 0. 0 0
40.062 1 GPS 0 0 0 0 0 0 0 0 0 0 1
40.066 1 ATTITUDE 0.415331 0.281479 -0.103709
40.248 1 NAVIGATION 0 2 0. 0. 0. 0. 0 0
40.441 1 NAVIGATION 0 2 0. 0. 0. 0. 0 0
40.633 1 NAVIGATION 0 2 0. 0. 0. 0. 0 0
40.836 1 FBW_STATUS 2 0 1 69 0
40.840 1 NAVIGATION 0 2 0. 0. 0. 0. 0 0
41.025 1 DOWNLINK_STATUS 0 41 7123 303 0 196. 8. -2900.21
41.037 1 GPS 0 0 0 0 0 0 0 0 0 0 1
41.220 1 ATTITUDE 0.415182 0.28217 -0.103843
41.420 1 PPRZ_MODE 2 0 0 0 0 6
41.425 1 NAVIGATION 0 2 0. 0. 0. 0. 0 0
41.616 1 NAVIGATION 0 2 0. 0. 0. 0. 0 0
41.807 1 NAVIGATION 0 2 0. 0. 0. 0. 0 0
41.999 1 NAVIGATION 0 2 0. 0. 0. 0. 0 0
42.026 1 DOWNLINK_STATUS 0 42 7290 310 0 167. 7. -2900.21
42.198 1 GPS 0 0 0 0 0 0 0 0 0 0 1
42.402 1 ATTITUDE 0.415364 0.281955 -0.103837
42.406 1 NAVIGATION 0 2 0. 0. 0. 0. 0 0
42.596 1 PONG 
42.601 1 NAVIGATION 0 2 0. 0. 0. 0. 0 0
42.792 1 NAVIGATION 0 2 0. 0. 0. 0. 0 0
43.020 1 FBW_STATUS 2 0 1 69 0
43.025 1 NAVIGATION 0 2 0. 0. 0. 0. 0 0
43.027 1 DOWNLINK_STATUS 0 43 7466 318 0 176. 8. 2086.92
43.031 1 GPS 0 0 0 0 0 0 0 0 0 0 1
43.209 1 COMMANDS 0,-8308,2707,0,0
43.402 1 WIND_INFO 1 42 0. 0. 0.
43.425 1 ATTITUDE 0.415218 0.282689 -0.103707
43.428 1 ACTUATORS 1250,1698,1248,1252,1350
43.433 1 NAVIGATION 0 2 0. 0. 0. 0. 0 0
43.619 1 NAVIGATION 0 2 0. 0. 0. 0. 0 0
43.825 1 NAVIGATION 0 2 0. 0. 0. 0. 0 0
44.012 1 BAT 0 69 0 0 1 50 0 0
44.028 1 DOWNLINK_STATUS 0 44 7650 326 0 184. 8. 2086.92
44.231 1 NAVIGATION 0 2 0. 0. 0. 0. 0 0
44.237 1 GPS 0 0 0 0 0 0 0 0 0 0 1
44.435 1 ATTITUDE 0.414928 0.282875 -0.103668
44.441 1 NAVIGATION 0 2 0. 0. 0. 0. 0 0
44.626 1 ALIVE 103,252,221,173,216,125,23,54,168,250,50,169,123,191,144,243
44.819 1 NAVIGATION 0 2 0. 0. 0. 0. 0 0
45.011 1 NAVIGATION 0 2 0. 0. 0. 0. 0 0
45.028 1 DOWNLINK_STATUS 0 45 7828 333 0 178. 7. 2086.92
45.239 1 FBW_STATUS 2 0 1 69 0
45.244 1 NAVIGATION 0 2 0. 0. 0. 0. 0 0
45.250 1 GPS 0 0 0 0 0 0 0 0 0 0 1
45.447 1 ATTITUDE 0.414822 0.283469 -0.10373
45.451 1 NAVIGATION 0 2 0. 0. 0. 0. 0 0
45.639 1 NAVIGATION 0 2 0. 0. 0. 0. 0 0
45.817 1 DOWNLINK 0 178 405
46.012 1 NAVIGATION 0 2 0. 0. 0. 0. 0 0
46.028 1 DOWNLINK_STATUS 0 46 8009 341 0 181. 8. -2913.24
46.230 1 NAVIGATION 0 2 0. 0. 0. 0. 0 0
46.236 1 GPS 0 0 0 0 0 0 0 0 0 0 1
46.448 1 ATTITUDE 0.414537 0.282987 -0.103748
46.451 1 GPS_SOL 0 0 0 0
46.456 1 NAVIGATION 0 2 0. 0. 0. 0. 0 0
46.641 1 NAVIGATION 0 2 0. 0. 0. 0. 0 0
46.833 1 NAVIGATION 0 2 0. 0. 0. 0. 0 0
47.029 1 DOWNLINK_STATUS 0 47 8181 348 0 172. 7. -2913.24
47.077 1 NAVIGATION 0 2 0. 0. 0. 0. 0 0
47.080 1 FBW_STATUS 2 0 1 69 0
47.085 1 GPS 0 0 0 0 0 0 0 0 0 0 1
47.089 1 ATTITUDE 0.414512 0.283432 -0.103711
47.277 1 PPRZ_MODE 2 0 0 0 0 6
47.281 1 NAVIGATION 0 2 0. 0. 0. 0. 0 0
47.452 1 PONG 
47.647 1 NAVIGATION 0 2 0. 0. 0. 0. 0 0
47.839 1 NAVIGATION 0 2 0. 0. 0. 0. 0 0
48.030 1 DOWNLINK_STATUS 0 48 8369 357 0 188. 9. 1942.81
48.086 1 NAVIGATION 0 2 0. 0. 0. 0. 0 0
48.091 1 GPS 0 0 0 0 0 0 0 0 0 0 1
48.094 1 COMMANDS 0,-8291,2697,0,0
48.098 1 ATTITUDE 0.414613 0.283763 -0.103809
48.268 1 ACTUATORS 1250,1697,1248,1252,1350
48.461 1 NAVIGATION 0 2 0. 0. 0. 0. 0 0
48.654 1 NAVIGATION 0 2 0. 0. 0. 0. 0 0
48.846 1 NAVIGATION 0 2 0. 0. 0. 0. 0 0
49.030 1 DOWNLINK_STATUS 0 49 8558 365 0 189. 8. 1942.81
49.076 1 NAVIGATION 0 2 0. 0. 0. 0. 0 0
49.078 1 FBW_STATUS 2 0 1 69 0
49.084 1 GPS 0 0 0 0 0 0 0 0 0 0 1
49.260 1 ATTITUDE 0.414497 0.284193 -0.103888
49.453 1 NAVIGATION 0 2 0. 0. 0. 0. 0 0
49.645 1 NAVIGATION 0 2 0. 0. 0. 0. 0 0
49.836 1 NAVIGATION 0 2 0. 0. 0. 0. 0 0
50.031 1 DOWNLINK_STATUS 0 50 8728 372 0 170. 7. 1942.81
50.055 1 NAVIGATION 0 2 0. 0. 0. 0. 0 0
50.061 1 GPS 0 0 0 0 0 0 0 0 0 0 1
50.240 1 ATTITUDE 0.414422 0.28414 -0.103863
50.433 1 NAVIGATION 0 2 0. 0. 0. 0. 0 0
50.625 1 NAVIGATION 0 2 0. 0. 0. 0. 0 0
50.818 1 NAVIGATION 0 2 0. 0. 0. 0. 0 0
51.032 1 DOWNLINK_STATUS 0 51 8883 378 0 155. 6. -3057.32
51.046 1 FBW_STATUS 2 0 1 69 0
51.051 1 NAVIGATION 0 2 0. 0. 0. 0. 0 0
51.057 1 GPS 0 0 0 0 0 0 0 0 0 0 1
51.233 1 ATTITUDE 0.414341 0.28445 -0.103959
51.427 1 NAVIGATION 0 2 0. 0. 0. 0. 0 0
51.619 1 NAVIGATION 0 2 0. 0. 0. 0. 0 0
51.811 1 NAVIGATION 0 2 0. 0. 0. 0. 0 0
52.030 1 NAVIGATION 0 2 0. 0. 0. 0. 0 0
52.032 1 DOWNLINK_STATUS 0 52 9079 386 0 196. 8. -3057.32
52.036 1 GPS 0 0 0 0 0 0 0 0 0 0 1
52.219 1 ATTITUDE 0.413952 0.284136 -0.103796
52.407 1 NAVIGATION 0 2 0. 0. 0. 0. 0 0
52.580 1 PONG 
52.776 1 NAVIGATION 0 2 0. 0. 0. 0. 0 0
52.968 1 NAVIGATION 0 2 0. 0. 0. 0. 0 0
53.032 1 DOWNLINK_STATUS 0 53 9214 392 0 135. 6. 2070.75
53.199 1 NAVIGATION 0 2 0. 0. 0. 0. 0 0
53.201 1 FBW_STATUS 2 0 1 69 0
53.207 1 GPS 0 0 0 0 0 0 0 0 0 0 1
53.402 1 WIND_INFO 1 42 0. 0. 0.
53.440 1 COMMANDS 0,-8275,2671,0,0
53.443 1 ATTITUDE 0.414276 0.285055 -0.104111
53.446 1 ACTUATORS 1250,1695,1249,1253,1350
53.448 1 PPRZ_MODE 2 0 0 0 0 6
53.452 1 NAVIGATION 0 2 0. 0. 0. 0. 0 0
53.633 1 NAVIGATION 0 2 0. 0. 0. 0. 0 0
53.839 1 NAVIGATION 0 2 0. 0. 0. 0. 0 0
54.026 1 BAT 0 69 0 0 1 60 0 0
54.033 1 DOWNLINK_STATUS 0 54 9451 403 0 237. 11. 2070.75
54.246 1 NAVIGATION 0 2 0. 0. 0. 0. 0 0
54.251 1 GPS 0 0 0 0 0 0 0 0 0 0 1
54.451 1 ATTITUDE 0.414256 0.285208 -0.104105
54.456 1 NAVIGATION 0 2 0. 0. 0. 0. 0 0
54.645 1 NAVIGATION 0 2 0. 0. 0. 0. 0 0
54.834 1 ALIVE 103,252,221,173,216,125,23,54,168,250,50,169,123,191,144,243
55.026 1 NAVIGATION 0 2 0. 0. 0. 0. 0 0
55.033 1 DOWNLINK_STATUS 0 55 9629 410 0 178. 7. 2070.75
55.255 1 FBW_STATUS 2 0 1 69 0
55.259 1 NAVIGATION 0 2 0. 0. 0. 0. 0 0
55.265 1 GPS 0 0 0 0 0 0 0 0 0 0 1
55.462 1 ATTITUDE 0.414298 0.286058 -0.104038
55.466 1 NAVIGATION 0 2 0. 0. 0. 0. 0 0
55.656 1 NAVIGATION 0 2 0. 0. 0. 0. 0 0
55.849 1 NAVIGATION 0 2 0. 0. 0. 0. 0 0
56.026 1 DOWNLINK 0 175 483
56.034 1 DOWNLINK_STATUS 0 56 9810 418 0 181. 8. -2930.3
56.262 1 NAVIGATION 0 2 0. 0. 0. 0. 0 0
56.268 1 GPS 0 0 0 0 0 0 0 0 0 0 1
56.271 1 ATTITUDE 0.414353 0.286135 -0.104026
56.454 1 NAVIGATION 0 2 0. 0. 0. 0. 0 0
56.645 1 NAVIGATION 0 2 0. 0. 0. 0. 0 0
56.828 1 GPS_SOL 0 0 0 0
57.021 1 NAVIGATION 0 2 0. 0. 0. 0. 0 0
57.035 1 DOWNLINK_STATUS 0 57 9982 425 0 172. 7. -2930.3
57.265 1 NAVIGATION 0 2 0. 0. 0. 0. 0 0
57.268 1 FBW_STATUS 2 0 1 69 0
57.274 1 GPS 0 0 0 0 0 0 0 0 0 0 1
57.277 1 ATTITUDE 0.414592 0.286532 -0.103926
57.457 1 NAVIGATION 0 2 0. 0. 0. 0. 0 0
57.651 1 PONG 
57.656 1 NAVIGATION 0 2 0. 0. 0. 0. 0 0
57.847 1 NAVIGATION 0 2 0. 0. 0. 0. 0 0
58.035 1 DOWNLINK_STATUS 0 58 10158 433 0 176. 8. 2140.78
58.065 1 NAVIGATION 0 2 0. 0. 0. 0. 0 0
58.071 1 GPS 0 0 0 0 0 0 0 0 0 0 1
58.263 1 COMMANDS 0,-8289,2684,0,0
58.266 1 ATTITUDE 0.41454 0.28688 -0.103758
58.467 1 ACTUATORS 1250,1697,1248,1252,1350
58.473 1 NAVIGATION 0 2 0. 0. 0. 0. 0 0
58.661 1 NAVIGATION 0 2 0. 0. 0. 0. 0 0
58.853 1 NAVIGATION 0 2 0. 0. 0. 0. 0 0
59.036 1 DOWNLINK_STATUS 0 59 10347 441 0 189. 8. 2140.78
59.082 1 FBW_STATUS 2 0 1 69 0
59.087 1 NAVIGATION 0 2 0. 0. 0. 0. 0 0
59.092 1 GPS 0 0 0 0 0 0 0 0 0 0 1
59.269 1 ATTITUDE 0.41476 0.287679 -0.103758
59.470 1 PPRZ_MODE 2 0 0 0 0 6
59.474 1 NAVIGATION 0 2 0. 0. 0. 0. 0 0
59.665 1 NAVIGATION 0 2 0. 0. 0. 0. 0 0
59.856 1 NAVIGATION 0 2 0. 0. 0. 0. 0 0
60.037 1 DOWNLINK_STATUS 0 60 10529 449 0 182. 8. 2140.78
60.075 1 NAVIGATION 0 2 0. 0. 0. 0. 0 0
60.081 1 GPS 0 0 0 0 0 0 0 0 0 0 1
60.259 1 ATTITUDE 0.414871 0.287877 -0.103751
60.453 1 NAVIGATION 0 2 0. 0. 0. 0. 0 0
60.645 1 NAVIGATION 0 2 0. 0. 0. 0. 0 0
60.838 1 NAVIGATION 0 2 0. 0. 0. 0. 0 0
61.037 1 DOWNLINK_STATUS 0 61 10684 455 0 155. 6. -2860.27
61.067 1 FBW_STATUS 2 0 1 69 0
61.070 1 NAVIGATION 0 2 0. 0. 0. 0. 0 0
61.076 1 GPS 0 0 0 0 0 0 0 0 0 0 1
61.252 1 ATTITUDE 0.415192 0.288773 -0.10372
61.445 1 NAVIGATION 0 2 0. 0. 0. 0. 0 0
61.638 1 NAVIGATION 0 2 0. 0. 0. 0. 0 0
61.830 1 NAVIGATION 0 2 0. 0. 0. 0. 0 0
62.039 1 DOWNLINK_STATUS 0 62 10854 462 0 170. 7. -2860.27
62.049 1 NAVIGATION 0 2 0. 0. 0. 0. 0 0
62.055 1 GPS 0 0 0 0 0 0 0 0 0 0 1
62.233 1 ATTITUDE 0.415122 0.288437 -0.103526
62.426 1 NAVIGATION 0 2 0. 0. 0. 0. 0 0
62.620 1 PONG 
62.625 1 NAVIGATION 0 2 0. 0. 0. 0. 0 0
62.815 1 NAVIGATION 0 2 0. 0. 0. 0. 0 0
63.018 1 FBW_STATUS 2 0 1 69 0
63.022 1 NAVIGATION 0 2 0. 0. 0. 0. 0 0
63.039 1 DOWNLINK_STATUS 0 63 11056 471 0 202. 9. 2108.72
63.246 1 GPS 0 0 0 0 0 0 0 0 0 0 1
63.248 1 COMMANDS 0,-8305,2685,0,0
63.402 1 WIND_INFO 1 42 0. 0. 0.
63.448 1 ATTITUDE 0.415457 0.289031 -0.103594
63.451 1 ACTUATORS 1250,1699,1248,1252,1350
63.456 1 NAVIGATION 0 2 0. 0. 0. 0. 0 0
63.644 1 NAVIGATION 0 2 0. 0. 0. 0. 0 0
63.848 1 NAVIGATION 0 2 0. 0. 0. 0. 0 0
64.039 1 DOWNLINK_STATUS 0 64 11219 478 0 163. 7. 2108.72
64.083 1 NAVIGATION 0 2 0. 0. 0. 0. 0 0
64.089 1 GPS 0 0 0 0 0 0 0 0 0 0 1
64.093 1 BAT 0 69 0 0 1 71 0 0
64.268 1 ATTITUDE 0.415932 0.289431 -0.103569
64.461 1 NAVIGATION 0 2 0. 0. 0. 0. 0 0
64.653 1 NAVIGATION 0 2 0. 0. 0. 0. 0 0
64.846 1 NAVIGATION 0 2 0. 0. 0. 0. 0 0
65.034 1 ALIVE 103,252,221,173,216,125,23,54,168,250,50,169,123,191,144,243
65.040 1 DOWNLINK_STATUS 0 65 11418 486 0 199. 8. 2108.72
65.276 1 FBW_STATUS 2 0 1 69 0
65.281 1 NAVIGATION 0 2 0. 0. 0. 0. 0 0
65.287 1 GPS 0 0 0 0 0 0 0 0 0 0 1
65.290 1 ATTITUDE 0.41578 0.289968 -0.103554
65.478 1 PPRZ_MODE 2 0 0 0 0 6
65.483 1 NAVIGATION 0 2 0. 0. 0. 0. 0 0
65.672 1 NAVIGATION 0 2 0. 0. 0. 0. 0 0
65.866 1 NAVIGATION 0 2 0. 0. 0. 0. 0 0
66.040 1 DOWNLINK_STATUS 0 66 11600 494 0 182. 8. -2891.74
66.085 1 NAVIGATION 0 2 0. 0. 0. 0. 0 0
66.091 1 GPS 0 0 0 0 0 0 0 0 0 0 1
66.269 1 ATTITUDE 0.415737 0.289894 -0.103515
66.470 1 NAVIGATION 0 2 0. 0. 0. 0. 0 0
66.472 1 DOWNLINK 0 183 564
66.662 1 NAVIGATION 0 2 0. 0. 0. 0. 0 0
66.854 1 NAVIGATION 0 2 0. 0. 0. 0. 0 0
67.040 1 DOWNLINK_STATUS 0 67 11766 501 0 166. 7. -2891.74
67.084 1 NAVIGATION 0 2 0. 0. 0. 0. 0 0
67.087 1 FBW_STATUS 2 0 1 69 0
67.093 1 GPS 0 0 0 0 0 0 0 0 0 0 1
67.282 1 ATTITUDE 0.415971 0.290444 -0.103523
67.285 1 GPS_SOL 0 0 0 0
67.476 1 NAVIGATION 0 2 0. 0. 0. 0. 0 0
67.668 1 PONG 
67.674 1 NAVIGATION 0 2 0. 0. 0. 0. 0 0
67.865 1 NAVIGATION 0 2 0. 0. 0. 0. 0 0
68.041 1 DOWNLINK_STATUS 0 68 11959 510 0 193. 9. 2156.54
68.083 1 NAVIGATION 0 2 0. 0. 0. 0. 0 0
68.089 1 GPS 0 0 0 0 0 0 0 0 0 0 1
68.281 1 COMMANDS 0,-8318,2702,0,0
68.284 1 ATTITUDE 0.415755 0.29016 -0.103419
68.487 1 ACTUATORS 1250,1697,1247,1251,1350
68.492 1 NAVIGATION 0 2 0. 0. 0. 0. 0 0
68.681 1 NAVIGATION 0 2 0. 0. 0. 0. 0 0
68.873 1 NAVIGATION 0 2 0. 0. 0. 0. 0 0
69.042 1 DOWNLINK_STATUS 0 69 12148 518 0 189. 8. 2156.54
69.101 1 FBW_STATUS 2 0 1 69 0
69.106 1 NAVIGATION 0 2 0. 0. 0. 0. 0 0
69.111 1 GPS 0 0 0 0 0 0 0 0 0 0 1
69.287 1 ATTITUDE 0.415729 0.290665 -0.103308
69.480 1 NAVIGATION 0 2 0. 0. 0. 0. 0 0
69.672 1 NAVIGATION 0 2 0. 0. 0. 0. 0 0
69.865 1 NAVIGATION 0 2 0. 0. 0. 0. 0 0
70.042 1 DOWNLINK_STATUS 0 70 12318 525 0 170. 7. 2156.54
70.083 1 NAVIGATION 0 2 0. 0. 0. 0. 0 0
70.089 1 GPS 0 0 0 0 0 0 0 0 0 0 1
70.267 1 ATTITUDE 0.415841 0.29064 -0.10338
70.459 1 NAVIGATION 0 2 0. 0. 0. 0. 0 0
70.652 1 NAVIGATION 0 2 0. 0. 0. 0. 0 0
70.846 1 NAVIGATION 0 2 0. 0. 0. 0. 0 0
71.043 1 DOWNLINK_STATUS 0 71 12473 531 0 155. 6. -2844.55
71.074 1 FBW_STATUS 2 0 1 69 0
71.078 1 NAVIGATION 0 2 0. 0. 0. 0. 0 0
71.084 1 GPS 0 0 0 0 0 0 0 0 0 0 1
71.260 1 ATTITUDE 0.416035 0.291153 -0.103317
71.461 1 PPRZ_MODE 2 0 0 0 0 6
71.465 1 NAVIGATION 0 2 0. 0. 0. 0. 0 0
71.656 1 NAVIGATION 0 2 0. 0. 0. 0. 0 0
71.847 1 NAVIGATION 0 2 0. 0. 0. 0. 0 0
72.043 1 DOWNLINK_STATUS 0 72 12655 539 0 182. 8. -2844.55
72.065 1 NAVIGATION 0 2 0. 0. 0. 0. 0 0
72.071 1 GPS 0 0 0 0 0 0 0 0 0 0 1
72.250 1 ATTITUDE 0.41596 0.290986 -0.103245
72.444 1 NAVIGATION 0 2 0. 0. 0. 0. 0 0
72.638 1 PONG 
72.642 1 NAVIGATION 0 2 0. 0. 0. 0. 0 0
72.832 1 NAVIGATION 0 2 0. 0. 0. 0. 0 0
73.044 1 DOWNLINK_STATUS 0 73 12816 546 0 161. 7. 2124.72
73.061 1 FBW_STATUS 2 0 1 69 0
73.066 1 NAVIGATION 0 2 0. 0. 0. 0. 0 0
73.071 1 GPS 0 0 0 0 0 0 0 0 0 0 1
73.261 1 COMMANDS 0,-8312,2671,0,0
73.264 1 ATTITUDE 0.416011 0.29178 -0.103176
73.402 1 WIND_INFO 1 42 0. 0. 0.
73.467 1 ACTUATORS 1250,1696,1247,1251,1350
73.472 1 NAVIGATION 0 2 0. 0. 0. 0. 0 0
73.661 1 NAVIGATION 0 2 0. 0. 0. 0. 0 0
73.866 1 NAVIGATION 0 2 0. 0. 0. 0. 0 0
74.045 1 DOWNLINK_STATUS 0 74 13020 555 0 204. 9. 2124.72
74.057 1 NAVIGATION 0 2 0. 0. 0. 0. 0 0
74.262 1 GPS 0 0 0 0 0 0 0 0 0 0 1
74.474 1 ATTITUDE 0.416229 0.291625 -0.103216
74.478 1 BAT 0 69 0 0 1 81 0 0
74.482 1 NAVIGATION 0 2 0. 0. 0. 0. 0 0
74.669 1 NAVIGATION 0 2 0. 0. 0. 0. 0 0
74.861 1 NAVIGATION 0 2 0. 0. 0. 0. 0 0
75.046 1 DOWNLINK_STATUS 0 75 13196 562 0 176. 7. 2124.72
75.108 1 FBW_STATUS 2 0 1 69 0
75.113 1 NAVIGATION 0 2 0. 0. 0. 0. 0 0
75.119 1 GPS 0 0 0 0 0 0 0 0 0 0 1
75.123 1 ALIVE 103,252,221,173,216,125,23,54,168,250,50,169,123,191,144,243
75.294 1 ATTITUDE 0.416195 0.292466 -0.103279
75.487 1 NAVIGATION 0 2 0. 0. 0. 0. 0 0
75.680 1 NAVIGATION 0 2 0. 0. 0. 0. 0 0
75.873 1 NAVIGATION 0 2 0. 0. 0. 0. 0 0
76.047 1 DOWNLINK_STATUS 0 76 13389 570 0 193. 8. -2876.14
76.092 1 NAVIGATION 0 2 0. 0. 0. 0. 0 0
76.098 1 GPS 0 0 0 0 0 0 0 0 0 0 1
76.276 1 ATTITUDE 0.416032 0.292236 -0.103155
76.470 1 NAVIGATION 0 2 0. 0. 0. 0. 0 0
76.662 1 NAVIGATION 0 2 0. 0. 0. 0. 0 0
76.860 1 DOWNLINK 0 174 641
76.864 1 NAVIGATION 0 2 0. 0. 0. 0. 0 0
77.048 1 DOWNLINK_STATUS 0 77 13555 577 0 166. 7. -2876.14
77.091 1 FBW_STATUS 2 0 1 69 0
77.096 1 NAVIGATION 0 2 0. 0. 0. 0. 0 0
77.102 1 GPS 0 0 0 0 0 0 0 0 0 0 1
77.278 1 ATTITUDE 0.415937 0.292324 -0.103249
77.478 1 PPRZ_MODE 2 0 0 0 0 6
77.483 1 NAVIGATION 0 2 0. 0. 0. 0. 0 0
77.674 1 PONG 
77.679 1 NAVIGATION 0 2 0. 0. 0. 0. 0 0
77.881 1 GPS_SOL 0 0 0 0
77.887 1 NAVIGATION 0 2 0. 0. 0. 0. 0 0
78.049 1 DOWNLINK_STATUS 0 78 13760 587 0 205. 10. 2159.87
78.101 1 NAVIGATION 0 2 0. 0. 0. 0. 0 0
78.107 1 GPS 0 0 0 0 0 0 0 0 0 0 1
78.299 1 COMMANDS 0,-8340,2790,0,0
78.302 1 ATTITUDE 0.416269 0.292502 -0.103573
78.505 1 ACTUATORS 1250,1698,1247,1251,1350
78.509 1 NAVIGATION 0 2 0. 0. 0. 0. 0 0
78.698 1 NAVIGATION 0 2 0. 0. 0. 0. 0 0
78.891 1 NAVIGATION 0 2 0. 0. 0. 0. 0 0
79.050 1 DOWNLINK_STATUS 0 79 13949 595 0 189. 8. 2159.87
79.118 1 FBW_STATUS 2 0 1 69 0
79.123 1 NAVIGATION 0 2 0. 0. 0. 0. 0 0
79.129 1 GPS 0 0 0 0 0 0 0 0 0 0 1
79.304 1 ATTITUDE 0.415875 0.292743 -0.103403
79.497 1 NAVIGATION 0 2 0. 0. 0. 0. 0 0
79.690 1 NAVIGATION 0 2 0. 0. 0. 0. 0 0
79.882 1 NAVIGATION 0 2 0. 0. 0. 0. 0 0
80.050 1 DOWNLINK_STATUS 0 80 14119 602 0 170. 7. 2159.87
80.101 1 NAVIGATION 0 2 0. 0. 0. 0. 0 0
80.107 1 GPS 0 0 0 0 0 0 0 0 0 0 1
80.286 1 ATTITUDE 0.416019 0.292557 -0.103495
80.479 1 NAVIGATION 0 2 0. 0. 0. 0. 0 0
80.671 1 NAVIGATION 0 2 0. 0. 0. 0. 0 0
80.865 1 NAVIGATION 0 2 0. 0. 0. 0. 0 0
81.050 1 DOWNLINK_STATUS 0 81 14274 608 0 155. 6. -2840.24
81.095 1 NAVIGATION 0 2 0. 0. 0. 0. 0 0
81.098 1 FBW_STATUS 2 0 1 69 0
81.104 1 GPS 0 0 0 0 0 0 0 0 0 0 1
81.280 1 ATTITUDE 0.415933 0.292778 -0.103458
81.474 1 NAVIGATION 0 2 0. 0. 0. 0. 0 0
81.666 1 NAVIGATION 0 2 0. 0. 0. 0. 0 0
81.856 1 NAVIGATION 0 2 0. 0. 0. 0. 0 0
82.051 1 DOWNLINK_STATUS 0 82 14444 615 0 170. 7. -2840.24
82.075 1 NAVIGATION 0 2 0. 0. 0. 0. 0 0
82.081 1 GPS 0 0 0 0 0 0 0 0 0 0 1
82.259 1 ATTITUDE 0.41574 0.292559 -0.103491
82.453 1 NAVIGATION 0 2 0. 0. 0. 0. 0 0
82.646 1 PONG 
82.651 1 NAVIGATION 0 2 0. 0. 0. 0. 0 0
82.842 1 NAVIGATION 0 2 0. 0. 0. 0. 0 0
83.052 1 DOWNLINK_STATUS 0 83 14605 622 0 161. 7. 2131.81
83.070 1 FBW_STATUS 2 0 1 69 0
83.074 1 NAVIGATION 0 2 0. 0. 0. 0. 0 0
83.080 1 GPS 0 0 0 0 0 0 0 0 0 0 1
83.270 1 COMMANDS 0,-8314,2682,0,0
83.273 1 ATTITUDE 0.415784 0.292897 -0.103412
83.402 1 WIND_INFO 1 42 0. 0. 0.
83.484 1 ACTUATORS 1250,1698,1247,1251,1350
83.486 1 PPRZ_MODE 2 0 0 0 0 6
83.491 1 NAVIGATION 0 2 0. 0. 0. 0. 0 0
83.678 1 NAVIGATION 0 2 0. 0. 0. 0. 0 0
83.883 1 NAVIGATION 0 2 0. 0. 0. 0. 0 0
84.053 1 DOWNLINK_STATUS 0 84 14821 632 0 216. 10. 2131.81
84.102 1 NAVIGATION 0 2 0. 0. 0. 0. 0 0
84.107 1 GPS 0 0 0 0 0 0 0 0 0 0 1
84.286 1 ATTITUDE 0.415808 0.292535 -0.103481
84.494 1 BAT 0 69 0 0 1 91 0 0
84.499 1 NAVIGATION 0 2 0. 0. 0. 0. 0 0
84.687 1 NAVIGATION 0 2 0. 0. 0. 0. 0 0
84.880 1 NAVIGATION 0 2 0. 0. 0. 0. 0 0
85.053 1 DOWNLINK_STATUS 0 85 14997 639 0 176. 7. 2131.81
85.108 1 FBW_STATUS 2 0 1 69 0
85.113 1 NAVIGATION 0 2 0. 0. 0. 0. 0 0
85.118 1 GPS 0 0 0 0 0 0 0 0 0 0 1
85.295 1 ATTITUDE 0.415781 0.292426 -0.103065
85.507 1 ALIVE 103,252,221,173,216,125,23,54,168,250,50,169,123,191,144,243
85.511 1 NAVIGATION 0 2 0. 0. 0. 0. 0 0
85.699 1 NAVIGATION 0 2 0. 0. 0. 0. 0 0
85.892 1 NAVIGATION 0 2 0. 0. 0. 0. 0 0
86.054 1 DOWNLINK_STATUS 0 86 15190 647 0 193. 8. -2869.05
86.110 1 NAVIGATION 0 2 0. 0. 0. 0. 0 0
86.116 1 GPS 0 0 0 0 0 0 0 0 0 0 1
86.294 1 ATTITUDE 0.415203 0.291709 -0.102789
86.488 1 NAVIGATION 0 2 0. 0. 0. 0. 0 0
86.680 1 NAVIGATION 0 2 0. 0. 0. 0. 0 0
86.872 1 NAVIGATION 0 2 0. 0. 0. 0. 0 0
87.055 1 DOWNLINK_STATUS 0 87 15345 653 0 155. 6. -2869.05
87.099 1 FBW_STATUS 2 0 1 69 0
87.104 1 NAVIGATION 0 2 0. 0. 0. 0. 0 0
87.110 1 GPS 0 0 0 0 0 0 0 0 0 0 1
87.294 1 ATTITUDE 0.414983 0.291889 -0.102886
87.296 1 DOWNLINK 0 184 723
87.487 1 NAVIGATION 0 2 0. 0. 0. 0. 0 0
87.680 1 PONG 
87.685 1 NAVIGATION 0 2 0. 0. 0. 0. 0 0
87.877 1 NAVIGATION 0 2 0. 0. 0. 0. 0 0
88.055 1 DOWNLINK_STATUS 0 88 15532 662 0 187. 9. 2164.76
88.095 1 NAVIGATION 0 2 0. 0. 0. 0. 0 0
88.101 1 GPS 0 0 0 0 0 0 0 0 0 0 1
88.305 1 COMMANDS 0,-8321,2781,0,0
88.308 1 ATTITUDE 0.415722 0.291997 -0.103402
88.311 1 GPS_SOL 0 0 0 0
88.511 1 ACTUATORS 1250,1692,1249,1253,1350
88.515 1 NAVIGATION 0 2 0. 0. 0. 0. 0 0
88.705 1 NAVIGATION 0 2 0. 0. 0. 0. 0 0
88.897 1 NAVIGATION 0 2 0. 0. 0. 0. 0 0
89.055 1 DOWNLINK_STATUS 0 89 15738 671 0 206. 9. 2164.76
89.126 1 FBW_STATUS 2 0 1 69 0
89.130 1 NAVIGATION 0 2 0. 0. 0. 0. 0 0
89.136 1 GPS 0 0 0 0 0 0 0 0 0 0 1
89.311 1 ATTITUDE 0.415539 0.291977 -0.103285
89.511 1 PPRZ_MODE 2 0 0 0 0 6
89.516 1 NAVIGATION 0 2 0. 0. 0. 0. 0 0
89.705 1 NAVIGATION 0 2 0. 0. 0. 0. 0 0
89.897 1 NAVIGATION 0 2 0. 0. 0. 0. 0 0
90.056 1 DOWNLINK_STATUS 0 90 15920 679 0 182. 8. 2164.76
90.115 1 NAVIGATION 0 2 0. 0. 0. 0. 0 0
90.121 1 GPS 0 0 0 0 0 0 0 0 0 0 1
90.300 1 ATTITUDE 0.415459 0.291406 -0.103154
90.493 1 NAVIGATION 0 2 0. 0. 0. 0. 0 0
90.686 1 NAVIGATION 0 2 0. 0. 0. 0. 0 0
90.880 1 NAVIGATION 0 2 0. 0. 0. 0. 0 0
91.056 1 DOWNLINK_STATUS 0 91 16075 685 0 155. 6. -2835.47
91.081 1 FBW_STATUS 2 0 1 69 0
91.086 1 NAVIGATION 0 2 0. 0. 0. 0. 0 0
91.296 1 GPS 0 0 0 0 0 0 0 0 0 0 1
91.299 1 ATTITUDE 0.415605 0.291708 -0.103148
91.487 1 NAVIGATION 0 2 0. 0. 0. 0. 0 0
91.680 1 NAVIGATION 0 2 0. 0. 0. 0. 0 0
91.871 1 NAVIGATION 0 2 0. 0. 0. 0. 0 0
92.056 1 DOWNLINK_STATUS 0 92 16245 692 0 170. 7. -2835.47
92.063 1 NAVIGATION 0 2 0. 0. 0. 0. 0 0
92.276 1 GPS 0 0 0 0 0 0 0 0 0 0 1
92.279 1 ATTITUDE 0.416169 0.291883 -0.1033
92.467 1 NAVIGATION 0 2 0. 0. 0. 0. 0 0
92.660 1 PONG 
92.664 1 NAVIGATION 0 2 0. 0. 0. 0. 0 0
92.855 1 NAVIGATION 0 2 0. 0. 0. 0. 0 0
93.057 1 DOWNLINK_STATUS 0 93 16406 699 0 161. 7. 2144.91
93.084 1 FBW_STATUS 2 0 1 69 0
93.089 1 NAVIGATION 0 2 0. 0. 0. 0. 0 0
93.095 1 GPS 0 0 0 0 0 0 0 0 0 0 1
93.284 1 COMMANDS 0,-8320,2674,0,0
93.287 1 ATTITUDE 0.416159 0.292167 -0.103278
93.402 1 WIND_INFO 1 42 0. 0. 0.
93.490 1 ACTUATORS 1250,1698,1247,1251,1350
93.495 1 NAVIGATION 0 2 0. 0. 0. 0. 0 0
93.684 1 NAVIGATION 0 2 0. 0. 0. 0. 0 0
93.888 1 NAVIGATION 0 2 0. 0. 0. 0. 0 0
94.058 1 DOWNLINK_STATUS 0 94 16610 708 0 204. 9. 2144.91
94.106 1 NAVIGATION 0 2 0. 0. 0. 0. 0 0
94.111 1 GPS 0 0 0 0 0 0 0 0 0 0 1
94.290 1 ATTITUDE 0.41611 0.291733 -0.103233
94.501 1 NAVIGATION 0 2 0. 0. 0. 0. 0 0
94.504 1 BAT 0 69 0 0 1 101 0 0
94.692 1 NAVIGATION 0 2 0. 0. 0. 0. 0 0
94.885 1 NAVIGATION 0 2 0. 0. 0. 0. 0 0
95.058 1 DOWNLINK_STATUS 0 95 16786 715 0 176. 7. 2144.91
95.112 1 FBW_STATUS 2 0 1 69 0
95.117 1 NAVIGATION 0 2 0. 0. 0. 0. 0 0
95.122 1 GPS 0 0 0 0 0 0 0 0 0 0 1
95.298 1 ATTITUDE 0.415969 0.291644 -0.103142
95.499 1 PPRZ_MODE 2 0 0 0 0 6
95.504 1 NAVIGATION 0 2 0. 0. 0. 0. 0 0
95.712 1 ALIVE 103,252,221,173,216,125,23,54,168,250,50,169,123,191,144,243
95.717 1 NAVIGATION 0 2 0. 0. 0. 0. 0 0
95.907 1 NAVIGATION 0 2 0. 0. 0. 0. 0 0
96.058 1 DOWNLINK_STATUS 0 96 16991 724 0 205. 9. -2856.04
96.126 1 NAVIGATION 0 2 0. 0. 0. 0. 0 0
96.131 1 GPS 0 0 0 0 0 0 0 0 0 0 1
96.309 1 ATTITUDE 0.416045 0.29099 -0.103105
96.503 1 NAVIGATION 0 2 0. 0. 0. 0. 0 0
96.695 1 NAVIGATION 0 2 0. 0. 0. 0. 0 0
96.887 1 NAVIGATION 0 2 0. 0. 0. 0. 0 0
97.059 1 DOWNLINK_STATUS 0 97 17146 730 0 155. 6. -2856.04
97.090 1 FBW_STATUS 2 0 1 69 0
97.094 1 NAVIGATION 0 2 0. 0. 0. 0. 0 0
97.305 1 GPS 0 0 0 0 0 0 0 0 0 0 1
97.309 1 ATTITUDE 0.416156 0.291087 -0.103187
97.496 1 NAVIGATION 0 2 0. 0. 0. 0. 0 0
97.697 1 PONG 
97.702 1 NAVIGATION 0 2 0. 0. 0. 0. 0 0
97.704 1 DOWNLINK 0 178 803
97.893 1 NAVIGATION 0 2 0. 0. 0. 0. 0 0
98.060 1 DOWNLINK_STATUS 0 98 17333 739 0 187. 9. 2181.11
98.112 1 NAVIGATION 0 2 0. 0. 0. 0. 0 0
98.117 1 GPS 0 0 0 0 0 0 0 0 0 0 1
