3.268 1 NAVIGATION 5 1 0. 0. 0. 0. 0 0
3.287 1 ATTITUDE 0.029471 0.629161 0.088708
3.290 1 ESTIMATOR 0. 0.
3.292 1 DOWNLINK 0 352 198
3.389 1 ATTITUDE 0.029522 0.629237 0.088702
3.395 1 GPS 0 0 0 0 0 0 0 0 0 0 1
3.486 1 ATTITUDE 0.029553 0.629123 0.088668
3.489 1 GPS_SOL 0 0 0 0
3.519 1 NAVIGATION 4 0 0. 0. 0. 0. 0 0
3.582 1 ATTITUDE 0.02963 0.629451 0.088717
3.683 1 ATTITUDE 0.029686 0.629405 0.088691
3.768 1 NAVIGATION 5 0 0. 0. 0. 0. 0 0
3.783 1 ATTITUDE 0.029726 0.629342 0.088713
3.882 1 ATTITUDE 0.02977 0.629318 0.0887
3.944 1 DOWNLINK_STATUS 0 4 1448 71 0 382. 19. 0.
3.982 1 ATTITUDE 0.029787 0.629178 0.088736
4.019 1 NAVIGATION 4 0 0. 0. 0. 0. 0 0
4.082 1 ATTITUDE 0.029835 0.629403 0.088739
4.182 1 ATTITUDE 0.029854 0.629375 0.088713
4.270 1 FBW_STATUS 0 45 0 67 0
4.275 1 NAVIGATION 5 0 0. 0. 0. 0. 0 0
4.287 1 ATTITUDE 0.02983 0.628057 0.088787
4.390 1 ATTITUDE 0.029872 0.627872 0.088775
4.396 1 GPS 0 0 0 0 0 0 0 0 0 0 1
4.485 1 ATTITUDE 0.029851 0.62797 0.088756
4.487 1 ESTIMATOR 0. 0.
4.518 1 NAVIGATION 4 0 0. 0. 0. 0. 0 0
4.585 1 ATTITUDE 0.029823 0.627979 0.088774
4.587 1 PPRZ_MODE 0 1 2 0 0 17
4.682 1 ATTITUDE 0.029784 0.62766 0.08877
4.769 1 NAVIGATION 5 0 0. 0. 0. 0. 0 0
4.784 1 ATTITUDE 0.029752 0.627331 0.088734
4.883 1 ATTITUDE 0.029728 0.627387 0.088688
4.944 1 DOWNLINK_STATUS 0 5 1806 89 0 358. 18. 0.
4.983 1 ATTITUDE 0.029699 0.627079 0.088733
5.019 1 NAVIGATION 4 0 0. 0. 0. 0. 0 0
5.082 1 ATTITUDE 0.029729 0.627019 0.08875
5.182 1 ATTITUDE 0.029728 0.626965 0.088728
5.269 1 NAVIGATION 5 0 0. 0. 0. 0. 0 0
5.284 1 ATTITUDE 0.029744 0.626612 0.088752
5.390 1 ATTITUDE 0.029769 0.626823 0.088742
5.395 1 GPS 0 0 0 0 0 0 0 0 0 0 1
5.484 1 ATTITUDE 0.029774 0.626866 0.088716
5.485 1 PONG 
5.519 1 NAVIGATION 5 1 0. 0. 0. 0. 0 0
5.582 1 ATTITUDE 0.029754 0.627055 0.088706
5.685 1 ATTITUDE 0.029739 0.6272 0.088744
5.687 1 ESTIMATOR 0. 0.
5.768 1 NAVIGATION 5 1 0. 0. 0. 0. 0 0
5.784 1 ATTITUDE 0.029758 0.627114 0.088776
5.882 1 ATTITUDE 0.029774 0.627208 0.088779
5.944 1 DOWNLINK_STATUS 0 6 2143 106 0 337. 17. 42.59
5.982 1 ATTITUDE 0.029762 0.627424 0.088744
6.019 1 NAVIGATION 5 1 0. 0. 0. 0. 0 0
6.083 1 ATTITUDE 0.029779 0.627554 0.088758
6.182 1 ATTITUDE 0.029761 0.62765 0.088774
6.269 1 FBW_STATUS 0 46 0 67 0
6.274 1 NAVIGATION 5 1 0. 0. 0. 0. 0 0
6.287 1 ATTITUDE 0.029768 0.627505 0.088768
6.389 1 ATTITUDE 0.029781 0.627783 0.088716
6.395 1 GPS 0 0 0 0 0 0 0 0 0 0 1
6.482 1 ATTITUDE 0.029758 0.627572 0.088663
6.519 1 NAVIGATION 5 1 0. 0. 0. 0. 0 0
6.582 1 ATTITUDE 0.029738 0.627563 0.08868
6.683 1 ATTITUDE 0.02975 0.627469 0.088634
6.769 1 NAVIGATION 5 1 0. 0. 0. 0. 0 0
6.783 1 ATTITUDE 0.029792 0.627583 0.088602
6.885 1 ATTITUDE 0.0298 0.627284 0.088582
6.887 1 ESTIMATOR 0. 0.
6.945 1 DOWNLINK_STATUS 0 7 2489 123 0 346. 17. 42.59
6.982 1 ATTITUDE 0.02983 0.627467 0.088578
7.018 1 NAVIGATION 5 1 0. 0. 0. 0. 0 0
7.082 1 ATTITUDE 0.029815 0.627339 0.088621
7.182 1 ATTITUDE 0.029841 0.627149 0.088652
7.269 1 NAVIGATION 5 1 0. 0. 0. 0. 0 0
7.283 1 ATTITUDE 0.029906 0.627179 0.088672
7.365 1 COMMANDS 26,-2352,1288,-2352,-546,0
7.389 1 ATTITUDE 0.02987 0.62717 0.088633
7.395 1 GPS 0 0 0 0 0 0 0 0 0 0 1
7.465 1 ACTUATORS 1270,1635,1465,1487,1351
7.482 1 ATTITUDE 0.029882 0.627232 0.088584
7.518 1 NAVIGATION 5 1 0. 0. 0. 0. 0 0
7.582 1 ATTITUDE 0.029898 0.626554 0.088596
7.682 1 ATTITUDE 0.029902 0.6265 0.088596
7.769 1 NAVIGATION 5 1 0. 0. 0. 0. 0 0
7.784 1 ATTITUDE 0.029896 0.626558 0.088587
7.882 1 ATTITUDE 0.029917 0.62676 0.088603
7.945 1 DOWNLINK_STATUS 0 8 2842 140 0 353. 17. 42.59
7.982 1 ATTITUDE 0.029926 0.626731 0.088603
8.018 1 NAVIGATION 5 1 0. 0. 0. 0. 0 0
8.085 1 ATTITUDE 0.029993 0.626843 0.088528
8.087 1 ESTIMATOR 0. 0.
8.182 1 ATTITUDE 0.030006 0.626773 0.088506
8.270 1 FBW_STATUS 0 52 0 67 0
8.274 1 NAVIGATION 5 1 0. 0. 0. 0. 0 0
8.287 1 ATTITUDE 0.02993 0.626777 0.088506
8.389 1 ATTITUDE 0.029947 0.626594 0.088519
8.395 1 GPS 0 0 0 0 0 0 0 0 0 0 1
8.483 1 ATTITUDE 0.029973 0.626505 0.088499
8.518 1 NAVIGATION 5 1 0. 0. 0. 0. 0 0
8.582 1 ATTITUDE 0.029988 0.626516 0.088487
8.682 1 ATTITUDE 0.030067 0.626468 0.088501
8.768 1 NAVIGATION 5 1 0. 0. 0. 0. 0 0
8.784 1 ATTITUDE 0.030115 0.626196 0.088473
8.882 1 ATTITUDE 0.030134 0.626309 0.088477
8.945 1 DOWNLINK_STATUS 0 9 3188 157 0 346. 17. 42.59
8.981 1 ATTITUDE 0.030166 0.626065 0.088497
9.019 1 NAVIGATION 5 1 0. 0. 0. 0. 0 0
9.082 1 ATTITUDE 0.030263 0.626032 0.088538
9.182 1 ATTITUDE 0.030325 0.626255 0.088558
9.268 1 NAVIGATION 5 1 0. 0. 0. 0. 0 0
9.285 1 ATTITUDE 0.030338 0.626145 0.088562
9.287 1 ESTIMATOR 0. 0.
9.389 1 ATTITUDE 0.030376 0.626148 0.088569
9.395 1 GPS 0 0 0 0 0 0 0 0 0 0 1
9.482 1 ATTITUDE 0.030383 0.626065 0.088548
9.519 1 NAVIGATION 5 1 0. 0. 0. 0. 0 0
9.581 1 ATTITUDE 0.030409 0.626019 0.088568
9.682 1 ATTITUDE 0.030446 0.626082 0.088641
9.768 1 NAVIGATION 5 1 0. 0. 0. 0. 0 0
9.783 1 ATTITUDE 0.030502 0.626051 0.088647
9.882 1 ATTITUDE 0.030555 0.626064 0.088603
9.945 1 DOWNLINK_STATUS 0 10 3519 173 0 331. 16. 42.59
9.982 1 ATTITUDE 0.030617 0.626298 0.08857
10.018 1 NAVIGATION 5 1 0. 0. 0. 0. 0 0
10.082 1 ATTITUDE 0.030636 0.626468 0.08854
10.181 1 ATTITUDE 0.030672 0.626355 0.088531
10.269 1 FBW_STATUS 0 50 0 67 0
10.274 1 NAVIGATION 5 1 0. 0. 0. 0. 0 0
10.286 1 ATTITUDE 0.030742 0.62661 0.088511
10.389 1 ATTITUDE 0.030773 0.626362 0.088494
10.395 1 GPS 0 0 0 0 0 0 0 0 0 0 1
10.486 1 ATTITUDE 0.03084 0.626151 0.088484
10.489 1 ESTIMATOR 0. 0.
10.490 1 PONG 
10.518 1 NAVIGATION 5 1 0. 0. 0. 0. 0 0
10.585 1 ATTITUDE 0.030898 0.626224 0.088521
10.587 1 PPRZ_MODE 0 1 2 0 0 17
10.682 1 ATTITUDE 0.030984 0.626078 0.088529
10.769 1 NAVIGATION 5 1 0. 0. 0. 0. 0 0
10.783 1 ATTITUDE 0.031048 0.626136 0.08857
10.882 1 ATTITUDE 0.031068 0.626058 0.088576
10.946 1 DOWNLINK_STATUS 0 11 3883 192 0 364. 19. 47.59
10.982 1 ATTITUDE 0.031169 0.625788 0.088551
11.018 1 NAVIGATION 5 1 0. 0. 0. 0. 0 0
11.082 1 ATTITUDE 0.031261 0.625967 0.088557
11.182 1 ATTITUDE 0.031321 0.625838 0.088575
11.268 1 NAVIGATION 5 1 0. 0. 0. 0. 0 0
11.284 1 ATTITUDE 0.031355 0.625669 0.088578
11.389 1 ATTITUDE 0.031416 0.626035 0.088563
11.395 1 GPS 0 0 0 0 0 0 0 0 0 0 1
11.482 1 ATTITUDE 0.031437 0.626195 0.088588
11.518 1 NAVIGATION 5 1 0. 0. 0. 0. 0 0
11.582 1 ATTITUDE 0.031482 0.626065 0.088579
11.685 1 ATTITUDE 0.031493 0.625991 0.088566
11.687 1 ESTIMATOR 0. 0.
11.768 1 NAVIGATION 5 1 0. 0. 0. 0. 0 0
11.783 1 ATTITUDE 0.031509 0.625885 0.088586
11.882 1 ATTITUDE 0.03154 0.626102 0.088585
11.946 1 DOWNLINK_STATUS 0 12 4214 208 0 331. 16. 47.59
11.981 1 ATTITUDE 0.031571 0.626095 0.088612
12.019 1 NAVIGATION 5 1 0. 0. 0. 0. 0 0
12.082 1 ATTITUDE 0.031637 0.626036 0.088593
12.182 1 ATTITUDE 0.031675 0.626109 0.08859
12.269 1 FBW_STATUS 0 48 0 67 0
12.274 1 NAVIGATION 5 1 0. 0. 0. 0. 0 0
12.286 1 ATTITUDE 0.031698 0.625929 0.088591
12.365 1 COMMANDS 26,-2366,1288,-2366,-560,0
12.389 1 ATTITUDE 0.031679 0.626101 0.088593
12.395 1 GPS 0 0 0 0 0 0 0 0 0 0 1
12.465 1 ACTUATORS 1270,1635,1465,1487,1351
12.482 1 ATTITUDE 0.031736 0.626455 0.08861
12.518 1 NAVIGATION 5 1 0. 0. 0. 0. 0 0
12.581 1 ATTITUDE 0.031766 0.62639 0.088624
12.682 1 ATTITUDE 0.031823 0.626901 0.088612
12.768 1 NAVIGATION 5 1 0. 0. 0. 0. 0 0
12.783 1 ATTITUDE 0.031864 0.626741 0.08861
12.889 1 ATTITUDE 0.031859 0.626779 0.088584
12.892 1 ESTIMATOR 0. 0.
12.895 1 BAT 26 67 0 0 1 7 7 0
12.946 1 DOWNLINK_STATUS 0 13 4617 228 0 403. 20. 47.59
12.982 1 ATTITUDE 0.031842 0.626673 0.088574
13.018 1 NAVIGATION 5 1 0. 0. 0. 0. 0 0
13.082 1 ATTITUDE 0.031836 0.626769 0.088658
13.186 1 ATTITUDE 0.031851 0.626719 0.088684
13.191 1 ALIVE 63,108,16,232,75,97,60,32,172,119,33,165,254,7,149,72
13.268 1 NAVIGATION 5 1 0. 0. 0. 0. 0 0
13.284 1 ATTITUDE 0.03186 0.626515 0.088647
13.389 1 ATTITUDE 0.031873 0.626739 0.08862
13.394 1 GPS 0 0 0 0 0 0 0 0 0 0 1
13.419 1 WIND_INFO 1 42 0. 0. 0.
13.482 1 ATTITUDE 0.031841 0.626628 0.08859
13.518 1 NAVIGATION 5 1 0. 0. 0. 0. 0 0
13.582 1 ATTITUDE 0.031844 0.626844 0.088583
13.684 1 ATTITUDE 0.03187 0.626754 0.088604
13.686 1 DOWNLINK 0 352 379
13.769 1 NAVIGATION 5 1 0. 0. 0. 0. 0 0
13.783 1 ATTITUDE 0.031876 0.626669 0.088526
13.881 1 ATTITUDE 0.031851 0.626566 0.088516
13.947 1 DOWNLINK_STATUS 0 14 4968 245 0 351. 17. 47.59
13.985 1 ATTITUDE 0.03182 0.626649 0.088512
13.988 1 GPS_SOL 0 0 0 0
14.018 1 NAVIGATION 5 1 0. 0. 0. 0. 0 0
14.085 1 ATTITUDE 0.031844 0.626713 0.088553
14.087 1 ESTIMATOR 0. 0.
14.182 1 ATTITUDE 0.031862 0.62705 0.088541
14.270 1 FBW_STATUS 0 47 0 67 0
14.274 1 NAVIGATION 5 1 0. 0. 0. 0. 0 0
14.287 1 ATTITUDE 0.031866 0.627128 0.088537
14.388 1 ATTITUDE 0.03189 0.62692 0.088565
14.395 1 GPS 0 0 0 0 0 0 0 0 0 0 1
14.481 1 ATTITUDE 0.031882 0.627062 0.08858
14.518 1 NAVIGATION 5 1 0. 0. 0. 0. 0 0
14.582 1 ATTITUDE 0.031898 0.627235 0.088614
14.682 1 ATTITUDE 0.031879 0.627112 0.088606
14.768 1 NAVIGATION 5 1 0. 0. 0. 0. 0 0
14.783 1 ATTITUDE 0.03192 0.627018 0.08858
14.881 1 ATTITUDE 0.03196 0.627184 0.088563
14.947 1 DOWNLINK_STATUS 0 15 5331 263 0 363. 18. 47.59
14.981 1 ATTITUDE 0.03197 0.626987 0.088519
15.018 1 NAVIGATION 5 1 0. 0. 0. 0. 0 0
15.081 1 ATTITUDE 0.031973 0.626951 0.088522
15.184 1 ATTITUDE 0.031951 0.626723 0.088502
15.186 1 PPRZ_MODE 0 1 2 0 0 0
15.268 1 NAVIGATION 5 1 0. 0. 0. 0. 0 0
15.285 1 ATTITUDE 0.031946 0.62688 0.088551
15.287 1 ESTIMATOR 0. 0.
15.389 1 ATTITUDE 0.031954 0.626854 0.088579
15.395 1 GPS 0 0 0 0 0 0 0 0 0 0 1
15.481 1 ATTITUDE 0.031946 0.625757 0.088624
15.495 1 PONG 
15.517 1 NAVIGATION 5 1 0. 0. 0. 0. 0 0
15.581 1 ATTITUDE 0.031954 0.625942 0.088687
15.684 1 ATTITUDE 0.031978 0.625929 0.088659
15.686 1 PPRZ_MODE 0 1 2 0 0 6
15.768 1 NAVIGATION 5 1 0. 0. 0. 0. 0 0
15.783 1 ATTITUDE 0.031942 0.625597 0.088627
15.882 1 ATTITUDE 0.031839 0.625677 0.088715
15.947 1 DOWNLINK_STATUS 0 16 5692 282 0 361. 19. 52.57
15.982 1 ATTITUDE 0.031772 0.625451 0.0887
16.018 1 NAVIGATION 5 1 0. 0. 0. 0. 0 0
16.081 1 ATTITUDE 0.031772 0.625305 0.088644
16.181 1 ATTITUDE 0.031753 0.625463 0.088579
16.269 1 FBW_STATUS 2 0 1 67 0
16.274 1 NAVIGATION 5 1 0. 0. 0. 0. 0 0
16.286 1 ATTITUDE 0.031785 0.625259 0.088601
16.389 1 ATTITUDE 0.031855 0.625211 0.088634
16.395 1 GPS 0 0 0 0 0 0 0 0 0 0 1
16.485 1 ATTITUDE 0.031858 0.624952 0.088667
16.487 1 ESTIMATOR 0. 0.
16.518 1 NAVIGATION 5 1 0. 0. 0. 0. 0 0
16.584 1 ATTITUDE 0.031898 0.624961 0.088639
16.586 1 PPRZ_MODE 0 1 2 0 0 6
16.681 1 ATTITUDE 0.031934 0.624951 0.088646
16.768 1 NAVIGATION 5 1 0. 0. 0. 0. 0 0
16.783 1 ATTITUDE 0.03199 0.624711 0.088674
16.882 1 ATTITUDE 0.031968 0.624385 0.088706
16.947 1 DOWNLINK_STATUS 0 17 6050 300 0 358. 18. 52.57
16.982 1 ATTITUDE 0.032009 0.624371 0.088718
17.018 1 NAVIGATION 5 1 0. 0. 0. 0. 0 0
17.081 1 ATTITUDE 0.031972 0.62417 0.088699
17.181 1 ATTITUDE 0.031961 0.623842 0.088669
17.268 1 NAVIGATION 5 1 0. 0. 0. 0. 0 0
17.283 1 ATTITUDE 0.031992 0.623882 0.088663
17.365 1 COMMANDS 26,9600,-749,0,-560,0
17.388 1 ATTITUDE 0.032036 0.623686 0.088646
17.394 1 GPS 0 0 0 0 0 0 0 0 0 0 1
17.464 1 ACTUATORS 1270,1535,1800,1800,1351
17.481 1 ATTITUDE 0.032067 0.623483 0.088655
17.518 1 NAVIGATION 5 1 0. 0. 0. 0. 0 0
17.582 1 ATTITUDE 0.032109 0.623495 0.088635
17.684 1 ATTITUDE 0.032107 0.623251 0.088699
17.686 1 ESTIMATOR 0. 0.
17.767 1 NAVIGATION 5 1 0. 0. 0. 0. 0 0
17.783 1 ATTITUDE 0.032116 0.623389 0.088668
17.881 1 ATTITUDE 0.032136 0.623431 0.088682
17.948 1 DOWNLINK_STATUS 0 18 6417 318 0 367. 18. 52.57
17.981 1 ATTITUDE 0.032155 0.623257 0.088666
18.018 1 NAVIGATION 5 1 0. 0. 0. 0. 0 0
18.082 1 ATTITUDE 0.032149 0.623435 0.088679
18.182 1 ATTITUDE 0.032131 0.623212 0.088705
18.271 1 NAVIGATION 5 1 0. 0. 0. 0. 0 0
18.273 1 FBW_STATUS 2 0 1 67 0
18.285 1 ATTITUDE 0.032142 0.623002 0.088681
18.388 1 ATTITUDE 0.03216 0.622736 0.08869
18.394 1 GPS 0 0 0 0 0 0 0 0 0 0 1
18.481 1 ATTITUDE 0.032098 0.622578 0.088687
18.518 1 NAVIGATION 5 1 0. 0. 0. 0. 0 0
18.581 1 ATTITUDE 0.03208 0.622517 0.08869
18.682 1 ATTITUDE 0.032023 0.62228 0.088668
18.768 1 NAVIGATION 5 1 0. 0. 0. 0. 0 0
18.782 1 ATTITUDE 0.03204 0.621938 0.088658
18.884 1 ATTITUDE 0.032035 0.622335 0.088638
18.886 1 ESTIMATOR 0. 0.
18.948 1 DOWNLINK_STATUS 0 19 6763 335 0 346. 17. 52.57
18.981 1 ATTITUDE 0.032018 0.62205 0.088676
19.017 1 NAVIGATION 5 1 0. 0. 0. 0. 0 0
19.081 1 ATTITUDE 0.032031 0.621762 0.088654
19.182 1 ATTITUDE 0.032035 0.62189 0.088703
19.268 1 NAVIGATION 5 1 0. 0. 0. 0. 0 0
19.283 1 ATTITUDE 0.032022 0.621492 0.088693
19.389 1 ATTITUDE 0.032018 0.621734 0.088694
19.395 1 GPS 0 0 0 0 0 0 0 0 0 0 1
19.481 1 ATTITUDE 0.031999 0.621836 0.088723
19.517 1 NAVIGATION 5 1 0. 0. 0. 0. 0 0
19.581 1 ATTITUDE 0.03201 0.621812 0.088662
19.681 1 ATTITUDE 0.031966 0.621912 0.088698
19.768 1 NAVIGATION 5 1 0. 0. 0. 0. 0 0
19.783 1 ATTITUDE 0.031958 0.621728 0.088681
19.882 1 ATTITUDE 0.031913 0.621503 0.088673
19.948 1 DOWNLINK_STATUS 0 20 7080 350 0 317. 15. 52.57
19.981 1 ATTITUDE 0.03189 0.621706 0.08866
20.017 1 NAVIGATION 5 1 0. 0. 0. 0. 0 0
20.084 1 ATTITUDE 0.031873 0.621766 0.088675
20.086 1 ESTIMATOR 0. 0.
20.181 1 ATTITUDE 0.03187 0.621455 0.088657
20.269 1 FBW_STATUS 2 0 1 67 0
20.273 1 NAVIGATION 5 1 0. 0. 0. 0. 0 0
20.286 1 ATTITUDE 0.031863 0.621416 0.088587
20.388 1 ATTITUDE 0.031836 0.621203 0.088579
20.394 1 GPS 0 0 0 0 0 0 0 0 0 0 1
20.482 1 ATTITUDE 0.031837 0.620991 0.088579
20.495 1 PONG 
20.518 1 NAVIGATION 5 1 0. 0. 0. 0. 0 0
20.581 1 ATTITUDE 0.031852 0.621142 0.088567
20.681 1 ATTITUDE 0.031811 0.620852 0.088571
20.767 1 NAVIGATION 5 1 0. 0. 0. 0. 0 0
20.783 1 ATTITUDE 0.03176 0.62089 0.088559
20.881 1 ATTITUDE 0.031708 0.620581 0.088533
20.948 1 DOWNLINK_STATUS 0 21 7432 368 0 352. 18. 52.4
20.981 1 ATTITUDE 0.031722 0.620227 0.088481
21.018 1 NAVIGATION 5 1 0. 0. 0. 0. 0 0
21.082 1 ATTITUDE 0.031701 0.620142 0.088484
21.181 1 ATTITUDE 0.031719 0.61979 0.088476
21.268 1 NAVIGATION 5 1 0. 0. 0. 0. 0 0
21.284 1 ATTITUDE 0.031761 0.619545 0.088459
21.287 1 ESTIMATOR 0. 0.
21.388 1 ATTITUDE 0.031789 0.619439 0.088452
21.394 1 GPS 0 0 0 0 0 0 0 0 0 0 1
21.481 1 ATTITUDE 0.031852 0.619523 0.088471
21.518 1 NAVIGATION 5 1 0. 0. 0. 0. 0 0
21.582 1 ATTITUDE 0.03186 0.619616 0.088498
21.681 1 ATTITUDE 0.03191 0.619529 0.088544
21.767 1 NAVIGATION 5 1 0. 0. 0. 0. 0 0
21.783 1 ATTITUDE 0.031888 0.619456 0.088491
21.881 1 ATTITUDE 0.031966 0.619621 0.088475
21.949 1 DOWNLINK_STATUS 0 22 7763 384 0 331. 16. 52.4
21.981 1 ATTITUDE 0.032006 0.619236 0.088458
22.018 1 NAVIGATION 5 1 0. 0. 0. 0. 0 0
22.081 1 ATTITUDE 0.032029 0.619228 0.08843
22.182 1 ATTITUDE 0.032015 0.619089 0.088429
22.268 1 FBW_STATUS 2 0 1 67 0
22.273 1 NAVIGATION 5 1 0. 0. 0. 0. 0 0
22.285 1 ATTITUDE 0.032057 0.618726 0.088443
22.364 1 COMMANDS 26,9600,-748,0,-560,0
22.388 1 ATTITUDE 0.032118 0.618692 0.08843
22.394 1 GPS 0 0 0 0 0 0 0 0 0 0 1
22.464 1 ACTUATORS 1270,1535,1800,1800,1351
22.484 1 ATTITUDE 0.03208 0.618873 0.08842
22.487 1 ESTIMATOR 0. 0.
22.518 1 NAVIGATION 5 1 0. 0. 0. 0. 0 0
22.584 1 ATTITUDE 0.032049 0.618813 0.088428
22.586 1 PPRZ_MODE 0 1 2 0 0 6
22.682 1 ATTITUDE 0.032042 0.618607 0.088465
22.767 1 NAVIGATION 5 1 0. 0. 0. 0. 0 0
22.782 1 ATTITUDE 0.0321 0.618302 0.088425
22.881 1 ATTITUDE 0.032153 0.618079 0.088361
22.949 1 DOWNLINK_STATUS 0 23 8157 404 0 394. 20. 52.4
22.985 1 ATTITUDE 0.032211 0.617958 0.088356
22.989 1 BAT 26 67 0 0 1 17 17 0
23.017 1 NAVIGATION 5 1 0. 0. 0. 0. 0 0
23.081 1 ATTITUDE 0.032228 0.618346 0.088335
23.181 1 ATTITUDE 0.032219 0.61828 0.088332
23.268 1 NAVIGATION 5 1 0. 0. 0. 0. 0 0
23.283 1 ATTITUDE 0.032266 0.618062 0.088334
23.393 1 ATTITUDE 0.032315 0.618143 0.088305
23.398 1 GPS 0 0 0 0 0 0 0 0 0 0 1
23.402 1 ALIVE 63,108,16,232,75,97,60,32,172,119,33,165,254,7,149,72
23.420 1 WIND_INFO 1 42 0. 0. 0.
23.481 1 ATTITUDE 0.032354 0.618131 0.088282
23.517 1 NAVIGATION 5 1 0. 0. 0. 0. 0 0
23.581 1 ATTITUDE 0.032373 0.618124 0.088295
23.684 1 ATTITUDE 0.032393 0.618261 0.088267
23.687 1 ESTIMATOR 0. 0.
23.767 1 NAVIGATION 5 1 0. 0. 0. 0. 0 0
23.783 1 ATTITUDE 0.032453 0.618171 0.088263
23.881 1 ATTITUDE 0.032442 0.618012 0.088201
23.949 1 DOWNLINK_STATUS 0 24 8532 422 0 375. 18. 52.4
23.981 1 ATTITUDE 0.032453 0.617943 0.088245
24.017 1 NAVIGATION 5 1 0. 0. 0. 0. 0 0
24.083 1 ATTITUDE 0.032474 0.617854 0.088211
24.085 1 DOWNLINK 0 355 563
24.181 1 ATTITUDE 0.032456 0.617832 0.088206
24.269 1 FBW_STATUS 2 0 1 67 0
24.273 1 NAVIGATION 5 1 0. 0. 0. 0. 0 0
24.286 1 ATTITUDE 0.032452 0.617998 0.088191
24.388 1 ATTITUDE 0.032459 0.617756 0.088208
24.394 1 GPS 0 0 0 0 0 0 0 0 0 0 1
24.485 1 ATTITUDE 0.032491 0.617541 0.08822
24.488 1 GPS_SOL 0 0 0 0
24.518 1 NAVIGATION 5 1 0. 0. 0. 0. 0 0
24.581 1 ATTITUDE 0.032502 0.61737 0.088184
24.681 1 ATTITUDE 0.032515 0.616901 0.088212
24.767 1 NAVIGATION 5 1 0. 0. 0. 0. 0 0
24.783 1 ATTITUDE 0.03253 0.61683 0.088239
24.884 1 ATTITUDE 0.032551 0.616999 0.088234
24.887 1 ESTIMATOR 0. 0.
24.949 1 DOWNLINK_STATUS 0 25 8906 441 0 374. 19. 52.4
24.981 1 ATTITUDE 0.032597 0.61674 0.088237
25.017 1 NAVIGATION 5 1 0. 0. 0. 0. 0 0
25.081 1 ATTITUDE 0.032584 0.616937 0.088254
25.181 1 ATTITUDE 0.032565 0.616709 0.088232
25.267 1 NAVIGATION 5 1 0. 0. 0. 0. 0 0
25.282 1 ATTITUDE 0.032583 0.616525 0.088225
25.388 1 ATTITUDE 0.032627 0.616572 0.088236
25.394 1 GPS 0 0 0 0 0 0 0 0 0 0 1
25.481 1 ATTITUDE 0.032614 0.616625 0.088269
25.495 1 PONG 
25.517 1 NAVIGATION 5 1 0. 0. 0. 0. 0 0
25.581 1 ATTITUDE 0.03259 0.616931 0.088251
25.681 1 ATTITUDE 0.03254 0.616825 0.088216
25.767 1 NAVIGATION 5 1 0. 0. 0. 0. 0 0
25.782 1 ATTITUDE 0.032568 0.616604 0.088221
25.881 1 ATTITUDE 0.032566 0.616906 0.088206
25.950 1 DOWNLINK_STATUS 0 26 9229 457 0 323. 16. 51.58
25.981 1 ATTITUDE 0.032569 0.61683 0.088187
26.017 1 NAVIGATION 5 1 0. 0. 0. 0. 0 0
26.084 1 ATTITUDE 0.032596 0.616715 0.08813
26.086 1 ESTIMATOR 0. 0.
26.181 1 ATTITUDE 0.032591 0.616604 0.088127
26.268 1 FBW_STATUS 2 0 1 67 0
26.272 1 NAVIGATION 5 1 0. 0. 0. 0. 0 0
26.285 1 ATTITUDE 0.032617 0.616388 0.088156
26.388 1 ATTITUDE 0.03262 0.616168 0.088142
26.393 1 GPS 0 0 0 0 0 0 0 0 0 0 1
26.481 1 ATTITUDE 0.032565 0.61604 0.088148
26.517 1 NAVIGATION 5 1 0. 0. 0. 0. 0 0
26.581 1 ATTITUDE 0.032546 0.61587 0.088131
26.681 1 ATTITUDE 0.03254 0.61585 0.088112
26.768 1 NAVIGATION 5 1 0. 0. 0. 0. 0 0
26.783 1 ATTITUDE 0.032525 0.615645 0.08809
26.880 1 ATTITUDE 0.0325 0.615414 0.088056
26.950 1 DOWNLINK_STATUS 0 27 9575 474 0 346. 17. 51.58
26.981 1 ATTITUDE 0.032494 0.61558 0.088064
27.017 1 NAVIGATION 5 1 0. 0. 0. 0. 0 0
27.081 1 ATTITUDE 0.032487 0.615702 0.088038
27.181 1 ATTITUDE 0.03245 0.61539 0.088024
27.267 1 NAVIGATION 5 1 0. 0. 0. 0. 0 0
27.284 1 ATTITUDE 0.032397 0.615324 0.088023
27.287 1 ESTIMATOR 0. 0.
27.365 1 COMMANDS 26,9600,-748,0,-560,0
27.388 1 ATTITUDE 0.032347 0.61516 0.088016
27.394 1 GPS 0 0 0 0 0 0 0 0 0 0 1
27.463 1 ACTUATORS 1270,1535,1800,1800,1351
27.480 1 ATTITUDE 0.03229 0.615066 0.088025
27.517 1 NAVIGATION 5 1 0. 0. 0. 0. 0 0
27.581 1 ATTITUDE 0.032218 0.615497 0.088007
27.681 1 ATTITUDE 0.032236 0.615379 0.088
27.767 1 NAVIGATION 5 1 0. 0. 0. 0. 0 0
27.782 1 ATTITUDE 0.032249 0.615593 0.087967
27.881 1 ATTITUDE 0.032241 0.615422 0.087953
27.950 1 DOWNLINK_STATUS 0 28 9942 492 0 367. 18. 51.58
27.980 1 ATTITUDE 0.0322 0.615289 0.087961
28.017 1 NAVIGATION 5 1 0. 0. 0. 0. 0 0
28.080 1 ATTITUDE 0.032179 0.61575 0.08794
28.181 1 ATTITUDE 0.0322 0.615505 0.087913
28.268 1 FBW_STATUS 2 0 1 67 0
28.273 1 NAVIGATION 5 1 0. 0. 0. 0. 0 0
28.285 1 ATTITUDE 0.032174 0.615365 0.087893
28.388 1 ATTITUDE 0.032129 0.615207 0.087884
28.394 1 GPS 0 0 0 0 0 0 0 0 0 0 1
28.484 1 ATTITUDE 0.032101 0.615085 0.087894
28.486 1 ESTIMATOR 0. 0.
28.517 1 NAVIGATION 5 1 0. 0. 0. 0. 0 0
28.584 1 ATTITUDE 0.032149 0.615004 0.087865
28.586 1 PPRZ_MODE 0 1 2 0 0 6
28.680 1 ATTITUDE 0.032177 0.6147 0.087851
28.767 1 NAVIGATION 5 1 0. 0. 0. 0. 0 0
28.782 1 ATTITUDE 0.032188 0.614469 0.087829
28.881 1 ATTITUDE 0.032153 0.614585 0.087802
28.950 1 DOWNLINK_STATUS 0 29 10300 510 0 358. 18. 51.58
28.981 1 ATTITUDE 0.032203 0.614283 0.087801
29.017 1 NAVIGATION 5 1 0. 0. 0. 0. 0 0
29.081 1 ATTITUDE 0.032187 0.613962 0.087799
29.180 1 ATTITUDE 0.032215 0.613821 0.087794
29.267 1 NAVIGATION 5 1 0. 0. 0. 0. 0 0
29.282 1 ATTITUDE 0.032222 0.613549 0.0878
29.388 1 ATTITUDE 0.032225 0.613946 0.087824
29.393 1 GPS 0 0 0 0 0 0 0 0 0 0 1
29.481 1 ATTITUDE 0.03222 0.614083 0.087814
29.517 1 NAVIGATION 5 1 0. 0. 0. 0. 0 0
29.581 1 ATTITUDE 0.032272 0.614036 0.087872
29.684 1 ATTITUDE 0.032325 0.6143 0.087852
29.686 1 ESTIMATOR 0. 0.
29.767 1 NAVIGATION 5 1 0. 0. 0. 0. 0 0
29.782 1 ATTITUDE 0.032326 0.614129 0.087802
29.880 1 ATTITUDE 0.032399 0.614147 0.087769
29.951 1 DOWNLINK_STATUS 0 30 10631 526 0 331. 16. 51.58
29.981 1 ATTITUDE 0.032405 0.614135 0.087781
30.017 1 NAVIGATION 5 1 0. 0. 0. 0. 0 0
30.081 1 ATTITUDE 0.032454 0.6142 0.087747
30.181 1 ATTITUDE 0.032482 0.6142 0.087736
30.270 1 NAVIGATION 5 1 0. 0. 0. 0. 0 0
30.273 1 FBW_STATUS 2 0 1 67 0
30.286 1 ATTITUDE 0.032495 0.613991 0.08768
30.387 1 ATTITUDE 0.03255 0.612809 0.087672
30.393 1 GPS 0 0 0 0 0 0 0 0 0 0 1
30.482 1 ATTITUDE 0.03259 0.612567 0.087648
30.495 1 PONG 
30.517 1 NAVIGATION 5 1 0. 0. 0. 0. 0 0
30.581 1 ATTITUDE 0.032605 0.612869 0.08764
30.681 1 ATTITUDE 0.032608 0.61277 0.087628
30.767 1 NAVIGATION 5 1 0. 0. 0. 0. 0 0
30.782 1 ATTITUDE 0.032645 0.612709 0.087611
30.884 1 ATTITUDE 0.032615 0.612361 0.087575
30.885 1 ESTIMATOR 0. 0.
30.951 1 DOWNLINK_STATUS 0 31 10983 544 0 352. 18. 51.58
30.980 1 ATTITUDE 0.032702 0.612346 0.08761
31.017 1 NAVIGATION 5 1 0. 0. 0. 0. 0 0
31.083 1 ATTITUDE 0.032734 0.612324 0.087589
31.085 1 PPRZ_MODE 0 1 2 0 0 17
31.181 1 ATTITUDE 0.032778 0.612253 0.08755
31.267 1 NAVIGATION 5 1 0. 0. 0. 0. 0 0
31.282 1 ATTITUDE 0.032669 0.612131 0.087437
31.388 1 ATTITUDE 0.032753 0.611711 0.087387
31.394 1 GPS 0 0 0 0 0 0 0 0 0 0 1
31.480 1 ATTITUDE 0.032699 0.611841 0.087363
31.517 1 NAVIGATION 5 1 0. 0. 0. 0. 0 0
31.580 1 ATTITUDE 0.032532 0.612198 0.087353
31.680 1 ATTITUDE 0.032519 0.612207 0.087352
31.767 1 NAVIGATION 5 1 0. 0. 0. 0. 0 0
31.782 1 ATTITUDE 0.032486 0.612286 0.087394
31.881 1 ATTITUDE 0.032455 0.612447 0.087415
31.951 1 DOWNLINK_STATUS 0 32 11312 560 0 329. 16. 51.58
31.981 1 ATTITUDE 0.032496 0.612361 0.087454
32.017 1 NAVIGATION 5 1 0. 0. 0. 0. 0 0
32.083 1 ATTITUDE 0.032525 0.612516 0.087436
32.085 1 ESTIMATOR 0. 0.
32.180 1 ATTITUDE 0.03248 0.612601 0.087455
32.268 1 FBW_STATUS 0 50 0 67 0
32.272 1 NAVIGATION 5 1 0. 0. 0. 0. 0 0
32.285 1 ATTITUDE 0.032477 0.612764 0.08751
32.364 1 COMMANDS 397,-2296,1232,-2296,-3374,0
32.388 1 ATTITUDE 0.0325 0.612885 0.087491
32.393 1 GPS 0 0 0 0 0 0 0 0 0 0 1
32.463 1 ACTUATORS 1244,1633,1467,1490,1386
32.481 1 ATTITUDE 0.03248 0.612893 0.087466
32.517 1 NAVIGATION 5 1 0. 0. 0. 0. 0 0
32.581 1 ATTITUDE 0.032471 0.612868 0.087516
32.680 1 ATTITUDE 0.032451 0.612777 0.087497
32.766 1 NAVIGATION 5 1 0. 0. 0. 0. 0 0
32.782 1 ATTITUDE 0.032426 0.612607 0.087465
32.880 1 ATTITUDE 0.032442 0.612795 0.087442
32.951 1 DOWNLINK_STATUS 0 33 11694 579 0 382. 19. 51.58
32.981 1 ATTITUDE 0.03242 0.612679 0.087443
33.017 1 NAVIGATION 5 1 0. 0. 0. 0. 0 0
33.085 1 ATTITUDE 0.032407 0.612757 0.087393
33.089 1 BAT 600 67 0 0 1 27 27 0
33.181 1 ATTITUDE 0.03243 0.612695 0.08742
33.267 1 NAVIGATION 5 1 0. 0. 0. 0. 0 0
33.283 1 ATTITUDE 0.032422 0.61263 0.087391
33.285 1 ESTIMATOR 0. 0.
33.387 1 ATTITUDE 0.032416 0.612728 0.087374
33.393 1 GPS 0 0 0 0 0 0 0 0 0 0 1
33.420 1 WIND_INFO 1 42 0. 0. 0.
33.480 1 ATTITUDE 0.032422 0.612701 0.08734
33.517 1 NAVIGATION 5 1 0. 0. 0. 0. 0 0
33.585 1 ATTITUDE 0.032442 0.613 0.087364
33.589 1 ALIVE 63,108,16,232,75,97,60,32,172,119,33,165,254,7,149,72
33.681 1 ATTITUDE 0.032428 0.613142 0.087354
33.767 1 NAVIGATION 5 1 0. 0. 0. 0. 0 0
33.782 1 ATTITUDE 0.03242 0.613199 0.087344
33.881 1 ATTITUDE 0.032409 0.61319 0.087337
33.952 1 DOWNLINK_STATUS 0 34 12069 597 0 375. 18. 51.58
33.980 1 ATTITUDE 0.032412 0.613303 0.087364
34.016 1 NAVIGATION 5 1 0. 0. 0. 0. 0 0
34.080 1 ATTITUDE 0.0324 0.613307 0.087363
34.181 1 ATTITUDE 0.032377 0.61334 0.087349
34.268 1 FBW_STATUS 0 52 0 67 0
34.273 1 NAVIGATION 5 1 0. 0. 0. 0. 0 0
34.285 1 ATTITUDE 0.032344 0.613713 0.087364
34.387 1 ATTITUDE 0.032333 0.613716 0.087359
34.394 1 GPS 0 0 0 0 0 0 0 0 0 0 1
34.485 1 ATTITUDE 0.032323 0.613643 0.087347
34.488 1 ESTIMATOR 0. 0.
34.490 1 DOWNLINK 0 355 746
34.516 1 NAVIGATION 5 1 0. 0. 0. 0. 0 0
34.583 1 ATTITUDE 0.032287 0.613551 0.087364
34.585 1 PPRZ_MODE 0 1 2 0 0 17
34.680 1 ATTITUDE 0.032286 0.613395 0.087312
34.767 1 NAVIGATION 5 1 0. 0. 0. 0. 0 0
34.782 1 ATTITUDE 0.032273 0.613464 0.087331
34.881 1 ATTITUDE 0.032305 0.613405 0.087367
34.953 1 DOWNLINK_STATUS 0 35 12438 616 0 369. 19. 51.58
34.984 1 ATTITUDE 0.032326 0.613462 0.08739
34.987 1 GPS_SOL 0 0 0 0
35.016 1 NAVIGATION 5 1 0. 0. 0. 0. 0 0
35.080 1 ATTITUDE 0.03236 0.613351 0.087424
35.180 1 ATTITUDE 0.03238 0.613263 0.087468
35.267 1 NAVIGATION 5 1 0. 0. 0. 0. 0 0
35.282 1 ATTITUDE 0.032399 0.613169 0.08746
35.388 1 ATTITUDE 0.032449 0.61344 0.087468
35.393 1 GPS 0 0 0 0 0 0 0 0 0 0 1
35.482 1 ATTITUDE 0.032459 0.613503 0.087512
35.496 1 PONG 
35.516 1 NAVIGATION 5 1 0. 0. 0. 0. 0 0
35.580 1 ATTITUDE 0.032521 0.613715 0.087456
35.683 1 ATTITUDE 0.032536 0.613732 0.087437
35.686 1 ESTIMATOR 0. 0.
35.767 1 NAVIGATION 5 1 0. 0. 0. 0. 0 0
35.782 1 ATTITUDE 0.032599 0.613781 0.087462
35.881 1 ATTITUDE 0.032651 0.614388 0.087487
35.954 1 DOWNLINK_STATUS 0 36 12792 634 0 354. 18. 52.5
35.980 1 ATTITUDE 0.032722 0.614413 0.087481
36.017 1 NAVIGATION 5 1 0. 0. 0. 0. 0 0
36.080 1 ATTITUDE 0.032765 0.614383 0.087414
36.180 1 ATTITUDE 0.032761 0.614639 0.0874
36.268 1 FBW_STATUS 0 46 0 67 0
36.272 1 NAVIGATION 5 1 0. 0. 0. 0. 0 0
36.285 1 ATTITUDE 0.032782 0.614524 0.087422
36.387 1 ATTITUDE 0.032821 0.614833 0.087413
36.393 1 GPS 0 0 0 0 0 0 0 0 0 0 1
36.481 1 ATTITUDE 0.032845 0.614994 0.087439
36.517 1 NAVIGATION 5 1 0. 0. 0. 0. 0 0
36.581 1 ATTITUDE 0.032915 0.615047 0.087448
36.681 1 ATTITUDE 0.032949 0.615198 0.087447
36.768 1 NAVIGATION 5 1 0. 0. 0. 0. 0 0
36.782 1 ATTITUDE 0.032995 0.615038 0.087425
36.883 1 ATTITUDE 0.033001 0.614862 0.087394
36.886 1 ESTIMATOR 0. 0.
36.954 1 DOWNLINK_STATUS 0 37 13138 651 0 346. 17. 52.5
36.980 1 ATTITUDE 0.03305 0.61476 0.087389
37.017 1 NAVIGATION 5 1 0. 0. 0. 0. 0 0
37.081 1 ATTITUDE 0.033062 0.614986 0.087378
37.180 1 ATTITUDE 0.033099 0.614938 0.087319
37.266 1 NAVIGATION 5 1 0. 0. 0. 0. 0 0
37.282 1 ATTITUDE 0.033121 0.614856 0.087327
37.364 1 COMMANDS 334,-2296,1232,-2296,-546,0
37.387 1 ATTITUDE 0.03317 0.614818 0.08733
37.393 1 GPS 0 0 0 0 0 0 0 0 0 0 1
37.463 1 ACTUATORS 1268,1633,1467,1490,1372
37.480 1 ATTITUDE 0.033163 0.615019 0.087346
37.517 1 NAVIGATION 5 1 0. 0. 0. 0. 0 0
37.580 1 ATTITUDE 0.03319 0.615844 0.087376
37.680 1 ATTITUDE 0.033232 0.615785 0.087427
37.766 1 NAVIGATION 5 1 0. 0. 0. 0. 0 0
37.781 1 ATTITUDE 0.033248 0.616099 0.0874
37.880 1 ATTITUDE 0.033274 0.616134 0.087445
37.955 1 DOWNLINK_STATUS 0 38 13491 668 0 353. 17. 52.5
37.980 1 ATTITUDE 0.03327 0.616353 0.087387
38.017 1 NAVIGATION 5 1 0. 0. 0. 0. 0 0
38.083 1 ATTITUDE 0.033308 0.616632 0.087387
38.086 1 ESTIMATOR 0. 0.
38.180 1 ATTITUDE 0.033332 0.616934 0.087359
38.268 1 FBW_STATUS 0 50 0 67 0
38.272 1 NAVIGATION 5 1 0. 0. 0. 0. 0 0
38.284 1 ATTITUDE 0.033328 0.617042 0.087368
38.387 1 ATTITUDE 0.033357 0.616922 0.087422
38.393 1 GPS 0 0 0 0 0 0 0 0 0 0 1
38.480 1 ATTITUDE 0.033347 0.616886 0.087469
38.516 1 NAVIGATION 5 1 0. 0. 0. 0. 0 0
38.580 1 ATTITUDE 0.033334 0.617097 0.087437
38.680 1 ATTITUDE 0.033381 0.616979 0.087436
38.767 1 NAVIGATION 5 1 0. 0. 0. 0. 0 0
38.781 1 ATTITUDE 0.033344 0.617047 0.087458
38.880 1 ATTITUDE 0.033382 0.617196 0.087489
38.956 1 DOWNLINK_STATUS 0 39 13837 685 0 346. 17. 52.5
38.980 1 ATTITUDE 0.033344 0.61694 0.087481
39.016 1 NAVIGATION 5 1 0. 0. 0. 0. 0 0
39.080 1 ATTITUDE 0.03335 0.616943 0.087481
39.180 1 ATTITUDE 0.033329 0.61687 0.087526
39.267 1 NAVIGATION 5 1 0. 0. 0. 0. 0 0
39.283 1 ATTITUDE 0.033324 0.616748 0.087513
39.285 1 ESTIMATOR 0. 0.
39.387 1 ATTITUDE 0.03333 0.617065 0.087491
39.393 1 GPS 0 0 0 0 0 0 0 0 0 0 1
39.480 1 ATTITUDE 0.033364 0.617193 0.087509
39.516 1 NAVIGATION 5 1 0. 0. 0. 0. 0 0
39.580 1 ATTITUDE 0.033408 0.617284 0.087567
39.680 1 ATTITUDE 0.03338 0.617505 0.087534
39.767 1 NAVIGATION 5 1 0. 0. 0. 0. 0 0
39.782 1 ATTITUDE 0.033356 0.6174 0.087575
39.880 1 ATTITUDE 0.033378 0.617539 0.08757
39.956 1 DOWNLINK_STATUS 0 40 14168 701 0 331. 16. 52.5
39.980 1 ATTITUDE 0.033404 0.617648 0.087598
40.016 1 NAVIGATION 5 1 0. 0. 0. 0. 0 0
40.080 1 ATTITUDE 0.033446 0.618023 0.087577
40.180 1 ATTITUDE 0.033442 0.618208 0.087578
40.270 1 FBW_STATUS 0 50 0 67 0
40.272 1 NAVIGATION 5 1 0. 0. 0. 0. 0 0
40.285 1 ATTITUDE 0.033417 0.618178 0.087592
40.387 1 ATTITUDE 0.033394 0.618419 0.087611
40.392 1 GPS 0 0 0 0 0 0 0 0 0 0 1
40.483 1 ATTITUDE 0.033399 0.618243 0.087657
40.486 1 ESTIMATOR 0. 0.
40.497 1 PONG 
40.517 1 NAVIGATION 5 1 0. 0. 0. 0. 0 0
40.582 1 ATTITUDE 0.033395 0.618584 0.08764
40.585 1 PPRZ_MODE 0 1 2 0 0 17
40.680 1 ATTITUDE 0.033381 0.618806 0.087643
40.766 1 NAVIGATION 5 1 0. 0. 0. 0. 0 0
40.782 1 ATTITUDE 0.033356 0.618808 0.087722
40.880 1 ATTITUDE 0.033401 0.618767 0.087716
40.956 1 DOWNLINK_STATUS 0 41 14532 720 0 364. 19. 52.47
40.980 1 ATTITUDE 0.033392 0.618824 0.087702
41.017 1 NAVIGATION 5 1 0. 0. 0. 0. 0 0
41.080 1 ATTITUDE 0.033395 0.618607 0.087737
41.180 1 ATTITUDE 0.033407 0.618424 0.087734
41.266 1 NAVIGATION 5 1 0. 0. 0. 0. 0 0
41.282 1 ATTITUDE 0.033412 0.618578 0.087761
41.387 1 ATTITUDE 0.03341 0.61857 0.087746
41.393 1 GPS 0 0 0 0 0 0 0 0 0 0 1
41.480 1 ATTITUDE 0.033373 0.618649 0.087726
41.516 1 NAVIGATION 5 1 0. 0. 0. 0. 0 0
41.580 1 ATTITUDE 0.033324 0.61898 0.087758
41.683 1 ATTITUDE 0.033289 0.618913 0.087759
41.685 1 ESTIMATOR 0. 0.
41.766 1 NAVIGATION 5 1 0. 0. 0. 0. 0 0
41.782 1 ATTITUDE 0.0334 0.619056 0.087781
41.880 1 ATTITUDE 0.033374 0.61928 0.087756
41.957 1 DOWNLINK_STATUS 0 42 14863 736 0 331. 16. 52.47
41.980 1 ATTITUDE 0.03332 0.619185 0.087768
42.017 1 NAVIGATION 5 1 0. 0. 0. 0. 0 0
42.080 1 ATTITUDE 0.033284 0.619385 0.08772
42.180 1 ATTITUDE 0.033267 0.619341 0.087695
42.267 1 FBW_STATUS 0 52 0 67 0
42.273 1 NAVIGATION 5 1 0. 0. 0. 0. 0 0
42.284 1 ATTITUDE 0.033287 0.619464 0.087695
42.363 1 COMMANDS 334,-2324,1246,-2324,-560,0
42.387 1 ATTITUDE 0.033322 0.619244 0.08772
42.393 1 GPS 0 0 0 0 0 0 0 0 0 0 1
42.463 1 ACTUATORS 1270,1634,1466,1489,1372
42.480 1 ATTITUDE 0.033323 0.619055 0.087755
42.516 1 NAVIGATION 5 1 0. 0. 0. 0. 0 0
42.580 1 ATTITUDE 0.033286 0.618993 0.08775
42.679 1 ATTITUDE 0.033295 0.618878 0.087784
42.766 1 NAVIGATION 5 1 0. 0. 0. 0. 0 0
42.781 1 ATTITUDE 0.033315 0.618775 0.087754
42.883 1 ATTITUDE 0.033323 0.618983 0.087776
42.885 1 ESTIMATOR 0. 0.
42.957 1 DOWNLINK_STATUS 0 43 15245 755 0 382. 19. 52.47
42.980 1 ATTITUDE 0.033351 0.618842 0.087768
43.016 1 NAVIGATION 5 1 0. 0. 0. 0. 0 0
43.080 1 ATTITUDE 0.033342 0.618641 0.087774
43.184 1 ATTITUDE 0.033362 0.618757 0.087808
43.187 1 BAT 334 67 0 0 1 37 37 0
43.267 1 NAVIGATION 5 1 0. 0. 0. 0. 0 0
43.281 1 ATTITUDE 0.033351 0.618535 0.087785
43.387 1 ATTITUDE 0.03336 0.618471 0.087809
43.392 1 GPS 0 0 0 0 0 0 0 0 0 0 1
43.420 1 WIND_INFO 1 42 0. 0. 0.
43.480 1 ATTITUDE 0.033326 0.618555 0.087799
43.516 1 NAVIGATION 5 1 0. 0. 0. 0. 0 0
43.580 1 ATTITUDE 0.033347 0.61866 0.087835
43.679 1 ATTITUDE 0.033402 0.618829 0.087878
43.767 1 NAVIGATION 5 1 0. 0. 0. 0. 0 0
43.784 1 ATTITUDE 0.03345 0.618791 0.087944
43.789 1 ALIVE 63,108,16,232,75,97,60,32,172,119,33,165,254,7,149,72
43.879 1 ATTITUDE 0.033497 0.618718 0.087918
43.958 1 DOWNLINK_STATUS 0 44 15606 772 0 361. 17. 52.47
43.980 1 ATTITUDE 0.033507 0.618966 0.087909
44.016 1 NAVIGATION 5 1 0. 0. 0. 0. 0 0
44.083 1 ATTITUDE 0.033501 0.619096 0.087928
44.085 1 ESTIMATOR 0. 0.
44.180 1 ATTITUDE 0.033451 0.618969 0.087942
44.268 1 FBW_STATUS 0 51 0 67 0
44.272 1 NAVIGATION 5 1 0. 0. 0. 0. 0 0
44.284 1 ATTITUDE 0.033444 0.619263 0.087909
44.386 1 ATTITUDE 0.033474 0.619143 0.087918
44.392 1 GPS 0 0 0 0 0 0 0 0 0 0 1
44.479 1 ATTITUDE 0.033472 0.618892 0.08792
44.516 1 NAVIGATION 5 1 0. 0. 0. 0. 0 0
44.580 1 ATTITUDE 0.03351 0.618909 0.087908
44.680 1 ATTITUDE 0.033606 0.618662 0.087928
44.766 1 NAVIGATION 5 1 0. 0. 0. 0. 0 0
44.782 1 ATTITUDE 0.033616 0.6187 0.087908
44.881 1 ATTITUDE 0.033659 0.618745 0.087902
44.883 1 DOWNLINK 0 352 927
44.959 1 DOWNLINK_STATUS 0 45 15963 790 0 357. 18. 52.47
44.979 1 ATTITUDE 0.033687 0.618653 0.087931
45.016 1 NAVIGATION 5 1 0. 0. 0. 0. 0 0
45.080 1 ATTITUDE 0.033743 0.618885 0.08793
45.180 1 ATTITUDE 0.033771 0.61867 0.087877
45.266 1 NAVIGATION 5 1 0. 0. 0. 0. 0 0
45.283 1 ATTITUDE 0.033769 0.618439 0.087887
45.285 1 ESTIMATOR 0. 0.
45.387 1 ATTITUDE 0.033811 0.618772 0.087848
45.393 1 GPS 0 0 0 0 0 0 0 0 0 0 1
45.483 1 ATTITUDE 0.033817 0.618909 0.087882
45.486 1 GPS_SOL 0 0 0 0
45.497 1 PONG 
45.518 1 NAVIGATION 5 1 0. 0. 0. 0. 0 0
45.579 1 ATTITUDE 0.03384 0.618888 0.087886
45.680 1 ATTITUDE 0.033838 0.618881 0.08786
45.766 1 NAVIGATION 5 1 0. 0. 0. 0. 0 0
45.781 1 ATTITUDE 0.033825 0.618863 0.087874
45.880 1 ATTITUDE 0.033841 0.619312 0.08787
45.959 1 DOWNLINK_STATUS 0 46 16317 808 0 354. 18. 52.4
45.980 1 ATTITUDE 0.033842 0.619174 0.0879
46.015 1 NAVIGATION 5 1 0. 0. 0. 0. 0 0
46.079 1 ATTITUDE 0.033853 0.61901 0.0879
46.179 1 ATTITUDE 0.033845 0.61924 0.087897
46.267 1 FBW_STATUS 0 52 0 67 0
46.272 1 NAVIGATION 5 1 0. 0. 0. 0. 0 0
46.284 1 ATTITUDE 0.033866 0.619162 0.087907
46.387 1 ATTITUDE 0.03381 0.619469 0.08789
46.393 1 GPS 0 0 0 0 0 0 0 0 0 0 1
46.483 1 ATTITUDE 0.033774 0.61952 0.087893
46.485 1 ESTIMATOR 0. 0.
46.516 1 NAVIGATION 5 1 0. 0. 0. 0. 0 0
46.583 1 ATTITUDE 0.033741 0.619651 0.087837
46.585 1 PPRZ_MODE 0 1 2 0 0 17
46.679 1 ATTITUDE 0.033688 0.619614 0.087861
46.766 1 NAVIGATION 5 1 0. 0. 0. 0. 0 0
46.781 1 ATTITUDE 0.033655 0.619377 0.087856
46.879 1 ATTITUDE 0.033645 0.619419 0.08781
46.959 1 DOWNLINK_STATUS 0 47 16675 826 0 358. 18. 52.4
46.980 1 ATTITUDE 0.033626 0.61958 0.087781
47.016 1 NAVIGATION 5 1 0. 0. 0. 0. 0 0
47.080 1 ATTITUDE 0.033648 0.619771 0.087783
47.179 1 ATTITUDE 0.033667 0.619751 0.087744
47.265 1 NAVIGATION 5 1 0. 0. 0. 0. 0 0
47.281 1 ATTITUDE 0.03364 0.619654 0.087723
47.363 1 COMMANDS 334,-2338,1260,-2338,-588,0
47.386 1 ATTITUDE 0.033635 0.619519 0.087702
47.392 1 GPS 0 0 0 0 0 0 0 0 0 0 1
47.462 1 ACTUATORS 1271,1635,1465,1488,1372
47.479 1 ATTITUDE 0.033633 0.619542 0.087712
47.516 1 NAVIGATION 5 1 0. 0. 0. 0. 0 0
47.580 1 ATTITUDE 0.03364 0.619973 0.087659
47.683 1 ATTITUDE 0.033625 0.620202 0.08767
47.685 1 ESTIMATOR 0. 0.
47.766 1 NAVIGATION 5 1 0. 0. 0. 0. 0 0
47.781 1 ATTITUDE 0.033629 0.620114 0.087641
47.879 1 ATTITUDE 0.033644 0.62007 0.087632
47.960 1 DOWNLINK_STATUS 0 48 17042 844 0 367. 18. 52.4
47.979 1 ATTITUDE 0.033657 0.620212 0.087576
48.016 1 NAVIGATION 5 1 0. 0. 0. 0. 0 0
48.079 1 ATTITUDE 0.033635 0.620249 0.087586
48.180 1 ATTITUDE 0.033604 0.620079 0.087576
48.267 1 FBW_STATUS 0 48 0 67 0
48.272 1 NAVIGATION 5 1 0. 0. 0. 0. 0 0
48.284 1 ATTITUDE 0.033531 0.620133 0.087577
48.387 1 ATTITUDE 0.033503 0.619975 0.087552
48.392 1 GPS 0 0 0 0 0 0 0 0 0 0 1
48.479 1 ATTITUDE 0.033468 0.620239 0.087537
48.515 1 NAVIGATION 5 1 0. 0. 0. 0. 0 0
48.579 1 ATTITUDE 0.033451 0.620439 0.087493
48.679 1 ATTITUDE 0.033444 0.620246 0.087538
48.766 1 NAVIGATION 5 1 0. 0. 0. 0. 0 0
48.781 1 ATTITUDE 0.033417 0.620229 0.087513
48.883 1 ATTITUDE 0.033413 0.62035 0.087511
48.884 1 ESTIMATOR 0. 0.
48.960 1 DOWNLINK_STATUS 0 49 17388 861 0 346. 17. 52.4
48.979 1 ATTITUDE 0.033383 0.62018 0.087536
49.015 1 NAVIGATION 5 1 0. 0. 0. 0. 0 0
49.079 1 ATTITUDE 0.033353 0.620254 0.087522
49.179 1 ATTITUDE 0.033306 0.620129 0.087479
49.266 1 NAVIGATION 5 1 0. 0. 0. 0. 0 0
49.281 1 ATTITUDE 0.03328 0.619923 0.087458
49.387 1 ATTITUDE 0.033252 0.62005 0.08741
49.393 1 GPS 0 0 0 0 0 0 0 0 0 0 1
49.480 1 ATTITUDE 0.033188 0.61989 0.087409
49.515 1 NAVIGATION 5 1 0. 0. 0. 0. 0 0
49.579 1 ATTITUDE 0.033199 0.619857 0.087433
49.679 1 ATTITUDE 0.033184 0.620112 0.087384
49.766 1 NAVIGATION 5 1 0. 0. 0. 0. 0 0
49.781 1 ATTITUDE 0.033189 0.620047 0.08741
49.880 1 ATTITUDE 0.033238 0.620204 0.087418
49.960 1 DOWNLINK_STATUS 0 50 17705 876 0 317. 15. 52.4
49.980 1 ATTITUDE 0.033204 0.620253 0.087447
50.016 1 NAVIGATION 5 1 0. 0. 0. 0. 0 0
50.082 1 ATTITUDE 0.033195 0.620463 0.087405
50.084 1 ESTIMATOR 0. 0.
50.179 1 ATTITUDE 0.033209 0.620592 0.087423
50.267 1 FBW_STATUS 0 50 0 67 0
50.271 1 NAVIGATION 5 1 0. 0. 0. 0. 0 0
50.284 1 ATTITUDE 0.033187 0.620556 0.087461
50.387 1 ATTITUDE 0.033134 0.620688 0.087467
50.392 1 GPS 0 0 0 0 0 0 0 0 0 0 1
50.484 1 ATTITUDE 0.033091 0.620514 0.087446
50.497 1 PONG 
50.518 1 NAVIGATION 5 1 0. 0. 0. 0. 0 0
50.580 1 ATTITUDE 0.033038 0.621077 0.087365
50.665 1 SETTING 0 1 0.
50.679 1 ATTITUDE 0.033045 0.621167 0.087377
50.715 1 DL_VALUE 0 0.
50.765 1 NAVIGATION 5 1 0. 0. 0. 0. 0 0
50.780 1 ATTITUDE 0.03299 0.621427 0.08736
50.879 1 ATTITUDE 0.03299 0.621132 0.087338
50.960 1 DOWNLINK_STATUS 0 51 18068 895 0 363. 19. 52.37
50.979 1 ATTITUDE 0.032956 0.621073 0.08732
51.016 1 NAVIGATION 5 1 0. 0. 0. 0. 0 0
51.079 1 ATTITUDE 0.032983 0.620884 0.08729
51.179 1 ATTITUDE 0.033015 0.620731 0.087264
51.265 1 NAVIGATION 5 1 0. 0. 0. 0. 0 0
51.282 1 ATTITUDE 0.032996 0.62094 0.087265
51.285 1 ESTIMATOR 0. 0.
51.386 1 ATTITUDE 0.032994 0.62091 0.087237
51.392 1 GPS 0 0 0 0 0 0 0 0 0 0 1
51.479 1 ATTITUDE 0.032981 0.620719 0.087183
51.516 1 NAVIGATION 5 1 0. 0. 0. 0. 0 0
51.579 1 ATTITUDE 0.032949 0.620923 0.087174
51.680 1 ATTITUDE 0.032961 0.620785 0.087195
51.766 1 NAVIGATION 5 1 0. 0. 0. 0. 0 0
51.781 1 ATTITUDE 0.032981 0.620852 0.087206
51.879 1 ATTITUDE 0.032952 0.6209 0.08721
51.961 1 DOWNLINK_STATUS 0 52 18399 911 0 331. 16. 52.37
51.979 1 ATTITUDE 0.032961 0.620817 0.087211
52.015 1 NAVIGATION 5 1 0. 0. 0. 0. 0 0
52.079 1 ATTITUDE 0.032964 0.621028 0.087236
52.179 1 ATTITUDE 0.033013 0.620936 0.087237
52.267 1 FBW_STATUS 0 49 0 67 0
52.272 1 NAVIGATION 5 1 0. 0. 0. 0. 0 0
52.284 1 ATTITUDE 0.03306 0.620825 0.087205
52.362 1 COMMANDS 334,-2352,1274,-2352,-588,0
52.386 1 ATTITUDE 0.033097 0.620828 0.087193
52.391 1 GPS 0 0 0 0 0 0 0 0 0 0 1
52.462 1 ACTUATORS 1271,1635,1465,1487,1372
52.482 1 ATTITUDE 0.033122 0.620709 0.087192
52.484 1 ESTIMATOR 0. 0.
52.515 1 NAVIGATION 5 1 0. 0. 0. 0. 0 0
52.582 1 ATTITUDE 0.033135 0.62061 0.0872
52.584 1 PPRZ_MODE 0 1 2 0 0 17
52.679 1 ATTITUDE 0.03316 0.620505 0.087199
52.766 1 NAVIGATION 5 1 0. 0. 0. 0. 0 0
52.781 1 ATTITUDE 0.033174 0.620332 0.087207
52.879 1 ATTITUDE 0.033215 0.620702 0.087187
52.961 1 DOWNLINK_STATUS 0 53 18793 931 0 394. 20. 52.37
52.979 1 ATTITUDE 0.033236 0.620522 0.0872
53.015 1 NAVIGATION 5 1 0. 0. 0. 0. 0 0
53.079 1 ATTITUDE 0.03331 0.620435 0.087216
53.179 1 ATTITUDE 0.033338 0.620561 0.0872
53.265 1 NAVIGATION 5 1 0. 0. 0. 0. 0 0
53.284 1 ATTITUDE 0.033343 0.620447 0.087245
53.287 1 BAT 334 67 0 0 1 48 48 0
53.386 1 ATTITUDE 0.033365 0.620492 0.087256
53.392 1 GPS 0 0 0 0 0 0 0 0 0 0 1
53.420 1 WIND_INFO 1 42 0. 0. 0.
53.479 1 ATTITUDE 0.03338 0.620467 0.087238
53.516 1 NAVIGATION 5 1 0. 0. 0. 0. 0 0
53.579 1 ATTITUDE 0.033403 0.620675 0.087174
53.682 1 ATTITUDE 0.033407 0.620482 0.087239
53.684 1 ESTIMATOR 0. 0.
53.765 1 NAVIGATION 5 1 0. 0. 0. 0. 0 0
53.781 1 ATTITUDE 0.033436 0.620333 0.087223
53.879 1 ATTITUDE 0.033474 0.620198 0.087213
53.961 1 DOWNLINK_STATUS 0 54 19145 948 0 352. 17. 52.37
53.984 1 ATTITUDE 0.033496 0.620443 0.087237
53.988 1 ALIVE 63,108,16,232,75,97,60,32,172,119,33,165,254,7,149,72
54.016 1 NAVIGATION 5 1 0. 0. 0. 0. 0 0
54.049 1 SETTING 0 1 1.
54.089 1 ATTITUDE 0.033514 0.620729 0.08725
54.103 1 DL_VALUE 0 1.
54.184 1 GPS 0 0 0 0 0 0 0 0 0 0 0
54.266 1 FBW_STATUS 0 52 0 67 0
54.271 1 NAVIGATION 5 1 0. 0. 0. 0. 0 0
54.284 1 BAT 334 67 0 0 1 49 49 0
54.329 1 ATTITUDE 0.033608 0.620421 0.087274
54.378 1 ESTIMATOR 0. 0.
54.480 1 WP_MOVED 1 332416. 5933901. 260. 12
54.516 1 NAVIGATION 5 1 0. 0. 0. 0. 0 0
54.581 1 ATTITUDE 0.033701 0.620475 0.087268
54.583 1 DL_VALUE 0 1.
54.765 1 NAVIGATION 5 1 0. 0. 0. 0. 0 0
54.782 1 NAVIGATION 5 1 0. 0. 0. 0. 0 0
54.829 1 ATTITUDE 0.033765 0.62035 0.087267
54.962 1 DOWNLINK_STATUS 0 55 19513 966 0 368. 18. 52.37
55.015 1 NAVIGATION 5 1 0. 0. 0. 0. 0 0
55.087 1 ATTITUDE 0.033755 0.620013 0.087281
55.094 1 DESIRED 34.91 0.01 0. 0. 0. 235. 0. 12.
55.181 1 ALIVE 63,108,16,232,75,97,60,32,172,119,33,165,254,7,149,72
55.234 1 GPS 0 0 0 0 0 0 0 0 0 0 1
55.265 1 NAVIGATION 5 1 0. 0. 0. 0. 0 0
55.279 1 PPRZ_MODE 0 1 2 0 0 17
55.329 1 ATTITUDE 0.03375 0.620646 0.087292
55.382 1 BAT 334 67 0 0 1 50 50 0
55.383 1 STATE_FILTER_STATUS 3 0
55.483 1 GPS_SOL 0 0 0 0
55.497 1 PONG 
55.518 1 NAVIGATION 5 1 0. 0. 0. 0. 0 0
55.582 1 ATTITUDE 0.033728 0.621049 0.087224
55.583 1 CALIBRATION 0. 0
55.680 1 ESTIMATOR 0. 0.
55.681 1 DOWNLINK 0 2171 1120
55.766 1 NAVIGATION 5 1 0. 0. 0. 0. 0 0
55.829 1 ATTITUDE 0.033675 0.621144 0.087196
55.883 1 WP_MOVED 2 332465.5 5934001. 260. 12
55.885 1 NAVIGATION_REF 332416 5933901 12
55.963 1 DOWNLINK_STATUS 0 56 19919 987 0 406. 21. 51.63
56.015 1 NAVIGATION 5 1 0. 0. 0. 0. 0 0
56.081 1 ATTITUDE 0.033691 0.620893 0.087142
56.083 1 DL_VALUE 1 0.
56.266 1 FBW_STATUS 0 47 0 67 0
56.270 1 NAVIGATION 5 1 0. 0. 0. 0. 0 0
56.287 1 GPS 0 0 0 0 0 0 0 0 0 0 1
56.329 1 ATTITUDE 0.03363 0.620792 0.087156
56.425 1 SETTING 0 1 0.
56.468 1 DL_VALUE 0 0.
56.515 1 NAVIGATION 5 1 0. 0. 0. 0. 0 0
56.562 1 ATTITUDE 0.033596 0.620539 0.08715
56.662 1 ATTITUDE 0.033634 0.620349 0.087149
56.775 1 ATTITUDE 0.033604 0.620371 0.087145
56.781 1 GPS 0 0 0 0 0 0 0 0 0 0 1
56.786 1 NAVIGATION 5 1 0. 0. 0. 0. 0 0
56.862 1 ATTITUDE 0.033576 0.620149 0.087142
56.962 1 ATTITUDE 0.033592 0.620238 0.087076
56.962 1 DOWNLINK_STATUS 0 57 20252 1003 0 333. 16. 51.63
57.015 1 NAVIGATION 5 1 0. 0. 0. 0. 0 0
57.062 1 ATTITUDE 0.033524 0.620243 0.087079
57.162 1 ATTITUDE 0.033526 0.620035 0.087099
57.271 1 ATTITUDE 0.033496 0.62 0.087127
57.273 1 ESTIMATOR 0. 0.
57.278 1 NAVIGATION 5 1 0. 0. 0. 0. 0 0
57.367 1 COMMANDS 334,-2352,1274,-2352,-588,0
57.370 1 ATTITUDE 0.033474 0.619878 0.08713
57.465 1 ACTUATORS 1271,1635,1465,1487,1372
57.468 1 ATTITUDE 0.033461 0.619781 0.087121
57.515 1 NAVIGATION 5 1 0. 0. 0. 0. 0 0
57.562 1 ATTITUDE 0.03344 0.619689 0.087125
57.664 1 ATTITUDE 0.033399 0.619556 0.087152
57.666 1 DOWNLINK 0 437 1154
57.775 1 ATTITUDE 0.033369 0.619488 0.087153
57.780 1 GPS 0 0 0 0 0 0 0 0 0 0 1
57.786 1 NAVIGATION 5 1 0. 0. 0. 0. 0 0
57.862 1 ATTITUDE 0.033372 0.619634 0.087145
57.962 1 ATTITUDE 0.033336 0.619406 0.087116
57.963 1 DOWNLINK_STATUS 0 58 20630 1022 0 378. 19. 51.63
58.014 1 NAVIGATION 5 1 0. 0. 0. 0. 0 0
58.062 1 ATTITUDE 0.033313 0.619484 0.087126
58.162 1 ATTITUDE 0.033268 0.619426 0.087134
58.270 1 FBW_STATUS 0 55 0 67 0
58.275 1 NAVIGATION 5 1 0. 0. 0. 0. 0 0
58.278 1 ATTITUDE 0.033262 0.619412 0.087126
58.366 1 ATTITUDE 0.033236 0.619313 0.087112
58.369 1 GPS_SOL 0 0 0 0
58.465 1 ATTITUDE 0.033218 0.619141 0.087104
58.468 1 ESTIMATOR 0. 0.
58.515 1 NAVIGATION 5 1 0. 0. 0. 0. 0 0
58.563 1 ATTITUDE 0.033245 0.61897 0.087099
58.662 1 ATTITUDE 0.033265 0.618982 0.087135
58.776 1 NAVIGATION 5 1 0. 0. 0. 0. 0 0
58.779 1 ATTITUDE 0.033287 0.618766 0.087136
58.785 1 GPS 0 0 0 0 0 0 0 0 0 0 1
58.862 1 ATTITUDE 0.033273 0.618699 0.087149
58.962 1 ATTITUDE 0.033272 0.618511 0.087142
58.963 1 DOWNLINK_STATUS 0 59 20993 1040 0 363. 18. 51.63
59.015 1 NAVIGATION 5 1 0. 0. 0. 0. 0 0
59.062 1 ATTITUDE 0.033266 0.618329 0.08713
59.162 1 ATTITUDE 0.03325 0.61836 0.087139
59.269 1 NAVIGATION 5 1 0. 0. 0. 0. 0 0
59.272 1 ATTITUDE 0.033248 0.618147 0.087101
59.362 1 ATTITUDE 0.033253 0.618122 0.087128
59.462 1 ATTITUDE 0.033227 0.618298 0.087147
59.515 1 NAVIGATION 5 1 0. 0. 0. 0. 0 0
59.562 1 ATTITUDE 0.0332 0.61832 0.087181
59.665 1 ATTITUDE 0.033218 0.618353 0.087165
59.668 1 ESTIMATOR 0. 0.
59.776 1 NAVIGATION 5 1 0. 0. 0. 0. 0 0
59.778 1 ATTITUDE 0.033166 0.618317 0.0872
59.785 1 GPS 0 0 0 0 0 0 0 0 0 0 1
59.862 1 ATTITUDE 0.03322 0.618289 0.08718
59.962 1 ATTITUDE 0.033271 0.618144 0.087158
59.964 1 DOWNLINK_STATUS 0 60 21324 1056 0 331. 16. 51.63
60.015 1 NAVIGATION 5 1 0. 0. 0. 0. 0 0
60.062 1 ATTITUDE 0.03323 0.617978 0.087208
60.162 1 ATTITUDE 0.033223 0.617951 0.087193
60.270 1 FBW_STATUS 0 48 0 67 0
60.275 1 NAVIGATION 5 1 0. 0. 0. 0. 0 0
60.278 1 ATTITUDE 0.033262 0.617122 0.087171
60.362 1 ATTITUDE 0.033246 0.617276 0.087191
60.463 1 ATTITUDE 0.033213 0.617118 0.087185
60.494 1 PONG 
60.515 1 NAVIGATION 5 1 0. 0. 0. 0. 0 0
60.562 1 ATTITUDE 0.033226 0.617339 0.0872
60.564 1 BLOCK 4 1
60.611 1 NAVIGATION 4 0 0. 0. 0. 0. 0 0
60.662 1 ATTITUDE 0.03324 0.6175 0.087242
60.776 1 NAVIGATION 5 0 0. 0. 0. 0. 0 0
60.779 1 ATTITUDE 0.033275 0.617478 0.087249
60.785 1 GPS 0 0 0 0 0 0 0 0 0 0 1
60.865 1 ATTITUDE 0.033308 0.617492 0.087273
60.868 1 ESTIMATOR 0. 0.
60.965 1 ATTITUDE 0.0333 0.617665 0.087314
60.965 1 DOWNLINK_STATUS 0 61 21702 1075 0 378. 19. 48.31
60.966 1 PPRZ_MODE 0 1 2 0 0 17
61.015 1 NAVIGATION 5 1 0. 0. 0. 0. 0 0
61.061 1 ATTITUDE 0.03336 0.618071 0.087301
61.162 1 ATTITUDE 0.033388 0.617982 0.087329
61.269 1 NAVIGATION 5 1 0. 0. 0. 0. 0 0
61.272 1 ATTITUDE 0.033415 0.617929 0.087262
61.362 1 ATTITUDE 0.033464 0.617765 0.087262
61.462 1 ATTITUDE 0.033499 0.617719 0.087231
61.515 1 NAVIGATION 5 1 0. 0. 0. 0. 0 0
61.561 1 ATTITUDE 0.033503 0.617799 0.087253
61.661 1 ATTITUDE 0.033546 0.617837 0.087237
61.775 1 NAVIGATION 5 1 0. 0. 0. 0. 0 0
61.779 1 ATTITUDE 0.033582 0.61782 0.087224
61.784 1 GPS 0 0 0 0 0 0 0 0 0 0 1
61.862 1 ATTITUDE 0.033577 0.61794 0.087242
61.962 1 ATTITUDE 0.033582 0.617838 0.087239
61.965 1 DOWNLINK_STATUS 0 62 22031 1091 0 329. 16. 48.31
62.015 1 NAVIGATION 5 1 0. 0. 0. 0. 0 0
62.065 1 ATTITUDE 0.033588 0.617718 0.087203
62.067 1 ESTIMATOR 0. 0.
62.161 1 ATTITUDE 0.033612 0.617769 0.087147
62.269 1 FBW_STATUS 0 47 0 67 0
62.274 1 NAVIGATION 5 1 0. 0. 0. 0. 0 0
62.277 1 ATTITUDE 0.033622 0.617745 0.087141
62.366 1 COMMANDS 334,-2352,1274,-2352,-588,0
62.369 1 ATTITUDE 0.033698 0.617643 0.087191
62.465 1 ACTUATORS 1271,1635,1465,1487,1372
62.468 1 ATTITUDE 0.03374 0.617532 0.087207
62.515 1 NAVIGATION 5 1 0. 0. 0. 0. 0 0
62.562 1 ATTITUDE 0.033734 0.61765 0.0872
62.662 1 ATTITUDE 0.033763 0.617711 0.087207
62.774 1 ATTITUDE 0.033802 0.617407 0.087211
62.780 1 GPS 0 0 0 0 0 0 0 0 0 0 1
62.784 1 NAVIGATION 5 1 0. 0. 0. 0. 0 0
62.861 1 ATTITUDE 0.033839 0.617073 0.087223
62.962 1 ATTITUDE 0.033902 0.617116 0.087277
62.965 1 DOWNLINK_STATUS 0 63 22413 1110 0 382. 19. 48.31
63.015 1 NAVIGATION 5 1 0. 0. 0. 0. 0 0
63.062 1 ATTITUDE 0.03394 0.617143 0.087269
63.162 1 ATTITUDE 0.033955 0.617402 0.08725
63.273 1 NAVIGATION 5 1 0. 0. 0. 0. 0 0
63.275 1 ATTITUDE 0.033966 0.617702 0.087246
63.277 1 ESTIMATOR 0. 0.
63.361 1 ATTITUDE 0.033975 0.617928 0.087266
63.420 1 WIND_INFO 1 42 0. 0. 0.
63.461 1 ATTITUDE 0.034037 0.618334 0.087247
63.515 1 NAVIGATION 5 1 0. 0. 0. 0. 0 0
63.562 1 ATTITUDE 0.034063 0.618609 0.087296
63.662 1 ATTITUDE 0.034069 0.61852 0.087254
63.776 1 NAVIGATION 5 1 0. 0. 0. 0. 0 0
63.778 1 ATTITUDE 0.034072 0.618614 0.08727
63.785 1 GPS 0 0 0 0 0 0 0 0 0 0 1
63.861 1 ATTITUDE 0.034073 0.618534 0.087298
63.961 1 ATTITUDE 0.034079 0.61849 0.087297
63.966 1 DOWNLINK_STATUS 0 64 22744 1126 0 331. 16. 48.31
64.014 1 NAVIGATION 5 1 0. 0. 0. 0. 0 0
64.062 1 ATTITUDE 0.03404 0.619043 0.08731
64.162 1 ATTITUDE 0.034014 0.618885 0.087314
64.234 1 BLOCK 4 1
64.274 1 FBW_STATUS 0 48 0 67 0
64.279 1 NAVIGATION 5 1 0. 0. 0. 0. 0 0
64.282 1 ATTITUDE 0.034015 0.61891 0.087308
64.293 1 NAVIGATION 4 0 0. 0. 0. 0. 0 0
64.362 1 ATTITUDE 0.034013 0.619138 0.087266
64.464 1 ATTITUDE 0.033958 0.618944 0.087275
64.467 1 ESTIMATOR 0. 0.
64.514 1 NAVIGATION 5 0 0. 0. 0. 0. 0 0
64.561 1 ATTITUDE 0.033968 0.619241 0.087276
64.662 1 ATTITUDE 0.033938 0.619135 0.087264
64.774 1 ATTITUDE 0.033965 0.618962 0.087312
64.780 1 GPS 0 0 0 0 0 0 0 0 0 0 1
64.785 1 NAVIGATION 5 1 0. 0. 0. 0. 0 0
64.862 1 ATTITUDE 0.034001 0.619043 0.087303
64.962 1 ATTITUDE 0.034019 0.618791 0.087284
64.966 1 DOWNLINK_STATUS 0 65 23116 1144 0 372. 18. 48.31
65.015 1 NAVIGATION 5 1 0. 0. 0. 0. 0 0
65.061 1 ATTITUDE 0.034 0.618738 0.087313
65.161 1 ATTITUDE 0.034022 0.618914 0.087331
65.268 1 NAVIGATION 5 1 0. 0. 0. 0. 0 0
65.271 1 ATTITUDE 0.034004 0.61869 0.087349
65.362 1 ATTITUDE 0.034002 0.618773 0.087354
65.462 1 ATTITUDE 0.034033 0.618926 0.087343
65.493 1 PONG 
65.515 1 NAVIGATION 5 1 0. 0. 0. 0. 0 0
65.561 1 ATTITUDE 0.034029 0.619124 0.087361
65.664 1 ATTITUDE 0.03401 0.619232 0.087432
65.667 1 ESTIMATOR 0. 0.
65.778 1 ATTITUDE 0.034019 0.618995 0.087428
65.784 1 GPS 0 0 0 0 0 0 0 0 0 0 1
65.788 1 BAT 334 67 0 0 1 1 1 0
65.794 1 NAVIGATION 5 1 0. 0. 0. 0. 0 0
65.861 1 ATTITUDE 0.033982 0.619028 0.087412
65.962 1 ATTITUDE 0.033975 0.619243 0.087375
65.966 1 DOWNLINK_STATUS 0 66 23474 1162 0 358. 18. 47.35
66.015 1 NAVIGATION 5 1 0. 0. 0. 0. 0 0
66.062 1 ATTITUDE 0.033964 0.619306 0.087387
66.162 1 ATTITUDE 0.033927 0.619229 0.087394
66.269 1 FBW_STATUS 0 46 0 67 0
66.274 1 NAVIGATION 5 1 0. 0. 0. 0. 0 0
66.277 1 ATTITUDE 0.033902 0.619394 0.087406
66.361 1 ATTITUDE 0.033889 0.619416 0.087422
66.461 1 ATTITUDE 0.033859 0.619389 0.087432
66.514 1 NAVIGATION 5 1 0. 0. 0. 0. 0 0
66.567 1 ATTITUDE 0.033818 0.61932 0.08741
66.571 1 ALIVE 63,108,16,232,75,97,60,32,172,119,33,165,254,7,149,72
66.662 1 ATTITUDE 0.033816 0.6192 0.087415
66.776 1 NAVIGATION 5 1 0. 0. 0. 0. 0 0
66.778 1 ATTITUDE 0.03383 0.619242 0.087424
66.784 1 GPS 0 0 0 0 0 0 0 0 0 0 1
66.864 1 ATTITUDE 0.033814 0.619345 0.087415
66.866 1 ESTIMATOR 0. 0.
66.964 1 ATTITUDE 0.033826 0.619131 0.087444
66.966 1 PPRZ_MODE 0 1 2 0 0 17
66.966 1 DOWNLINK_STATUS 0 67 23855 1181 0 381. 19. 47.35
67.014 1 NAVIGATION 5 1 0. 0. 0. 0. 0 0
67.061 1 ATTITUDE 0.033823 0.618961 0.087464
67.162 1 ATTITUDE 0.033825 0.618751 0.087457
67.269 1 NAVIGATION 5 1 0. 0. 0. 0. 0 0
67.272 1 ATTITUDE 0.033798 0.618565 0.087453
67.365 1 COMMANDS 334,-2352,1274,-2352,-588,0
67.368 1 ATTITUDE 0.03382 0.618405 0.087456
67.464 1 ACTUATORS 1271,1635,1465,1487,1372
67.468 1 ATTITUDE 0.033832 0.618373 0.087455
67.514 1 NAVIGATION 5 1 0. 0. 0. 0. 0 0
67.561 1 ATTITUDE 0.033847 0.618532 0.087426
67.662 1 ATTITUDE 0.033825 0.61835 0.08741
67.774 1 ATTITUDE 0.033827 0.618225 0.087393
67.780 1 GPS 0 0 0 0 0 0 0 0 0 0 1
67.784 1 NAVIGATION 5 1 0. 0. 0. 0. 0 0
67.862 1 ATTITUDE 0.033796 0.618331 0.087377
67.961 1 ATTITUDE 0.033795 0.618321 0.087377
67.967 1 DOWNLINK_STATUS 0 68 24208 1198 0 353. 17. 47.35
68.014 1 NAVIGATION 5 1 0. 0. 0. 0. 0 0
68.066 1 ATTITUDE 0.033745 0.618343 0.087381
68.069 1 ESTIMATOR 0. 0.
68.071 1 DOWNLINK 0 361 1339
68.161 1 ATTITUDE 0.033735 0.618423 0.087416
68.270 1 FBW_STATUS 0 47 0 67 0
68.274 1 NAVIGATION 5 1 0. 0. 0. 0. 0 0
68.277 1 ATTITUDE 0.033713 0.618364 0.087367
68.362 1 ATTITUDE 0.033621 0.618271 0.087326
68.462 1 ATTITUDE 0.033616 0.618062 0.087322
68.515 1 NAVIGATION 5 1 0. 0. 0. 0. 0 0
68.561 1 ATTITUDE 0.033636 0.617808 0.087348
68.661 1 ATTITUDE 0.033611 0.617499 0.087375
68.774 1 ATTITUDE 0.033606 0.617321 0.08743
68.780 1 GPS 0 0 0 0 0 0 0 0 0 0 1
68.784 1 NAVIGATION 5 1 0. 0. 0. 0. 0 0
68.865 1 ATTITUDE 0.033593 0.617159 0.087457
68.868 1 GPS_SOL 0 0 0 0
68.962 1 ATTITUDE 0.03358 0.617058 0.087413
68.967 1 DOWNLINK_STATUS 0 69 24582 1217 0 374. 19. 47.35
69.015 1 NAVIGATION 5 1 0. 0. 0. 0. 0 0
69.062 1 ATTITUDE 0.03357 0.61699 0.087405
69.114 1 BLOCK 4 1
69.164 1 NAVIGATION 4 0 0. 0. 0. 0. 0 0
69.167 1 ATTITUDE 0.033528 0.616747 0.087401
69.271 1 NAVIGATION 5 0 0. 0. 0. 0. 0 0
69.274 1 ATTITUDE 0.033565 0.616803 0.087352
69.277 1 ESTIMATOR 0. 0.
69.361 1 ATTITUDE 0.033563 0.616816 0.087317
69.461 1 ATTITUDE 0.033577 0.61732 0.087329
69.514 1 NAVIGATION 5 1 0. 0. 0. 0. 0 0
69.561 1 ATTITUDE 0.033547 0.617386 0.087367
69.662 1 ATTITUDE 0.033551 0.617465 0.087342
69.774 1 ATTITUDE 0.033567 0.617759 0.087325
69.779 1 GPS 0 0 0 0 0 0 0 0 0 0 1
69.784 1 NAVIGATION 5 1 0. 0. 0. 0. 0 0
69.861 1 ATTITUDE 0.033527 0.617858 0.087358
69.961 1 ATTITUDE 0.03354 0.61791 0.0873
69.967 1 DOWNLINK_STATUS 0 70 24939 1234 0 357. 17. 47.35
70.014 1 NAVIGATION 5 1 0. 0. 0. 0. 0 0
70.061 1 ATTITUDE 0.033606 0.618235 0.087294
70.162 1 ATTITUDE 0.033632 0.618171 0.087311
70.269 1 FBW_STATUS 0 51 0 67 0
70.274 1 NAVIGATION 5 1 0. 0. 0. 0. 0 0
70.277 1 ATTITUDE 0.033624 0.618305 0.087285
70.361 1 ATTITUDE 0.033585 0.61841 0.087275
70.464 1 ATTITUDE 0.033623 0.618085 0.087294
70.466 1 ESTIMATOR 0. 0.
70.497 1 PONG 
70.517 1 NAVIGATION 5 1 0. 0. 0. 0. 0 0
70.561 1 ATTITUDE 0.033663 0.618356 0.087307
70.661 1 ATTITUDE 0.033698 0.618279 0.087341
70.774 1 ATTITUDE 0.033712 0.61819 0.087333
70.780 1 GPS 0 0 0 0 0 0 0 0 0 0 1
70.784 1 NAVIGATION 5 1 0. 0. 0. 0. 0 0
70.861 1 ATTITUDE 0.033738 0.618343 0.087304
70.961 1 ATTITUDE 0.033783 0.618254 0.087311
70.968 1 DOWNLINK_STATUS 0 71 25291 1252 0 352. 18. 50.45
71.014 1 NAVIGATION 5 1 0. 0. 0. 0. 0 0
71.061 1 ATTITUDE 0.033806 0.618328 0.087317
71.161 1 ATTITUDE 0.033822 0.618217 0.087279
71.268 1 NAVIGATION 5 1 0. 0. 0. 0. 0 0
71.271 1 ATTITUDE 0.033806 0.618015 0.087302
71.362 1 ATTITUDE 0.033825 0.617848 0.087324
71.462 1 ATTITUDE 0.033841 0.617694 0.087276
71.514 1 NAVIGATION 5 1 0. 0. 0. 0. 0 0
71.561 1 ATTITUDE 0.033837 0.617637 0.087252
71.664 1 ATTITUDE 0.033866 0.617929 0.08723
71.666 1 ESTIMATOR 0. 0.
71.774 1 ATTITUDE 0.033883 0.617853 0.087232
71.779 1 GPS 0 0 0 0 0 0 0 0 0 0 1
71.784 1 NAVIGATION 5 1 0. 0. 0. 0. 0 0
71.861 1 ATTITUDE 0.033842 0.617781 0.087205
71.961 1 ATTITUDE 0.033851 0.617916 0.087191
71.968 1 DOWNLINK_STATUS 0 72 25622 1268 0 331. 16. 50.45
72.015 1 NAVIGATION 5 1 0. 0. 0. 0. 0 0
72.061 1 ATTITUDE 0.03382 0.61781 0.087163
72.161 1 ATTITUDE 0.033762 0.617857 0.087147
72.270 1 ATTITUDE 0.033724 0.61778 0.087155
72.272 1 FBW_STATUS 0 49 0 67 0
72.277 1 NAVIGATION 5 1 0. 0. 0. 0. 0 0
72.365 1 COMMANDS 26,-2352,1274,-2352,-588,0
72.368 1 ATTITUDE 0.033715 0.617767 0.08717
72.465 1 ACTUATORS 1271,1635,1465,1487,1351
72.468 1 ATTITUDE 0.033688 0.617674 0.087168
72.514 1 NAVIGATION 5 1 0. 0. 0. 0. 0 0
72.560 1 ATTITUDE 0.033658 0.617613 0.087168
72.661 1 ATTITUDE 0.033608 0.61761 0.087202
72.773 1 ATTITUDE 0.033592 0.617662 0.08715
72.779 1 GPS 0 0 0 0 0 0 0 0 0 0 1
72.784 1 NAVIGATION 5 1 0. 0. 0. 0. 0 0
72.864 1 ATTITUDE 0.033586 0.617093 0.087133
72.866 1 ESTIMATOR 0. 0.
72.964 1 ATTITUDE 0.033586 0.617104 0.087109
72.966 1 PPRZ_MODE 0 1 2 0 0 17
72.968 1 DOWNLINK_STATUS 0 73 26016 1288 0 394. 20. 50.45
73.014 1 NAVIGATION 5 1 0. 0. 0. 0. 0 0
73.061 1 ATTITUDE 0.033551 0.617109 0.087102
73.160 1 ATTITUDE 0.033497 0.616866 0.087034
73.266 1 ATTITUDE 0.033531 0.61672 0.087085
73.271 1 NAVIGATION 5 1 0. 0. 0. 0. 0 0
73.361 1 ATTITUDE 0.033467 0.616034 0.087098
73.420 1 WIND_INFO 1 42 0. 0. 0.
73.462 1 ATTITUDE 0.033276 0.615856 0.087066
73.514 1 NAVIGATION 5 1 0. 0. 0. 0. 0 0
73.561 1 ATTITUDE 0.033165 0.616035 0.087022
73.661 1 ATTITUDE 0.033108 0.61575 0.086976
73.774 1 ATTITUDE 0.033141 0.615934 0.086949
73.780 1 GPS 0 0 0 0 0 0 0 0 0 0 1
73.784 1 NAVIGATION 5 1 0. 0. 0. 0. 0 0
73.861 1 ATTITUDE 0.033232 0.615877 0.086997
73.961 1 ATTITUDE 0.033285 0.615585 0.087038
73.969 1 DOWNLINK_STATUS 0 74 26333 1303 0 317. 15. 50.45
74.014 1 NAVIGATION 5 1 0. 0. 0. 0. 0 0
74.064 1 ATTITUDE 0.03328 0.615535 0.086981
74.066 1 ESTIMATOR 0. 0.
74.161 1 ATTITUDE 0.033263 0.61539 0.086982
74.269 1 FBW_STATUS 0 49 0 67 0
74.274 1 NAVIGATION 5 1 0. 0. 0. 0. 0 0
74.277 1 ATTITUDE 0.03327 0.615214 0.08693
74.360 1 ATTITUDE 0.033235 0.615003 0.086947
74.461 1 ATTITUDE 0.03323 0.614831 0.086902
74.514 1 NAVIGATION 5 1 0. 0. 0. 0. 0 0
74.561 1 ATTITUDE 0.03322 0.61474 0.086895
74.661 1 ATTITUDE 0.033261 0.614867 0.086918
74.775 1 NAVIGATION 5 1 0. 0. 0. 0. 0 0
74.778 1 ATTITUDE 0.033263 0.614609 0.086951
74.784 1 GPS 0 0 0 0 0 0 0 0 0 0 1
74.858 1 BLOCK 4 1
74.861 1 ATTITUDE 0.033266 0.614549 0.086964
74.905 1 NAVIGATION 4 0 0. 0. 0. 0. 0 0
74.961 1 ATTITUDE 0.033309 0.614596 0.086927
74.969 1 DOWNLINK_STATUS 0 75 26705 1321 0 372. 18. 50.45
75.014 1 NAVIGATION 5 0 0. 0. 0. 0. 0 0
75.061 1 ATTITUDE 0.03325 0.614439 0.086905
75.161 1 ATTITUDE 0.03328 0.614518 0.086892
75.271 1 NAVIGATION 5 1 0. 0. 0. 0. 0 0
75.274 1 ATTITUDE 0.033346 0.614406 0.086929
75.276 1 ESTIMATOR 0. 0.
75.361 1 ATTITUDE 0.033342 0.614126 0.086904
75.461 1 ATTITUDE 0.033355 0.614311 0.086868
75.493 1 PONG 
75.514 1 NAVIGATION 5 1 0. 0. 0. 0. 0 0
75.561 1 ATTITUDE 0.03333 0.61471 0.086888
75.661 1 ATTITUDE 0.033289 0.61456 0.086837
75.775 1 NAVIGATION 5 1 0. 0. 0. 0. 0 0
75.778 1 ATTITUDE 0.033306 0.614824 0.086867
75.784 1 GPS 0 0 0 0 0 0 0 0 0 0 1
75.865 1 ATTITUDE 0.033338 0.614747 0.086866
75.869 1 BAT 26 67 0 0 1 1 0 0
75.882 1 BLOCK 3 1
75.929 1 NAVIGATION 3 0 0. 0. 0. 0. 0 0
75.961 1 ATTITUDE 0.033314 0.614655 0.086876
75.969 1 DOWNLINK_STATUS 0 76 27089 1340 0 384. 19. 46.36
76.014 1 NAVIGATION 5 0 0. 0. 0. 0. 0 0
76.061 1 ATTITUDE 0.03332 0.614854 0.086872
76.160 1 ATTITUDE 0.033333 0.614795 0.086855
76.269 1 ATTITUDE 0.033328 0.614861 0.086856
76.272 1 FBW_STATUS 0 50 0 67 0
76.276 1 NAVIGATION 5 1 0. 0. 0. 0. 0 0
76.361 1 ATTITUDE 0.033314 0.614797 0.086849
76.464 1 ATTITUDE 0.033245 0.614568 0.08678
76.466 1 ESTIMATOR 0. 0.
76.514 1 NAVIGATION 5 1 0. 0. 0. 0. 0 0
76.561 1 ATTITUDE 0.033256 0.614401 0.086742
76.661 1 ATTITUDE 0.033282 0.614265 0.086737
76.778 1 ATTITUDE 0.033239 0.614103 0.086745
76.784 1 GPS 0 0 0 0 0 0 0 0 0 0 1
76.788 1 ALIVE 63,108,16,232,75,97,60,32,172,119,33,165,254,7,149,72
76.792 1 NAVIGATION 5 1 0. 0. 0. 0. 0 0
76.860 1 ATTITUDE 0.033246 0.613821 0.086739
76.961 1 ATTITUDE 0.033225 0.613505 0.086774
76.969 1 DOWNLINK_STATUS 0 77 27458 1358 0 369. 18. 46.36
77.014 1 NAVIGATION 5 1 0. 0. 0. 0. 0 0
77.061 1 ATTITUDE 0.033187 0.613302 0.086721
77.161 1 ATTITUDE 0.033207 0.613123 0.086731
77.268 1 NAVIGATION 5 1 0. 0. 0. 0. 0 0
77.270 1 ATTITUDE 0.03318 0.613022 0.086747
77.364 1 COMMANDS 26,-2366,1274,-2366,-588,0
77.368 1 ATTITUDE 0.033125 0.612975 0.086719
77.464 1 ATTITUDE 0.033118 0.612977 0.086753
77.467 1 ACTUATORS 1271,1635,1464,1487,1351
77.514 1 NAVIGATION 5 1 0. 0. 0. 0. 0 0
77.561 1 ATTITUDE 0.033114 0.612994 0.086749
77.664 1 ATTITUDE 0.033099 0.613004 0.086752
77.666 1 ESTIMATOR 0. 0.
77.775 1 NAVIGATION 5 1 0. 0. 0. 0. 0 0
77.778 1 ATTITUDE 0.033102 0.612964 0.086725
77.784 1 GPS 0 0 0 0 0 0 0 0 0 0 1
77.861 1 ATTITUDE 0.033091 0.613092 0.086697
77.960 1 ATTITUDE 0.033102 0.613111 0.086713
77.970 1 DOWNLINK_STATUS 0 78 27825 1376 0 367. 18. 46.36
78.013 1 NAVIGATION 5 1 0. 0. 0. 0. 0 0
78.060 1 ATTITUDE 0.033083 0.613062 0.086701
78.161 1 ATTITUDE 0.033052 0.613263 0.08673
78.269 1 FBW_STATUS 0 47 0 67 0
78.273 1 NAVIGATION 5 1 0. 0. 0. 0. 0 0
78.277 1 ATTITUDE 0.033069 0.613145 0.086712
78.361 1 ATTITUDE 0.033047 0.612934 0.086685
78.463 1 ATTITUDE 0.033031 0.612991 0.086659
78.464 1 DOWNLINK 0 357 1522
78.513 1 NAVIGATION 5 1 0. 0. 0. 0. 0 0
78.560 1 ATTITUDE 0.033005 0.612801 0.086674
78.660 1 ATTITUDE 0.032992 0.612818 0.08667
78.775 1 NAVIGATION 5 1 0. 0. 0. 0. 0 0
78.778 1 ATTITUDE 0.033012 0.612855 0.086661
78.783 1 GPS 0 0 0 0 0 0 0 0 0 0 1
78.864 1 ATTITUDE 0.032972 0.612656 0.086676
78.866 1 ESTIMATOR 0. 0.
78.963 1 ATTITUDE 0.032966 0.612707 0.08661
78.966 1 PPRZ_MODE 0 1 2 0 0 17
78.970 1 DOWNLINK_STATUS 0 79 28194 1395 0 369. 19. 46.36
79.014 1 NAVIGATION 5 1 0. 0. 0. 0. 0 0
79.060 1 ATTITUDE 0.032955 0.612721 0.086625
79.160 1 ATTITUDE 0.032943 0.612724 0.086644
79.266 1 ATTITUDE 0.032929 0.61287 0.086621
79.271 1 NAVIGATION 5 1 0. 0. 0. 0. 0 0
79.364 1 ATTITUDE 0.032944 0.612986 0.086629
79.367 1 GPS_SOL 0 0 0 0
79.461 1 ATTITUDE 0.032913 0.613256 0.086619
79.514 1 NAVIGATION 5 1 0. 0. 0. 0. 0 0
79.561 1 ATTITUDE 0.032926 0.613494 0.086545
79.660 1 ATTITUDE 0.032964 0.613351 0.086568
79.774 1 NAVIGATION 5 1 0. 0. 0. 0. 0 0
79.778 1 ATTITUDE 0.032933 0.613424 0.086555
79.783 1 GPS 0 0 0 0 0 0 0 0 0 0 1
79.861 1 ATTITUDE 0.032908 0.613431 0.086556
79.961 1 ATTITUDE 0.032926 0.613315 0.086577
79.970 1 DOWNLINK_STATUS 0 80 28528 1411 0 334. 16. 46.36
80.014 1 NAVIGATION 5 1 0. 0. 0. 0. 0 0
80.064 1 ATTITUDE 0.032897 0.613777 0.086626
80.066 1 ESTIMATOR 0. 0.
80.161 1 ATTITUDE 0.032887 0.613856 0.086666
80.270 1 ATTITUDE 0.03289 0.614003 0.086685
80.271 1 FBW_STATUS 0 50 0 67 0
80.276 1 NAVIGATION 5 1 0. 0. 0. 0. 0 0
80.360 1 ATTITUDE 0.032885 0.613997 0.086698
80.461 1 ATTITUDE 0.032852 0.613733 0.086696
80.493 1 PONG 
80.514 1 NAVIGATION 5 1 0. 0. 0. 0. 0 0
80.561 1 ATTITUDE 0.032811 0.613715 0.086688
80.661 1 ATTITUDE 0.032798 0.613474 0.086689
80.774 1 NAVIGATION 5 1 0. 0. 0. 0. 0 0
80.777 1 ATTITUDE 0.032829 0.613279 0.08668
80.783 1 GPS 0 0 0 0 0 0 0 0 0 0 1
80.860 1 ATTITUDE 0.032831 0.613316 0.086674
80.960 1 ATTITUDE 0.032814 0.613124 0.086664
80.971 1 DOWNLINK_STATUS 0 81 28880 1429 0 352. 18. 45.37
81.013 1 NAVIGATION 5 1 0. 0. 0. 0. 0 0
81.060 1 ATTITUDE 0.032786 0.613034 0.086655
81.161 1 ATTITUDE 0.032766 0.613077 0.086629
81.269 1 ATTITUDE 0.032796 0.612796 0.086615
81.271 1 ESTIMATOR 0. 0.
81.276 1 NAVIGATION 5 1 0. 0. 0. 0. 0 0
81.361 1 ATTITUDE 0.032789 0.612536 0.086611
81.460 1 ATTITUDE 0.032797 0.612462 0.086601
81.513 1 NAVIGATION 5 1 0. 0. 0. 0. 0 0
81.560 1 ATTITUDE 0.032799 0.612291 0.086603
81.660 1 ATTITUDE 0.032833 0.612405 0.086603
81.775 1 NAVIGATION 5 1 0. 0. 0. 0. 0 0
81.778 1 ATTITUDE 0.032846 0.612237 0.086567
81.783 1 GPS 0 0 0 0 0 0 0 0 0 0 1
81.861 1 ATTITUDE 0.032859 0.612025 0.08656
81.960 1 ATTITUDE 0.032881 0.612112 0.086521
81.971 1 DOWNLINK_STATUS 0 82 29211 1445 0 331. 16. 45.37
82.013 1 NAVIGATION 5 1 0. 0. 0. 0. 0 0
82.060 1 ATTITUDE 0.032898 0.611938 0.086492
82.160 1 ATTITUDE 0.032916 0.612036 0.086484
82.269 1 ATTITUDE 0.032937 0.612128 0.086468
82.272 1 FBW_STATUS 0 52 0 67 0
82.276 1 NAVIGATION 5 1 0. 0. 0. 0. 0 0
82.365 1 ATTITUDE 0.032938 0.611911 0.086455
82.368 1 COMMANDS 26,-2352,1274,-2352,-588,0
82.466 1 ACTUATORS 1271,1635,1465,1487,1351
82.470 1 ATTITUDE 0.032957 0.611798 0.086492
82.473 1 ESTIMATOR 0. 0.
82.513 1 NAVIGATION 5 1 0. 0. 0. 0. 0 0
82.560 1 ATTITUDE 0.03299 0.611688 0.086503
82.660 1 ATTITUDE 0.033005 0.611467 0.086445
82.773 1 ATTITUDE 0.033034 0.61149 0.086433
82.779 1 GPS 0 0 0 0 0 0 0 0 0 0 1
82.783 1 NAVIGATION 5 1 0. 0. 0. 0. 0 0
82.860 1 ATTITUDE 0.033029 0.611162 0.086416
82.961 1 ATTITUDE 0.033047 0.610899 0.08643
82.971 1 DOWNLINK_STATUS 0 83 29593 1464 0 382. 19. 45.37
83.014 1 NAVIGATION 5 1 0. 0. 0. 0. 0 0
83.061 1 ATTITUDE 0.033064 0.611154 0.086438
83.160 1 ATTITUDE 0.033136 0.610701 0.086439
83.267 1 NAVIGATION 5 1 0. 0. 0. 0. 0 0
83.270 1 ATTITUDE 0.033086 0.610575 0.08643
83.360 1 ATTITUDE 0.03311 0.610288 0.086382
83.420 1 WIND_INFO 1 42 0. 0. 0.
83.462 1 ATTITUDE 0.033147 0.61015 0.086415
83.513 1 NAVIGATION 5 1 0. 0. 0. 0. 0 0
83.561 1 ATTITUDE 0.033182 0.61038 0.08644
83.663 1 ATTITUDE 0.033147 0.610233 0.086474
83.665 1 ESTIMATOR 0. 0.
83.774 1 NAVIGATION 5 1 0. 0. 0. 0. 0 0
83.777 1 ATTITUDE 0.033125 0.610205 0.086488
83.783 1 GPS 0 0 0 0 0 0 0 0 0 0 1
83.860 1 ATTITUDE 0.033192 0.610247 0.086503
83.960 1 ATTITUDE 0.033215 0.610098 0.086491
83.971 1 DOWNLINK_STATUS 0 84 29924 1480 0 331. 16. 45.37
84.013 1 NAVIGATION 5 1 0. 0. 0. 0. 0 0
84.060 1 ATTITUDE 0.033328 0.609912 0.08644
84.160 1 ATTITUDE 0.033611 0.610237 0.086492
84.268 1 FBW_STATUS 0 47 0 67 0
84.272 1 NAVIGATION 5 1 0. 0. 0. 0. 0 0
84.276 1 ATTITUDE 0.032952 0.609499 0.086604
84.972 1 DOWNLINK_STATUS 0 85 30045 1486 0 121. 6. 45.37
85.973 1 DOWNLINK_STATUS 0 86 30045 1486 0 0. 0. -4954.89
86.975 1 DOWNLINK_STATUS 0 87 30045 1486 0 0. 0. -4954.89
87.975 1 DOWNLINK_STATUS 0 88 30045 1486 0 0. 0. -4954.89
88.976 1 DOWNLINK_STATUS 0 89 30045 1486 0 0. 0. -4954.89
89.308 1 NAVIGATION 5 0 0. 0. 0. 0. 0 0
89.323 1 ATTITUDE 0. 0. 0.
89.325 1 PPRZ_MODE 0 0 0 0 0 17
89.341 1 ATTITUDE 0. 0. 0.
89.345 1 BAT 26 67 0 0 0 0 0 0
89.360 1 NAVIGATION 5 1 0. 0. 0. 0. 0 0
89.376 1 ATTITUDE 0. 0. 0.
89.380 1 ALIVE 63,108,16,232,75,97,60,32,172,119,33,165,254,7,149,72
89.393 1 ATTITUDE 0. 0. 0.
89.395 1 DOWNLINK 0 31 19
89.410 1 ATTITUDE 0. 0. 0.
89.412 1 GPS_SOL 0 0 0 0
89.428 1 NAVIGATION 5 1 0. 0. 0. 0. 0 0
89.444 1 ATTITUDE 0. 0. 0.
89.469 1 ATTITUDE 0. 0. 0.
89.474 1 NAVIGATION 5 1 0. 0. 0. 0. 0 0
89.476 1 ATTITUDE 0. 0. 0.
89.479 1 ATTITUDE 0. 0. 0.
89.485 1 GPS 0 0 0 0 0 0 0 0 0 0 1
89.488 1 ATTITUDE 0. 0. 0.
89.493 1 NAVIGATION 5 1 0. 0. 0. 0. 0 0
89.496 1 ATTITUDE 0. 0. 0.
89.499 1 ATTITUDE 0. 0. 0.
89.502 1 ESTIMATOR 0. 0.
89.506 1 NAVIGATION 5 1 0. 0. 0. 0. 0 0
89.509 1 ATTITUDE 0. 0. 0.
89.512 1 ATTITUDE 0. 0. 0.
89.516 1 ATTITUDE 0. 0. 0.
89.520 1 NAVIGATION 5 1 0. 0. 0. 0. 0 0
89.523 1 ATTITUDE 0. 0. 0.
89.526 1 ATTITUDE 0. 0. 0.
89.529 1 FBW_STATUS 0 47 0 67 0
89.539 1 ATTITUDE 0. 0. 0.
89.543 1 NAVIGATION 5 1 0. 0. 0. 0. 0 0
89.567 1 ATTITUDE 0. 0. 0.
89.570 1 ESTIMATOR 0. 0.
89.665 1 ATTITUDE 0. 0. 0.
89.754 1 NAVIGATION 5 1 0. 0. 0. 0. 0 0
89.757 1 FBW_STATUS 0 49 0 67 0
89.770 1 ATTITUDE 0. 0. 0.
89.872 1 ATTITUDE 0. 0. 0.
89.878 1 GPS 0 0 0 0 0 0 0 0 0 0 1
89.964 1 ATTITUDE 0. 0. 0.
89.977 1 DOWNLINK_STATUS 0 90 30901 1529 1 856. 43. -4954.89
90.001 1 NAVIGATION 5 1 0. 0. 0. 0. 0 0
90.064 1 ATTITUDE 0. 0. 0.
90.164 1 ATTITUDE 0. 0. 0.
90.251 1 NAVIGATION 5 1 0. 0. 0. 0. 0 0
90.266 1 ATTITUDE 0. 0. 0.
90.365 1 ATTITUDE 0. 0. 0.
90.465 1 ATTITUDE 0. 0. 0.
90.503 1 NAVIGATION 5 1 0. 0. 0. 0. 0 0
90.503 1 PONG 
90.565 1 ATTITUDE 0. 0. 0.
90.664 1 ATTITUDE 0. 0. 0.
90.751 1 NAVIGATION 5 1 0. 0. 0. 0. 0 0
90.767 1 ATTITUDE 0. 0. 0.
90.770 1 ESTIMATOR 0. 0.
90.848 1 COMMANDS 26,-2352,1274,-2352,-588,0
90.872 1 ATTITUDE 0. 0. 0.
90.877 1 GPS 0 0 0 0 0 0 0 0 0 0 1
90.948 1 ACTUATORS 1271,1635,1464,1487,1351
90.965 1 ATTITUDE 0. 0. 0.
90.977 1 DOWNLINK_STATUS 0 91 31274 1548 1 373. 19. 55.34
91.001 1 NAVIGATION 5 1 0. 0. 0. 0. 0 0
91.065 1 ATTITUDE 0. 0. 0.
91.164 1 ATTITUDE 0. 0. 0.
91.251 1 NAVIGATION 5 1 0. 0. 0. 0. 0 0
91.266 1 ATTITUDE 0. 0. 0.
91.364 1 ATTITUDE 0. 0. 0.
91.465 1 ATTITUDE 0. 0. 0.
91.501 1 NAVIGATION 5 1 0. 0. 0. 0. 0 0
91.565 1 ATTITUDE 0. 0. 0.
91.665 1 ATTITUDE 0. 0. 0.
91.752 1 FBW_STATUS 0 51 0 67 0
91.756 1 NAVIGATION 5 1 0. 0. 0. 0. 0 0
91.769 1 ATTITUDE 0. 0. 0.
91.872 1 ATTITUDE 0.030499 0.621949 0.087953
91.877 1 GPS 0 0 0 0 0 0 0 0 0 0 1
91.968 1 ATTITUDE 0.030525 0.621548 0.087943
91.970 1 ESTIMATOR 0. 0.
91.977 1 DOWNLINK_STATUS 0 92 31620 1565 1 346. 17. 55.34
92.001 1 NAVIGATION 5 1 0. 0. 0. 0. 0 0
92.067 1 ATTITUDE 0.030567 0.621267 0.087965
92.069 1 PPRZ_MODE 0 1 2 0 0 17
92.165 1 ATTITUDE 0.030579 0.621375 0.087922
92.251 1 NAVIGATION 5 1 0. 0. 0. 0. 0 0
92.267 1 ATTITUDE 0.030643 0.621469 0.087932
92.365 1 ATTITUDE 0.030646 0.621162 0.087883
92.464 1 ATTITUDE 0.030664 0.621151 0.087906
92.501 1 NAVIGATION 5 1 0. 0. 0. 0. 0 0
92.564 1 ATTITUDE 0.030686 0.620899 0.087916
92.665 1 ATTITUDE 0.030735 0.620512 0.087906
92.751 1 NAVIGATION 5 1 0. 0. 0. 0. 0 0
92.766 1 ATTITUDE 0.030737 0.620458 0.087935
92.872 1 ATTITUDE 0.030762 0.620512 0.08793
92.878 1 GPS 0 0 0 0 0 0 0 0 0 0 1
92.964 1 ATTITUDE 0.030765 0.620634 0.087939
92.978 1 DOWNLINK_STATUS 0 93 31949 1581 1 329. 16. 55.34
93.000 1 NAVIGATION 5 1 0. 0. 0. 0. 0 0
93.064 1 ATTITUDE 0.030793 0.620776 0.087915
93.167 1 ATTITUDE 0.030851 0.620616 0.087907
93.170 1 ESTIMATOR 0. 0.
93.251 1 NAVIGATION 5 1 0. 0. 0. 0. 0 0
93.266 1 ATTITUDE 0.03087 0.620562 0.087892
93.365 1 ATTITUDE 0.030873 0.620476 0.087873
93.420 1 WIND_INFO 1 42 0. 0. 0.
93.465 1 ATTITUDE 0.030879 0.620315 0.087851
93.501 1 NAVIGATION 5 1 0. 0. 0. 0. 0 0
93.564 1 ATTITUDE 0.030893 0.620353 0.087879
93.664 1 ATTITUDE 0.030977 0.620369 0.087865
93.752 1 FBW_STATUS 0 53 0 67 0
93.756 1 NAVIGATION 5 1 0. 0. 0. 0. 0 0
93.769 1 ATTITUDE 0.031018 0.620206 0.087862
93.872 1 ATTITUDE 0.031045 0.620104 0.087813
93.877 1 GPS 0 0 0 0 0 0 0 0 0 0 1
93.965 1 ATTITUDE 0.031101 0.619849 0.087776
93.978 1 DOWNLINK_STATUS 0 94 32295 1598 1 346. 17. 55.34
94.001 1 NAVIGATION 5 1 0. 0. 0. 0. 0 0
94.065 1 ATTITUDE 0.031161 0.619527 0.087801
94.164 1 ATTITUDE 0.031185 0.619542 0.087821
94.251 1 NAVIGATION 5 1 0. 0. 0. 0. 0 0
94.266 1 ATTITUDE 0.031188 0.619333 0.087811
94.367 1 ATTITUDE 0.03122 0.619368 0.08782
94.370 1 ESTIMATOR 0. 0.
94.465 1 ATTITUDE 0.03123 0.619136 0.087809
94.501 1 NAVIGATION 5 1 0. 0. 0. 0. 0 0
94.565 1 ATTITUDE 0.03127 0.61879 0.087796
94.664 1 ATTITUDE 0.031308 0.618571 0.087749
94.750 1 NAVIGATION 5 1 0. 0. 0. 0. 0 0
94.766 1 ATTITUDE 0.031361 0.618252 0.087734
94.871 1 ATTITUDE 0.031393 0.618121 0.087733
94.877 1 GPS 0 0 0 0 0 0 0 0 0 0 1
94.965 1 ATTITUDE 0.031462 0.617997 0.087728
94.978 1 DOWNLINK_STATUS 0 95 32626 1614 1 331. 16. 55.34
95.001 1 NAVIGATION 5 1 0. 0. 0. 0. 0 0
95.065 1 ATTITUDE 0.031491 0.617875 0.0877
95.165 1 ATTITUDE 0.031566 0.617744 0.087705
95.250 1 NAVIGATION 5 1 0. 0. 0. 0. 0 0
95.266 1 ATTITUDE 0.031628 0.617814 0.087703
95.364 1 ATTITUDE 0.031699 0.617658 0.087716
95.465 1 ATTITUDE 0.031744 0.617423 0.087738
95.502 1 NAVIGATION 5 1 0. 0. 0. 0. 0 0
95.503 1 PONG 
95.568 1 ATTITUDE 0.031812 0.617654 0.087746
95.570 1 ESTIMATOR 0. 0.
95.665 1 ATTITUDE 0.031886 0.61758 0.087807
95.752 1 FBW_STATUS 0 53 0 67 0
95.757 1 NAVIGATION 5 1 0. 0. 0. 0. 0 0
95.769 1 ATTITUDE 0.031913 0.617767 0.087751
95.848 1 COMMANDS 26,-2352,1274,-2352,-588,0
95.871 1 ATTITUDE 0.031946 0.617603 0.08771
95.877 1 GPS 0 0 0 0 0 0 0 0 0 0 1
95.947 1 ACTUATORS 1271,1635,1464,1487,1351
95.964 1 ATTITUDE 0.03199 0.617337 0.087692
95.978 1 DOWNLINK_STATUS 0 96 33014 1634 1 388. 20. 54.58
96.001 1 NAVIGATION 5 1 0. 0. 0. 0. 0 0
96.064 1 ATTITUDE 0.032099 0.617572 0.087633
96.080 1 PPRZ_MODE 1 1 2 0 0 21
96.165 1 ATTITUDE 0.03222 0.617265 0.087629
96.251 1 NAVIGATION 5 1 0. 0. 0. 0. 0 0
96.269 1 ATTITUDE 0.032235 0.61687 0.087642
96.273 1 BAT 26 67 0 0 1 10 10 0
96.364 1 ATTITUDE 0.032318 0.617031 0.087662
96.469 1 ATTITUDE 0.03235 0.616735 0.08764
96.473 1 ALIVE 63,108,16,232,75,97,60,32,172,119,33,165,254,7,149,72
96.500 1 NAVIGATION 5 1 0. 0. 0. 0. 0 0
96.564 1 ATTITUDE 0.032351 0.616409 0.08764
96.664 1 ATTITUDE 0.032385 0.616177 0.087658
96.751 1 NAVIGATION 5 1 0. 0. 0. 0. 0 0
96.770 1 ATTITUDE 0.032383 0.615966 0.087647
96.773 1 ESTIMATOR 0. 0.
96.774 1 DOWNLINK 0 353 201
96.872 1 ATTITUDE 0.032377 0.615988 0.087629
96.877 1 GPS 0 0 0 0 0 0 0 0 0 0 1
96.968 1 ATTITUDE 0.03234 0.616177 0.087613
96.971 1 GPS_SOL 0 0 0 0
96.980 1 DOWNLINK_STATUS 0 97 33429 1655 1 415. 21. 54.58
97.000 1 NAVIGATION 5 1 0. 0. 0. 0. 0 0
97.064 1 ATTITUDE 0.03236 0.616128 0.087633
97.164 1 ATTITUDE 0.032319 0.616383 0.087644
97.251 1 NAVIGATION 5 1 0. 0. 0. 0. 0 0
97.266 1 ATTITUDE 0.032262 0.616269 0.08766
97.312 1 PPRZ_MODE 0 1 2 0 0 17
97.365 1 ATTITUDE 0.032291 0.616206 0.087645
97.465 1 ATTITUDE 0.032297 0.615951 0.087651
97.501 1 NAVIGATION 5 1 0. 0. 0. 0. 0 0
97.564 1 ATTITUDE 0.032298 0.616058 0.087658
97.664 1 ATTITUDE 0.032322 0.615971 0.087679
97.752 1 FBW_STATUS 0 47 0 67 0
97.756 1 NAVIGATION 5 1 0. 0. 0. 0. 0 0
97.769 1 ATTITUDE 0.032361 0.615976 0.087645
97.872 1 ATTITUDE 0.032403 0.616054 0.087666
97.877 1 GPS 0 0 0 0 0 0 0 0 0 0 1
97.968 1 ATTITUDE 0.032462 0.615909 0.08764
97.970 1 ESTIMATOR 0. 0.
97.980 1 DOWNLINK_STATUS 0 98 33787 1673 1 358. 18. 54.58
98.001 1 NAVIGATION 5 1 0. 0. 0. 0. 0 0
98.066 1 ATTITUDE 0.032511 0.615863 0.087606
98.068 1 PPRZ_MODE 0 1 2 0 0 17
98.164 1 ATTITUDE 0.032518 0.615568 0.08763
98.250 1 NAVIGATION 5 1 0. 0. 0. 0. 0 0
98.265 1 ATTITUDE 0.03256 0.615703 0.087623
98.364 1 ATTITUDE 0.0326 0.615499 0.087623
98.464 1 ATTITUDE 0.032596 0.615534 0.087614
98.501 1 NAVIGATION 5 1 0. 0. 0. 0. 0 0
98.564 1 ATTITUDE 0.032639 0.61562 0.087665
98.665 1 ATTITUDE 0.032662 0.615389 0.087674
98.751 1 NAVIGATION 5 1 0. 0. 0. 0. 0 0
98.765 1 ATTITUDE 0.032616 0.615287 0.087685
98.871 1 ATTITUDE 0.032605 0.615294 0.087686
98.877 1 GPS 0 0 0 0 0 0 0 0 0 0 1
98.964 1 ATTITUDE 0.032669 0.615335 0.087619
98.981 1 DOWNLINK_STATUS 0 99 34116 1689 1 329. 16. 54.58
99.000 1 NAVIGATION 5 1 0. 0. 0. 0. 0 0
99.064 1 ATTITUDE 0.03268 0.615698 0.087669
99.168 1 ATTITUDE 0.032713 0.615616 0.087662
99.170 1 ESTIMATOR 0. 0.
99.251 1 NAVIGATION 5 1 0. 0. 0. 0. 0 0
99.265 1 ATTITUDE 0.032718 0.615856 0.087641
99.364 1 ATTITUDE 0.032718 0.616078 0.08764
99.464 1 ATTITUDE 0.032712 0.615976 0.087658
99.500 1 NAVIGATION 5 1 0. 0. 0. 0. 0 0
99.564 1 ATTITUDE 0.03272 0.615978 0.087638
99.664 1 ATTITUDE 0.032711 0.615799 0.087626
99.751 1 FBW_STATUS 0 48 0 67 0
99.756 1 NAVIGATION 5 1 0. 0. 0. 0. 0 0
99.769 1 ATTITUDE 0.032724 0.615668 0.087635
99.849 1 BLOCK 3 1
99.872 1 ATTITUDE 0.032704 0.615855 0.087627
99.877 1 GPS 0 0 0 0 0 0 0 0 0 0 1
99.930 1 NAVIGATION 3 0 0. 0. 0. 0. 0 0
99.964 1 ATTITUDE 0.032697 0.616061 0.087599
99.981 1 DOWNLINK_STATUS 0 100 34488 1707 1 372. 18. 54.58
100.000 1 NAVIGATION 5 0 0. 0. 0. 0. 0 0
100.064 1 ATTITUDE 0.032731 0.616169 0.08758
100.164 1 ATTITUDE 0.032743 0.616236 0.087568
100.251 1 NAVIGATION 5 1 0. 0. 0. 0. 0 0
100.266 1 ATTITUDE 0.032752 0.615963 0.087565
100.367 1 ATTITUDE 0.032797 0.615916 0.08758
100.370 1 ESTIMATOR 0. 0.
100.465 1 ATTITUDE 0.03281 0.615734 0.08755
100.502 1 NAVIGATION 5 1 0. 0. 0. 0. 0 0
100.502 1 PONG 
100.564 1 ATTITUDE 0.0328 0.615642 0.087528
100.664 1 ATTITUDE 0.032815 0.615654 0.087559
100.750 1 NAVIGATION 5 1 0. 0. 0. 0. 0 0
100.766 1 ATTITUDE 0.032838 0.61544 0.087567
100.848 1 COMMANDS 26,-2352,1274,-2352,-588,0
100.871 1 ATTITUDE 0.03282 0.615631 0.087581
100.877 1 GPS 0 0 0 0 0 0 0 0 0 0 1
100.947 1 ACTUATORS 1271,1635,1465,1487,1351
100.964 1 ATTITUDE 0.032813 0.615693 0.087532
100.981 1 DOWNLINK_STATUS 0 101 34861 1726 1 373. 19. 53.59
101.001 1 NAVIGATION 5 1 0. 0. 0. 0. 0 0
101.063 1 ATTITUDE 0.032838 0.615854 0.087546
101.138 1 BLOCK 4 1
101.176 1 ATTITUDE 0.032799 0.616159 0.087571
101.194 1 NAVIGATION 4 0 0. 0. 0. 0. 0 0
101.250 1 NAVIGATION 5 0 0. 0. 0. 0. 0 0
101.265 1 ATTITUDE 0.032799 0.616525 0.08753
101.364 1 ATTITUDE 0.032816 0.616426 0.087536
101.464 1 ATTITUDE 0.032818 0.616558 0.087508
101.501 1 NAVIGATION 5 1 0. 0. 0. 0. 0 0
101.567 1 ATTITUDE 0.032868 0.616418 0.087519
101.570 1 ESTIMATOR 0. 0.
101.664 1 ATTITUDE 0.032872 0.616515 0.087531
101.751 1 FBW_STATUS 0 49 0 67 0
101.756 1 NAVIGATION 5 1 0. 0. 0. 0. 0 0
101.768 1 ATTITUDE 0.032882 0.616615 0.087534
101.871 1 ATTITUDE 0.032918 0.616362 0.087531
101.877 1 GPS 0 0 0 0 0 0 0 0 0 0 1
101.937 1 BLOCK 4 1
101.968 1 ATTITUDE 0.03291 0.616304 0.087554
101.981 1 DOWNLINK_STATUS 0 102 35233 1744 1 372. 18. 53.59
102.024 1 NAVIGATION 4 0 0. 0. 0. 0. 0 0
102.040 1 NAVIGATION 5 0 0. 0. 0. 0. 0 0
102.064 1 ATTITUDE 0.032914 0.616593 0.087536
102.163 1 ATTITUDE 0.032907 0.616498 0.087537
102.251 1 NAVIGATION 5 1 0. 0. 0. 0. 0 0
102.265 1 ATTITUDE 0.03293 0.616448 0.087522
102.364 1 ATTITUDE 0.032976 0.616506 0.087563
102.464 1 ATTITUDE 0.032977 0.616276 0.087573
102.500 1 NAVIGATION 5 1 0. 0. 0. 0. 0 0
102.564 1 ATTITUDE 0.032959 0.6163 0.087566
102.665 1 ATTITUDE 0.032988 0.616245 0.087571
102.751 1 NAVIGATION 5 1 0. 0. 0. 0. 0 0
102.766 1 ATTITUDE 0.033054 0.616081 0.087611
102.769 1 ESTIMATOR 0. 0.
102.871 1 ATTITUDE 0.033113 0.616017 0.087576
102.876 1 GPS 0 0 0 0 0 0 0 0 0 0 1
102.964 1 ATTITUDE 0.033143 0.615814 0.087531
102.982 1 DOWNLINK_STATUS 0 103 35590 1761 1 357. 17. 53.59
103.000 1 NAVIGATION 5 1 0. 0. 0. 0. 0 0
103.064 1 ATTITUDE 0.033161 0.615916 0.087535
103.164 1 ATTITUDE 0.033175 0.616079 0.08755
103.251 1 NAVIGATION 5 1 0. 0. 0. 0. 0 0
103.266 1 ATTITUDE 0.033204 0.615945 0.087603
103.364 1 ATTITUDE 0.033192 0.616054 0.087601
103.421 1 WIND_INFO 1 42 0. 0. 0.
103.463 1 ATTITUDE 0.033232 0.61605 0.087549
103.500 1 NAVIGATION 5 1 0. 0. 0. 0. 0 0
103.564 1 ATTITUDE 0.033244 0.616288 0.087527
103.664 1 ATTITUDE 0.033299 0.616324 0.087548
103.752 1 FBW_STATUS 0 50 0 67 0
103.756 1 NAVIGATION 5 1 0. 0. 0. 0. 0 0
103.769 1 ATTITUDE 0.033293 0.616215 0.08759
103.871 1 ATTITUDE 0.033333 0.616235 0.087587
103.877 1 GPS 0 0 0 0 0 0 0 0 0 0 1
103.966 1 ATTITUDE 0.033374 0.616104 0.08754
103.969 1 ESTIMATOR 0. 0.
103.983 1 DOWNLINK_STATUS 0 104 35936 1778 1 346. 17. 53.59
104.000 1 NAVIGATION 5 1 0. 0. 0. 0. 0 0
104.066 1 ATTITUDE 0.033411 0.616054 0.087505
104.068 1 PPRZ_MODE 0 1 2 0 0 17
104.164 1 ATTITUDE 0.033416 0.615905 0.087511
104.250 1 NAVIGATION 5 1 0. 0. 0. 0. 0 0
104.265 1 ATTITUDE 0.033385 0.615862 0.087533
104.364 1 ATTITUDE 0.033402 0.615596 0.087573
104.464 1 ATTITUDE 0.033454 0.615567 0.087564
104.500 1 NAVIGATION 5 1 0. 0. 0. 0. 0 0
104.563 1 ATTITUDE 0.033471 0.615563 0.087623
104.663 1 ATTITUDE 0.033535 0.615336 0.087636
104.750 1 NAVIGATION 5 1 0. 0. 0. 0. 0 0
104.765 1 ATTITUDE 0.033581 0.615512 0.087684
104.871 1 ATTITUDE 0.03363 0.61543 0.087665
104.877 1 GPS 0 0 0 0 0 0 0 0 0 0 1
104.964 1 ATTITUDE 0.033653 0.61541 0.087663
104.983 1 DOWNLINK_STATUS 0 105 36265 1794 1 329. 16. 53.59
105.000 1 NAVIGATION 5 1 0. 0. 0. 0. 0 0
105.064 1 ATTITUDE 0.03371 0.615794 0.087595
105.167 1 ATTITUDE 0.033743 0.615607 0.08761
105.169 1 ESTIMATOR 0. 0.
105.250 1 NAVIGATION 5 1 0. 0. 0. 0. 0 0
105.265 1 ATTITUDE 0.033801 0.615599 0.087641
105.364 1 ATTITUDE 0.033866 0.615796 0.087619
105.400 1 SETTING 0 1 1.
105.443 1 DL_VALUE 0 1.
105.487 1 PONG 
105.508 1 NAVIGATION 5 1 0. 0. 0. 0. 0 0
105.536 1 GPS 0 0 0 0 0 0 0 0 0 0 0
105.632 1 BAT 26 67 0 0 1 3 3 0
105.681 1 ATTITUDE 0.033912 0.616521 0.087681
105.728 1 ESTIMATOR 0. 0.
105.751 1 FBW_STATUS 0 48 0 67 0
105.756 1 NAVIGATION 5 1 0. 0. 0. 0. 0 0
105.834 1 WP_MOVED 1 332416. 5933901. 260. 12
105.847 1 COMMANDS 26,-2352,1274,-2352,-588,0
105.933 1 ATTITUDE 0.033949 0.616778 0.087577
105.935 1 DL_VALUE 0 1.
105.949 1 ACTUATORS 1271,1635,1465,1487,1351
105.983 1 DOWNLINK_STATUS 0 106 36658 1815 1 393. 21. 37.69
106.000 1 NAVIGATION 5 1 0. 0. 0. 0. 0 0
106.134 1 NAVIGATION 5 1 0. 0. 0. 0. 0 0
106.181 1 ATTITUDE 0.033994 0.61651 0.087502
106.250 1 NAVIGATION 5 1 0. 0. 0. 0. 0 0
106.438 1 ATTITUDE 0.034055 0.616649 0.08748
106.445 1 DESIRED 34.91 0.07 0. 0. 0. 235. 0. 12.
106.500 1 NAVIGATION 5 1 0. 0. 0. 0. 0 0
106.532 1 ALIVE 63,108,16,232,75,97,60,32,172,119,33,165,254,7,149,72
106.586 1 GPS 0 0 0 0 0 0 0 0 0 0 1
106.628 1 PPRZ_MODE 0 1 2 0 0 17
106.681 1 ATTITUDE 0.0341 0.616647 0.087599
106.734 1 BAT 26 67 0 0 1 4 4 0
106.735 1 STATE_FILTER_STATUS 3 0
106.751 1 NAVIGATION 5 1 0. 0. 0. 0. 0 0
106.830 1 GPS_SOL 0 0 0 0
106.933 1 ATTITUDE 0.034159 0.616427 0.087632
106.934 1 CALIBRATION 0. 0
106.984 1 DOWNLINK_STATUS 0 107 37024 1832 1 366. 17. 37.69
107.000 1 NAVIGATION 5 1 0. 0. 0. 0. 0 0
107.031 1 ESTIMATOR 0. 0.
107.033 1 DOWNLINK 0 744 385
107.180 1 ATTITUDE 0.034151 0.616539 0.087649
107.234 1 WP_MOVED 2 332465.5 5934001. 260. 12
107.237 1 NAVIGATION_REF 332416 5933901 12
107.252 1 NAVIGATION 5 1 0. 0. 0. 0. 0 0
107.433 1 ATTITUDE 0.034161 0.616184 0.087668
107.434 1 DL_VALUE 1 0.
107.500 1 NAVIGATION 5 1 0. 0. 0. 0. 0 0
107.636 1 GPS 0 0 0 0 0 0 0 0 0 0 1
107.680 1 ATTITUDE 0.034105 0.616392 0.087668
107.751 1 FBW_STATUS 0 47 0 67 0
107.756 1 NAVIGATION 5 1 0. 0. 0. 0. 0 0
107.831 1 BAT 26 67 0 0 1 6 6 0
107.931 1 ATTITUDE 0.034041 0.615922 0.087636
107.984 1 DOWNLINK_STATUS 0 108 37340 1848 1 316. 16. 37.69
108.000 1 NAVIGATION 5 1 0. 0. 0. 0. 0 0
108.180 1 ATTITUDE 0.034029 0.615356 0.087613
108.185 1 SETTING 0 1 0.
108.227 1 DL_VALUE 0 0.
108.253 1 NAVIGATION 5 1 0. 0. 0. 0. 0 0
108.257 1 ATTITUDE 0.033995 0.615556 0.087616
108.347 1 ATTITUDE 0.033931 0.61553 0.087597
108.447 1 ATTITUDE 0.033934 0.615307 0.087577
108.500 1 NAVIGATION 5 1 0. 0. 0. 0. 0 0
108.547 1 ATTITUDE 0.033888 0.615215 0.087573
108.654 1 ATTITUDE 0.033882 0.615183 0.087541
108.660 1 GPS 0 0 0 0 0 0 0 0 0 0 1
108.752 1 ATTITUDE 0.033853 0.615076 0.087483
108.757 1 NAVIGATION 5 1 0. 0. 0. 0. 0 0
108.847 1 ATTITUDE 0.033846 0.615087 0.087431
108.947 1 ATTITUDE 0.033819 0.615013 0.087408
108.984 1 DOWNLINK_STATUS 0 109 37650 1863 1 310. 15. 37.69
109.000 1 NAVIGATION 5 1 0. 0. 0. 0. 0 0
109.047 1 ATTITUDE 0.033792 0.614915 0.087417
109.155 1 ATTITUDE 0.033748 0.615096 0.087418
109.157 1 ESTIMATOR 0. 0.
109.161 1 BAT 26 67 0 0 1 7 7 0
109.253 1 ATTITUDE 0.033738 0.615014 0.087386
109.257 1 NAVIGATION 5 1 0. 0. 0. 0. 0 0
109.346 1 ATTITUDE 0.033704 0.615017 0.087368
109.451 1 ATTITUDE 0.033705 0.61518 0.087345
109.455 1 ALIVE 63,108,16,232,75,97,60,32,172,119,33,165,254,7,149,72
109.500 1 NAVIGATION 5 1 0. 0. 0. 0. 0 0
109.547 1 ATTITUDE 0.033675 0.615049 0.087316
109.654 1 ATTITUDE 0.033647 0.615173 0.087322
109.660 1 GPS 0 0 0 0 0 0 0 0 0 0 1
109.755 1 FBW_STATUS 0 52 0 67 0
109.760 1 NAVIGATION 5 1 0. 0. 0. 0. 0 0
109.763 1 ATTITUDE 0.033616 0.615131 0.087335
109.846 1 ATTITUDE 0.033597 0.614994 0.087325
109.949 1 ATTITUDE 0.033565 0.615039 0.087287
109.951 1 DOWNLINK 0 452 433
109.985 1 DOWNLINK_STATUS 0 110 38051 1883 1 401. 20. 37.69
109.999 1 NAVIGATION 5 1 0. 0. 0. 0. 0 0
110.047 1 ATTITUDE 0.033527 0.614985 0.087282
110.147 1 ATTITUDE 0.03353 0.614866 0.087215
110.257 1 NAVIGATION 5 1 0. 0. 0. 0. 0 0
110.261 1 ATTITUDE 0.033533 0.614962 0.087227
110.264 1 GPS_SOL 0 0 0 0
110.350 1 ATTITUDE 0.03354 0.614996 0.087187
110.353 1 ESTIMATOR 0. 0.
110.446 1 ATTITUDE 0.033588 0.614816 0.087161
110.488 1 PONG 
110.508 1 NAVIGATION 5 1 0. 0. 0. 0. 0 0
110.546 1 ATTITUDE 0.033612 0.614938 0.087154
110.654 1 ATTITUDE 0.033608 0.61472 0.087113
110.659 1 GPS 0 0 0 0 0 0 0 0 0 0 1
110.754 1 NAVIGATION 5 1 0. 0. 0. 0. 0 0
110.757 1 ATTITUDE 0.033587 0.614539 0.087091
110.851 1 ATTITUDE 0.033572 0.614253 0.087067
110.854 1 COMMANDS 26,-2352,1274,-2352,-588,0
110.949 1 ACTUATORS 1271,1635,1465,1487,1351
110.953 1 ATTITUDE 0.033574 0.614114 0.087102
110.985 1 DOWNLINK_STATUS 0 111 38441 1903 1 390. 20. 38.66
111.000 1 NAVIGATION 5 1 0. 0. 0. 0. 0 0
111.046 1 ATTITUDE 0.033553 0.614176 0.087131
111.146 1 ATTITUDE 0.033549 0.614076 0.087135
111.254 1 NAVIGATION 5 1 0. 0. 0. 0. 0 0
111.257 1 ATTITUDE 0.033517 0.614041 0.087146
111.347 1 ATTITUDE 0.033481 0.613924 0.087134
111.447 1 ATTITUDE 0.033517 0.61375 0.087198
111.500 1 NAVIGATION 5 1 0. 0. 0. 0. 0 0
111.550 1 ATTITUDE 0.0335 0.613586 0.087182
111.552 1 ESTIMATOR 0. 0.
111.653 1 ATTITUDE 0.03346 0.613513 0.087165
111.659 1 GPS 0 0 0 0 0 0 0 0 0 0 1
111.755 1 FBW_STATUS 0 49 0 67 0
111.759 1 NAVIGATION 5 1 0. 0. 0. 0. 0 0
111.762 1 ATTITUDE 0.0335 0.613497 0.087179
111.847 1 ATTITUDE 0.033502 0.613432 0.087163
111.947 1 ATTITUDE 0.03349 0.613217 0.087136
111.969 1 BLOCK 2 1
111.986 1 DOWNLINK_STATUS 0 112 38787 1920 1 346. 17. 38.66
112.010 1 NAVIGATION 5 1 0. 0. 0. 0. 0 0
112.027 1 NAVIGATION 2 0 0. 0. 0. 0. 0 0
112.047 1 ATTITUDE 0.033475 0.612909 0.087123
112.146 1 ATTITUDE 0.03347 0.613141 0.087123
112.253 1 NAVIGATION 5 0 0. 0. 0. 0. 0 0
112.256 1 ATTITUDE 0.03348 0.612857 0.087062
112.346 1 ATTITUDE 0.033475 0.612736 0.087042
112.447 1 ATTITUDE 0.033491 0.612866 0.086982
112.500 1 NAVIGATION 5 1 0. 0. 0. 0. 0 0
112.547 1 ATTITUDE 0.033495 0.612761 0.087007
112.654 1 ATTITUDE 0.033507 0.612528 0.087028
112.657 1 BLOCK 2 1
112.660 1 GPS 0 0 0 0 0 0 0 0 0 0 1
112.704 1 NAVIGATION 2 0 0. 0. 0. 0. 0 0
112.756 1 NAVIGATION 5 0 0. 0. 0. 0. 0 0
112.759 1 ATTITUDE 0.033527 0.612616 0.087016
112.762 1 ESTIMATOR 0. 0.
112.849 1 ATTITUDE 0.033555 0.612532 0.087021
112.851 1 PPRZ_MODE 0 1 2 0 0 17
112.947 1 ATTITUDE 0.033601 0.612506 0.086985
112.987 1 DOWNLINK_STATUS 0 113 39182 1939 1 395. 19. 38.66
113.000 1 NAVIGATION 5 1 0. 0. 0. 0. 0 0
113.047 1 ATTITUDE 0.033596 0.612566 0.087027
113.147 1 ATTITUDE 0.033635 0.612609 0.087021
113.254 1 NAVIGATION 5 1 0. 0. 0. 0. 0 0
113.256 1 ATTITUDE 0.033634 0.612859 0.087044
113.346 1 ATTITUDE 0.033635 0.61316 0.087032
113.393 1 BLOCK 2 1
113.420 1 WIND_INFO 1 42 0. 0. 0.
113.440 1 NAVIGATION 2 0 0. 0. 0. 0. 0 0
113.498 1 ATTITUDE 0.033618 0.61333 0.087004
113.574 1 NAVIGATION 5 0 0. 0. 0. 0. 0 0
113.589 1 ATTITUDE 0.033626 0.613773 0.08702
113.654 1 ATTITUDE 0.03363 0.613535 0.087001
113.659 1 GPS 0 0 0 0 0 0 0 0 0 0 1
113.755 1 FBW_STATUS 0 51 0 67 0
113.759 1 NAVIGATION 5 1 0. 0. 0. 0. 0 0
113.763 1 ATTITUDE 0.03366 0.613363 0.087014
113.847 1 ATTITUDE 0.033693 0.613383 0.086969
113.949 1 ATTITUDE 0.033727 0.61318 0.08693
113.952 1 ESTIMATOR 0. 0.
113.987 1 DOWNLINK_STATUS 0 114 39554 1957 1 372. 18. 38.66
113.999 1 NAVIGATION 5 1 0. 0. 0. 0. 0 0
114.046 1 ATTITUDE 0.033764 0.613372 0.086944
114.146 1 ATTITUDE 0.033789 0.613335 0.086937
114.153 1 BLOCK 2 1
114.200 1 NAVIGATION 2 0 0. 0. 0. 0. 0 0
114.253 1 NAVIGATION 5 0 0. 0. 0. 0. 0 0
114.257 1 ATTITUDE 0.033799 0.613218 0.086902
114.347 1 ATTITUDE 0.033812 0.613005 0.086856
114.447 1 ATTITUDE 0.033792 0.612721 0.08688
114.500 1 NAVIGATION 5 1 0. 0. 0. 0. 0 0
114.546 1 ATTITUDE 0.033826 0.61276 0.086867
114.653 1 ATTITUDE 0.033887 0.612708 0.086857
114.659 1 GPS 0 0 0 0 0 0 0 0 0 0 1
114.753 1 NAVIGATION 5 1 0. 0. 0. 0. 0 0
114.756 1 ATTITUDE 0.033892 0.612921 0.086837
114.847 1 ATTITUDE 0.033934 0.612832 0.086844
114.947 1 ATTITUDE 0.033925 0.612646 0.086836
114.987 1 DOWNLINK_STATUS 0 115 39897 1973 1 343. 16. 38.66
115.000 1 NAVIGATION 5 1 0. 0. 0. 0. 0 0
115.046 1 ATTITUDE 0.03394 0.612509 0.086799
115.149 1 ATTITUDE 0.033952 0.612696 0.086798
115.152 1 ESTIMATOR 0. 0.
115.253 1 NAVIGATION 5 1 0. 0. 0. 0. 0 0
115.256 1 ATTITUDE 0.033986 0.612651 0.086771
115.346 1 ATTITUDE 0.03396 0.613001 0.086763
115.447 1 ATTITUDE 0.033972 0.613277 0.086737
115.487 1 PONG 
115.509 1 NAVIGATION 5 1 0. 0. 0. 0. 0 0
115.547 1 ATTITUDE 0.034026 0.613523 0.086683
115.653 1 ATTITUDE 0.034037 0.613732 0.086675
115.659 1 GPS 0 0 0 0 0 0 0 0 0 0 1
115.755 1 ATTITUDE 0.034087 0.613702 0.08665
115.758 1 FBW_STATUS 0 48 0 67 0
115.762 1 NAVIGATION 5 1 0. 0. 0. 0. 0 0
115.850 1 COMMANDS 26,-2352,1274,-2352,-588,0
115.853 1 ATTITUDE 0.034044 0.613869 0.086621
115.950 1 ACTUATORS 1271,1635,1465,1487,1351
115.953 1 ATTITUDE 0.034038 0.613853 0.08664
115.987 1 DOWNLINK_STATUS 0 116 40285 1993 1 388. 20. 37.54
116.000 1 NAVIGATION 5 1 0. 0. 0. 0. 0 0
116.047 1 ATTITUDE 0.034015 0.613839 0.086615
116.147 1 ATTITUDE 0.033977 0.613903 0.086574
116.253 1 NAVIGATION 5 1 0. 0. 0. 0. 0 0
116.256 1 ATTITUDE 0.033974 0.613969 0.086537
116.349 1 ATTITUDE 0.03396 0.613636 0.086562
116.352 1 ESTIMATOR 0. 0.
116.447 1 ATTITUDE 0.033945 0.613667 0.086551
116.499 1 NAVIGATION 5 1 0. 0. 0. 0. 0 0
116.547 1 ATTITUDE 0.033968 0.61368 0.086574
116.654 1 ATTITUDE 0.033945 0.613481 0.086573
116.660 1 GPS 0 0 0 0 0 0 0 0 0 0 1
116.754 1 NAVIGATION 5 1 0. 0. 0. 0. 0 0
116.756 1 ATTITUDE 0.033924 0.613308 0.086583
116.849 1 ATTITUDE 0.033903 0.613135 0.086552
116.946 1 ATTITUDE 0.033894 0.613017 0.086514
116.987 1 DOWNLINK_STATUS 0 117 40616 2009 1 331. 16. 37.54
116.999 1 NAVIGATION 5 1 0. 0. 0. 0. 0 0
117.046 1 ATTITUDE 0.033856 0.613286 0.086487
117.147 1 ATTITUDE 0.033871 0.613015 0.086466
117.254 1 NAVIGATION 5 1 0. 0. 0. 0. 0 0
117.256 1 ATTITUDE 0.033857 0.61298 0.086443
117.346 1 ATTITUDE 0.033872 0.612791 0.086428
117.446 1 ATTITUDE 0.033846 0.612675 0.086425
117.499 1 NAVIGATION 5 1 0. 0. 0. 0. 0 0
117.549 1 ATTITUDE 0.033805 0.612769 0.086456
117.552 1 ESTIMATOR 0. 0.
117.654 1 ATTITUDE 0.0338 0.612693 0.086435
117.659 1 GPS 0 0 0 0 0 0 0 0 0 0 1
117.755 1 FBW_STATUS 0 52 0 67 0
117.759 1 NAVIGATION 5 1 0. 0. 0. 0. 0 0
117.762 1 ATTITUDE 0.033752 0.612595 0.086404
117.846 1 ATTITUDE 0.033744 0.612387 0.086384
117.946 1 ATTITUDE 0.033742 0.612128 0.086406
117.988 1 DOWNLINK_STATUS 0 118 40962 2026 1 346. 17. 37.54
117.999 1 NAVIGATION 5 1 0. 0. 0. 0. 0 0
118.046 1 ATTITUDE 0.03369 0.611848 0.086364
118.147 1 ATTITUDE 0.03365 0.611985 0.08635
118.254 1 NAVIGATION 5 1 0. 0. 0. 0. 0 0
118.257 1 ATTITUDE 0.033644 0.61176 0.086312
118.346 1 ATTITUDE 0.033658 0.611692 0.086272
118.446 1 ATTITUDE 0.033671 0.611631 0.086252
118.499 1 NAVIGATION 5 1 0. 0. 0. 0. 0 0
118.546 1 ATTITUDE 0.033648 0.611346 0.086238
118.653 1 ATTITUDE 0.033611 0.61137 0.086203
118.659 1 GPS 0 0 0 0 0 0 0 0 0 0 1
118.756 1 NAVIGATION 5 1 0. 0. 0. 0. 0 0
118.759 1 ATTITUDE 0.033593 0.611192 0.086222
118.762 1 ESTIMATOR 0. 0.
118.849 1 ATTITUDE 0.033562 0.611045 0.086218
118.851 1 PPRZ_MODE 0 1 2 0 0 17
118.947 1 ATTITUDE 0.033518 0.611144 0.086205
118.989 1 DOWNLINK_STATUS 0 119 41305 2043 1 343. 17. 37.54
119.000 1 NAVIGATION 5 1 0. 0. 0. 0. 0 0
119.047 1 ATTITUDE 0.033487 0.611304 0.086272
