1.817 1 WP_MOVED 7 360559.40625 4813804.5 260. 31
1.820 1 IMU_ACCEL 0.296875 -9.833008 0.157227
1.825 1 GPS 0 16602147 0 0 -17000 0 0 0 321250 31 5
1.828 1 SVINFO 5 11 16 1 0 -91 0
1.832 1 NAVIGATION 0 2 -194263.5 -4813595. 0. 2.32084345979e+13 0 0
1.836 1 ATTITUDE 0.06781 0.82671 -0.063288
1.842 1 DESIRED 0. 0.01 0. 0. 0. 235. 0. 20.
1.845 1 IMU_GYRO -0.05835 0.00415 -0.013672
1.849 1 BAT 54 68 0 0 1 321 0 0
1.852 1 ATTITUDE 0.067946 0.826749 -0.063279
1.855 1 ATTITUDE 0.067963 0.826812 -0.063282
2.569 1 DOWNLINK_STATUS 0 746 315967 14360 544 260. 12. -31265.99
3.276 1 DESIRED 0. 0.01 0. 0. 0. 235. 0. 20.
3.282 1 GPS 0 16602147 0 0 -17000 0 0 0 321500 31 6
3.284 1 SVINFO 6 12 16 1 0 -91 0
3.287 1 IMU_MAG -2.756836 -2.37207 -3.940918
3.292 1 NAVIGATION 0 2 -194263.5 -4813595. 0. 2.32084345979e+13 0 0
3.295 1 ATTITUDE 0.067926 0.826874 -0.063228
3.297 1 ESTIMATOR -17. 0.
3.302 1 NAVIGATION 0 2 -194263.5 -4813595. 0. 2.32084345979e+13 0 0
3.305 1 ATTITUDE 0.067958 0.826941 -0.063291
3.312 1 DESIRED 0. 0.01 0. 0. 0. 235. 0. 20.
3.315 1 WP_MOVED 8 360462.40625 4813640. 215. 31
3.564 1 GPS 0 16602147 0 0 -17000 0 0 0 321750 31 7
3.566 1 SVINFO 7 13 16 1 0 -91 0
3.569 1 FBW_STATUS 0 49 0 68 0
3.569 1 DOWNLINK_STATUS 0 747 316292 14374 544 325. 14. -31265.99
3.573 1 NAVIGATION 0 2 -194263.5 -4813595. 0. 2.32084345979e+13 0 0
3.576 1 ATTITUDE 0.068012 0.82701 -0.063269
3.580 1 ATTITUDE 0.067936 0.827089 -0.063273
3.586 1 DESIRED 0. 0.01 0. 0. 0. 235. 0. 20.
3.589 1 IMU_GYRO -0.048828 0.007324 -0.012695
3.591 1 PPRZ_MODE 0 0 0 0 0 17
3.595 1 ATTITUDE 0.06799 0.827162 -0.06325
3.600 1 GPS 0 16602147 0 0 -17000 0 0 0 322000 31 8
3.603 1 SVINFO 8 14 16 1 0 -91 0
3.849 1 IMU_ACCEL 0.244141 -9.924805 0.209961
3.850 1 CALIBRATION 0. 0
3.855 1 NAVIGATION 0 2 -194263.5 -4813595. 0. 2.32084345979e+13 0 0
3.858 1 ATTITUDE 0.067902 0.827199 -0.063245
3.866 1 DESIRED 0. 0.01 0. 0. 0. 235. 0. 20.
3.867 1 ESTIMATOR -17. 0.
3.869 1 STATE_FILTER_STATUS 3 0
3.872 1 ATTITUDE 0.067935 0.827211 -0.063274
3.875 1 WP_MOVED 9 360313.8125 4813652. 185. 31
3.881 1 GPS 0 16602147 0 0 -17000 0 0 0 322250 31 9
3.884 1 SVINFO 9 15 16 1 0 -91 0
3.889 1 NAVIGATION 0 2 -194263.5 -4813595. 0. 2.32084345979e+13 0 0
3.891 1 ATTITUDE 0.06791 0.827295 -0.063269
4.142 1 DESIRED 0. 0.01 0. 0. 0. 235. 0. 20.
4.145 1 ATTITUDE 0.067861 0.827365 -0.063307
4.148 1 BAT 54 68 0 0 1 322 0 0
4.152 1 ATTITUDE 0.067833 0.827403 -0.063307
4.158 1 DESIRED 0. 0.01 0. 0. 0. 235. 0. 20.
4.164 1 GPS 0 16602147 0 0 -17000 0 0 0 322500 31 10
4.166 1 SVINFO 10 16 16 1 0 -91 0
4.170 1 IMU_GYRO -0.043457 0.008301 -0.010498
4.174 1 NAVIGATION 0 2 -194263.5 -4813595. 0. 2.32084345979e+13 0 0
4.177 1 ATTITUDE 0.067798 0.827494 -0.063282
4.180 1 ESTIMATOR -17. 0.
4.427 1 NAVIGATION 0 2 -194263.5 -4813595. 0. 2.32084345979e+13 0 0
4.430 1 GPS_SOL 651918464 100000 9999 0
4.432 1 DOWNLINK 109 910 13351
4.435 1 ATTITUDE 0.06783 0.827557 -0.063268
4.442 1 DESIRED 0. 0.01 0. 0. 0. 235. 0. 20.
4.445 1 WP_MOVED 10 360453.8125 4813581. 260. 31
4.451 1 GPS 0 16602147 0 0 -17000 0 0 0 322750 31 11
4.453 1 SVINFO 11 18 16 1 0 -91 0
4.458 1 NAVIGATION 0 2 -194263.5 -4813595. 0. 2.32084345979e+13 0 0
4.461 1 ATTITUDE 0.067794 0.827561 -0.063294
4.464 1 IMU_ACCEL 0.224609 -9.885742 0.201172
4.467 1 IMU_MAG -2.756836 -2.373535 -3.933105
4.569 1 DOWNLINK_STATUS 0 748 317263 14419 544 971. 45. -31265.99
4.713 1 ATTITUDE 0.067902 0.827611 -0.063283
4.720 1 DESIRED 0. 0.01 0. 0. 0. 235. 0. 20.
4.721 1 PPRZ_MODE 0 0 0 0 0 17
4.724 1 ATTITUDE 0.067903 0.827653 -0.063299
4.731 1 GPS 0 16602147 0 0 -17000 0 0 0 323000 31 12
4.740 1 ATTITUDE 0.067962 0.827683 -0.063304
4.747 1 DESIRED 0. 0.01 0. 0. 0. 235. 0. 20.
4.749 1 ESTIMATOR -17. 0.
4.752 1 IMU_GYRO -0.052002 0.008301 -0.011475
4.998 1 ATTITUDE 0.067905 0.827789 -0.063325
5.002 1 WP_MOVED 11 360170.5 4813757.5 260. 31
5.008 1 GPS 0 16602147 0 0 -17000 0 0 0 323250 31 13
5.010 1 SVINFO 13 21 16 1 0 -91 0
5.015 1 NAVIGATION 0 2 -194263.5 -4813595. 0. 2.32084345979e+13 0 0
5.018 1 ATTITUDE 0.067923 0.827832 -0.063374
5.024 1 DESIRED 0. 0.01 0. 0. 0. 235. 0. 20.
5.028 1 ATTITUDE 0.067841 0.827879 -0.063361
5.031 1 ATTITUDE 0.067817 0.82797 -0.063311
5.037 1 DESIRED 0. 0.01 0. 0. 0. 235. 0. 20.
