6.999 1 DOWNLINK_STATUS 0 7 1158 52 0 439. 20. -1.3942321872e+12
7.019 1 DESIRED 0.02 0.01 0. 0. 0. 235. 0. 20.
7.021 1 DOWNLINK 0 268 63
7.279 1 ATTITUDE 0. 0. 0.
7.282 1 NAVIGATION_REF 360285 4813595 31
7.285 1 ATTITUDE 0. 0. 0.
7.292 1 DESIRED 0.02 0.01 0. 0. 0. 235. 0. 20.
7.297 1 GPS 0 0 0 0 0 0 0 0 0 0 1
7.300 1 IMU_GYRO -0.04248 0.006348 -0.016846
7.305 1 NAVIGATION 0 2 0. 0. 0. 0. 0 0
7.308 1 ATTITUDE 0. 0. 0.
7.311 1 ESTIMATOR 0. 0.
7.315 1 NAVIGATION 0 2 0. 0. 0. 0. 0 0
7.566 1 ATTITUDE 0. 0. 0.
7.573 1 DESIRED 0.02 0.01 0. 0. 0. 235. 0. 20.
7.576 1 WP_MOVED 4 360417.3125 4813734. 260. 31
7.579 1 IMU_MAG -3.270996 -3.060547 -3.349609
7.585 1 GPS 0 0 0 0 0 0 0 0 0 0 1
7.587 1 FBW_STATUS 0 48 1 69 0
7.592 1 NAVIGATION 0 2 0. 0. 0. 0. 0 0
7.595 1 ATTITUDE 0. 0. 0.
7.598 1 ATTITUDE 0. 0. 0.
7.605 1 DESIRED 0.02 0.01 0. 0. 0. 235. 0. 20.
7.607 1 PPRZ_MODE 1 0 0 0 0 21
7.834 1 ATTITUDE 0. 0. 0.
7.839 1 GPS 0 0 0 0 0 0 0 0 0 0 1
7.843 1 IMU_ACCEL 1.197266 -0.554688 -9.56543
7.844 1 DL_VALUE 1 0.
7.849 1 NAVIGATION 0 2 0. 0. 0. 0. 0 0
7.852 1 ATTITUDE 0. 0. 0.
7.859 1 DESIRED 0.02 0.01 0. 0. 0. 235. 0. 20.
7.861 1 ESTIMATOR 0. 0.
7.864 1 IMU_GYRO 0.05835 -0.048828 0.015869
7.867 1 ATTITUDE 0. 0. 0.
7.871 1 WP_MOVED 5 360422. 4813583.5 260. 31
7.999 1 DOWNLINK_STATUS 0 8 1917 86 0 759. 34. -1.3942321872e+12
8.029 1 GPS 0 0 0 0 0 0 0 0 0 0 1
8.033 1 NAVIGATION 0 2 0. 0. 0. 0. 0 0
8.036 1 ATTITUDE 0. 0. 0.
8.043 1 DESIRED 0.02 0.01 0. 0. 0. 235. 0. 20.
8.047 1 BAT 54 69 0 0 1 2 0 0
8.122 1 ATTITUDE 0. 0. 0.
8.300 1 PONG 
8.303 1 ATTITUDE 0. 0. 0.
8.310 1 DESIRED 0.02 0.01 0. 0. 0. 235. 0. 20.
8.315 1 GPS 0 0 0 0 0 0 0 0 0 0 1
8.320 1 NAVIGATION 0 2 0. 0. 0. 0. 0 0
8.589 1 ATTITUDE 0. 0. 0.
8.591 1 ESTIMATOR 0. 0.
8.595 1 NAVIGATION 0 2 0. 0. 0. 0. 0 0
8.598 1 GPS_SOL 0 0 0 0
8.602 1 ATTITUDE 0. 0. 0.
8.608 1 DESIRED 0.02 0.01 0. 0. 0. 235. 0. 20.
8.612 1 WP_MOVED 6 360165.8125 4813664.5 260. 31
8.615 1 IMU_GYRO 0.028564 -0.038086 0.014893
8.621 1 GPS 0 0 0 0 0 0 0 0 0 0 1
8.625 1 NAVIGATION 0 2 0. 0. 0. 0. 0 0
8.628 1 ATTITUDE 0. 0. 0.
8.685 1 IMU_ACCEL 1.009766 -0.790039 -9.575195
8.686 1 CALIBRATION 0. 0
8.963 1 ATTITUDE 0. 0. 0.
8.970 1 DESIRED 0.02 0.01 0. 0. 0. 235. 0. 20.
8.971 1 PPRZ_MODE 1 0 0 0 0 21
8.975 1 ATTITUDE 0. 0. 0.
8.980 1 GPS 0 0 0 0 0 0 0 0 0 0 1
8.983 1 IMU_MAG -3.243164 -3.02832 -3.349609
8.988 1 NAVIGATION 0 2 0. 0. 0. 0. 0 0
8.991 1 ATTITUDE 0. 0. 0.
8.998 1 DESIRED 0.02 0.01 0. 0. 0. 235. 0. 20.
9.000 1 ESTIMATOR 0. 0.
9.000 1 DOWNLINK_STATUS 0 9 2700 120 0 783. 34. 2803.69
9.002 1 STATE_FILTER_STATUS 2 0
9.183 1 ATTITUDE 0. 0. 0.
9.186 1 WP_MOVED 7 360559.40625 4813804.5 260. 31
9.192 1 GPS 0 0 0 0 0 0 0 0 0 0 1
9.196 1 NAVIGATION 0 2 0. 0. 0. 0. 0 0
9.200 1 ATTITUDE 0. 0. 0.
9.206 1 DESIRED 0.02 0.01 0. 0. 0. 235. 0. 20.
9.209 1 IMU_GYRO -0.033936 0.003174 -0.010498
9.413 1 ATTITUDE 0. 0. 0.
9.416 1 BAT 54 69 0 0 1 3 0 0
9.420 1 ATTITUDE 0. 0. 0.
9.426 1 DESIRED 0.02 0.01 0. 0. 0. 235. 0. 20.
9.432 1 GPS 0 0 0 0 0 0 0 0 0 0 1
9.434 1 DL_VALUE 2 235.
9.437 1 ENERGY 6.9 0. 0 0.
9.443 1 NAVIGATION 0 2 0. 0. 0. 0. 0 0
9.556 1 ATTITUDE 0. 0. 0.
9.558 1 ESTIMATOR 0. 0.
9.561 1 IMU_ACCEL 1.134766 -0.775391 -9.488281
9.566 1 NAVIGATION 0 2 0. 0. 0. 0. 0 0
9.772 1 ATTITUDE 0. 0. 0.
9.779 1 DESIRED 0.02 0.01 0. 0. 0. 235. 0. 20.
9.782 1 WP_MOVED 8 360462.40625 4813640. 215. 31
9.788 1 GPS 0 0 0 0 0 0 0 0 0 0 1
9.790 1 FBW_STATUS 0 50 1 69 0
9.795 1 NAVIGATION 0 2 0. 0. 0. 0. 0 0
9.798 1 ATTITUDE 0. 0. 0.
10.001 1 DOWNLINK_STATUS 0 10 3309 147 0 609. 27. 2803.69
10.040 1 ATTITUDE 0. 0. 0.
10.047 1 DESIRED 0.02 0.01 0. 0. 0. 235. 0. 20.
10.050 1 IMU_GYRO -0.05957 0.014893 -0.02002
10.052 1 PPRZ_MODE 1 0 0 0 0 21
10.055 1 ATTITUDE 0. 0. 0.
10.061 1 GPS 0 0 0 0 0 0 0 0 0 0 1
10.066 1 NAVIGATION 0 2 0. 0. 0. 0. 0 0
10.069 1 ATTITUDE 0. 0. 0.
10.075 1 DESIRED 0.02 0.01 0. 0. 0. 235. 0. 20.
10.078 1 ESTIMATOR 0. 0.
10.153 1 ATTITUDE 0. 0. 0.
10.156 1 WP_MOVED 9 360313.8125 4813652. 185. 31
10.435 1 GPS 0 0 0 0 0 0 0 0 0 0 1
10.439 1 NAVIGATION 0 2 0. 0. 0. 0. 0 0
10.442 1 ATTITUDE 0. 0. 0.
10.449 1 DESIRED 0.02 0.01 0. 0. 0. 235. 0. 20.
10.452 1 IMU_MAG -3.240234 -3.03125 -3.352539
10.455 1 ATTITUDE 0. 0. 0.
10.458 1 IMU_ACCEL 1.029297 -0.828125 -9.53125
10.462 1 ATTITUDE 0. 0. 0.
10.468 1 DESIRED 0.02 0.01 0. 0. 0. 235. 0. 20.
10.697 1 GPS 0 0 0 0 0 0 0 0 0 0 1
10.700 1 IMU_GYRO -0.04248 0.005127 -0.014893
10.703 1 BAT 54 69 0 0 1 4 0 0
10.708 1 NAVIGATION 0 2 0. 0. 0. 0. 0 0
10.711 1 ATTITUDE 0. 0. 0.
10.713 1 ESTIMATOR 0. 0.
10.718 1 NAVIGATION 0 2 0. 0. 0. 0. 0 0
10.721 1 GPS_SOL 0 0 0 0
10.724 1 ATTITUDE 0. 0. 0.
10.731 1 DESIRED 0.02 0.01 0. 0. 0. 235. 0. 20.
10.734 1 WP_MOVED 10 360453.8125 4813581. 260. 31
11.002 1 DOWNLINK_STATUS 0 11 4054 179 0 745. 32. -2196.82
11.570 1 GPS 0 0 0 0 0 0 0 0 0 0 1
11.575 1 NAVIGATION 0 2 0. 0. 0. 0. 0 0
11.578 1 ATTITUDE 0. 0. 0.
11.581 1 COMMANDS 54,534,1175,0,-252
11.584 1 ATTITUDE 0. 0. 0.
11.591 1 DESIRED 0.02 0.01 0. 0. 0. 235. 0. 20.
11.593 1 PPRZ_MODE 1 0 0 0 0 21
11.595 1 CALIBRATION 0. 0
11.759 1 ACTUATORS 1195,1534,1527,1527,1502
11.761 1 ATTITUDE 0. 0. 0.
11.768 1 GPS 0 0 0 0 0 0 0 0 0 0 1
11.770 1 DL_VALUE 3 0.
11.774 1 NAVIGATION 0 2 0. 0. 0. 0. 0 0
11.776 1 ATTITUDE 0. 0. 0.
12.003 1 DOWNLINK_STATUS 0 12 4350 193 0 296. 14. -2196.82
12.032 1 DESIRED 0.02 0.01 0. 0. 0. 235. 0. 20.
12.034 1 ESTIMATOR 0. 0.
12.037 1 IMU_GYRO -0.060547 0.015869 -0.02124
12.040 1 ATTITUDE 0. 0. 0.
12.044 1 WP_MOVED 11 360170.5 4813757.5 260. 31
12.047 1 IMU_ACCEL 1.053711 -0.780273 -9.541016
12.053 1 GPS 0 0 0 0 0 0 0 0 0 0 1
12.057 1 NAVIGATION 0 2 0. 0. 0. 0. 0 0
12.060 1 ATTITUDE 0. 0. 0.
12.067 1 DESIRED 0.02 0.01 0. 0. 0. 235. 0. 20.
12.069 1 STATE_FILTER_STATUS 2 0
12.220 1 ATTITUDE 0. 0. 0.
12.223 1 ATTITUDE 0. 0. 0.
12.230 1 DESIRED 0.02 0.01 0. 0. 0. 235. 0. 20.
12.236 1 GPS 0 0 0 0 0 0 0 0 0 0 1
12.240 1 NAVIGATION 0 2 0. 0. 0. 0. 0 0
12.395 1 ATTITUDE 0. 0. 0.
12.397 1 ESTIMATOR 0. 0.
12.402 1 NAVIGATION 0 2 0. 0. 0. 0. 0 0
12.405 1 BAT 54 69 0 0 1 5 0 0
12.409 1 IMU_MAG -3.277344 -3.03125 -3.36084
12.412 1 ATTITUDE 0. 0. 0.
12.669 1 DESIRED 0.02 0.01 0. 0. 0. 235. 0. 20.
12.673 1 WP_MOVED 0 360327. 4813637. 260. 31
12.675 1 IMU_GYRO -0.044678 0.008301 -0.015869
12.681 1 GPS 0 0 0 0 0 0 0 0 0 0 1
12.683 1 FBW_STATUS 0 48 1 69 0
12.688 1 NAVIGATION 0 2 0. 0. 0. 0. 0 0
12.691 1 ATTITUDE 0. 0. 0.
12.694 1 ATTITUDE -1.554306 2.418637 0.107879
12.702 1 DESIRED 0.02 0.33 0. 0. 0. 235. 0. 20.
12.703 1 PPRZ_MODE 1 0 0 0 0 21
12.945 1 ATTITUDE -1.554094 2.41876 0.107766
12.951 1 GPS 0 0 0 0 0 0 0 0 0 0 1
12.954 1 IMU_ACCEL 0.991211 -0.790039 -9.560547
12.958 1 ENERGY 6.9 0. 0 0.
12.962 1 NAVIGATION 0 2 0. 0. 0. 0. 0 0
12.965 1 ATTITUDE -1.554047 2.418734 0.107724
12.972 1 DESIRED 0.02 0.33 0. 0. 0. 235. 0. 20.
12.975 1 ESTIMATOR 0. 0.
12.979 1 ALIVE 109,244,4,120,10,214,228,189,38,213,156,75,18,122,185,109
12.982 1 ATTITUDE -1.553889 2.418788 0.107585
12.985 1 WP_MOVED 1 360285. 4813595. 260. 31
13.003 1 DOWNLINK_STATUS 0 13 5330 236 0 980. 43. -2196.82
13.159 1 GPS 0 0 0 0 0 0 0 0 0 0 1
13.164 1 NAVIGATION 0 2 0. 0. 0. 0. 0 0
13.167 1 ATTITUDE -1.553742 2.418838 0.10746
13.174 1 DESIRED 0.02 0.33 0. 0. 0. 235. 0. 20.
13.177 1 IMU_GYRO -0.043457 0.006348 -0.015869
13.180 1 ATTITUDE -1.553459 2.418825 0.107291
13.182 1 DOWNLINK 0 840 252
13.320 1 ATTITUDE -1.553567 2.418775 0.107304
13.326 1 DESIRED 0.02 0.32 0. 0. 0. 235. 0. 20.
13.332 1 GPS 0 0 0 0 0 0 0 0 0 0 1
13.334 1 DL_VALUE 4 0.
13.608 1 NAVIGATION 0 2 0. 0. 0. 0. 0 0
13.611 1 ATTITUDE -1.553542 2.418672 0.107245
13.614 1 ESTIMATOR 0. 0.
13.618 1 NAVIGATION 0 2 0. 0. 0. 0. 0 0
13.621 1 GPS_SOL 0 0 0 0
13.624 1 ATTITUDE -1.554268 2.4185 0.107685
13.631 1 DESIRED 0.02 0.33 0. 0. 0. 235. 0. 20.
13.634 1 WP_MOVED 2 360334.5 4813695. 260. 31
13.638 1 BAT 54 69 0 0 1 6 0 0
13.644 1 GPS 0 0 0 0 0 0 0 0 0 0 1
13.892 1 NAVIGATION 0 2 0. 0. 0. 0. 0 0
13.894 1 ATTITUDE -1.553738 2.418561 0.10742
13.897 1 IMU_ACCEL 1.048828 -0.785156 -9.575195
13.899 1 PPRZ_MODE 0 0 0 0 0 17
13.900 1 PONG 
13.903 1 ATTITUDE -1.553829 2.418504 0.107409
13.911 1 DESIRED 0.02 0.32 0. 0. 0. 235. 0. 20.
13.920 1 WP_MOVED 3 360295.09375 4813785. 260. 31
13.926 1 GPS 0 0 0 0 0 0 0 0 0 0 1
13.931 1 NAVIGATION 0 2 0. 0. 0. 0. 0 0
13.934 1 ATTITUDE -1.553118 2.418473 0.106983
14.004 1 DOWNLINK_STATUS 0 14 6056 268 1 726. 32. 3403.76
14.125 1 DESIRED 0.02 0.32 0. 0. 0. 235. 0. 20.
14.128 1 ATTITUDE -1.553213 2.418525 0.106982
14.132 1 ATTITUDE -1.553562 2.418428 0.107149
14.138 1 DESIRED 0.02 0.32 0. 0. 0. 235. 0. 20.
14.144 1 GPS 0 0 0 0 0 0 0 0 0 0 1
14.147 1 IMU_GYRO -0.055176 0.014893 -0.019043
14.149 1 STATE_FILTER_STATUS 3 0
14.153 1 NAVIGATION 0 2 0. 0. 0. 0. 0 0
14.354 1 ATTITUDE -1.55371 2.418355 0.10728
14.357 1 ESTIMATOR 0. 0.
14.360 1 IMU_ACCEL 1.024414 -0.799805 -9.560547
14.364 1 NAVIGATION 0 2 0. 0. 0. 0. 0 0
14.368 1 ATTITUDE -1.55353 2.418305 0.107153
14.375 1 DESIRED 0.02 0.32 0. 0. 0. 235. 0. 20.
14.378 1 WP_MOVED 4 360417.3125 4813734. 260. 31
14.383 1 GPS 0 0 0 0 0 0 0 0 0 0 1
14.557 1 NAVIGATION 0 2 0. 0. 0. 0. 0 0
14.559 1 FBW_STATUS 0 48 0 69 0
14.563 1 ATTITUDE -1.553433 2.418285 0.107103
14.566 1 BAT 54 69 0 0 1 8 0 0
14.569 1 ATTITUDE -1.553265 2.418326 0.106987
14.576 1 DESIRED 0.02 0.32 0. 0. 0. 235. 0. 20.
14.578 1 PPRZ_MODE 0 0 0 0 0 17
14.824 1 ATTITUDE -1.552993 2.418349 0.106801
14.829 1 GPS 0 0 0 0 0 0 0 0 0 0 1
14.831 1 DL_VALUE 5 0.
14.836 1 NAVIGATION 0 2 0. 0. 0. 0. 0 0
14.839 1 ATTITUDE -1.553399 2.41817 0.107021
14.846 1 DESIRED 0.02 0.32 0. 0. 0. 235. 0. 20.
14.848 1 ESTIMATOR 0. 0.
14.851 1 IMU_GYRO -0.045654 0.007324 -0.016846
14.854 1 ATTITUDE -1.553328 2.418126 0.10692
14.858 1 WP_MOVED 5 360422. 4813583.5 260. 31
14.861 1 IMU_MAG -3.248047 -3.02832 -3.368652
15.005 1 DOWNLINK_STATUS 0 15 6819 302 1 763. 34. 3403.76
15.031 1 GPS 0 0 0 0 0 0 0 0 0 0 1
15.035 1 NAVIGATION 0 2 0. 0. 0. 0. 0 0
15.038 1 ATTITUDE -1.553408 2.41801 0.10695
15.045 1 DESIRED 0.02 0.32 0. 0. 0. 235. 0. 20.
15.048 1 ATTITUDE -1.5535 2.417956 0.106958
15.051 1 IMU_ACCEL 1.039062 -0.813477 -9.527344
15.313 1 ATTITUDE -1.553458 2.417974 0.10692
15.320 1 DESIRED 0.02 0.32 0. 0. 0. 235. 0. 20.
15.325 1 GPS 0 0 0 0 0 0 0 0 0 0 1
15.329 1 ENERGY 6.9 0. 0 0.
15.333 1 NAVIGATION 0 2 0. 0. 0. 0. 0 0
15.337 1 ATTITUDE -1.553165 2.417987 0.106737
15.339 1 ESTIMATOR 0. 0.
15.344 1 NAVIGATION 0 2 0. 0. 0. 0. 0 0
15.347 1 GPS_SOL 0 0 0 0
15.350 1 ATTITUDE -1.552737 2.418053 0.106391
15.498 1 DESIRED 0.02 0.32 0. 0. 0. 235. 0. 20.
15.501 1 WP_MOVED 6 360165.8125 4813664.5 260. 31
15.504 1 IMU_GYRO -0.041504 0.006348 -0.014893
15.510 1 GPS 0 0 0 0 0 0 0 0 0 0 1
15.515 1 NAVIGATION 0 2 0. 0. 0. 0. 0 0
15.518 1 ATTITUDE -1.55233 2.418143 0.106097
16.006 1 DOWNLINK_STATUS 0 16 7351 324 1 532. 22. -1596.28
16.152 1 ATTITUDE -1.552117 2.418204 0.105925
16.158 1 DESIRED 0.02 0.32 0. 0. 0. 235. 0. 20.
16.160 1 PPRZ_MODE 0 0 0 0 0 17
16.164 1 BAT 54 69 0 0 1 9 0 0
16.167 1 ATTITUDE -1.551879 2.41824 0.105743
16.173 1 GPS 0 0 0 0 0 0 0 0 0 0 1
16.177 1 NAVIGATION 0 2 0. 0. 0. 0. 0 0
16.181 1 ATTITUDE -1.55189 2.418176 0.105644
16.187 1 DESIRED 0.02 0.32 0. 0. 0. 235. 0. 20.
16.190 1 ESTIMATOR 0. 0.
16.192 1 CALIBRATION 0. 0
16.400 1 ATTITUDE -1.55201 2.418015 0.105704
16.404 1 WP_MOVED 7 360559.40625 4813804.5 260. 31
16.406 1 IMU_ACCEL 1.053711 -0.804688 -9.550781
16.413 1 GPS 0 0 0 0 0 0 0 0 0 0 1
16.418 1 NAVIGATION 0 2 0. 0. 0. 0. 0 0
16.420 1 ATTITUDE -1.551804 2.418152 0.105577
16.427 1 DESIRED 0.02 0.32 0. 0. 0. 235. 0. 20.
16.430 1 IMU_GYRO -0.041504 0.006348 -0.013672
16.433 1 ATTITUDE -1.5514 2.418279 0.105319
16.644 1 ATTITUDE -1.551615 2.418278 0.105446
16.651 1 DESIRED 0.02 0.32 0. 0. 0. 235. 0. 20.
16.657 1 GPS 0 0 0 0 0 0 0 0 0 0 1
16.660 1 IMU_MAG -3.246582 -3.032715 -3.367188
16.662 1 DL_VALUE 6 40.
16.666 1 NAVIGATION 0 2 0. 0. 0. 0. 0 0
16.670 1 ATTITUDE -1.551585 2.418353 0.105445
16.672 1 ESTIMATOR 0. 0.
16.677 1 NAVIGATION 0 2 0. 0. 0. 0. 0 0
16.903 1 ATTITUDE -1.551432 2.418268 0.105338
16.910 1 DESIRED 0.02 0.32 0. 0. 0. 235. 0. 20.
16.913 1 WP_MOVED 8 360462.40625 4813640. 215. 31
16.915 1 STATE_FILTER_STATUS 3 0
16.920 1 GPS 0 0 0 0 0 0 0 0 0 0 1
16.923 1 FBW_STATUS 0 51 0 69 0
16.928 1 NAVIGATION 0 2 0. 0. 0. 0. 0 0
16.931 1 ATTITUDE -1.551186 2.418292 0.105126
16.934 1 COMMANDS 54,196,210,0,-238
16.937 1 ATTITUDE -1.551397 2.418137 0.105229
17.007 1 DOWNLINK_STATUS 0 17 8219 363 1 868. 39. -1596.28
17.151 1 WIND_INFO 1 42 0. 0. 0.
17.170 1 DESIRED 0.02 0.32 0. 0. 0. 235. 0. 20.
17.173 1 IMU_GYRO -0.049805 0.008301 -0.016846
17.175 1 PPRZ_MODE 0 0 0 0 0 17
17.178 1 ACTUATORS 1195,1538,1510,1510,1502
17.182 1 ATTITUDE -1.551379 2.418147 0.105193
17.187 1 GPS 0 0 0 0 0 0 0 0 0 0 1
17.190 1 IMU_ACCEL 1.053711 -0.794922 -9.62793
17.194 1 BAT 54 69 0 0 1 10 0 0
17.199 1 NAVIGATION 0 2 0. 0. 0. 0. 0 0
17.202 1 ATTITUDE -1.551629 2.417957 0.105355
18.005 1 DESIRED 0.02 0.32 0. 0. 0. 235. 0. 20.
18.007 1 DOWNLINK_STATUS 0 18 8476 374 1 257. 11. -1596.28
18.008 1 ESTIMATOR 0. 0.
18.011 1 ATTITUDE -1.551832 2.41787 0.10543
18.014 1 WP_MOVED 9 360313.8125 4813652. 185. 31
18.020 1 GPS 0 0 0 0 0 0 0 0 0 0 1
18.025 1 NAVIGATION 0 2 0. 0. 0. 0. 0 0
18.028 1 ATTITUDE -1.552337 2.417635 0.105777
18.034 1 DESIRED 0.02 0.32 0. 0. 0. 235. 0. 20.
18.558 1 ATTITUDE -1.552568 2.417577 0.105869
18.559 1 NAVIGATION_REF 360285 4813595 31
18.562 1 ATTITUDE -1.55257 2.417585 0.105786
18.569 1 DESIRED 0.02 0.32 0. 0. 0. 235. 0. 20.
18.575 1 GPS 0 0 0 0 0 0 0 0 0 0 1
18.578 1 IMU_GYRO -0.044678 0.007324 -0.018066
18.582 1 NAVIGATION 0 2 0. 0. 0. 0. 0 0
18.844 1 ATTITUDE -1.552536 2.417516 0.105665
18.847 1 ESTIMATOR 0. 0.
18.851 1 NAVIGATION 0 2 0. 0. 0. 0. 0 0
18.854 1 GPS_SOL 0 0 0 0
18.857 1 ATTITUDE -1.552024 2.417705 0.105237
18.864 1 DESIRED 0.02 0.32 0. 0. 0. 235. 0. 20.
18.867 1 WP_MOVED 10 360453.8125 4813581. 260. 31
18.873 1 GPS 0 0 0 0 0 0 0 0 0 0 1
18.878 1 NAVIGATION 0 2 0. 0. 0. 0. 0 0
18.881 1 ATTITUDE -1.552098 2.417776 0.105264
18.884 1 IMU_ACCEL 0.996094 -0.794922 -9.570312
19.008 1 DOWNLINK_STATUS 0 19 9055 399 1 579. 25. -1596.28
19.072 1 IMU_MAG -3.249512 -3.03125 -3.362305
19.076 1 ATTITUDE -1.551538 2.417878 0.104846
19.082 1 DESIRED 0.02 0.32 0. 0. 0. 235. 0. 20.
19.084 1 PPRZ_MODE 0 0 0 0 0 17
19.087 1 ATTITUDE -1.551392 2.41795 0.104799
19.093 1 GPS 0 0 0 0 0 0 0 0 0 0 1
19.095 1 DL_VALUE 7 0.
19.099 1 ENERGY 6.9 0. 0 0.
19.103 1 NAVIGATION 0 2 0. 0. 0. 0. 0 0
19.361 1 ATTITUDE -1.551049 2.418122 0.104515
19.369 1 DESIRED 0.02 0.32 0. 0. 0. 235. 0. 20.
19.370 1 ESTIMATOR 0. 0.
19.374 1 IMU_GYRO -0.04248 0.005127 -0.012695
19.377 1 BAT 54 69 0 0 1 11 0 0
19.380 1 ATTITUDE -1.550627 2.418243 0.104202
19.384 1 WP_MOVED 11 360170.5 4813757.5 260. 31
19.386 1 CALIBRATION 0. 0
19.393 1 GPS 0 0 0 0 0 0 0 0 0 0 1
19.397 1 NAVIGATION 0 2 0. 0. 0. 0. 0 0
19.399 1 ATTITUDE -1.550604 2.418252 0.104133
19.649 1 DESIRED 0.02 0.32 0. 0. 0. 235. 0. 20.
19.653 1 ATTITUDE -1.550398 2.418235 0.104071
19.654 1 PONG 
19.657 1 ATTITUDE -1.550393 2.418202 0.104054
19.663 1 DESIRED 0.02 0.32 0. 0. 0. 235. 0. 20.
19.676 1 DESIRED 0.02 0.32 0. 0. 0. 235. 0. 20.
19.679 1 WP_MOVED 0 360327. 4813637. 260. 31
19.682 1 IMU_GYRO -0.041504 0.005127 -0.014893
19.688 1 GPS 0 0 0 0 0 0 0 0 0 0 1
19.691 1 FBW_STATUS 0 51 0 69 0
19.938 1 NAVIGATION 0 2 0. 0. 0. 0. 0 0
19.941 1 ATTITUDE -1.550056 2.418274 0.103805
19.944 1 ATTITUDE -1.55 2.418261 0.103901
19.951 1 DESIRED 0.02 0.32 0. 0. 0. 235. 0. 20.
19.953 1 PPRZ_MODE 0 0 0 0 0 17
19.955 1 STATE_FILTER_STATUS 3 0
19.962 1 ATTITUDE -1.549903 2.418192 0.103904
19.964 1 GPS 0 0 0 0 0 0 0 0 0 0 1
19.968 1 NAVIGATION 0 2 0. 0. 0. 0. 0 0
19.971 1 ATTITUDE -1.549774 2.418069 0.103883
19.978 1 DESIRED 0.02 0.32 0. 0. 0. 235. 0. 20.
20.009 1 DOWNLINK_STATUS 0 20 9980 440 2 925. 41. 4157.04
20.223 1 ESTIMATOR 0. 0.
20.226 1 IMU_MAG -3.253906 -3.02832 -3.332031
20.229 1 ATTITUDE -1.549926 2.417971 0.103951
20.233 1 WP_MOVED 1 360285. 4813595. 260. 31
20.236 1 BAT 54 69 0 0 1 12 0 0
20.242 1 GPS 0 0 0 0 0 0 0 0 0 0 1
20.248 1 NAVIGATION 0 2 0. 0. 0. 0. 0 0
20.250 1 ATTITUDE -1.549989 2.417933 0.104019
20.257 1 DESIRED 0.02 0.32 0. 0. 0. 235. 0. 20.
20.259 1 IMU_GYRO -0.044678 0.007324 -0.015869
20.263 1 ATTITUDE -1.549828 2.417926 0.103918
20.510 1 IMU_ACCEL 1.039062 -0.818359 -9.536133
20.513 1 ATTITUDE -1.54945 2.417934 0.103715
20.519 1 DESIRED 0.02 0.32 0. 0. 0. 235. 0. 20.
20.525 1 GPS 0 0 0 0 0 0 0 0 0 0 1
20.527 1 DL_VALUE 8 0.
20.531 1 NAVIGATION 0 2 0. 0. 0. 0. 0 0
20.535 1 ATTITUDE -1.549675 2.417939 0.103828
20.537 1 ESTIMATOR 0. 0.
20.542 1 NAVIGATION 0 2 0. 0. 0. 0. 0 0
20.545 1 GPS_SOL 0 0 0 0
20.548 1 ATTITUDE -1.549712 2.417952 0.103884
21.009 1 DOWNLINK_STATUS 0 21 10459 462 2 479. 22. -843.77
21.545 1 DESIRED 0.02 0.32 0. 0. 0. 235. 0. 20.
21.547 1 WP_MOVED 2 360334.5 4813695. 260. 31
21.553 1 GPS 0 0 0 0 0 0 0 0 0 0 1
21.557 1 NAVIGATION 0 2 0. 0. 0. 0. 0 0
21.560 1 ATTITUDE -1.549915 2.417865 0.104047
21.564 1 ATTITUDE -1.550187 2.417741 0.104186
21.570 1 DESIRED 0.02 0.32 0. 0. 0. 235. 0. 20.
21.573 1 IMU_GYRO -0.043457 0.006348 -0.014893
21.575 1 PPRZ_MODE 0 0 0 0 0 17
21.579 1 ATTITUDE -1.55051 2.417721 0.104257
21.584 1 GPS 0 0 0 0 0 0 0 0 0 0 1
22.011 1 DOWNLINK_STATUS 0 22 10731 473 2 272. 11. -843.77
22.154 1 NAVIGATION 0 2 0. 0. 0. 0. 0 0
22.158 1 ATTITUDE -1.5507 2.417706 0.104364
22.164 1 DESIRED 0.02 0.32 0. 0. 0. 235. 0. 20.
22.167 1 ESTIMATOR 0. 0.
22.170 1 ATTITUDE -1.550949 2.417585 0.104533
22.173 1 WP_MOVED 3 360295.09375 4813785. 260. 31
22.803 1 GPS 0 0 0 0 0 0 0 0 0 0 1
22.806 1 FBW_STATUS 0 47 0 69 0
22.810 1 NAVIGATION 0 2 0. 0. 0. 0. 0 0
22.813 1 ATTITUDE -1.553994 2.416111 0.106549
22.817 1 ATTITUDE -1.553352 2.414275 0.106018
22.827 1 IMU_GYRO 0.028564 -0.030762 0.011475
22.828 1 STATE_FILTER_STATUS 3 0
22.832 1 ATTITUDE -1.560134 2.413291 0.109218
22.835 1 WP_MOVED 5 360422. 4813583.5 260. 31
22.841 1 GPS 0 0 0 0 0 0 0 0 0 0 1
23.012 1 DOWNLINK_STATUS 0 23 11073 489 5 342. 16. -843.77
23.088 1 NAVIGATION 0 2 0. 0. 0. 0. 0 0
23.091 1 ATTITUDE -1.560509 2.413246 0.109404
23.098 1 DESIRED 0.02 0.33 0. 0. 0. 235. 0. 20.
23.101 1 ATTITUDE -1.560131 2.413194 0.109159
23.105 1 BAT 138 69 0 0 1 14 0 0
23.108 1 ATTITUDE -1.557783 2.413611 0.107871
23.114 1 DESIRED 0.02 0.32 0. 0. 0. 235. 0. 20.
23.119 1 GPS 0 0 0 0 0 0 0 0 0 0 1
23.125 1 NAVIGATION 0 2 0. 0. 0. 0. 0 0
23.127 1 ATTITUDE -1.556722 2.414124 0.107096
23.373 1 ESTIMATOR 0. 0.
23.377 1 NAVIGATION 0 2 0. 0. 0. 0. 0 0
23.380 1 GPS_SOL 0 0 0 0
23.383 1 ATTITUDE -1.559222 2.413318 0.108665
23.390 1 DESIRED 0.02 0.33 0. 0. 0. 235. 0. 20.
23.393 1 WP_MOVED 6 360165.8125 4813664.5 260. 31
23.396 1 IMU_GYRO -0.05835 0.013672 -0.019043
23.400 1 IMU_MAG -3.253906 -3.040527 -3.355957
23.405 1 GPS 0 0 0 0 0 0 0 0 0 0 1
23.410 1 NAVIGATION 0 2 0. 0. 0. 0. 0 0
23.413 1 ATTITUDE -1.559412 2.413262 0.108736
23.656 1 IMU_ACCEL 1.091797 -0.712891 -9.580078
23.659 1 COMMANDS 138,196,224,0,-266
23.663 1 ATTITUDE -1.5602 2.412979 0.10923
23.669 1 DESIRED 0.02 0.33 0. 0. 0. 235. 0. 20.
23.671 1 PPRZ_MODE 0 0 0 0 0 17
23.674 1 ACTUATORS 1195,1538,1510,1510,1507
23.677 1 ATTITUDE -1.559729 2.413016 0.108969
23.683 1 GPS 0 0 0 0 0 0 0 0 0 0 1
23.688 1 NAVIGATION 0 2 0. 0. 0. 0. 0 0
23.691 1 ATTITUDE -1.559655 2.413062 0.10894
23.697 1 DESIRED 0.02 0.33 0. 0. 0. 235. 0. 20.
23.700 1 ESTIMATOR 0. 0.
23.901 1 ATTITUDE -1.559689 2.412992 0.108944
23.904 1 WP_MOVED 7 360559.40625 4813804.5 260. 31
23.910 1 GPS 0 0 0 0 0 0 0 0 0 0 1
23.914 1 NAVIGATION 0 2 0. 0. 0. 0. 0 0
23.918 1 ATTITUDE -1.559835 2.41297 0.108969
23.924 1 DESIRED 0.02 0.33 0. 0. 0. 235. 0. 20.
23.927 1 IMU_GYRO -0.051025 0.011475 -0.018066
23.930 1 ATTITUDE -1.559979 2.412855 0.109118
23.931 1 CALIBRATION 0. 0
24.012 1 DOWNLINK_STATUS 0 24 12040 531 5 967. 42. -843.77
24.188 1 ATTITUDE -1.560093 2.412782 0.109237
24.194 1 DESIRED 0.02 0.33 0. 0. 0. 235. 0. 20.
24.200 1 GPS 0 0 0 0 0 0 0 0 0 0 1
24.204 1 BAT 138 69 0 0 1 15 0 0
24.206 1 DL_VALUE 10 0.
24.210 1 NAVIGATION 0 2 0. 0. 0. 0. 0 0
24.213 1 ATTITUDE -1.560145 2.412756 0.109289
24.216 1 ESTIMATOR 0. 0.
24.219 1 IMU_ACCEL 1.067383 -0.699219 -9.618164
24.224 1 NAVIGATION 0 2 0. 0. 0. 0. 0 0
24.227 1 ATTITUDE -1.56031 2.412701 0.109393
24.475 1 DESIRED 0.02 0.33 0. 0. 0. 235. 0. 20.
24.479 1 WP_MOVED 8 360462.40625 4813640. 215. 31
24.485 1 GPS 0 0 0 0 0 0 0 0 0 0 1
24.487 1 FBW_STATUS 0 53 0 69 0
24.492 1 NAVIGATION 0 2 0. 0. 0. 0. 0 0
24.495 1 ATTITUDE -1.560573 2.412533 0.109525
24.498 1 ATTITUDE -1.560803 2.412333 0.109718
24.505 1 DESIRED 0.02 0.33 0. 0. 0. 235. 0. 20.
24.508 1 IMU_GYRO -0.048828 0.009521 -0.016846
24.510 1 PPRZ_MODE 0 0 0 0 0 17
24.513 1 ATTITUDE -1.560833 2.412213 0.109776
24.763 1 GPS 0 0 0 0 0 0 0 0 0 0 1
24.766 1 IMU_MAG -3.266602 -3.043457 -3.389648
24.770 1 ENERGY 6.9 0. 0 0.
24.774 1 NAVIGATION 0 2 0. 0. 0. 0. 0 0
24.777 1 ATTITUDE -1.561229 2.412021 0.110028
24.784 1 DESIRED 0.02 0.33 0. 0. 0. 235. 0. 20.
24.785 1 ESTIMATOR 0. 0.
24.790 1 ALIVE 109,244,4,120,10,214,228,189,38,213,156,75,18,122,185,109
24.792 1 ATTITUDE -1.561326 2.411839 0.110114
24.796 1 WP_MOVED 9 360313.8125 4813652. 185. 31
24.802 1 GPS 0 0 0 0 0 0 0 0 0 0 1
25.013 1 DOWNLINK_STATUS 0 25 12796 564 5 756. 33. -843.77
25.050 1 NAVIGATION 0 2 0. 0. 0. 0. 0 0
25.053 1 ATTITUDE -1.561479 2.411726 0.110231
25.060 1 DESIRED 0.02 0.33 0. 0. 0. 235. 0. 20.
25.061 1 STATE_FILTER_STATUS 3 0
25.064 1 ATTITUDE -1.561626 2.411646 0.110319
25.068 1 IMU_ACCEL 1.120117 -0.674805 -9.59375
25.079 1 DESIRED 0.02 0.33 0. 0. 0. 235. 0. 20.
25.082 1 ESTIMATOR 0. 0.
25.085 1 IMU_GYRO -0.047852 0.009521 -0.015869
25.088 1 ATTITUDE -1.561727 2.410922 0.110535
25.092 1 WP_MOVED 11 360170.5 4813757.5 260. 31
25.337 1 IMU_ACCEL 1.077148 -0.68457 -9.555664
25.343 1 GPS 0 0 0 0 0 0 0 0 0 0 1
25.347 1 NAVIGATION 0 2 0. 0. 0. 0. 0 0
25.351 1 ATTITUDE -1.561617 2.41082 0.110503
25.362 1 WP_MOVED 0 360327. 4813637. 260. 31
25.366 1 IMU_GYRO -0.048828 0.009521 -0.018066
25.369 1 BAT 138 69 0 0 1 17 0 0
25.375 1 GPS 0 0 0 0 0 0 0 0 0 0 1
25.378 1 FBW_STATUS 0 49 0 69 0
25.625 1 NAVIGATION 0 2 0. 0. 0. 0. 0 0
25.627 1 ATTITUDE -1.561037 2.41053 0.110266
25.631 1 ATTITUDE -1.561094 2.410497 0.110281
25.638 1 DESIRED 0.02 0.33 0. 0. 0. 235. 0. 20.
25.639 1 PPRZ_MODE 0 0 0 0 0 17
25.642 1 ATTITUDE -1.561184 2.410459 0.110336
25.657 1 DESIRED 0.02 0.33 0. 0. 0. 235. 0. 20.
25.662 1 GPS 0 0 0 0 0 0 0 0 0 0 1
25.664 1 DL_VALUE 1 0.
25.665 1 STATE_FILTER_STATUS 3 0
26.014 1 DOWNLINK_STATUS 0 26 13454 594 8 658. 30. -5844.34
26.283 1 ENERGY 6.9 0. 0 0.
26.287 1 NAVIGATION 0 2 0. 0. 0. 0. 0 0
26.290 1 ATTITUDE -1.560098 2.410465 0.109804
26.293 1 ESTIMATOR 0. 0.
26.297 1 NAVIGATION 0 2 0. 0. 0. 0. 0 0
26.301 1 IMU_MAG -3.253906 -3.043457 -3.343262
26.312 1 DESIRED 0.02 0.33 0. 0. 0. 235. 0. 20.
26.315 1 WP_MOVED 2 360334.5 4813695. 260. 31
26.321 1 GPS 0 0 0 0 0 0 0 0 0 0 1
26.568 1 NAVIGATION 0 2 0. 0. 0. 0. 0 0
26.571 1 ATTITUDE -1.559832 2.410326 0.10967
26.574 1 IMU_ACCEL 1.091797 -0.712891 -9.570312
26.578 1 BAT 138 69 0 0 1 19 0 0
26.581 1 ATTITUDE -1.560008 2.410265 0.109791
26.589 1 DESIRED 0.02 0.33 0. 0. 0. 235. 0. 20.
26.598 1 GPS 0 0 0 0 0 0 0 0 0 0 1
26.603 1 NAVIGATION 0 2 0. 0. 0. 0. 0 0
26.606 1 ATTITUDE -1.559865 2.410154 0.109785
26.814 1 DESIRED 0.02 0.33 0. 0. 0. 235. 0. 20.
26.816 1 ESTIMATOR 0. 0.
26.820 1 ATTITUDE -1.559771 2.4101 0.109709
26.823 1 WP_MOVED 3 360295.09375 4813785. 260. 31
26.829 1 GPS 0 0 0 0 0 0 0 0 0 0 1
26.833 1 NAVIGATION 0 2 0. 0. 0. 0. 0 0
26.836 1 ATTITUDE -1.559711 2.410067 0.109711
26.843 1 DESIRED 0.02 0.33 0. 0. 0. 235. 0. 20.
26.846 1 ATTITUDE -1.559584 2.410025 0.109735
26.848 1 NAVIGATION_REF 360285 4813595 31
27.015 1 DOWNLINK_STATUS 0 27 14121 622 10 667. 28. -5844.34
27.104 1 ATTITUDE -1.559228 2.410053 0.109504
27.111 1 DESIRED 0.02 0.33 0. 0. 0. 235. 0. 20.
27.116 1 GPS 0 0 0 0 0 0 0 0 0 0 1
27.119 1 IMU_GYRO -0.052002 0.010498 -0.016846
27.124 1 NAVIGATION 0 2 0. 0. 0. 0. 0 0
27.127 1 ATTITUDE -1.559015 2.410111 0.109428
27.130 1 ESTIMATOR 0. 0.
27.133 1 IMU_ACCEL 1.120117 -0.708008 -9.56543
27.137 1 NAVIGATION 0 2 0. 0. 0. 0. 0 0
27.139 1 CALIBRATION 0. 0
27.142 1 ATTITUDE -1.558959 2.410167 0.109513
27.151 1 WIND_INFO 1 42 0. 0. 0.
27.393 1 DESIRED 0.02 0.33 0. 0. 0. 235. 0. 20.
27.395 1 WP_MOVED 4 360417.3125 4813734. 260. 31
27.401 1 GPS 0 0 0 0 0 0 0 0 0 0 1
27.403 1 FBW_STATUS 0 49 0 69 0
27.409 1 NAVIGATION 0 2 0. 0. 0. 0. 0 0
27.411 1 ATTITUDE -1.558721 2.410219 0.109401
27.414 1 COMMANDS 138,196,210,0,-280
27.417 1 ATTITUDE -1.55865 2.410272 0.109349
27.425 1 DESIRED 0.02 0.33 0. 0. 0. 235. 0. 20.
27.426 1 PPRZ_MODE 0 0 0 0 0 17
27.430 1 BAT 138 69 0 0 1 20 0 0
27.433 1 IMU_MAG -3.252441 -3.046387 -3.348145
28.002 1 ACTUATORS 1195,1538,1510,1510,1507
28.005 1 ATTITUDE -1.558734 2.410208 0.109348
28.011 1 GPS 0 0 0 0 0 0 0 0 0 0 1
28.012 1 DL_VALUE 2 235.
28.016 1 DOWNLINK_STATUS 0 28 14712 649 10 591. 27. -5844.34
28.017 1 NAVIGATION 0 2 0. 0. 0. 0. 0 0
28.020 1 ATTITUDE -1.558817 2.410145 0.109444
28.027 1 DESIRED 0.02 0.33 0. 0. 0. 235. 0. 20.
28.029 1 ESTIMATOR 0. 0.
28.032 1 IMU_GYRO -0.049805 0.011475 -0.02002
28.035 1 ATTITUDE -1.559281 2.409895 0.109795
28.039 1 WP_MOVED 5 360422. 4813583.5 260. 31
28.690 1 GPS 0 0 0 0 0 0 0 0 0 0 1
28.694 1 NAVIGATION 0 2 0. 0. 0. 0. 0 0
28.697 1 ATTITUDE -1.55972 2.409617 0.110091
28.704 1 DESIRED 0.02 0.33 0. 0. 0. 235. 0. 20.
28.707 1 ATTITUDE -1.559965 2.409488 0.110251
28.710 1 IMU_ACCEL 1.082031 -0.708008 -9.608398
28.714 1 ATTITUDE -1.560188 2.409399 0.110399
28.720 1 DESIRED 0.02 0.33 0. 0. 0. 235. 0. 20.
28.726 1 GPS 0 0 0 0 0 0 0 0 0 0 1
28.730 1 NAVIGATION 0 2 0. 0. 0. 0. 0 0
28.968 1 ATTITUDE -1.560268 2.409349 0.11039
28.972 1 ESTIMATOR 0. 0.
28.974 1 NAVIGATION 0 2 0. 0. 0. 0. 0 0
28.976 1 GPS_SOL 0 0 0 0
28.981 1 ATTITUDE -1.56032 2.409342 0.110441
28.987 1 DESIRED 0.02 0.33 0. 0. 0. 235. 0. 20.
28.991 1 WP_MOVED 6 360165.8125 4813664.5 260. 31
28.994 1 IMU_GYRO -0.051025 0.010498 -0.016846
28.994 1 STATE_FILTER_STATUS 3 0
29.000 1 GPS 0 0 0 0 0 0 0 0 0 0 1
29.005 1 NAVIGATION 0 2 0. 0. 0. 0. 0 0
29.008 1 ATTITUDE -1.5603 2.409315 0.110425
29.017 1 DOWNLINK_STATUS 0 29 15385 678 10 673. 29. -5844.34
29.257 1 ATTITUDE -1.559896 2.409351 0.110206
29.264 1 DESIRED 0.02 0.33 0. 0. 0. 235. 0. 20.
29.266 1 PPRZ_MODE 0 0 0 0 0 17
29.269 1 ATTITUDE -1.559779 2.40941 0.110159
29.275 1 GPS 0 0 0 0 0 0 0 0 0 0 1
29.278 1 BAT 138 69 0 0 1 21 0 0
29.282 1 ENERGY 6.9 0. 0 0.
29.286 1 NAVIGATION 0 2 0. 0. 0. 0. 0 0
29.289 1 ATTITUDE -1.559892 2.409374 0.110178
29.296 1 DESIRED 0.02 0.33 0. 0. 0. 235. 0. 20.
29.298 1 ESTIMATOR 0. 0.
29.545 1 ALIVE 109,244,4,120,10,214,228,189,38,213,156,75,18,122,185,109
29.548 1 ATTITUDE -1.55962 2.409323 0.110036
29.551 1 WP_MOVED 7 360559.40625 4813804.5 260. 31
29.555 1 IMU_ACCEL 1.091797 -0.712891 -9.570312
29.558 1 IMU_MAG -3.261719 -3.047852 -3.246094
29.563 1 GPS 0 0 0 0 0 0 0 0 0 0 1
29.568 1 NAVIGATION 0 2 0. 0. 0. 0. 0 0
29.571 1 ATTITUDE -1.559108 2.409414 0.109777
29.578 1 DESIRED 0.02 0.33 0. 0. 0. 235. 0. 20.
29.581 1 IMU_GYRO -0.046631 0.007324 -0.016846
29.584 1 ATTITUDE -1.559261 2.4094 0.109843
29.830 1 ATTITUDE -1.558872 2.409473 0.109764
29.837 1 DESIRED 0.02 0.33 0. 0. 0. 235. 0. 20.
29.842 1 GPS 0 0 0 0 0 0 0 0 0 0 1
29.844 1 DL_VALUE 3 0.
29.848 1 NAVIGATION 0 2 0. 0. 0. 0. 0 0
29.849 1 PONG 
29.860 1 DESIRED 0.02 0.33 0. 0. 0. 235. 0. 20.
29.863 1 IMU_GYRO -0.048828 0.013672 -0.018066
29.865 1 PPRZ_MODE 0 0 0 0 0 17
29.868 1 ATTITUDE -1.558338 2.409697 0.109422
30.018 1 DOWNLINK_STATUS 0 30 16107 710 11 722. 32. 4351.15
30.118 1 GPS 0 0 0 0 0 0 0 0 0 0 1
30.121 1 IMU_ACCEL 1.048828 -0.742188 -9.598633
30.125 1 NAVIGATION 0 2 0. 0. 0. 0. 0 0
30.128 1 ATTITUDE -1.558362 2.409665 0.109551
30.135 1 DESIRED 0.02 0.33 0. 0. 0. 235. 0. 20.
30.137 1 ESTIMATOR 0. 0.
30.145 1 WP_MOVED 9 360313.8125 4813652. 185. 31
30.151 1 GPS 0 0 0 0 0 0 0 0 0 0 1
30.155 1 NAVIGATION 0 2 0. 0. 0. 0. 0 0
30.158 1 ATTITUDE -1.558397 2.409611 0.109522
30.408 1 DESIRED 0.02 0.33 0. 0. 0. 235. 0. 20.
30.411 1 ATTITUDE -1.558541 2.409528 0.109639
30.414 1 ATTITUDE -1.558497 2.409441 0.109736
30.421 1 DESIRED 0.02 0.33 0. 0. 0. 235. 0. 20.
30.426 1 GPS 0 0 0 0 0 0 0 0 0 0 1
30.429 1 IMU_GYRO -0.047852 0.008301 -0.016846
30.433 1 IMU_MAG -3.252441 -3.040527 -3.349609
30.437 1 NAVIGATION 0 2 0. 0. 0. 0. 0 0
30.440 1 ATTITUDE -1.558345 2.40944 0.109719
30.443 1 ESTIMATOR 0. 0.
30.447 1 NAVIGATION 0 2 0. 0. 0. 0. 0 0
30.693 1 GPS_SOL 0 0 0 0
30.696 1 ATTITUDE -1.55833 2.409411 0.109631
30.702 1 DESIRED 0.02 0.33 0. 0. 0. 235. 0. 20.
30.706 1 WP_MOVED 10 360453.8125 4813581. 260. 31
30.712 1 GPS 0 0 0 0 0 0 0 0 0 0 1
30.716 1 NAVIGATION 0 2 0. 0. 0. 0. 0 0
30.719 1 ATTITUDE -1.558343 2.409376 0.109637
30.722 1 IMU_ACCEL 1.134766 -0.708008 -9.527344
30.726 1 ATTITUDE -1.558231 2.409401 0.109638
30.732 1 DESIRED 0.02 0.33 0. 0. 0. 235. 0. 20.
30.734 1 PPRZ_MODE 0 0 0 0 0 17
31.019 1 DOWNLINK_STATUS 0 31 16872 742 12 765. 32. -649.73
31.301 1 STATE_FILTER_STATUS 3 0
31.304 1 ATTITUDE -1.558142 2.409403 0.109604
31.310 1 GPS 0 0 0 0 0 0 0 0 0 0 1
31.312 1 DL_VALUE 4 0.
31.316 1 NAVIGATION 0 2 0. 0. 0. 0. 0 0
31.319 1 ATTITUDE -1.558186 2.409372 0.109621
31.326 1 DESIRED 0.02 0.32 0. 0. 0. 235. 0. 20.
31.329 1 ESTIMATOR 0. 0.
31.332 1 IMU_GYRO -0.049805 0.009521 -0.016846
31.335 1 ATTITUDE -1.558943 2.40905 0.110064
31.338 1 WP_MOVED 11 360170.5 4813757.5 260. 31
31.342 1 BAT 138 69 0 0 1 23 0 0
31.946 1 GPS 0 0 0 0 0 0 0 0 0 0 1
31.950 1 NAVIGATION 0 2 0. 0. 0. 0. 0 0
31.954 1 ATTITUDE -1.55969 2.40871 0.110565
31.960 1 DESIRED 0.02 0.33 0. 0. 0. 235. 0. 20.
31.963 1 ATTITUDE -1.559896 2.408577 0.1107
31.975 1 ESTIMATOR 0. 0.
31.976 1 IMU_ACCEL 1.101562 -0.722656 -9.575195
31.979 1 NAVIGATION 0 2 0. 0. 0. 0. 0 0
31.982 1 ATTITUDE -1.559062 2.408661 0.110094
32.019 1 DOWNLINK_STATUS 0 32 17325 763 13 453. 21. -649.73
33.014 1 DESIRED 0.02 0.33 0. 0. 0. 235. 0. 20.
33.017 1 WP_MOVED 0 360327. 4813637. 260. 31
33.020 1 IMU_GYRO -0.052979 0.012695 -0.02002
33.020 1 DOWNLINK_STATUS 0 33 17401 766 13 76. 3. -649.73
33.026 1 GPS 0 0 0 0 0 0 0 0 0 0 1
33.029 1 FBW_STATUS 0 46 0 69 0
33.033 1 NAVIGATION 0 2 0. 0. 0. 0. 0 0
33.046 1 NAVIGATION 0 2 0. 0. 0. 0. 0 0
33.049 1 ATTITUDE -1.560358 2.408172 0.110875
33.055 1 DESIRED 0.02 0.33 0. 0. 0. 235. 0. 20.
33.301 1 IMU_GYRO -0.044678 0.007324 -0.016846
33.305 1 BAT 138 69 0 0 1 24 0 0
33.308 1 ATTITUDE -1.55994 2.408315 0.110608
33.311 1 IMU_ACCEL 1.125 -0.717773 -9.527344
33.314 1 ATTITUDE -1.55847 2.40881 0.109714
33.321 1 DESIRED 0.02 0.33 0. 0. 0. 235. 0. 20.
33.330 1 ATTITUDE -1.557569 2.408916 0.109188
33.333 1 ESTIMATOR 0. 0.
33.337 1 NAVIGATION 0 2 0. 0. 0. 0. 0 0
33.340 1 GPS_SOL 0 0 0 0
33.343 1 ATTITUDE -1.557916 2.408739 0.109419
33.593 1 DESIRED 0.02 0.32 0. 0. 0. 235. 0. 20.
33.596 1 WP_MOVED 2 360334.5 4813695. 260. 31
33.602 1 GPS 0 0 0 0 0 0 0 0 0 0 1
33.606 1 NAVIGATION 0 2 0. 0. 0. 0. 0 0
33.609 1 ATTITUDE -1.557381 2.408397 0.109395
33.612 1 COMMANDS 138,196,224,0,-280
33.615 1 ATTITUDE -1.557506 2.407845 0.109576
33.622 1 DESIRED 0.02 0.32 0. 0. 0. 235. 0. 20.
33.625 1 IMU_GYRO -0.022217 -0.00415 -0.009521
33.627 1 PPRZ_MODE 0 0 0 0 0 17
33.630 1 ACTUATORS 1195,1538,1510,1510,1507
33.877 1 ATTITUDE -1.556561 2.407959 0.109083
33.883 1 GPS 0 0 0 0 0 0 0 0 0 0 1
33.887 1 NAVIGATION 0 2 0. 0. 0. 0. 0 0
33.890 1 ATTITUDE -1.557174 2.407885 0.10939
33.897 1 DESIRED 0.02 0.32 0. 0. 0. 235. 0. 20.
33.899 1 ESTIMATOR 0. 0.
33.902 1 IMU_MAG -3.252441 -3.044922 -3.359375
33.904 1 STATE_FILTER_STATUS 3 0
33.907 1 ATTITUDE -1.557551 2.407959 0.109656
33.911 1 WP_MOVED 3 360295.09375 4813785. 260. 31
33.914 1 IMU_ACCEL 1.077148 -0.732422 -9.536133
33.919 1 GPS 0 0 0 0 0 0 0 0 0 0 1
34.020 1 DOWNLINK_STATUS 0 34 18299 806 15 898. 40. -649.73
34.166 1 NAVIGATION 0 2 0. 0. 0. 0. 0 0
34.170 1 ATTITUDE -1.557394 2.40802 0.109621
34.176 1 DESIRED 0.02 0.32 0. 0. 0. 235. 0. 20.
34.179 1 ATTITUDE -1.557229 2.4081 0.10949
34.183 1 BAT 138 69 0 0 1 25 0 0
34.186 1 ATTITUDE -1.557078 2.40817 0.109453
34.193 1 DESIRED 0.02 0.32 0. 0. 0. 235. 0. 20.
34.198 1 GPS 0 0 0 0 0 0 0 0 0 0 1
34.202 1 IMU_GYRO -0.046631 0.008301 -0.016846
34.206 1 NAVIGATION 0 2 0. 0. 0. 0. 0 0
34.452 1 ATTITUDE -1.557021 2.408254 0.109374
34.454 1 ESTIMATOR 0. 0.
34.459 1 NAVIGATION 0 2 0. 0. 0. 0. 0 0
34.462 1 ATTITUDE -1.557321 2.408342 0.109423
34.468 1 DESIRED 0.02 0.32 0. 0. 0. 235. 0. 20.
34.472 1 WP_MOVED 4 360417.3125 4813734. 260. 31
34.478 1 GPS 0 0 0 0 0 0 0 0 0 0 1
34.483 1 NAVIGATION 0 2 0. 0. 0. 0. 0 0
34.485 1 FBW_STATUS 0 51 0 69 0
34.488 1 ATTITUDE -1.557382 2.408392 0.109476
34.491 1 ATTITUDE -1.55774 2.408418 0.109565
34.742 1 DESIRED 0.02 0.32 0. 0. 0. 235. 0. 20.
34.744 1 PPRZ_MODE 0 0 0 0 0 17
34.746 1 CALIBRATION 0. 0
34.749 1 ATTITUDE -1.558391 2.408376 0.109859
34.755 1 GPS 0 0 0 0 0 0 0 0 0 0 1
34.758 1 IMU_ACCEL 1.139648 -0.712891 -9.488281
34.760 1 DL_VALUE 6 40.
34.763 1 ENERGY 6.9 0. 0 0.
34.768 1 NAVIGATION 0 2 0. 0. 0. 0. 0 0
34.771 1 ATTITUDE -1.558773 2.408337 0.110098
34.777 1 DESIRED 0.02 0.33 0. 0. 0. 235. 0. 20.
34.780 1 ESTIMATOR 0. 0.
35.021 1 DOWNLINK_STATUS 0 35 19054 839 15 755. 33. -649.73
35.026 1 IMU_GYRO -0.052002 0.012695 -0.016846
35.030 1 ALIVE 109,244,4,120,10,214,228,189,38,213,156,75,18,122,185,109
35.033 1 ATTITUDE -1.559124 2.408365 0.110274
35.036 1 WP_MOVED 5 360422. 4813583.5 260. 31
35.042 1 GPS 0 0 0 0 0 0 0 0 0 0 1
35.047 1 NAVIGATION 0 2 0. 0. 0. 0. 0 0
35.050 1 ATTITUDE -1.55913 2.408438 0.110268
35.056 1 DESIRED 0.02 0.33 0. 0. 0. 235. 0. 20.
35.060 1 ATTITUDE -1.559061 2.408608 0.110134
35.063 1 IMU_MAG -3.252441 -3.043457 -3.335449
35.066 1 ATTITUDE -1.558887 2.408751 0.110065
35.316 1 DESIRED 0.02 0.33 0. 0. 0. 235. 0. 20.
35.322 1 GPS 0 0 0 0 0 0 0 0 0 0 1
35.325 1 BAT 138 69 0 0 1 26 0 0
35.330 1 NAVIGATION 0 2 0. 0. 0. 0. 0 0
35.333 1 ATTITUDE -1.558454 2.409083 0.109796
35.335 1 ESTIMATOR 0. 0.
35.347 1 PPRZ_MODE 0 0 0 0 0 17
35.351 1 ATTITUDE -1.55818 2.409244 0.109566
35.356 1 GPS 0 0 0 0 0 0 0 0 0 0 1
35.605 1 NAVIGATION 0 2 0. 0. 0. 0. 0 0
35.607 1 ATTITUDE -1.558258 2.40925 0.109529
35.615 1 DESIRED 0.02 0.33 0. 0. 0. 235. 0. 20.
35.617 1 ESTIMATOR 0. 0.
35.620 1 ATTITUDE -1.558559 2.409099 0.109715
35.623 1 WP_MOVED 7 360559.40625 4813804.5 260. 31
35.639 1 GPS 0 0 0 0 0 0 0 0 0 0 1
35.641 1 DL_VALUE 7 0.
35.645 1 NAVIGATION 0 2 0. 0. 0. 0. 0 0
36.022 1 DOWNLINK_STATUS 0 36 19719 868 17 665. 29. -5650.91
36.260 1 ATTITUDE -1.558055 2.40941 0.109387
36.263 1 ESTIMATOR 0. 0.
36.266 1 IMU_ACCEL 1.091797 -0.732422 -9.555664
36.271 1 NAVIGATION 0 2 0. 0. 0. 0. 0 0
36.274 1 BAT 138 69 0 0 1 27 0 0
36.277 1 ATTITUDE -1.558116 2.409538 0.109331
36.290 1 NAVIGATION 0 2 0. 0. 0. 0. 0 0
36.293 1 GPS_SOL 0 0 0 0
36.296 1 ATTITUDE -1.558938 2.41001 0.109602
36.546 1 DESIRED 0.02 0.33 0. 0. 0. 235. 0. 20.
36.548 1 WP_MOVED 10 360453.8125 4813581. 260. 31
36.552 1 BAT 138 69 0 0 1 28 0 0
36.558 1 GPS 0 0 0 0 0 0 0 0 0 0 1
36.562 1 NAVIGATION 0 2 0. 0. 0. 0. 0 0
36.565 1 ATTITUDE -1.557916 2.410295 0.109099
36.568 1 ATTITUDE -1.557634 2.410449 0.108945
36.575 1 DESIRED 0.02 0.32 0. 0. 0. 235. 0. 20.
36.577 1 PPRZ_MODE 0 0 0 0 0 17
36.580 1 ATTITUDE -1.557626 2.410487 0.108912
36.586 1 GPS 0 0 0 0 0 0 0 0 0 0 1
36.833 1 IMU_MAG -3.255859 -3.041992 -3.354492
36.835 1 DL_VALUE 8 0.
36.839 1 NAVIGATION 0 2 0. 0. 0. 0. 0 0
36.842 1 ATTITUDE -1.557599 2.410453 0.108921
36.849 1 DESIRED 0.02 0.32 0. 0. 0. 235. 0. 20.
36.851 1 ESTIMATOR 0. 0.
36.855 1 IMU_GYRO -0.055176 0.012695 -0.018066
36.858 1 ATTITUDE -1.557887 2.410443 0.109095
36.861 1 WP_MOVED 11 360170.5 4813757.5 260. 31
36.864 1 IMU_ACCEL 1.058594 -0.732422 -9.580078
36.870 1 GPS 0 0 0 0 0 0 0 0 0 0 1
36.875 1 NAVIGATION 0 2 0. 0. 0. 0. 0 0
37.022 1 DOWNLINK_STATUS 0 37 20428 900 18 709. 32. -5650.91
37.120 1 ATTITUDE -1.557984 2.410486 0.109145
37.127 1 DESIRED 0.02 0.32 0. 0. 0. 235. 0. 20.
37.130 1 ATTITUDE -1.558149 2.410505 0.109185
37.133 1 ATTITUDE -1.557811 2.410682 0.108927
37.140 1 DESIRED 0.02 0.32 0. 0. 0. 235. 0. 20.
37.146 1 GPS 0 0 0 0 0 0 0 0 0 0 1
37.147 1 STATE_FILTER_STATUS 3 0
37.151 1 WIND_INFO 1 42 0. 0. 0.
37.152 1 NAVIGATION 0 2 0. 0. 0. 0. 0 0
37.155 1 ATTITUDE -1.557613 2.410843 0.10879
37.157 1 ESTIMATOR 0. 0.
37.162 1 NAVIGATION 0 2 0. 0. 0. 0. 0 0
37.407 1 ATTITUDE -1.557376 2.411073 0.108652
37.414 1 DESIRED 0.02 0.32 0. 0. 0. 235. 0. 20.
37.417 1 WP_MOVED 0 360327. 4813637. 260. 31
37.420 1 IMU_GYRO -0.041504 0.00415 -0.012695
37.426 1 GPS 0 0 0 0 0 0 0 0 0 0 1
37.429 1 FBW_STATUS 0 50 0 69 0
37.433 1 NAVIGATION 0 2 0. 0. 0. 0. 0 0
37.436 1 ATTITUDE -1.557124 2.41127 0.108465
37.440 1 BAT 138 69 0 0 1 30 0 0
37.443 1 COMMANDS 138,196,224,0,-266
37.446 1 ATTITUDE -1.557196 2.411288 0.108483
38.023 1 DOWNLINK_STATUS 0 38 20926 922 18 498. 22. -5650.91
38.373 1 DESIRED 0.02 0.32 0. 0. 0. 235. 0. 20.
38.375 1 PPRZ_MODE 0 0 0 0 0 17
38.378 1 ACTUATORS 1195,1538,1510,1510,1507
38.382 1 ATTITUDE -1.557237 2.411262 0.108473
38.387 1 GPS 0 0 0 0 0 0 0 0 0 0 1
38.390 1 IMU_ACCEL 1.086914 -0.755859 -9.545898
38.395 1 NAVIGATION 0 2 0. 0. 0. 0. 0 0
38.398 1 ATTITUDE -1.557292 2.411283 0.108538
38.405 1 DESIRED 0.02 0.32 0. 0. 0. 235. 0. 20.
38.407 1 ESTIMATOR 0. 0.
38.409 1 CALIBRATION 0. 0
38.412 1 ATTITUDE -1.557519 2.411283 0.10854
38.416 1 WP_MOVED 1 360285. 4813595. 260. 31
39.024 1 DOWNLINK_STATUS 0 39 21207 935 18 281. 13. -5650.91
39.071 1 GPS 0 0 0 0 0 0 0 0 0 0 1
39.076 1 NAVIGATION 0 2 0. 0. 0. 0. 0 0
39.079 1 ATTITUDE -1.557815 2.411253 0.108712
39.086 1 DESIRED 0.02 0.32 0. 0. 0. 235. 0. 20.
39.089 1 IMU_GYRO -0.049805 0.009521 -0.015869
39.092 1 IMU_MAG -3.252441 -3.035645 -3.341797
39.095 1 ATTITUDE -1.557822 2.411246 0.108744
39.098 1 ATTITUDE -1.557507 2.411438 0.108502
39.105 1 DESIRED 0.02 0.32 0. 0. 0. 235. 0. 20.
39.110 1 GPS 0 0 0 0 0 0 0 0 0 0 1
39.355 1 DL_VALUE 9 1.
39.361 1 NAVIGATION 0 2 0. 0. 0. 0. 0 0
39.364 1 ATTITUDE -1.5572 2.411606 0.108301
39.365 1 ESTIMATOR 0. 0.
39.371 1 NAVIGATION 0 2 0. 0. 0. 0. 0 0
39.373 1 GPS_SOL 0 0 0 0
39.377 1 ATTITUDE -1.556805 2.411728 0.10802
39.383 1 DESIRED 0.02 0.32 0. 0. 0. 235. 0. 20.
39.386 1 WP_MOVED 2 360334.5 4813695. 260. 31
39.392 1 GPS 0 0 0 0 0 0 0 0 0 0 1
39.396 1 NAVIGATION 0 2 0. 0. 0. 0. 0 0
39.643 1 ATTITUDE -1.556794 2.411799 0.10806
39.646 1 IMU_ACCEL 1.067383 -0.760742 -9.541016
39.649 1 ATTITUDE -1.556734 2.411796 0.107956
39.656 1 DESIRED 0.02 0.32 0. 0. 0. 235. 0. 20.
39.659 1 IMU_GYRO -0.046631 0.008301 -0.015869
39.661 1 PPRZ_MODE 0 0 0 0 0 17
39.665 1 BAT 138 69 0 0 1 31 0 0
39.668 1 ATTITUDE -1.55674 2.411841 0.107944
39.673 1 GPS 0 0 0 0 0 0 0 0 0 0 1
39.677 1 ENERGY 6.9 0. 0 0.
39.681 1 NAVIGATION 0 2 0. 0. 0. 0. 0 0
39.685 1 ATTITUDE -1.556763 2.411866 0.107898
39.934 1 DESIRED 0.02 0.32 0. 0. 0. 235. 0. 20.
39.936 1 ESTIMATOR 0. 0.
39.940 1 ALIVE 109,244,4,120,10,214,228,189,38,213,156,75,18,122,185,109
39.943 1 ATTITUDE -1.556916 2.411788 0.107963
39.947 1 WP_MOVED 3 360295.09375 4813785. 260. 31
39.953 1 GPS 0 0 0 0 0 0 0 0 0 0 1
39.957 1 NAVIGATION 0 2 0. 0. 0. 0. 0 0
39.960 1 ATTITUDE -1.557141 2.411633 0.108131
39.967 1 DESIRED 0.02 0.32 0. 0. 0. 235. 0. 20.
39.970 1 ATTITUDE -1.557233 2.411578 0.108188
39.973 1 ATTITUDE -1.557461 2.411466 0.108334
40.025 1 DOWNLINK_STATUS 0 40 22234 979 18 1027. 44. -5650.91
40.224 1 DESIRED 0.02 0.32 0. 0. 0. 235. 0. 20.
40.228 1 GPS 0 0 0 0 0 0 0 0 0 0 1
40.232 1 IMU_GYRO -0.043457 0.006348 -0.016846
40.233 1 PONG 
40.237 1 NAVIGATION 0 2 0. 0. 0. 0. 0 0
40.249 1 DESIRED 0.02 0.33 0. 0. 0. 235. 0. 20.
40.250 1 PPRZ_MODE 0 0 0 0 0 17
40.252 1 DOWNLINK 1 849 1216
40.255 1 ATTITUDE -1.55867 2.411139 0.108977
40.505 1 GPS 0 0 0 0 0 0 0 0 0 0 1
40.508 1 BAT 138 69 0 0 1 32 0 0
40.510 1 DL_VALUE 10 0.
40.515 1 NAVIGATION 0 2 0. 0. 0. 0. 0 0
40.518 1 ATTITUDE -1.558725 2.411112 0.108993
40.525 1 DESIRED 0.02 0.33 0. 0. 0. 235. 0. 20.
40.527 1 ESTIMATOR 0. 0.
40.530 1 IMU_GYRO -0.045654 0.007324 -0.015869
40.533 1 ATTITUDE -1.558666 2.411122 0.109042
40.537 1 WP_MOVED 5 360422. 4813583.5 260. 31
40.539 1 CALIBRATION 0. 0
40.545 1 GPS 0 0 0 0 0 0 0 0 0 0 1
40.549 1 NAVIGATION 0 2 0. 0. 0. 0. 0 0
41.025 1 DOWNLINK_STATUS 0 41 22721 1001 19 487. 22. -266.97
41.594 1 ATTITUDE -1.558608 2.41125 0.108938
41.601 1 DESIRED 0.02 0.33 0. 0. 0. 235. 0. 20.
41.604 1 ATTITUDE -1.558218 2.411414 0.108695
41.607 1 IMU_ACCEL 1.082031 -0.717773 -9.555664
41.610 1 ATTITUDE -1.558107 2.411518 0.10861
41.617 1 DESIRED 0.02 0.32 0. 0. 0. 235. 0. 20.
41.622 1 GPS 0 0 0 0 0 0 0 0 0 0 1
41.627 1 NAVIGATION 0 2 0. 0. 0. 0. 0 0
41.630 1 ATTITUDE -1.557944 2.411459 0.108467
41.632 1 ESTIMATOR 0. 0.
41.881 1 NAVIGATION 0 2 0. 0. 0. 0. 0 0
41.883 1 GPS_SOL 0 0 0 0
41.886 1 ATTITUDE -1.557917 2.411406 0.108419
41.894 1 DESIRED 0.02 0.32 0. 0. 0. 235. 0. 20.
41.896 1 WP_MOVED 6 360165.8125 4813664.5 260. 31
41.899 1 IMU_GYRO -0.049805 0.010498 -0.016846
41.905 1 GPS 0 0 0 0 0 0 0 0 0 0 1
41.909 1 NAVIGATION 0 2 0. 0. 0. 0. 0 0
41.913 1 ATTITUDE -1.558394 2.411278 0.108709
41.916 1 ATTITUDE -1.558343 2.411288 0.108709
41.923 1 DESIRED 0.02 0.33 0. 0. 0. 235. 0. 20.
42.026 1 DOWNLINK_STATUS 0 42 23230 1022 19 509. 21. -266.97
42.168 1 PPRZ_MODE 0 0 0 0 0 17
42.171 1 IMU_MAG -3.252441 -3.037109 -3.349609
42.174 1 ATTITUDE -1.558225 2.411299 0.108726
42.180 1 GPS 0 0 0 0 0 0 0 0 0 0 1
42.185 1 NAVIGATION 0 2 0. 0. 0. 0. 0 0
42.188 1 ATTITUDE -1.557918 2.411464 0.108439
42.194 1 DESIRED 0.02 0.32 0. 0. 0. 235. 0. 20.
42.197 1 ESTIMATOR 0. 0.
42.200 1 BAT 138 69 0 0 1 33 0 0
42.204 1 ATTITUDE -1.557272 2.411811 0.107929
42.207 1 WP_MOVED 7 360559.40625 4813804.5 260. 31
42.210 1 IMU_ACCEL 1.019531 -0.74707 -9.545898
42.459 1 GPS 0 0 0 0 0 0 0 0 0 0 1
42.463 1 NAVIGATION 0 2 0. 0. 0. 0. 0 0
42.466 1 ATTITUDE -1.556325 2.412282 0.107288
42.474 1 DESIRED 0.02 0.32 0. 0. 0. 235. 0. 20.
42.476 1 IMU_GYRO -0.033936 0.001953 -0.010498
42.479 1 ATTITUDE -1.555879 2.412258 0.107265
42.487 1 GPS 0 0 0 0 0 0 0 0 0 0 1
42.488 1 IMU_ACCEL 1.077148 -0.751953 -9.570312
42.492 1 NAVIGATION 0 2 0. 0. 0. 0. 0 0
42.499 1 ATTITUDE -1.555514 2.41238 0.107069
42.746 1 DESIRED 0.02 0.32 0. 0. 0. 235. 0. 20.
42.748 1 ESTIMATOR 0. 0.
42.751 1 ATTITUDE -1.555698 2.412241 0.107183
42.754 1 WP_MOVED 9 360313.8125 4813652. 185. 31
42.758 1 BAT 138 69 0 0 1 34 0 0
42.761 1 IMU_MAG -3.244629 -3.035645 -3.335449
42.777 1 WP_MOVED 10 360453.8125 4813581. 260. 31
42.782 1 GPS 0 0 0 0 0 0 0 0 0 0 1
43.027 1 DOWNLINK_STATUS 0 43 23912 1052 20 682. 30. -266.97
43.030 1 NAVIGATION 0 2 0. 0. 0. 0. 0 0
43.033 1 ATTITUDE -1.559657 2.41033 0.109695
43.037 1 IMU_ACCEL 1.053711 -0.74707 -9.575195
43.040 1 COMMANDS 138,196,224,0,-266
43.043 1 ATTITUDE -1.560888 2.409917 0.110378
43.049 1 DESIRED 0.02 0.33 0. 0. 0. 235. 0. 20.
43.051 1 PPRZ_MODE 0 0 0 0 0 17
43.054 1 ACTUATORS 1195,1538,1510,1510,1507
43.057 1 ATTITUDE -1.561489 2.409933 0.110701
43.063 1 GPS 0 0 0 0 0 0 0 0 0 0 1
43.064 1 DL_VALUE 1 0.
43.070 1 NAVIGATION 0 2 0. 0. 0. 0. 0 0
43.073 1 ATTITUDE -1.562314 2.409672 0.111133
43.322 1 DESIRED 0.02 0.33 0. 0. 0. 235. 0. 20.
43.324 1 ESTIMATOR 0. 0.
43.327 1 IMU_GYRO -0.046631 0.009521 -0.016846
43.331 1 ATTITUDE -1.562366 2.409681 0.111197
43.334 1 WP_MOVED 11 360170.5 4813757.5 260. 31
43.340 1 GPS 0 0 0 0 0 0 0 0 0 0 1
43.344 1 NAVIGATION 0 2 0. 0. 0. 0. 0 0
43.347 1 ATTITUDE -1.562438 2.409703 0.111236
43.354 1 DESIRED 0.02 0.33 0. 0. 0. 235. 0. 20.
43.358 1 BAT 138 69 0 0 1 35 0 0
43.361 1 ATTITUDE -1.562773 2.40975 0.111371
43.608 1 ATTITUDE -1.562823 2.409718 0.11142
43.615 1 DESIRED 0.02 0.33 0. 0. 0. 235. 0. 20.
43.619 1 GPS 0 0 0 0 0 0 0 0 0 0 1
43.622 1 IMU_MAG -3.263672 -3.043457 -3.234863
43.627 1 NAVIGATION 0 2 0. 0. 0. 0. 0 0
43.630 1 ATTITUDE -1.562868 2.409741 0.111463
43.633 1 ESTIMATOR 0. 0.
43.636 1 IMU_ACCEL 1.086914 -0.68457 -9.527344
43.640 1 NAVIGATION 0 2 0. 0. 0. 0. 0 0
43.643 1 ATTITUDE -1.562441 2.409696 0.111292
43.894 1 DESIRED 0.02 0.33 0. 0. 0. 235. 0. 20.
43.897 1 WP_MOVED 0 360327. 4813637. 260. 31
43.900 1 IMU_GYRO -0.044678 0.007324 -0.015869
43.906 1 GPS 0 0 0 0 0 0 0 0 0 0 1
43.909 1 FBW_STATUS 0 50 0 69 0
43.913 1 NAVIGATION 0 2 0. 0. 0. 0. 0 0
43.916 1 ATTITUDE -1.562316 2.409739 0.111249
43.919 1 ATTITUDE -1.562122 2.409912 0.111062
43.926 1 DESIRED 0.02 0.33 0. 0. 0. 235. 0. 20.
43.928 1 PPRZ_MODE 0 0 0 0 0 17
43.931 1 ATTITUDE -1.562279 2.409952 0.111068
44.027 1 DOWNLINK_STATUS 0 44 24925 1097 20 1013. 45. -266.97
44.180 1 GPS 0 0 0 0 0 0 0 0 0 0 1
44.183 1 ENERGY 6.9 0. 0 0.
44.188 1 NAVIGATION 0 2 0. 0. 0. 0. 0 0
44.191 1 ATTITUDE -1.561954 2.409983 0.110853
44.198 1 DESIRED 0.02 0.33 0. 0. 0. 235. 0. 20.
44.200 1 ESTIMATOR 0. 0.
44.202 1 STATE_FILTER_STATUS 3 0
44.206 1 ALIVE 109,244,4,120,10,214,228,189,38,213,156,75,18,122,185,109
44.209 1 ATTITUDE -1.561551 2.410007 0.110639
44.212 1 WP_MOVED 1 360285. 4813595. 260. 31
44.218 1 GPS 0 0 0 0 0 0 0 0 0 0 1
44.222 1 NAVIGATION 0 2 0. 0. 0. 0. 0 0
44.468 1 ATTITUDE -1.562196 2.410034 0.110918
44.475 1 DESIRED 0.02 0.33 0. 0. 0. 235. 0. 20.
44.478 1 IMU_GYRO -0.041504 0.005127 -0.014893
44.481 1 ATTITUDE -1.561812 2.410091 0.110716
44.487 1 IMU_ACCEL 1.082031 -0.717773 -9.623047
44.488 1 BAT 138 69 0 0 1 36 0 0
44.496 1 WP_MOVED 3 360295.09375 4813785. 260. 31
44.499 1 IMU_ACCEL 1.115234 -0.651367 -9.555664
44.504 1 GPS 0 0 0 0 0 0 0 0 0 0 1
44.509 1 NAVIGATION 0 2 0. 0. 0. 0. 0 0
44.760 1 ATTITUDE -1.566527 2.409004 0.113568
44.762 1 DESIRED 0.02 0.33 0. 0. 0. 235. 0. 20.
44.766 1 ATTITUDE -1.568489 2.408664 0.114721
44.768 1 NAVIGATION_REF 360285 4813595 31
44.770 1 ATTITUDE -1.56912 2.40846 0.115136
44.778 1 DESIRED 0.02 0.33 0. 0. 0. 235. 0. 20.
44.783 1 GPS 0 0 0 0 0 0 0 0 0 0 1
44.786 1 IMU_GYRO -0.055176 0.012695 -0.02124
44.789 1 BAT 152 69 0 0 1 37 0 0
44.794 1 NAVIGATION 0 2 0. 0. 0. 0. 0 0
44.797 1 ATTITUDE -1.569615 2.408303 0.115456
45.028 1 DOWNLINK_STATUS 0 45 25692 1130 21 767. 33. -266.97
45.043 1 ESTIMATOR 0. 0.
45.047 1 NAVIGATION 0 2 0. 0. 0. 0. 0 0
45.050 1 ATTITUDE -1.567793 2.408545 0.114432
45.057 1 DESIRED 0.02 0.33 0. 0. 0. 235. 0. 20.
45.061 1 WP_MOVED 4 360417.3125 4813734. 260. 31
45.066 1 GPS 0 0 0 0 0 0 0 0 0 0 1
45.069 1 FBW_STATUS 0 49 0 69 0
45.073 1 NAVIGATION 0 2 0. 0. 0. 0. 0 0
45.077 1 ATTITUDE -1.561439 2.409914 0.110561
45.080 1 ATTITUDE -1.559968 2.409895 0.10978
45.086 1 DESIRED 0.02 0.33 0. 0. 0. 235. 0. 20.
45.330 1 PPRZ_MODE 0 0 0 0 0 17
45.334 1 ATTITUDE -1.544023 2.412209 0.098866
45.339 1 GPS 0 0 0 0 0 0 0 0 0 0 1
45.343 1 IMU_ACCEL 0.890625 -1.489258 -9.728516
45.344 1 DL_VALUE 3 0.
45.349 1 NAVIGATION 0 2 0. 0. 0. 0. 0 0
45.352 1 ATTITUDE -1.530565 2.413625 0.089957
45.359 1 DESIRED 0.02 0.32 0. 0. 0. 235. 0. 20.
45.361 1 ESTIMATOR 0. 0.
45.364 1 IMU_GYRO 0.268066 -0.169189 0.095703
45.367 1 IMU_MAG -3.232422 -3.008301 -3.339844
45.372 1 ATTITUDE -1.506082 2.420494 0.074388
45.617 1 WP_MOVED 5 360422. 4813583.5 260. 31
45.622 1 GPS 0 0 0 0 0 0 0 0 0 0 1
45.627 1 NAVIGATION 0 2 0. 0. 0. 0. 0 0
45.630 1 ATTITUDE -1.499103 2.421613 0.070638
45.637 1 DESIRED 0.02 0.31 0. 0. 0. 235. 0. 20.
45.638 1 STATE_FILTER_STATUS 3 0
45.642 1 ATTITUDE -1.491905 2.424113 0.066017
45.644 1 ATTITUDE -1.485938 2.425503 0.062149
45.651 1 DESIRED 0.02 0.31 0. 0. 0. 235. 0. 20.
45.656 1 GPS 0 0 0 0 0 0 0 0 0 0 1
45.658 1 CALIBRATION 0. 0
46.029 1 DOWNLINK_STATUS 0 46 26460 1164 21 768. 34. -5267.86
46.582 1 ENERGY 6.9 0. 0 0.
46.587 1 NAVIGATION 0 2 0. 0. 0. 0. 0 0
46.590 1 ATTITUDE -1.515205 2.420232 0.081671
46.592 1 ESTIMATOR 0. 0.
46.597 1 NAVIGATION 0 2 0. 0. 0. 0. 0 0
46.601 1 BAT 138 69 0 0 1 38 0 0
46.603 1 GPS_SOL 0 0 0 0
46.607 1 ATTITUDE -1.536506 2.416333 0.093723
46.613 1 DESIRED 0.02 0.32 0. 0. 0. 235. 0. 20.
46.617 1 WP_MOVED 6 360165.8125 4813664.5 260. 31
46.620 1 IMU_GYRO 0.242432 -0.134033 0.084961
47.029 1 DOWNLINK_STATUS 0 47 26696 1175 21 236. 11. -5267.86
47.151 1 WIND_INFO 1 42 0. 0. 0.
47.252 1 GPS 0 0 0 0 0 0 0 0 0 0 1
47.256 1 NAVIGATION 0 2 0. 0. 0. 0. 0 0
47.260 1 ATTITUDE -1.532352 2.417794 0.091636
47.263 1 IMU_ACCEL 1.014648 -0.890625 -9.498047
47.266 1 ATTITUDE -1.531782 2.41846 0.091247
47.272 1 DESIRED 0.02 0.32 0. 0. 0. 235. 0. 20.
47.274 1 PPRZ_MODE 0 0 0 0 0 17
47.278 1 ATTITUDE -1.532367 2.418369 0.091606
47.283 1 GPS 0 0 0 0 0 0 0 0 0 0 1
47.288 1 NAVIGATION 0 2 0. 0. 0. 0. 0 0
47.291 1 ATTITUDE -1.53406 2.417975 0.092681
47.857 1 DESIRED 0.02 0.32 0. 0. 0. 235. 0. 20.
47.859 1 ESTIMATOR 0. 0.
47.863 1 ATTITUDE -1.533974 2.417931 0.092721
47.866 1 WP_MOVED 7 360559.40625 4813804.5 260. 31
47.872 1 GPS 0 0 0 0 0 0 0 0 0 0 1
47.876 1 NAVIGATION 0 2 0. 0. 0. 0. 0 0
47.879 1 ATTITUDE -1.534316 2.417685 0.09298
47.886 1 DESIRED 0.02 0.32 0. 0. 0. 235. 0. 20.
47.889 1 IMU_GYRO -0.045654 0.007324 -0.015869
47.892 1 ATTITUDE -1.534274 2.417599 0.093037
47.895 1 IMU_MAG -3.241699 -3.01709 -3.330566
48.030 1 DOWNLINK_STATUS 0 48 27213 1197 21 517. 22. -5267.86
48.893 1 ATTITUDE -1.533737 2.41777 0.093182
48.900 1 DESIRED 0.02 0.32 0. 0. 0. 235. 0. 20.
48.904 1 GPS 0 0 0 0 0 0 0 0 0 0 1
48.906 1 DL_VALUE 4 0.
48.911 1 NAVIGATION 0 2 0. 0. 0. 0. 0 0
48.914 1 ATTITUDE -1.53404 2.417932 0.093437
48.916 1 ESTIMATOR 0. 0.
48.919 1 IMU_ACCEL 0.900391 -0.976562 -9.570312
48.925 1 NAVIGATION 0 2 0. 0. 0. 0. 0 0
48.927 1 ATTITUDE -1.533688 2.418408 0.093271
49.030 1 DOWNLINK_STATUS 0 49 27433 1207 21 220. 10. -5267.86
49.889 1 DESIRED 0.02 0.32 0. 0. 0. 235. 0. 20.
49.892 1 WP_MOVED 8 360462.40625 4813640. 215. 31
49.896 1 BAT 138 69 0 0 1 39 0 0
49.901 1 GPS 0 0 0 0 0 0 0 0 0 0 1
49.904 1 FBW_STATUS 0 47 0 69 0
49.908 1 NAVIGATION 0 2 0. 0. 0. 0. 0 0
49.912 1 ATTITUDE -1.533643 2.418619 0.093208
49.915 1 COMMANDS 138,196,210,0,-266
49.918 1 ATTITUDE -1.533321 2.418967 0.092867
49.924 1 DESIRED 0.02 0.32 0. 0. 0. 235. 0. 20.
49.927 1 IMU_GYRO -0.052979 0.010498 -0.02002
49.929 1 PPRZ_MODE 0 0 0 0 0 17
49.932 1 ACTUATORS 1195,1538,1510,1510,1507
50.030 1 DOWNLINK_STATUS 0 50 27724 1220 21 291. 13. -5267.86
51.032 1 DOWNLINK_STATUS 0 51 27724 1220 21 0. 0. -10268.37
51.392 1 ATTITUDE -1.533309 2.419081 0.092904
51.397 1 GPS 0 0 0 0 0 0 0 0 0 0 1
51.402 1 NAVIGATION 0 2 0. 0. 0. 0. 0 0
51.405 1 ATTITUDE -1.533273 2.419161 0.092914
51.412 1 DESIRED 0.02 0.32 0. 0. 0. 235. 0. 20.
51.414 1 ESTIMATOR 0. 0.
51.417 1 ATTITUDE -1.533278 2.419306 0.092941
51.421 1 WP_MOVED 9 360313.8125 4813652. 185. 31
51.427 1 GPS 0 0 0 0 0 0 0 0 0 0 1
51.431 1 NAVIGATION 0 2 0. 0. 0. 0. 0 0
51.648 1 ATTITUDE -1.533219 2.419427 0.092939
51.655 1 DESIRED 0.02 0.32 0. 0. 0. 235. 0. 20.
51.658 1 ATTITUDE -1.533311 2.419542 0.093039
51.661 1 IMU_ACCEL 0.928711 -0.981445 -9.53125
51.664 1 ATTITUDE -1.533268 2.419644 0.093104
51.671 1 DESIRED 0.02 0.32 0. 0. 0. 235. 0. 20.
51.676 1 GPS 0 0 0 0 0 0 0 0 0 0 1
51.680 1 IMU_GYRO -0.043457 0.006348 -0.015869
51.681 1 STATE_FILTER_STATUS 3 0
51.686 1 NAVIGATION 0 2 0. 0. 0. 0. 0 0
51.937 1 ATTITUDE -1.533112 2.419765 0.093043
51.940 1 ESTIMATOR 0. 0.
51.944 1 NAVIGATION 0 2 0. 0. 0. 0. 0 0
51.947 1 GPS_SOL 0 0 0 0
51.949 1 CALIBRATION 0. 0
51.952 1 ATTITUDE -1.533011 2.419874 0.09308
51.960 1 DESIRED 0.02 0.32 0. 0. 0. 235. 0. 20.
51.962 1 WP_MOVED 10 360453.8125 4813581. 260. 31
51.965 1 IMU_MAG -3.237305 -3.012695 -3.346191
51.971 1 GPS 0 0 0 0 0 0 0 0 0 0 1
51.976 1 NAVIGATION 0 2 0. 0. 0. 0. 0 0
52.033 1 DOWNLINK_STATUS 0 52 28441 1251 21 717. 31. -10268.37
52.222 1 ATTITUDE -1.533055 2.419926 0.093321
52.226 1 BAT 138 69 0 0 1 41 0 0
52.229 1 ATTITUDE -1.533294 2.419951 0.093501
52.236 1 DESIRED 0.02 0.32 0. 0. 0. 235. 0. 20.
52.238 1 PPRZ_MODE 0 0 0 0 0 17
52.241 1 ATTITUDE -1.533288 2.42002 0.093523
52.247 1 GPS 0 0 0 0 0 0 0 0 0 0 1
52.249 1 DL_VALUE 5 0.
52.252 1 ENERGY 6.9 0. 0 0.
52.257 1 NAVIGATION 0 2 0. 0. 0. 0. 0 0
52.260 1 ATTITUDE -1.533384 2.420082 0.093608
52.266 1 DESIRED 0.02 0.32 0. 0. 0. 235. 0. 20.
52.511 1 ESTIMATOR 0. 0.
52.514 1 IMU_GYRO -0.046631 0.008301 -0.016846
52.519 1 ALIVE 109,244,4,120,10,214,228,189,38,213,156,75,18,122,185,109
52.522 1 ATTITUDE -1.53342 2.420161 0.093689
52.525 1 WP_MOVED 11 360170.5 4813757.5 260. 31
52.528 1 IMU_ACCEL 0.918945 -0.986328 -9.580078
52.534 1 GPS 0 0 0 0 0 0 0 0 0 0 1
52.539 1 NAVIGATION 0 2 0. 0. 0. 0. 0 0
52.542 1 ATTITUDE -1.534117 2.419962 0.094062
52.548 1 DESIRED 0.02 0.32 0. 0. 0. 235. 0. 20.
52.551 1 ATTITUDE -1.533621 2.42001 0.093809
52.797 1 ATTITUDE -1.531202 2.42104 0.092209
52.804 1 DESIRED 0.02 0.32 0. 0. 0. 235. 0. 20.
52.810 1 GPS 0 0 0 0 0 0 0 0 0 0 1
52.814 1 NAVIGATION 0 2 0. 0. 0. 0. 0 0
52.817 1 ATTITUDE -1.521679 2.423791 0.086038
52.825 1 WP_MOVED 1 360285. 4813595. 260. 31
52.831 1 GPS 0 0 0 0 0 0 0 0 0 0 1
52.836 1 NAVIGATION 0 2 0. 0. 0. 0. 0 0
52.839 1 ATTITUDE -1.569344 2.41889 0.119077
53.033 1 DOWNLINK_STATUS 0 53 29186 1283 22 745. 32. -10268.37
53.088 1 DESIRED 0.02 0.33 0. 0. 0. 235. 0. 20.
53.091 1 IMU_GYRO 0.106201 -0.028564 -0.120117
53.094 1 ATTITUDE -1.562805 2.419894 0.114218
53.098 1 ATTITUDE -1.563318 2.419202 0.114741
53.104 1 DESIRED 0.02 0.33 0. 0. 0. 235. 0. 20.
53.118 1 IMU_GYRO -0.055176 0.011475 -0.016846
53.120 1 PPRZ_MODE 0 0 0 0 0 17
53.124 1 ATTITUDE -1.562876 2.418872 0.114528
53.373 1 GPS 0 0 0 0 0 0 0 0 0 0 1
53.376 1 BAT 138 69 0 0 1 43 0 0
53.381 1 NAVIGATION 0 2 0. 0. 0. 0. 0 0
53.384 1 ATTITUDE -1.562815 2.418803 0.11446
53.391 1 DESIRED 0.02 0.33 0. 0. 0. 235. 0. 20.
53.393 1 ESTIMATOR 0. 0.
53.396 1 ATTITUDE -1.56301 2.418514 0.114427
53.403 1 DESIRED 0.02 0.33 0. 0. 0. 235. 0. 20.
53.409 1 GPS 0 0 0 0 0 0 0 0 0 0 1
53.412 1 IMU_GYRO -0.045654 0.007324 -0.018066
53.415 1 ENERGY 6.9 0. 0 0.
53.662 1 NAVIGATION 0 2 0. 0. 0. 0. 0 0
53.665 1 ATTITUDE -1.563015 2.418434 0.114409
53.668 1 ESTIMATOR 0. 0.
53.671 1 IMU_ACCEL 1.086914 -0.689453 -9.541016
53.676 1 NAVIGATION 0 2 0. 0. 0. 0. 0 0
53.679 1 ATTITUDE -1.563095 2.418353 0.114457
53.696 1 GPS 0 0 0 0 0 0 0 0 0 0 1
53.700 1 NAVIGATION 0 2 0. 0. 0. 0. 0 0
53.946 1 ATTITUDE -1.563364 2.417265 0.114263
53.948 1 ESTIMATOR 0. 0.
53.954 1 NAVIGATION 0 2 0. 0. 0. 0. 0 0
53.956 1 IMU_MAG -3.272949 -3.052734 -3.338379
53.959 1 GPS_SOL 0 0 0 0
53.962 1 ATTITUDE -1.564391 2.415562 0.11531
53.978 1 DESIRED 0.02 0.32 0. 0. 0. 235. 0. 20.
53.983 1 GPS 0 0 0 0 0 0 0 0 0 0 1
53.984 1 DL_VALUE 8 0.
53.990 1 NAVIGATION 0 2 0. 0. 0. 0. 0 0
54.034 1 DOWNLINK_STATUS 0 54 30039 1320 25 853. 37. -10268.37
54.235 1 ATTITUDE -1.532234 2.425941 0.094945
54.238 1 ESTIMATOR 0. 0.
54.242 1 NAVIGATION 0 2 0. 0. 0. 0. 0 0
54.245 1 ATTITUDE -1.538339 2.425655 0.09853
54.252 1 DESIRED 0.02 0.32 0. 0. 0. 235. 0. 20.
54.535 1 WP_MOVED 11 360170.5 4813757.5 260. 31
54.538 1 IMU_MAG -3.255859 -3.029785 -3.381348
54.540 1 DOWNLINK 1 851 1794
54.546 1 GPS 0 0 0 0 0 0 0 0 0 0 1
54.551 1 NAVIGATION 0 2 0. 0. 0. 0. 0 0
54.554 1 ATTITUDE -1.513295 2.422535 0.07978
54.560 1 DESIRED 0.02 0.32 0. 0. 0. 235. 0. 20.
54.564 1 ATTITUDE -1.513769 2.43001 0.080491
54.809 1 BAT 138 69 0 0 1 47 0 0
54.812 1 ATTITUDE -1.513522 2.430485 0.079489
54.820 1 DESIRED 0.02 0.32 0. 0. 0. 235. 0. 20.
54.826 1 GPS 0 0 0 0 0 0 0 0 0 0 1
54.830 1 NAVIGATION 0 2 0. 0. 0. 0. 0 0
54.832 1 ATTITUDE -1.506702 2.429195 0.075335
54.835 1 ESTIMATOR 0. 0.
54.838 1 IMU_ACCEL 0.813477 -1.245117 -9.59375
54.843 1 NAVIGATION 0 2 0. 0. 0. 0. 0 0
54.846 1 ATTITUDE -1.507369 2.43069 0.075693
55.035 1 DOWNLINK_STATUS 0 55 30565 1343 27 526. 23. -10268.37
55.096 1 DESIRED 0.02 0.31 0. 0. 0. 235. 0. 20.
55.099 1 WP_MOVED 0 360327. 4813637. 260. 31
55.102 1 IMU_GYRO -0.135986 0.056396 -0.048828
55.108 1 GPS 0 0 0 0 0 0 0 0 0 0 1
55.111 1 FBW_STATUS 0 54 0 69 0
55.115 1 NAVIGATION 0 2 0. 0. 0. 0. 0 0
55.118 1 ATTITUDE -1.504131 2.431346 0.073462
55.121 1 ATTITUDE -1.504549 2.431309 0.0737
55.128 1 DESIRED 0.02 0.31 0. 0. 0. 235. 0. 20.
55.130 1 PPRZ_MODE 0 0 0 0 0 17
55.133 1 ATTITUDE -1.501634 2.431805 0.071731
55.381 1 GPS 0 0 0 0 0 0 0 0 0 0 1
55.386 1 NAVIGATION 0 2 0. 0. 0. 0. 0 0
55.389 1 ATTITUDE -1.501738 2.432415 0.07172
55.396 1 DESIRED 0.02 0.31 0. 0. 0. 235. 0. 20.
55.398 1 ESTIMATOR 0. 0.
55.401 1 ATTITUDE -1.503811 2.431958 0.073057
55.405 1 WP_MOVED 1 360285. 4813595. 260. 31
55.411 1 GPS 0 0 0 0 0 0 0 0 0 0 1
55.415 1 NAVIGATION 0 2 0. 0. 0. 0. 0 0
55.418 1 ATTITUDE -1.507083 2.431839 0.075303
55.425 1 DESIRED 0.02 0.31 0. 0. 0. 235. 0. 20.
55.670 1 IMU_GYRO -0.072266 0.024414 -0.015869
55.673 1 ATTITUDE -1.509996 2.432055 0.077214
55.676 1 IMU_ACCEL 0.799805 -1.25 -9.527344
55.679 1 ATTITUDE -1.512533 2.431899 0.078932
55.686 1 DESIRED 0.02 0.32 0. 0. 0. 235. 0. 20.
55.691 1 GPS 0 0 0 0 0 0 0 0 0 0 1
55.695 1 BAT 138 69 0 0 1 48 0 0
55.698 1 IMU_MAG -3.253906 -2.997559 -3.395996
55.703 1 NAVIGATION 0 2 0. 0. 0. 0. 0 0
55.706 1 ATTITUDE -1.514434 2.431604 0.080199
55.708 1 ESTIMATOR 0. 0.
56.036 1 DOWNLINK_STATUS 0 56 31341 1376 27 776. 33. -15269.12
56.360 1 NAVIGATION 0 2 0. 0. 0. 0. 0 0
56.363 1 GPS_SOL 0 0 0 0
56.366 1 ATTITUDE -1.524056 2.429292 0.086977
56.373 1 DESIRED 0.02 0.32 0. 0. 0. 235. 0. 20.
56.376 1 WP_MOVED 2 360334.5 4813695. 260. 31
56.382 1 GPS 0 0 0 0 0 0 0 0 0 0 1
56.387 1 NAVIGATION 0 2 0. 0. 0. 0. 0 0
56.390 1 ATTITUDE -1.541905 2.424069 0.098557
56.393 1 ATTITUDE -1.540592 2.424618 0.097346
56.400 1 DESIRED 0.02 0.32 0. 0. 0. 235. 0. 20.
56.403 1 IMU_GYRO -0.074463 0.022217 -0.024414
56.620 1 PPRZ_MODE 0 0 0 0 0 17
56.623 1 ATTITUDE -1.550386 2.422695 0.10313
56.629 1 GPS 0 0 0 0 0 0 0 0 0 0 1
56.631 1 CALIBRATION 0. 0
56.635 1 NAVIGATION 0 2 0. 0. 0. 0. 0 0
56.638 1 ATTITUDE -1.563718 2.419068 0.111021
56.645 1 DESIRED 0.02 0.33 0. 0. 0. 235. 0. 20.
56.647 1 ESTIMATOR 0. 0.
56.651 1 ATTITUDE -1.563878 2.419398 0.111315
56.654 1 WP_MOVED 3 360295.09375 4813785. 260. 31
56.657 1 IMU_ACCEL 1.125 -0.699219 -9.550781
56.828 1 GPS 0 0 0 0 0 0 0 0 0 0 1
56.832 1 NAVIGATION 0 2 0. 0. 0. 0. 0 0
56.835 1 ATTITUDE -1.563473 2.41924 0.110959
56.842 1 DESIRED 0.02 0.33 0. 0. 0. 235. 0. 20.
56.843 1 STATE_FILTER_STATUS 3 0
56.847 1 ATTITUDE -1.563603 2.4191 0.110987
57.036 1 DOWNLINK_STATUS 0 57 31979 1404 27 638. 28. -15269.12
57.110 1 ATTITUDE -1.563448 2.418926 0.111003
57.117 1 DESIRED 0.02 0.33 0. 0. 0. 235. 0. 20.
57.123 1 GPS 0 0 0 0 0 0 0 0 0 0 1
57.126 1 IMU_GYRO -0.044678 0.007324 -0.018066
57.130 1 NAVIGATION 0 2 0. 0. 0. 0. 0 0
57.133 1 ATTITUDE -1.564306 2.417233 0.111837
57.136 1 ESTIMATOR 0. 0.
57.140 1 NAVIGATION 0 2 0. 0. 0. 0. 0 0
57.144 1 BAT 138 69 0 0 1 49 0 0
57.147 1 ATTITUDE -1.564136 2.417215 0.111761
57.151 1 WIND_INFO 1 42 0. 0. 0.
57.396 1 DESIRED 0.02 0.33 0. 0. 0. 235. 0. 20.
57.400 1 WP_MOVED 4 360417.3125 4813734. 260. 31
57.406 1 GPS 0 0 0 0 0 0 0 0 0 0 1
57.408 1 FBW_STATUS 0 46 0 69 0
57.413 1 NAVIGATION 0 2 0. 0. 0. 0. 0 0
57.416 1 ATTITUDE -1.564353 2.417115 0.111872
57.419 1 IMU_MAG -3.282227 -3.054199 -3.263672
57.422 1 COMMANDS 138,196,210,0,-266
57.425 1 ATTITUDE -1.564354 2.417 0.111819
57.432 1 DESIRED 0.02 0.33 0. 0. 0. 235. 0. 20.
57.434 1 PPRZ_MODE 0 0 0 0 0 17
57.437 1 ACTUATORS 1195,1538,1510,1510,1507
57.440 1 ATTITUDE -1.564905 2.41701 0.112525
58.037 1 DOWNLINK_STATUS 0 58 32497 1427 27 518. 23. -15269.12
58.397 1 GPS 0 0 0 0 0 0 0 0 0 0 1
58.401 1 IMU_ACCEL 1.120117 -0.708008 -9.680664
58.403 1 DL_VALUE 0 0.
58.407 1 NAVIGATION 0 2 0. 0. 0. 0. 0 0
58.410 1 ATTITUDE -1.563609 2.416939 0.111368
58.417 1 DESIRED 0.02 0.33 0. 0. 0. 235. 0. 20.
58.419 1 ESTIMATOR 0. 0.
58.422 1 IMU_GYRO -0.080811 0.033936 -0.018066
58.426 1 ATTITUDE -1.564293 2.416857 0.112102
58.429 1 WP_MOVED 5 360422. 4813583.5 260. 31
58.435 1 GPS 0 0 0 0 0 0 0 0 0 0 1
58.681 1 NAVIGATION 0 2 0. 0. 0. 0. 0 0
58.684 1 ATTITUDE -1.564087 2.41678 0.111895
58.691 1 DESIRED 0.02 0.33 0. 0. 0. 235. 0. 20.
58.694 1 ATTITUDE -1.564304 2.416712 0.112082
58.697 1 ATTITUDE -1.564308 2.416598 0.112137
58.704 1 DESIRED 0.02 0.33 0. 0. 0. 235. 0. 20.
58.709 1 GPS 0 0 0 0 0 0 0 0 0 0 1
58.714 1 NAVIGATION 0 2 0. 0. 0. 0. 0 0
58.717 1 ATTITUDE -1.56424 2.416509 0.112203
58.720 1 ESTIMATOR 0. 0.
58.966 1 NAVIGATION 0 2 0. 0. 0. 0. 0 0
58.969 1 GPS_SOL 0 0 0 0
58.972 1 ATTITUDE -1.564193 2.416371 0.112228
58.980 1 DESIRED 0.02 0.33 0. 0. 0. 235. 0. 20.
58.982 1 WP_MOVED 6 360165.8125 4813664.5 260. 31
58.985 1 IMU_GYRO -0.045654 0.008301 -0.018066
58.989 1 BAT 138 69 0 0 1 50 0 0
58.995 1 GPS 0 0 0 0 0 0 0 0 0 0 1
59.000 1 NAVIGATION 0 2 0. 0. 0. 0. 0 0
59.005 1 ATTITUDE -1.56411 2.416229 0.1122
59.007 1 IMU_ACCEL 1.115234 -0.708008 -9.560547
59.009 1 ATTITUDE -1.564171 2.416144 0.112256
59.038 1 DOWNLINK_STATUS 0 59 33262 1460 27 765. 33. -15269.12
59.259 1 DESIRED 0.02 0.33 0. 0. 0. 235. 0. 20.
59.261 1 PPRZ_MODE 0 0 0 0 0 17
59.264 1 ATTITUDE -1.56414 2.416025 0.112244
59.269 1 GPS 0 0 0 0 0 0 0 0 0 0 1
59.273 1 ENERGY 6.9 0. 0 0.
59.277 1 NAVIGATION 0 2 0. 0. 0. 0. 0 0
59.281 1 ATTITUDE -1.564159 2.415946 0.112322
59.287 1 DESIRED 0.02 0.33 0. 0. 0. 235. 0. 20.
59.290 1 ESTIMATOR 0. 0.
59.293 1 IMU_MAG -3.275879 -3.05127 -3.362305
59.295 1 CALIBRATION 0. 0
59.541 1 ALIVE 109,244,4,120,10,214,228,189,38,213,156,75,18,122,185,109
59.544 1 ATTITUDE -1.564068 2.415824 0.112363
59.548 1 WP_MOVED 7 360559.40625 4813804.5 260. 31
59.553 1 GPS 0 0 0 0 0 0 0 0 0 0 1
59.558 1 NAVIGATION 0 2 0. 0. 0. 0. 0 0
59.561 1 ATTITUDE -1.564073 2.415712 0.112445
59.568 1 DESIRED 0.02 0.33 0. 0. 0. 235. 0. 20.
59.571 1 IMU_GYRO -0.046631 0.008301 -0.016846
59.574 1 ATTITUDE -1.564027 2.415648 0.112435
59.577 1 ATTITUDE -1.563962 2.415563 0.112432
59.584 1 DESIRED 0.02 0.33 0. 0. 0. 235. 0. 20.
59.832 1 GPS 0 0 0 0 0 0 0 0 0 0 1
59.833 1 DL_VALUE 1 0.
59.835 1 STATE_FILTER_STATUS 3 0
59.840 1 NAVIGATION 0 2 0. 0. 0. 0. 0 0
59.843 1 ATTITUDE -1.563989 2.415469 0.112453
59.845 1 ESTIMATOR 0. 0.
59.848 1 IMU_ACCEL 1.110352 -0.708008 -9.527344
59.863 1 NAVIGATION 0 2 0. 0. 0. 0. 0 0
59.865 1 ATTITUDE -1.564053 2.414992 0.112555
60.039 1 DOWNLINK_STATUS 0 60 33949 1491 28 687. 31. -15269.12
60.056 1 DESIRED 0.02 0.33 0. 0. 0. 235. 0. 20.
60.058 1 ESTIMATOR 0. 0.
60.061 1 ATTITUDE -1.564068 2.414876 0.112608
60.065 1 WP_MOVED 9 360313.8125 4813652. 185. 31
60.071 1 GPS 0 0 0 0 0 0 0 0 0 0 1
60.075 1 NAVIGATION 0 2 0. 0. 0. 0. 0 0
60.078 1 ATTITUDE -1.564086 2.41478 0.112607
60.085 1 DESIRED 0.02 0.33 0. 0. 0. 235. 0. 20.
60.087 1 DOWNLINK 3 847 1982
60.345 1 ATTITUDE -1.564048 2.414676 0.11262
60.348 1 IMU_ACCEL 1.120117 -0.727539 -9.555664
60.352 1 IMU_MAG -3.278809 -3.047852 -3.239746
60.355 1 ATTITUDE -1.564021 2.414583 0.112643
60.361 1 DESIRED 0.02 0.33 0. 0. 0. 235. 0. 20.
60.367 1 GPS 0 0 0 0 0 0 0 0 0 0 1
60.370 1 IMU_GYRO -0.046631 0.009521 -0.016846
60.375 1 NAVIGATION 0 2 0. 0. 0. 0. 0 0
60.378 1 ATTITUDE -1.564032 2.414511 0.112681
60.380 1 ESTIMATOR 0. 0.
60.385 1 NAVIGATION 0 2 0. 0. 0. 0. 0 0
60.625 1 GPS_SOL 0 0 0 0
60.627 1 ATTITUDE -1.564027 2.414415 0.112663
60.635 1 DESIRED 0.02 0.33 0. 0. 0. 235. 0. 20.
60.638 1 WP_MOVED 10 360453.8125 4813581. 260. 31
60.644 1 GPS 0 0 0 0 0 0 0 0 0 0 1
60.648 1 NAVIGATION 0 2 0. 0. 0. 0. 0 0
60.650 1 ATTITUDE -1.56401 2.414352 0.112619
60.654 1 ATTITUDE -1.564014 2.414296 0.112613
60.661 1 DESIRED 0.02 0.33 0. 0. 0. 235. 0. 20.
60.662 1 PPRZ_MODE 0 0 0 0 0 17
60.666 1 BAT 138 69 0 0 1 53 0 0
61.040 1 DOWNLINK_STATUS 0 61 34669 1522 28 720. 31. -20269.79
61.283 1 ATTITUDE -1.563988 2.41422 0.112634
61.289 1 GPS 0 0 0 0 0 0 0 0 0 0 1
61.291 1 DL_VALUE 2 235.
61.295 1 NAVIGATION 0 2 0. 0. 0. 0. 0 0
61.299 1 ATTITUDE -1.563971 2.414134 0.112711
61.305 1 DESIRED 0.02 0.33 0. 0. 0. 235. 0. 20.
61.308 1 ESTIMATOR 0. 0.
61.311 1 IMU_GYRO -0.047852 0.009521 -0.016846
61.314 1 ATTITUDE -1.563964 2.414055 0.112826
61.317 1 WP_MOVED 11 360170.5 4813757.5 260. 31
61.321 1 IMU_ACCEL 1.106445 -0.742188 -9.541016
61.322 1 CALIBRATION 0. 0
61.571 1 GPS 0 0 0 0 0 0 0 0 0 0 1
61.576 1 NAVIGATION 0 2 0. 0. 0. 0. 0 0
61.579 1 ATTITUDE -1.563908 2.413964 0.112827
61.585 1 DESIRED 0.02 0.33 0. 0. 0. 235. 0. 20.
61.588 1 ATTITUDE -1.563869 2.413934 0.112854
61.599 1 GPS 0 0 0 0 0 0 0 0 0 0 1
61.602 1 IMU_ACCEL 1.115234 -0.722656 -9.56543
61.605 1 BAT 138 69 0 0 1 54 0 0
61.610 1 NAVIGATION 0 2 0. 0. 0. 0. 0 0
61.856 1 ATTITUDE -1.563999 2.413425 0.113207
61.863 1 DESIRED 0.02 0.33 0. 0. 0. 235. 0. 20.
61.866 1 ESTIMATOR 0. 0.
61.869 1 ATTITUDE -1.564085 2.413327 0.113295
61.872 1 WP_MOVED 1 360285. 4813595. 260. 31
61.878 1 GPS 0 0 0 0 0 0 0 0 0 0 1
61.882 1 NAVIGATION 0 2 0. 0. 0. 0. 0 0
61.886 1 ATTITUDE -1.564047 2.41326 0.113264
61.892 1 DESIRED 0.02 0.33 0. 0. 0. 235. 0. 20.
61.895 1 IMU_GYRO -0.048828 0.010498 -0.016846
61.898 1 ATTITUDE -1.564124 2.413166 0.113365
62.041 1 DOWNLINK_STATUS 0 62 35402 1554 29 733. 32. -20269.79
62.144 1 ATTITUDE -1.564117 2.413107 0.113424
62.151 1 DESIRED 0.02 0.33 0. 0. 0. 235. 0. 20.
62.156 1 GPS 0 0 0 0 0 0 0 0 0 0 1
62.158 1 DL_VALUE 3 0.
62.163 1 NAVIGATION 0 2 0. 0. 0. 0. 0 0
62.166 1 ATTITUDE -1.56405 2.413076 0.113388
62.168 1 ESTIMATOR 0. 0.
62.173 1 NAVIGATION 0 2 0. 0. 0. 0. 0 0
62.176 1 GPS_SOL 0 0 0 0
62.179 1 ATTITUDE -1.564084 2.412981 0.113462
62.186 1 DESIRED 0.02 0.33 0. 0. 0. 235. 0. 20.
62.432 1 WP_MOVED 2 360334.5 4813695. 260. 31
62.438 1 GPS 0 0 0 0 0 0 0 0 0 0 1
62.442 1 NAVIGATION 0 2 0. 0. 0. 0. 0 0
62.445 1 ATTITUDE -1.56406 2.412889 0.113364
62.448 1 IMU_ACCEL 1.115234 -0.722656 -9.541016
62.451 1 COMMANDS 138,196,210,0,-280
62.454 1 ATTITUDE -1.564078 2.412787 0.11342
62.461 1 DESIRED 0.02 0.33 0. 0. 0. 235. 0. 20.
62.464 1 IMU_GYRO -0.046631 0.008301 -0.015869
62.466 1 PPRZ_MODE 0 0 0 0 0 17
62.469 1 ACTUATORS 1195,1538,1510,1510,1507
62.472 1 ATTITUDE -1.564064 2.412754 0.113484
62.722 1 GPS 0 0 0 0 0 0 0 0 0 0 1
62.724 1 IMU_MAG -3.268066 -3.047852 -3.367188
62.730 1 NAVIGATION 0 2 0. 0. 0. 0. 0 0
62.732 1 ATTITUDE -1.564015 2.412706 0.113585
62.739 1 DESIRED 0.02 0.33 0. 0. 0. 235. 0. 20.
62.741 1 ESTIMATOR 0. 0.
62.745 1 BAT 138 69 0 0 1 55 0 0
62.748 1 ATTITUDE -1.564006 2.412647 0.113588
62.751 1 WP_MOVED 3 360295.09375 4813785. 260. 31
62.757 1 GPS 0 0 0 0 0 0 0 0 0 0 1
62.761 1 NAVIGATION 0 2 0. 0. 0. 0. 0 0
63.012 1 ATTITUDE -1.564087 2.412621 0.113674
63.015 1 DESIRED 0.02 0.33 0. 0. 0. 235. 0. 20.
63.017 1 CALIBRATION 0. 0
63.020 1 ATTITUDE -1.564049 2.412604 0.113667
63.022 1 NAVIGATION_REF 360285 4813595 31
63.025 1 ATTITUDE -1.564061 2.412565 0.113667
63.032 1 DESIRED 0.02 0.33 0. 0. 0. 235. 0. 20.
63.038 1 GPS 0 0 0 0 0 0 0 0 0 0 1
63.041 1 IMU_GYRO -0.046631 0.008301 -0.018066
63.041 1 DOWNLINK_STATUS 0 63 36384 1597 29 982. 43. -20269.79
63.045 1 NAVIGATION 0 2 0. 0. 0. 0. 0 0
63.049 1 ATTITUDE -1.56405 2.412513 0.113747
63.263 1 ESTIMATOR 0. 0.
63.266 1 IMU_ACCEL 1.139648 -0.742188 -9.545898
63.271 1 NAVIGATION 0 2 0. 0. 0. 0. 0 0
63.274 1 ATTITUDE -1.564082 2.412458 0.113797
63.281 1 DESIRED 0.02 0.33 0. 0. 0. 235. 0. 20.
63.284 1 WP_MOVED 4 360417.3125 4813734. 260. 31
63.290 1 GPS 0 0 0 0 0 0 0 0 0 0 1
63.293 1 FBW_STATUS 0 50 0 69 0
63.297 1 NAVIGATION 0 2 0. 0. 0. 0. 0 0
63.300 1 ATTITUDE -1.563967 2.41241 0.113814
63.554 1 ATTITUDE -1.563944 2.412301 0.113873
63.560 1 DESIRED 0.02 0.33 0. 0. 0. 235. 0. 20.
63.561 1 PPRZ_MODE 0 0 0 0 0 17
63.563 1 STATE_FILTER_STATUS 3 0
63.567 1 ATTITUDE -1.563915 2.412231 0.113924
63.573 1 GPS 0 0 0 0 0 0 0 0 0 0 1
63.574 1 DL_VALUE 4 0.
63.578 1 ENERGY 6.9 0. 0 0.
63.583 1 NAVIGATION 0 2 0. 0. 0. 0. 0 0
63.586 1 ATTITUDE -1.56394 2.412151 0.113968
63.592 1 DESIRED 0.02 0.33 0. 0. 0. 235. 0. 20.
63.594 1 ESTIMATOR 0. 0.
63.841 1 IMU_GYRO -0.047852 0.008301 -0.016846
63.845 1 ALIVE 109,244,4,120,10,214,228,189,38,213,156,75,18,122,185,109
63.848 1 ATTITUDE -1.563959 2.41208 0.114005
63.852 1 WP_MOVED 5 360422. 4813583.5 260. 31
63.855 1 BAT 138 69 0 0 1 56 0 0
63.861 1 GPS 0 0 0 0 0 0 0 0 0 0 1
63.865 1 NAVIGATION 0 2 0. 0. 0. 0. 0 0
63.869 1 ATTITUDE -1.564007 2.411988 0.11401
63.875 1 DESIRED 0.02 0.33 0. 0. 0. 235. 0. 20.
63.878 1 IMU_MAG -3.269531 -3.052734 -3.36377
63.882 1 ATTITUDE -1.563948 2.411896 0.113986
64.042 1 DOWNLINK_STATUS 0 64 37160 1632 29 776. 35. -20269.79
64.127 1 IMU_ACCEL 1.144531 -0.722656 -9.588867
64.130 1 ATTITUDE -1.563955 2.411906 0.114061
64.137 1 DESIRED 0.02 0.33 0. 0. 0. 235. 0. 20.
64.143 1 GPS 0 0 0 0 0 0 0 0 0 0 1
64.147 1 NAVIGATION 0 2 0. 0. 0. 0. 0 0
64.150 1 ATTITUDE -1.563918 2.411738 0.114182
64.157 1 DESIRED 0.02 0.33 0. 0. 0. 235. 0. 20.
64.159 1 PPRZ_MODE 0 0 0 0 0 17
64.162 1 ATTITUDE -1.563867 2.411716 0.114188
64.168 1 GPS 0 0 0 0 0 0 0 0 0 0 1
64.416 1 NAVIGATION 0 2 0. 0. 0. 0. 0 0
64.418 1 ATTITUDE -1.563865 2.411583 0.11423
64.426 1 DESIRED 0.02 0.33 0. 0. 0. 235. 0. 20.
64.427 1 ESTIMATOR 0. 0.
64.431 1 ATTITUDE -1.563883 2.411579 0.114305
64.434 1 WP_MOVED 7 360559.40625 4813804.5 260. 31
64.437 1 IMU_ACCEL 1.134766 -0.727539 -9.598633
64.443 1 GPS 0 0 0 0 0 0 0 0 0 0 1
64.447 1 NAVIGATION 0 2 0. 0. 0. 0. 0 0
64.451 1 ATTITUDE -1.563946 2.411541 0.114349
64.701 1 DESIRED 0.02 0.33 0. 0. 0. 235. 0. 20.
64.704 1 IMU_GYRO -0.049805 0.010498 -0.016846
64.707 1 BAT 138 69 0 0 1 57 0 0
64.711 1 ATTITUDE -1.563899 2.41146 0.114317
64.713 1 CALIBRATION 0. 0
64.714 1 DOWNLINK 3 850 2174
64.718 1 ATTITUDE -1.563934 2.411407 0.114404
64.724 1 DESIRED 0.02 0.33 0. 0. 0. 235. 0. 20.
64.730 1 GPS 0 0 0 0 0 0 0 0 0 0 1
64.732 1 DL_VALUE 5 0.
64.736 1 NAVIGATION 0 2 0. 0. 0. 0. 0 0
64.739 1 ATTITUDE -1.563909 2.411387 0.114346
64.742 1 ESTIMATOR 0. 0.
64.990 1 NAVIGATION 0 2 0. 0. 0. 0. 0 0
64.993 1 IMU_MAG -3.268066 -3.047852 -3.379883
64.996 1 ATTITUDE -1.563924 2.411371 0.114407
65.002 1 DESIRED 0.02 0.33 0. 0. 0. 235. 0. 20.
65.006 1 WP_MOVED 8 360462.40625 4813640. 215. 31
65.013 1 GPS 0 0 0 0 0 0 0 0 0 0 1
65.014 1 FBW_STATUS 0 51 0 69 0
65.019 1 NAVIGATION 0 2 0. 0. 0. 0. 0 0
65.022 1 ATTITUDE -1.563895 2.411293 0.11441
65.025 1 ATTITUDE -1.563896 2.411215 0.114441
65.032 1 DESIRED 0.02 0.33 0. 0. 0. 235. 0. 20.
65.042 1 DOWNLINK_STATUS 0 65 38184 1676 29 1024. 44. -20269.79
65.277 1 IMU_GYRO -0.047852 0.009521 -0.015869
65.279 1 PPRZ_MODE 0 0 0 0 0 17
65.282 1 ATTITUDE -1.563906 2.411207 0.114424
65.288 1 GPS 0 0 0 0 0 0 0 0 0 0 1
65.291 1 IMU_ACCEL 1.139648 -0.708008 -9.583984
65.296 1 NAVIGATION 0 2 0. 0. 0. 0. 0 0
65.299 1 ATTITUDE -1.563937 2.411139 0.114457
65.306 1 DESIRED 0.02 0.33 0. 0. 0. 235. 0. 20.
65.308 1 ESTIMATOR 0. 0.
65.309 1 STATE_FILTER_STATUS 3 0
65.313 1 ATTITUDE -1.563894 2.411174 0.114504
65.316 1 WP_MOVED 9 360313.8125 4813652. 185. 31
65.565 1 GPS 0 0 0 0 0 0 0 0 0 0 1
65.569 1 NAVIGATION 0 2 0. 0. 0. 0. 0 0
65.573 1 ATTITUDE -1.563957 2.411134 0.11455
65.579 1 DESIRED 0.02 0.33 0. 0. 0. 235. 0. 20.
65.582 1 ATTITUDE -1.563951 2.411093 0.114602
65.586 1 BAT 138 69 0 0 1 58 0 0
65.589 1 ATTITUDE -1.56398 2.411049 0.114569
65.596 1 DESIRED 0.02 0.33 0. 0. 0. 235. 0. 20.
65.601 1 GPS 0 0 0 0 0 0 0 0 0 0 1
65.605 1 IMU_GYRO -0.047852 0.009521 -0.016846
66.043 1 DOWNLINK_STATUS 0 66 38687 1698 29 503. 22. -25270.14
66.173 1 ENERGY 6.9 0. 0 0.
66.177 1 NAVIGATION 0 2 0. 0. 0. 0. 0 0
66.180 1 ATTITUDE -1.564009 2.411052 0.114628
66.183 1 ESTIMATOR 0. 0.
66.187 1 NAVIGATION 0 2 0. 0. 0. 0. 0 0
66.190 1 GPS_SOL 0 0 0 0
66.193 1 ATTITUDE -1.564012 2.411034 0.114648
66.200 1 DESIRED 0.02 0.33 0. 0. 0. 235. 0. 20.
66.203 1 WP_MOVED 10 360453.8125 4813581. 260. 31
66.209 1 GPS 0 0 0 0 0 0 0 0 0 0 1
66.214 1 NAVIGATION 0 2 0. 0. 0. 0. 0 0
67.044 1 DOWNLINK_STATUS 0 67 38943 1709 29 256. 11. -25270.14
67.151 1 WIND_INFO 1 42 0. 0. 0.
67.157 1 ATTITUDE -1.56401 2.410983 0.114684
67.160 1 IMU_ACCEL 1.144531 -0.737305 -9.570312
67.163 1 ATTITUDE -1.563964 2.411001 0.114671
67.170 1 DESIRED 0.02 0.33 0. 0. 0. 235. 0. 20.
67.172 1 PPRZ_MODE 0 0 0 0 0 17
67.175 1 IMU_MAG -3.268066 -3.055664 -3.376465
67.178 1 ATTITUDE -1.563939 2.41097 0.114691
67.184 1 GPS 0 0 0 0 0 0 0 0 0 0 1
67.186 1 DL_VALUE 6 40.
67.190 1 NAVIGATION 0 2 0. 0. 0. 0. 0 0
67.194 1 ATTITUDE -1.563973 2.410959 0.114719
67.681 1 DESIRED 0.02 0.33 0. 0. 0. 235. 0. 20.
67.684 1 ESTIMATOR 0. 0.
67.687 1 IMU_GYRO -0.047852 0.007324 -0.016846
67.690 1 ATTITUDE -1.563931 2.410878 0.114693
67.694 1 WP_MOVED 11 360170.5 4813757.5 260. 31
67.699 1 GPS 0 0 0 0 0 0 0 0 0 0 1
67.704 1 NAVIGATION 0 2 0. 0. 0. 0. 0 0
67.707 1 ATTITUDE -1.563969 2.410858 0.114761
67.714 1 DESIRED 0.02 0.33 0. 0. 0. 235. 0. 20.
68.045 1 DOWNLINK_STATUS 0 68 39394 1729 29 451. 20. -25270.14
68.266 1 ATTITUDE -1.563969 2.410858 0.114779
68.269 1 ATTITUDE -1.563947 2.410825 0.114791
68.277 1 DESIRED 0.02 0.33 0. 0. 0. 235. 0. 20.
68.282 1 GPS 0 0 0 0 0 0 0 0 0 0 1
68.285 1 BAT 138 69 0 0 1 59 0 0
68.287 1 CALIBRATION 0. 0
68.292 1 NAVIGATION 0 2 0. 0. 0. 0. 0 0
68.295 1 ATTITUDE -1.563947 2.41081 0.114791
68.297 1 ESTIMATOR 0. 0.
68.301 1 IMU_ACCEL 1.125 -0.704102 -9.570312
68.305 1 NAVIGATION 0 2 0. 0. 0. 0. 0 0
68.877 1 ATTITUDE -1.563946 2.41084 0.114807
68.883 1 DESIRED 0.02 0.33 0. 0. 0. 235. 0. 20.
68.887 1 WP_MOVED 0 360327. 4813637. 260. 31
68.890 1 IMU_GYRO -0.047852 0.008301 -0.016846
68.896 1 GPS 0 0 0 0 0 0 0 0 0 0 1
68.898 1 FBW_STATUS 0 51 0 69 0
68.903 1 NAVIGATION 0 2 0. 0. 0. 0. 0 0
68.906 1 ATTITUDE -1.563962 2.410823 0.114783
68.909 1 COMMANDS 138,196,210,0,-266
68.912 1 ATTITUDE -1.563956 2.410793 0.114828
69.046 1 DOWNLINK_STATUS 0 69 39856 1750 29 462. 21. -25270.14
69.943 1 DESIRED 0.02 0.33 0. 0. 0. 235. 0. 20.
69.944 1 PPRZ_MODE 0 0 0 0 0 17
69.947 1 ACTUATORS 1195,1538,1510,1510,1507
69.950 1 ATTITUDE -1.563916 2.410733 0.114846
69.956 1 GPS 0 0 0 0 0 0 0 0 0 0 1
69.960 1 NAVIGATION 0 2 0. 0. 0. 0. 0 0
69.963 1 ATTITUDE -1.563928 2.410719 0.114865
69.970 1 DESIRED 0.02 0.33 0. 0. 0. 235. 0. 20.
69.972 1 ESTIMATOR 0. 0.
69.976 1 ATTITUDE -1.563955 2.410715 0.114868
69.979 1 WP_MOVED 1 360285. 4813595. 260. 31
69.982 1 IMU_MAG -3.269531 -3.055664 -3.359375
70.046 1 DOWNLINK_STATUS 0 70 40126 1762 29 270. 12. -25270.14
70.554 1 GPS 0 0 0 0 0 0 0 0 0 0 1
70.558 1 NAVIGATION 0 2 0. 0. 0. 0. 0 0
70.562 1 ATTITUDE -1.56396 2.410732 0.114864
70.568 1 DESIRED 0.02 0.33 0. 0. 0. 235. 0. 20.
70.571 1 IMU_GYRO -0.047852 0.008301 -0.018066
70.573 1 STATE_FILTER_STATUS 3 0
70.576 1 ATTITUDE -1.563993 2.410699 0.114875
70.579 1 IMU_ACCEL 1.115234 -0.704102 -9.545898
70.582 1 ATTITUDE -1.564004 2.410669 0.114848
70.589 1 DESIRED 0.02 0.33 0. 0. 0. 235. 0. 20.
70.595 1 GPS 0 0 0 0 0 0 0 0 0 0 1
71.047 1 DOWNLINK_STATUS 0 71 40393 1773 29 267. 11. -30271.61
71.197 1 DL_VALUE 7 0.
71.201 1 NAVIGATION 0 2 0. 0. 0. 0. 0 0
71.204 1 ATTITUDE -1.563924 2.410626 0.1148
71.207 1 ESTIMATOR 0. 0.
71.211 1 NAVIGATION 0 2 0. 0. 0. 0. 0 0
71.215 1 BAT 138 69 0 0 1 60 0 0
71.218 1 GPS_SOL 0 0 0 0
71.221 1 ATTITUDE -1.56391 2.410577 0.114819
71.228 1 DESIRED 0.02 0.33 0. 0. 0. 235. 0. 20.
71.231 1 WP_MOVED 2 360334.5 4813695. 260. 31
71.237 1 GPS 0 0 0 0 0 0 0 0 0 0 1
72.049 1 DOWNLINK_STATUS 0 72 40635 1784 29 242. 11. -30271.61
72.281 1 NAVIGATION 0 2 0. 0. 0. 0. 0 0
72.284 1 ATTITUDE -1.563834 2.410496 0.114654
72.287 1 ATTITUDE -1.563902 2.410469 0.114711
72.294 1 DESIRED 0.02 0.33 0. 0. 0. 235. 0. 20.
72.297 1 IMU_GYRO -0.047852 0.007324 -0.016846
72.299 1 PPRZ_MODE 0 0 0 0 0 17
72.302 1 ATTITUDE -1.563943 2.410469 0.114752
72.308 1 GPS 0 0 0 0 0 0 0 0 0 0 1
72.311 1 ENERGY 6.9 0. 0 0.
72.316 1 NAVIGATION 0 2 0. 0. 0. 0. 0 0
72.319 1 ATTITUDE -1.563931 2.410446 0.114762
72.891 1 DESIRED 0.02 0.33 0. 0. 0. 235. 0. 20.
72.893 1 ESTIMATOR 0. 0.
72.897 1 ALIVE 109,244,4,120,10,214,228,189,38,213,156,75,18,122,185,109
72.900 1 ATTITUDE -1.563879 2.41043 0.114731
72.903 1 WP_MOVED 3 360295.09375 4813785. 260. 31
72.907 1 IMU_ACCEL 1.110352 -0.674805 -9.555664
72.912 1 GPS 0 0 0 0 0 0 0 0 0 0 1
72.917 1 NAVIGATION 0 2 0. 0. 0. 0. 0 0
72.920 1 ATTITUDE -1.563874 2.410397 0.114666
72.927 1 DESIRED 0.02 0.33 0. 0. 0. 235. 0. 20.
72.930 1 ATTITUDE -1.563867 2.410372 0.114692
72.933 1 ATTITUDE -1.563803 2.410343 0.114643
73.050 1 DOWNLINK_STATUS 0 73 41162 1807 29 527. 23. -30271.61
74.051 1 DOWNLINK_STATUS 0 74 41162 1807 29 0. 0. -30271.61
75.052 1 DOWNLINK_STATUS 0 75 41162 1807 29 0. 0. -30271.61
76.054 1 DOWNLINK_STATUS 0 76 41162 1807 29 0. 0. -35272.41
77.055 1 DOWNLINK_STATUS 0 77 41162 1807 29 0. 0. -35272.41
77.151 1 WIND_INFO 1 42 0. 0. 0.
78.057 1 DOWNLINK_STATUS 0 78 41162 1807 29 0. 0. -35272.41
79.058 1 DOWNLINK_STATUS 0 79 41162 1807 29 0. 0. -35272.41
80.059 1 DOWNLINK_STATUS 0 80 41162 1807 29 0. 0. -35272.41
81.061 1 DOWNLINK_STATUS 0 81 41162 1807 29 0. 0. -40273.51
82.062 1 DOWNLINK_STATUS 0 82 41162 1807 29 0. 0. -40273.51
83.063 1 DOWNLINK_STATUS 0 83 41162 1807 29 0. 0. -40273.51
84.064 1 DOWNLINK_STATUS 0 84 41162 1807 29 0. 0. -40273.51
