2.410 2 DESIRED 0. 0. 0. 0. 0. 655. 0. 15.
2.413 2 ATTITUDE -0.036125 1.53549 0.034033
2.454 2 GPS 0 0 0 0 0 0 0 0 0 0 1
2.503 2 WP_MOVED 6 348665. 5945815. 660. 12
2.506 2 ATTITUDE -0.036092 1.535522 0.034076
2.613 2 IMU_GYRO -0.02124 0.010498 -0.018066
2.616 2 ESTIMATOR 0. 0.
2.622 2 DESIRED 0. 0. 0. 0. 0. 655. 0. 15.
2.626 2 ATTITUDE -0.036025 1.53548 0.03408
2.708 2 GPS 0 0 0 0 0 0 0 0 0 0 1
2.711 2 ATTITUDE -0.036044 1.535477 0.034044
2.785 2 DOWNLINK_STATUS 0 3 2204 97 0 781. 35. 0.
2.810 2 GPS_SOL 0 0 0 0
2.817 2 DESIRED 0. 0. 0. 0. 0. 655. 0. 15.
2.820 2 ATTITUDE -0.036046 1.535437 0.034007
2.903 2 IMU_ACCEL -9.68457 0.339844 0.320312
2.906 2 ATTITUDE -0.036125 1.535417 0.034007
2.954 2 GPS 0 0 0 0 0 0 0 0 0 0 1
3.016 2 BAT 54 36 0 0 1 11 0 0
3.020 2 WP_MOVED 7 349065. 5946015. 660. 12
3.026 2 DESIRED 0. 0. 0. 0. 0. 655. 0. 15.
3.029 2 ATTITUDE -0.035944 1.535463 0.03409
3.103 2 CALIBRATION 0. 0
3.106 2 ESTIMATOR 0. 0.
3.109 2 ATTITUDE -0.035947 1.535422 0.034113
3.218 2 IMU_GYRO -0.019043 0.014893 -0.015869
3.224 2 GPS 0 0 0 0 0 0 0 0 0 0 1
3.230 2 DESIRED 0. 0. 0. 0. 0. 655. 0. 15.
3.234 2 ATTITUDE -0.036032 1.535333 0.034088
3.305 2 NAVIGATION 0 1 0. 0. 0. 0. 0 0
3.308 2 ATTITUDE -0.035831 1.535435 0.03409
3.413 2 STATE_FILTER_STATUS 3 0
3.415 2 DL_VALUE 7 0.
3.418 2 IMU_MAG 0. 0. 0.
3.425 2 DESIRED 0. 0. 0. 0. 0. 655. 0. 15.
3.428 2 ATTITUDE -0.035904 1.535399 0.0341
3.454 2 GPS 0 0 0 0 0 0 0 0 0 0 1
3.503 2 WP_MOVED 0 348907. 5945757. 660. 12
3.506 2 ATTITUDE -0.035879 1.535375 0.03409
3.609 2 ESTIMATOR 0. 0.
3.615 2 DESIRED 0. 0. 0. 0. 0. 655. 0. 15.
3.619 2 ATTITUDE -0.035893 1.53537 0.034089
3.710 2 IMU_ACCEL -9.680664 0.330078 0.344727
3.715 2 GPS 0 0 0 0 0 0 0 0 0 0 1
3.718 2 ATTITUDE -0.035816 1.535384 0.034139
3.786 2 DOWNLINK_STATUS 0 4 2941 130 0 737. 33. 0.
3.811 2 IMU_GYRO -0.02124 0.011475 -0.018066
3.817 2 DESIRED 0. 0. 0. 0. 0. 655. 0. 15.
3.820 2 ATTITUDE -0.035831 1.535384 0.034167
3.880 2 FBW_STATUS 0 56 0 36 3
3.898 2 ATTITUDE -0.035775 1.535396 0.034172
3.955 2 GPS 0 0 0 0 0 0 0 0 0 0 1
4.011 2 WP_MOVED 1 348865. 5945715. 660. 12
4.017 2 DESIRED 0. 0. 0. 0. 0. 655. 0. 15.
4.021 2 ATTITUDE -0.035743 1.535413 0.034121
4.106 2 BAT 54 36 0 0 1 12 0 0
4.108 2 ESTIMATOR 0. 0.
4.112 2 ATTITUDE -0.035733 1.535381 0.034088
4.216 2 GPS 0 0 0 0 0 0 0 0 0 0 1
4.222 2 DESIRED 0. 0. 0. 0. 0. 655. 0. 15.
4.226 2 ATTITUDE -0.035621 1.535483 0.034087
4.308 2 ENERGY 3.7 0.003 0 0.0111
4.313 2 NAVIGATION 0 1 0. 0. 0. 0. 0 0
4.316 2 ATTITUDE -0.035683 1.535421 0.034079
4.410 2 IMU_GYRO -0.02124 0.011475 -0.018066
4.417 2 DESIRED 0. 0. 0. 0. 0. 655. 0. 15.
4.420 2 ATTITUDE -0.035612 1.535429 0.034088
4.454 2 GPS 0 0 0 0 0 0 0 0 0 0 1
4.507 2 IMU_ACCEL -9.68457 0.296875 0.330078
4.510 2 WP_MOVED 2 348895. 5945815. 660. 12
4.513 2 ATTITUDE -0.035544 1.535477 0.034121
4.609 2 ESTIMATOR 0. 0.
4.616 2 DESIRED 0. 0. 0. 0. 0. 655. 0. 15.
4.619 2 ATTITUDE -0.035549 1.535421 0.034098
4.709 2 IMU_MAG 0. 0. 0.
4.715 2 GPS 0 0 0 0 0 0 0 0 0 0 1
4.718 2 ATTITUDE -0.035515 1.535432 0.034085
4.787 2 DOWNLINK_STATUS 0 5 3665 161 0 724. 31. 0.
4.809 2 GPS_SOL 0 0 0 0
4.816 2 DESIRED 0. 0. 0. 0. 0. 655. 0. 15.
4.819 2 ATTITUDE -0.03543 1.535444 0.034081
4.899 2 DL_VALUE 8 0.
4.902 2 ATTITUDE -0.035473 1.535415 0.034108
4.955 2 GPS 0 0 0 0 0 0 0 0 0 0 1
5.014 2 IMU_GYRO -0.02124 0.009521 -0.018066
5.018 2 WP_MOVED 3 348965.09375 5945786. 660. 12
5.025 2 DESIRED 0. 0. 0. 0. 0. 655. 0. 15.
5.028 2 ATTITUDE -0.035485 1.535445 0.034164
5.101 2 ESTIMATOR 0. 0.
5.104 2 ATTITUDE -0.035459 1.535446 0.034147
5.219 2 CALIBRATION 0. 0
5.223 2 BAT 40 36 0 0 1 13 0 0
5.229 2 GPS 0 0 0 0 0 0 0 0 0 0 1
5.235 2 DESIRED 0. 0. 0. 0. 0. 655. 0. 15.
5.238 2 ATTITUDE -0.035434 1.535423 0.034196
5.347 2 NAVIGATION 0 1 0. 0. 0. 0. 0 0
5.350 2 IMU_ACCEL -9.636719 0.344727 0.325195
5.353 2 ATTITUDE -0.035338 1.53545 0.03419
5.425 2 DESIRED 0. 0. 0. 0. 0. 655. 0. 15.
5.428 2 ATTITUDE -0.035262 1.535482 0.034207
5.454 2 GPS 0 0 0 0 0 0 0 0 0 0 1
5.503 2 WP_MOVED 4 348764.6875 5945795. 660. 12
5.506 2 ATTITUDE -0.035367 1.535389 0.034169
5.614 2 STATE_FILTER_STATUS 3 0
5.617 2 IMU_GYRO -0.02124 0.010498 -0.018066
5.619 2 ESTIMATOR 0. 0.
5.625 2 DESIRED 0. 0. 0. 0. 0. 655. 0. 15.
5.629 2 ATTITUDE -0.035307 1.535395 0.034225
5.709 2 GPS 0 0 0 0 0 0 0 0 0 0 1
5.711 2 ATTITUDE -0.035224 1.535427 0.034245
5.787 2 DOWNLINK_STATUS 0 6 4384 193 0 719. 32. -1.40298441651e+12
5.811 2 DESIRED 0. 0. 0. 0. 0. 655. 0. 15.
5.813 2 ATTITUDE -0.035293 1.535435 0.034229
5.881 2 FBW_STATUS 0 65 0 37 4
5.898 2 ATTITUDE -0.035367 1.535374 0.034194
5.954 2 GPS 0 0 0 0 0 0 0 0 0 0 1
6.015 2 IMU_MAG 0. 0. 0.
6.018 2 WP_MOVED 5 348740. 5945760. 660. 12
6.025 2 DESIRED 0. 0. 0. 0. 0. 655. 0. 15.
6.028 2 ATTITUDE -0.035179 1.535459 0.034213
6.105 2 IMU_ACCEL -9.670898 0.339844 0.402344
6.108 2 ESTIMATOR 0. 0.
6.111 2 ATTITUDE -0.035247 1.535434 0.034192
6.218 2 IMU_GYRO -0.02002 0.012695 -0.018066
6.223 2 GPS 0 0 0 0 0 0 0 0 0 0 1
6.230 2 DESIRED 0. 0. 0. 0. 0. 655. 0. 15.
6.233 2 ATTITUDE -0.03529 1.53534 0.03421
6.309 2 BAT 40 37 0 0 1 14 0 0
6.314 2 NAVIGATION 0 1 0. 0. 0. 0. 0 0
6.317 2 ATTITUDE -0.035264 1.535393 0.03421
6.408 2 DL_VALUE 9 1.
6.415 2 DESIRED 0. 0. 0. 0. 0. 655. 0. 15.
6.418 2 ATTITUDE -0.035197 1.535407 0.034249
6.455 2 GPS 0 0 0 0 0 0 0 0 0 0 1
6.503 2 WP_MOVED 6 348665. 5945815. 660. 12
6.507 2 ATTITUDE -0.035283 1.535318 0.034219
6.608 2 ESTIMATOR 0. 0.
6.616 2 DESIRED 0. 0. 0. 0. 0. 655. 0. 15.
6.618 2 ATTITUDE -0.03505 1.535386 0.034259
6.682 2 ACTUATORS |1005,1997,1472,1492,1509,1501|
6.710 2 ENERGY 3.6 0.004 0 0.0144
6.716 2 GPS 0 0 0 0 0 0 0 0 0 0 1
6.719 2 ATTITUDE -0.035109 1.535314 0.034228
6.782 2 COMMANDS |54,14,0,-9548,-28,9548|
6.788 2 DOWNLINK_STATUS 0 7 5139 226 0 755. 33. -1.40298441651e+12
6.814 2 GPS_SOL 0 0 0 0
6.817 2 IMU_GYRO -0.02124 0.011475 -0.016846
6.823 2 DESIRED 0. 0. 0. 0. 0. 655. 0. 15.
6.827 2 ATTITUDE -0.035063 1.535252 0.034251
6.904 2 PPRZ_MODE 0 0 0 0 0 17
6.907 2 IMU_ACCEL -9.675781 0.330078 0.330078
6.910 2 ATTITUDE -0.035097 1.535336 0.034274
6.954 2 GPS 0 0 0 0 0 0 0 0 0 0 1
7.011 2 WP_MOVED 7 349065. 5946015. 660. 12
7.018 2 DESIRED 0. 0. 0. 0. 0. 655. 0. 15.
7.021 2 ATTITUDE -0.034991 1.535331 0.034288
7.103 2 DOWNLINK 1 743 505
7.105 2 ESTIMATOR 0. 0.
7.108 2 ATTITUDE -0.035101 1.535346 0.034298
7.220 2 ALIVE |64,13,209,9,26,106,16,132,68,91,95,208,168,167,148,226|
7.225 2 GPS 0 0 0 0 0 0 0 0 0 0 1
7.232 2 DESIRED 0. 0. 0. 0. 0. 655. 0. 15.
7.235 2 ATTITUDE -0.034953 1.535393 0.034329
7.309 2 CALIBRATION 0. 0
7.312 2 IMU_MAG 0. 0. 0.
7.317 2 NAVIGATION 0 1 0. 0. 0. 0. 0 0
7.320 2 ATTITUDE -0.035026 1.535442 0.034294
7.415 2 BAT 54 37 0 0 1 15 0 0
7.419 2 IMU_GYRO -0.023193 0.007324 -0.018066
7.426 2 DESIRED 0. 0. 0. 0. 0. 655. 0. 15.
7.428 2 ATTITUDE -0.034901 1.535491 0.034314
7.454 2 GPS 0 0 0 0 0 0 0 0 0 0 1
7.503 2 WP_MOVED 0 348907. 5945757. 660. 12
7.506 2 ATTITUDE -0.035044 1.535474 0.034285
7.609 2 ESTIMATOR 0. 0.
7.615 2 DESIRED 0. 0. 0. 0. 0. 655. 0. 15.
7.618 2 ATTITUDE -0.034962 1.535441 0.034278
7.709 2 IMU_ACCEL -9.675781 0.334961 0.320312
7.715 2 GPS 0 0 0 0 0 0 0 0 0 0 1
7.718 2 ATTITUDE -0.034976 1.535421 0.034244
7.789 2 DOWNLINK_STATUS 0 8 5920 261 0 781. 35. -1.40298441651e+12
7.807 2 STATE_FILTER_STATUS 3 0
7.813 2 DESIRED 0. 0. 0. 0. 0. 655. 0. 15.
7.816 2 ATTITUDE -0.034941 1.535419 0.034269
7.881 2 FBW_STATUS 0 59 0 37 4
7.900 2 DL_VALUE 10 0.
7.903 2 ATTITUDE -0.03504 1.535468 0.034233
7.954 2 GPS 0 0 0 0 0 0 0 0 0 0 1
8.015 2 IMU_GYRO -0.02124 0.010498 -0.018066
8.018 2 WP_MOVED 1 348865. 5945715. 660. 12
8.025 2 DESIRED 0. 0. 0. 0. 0. 655. 0. 15.
8.028 2 ATTITUDE -0.035008 1.535478 0.034278
8.101 2 ESTIMATOR 0. 0.
8.104 2 ATTITUDE -0.034923 1.535542 0.034315
8.217 2 GPS 0 0 0 0 0 0 0 0 0 0 1
8.223 2 DESIRED 0. 0. 0. 0. 0. 655. 0. 15.
8.226 2 ATTITUDE -0.034995 1.535448 0.034304
8.306 2 NAVIGATION 0 1 0. 0. 0. 0. 0 0
8.309 2 ATTITUDE -0.035067 1.535462 0.034342
8.411 2 DESIRED 0. 0. 0. 0. 0. 655. 0. 15.
8.413 2 ATTITUDE -0.035106 1.535437 0.034341
8.454 2 GPS 0 0 0 0 0 0 0 0 0 0 1
8.511 2 BAT 54 37 0 0 1 16 0 0
8.514 2 IMU_ACCEL -9.631836 0.310547 0.272461
8.518 2 WP_MOVED 2 348895. 5945815. 660. 12
8.521 2 ATTITUDE -0.035208 1.53536 0.034329
8.617 2 IMU_MAG 0. 0. 0.
8.620 2 IMU_GYRO -0.029785 0. -0.019043
8.623 2 ESTIMATOR 0. 0.
8.629 2 DESIRED 0. 0. 0. 0. 0. 655. 0. 15.
8.632 2 ATTITUDE -0.034826 1.535632 0.034353
8.708 2 GPS 0 0 0 0 0 0 0 0 0 0 1
8.711 2 ATTITUDE -0.035154 1.535429 0.034317
8.790 2 DOWNLINK_STATUS 0 9 6644 293 0 724. 32. -1.40298441651e+12
8.810 2 GPS_SOL 0 0 0 0
8.816 2 DESIRED 0. 0. 0. 0. 0. 655. 0. 15.
8.820 2 ATTITUDE -0.035157 1.535405 0.034362
8.899 2 ATTITUDE -0.034993 1.535555 0.034398
8.954 2 GPS 0 0 0 0 0 0 0 0 0 0 1
9.011 2 WP_MOVED 3 348965.09375 5945786. 660. 12
9.018 2 DESIRED 0. 0. 0. 0. 0. 655. 0. 15.
9.021 2 ATTITUDE -0.035148 1.53537 0.034407
9.105 2 ENERGY 3.6 0.003 0 0.0108
9.108 2 ESTIMATOR 0. 0.
9.111 2 ATTITUDE -0.035167 1.535344 0.034436
9.217 2 IMU_GYRO -0.022217 0.009521 -0.016846
9.223 2 GPS 0 0 0 0 0 0 0 0 0 0 1
9.229 2 DESIRED 0. 0. 0. 0. 0. 655. 0. 15.
9.232 2 ATTITUDE -0.034882 1.535464 0.034473
9.309 2 NAVIGATION 0 1 0. 0. 0. 0. 0 0
9.312 2 IMU_ACCEL -9.661133 0.334961 0.353516
9.315 2 ATTITUDE -0.034943 1.535454 0.034505
9.410 2 CALIBRATION 0. 0
9.412 2 DL_VALUE 11 0.
9.418 2 DESIRED 0. 0. 0. 0. 0. 655. 0. 15.
9.422 2 ATTITUDE -0.035077 1.535415 0.034446
9.454 2 GPS 0 0 0 0 0 0 0 0 0 0 1
9.503 2 WP_MOVED 4 348764.6875 5945795. 660. 12
9.506 2 ATTITUDE -0.034999 1.535496 0.034439
9.615 2 BAT 40 36 0 0 1 17 0 0
9.617 2 ESTIMATOR 0. 0.
9.624 2 DESIRED 0. 0. 0. 0. 0. 655. 0. 15.
9.627 2 ATTITUDE -0.035033 1.53545 0.034451
9.710 2 NAVIGATION_REF 348865 5945715 12 605.
9.715 2 GPS 0 0 0 0 0 0 0 0 0 0 1
9.718 2 ATTITUDE -0.035054 1.53543 0.034415
9.790 2 DOWNLINK_STATUS 0 10 7375 325 0 731. 32. -1.40298441651e+12
9.811 2 IMU_GYRO -0.023193 0.010498 -0.016846
9.817 2 DESIRED 0. 0. 0. 0. 0. 655. 0. 15.
9.819 2 ATTITUDE -0.034935 1.535495 0.034414
9.883 2 FBW_STATUS 0 65 0 36 3
9.902 2 IMU_MAG 0. 0. 0.
9.905 2 ATTITUDE -0.03501 1.535456 0.034445
9.954 2 GPS 0 0 0 0 0 0 0 0 0 0 1
10.011 2 STATE_FILTER_STATUS 3 0
10.014 2 WP_MOVED 5 348740. 5945760. 660. 12
10.021 2 DESIRED 0. 0. 0. 0. 0. 655. 0. 15.
10.024 2 ATTITUDE -0.03492 1.535472 0.034439
10.105 2 IMU_ACCEL -9.631836 0.334961 0.353516
10.107 2 ESTIMATOR 0. 0.
10.110 2 ATTITUDE -0.034803 1.535435 0.034445
10.216 2 GPS 0 0 0 0 0 0 0 0 0 0 1
10.223 2 DESIRED 0. 0. 0. 0. 0. 655. 0. 15.
10.226 2 ATTITUDE -0.034767 1.5355 0.034432
10.305 2 NAVIGATION 0 1 0. 0. 0. 0. 0 0
10.308 2 ATTITUDE -0.034717 1.535491 0.034444
10.410 2 IMU_GYRO -0.02124 0.011475 -0.018066
10.417 2 DESIRED 0. 0. 0. 0. 0. 655. 0. 15.
10.420 2 ATTITUDE -0.034821 1.535432 0.03447
10.478 2 GPS 0 0 0 0 0 0 0 0 0 0 1
10.503 2 WP_MOVED 6 348665. 5945815. 660. 12
10.506 2 ATTITUDE -0.034768 1.535465 0.03447
10.609 2 ESTIMATOR 0. 0.
10.616 2 DESIRED 0. 0. 0. 0. 0. 655. 0. 15.
10.619 2 ATTITUDE -0.034797 1.535389 0.034427
10.710 2 BAT 40 36 0 0 1 19 0 0
10.716 2 GPS 0 0 0 0 0 0 0 0 0 0 1
10.720 2 ATTITUDE -0.034809 1.535368 0.034419
10.791 2 DOWNLINK_STATUS 0 11 8088 356 0 713. 31. -1.40298442151e+12
10.809 2 GPS_SOL 0 0 0 0
10.817 2 DESIRED 0. 0. 0. 0. 0. 655. 0. 15.
10.819 2 ATTITUDE -0.034724 1.535357 0.034477
10.903 2 DL_VALUE 12 15000.
10.906 2 IMU_ACCEL -9.65625 0.320312 0.392578
10.909 2 ATTITUDE -0.034794 1.535321 0.034442
10.954 2 GPS 0 0 0 0 0 0 0 0 0 0 1
11.014 2 IMU_GYRO -0.02002 0.012695 -0.015869
11.018 2 WP_MOVED 7 349065. 5946015. 660. 12
11.024 2 DESIRED 0. 0. 0. 0. 0. 655. 0. 15.
11.028 2 ATTITUDE -0.03463 1.535422 0.034427
11.100 2 ESTIMATOR 0. 0.
11.104 2 ATTITUDE -0.034641 1.5354 0.034438
11.217 2 IMU_MAG 0. 0. 0.
11.223 2 GPS 0 0 0 0 0 0 0 0 0 0 1
11.230 2 DESIRED 0. 0. 0. 0. 0. 655. 0. 15.
11.233 2 ATTITUDE -0.034598 1.535323 0.034421
11.305 2 NAVIGATION 0 1 0. 0. 0. 0. 0 0
11.308 2 ATTITUDE -0.034573 1.535339 0.034437
11.410 2 DESIRED 0. 0. 0. 0. 0. 655. 0. 15.
11.413 2 ATTITUDE -0.034604 1.535318 0.034421
11.454 2 GPS 0 0 0 0 0 0 0 0 0 0 1
11.510 2 ENERGY 3.7 0.004 0 0.0148
11.511 2 CALIBRATION 0. 0
11.515 2 WP_MOVED 0 348907. 5945757. 660. 12
11.517 2 ATTITUDE -0.034577 1.535313 0.034436
11.613 2 IMU_GYRO -0.024414 0.007324 -0.018066
11.615 2 ESTIMATOR 0. 0.
11.623 2 DESIRED 0. 0. 0. 0. 0. 655. 0. 15.
11.625 2 ATTITUDE -0.034544 1.535285 0.034404
11.681 2 ACTUATORS |1004,1997,1472,1492,1509,1501|
11.709 2 IMU_ACCEL -9.675781 0.320312 0.339844
11.715 2 GPS 0 0 0 0 0 0 0 0 0 0 1
11.718 2 ATTITUDE -0.034609 1.535243 0.034411
11.782 2 COMMANDS |40,14,0,-9548,-28,9548|
11.792 2 DOWNLINK_STATUS 0 12 8871 391 0 783. 35. -1.40298442151e+12
11.812 2 PPRZ_MODE 0 0 0 0 0 17
11.816 2 BAT 40 36 0 0 1 20 0 0
11.822 2 DESIRED 0. 0. 0. 0. 0. 655. 0. 15.
11.826 2 ATTITUDE -0.034407 1.535315 0.034422
11.884 2 FBW_STATUS 0 59 0 36 3
11.898 2 ATTITUDE -0.03443 1.535239 0.03448
11.954 2 GPS 0 0 0 0 0 0 0 0 0 0 1
12.011 2 WP_MOVED 1 348865. 5945715. 660. 12
12.018 2 DESIRED 0. 0. 0. 0. 0. 655. 0. 15.
12.021 2 ATTITUDE -0.034491 1.535198 0.034474
12.101 2 ESTIMATOR 0. 0.
12.104 2 ATTITUDE -0.034474 1.535247 0.03445
12.221 2 DOWNLINK 1 734 671
12.222 2 STATE_FILTER_STATUS 3 0
12.225 2 IMU_GYRO -0.022217 0.010498 -0.016846
12.231 2 GPS 0 0 0 0 0 0 0 0 0 0 1
12.238 2 DESIRED 0. 0. 0. 0. 0. 655. 0. 15.
12.241 2 ATTITUDE -0.034494 1.53528 0.034437
12.310 2 ALIVE |64,13,209,9,26,106,16,132,68,91,95,208,168,167,148,226|
12.314 2 NAVIGATION 0 1 0. 0. 0. 0. 0 0
12.317 2 ATTITUDE -0.03449 1.535325 0.034508
12.407 2 DL_VALUE 13 1.5
12.415 2 DESIRED 0. 0. 0. 0. 0. 655. 0. 15.
12.417 2 ATTITUDE -0.034552 1.535287 0.034501
12.454 2 GPS 0 0 0 0 0 0 0 0 0 0 1
12.510 2 IMU_MAG 0. 0. 0.
12.513 2 IMU_ACCEL -9.661133 0.334961 0.353516
12.516 2 WP_MOVED 2 348895. 5945815. 660. 12
12.519 2 ATTITUDE -0.0346 1.535285 0.034525
12.608 2 ESTIMATOR 0. 0.
12.615 2 DESIRED 0. 0. 0. 0. 0. 655. 0. 15.
12.618 2 ATTITUDE -0.034629 1.535313 0.03452
12.639 2 WIND_INFO 2 42 0. 0. 0.
12.708 2 GPS 0 0 0 0 0 0 0 0 0 0 1
12.711 2 ATTITUDE -0.034654 1.535311 0.03456
12.793 2 DOWNLINK_STATUS 0 13 9623 425 0 752. 34. -1.40298442151e+12
12.814 2 GPS_SOL 0 0 0 0
12.817 2 IMU_GYRO -0.02124 0.010498 -0.016846
12.823 2 DESIRED 0. 0. 0. 0. 0. 655. 0. 15.
12.826 2 ATTITUDE -0.034681 1.535259 0.034515
12.903 2 BAT 54 37 0 0 1 21 0 0
12.906 2 ATTITUDE -0.034677 1.535214 0.034583
12.954 2 GPS 0 0 0 0 0 0 0 0 0 0 1
13.011 2 WP_MOVED 3 348965.09375 5945786. 660. 12
13.018 2 DESIRED 0. 0. 0. 0. 0. 655. 0. 15.
13.021 2 ATTITUDE -0.034633 1.535262 0.034599
13.101 2 ESTIMATOR 0. 0.
13.104 2 ATTITUDE -0.034624 1.535277 0.034589
13.216 2 GPS 0 0 0 0 0 0 0 0 0 0 1
13.223 2 DESIRED 0. 0. 0. 0. 0. 655. 0. 15.
13.225 2 ATTITUDE -0.034722 1.535222 0.034546
13.308 2 NAVIGATION 5 1 0. 0. 0. 0. 0 0
13.312 2 IMU_ACCEL -9.670898 0.339844 0.310547
13.315 2 ATTITUDE -0.034648 1.535234 0.034539
13.410 2 IMU_GYRO -0.023193 0.009521 -0.018066
13.416 2 DESIRED 0. 0. 0. 0. 0. 655. 0. 15.
13.419 2 ATTITUDE -0.03465 1.535257 0.034575
13.454 2 GPS 0 0 0 0 0 0 0 0 0 0 1
13.502 2 WP_MOVED 4 348764.6875 5945795. 660. 12
13.506 2 ATTITUDE -0.034581 1.535239 0.034586
13.610 2 CALIBRATION 0. 0
13.613 2 ESTIMATOR 0. 0.
13.619 2 DESIRED 34.91 0. 0. 0. 0. 655. 0. 15.
13.622 2 ATTITUDE -0.03452 1.535238 0.034568
13.708 2 GPS 0 0 0 0 0 0 0 0 0 0 1
13.711 2 ATTITUDE -0.034538 1.535221 0.03459
13.794 2 DOWNLINK_STATUS 0 14 10322 455 0 699. 30. -1.40298442151e+12
13.810 2 IMU_MAG 0. 0. 0.
13.817 2 DESIRED 34.91 0. 0. 0. 0. 655. 0. 15.
13.820 2 ATTITUDE -0.034547 1.535233 0.03457
13.908 2 FBW_STATUS 0 58 0 36 3
13.926 2 ENERGY 3.4 0.003 0 0.0102
13.928 2 DL_VALUE 14 0.610865
13.931 2 ATTITUDE -0.034586 1.535154 0.034545
13.954 2 GPS 0 0 0 0 0 0 0 0 0 0 1
14.020 2 BAT 40 34 0 0 1 1 1 0
14.023 2 IMU_GYRO -0.023193 0.007324 -0.016846
14.026 2 WP_MOVED 5 348740. 5945760. 660. 12
14.033 2 DESIRED 34.91 0. 0. 0. 0. 655. 0. 15.
14.035 2 ATTITUDE -0.034475 1.535218 0.034585
14.104 2 IMU_ACCEL -9.680664 0.334961 0.373047
14.107 2 ESTIMATOR 0. 0.
14.110 2 ATTITUDE -0.034564 1.535217 0.034606
14.215 2 GPS 0 0 0 0 0 0 0 0 0 0 1
14.222 2 DESIRED 34.91 0. 0. 0. 0. 655. 0. 15.
14.225 2 ATTITUDE -0.034487 1.535265 0.03459
14.305 2 NAVIGATION 5 1 0. 0. 0. 0. 0 0
14.308 2 ATTITUDE -0.034408 1.535298 0.034576
14.406 2 STATE_FILTER_STATUS 3 0
14.413 2 DESIRED 34.91 0. 0. 0. 0. 655. 0. 15.
14.416 2 ATTITUDE -0.03433 1.535329 0.034605
14.454 2 GPS 0 0 0 0 0 0 0 0 0 0 1
14.503 2 WP_MOVED 6 348665. 5945815. 660. 12
14.506 2 ATTITUDE -0.034317 1.53531 0.034575
14.613 2 IMU_GYRO -0.022217 0.009521 -0.016846
14.616 2 ESTIMATOR 0. 0.
14.622 2 DESIRED 34.91 0. 0. 0. 0. 655. 0. 15.
14.625 2 ATTITUDE -0.034232 1.535267 0.034573
14.708 2 GPS 0 0 0 0 0 0 0 0 0 0 1
14.711 2 ATTITUDE -0.034248 1.53525 0.034585
14.795 2 DOWNLINK_STATUS 0 15 11066 488 0 744. 33. -1.40298442151e+12
14.810 2 GPS_SOL 0 0 0 0
14.817 2 DESIRED 34.91 0. 0. 0. 0. 655. 0. 15.
14.819 2 ATTITUDE -0.034222 1.535266 0.034564
14.901 2 IMU_ACCEL -9.65625 0.349609 0.334961
14.905 2 ATTITUDE -0.034206 1.53528 0.034592
14.953 2 GPS 0 0 0 0 0 0 0 0 0 0 1
15.010 2 WP_MOVED 7 349065. 5946015. 660. 12
15.017 2 DESIRED 34.91 0. 0. 0. 0. 655. 0. 15.
15.020 2 ATTITUDE -0.034206 1.535297 0.034576
15.109 2 IMU_MAG 0. 0. 0.
15.113 2 BAT 54 37 0 0 1 2 2 0
15.115 2 ESTIMATOR 0. 0.
15.118 2 ATTITUDE -0.034185 1.53533 0.034541
15.217 2 IMU_GYRO -0.022217 0.010498 -0.018066
15.223 2 GPS 0 0 0 0 0 0 0 0 0 0 1
15.229 2 DESIRED 34.91 0. 0. 0. 0. 655. 0. 15.
15.232 2 ATTITUDE -0.03421 1.535361 0.034548
15.305 2 NAVIGATION 5 1 0. 0. 0. 0. 0 0
15.308 2 ATTITUDE -0.034142 1.535372 0.034534
15.407 2 DL_VALUE 15 15000.
15.414 2 DESIRED 34.91 0. 0. 0. 0. 655. 0. 15.
15.417 2 ATTITUDE -0.034121 1.535405 0.034513
15.454 2 GPS 0 0 0 0 0 0 0 0 0 0 1
15.503 2 WP_MOVED 0 348907. 5945757. 660. 12
15.506 2 ATTITUDE -0.034119 1.535384 0.034501
15.609 2 ESTIMATOR 0. 0.
15.615 2 DESIRED 34.91 0. 0. 0. 0. 655. 0. 15.
15.618 2 ATTITUDE -0.03419 1.535381 0.034531
15.709 2 CALIBRATION 0. 0
15.713 2 IMU_ACCEL -9.675781 0.310547 0.382812
15.718 2 GPS 0 0 0 0 0 0 0 0 0 0 1
15.721 2 ATTITUDE -0.034212 1.535382 0.034477
15.795 2 DOWNLINK_STATUS 0 16 11794 520 0 728. 32. -1.40298442651e+12
15.810 2 IMU_GYRO -0.02124 0.011475 -0.016846
15.816 2 DESIRED 34.91 0. 0. 0. 0. 655. 0. 15.
15.819 2 ATTITUDE -0.034208 1.535435 0.034435
15.880 2 FBW_STATUS 0 63 0 36 3
15.898 2 ATTITUDE -0.034167 1.535496 0.034509
15.954 2 GPS 0 0 0 0 0 0 0 0 0 0 1
16.011 2 WP_MOVED 1 348865. 5945715. 660. 12
16.017 2 DESIRED 34.91 0. 0. 0. 0. 655. 0. 15.
16.020 2 ATTITUDE -0.03417 1.535512 0.034505
16.100 2 ESTIMATOR 0. 0.
16.103 2 ATTITUDE -0.034147 1.535475 0.034492
16.218 2 BAT 40 36 0 0 1 3 3 0
16.224 2 GPS 0 0 0 0 0 0 0 0 0 0 1
16.231 2 DESIRED 34.91 0. 0. 0. 0. 655. 0. 15.
16.234 2 ATTITUDE -0.034078 1.535524 0.034465
16.308 2 ENERGY 3.7 0.004 0 0.0148
16.313 2 NAVIGATION 5 1 0. 0. 0. 0. 0 0
16.316 2 ATTITUDE -0.034064 1.535551 0.034472
16.414 2 IMU_MAG 0. 0. 0.
16.417 2 IMU_GYRO -0.023193 0.009521 -0.018066
16.424 2 DESIRED 34.91 0. 0. 0. 0. 655. 0. 15.
16.427 2 ATTITUDE -0.034092 1.535567 0.034484
16.454 2 GPS 0 0 0 0 0 0 0 0 0 0 1
16.505 2 IMU_ACCEL -9.661133 0.330078 0.330078
16.510 2 WP_MOVED 2 348895. 5945815. 660. 12
16.512 2 ATTITUDE -0.034054 1.535531 0.034421
16.609 2 STATE_FILTER_STATUS 3 0
16.611 2 ESTIMATOR 0. 0.
16.618 2 DESIRED 34.91 0. 0. 0. 0. 655. 0. 15.
16.621 2 ATTITUDE -0.034062 1.53553 0.034417
16.681 2 ACTUATORS |1004,1997,1472,1492,1509,1501|
16.706 2 PPRZ_MODE 0 1 2 0 0 17
16.712 2 GPS 0 0 0 0 0 0 0 0 0 0 1
16.715 2 ATTITUDE -0.034098 1.535544 0.034445
16.781 2 COMMANDS |54,14,0,-9548,-28,9548|
16.796 2 DOWNLINK_STATUS 0 17 12577 555 0 783. 35. -1.40298442651e+12
16.809 2 GPS_SOL 0 0 0 0
16.816 2 DESIRED 34.91 0. 0. 0. 0. 655. 0. 15.
16.819 2 ATTITUDE -0.034104 1.535559 0.034481
16.899 2 DL_VALUE 16 2000.
16.902 2 ATTITUDE -0.034116 1.535583 0.034453
16.957 2 GPS 0 0 0 0 0 0 0 0 0 0 1
17.014 2 IMU_GYRO -0.025391 0.006348 -0.018066
17.018 2 WP_MOVED 3 348965.09375 5945786. 660. 12
17.024 2 DESIRED 34.91 0. 0. 0. 0. 655. 0. 15.
17.027 2 ATTITUDE -0.034101 1.535578 0.034452
17.100 2 ESTIMATOR 0. 0.
17.103 2 ATTITUDE -0.034096 1.535553 0.034475
17.226 2 GPS 0 0 0 0 0 0 0 0 0 0 1
17.232 2 DESIRED 34.91 0. 0. 0. 0. 655. 0. 15.
17.235 2 ATTITUDE -0.034003 1.535565 0.034488
17.312 2 DOWNLINK 1 743 838
17.316 2 BAT 54 36 0 0 1 4 4 0
17.322 2 NAVIGATION 5 1 0. 0. 0. 0. 0 0
17.324 2 IMU_ACCEL -9.666016 0.330078 0.363281
17.327 2 ATTITUDE -0.033978 1.535557 0.034574
17.411 2 ALIVE |64,13,209,9,26,106,16,132,68,91,95,208,168,167,148,226|
17.418 2 DESIRED 34.91 0. 0. 0. 0. 655. 0. 15.
17.421 2 ATTITUDE -0.034155 1.53548 0.034517
17.453 2 GPS 0 0 0 0 0 0 0 0 0 0 1
17.502 2 WP_MOVED 4 348764.6875 5945795. 660. 12
17.505 2 ATTITUDE -0.033989 1.535549 0.034498
17.613 2 IMU_GYRO -0.026367 0.00415 -0.019043
17.615 2 ESTIMATOR 0. 0.
17.622 2 DESIRED 34.91 0. 0. 0. 0. 655. 0. 15.
17.625 2 ATTITUDE -0.034036 1.535528 0.034489
17.709 2 IMU_MAG 0. 0. 0.
17.714 2 GPS 0 0 0 0 0 0 0 0 0 0 1
17.717 2 ATTITUDE -0.034081 1.535508 0.034441
17.797 2 DOWNLINK_STATUS 0 18 13328 588 0 751. 33. -1.40298442651e+12
17.807 2 CALIBRATION 0. 0
17.814 2 DESIRED 34.91 0. 0. 0. 0. 655. 0. 15.
17.817 2 ATTITUDE -0.033972 1.535524 0.034421
17.880 2 FBW_STATUS 0 53 0 36 3
17.898 2 ATTITUDE -0.033938 1.535571 0.034457
17.954 2 GPS 0 0 0 0 0 0 0 0 0 0 1
18.011 2 WP_MOVED 5 348740. 5945760. 660. 12
18.018 2 DESIRED 34.91 0. 0. 0. 0. 655. 0. 15.
18.021 2 ATTITUDE -0.033952 1.535603 0.034435
18.105 2 IMU_ACCEL -9.670898 0.320312 0.334961
18.106 2 ESTIMATOR 0. 0.
18.110 2 ATTITUDE -0.033935 1.535588 0.034381
18.216 2 IMU_GYRO -0.022217 0.011475 -0.016846
18.222 2 GPS 0 0 0 0 0 0 0 0 0 0 1
18.230 2 DESIRED 34.91 0. 0. 0. 0. 655. 0. 15.
18.232 2 ATTITUDE -0.033902 1.535562 0.034395
18.304 2 NAVIGATION 5 1 0. 0. 0. 0. 0 0
18.308 2 ATTITUDE -0.03393 1.535558 0.034364
18.411 2 DL_VALUE 17 0.48
18.415 2 BAT 40 37 0 0 1 5 5 0
18.422 2 DESIRED 34.91 0. 0. 0. 0. 655. 0. 15.
18.425 2 ATTITUDE -0.034015 1.53553 0.034416
18.453 2 GPS 0 0 0 0 0 0 0 0 0 0 1
18.502 2 WP_MOVED 6 348665. 5945815. 660. 12
18.505 2 ATTITUDE -0.033957 1.535513 0.034434
18.608 2 ESTIMATOR 0. 0.
18.615 2 DESIRED 34.91 0. 0. 0. 0. 655. 0. 15.
18.618 2 ATTITUDE -0.033976 1.535545 0.034399
18.714 2 NAVIGATION_REF 348865 5945715 12 605.
18.717 2 ENERGY 3.7 0.004 0 0.0148
18.723 2 GPS 0 0 0 0 0 0 0 0 0 0 1
18.726 2 ATTITUDE -0.034042 1.535577 0.034391
18.797 2 DOWNLINK_STATUS 0 19 14057 620 0 729. 32. -1.40298442651e+12
18.814 2 STATE_FILTER_STATUS 3 0
18.816 2 GPS_SOL 0 0 0 0
18.820 2 IMU_GYRO -0.02124 0.012695 -0.016846
18.827 2 DESIRED 34.91 0. 0. 0. 0. 655. 0. 15.
18.830 2 ATTITUDE -0.034154 1.535573 0.034367
18.901 2 IMU_ACCEL -9.675781 0.358398 0.349609
18.905 2 ATTITUDE -0.034043 1.535599 0.034405
18.954 2 GPS 0 0 0 0 0 0 0 0 0 0 1
19.013 2 IMU_MAG 0. 0. 0.
19.017 2 WP_MOVED 7 349065. 5946015. 660. 12
19.024 2 DESIRED 34.91 0. 0. 0. 0. 655. 0. 15.
19.026 2 ATTITUDE -0.034125 1.535599 0.034407
19.100 2 ESTIMATOR 0. 0.
19.103 2 ATTITUDE -0.034096 1.535593 0.034419
19.215 2 GPS 0 0 0 0 0 0 0 0 0 0 1
19.222 2 DESIRED 34.91 0. 0. 0. 0. 655. 0. 15.
19.225 2 ATTITUDE -0.03406 1.535571 0.034415
19.305 2 NAVIGATION 5 1 0. 0. 0. 0. 0 0
19.308 2 ATTITUDE -0.034182 1.535567 0.034378
19.410 2 IMU_GYRO -0.024414 0.007324 -0.018066
19.416 2 DESIRED 34.91 0. 0. 0. 0. 655. 0. 15.
19.419 2 ATTITUDE -0.034058 1.535632 0.034363
19.453 2 GPS 0 0 0 0 0 0 0 0 0 0 1
19.507 2 BAT 40 37 0 0 1 6 6 0
19.511 2 WP_MOVED 0 348907. 5945757. 660. 12
19.514 2 ATTITUDE -0.034104 1.535557 0.034386
19.608 2 ESTIMATOR 0. 0.
19.615 2 DESIRED 34.91 0. 0. 0. 0. 655. 0. 15.
19.618 2 ATTITUDE -0.034088 1.535498 0.034395
19.709 2 IMU_ACCEL -9.651367 0.310547 0.339844
19.715 2 GPS 0 0 0 0 0 0 0 0 0 0 1
19.718 2 ATTITUDE -0.033994 1.535582 0.034419
19.798 2 DOWNLINK_STATUS 0 20 14790 652 0 733. 32. -1.40298442651e+12
19.810 2 DESIRED 34.91 0. 0. 0. 0. 655. 0. 15.
19.812 2 ATTITUDE -0.033954 1.535561 0.034428
19.879 2 FBW_STATUS 0 57 0 36 4
19.901 2 CALIBRATION 0. 0
19.903 2 DL_VALUE 18 0.03
19.906 2 ATTITUDE -0.034095 1.535503 0.034418
19.953 2 GPS 0 0 0 0 0 0 0 0 0 0 1
20.014 2 IMU_GYRO -0.02124 0.008301 -0.016846
20.017 2 WP_MOVED 1 348865. 5945715. 660. 12
20.024 2 DESIRED 34.91 0. 0. 0. 0. 655. 0. 15.
20.027 2 ATTITUDE -0.033991 1.535587 0.034418
20.100 2 ESTIMATOR 0. 0.
20.103 2 ATTITUDE -0.033969 1.535652 0.03441
20.215 2 GPS 0 0 0 0 0 0 0 0 0 0 1
20.222 2 DESIRED 34.91 0. 0. 0. 0. 655. 0. 15.
20.225 2 ATTITUDE -0.034115 1.535594 0.034372
20.307 2 IMU_MAG 0. 0. 0.
20.312 2 NAVIGATION 5 1 0. 0. 0. 0. 0 0
20.315 2 ATTITUDE -0.034087 1.535589 0.034356
20.410 2 DESIRED 34.91 0. 0. 0. 0. 655. 0. 15.
20.413 2 ATTITUDE -0.033978 1.535653 0.034363
20.454 2 GPS 0 0 0 0 0 0 0 0 0 0 1
20.506 2 IMU_ACCEL -9.666016 0.330078 0.349609
20.510 2 WP_MOVED 2 348895. 5945815. 660. 12
20.513 2 ATTITUDE -0.033945 1.535648 0.034391
20.617 2 BAT 54 37 0 0 1 7 7 0
20.620 2 IMU_GYRO -0.024414 0.006348 -0.019043
20.623 2 ESTIMATOR 0. 0.
20.630 2 DESIRED 34.91 0. 0. 0. 0. 655. 0. 15.
20.632 2 ATTITUDE -0.033923 1.535708 0.034405
20.707 2 GPS 0 0 0 0 0 0 0 0 0 0 1
20.710 2 ATTITUDE -0.033926 1.535662 0.03439
20.799 2 DOWNLINK_STATUS 0 21 15516 684 0 726. 32. -1.40298443151e+12
20.809 2 GPS_SOL 0 0 0 0
20.815 2 DESIRED 34.91 0. 0. 0. 0. 655. 0. 15.
20.818 2 ATTITUDE -0.034112 1.535606 0.034344
20.897 2 ATTITUDE -0.033887 1.535648 0.034398
20.953 2 GPS 0 0 0 0 0 0 0 0 0 0 1
21.010 2 STATE_FILTER_STATUS 3 0
21.014 2 WP_MOVED 3 348965.09375 5945786. 660. 12
21.020 2 DESIRED 34.91 0. 0. 0. 0. 655. 0. 15.
21.024 2 ATTITUDE -0.033976 1.535638 0.034414
21.105 2 ENERGY 3.7 0.004 0 0.0148
21.108 2 ESTIMATOR 0. 0.
21.111 2 ATTITUDE -0.033988 1.535583 0.034414
21.217 2 IMU_GYRO -0.02124 0.009521 -0.018066
21.223 2 GPS 0 0 0 0 0 0 0 0 0 0 1
21.229 2 DESIRED 34.91 0. 0. 0. 0. 655. 0. 15.
21.232 2 ATTITUDE -0.03394 1.535574 0.0344
21.309 2 NAVIGATION 5 1 0. 0. 0. 0. 0 0
21.311 2 IMU_ACCEL -9.65625 0.339844 0.363281
21.314 2 ATTITUDE -0.033826 1.535569 0.034376
21.406 2 DL_VALUE 19 0.15
21.414 2 DESIRED 34.91 0. 0. 0. 0. 655. 0. 15.
21.416 2 ATTITUDE -0.033878 1.535532 0.034382
21.453 2 GPS 0 0 0 0 0 0 0 0 0 0 1
21.502 2 WP_MOVED 4 348764.6875 5945795. 660. 12
21.505 2 ATTITUDE -0.033917 1.535512 0.03435
21.614 2 PPRZ_MODE 0 1 2 0 0 17
21.617 2 IMU_MAG 0. 0. 0.
21.619 2 ESTIMATOR 0. 0.
21.626 2 DESIRED 34.91 0. 0. 0. 0. 655. 0. 15.
21.629 2 ATTITUDE -0.033997 1.535524 0.034307
21.681 2 ACTUATORS |1004,1997,1472,1492,1509,1501|
21.709 2 BAT 54 36 0 0 1 9 9 0
21.715 2 GPS 0 0 0 0 0 0 0 0 0 0 1
21.718 2 ATTITUDE -0.033938 1.535519 0.034321
21.781 2 COMMANDS |54,14,0,-9548,-28,9548|
21.800 2 DOWNLINK_STATUS 0 22 16294 719 0 778. 35. -1.40298443151e+12
21.810 2 IMU_GYRO -0.024414 0.008301 -0.018066
21.816 2 DESIRED 34.91 0. 0. 0. 0. 655. 0. 15.
21.819 2 ATTITUDE -0.033855 1.535566 0.03432
21.880 2 FBW_STATUS 0 62 0 36 4
21.898 2 ATTITUDE -0.033792 1.53552 0.034312
21.953 2 GPS 0 0 0 0 0 0 0 0 0 0 1
22.011 2 CALIBRATION 0. 0
22.015 2 WP_MOVED 5 348740. 5945760. 660. 12
22.021 2 DESIRED 34.91 0. 0. 0. 0. 655. 0. 15.
22.025 2 ATTITUDE -0.033857 1.535551 0.034334
22.105 2 IMU_ACCEL -9.646484 0.344727 0.344727
22.107 2 ESTIMATOR 0. 0.
22.110 2 ATTITUDE -0.03363 1.535595 0.034344
22.216 2 GPS 0 0 0 0 0 0 0 0 0 0 1
22.222 2 DESIRED 34.91 0. 0. 0. 0. 655. 0. 15.
22.225 2 ATTITUDE -0.033781 1.535502 0.034281
22.304 2 NAVIGATION 5 1 0. 0. 0. 0. 0 0
22.307 2 ATTITUDE -0.033746 1.535459 0.034304
22.410 2 DOWNLINK 1 740 1005
22.413 2 IMU_GYRO -0.022217 0.008301 -0.016846
22.421 2 DESIRED 34.91 0. 0. 0. 0. 655. 0. 15.
22.423 2 ATTITUDE -0.033775 1.53552 0.034278
22.453 2 GPS 0 0 0 0 0 0 0 0 0 0 1
22.508 2 ALIVE |64,13,209,9,26,106,16,132,68,91,95,208,168,167,148,226|
22.511 2 WP_MOVED 6 348665. 5945815. 660. 12
22.514 2 ATTITUDE -0.033807 1.535494 0.034288
22.608 2 ESTIMATOR 0. 0.
22.614 2 DESIRED 34.91 0. 0. 0. 0. 655. 0. 15.
22.618 2 ATTITUDE -0.0338 1.535468 0.034282
22.639 2 WIND_INFO 2 42 0. 0. 0.
22.707 2 GPS 0 0 0 0 0 0 0 0 0 0 1
22.710 2 ATTITUDE -0.033726 1.535528 0.034283
22.801 2 DOWNLINK_STATUS 0 23 17004 750 0 710. 31. -1.40298443151e+12
22.814 2 GPS_SOL 0 0 0 0
22.817 2 BAT 40 36 0 0 1 10 10 0
22.824 2 DESIRED 34.91 0. 0. 0. 0. 655. 0. 15.
22.827 2 ATTITUDE -0.033813 1.535448 0.034321
22.907 2 DL_VALUE 20 0.01
22.910 2 IMU_MAG 0. 0. 0.
22.913 2 IMU_ACCEL -9.666016 0.330078 0.330078
22.916 2 ATTITUDE -0.033661 1.535564 0.034352
22.953 2 GPS 0 0 0 0 0 0 0 0 0 0 1
23.014 2 IMU_GYRO -0.027588 0.005127 -0.019043
23.018 2 WP_MOVED 7 349065. 5946015. 660. 12
23.024 2 DESIRED 34.91 0. 0. 0. 0. 655. 0. 15.
23.027 2 ATTITUDE -0.033625 1.535486 0.034372
23.100 2 ESTIMATOR 0. 0.
23.103 2 ATTITUDE -0.033789 1.535367 0.034341
23.213 2 STATE_FILTER_STATUS 3 0
23.218 2 GPS 0 0 0 0 0 0 0 0 0 0 1
23.226 2 DESIRED 34.91 0. 0. 0. 0. 655. 0. 15.
23.229 2 ATTITUDE -0.033467 1.535552 0.034376
23.304 2 NAVIGATION 5 1 0. 0. 0. 0. 0 0
23.307 2 ATTITUDE -0.033603 1.53549 0.034383
23.409 2 DESIRED 34.91 0. 0. 0. 0. 655. 0. 15.
23.412 2 ATTITUDE -0.0337 1.535448 0.034372
23.453 2 GPS 0 0 0 0 0 0 0 0 0 0 1
23.506 2 ENERGY 3.7 0.003 0 0.0111
23.510 2 WP_MOVED 0 348907. 5945757. 660. 12
23.513 2 ATTITUDE -0.033566 1.535528 0.034387
23.613 2 IMU_GYRO -0.022217 0.007324 -0.019043
23.615 2 ESTIMATOR 0. 0.
23.622 2 DESIRED 34.91 0. 0. 0. 0. 655. 0. 15.
23.625 2 ATTITUDE -0.033516 1.535416 0.034413
23.709 2 IMU_ACCEL -9.661133 0.320312 0.353516
23.714 2 GPS 0 0 0 0 0 0 0 0 0 0 1
23.718 2 ATTITUDE -0.033623 1.53547 0.034361
23.802 2 DOWNLINK_STATUS 0 24 17768 784 0 764. 34. -1.40298443151e+12
23.809 2 DESIRED 34.91 0. 0. 0. 0. 655. 0. 15.
23.813 2 ATTITUDE -0.033571 1.53541 0.034374
23.879 2 FBW_STATUS 0 64 0 36 3
23.903 2 BAT 40 36 0 0 1 11 11 0
23.906 2 ATTITUDE -0.033517 1.535475 0.034363
23.953 2 GPS 0 0 0 0 0 0 0 0 0 0 1
24.010 2 WP_MOVED 1 348865. 5945715. 660. 12
24.016 2 DESIRED 34.91 0. 0. 0. 0. 655. 0. 15.
24.020 2 ATTITUDE -0.033399 1.535525 0.034412
24.101 2 CALIBRATION 0. 0
24.104 2 ESTIMATOR 0. 0.
24.107 2 ATTITUDE -0.033608 1.535455 0.034407
24.220 2 IMU_MAG 0. 0. 0.
24.223 2 IMU_GYRO -0.019043 0.014893 -0.018066
24.229 2 GPS 0 0 0 0 0 0 0 0 0 0 1
24.236 2 DESIRED 34.91 0. 0. 0. 0. 655. 0. 15.
24.239 2 ATTITUDE -0.033492 1.535444 0.034435
24.304 2 NAVIGATION 5 1 0. 0. 0. 0. 0 0
24.307 2 ATTITUDE -0.033312 1.535618 0.034422
24.407 2 DL_VALUE 21 0.1
24.413 2 DESIRED 34.91 0. 0. 0. 0. 655. 0. 15.
24.417 2 ATTITUDE -0.033509 1.535455 0.034395
24.453 2 GPS 0 0 0 0 0 0 0 0 0 0 1
24.506 2 IMU_ACCEL -9.641602 0.325195 0.320312
24.509 2 WP_MOVED 2 348895. 5945815. 660. 12
24.512 2 ATTITUDE -0.033454 1.535448 0.034416
24.608 2 ESTIMATOR 0. 0.
24.615 2 DESIRED 34.91 0. 0. 0. 0. 655. 0. 15.
24.618 2 ATTITUDE -0.033319 1.53556 0.034447
24.707 2 GPS 0 0 0 0 0 0 0 0 0 0 1
24.711 2 ATTITUDE -0.033463 1.535453 0.034422
24.802 2 DOWNLINK_STATUS 0 25 18476 815 0 708. 31. -1.40298443151e+12
24.812 2 GPS_SOL 0 0 0 0
24.815 2 IMU_GYRO -0.022217 0.009521 -0.018066
24.823 2 DESIRED 34.91 0. 0. 0. 0. 655. 0. 15.
24.825 2 ATTITUDE -0.03339 1.535429 0.034468
24.900 2 ATTITUDE -0.033461 1.535445 0.034427
24.953 2 GPS 0 0 0 0 0 0 0 0 0 0 1
25.015 2 BAT 40 36 0 0 1 12 12 0
25.018 2 WP_MOVED 3 348965.09375 5945786. 660. 12
25.025 2 DESIRED 34.91 0. 0. 0. 0. 655. 0. 15.
25.028 2 ATTITUDE -0.033344 1.535421 0.034497
25.100 2 ESTIMATOR 0. 0.
25.103 2 ATTITUDE -0.033354 1.535432 0.0345
25.215 2 GPS 0 0 0 0 0 0 0 0 0 0 1
25.222 2 DESIRED 34.91 0. 0. 0. 0. 655. 0. 15.
25.225 2 ATTITUDE -0.033391 1.535427 0.034496
25.308 2 NAVIGATION 5 1 0. 0. 0. 0. 0 0
25.312 2 IMU_ACCEL -9.641602 0.330078 0.358398
25.315 2 ATTITUDE -0.033408 1.535409 0.034483
25.409 2 STATE_FILTER_STATUS 3 0
25.412 2 IMU_GYRO -0.02124 0.008301 -0.018066
25.420 2 DESIRED 34.91 0. 0. 0. 0. 655. 0. 15.
25.422 2 ATTITUDE -0.033411 1.535424 0.034495
25.454 2 GPS 0 0 0 0 0 0 0 0 0 0 1
25.505 2 IMU_MAG 0. 0. 0.
25.510 2 WP_MOVED 4 348764.6875 5945795. 660. 12
25.512 2 ATTITUDE -0.033456 1.53538 0.034546
25.607 2 ESTIMATOR 0. 0.
25.614 2 DESIRED 34.91 0. 0. 0. 0. 655. 0. 15.
25.617 2 ATTITUDE -0.033412 1.535429 0.034511
25.707 2 GPS 0 0 0 0 0 0 0 0 0 0 1
25.710 2 ATTITUDE -0.033395 1.535427 0.034507
25.803 2 DOWNLINK_STATUS 0 26 19191 846 0 715. 31. -1.40298443651e+12
25.809 2 DESIRED 34.91 0. 0. 0. 0. 655. 0. 15.
25.812 2 ATTITUDE -0.033387 1.535407 0.034586
25.879 2 FBW_STATUS 0 59 0 37 3
25.904 2 ENERGY 3.6 0.003 0 0.0108
25.906 2 DL_VALUE 22 0.
25.909 2 ATTITUDE -0.033408 1.535419 0.034563
25.953 2 GPS 0 0 0 0 0 0 0 0 0 0 1
26.014 2 IMU_GYRO -0.024414 0.007324 -0.018066
26.017 2 WP_MOVED 5 348740. 5945760. 660. 12
26.024 2 DESIRED 34.91 0. 0. 0. 0. 655. 0. 15.
26.027 2 ATTITUDE -0.033331 1.535403 0.034528
26.109 2 BAT 40 37 0 0 1 13 13 0
26.112 2 IMU_ACCEL -9.646484 0.339844 0.330078
26.115 2 ESTIMATOR 0. 0.
26.118 2 ATTITUDE -0.033368 1.535378 0.034505
26.213 2 CALIBRATION 0. 0
26.220 2 GPS 0 0 0 0 0 0 0 0 0 0 1
26.226 2 DESIRED 34.91 0. 0. 0. 0. 655. 0. 15.
26.229 2 ATTITUDE -0.033399 1.535375 0.034504
26.305 2 NAVIGATION 5 1 0. 0. 0. 0. 0 0
26.307 2 ATTITUDE -0.033359 1.535339 0.034447
26.409 2 DESIRED 34.91 0. 0. 0. 0. 655. 0. 15.
26.412 2 ATTITUDE -0.033401 1.535371 0.034411
26.453 2 GPS 0 0 0 0 0 0 0 0 0 0 1
26.503 2 PPRZ_MODE 0 1 2 0 0 17
26.506 2 WP_MOVED 6 348665. 5945815. 660. 12
26.509 2 ATTITUDE -0.03343 1.53537 0.034383
26.612 2 IMU_GYRO -0.023193 0.012695 -0.016846
26.615 2 ESTIMATOR 0. 0.
26.621 2 DESIRED 34.91 0. 0. 0. 0. 655. 0. 15.
26.624 2 ATTITUDE -0.033398 1.535347 0.034432
26.681 2 ACTUATORS |1004,1997,1472,1492,1509,1501|
26.707 2 GPS 0 0 0 0 0 0 0 0 0 0 1
26.710 2 ATTITUDE -0.033381 1.535329 0.034445
26.781 2 COMMANDS |40,14,0,-9548,-28,9548|
26.804 2 DOWNLINK_STATUS 0 27 19969 881 0 778. 35. -1.40298443651e+12
26.813 2 GPS_SOL 0 0 0 0
26.816 2 IMU_MAG 0. 0. 0.
26.823 2 DESIRED 34.91 0. 0. 0. 0. 655. 0. 15.
26.826 2 ATTITUDE -0.033308 1.535309 0.034404
26.902 2 IMU_ACCEL -9.65625 0.31543 0.334961
26.905 2 ATTITUDE -0.033279 1.535338 0.034445
26.946 2 GPS 0 0 0 0 0 0 0 0 0 0 1
27.010 2 WP_MOVED 7 349065. 5946015. 660. 12
27.017 2 DESIRED 34.91 0. 0. 0. 0. 655. 0. 15.
27.020 2 ATTITUDE -0.033268 1.535336 0.034468
27.099 2 ESTIMATOR 0. 0.
27.103 2 ATTITUDE -0.033352 1.535294 0.034466
27.226 2 BAT 54 37 0 0 1 14 14 0
27.229 2 IMU_GYRO -0.02124 0.013672 -0.018066
27.235 2 GPS 0 0 0 0 0 0 0 0 0 0 1
27.241 2 DESIRED 34.91 0. 0. 0. 0. 655. 0. 15.
27.245 2 ATTITUDE -0.033343 1.535321 0.034456
27.304 2 NAVIGATION 5 1 0. 0. 0. 0. 0 0
27.307 2 ATTITUDE -0.033227 1.535312 0.034442
27.406 2 DL_VALUE 23 0.05
27.413 2 DESIRED 34.91 0. 0. 0. 0. 655. 0. 15.
27.416 2 ATTITUDE -0.033271 1.535217 0.034412
27.453 2 GPS 0 0 0 0 0 0 0 0 0 0 1
27.502 2 DOWNLINK 1 746 1172
27.506 2 WP_MOVED 0 348907. 5945757. 660. 12
27.509 2 ATTITUDE -0.033201 1.535264 0.034467
27.616 2 ALIVE |64,13,209,9,26,106,16,132,68,91,95,208,168,167,148,226|
27.618 2 STATE_FILTER_STATUS 3 0
27.620 2 ESTIMATOR 0. 0.
27.627 2 DESIRED 34.91 0. 0. 0. 0. 655. 0. 15.
27.630 2 ATTITUDE -0.033218 1.53528 0.034456
27.712 2 NAVIGATION_REF 348865 5945715 12 605.
27.716 2 IMU_ACCEL -9.661133 0.31543 0.37793
27.721 2 GPS 0 0 0 0 0 0 0 0 0 0 1
27.724 2 ATTITUDE -0.033157 1.535276 0.034448
27.805 2 DOWNLINK_STATUS 0 28 20748 916 0 779. 35. -1.40298443651e+12
27.809 2 IMU_GYRO -0.023193 0.012695 -0.016846
27.816 2 DESIRED 34.91 0. 0. 0. 0. 655. 0. 15.
27.819 2 ATTITUDE -0.033256 1.535292 0.034375
27.879 2 FBW_STATUS 0 57 0 37 3
27.903 2 ATTITUDE -0.033225 1.535289 0.03442
27.953 2 GPS 0 0 0 0 0 0 0 0 0 0 1
28.011 2 WP_MOVED 1 348865. 5945715. 660. 12
28.017 2 DESIRED 34.91 0. 0. 0. 0. 655. 0. 15.
28.019 2 ATTITUDE -0.033159 1.53532 0.034425
28.104 2 IMU_MAG 0. 0. 0.
28.106 2 ESTIMATOR 0. 0.
28.109 2 ATTITUDE -0.03315 1.53528 0.034472
28.215 2 GPS 0 0 0 0 0 0 0 0 0 0 1
28.221 2 DESIRED 34.91 0. 0. 0. 0. 655. 0. 15.
28.224 2 ATTITUDE -0.032988 1.535203 0.034543
28.314 2 ENERGY 3.6 0.003 0 0.0108
28.316 2 CALIBRATION 0. 0
28.320 2 BAT 40 36 0 0 1 15 15 0
28.324 2 NAVIGATION 5 1 0. 0. 0. 0. 0 0
28.327 2 ATTITUDE -0.033049 1.535324 0.034531
28.409 2 IMU_GYRO -0.023193 0.005127 -0.019043
28.416 2 DESIRED 34.91 0. 0. 0. 0. 655. 0. 15.
28.419 2 ATTITUDE -0.032962 1.535262 0.034517
28.453 2 GPS 0 0 0 0 0 0 0 0 0 0 1
28.506 2 IMU_ACCEL -9.661133 0.31543 0.344727
28.509 2 WP_MOVED 2 348895. 5945815. 660. 12
28.512 2 ATTITUDE -0.033403 1.535313 0.03442
28.608 2 ESTIMATOR 0. 0.
28.614 2 DESIRED 34.91 0. 0. 0. 0. 655. 0. 15.
28.618 2 ATTITUDE -0.032927 1.535325 0.034501
28.707 2 GPS 0 0 0 0 0 0 0 0 0 0 1
28.710 2 ATTITUDE -0.033041 1.535321 0.034478
28.805 2 DOWNLINK_STATUS 0 29 21483 948 0 735. 32. -1.40298443651e+12
28.808 2 GPS_SOL 0 0 0 0
28.816 2 DESIRED 34.91 0. 0. 0. 0. 655. 0. 15.
28.818 2 ATTITUDE -0.033023 1.535332 0.034481
28.903 2 DL_VALUE 24 0.
28.903 2 ATTITUDE -0.033127 1.535433 0.034408
28.953 2 GPS 0 0 0 0 0 0 0 0 0 0 1
29.013 2 IMU_GYRO -0.023193 0.012695 -0.016846
29.017 2 WP_MOVED 3 348965.09375 5945786. 660. 12
29.023 2 DESIRED 34.91 0. 0. 0. 0. 655. 0. 15.
29.026 2 ATTITUDE -0.033126 1.535361 0.034414
29.099 2 ESTIMATOR 0. 0.
29.102 2 ATTITUDE -0.033191 1.53541 0.034388
29.215 2 GPS 0 0 0 0 0 0 0 0 0 0 1
29.221 2 DESIRED 34.91 0. 0. 0. 0. 655. 0. 15.
29.225 2 ATTITUDE -0.033286 1.535384 0.034376
29.308 2 NAVIGATION 5 1 0. 0. 0. 0. 0 0
29.311 2 IMU_ACCEL -9.651367 0.344727 0.344727
29.314 2 ATTITUDE -0.033058 1.535383 0.034382
29.414 2 IMU_MAG 0. 0. 0.
29.416 2 BAT 40 36 0 0 1 16 16 0
29.424 2 DESIRED 34.91 0. 0. 0. 0. 655. 0. 15.
29.427 2 ATTITUDE -0.033132 1.535425 0.034397
29.453 2 GPS 0 0 0 0 0 0 0 0 0 0 1
29.502 2 WP_MOVED 4 348764.6875 5945795. 660. 12
29.505 2 ATTITUDE -0.033025 1.535418 0.034461
29.612 2 IMU_GYRO -0.022217 0.012695 -0.018066
29.614 2 ESTIMATOR 0. 0.
29.622 2 DESIRED 34.91 0. 0. 0. 0. 655. 0. 15.
29.624 2 ATTITUDE -0.033065 1.53536 0.034447
29.706 2 GPS 0 0 0 0 0 0 0 0 0 0 1
29.709 2 ATTITUDE -0.033006 1.535388 0.034434
29.805 2 STATE_FILTER_STATUS 3 0
29.806 2 DOWNLINK_STATUS 0 30 22209 980 0 726. 32. -1.40298443651e+12
29.812 2 DESIRED 34.91 0. 0. 0. 0. 655. 0. 15.
29.815 2 ATTITUDE -0.032966 1.535484 0.034432
29.879 2 FBW_STATUS 0 61 0 37 3
29.905 2 ATTITUDE -0.032969 1.535375 0.034478
29.953 2 GPS 0 0 0 0 0 0 0 0 0 0 1
30.010 2 WP_MOVED 5 348740. 5945760. 660. 12
30.016 2 DESIRED 34.91 0. 0. 0. 0. 655. 0. 15.
30.020 2 ATTITUDE -0.033092 1.535299 0.034513
30.104 2 IMU_ACCEL -9.666016 0.353516 0.320312
30.106 2 ESTIMATOR 0. 0.
30.109 2 ATTITUDE -0.033087 1.535329 0.034514
30.216 2 IMU_GYRO -0.022217 0.009521 -0.018066
30.222 2 GPS 0 0 0 0 0 0 0 0 0 0 1
30.229 2 DESIRED 34.91 0. 0. 0. 0. 655. 0. 15.
30.232 2 ATTITUDE -0.032967 1.535307 0.03452
30.304 2 NAVIGATION 5 1 0. 0. 0. 0. 0 0
30.308 2 ATTITUDE -0.032983 1.535281 0.034498
30.409 2 CALIBRATION 0. 0
30.410 2 DL_VALUE 25 1.000074
30.418 2 DESIRED 34.91 0. 0. 0. 0. 655. 0. 15.
30.420 2 ATTITUDE -0.032947 1.535361 0.034504
30.452 2 GPS 0 0 0 0 0 0 0 0 0 0 1
30.506 2 BAT 54 37 0 0 1 17 17 0
30.509 2 WP_MOVED 6 348665. 5945815. 660. 12
30.513 2 ATTITUDE -0.032874 1.535279 0.03449
30.608 2 ESTIMATOR 0. 0.
30.614 2 DESIRED 34.91 0. 0. 0. 0. 655. 0. 15.
30.617 2 ATTITUDE -0.032848 1.535184 0.034473
30.712 2 ENERGY 3.7 0.003 0 0.0111
30.715 2 IMU_MAG 0. 0. 0.
30.721 2 GPS 0 0 0 0 0 0 0 0 0 0 1
30.724 2 ATTITUDE -0.032771 1.535161 0.034495
30.807 2 DOWNLINK_STATUS 0 31 22937 1012 0 728. 32. -1.40298444151e+12
30.812 2 GPS_SOL 0 0 0 0
30.816 2 IMU_GYRO -0.02002 0.012695 -0.018066
30.822 2 DESIRED 34.91 0. 0. 0. 0. 655. 0. 15.
30.825 2 ATTITUDE -0.032716 1.535159 0.034531
30.904 2 IMU_ACCEL -9.651367 0.310547 0.339844
30.904 2 ATTITUDE -0.032658 1.535158 0.034506
30.953 2 GPS 0 0 0 0 0 0 0 0 0 0 1
31.010 2 WP_MOVED 7 349065. 5946015. 660. 12
31.017 2 DESIRED 34.91 0. 0. 0. 0. 655. 0. 15.
31.020 2 ATTITUDE -0.032721 1.535185 0.03451
31.100 2 ESTIMATOR 0. 0.
31.103 2 ATTITUDE -0.032703 1.535164 0.034501
31.215 2 GPS 0 0 0 0 0 0 0 0 0 0 1
31.222 2 DESIRED 34.91 0. 0. 0. 0. 655. 0. 15.
31.224 2 ATTITUDE -0.032694 1.535179 0.034486
31.303 2 NAVIGATION 5 1 0. 0. 0. 0. 0 0
31.307 2 ATTITUDE -0.032781 1.535195 0.034448
31.410 2 PPRZ_MODE 0 1 2 0 0 17
31.413 2 IMU_GYRO -0.022217 0.010498 -0.018066
31.421 2 DESIRED 34.91 0. 0. 0. 0. 655. 0. 15.
31.423 2 ATTITUDE -0.032734 1.535162 0.034431
31.453 2 GPS 0 0 0 0 0 0 0 0 0 0 1
31.501 2 WP_MOVED 0 348907. 5945757. 660. 12
31.505 2 ATTITUDE -0.03261 1.535227 0.034398
31.613 2 BAT 40 36 0 0 1 18 18 0
31.615 2 ESTIMATOR 0. 0.
31.622 2 DESIRED 34.91 0. 0. 0. 0. 655. 0. 15.
31.625 2 ATTITUDE -0.032682 1.535195 0.034424
31.681 2 ACTUATORS |1005,1997,1472,1492,1509,1501|
31.708 2 IMU_ACCEL -9.666016 0.353516 0.291992
31.714 2 GPS 0 0 0 0 0 0 0 0 0 0 1
31.717 2 ATTITUDE -0.032655 1.535206 0.034441
31.781 2 COMMANDS |54,14,0,-9548,-28,9548|
31.808 2 DOWNLINK_STATUS 0 32 23693 1045 0 756. 33. -1.40298444151e+12
31.809 2 DESIRED 34.91 0. 0. 0. 0. 655. 0. 15.
31.812 2 ATTITUDE -0.032716 1.535144 0.034414
31.879 2 FBW_STATUS 0 57 0 37 4
31.908 2 DL_VALUE 26 0.298451
31.908 2 ATTITUDE -0.032853 1.535101 0.034427
31.953 2 GPS 0 0 0 0 0 0 0 0 0 0 1
32.017 2 STATE_FILTER_STATUS 3 0
32.021 2 IMU_MAG 0. 0. 0.
32.023 2 IMU_GYRO -0.02124 0.013672 -0.016846
32.027 2 WP_MOVED 1 348865. 5945715. 660. 12
32.034 2 DESIRED 34.91 0. 0. 0. 0. 655. 0. 15.
32.036 2 ATTITUDE -0.032766 1.535078 0.034451
32.099 2 ESTIMATOR 0. 0.
32.102 2 ATTITUDE -0.032745 1.535159 0.034407
32.214 2 GPS 0 0 0 0 0 0 0 0 0 0 1
32.222 2 DESIRED 34.91 0. 0. 0. 0. 655. 0. 15.
32.224 2 ATTITUDE -0.032794 1.535118 0.034406
32.304 2 NAVIGATION 5 1 0. 0. 0. 0. 0 0
32.307 2 ATTITUDE -0.032829 1.535074 0.034416
32.408 2 DESIRED 34.91 0. 0. 0. 0. 655. 0. 15.
32.412 2 ATTITUDE -0.03276 1.535122 0.034389
32.453 2 GPS 0 0 0 0 0 0 0 0 0 0 1
32.506 2 CALIBRATION 0. 0
32.509 2 IMU_ACCEL -9.65625 0.334961 0.382812
32.513 2 WP_MOVED 2 348895. 5945815. 660. 12
32.516 2 ATTITUDE -0.032793 1.535111 0.034416
32.613 2 DOWNLINK 1 737 1339
32.616 2 IMU_GYRO -0.023193 0.008301 -0.019043
32.619 2 ESTIMATOR 0. 0.
32.625 2 DESIRED 34.91 0. 0. 0. 0. 655. 0. 15.
32.629 2 ATTITUDE -0.032796 1.535122 0.034381
32.639 2 WIND_INFO 2 42 0. 0. 0.
32.714 2 ALIVE |64,13,209,9,26,106,16,132,68,91,95,208,168,167,148,226|
32.718 2 BAT 54 37 0 0 1 20 20 0
32.724 2 GPS 0 0 0 0 0 0 0 0 0 0 1
32.727 2 ATTITUDE -0.032892 1.535134 0.03433
32.809 2 GPS_SOL 0 0 0 0
32.809 2 DOWNLINK_STATUS 0 33 24479 1081 0 786. 36. -1.40298444151e+12
32.816 2 DESIRED 34.91 0. 0. 0. 0. 655. 0. 15.
32.818 2 ATTITUDE -0.032815 1.535166 0.034299
32.907 2 ATTITUDE -0.032864 1.535191 0.034356
32.952 2 GPS 0 0 0 0 0 0 0 0 0 0 1
33.009 2 WP_MOVED 3 348965.09375 5945786. 660. 12
33.016 2 DESIRED 34.91 0. 0. 0. 0. 655. 0. 15.
33.019 2 ATTITUDE -0.032769 1.5352 0.034397
33.104 2 ENERGY 3.6 0.003 0 0.0108
33.107 2 ESTIMATOR 0. 0.
33.110 2 ATTITUDE -0.032753 1.535194 0.034389
33.216 2 IMU_GYRO -0.022217 0.010498 -0.016846
33.221 2 GPS 0 0 0 0 0 0 0 0 0 0 1
33.228 2 DESIRED 34.91 0. 0. 0. 0. 655. 0. 15.
33.231 2 ATTITUDE -0.032803 1.535171 0.034399
33.310 2 IMU_MAG 0. 0. 0.
33.315 2 NAVIGATION 5 1 0. 0. 0. 0. 0 0
33.318 2 IMU_ACCEL -9.680664 0.320312 0.363281
33.321 2 ATTITUDE -0.032746 1.535161 0.034431
33.409 2 DL_VALUE 27 1.
33.413 2 DESIRED 34.91 0. 0. 0. 0. 655. 0. 15.
33.416 2 ATTITUDE -0.032731 1.535158 0.034443
33.453 2 GPS 0 0 0 0 0 0 0 0 0 0 1
33.502 2 WP_MOVED 4 348764.6875 5945795. 660. 12
33.505 2 ATTITUDE -0.032767 1.535103 0.034453
33.608 2 ESTIMATOR 0. 0.
33.614 2 DESIRED 34.91 0. 0. 0. 0. 655. 0. 15.
33.616 2 ATTITUDE -0.032764 1.535155 0.03444
33.706 2 GPS 0 0 0 0 0 0 0 0 0 0 1
33.709 2 ATTITUDE -0.032796 1.535185 0.034449
33.809 2 DOWNLINK_STATUS 0 34 25160 1110 0 681. 29. -1.40298444151e+12
33.814 2 BAT 40 37 0 0 1 21 21 0
33.817 2 IMU_GYRO -0.022217 0.009521 -0.016846
33.823 2 DESIRED 34.91 0. 0. 0. 0. 655. 0. 15.
33.827 2 ATTITUDE -0.032844 1.535255 0.034385
33.917 2 FBW_STATUS 0 58 0 37 3
33.934 2 ATTITUDE -0.032785 1.535266 0.034379
33.954 2 GPS 0 0 0 0 0 0 0 0 0 0 1
34.009 2 WP_MOVED 5 348740. 5945760. 660. 12
34.016 2 DESIRED 34.91 0. 0. 0. 0. 655. 0. 15.
34.019 2 ATTITUDE -0.032773 1.535297 0.034386
34.104 2 IMU_ACCEL -9.65625 0.339844 0.363281
34.106 2 ESTIMATOR 0. 0.
34.109 2 ATTITUDE -0.032888 1.535294 0.034381
34.212 2 STATE_FILTER_STATUS 3 0
34.218 2 GPS 0 0 0 0 0 0 0 0 0 0 1
34.225 2 DESIRED 34.91 0. 0. 0. 0. 655. 0. 15.
34.228 2 ATTITUDE -0.03291 1.53529 0.034333
34.304 2 NAVIGATION 5 1 0. 0. 0. 0. 0 0
34.307 2 ATTITUDE -0.032849 1.535289 0.034324
34.409 2 IMU_GYRO -0.024414 0.008301 -0.018066
34.415 2 DESIRED 34.91 0. 0. 0. 0. 655. 0. 15.
34.418 2 ATTITUDE -0.032932 1.535321 0.034293
34.453 2 GPS 0 0 0 0 0 0 0 0 0 0 1
34.502 2 WP_MOVED 6 348665. 5945815. 660. 12
34.504 2 ATTITUDE -0.032757 1.535242 0.0343
34.612 2 CALIBRATION 0. 0
34.616 2 IMU_MAG 0. 0. 0.
34.618 2 ESTIMATOR 0. 0.
34.625 2 DESIRED 34.91 0. 0. 0. 0. 655. 0. 15.
34.628 2 ATTITUDE -0.032864 1.535252 0.034308
34.706 2 GPS 0 0 0 0 0 0 0 0 0 0 1
34.709 2 ATTITUDE -0.032788 1.53532 0.034303
34.808 2 GPS_SOL 0 0 0 0
34.810 2 DOWNLINK_STATUS 0 35 25901 1143 0 741. 33. -1.40298444151e+12
34.815 2 DESIRED 34.91 0. 0. 0. 0. 655. 0. 15.
34.818 2 ATTITUDE -0.032947 1.53528 0.034254
34.911 2 DL_VALUE 28 0.
34.911 2 BAT 54 37 0 0 1 22 22 0
34.913 2 IMU_ACCEL -9.641602 0.363281 0.31543
34.916 2 ATTITUDE -0.032923 1.535257 0.034288
34.953 2 GPS 0 0 0 0 0 0 0 0 0 0 1
35.013 2 IMU_GYRO -0.023193 0.008301 -0.019043
35.017 2 WP_MOVED 7 349065. 5946015. 660. 12
35.023 2 DESIRED 34.91 0. 0. 0. 0. 655. 0. 15.
35.026 2 ATTITUDE -0.032936 1.535284 0.034263
35.099 2 ESTIMATOR 0. 0.
35.102 2 ATTITUDE -0.032892 1.535241 0.034265
35.215 2 GPS 0 0 0 0 0 0 0 0 0 0 1
35.222 2 DESIRED 34.91 0. 0. 0. 0. 655. 0. 15.
35.224 2 ATTITUDE -0.032899 1.535272 0.034257
35.304 2 NAVIGATION 5 1 0. 0. 0. 0. 0 0
35.306 2 ATTITUDE -0.03279 1.535246 0.03424
35.412 2 DESIRED 34.91 0. 0. 0. 0. 655. 0. 15.
35.413 2 ATTITUDE -0.032991 1.535189 0.034185
35.452 2 GPS 0 0 0 0 0 0 0 0 0 0 1
35.505 2 ENERGY 3.6 0.003 0 0.0108
35.509 2 WP_MOVED 0 348907. 5945757. 660. 12
35.512 2 ATTITUDE -0.032895 1.535146 0.034221
35.612 2 IMU_GYRO -0.022217 0.009521 -0.018066
35.614 2 ESTIMATOR 0. 0.
35.621 2 DESIRED 34.91 0. 0. 0. 0. 655. 0. 15.
35.624 2 ATTITUDE -0.033007 1.535215 0.034157
35.708 2 IMU_ACCEL -9.670898 0.325195 0.320312
35.713 2 GPS 0 0 0 0 0 0 0 0 0 0 1
35.716 2 ATTITUDE -0.032988 1.535189 0.034155
35.808 2 DESIRED 34.91 0. 0. 0. 0. 655. 0. 15.
35.811 2 ATTITUDE -0.032915 1.535221 0.034136
35.812 2 DOWNLINK_STATUS 0 36 26677 1176 0 776. 33. -1.40298444651e+12
35.879 2 FBW_STATUS 0 56 0 37 3
35.909 2 IMU_MAG 0. 0. 0.
35.909 2 ATTITUDE -0.032981 1.53522 0.034111
35.953 2 GPS 0 0 0 0 0 0 0 0 0 0 1
36.014 2 BAT 40 36 0 0 1 23 23 0
36.018 2 WP_MOVED 1 348865. 5945715. 660. 12
36.024 2 DESIRED 34.91 0. 0. 0. 0. 655. 0. 15.
36.028 2 ATTITUDE -0.03296 1.53523 0.034106
36.099 2 ESTIMATOR 0. 0.
36.103 2 ATTITUDE -0.033002 1.535244 0.034091
36.215 2 IMU_GYRO -0.025391 0.007324 -0.018066
36.221 2 GPS 0 0 0 0 0 0 0 0 0 0 1
36.229 2 DESIRED 34.91 0. 0. 0. 0. 655. 0. 15.
36.231 2 ATTITUDE -0.032923 1.535255 0.034091
36.303 2 PPRZ_MODE 0 1 2 0 0 17
36.308 2 NAVIGATION 5 1 0. 0. 0. 0. 0 0
36.311 2 ATTITUDE -0.032997 1.53518 0.034098
36.411 2 STATE_FILTER_STATUS 3 0
36.412 2 DL_VALUE 29 100.
36.416 2 DESIRED 34.91 0. 0. 0. 0. 655. 0. 15.
36.419 2 ATTITUDE -0.032906 1.53521 0.034123
36.452 2 GPS 0 0 0 0 0 0 0 0 0 0 1
36.505 2 IMU_ACCEL -9.68457 0.344727 0.353516
36.508 2 WP_MOVED 2 348895. 5945815. 660. 12
36.511 2 ATTITUDE -0.032972 1.535226 0.034074
36.607 2 ESTIMATOR 0. 0.
36.614 2 DESIRED 34.91 0. 0. 0. 0. 655. 0. 15.
36.617 2 ATTITUDE -0.033013 1.535223 0.034126
36.680 2 ACTUATORS |1005,1997,1472,1492,1509,1501|
36.710 2 NAVIGATION_REF 348865 5945715 12 605.
36.712 2 CALIBRATION 0. 0
36.718 2 GPS 0 0 0 0 0 0 0 0 0 0 1
36.721 2 ATTITUDE -0.032944 1.535145 0.034093
36.780 2 COMMANDS |54,14,0,-9548,-28,9548|
36.812 2 GPS_SOL 0 0 0 0
36.812 2 DOWNLINK_STATUS 0 37 27424 1211 0 747. 35. -1.40298444651e+12
36.815 2 IMU_GYRO -0.022217 0.010498 -0.018066
36.822 2 DESIRED 34.91 0. 0. 0. 0. 655. 0. 15.
36.825 2 ATTITUDE -0.033111 1.535192 0.034086
36.897 2 ATTITUDE -0.032919 1.53517 0.034112
36.951 2 GPS 0 0 0 0 0 0 0 0 0 0 1
37.010 2 WP_MOVED 3 348965.09375 5945786. 660. 12
37.016 2 DESIRED 34.91 0. 0. 0. 0. 655. 0. 15.
37.019 2 ATTITUDE -0.03296 1.535284 0.034066
37.104 2 BAT 54 36 0 0 1 24 24 0
37.107 2 ESTIMATOR 0. 0.
37.110 2 ATTITUDE -0.033029 1.535138 0.034114
37.228 2 IMU_MAG 0. 0. 0.
37.234 2 GPS 0 0 0 0 0 0 0 0 0 0 1
37.241 2 DESIRED 34.91 0. 0. 0. 0. 655. 0. 15.
37.244 2 ATTITUDE -0.033121 1.535235 0.034102
37.307 2 NAVIGATION 5 1 0. 0. 0. 0. 0 0
37.310 2 IMU_ACCEL -9.680664 0.353516 0.325195
37.314 2 ATTITUDE -0.032811 1.535313 0.034164
37.411 2 IMU_GYRO -0.022217 0.007324 -0.018066
37.415 2 DESIRED 34.91 0. 0. 0. 0. 655. 0. 15.
37.418 2 ATTITUDE -0.033027 1.535219 0.034126
37.452 2 GPS 0 0 0 0 0 0 0 0 0 0 1
37.501 2 WP_MOVED 4 348764.6875 5945795. 660. 12
37.505 2 ATTITUDE -0.033184 1.535266 0.034107
37.607 2 ESTIMATOR 0. 0.
37.614 2 DESIRED 34.91 0. 0. 0. 0. 655. 0. 15.
37.617 2 ATTITUDE -0.033128 1.535279 0.03413
37.704 2 DOWNLINK 1 743 1506
37.711 2 GPS 0 0 0 0 0 0 0 0 0 0 1
37.714 2 ATTITUDE -0.033088 1.535277 0.034134
37.811 2 ALIVE |64,13,209,9,26,106,16,132,68,91,95,208,168,167,148,226|
37.813 2 DOWNLINK_STATUS 0 38 28147 1242 0 723. 31. -1.40298444651e+12
37.818 2 DESIRED 34.91 0. 0. 0. 0. 655. 0. 15.
37.820 2 ATTITUDE -0.033083 1.535308 0.034124
37.878 2 FBW_STATUS 0 62 0 37 3
37.912 2 ENERGY 3.7 0.003 0 0.0111
37.912 2 DL_VALUE 30 0.
37.913 2 ATTITUDE -0.033386 1.535176 0.034112
37.952 2 GPS 0 0 0 0 0 0 0 0 0 0 1
38.013 2 IMU_GYRO -0.019043 0.011475 -0.018066
38.016 2 WP_MOVED 5 348740. 5945760. 660. 12
38.023 2 DESIRED 34.91 0. 0. 0. 0. 655. 0. 15.
38.026 2 ATTITUDE -0.033293 1.535186 0.034132
38.103 2 IMU_ACCEL -9.65625 0.353516 0.363281
38.106 2 ESTIMATOR 0. 0.
38.109 2 ATTITUDE -0.03312 1.535321 0.034173
38.217 2 BAT 40 36 0 0 1 25 25 0
38.222 2 GPS 0 0 0 0 0 0 0 0 0 0 1
38.229 2 DESIRED 34.91 0. 0. 0. 0. 655. 0. 15.
38.232 2 ATTITUDE -0.033161 1.535231 0.034176
38.304 2 NAVIGATION 5 1 0. 0. 0. 0. 0 0
38.307 2 ATTITUDE -0.033318 1.535221 0.034171
38.415 2 DESIRED 34.91 0. 0. 0. 0. 655. 0. 15.
38.415 2 ATTITUDE -0.0333 1.535325 0.034173
38.452 2 GPS 0 0 0 0 0 0 0 0 0 0 1
38.505 2 IMU_MAG 0. 0. 0.
38.508 2 WP_MOVED 6 348665. 5945815. 660. 12
38.512 2 ATTITUDE -0.033207 1.535298 0.03419
38.611 2 STATE_FILTER_STATUS 3 0
38.614 2 IMU_GYRO -0.019043 0.014893 -0.018066
38.617 2 ESTIMATOR 0. 0.
38.624 2 DESIRED 34.91 0. 0. 0. 0. 655. 0. 15.
38.626 2 ATTITUDE -0.0334 1.53533 0.034167
38.707 2 GPS 0 0 0 0 0 0 0 0 0 0 1
38.709 2 ATTITUDE -0.033271 1.535414 0.034171
38.809 2 CALIBRATION 0. 0
38.812 2 GPS_SOL 0 0 0 0
38.813 2 DOWNLINK_STATUS 0 39 28919 1277 0 772. 35. -1.40298444651e+12
38.819 2 DESIRED 34.91 0. 0. 0. 0. 655. 0. 15.
38.822 2 ATTITUDE -0.033185 1.535429 0.034199
38.900 2 IMU_ACCEL -9.666016 0.320312 0.368164
38.910 2 ATTITUDE -0.033241 1.535419 0.034167
38.952 2 GPS 0 0 0 0 0 0 0 0 0 0 1
39.009 2 WP_MOVED 7 349065. 5946015. 660. 12
39.016 2 DESIRED 34.91 0. 0. 0. 0. 655. 0. 15.
39.019 2 ATTITUDE -0.033172 1.535381 0.03418
39.099 2 ESTIMATOR 0. 0.
39.102 2 ATTITUDE -0.033226 1.535424 0.034155
39.216 2 IMU_GYRO -0.02124 0.00415 -0.019043
39.221 2 GPS 0 0 0 0 0 0 0 0 0 0 1
39.228 2 DESIRED 34.91 0. 0. 0. 0. 655. 0. 15.
39.231 2 ATTITUDE -0.033105 1.535348 0.034188
39.307 2 BAT 40 37 0 0 1 26 26 0
39.312 2 NAVIGATION 5 1 0. 0. 0. 0. 0 0
39.315 2 ATTITUDE -0.03323 1.535431 0.034175
39.412 2 DL_VALUE 31 2.
39.413 2 DESIRED 34.91 0. 0. 0. 0. 655. 0. 15.
39.415 2 ATTITUDE -0.03301 1.535391 0.03421
39.453 2 GPS 0 0 0 0 0 0 0 0 0 0 1
39.501 2 WP_MOVED 0 348907. 5945757. 660. 12
39.504 2 ATTITUDE -0.033022 1.535361 0.034232
39.607 2 ESTIMATOR 0. 0.
39.613 2 DESIRED 34.91 0. 0. 0. 0. 655. 0. 15.
39.616 2 ATTITUDE -0.033182 1.535393 0.034184
39.707 2 IMU_ACCEL -9.646484 0.358398 0.368164
39.713 2 GPS 0 0 0 0 0 0 0 0 0 0 1
39.716 2 ATTITUDE -0.033064 1.535317 0.034201
39.812 2 IMU_MAG 0. 0. 0.
39.813 2 DOWNLINK_STATUS 0 40 29619 1307 0 700. 30. -1.40298444651e+12
39.815 2 IMU_GYRO -0.02124 0.003174 -0.019043
39.822 2 DESIRED 34.91 0. 0. 0. 0. 655. 0. 15.
39.825 2 ATTITUDE -0.033086 1.535364 0.034231
39.878 2 FBW_STATUS 0 56 0 37 3
39.896 2 ATTITUDE -0.033199 1.535409 0.03419
39.952 2 GPS 0 0 0 0 0 0 0 0 0 0 1
40.009 2 WP_MOVED 1 348865. 5945715. 660. 12
40.016 2 DESIRED 34.91 0. 0. 0. 0. 655. 0. 15.
40.019 2 ATTITUDE -0.033125 1.535301 0.034208
40.099 2 ESTIMATOR 0. 0.
40.102 2 ATTITUDE -0.033217 1.535313 0.034162
40.215 2 GPS 0 0 0 0 0 0 0 0 0 0 1
40.221 2 DESIRED 34.91 0. 0. 0. 0. 655. 0. 15.
40.223 2 ATTITUDE -0.033104 1.535304 0.034161
40.306 2 ENERGY 3.7 0.003 0 0.0111
40.311 2 NAVIGATION 5 1 0. 0. 0. 0. 0 0
40.314 2 ATTITUDE -0.033109 1.535261 0.034147
40.413 2 BAT 54 37 0 0 1 27 27 0
40.416 2 IMU_GYRO -0.023193 0.006348 -0.016846
40.423 2 DESIRED 34.91 0. 0. 0. 0. 655. 0. 15.
40.426 2 ATTITUDE -0.03304 1.535329 0.034109
40.452 2 GPS 0 0 0 0 0 0 0 0 0 0 1
40.504 2 IMU_ACCEL -9.68457 0.349609 0.368164
40.508 2 WP_MOVED 2 348895. 5945815. 660. 12
40.511 2 ATTITUDE -0.033135 1.53527 0.034107
40.607 2 ESTIMATOR 0. 0.
40.613 2 DESIRED 34.91 0. 0. 0. 0. 655. 0. 15.
40.617 2 ATTITUDE -0.03314 1.53523 0.034171
40.706 2 GPS 0 0 0 0 0 0 0 0 0 0 1
40.709 2 ATTITUDE -0.033294 1.535278 0.034152
40.809 2 STATE_FILTER_STATUS 3 0
40.812 2 GPS_SOL 0 0 0 0
40.814 2 DOWNLINK_STATUS 0 41 30351 1339 0 732. 32. -1.40298445151e+12
40.818 2 DESIRED 34.91 0. 0. 0. 0. 655. 0. 15.
40.821 2 ATTITUDE -0.033097 1.535234 0.034179
40.900 2 CALIBRATION 0. 0
40.902 2 DL_VALUE 32 0.
40.913 2 ATTITUDE -0.033315 1.535229 0.034154
40.953 2 GPS 0 0 0 0 0 0 0 0 0 0 1
41.013 2 IMU_GYRO -0.023193 0.007324 -0.018066
41.017 2 WP_MOVED 3 348965.09375 5945786. 660. 12
41.023 2 DESIRED 34.91 0. 0. 0. 0. 655. 0. 15.
41.026 2 ATTITUDE -0.033224 1.535221 0.03421
41.103 2 IMU_MAG 0. 0. 0.
41.105 2 ESTIMATOR 0. 0.
41.108 2 ATTITUDE -0.033258 1.535216 0.034209
41.213 2 PPRZ_MODE 0 1 2 0 0 17
41.219 2 GPS 0 0 0 0 0 0 0 0 0 0 1
41.225 2 DESIRED 34.91 0. 0. 0. 0. 655. 0. 15.
41.228 2 ATTITUDE -0.033307 1.535211 0.03416
41.307 2 NAVIGATION 5 1 0. 0. 0. 0. 0 0
41.310 2 IMU_ACCEL -9.666016 0.330078 0.31543
41.313 2 ATTITUDE -0.033271 1.535258 0.034157
41.416 2 DESIRED 34.91 0. 0. 0. 0. 655. 0. 15.
41.416 2 ATTITUDE -0.033211 1.535272 0.034164
41.452 2 GPS 0 0 0 0 0 0 0 0 0 0 1
41.506 2 BAT 40 37 0 0 1 28 28 0
41.509 2 WP_MOVED 4 348764.6875 5945795. 660. 12
41.512 2 ATTITUDE -0.033229 1.535248 0.03421
41.611 2 IMU_GYRO -0.02002 0.012695 -0.018066
41.614 2 ESTIMATOR 0. 0.
41.620 2 DESIRED 34.91 0. 0. 0. 0. 655. 0. 15.
41.624 2 ATTITUDE -0.033387 1.53521 0.034202
41.680 2 ACTUATORS |1005,1997,1472,1492,1509,1501|
41.706 2 GPS 0 0 0 0 0 0 0 0 0 0 1
41.709 2 ATTITUDE -0.033233 1.535269 0.034214
41.780 2 COMMANDS |40,14,0,-9548,-28,9548|
41.808 2 DESIRED 34.91 0. 0. 0. 0. 655. 0. 15.
41.812 2 ATTITUDE -0.033352 1.535285 0.034197
41.814 2 DOWNLINK_STATUS 0 42 31168 1375 0 817. 36. -1.40298445151e+12
41.878 2 FBW_STATUS 0 55 0 37 3
41.896 2 ATTITUDE -0.033259 1.535189 0.03421
41.952 2 GPS 0 0 0 0 0 0 0 0 0 0 1
42.009 2 WP_MOVED 5 348740. 5945760. 660. 12
42.015 2 DESIRED 34.91 0. 0. 0. 0. 655. 0. 15.
42.019 2 ATTITUDE -0.033285 1.535252 0.034229
42.103 2 IMU_ACCEL -9.661133 0.305664 0.353516
42.105 2 ESTIMATOR 0. 0.
42.109 2 ATTITUDE -0.03321 1.535226 0.034251
42.215 2 IMU_GYRO -0.02002 0.013672 -0.019043
42.221 2 GPS 0 0 0 0 0 0 0 0 0 0 1
42.228 2 DESIRED 34.91 0. 0. 0. 0. 655. 0. 15.
42.231 2 ATTITUDE -0.033393 1.535223 0.034167
42.303 2 NAVIGATION 5 1 0. 0. 0. 0. 0 0
42.306 2 ATTITUDE -0.033171 1.535344 0.034148
42.413 2 DL_VALUE 33 0.
42.413 2 IMU_MAG 0. 0. 0.
42.419 2 DESIRED 34.91 0. 0. 0. 0. 655. 0. 15.
42.422 2 ATTITUDE -0.033172 1.535354 0.034141
42.452 2 GPS 0 0 0 0 0 0 0 0 0 0 1
42.501 2 WP_MOVED 6 348665. 5945815. 660. 12
42.504 2 ATTITUDE -0.033112 1.535226 0.034145
42.612 2 BAT 40 36 0 0 1 29 29 0
42.614 2 ESTIMATOR 0. 0.
42.622 2 DESIRED 34.91 0. 0. 0. 0. 655. 0. 15.
42.624 2 ATTITUDE -0.033118 1.535293 0.034177
42.639 2 WIND_INFO 2 42 0. 0. 0.
42.708 2 ENERGY 3.6 0.003 0 0.0108
42.713 2 GPS 0 0 0 0 0 0 0 0 0 0 1
42.716 2 ATTITUDE -0.033138 1.535319 0.034203
42.813 2 DOWNLINK 1 738 1672
42.815 2 DOWNLINK_STATUS 0 43 31840 1405 0 672. 30. -1.40298445151e+12
42.816 2 GPS_SOL 0 0 0 0
42.819 2 IMU_GYRO -0.022217 0.008301 -0.018066
42.825 2 DESIRED 34.91 0. 0. 0. 0. 655. 0. 15.
42.829 2 ATTITUDE -0.033142 1.535366 0.034208
42.916 2 ALIVE |64,13,209,9,26,106,16,132,68,91,95,208,168,167,148,226|
42.916 2 IMU_ACCEL -9.670898 0.305664 0.353516
42.916 2 ATTITUDE -0.033135 1.535322 0.034222
42.952 2 GPS 0 0 0 0 0 0 0 0 0 0 1
43.011 2 STATE_FILTER_STATUS 3 0
43.013 2 CALIBRATION 0. 0
43.017 2 WP_MOVED 7 349065. 5946015. 660. 12
43.023 2 DESIRED 34.91 0. 0. 0. 0. 655. 0. 15.
43.027 2 ATTITUDE -0.033074 1.535243 0.034219
43.099 2 ESTIMATOR 0. 0.
43.102 2 ATTITUDE -0.033148 1.535401 0.034205
43.161 2 PPRZ_MODE 0 1 2 0 0 0
43.214 2 GPS 0 0 0 0 0 0 0 0 0 0 1
43.221 2 DESIRED 34.91 0. 0. 0. 0. 655. 0. 15.
43.224 2 ATTITUDE -0.033058 1.535378 0.034235
43.304 2 NAVIGATION 5 1 0. 0. 0. 0. 0 0
43.307 2 ATTITUDE -0.033284 1.535358 0.034161
43.419 2 IMU_GYRO -0.022217 0.006348 -0.018066
43.419 2 DESIRED 34.91 0. 0. 0. 0. 655. 0. 15.
43.419 2 ATTITUDE -0.033149 1.535331 0.034191
43.452 2 GPS 0 0 0 0 0 0 0 0 0 0 1
43.500 2 WP_MOVED 0 348907. 5945757. 660. 12
43.504 2 ATTITUDE -0.033489 1.53531 0.034136
43.606 2 ESTIMATOR 0. 0.
43.613 2 DESIRED 34.91 0. 0. 0. 0. 655. 0. 15.
43.616 2 ATTITUDE -0.03322 1.535322 0.034225
43.678 2 PPRZ_MODE 0 1 2 0 0 6
43.715 2 IMU_MAG 0. 0. 0.
43.719 2 BAT 40 37 0 0 1 31 31 0
43.722 2 IMU_ACCEL -9.666016 0.339844 0.334961
43.728 2 GPS 0 0 0 0 0 0 0 0 0 0 1
43.731 2 ATTITUDE -0.033417 1.5353 0.034205
43.808 2 DESIRED 34.91 0. 0. 0. 0. 655. 0. 15.
43.811 2 ATTITUDE -0.033221 1.535282 0.034198
43.816 2 DOWNLINK_STATUS 0 44 32687 1443 0 847. 38. -1.40298445151e+12
43.878 2 FBW_STATUS 2 0 1 37 3
43.897 2 DL_VALUE 34 0.
43.900 2 ATTITUDE -0.033322 1.535264 0.034192
43.952 2 GPS 0 0 0 0 0 0 0 0 0 0 1
44.013 2 IMU_GYRO -0.022217 0.005127 -0.019043
44.016 2 WP_MOVED 1 348865. 5945715. 660. 12
44.023 2 DESIRED 34.91 0. 0. 0. 0. 655. 0. 15.
44.026 2 ATTITUDE -0.033323 1.535243 0.034167
44.099 2 ESTIMATOR 0. 0.
44.101 2 ATTITUDE -0.033485 1.535236 0.034189
44.215 2 GPS 0 0 0 0 0 0 0 0 0 0 1
44.221 2 DESIRED 34.91 0. 0. 0. 0. 655. 0. 15.
44.223 2 ATTITUDE -0.033397 1.535266 0.034244
44.303 2 NAVIGATION 5 1 0. 0. 0. 0. 0 0
44.306 2 ATTITUDE -0.033407 1.535312 0.034251
44.416 2 DESIRED 34.91 0. 0. 0. 0. 655. 0. 15.
44.416 2 ATTITUDE -0.033538 1.535218 0.034254
44.452 2 GPS 0 0 0 0 0 0 0 0 0 0 1
44.504 2 IMU_ACCEL -9.680664 0.325195 0.310547
44.508 2 WP_MOVED 2 348895. 5945815. 660. 12
44.511 2 ATTITUDE -0.033396 1.53521 0.034284
44.611 2 IMU_GYRO -0.023193 0.005127 -0.016846
44.614 2 ESTIMATOR 0. 0.
44.620 2 DESIRED 34.91 0. 0. 0. 0. 655. 0. 15.
44.623 2 ATTITUDE -0.033346 1.535294 0.034277
44.706 2 GPS 0 0 0 0 0 0 0 0 0 0 1
44.709 2 ATTITUDE -0.033213 1.535265 0.034337
44.812 2 GPS_SOL 0 0 0 0
44.816 2 BAT 40 36 0 0 1 32 32 0
44.816 2 DOWNLINK_STATUS 0 45 33345 1472 0 658. 29. -1.40298445151e+12
44.823 2 DESIRED 34.91 0. 0. 0. 0. 655. 0. 15.
44.826 2 ATTITUDE -0.033445 1.535351 0.034286
44.897 2 ATTITUDE -0.033301 1.535363 0.034331
44.952 2 GPS 0 0 0 0 0 0 0 0 0 0 1
45.013 2 IMU_MAG 0. 0. 0.
45.016 2 WP_MOVED 3 348965.09375 5945786. 660. 12
45.023 2 DESIRED 34.91 0. 0. 0. 0. 655. 0. 15.
45.025 2 ATTITUDE -0.033363 1.535357 0.034325
45.106 2 ENERGY 3.7 0.003 0 0.0111
45.108 2 CALIBRATION 0. 0
45.110 2 ESTIMATOR 0. 0.
45.113 2 ATTITUDE -0.033283 1.535385 0.034324
45.215 2 STATE_FILTER_STATUS 3 0
45.218 2 IMU_GYRO -0.024414 0.003174 -0.019043
45.224 2 GPS 0 0 0 0 0 0 0 0 0 0 1
45.231 2 DESIRED 34.91 0. 0. 0. 0. 655. 0. 15.
45.234 2 ATTITUDE -0.033177 1.535343 0.034331
45.307 2 NAVIGATION 5 1 0. 0. 0. 0. 0 0
45.310 2 IMU_ACCEL -9.675781 0.334961 0.363281
45.313 2 ATTITUDE -0.03337 1.535355 0.03425
45.405 2 DL_VALUE 35 0.
45.423 2 DESIRED 34.91 0. 0. 0. 0. 655. 0. 15.
45.423 2 ATTITUDE -0.033229 1.535331 0.034321
45.452 2 GPS 0 0 0 0 0 0 0 0 0 0 1
45.501 2 WP_MOVED 4 348764.6875 5945795. 660. 12
45.504 2 ATTITUDE -0.033394 1.535288 0.0343
45.607 2 ESTIMATOR 0. 0.
45.613 2 DESIRED 34.91 0. 0. 0. 0. 655. 0. 15.
45.617 2 ATTITUDE -0.033281 1.535224 0.034338
45.708 2 NAVIGATION_REF 348865 5945715 12 605.
45.713 2 GPS 0 0 0 0 0 0 0 0 0 0 1
45.717 2 ATTITUDE -0.033296 1.535277 0.034308
45.809 2 IMU_GYRO -0.023193 0.005127 -0.019043
45.815 2 DESIRED 34.91 0. 0. 0. 0. 655. 0. 15.
45.816 2 DOWNLINK_STATUS 0 46 34121 1506 0 776. 34. -1.40298445651e+12
45.817 2 ATTITUDE -0.033498 1.535321 0.034255
45.878 2 FBW_STATUS 2 0 1 37 3
45.900 2 BAT 40 37 0 0 1 33 33 0
45.904 2 ATTITUDE -0.033368 1.535297 0.034308
45.951 2 GPS 0 0 0 0 0 0 0 0 0 0 1
46.009 2 WP_MOVED 5 348740. 5945760. 660. 12
46.015 2 DESIRED 34.91 0. 0. 0. 0. 655. 0. 15.
46.018 2 ATTITUDE -0.033268 1.535291 0.034315
46.104 2 PPRZ_MODE 0 1 2 0 0 6
46.107 2 IMU_ACCEL -9.666016 0.325195 0.339844
46.110 2 ESTIMATOR 0. 0.
46.113 2 ATTITUDE -0.033268 1.535323 0.034265
46.214 2 GPS 0 0 0 0 0 0 0 0 0 0 1
46.220 2 DESIRED 34.91 0. 0. 0. 0. 655. 0. 15.
46.224 2 ATTITUDE -0.033037 1.53534 0.034293
46.305 2 IMU_MAG 0. 0. 0.
46.310 2 NAVIGATION 5 1 0. 0. 0. 0. 0 0
46.313 2 ATTITUDE -0.033075 1.535333 0.034299
46.421 2 IMU_GYRO -0.022217 0.010498 -0.018066
46.421 2 DESIRED 34.91 0. 0. 0. 0. 655. 0. 15.
46.421 2 ATTITUDE -0.033176 1.535307 0.034293
46.452 2 GPS 0 0 0 0 0 0 0 0 0 0 1
46.501 2 WP_MOVED 6 348665. 5945815. 660. 12
46.504 2 ATTITUDE -0.033138 1.535313 0.03428
46.607 2 ESTIMATOR 0. 0.
46.614 2 DESIRED 34.91 0. 0. 0. 0. 655. 0. 15.
46.617 2 ATTITUDE -0.033426 1.535342 0.034224
46.679 2 ACTUATORS |1004,1997,1455,1596,1900,1501|
46.706 2 GPS 0 0 0 0 0 0 0 0 0 0 1
46.708 2 ATTITUDE -0.033465 1.535287 0.034236
46.779 2 COMMANDS |40,9600,-447,0,-28,9548|
46.807 2 GPS_SOL 0 0 0 0
46.815 2 DESIRED 34.91 0. 0. 0. 0. 655. 0. 15.
46.817 2 ATTITUDE -0.033349 1.535259 0.034262
46.818 2 DOWNLINK_STATUS 0 47 34892 1540 0 771. 34. -1.40298445651e+12
46.901 2 DL_VALUE 36 0.
46.904 2 IMU_ACCEL -9.666016 0.334961 0.339844
46.907 2 ATTITUDE -0.033234 1.535241 0.034278
46.953 2 GPS 0 0 0 0 0 0 0 0 0 0 1
47.017 2 BAT 40 36 0 0 1 34 34 0
47.020 2 IMU_GYRO -0.023193 0.003174 -0.019043
47.024 2 WP_MOVED 7 349065. 5946015. 660. 12
47.030 2 DESIRED 34.91 0. 0. 0. 0. 655. 0. 15.
47.034 2 ATTITUDE -0.033354 1.535254 0.034248
47.122 2 ESTIMATOR 0. 0.
47.125 2 ATTITUDE -0.033653 1.535232 0.034194
47.212 2 CALIBRATION 0. 0
47.218 2 GPS 0 0 0 0 0 0 0 0 0 0 1
47.225 2 DESIRED 34.91 0. 0. 0. 0. 655. 0. 15.
47.228 2 ATTITUDE -0.033457 1.535116 0.03419
47.303 2 NAVIGATION 5 1 0. 0. 0. 0. 0 0
47.306 2 ATTITUDE -0.033253 1.535107 0.034278
47.405 2 STATE_FILTER_STATUS 3 0
47.418 2 DESIRED 34.91 0. 0. 0. 0. 655. 0. 15.
47.418 2 ATTITUDE -0.033169 1.535118 0.03425
47.452 2 GPS 0 0 0 0 0 0 0 0 0 0 1
47.505 2 ENERGY 3.6 0.003 0 0.0108
47.509 2 WP_MOVED 0 348907. 5945757. 660. 12
47.512 2 ATTITUDE -0.033056 1.535026 0.034281
47.614 2 IMU_MAG 0. 0. 0.
47.617 2 IMU_GYRO -0.022217 0.008301 -0.016846
47.620 2 ESTIMATOR 0. 0.
47.628 2 DESIRED 34.91 0. 0. 0. 0. 655. 0. 15.
47.630 2 ATTITUDE -0.033217 1.535097 0.034288
47.707 2 IMU_ACCEL -9.699219 0.349609 0.339844
47.712 2 GPS 0 0 0 0 0 0 0 0 0 0 1
47.716 2 ATTITUDE -0.033144 1.535078 0.034337
47.807 2 DESIRED 34.91 0. 0. 0. 0. 655. 0. 15.
47.811 2 ATTITUDE -0.033171 1.535072 0.034328
47.818 2 DOWNLINK_STATUS 0 48 35650 1574 0 758. 34. -1.40298445651e+12
47.878 2 FBW_STATUS 2 0 1 37 3
47.897 2 DOWNLINK 1 752 1843
47.900 2 ATTITUDE -0.033178 1.535029 0.034344
47.952 2 GPS 0 0 0 0 0 0 0 0 0 0 1
48.014 2 ALIVE |64,13,209,9,26,106,16,132,68,91,95,208,168,167,148,226|
48.018 2 WP_MOVED 1 348865. 5945715. 660. 12
48.024 2 DESIRED 34.91 0. 0. 0. 0. 655. 0. 15.
48.027 2 ATTITUDE -0.033239 1.535056 0.034318
48.104 2 BAT 40 37 0 0 1 35 35 0
48.107 2 ESTIMATOR 0. 0.
48.110 2 ATTITUDE -0.033195 1.53505 0.034292
48.215 2 IMU_GYRO -0.022217 0.012695 -0.018066
48.221 2 GPS 0 0 0 0 0 0 0 0 0 0 1
48.228 2 DESIRED 34.91 0. 0. 0. 0. 655. 0. 15.
48.231 2 ATTITUDE -0.033181 1.535045 0.034293
48.303 2 NAVIGATION 5 1 0. 0. 0. 0. 0 0
48.306 2 ATTITUDE -0.033255 1.535061 0.034252
48.405 2 DL_VALUE 37 200.
48.424 2 DESIRED 34.91 0. 0. 0. 0. 655. 0. 15.
48.424 2 ATTITUDE -0.033279 1.535077 0.034209
48.451 2 GPS 0 0 0 0 0 0 0 0 0 0 1
48.504 2 IMU_ACCEL -9.646484 0.330078 0.363281
48.507 2 WP_MOVED 2 348895. 5945815. 660. 12
48.510 2 ATTITUDE -0.033297 1.535088 0.034164
48.606 2 ESTIMATOR 0. 0.
48.613 2 DESIRED 34.91 0. 0. 0. 0. 655. 0. 15.
48.616 2 ATTITUDE -0.033223 1.535114 0.034189
48.705 2 GPS 0 0 0 0 0 0 0 0 0 0 1
48.709 2 ATTITUDE -0.033306 1.535105 0.034135
48.811 2 GPS_SOL 0 0 0 0
48.815 2 IMU_GYRO -0.024414 0.007324 -0.018066
48.818 2 DOWNLINK_STATUS 0 49 36342 1605 0 692. 31. -1.40298445651e+12
48.821 2 DESIRED 34.91 0. 0. 0. 0. 655. 0. 15.
48.824 2 ATTITUDE -0.033257 1.53511 0.034192
48.900 2 IMU_MAG 0. 0. 0.
48.903 2 ATTITUDE -0.033266 1.535052 0.034154
48.952 2 GPS 0 0 0 0 0 0 0 0 0 0 1
49.009 2 WP_MOVED 3 348965.09375 5945786. 660. 12
49.016 2 DESIRED 34.91 0. 0. 0. 0. 655. 0. 15.
49.019 2 ATTITUDE -0.033241 1.535009 0.034163
49.099 2 ESTIMATOR 0. 0.
49.102 2 ATTITUDE -0.03333 1.535023 0.034168
49.216 2 BAT 40 37 0 0 1 36 36 0
49.221 2 GPS 0 0 0 0 0 0 0 0 0 0 1
49.229 2 DESIRED 34.91 0. 0. 0. 0. 655. 0. 15.
49.231 2 ATTITUDE -0.033382 1.534987 0.034108
49.306 2 CALIBRATION 0. 0
49.311 2 NAVIGATION 5 1 0. 0. 0. 0. 0 0
49.314 2 IMU_ACCEL -9.65625 0.358398 0.344727
49.317 2 ATTITUDE -0.033245 1.535017 0.034108
49.408 2 IMU_GYRO -0.022217 0.009521 -0.018066
49.420 2 DESIRED 34.91 0. 0. 0. 0. 655. 0. 15.
49.420 2 ATTITUDE -0.033294 1.535044 0.034102
49.451 2 GPS 0 0 0 0 0 0 0 0 0 0 1
49.500 2 WP_MOVED 4 348764.6875 5945795. 660. 12
49.503 2 ATTITUDE -0.033326 1.535018 0.034082
49.607 2 STATE_FILTER_STATUS 3 0
49.610 2 ESTIMATOR 0. 0.
49.616 2 DESIRED 34.91 0. 0. 0. 0. 655. 0. 15.
49.619 2 ATTITUDE -0.033308 1.53505 0.034034
49.706 2 GPS 0 0 0 0 0 0 0 0 0 0 1
49.709 2 ATTITUDE -0.033233 1.535012 0.03406
49.808 2 DESIRED 34.91 0. 0. 0. 0. 655. 0. 15.
49.811 2 ATTITUDE -0.033383 1.53499 0.034038
49.819 2 DOWNLINK_STATUS 0 50 37089 1637 0 747. 32. -1.40298445651e+12
49.878 2 FBW_STATUS 2 0 1 37 3
49.903 2 ENERGY 3.7 0.003 0 0.0111
49.905 2 DL_VALUE 38 0.1
49.908 2 ATTITUDE -0.033343 1.534963 0.03409
49.952 2 GPS 0 0 0 0 0 0 0 0 0 0 1
50.013 2 IMU_GYRO -0.022217 0.011475 -0.018066
50.016 2 WP_MOVED 5 348740. 5945760. 660. 12
50.023 2 DESIRED 34.91 0. 0. 0. 0. 655. 0. 15.
50.026 2 ATTITUDE -0.033359 1.534992 0.034144
50.103 2 IMU_ACCEL -9.646484 0.325195 0.31543
50.105 2 ESTIMATOR 0. 0.
50.108 2 ATTITUDE -0.03335 1.535022 0.034142
50.214 2 IMU_MAG 0. 0. 0.
50.220 2 GPS 0 0 0 0 0 0 0 0 0 0 1
50.227 2 DESIRED 34.91 0. 0. 0. 0. 655. 0. 15.
50.230 2 ATTITUDE -0.033318 1.53507 0.034144
50.306 2 BAT 40 37 0 0 1 37 37 0
50.311 2 NAVIGATION 5 1 0. 0. 0. 0. 0 0
50.314 2 ATTITUDE -0.033305 1.535068 0.034143
50.407 2 DESIRED 34.91 0. 0. 0. 0. 655. 0. 15.
50.410 2 ATTITUDE -0.033294 1.535099 0.034122
50.480 2 GPS 0 0 0 0 0 0 0 0 0 0 1
50.501 2 WP_MOVED 6 348665. 5945815. 660. 12
50.504 2 ATTITUDE -0.033265 1.535082 0.034077
50.611 2 IMU_GYRO -0.02124 0.011475 -0.018066
50.613 2 ESTIMATOR 0. 0.
50.620 2 DESIRED 34.91 0. 0. 0. 0. 655. 0. 15.
50.623 2 ATTITUDE -0.033304 1.535108 0.034083
50.708 2 GPS 0 0 0 0 0 0 0 0 0 0 1
50.711 2 ATTITUDE -0.033236 1.535135 0.03408
50.713 2 PPRZ_MODE 0 1 2 0 0 17
50.808 2 GPS_SOL 0 0 0 0
50.814 2 DESIRED 34.91 0. 0. 0. 0. 655. 0. 15.
50.817 2 ATTITUDE -0.033382 1.535056 0.034064
50.819 2 DOWNLINK_STATUS 0 51 37853 1671 0 764. 34. -1.40298446151e+12
50.900 2 IMU_ACCEL -9.670898 0.305664 0.353516
50.903 2 ATTITUDE -0.033393 1.535102 0.034068
50.952 2 GPS 0 0 0 0 0 0 0 0 0 0 1
51.009 2 PPRZ_MODE 0 1 2 0 0 17
51.013 2 WP_MOVED 7 349065. 5946015. 660. 12
51.020 2 DESIRED 34.91 0. 0. 0. 0. 655. 0. 15.
51.022 2 ATTITUDE -0.033354 1.535115 0.034098
51.098 2 ESTIMATOR 0. 0.
51.101 2 ATTITUDE -0.033366 1.535128 0.03414
51.215 2 IMU_GYRO -0.024414 0.010498 -0.016846
51.220 2 GPS 0 0 0 0 0 0 0 0 0 0 1
51.227 2 DESIRED 34.91 0. 0. 0. 0. 655. 0. 15.
51.230 2 ATTITUDE -0.033338 1.535109 0.034171
51.303 2 NAVIGATION 5 1 0. 0. 0. 0. 0 0
51.306 2 ATTITUDE -0.03332 1.535084 0.034239
51.423 2 CALIBRATION 0. 0
51.424 2 DL_VALUE 39 0.
51.424 2 BAT 54 37 0 0 1 38 38 0
51.424 2 DESIRED 34.91 0. 0. 0. 0. 655. 0. 15.
51.427 2 ATTITUDE -0.033291 1.535132 0.034239
51.451 2 GPS 0 0 0 0 0 0 0 0 0 0 1
51.504 2 IMU_MAG 0. 0. 0.
51.508 2 WP_MOVED 0 348907. 5945757. 660. 12
51.511 2 ATTITUDE -0.033289 1.535164 0.034213
51.606 2 ESTIMATOR 0. 0.
51.613 2 DESIRED 34.91 0. 0. 0. 0. 655. 0. 15.
51.616 2 ATTITUDE -0.033254 1.535211 0.034216
51.679 2 ACTUATORS |1004,1997,1471,1494,1510,1503|
51.707 2 IMU_ACCEL -9.651367 0.305664 0.373047
51.713 2 GPS 0 0 0 0 0 0 0 0 0 0 1
51.715 2 ATTITUDE -0.033351 1.535242 0.034192
51.779 2 COMMANDS |54,42,-42,-9548,-70,9548|
51.808 2 STATE_FILTER_STATUS 3 0
51.811 2 IMU_GYRO -0.022217 0.013672 -0.016846
51.818 2 DESIRED 34.91 0. 0. 0. 0. 655. 0. 15.
51.819 2 DOWNLINK_STATUS 0 52 38623 1706 0 770. 35. -1.40298446151e+12
51.821 2 ATTITUDE -0.033386 1.535203 0.034204
51.877 2 FBW_STATUS 0 55 0 37 4
51.895 2 ATTITUDE -0.03333 1.535175 0.034254
51.951 2 GPS 0 0 0 0 0 0 0 0 0 0 1
52.008 2 WP_MOVED 1 348865. 5945715. 660. 12
52.015 2 DESIRED 34.91 0. 0. 0. 0. 655. 0. 15.
52.018 2 ATTITUDE -0.033345 1.535164 0.034246
52.098 2 ESTIMATOR 0. 0.
52.101 2 ATTITUDE -0.033311 1.535195 0.034247
52.214 2 GPS 0 0 0 0 0 0 0 0 0 0 1
52.220 2 DESIRED 34.91 0. 0. 0. 0. 655. 0. 15.
52.223 2 ATTITUDE -0.033297 1.535174 0.034238
52.306 2 ENERGY 3.6 0.004 0 0.0144
52.310 2 NAVIGATION 5 1 0. 0. 0. 0. 0 0
52.314 2 ATTITUDE -0.033434 1.535205 0.0342
52.408 2 IMU_GYRO -0.02124 0.008301 -0.016846
52.423 2 DESIRED 34.91 0. 0. 0. 0. 655. 0. 15.
52.423 2 ATTITUDE -0.033291 1.535179 0.034201
52.452 2 GPS 0 0 0 0 0 0 0 0 0 0 1
52.508 2 BAT 54 37 0 0 1 39 39 0
52.512 2 IMU_ACCEL -9.670898 0.334961 0.330078
52.515 2 WP_MOVED 2 348895. 5945815. 660. 12
52.518 2 ATTITUDE -0.033388 1.535259 0.034203
52.606 2 ESTIMATOR 0. 0.
52.613 2 DESIRED 34.91 0. 0. 0. 0. 655. 0. 15.
52.615 2 ATTITUDE -0.033403 1.535257 0.034189
52.639 2 WIND_INFO 2 42 0. 0. 0.
52.705 2 GPS 0 0 0 0 0 0 0 0 0 0 1
52.708 2 ATTITUDE -0.033359 1.535285 0.034167
52.811 2 GPS_SOL 0 0 0 0
52.814 2 IMU_MAG 0. 0. 0.
52.820 2 DOWNLINK_STATUS 0 53 39308 1736 0 685. 30. -1.40298446151e+12
52.821 2 DESIRED 34.91 0. 0. 0. 0. 655. 0. 15.
52.824 2 ATTITUDE -0.033383 1.535245 0.034227
52.897 2 DL_VALUE 40 0.
52.900 2 ATTITUDE -0.033507 1.535223 0.034215
52.951 2 GPS 0 0 0 0 0 0 0 0 0 0 1
53.013 2 DOWNLINK 1 737 2009
53.016 2 IMU_GYRO -0.02124 0.011475 -0.016846
53.020 2 WP_MOVED 3 348965.09375 5945786. 660. 12
53.026 2 DESIRED 34.91 0. 0. 0. 0. 655. 0. 15.
53.030 2 ATTITUDE -0.033401 1.535245 0.034249
53.105 2 ALIVE |64,13,209,9,26,106,16,132,68,91,95,208,168,167,148,226|
53.107 2 ESTIMATOR 0. 0.
53.110 2 ATTITUDE -0.033349 1.535239 0.034273
53.214 2 GPS 0 0 0 0 0 0 0 0 0 0 1
53.220 2 DESIRED 34.91 0. 0. 0. 0. 655. 0. 15.
53.223 2 ATTITUDE -0.033346 1.535181 0.034235
53.307 2 NAVIGATION 5 1 0. 0. 0. 0. 0 0
53.310 2 IMU_ACCEL -9.675781 0.320312 0.349609
53.313 2 ATTITUDE -0.033439 1.535122 0.034258
53.408 2 DESIRED 34.91 0. 0. 0. 0. 655. 0. 15.
53.410 2 ATTITUDE -0.033324 1.535148 0.034269
53.451 2 GPS 0 0 0 0 0 0 0 0 0 0 1
53.501 2 CALIBRATION 0. 0
53.504 2 WP_MOVED 4 348764.6875 5945795. 660. 12
53.507 2 ATTITUDE -0.033436 1.535106 0.034266
53.615 2 BAT 54 37 0 0 1 40 40 0
53.618 2 IMU_GYRO -0.02002 0.012695 -0.016846
53.621 2 ESTIMATOR 0. 0.
53.628 2 DESIRED 34.91 0. 0. 0. 0. 655. 0. 15.
53.631 2 ATTITUDE -0.033517 1.535116 0.03426
53.705 2 GPS 0 0 0 0 0 0 0 0 0 0 1
53.708 2 ATTITUDE -0.033486 1.5352 0.03425
53.807 2 DESIRED 34.91 0. 0. 0. 0. 655. 0. 15.
53.810 2 ATTITUDE -0.033487 1.535174 0.034228
53.821 2 DOWNLINK_STATUS 0 54 40091 1770 0 783. 34. -1.40298446151e+12
53.922 2 FBW_STATUS 0 61 0 37 4
53.931 2 ATTITUDE -0.033603 1.535094 0.03426
53.952 2 GPS 0 0 0 0 0 0 0 0 0 0 1
54.009 2 STATE_FILTER_STATUS 3 0
54.012 2 WP_MOVED 5 348740. 5945760. 660. 12
54.019 2 DESIRED 34.91 0. 0. 0. 0. 655. 0. 15.
54.022 2 ATTITUDE -0.033464 1.535193 0.034295
54.107 2 IMU_MAG 0. 0. 0.
54.110 2 IMU_ACCEL -9.65625 0.325195 0.358398
54.112 2 ESTIMATOR 0. 0.
54.115 2 ATTITUDE -0.033438 1.535187 0.034294
54.215 2 IMU_GYRO -0.02124 0.010498 -0.018066
54.221 2 GPS 0 0 0 0 0 0 0 0 0 0 1
54.227 2 DESIRED 34.91 0. 0. 0. 0. 655. 0. 15.
54.230 2 ATTITUDE -0.033472 1.535144 0.034279
54.302 2 NAVIGATION 5 1 0. 0. 0. 0. 0 0
54.305 2 ATTITUDE -0.033459 1.535158 0.034274
54.405 2 DL_VALUE 41 1500.
54.411 2 DESIRED 34.91 0. 0. 0. 0. 655. 0. 15.
54.424 2 ATTITUDE -0.033505 1.535156 0.034274
54.451 2 GPS 0 0 0 0 0 0 0 0 0 0 1
54.500 2 WP_MOVED 6 348665. 5945815. 660. 12
54.503 2 ATTITUDE -0.033484 1.535151 0.034258
54.606 2 ESTIMATOR 0. 0.
54.613 2 DESIRED 34.91 0. 0. 0. 0. 655. 0. 15.
54.616 2 ATTITUDE -0.033471 1.535122 0.034328
54.716 2 NAVIGATION_REF 348865 5945715 12 605.
54.719 2 ENERGY 3.6 0.003 0 0.0108
54.723 2 BAT 40 36 0 0 1 42 42 0
54.729 2 GPS 0 0 0 0 0 0 0 0 0 0 1
54.732 2 ATTITUDE -0.03351 1.535116 0.034339
54.811 2 GPS_SOL 0 0 0 0
54.814 2 IMU_GYRO -0.032959 0. -0.02002
54.821 2 DESIRED 34.91 0. 0. 0. 0. 655. 0. 15.
54.822 2 DOWNLINK_STATUS 0 55 40853 1804 0 762. 34. -1.40298446151e+12
54.824 2 ATTITUDE -0.033284 1.535269 0.034316
54.900 2 IMU_ACCEL -9.636719 0.334961 0.363281
54.903 2 ATTITUDE -0.033573 1.534961 0.034224
54.952 2 GPS 0 0 0 0 0 0 0 0 0 0 1
55.009 2 WP_MOVED 7 349065. 5946015. 660. 12
55.015 2 DESIRED 34.91 0. 0. 0. 0. 655. 0. 15.
55.018 2 ATTITUDE -0.03353 1.534876 0.034271
55.097 2 ESTIMATOR 0. 0.
55.101 2 ATTITUDE -0.033204 1.535147 0.034295
55.213 2 GPS 0 0 0 0 0 0 0 0 0 0 1
55.220 2 DESIRED 34.91 0. 0. 0. 0. 655. 0. 15.
55.223 2 ATTITUDE -0.03355 1.534925 0.03425
55.302 2 NAVIGATION 5 1 0. 0. 0. 0. 0 0
55.306 2 ATTITUDE -0.033458 1.534935 0.034255
55.411 2 IMU_MAG 0. 0. 0.
55.414 2 IMU_GYRO -0.032959 0. -0.02002
55.429 2 DESIRED 34.91 0. 0. 0. 0. 655. 0. 15.
55.430 2 ATTITUDE -0.033481 1.535013 0.034275
55.451 2 GPS 0 0 0 0 0 0 0 0 0 0 1
55.500 2 WP_MOVED 0 348907. 5945757. 660. 12
55.503 2 ATTITUDE -0.033745 1.534778 0.034209
55.608 2 CALIBRATION 0. 0
55.610 2 ESTIMATOR 0. 0.
55.617 2 DESIRED 34.91 0. 0. 0. 0. 655. 0. 15.
55.620 2 ATTITUDE -0.033613 1.534983 0.034214
55.707 2 IMU_ACCEL -9.666016 0.344727 0.382812
55.713 2 GPS 0 0 0 0 0 0 0 0 0 0 1
55.716 2 ATTITUDE -0.033879 1.534819 0.034194
55.809 2 BAT 54 36 0 0 1 43 43 0
55.816 2 DESIRED 34.91 0. 0. 0. 0. 655. 0. 15.
55.818 2 ATTITUDE -0.033915 1.534841 0.034187
55.821 2 DOWNLINK_STATUS 0 56 41571 1835 0 718. 31. -1.40298446651e+12
55.877 2 FBW_STATUS 0 53 0 36 4
55.899 2 PPRZ_MODE 0 1 2 0 0 17
55.901 2 DL_VALUE 42 0.
55.904 2 ATTITUDE -0.033582 1.535058 0.034263
55.951 2 GPS 0 0 0 0 0 0 0 0 0 0 1
56.011 2 IMU_GYRO -0.02002 0.011475 -0.018066
56.015 2 WP_MOVED 1 348865. 5945715. 660. 12
56.022 2 DESIRED 34.91 0. 0. 0. 0. 655. 0. 15.
56.025 2 ATTITUDE -0.033869 1.5348 0.03424
56.098 2 ESTIMATOR 0. 0.
56.101 2 ATTITUDE -0.033785 1.534858 0.034243
56.211 2 STATE_FILTER_STATUS 3 0
56.217 2 GPS 0 0 0 0 0 0 0 0 0 0 1
56.223 2 DESIRED 34.91 0. 0. 0. 0. 655. 0. 15.
56.226 2 ATTITUDE -0.033594 1.534995 0.034265
56.303 2 NAVIGATION 5 1 0. 0. 0. 0. 0 0
56.306 2 ATTITUDE -0.033708 1.534868 0.034255
56.407 2 DESIRED 34.91 0. 0. 0. 0. 655. 0. 15.
56.410 2 ATTITUDE -0.033679 1.534883 0.034226
56.451 2 GPS 0 0 0 0 0 0 0 0 0 0 1
56.504 2 IMU_ACCEL -9.661133 0.334961 0.339844
56.507 2 WP_MOVED 2 348895. 5945815. 660. 12
56.511 2 ATTITUDE -0.033661 1.534856 0.034212
56.611 2 IMU_GYRO -0.02124 0.012695 -0.015869
56.612 2 ESTIMATOR 0. 0.
56.620 2 DESIRED 34.91 0. 0. 0. 0. 655. 0. 15.
56.622 2 ATTITUDE -0.033684 1.534793 0.034184
56.679 2 ACTUATORS |1005,1997,1471,1494,1510,1503|
56.706 2 IMU_MAG 0. 0. 0.
56.712 2 GPS 0 0 0 0 0 0 0 0 0 0 1
56.715 2 ATTITUDE -0.033552 1.534856 0.034237
56.779 2 COMMANDS |54,42,-28,-9548,-70,9548|
56.807 2 GPS_SOL 0 0 0 0
56.814 2 DESIRED 34.91 0. 0. 0. 0. 655. 0. 15.
56.816 2 ATTITUDE -0.033623 1.534848 0.034276
56.822 2 DOWNLINK_STATUS 0 57 42341 1870 0 770. 35. -1.40298446651e+12
56.900 2 BAT 54 37 0 0 1 44 44 0
56.903 2 ATTITUDE -0.033619 1.534863 0.034248
56.996 2 GPS 0 0 0 0 0 0 0 0 0 0 1
57.012 2 WP_MOVED 3 348965.09375 5945786. 660. 12
57.019 2 DESIRED 34.91 0. 0. 0. 0. 655. 0. 15.
57.022 2 ATTITUDE -0.033548 1.534889 0.034274
57.103 2 ENERGY 3.7 0.004 0 0.0148
57.106 2 ESTIMATOR 0. 0.
57.109 2 ATTITUDE -0.033604 1.53483 0.034252
57.215 2 IMU_GYRO -0.022217 0.010498 -0.016846
57.220 2 GPS 0 0 0 0 0 0 0 0 0 0 1
57.227 2 DESIRED 34.91 0. 0. 0. 0. 655. 0. 15.
57.230 2 ATTITUDE -0.033543 1.534892 0.034285
57.307 2 NAVIGATION 5 1 0. 0. 0. 0. 0 0
57.310 2 IMU_ACCEL -9.675781 0.31543 0.358398
57.313 2 ATTITUDE -0.033519 1.534887 0.034262
57.404 2 DL_VALUE 43 0.
57.412 2 DESIRED 34.91 0. 0. 0. 0. 655. 0. 15.
57.414 2 ATTITUDE -0.033527 1.53488 0.034288
57.451 2 GPS 0 0 0 0 0 0 0 0 0 0 1
57.500 2 WP_MOVED 4 348764.6875 5945795. 660. 12
57.503 2 ATTITUDE -0.033536 1.534876 0.034202
57.606 2 ESTIMATOR 0. 0.
57.612 2 DESIRED 34.91 0. 0. 0. 0. 655. 0. 15.
57.615 2 ATTITUDE -0.033498 1.53487 0.034186
57.704 2 CALIBRATION 0. 0
57.709 2 GPS 0 0 0 0 0 0 0 0 0 0 1
57.712 2 ATTITUDE -0.033507 1.534897 0.034185
57.807 2 IMU_GYRO -0.024414 0.009521 -0.019043
57.814 2 DESIRED 34.91 0. 0. 0. 0. 655. 0. 15.
57.817 2 ATTITUDE -0.033582 1.534888 0.034158
57.823 2 DOWNLINK_STATUS 0 58 43054 1901 0 713. 31. -1.40298446651e+12
57.878 2 FBW_STATUS 0 57 0 37 4
57.895 2 ATTITUDE -0.033569 1.534846 0.034127
57.951 2 GPS 0 0 0 0 0 0 0 0 0 0 1
58.016 2 IMU_MAG 0. 0. 0.
58.020 2 BAT 54 37 0 0 1 45 45 0
58.024 2 WP_MOVED 5 348740. 5945760. 660. 12
58.030 2 DESIRED 34.91 0. 0. 0. 0. 655. 0. 15.
58.033 2 ATTITUDE -0.033537 1.534861 0.034101
58.104 2 DOWNLINK 1 746 2177
58.107 2 IMU_ACCEL -9.661133 0.334961 0.349609
58.109 2 ESTIMATOR 0. 0.
58.112 2 ATTITUDE -0.033476 1.534891 0.034127
58.217 2 ALIVE |64,13,209,9,26,106,16,132,68,91,95,208,168,167,148,226|
58.223 2 GPS 0 0 0 0 0 0 0 0 0 0 1
58.229 2 DESIRED 34.91 0. 0. 0. 0. 655. 0. 15.
58.232 2 ATTITUDE -0.033498 1.534855 0.034144
58.302 2 NAVIGATION 5 1 0. 0. 0. 0. 0 0
58.305 2 ATTITUDE -0.033496 1.534871 0.034104
58.407 2 STATE_FILTER_STATUS 3 0
58.411 2 IMU_GYRO -0.023193 0.009521 -0.018066
58.431 2 DESIRED 34.91 0. 0. 0. 0. 655. 0. 15.
58.431 2 ATTITUDE -0.03339 1.534836 0.034115
58.451 2 GPS 0 0 0 0 0 0 0 0 0 0 1
58.500 2 WP_MOVED 6 348665. 5945815. 660. 12
58.503 2 ATTITUDE -0.033431 1.534834 0.034085
58.606 2 ESTIMATOR 0. 0.
58.612 2 DESIRED 34.91 0. 0. 0. 0. 655. 0. 15.
58.615 2 ATTITUDE -0.033311 1.534763 0.034068
58.705 2 GPS 0 0 0 0 0 0 0 0 0 0 1
58.708 2 ATTITUDE -0.033391 1.534793 0.034076
58.807 2 GPS_SOL 0 0 0 0
58.814 2 DESIRED 34.91 0. 0. 0. 0. 655. 0. 15.
58.817 2 ATTITUDE -0.033428 1.534791 0.034063
58.823 2 DOWNLINK_STATUS 0 59 43800 1934 0 746. 33. -1.40298446651e+12
58.900 2 DL_VALUE 0 0.
58.903 2 IMU_ACCEL -9.675781 0.320312 0.320312
58.906 2 ATTITUDE -0.033435 1.534803 0.034138
58.951 2 GPS 0 0 0 0 0 0 0 0 0 0 1
59.012 2 IMU_GYRO -0.023193 0.009521 -0.018066
59.016 2 WP_MOVED 7 349065. 5946015. 660. 12
59.022 2 DESIRED 34.91 0. 0. 0. 0. 655. 0. 15.
59.024 2 ATTITUDE -0.033428 1.534802 0.03412
59.103 2 BAT 54 37 0 0 1 46 46 0
59.105 2 ESTIMATOR 0. 0.
59.108 2 ATTITUDE -0.03351 1.534798 0.034127
59.213 2 GPS 0 0 0 0 0 0 0 0 0 0 1
59.219 2 DESIRED 34.91 0. 0. 0. 0. 655. 0. 15.
59.223 2 ATTITUDE -0.033362 1.534739 0.034128
59.305 2 IMU_MAG 0. 0. 0.
59.309 2 NAVIGATION 5 1 0. 0. 0. 0. 0 0
59.312 2 ATTITUDE -0.03355 1.534786 0.034116
59.407 2 DESIRED 34.91 0. 0. 0. 0. 655. 0. 15.
59.410 2 ATTITUDE -0.033289 1.534746 0.03413
59.451 2 GPS 0 0 0 0 0 0 0 0 0 0 1
59.504 2 ENERGY 3.6 0.004 0 0.0144
59.508 2 WP_MOVED 0 348907. 5945757. 660. 12
59.511 2 ATTITUDE -0.033409 1.534794 0.034092
59.611 2 IMU_GYRO -0.022217 0.009521 -0.018066
59.613 2 ESTIMATOR 0. 0.
59.620 2 DESIRED 34.91 0. 0. 0. 0. 655. 0. 15.
59.623 2 ATTITUDE -0.033341 1.534754 0.034147
59.707 2 IMU_ACCEL -9.646484 0.320312 0.344727
59.712 2 GPS 0 0 0 0 0 0 0 0 0 0 1
59.715 2 ATTITUDE -0.033345 1.53482 0.034075
59.804 2 CALIBRATION 0. 0
59.812 2 DESIRED 34.91 0. 0. 0. 0. 655. 0. 15.
59.814 2 ATTITUDE -0.033262 1.534815 0.034039
59.824 2 DOWNLINK_STATUS 0 60 44549 1967 0 749. 33. -1.40298446651e+12
59.877 2 FBW_STATUS 0 56 0 36 4
59.895 2 ATTITUDE -0.033453 1.534757 0.033993
59.950 2 GPS 0 0 0 0 0 0 0 0 0 0 1
60.008 2 WP_MOVED 1 348865. 5945715. 660. 12
60.014 2 DESIRED 34.91 0. 0. 0. 0. 655. 0. 15.
60.017 2 ATTITUDE -0.033227 1.534874 0.033971
60.097 2 ESTIMATOR 0. 0.
60.100 2 ATTITUDE -0.03332 1.534888 0.033947
60.219 2 BAT 54 36 0 0 1 47 47 0
60.222 2 IMU_GYRO -0.02002 0.011475 -0.018066
60.228 2 GPS 0 0 0 0 0 0 0 0 0 0 1
60.235 2 DESIRED 34.91 0. 0. 0. 0. 655. 0. 15.
60.238 2 ATTITUDE -0.033318 1.534808 0.033961
60.302 2 NAVIGATION 5 1 0. 0. 0. 0. 0 0
60.305 2 ATTITUDE -0.033115 1.534877 0.033945
60.405 2 DL_VALUE 1 0.
60.411 2 DESIRED 34.91 0. 0. 0. 0. 655. 0. 15.
60.414 2 ATTITUDE -0.033243 1.534855 0.033921
60.451 2 GPS 0 0 0 0 0 0 0 0 0 0 1
60.503 2 IMU_ACCEL -9.623047 0.31543 0.320312
60.507 2 WP_MOVED 2 348895. 5945815. 660. 12
60.510 2 ATTITUDE -0.033178 1.534865 0.03391
60.610 2 STATE_FILTER_STATUS 3 0
60.614 2 IMU_MAG 0. 0. 0.
60.616 2 ESTIMATOR 0. 0.
60.623 2 DESIRED 34.91 0. 0. 0. 0. 655. 0. 15.
60.626 2 ATTITUDE -0.03319 1.534949 0.033893
60.704 2 GPS 0 0 0 0 0 0 0 0 0 0 1
60.708 2 ATTITUDE -0.033165 1.534927 0.0339
60.812 2 PPRZ_MODE 0 1 2 0 0 17
60.815 2 GPS_SOL 0 0 0 0
60.818 2 IMU_GYRO -0.02002 0.010498 -0.018066
60.824 2 DOWNLINK_STATUS 0 61 45246 1999 0 697. 32. -1.40298447151e+12
60.826 2 DESIRED 34.91 0. 0. 0. 0. 655. 0. 15.
60.828 2 ATTITUDE -0.033125 1.535021 0.033927
60.895 2 ATTITUDE -0.033093 1.53498 0.03388
60.951 2 GPS 0 0 0 0 0 0 0 0 0 0 1
61.008 2 WP_MOVED 3 348965.09375 5945786. 660. 12
61.014 2 DESIRED 34.91 0. 0. 0. 0. 655. 0. 15.
61.018 2 ATTITUDE -0.033244 1.534882 0.033896
61.097 2 ESTIMATOR 0. 0.
61.101 2 ATTITUDE -0.033108 1.535016 0.033884
61.213 2 GPS 0 0 0 0 0 0 0 0 0 0 1
61.220 2 DESIRED 34.91 0. 0. 0. 0. 655. 0. 15.
61.223 2 ATTITUDE -0.033112 1.53497 0.033839
61.310 2 BAT 54 36 0 0 1 48 48 0
61.314 2 NAVIGATION 5 1 0. 0. 0. 0. 0 0
61.318 2 IMU_ACCEL -9.65625 0.305664 0.320312
61.321 2 ATTITUDE -0.033293 1.534834 0.033812
61.406 2 IMU_GYRO -0.024414 0.008301 -0.018066
61.413 2 DESIRED 34.91 0. 0. 0. 0. 655. 0. 15.
61.416 2 ATTITUDE -0.033148 1.53504 0.033831
61.451 2 GPS 0 0 0 0 0 0 0 0 0 0 1
61.499 2 WP_MOVED 4 348764.6875 5945795. 660. 12
61.502 2 ATTITUDE -0.033244 1.53498 0.033854
61.605 2 ESTIMATOR 0. 0.
61.613 2 DESIRED 34.91 0. 0. 0. 0. 655. 0. 15.
61.615 2 ATTITUDE -0.033063 1.53503 0.033897
61.678 2 ACTUATORS |1005,1997,1471,1494,1510,1503|
61.704 2 GPS 0 0 0 0 0 0 0 0 0 0 1
61.708 2 ATTITUDE -0.033034 1.535028 0.033895
61.778 2 COMMANDS |40,42,-28,-9548,-70,9548|
61.807 2 DESIRED 34.91 0. 0. 0. 0. 655. 0. 15.
61.810 2 ATTITUDE -0.03322 1.534921 0.033872
61.825 2 DOWNLINK_STATUS 0 62 45993 2030 0 747. 31. -1.40298447151e+12
61.877 2 FBW_STATUS 0 59 0 36 3
61.908 2 ENERGY 3.6 0.004 0 0.0144
61.910 2 CALIBRATION 0. 0
61.912 2 DL_VALUE 2 655.
61.915 2 IMU_MAG 0. 0. 0.
61.918 2 ATTITUDE -0.033006 1.535079 0.033852
61.951 2 GPS 0 0 0 0 0 0 0 0 0 0 1
62.012 2 IMU_GYRO -0.027588 0.003174 -0.019043
62.015 2 WP_MOVED 5 348740. 5945760. 660. 12
62.022 2 DESIRED 34.91 0. 0. 0. 0. 655. 0. 15.
62.025 2 ATTITUDE -0.032977 1.535071 0.033882
62.102 2 IMU_ACCEL -9.699219 0.287109 0.363281
62.105 2 ESTIMATOR 0. 0.
62.108 2 ATTITUDE -0.03306 1.53506 0.033908
62.213 2 GPS 0 0 0 0 0 0 0 0 0 0 1
62.220 2 DESIRED 34.91 0. 0. 0. 0. 655. 0. 15.
62.223 2 ATTITUDE -0.032983 1.535095 0.033863
62.303 2 NAVIGATION 5 1 0. 0. 0. 0. 0 0
62.306 2 ATTITUDE -0.032995 1.535064 0.033874
62.408 2 BAT 54 36 0 0 1 49 49 0
62.414 2 DESIRED 34.91 0. 0. 0. 0. 655. 0. 15.
62.418 2 ATTITUDE -0.033047 1.535044 0.033833
62.452 2 GPS 0 0 0 0 0 0 0 0 0 0 1
62.500 2 WP_MOVED 6 348665. 5945815. 660. 12
62.503 2 ATTITUDE -0.033084 1.534984 0.033841
62.610 2 IMU_GYRO -0.02002 0.013672 -0.018066
62.612 2 ESTIMATOR 0. 0.
62.619 2 DESIRED 34.91 0. 0. 0. 0. 655. 0. 15.
62.622 2 ATTITUDE -0.033114 1.534957 0.033866
62.639 2 WIND_INFO 2 42 0. 0. 0.
62.705 2 GPS 0 0 0 0 0 0 0 0 0 0 1
62.708 2 ATTITUDE -0.032995 1.535025 0.033859
62.807 2 STATE_FILTER_STATUS 3 0
62.810 2 GPS_SOL 0 0 0 0
62.817 2 DESIRED 34.91 0. 0. 0. 0. 655. 0. 15.
62.820 2 ATTITUDE -0.033091 1.534998 0.033869
62.826 2 DOWNLINK_STATUS 0 63 46765 2065 0 772. 35. -1.40298447151e+12
62.899 2 IMU_ACCEL -9.675781 0.330078 0.310547
62.902 2 ATTITUDE -0.033108 1.535029 0.033824
62.951 2 GPS 0 0 0 0 0 0 0 0 0 0 1
63.008 2 WP_MOVED 7 349065. 5946015. 660. 12
63.015 2 DESIRED 34.91 0. 0. 0. 0. 655. 0. 15.
63.018 2 ATTITUDE -0.033111 1.535098 0.033794
63.098 2 ESTIMATOR 0. 0.
63.101 2 ATTITUDE -0.033069 1.535108 0.033808
63.215 2 DOWNLINK 1 726 2341
63.218 2 IMU_MAG 0. 0. 0.
63.221 2 IMU_GYRO -0.02002 0.013672 -0.016846
63.227 2 GPS 0 0 0 0 0 0 0 0 0 0 1
63.233 2 DESIRED 34.91 0. 0. 0. 0. 655. 0. 15.
63.307 2 ALIVE |64,13,209,9,26,106,16,132,68,91,95,208,168,167,148,226|
63.311 2 NAVIGATION 5 1 0. 0. 0. 0. 0 0
63.314 2 ATTITUDE -0.033022 1.535132 0.033853
63.404 2 DL_VALUE 3 0.
63.411 2 DESIRED 34.91 0. 0. 0. 0. 655. 0. 15.
63.415 2 ATTITUDE -0.033014 1.535142 0.033841
63.451 2 GPS 0 0 0 0 0 0 0 0 0 0 1
63.504 2 BAT 54 36 0 0 1 50 50 0
63.508 2 WP_MOVED 0 348907. 5945757. 660. 12
63.511 2 ATTITUDE -0.032952 1.535095 0.033852
63.605 2 ESTIMATOR 0. 0.
63.612 2 DESIRED 34.91 0. 0. 0. 0. 655. 0. 15.
63.615 2 ATTITUDE -0.032937 1.535195 0.033821
63.711 2 NAVIGATION_REF 348865 5945715 12 605.
63.714 2 IMU_ACCEL -9.651367 0.305664 0.373047
63.719 2 GPS 0 0 0 0 0 0 0 0 0 0 1
63.723 2 ATTITUDE -0.032871 1.535209 0.033851
63.807 2 IMU_GYRO -0.023193 0.010498 -0.018066
63.814 2 DESIRED 34.91 0. 0. 0. 0. 655. 0. 15.
63.817 2 ATTITUDE -0.032899 1.535235 0.033861
63.826 2 DOWNLINK_STATUS 0 64 47518 2098 0 753. 33. -1.40298447151e+12
63.903 2 FBW_STATUS 0 57 0 37 3
63.921 2 ATTITUDE -0.032863 1.535195 0.0339
63.951 2 GPS 0 0 0 0 0 0 0 0 0 0 1
64.008 2 CALIBRATION 0. 0
64.012 2 WP_MOVED 1 348865. 5945715. 660. 12
64.019 2 DESIRED 34.91 0. 0. 0. 0. 655. 0. 15.
64.021 2 ATTITUDE -0.032843 1.535189 0.03389
64.097 2 ESTIMATOR 0. 0.
64.100 2 ATTITUDE -0.032786 1.535239 0.033915
64.213 2 GPS 0 0 0 0 0 0 0 0 0 0 1
64.219 2 DESIRED 34.91 0. 0. 0. 0. 655. 0. 15.
64.222 2 ATTITUDE -0.032773 1.535234 0.033867
64.305 2 ENERGY 3.7 0.004 0 0.0148
64.310 2 NAVIGATION 5 1 0. 0. 0. 0. 0 0
64.313 2 ATTITUDE -0.032712 1.53526 0.033885
64.407 2 IMU_GYRO -0.025391 0.005127 -0.018066
64.414 2 DESIRED 34.91 0. 0. 0. 0. 655. 0. 15.
64.417 2 ATTITUDE -0.032801 1.535233 0.033872
64.451 2 GPS 0 0 0 0 0 0 0 0 0 0 1
64.507 2 IMU_MAG 0. 0. 0.
64.510 2 IMU_ACCEL -9.675781 0.330078 0.363281
64.514 2 WP_MOVED 2 348895. 5945815. 660. 12
64.517 2 ATTITUDE -0.032852 1.535206 0.033867
64.611 2 BAT 54 37 0 0 1 51 51 0
64.614 2 ESTIMATOR 0. 0.
64.620 2 DESIRED 34.91 0. 0. 0. 0. 655. 0. 15.
64.623 2 ATTITUDE -0.032783 1.535294 0.033854
64.705 2 GPS 0 0 0 0 0 0 0 0 0 0 1
64.708 2 ATTITUDE -0.032843 1.535275 0.033867
64.807 2 GPS_SOL 0 0 0 0
64.814 2 DESIRED 34.91 0. 0. 0. 0. 655. 0. 15.
64.816 2 ATTITUDE -0.032879 1.535269 0.033876
64.827 2 DOWNLINK_STATUS 0 65 48252 2130 0 734. 32. -1.40298447151e+12
64.896 2 DL_VALUE 4 0.
64.899 2 ATTITUDE -0.032779 1.535294 0.033909
64.950 2 GPS 0 0 0 0 0 0 0 0 0 0 1
65.011 2 STATE_FILTER_STATUS 3 0
65.014 2 IMU_GYRO -0.025391 0.006348 -0.016846
65.018 2 WP_MOVED 3 348965.09375 5945786. 660. 12
65.025 2 DESIRED 34.91 0. 0. 0. 0. 655. 0. 15.
65.028 2 ATTITUDE -0.032863 1.535251 0.033888
65.097 2 ESTIMATOR 0. 0.
65.100 2 ATTITUDE -0.032946 1.535222 0.033936
65.213 2 GPS 0 0 0 0 0 0 0 0 0 0 1
65.219 2 DESIRED 34.91 0. 0. 0. 0. 655. 0. 15.
65.223 2 ATTITUDE -0.032944 1.535269 0.033936
65.306 2 NAVIGATION 5 1 0. 0. 0. 0. 0 0
65.309 2 IMU_ACCEL -9.65625 0.330078 0.334961
65.312 2 ATTITUDE -0.032968 1.535209 0.033965
65.407 2 DESIRED 34.91 0. 0. 0. 0. 655. 0. 15.
65.410 2 ATTITUDE -0.032907 1.535219 0.033956
65.451 2 GPS 0 0 0 0 0 0 0 0 0 0 1
65.500 2 WP_MOVED 4 348764.6875 5945795. 660. 12
65.503 2 ATTITUDE -0.032855 1.535249 0.033996
65.611 2 IMU_GYRO -0.023193 0.009521 -0.018066
65.612 2 ESTIMATOR 0. 0.
65.620 2 DESIRED 34.91 0. 0. 0. 0. 655. 0. 15.
65.622 2 ATTITUDE -0.032841 1.535223 0.033957
65.707 2 PPRZ_MODE 0 1 2 0 0 17
65.711 2 BAT 54 37 0 0 1 53 53 0
65.717 2 GPS 0 0 0 0 0 0 0 0 0 0 1
65.720 2 ATTITUDE -0.032885 1.535237 0.033947
65.807 2 IMU_MAG 0. 0. 0.
65.813 2 DESIRED 34.91 0. 0. 0. 0. 655. 0. 15.
