1.881 2 GPS 0 0 0 0 0 0 0 0 0 0 1
1.904 2 DOWNLINK_STATUS 0 2 893 40 1 893. 40. 0.
2.076 2 WP_MOVED 1 348865. 5945715. 660. 12
2.131 2 GPS 0 0 0 0 0 0 0 0 0 0 1
2.156 2 FBW_STATUS 0 47 0 16 2
2.175 2 DL_VALUE 2 655.
2.178 2 ESTIMATOR 0. 0.
2.275 2 ATTITUDE 0. 0. 0.
2.380 2 GPS 0 0 0 0 0 0 0 0 0 0 1
2.575 2 WP_MOVED 2 348895. 5945815. 660. 12
2.631 2 GPS 0 0 0 0 0 0 0 0 0 0 1
2.686 2 IMU_GYRO -0.025391 0.036133 -0.045654
2.692 2 DESIRED 0. 0. 0. 0. 0. 655. 0. 15.
2.695 2 ESTIMATOR 0. 0.
2.785 2 BAT 40 16 0 0 0 4 0 0
2.790 2 NAVIGATION 0 1 0. 0. 0. 0. 0 0
2.793 2 ATTITUDE 0. 0. 0.
2.881 2 GPS 0 0 0 0 0 0 0 0 0 0 1
2.905 2 DOWNLINK_STATUS 0 3 1258 56 1 365. 16. 0.
2.959 2 ACTUATORS |1004,1003,1500,1500,1500,1500|
3.059 2 COMMANDS |40,14,0,0,-14,-9548|
3.080 2 CALIBRATION 0. 0
3.083 2 GPS_SOL 0 0 0 0
3.087 2 WP_MOVED 3 348965.09375 5945786. 660. 12
3.131 2 GPS 0 0 0 0 0 0 0 0 0 0 1
3.175 2 DOWNLINK 0 402 97
3.178 2 ESTIMATOR 0. 0.
3.275 2 STATE_FILTER_STATUS 2 0
3.278 2 ATTITUDE 0. 0. 0.
3.381 2 GPS 0 0 0 0 0 0 0 0 0 0 1
3.472 2 PPRZ_MODE 0 0 0 0 0 17
3.581 2 ALIVE |197,63,157,73,116,243,238,135,116,196,167,182,12,81,69,189|
3.584 2 WP_MOVED 4 348764.6875 5945795. 660. 12
3.630 2 GPS 0 0 0 0 0 0 0 0 0 0 1
3.681 2 ENERGY 1.6 0.002 0 0.0032
3.683 2 DL_VALUE 3 0.
3.685 2 ESTIMATOR 0. 0.
3.732 2 DESIRED 0. 0. 0. 0. 0. 655. 0. 15.
3.784 2 IMU_GYRO -0.027588 0.027588 -0.046631
3.789 2 NAVIGATION 0 1 0. 0. 0. 0. 0 0
3.792 2 ATTITUDE 0. 0. 0.
3.883 2 BAT 40 16 0 0 1 5 0 0
3.889 2 GPS 0 0 0 0 0 0 0 0 0 0 1
3.906 2 DOWNLINK_STATUS 0 4 1749 80 1 491. 24. 0.
4.076 2 WP_MOVED 5 348740. 5945760. 660. 12
4.131 2 GPS 0 0 0 0 0 0 0 0 0 0 1
4.156 2 FBW_STATUS 0 48 0 16 2
4.173 2 ESTIMATOR 0. 0.
4.274 2 ATTITUDE 0.064359 -1.583946 -0.01283
4.380 2 GPS 0 0 0 0 0 0 0 0 0 0 1
4.576 2 WP_MOVED 6 348665. 5945815. 660. 12
4.631 2 GPS 0 0 0 0 0 0 0 0 0 0 1
4.673 2 ESTIMATOR 0. 0.
4.792 2 DESIRED 0. 0.01 0. 0. 0. 655. 0. 15.
4.796 2 NAVIGATION 0 1 0. 0. 0. 0. 0 0
4.800 2 ATTITUDE 0.064359 -1.584117 -0.012738
4.882 2 IMU_GYRO -0.028564 0.022217 -0.047852
4.888 2 GPS 0 0 0 0 0 0 0 0 0 0 1
4.907 2 DOWNLINK_STATUS 0 5 2082 94 1 333. 14. 0.
4.976 2 BAT 40 16 0 0 1 7 0 0
5.078 2 GPS_SOL 0 0 0 0
5.082 2 WP_MOVED 7 349065. 5946015. 660. 12
5.130 2 GPS 0 0 0 0 0 0 0 0 0 0 1
5.177 2 CALIBRATION 0. 0
5.179 2 DL_VALUE 4 0.
5.181 2 ESTIMATOR 0. 0.
5.275 2 ATTITUDE 0.064535 -1.584379 -0.012646
5.380 2 GPS 0 0 0 0 0 0 0 0 0 0 1
5.441 2 PONG 
5.576 2 WP_MOVED 0 348907. 5945757. 660. 12
5.631 2 GPS 0 0 0 0 0 0 0 0 0 0 1
5.673 2 ESTIMATOR 0. 0.
5.782 2 NAVIGATION 0 1 0. 0. 0. 0. 0 0
5.785 2 ATTITUDE 0.064577 -1.584296 -0.01269
5.833 2 DESIRED 0. 0.01 0. 0. 0. 655. 0. 15.
5.881 2 GPS 0 0 0 0 0 0 0 0 0 0 1
5.908 2 DOWNLINK_STATUS 0 6 2448 111 1 366. 17. 37.56
5.974 2 IMU_GYRO -0.031738 -0.000977 -0.046631
6.080 2 BAT 40 16 0 0 1 8 0 0
6.083 2 WP_MOVED 1 348865. 5945715. 660. 12
6.130 2 GPS 0 0 0 0 0 0 0 0 0 0 1
6.157 2 FBW_STATUS 0 46 0 16 2
6.178 2 ENERGY 1.6 0.002 0 0.0032
6.181 2 ESTIMATOR 0. 0.
6.275 2 ATTITUDE 0.064703 -1.583869 -0.012744
6.380 2 GPS 0 0 0 0 0 0 0 0 0 0 1
6.576 2 WP_MOVED 2 348895. 5945815. 660. 12
6.631 2 GPS 0 0 0 0 0 0 0 0 0 0 1
6.675 2 DL_VALUE 5 0.
6.678 2 ESTIMATOR 0. 0.
6.782 2 NAVIGATION 0 1 0. 0. 0. 0. 0 0
6.785 2 ATTITUDE 0.064356 -1.583766 -0.012663
6.890 2 DESIRED 0. 0.01 0. 0. 0. 655. 0. 15.
6.895 2 GPS 0 0 0 0 0 0 0 0 0 0 1
6.909 2 DOWNLINK_STATUS 0 7 2833 128 1 385. 17. 37.56
6.975 2 NAVIGATION_REF 348865 5945715 12 605.
7.082 2 GPS_SOL 0 0 0 0
7.085 2 IMU_GYRO -0.029785 0.010498 -0.045654
7.089 2 WP_MOVED 3 348965.09375 5945786. 660. 12
7.130 2 GPS 0 0 0 0 0 0 0 0 0 0 1
7.179 2 BAT 40 16 0 0 1 9 0 0
7.181 2 ESTIMATOR 0. 0.
7.276 2 CALIBRATION 0. 0
7.279 2 ATTITUDE 0.06427 -1.583846 -0.012575
7.381 2 GPS 0 0 0 0 0 0 0 0 0 0 1
7.576 2 WP_MOVED 4 348764.6875 5945795. 660. 12
7.631 2 GPS 0 0 0 0 0 0 0 0 0 0 1
7.673 2 ESTIMATOR 0. 0.
7.782 2 NAVIGATION 0 1 0. 0. 0. 0. 0 0
7.784 2 ATTITUDE 0.06453 -1.583943 -0.01257
7.880 2 GPS 0 0 0 0 0 0 0 0 0 0 1
7.910 2 DOWNLINK_STATUS 0 8 3181 144 1 348. 16. 37.56
7.932 2 DESIRED 0. 0.01 0. 0. 0. 655. 0. 15.
7.958 2 ACTUATORS |1004,1003,1500,1500,1500,1500|
8.058 2 COMMANDS |40,14,0,0,-14,-9548|
8.075 2 WP_MOVED 5 348740. 5945760. 660. 12
8.130 2 GPS 0 0 0 0 0 0 0 0 0 0 1
8.157 2 FBW_STATUS 0 48 0 16 2
8.179 2 DL_VALUE 6 100.
8.182 2 IMU_GYRO -0.032959 0.003174 -0.046631
8.184 2 ESTIMATOR 0. 0.
8.282 2 DOWNLINK 0 390 188
8.284 2 STATE_FILTER_STATUS 3 0
8.288 2 BAT 40 16 0 0 1 10 0 0
8.291 2 ATTITUDE 0.0641 -1.583929 -0.012663
8.381 2 GPS 0 0 0 0 0 0 0 0 0 0 1
8.473 2 PPRZ_MODE 0 0 0 0 0 17
8.581 2 ALIVE |197,63,157,73,116,243,238,135,116,196,167,182,12,81,69,189|
8.584 2 WP_MOVED 6 348665. 5945815. 660. 12
8.631 2 GPS 0 0 0 0 0 0 0 0 0 0 1
8.678 2 ENERGY 1.6 0.002 0 0.0032
8.680 2 ESTIMATOR 0. 0.
8.781 2 NAVIGATION 0 1 0. 0. 0. 0. 0 0
8.784 2 ATTITUDE 0.064183 -1.583756 -0.012578
8.880 2 GPS 0 0 0 0 0 0 0 0 0 0 1
8.911 2 DOWNLINK_STATUS 0 9 3659 167 1 478. 23. 37.56
8.982 2 DESIRED 0. 0.01 0. 0. 0. 655. 0. 15.
9.079 2 GPS_SOL 0 0 0 0
9.082 2 WP_MOVED 7 349065. 5946015. 660. 12
9.130 2 GPS 0 0 0 0 0 0 0 0 0 0 1
9.173 2 ESTIMATOR 0. 0.
9.279 2 IMU_GYRO -0.029785 0.018066 -0.047852
9.282 2 ATTITUDE 0.064527 -1.583592 -0.012495
9.383 2 CALIBRATION 0. 0
9.386 2 BAT 40 16 0 0 1 11 0 0
9.392 2 GPS 0 0 0 0 0 0 0 0 0 0 1
9.575 2 WP_MOVED 0 348907. 5945757. 660. 12
9.630 2 GPS 0 0 0 0 0 0 0 0 0 0 1
9.675 2 DL_VALUE 7 0.
9.677 2 ESTIMATOR 0. 0.
9.781 2 NAVIGATION 0 1 0. 0. 0. 0. 0 0
9.785 2 ATTITUDE 0.06444 -1.583502 -0.012498
9.880 2 GPS 0 0 0 0 0 0 0 0 0 0 1
9.911 2 DOWNLINK_STATUS 0 10 4037 184 1 378. 17. 37.56
10.032 2 DESIRED 0. 0.01 0. 0. 0. 655. 0. 15.
10.075 2 WP_MOVED 1 348865. 5945715. 660. 12
10.130 2 GPS 0 0 0 0 0 0 0 0 0 0 1
10.157 2 FBW_STATUS 0 49 0 16 2
10.173 2 ESTIMATOR 0. 0.
10.275 2 ATTITUDE 0.064353 -1.583416 -0.012588
10.381 2 IMU_GYRO -0.028564 0.02002 -0.046631
10.387 2 GPS 0 0 0 0 0 0 0 0 0 0 1
10.441 2 PONG 
10.475 2 BAT 40 16 0 0 1 12 0 0
10.575 2 WP_MOVED 2 348895. 5945815. 660. 12
10.630 2 GPS 0 0 0 0 0 0 0 0 0 0 1
10.673 2 ESTIMATOR 0. 0.
10.781 2 NAVIGATION 0 1 0. 0. 0. 0. 0 0
10.785 2 ATTITUDE 0.064225 -1.583408 -0.012547
10.880 2 GPS 0 0 0 0 0 0 0 0 0 0 1
10.912 2 DOWNLINK_STATUS 0 11 4397 200 1 360. 16. 37.65
11.086 2 GPS_SOL 0 0 0 0
11.093 2 DESIRED 0. 0.01 0. 0. 0. 655. 0. 15.
11.097 2 WP_MOVED 3 348965.09375 5945786. 660. 12
11.130 2 GPS 0 0 0 0 0 0 0 0 0 0 1
11.181 2 ENERGY 1.6 0.002 0 0.0032
11.183 2 DL_VALUE 8 0.
11.185 2 ESTIMATOR 0. 0.
11.275 2 ATTITUDE 0.064265 -1.583319 -0.012419
11.380 2 GPS 0 0 0 0 0 0 0 0 0 0 1
11.475 2 CALIBRATION 0. 0
11.478 2 IMU_GYRO -0.029785 0.014893 -0.047852
11.580 2 BAT 40 16 0 0 1 13 0 0
11.583 2 WP_MOVED 4 348764.6875 5945795. 660. 12
11.630 2 GPS 0 0 0 0 0 0 0 0 0 0 1
11.673 2 ESTIMATOR 0. 0.
11.781 2 NAVIGATION 0 1 0. 0. 0. 0. 0 0
11.784 2 ATTITUDE 0.064178 -1.583229 -0.012422
11.880 2 GPS 0 0 0 0 0 0 0 0 0 0 1
11.913 2 DOWNLINK_STATUS 0 12 4795 218 1 398. 18. 37.65
12.076 2 WP_MOVED 5 348740. 5945760. 660. 12
12.090 2 WIND_INFO 2 42 0. 0. 0.
12.140 2 DESIRED 0. 0.01 0. 0. 0. 655. 0. 15.
12.145 2 GPS 0 0 0 0 0 0 0 0 0 0 1
12.156 2 FBW_STATUS 0 47 0 16 2
12.172 2 ESTIMATOR 0. 0.
12.274 2 ATTITUDE 0.063918 -1.583299 -0.012248
12.380 2 GPS 0 0 0 0 0 0 0 0 0 0 1
12.579 2 IMU_GYRO -0.028564 0.028564 -0.047852
12.582 2 WP_MOVED 6 348665. 5945815. 660. 12
12.630 2 GPS 0 0 0 0 0 0 0 0 0 0 1
12.679 2 DL_VALUE 9 1.
12.683 2 BAT 40 16 0 0 1 14 0 0
12.685 2 ESTIMATOR 0. 0.
12.781 2 NAVIGATION 0 1 0. 0. 0. 0. 0 0
12.784 2 ATTITUDE 0.064349 -1.583225 -0.012162
12.880 2 GPS 0 0 0 0 0 0 0 0 0 0 1
12.914 2 DOWNLINK_STATUS 0 13 5160 234 1 365. 16. 37.65
12.958 2 ACTUATORS |1004,1003,1500,1500,1500,1500|
13.057 2 COMMANDS |40,14,0,0,-14,-9548|
13.078 2 GPS_SOL 0 0 0 0
13.081 2 WP_MOVED 7 349065. 5946015. 660. 12
13.130 2 GPS 0 0 0 0 0 0 0 0 0 0 1
13.186 2 DESIRED 0. 0.01 0. 0. 0. 655. 0. 15.
13.187 2 ESTIMATOR 0. 0.
13.274 2 STATE_FILTER_STATUS 3 0
13.278 2 ATTITUDE 0.064479 -1.583225 -0.012034
13.378 2 DOWNLINK 0 388 278
13.384 2 GPS 0 0 0 0 0 0 0 0 0 0 1
13.472 2 PPRZ_MODE 0 0 0 0 0 17
13.583 2 ALIVE |197,63,157,73,116,243,238,135,116,196,167,182,12,81,69,189|
13.585 2 CALIBRATION 0. 0
13.588 2 WP_MOVED 0 348907. 5945757. 660. 12
13.630 2 GPS 0 0 0 0 0 0 0 0 0 0 1
13.682 2 ENERGY 1.6 0.002 0 0.0032
13.685 2 IMU_GYRO -0.024414 0.041504 -0.046631
13.688 2 ESTIMATOR 0. 0.
13.785 2 BAT 40 16 0 0 1 15 0 0
13.790 2 NAVIGATION 0 1 0. 0. 0. 0. 0 0
13.793 2 ATTITUDE 0.064434 -1.583048 -0.011995
13.880 2 GPS 0 0 0 0 0 0 0 0 0 0 1
13.915 2 DOWNLINK_STATUS 0 14 5640 257 1 480. 23. 37.65
14.075 2 WP_MOVED 1 348865. 5945715. 660. 12
14.130 2 GPS 0 0 0 0 0 0 0 0 0 0 1
14.156 2 FBW_STATUS 0 47 0 16 2
14.174 2 DL_VALUE 10 0.
14.177 2 ESTIMATOR 0. 0.
14.232 2 DESIRED 0. 0.01 0. 0. 0. 655. 0. 15.
14.274 2 ATTITUDE 0.064434 -1.583052 -0.012081
14.380 2 GPS 0 0 0 0 0 0 0 0 0 0 1
14.575 2 WP_MOVED 2 348895. 5945815. 660. 12
14.630 2 GPS 0 0 0 0 0 0 0 0 0 0 1
14.673 2 ESTIMATOR 0. 0.
14.784 2 IMU_GYRO -0.028564 0.018066 -0.047852
14.789 2 NAVIGATION 0 1 0. 0. 0. 0. 0 0
14.791 2 ATTITUDE 0.064134 -1.583128 -0.012125
14.882 2 BAT 40 16 0 0 1 16 0 0
14.888 2 GPS 0 0 0 0 0 0 0 0 0 0 1
14.916 2 DOWNLINK_STATUS 0 15 6005 273 1 365. 16. 37.65
15.078 2 GPS_SOL 0 0 0 0
15.081 2 WP_MOVED 3 348965.09375 5945786. 660. 12
15.130 2 GPS 0 0 0 0 0 0 0 0 0 0 1
15.173 2 ESTIMATOR 0. 0.
15.286 2 DESIRED 0. 0.01 0. 0. 0. 655. 0. 15.
15.289 2 ATTITUDE 0.064262 -1.583048 -0.012168
15.380 2 GPS 0 0 0 0 0 0 0 0 0 0 1
15.442 2 PONG 
15.575 2 WP_MOVED 4 348764.6875 5945795. 660. 12
15.630 2 GPS 0 0 0 0 0 0 0 0 0 0 1
15.676 2 CALIBRATION 0. 0
15.678 2 DL_VALUE 11 0.
15.681 2 ESTIMATOR 0. 0.
15.780 2 NAVIGATION 0 1 0. 0. 0. 0. 0 0
15.784 2 ATTITUDE 0.064175 -1.583042 -0.012082
15.882 2 IMU_GYRO -0.030762 0.012695 -0.046631
15.886 2 GPS 0 0 0 0 0 0 0 0 0 0 1
15.917 2 DOWNLINK_STATUS 0 16 6368 290 1 363. 17. 37.69
15.979 2 NAVIGATION_REF 348865 5945715 12 605.
15.982 2 BAT 40 16 0 0 1 18 0 0
16.075 2 WP_MOVED 5 348740. 5945760. 660. 12
16.130 2 GPS 0 0 0 0 0 0 0 0 0 0 1
16.156 2 FBW_STATUS 0 49 0 16 2
16.178 2 ENERGY 1.6 0.002 0 0.0032
16.180 2 ESTIMATOR 0. 0.
16.274 2 ATTITUDE 0.064521 -1.583055 -0.01208
16.332 2 DESIRED 0. 0.01 0. 0. 0. 655. 0. 15.
16.380 2 GPS 0 0 0 0 0 0 0 0 0 0 1
16.575 2 WP_MOVED 6 348665. 5945815. 660. 12
16.630 2 GPS 0 0 0 0 0 0 0 0 0 0 1
16.672 2 ESTIMATOR 0. 0.
16.781 2 NAVIGATION 0 1 0. 0. 0. 0. 0 0
16.784 2 ATTITUDE 0.064435 -1.583142 -0.012164
16.880 2 GPS 0 0 0 0 0 0 0 0 0 0 1
16.918 2 DOWNLINK_STATUS 0 17 6743 306 1 375. 16. 37.69
16.974 2 IMU_GYRO -0.027588 0.02124 -0.047852
17.082 2 GPS_SOL 0 0 0 0
17.086 2 BAT 40 16 0 0 1 19 0 0
17.089 2 WP_MOVED 7 349065. 5946015. 660. 12
17.130 2 GPS 0 0 0 0 0 0 0 0 0 0 1
17.175 2 DL_VALUE 12 12000.
17.177 2 ESTIMATOR 0. 0.
17.274 2 ATTITUDE 0.064608 -1.583145 -0.012077
17.389 2 DESIRED 0. 0.01 0. 0. 0. 655. 0. 15.
17.395 2 GPS 0 0 0 0 0 0 0 0 0 0 1
17.575 2 WP_MOVED 0 348907. 5945757. 660. 12
17.629 2 GPS 0 0 0 0 0 0 0 0 0 0 1
17.672 2 ESTIMATOR 0. 0.
17.780 2 CALIBRATION 0. 0
17.785 2 NAVIGATION 0 1 0. 0. 0. 0. 0 0
17.788 2 ATTITUDE 0.064521 -1.582971 -0.012169
17.880 2 GPS 0 0 0 0 0 0 0 0 0 0 1
17.919 2 DOWNLINK_STATUS 0 18 7121 323 1 378. 17. 37.69
17.957 2 ACTUATORS |1004,1003,1500,1500,1500,1500|
18.058 2 COMMANDS |40,14,0,0,-14,-9548|
18.078 2 IMU_GYRO -0.027588 0.02124 -0.046631
18.082 2 WP_MOVED 1 348865. 5945715. 660. 12
18.130 2 GPS 0 0 0 0 0 0 0 0 0 0 1
18.156 2 FBW_STATUS 0 47 0 16 2
18.178 2 BAT 40 16 0 0 1 20 0 0
18.181 2 ESTIMATOR 0. 0.
18.275 2 STATE_FILTER_STATUS 3 0
18.278 2 ATTITUDE 0.064607 -1.583058 -0.01208
18.380 2 GPS 0 0 0 0 0 0 0 0 0 0 1
18.432 2 DESIRED 0. 0.01 0. 0. 0. 655. 0. 15.
18.473 2 DOWNLINK 0 398 370
18.475 2 PPRZ_MODE 0 0 0 0 0 17
18.581 2 ALIVE |197,63,157,73,116,243,238,135,116,196,167,182,12,81,69,189|
18.583 2 WP_MOVED 2 348895. 5945815. 660. 12
18.629 2 GPS 0 0 0 0 0 0 0 0 0 0 1
18.680 2 ENERGY 1.6 0.002 0 0.0032
18.682 2 DL_VALUE 13 1.5
18.684 2 ESTIMATOR 0. 0.
18.781 2 NAVIGATION 0 1 0. 0. 0. 0. 0 0
18.784 2 ATTITUDE 0.064521 -1.583055 -0.01208
18.880 2 GPS 0 0 0 0 0 0 0 0 0 0 1
18.920 2 DOWNLINK_STATUS 0 19 7599 346 1 478. 23. 37.69
19.078 2 GPS_SOL 0 0 0 0
19.081 2 WP_MOVED 3 348965.09375 5945786. 660. 12
19.130 2 GPS 0 0 0 0 0 0 0 0 0 0 1
19.177 2 IMU_GYRO -0.027588 0.019043 -0.046631
19.180 2 ESTIMATOR 0. 0.
19.279 2 BAT 40 16 0 0 1 21 0 0
19.283 2 ATTITUDE 0.06452 -1.583052 -0.011994
19.379 2 GPS 0 0 0 0 0 0 0 0 0 0 1
19.482 2 DESIRED 0. 0.01 0. 0. 0. 655. 0. 15.
19.574 2 WP_MOVED 4 348764.6875 5945795. 660. 12
19.629 2 GPS 0 0 0 0 0 0 0 0 0 0 1
19.672 2 ESTIMATOR 0. 0.
19.781 2 NAVIGATION 0 1 0. 0. 0. 0. 0 0
19.784 2 ATTITUDE 0.064651 -1.583058 -0.012038
19.878 2 CALIBRATION 0. 0
19.884 2 GPS 0 0 0 0 0 0 0 0 0 0 1
19.920 2 DOWNLINK_STATUS 0 20 7966 362 1 367. 16. 37.69
20.075 2 WP_MOVED 5 348740. 5945760. 660. 12
20.130 2 GPS 0 0 0 0 0 0 0 0 0 0 1
20.156 2 FBW_STATUS 0 48 0 16 2
20.175 2 DL_VALUE 14 0.610865
20.177 2 ESTIMATOR 0. 0.
20.278 2 IMU_GYRO -0.027588 0.02124 -0.046631
20.281 2 ATTITUDE 0.064609 -1.583137 -0.011908
20.382 2 BAT 40 16 0 0 1 22 0 0
20.387 2 GPS 0 0 0 0 0 0 0 0 0 0 1
20.442 2 PONG 
20.531 2 DESIRED 0. 0.01 0. 0. 0. 655. 0. 15.
20.575 2 WP_MOVED 6 348665. 5945815. 660. 12
20.630 2 GPS 0 0 0 0 0 0 0 0 0 0 1
20.672 2 ESTIMATOR 0. 0.
20.781 2 NAVIGATION 0 1 0. 0. 0. 0. 0 0
20.784 2 ATTITUDE 0.064781 -1.58314 -0.011821
20.880 2 GPS 0 0 0 0 0 0 0 0 0 0 1
20.921 2 DOWNLINK_STATUS 0 21 8337 379 1 371. 17. 37.64
21.078 2 GPS_SOL 0 0 0 0
21.082 2 WP_MOVED 7 349065. 5946015. 660. 12
21.130 2 GPS 0 0 0 0 0 0 0 0 0 0 1
21.177 2 ENERGY 1.6 0.002 0 0.0032
21.180 2 ESTIMATOR 0. 0.
21.273 2 ATTITUDE 0.064782 -1.583227 -0.011818
21.381 2 IMU_GYRO -0.027588 0.023193 -0.047852
21.386 2 GPS 0 0 0 0 0 0 0 0 0 0 1
21.475 2 BAT 40 16 0 0 1 23 0 0
21.586 2 DESIRED 0. 0.01 0. 0. 0. 655. 0. 15.
21.589 2 WP_MOVED 0 348907. 5945757. 660. 12
21.630 2 GPS 0 0 0 0 0 0 0 0 0 0 1
21.674 2 DL_VALUE 15 7500.
21.677 2 ESTIMATOR 0. 0.
21.781 2 NAVIGATION 0 1 0. 0. 0. 0. 0 0
21.784 2 ATTITUDE 0.064823 -1.583061 -0.011951
21.880 2 GPS 0 0 0 0 0 0 0 0 0 0 1
21.922 2 DOWNLINK_STATUS 0 22 8724 396 1 387. 17. 37.64
21.971 2 CALIBRATION 0. 0
22.074 2 WP_MOVED 1 348865. 5945715. 660. 12
22.090 2 WIND_INFO 2 42 0. 0. 0.
22.135 2 GPS 0 0 0 0 0 0 0 0 0 0 1
22.155 2 FBW_STATUS 0 48 0 16 2
22.172 2 ESTIMATOR 0. 0.
22.274 2 ATTITUDE 0.064781 -1.583057 -0.01191
22.379 2 GPS 0 0 0 0 0 0 0 0 0 0 1
22.474 2 IMU_GYRO -0.028564 0.022217 -0.046631
22.579 2 BAT 40 16 0 0 1 24 0 0
22.583 2 WP_MOVED 2 348895. 5945815. 660. 12
22.639 2 DESIRED 0. 0.01 0. 0. 0. 655. 0. 15.
22.644 2 GPS 0 0 0 0 0 0 0 0 0 0 1
22.672 2 ESTIMATOR 0. 0.
22.781 2 NAVIGATION 0 1 0. 0. 0. 0. 0 0
22.784 2 ATTITUDE 0.064951 -1.582891 -0.011911
22.880 2 GPS 0 0 0 0 0 0 0 0 0 0 1
22.923 2 DOWNLINK_STATUS 0 23 9089 412 1 365. 16. 37.64
22.957 2 ACTUATORS |1004,1003,1500,1500,1500,1500|
23.058 2 COMMANDS |40,14,0,0,-14,-9548|
23.077 2 GPS_SOL 0 0 0 0
23.081 2 WP_MOVED 3 348965.09375 5945786. 660. 12
23.129 2 GPS 0 0 0 0 0 0 0 0 0 0 1
23.174 2 DL_VALUE 16 1250.
23.176 2 ESTIMATOR 0. 0.
23.274 2 STATE_FILTER_STATUS 3 0
23.277 2 ATTITUDE 0.064864 -1.582884 -0.011825
23.379 2 GPS 0 0 0 0 0 0 0 0 0 0 1
23.471 2 PPRZ_MODE 0 0 0 0 0 17
23.584 2 DOWNLINK 0 375 458
23.588 2 ALIVE |197,63,157,73,116,243,238,135,116,196,167,182,12,81,69,189|
23.591 2 IMU_GYRO -0.029785 0.013672 -0.045654
23.595 2 WP_MOVED 4 348764.6875 5945795. 660. 12
23.630 2 GPS 0 0 0 0 0 0 0 0 0 0 1
23.690 2 ENERGY 1.6 0.002 0 0.0032
23.694 2 BAT 40 16 0 0 1 25 0 0
23.700 2 DESIRED 0. 0.01 0. 0. 0. 655. 0. 15.
23.703 2 ESTIMATOR 0. 0.
23.781 2 NAVIGATION 0 1 0. 0. 0. 0. 0 0
23.784 2 ATTITUDE 0.064777 -1.582794 -0.011828
23.879 2 GPS 0 0 0 0 0 0 0 0 0 0 1
23.924 2 DOWNLINK_STATUS 0 24 9569 435 1 480. 23. 37.64
24.075 2 CALIBRATION 0. 0
24.079 2 WP_MOVED 5 348740. 5945760. 660. 12
24.129 2 GPS 0 0 0 0 0 0 0 0 0 0 1
24.155 2 FBW_STATUS 0 49 0 16 2
24.172 2 ESTIMATOR 0. 0.
24.274 2 ATTITUDE 0.065034 -1.582624 -0.01166
24.380 2 GPS 0 0 0 0 0 0 0 0 0 0 1
24.575 2 WP_MOVED 6 348665. 5945815. 660. 12
24.630 2 GPS 0 0 0 0 0 0 0 0 0 0 1
24.678 2 DL_VALUE 17 0.45
24.680 2 IMU_GYRO -0.029785 0.018066 -0.047852
24.683 2 ESTIMATOR 0. 0.
24.732 2 DESIRED 0. 0.01 0. 0. 0. 655. 0. 15.
24.784 2 BAT 40 16 0 0 1 26 0 0
24.788 2 NAVIGATION 0 1 0. 0. 0. 0. 0 0
24.791 2 ATTITUDE 0.06495 -1.58262 -0.011664
24.879 2 GPS 0 0 0 0 0 0 0 0 0 0 1
24.925 2 DOWNLINK_STATUS 0 25 9945 452 1 376. 17. 37.64
24.974 2 NAVIGATION_REF 348865 5945715 12 605.
25.077 2 GPS_SOL 0 0 0 0
25.081 2 WP_MOVED 7 349065. 5946015. 660. 12
25.129 2 GPS 0 0 0 0 0 0 0 0 0 0 1
25.172 2 ESTIMATOR 0. 0.
25.274 2 ATTITUDE 0.064906 -1.582704 -0.011616
25.379 2 GPS 0 0 0 0 0 0 0 0 0 0 1
25.443 2 PONG 
25.575 2 WP_MOVED 0 348907. 5945757. 660. 12
25.630 2 GPS 0 0 0 0 0 0 0 0 0 0 1
25.672 2 ESTIMATOR 0. 0.
25.790 2 IMU_GYRO -0.028564 0.02002 -0.046631
25.797 2 DESIRED 0. 0.01 0. 0. 0. 655. 0. 15.
25.802 2 NAVIGATION 0 1 0. 0. 0. 0. 0 0
25.805 2 ATTITUDE 0.064864 -1.58279 -0.011659
25.881 2 BAT 40 16 0 0 1 27 0 0
25.887 2 GPS 0 0 0 0 0 0 0 0 0 0 1
25.926 2 DOWNLINK_STATUS 0 26 10326 469 1 381. 17. 37.59
26.074 2 WP_MOVED 1 348865. 5945715. 660. 12
26.129 2 GPS 0 0 0 0 0 0 0 0 0 0 1
26.155 2 FBW_STATUS 0 52 0 16 2
26.182 2 ENERGY 1.6 0.002 0 0.0032
26.184 2 CALIBRATION 0. 0
26.186 2 DL_VALUE 18 0.03
26.188 2 ESTIMATOR 0. 0.
26.274 2 ATTITUDE 0.064777 -1.5827 -0.011662
26.380 2 GPS 0 0 0 0 0 0 0 0 0 0 1
26.575 2 WP_MOVED 2 348895. 5945815. 660. 12
26.630 2 GPS 0 0 0 0 0 0 0 0 0 0 1
26.672 2 ESTIMATOR 0. 0.
26.780 2 NAVIGATION 0 1 0. 0. 0. 0. 0 0
26.783 2 ATTITUDE 0.064776 -1.582523 -0.011581
26.831 2 DESIRED 0. 0.01 0. 0. 0. 655. 0. 15.
26.880 2 IMU_GYRO -0.030762 0.010498 -0.046631
26.886 2 GPS 0 0 0 0 0 0 0 0 0 0 1
26.927 2 DOWNLINK_STATUS 0 27 10701 486 1 375. 17. 37.59
26.975 2 BAT 40 16 0 0 1 29 0 0
27.077 2 GPS_SOL 0 0 0 0
27.081 2 WP_MOVED 3 348965.09375 5945786. 660. 12
27.129 2 GPS 0 0 0 0 0 0 0 0 0 0 1
27.172 2 ESTIMATOR 0. 0.
27.274 2 ATTITUDE 0.065118 -1.582447 -0.011493
27.380 2 GPS 0 0 0 0 0 0 0 0 0 0 1
27.575 2 WP_MOVED 4 348764.6875 5945795. 660. 12
27.629 2 GPS 0 0 0 0 0 0 0 0 0 0 1
27.673 2 DL_VALUE 19 0.15
27.676 2 ESTIMATOR 0. 0.
27.780 2 NAVIGATION 0 1 0. 0. 0. 0. 0 0
27.783 2 ATTITUDE 0.064857 -1.58226 -0.011413
27.888 2 DESIRED 0. 0.01 0. 0. 0. 655. 0. 15.
27.894 2 GPS 0 0 0 0 0 0 0 0 0 0 1
27.927 2 DOWNLINK_STATUS 0 28 11050 501 1 349. 15. 37.59
27.957 2 ACTUATORS |1004,1003,1500,1500,1500,1500|
27.973 2 IMU_GYRO -0.024414 0.034912 -0.046631
