3.540 1 ATTITUDE 0. 0. 0.
3.544 1 WP_MOVED 3 360295.09375 4813785. 260. 31
3.547 1 IMU_ACCEL 0.554688 -9.857422 0.191406
3.552 1 BAT 0 101 0 0 1 1 0 0
3.556 1 GPS 0 16602147 0 0 -17000 0 0 0 1250 31 5
3.559 1 SVINFO 5 6 16 1 0 -91 0
3.563 1 NAVIGATION 0 2 -194263.5 -4813595. 0. 2.32084345979e+13 0 0
3.566 1 ATTITUDE 0. 0. 0.
3.573 1 DESIRED 0. 0. 0. 0. 0. 235. 0. 20.
3.575 1 DOWNLINK 0 279 67
3.578 1 ATTITUDE 0. 0. 0.
3.581 1 NAVIGATION_REF 360285 4813595 31
3.775 1 DOWNLINK_STATUS 0 4 1298 60 0 727. 34. 0.
3.828 1 ATTITUDE 0. 0. 0.
3.835 1 DESIRED 0. 0. 0. 0. 0. 235. 0. 20.
3.841 1 GPS 0 16602147 0 0 -17000 0 0 0 1500 31 6
3.843 1 SVINFO 6 7 16 1 0 -91 0
3.846 1 IMU_GYRO -0.047852 0.008301 -0.007324
3.851 1 NAVIGATION 0 2 -194263.5 -4813595. 0. 2.32084345979e+13 0 0
3.854 1 ATTITUDE 0. 0. 0.
3.856 1 ESTIMATOR -17. 0.
3.861 1 NAVIGATION 0 2 -194263.5 -4813595. 0. 2.32084345979e+13 0 0
3.864 1 ATTITUDE 0. 0. 0.
3.943 1 DESIRED 0. 0. 0. 0. 0. 235. 0. 20.
3.947 1 WP_MOVED 4 360417.3125 4813734. 260. 31
3.950 1 IMU_MAG -2.696289 -2.322754 -3.928223
4.235 1 GPS 0 16602147 0 0 -17000 0 0 0 1750 31 7
4.237 1 SVINFO 7 8 16 1 0 -91 0
4.240 1 FBW_STATUS 2 0 1 101 0
4.245 1 NAVIGATION 0 2 -194263.5 -4813595. 0. 2.32084345979e+13 0 0
4.248 1 ATTITUDE 0. 0. 0.
4.251 1 ATTITUDE 0. 0. 0.
4.257 1 DESIRED 0. 0. 0. 0. 0. 235. 0. 20.
4.259 1 PPRZ_MODE 2 0 0 0 0 6
4.263 1 ATTITUDE 0. 0. 0.
4.268 1 GPS 0 16602147 0 0 -17000 0 0 0 2000 31 8
4.271 1 SVINFO 8 9 16 1 0 -91 0
4.321 1 IMU_ACCEL 0.545898 -9.829102 0.196289
4.323 1 DL_VALUE 1 0.
4.500 1 NAVIGATION 0 2 -194263.5 -4813595. 0. 2.32084345979e+13 0 0
4.503 1 ATTITUDE 0. 0. 0.
4.510 1 DESIRED 0. 0. 0. 0. 0. 235. 0. 20.
4.511 1 ESTIMATOR -17. 0.
4.515 1 IMU_GYRO -0.047852 0.008301 -0.009521
4.745 1 ATTITUDE 0. 0. 0.
4.749 1 WP_MOVED 5 360422. 4813583.5 260. 31
4.755 1 GPS 0 16602147 0 0 -17000 0 0 0 2250 31 9
4.757 1 SVINFO 9 10 16 1 0 -91 0
4.762 1 NAVIGATION 0 2 -194263.5 -4813595. 0. 2.32084345979e+13 0 0
4.765 1 ATTITUDE 0. 0. 0.
4.771 1 DESIRED 0. 0. 0. 0. 0. 235. 0. 20.
4.775 1 BAT 0 101 0 0 1 2 0 0
4.775 1 DOWNLINK_STATUS 0 5 2167 99 0 869. 39. 0.
4.778 1 ATTITUDE 0. 0. 0.
4.910 1 ATTITUDE 0. 0. 0.
4.917 1 DESIRED 0. 0. 0. 0. 0. 235. 0. 20.
4.922 1 GPS 0 16602147 0 0 -17000 0 0 0 2500 31 10
4.924 1 SVINFO 10 11 16 1 0 -91 0
5.074 1 NAVIGATION 0 2 -194263.5 -4813595. 0. 2.32084345979e+13 0 0
5.077 1 ATTITUDE 0. 0. 0.
5.079 1 ESTIMATOR -17. 0.
5.084 1 NAVIGATION 0 2 -194263.5 -4813595. 0. 2.32084345979e+13 0 0
5.087 1 GPS_SOL 649519232 100000 9999 0
5.360 1 ATTITUDE 0. 0. 0.
5.367 1 DESIRED 0. 0. 0. 0. 0. 235. 0. 20.
5.370 1 WP_MOVED 6 360165.8125 4813664.5 260. 31
5.373 1 IMU_GYRO -0.046631 0.008301 -0.008301
5.379 1 GPS 0 16602147 0 0 -17000 0 0 0 2750 31 11
5.381 1 SVINFO 11 12 16 1 0 -91 0
5.386 1 NAVIGATION 0 2 -194263.5 -4813595. 0. 2.32084345979e+13 0 0
5.388 1 ATTITUDE 0. 0. 0.
5.391 1 IMU_ACCEL 0.545898 -9.867188 0.219727
5.393 1 CALIBRATION 0. 0
5.396 1 ATTITUDE 0. 0. 0.
5.776 1 DOWNLINK_STATUS 0 6 2621 120 0 454. 21. -1.39481632097e+12
5.798 1 DESIRED 0. 0. 0. 0. 0. 235. 0. 20.
5.800 1 PPRZ_MODE 2 0 0 0 0 6
6.000 1 ATTITUDE 0. 0. 0.
6.006 1 GPS 0 16602147 0 0 -17000 0 0 0 3000 31 12
6.008 1 SVINFO 12 13 16 1 0 -91 0
6.012 1 IMU_MAG -2.697754 -2.330566 -3.939453
6.016 1 NAVIGATION 0 2 -194263.5 -4813595. 0. 2.32084345979e+13 0 0
6.019 1 ATTITUDE 0. 0. 0.
6.180 1 DESIRED 0. 0. 0. 0. 0. 235. 0. 20.
6.183 1 ESTIMATOR -17. 0.
6.184 1 STATE_FILTER_STATUS 2 0
6.188 1 ATTITUDE 0. 0. 0.
6.191 1 WP_MOVED 7 360559.40625 4813804.5 260. 31
6.197 1 GPS 0 16602147 0 0 -17000 0 0 0 3250 31 13
6.199 1 SVINFO 13 14 16 1 0 -91 0
6.470 1 NAVIGATION 0 2 -194263.5 -4813595. 0. 2.32084345979e+13 0 0
6.473 1 ATTITUDE 0. 0. 0.
6.479 1 DESIRED 0. 0. 0. 0. 0. 235. 0. 20.
6.483 1 IMU_GYRO -0.047852 0.008301 -0.007324
6.486 1 ATTITUDE 0. 0. 0.
6.489 1 BAT 0 101 0 0 1 3 0 0
6.492 1 ATTITUDE 0. 0. 0.
6.499 1 DESIRED 0. 0. 0. 0. 0. 235. 0. 20.
6.505 1 GPS 0 16602147 0 0 -17000 0 0 0 3500 31 14
6.507 1 SVINFO 14 15 16 1 0 -91 0
6.509 1 DL_VALUE 2 235.
6.570 1 NAVIGATION 0 2 -194263.5 -4813595. 0. 2.32084345979e+13 0 0
6.713 1 ATTITUDE 0. 0. 0.
6.715 1 ESTIMATOR -17. 0.
6.718 1 IMU_ACCEL 0.588867 -9.833008 0.196289
6.723 1 NAVIGATION 0 2 -194263.5 -4813595. 0. 2.32084345979e+13 0 0
6.776 1 DOWNLINK_STATUS 0 7 3299 151 0 678. 31. -1.39481632097e+12
6.926 1 ATTITUDE 0. 0. 0.
6.932 1 DESIRED 0. 0. 0. 0. 0. 235. 0. 20.
6.936 1 WP_MOVED 8 360462.40625 4813640. 215. 31
6.941 1 GPS 0 16602147 0 0 -17000 0 0 0 3750 31 15
6.944 1 SVINFO 15 16 16 1 0 -91 0
6.947 1 FBW_STATUS 2 0 1 101 0
6.951 1 NAVIGATION 0 2 -194263.5 -4813595. 0. 2.32084345979e+13 0 0
7.022 1 ATTITUDE 0. 0. 0.
7.176 1 PONG 
7.179 1 ATTITUDE 0. 0. 0.
7.186 1 DESIRED 0. 0. 0. 0. 0. 235. 0. 20.
7.189 1 IMU_GYRO -0.047852 0.008301 -0.008301
7.191 1 PPRZ_MODE 2 0 0 0 0 6
7.389 1 ATTITUDE 0. 0. 0.
7.394 1 GPS 0 16602147 0 0 -17000 0 0 0 4000 31 16
7.397 1 SVINFO 0 1 16 1 0 -91 0
7.401 1 NAVIGATION 0 2 -194263.5 -4813595. 0. 2.32084345979e+13 0 0
7.405 1 ATTITUDE 0. 0. 0.
7.411 1 DESIRED 0. 0. 0. 0. 0. 235. 0. 20.
7.414 1 ESTIMATOR -17. 0.
7.620 1 ATTITUDE 0. 0. 0.
7.623 1 WP_MOVED 9 360313.8125 4813652. 185. 31
7.629 1 GPS 0 16602147 0 0 -17000 0 0 0 4250 31 1
7.632 1 SVINFO 1 2 16 1 0 -91 0
7.636 1 NAVIGATION 0 2 -194263.5 -4813595. 0. 2.32084345979e+13 0 0
7.639 1 ATTITUDE 0. 0. 0.
7.646 1 DESIRED 0. 0. 0. 0. 0. 235. 0. 20.
7.649 1 IMU_MAG -2.697754 -2.327637 -3.90625
7.777 1 DOWNLINK_STATUS 0 8 3919 179 0 620. 28. 1904.01
7.907 1 ATTITUDE 0. 0. 0.
7.911 1 IMU_ACCEL 0.564453 -9.794922 0.176758
7.914 1 ATTITUDE 0. 0. 0.
7.920 1 DESIRED 0. 0. 0. 0. 0. 235. 0. 20.
7.926 1 GPS 0 16602147 0 0 -17000 0 0 0 4500 31 2
7.929 1 SVINFO 2 3 16 1 0 -91 0
7.932 1 IMU_GYRO -0.047852 0.009521 -0.008301
7.936 1 NAVIGATION 0 2 -194263.5 -4813595. 0. 2.32084345979e+13 0 0
7.939 1 ATTITUDE 0. 0. 0.
7.942 1 ESTIMATOR -17. 0.
7.946 1 NAVIGATION 0 2 -194263.5 -4813595. 0. 2.32084345979e+13 0 0
7.989 1 GPS_SOL 649519552 100000 9999 0
8.173 1 ATTITUDE 0. 0. 0.
8.180 1 DESIRED 0. 0. 0. 0. 0. 235. 0. 20.
8.183 1 WP_MOVED 10 360453.8125 4813581. 260. 31
8.189 1 GPS 0 16602147 0 0 -17000 0 0 0 4750 31 3
8.191 1 SVINFO 3 4 16 1 0 -91 0
8.353 1 NAVIGATION 0 2 -194263.5 -4813595. 0. 2.32084345979e+13 0 0
8.356 1 ATTITUDE 0. 0. 0.
8.359 1 COMMANDS 0,0,0,0,0
8.362 1 ATTITUDE 0. 0. 0.
8.369 1 DESIRED 0. 0. 0. 0. 0. 235. 0. 20.
8.614 1 PPRZ_MODE 2 0 0 0 0 6
8.616 1 CALIBRATION 0. 0
8.619 1 ACTUATORS 1200,1550,1500,1500,1350
8.622 1 ATTITUDE 0. 0. 0.
8.629 1 GPS 0 16602147 0 0 -17000 0 0 0 5000 31 4
8.630 1 SVINFO 4 5 16 1 0 -91 0
8.632 1 DL_VALUE 3 0.
8.637 1 NAVIGATION 0 2 -194263.5 -4813595. 0. 2.32084345979e+13 0 0
8.640 1 ATTITUDE 0. 0. 0.
8.647 1 DESIRED 0. 0. 0. 0. 0. 235. 0. 20.
8.649 1 ESTIMATOR -17. 0.
8.652 1 IMU_GYRO -0.047852 0.008301 -0.008301
8.743 1 ATTITUDE 0. 0. 0.
8.746 1 WP_MOVED 11 360170.5 4813757.5 260. 31
8.750 1 IMU_ACCEL 0.55957 -9.829102 0.196289
8.778 1 DOWNLINK_STATUS 0 9 4703 216 0 784. 37. 1904.01
8.939 1 GPS 0 16602147 0 0 -17000 0 0 0 5250 31 5
8.941 1 SVINFO 5 6 16 1 0 -91 0
8.946 1 NAVIGATION 0 2 -194263.5 -4813595. 0. 2.32084345979e+13 0 0
8.949 1 ATTITUDE 0. 0. 0.
8.955 1 DESIRED 0. 0. 0. 0. 0. 235. 0. 20.
8.957 1 STATE_FILTER_STATUS 2 0
9.135 1 ATTITUDE 0. 0. 0.
9.139 1 ATTITUDE 0. 0. 0.
9.146 1 DESIRED 0. 0. 0. 0. 0. 235. 0. 20.
9.151 1 GPS 0 16602147 0 0 -17000 0 0 0 5500 31 6
9.153 1 SVINFO 6 7 16 1 0 -91 0
9.158 1 NAVIGATION 0 2 -194263.5 -4813595. 0. 2.32084345979e+13 0 0
9.423 1 ATTITUDE 0. 0. 0.
9.575 1 ESTIMATOR -17. 0.
9.575 1 NAVIGATION 0 2 -194263.5 -4813595. 0. 2.32084345979e+13 0 0
9.576 1 BAT 0 101 0 0 1 5 0 0
9.576 1 IMU_MAG -2.711914 -2.330566 -3.807129
9.576 1 ATTITUDE 0. 0. 0.
9.576 1 DESIRED 0. 0. 0. 0. 0. 235. 0. 20.
9.576 1 WP_MOVED 0 360327. 4813637. 260. 31
9.576 1 IMU_GYRO -0.046631 0.009521 -0.008301
9.576 1 GPS 0 16602147 0 0 -17000 0 0 0 5750 31 7
9.576 1 SVINFO 7 8 16 1 0 -91 0
9.576 1 FBW_STATUS 2 0 1 101 0
9.710 1 NAVIGATION 0 2 -194263.5 -4813595. 0. 2.32084345979e+13 0 0
9.713 1 ATTITUDE 0. 0. 0.
9.716 1 ATTITUDE 0.066849 0.841147 -0.092203
9.723 1 DESIRED 0. 0.01 0. 0. 0. 235. 0. 20.
9.725 1 PPRZ_MODE 2 0 0 0 0 6
9.728 1 ATTITUDE 0.066865 0.841245 -0.092227
9.734 1 GPS 0 16602147 0 0 -17000 0 0 0 6000 31 8
9.736 1 SVINFO 8 9 16 1 0 -91 0
9.739 1 IMU_ACCEL 0.598633 -9.794922 0.209961
9.743 1 ENERGY 10.1 0. 0 0.
9.747 1 NAVIGATION 0 2 -194263.5 -4813595. 0. 2.32084345979e+13 0 0
9.750 1 ATTITUDE 0.06688 0.841265 -0.092196
9.778 1 DOWNLINK_STATUS 0 10 5500 252 0 797. 36. 1904.01
9.855 1 DESIRED 0. 0.01 0. 0. 0. 235. 0. 20.
9.857 1 ESTIMATOR -17. 0.
9.861 1 ALIVE 0,140,247,21,200,69,224,159,186,40,112,14,148,154,242,249
10.080 1 ATTITUDE 0.066885 0.841216 -0.09216
10.084 1 WP_MOVED 1 360285. 4813595. 260. 31
10.090 1 GPS 0 16602147 0 0 -17000 0 0 0 6250 31 9
10.092 1 SVINFO 9 10 16 1 0 -91 0
10.097 1 NAVIGATION 0 2 -194263.5 -4813595. 0. 2.32084345979e+13 0 0
10.100 1 ATTITUDE 0.066855 0.841161 -0.092243
10.107 1 DESIRED 0. 0.01 0. 0. 0. 235. 0. 20.
10.110 1 IMU_GYRO -0.047852 0.009521 -0.007324
10.299 1 ATTITUDE 0.066891 0.841084 -0.092244
10.300 1 DOWNLINK 2 887 274
10.304 1 ATTITUDE 0.066939 0.84106 -0.092251
10.310 1 DESIRED 0. 0.01 0. 0. 0. 235. 0. 20.
10.316 1 GPS 0 16602147 0 0 -17000 0 0 0 6500 31 10
10.318 1 SVINFO 10 11 16 1 0 -91 0
10.320 1 DL_VALUE 4 0.
10.325 1 NAVIGATION 0 2 -194263.5 -4813595. 0. 2.32084345979e+13 0 0
10.780 1 DOWNLINK_STATUS 0 11 5929 271 0 429. 19. -3096.2
11.265 1 ATTITUDE 0.066966 0.841049 -0.092283
11.268 1 ESTIMATOR -17. 0.
11.272 1 NAVIGATION 0 2 -194263.5 -4813595. 0. 2.32084345979e+13 0 0
11.275 1 GPS_SOL 649520064 100000 9999 0
11.278 1 ATTITUDE 0.066975 0.841097 -0.092244
11.285 1 DESIRED 0. 0.01 0. 0. 0. 235. 0. 20.
11.288 1 WP_MOVED 2 360334.5 4813695. 260. 31
11.292 1 BAT 0 101 0 0 1 6 0 0
11.298 1 GPS 0 16602147 0 0 -17000 0 0 0 6750 31 11
11.300 1 SVINFO 11 12 16 1 0 -91 0
11.305 1 NAVIGATION 0 2 -194263.5 -4813595. 0. 2.32084345979e+13 0 0
11.703 1 ATTITUDE 0.066991 0.84105 -0.092277
11.706 1 IMU_ACCEL 0.541016 -9.829102 0.224609
11.710 1 ATTITUDE 0.067009 0.841086 -0.092295
11.716 1 DESIRED 0. 0.01 0. 0. 0. 235. 0. 20.
11.719 1 IMU_GYRO -0.047852 0.009521 -0.008301
11.721 1 PPRZ_MODE 2 0 0 0 0 6
11.724 1 IMU_MAG -2.700684 -2.330566 -3.945801
11.780 1 DOWNLINK_STATUS 0 12 6314 289 0 385. 18. -3096.2
12.537 1 ATTITUDE 0.067043 0.841092 -0.092304
12.543 1 GPS 0 16602147 0 0 -17000 0 0 0 7000 31 12
12.545 1 SVINFO 12 13 16 1 0 -91 0
12.547 1 CALIBRATION 0. 0
12.552 1 NAVIGATION 0 2 -194263.5 -4813595. 0. 2.32084345979e+13 0 0
12.555 1 ATTITUDE 0.067044 0.841185 -0.09233
12.562 1 DESIRED 0. 0.01 0. 0. 0. 235. 0. 20.
12.564 1 ESTIMATOR -17. 0.
12.781 1 DOWNLINK_STATUS 0 13 6486 297 0 172. 8. -3096.2
13.004 1 ATTITUDE 0.067058 0.841183 -0.092364
13.007 1 WP_MOVED 3 360295.09375 4813785. 260. 31
13.013 1 GPS 0 16602147 0 0 -17000 0 0 0 7250 31 13
13.015 1 SVINFO 13 15 16 1 0 -91 0
13.020 1 NAVIGATION 0 2 -194263.5 -4813595. 0. 2.32084345979e+13 0 0
13.023 1 ATTITUDE 0.067083 0.841249 -0.092325
13.030 1 DESIRED 0. 0.01 0. 0. 0. 235. 0. 20.
13.589 1 ATTITUDE 0.067105 0.841281 -0.092326
13.592 1 ATTITUDE 0.067121 0.841273 -0.092306
13.599 1 DESIRED 0. 0.01 0. 0. 0. 235. 0. 20.
13.604 1 GPS 0 16602147 0 0 -17000 0 0 0 7500 31 14
13.607 1 SVINFO 14 15 16 1 0 -91 0
13.610 1 IMU_GYRO -0.048828 0.009521 -0.007324
13.614 1 NAVIGATION 0 2 -194263.5 -4813595. 0. 2.32084345979e+13 0 0
13.618 1 ATTITUDE 0.067171 0.84126 -0.092297
13.620 1 ESTIMATOR -17. 0.
13.623 1 IMU_ACCEL 0.55957 -9.847656 0.162109
13.628 1 NAVIGATION 0 2 -194263.5 -4813595. 0. 2.32084345979e+13 0 0
13.740 1 WIND_INFO 1 42 0. 0. 0.
13.781 1 DOWNLINK_STATUS 0 14 6894 315 0 408. 18. -3096.2
13.864 1 ATTITUDE 0.067238 0.841265 -0.092302
13.871 1 DESIRED 0. 0.01 0. 0. 0. 235. 0. 20.
13.874 1 WP_MOVED 4 360417.3125 4813734. 260. 31
13.880 1 GPS 0 16602147 0 0 -17000 0 0 0 7750 31 15
13.883 1 SVINFO 15 16 16 1 0 -91 0
13.885 1 FBW_STATUS 2 0 1 101 0
13.890 1 NAVIGATION 0 2 -194263.5 -4813595. 0. 2.32084345979e+13 0 0
13.893 1 ATTITUDE 0.067221 0.841285 -0.092297
13.897 1 BAT 0 101 0 0 1 8 0 0
13.900 1 ATTITUDE 0.067244 0.841298 -0.092292
14.783 1 DOWNLINK_STATUS 0 15 7115 325 0 221. 10. -3096.2
14.829 1 DESIRED 0. 0.01 0. 0. 0. 235. 0. 20.
14.831 1 PPRZ_MODE 2 0 0 0 0 6
14.834 1 ATTITUDE 0.067293 0.841284 -0.092328
14.840 1 GPS 0 16602147 0 0 -17000 0 0 0 8000 31 16
14.842 1 SVINFO 0 1 16 1 0 -91 0
14.844 1 DL_VALUE 5 0.
14.849 1 NAVIGATION 0 2 -194263.5 -4813595. 0. 2.32084345979e+13 0 0
15.065 1 ATTITUDE 0.067257 0.84134 -0.092312
15.072 1 DESIRED 0. 0.01 0. 0. 0. 235. 0. 20.
15.073 1 ESTIMATOR -17. 0.
15.076 1 IMU_GYRO -0.047852 0.009521 -0.009521
15.079 1 ATTITUDE 0.067278 0.841337 -0.092374
15.083 1 WP_MOVED 5 360422. 4813583.5 260. 31
15.088 1 IMU_MAG -2.697754 -2.329102 -3.915527
15.093 1 GPS 0 16602147 0 0 -17000 0 0 0 8250 31 1
15.094 1 SVINFO 1 2 16 1 0 -91 0
15.242 1 NAVIGATION 0 2 -194263.5 -4813595. 0. 2.32084345979e+13 0 0
15.246 1 ATTITUDE 0.067295 0.841355 -0.092384
15.252 1 DESIRED 0. 0.01 0. 0. 0. 235. 0. 20.
15.255 1 ATTITUDE 0.067344 0.841398 -0.092465
15.258 1 IMU_ACCEL 0.545898 -9.833008 0.219727
15.317 1 SETTING 0 1 3.
15.528 1 ATTITUDE 0.067329 0.84141 -0.092426
15.535 1 DESIRED 0. 0.01 0. 0. 0. 235. 0. 20.
15.540 1 GPS 0 16602147 0 0 -17000 0 0 0 8500 31 2
15.542 1 SVINFO 2 3 16 1 0 -91 0
15.546 1 ENERGY 10.1 0. 0 0.
15.551 1 NAVIGATION 0 2 -194263.5 -4813595. 0. 2.32084345979e+13 0 0
15.553 1 ATTITUDE 0.067321 0.841374 -0.092433
15.556 1 ESTIMATOR -17. 0.
15.561 1 NAVIGATION 0 2 -194263.5 -4813595. 0. 2.32084345979e+13 0 0
15.563 1 GPS_SOL 649520768 100000 9999 0
15.567 1 ATTITUDE 0.067316 0.841422 -0.092399
15.784 1 DOWNLINK_STATUS 0 16 7818 357 0 703. 32. -8096.73
16.172 1 DESIRED 0. 0.01 0. 0. 0. 235. 0. 20.
16.176 1 WP_MOVED 6 360165.8125 4813664.5 260. 31
16.179 1 IMU_GYRO -0.047852 0.010498 -0.009521
16.185 1 GPS 0 16602147 0 0 -17000 0 0 0 8750 31 3
16.187 1 SVINFO 3 4 16 1 0 -91 0
16.200 1 DESIRED 0. 0.01 0. 0. 0. 235. 0. 20.
16.206 1 GPS 0 16602147 0 0 -17000 0 0 0 9500 31 6
16.208 1 SVINFO 6 7 16 1 0 -91 0
16.211 1 IMU_MAG -2.699219 -2.329102 -3.945801
16.780 1 NAVIGATION 0 2 -194263.5 -4813595. 0. 2.32084345979e+13 0 0
16.783 1 ATTITUDE 0.067229 0.841631 -0.092418
16.784 1 DOWNLINK_STATUS 0 17 8088 368 1 270. 11. -8096.73
16.786 1 ESTIMATOR -17. 0.
16.790 1 NAVIGATION 0 2 -194263.5 -4813595. 0. 2.32084345979e+13 0 0
16.794 1 ATTITUDE 0.067256 0.841614 -0.092406
16.809 1 IMU_GYRO -0.048828 0.008301 -0.008301
16.812 1 PPRZ_MODE 2 0 0 0 0 6
16.815 1 ACTUATORS 1200,1649,1395,1395,1350
16.818 1 ATTITUDE 0.06734 0.841637 -0.092413
17.388 1 GPS 0 16602147 0 0 -17000 0 0 0 10000 31 8
17.389 1 SVINFO 8 10 16 1 0 -91 0
17.392 1 IMU_ACCEL 0.545898 -9.837891 0.152344
17.397 1 BAT 0 101 0 0 1 10 0 0
17.401 1 NAVIGATION 0 2 -194263.5 -4813595. 0. 2.32084345979e+13 0 0
17.405 1 ATTITUDE 0.067344 0.841663 -0.092394
17.416 1 SVINFO 11 13 16 1 0 -91 0
17.420 1 NAVIGATION 0 2 -194263.5 -4813595. 0. 2.32084345979e+13 0 0
17.423 1 ATTITUDE 0.067214 0.841779 -0.092487
17.426 1 IMU_ACCEL 0.574219 -9.829102 0.162109
17.429 1 IMU_MAG -2.691406 -2.327637 -3.925293
17.785 1 DOWNLINK_STATUS 0 18 8435 386 3 347. 18. -8096.73
18.480 1 ATTITUDE 0.067226 0.841764 -0.092496
18.487 1 DESIRED 0. 0.01 0. 0. 0. 235. 0. 20.
18.489 1 PPRZ_MODE 2 0 0 0 0 6
18.492 1 ATTITUDE 0.067238 0.841741 -0.092497
18.498 1 GPS 0 16602147 0 0 -17000 0 0 0 11000 31 12
18.505 1 WP_MOVED 11 360170.5 4813757.5 260. 31
18.507 1 CALIBRATION 0. 0
18.513 1 GPS 0 16602147 0 0 -17000 0 0 0 11250 31 13
18.515 1 SVINFO 13 15 16 1 0 -91 0
18.520 1 NAVIGATION 0 2 -194263.5 -4813595. 0. 2.32084345979e+13 0 0
18.765 1 ATTITUDE 0.067199 0.841684 -0.092534
18.772 1 DESIRED 0. 0.01 0. 0. 0. 235. 0. 20.
18.775 1 ATTITUDE 0.067177 0.841752 -0.092527
18.778 1 ATTITUDE 0.067135 0.841756 -0.09255
18.785 1 DESIRED 0. 0.01 0. 0. 0. 235. 0. 20.
18.785 1 DOWNLINK_STATUS 0 19 8788 401 4 353. 15. -8096.73
18.794 1 ATTITUDE 0.067194 0.84177 -0.092614
18.797 1 ATTITUDE 0.067181 0.841781 -0.092588
18.804 1 DESIRED 0. 0.01 0. 0. 0. 235. 0. 20.
18.805 1 PPRZ_MODE 2 0 0 0 0 6
18.807 1 STATE_FILTER_STATUS 3 0
19.053 1 ATTITUDE 0.067166 0.841813 -0.092593
19.059 1 GPS 0 16602147 0 0 -17000 0 0 0 12000 31 16
19.061 1 SVINFO 0 2 16 1 0 -91 0
19.066 1 NAVIGATION 0 2 -194263.5 -4813595. 0. 2.32084345979e+13 0 0
19.069 1 ATTITUDE 0.067193 0.841802 -0.092598
19.076 1 DESIRED 0. 0.01 0. 0. 0. 235. 0. 20.
19.078 1 ESTIMATOR -17. 0.
19.081 1 IMU_MAG -2.694824 -2.330566 -3.945801
19.084 1 ATTITUDE 0.067218 0.841876 -0.092587
19.088 1 WP_MOVED 1 360285. 4813595. 260. 31
19.093 1 BAT 0 101 0 0 1 12 0 0
19.340 1 GPS 0 16602147 0 0 -17000 0 0 0 12250 31 1
19.343 1 SVINFO 1 3 16 1 0 -91 0
19.347 1 NAVIGATION 0 2 -194263.5 -4813595. 0. 2.32084345979e+13 0 0
19.350 1 ATTITUDE 0.067217 0.841901 -0.092597
19.357 1 DESIRED 0. 0.01 0. 0. 0. 235. 0. 20.
19.360 1 IMU_GYRO -0.047852 0.009521 -0.008301
19.369 1 ATTITUDE 0.0673 0.841883 -0.092843
19.376 1 DESIRED 0. 0.01 0. 0. 0. 235. 0. 20.
19.379 1 ESTIMATOR -17. 0.
19.382 1 ATTITUDE 0.067242 0.841898 -0.092884
19.600 1 WP_MOVED 3 360295.09375 4813785. 260. 31
19.603 1 IMU_ACCEL 0.579102 -9.857422 0.249023
19.608 1 GPS 0 16602147 0 0 -17000 0 0 0 13250 31 5
19.611 1 SVINFO 5 7 16 1 0 -91 0
19.615 1 NAVIGATION 0 2 -194263.5 -4813595. 0. 2.32084345979e+13 0 0
19.619 1 ATTITUDE 0.067221 0.841904 -0.092898
19.625 1 DESIRED 0. 0.01 0. 0. 0. 235. 0. 20.
19.628 1 BAT 0 101 0 0 1 13 0 0
19.630 1 CALIBRATION 0. 0
19.633 1 ATTITUDE 0.067225 0.841957 -0.092941
19.636 1 IMU_MAG -2.700684 -2.327637 -3.933105
19.786 1 DOWNLINK_STATUS 0 20 9591 438 6 803. 37. -8096.73
19.889 1 ATTITUDE 0.06722 0.841993 -0.092928
19.896 1 DESIRED 0. 0.01 0. 0. 0. 235. 0. 20.
19.902 1 GPS 0 16602147 0 0 -17000 0 0 0 13500 31 6
19.904 1 SVINFO 6 8 16 1 0 -91 0
19.907 1 IMU_GYRO -0.046631 0.007324 -0.008301
19.912 1 NAVIGATION 0 2 -194263.5 -4813595. 0. 2.32084345979e+13 0 0
19.915 1 ATTITUDE 0.067214 0.842003 -0.092943
19.917 1 ESTIMATOR -17. 0.
19.922 1 NAVIGATION 0 2 -194263.5 -4813595. 0. 2.32084345979e+13 0 0
19.925 1 ATTITUDE 0.067173 0.842047 -0.092966
20.175 1 DESIRED 0. 0.01 0. 0. 0. 235. 0. 20.
20.178 1 WP_MOVED 4 360417.3125 4813734. 260. 31
20.183 1 GPS 0 16602147 0 0 -17000 0 0 0 13750 31 7
20.186 1 SVINFO 7 9 16 1 0 -91 0
20.189 1 FBW_STATUS 2 0 1 101 0
20.193 1 NAVIGATION 0 2 -194263.5 -4813595. 0. 2.32084345979e+13 0 0
20.196 1 ATTITUDE 0.067164 0.842057 -0.093018
20.199 1 ATTITUDE 0.067187 0.842053 -0.093081
20.206 1 DESIRED 0. 0.01 0. 0. 0. 235. 0. 20.
20.208 1 PPRZ_MODE 2 0 0 0 0 6
20.211 1 ATTITUDE 0.067194 0.842091 -0.093133
20.217 1 GPS 0 16602147 0 0 -17000 0 0 0 14000 31 8
20.463 1 SVINFO 8 10 16 1 0 -91 0
20.466 1 IMU_ACCEL 0.55957 -9.794922 0.229492
20.468 1 DL_VALUE 9 1.
20.473 1 NAVIGATION 0 2 -194263.5 -4813595. 0. 2.32084345979e+13 0 0
20.476 1 ATTITUDE 0.067193 0.842052 -0.093119
20.483 1 DESIRED 0. 0.01 0. 0. 0. 235. 0. 20.
20.491 1 BAT 0 101 0 0 1 14 0 0
20.494 1 ATTITUDE 0.06718 0.842133 -0.093219
20.501 1 DESIRED 0. 0.01 0. 0. 0. 235. 0. 20.
20.506 1 GPS 0 16602147 0 0 -17000 0 0 0 14500 31 10
20.787 1 DOWNLINK_STATUS 0 21 10332 470 7 741. 32. -13097.69
21.120 1 SVINFO 10 12 16 1 0 -91 0
21.124 1 NAVIGATION 0 2 -194263.5 -4813595. 0. 2.32084345979e+13 0 0
21.127 1 ATTITUDE 0.06722 0.842154 -0.093245
21.130 1 ESTIMATOR -17. 0.
21.134 1 NAVIGATION 0 2 -194263.5 -4813595. 0. 2.32084345979e+13 0 0
21.137 1 GPS_SOL 649523968 100000 9999 0
21.146 1 ATTITUDE 0.067198 0.841997 -0.09339
21.152 1 GPS 0 16602147 0 0 -17000 0 0 0 15000 31 12
21.154 1 SVINFO 12 14 16 1 0 -91 0
21.159 1 NAVIGATION 0 2 -194263.5 -4813595. 0. 2.32084345979e+13 0 0
21.162 1 ATTITUDE 0.067151 0.842007 -0.093406
21.412 1 DESIRED 0. 0.01 0. 0. 0. 235. 0. 20.
21.414 1 ESTIMATOR -17. 0.
21.417 1 ATTITUDE 0.067139 0.842023 -0.093418
21.421 1 WP_MOVED 7 360559.40625 4813804.5 260. 31
21.426 1 GPS 0 16602147 0 0 -17000 0 0 0 15250 31 13
21.433 1 ESTIMATOR -17. 0.
21.436 1 IMU_ACCEL 0.53125 -9.833008 0.162109
21.441 1 NAVIGATION 0 2 -194263.5 -4813595. 0. 2.32084345979e+13 0 0
21.444 1 ATTITUDE 0.067261 0.841983 -0.093518
21.693 1 DESIRED 0. 0.01 0. 0. 0. 235. 0. 20.
21.697 1 WP_MOVED 8 360462.40625 4813640. 215. 31
21.702 1 GPS 0 16602147 0 0 -17000 0 0 0 15750 31 15
21.705 1 SVINFO 15 18 16 1 0 -91 0
21.708 1 FBW_STATUS 2 0 1 101 0
21.712 1 NAVIGATION 0 2 -194263.5 -4813595. 0. 2.32084345979e+13 0 0
21.721 1 IMU_GYRO_RAW -46 9 -7
21.724 1 IMU_MAG_RAW 321 429 -366
21.728 1 ALIVE 0,140,247,21,200,69,224,159,186,40,112,14,148,154,242,249
21.731 1 IMU_ACCEL_RAW 120 -2056 38
21.735 1 IMU_GYRO_RAW -45 8 -7
21.788 1 DOWNLINK_STATUS 0 22 10996 501 10 664. 31. -13097.69
21.980 1 IMU_MAG_RAW 319 429 -357
21.986 1 NAVIGATION 0 2 -194263.5 -4813595. 0. 2.32084345979e+13 0 0
21.988 1 IMU_ACCEL_RAW 120 -2052 43
21.991 1 IMU_GYRO_RAW -44 9 -8
21.994 1 IMU_MAG_RAW 318 427 -354
21.997 1 IMU_ACCEL_RAW 124 -2050 41
22.000 1 IMU_GYRO_RAW -45 7 -8
22.008 1 IMU_GYRO_RAW -45 8 -7
22.011 1 IMU_MAG_RAW 312 426 -282
22.013 1 DL_VALUE 1 0.
22.018 1 NAVIGATION 0 2 -194263.5 -4813595. 0. 2.32084345979e+13 0 0
22.021 1 IMU_ACCEL_RAW 120 -2048 41
22.024 1 IMU_GYRO_RAW -45 7 -8
22.271 1 IMU_MAG_RAW 317 427 -375
22.274 1 IMU_ACCEL_RAW 127 -2048 41
22.277 1 IMU_GYRO_RAW -45 9 -8
22.280 1 IMU_MAG_RAW 317 428 -378
22.283 1 BARO_RAW 0. 0.
22.286 1 IMU_ACCEL_RAW 119 -2051 43
22.289 1 IMU_GYRO_RAW -45 10 -8
22.298 1 IMU_ACCEL_RAW 122 -2055 35
22.301 1 IMU_GYRO_RAW -45 8 -8
22.304 1 IMU_MAG_RAW 314 426 -293
22.307 1 IMU_ACCEL_RAW 120 -2055 45
22.310 1 IMU_GYRO_RAW -46 8 -7
22.556 1 IMU_MAG_RAW 318 426 -378
22.559 1 IMU_ACCEL_RAW 114 -2055 41
22.562 1 IMU_GYRO_RAW -46 8 -7
22.565 1 IMU_MAG_RAW 316 424 -373
22.568 1 IMU_ACCEL_RAW 121 -2054 34
22.572 1 IMU_GYRO_RAW -44 9 -8
22.575 1 IMU_MAG_RAW 316 427 -365
22.583 1 NAVIGATION 0 2 -194263.5 -4813595. 0. 2.32084345979e+13 0 0
22.586 1 IMU_ACCEL_RAW 109 -2051 38
22.589 1 IMU_GYRO_RAW -46 8 -9
22.592 1 IMU_MAG_RAW 319 428 -380
22.597 1 BARO_RAW 0. 0.
22.598 1 IMU_ACCEL_RAW 123 -2048 51
22.789 1 DOWNLINK_STATUS 0 23 11689 539 13 693. 38. -13097.69
22.844 1 IMU_GYRO_RAW -44 8 -8
22.847 1 IMU_MAG_RAW 321 426 -370
22.850 1 IMU_ACCEL_RAW 104 -2059 32
22.853 1 IMU_GYRO_RAW -46 9 -8
22.857 1 IMU_MAG_RAW 318 426 -377
22.860 1 IMU_ACCEL_RAW 108 -2044 57
22.863 1 IMU_GYRO_RAW -43 8 -7
22.871 1 IMU_GYRO_RAW -45 9 -8
22.873 1 IMU_MAG_RAW 320 426 -370
22.877 1 IMU_ACCEL_RAW 120 -2029 52
22.880 1 IMU_GYRO_RAW -44 9 -7
22.883 1 IMU_MAG_RAW 321 431 -371
22.886 1 IMU_ACCEL_RAW 119 -2057 26
23.133 1 IMU_GYRO_RAW -47 8 -8
23.136 1 IMU_MAG_RAW 321 427 -368
23.139 1 IMU_ACCEL_RAW 112 -2088 44
23.142 1 IMU_GYRO_RAW -44 8 -7
23.145 1 IMU_MAG_RAW 314 426 -372
23.147 1 DL_VALUE 3 0.
23.152 1 NAVIGATION 0 2 -194263.5 -4813595. 0. 2.32084345979e+13 0 0
23.160 1 BARO_RAW 0. 0.
23.163 1 IMU_ACCEL_RAW 111 -2049 43
23.166 1 IMU_GYRO_RAW -44 9 -7
23.169 1 IMU_MAG_RAW 319 428 -371
23.172 1 IMU_ACCEL_RAW 115 -2053 41
23.418 1 IMU_GYRO_RAW -47 9 -9
23.421 1 IMU_MAG_RAW 320 429 -366
23.424 1 IMU_ACCEL_RAW 118 -2048 44
23.427 1 IMU_GYRO_RAW -45 8 -8
23.430 1 IMU_MAG_RAW 323 424 -362
23.435 1 NAVIGATION 0 2 -194263.5 -4813595. 0. 2.32084345979e+13 0 0
23.438 1 IMU_ACCEL_RAW 114 -2053 40
23.446 1 IMU_GYRO_RAW -45 9 -8
23.449 1 IMU_MAG_RAW 323 431 -370
23.452 1 IMU_ACCEL_RAW 123 -2058 40
23.455 1 IMU_GYRO_RAW -45 9 -8
23.458 1 IMU_MAG_RAW 318 426 -358
23.461 1 IMU_ACCEL_RAW 115 -2058 44
23.708 1 IMU_GYRO_RAW -45 10 -7
23.711 1 IMU_MAG_RAW 321 427 -377
23.713 1 DL_VALUE 4 0.
23.718 1 NAVIGATION 0 2 -194263.5 -4813595. 0. 2.32084345979e+13 0 0
23.721 1 IMU_ACCEL_RAW 117 -2053 42
23.724 1 IMU_GYRO_RAW -46 9 -7
23.727 1 IMU_MAG_RAW 318 431 -375
23.734 1 IMU_GYRO_RAW -45 8 -8
23.737 1 IMU_MAG_RAW 314 424 -273
23.740 1 IMU_ACCEL_RAW 117 -2052 55
23.740 1 WIND_INFO 1 42 0. 0. 0.
23.744 1 IMU_GYRO_RAW -45 8 -8
23.747 1 IMU_MAG_RAW 321 430 -363
23.789 1 DOWNLINK_STATUS 0 24 12595 589 17 906. 50. -13097.69
23.994 1 NAVIGATION 0 2 -194263.5 -4813595. 0. 2.32084345979e+13 0 0
23.997 1 IMU_ACCEL_RAW 121 -2056 38
24.000 1 IMU_GYRO_RAW -44 9 -7
24.003 1 IMU_MAG_RAW 318 427 -372
24.007 1 ALIVE 0,140,247,21,200,69,224,159,186,40,112,14,148,154,242,249
24.010 1 IMU_ACCEL_RAW 118 -2054 36
24.013 1 IMU_GYRO_RAW -45 8 -7
24.021 1 IMU_GYRO_RAW -45 8 -7
24.024 1 IMU_MAG_RAW 319 430 -374
24.028 1 IMU_ACCEL_RAW 114 -2062 40
24.031 1 IMU_GYRO_RAW -45 7 -9
24.034 1 IMU_MAG_RAW 319 428 -371
24.037 1 IMU_ACCEL_RAW 116 -2052 49
24.790 1 DOWNLINK_STATUS 0 25 12842 602 18 247. 13. -13097.69
25.296 1 IMU_GYRO_RAW -44 8 -8
25.299 1 IMU_MAG_RAW 317 427 -371
25.302 1 IMU_ACCEL_RAW 113 -2053 41
25.305 1 IMU_GYRO_RAW -46 10 -8
25.309 1 IMU_MAG_RAW 317 427 -373
25.311 1 DL_VALUE 6 40.
25.314 1 IMU_ACCEL_RAW 120 -2051 45
25.322 1 IMU_GYRO_RAW -45 8 -8
25.325 1 IMU_MAG_RAW 311 427 -297
25.328 1 IMU_ACCEL_RAW 114 -2049 45
25.331 1 IMU_GYRO_RAW -45 8 -8
25.334 1 IMU_MAG_RAW 322 429 -372
25.338 1 IMU_ACCEL_RAW 118 -2054 40
25.791 1 DOWNLINK_STATUS 0 26 13069 615 19 227. 13. -18098.53
26.316 1 IMU_GYRO_RAW -45 8 -8
26.319 1 IMU_MAG_RAW 319 426 -371
26.321 1 FBW_STATUS 2 0 1 101 0
26.326 1 NAVIGATION 0 2 -194263.5 -4813595. 0. 2.32084345979e+13 0 0
26.329 1 IMU_ACCEL_RAW 116 -2052 42
26.332 1 IMU_GYRO_RAW -45 9 -7
26.339 1 IMU_ACCEL_RAW 119 -2057 41
26.342 1 IMU_GYRO_RAW -46 8 -7
26.345 1 IMU_MAG_RAW 317 429 -372
26.348 1 IMU_ACCEL_RAW 124 -2050 41
26.352 1 IMU_GYRO_RAW -44 8 -8
26.355 1 IMU_MAG_RAW 341 439 -375
26.357 1 DL_VALUE 7 2.
26.604 1 ACTUATORS 1200,1649,1395,1395,1350
26.607 1 NAVIGATION 0 2 -194263.5 -4813595. 0. 2.32084345979e+13 0 0
26.609 1 IMU_ACCEL_RAW 114 -2057 41
26.612 1 IMU_GYRO_RAW -45 8 -8
26.615 1 IMU_MAG_RAW 319 431 -373
26.619 1 IMU_ACCEL_RAW 120 -2057 46
26.622 1 IMU_GYRO_RAW -45 7 -8
26.625 1 IMU_ACCEL_RAW 119 -2049 45
26.628 1 IMU_GYRO_RAW -44 9 -8
26.631 1 IMU_MAG_RAW 315 427 -287
26.634 1 IMU_ACCEL_RAW 121 -2058 42
26.637 1 IMU_GYRO_RAW -45 9 -8
26.640 1 IMU_MAG_RAW 319 428 -369
26.644 1 IMU_ACCEL_RAW 119 -2054 43
26.792 1 DOWNLINK_STATUS 0 27 13560 642 20 491. 27. -18098.53
26.890 1 IMU_GYRO_RAW -46 7 -8
26.893 1 IMU_MAG_RAW 317 428 -370
26.898 1 NAVIGATION 0 2 -194263.5 -4813595. 0. 2.32084345979e+13 0 0
26.901 1 IMU_ACCEL_RAW 118 -2049 40
26.904 1 IMU_GYRO_RAW -45 8 -8
26.907 1 IMU_MAG_RAW 322 431 -372
26.916 1 IMU_GYRO_RAW -45 9 -9
26.919 1 IMU_MAG_RAW 327 436 -286
26.921 1 DL_VALUE 8 0.
26.925 1 NAVIGATION 0 2 -194263.5 -4813595. 0. 2.32084345979e+13 0 0
26.928 1 IMU_ACCEL_RAW 117 -2052 42
26.932 1 IMU_GYRO_RAW -45 9 -7
27.177 1 IMU_MAG_RAW 316 426 -367
27.180 1 IMU_ACCEL_RAW 126 -2051 35
27.183 1 IMU_GYRO_RAW -44 8 -7
27.186 1 IMU_MAG_RAW 317 429 -379
27.189 1 BARO_RAW 0. 0.
27.192 1 IMU_ACCEL_RAW 115 -2055 42
27.195 1 IMU_GYRO_RAW -45 7 -8
27.204 1 IMU_ACCEL_RAW 122 -2049 44
27.207 1 IMU_GYRO_RAW -45 9 -7
27.210 1 IMU_MAG_RAW 355 442 -369
27.213 1 IMU_ACCEL_RAW 116 -2054 41
27.216 1 IMU_GYRO_RAW -45 9 -7
27.463 1 IMU_MAG_RAW 320 428 -369
27.466 1 IMU_ACCEL_RAW 124 -2050 44
27.469 1 IMU_GYRO_RAW -45 8 -8
27.473 1 IMU_MAG_RAW 317 428 -373
27.477 1 ALIVE 0,140,247,21,200,69,224,159,186,40,112,14,148,154,242,249
27.480 1 IMU_ACCEL_RAW 115 -2048 48
27.483 1 IMU_GYRO_RAW -45 8 -8
27.490 1 IMU_ACCEL_RAW 122 -2048 34
27.492 1 IMU_GYRO_RAW -45 9 -8
27.495 1 IMU_MAG_RAW 316 427 -373
27.497 1 BARO_RAW 0. 0.
27.501 1 IMU_ACCEL_RAW 114 -2056 31
27.504 1 IMU_GYRO_RAW -45 9 -8
27.750 1 IMU_MAG_RAW 322 429 -367
27.753 1 IMU_ACCEL_RAW 118 -2050 42
27.756 1 IMU_GYRO_RAW -45 8 -8
27.760 1 IMU_MAG_RAW 319 424 -369
27.763 1 IMU_ACCEL_RAW 119 -2049 42
27.766 1 IMU_GYRO_RAW -45 8 -8
27.769 1 IMU_MAG_RAW 317 426 -366
27.777 1 IMU_GYRO_RAW -45 9 -8
27.781 1 IMU_MAG_RAW 318 428 -368
27.784 1 IMU_ACCEL_RAW 118 -2052 39
27.787 1 IMU_GYRO_RAW -45 9 -8
27.790 1 IMU_MAG_RAW 315 429 -375
27.792 1 DOWNLINK_STATUS 0 28 14448 691 24 888. 49. -18098.53
27.793 1 IMU_ACCEL_RAW 120 -2055 40
28.039 1 IMU_GYRO_RAW -45 9 -7
28.042 1 IMU_MAG_RAW 347 449 -382
28.045 1 IMU_ACCEL_RAW 125 -2051 37
28.048 1 IMU_GYRO_RAW -45 9 -7
28.051 1 IMU_MAG_RAW 316 430 -376
28.053 1 DL_VALUE 10 0.
28.058 1 NAVIGATION 0 2 -194263.5 -4813595. 0. 2.32084345979e+13 0 0
28.065 1 IMU_GYRO_RAW -45 8 -8
28.068 1 IMU_MAG_RAW 313 423 -293
28.071 1 IMU_ACCEL_RAW 122 -2053 40
28.074 1 IMU_GYRO_RAW -45 10 -7
28.077 1 IMU_MAG_RAW 319 427 -378
28.080 1 IMU_ACCEL_RAW 116 -2058 30
28.327 1 IMU_GYRO_RAW -45 8 -8
28.330 1 IMU_MAG_RAW 347 437 -380
28.333 1 IMU_ACCEL_RAW 121 -2049 39
28.336 1 IMU_GYRO_RAW -45 8 -8
28.339 1 IMU_MAG_RAW 319 427 -359
28.342 1 FBW_STATUS 2 0 1 101 0
28.353 1 IMU_GYRO_RAW -45 9 -8
28.356 1 IMU_MAG_RAW 315 427 -280
28.359 1 IMU_ACCEL_RAW 120 -2048 41
28.362 1 IMU_GYRO_RAW -45 8 -9
28.364 1 IMU_MAG_RAW 318 428 -365
28.367 1 DL_VALUE 0 3.
28.613 1 IMU_ACCEL_RAW 117 -2049 39
28.616 1 IMU_GYRO_RAW -45 8 -8
28.619 1 IMU_MAG_RAW 315 429 -363
28.623 1 NAVIGATION 0 2 -194263.5 -4813595. 0. 2.32084345979e+13 0 0
28.627 1 IMU_ACCEL_RAW 116 -2052 48
28.630 1 IMU_GYRO_RAW -46 9 -8
28.633 1 IMU_MAG_RAW 318 429 -364
28.640 1 IMU_GYRO_RAW -45 8 -7
28.643 1 IMU_MAG_RAW 347 440 -370
28.647 1 NAVIGATION 0 2 -194263.5 -4813595. 0. 2.32084345979e+13 0 0
28.650 1 IMU_ACCEL_RAW 120 -2045 43
28.654 1 IMU_GYRO_RAW -45 7 -7
28.792 1 DOWNLINK_STATUS 0 29 15139 729 27 691. 38. -18098.53
28.899 1 IMU_MAG_RAW 322 429 -360
28.902 1 IMU_ACCEL_RAW 125 -2051 38
28.905 1 IMU_GYRO_RAW -45 9 -8
28.908 1 IMU_MAG_RAW 317 425 -365
28.911 1 IMU_ACCEL_RAW 124 -2042 47
28.914 1 IMU_GYRO_RAW -45 9 -8
28.917 1 IMU_MAG_RAW 366 453 -377
28.928 1 IMU_ACCEL_RAW 125 -2051 42
28.931 1 IMU_GYRO_RAW -44 9 -8
28.934 1 IMU_MAG_RAW 318 429 -370
28.937 1 IMU_ACCEL_RAW 120 -2048 42
28.940 1 IMU_GYRO_RAW -46 9 -8
29.187 1 IMU_MAG_RAW 315 427 -380
29.189 1 BARO_RAW 0. 0.
29.192 1 IMU_ACCEL_RAW 120 -2051 40
29.195 1 IMU_GYRO_RAW -47 9 -8
29.198 1 IMU_MAG_RAW 313 425 -362
29.202 1 IMU_ACCEL_RAW 120 -2055 42
29.205 1 IMU_GYRO_RAW -45 8 -8
29.208 1 IMU_MAG_RAW 318 428 -357
29.212 1 NAVIGATION 0 2 -194263.5 -4813595. 0. 2.32084345979e+13 0 0
29.216 1 IMU_ACCEL_RAW 116 -2056 49
29.219 1 IMU_GYRO_RAW -44 7 -8
29.222 1 IMU_MAG_RAW 312 428 -288
29.225 1 IMU_ACCEL_RAW 127 -2051 44
29.228 1 IMU_GYRO_RAW -45 9 -8
29.474 1 IMU_MAG_RAW 318 428 -374
29.476 1 BARO_RAW 0. 0.
29.479 1 IMU_ACCEL_RAW 123 -2058 38
29.482 1 IMU_GYRO_RAW -44 8 -9
29.485 1 IMU_MAG_RAW 324 425 -366
29.489 1 IMU_ACCEL_RAW 113 -2044 41
29.492 1 IMU_GYRO_RAW -46 9 -8
29.495 1 IMU_MAG_RAW 316 426 -368
29.498 1 IMU_ACCEL_RAW 122 -2049 35
29.501 1 IMU_GYRO_RAW -45 8 -8
29.504 1 IMU_MAG_RAW 317 423 -322
29.507 1 COMMANDS 0,-2064,2204,0,0
29.510 1 IMU_ACCEL_RAW 115 -2054 46
29.514 1 IMU_GYRO_RAW -45 7 -7
29.517 1 IMU_MAG_RAW 318 429 -381
29.763 1 IMU_ACCEL_RAW 126 -2053 41
29.766 1 IMU_GYRO_RAW -45 10 -7
29.768 1 IMU_MAG_RAW 320 428 -379
29.772 1 ACTUATORS 1200,1649,1393,1393,1350
29.775 1 IMU_ACCEL_RAW 119 -2046 31
29.778 1 IMU_GYRO_RAW -46 9 -9
29.780 1 IMU_MAG_RAW 319 427 -374
29.788 1 BARO_RAW 0. 0.
29.792 1 ALIVE 0,140,247,21,200,69,224,159,186,40,112,14,148,154,242,249
29.793 1 DOWNLINK_STATUS 0 30 16038 779 29 899. 50. -18098.53
29.795 1 IMU_ACCEL_RAW 125 -2049 42
29.798 1 IMU_GYRO_RAW -45 8 -8
29.800 1 IMU_MAG_RAW 323 427 -367
29.803 1 IMU_ACCEL_RAW 117 -2050 42
30.049 1 IMU_GYRO_RAW -45 9 -9
30.053 1 IMU_MAG_RAW 319 428 -378
30.056 1 IMU_ACCEL_RAW 113 -2051 29
30.059 1 IMU_GYRO_RAW -46 9 -7
30.062 1 IMU_MAG_RAW 318 429 -374
30.066 1 NAVIGATION 0 2 -194263.5 -4813595. 0. 2.32084345979e+13 0 0
30.075 1 IMU_GYRO_RAW -44 7 -7
30.078 1 IMU_MAG_RAW 311 426 -301
30.081 1 IMU_ACCEL_RAW 118 -2057 36
30.084 1 IMU_GYRO_RAW -45 9 -8
30.089 1 IMU_MAG_RAW 321 428 -376
30.094 1 IMU_ACCEL_RAW 119 -2054 41
30.336 1 IMU_GYRO_RAW -45 8 -8
30.340 1 IMU_MAG_RAW 316 427 -367
30.341 1 DL_VALUE 7 2.
30.345 1 IMU_ACCEL_RAW 114 -2047 43
30.348 1 IMU_GYRO_RAW -46 9 -8
30.351 1 IMU_MAG_RAW 316 426 -376
30.355 1 NAVIGATION 0 2 -194263.5 -4813595. 0. 2.32084345979e+13 0 0
30.362 1 IMU_GYRO_RAW -45 9 -8
30.365 1 IMU_MAG_RAW 311 425 -288
30.368 1 IMU_ACCEL_RAW 125 -2046 43
30.372 1 IMU_GYRO_RAW -44 8 -7
30.375 1 IMU_MAG_RAW 316 426 -367
30.377 1 FBW_STATUS 2 0 1 101 0
30.794 1 DOWNLINK_STATUS 0 31 16566 808 31 528. 29. -23099.64
30.948 1 NAVIGATION 0 2 -194263.5 -4813595. 0. 2.32084345979e+13 0 0
30.951 1 IMU_ACCEL_RAW 119 -2061 37
30.954 1 IMU_GYRO_RAW -46 9 -8
30.957 1 IMU_MAG_RAW 320 429 -371
30.961 1 IMU_ACCEL_RAW 123 -2049 42
30.964 1 IMU_GYRO_RAW -45 9 -8
30.973 1 IMU_GYRO_RAW -45 7 -8
30.976 1 IMU_MAG_RAW 316 429 -375
30.978 1 DL_VALUE 8 0.
30.981 1 IMU_ACCEL_RAW 122 -2053 37
30.984 1 IMU_GYRO_RAW -45 7 -8
30.987 1 IMU_MAG_RAW 320 431 -376
31.794 1 DOWNLINK_STATUS 0 32 16783 820 32 217. 12. -23099.64
31.981 1 NAVIGATION 0 2 -194263.5 -4813595. 0. 2.32084345979e+13 0 0
31.985 1 IMU_ACCEL_RAW 116 -2048 36
31.988 1 IMU_GYRO_RAW -46 9 -8
31.991 1 IMU_MAG_RAW 322 430 -373
31.993 1 BARO_RAW 0. 0.
31.996 1 IMU_ACCEL_RAW 114 -2051 45
32.000 1 IMU_GYRO_RAW -45 8 -7
32.009 1 NAVIGATION 0 2 -194263.5 -4813595. 0. 2.32084345979e+13 0 0
32.012 1 IMU_ACCEL_RAW 112 -2059 45
32.015 1 IMU_GYRO_RAW -45 8 -8
32.018 1 IMU_MAG_RAW 318 431 -369
32.022 1 IMU_ACCEL_RAW 119 -2055 38
32.266 1 IMU_GYRO_RAW -46 10 -7
32.269 1 IMU_MAG_RAW 318 426 -369
32.273 1 IMU_ACCEL_RAW 111 -2055 50
32.276 1 IMU_GYRO_RAW -45 9 -8
32.279 1 IMU_MAG_RAW 316 428 -357
32.282 1 IMU_ACCEL_RAW 118 -2044 37
32.285 1 IMU_GYRO_RAW -45 9 -7
32.295 1 IMU_ACCEL_RAW 115 -2049 43
32.298 1 IMU_GYRO_RAW -46 8 -8
32.301 1 IMU_MAG_RAW 320 429 -364
32.304 1 IMU_ACCEL_RAW 117 -2057 38
32.307 1 IMU_GYRO_RAW -45 9 -7
32.553 1 IMU_MAG_RAW 319 429 -374
32.556 1 BARO_RAW 0. 0.
32.559 1 IMU_ACCEL_RAW 119 -2047 43
32.561 1 IMU_GYRO_RAW -45 9 -8
32.564 1 IMU_MAG_RAW 321 426 -366
32.567 1 IMU_ACCEL_RAW 113 -2059 47
32.571 1 IMU_GYRO_RAW -45 7 -9
32.574 1 IMU_MAG_RAW 318 430 -368
32.578 1 IMU_ACCEL_RAW 119 -2053 41
32.580 1 IMU_GYRO_RAW -45 7 -8
32.583 1 IMU_MAG_RAW 311 425 -300
32.587 1 IMU_ACCEL_RAW 117 -2054 40
32.589 1 IMU_GYRO_RAW -44 8 -8
32.592 1 IMU_MAG_RAW 318 425 -370
32.595 1 IMU_ACCEL_RAW 115 -2051 44
32.795 1 DOWNLINK_STATUS 0 33 17493 859 34 710. 39. -23099.64
32.841 1 IMU_GYRO_RAW -46 10 -8
32.844 1 IMU_MAG_RAW 316 430 -376
32.848 1 IMU_ACCEL_RAW 111 -2060 47
32.851 1 IMU_GYRO_RAW -44 8 -8
32.854 1 IMU_MAG_RAW 318 428 -373
32.856 1 DL_VALUE 10 0.
32.859 1 IMU_ACCEL_RAW 115 -2046 48
32.867 1 IMU_GYRO_RAW -46 8 -8
32.870 1 IMU_MAG_RAW 310 426 -296
32.873 1 IMU_ACCEL_RAW 114 -2055 41
32.877 1 IMU_GYRO_RAW -45 9 -7
32.880 1 IMU_MAG_RAW 318 427 -358
33.127 1 ALIVE 0,140,247,21,200,69,224,159,186,40,112,14,148,154,242,249
33.130 1 IMU_ACCEL_RAW 116 -2053 49
33.133 1 IMU_GYRO_RAW -46 8 -8
33.136 1 IMU_MAG_RAW 317 426 -359
33.141 1 NAVIGATION 0 2 -194263.5 -4813595. 0. 2.32084345979e+13 0 0
33.143 1 IMU_ACCEL_RAW 113 -2054 38
33.147 1 IMU_GYRO_RAW -45 9 -8
33.156 1 IMU_ACCEL_RAW 110 -2054 48
33.159 1 IMU_GYRO_RAW -45 8 -7
33.162 1 IMU_MAG_RAW 319 427 -379
33.165 1 IMU_ACCEL_RAW 121 -2063 40
33.168 1 IMU_GYRO_RAW -44 9 -9
33.415 1 IMU_MAG_RAW 316 426 -374
33.417 1 DL_VALUE 0 3.
33.421 1 NAVIGATION 0 2 -194263.5 -4813595. 0. 2.32084345979e+13 0 0
33.425 1 IMU_ACCEL_RAW 115 -2057 46
33.428 1 IMU_GYRO_RAW -44 8 -9
33.431 1 IMU_MAG_RAW 321 430 -371
33.434 1 IMU_ACCEL_RAW 111 -2046 31
33.443 1 IMU_GYRO_RAW -45 8 -8
33.446 1 IMU_MAG_RAW 319 426 -374
33.449 1 IMU_ACCEL_RAW 117 -2055 47
33.451 1 IMU_GYRO_RAW -45 8 -8
33.454 1 IMU_MAG_RAW 322 426 -374
33.457 1 FBW_STATUS 2 0 1 101 0
33.704 1 NAVIGATION 0 2 -194263.5 -4813595. 0. 2.32084345979e+13 0 0
33.707 1 IMU_ACCEL_RAW 117 -2056 35
33.710 1 IMU_GYRO_RAW -45 8 -8
33.713 1 IMU_MAG_RAW 320 426 -370
33.717 1 IMU_ACCEL_RAW 113 -2059 43
33.720 1 IMU_GYRO_RAW -45 9 -7
33.729 1 IMU_GYRO_RAW -46 8 -8
33.732 1 IMU_MAG_RAW 313 425 -286
33.734 1 DL_VALUE 1 0.
33.739 1 NAVIGATION 0 2 -194263.5 -4813595. 0. 2.32084345979e+13 0 0
33.740 1 WIND_INFO 1 42 0. 0. 0.
33.742 1 IMU_ACCEL_RAW 116 -2059 38
33.745 1 IMU_GYRO_RAW -46 8 -9
33.795 1 DOWNLINK_STATUS 0 34 18388 908 38 895. 49. -23099.64
33.990 1 IMU_MAG_RAW 320 432 -370
33.993 1 IMU_ACCEL_RAW 115 -2058 36
33.997 1 IMU_GYRO_RAW -45 8 -9
34.000 1 IMU_MAG_RAW 315 427 -375
34.002 1 BARO_RAW 0. 0.
34.005 1 IMU_ACCEL_RAW 116 -2051 47
34.008 1 IMU_GYRO_RAW -45 9 -7
34.017 1 IMU_ACCEL_RAW 114 -2042 32
34.020 1 IMU_GYRO_RAW -46 9 -6
34.024 1 IMU_MAG_RAW 343 437 -374
34.027 1 IMU_ACCEL_RAW 127 -2068 48
34.030 1 IMU_GYRO_RAW -44 7 -7
34.680 1 IMU_MAG_RAW 321 428 -360
34.683 1 IMU_ACCEL_RAW 122 -2054 26
34.686 1 IMU_GYRO_RAW -46 10 -10
34.689 1 IMU_MAG_RAW 316 428 -366
34.693 1 IMU_ACCEL_RAW 105 -2081 38
34.696 1 IMU_GYRO_RAW -44 7 -8
34.699 1 IMU_MAG_RAW 324 429 -373
34.705 1 IMU_ACCEL_RAW 125 -2051 21
34.709 1 IMU_GYRO_RAW -46 8 -8
34.712 1 IMU_MAG_RAW 319 428 -373
34.715 1 IMU_ACCEL_RAW 105 -2055 51
34.718 1 IMU_GYRO_RAW -45 7 -7
34.721 1 IMU_MAG_RAW 315 428 -364
34.724 1 BARO_RAW 0. 0.
34.796 1 DOWNLINK_STATUS 0 35 18848 934 40 460. 26. -23099.64
34.969 1 IMU_ACCEL_RAW 111 -2054 41
34.972 1 IMU_GYRO_RAW -44 8 -9
34.976 1 IMU_MAG_RAW 325 429 -368
34.979 1 IMU_ACCEL_RAW 125 -2057 28
34.982 1 IMU_GYRO_RAW -47 7 -10
34.985 1 IMU_MAG_RAW 322 429 -370
34.988 1 IMU_ACCEL_RAW 106 -2038 39
34.995 1 IMU_GYRO_RAW -44 8 -8
34.998 1 IMU_MAG_RAW 318 425 -375
35.001 1 IMU_ACCEL_RAW 119 -2054 36
35.004 1 IMU_GYRO_RAW -47 9 -9
35.007 1 IMU_MAG_RAW 329 431 -369
35.255 1 NAVIGATION 0 2 -194263.5 -4813595. 0. 2.32084345979e+13 0 0
35.258 1 IMU_ACCEL_RAW 123 -2043 42
35.262 1 IMU_GYRO_RAW -45 9 -8
35.265 1 IMU_MAG_RAW 317 426 -358
35.269 1 ALIVE 0,140,247,21,200,69,224,159,186,40,112,14,148,154,242,249
35.272 1 IMU_ACCEL_RAW 118 -2051 43
35.275 1 IMU_GYRO_RAW -44 7 -7
35.283 1 IMU_GYRO_RAW -44 7 -7
35.286 1 IMU_MAG_RAW 316 427 -366
35.289 1 IMU_ACCEL_RAW 117 -2054 40
35.292 1 IMU_GYRO_RAW -47 9 -6
35.295 1 IMU_MAG_RAW 321 430 -366
35.544 1 NAVIGATION 0 2 -194263.5 -4813595. 0. 2.32084345979e+13 0 0
35.546 1 IMU_ACCEL_RAW 118 -2065 45
35.549 1 IMU_GYRO_RAW -44 8 -6
35.552 1 IMU_MAG_RAW 320 426 -366
35.555 1 IMU_ACCEL_RAW 120 -2046 40
35.558 1 IMU_GYRO_RAW -45 9 -7
35.561 1 IMU_MAG_RAW 323 428 -373
35.570 1 IMU_GYRO_RAW -45 8 -9
35.573 1 IMU_MAG_RAW 314 427 -296
35.575 1 DL_VALUE 6 40.
35.580 1 NAVIGATION 0 2 -194263.5 -4813595. 0. 2.32084345979e+13 0 0
35.583 1 IMU_ACCEL_RAW 115 -2057 39
35.586 1 IMU_GYRO_RAW -46 8 -9
35.798 1 DOWNLINK_STATUS 0 36 19536 971 43 688. 37. -28099.95
36.154 1 IMU_MAG_RAW 352 448 -376
36.157 1 IMU_ACCEL_RAW 119 -2049 39
36.160 1 IMU_GYRO_RAW -44 7 -8
36.164 1 IMU_MAG_RAW 320 428 -365
36.166 1 BARO_RAW 0. 0.
36.169 1 IMU_ACCEL_RAW 117 -2044 27
36.172 1 IMU_GYRO_RAW -45 8 -8
36.181 1 IMU_ACCEL_RAW 126 -2046 47
36.184 1 IMU_GYRO_RAW -43 8 -9
36.187 1 IMU_MAG_RAW 318 427 -370
36.191 1 IMU_ACCEL_RAW 114 -2059 40
36.194 1 IMU_GYRO_RAW -45 8 -8
36.788 1 IMU_MAG_RAW 325 431 -370
36.791 1 IMU_ACCEL_RAW 124 -2047 36
36.794 1 IMU_GYRO_RAW -44 8 -9
36.798 1 IMU_MAG_RAW 317 427 -359
36.799 1 DOWNLINK_STATUS 0 37 19820 987 44 284. 16. -28099.95
36.802 1 IMU_ACCEL_RAW 121 -2062 32
36.804 1 IMU_GYRO_RAW -46 8 -8
36.807 1 IMU_MAG_RAW 315 427 -371
36.815 1 IMU_MAG_RAW 320 429 -369
36.818 1 IMU_ACCEL_RAW 119 -2047 40
36.821 1 IMU_GYRO_RAW -46 10 -7
36.824 1 IMU_MAG_RAW 318 424 -368
36.827 1 BARO_RAW 0. 0.
36.830 1 IMU_ACCEL_RAW 114 -2061 44
37.077 1 IMU_GYRO_RAW -45 9 -7
37.080 1 IMU_MAG_RAW 317 423 -374
37.083 1 IMU_ACCEL_RAW 117 -2049 39
37.086 1 IMU_GYRO_RAW -45 9 -7
37.090 1 IMU_MAG_RAW 318 427 -369
37.092 1 IMU_ACCEL_RAW 122 -2051 38
37.096 1 IMU_GYRO_RAW -45 8 -8
37.104 1 IMU_GYRO_RAW -46 8 -9
37.107 1 IMU_MAG_RAW 321 428 -369
37.114 1 IMU_ACCEL_RAW 120 -2055 31
37.114 1 IMU_GYRO_RAW -44 8 -8
37.117 1 IMU_MAG_RAW 322 427 -366
37.363 1 ALIVE 0,140,247,21,200,69,224,159,186,40,112,14,148,154,242,249
37.366 1 IMU_ACCEL_RAW 119 -2050 38
37.370 1 IMU_GYRO_RAW -45 8 -7
37.373 1 IMU_MAG_RAW 315 425 -364
37.376 1 IMU_ACCEL_RAW 123 -2053 34
37.379 1 IMU_GYRO_RAW -45 8 -7
37.382 1 IMU_MAG_RAW 359 450 -376
37.384 1 DL_VALUE 8 0.
37.391 1 IMU_GYRO_RAW -46 7 -8
37.395 1 IMU_MAG_RAW 335 439 -302
37.398 1 IMU_ACCEL_RAW 117 -2048 37
37.401 1 IMU_GYRO_RAW -45 8 -7
37.404 1 IMU_MAG_RAW 317 426 -370
37.407 1 IMU_ACCEL_RAW 118 -2048 32
37.652 1 IMU_GYRO_RAW -45 8 -8
37.656 1 IMU_MAG_RAW 315 425 -358
37.659 1 IMU_ACCEL_RAW 121 -2048 34
37.662 1 IMU_GYRO_RAW -45 9 -9
37.666 1 IMU_MAG_RAW 323 426 -368
37.668 1 FBW_STATUS 2 0 1 101 0
37.678 1 IMU_GYRO_RAW -45 7 -8
37.681 1 IMU_MAG_RAW 321 428 -370
37.684 1 IMU_ACCEL_RAW 120 -2048 23
37.688 1 IMU_GYRO_RAW -48 8 -9
37.691 1 IMU_MAG_RAW 318 429 -360
37.693 1 DL_VALUE 9 1.
37.799 1 DOWNLINK_STATUS 0 38 20650 1034 48 830. 47. -28099.95
37.940 1 NAVIGATION 0 2 -194263.5 -4813595. 0. 2.32084345979e+13 0 0
37.943 1 IMU_ACCEL_RAW 133 -2063 41
37.946 1 IMU_GYRO_RAW -45 9 -9
37.950 1 IMU_MAG_RAW 316 426 -356
37.953 1 IMU_ACCEL_RAW 115 -2038 33
37.956 1 IMU_GYRO_RAW -46 11 -9
37.959 1 IMU_MAG_RAW 316 425 -372
37.968 1 IMU_GYRO_RAW -45 10 -9
37.971 1 IMU_MAG_RAW 319 426 -364
37.975 1 NAVIGATION 0 2 -194263.5 -4813595. 0. 2.32084345979e+13 0 0
37.978 1 IMU_ACCEL_RAW 112 -2046 46
37.982 1 IMU_GYRO_RAW -45 9 -7
38.227 1 IMU_MAG_RAW 320 431 -365
38.230 1 IMU_ACCEL_RAW 127 -2056 32
38.233 1 IMU_GYRO_RAW -46 9 -6
38.236 1 IMU_MAG_RAW 319 429 -367
38.239 1 IMU_ACCEL_RAW 121 -2046 37
38.243 1 IMU_GYRO_RAW -46 8 -9
38.246 1 IMU_MAG_RAW 320 427 -374
38.253 1 IMU_GYRO_RAW -45 8 -9
38.256 1 IMU_MAG_RAW 317 428 -378
38.259 1 IMU_ACCEL_RAW 120 -2051 38
38.262 1 IMU_GYRO_RAW -45 8 -9
38.265 1 IMU_MAG_RAW 319 428 -379
38.268 1 IMU_ACCEL_RAW 121 -2058 45
38.515 1 IMU_GYRO_RAW -46 7 -8
38.518 1 IMU_MAG_RAW 320 428 -372
38.519 1 DL_VALUE 0 3.
38.523 1 IMU_ACCEL_RAW 118 -2056 34
38.526 1 IMU_GYRO_RAW -45 8 -9
38.529 1 IMU_MAG_RAW 316 425 -362
38.534 1 NAVIGATION 0 2 -194263.5 -4813595. 0. 2.32084345979e+13 0 0
38.540 1 IMU_GYRO_RAW -45 8 -7
38.543 1 IMU_MAG_RAW 310 426 -298
38.546 1 IMU_ACCEL_RAW 122 -2047 32
38.550 1 IMU_GYRO_RAW -45 8 -8
38.553 1 IMU_MAG_RAW 320 429 -374
38.556 1 IMU_ACCEL_RAW 119 -2060 38
38.799 1 DOWNLINK_STATUS 0 39 21351 1072 51 701. 38. -28099.95
38.802 1 IMU_GYRO_RAW -45 8 -8
38.805 1 IMU_MAG_RAW 318 425 -357
38.810 1 NAVIGATION 0 2 -194263.5 -4813595. 0. 2.32084345979e+13 0 0
38.813 1 IMU_ACCEL_RAW 119 -2048 40
38.816 1 IMU_GYRO_RAW -45 8 -8
38.819 1 IMU_MAG_RAW 319 428 -375
38.828 1 IMU_GYRO_RAW -45 8 -9
38.831 1 IMU_MAG_RAW 307 428 -287
38.833 1 DL_VALUE 1 0.
38.837 1 ALIVE 0,140,247,21,200,69,224,159,186,40,112,14,148,154,242,249
38.842 1 NAVIGATION 0 2 -194263.5 -4813595. 0. 2.32084345979e+13 0 0
39.086 1 IMU_ACCEL_RAW 123 -2052 44
39.090 1 IMU_GYRO_RAW -45 9 -9
39.093 1 IMU_MAG_RAW 316 427 -370
39.096 1 IMU_ACCEL_RAW 116 -2047 45
39.099 1 IMU_GYRO_RAW -44 8 -8
39.102 1 IMU_MAG_RAW 318 428 -380
39.105 1 BARO_RAW 0. 0.
39.108 1 IMU_ACCEL_RAW 120 -2047 37
39.118 1 IMU_ACCEL_RAW 127 -2056 33
39.121 1 IMU_GYRO_RAW -46 8 -8
39.125 1 IMU_MAG_RAW 320 424 -369
39.128 1 IMU_ACCEL_RAW 118 -2054 38
39.374 1 IMU_GYRO_RAW -45 8 -8
39.376 1 IMU_MAG_RAW 317 429 -365
39.379 1 IMU_ACCEL_RAW 116 -2054 42
39.382 1 IMU_GYRO_RAW -45 8 -8
39.385 1 IMU_MAG_RAW 318 427 -368
39.388 1 IMU_ACCEL_RAW 116 -2050 45
39.391 1 IMU_GYRO_RAW -45 9 -8
39.401 1 IMU_GYRO_RAW -45 8 -8
39.404 1 IMU_MAG_RAW 314 430 -283
39.407 1 IMU_ACCEL_RAW 120 -2052 53
39.410 1 IMU_GYRO_RAW -45 9 -8
39.413 1 IMU_MAG_RAW 318 428 -366
39.416 1 IMU_ACCEL_RAW 114 -2057 40
39.662 1 IMU_GYRO_RAW -45 9 -8
39.665 1 IMU_MAG_RAW 318 429 -369
39.667 1 DL_VALUE 3 0.
39.672 1 NAVIGATION 0 2 -194263.5 -4813595. 0. 2.32084345979e+13 0 0
39.675 1 IMU_ACCEL_RAW 112 -2055 33
39.678 1 IMU_GYRO_RAW -45 9 -7
39.681 1 IMU_MAG_RAW 320 429 -367
39.688 1 DL_VALUE 4 0.
39.693 1 NAVIGATION 0 2 -194263.5 -4813595. 0. 2.32084345979e+13 0 0
39.696 1 IMU_ACCEL_RAW 112 -2051 39
39.699 1 IMU_GYRO_RAW -45 9 -7
39.702 1 IMU_MAG_RAW 319 429 -371
39.800 1 DOWNLINK_STATUS 0 40 22227 1120 55 876. 48. -28099.95
39.948 1 IMU_ACCEL_RAW 119 -2055 48
39.950 1 IMU_GYRO_RAW -45 8 -8
39.954 1 IMU_MAG_RAW 315 431 -382
39.956 1 BARO_RAW 0. 0.
39.959 1 IMU_ACCEL_RAW 120 -2054 42
39.962 1 IMU_GYRO_RAW -46 8 -9
39.965 1 IMU_MAG_RAW 317 428 -375
39.976 1 IMU_ACCEL_RAW 114 -2057 40
39.979 1 IMU_GYRO_RAW -44 9 -8
39.982 1 IMU_MAG_RAW 317 424 -371
39.985 1 IMU_ACCEL_RAW 114 -2048 39
39.988 1 IMU_GYRO_RAW -45 8 -8
40.235 1 IMU_MAG_RAW 320 429 -375
40.238 1 IMU_ACCEL_RAW 109 -2056 47
40.241 1 IMU_GYRO_RAW -45 9 -8
40.244 1 IMU_MAG_RAW 318 428 -377
40.246 1 IMU_ACCEL_RAW 118 -2052 41
40.250 1 IMU_GYRO_RAW -46 8 -8
40.254 1 IMU_MAG_RAW 314 428 -376
40.262 1 IMU_GYRO_RAW -44 8 -8
40.266 1 IMU_MAG_RAW 314 428 -382
40.268 1 BARO_RAW 0. 0.
40.272 1 ALIVE 0,140,247,21,200,69,224,159,186,40,112,14,148,154,242,249
40.275 1 IMU_ACCEL_RAW 117 -2053 34
40.278 1 IMU_GYRO_RAW -45 9 -7
40.524 1 IMU_MAG_RAW 318 425 -377
40.527 1 IMU_ACCEL_RAW 115 -2057 35
40.530 1 IMU_GYRO_RAW -44 9 -8
40.533 1 IMU_MAG_RAW 321 424 -370
40.536 1 IMU_ACCEL_RAW 118 -2057 43
40.539 1 IMU_GYRO_RAW -45 9 -8
40.542 1 IMU_MAG_RAW 315 426 -379
40.549 1 IMU_GYRO_RAW -46 9 -8
40.552 1 IMU_MAG_RAW 318 429 -374
40.556 1 IMU_ACCEL_RAW 122 -2054 44
40.559 1 IMU_GYRO_RAW -45 9 -8
40.562 1 IMU_MAG_RAW 319 426 -373
40.565 1 IMU_ACCEL_RAW 115 -2058 41
40.801 1 DOWNLINK_STATUS 0 41 22908 1158 58 681. 38. -33099.98
41.215 1 IMU_GYRO_RAW -45 9 -8
41.218 1 IMU_MAG_RAW 317 426 -355
41.220 1 DL_VALUE 6 40.
41.225 1 NAVIGATION 0 2 -194263.5 -4813595. 0. 2.32084345979e+13 0 0
41.228 1 IMU_ACCEL_RAW 112 -2052 43
41.231 1 IMU_GYRO_RAW -45 8 -7
41.234 1 IMU_MAG_RAW 317 428 -373
41.243 1 IMU_GYRO_RAW -45 9 -8
41.246 1 IMU_MAG_RAW 317 426 -356
41.249 1 IMU_ACCEL_RAW 114 -2052 39
41.253 1 IMU_GYRO_RAW -45 8 -7
41.256 1 IMU_MAG_RAW 315 428 -357
41.503 1 NAVIGATION 0 2 -194263.5 -4813595. 0. 2.32084345979e+13 0 0
41.506 1 IMU_ACCEL_RAW 122 -2053 41
41.509 1 IMU_GYRO_RAW -45 9 -7
41.512 1 IMU_MAG_RAW 332 437 -368
41.515 1 IMU_ACCEL_RAW 116 -2055 42
41.518 1 IMU_GYRO_RAW -45 8 -8
41.521 1 IMU_MAG_RAW 320 427 -365
41.525 1 IMU_ACCEL_RAW 117 -2056 40
41.528 1 IMU_GYRO_RAW -46 9 -9
41.531 1 IMU_MAG_RAW 344 445 -296
41.534 1 IMU_ACCEL_RAW 123 -2051 39
41.537 1 IMU_GYRO_RAW -44 9 -7
41.540 1 IMU_MAG_RAW 321 430 -365
41.542 1 DL_VALUE 7 2.
41.790 1 NAVIGATION 0 2 -194263.5 -4813595. 0. 2.32084345979e+13 0 0
41.792 1 IMU_ACCEL_RAW 109 -2058 35
41.795 1 IMU_GYRO_RAW -45 9 -8
41.798 1 IMU_MAG_RAW 316 428 -361
41.801 1 DOWNLINK_STATUS 0 42 23458 1188 59 550. 30. -33099.98
41.802 1 IMU_ACCEL_RAW 122 -2054 39
41.805 1 IMU_GYRO_RAW -45 8 -7
41.808 1 IMU_MAG_RAW 351 444 -380
41.815 1 IMU_GYRO_RAW -47 8 -8
41.818 1 IMU_MAG_RAW 351 431 -288
41.822 1 NAVIGATION 0 2 -194263.5 -4813595. 0. 2.32084345979e+13 0 0
41.825 1 IMU_ACCEL_RAW 118 -2055 34
41.829 1 IMU_GYRO_RAW -45 9 -8
42.075 1 IMU_MAG_RAW 321 429 -360
42.079 1 IMU_ACCEL_RAW 121 -2054 35
42.082 1 IMU_GYRO_RAW -46 7 -8
42.085 1 IMU_MAG_RAW 317 427 -379
42.088 1 IMU_ACCEL_RAW 116 -2051 42
42.091 1 IMU_GYRO_RAW -46 9 -7
42.094 1 IMU_MAG_RAW 317 425 -378
42.104 1 IMU_ACCEL_RAW 123 -2058 35
42.107 1 IMU_GYRO_RAW -45 7 -9
42.111 1 IMU_MAG_RAW 316 427 -376
42.114 1 IMU_ACCEL_RAW 114 -2055 35
42.121 1 IMU_GYRO_RAW -46 9 -9
42.363 1 IMU_MAG_RAW 341 441 -387
42.365 1 BARO_RAW 0. 0.
42.369 1 IMU_ACCEL_RAW 119 -2058 43
42.372 1 IMU_GYRO_RAW -44 8 -9
42.375 1 IMU_MAG_RAW 320 426 -368
42.378 1 IMU_ACCEL_RAW 122 -2040 39
42.381 1 IMU_GYRO_RAW -46 9 -8
42.384 1 IMU_MAG_RAW 316 427 -375
42.389 1 IMU_GYRO_RAW -46 8 -8
42.392 1 IMU_MAG_RAW 317 429 -372
42.396 1 IMU_ACCEL_RAW 120 -2055 40
42.399 1 IMU_GYRO_RAW -45 8 -9
42.402 1 IMU_MAG_RAW 320 427 -377
42.405 1 IMU_ACCEL_RAW 124 -2046 37
42.651 1 IMU_GYRO_RAW -45 9 -8
42.654 1 IMU_MAG_RAW 374 442 -387
42.658 1 IMU_ACCEL_RAW 119 -2049 33
42.661 1 IMU_GYRO_RAW -46 9 -8
42.664 1 IMU_MAG_RAW 321 430 -374
42.666 1 IMU_ACCEL_RAW 121 -2052 38
42.669 1 IMU_GYRO_RAW -45 8 -9
42.677 1 IMU_GYRO_RAW -46 9 -8
42.680 1 IMU_MAG_RAW 317 429 -370
42.683 1 BARO_RAW 0. 0.
42.686 1 IMU_ACCEL_RAW 120 -2049 52
42.689 1 IMU_GYRO_RAW -45 9 -8
42.692 1 IMU_MAG_RAW 322 426 -369
42.802 1 DOWNLINK_STATUS 0 43 24304 1235 62 846. 47. -33099.98
42.939 1 IMU_ACCEL_RAW 120 -2055 37
42.942 1 IMU_GYRO_RAW -45 9 -8
42.945 1 IMU_MAG_RAW 323 428 -377
42.949 1 ALIVE 0,140,247,21,200,69,224,159,186,40,112,14,148,154,242,249
42.952 1 IMU_ACCEL_RAW 120 -2058 41
42.955 1 IMU_GYRO_RAW -46 9 -8
42.959 1 IMU_MAG_RAW 323 428 -373
42.969 1 IMU_MAG_RAW 328 437 -303
42.972 1 IMU_ACCEL_RAW 118 -2045 45
42.975 1 IMU_GYRO_RAW -45 9 -9
42.978 1 IMU_MAG_RAW 320 426 -363
42.981 1 IMU_ACCEL_RAW 120 -2052 44
43.227 1 IMU_GYRO_RAW -45 8 -8
43.230 1 IMU_MAG_RAW 317 428 -365
43.232 1 DL_VALUE 10 0.
43.237 1 NAVIGATION 0 2 -194263.5 -4813595. 0. 2.32084345979e+13 0 0
43.240 1 IMU_ACCEL_RAW 116 -2056 34
43.243 1 IMU_GYRO_RAW -45 9 -8
43.246 1 IMU_MAG_RAW 341 443 -374
43.253 1 IMU_GYRO_RAW -46 7 -8
43.256 1 IMU_MAG_RAW 359 449 -365
43.259 1 IMU_ACCEL_RAW 119 -2056 34
43.262 1 IMU_GYRO_RAW -45 8 -9
43.265 1 IMU_MAG_RAW 320 428 -357
43.513 1 NAVIGATION 0 2 -194263.5 -4813595. 0. 2.32084345979e+13 0 0
43.516 1 IMU_ACCEL_RAW 120 -2050 32
43.520 1 IMU_GYRO_RAW -46 9 -7
43.523 1 IMU_MAG_RAW 320 426 -369
43.526 1 IMU_ACCEL_RAW 118 -2058 35
43.529 1 IMU_GYRO_RAW -45 8 -9
43.532 1 IMU_MAG_RAW 342 441 -378
43.540 1 IMU_MAG_RAW 314 424 -355
43.543 1 IMU_ACCEL_RAW 115 -2048 36
43.546 1 IMU_GYRO_RAW -45 8 -7
43.549 1 IMU_MAG_RAW 326 429 -372
43.550 1 DL_VALUE 0 3.
43.556 1 NAVIGATION 0 2 -194263.5 -4813595. 0. 2.32084345979e+13 0 0
43.740 1 WIND_INFO 1 42 0. 0. 0.
43.801 1 IMU_ACCEL_RAW 119 -2049 31
43.802 1 DOWNLINK_STATUS 0 44 25003 1273 65 699. 38. -33099.98
43.805 1 IMU_GYRO_RAW -46 9 -9
43.808 1 IMU_MAG_RAW 318 429 -355
43.811 1 IMU_ACCEL_RAW 117 -2053 40
43.814 1 IMU_GYRO_RAW -45 8 -8
43.817 1 IMU_MAG_RAW 319 428 -371
43.820 1 BARO_RAW 0. 0.
43.828 1 IMU_GYRO_RAW -46 8 -8
43.831 1 IMU_MAG_RAW 315 428 -296
43.834 1 IMU_ACCEL_RAW 122 -2051 36
43.837 1 IMU_GYRO_RAW -45 9 -8
43.840 1 IMU_MAG_RAW 319 429 -371
