3.098 2 GPS 0 0 0 0 0 0 0 0 0 0 1
3.200 2 DESIRED 0. 0.01 0. 0. 0. 655. 0. 15.
3.296 2 GPS_SOL 0 0 0 0
3.300 2 WP_MOVED 7 349065. 5946015. 660. 12
3.348 2 GPS 0 0 0 0 0 0 0 0 0 0 1
3.391 2 ESTIMATOR 0. 0.
3.497 2 IMU_GYRO -0.028564 0.02124 -0.047852
3.500 2 ATTITUDE -0.093595 -1.572438 -0.005523
3.602 2 CALIBRATION 0. 0
3.605 2 BAT 40 35 0 0 1 11 0 0
3.611 2 GPS 0 0 0 0 0 0 0 0 0 0 1
3.794 2 WP_MOVED 0 348907. 5945757. 660. 12
3.849 2 GPS 0 0 0 0 0 0 0 0 0 0 1
3.893 2 DL_VALUE 7 0.
3.896 2 ESTIMATOR 0. 0.
3.901 2 DOWNLINK_STATUS 0 4 1627 74 0 378. 17. 0.
4.000 2 NAVIGATION 0 1 0. 0. 0. 0. 0 0
4.002 2 ATTITUDE -0.098869 -1.571559 -0.005398
4.098 2 GPS 0 0 0 0 0 0 0 0 0 0 1
4.250 2 DESIRED 0. 0.01 0. 0. 0. 655. 0. 15.
4.293 2 WP_MOVED 1 348865. 5945715. 660. 12
4.348 2 GPS 0 0 0 0 0 0 0 0 0 0 1
4.375 2 FBW_STATUS 0 46 0 35 2
4.391 2 ESTIMATOR 0. 0.
4.493 2 ATTITUDE -0.103669 -1.570683 -0.005052
4.600 2 IMU_GYRO -0.028564 0.02002 -0.047852
4.605 2 GPS 0 0 0 0 0 0 0 0 0 0 1
4.694 2 BAT 40 35 0 0 1 12 0 0
4.794 2 WP_MOVED 2 348895. 5945815. 660. 12
4.848 2 GPS 0 0 0 0 0 0 0 0 0 0 1
4.891 2 ESTIMATOR 0. 0.
4.902 2 DOWNLINK_STATUS 0 5 1981 89 0 354. 15. 0.
4.999 2 NAVIGATION 0 1 0. 0. 0. 0. 0 0
5.002 2 ATTITUDE -0.10834 -1.569888 -0.004921
5.098 2 GPS 0 0 0 0 0 0 0 0 0 0 1
5.305 2 GPS_SOL 0 0 0 0
5.311 2 DESIRED 0. 0.01 0. 0. 0. 655. 0. 15.
5.315 2 WP_MOVED 3 348965.09375 5945786. 660. 12
5.348 2 GPS 0 0 0 0 0 0 0 0 0 0 1
5.399 2 ENERGY 3.5 0.002 0 0.007
5.401 2 DL_VALUE 8 0.
5.403 2 ESTIMATOR 0. 0.
5.438 2 PONG 
5.493 2 ATTITUDE -0.112577 -1.569015 -0.004439
5.599 2 GPS 0 0 0 0 0 0 0 0 0 0 1
5.694 2 CALIBRATION 0. 0
5.697 2 IMU_GYRO -0.028564 0.018066 -0.046631
5.797 2 BAT 40 35 0 0 1 13 0 0
5.801 2 WP_MOVED 4 348764.6875 5945795. 660. 12
5.848 2 GPS 0 0 0 0 0 0 0 0 0 0 1
5.891 2 ESTIMATOR 0. 0.
5.903 2 DOWNLINK_STATUS 0 6 2385 108 0 404. 19. 37.96
5.999 2 NAVIGATION 0 1 0. 0. 0. 0. 0 0
6.002 2 ATTITUDE -0.116426 -1.568114 -0.004254
6.098 2 GPS 0 0 0 0 0 0 0 0 0 0 1
6.293 2 WP_MOVED 5 348740. 5945760. 660. 12
6.357 2 DESIRED 0. 0.01 0. 0. 0. 655. 0. 15.
6.363 2 GPS 0 0 0 0 0 0 0 0 0 0 1
6.375 2 FBW_STATUS 0 50 0 35 2
6.391 2 ESTIMATOR 0. 0.
6.493 2 ATTITUDE -0.119975 -1.567217 -0.003848
6.599 2 GPS 0 0 0 0 0 0 0 0 0 0 1
6.796 2 IMU_GYRO -0.028564 0.019043 -0.047852
6.800 2 WP_MOVED 6 348665. 5945815. 660. 12
6.848 2 GPS 0 0 0 0 0 0 0 0 0 0 1
6.897 2 DL_VALUE 9 1.
6.900 2 BAT 40 35 0 0 1 14 0 0
6.903 2 ESTIMATOR 0. 0.
6.904 2 DOWNLINK_STATUS 0 7 2750 124 0 365. 16. 37.96
6.999 2 NAVIGATION 0 1 0. 0. 0. 0. 0 0
7.002 2 ATTITUDE -0.123299 -1.56622 -0.00357
7.098 2 GPS 0 0 0 0 0 0 0 0 0 0 1
7.176 2 ACTUATORS |1004,1003,1500,1500,1500,1499|
7.276 2 COMMANDS |40,-14,-14,0,-14,-9548|
7.297 2 GPS_SOL 0 0 0 0
7.300 2 WP_MOVED 7 349065. 5946015. 660. 12
7.348 2 GPS 0 0 0 0 0 0 0 0 0 0 1
7.403 2 DESIRED 0. 0.01 0. 0. 0. 655. 0. 15.
7.406 2 ESTIMATOR 0. 0.
7.493 2 STATE_FILTER_STATUS 3 0
7.496 2 ATTITUDE -0.126152 -1.565442 -0.003604
7.597 2 DOWNLINK 0 388 277
7.603 2 GPS 0 0 0 0 0 0 0 0 0 0 1
7.690 2 PPRZ_MODE 0 0 0 0 0 17
7.802 2 ALIVE |223,216,115,171,104,230,201,204,76,144,92,219,68,201,193,221|
7.803 2 CALIBRATION 0. 0
7.806 2 WP_MOVED 0 348907. 5945757. 660. 12
7.848 2 GPS 0 0 0 0 0 0 0 0 0 0 1
7.900 2 ENERGY 3.6 0.002 0 0.0072
7.903 2 IMU_GYRO -0.024414 -0.010498 -0.047852
7.903 2 DOWNLINK_STATUS 0 8 3195 145 0 445. 21. 37.96
7.905 2 ESTIMATOR 0. 0.
8.003 2 BAT 40 35 0 0 1 15 0 0
8.007 2 NAVIGATION 0 1 0. 0. 0. 0. 0 0
8.010 2 ATTITUDE -0.12975 -1.564802 -0.00359
8.098 2 GPS 0 0 0 0 0 0 0 0 0 0 1
8.293 2 WP_MOVED 1 348865. 5945715. 660. 12
8.348 2 GPS 0 0 0 0 0 0 0 0 0 0 1
8.375 2 FBW_STATUS 0 49 0 35 2
8.393 2 DL_VALUE 10 0.
8.395 2 ESTIMATOR 0. 0.
8.450 2 DESIRED 0. 0.01 0. 0. 0. 655. 0. 15.
8.493 2 ATTITUDE -0.132647 -1.564136 -0.003409
8.599 2 GPS 0 0 0 0 0 0 0 0 0 0 1
8.793 2 WP_MOVED 2 348895. 5945815. 660. 12
8.848 2 GPS 0 0 0 0 0 0 0 0 0 0 1
8.891 2 ESTIMATOR 0. 0.
8.904 2 DOWNLINK_STATUS 0 9 3556 161 0 361. 16. 37.96
9.001 2 IMU_GYRO -0.031738 0.044678 -0.046631
9.006 2 NAVIGATION 0 1 0. 0. 0. 0. 0 0
9.009 2 ATTITUDE -0.133772 -1.563355 -0.003267
9.100 2 BAT 40 35 0 0 1 16 0 0
9.106 2 GPS 0 0 0 0 0 0 0 0 0 0 1
9.297 2 GPS_SOL 0 0 0 0
9.300 2 WP_MOVED 3 348965.09375 5945786. 660. 12
9.348 2 GPS 0 0 0 0 0 0 0 0 0 0 1
9.391 2 ESTIMATOR 0. 0.
9.504 2 DESIRED 0. 0.02 0. 0. 0. 655. 0. 15.
9.507 2 ATTITUDE -0.160081 -1.560465 -0.002512
9.599 2 GPS 0 0 0 0 0 0 0 0 0 0 1
9.793 2 WP_MOVED 4 348764.6875 5945795. 660. 12
9.848 2 GPS 0 0 0 0 0 0 0 0 0 0 1
9.895 2 CALIBRATION 0. 0
9.897 2 DL_VALUE 11 0.
9.899 2 ESTIMATOR 0. 0.
9.904 2 DOWNLINK_STATUS 0 10 3934 178 0 378. 17. 37.96
10.906 2 DOWNLINK_STATUS 0 11 3934 178 0 0. 0. -4963.34
11.907 2 DOWNLINK_STATUS 0 12 3934 178 0 0. 0. -4963.34
12.908 2 DOWNLINK_STATUS 0 13 3934 178 0 0. 0. -4963.34
13.334 2 WIND_INFO 2 42 0. 0. 0.
13.909 2 DOWNLINK_STATUS 0 14 3934 178 0 0. 0. -4963.34
14.911 2 DOWNLINK_STATUS 0 15 3934 178 0 0. 0. -4963.34
15.912 2 DOWNLINK_STATUS 0 16 3934 178 0 0. 0. -9964.62
16.914 2 DOWNLINK_STATUS 0 17 3934 178 0 0. 0. -9964.62
17.915 2 DOWNLINK_STATUS 0 18 3934 178 0 0. 0. -9964.62
18.916 2 DOWNLINK_STATUS 0 19 3934 178 0 0. 0. -9964.62
19.202 2 STATE_FILTER_STATUS 2 0
19.205 2 IMU_GYRO -0.000977 -0.000977 -0.000977
19.208 2 ATTITUDE 0. 0. 0.
19.222 2 BAT 0 157 0 0 0 0 0 0
19.228 2 GPS 0 0 0 0 0 0 0 0 0 0 1
19.239 2 PPRZ_MODE 2 0 0 0 0 6
19.245 2 DESIRED 0. 0. 0. 0. 0. 655. 0. 15.
19.258 2 ALIVE |223,216,115,171,104,230,201,204,76,144,92,219,68,201,193,221|
19.262 2 WP_MOVED 2 348895. 5945815. 660. 12
19.277 2 GPS 0 0 0 0 0 0 0 0 0 0 1
19.292 2 ENERGY 15.7 0. 0 0.
19.295 2 ESTIMATOR 0. 0.
19.311 2 NAVIGATION 0 1 0. 0. 0. 0. 0 0
19.314 2 ATTITUDE 0. 0. 0.
19.326 2 CALIBRATION 0. 0
19.332 2 GPS 0 0 0 0 0 0 0 0 0 0 1
19.344 2 GPS_SOL 0 0 0 0
19.348 2 WP_MOVED 3 348965.09375 5945786. 660. 12
19.373 2 GPS 0 0 0 0 0 0 0 0 0 0 1
19.375 2 DL_VALUE 0 0.
19.377 2 ESTIMATOR 0. 0.
19.380 2 ATTITUDE 0. 0. 0.
19.384 2 IMU_GYRO -0.000977 -0.000977 -0.000977
19.389 2 GPS 0 0 0 0 0 0 0 0 0 0 1
19.393 2 BAT 0 157 0 0 0 1 0 0
19.400 2 DESIRED 0. 0. 0. 0. 0. 655. 0. 15.
19.403 2 WP_MOVED 4 348764.6875 5945795. 660. 12
19.409 2 GPS 0 0 0 0 0 0 0 0 0 0 1
19.411 2 ESTIMATOR 0. 0.
19.416 2 NAVIGATION 0 1 0. 0. 0. 0. 0 0
19.419 2 ATTITUDE 0. 0. 0.
19.425 2 GPS 0 0 0 0 0 0 0 0 0 0 1
19.428 2 WP_MOVED 5 348740. 5945760. 660. 12
19.434 2 GPS 0 0 0 0 0 0 0 0 0 0 1
19.441 2 DESIRED 0. 0. 0. 0. 0. 655. 0. 15.
19.446 2 GPS 0 0 0 0 0 0 0 0 0 0 1
19.450 2 BAT 40 157 0 0 0 3 0 0
19.452 2 ESTIMATOR 0. 0.
19.457 2 NAVIGATION 0 1 0. 0. 0. 0. 0 0
19.460 2 ATTITUDE 0. 0. 0.
19.494 2 GPS 0 0 0 0 0 0 0 0 0 0 1
19.689 2 WP_MOVED 1 348865. 5945715. 660. 12
19.744 2 GPS 0 0 0 0 0 0 0 0 0 0 1
19.770 2 FBW_STATUS 0 49 0 157 2
19.788 2 DL_VALUE 2 655.
19.791 2 ESTIMATOR 0. 0.
19.888 2 ATTITUDE 0. 0. 0.
19.916 2 DOWNLINK_STATUS 0 20 4995 225 0 1061. 47. -9964.62
19.994 2 GPS 0 0 0 0 0 0 0 0 0 0 1
20.189 2 WP_MOVED 2 348895. 5945815. 660. 12
20.244 2 GPS 0 0 0 0 0 0 0 0 0 0 1
20.300 2 IMU_GYRO -0.025391 0.015869 -0.045654
20.306 2 DESIRED 0. 0. 0. 0. 0. 655. 0. 15.
20.309 2 ESTIMATOR 0. 0.
20.399 2 BAT 40 157 0 0 0 4 0 0
20.404 2 NAVIGATION 0 1 0. 0. 0. 0. 0 0
20.407 2 ATTITUDE 0. 0. 0.
20.440 2 PONG 
20.494 2 GPS 0 0 0 0 0 0 0 0 0 0 1
20.571 2 ACTUATORS |1004,1003,1500,1500,1500,1500|
20.672 2 COMMANDS |40,-14,-14,0,-14,-9548|
20.693 2 CALIBRATION 0. 0
20.696 2 GPS_SOL 0 0 0 0
20.700 2 WP_MOVED 3 348965.09375 5945786. 660. 12
20.744 2 GPS 0 0 0 0 0 0 0 0 0 0 1
20.788 2 DOWNLINK 0 404 98
20.791 2 ESTIMATOR 0. 0.
20.888 2 STATE_FILTER_STATUS 2 0
20.892 2 ATTITUDE 0. 0. 0.
20.917 2 DOWNLINK_STATUS 0 21 5426 246 0 431. 21. 37.96
20.994 2 GPS 0 0 0 0 0 0 0 0 0 0 1
21.086 2 PPRZ_MODE 0 0 0 0 0 17
21.195 2 ALIVE |223,216,115,171,104,230,201,204,76,144,92,219,68,201,193,221|
21.198 2 WP_MOVED 4 348764.6875 5945795. 660. 12
21.244 2 GPS 0 0 0 0 0 0 0 0 0 0 1
21.295 2 ENERGY 15.7 0.002 0 0.0314
21.297 2 DL_VALUE 3 0.
21.299 2 ESTIMATOR 0. 0.
21.346 2 DESIRED 0. 0. 0. 0. 0. 655. 0. 15.
21.398 2 IMU_GYRO -0.028564 0.022217 -0.045654
21.403 2 NAVIGATION 0 1 0. 0. 0. 0. 0 0
21.406 2 ATTITUDE 0. 0. 0.
21.496 2 BAT 40 157 0 0 0 5 0 0
21.502 2 GPS 0 0 0 0 0 0 0 0 0 0 1
21.689 2 WP_MOVED 5 348740. 5945760. 660. 12
21.744 2 GPS 0 0 0 0 0 0 0 0 0 0 1
21.770 2 FBW_STATUS 0 51 0 157 2
21.786 2 ESTIMATOR 0. 0.
21.888 2 ATTITUDE 0.045946 -1.585541 -0.014594
21.918 2 DOWNLINK_STATUS 0 22 5846 265 0 420. 19. 37.96
21.994 2 GPS 0 0 0 0 0 0 0 0 0 0 1
22.189 2 WP_MOVED 6 348665. 5945815. 660. 12
22.244 2 GPS 0 0 0 0 0 0 0 0 0 0 1
22.287 2 ESTIMATOR 0. 0.
22.406 2 DESIRED 0. 0. 0. 0. 0. 655. 0. 15.
22.410 2 NAVIGATION 0 1 0. 0. 0. 0. 0 0
22.413 2 ATTITUDE 0.046034 -1.585632 -0.014679
22.495 2 IMU_GYRO -0.029785 0.02002 -0.045654
22.501 2 GPS 0 0 0 0 0 0 0 0 0 0 1
22.589 2 BAT 40 157 0 0 0 7 0 0
22.692 2 GPS_SOL 0 0 0 0
22.695 2 WP_MOVED 7 349065. 5946015. 660. 12
22.744 2 GPS 0 0 0 0 0 0 0 0 0 0 1
22.791 2 CALIBRATION 0. 0
22.793 2 DL_VALUE 4 0.
22.795 2 ESTIMATOR 0. 0.
22.888 2 ATTITUDE 0.045864 -1.585804 -0.014763
22.919 2 DOWNLINK_STATUS 0 23 6224 282 0 378. 17. 37.96
22.994 2 GPS 0 0 0 0 0 0 0 0 0 0 1
23.189 2 WP_MOVED 0 348907. 5945757. 660. 12
23.244 2 GPS 0 0 0 0 0 0 0 0 0 0 1
23.286 2 ESTIMATOR 0. 0.
23.334 2 WIND_INFO 2 42 0. 0. 0.
23.395 2 NAVIGATION 0 1 0. 0. 0. 0. 0 0
23.398 2 ATTITUDE 0.045779 -1.585975 -0.01476
23.446 2 DESIRED 0. 0. 0. 0. 0. 655. 0. 15.
23.494 2 GPS 0 0 0 0 0 0 0 0 0 0 1
23.588 2 IMU_GYRO -0.027588 0.018066 -0.045654
23.694 2 BAT 40 157 0 0 0 8 0 0
23.697 2 WP_MOVED 1 348865. 5945715. 660. 12
23.744 2 GPS 0 0 0 0 0 0 0 0 0 0 1
23.770 2 FBW_STATUS 0 47 0 157 2
23.792 2 ENERGY 15.7 0.002 0 0.0314
23.794 2 ESTIMATOR 0. 0.
23.888 2 ATTITUDE 0.045868 -1.586241 -0.014839
23.920 2 DOWNLINK_STATUS 0 24 6598 298 0 374. 16. 37.96
23.994 2 GPS 0 0 0 0 0 0 0 0 0 0 1
24.189 2 WP_MOVED 2 348895. 5945815. 660. 12
24.244 2 GPS 0 0 0 0 0 0 0 0 0 0 1
24.288 2 DL_VALUE 5 0.
24.290 2 ESTIMATOR 0. 0.
24.395 2 NAVIGATION 0 1 0. 0. 0. 0. 0 0
24.398 2 ATTITUDE 0.045868 -1.586329 -0.014836
24.503 2 DESIRED 0. 0. 0. 0. 0. 655. 0. 15.
24.508 2 GPS 0 0 0 0 0 0 0 0 0 0 1
24.588 2 NAVIGATION_REF 348865 5945715 12 605.
24.696 2 GPS_SOL 0 0 0 0
24.699 2 IMU_GYRO -0.029785 0.02124 -0.045654
24.702 2 WP_MOVED 3 348965.09375 5945786. 660. 12
24.744 2 GPS 0 0 0 0 0 0 0 0 0 0 1
24.792 2 BAT 40 157 0 0 0 9 0 0
24.795 2 ESTIMATOR 0. 0.
24.889 2 CALIBRATION 0. 0
24.892 2 ATTITUDE 0.045698 -1.586584 -0.014833
24.921 2 DOWNLINK_STATUS 0 25 6995 316 0 397. 18. 37.96
24.994 2 GPS 0 0 0 0 0 0 0 0 0 0 1
25.188 2 WP_MOVED 4 348764.6875 5945795. 660. 12
25.243 2 GPS 0 0 0 0 0 0 0 0 0 0 1
25.286 2 ESTIMATOR 0. 0.
25.395 2 NAVIGATION 0 1 0. 0. 0. 0. 0 0
25.398 2 ATTITUDE 0.045615 -1.586928 -0.014828
25.441 2 PONG 
25.494 2 GPS 0 0 0 0 0 0 0 0 0 0 1
25.546 2 DESIRED 0. 0. 0. 0. 0. 655. 0. 15.
25.572 2 ACTUATORS |1004,1003,1500,1500,1500,1500|
25.672 2 COMMANDS |40,-14,-14,0,-14,-9548|
25.689 2 WP_MOVED 5 348740. 5945760. 660. 12
25.744 2 GPS 0 0 0 0 0 0 0 0 0 0 1
25.770 2 FBW_STATUS 0 49 0 157 2
25.792 2 DL_VALUE 6 100.
25.795 2 IMU_GYRO -0.028564 0.02002 -0.045654
25.798 2 ESTIMATOR 0. 0.
25.896 2 DOWNLINK 0 390 189
25.897 2 STATE_FILTER_STATUS 3 0
25.901 2 BAT 40 157 0 0 0 10 0 0
25.904 2 ATTITUDE 0.04553 -1.587015 -0.014913
25.922 2 DOWNLINK_STATUS 0 26 7424 337 0 429. 21. 37.66
25.994 2 GPS 0 0 0 0 0 0 0 0 0 0 1
26.085 2 PPRZ_MODE 0 0 0 0 0 17
26.195 2 ALIVE |223,216,115,171,104,230,201,204,76,144,92,219,68,201,193,221|
26.197 2 WP_MOVED 6 348665. 5945815. 660. 12
26.243 2 GPS 0 0 0 0 0 0 0 0 0 0 1
26.292 2 ENERGY 15.7 0.002 0 0.0314
26.294 2 ESTIMATOR 0. 0.
26.395 2 NAVIGATION 0 1 0. 0. 0. 0. 0 0
26.398 2 ATTITUDE 0.045616 -1.587015 -0.014826
26.494 2 GPS 0 0 0 0 0 0 0 0 0 0 1
26.595 2 DESIRED 0. 0. 0. 0. 0. 655. 0. 15.
26.692 2 GPS_SOL 0 0 0 0
26.695 2 WP_MOVED 7 349065. 5946015. 660. 12
26.744 2 GPS 0 0 0 0 0 0 0 0 0 0 1
26.787 2 ESTIMATOR 0. 0.
26.892 2 IMU_GYRO -0.033936 0.02124 -0.054199
26.895 2 ATTITUDE 0.040904 -1.586866 -0.014389
26.923 2 DOWNLINK_STATUS 0 27 7814 354 0 390. 17. 37.66
26.996 2 CALIBRATION 0. 0
27.001 2 BAT 40 157 0 0 0 11 0 0
27.007 2 GPS 0 0 0 0 0 0 0 0 0 0 1
27.188 2 WP_MOVED 0 348907. 5945757. 660. 12
27.244 2 GPS 0 0 0 0 0 0 0 0 0 0 1
27.288 2 DL_VALUE 7 0.
27.290 2 ESTIMATOR 0. 0.
27.395 2 NAVIGATION 0 1 0. 0. 0. 0. 0 0
27.398 2 ATTITUDE 0.045005 -1.586895 -0.014313
27.494 2 GPS 0 0 0 0 0 0 0 0 0 0 1
27.646 2 DESIRED 0. 0. 0. 0. 0. 655. 0. 15.
27.689 2 WP_MOVED 1 348865. 5945715. 660. 12
27.744 2 GPS 0 0 0 0 0 0 0 0 0 0 1
27.770 2 FBW_STATUS 0 45 0 157 2
27.787 2 ESTIMATOR 0. 0.
27.888 2 ATTITUDE 0.047293 -1.587135 -0.01416
27.924 2 DOWNLINK_STATUS 0 28 8172 370 0 358. 16. 37.66
27.994 2 IMU_GYRO -0.030762 0.05957 -0.047852
28.000 2 GPS 0 0 0 0 0 0 0 0 0 0 1
28.089 2 BAT 40 157 0 0 0 12 0 0
28.188 2 WP_MOVED 2 348895. 5945815. 660. 12
28.243 2 GPS 0 0 0 0 0 0 0 0 0 0 1
28.286 2 ESTIMATOR 0. 0.
28.395 2 NAVIGATION 0 1 0. 0. 0. 0. 0 0
28.398 2 ATTITUDE 0.048412 -1.586816 -0.013986
28.494 2 GPS 0 0 0 0 0 0 0 0 0 0 1
28.700 2 GPS_SOL 0 0 0 0
28.707 2 DESIRED 0. 0.01 0. 0. 0. 655. 0. 15.
28.710 2 WP_MOVED 3 348965.09375 5945786. 660. 12
28.744 2 GPS 0 0 0 0 0 0 0 0 0 0 1
28.794 2 ENERGY 15.7 0.002 0 0.0314
28.795 2 DL_VALUE 8 0.
28.798 2 ESTIMATOR 0. 0.
28.887 2 ATTITUDE 0.046793 -1.586013 -0.012073
28.925 2 DOWNLINK_STATUS 0 29 8559 387 0 387. 17. 37.66
28.993 2 GPS 0 0 0 0 0 0 0 0 0 0 1
29.089 2 CALIBRATION 0. 0
29.092 2 IMU_GYRO -0.025391 -0.029785 -0.044678
29.193 2 BAT 40 157 0 0 0 13 0 0
29.196 2 WP_MOVED 4 348764.6875 5945795. 660. 12
29.243 2 GPS 0 0 0 0 0 0 0 0 0 0 1
29.286 2 ESTIMATOR 0. 0.
29.395 2 NAVIGATION 0 1 0. 0. 0. 0. 0 0
29.398 2 ATTITUDE 0.047879 -1.586397 -0.012275
29.494 2 GPS 0 0 0 0 0 0 0 0 0 0 1
29.689 2 WP_MOVED 5 348740. 5945760. 660. 12
29.753 2 DESIRED 0. 0. 0. 0. 0. 655. 0. 15.
29.759 2 GPS 0 0 0 0 0 0 0 0 0 0 1
29.769 2 FBW_STATUS 0 47 0 157 2
29.786 2 ESTIMATOR 0. 0.
29.887 2 ATTITUDE 0.048913 -1.586165 -0.012187
29.926 2 DOWNLINK_STATUS 0 30 8924 403 0 365. 16. 37.66
29.993 2 GPS 0 0 0 0 0 0 0 0 0 0 1
30.192 2 IMU_GYRO -0.028564 0.014893 -0.045654
30.195 2 WP_MOVED 6 348665. 5945815. 660. 12
30.243 2 GPS 0 0 0 0 0 0 0 0 0 0 1
30.292 2 DL_VALUE 9 0.
30.296 2 BAT 40 157 0 0 0 14 0 0
30.298 2 ESTIMATOR 0. 0.
30.395 2 NAVIGATION 0 1 0. 0. 0. 0. 0 0
30.398 2 ATTITUDE 0.052016 -1.585908 -0.011909
30.442 2 PONG 
30.494 2 GPS 0 0 0 0 0 0 0 0 0 0 1
30.572 2 ACTUATORS |1004,1003,1500,1500,1500,1500|
30.672 2 COMMANDS |40,-14,-14,0,-14,-9548|
30.691 2 GPS_SOL 0 0 0 0
30.696 2 WP_MOVED 7 349065. 5946015. 660. 12
30.744 2 GPS 0 0 0 0 0 0 0 0 0 0 1
30.799 2 DESIRED 0. 0.01 0. 0. 0. 655. 0. 15.
30.800 2 ESTIMATOR 0. 0.
30.888 2 STATE_FILTER_STATUS 3 0
30.891 2 ATTITUDE 0.054088 -1.585969 -0.011721
30.927 2 DOWNLINK_STATUS 0 31 9344 423 0 420. 20. 37.67
30.992 2 DOWNLINK 0 388 279
30.998 2 GPS 0 0 0 0 0 0 0 0 0 0 1
31.085 2 PPRZ_MODE 0 0 0 0 0 17
31.196 2 ALIVE |223,216,115,171,104,230,201,204,76,144,92,219,68,201,193,221|
31.198 2 CALIBRATION 0. 0
31.202 2 WP_MOVED 0 348907. 5945757. 660. 12
31.244 2 GPS 0 0 0 0 0 0 0 0 0 0 1
31.295 2 ENERGY 15.7 0.002 0 0.0314
31.299 2 IMU_GYRO -0.029785 -0.00415 -0.046631
31.301 2 ESTIMATOR 0. 0.
31.398 2 BAT 40 157 0 0 0 15 0 0
31.403 2 NAVIGATION 0 1 0. 0. 0. 0. 0 0
31.406 2 ATTITUDE 0.056805 -1.585967 -0.011483
31.494 2 GPS 0 0 0 0 0 0 0 0 0 0 1
31.689 2 WP_MOVED 1 348865. 5945715. 660. 12
31.743 2 GPS 0 0 0 0 0 0 0 0 0 0 1
31.769 2 FBW_STATUS 0 47 0 157 2
31.788 2 DL_VALUE 10 0.
31.790 2 ESTIMATOR 0. 0.
31.845 2 DESIRED 0. 0.01 0. 0. 0. 655. 0. 15.
31.887 2 ATTITUDE 0.055765 -1.585569 -0.011071
31.928 2 DOWNLINK_STATUS 0 32 9786 444 0 442. 21. 37.67
31.993 2 GPS 0 0 0 0 0 0 0 0 0 0 1
32.189 2 WP_MOVED 2 348895. 5945815. 660. 12
32.244 2 GPS 0 0 0 0 0 0 0 0 0 0 1
32.286 2 ESTIMATOR 0. 0.
32.397 2 IMU_GYRO -0.030762 0.014893 -0.047852
32.402 2 NAVIGATION 0 1 0. 0. 0. 0. 0 0
32.405 2 ATTITUDE 0.059476 -1.585682 -0.01061
32.495 2 BAT 40 157 0 0 0 16 0 0
32.502 2 GPS 0 0 0 0 0 0 0 0 0 0 1
32.691 2 GPS_SOL 0 0 0 0
32.695 2 WP_MOVED 3 348965.09375 5945786. 660. 12
32.743 2 GPS 0 0 0 0 0 0 0 0 0 0 1
32.786 2 ESTIMATOR 0. 0.
32.899 2 DESIRED 0. 0.01 0. 0. 0. 655. 0. 15.
32.902 2 ATTITUDE 0.049627 -1.585518 -0.010168
32.928 2 DOWNLINK_STATUS 0 33 10142 459 0 356. 15. 37.67
32.993 2 GPS 0 0 0 0 0 0 0 0 0 0 1
33.188 2 WP_MOVED 4 348764.6875 5945795. 660. 12
33.244 2 GPS 0 0 0 0 0 0 0 0 0 0 1
33.290 2 CALIBRATION 0. 0
33.292 2 DL_VALUE 11 0.
33.295 2 ESTIMATOR 0. 0.
33.334 2 WIND_INFO 2 42 0. 0. 0.
33.395 2 NAVIGATION 0 1 0. 0. 0. 0. 0 0
33.398 2 ATTITUDE 0.049925 -1.584749 -0.010313
33.494 2 IMU_GYRO -0.031738 0.026367 -0.045654
33.500 2 GPS 0 0 0 0 0 0 0 0 0 0 1
33.592 2 NAVIGATION_REF 348865 5945715 12 605.
33.596 2 BAT 40 157 0 0 0 18 0 0
33.688 2 WP_MOVED 5 348740. 5945760. 660. 12
33.743 2 GPS 0 0 0 0 0 0 0 0 0 0 1
33.769 2 FBW_STATUS 0 47 0 157 2
33.791 2 ENERGY 15.7 0.002 0 0.0314
33.794 2 ESTIMATOR 0. 0.
33.887 2 ATTITUDE 0.049838 -1.584401 -0.010409
33.929 2 DOWNLINK_STATUS 0 34 10519 477 0 377. 18. 37.67
33.945 2 DESIRED 0. 0.01 0. 0. 0. 655. 0. 15.
33.993 2 GPS 0 0 0 0 0 0 0 0 0 0 1
34.189 2 WP_MOVED 6 348665. 5945815. 660. 12
34.244 2 GPS 0 0 0 0 0 0 0 0 0 0 1
34.286 2 ESTIMATOR 0. 0.
34.395 2 NAVIGATION 0 1 0. 0. 0. 0. 0 0
34.397 2 ATTITUDE 0.049754 -1.5844 -0.010498
34.493 2 GPS 0 0 0 0 0 0 0 0 0 0 1
34.587 2 IMU_GYRO -0.031738 0.023193 -0.046631
34.696 2 GPS_SOL 0 0 0 0
34.699 2 BAT 40 157 0 0 0 19 0 0
34.703 2 WP_MOVED 7 349065. 5946015. 660. 12
34.743 2 GPS 0 0 0 0 0 0 0 0 0 0 1
34.788 2 DL_VALUE 12 12000.
34.790 2 ESTIMATOR 0. 0.
34.887 2 ATTITUDE 0.049754 -1.584403 -0.010584
34.930 2 DOWNLINK_STATUS 0 35 10886 493 0 367. 16. 37.67
35.002 2 DESIRED 0. 0.01 0. 0. 0. 655. 0. 15.
35.008 2 GPS 0 0 0 0 0 0 0 0 0 0 1
35.189 2 WP_MOVED 0 348907. 5945757. 660. 12
35.243 2 GPS 0 0 0 0 0 0 0 0 0 0 1
35.285 2 ESTIMATOR 0. 0.
35.394 2 CALIBRATION 0. 0
35.398 2 NAVIGATION 0 1 0. 0. 0. 0. 0 0
35.402 2 ATTITUDE 0.049883 -1.584238 -0.010716
35.442 2 PONG 
35.493 2 GPS 0 0 0 0 0 0 0 0 0 0 1
35.571 2 ACTUATORS |1004,1003,1500,1500,1500,1499|
35.671 2 COMMANDS |40,-14,-14,0,-14,-9548|
35.692 2 IMU_GYRO -0.028564 0.02124 -0.046631
35.695 2 WP_MOVED 1 348865. 5945715. 660. 12
35.743 2 GPS 0 0 0 0 0 0 0 0 0 0 1
35.770 2 FBW_STATUS 0 57 0 157 2
35.792 2 BAT 40 157 0 0 0 20 0 0
35.794 2 ESTIMATOR 0. 0.
35.888 2 STATE_FILTER_STATUS 3 0
35.891 2 ATTITUDE 0.049884 -1.58424 -0.010802
35.931 2 DOWNLINK_STATUS 0 36 11304 513 0 418. 20. 37.7
35.994 2 GPS 0 0 0 0 0 0 0 0 0 0 1
36.046 2 DESIRED 0. 0.01 0. 0. 0. 655. 0. 15.
36.087 2 DOWNLINK 0 398 371
36.089 2 PPRZ_MODE 0 0 0 0 0 17
36.194 2 ALIVE |223,216,115,171,104,230,201,204,76,144,92,219,68,201,193,221|
36.197 2 WP_MOVED 2 348895. 5945815. 660. 12
36.243 2 GPS 0 0 0 0 0 0 0 0 0 0 1
36.293 2 ENERGY 15.7 0.002 0 0.0314
36.295 2 DL_VALUE 13 1.5
36.298 2 ESTIMATOR 0. 0.
36.394 2 NAVIGATION 0 1 0. 0. 0. 0. 0 0
36.397 2 ATTITUDE 0.049842 -1.584242 -0.010933
36.493 2 GPS 0 0 0 0 0 0 0 0 0 0 1
36.691 2 GPS_SOL 0 0 0 0
36.695 2 WP_MOVED 3 348965.09375 5945786. 660. 12
36.743 2 GPS 0 0 0 0 0 0 0 0 0 0 1
36.791 2 IMU_GYRO -0.027588 0.019043 -0.046631
36.793 2 ESTIMATOR 0. 0.
36.893 2 BAT 40 157 0 0 0 21 0 0
36.896 2 ATTITUDE 0.049755 -1.584153 -0.010936
36.932 2 DOWNLINK_STATUS 0 37 11737 533 0 433. 20. 37.7
36.994 2 GPS 0 0 0 0 0 0 0 0 0 0 1
37.096 2 DESIRED 0. 0.01 0. 0. 0. 655. 0. 15.
37.188 2 WP_MOVED 4 348764.6875 5945795. 660. 12
37.243 2 GPS 0 0 0 0 0 0 0 0 0 0 1
37.286 2 ESTIMATOR 0. 0.
37.394 2 NAVIGATION 0 1 0. 0. 0. 0. 0 0
37.397 2 ATTITUDE 0.049712 -1.584156 -0.011064
37.492 2 CALIBRATION 0. 0
37.497 2 GPS 0 0 0 0 0 0 0 0 0 0 1
37.688 2 WP_MOVED 5 348740. 5945760. 660. 12
37.743 2 GPS 0 0 0 0 0 0 0 0 0 0 1
37.770 2 FBW_STATUS 0 52 0 157 2
37.788 2 DL_VALUE 14 0.610865
37.790 2 ESTIMATOR 0. 0.
37.892 2 IMU_GYRO -0.028564 0.023193 -0.046631
37.895 2 ATTITUDE 0.049798 -1.584159 -0.011062
37.933 2 DOWNLINK_STATUS 0 38 12092 549 0 355. 16. 37.7
37.995 2 BAT 40 157 0 0 0 22 0 0
38.001 2 GPS 0 0 0 0 0 0 0 0 0 0 1
38.145 2 DESIRED 0. 0.01 0. 0. 0. 655. 0. 15.
38.188 2 WP_MOVED 6 348665. 5945815. 660. 12
38.243 2 GPS 0 0 0 0 0 0 0 0 0 0 1
38.286 2 ESTIMATOR 0. 0.
38.394 2 NAVIGATION 0 1 0. 0. 0. 0. 0 0
38.397 2 ATTITUDE 0.0501 -1.583999 -0.011194
38.493 2 GPS 0 0 0 0 0 0 0 0 0 0 1
38.691 2 GPS_SOL 0 0 0 0
38.695 2 WP_MOVED 7 349065. 5946015. 660. 12
38.743 2 GPS 0 0 0 0 0 0 0 0 0 0 1
38.791 2 ENERGY 15.7 0.002 0 0.0314
38.794 2 ESTIMATOR 0. 0.
38.887 2 ATTITUDE 0.049883 -1.58382 -0.011243
38.934 2 DOWNLINK_STATUS 0 39 12450 564 0 358. 15. 37.7
38.994 2 IMU_GYRO -0.031738 0.029785 -0.045654
38.999 2 GPS 0 0 0 0 0 0 0 0 0 0 1
39.088 2 BAT 40 157 0 0 0 23 0 0
39.199 2 DESIRED 0. 0.01 0. 0. 0. 655. 0. 15.
39.202 2 WP_MOVED 0 348907. 5945757. 660. 12
39.243 2 GPS 0 0 0 0 0 0 0 0 0 0 1
39.287 2 DL_VALUE 15 7500.
39.290 2 ESTIMATOR 0. 0.
39.394 2 NAVIGATION 0 1 0. 0. 0. 0. 0 0
39.397 2 ATTITUDE 0.050057 -1.583569 -0.011422
39.493 2 GPS 0 0 0 0 0 0 0 0 0 0 1
39.585 2 CALIBRATION 0. 0
39.688 2 WP_MOVED 1 348865. 5945715. 660. 12
39.743 2 GPS 0 0 0 0 0 0 0 0 0 0 1
39.769 2 FBW_STATUS 0 47 0 157 2
39.785 2 ESTIMATOR 0. 0.
39.887 2 ATTITUDE 0.050141 -1.583312 -0.011427
39.935 2 DOWNLINK_STATUS 0 40 12826 581 0 376. 17. 37.7
39.993 2 GPS 0 0 0 0 0 0 0 0 0 0 1
40.087 2 IMU_GYRO -0.027588 0.019043 -0.046631
40.192 2 BAT 40 157 0 0 0 24 0 0
40.196 2 WP_MOVED 2 348895. 5945815. 660. 12
40.252 2 DESIRED 0. 0.01 0. 0. 0. 655. 0. 15.
40.258 2 GPS 0 0 0 0 0 0 0 0 0 0 1
40.286 2 ESTIMATOR 0. 0.
40.394 2 NAVIGATION 0 1 0. 0. 0. 0. 0 0
40.397 2 ATTITUDE 0.050227 -1.583315 -0.011426
40.443 2 PONG 
40.493 2 GPS 0 0 0 0 0 0 0 0 0 0 1
40.571 2 ACTUATORS |1004,1003,1500,1500,1500,1500|
40.671 2 COMMANDS |40,-14,-14,0,-14,-9548|
40.691 2 GPS_SOL 0 0 0 0
40.695 2 WP_MOVED 3 348965.09375 5945786. 660. 12
40.743 2 GPS 0 0 0 0 0 0 0 0 0 0 1
40.787 2 DL_VALUE 16 1250.
40.789 2 ESTIMATOR 0. 0.
40.887 2 STATE_FILTER_STATUS 3 0
40.890 2 ATTITUDE 0.050315 -1.583323 -0.011598
40.936 2 DOWNLINK_STATUS 0 41 13246 601 0 420. 20. 37.7
40.992 2 GPS 0 0 0 0 0 0 0 0 0 0 1
41.085 2 PPRZ_MODE 0 0 0 0 0 17
41.197 2 DOWNLINK 0 375 459
41.201 2 ALIVE |223,216,115,171,104,230,201,204,76,144,92,219,68,201,193,221|
41.204 2 IMU_GYRO -0.030762 0.022217 -0.045654
41.208 2 WP_MOVED 4 348764.6875 5945795. 660. 12
41.243 2 GPS 0 0 0 0 0 0 0 0 0 0 1
41.303 2 ENERGY 15.7 0.002 0 0.0314
41.307 2 BAT 40 157 0 0 0 25 0 0
41.314 2 DESIRED 0. 0.01 0. 0. 0. 655. 0. 15.
41.316 2 ESTIMATOR 0. 0.
41.394 2 NAVIGATION 0 1 0. 0. 0. 0. 0 0
41.397 2 ATTITUDE 0.050404 -1.583333 -0.011858
41.493 2 GPS 0 0 0 0 0 0 0 0 0 0 1
41.689 2 CALIBRATION 0. 0
41.692 2 WP_MOVED 5 348740. 5945760. 660. 12
41.742 2 GPS 0 0 0 0 0 0 0 0 0 0 1
41.769 2 FBW_STATUS 0 48 0 157 2
41.785 2 ESTIMATOR 0. 0.
41.887 2 ATTITUDE 0.05049 -1.583339 -0.011942
41.937 2 DOWNLINK_STATUS 0 42 13677 621 0 431. 20. 37.7
41.993 2 GPS 0 0 0 0 0 0 0 0 0 0 1
42.188 2 WP_MOVED 6 348665. 5945815. 660. 12
42.243 2 GPS 0 0 0 0 0 0 0 0 0 0 1
42.291 2 DL_VALUE 17 0.45
42.294 2 IMU_GYRO -0.022217 0.013672 -0.046631
42.297 2 ESTIMATOR 0. 0.
42.345 2 DESIRED 0. 0.01 0. 0. 0. 655. 0. 15.
42.398 2 BAT 40 157 0 0 0 26 0 0
42.402 2 NAVIGATION 0 1 0. 0. 0. 0. 0 0
42.405 2 ATTITUDE 0.050619 -1.583431 -0.011981
42.493 2 GPS 0 0 0 0 0 0 0 0 0 0 1
42.588 2 NAVIGATION_REF 348865 5945715 12 605.
42.690 2 GPS_SOL 0 0 0 0
42.694 2 WP_MOVED 7 349065. 5946015. 660. 12
42.742 2 GPS 0 0 0 0 0 0 0 0 0 0 1
42.785 2 ESTIMATOR 0. 0.
42.887 2 ATTITUDE 0.050881 -1.583444 -0.012154
42.938 2 DOWNLINK_STATUS 0 43 14063 638 0 386. 17. 37.7
42.993 2 GPS 0 0 0 0 0 0 0 0 0 0 1
43.188 2 WP_MOVED 0 348907. 5945757. 660. 12
43.243 2 GPS 0 0 0 0 0 0 0 0 0 0 1
43.286 2 ESTIMATOR 0. 0.
43.334 2 WIND_INFO 2 42 0. 0. 0.
43.405 2 IMU_GYRO -0.032959 0.025391 -0.046631
43.411 2 DESIRED 0. 0.01 0. 0. 0. 655. 0. 15.
43.416 2 NAVIGATION 0 1 0. 0. 0. 0. 0 0
43.419 2 ATTITUDE 0.050924 -1.583447 -0.012197
43.494 2 BAT 40 157 0 0 0 27 0 0
43.501 2 GPS 0 0 0 0 0 0 0 0 0 0 1
43.687 2 WP_MOVED 1 348865. 5945715. 660. 12
43.742 2 GPS 0 0 0 0 0 0 0 0 0 0 1
43.769 2 FBW_STATUS 0 48 0 157 2
43.795 2 ENERGY 15.7 0.002 0 0.0314
43.797 2 CALIBRATION 0. 0
43.799 2 DL_VALUE 18 0.03
43.801 2 ESTIMATOR 0. 0.
43.887 2 ATTITUDE 0.051012 -1.583539 -0.01228
43.938 2 DOWNLINK_STATUS 0 44 14459 656 0 396. 18. 37.7
43.993 2 GPS 0 0 0 0 0 0 0 0 0 0 1
44.188 2 WP_MOVED 2 348895. 5945815. 660. 12
44.243 2 GPS 0 0 0 0 0 0 0 0 0 0 1
44.286 2 ESTIMATOR 0. 0.
44.394 2 NAVIGATION 0 1 0. 0. 0. 0. 0 0
44.397 2 ATTITUDE 0.050925 -1.58345 -0.012283
44.445 2 DESIRED 0. 0.01 0. 0. 0. 655. 0. 15.
44.493 2 IMU_GYRO -0.026367 0.016846 -0.046631
44.499 2 GPS 0 0 0 0 0 0 0 0 0 0 1
44.588 2 BAT 40 157 0 0 0 29 0 0
44.690 2 GPS_SOL 0 0 0 0
44.694 2 WP_MOVED 3 348965.09375 5945786. 660. 12
44.742 2 GPS 0 0 0 0 0 0 0 0 0 0 1
44.786 2 ESTIMATOR 0. 0.
44.887 2 ATTITUDE 0.050969 -1.583455 -0.012412
44.939 2 DOWNLINK_STATUS 0 45 14815 671 0 356. 15. 37.7
44.993 2 GPS 0 0 0 0 0 0 0 0 0 0 1
45.188 2 WP_MOVED 4 348764.6875 5945795. 660. 12
45.243 2 GPS 0 0 0 0 0 0 0 0 0 0 1
45.287 2 DL_VALUE 19 0.15
45.289 2 ESTIMATOR 0. 0.
45.393 2 NAVIGATION 0 1 0. 0. 0. 0. 0 0
45.396 2 ATTITUDE 0.051229 -1.583466 -0.012497
45.443 2 PONG 
45.501 2 DESIRED 0. 0.01 0. 0. 0. 655. 0. 15.
45.507 2 GPS 0 0 0 0 0 0 0 0 0 0 1
45.570 2 ACTUATORS |1004,1003,1500,1500,1500,1500|
45.587 2 IMU_GYRO -0.028564 0.019043 -0.045654
45.670 2 COMMANDS |40,-14,-14,0,-14,-9548|
45.692 2 BAT 40 157 0 0 0 30 0 0
45.696 2 WP_MOVED 5 348740. 5945760. 660. 12
45.743 2 GPS 0 0 0 0 0 0 0 0 0 0 1
45.769 2 FBW_STATUS 0 48 0 157 2
45.785 2 ESTIMATOR 0. 0.
45.890 2 STATE_FILTER_STATUS 3 0
45.892 2 CALIBRATION 0. 0
45.895 2 ATTITUDE 0.051272 -1.583469 -0.01254
45.940 2 DOWNLINK_STATUS 0 46 15244 692 0 429. 21. 37.65
45.993 2 GPS 0 0 0 0 0 0 0 0 0 0 1
46.085 2 PPRZ_MODE 0 0 0 0 0 17
46.193 2 ALIVE |223,216,115,171,104,230,201,204,76,144,92,219,68,201,193,221|
46.197 2 WP_MOVED 6 348665. 5945815. 660. 12
46.242 2 GPS 0 0 0 0 0 0 0 0 0 0 1
46.291 2 DOWNLINK 0 406 553
46.294 2 ENERGY 15.7 0.002 0 0.0314
46.297 2 ESTIMATOR 0. 0.
46.393 2 NAVIGATION 0 1 0. 0. 0. 0. 0 0
46.396 2 ATTITUDE 0.051274 -1.583555 -0.012539
46.492 2 GPS 0 0 0 0 0 0 0 0 0 0 1
46.544 2 DESIRED 0. 0.01 0. 0. 0. 655. 0. 15.
46.694 2 GPS_SOL 0 0 0 0
46.698 2 IMU_GYRO -0.028564 0.02002 -0.046631
46.701 2 WP_MOVED 7 349065. 5946015. 660. 12
46.743 2 GPS 0 0 0 0 0 0 0 0 0 0 1
46.792 2 DL_VALUE 20 0.01
46.795 2 BAT 40 157 0 0 0 31 0 0
46.798 2 ESTIMATOR 0. 0.
46.887 2 ATTITUDE 0.051315 -1.583469 -0.012496
46.941 2 DOWNLINK_STATUS 0 47 15677 712 0 433. 20. 37.65
46.993 2 GPS 0 0 0 0 0 0 0 0 0 0 1
47.188 2 WP_MOVED 0 348907. 5945757. 660. 12
47.242 2 GPS 0 0 0 0 0 0 0 0 0 0 1
47.285 2 ESTIMATOR 0. 0.
47.393 2 NAVIGATION 0 1 0. 0. 0. 0. 0 0
47.397 2 ATTITUDE 0.051316 -1.583472 -0.012582
47.492 2 GPS 0 0 0 0 0 0 0 0 0 0 1
47.594 2 DESIRED 0. 0.01 0. 0. 0. 655. 0. 15.
47.687 2 WP_MOVED 1 348865. 5945715. 660. 12
47.742 2 GPS 0 0 0 0 0 0 0 0 0 0 1
47.769 2 FBW_STATUS 0 48 0 157 2
47.790 2 IMU_GYRO -0.028564 0.019043 -0.046631
47.792 2 ESTIMATOR 0. 0.
47.892 2 BAT 40 157 0 0 0 32 0 0
47.895 2 ATTITUDE 0.051316 -1.583559 -0.01258
47.942 2 DOWNLINK_STATUS 0 48 16031 727 0 354. 15. 37.65
47.991 2 CALIBRATION 0. 0
47.997 2 GPS 0 0 0 0 0 0 0 0 0 0 1
48.188 2 WP_MOVED 2 348895. 5945815. 660. 12
48.242 2 GPS 0 0 0 0 0 0 0 0 0 0 1
48.286 2 DL_VALUE 21 0.1
48.289 2 ESTIMATOR 0. 0.
48.393 2 NAVIGATION 0 1 0. 0. 0. 0. 0 0
48.397 2 ATTITUDE 0.051403 -1.583564 -0.012666
48.492 2 GPS 0 0 0 0 0 0 0 0 0 0 1
48.644 2 DESIRED 0. 0.01 0. 0. 0. 655. 0. 15.
48.691 2 GPS_SOL 0 0 0 0
48.694 2 WP_MOVED 3 348965.09375 5945786. 660. 12
48.743 2 GPS 0 0 0 0 0 0 0 0 0 0 1
48.791 2 ENERGY 15.7 0.002 0 0.0314
48.793 2 ESTIMATOR 0. 0.
48.890 2 IMU_GYRO -0.028564 0.02002 -0.045654
48.893 2 ATTITUDE 0.051359 -1.583478 -0.01271
48.943 2 DOWNLINK_STATUS 0 49 16408 744 0 377. 17. 37.65
48.994 2 BAT 40 157 0 0 0 33 0 0
49.000 2 GPS 0 0 0 0 0 0 0 0 0 0 1
49.187 2 WP_MOVED 4 348764.6875 5945795. 660. 12
49.242 2 GPS 0 0 0 0 0 0 0 0 0 0 1
49.285 2 ESTIMATOR 0. 0.
49.394 2 NAVIGATION 0 1 0. 0. 0. 0. 0 0
49.397 2 ATTITUDE 0.051361 -1.583564 -0.012711
49.492 2 GPS 0 0 0 0 0 0 0 0 0 0 1
49.699 2 DESIRED 0. 0.01 0. 0. 0. 655. 0. 15.
49.702 2 WP_MOVED 5 348740. 5945760. 660. 12
49.743 2 GPS 0 0 0 0 0 0 0 0 0 0 1
49.768 2 FBW_STATUS 0 47 0 157 2
49.786 2 DL_VALUE 22 0.
49.789 2 ESTIMATOR 0. 0.
49.886 2 ATTITUDE 0.051403 -1.58348 -0.012754
49.944 2 DOWNLINK_STATUS 0 50 16755 759 0 347. 15. 37.65
49.993 2 IMU_GYRO -0.029785 0.02002 -0.045654
49.999 2 GPS 0 0 0 0 0 0 0 0 0 0 1
50.088 2 CALIBRATION 0. 0
50.092 2 BAT 40 157 0 0 0 34 0 0
50.187 2 WP_MOVED 6 348665. 5945815. 660. 12
50.242 2 GPS 0 0 0 0 0 0 0 0 0 0 1
50.285 2 ESTIMATOR 0. 0.
50.394 2 NAVIGATION 0 1 0. 0. 0. 0. 0 0
50.397 2 ATTITUDE 0.051316 -1.583475 -0.012669
50.444 2 PONG 
50.492 2 GPS 0 0 0 0 0 0 0 0 0 0 1
50.569 2 ACTUATORS |1004,1003,1500,1500,1500,1499|
50.670 2 COMMANDS |40,-14,-14,0,-14,-9548|
50.690 2 GPS_SOL 0 0 0 0
50.694 2 WP_MOVED 7 349065. 5946015. 660. 12
50.752 2 DESIRED 0. 0.01 0. 0. 0. 655. 0. 15.
50.756 2 GPS 0 0 0 0 0 0 0 0 0 0 1
50.784 2 ESTIMATOR 0. 0.
50.887 2 STATE_FILTER_STATUS 3 0
50.890 2 ATTITUDE 0.051317 -1.583564 -0.012753
50.945 2 DOWNLINK_STATUS 0 51 17175 779 0 420. 20. 37.66
50.992 2 GPS 0 0 0 0 0 0 0 0 0 0 1
51.088 2 PPRZ_MODE 0 0 0 0 0 17
51.091 2 IMU_GYRO -0.027588 0.018066 -0.046631
51.197 2 ALIVE |223,216,115,171,104,230,201,204,76,144,92,219,68,201,193,221|
51.201 2 BAT 40 157 0 0 0 35 0 0
51.204 2 WP_MOVED 0 348907. 5945757. 660. 12
51.242 2 GPS 0 0 0 0 0 0 0 0 0 0 1
51.293 2 ENERGY 15.7 0.002 0 0.0314
51.295 2 DL_VALUE 23 0.05
51.297 2 ESTIMATOR 0. 0.
51.393 2 DOWNLINK 0 395 645
51.398 2 NAVIGATION 0 1 0. 0. 0. 0. 0 0
51.401 2 ATTITUDE 0.051404 -1.583651 -0.012664
51.492 2 GPS 0 0 0 0 0 0 0 0 0 0 1
51.587 2 NAVIGATION_REF 348865 5945715 12 605.
51.688 2 WP_MOVED 1 348865. 5945715. 660. 12
51.742 2 GPS 0 0 0 0 0 0 0 0 0 0 1
51.768 2 FBW_STATUS 0 50 0 157 2
51.797 2 DESIRED 0. 0.01 0. 0. 0. 655. 0. 15.
51.799 2 ESTIMATOR 0. 0.
51.886 2 ATTITUDE 0.051445 -1.583478 -0.012623
51.946 2 DOWNLINK_STATUS 0 52 17625 800 0 450. 21. 37.66
51.992 2 GPS 0 0 0 0 0 0 0 0 0 0 1
52.192 2 CALIBRATION 0. 0
52.195 2 IMU_GYRO -0.027588 0.016846 -0.045654
52.198 2 WP_MOVED 2 348895. 5945815. 660. 12
52.242 2 GPS 0 0 0 0 0 0 0 0 0 0 1
52.291 2 BAT 40 157 0 0 0 36 0 0
52.293 2 ESTIMATOR 0. 0.
52.394 2 NAVIGATION 0 1 0. 0. 0. 0. 0 0
52.397 2 ATTITUDE 0.051575 -1.583567 -0.012579
52.492 2 GPS 0 0 0 0 0 0 0 0 0 0 1
52.690 2 GPS_SOL 0 0 0 0
52.693 2 WP_MOVED 3 348965.09375 5945786. 660. 12
52.742 2 GPS 0 0 0 0 0 0 0 0 0 0 1
52.786 2 DL_VALUE 24 0.
52.789 2 ESTIMATOR 0. 0.
52.844 2 DESIRED 0. 0.01 0. 0. 0. 655. 0. 15.
52.886 2 ATTITUDE 0.051577 -1.583657 -0.012663
52.947 2 DOWNLINK_STATUS 0 53 18003 817 0 378. 17. 37.66
52.992 2 GPS 0 0 0 0 0 0 0 0 0 0 1
53.187 2 WP_MOVED 4 348764.6875 5945795. 660. 12
53.242 2 GPS 0 0 0 0 0 0 0 0 0 0 1
53.289 2 IMU_GYRO -0.029785 0.022217 -0.046631
53.292 2 ESTIMATOR 0. 0.
53.334 2 WIND_INFO 2 42 0. 0. 0.
53.397 2 BAT 40 157 0 0 0 37 0 0
53.402 2 NAVIGATION 0 1 0. 0. 0. 0. 0 0
53.405 2 ATTITUDE 0.051577 -1.583743 -0.01266
53.493 2 GPS 0 0 0 0 0 0 0 0 0 0 1
53.687 2 WP_MOVED 5 348740. 5945760. 660. 12
53.742 2 GPS 0 0 0 0 0 0 0 0 0 0 1
53.768 2 FBW_STATUS 0 48 0 157 2
53.790 2 ENERGY 15.7 0.002 0 0.0314
53.792 2 ESTIMATOR 0. 0.
53.898 2 DESIRED 0. 0.01 0. 0. 0. 655. 0. 15.
53.901 2 ATTITUDE 0.051577 -1.583659 -0.012749
53.947 2 DOWNLINK_STATUS 0 54 18377 833 0 374. 16. 37.66
53.992 2 GPS 0 0 0 0 0 0 0 0 0 0 1
54.187 2 WP_MOVED 6 348665. 5945815. 660. 12
54.242 2 GPS 0 0 0 0 0 0 0 0 0 0 1
54.289 2 CALIBRATION 0. 0
54.291 2 DL_VALUE 25 1.000074
54.294 2 ESTIMATOR 0. 0.
54.396 2 IMU_GYRO -0.028564 0.014893 -0.045654
54.401 2 NAVIGATION 0 1 0. 0. 0. 0. 0 0
54.404 2 ATTITUDE 0.051577 -1.583659 -0.012749
54.494 2 BAT 40 157 0 0 0 38 0 0
54.500 2 GPS 0 0 0 0 0 0 0 0 0 0 1
54.690 2 GPS_SOL 0 0 0 0
54.694 2 WP_MOVED 7 349065. 5946015. 660. 12
54.742 2 GPS 0 0 0 0 0 0 0 0 0 0 1
54.785 2 ESTIMATOR 0. 0.
54.886 2 ATTITUDE 0.051491 -1.583573 -0.012838
54.944 2 DESIRED 0. 0.01 0. 0. 0. 655. 0. 15.
54.948 2 DOWNLINK_STATUS 0 55 18755 850 0 378. 17. 37.66
54.992 2 GPS 0 0 0 0 0 0 0 0 0 0 1
55.187 2 WP_MOVED 0 348907. 5945757. 660. 12
55.242 2 GPS 0 0 0 0 0 0 0 0 0 0 1
55.285 2 ESTIMATOR 0. 0.
55.394 2 NAVIGATION 0 1 0. 0. 0. 0. 0 0
55.396 2 ATTITUDE 0.051578 -1.583662 -0.012835
55.444 2 PONG 
55.493 2 IMU_GYRO -0.030762 0.022217 -0.045654
55.498 2 GPS 0 0 0 0 0 0 0 0 0 0 1
55.570 2 ACTUATORS |1004,1003,1500,1500,1500,1499|
55.587 2 BAT 40 157 0 0 0 40 0 0
55.670 2 COMMANDS |40,-14,-14,0,-14,-9548|
55.687 2 WP_MOVED 1 348865. 5945715. 660. 12
55.742 2 GPS 0 0 0 0 0 0 0 0 0 0 1
55.768 2 FBW_STATUS 0 54 0 157 2
55.786 2 DL_VALUE 26 0.298451
55.789 2 ESTIMATOR 0. 0.
55.887 2 STATE_FILTER_STATUS 3 0
55.890 2 ATTITUDE 0.051579 -1.583752 -0.012919
55.949 2 DOWNLINK_STATUS 0 56 19135 869 0 380. 19. 37.69
56.001 2 DESIRED 0. 0.01 0. 0. 0. 655. 0. 15.
56.007 2 GPS 0 0 0 0 0 0 0 0 0 0 1
56.084 2 PPRZ_MODE 0 0 0 0 0 17
56.193 2 ALIVE |223,216,115,171,104,230,201,204,76,144,92,219,68,201,193,221|
56.196 2 WP_MOVED 2 348895. 5945815. 660. 12
56.242 2 GPS 0 0 0 0 0 0 0 0 0 0 1
56.290 2 ENERGY 15.7 0.002 0 0.0314
56.292 2 ESTIMATOR 0. 0.
56.392 2 CALIBRATION 0. 0
56.397 2 NAVIGATION 0 1 0. 0. 0. 0. 0 0
56.400 2 ATTITUDE 0.051579 -1.583584 -0.013096
56.490 2 DOWNLINK 0 392 736
56.496 2 GPS 0 0 0 0 0 0 0 0 0 0 1
56.586 2 IMU_GYRO -0.029785 0.02124 -0.046631
56.694 2 GPS_SOL 0 0 0 0
56.698 2 BAT 40 157 0 0 0 41 0 0
56.702 2 WP_MOVED 3 348965.09375 5945786. 660. 12
56.742 2 GPS 0 0 0 0 0 0 0 0 0 0 1
56.785 2 ESTIMATOR 0. 0.
56.886 2 ATTITUDE 0.05158 -1.583671 -0.013094
56.950 2 DOWNLINK_STATUS 0 57 19568 889 0 433. 20. 37.69
56.992 2 GPS 0 0 0 0 0 0 0 0 0 0 1
57.044 2 DESIRED 0. 0.01 0. 0. 0. 655. 0. 15.
57.187 2 WP_MOVED 4 348764.6875 5945795. 660. 12
57.241 2 GPS 0 0 0 0 0 0 0 0 0 0 1
57.286 2 DL_VALUE 27 1.
57.288 2 ESTIMATOR 0. 0.
57.393 2 NAVIGATION 0 1 0. 0. 0. 0. 0 0
57.396 2 ATTITUDE 0.051666 -1.583673 -0.013094
57.492 2 GPS 0 0 0 0 0 0 0 0 0 0 1
57.690 2 IMU_GYRO -0.027588 0.019043 -0.045654
57.694 2 WP_MOVED 5 348740. 5945760. 660. 12
57.742 2 GPS 0 0 0 0 0 0 0 0 0 0 1
57.768 2 FBW_STATUS 0 50 0 157 2
57.790 2 BAT 40 157 0 0 0 42 0 0
57.793 2 ESTIMATOR 0. 0.
57.886 2 ATTITUDE 0.051666 -1.583673 -0.013094
57.951 2 DOWNLINK_STATUS 0 58 19933 905 0 365. 16. 37.69
57.992 2 GPS 0 0 0 0 0 0 0 0 0 0 1
58.094 2 DESIRED 0. 0.01 0. 0. 0. 655. 0. 15.
58.187 2 WP_MOVED 6 348665. 5945815. 660. 12
58.241 2 GPS 0 0 0 0 0 0 0 0 0 0 1
58.284 2 ESTIMATOR 0. 0.
58.393 2 NAVIGATION 0 1 0. 0. 0. 0. 0 0
58.396 2 ATTITUDE 0.051752 -1.583673 -0.013007
58.490 2 CALIBRATION 0. 0
58.496 2 GPS 0 0 0 0 0 0 0 0 0 0 1
58.690 2 GPS_SOL 0 0 0 0
58.693 2 WP_MOVED 7 349065. 5946015. 660. 12
58.742 2 GPS 0 0 0 0 0 0 0 0 0 0 1
58.796 2 ENERGY 15.7 0.002 0 0.0314
58.798 2 DL_VALUE 28 0.
58.801 2 IMU_GYRO -0.027588 0.019043 -0.045654
58.804 2 ESTIMATOR 0. 0.
58.891 2 BAT 40 157 0 0 0 43 0 0
58.894 2 ATTITUDE 0.051579 -1.583752 -0.012919
58.952 2 DOWNLINK_STATUS 0 59 20331 923 0 398. 18. 37.69
58.992 2 GPS 0 0 0 0 0 0 0 0 0 0 1
59.144 2 DESIRED 0. 0.01 0. 0. 0. 655. 0. 15.
59.186 2 WP_MOVED 0 348907. 5945757. 660. 12
59.241 2 GPS 0 0 0 0 0 0 0 0 0 0 1
59.284 2 ESTIMATOR 0. 0.
59.393 2 NAVIGATION 0 1 0. 0. 0. 0. 0 0
59.396 2 ATTITUDE 0.051493 -1.583749 -0.01292
59.492 2 GPS 0 0 0 0 0 0 0 0 0 0 1
59.687 2 WP_MOVED 1 348865. 5945715. 660. 12
59.742 2 GPS 0 0 0 0 0 0 0 0 0 0 1
59.768 2 FBW_STATUS 0 48 0 157 2
59.785 2 ESTIMATOR 0. 0.
59.890 2 IMU_GYRO -0.028564 0.02124 -0.046631
59.893 2 ATTITUDE 0.051491 -1.583659 -0.012836
59.953 2 DOWNLINK_STATUS 0 60 20664 937 0 333. 14. 37.69
59.994 2 BAT 40 157 0 0 0 44 0 0
59.999 2 GPS 0 0 0 0 0 0 0 0 0 0 1
60.198 2 DESIRED 0. 0.01 0. 0. 0. 655. 0. 15.
60.201 2 WP_MOVED 2 348895. 5945815. 660. 12
60.241 2 GPS 0 0 0 0 0 0 0 0 0 0 1
60.286 2 DL_VALUE 29 100.
60.289 2 ESTIMATOR 0. 0.
60.393 2 NAVIGATION 0 1 0. 0. 0. 0. 0 0
60.396 2 ATTITUDE 0.051404 -1.58357 -0.012839
60.445 2 PONG 
60.491 2 GPS 0 0 0 0 0 0 0 0 0 0 1
60.570 2 ACTUATORS |1004,1003,1500,1500,1500,1500|
60.589 2 NAVIGATION_REF 348865 5945715 12 605.
60.591 2 CALIBRATION 0. 0
60.670 2 COMMANDS |40,-14,-14,0,-28,-9548|
60.690 2 GPS_SOL 0 0 0 0
60.694 2 WP_MOVED 3 348965.09375 5945786. 660. 12
60.742 2 GPS 0 0 0 0 0 0 0 0 0 0 1
60.785 2 ESTIMATOR 0. 0.
60.886 2 STATE_FILTER_STATUS 3 0
60.889 2 ATTITUDE 0.051404 -1.58357 -0.012839
60.954 2 DOWNLINK_STATUS 0 61 21096 958 0 432. 21. 37.67
60.993 2 IMU_GYRO -0.027588 0.019043 -0.046631
60.998 2 GPS 0 0 0 0 0 0 0 0 0 0 1
61.088 2 PPRZ_MODE 0 0 0 0 0 17
61.091 2 BAT 40 157 0 0 0 45 0 0
61.192 2 ALIVE |223,216,115,171,104,230,201,204,76,144,92,219,68,201,193,221|
61.195 2 WP_MOVED 4 348764.6875 5945795. 660. 12
61.251 2 DESIRED 0. 0.01 0. 0. 0. 655. 0. 15.
61.256 2 GPS 0 0 0 0 0 0 0 0 0 0 1
61.289 2 ENERGY 15.7 0.002 0 0.0314
61.292 2 ESTIMATOR 0. 0.
61.393 2 NAVIGATION 0 1 0. 0. 0. 0. 0 0
61.396 2 ATTITUDE 0.051445 -1.583565 -0.012621
61.492 2 GPS 0 0 0 0 0 0 0 0 0 0 1
61.582 2 DOWNLINK 0 396 827
61.687 2 WP_MOVED 5 348740. 5945760. 660. 12
61.741 2 GPS 0 0 0 0 0 0 0 0 0 0 1
61.767 2 FBW_STATUS 0 50 0 157 2
61.786 2 DL_VALUE 30 0.
61.788 2 ESTIMATOR 0. 0.
61.885 2 ATTITUDE 0.05149 -1.58357 -0.012752
61.955 2 DOWNLINK_STATUS 0 62 21527 978 0 431. 20. 37.67
61.991 2 GPS 0 0 0 0 0 0 0 0 0 0 1
62.086 2 IMU_GYRO -0.029785 0.023193 -0.045654
62.191 2 BAT 40 157 0 0 0 46 0 0
62.195 2 WP_MOVED 6 348665. 5945815. 660. 12
62.242 2 GPS 0 0 0 0 0 0 0 0 0 0 1
62.297 2 DESIRED 0. 0.01 0. 0. 0. 655. 0. 15.
62.299 2 ESTIMATOR 0. 0.
62.393 2 NAVIGATION 0 1 0. 0. 0. 0. 0 0
62.396 2 ATTITUDE 0.051577 -1.583573 -0.012751
62.492 2 GPS 0 0 0 0 0 0 0 0 0 0 1
62.691 2 CALIBRATION 0. 0
62.694 2 GPS_SOL 0 0 0 0
62.697 2 WP_MOVED 7 349065. 5946015. 660. 12
62.741 2 GPS 0 0 0 0 0 0 0 0 0 0 1
62.784 2 ESTIMATOR 0. 0.
62.885 2 ATTITUDE 0.051664 -1.583578 -0.012837
62.955 2 DOWNLINK_STATUS 0 63 21894 994 0 367. 16. 37.67
62.991 2 GPS 0 0 0 0 0 0 0 0 0 0 1
63.190 2 IMU_GYRO -0.026367 0.016846 -0.047852
63.194 2 WP_MOVED 0 348907. 5945757. 660. 12
63.242 2 GPS 0 0 0 0 0 0 0 0 0 0 1
63.291 2 DL_VALUE 31 2.
63.294 2 BAT 40 157 0 0 0 47 0 0
63.297 2 ESTIMATOR 0. 0.
63.334 2 WIND_INFO 2 42 0. 0. 0.
63.344 2 DESIRED 0. 0.01 0. 0. 0. 655. 0. 15.
63.393 2 NAVIGATION 0 1 0. 0. 0. 0. 0 0
63.396 2 ATTITUDE 0.05175 -1.583581 -0.012836
63.492 2 GPS 0 0 0 0 0 0 0 0 0 0 1
63.686 2 WP_MOVED 1 348865. 5945715. 660. 12
63.741 2 GPS 0 0 0 0 0 0 0 0 0 0 1
63.767 2 FBW_STATUS 0 46 0 157 2
63.789 2 ENERGY 15.7 0.002 0 0.0314
63.792 2 ESTIMATOR 0. 0.
63.885 2 ATTITUDE 0.05175 -1.583581 -0.012836
63.956 2 DOWNLINK_STATUS 0 64 22279 1011 0 385. 17. 37.67
63.991 2 GPS 0 0 0 0 0 0 0 0 0 0 1
64.187 2 WP_MOVED 2 348895. 5945815. 660. 12
64.242 2 GPS 0 0 0 0 0 0 0 0 0 0 1
64.289 2 IMU_GYRO -0.029785 0.022217 -0.045654
64.291 2 ESTIMATOR 0. 0.
64.405 2 BAT 40 157 0 0 0 48 0 0
64.411 2 DESIRED 0. 0.01 0. 0. 0. 655. 0. 15.
64.416 2 NAVIGATION 0 1 0. 0. 0. 0. 0 0
64.418 2 ATTITUDE 0.051707 -1.583584 -0.012965
64.491 2 GPS 0 0 0 0 0 0 0 0 0 0 1
64.689 2 GPS_SOL 0 0 0 0
64.693 2 WP_MOVED 3 348965.09375 5945786. 660. 12
64.741 2 GPS 0 0 0 0 0 0 0 0 0 0 1
64.788 2 CALIBRATION 0. 0
64.790 2 DL_VALUE 32 0.
64.793 2 ESTIMATOR 0. 0.
64.886 2 ATTITUDE 0.051708 -1.583758 -0.01296
64.957 2 DOWNLINK_STATUS 0 65 22657 1028 0 378. 17. 37.67
64.991 2 GPS 0 0 0 0 0 0 0 0 0 0 1
65.187 2 WP_MOVED 4 348764.6875 5945795. 660. 12
65.242 2 GPS 0 0 0 0 0 0 0 0 0 0 1
65.283 2 ESTIMATOR 0. 0.
65.395 2 IMU_GYRO -0.028564 0.019043 -0.046631
65.399 2 NAVIGATION 0 1 0. 0. 0. 0. 0 0
65.402 2 ATTITUDE 0.051667 -1.58376 -0.013091
65.451 2 DESIRED 0. 0.01 0. 0. 0. 655. 0. 15.
65.460 2 PONG 
65.493 2 BAT 40 157 0 0 0 49 0 0
65.499 2 GPS 0 0 0 0 0 0 0 0 0 0 1
65.569 2 ACTUATORS |1004,1003,1500,1500,1500,1500|
65.669 2 COMMANDS |40,-14,-14,0,-14,-9548|
65.686 2 WP_MOVED 5 348740. 5945760. 660. 12
65.741 2 GPS 0 0 0 0 0 0 0 0 0 0 1
65.767 2 FBW_STATUS 0 48 0 157 2
65.784 2 ESTIMATOR 0. 0.
65.886 2 STATE_FILTER_STATUS 3 0
65.889 2 ATTITUDE 0.051839 -1.58385 -0.013002
65.958 2 DOWNLINK_STATUS 0 66 23064 1047 0 407. 19. 52.64
65.991 2 GPS 0 0 0 0 0 0 0 0 0 0 1
66.083 2 PPRZ_MODE 0 0 0 0 0 17
66.192 2 ALIVE |223,216,115,171,104,230,201,204,76,144,92,219,68,201,193,221|
66.196 2 WP_MOVED 6 348665. 5945815. 660. 12
66.241 2 GPS 0 0 0 0 0 0 0 0 0 0 1
66.291 2 ENERGY 15.7 0.002 0 0.0314
66.293 2 DL_VALUE 33 0.
66.296 2 ESTIMATOR 0. 0.
66.392 2 NAVIGATION 0 1 0. 0. 0. 0. 0 0
66.395 2 ATTITUDE 0.051796 -1.58385 -0.013044
66.500 2 IMU_GYRO -0.026367 0.012695 -0.046631
66.507 2 DESIRED 0. 0.01 0. 0. 0. 655. 0. 15.
66.513 2 GPS 0 0 0 0 0 0 0 0 0 0 1
66.587 2 BAT 40 157 0 0 0 51 0 0
66.691 2 DOWNLINK 0 388 917
66.694 2 GPS_SOL 0 0 0 0
66.697 2 WP_MOVED 7 349065. 5946015. 660. 12
66.741 2 GPS 0 0 0 0 0 0 0 0 0 0 1
66.784 2 ESTIMATOR 0. 0.
66.887 2 CALIBRATION 0. 0
66.890 2 ATTITUDE 0.052013 -1.583858 -0.013087
66.959 2 DOWNLINK_STATUS 0 67 23508 1068 0 444. 21. 52.64
66.992 2 GPS 0 0 0 0 0 0 0 0 0 0 1
67.187 2 WP_MOVED 0 348907. 5945757. 660. 12
67.241 2 GPS 0 0 0 0 0 0 0 0 0 0 1
67.284 2 ESTIMATOR 0. 0.
67.392 2 NAVIGATION 0 1 0. 0. 0. 0. 0 0
67.395 2 ATTITUDE 0.05214 -1.583772 -0.012957
67.491 2 GPS 0 0 0 0 0 0 0 0 0 0 1
67.543 2 DESIRED 0. 0.01 0. 0. 0. 655. 0. 15.
67.585 2 IMU_GYRO -0.028564 0.019043 -0.046631
67.691 2 BAT 40 157 0 0 0 52 0 0
67.694 2 WP_MOVED 1 348865. 5945715. 660. 12
67.741 2 GPS 0 0 0 0 0 0 0 0 0 0 1
67.768 2 FBW_STATUS 0 53 0 157 2
67.786 2 DL_VALUE 34 0.
67.788 2 ESTIMATOR 0. 0.
67.886 2 ATTITUDE 0.052184 -1.583687 -0.013004
67.960 2 DOWNLINK_STATUS 0 68 23873 1084 0 365. 16. 52.64
67.992 2 GPS 0 0 0 0 0 0 0 0 0 0 1
68.186 2 WP_MOVED 2 348895. 5945815. 660. 12
68.241 2 GPS 0 0 0 0 0 0 0 0 0 0 1
68.284 2 ESTIMATOR 0. 0.
68.392 2 NAVIGATION 0 1 0. 0. 0. 0. 0 0
68.395 2 ATTITUDE 0.052311 -1.583517 -0.012963
68.491 2 GPS 0 0 0 0 0 0 0 0 0 0 1
68.593 2 DESIRED 0. 0.01 0. 0. 0. 655. 0. 15.
68.693 2 GPS_SOL 0 0 0 0
68.696 2 IMU_GYRO -0.029785 0.022217 -0.045654
68.700 2 WP_MOVED 3 348965.09375 5945786. 660. 12
68.741 2 GPS 0 0 0 0 0 0 0 0 0 0 1
68.794 2 ENERGY 15.7 0.002 0 0.0314
68.797 2 BAT 40 157 0 0 0 53 0 0
68.800 2 ESTIMATOR 0. 0.
68.886 2 ATTITUDE 0.052485 -1.583528 -0.013135
68.961 2 DOWNLINK_STATUS 0 69 24249 1100 0 376. 16. 52.64
68.989 2 CALIBRATION 0. 0
68.995 2 GPS 0 0 0 0 0 0 0 0 0 0 1
69.186 2 WP_MOVED 4 348764.6875 5945795. 660. 12
69.241 2 GPS 0 0 0 0 0 0 0 0 0 0 1
69.285 2 DL_VALUE 35 0.
69.288 2 ESTIMATOR 0. 0.
69.392 2 NAVIGATION 0 1 0. 0. 0. 0. 0 0
69.395 2 ATTITUDE 0.052357 -1.583612 -0.013178
69.491 2 GPS 0 0 0 0 0 0 0 0 0 0 1
69.586 2 NAVIGATION_REF 348865 5945715 12 605.
69.643 2 DESIRED 0. 0.01 0. 0. 0. 655. 0. 15.
69.686 2 WP_MOVED 5 348740. 5945760. 660. 12
69.742 2 GPS 0 0 0 0 0 0 0 0 0 0 1
69.767 2 FBW_STATUS 0 50 0 157 2
69.788 2 IMU_GYRO -0.029785 0.024414 -0.046631
69.790 2 ESTIMATOR 0. 0.
69.890 2 BAT 40 157 0 0 0 54 0 0
69.893 2 ATTITUDE 0.052271 -1.583612 -0.013265
69.962 2 DOWNLINK_STATUS 0 70 24644 1118 0 395. 18. 52.64
69.991 2 GPS 0 0 0 0 0 0 0 0 0 0 1
70.186 2 WP_MOVED 6 348665. 5945815. 660. 12
70.241 2 GPS 0 0 0 0 0 0 0 0 0 0 1
70.284 2 ESTIMATOR 0. 0.
70.392 2 NAVIGATION 0 1 0. 0. 0. 0. 0 0
70.396 2 ATTITUDE 0.052744 -1.583285 -0.013399
70.446 2 PONG 
70.491 2 GPS 0 0 0 0 0 0 0 0 0 0 1
70.569 2 ACTUATORS |1004,1003,1500,1500,1500,1500|
70.668 2 COMMANDS |40,-14,-14,0,-14,-9548|
70.697 2 GPS_SOL 0 0 0 0
70.704 2 DESIRED 0. 0.01 0. 0. 0. 655. 0. 15.
70.707 2 WP_MOVED 7 349065. 5946015. 660. 12
70.742 2 GPS 0 0 0 0 0 0 0 0 0 0 1
70.785 2 DL_VALUE 36 0.
70.789 2 ESTIMATOR 0. 0.
70.889 2 STATE_FILTER_STATUS 3 0
70.892 2 IMU_GYRO -0.033936 0.030762 -0.045654
70.895 2 ATTITUDE 0.052315 -1.583534 -0.013481
70.963 2 DOWNLINK_STATUS 0 71 25043 1137 0 399. 19. 37.72
70.993 2 BAT 40 157 0 0 0 55 0 0
70.999 2 GPS 0 0 0 0 0 0 0 0 0 0 1
71.085 2 PPRZ_MODE 0 0 0 0 0 17
71.087 2 CALIBRATION 0. 0
71.191 2 ALIVE |223,216,115,171,104,230,201,204,76,144,92,219,68,201,193,221|
71.195 2 WP_MOVED 0 348907. 5945757. 660. 12
71.241 2 GPS 0 0 0 0 0 0 0 0 0 0 1
71.289 2 ENERGY 15.7 0.002 0 0.0314
71.292 2 ESTIMATOR 0. 0.
71.392 2 NAVIGATION 0 1 0. 0. 0. 0. 0 0
71.396 2 ATTITUDE 0.052015 -1.583786 -0.013521
71.491 2 GPS 0 0 0 0 0 0 0 0 0 0 1
71.686 2 WP_MOVED 1 348865. 5945715. 660. 12
71.750 2 DESIRED 0. 0.01 0. 0. 0. 655. 0. 15.
71.755 2 GPS 0 0 0 0 0 0 0 0 0 0 1
71.767 2 FBW_STATUS 0 53 0 157 2
71.785 2 DOWNLINK 0 397 1009
71.788 2 ESTIMATOR 0. 0.
71.885 2 ATTITUDE 0.052015 -1.583699 -0.013523
71.964 2 DOWNLINK_STATUS 0 72 25456 1156 0 413. 19. 37.72
71.992 2 IMU_GYRO -0.026367 0.016846 -0.045654
71.998 2 GPS 0 0 0 0 0 0 0 0 0 0 1
72.086 2 BAT 40 157 0 0 0 56 0 0
72.186 2 WP_MOVED 2 348895. 5945815. 660. 12
72.241 2 GPS 0 0 0 0 0 0 0 0 0 0 1
72.286 2 DL_VALUE 37 200.
72.288 2 ESTIMATOR 0. 0.
72.392 2 NAVIGATION 0 1 0. 0. 0. 0. 0 0
72.395 2 ATTITUDE 0.052188 -1.583707 -0.013608
72.491 2 GPS 0 0 0 0 0 0 0 0 0 0 1
72.688 2 GPS_SOL 0 0 0 0
72.692 2 WP_MOVED 3 348965.09375 5945786. 660. 12
72.741 2 GPS 0 0 0 0 0 0 0 0 0 0 1
72.796 2 DESIRED 0. 0.01 0. 0. 0. 655. 0. 15.
72.798 2 ESTIMATOR 0. 0.
72.885 2 ATTITUDE 0.052015 -1.583615 -0.013611
72.964 2 DOWNLINK_STATUS 0 73 25823 1172 0 367. 16. 37.72
72.991 2 GPS 0 0 0 0 0 0 0 0 0 0 1
73.085 2 IMU_GYRO -0.027588 0.005127 -0.045654
73.191 2 CALIBRATION 0. 0
73.195 2 BAT 40 157 0 0 0 57 0 0
73.198 2 WP_MOVED 4 348764.6875 5945795. 660. 12
73.241 2 GPS 0 0 0 0 0 0 0 0 0 0 1
73.284 2 ESTIMATOR 0. 0.
73.392 2 NAVIGATION 0 1 0. 0. 0. 0. 0 0
73.396 2 ATTITUDE 0.051844 -1.583788 -0.013781
73.490 2 GPS 0 0 0 0 0 0 0 0 0 0 1
73.686 2 WP_MOVED 5 348740. 5945760. 660. 12
73.740 2 GPS 0 0 0 0 0 0 0 0 0 0 1
73.767 2 FBW_STATUS 0 47 0 157 2
73.791 2 ENERGY 15.7 0.002 0 0.0314
73.793 2 DL_VALUE 38 0.1
73.795 2 ESTIMATOR 0. 0.
73.843 2 DESIRED 0. 0.01 0. 0. 0. 655. 0. 15.
73.885 2 ATTITUDE 0.05219 -1.583716 -0.013867
73.965 2 DOWNLINK_STATUS 0 74 26219 1190 0 396. 18. 37.72
73.991 2 GPS 0 0 0 0 0 0 0 0 0 0 1
74.190 2 IMU_GYRO -0.026367 0.013672 -0.047852
74.192 2 WP_MOVED 6 348665. 5945815. 660. 12
74.241 2 GPS 0 0 0 0 0 0 0 0 0 0 1
74.290 2 BAT 40 157 0 0 0 58 0 0
74.291 2 ESTIMATOR 0. 0.
74.391 2 NAVIGATION 0 1 0. 0. 0. 0. 0 0
74.395 2 ATTITUDE 0.052018 -1.583713 -0.013954
74.490 2 GPS 0 0 0 0 0 0 0 0 0 0 1
74.689 2 GPS_SOL 0 0 0 0
74.692 2 WP_MOVED 7 349065. 5946015. 660. 12
74.741 2 GPS 0 0 0 0 0 0 0 0 0 0 1
74.783 2 ESTIMATOR 0. 0.
74.897 2 DESIRED 0. 0.01 0. 0. 0. 655. 0. 15.
74.900 2 ATTITUDE 0.051973 -1.583543 -0.014087
74.966 2 DOWNLINK_STATUS 0 75 26575 1205 0 356. 15. 37.72
74.991 2 GPS 0 0 0 0 0 0 0 0 0 0 1
75.186 2 WP_MOVED 0 348907. 5945757. 660. 12
75.241 2 GPS 0 0 0 0 0 0 0 0 0 0 1
75.291 2 CALIBRATION 0. 0
75.293 2 DL_VALUE 39 0.
75.296 2 IMU_GYRO -0.043457 0.054199 -0.046631
75.298 2 ESTIMATOR 0. 0.
75.396 2 BAT 40 157 0 0 0 59 0 0
75.401 2 NAVIGATION 0 1 0. 0. 0. 0. 0 0
75.404 2 ATTITUDE 0.052448 -1.583299 -0.014135
75.447 2 PONG 
75.491 2 GPS 0 0 0 0 0 0 0 0 0 0 1
75.568 2 ACTUATORS |1004,1003,1500,1500,1500,1500|
75.668 2 COMMANDS |40,-14,-14,0,-14,-9548|
75.686 2 WP_MOVED 1 348865. 5945715. 660. 12
75.741 2 GPS 0 0 0 0 0 0 0 0 0 0 1
75.767 2 FBW_STATUS 0 53 0 157 2
75.783 2 ESTIMATOR 0. 0.
75.885 2 STATE_FILTER_STATUS 3 0
75.888 2 ATTITUDE 0.052018 -1.583461 -0.01422
75.943 2 DESIRED 0. 0.01 0. 0. 0. 655. 0. 15.
75.967 2 DOWNLINK_STATUS 0 76 27004 1226 0 429. 21. 38.57
75.991 2 GPS 0 0 0 0 0 0 0 0 0 0 1
76.083 2 PPRZ_MODE 0 0 0 0 0 17
76.191 2 ALIVE |223,216,115,171,104,230,201,204,76,144,92,219,68,201,193,221|
76.195 2 WP_MOVED 2 348895. 5945815. 660. 12
76.241 2 GPS 0 0 0 0 0 0 0 0 0 0 1
76.289 2 ENERGY 15.7 0.002 0 0.0314
76.292 2 ESTIMATOR 0. 0.
76.395 2 IMU_GYRO -0.029785 0.02002 -0.046631
76.399 2 NAVIGATION 0 1 0. 0. 0. 0. 0 0
76.403 2 ATTITUDE 0.051932 -1.583545 -0.014218
76.493 2 BAT 40 157 0 0 0 60 0 0
76.499 2 GPS 0 0 0 0 0 0 0 0 0 0 1
76.689 2 GPS_SOL 0 0 0 0
76.692 2 WP_MOVED 3 348965.09375 5945786. 660. 12
76.741 2 GPS 0 0 0 0 0 0 0 0 0 0 1
76.785 2 DL_VALUE 40 0.
76.788 2 ESTIMATOR 0. 0.
76.886 2 DOWNLINK 0 383 1099
76.889 2 ATTITUDE 0.052104 -1.58338 -0.014308
76.968 2 DOWNLINK_STATUS 0 77 27399 1245 0 395. 19. 38.57
77.000 2 DESIRED 0. 0.01 0. 0. 0. 655. 0. 15.
77.006 2 GPS 0 0 0 0 0 0 0 0 0 0 1
77.186 2 WP_MOVED 4 348764.6875 5945795. 660. 12
77.241 2 GPS 0 0 0 0 0 0 0 0 0 0 1
77.284 2 ESTIMATOR 0. 0.
77.391 2 CALIBRATION 0. 0
77.397 2 NAVIGATION 0 1 0. 0. 0. 0. 0 0
77.400 2 ATTITUDE 0.051931 -1.583458 -0.01422
77.492 2 IMU_GYRO -0.031738 0.025391 -0.045654
77.497 2 GPS 0 0 0 0 0 0 0 0 0 0 1
77.586 2 BAT 40 157 0 0 0 62 0 0
77.686 2 WP_MOVED 5 348740. 5945760. 660. 12
77.741 2 GPS 0 0 0 0 0 0 0 0 0 0 1
77.767 2 FBW_STATUS 0 49 0 157 2
77.783 2 ESTIMATOR 0. 0.
77.885 2 ATTITUDE 0.052103 -1.58329 -0.014224
77.969 2 DOWNLINK_STATUS 0 78 27764 1261 0 365. 16. 38.57
77.991 2 GPS 0 0 0 0 0 0 0 0 0 0 1
78.043 2 DESIRED 0. 0.01 0. 0. 0. 655. 0. 15.
78.186 2 WP_MOVED 6 348665. 5945815. 660. 12
78.241 2 GPS 0 0 0 0 0 0 0 0 0 0 1
78.286 2 DL_VALUE 41 1500.
78.287 2 ESTIMATOR 0. 0.
78.393 2 NAVIGATION 0 1 0. 0. 0. 0. 0 0
78.395 2 ATTITUDE 0.052231 -1.583207 -0.014181
78.490 2 GPS 0 0 0 0 0 0 0 0 0 0 1
78.589 2 NAVIGATION_REF 348865 5945715 12 605.
78.592 2 IMU_GYRO -0.027588 0.02002 -0.046631
78.693 2 GPS_SOL 0 0 0 0
78.697 2 BAT 40 157 0 0 0 63 0 0
78.700 2 WP_MOVED 7 349065. 5946015. 660. 12
78.741 2 GPS 0 0 0 0 0 0 0 0 0 0 1
78.789 2 ENERGY 15.7 0.002 0 0.0314
78.791 2 ESTIMATOR 0. 0.
78.885 2 ATTITUDE 0.0521 -1.583195 -0.013967
78.970 2 DOWNLINK_STATUS 0 79 28170 1279 0 406. 18. 38.57
78.991 2 GPS 0 0 0 0 0 0 0 0 0 0 1
79.093 2 DESIRED 0. 0.01 0. 0. 0. 655. 0. 15.
79.186 2 WP_MOVED 0 348907. 5945757. 660. 12
79.241 2 GPS 0 0 0 0 0 0 0 0 0 0 1
79.283 2 ESTIMATOR 0. 0.
79.392 2 NAVIGATION 0 1 0. 0. 0. 0. 0 0
79.395 2 ATTITUDE 0.05197 -1.583106 -0.014012
79.489 2 CALIBRATION 0. 0
79.494 2 GPS 0 0 0 0 0 0 0 0 0 0 1
79.689 2 IMU_GYRO -0.026367 0.019043 -0.046631
79.692 2 WP_MOVED 1 348865. 5945715. 660. 12
79.741 2 GPS 0 0 0 0 0 0 0 0 0 0 1
79.767 2 FBW_STATUS 0 48 0 157 2
79.790 2 DL_VALUE 42 0.
79.793 2 BAT 40 157 0 0 0 64 0 0
79.796 2 ESTIMATOR 0. 0.
79.885 2 ATTITUDE 0.051928 -1.583189 -0.013968
79.970 2 DOWNLINK_STATUS 0 80 28546 1296 0 376. 17. 38.57
79.991 2 GPS 0 0 0 0 0 0 0 0 0 0 1
80.143 2 DESIRED 0. 0.01 0. 0. 0. 655. 0. 15.
80.186 2 WP_MOVED 2 348895. 5945815. 660. 12
80.240 2 GPS 0 0 0 0 0 0 0 0 0 0 1
80.283 2 ESTIMATOR 0. 0.
80.392 2 NAVIGATION 0 1 0. 0. 0. 0. 0 0
80.395 2 ATTITUDE 0.051841 -1.583186 -0.013969
80.448 2 PONG 
80.490 2 GPS 0 0 0 0 0 0 0 0 0 0 1
80.568 2 ACTUATORS |1004,1003,1500,1500,1500,1500|
80.669 2 COMMANDS |40,-14,-14,0,-14,-9548|
80.689 2 GPS_SOL 0 0 0 0
80.692 2 WP_MOVED 3 348965.09375 5945786. 660. 12
80.741 2 GPS 0 0 0 0 0 0 0 0 0 0 1
80.788 2 IMU_GYRO -0.028564 0.02124 -0.046631
80.790 2 ESTIMATOR 0. 0.
80.890 2 STATE_FILTER_STATUS 3 0
80.894 2 BAT 40 157 0 0 0 65 0 0
80.897 2 ATTITUDE 0.051841 -1.583102 -0.014057
80.971 2 DOWNLINK_STATUS 0 81 28955 1315 0 409. 19. 38.54
80.991 2 GPS 0 0 0 0 0 0 0 0 0 0 1
81.082 2 PPRZ_MODE 0 0 0 0 0 17
81.200 2 ALIVE |223,216,115,171,104,230,201,204,76,144,92,219,68,201,193,221|
81.206 2 DESIRED 0. 0.01 0. 0. 0. 655. 0. 15.
81.209 2 WP_MOVED 4 348764.6875 5945795. 660. 12
81.240 2 GPS 0 0 0 0 0 0 0 0 0 0 1
81.291 2 ENERGY 15.7 0.002 0 0.0314
81.292 2 DL_VALUE 0 0.
81.295 2 ESTIMATOR 0. 0.
81.392 2 NAVIGATION 0 1 0. 0. 0. 0. 0 0
81.395 2 ATTITUDE 0.051668 -1.583097 -0.014058
81.490 2 GPS 0 0 0 0 0 0 0 0 0 0 1
81.582 2 CALIBRATION 0. 0
81.686 2 WP_MOVED 5 348740. 5945760. 660. 12
81.741 2 GPS 0 0 0 0 0 0 0 0 0 0 1
81.767 2 FBW_STATUS 0 48 0 157 2
81.783 2 ESTIMATOR 0. 0.
81.889 2 IMU_GYRO -0.027588 0.019043 -0.046631
81.892 2 ATTITUDE 0.051496 -1.583094 -0.014146
81.972 2 DOWNLINK_STATUS 0 82 29365 1334 0 410. 19. 38.54
81.993 2 DOWNLINK 0 391 1190
81.998 2 BAT 40 157 0 0 0 66 0 0
82.003 2 GPS 0 0 0 0 0 0 0 0 0 0 1
82.185 2 WP_MOVED 6 348665. 5945815. 660. 12
82.249 2 DESIRED 0. 0.01 0. 0. 0. 655. 0. 15.
82.255 2 GPS 0 0 0 0 0 0 0 0 0 0 1
82.283 2 ESTIMATOR 0. 0.
82.392 2 NAVIGATION 0 1 0. 0. 0. 0. 0 0
82.395 2 ATTITUDE 0.051409 -1.583172 -0.013971
82.490 2 GPS 0 0 0 0 0 0 0 0 0 0 1
82.689 2 GPS_SOL 0 0 0 0
82.692 2 WP_MOVED 7 349065. 5946015. 660. 12
82.741 2 GPS 0 0 0 0 0 0 0 0 0 0 1
82.785 2 DL_VALUE 1 0.
82.788 2 ESTIMATOR 0. 0.
82.885 2 ATTITUDE 0.051364 -1.583083 -0.013929
82.973 2 DOWNLINK_STATUS 0 83 29725 1350 0 360. 16. 38.54
82.991 2 IMU_GYRO -0.027588 0.019043 -0.045654
82.997 2 GPS 0 0 0 0 0 0 0 0 0 0 1
83.086 2 BAT 40 157 0 0 0 67 0 0
83.185 2 WP_MOVED 0 348907. 5945757. 660. 12
83.240 2 GPS 0 0 0 0 0 0 0 0 0 0 1
83.295 2 DESIRED 0. 0.01 0. 0. 0. 655. 0. 15.
83.298 2 ESTIMATOR 0. 0.
83.391 2 NAVIGATION 0 1 0. 0. 0. 0. 0 0
83.395 2 ATTITUDE 0.051321 -1.583077 -0.013802
83.490 2 GPS 0 0 0 0 0 0 0 0 0 0 1
83.687 2 CALIBRATION 0. 0
83.690 2 WP_MOVED 1 348865. 5945715. 660. 12
83.741 2 GPS 0 0 0 0 0 0 0 0 0 0 1
83.767 2 FBW_STATUS 0 48 0 157 2
83.789 2 ENERGY 15.7 0.002 0 0.0314
83.791 2 ESTIMATOR 0. 0.
83.884 2 ATTITUDE 0.051321 -1.583161 -0.013713
83.974 2 DOWNLINK_STATUS 0 84 30110 1367 0 385. 17. 38.54
83.990 2 GPS 0 0 0 0 0 0 0 0 0 0 1
84.084 2 IMU_GYRO -0.027588 0.016846 -0.046631
84.190 2 BAT 40 157 0 0 0 68 0 0
84.193 2 WP_MOVED 2 348895. 5945815. 660. 12
84.240 2 GPS 0 0 0 0 0 0 0 0 0 0 1
84.285 2 DL_VALUE 2 655.
84.287 2 ESTIMATOR 0. 0.
84.342 2 DESIRED 0. 0.01 0. 0. 0. 655. 0. 15.
84.392 2 NAVIGATION 0 1 0. 0. 0. 0. 0 0
84.395 2 ATTITUDE 0.051193 -1.583328 -0.013668
84.491 2 GPS 0 0 0 0 0 0 0 0 0 0 1
84.689 2 GPS_SOL 0 0 0 0
84.692 2 WP_MOVED 3 348965.09375 5945786. 660. 12
84.741 2 GPS 0 0 0 0 0 0 0 0 0 0 1
84.783 2 ESTIMATOR 0. 0.
84.884 2 ATTITUDE 0.051149 -1.583497 -0.013533
84.975 2 DOWNLINK_STATUS 0 85 30477 1383 0 367. 16. 38.54
84.990 2 GPS 0 0 0 0 0 0 0 0 0 0 1
85.189 2 IMU_GYRO -0.028564 0.019043 -0.045654
85.192 2 WP_MOVED 4 348764.6875 5945795. 660. 12
85.240 2 GPS 0 0 0 0 0 0 0 0 0 0 1
85.289 2 BAT 40 157 0 0 0 69 0 0
85.291 2 ESTIMATOR 0. 0.
85.402 2 DESIRED 0. 0.01 0. 0. 0. 655. 0. 15.
85.406 2 NAVIGATION 0 1 0. 0. 0. 0. 0 0
85.409 2 ATTITUDE 0.051063 -1.583662 -0.013356
85.449 2 PONG 
85.490 2 GPS 0 0 0 0 0 0 0 0 0 0 1
85.568 2 ACTUATORS |1004,1003,1500,1500,1500,1500|
85.668 2 COMMANDS |40,-14,-14,0,-14,-9548|
85.686 2 WP_MOVED 5 348740. 5945760. 660. 12
85.740 2 GPS 0 0 0 0 0 0 0 0 0 0 1
85.766 2 FBW_STATUS 0 49 0 157 2
85.787 2 CALIBRATION 0. 0
85.789 2 DL_VALUE 3 0.
85.791 2 ESTIMATOR 0. 0.
85.885 2 STATE_FILTER_STATUS 3 0
85.888 2 ATTITUDE 0.050977 -1.583831 -0.013266
85.976 2 DOWNLINK_STATUS 0 86 30906 1404 0 429. 21. 38.54
85.990 2 GPS 0 0 0 0 0 0 0 0 0 0 1
86.082 2 PPRZ_MODE 0 0 0 0 0 17
86.191 2 ALIVE |223,216,115,171,104,230,201,204,76,144,92,219,68,201,193,221|
86.194 2 WP_MOVED 6 348665. 5945815. 660. 12
86.240 2 GPS 0 0 0 0 0 0 0 0 0 0 1
86.292 2 ENERGY 15.7 0.002 0 0.0314
86.295 2 IMU_GYRO -0.029785 0.02124 -0.046631
86.298 2 ESTIMATOR 0. 0.
86.395 2 BAT 40 157 0 0 0 70 0 0
86.400 2 NAVIGATION 0 1 0. 0. 0. 0. 0 0
86.403 2 ATTITUDE 0.050935 -1.583998 -0.013134
86.442 2 DESIRED 0. 0.01 0. 0. 0. 655. 0. 15.
86.491 2 GPS 0 0 0 0 0 0 0 0 0 0 1
86.688 2 GPS_SOL 0 0 0 0
86.692 2 WP_MOVED 7 349065. 5946015. 660. 12
86.740 2 GPS 0 0 0 0 0 0 0 0 0 0 1
86.783 2 ESTIMATOR 0. 0.
86.884 2 ATTITUDE 0.050804 -1.584077 -0.013002
86.977 2 DOWNLINK_STATUS 0 87 31317 1422 0 411. 18. 38.54
86.990 2 GPS 0 0 0 0 0 0 0 0 0 0 1
87.082 2 DOWNLINK 0 389 1279
87.185 2 WP_MOVED 0 348907. 5945757. 660. 12
87.240 2 GPS 0 0 0 0 0 0 0 0 0 0 1
87.285 2 DL_VALUE 4 0.
87.287 2 ESTIMATOR 0. 0.
87.394 2 IMU_GYRO -0.027588 0.019043 -0.046631
87.399 2 NAVIGATION 0 1 0. 0. 0. 0. 0 0
87.402 2 ATTITUDE 0.050804 -1.584161 -0.012913
87.500 2 BAT 40 157 0 0 0 71 0 0
87.508 2 DESIRED 0. 0.01 0. 0. 0. 655. 0. 15.
87.513 2 GPS 0 0 0 0 0 0 0 0 0 0 1
87.584 2 NAVIGATION_REF 348865 5945715 12 605.
87.685 2 WP_MOVED 1 348865. 5945715. 660. 12
87.740 2 GPS 0 0 0 0 0 0 0 0 0 0 1
87.766 2 FBW_STATUS 0 47 0 157 2
87.783 2 ESTIMATOR 0. 0.
87.885 2 CALIBRATION 0. 0
87.889 2 ATTITUDE 0.050804 -1.584245 -0.012825
87.978 2 DOWNLINK_STATUS 0 88 31723 1441 0 406. 19. 38.54
87.990 2 GPS 0 0 0 0 0 0 0 0 0 0 1
88.185 2 WP_MOVED 2 348895. 5945815. 660. 12
88.240 2 GPS 0 0 0 0 0 0 0 0 0 0 1
88.283 2 ESTIMATOR 0. 0.
88.392 2 NAVIGATION 0 1 0. 0. 0. 0. 0 0
88.394 2 ATTITUDE 0.050676 -1.584326 -0.012782
88.491 2 IMU_GYRO -0.028564 0.02002 -0.045654
88.497 2 GPS 0 0 0 0 0 0 0 0 0 0 1
88.543 2 DESIRED 0. 0.01 0. 0. 0. 655. 0. 15.
88.585 2 BAT 40 157 0 0 0 73 0 0
88.688 2 GPS_SOL 0 0 0 0
88.692 2 WP_MOVED 3 348965.09375 5945786. 660. 12
88.740 2 GPS 0 0 0 0 0 0 0 0 0 0 1
88.790 2 ENERGY 15.7 0.002 0 0.0314
88.792 2 DL_VALUE 5 0.
88.795 2 ESTIMATOR 0. 0.
88.884 2 ATTITUDE 0.050503 -1.584492 -0.012692
88.979 2 DOWNLINK_STATUS 0 89 32110 1458 0 387. 17. 38.54
88.990 2 GPS 0 0 0 0 0 0 0 0 0 0 1
89.185 2 WP_MOVED 4 348764.6875 5945795. 660. 12
89.240 2 GPS 0 0 0 0 0 0 0 0 0 0 1
89.283 2 ESTIMATOR 0. 0.
89.391 2 NAVIGATION 0 1 0. 0. 0. 0. 0 0
89.394 2 ATTITUDE 0.050374 -1.584577 -0.012733
89.490 2 GPS 0 0 0 0 0 0 0 0 0 0 1
89.592 2 IMU_GYRO -0.028564 0.02124 -0.046631
89.599 2 DESIRED 0. 0.01 0. 0. 0. 655. 0. 15.
89.690 2 BAT 40 157 0 0 0 74 0 0
89.693 2 WP_MOVED 5 348740. 5945760. 660. 12
89.740 2 GPS 0 0 0 0 0 0 0 0 0 0 1
89.766 2 FBW_STATUS 0 49 0 157 2
89.783 2 ESTIMATOR 0. 0.
89.884 2 ATTITUDE 0.050245 -1.584657 -0.01269
89.979 2 DOWNLINK_STATUS 0 90 32464 1473 0 354. 15. 38.54
89.989 2 CALIBRATION 0. 0
89.994 2 GPS 0 0 0 0 0 0 0 0 0 0 1
90.185 2 WP_MOVED 6 348665. 5945815. 660. 12
90.240 2 GPS 0 0 0 0 0 0 0 0 0 0 1
90.284 2 DL_VALUE 6 100.
90.286 2 ESTIMATOR 0. 0.
90.391 2 NAVIGATION 0 1 0. 0. 0. 0. 0 0
90.394 2 ATTITUDE 0.050331 -1.584657 -0.012603
90.449 2 PONG 
90.490 2 GPS 0 0 0 0 0 0 0 0 0 0 1
90.568 2 ACTUATORS |1004,1003,1500,1500,1500,1500|
90.642 2 DESIRED 0. 0.01 0. 0. 0. 655. 0. 15.
90.668 2 COMMANDS |40,-14,-14,0,-14,-9548|
90.692 2 GPS_SOL 0 0 0 0
90.695 2 IMU_GYRO -0.029785 0.022217 -0.046631
90.699 2 WP_MOVED 7 349065. 5946015. 660. 12
90.740 2 GPS 0 0 0 0 0 0 0 0 0 0 1
90.789 2 BAT 40 157 0 0 0 75 0 0
90.791 2 ESTIMATOR 0. 0.
90.885 2 STATE_FILTER_STATUS 3 0
90.888 2 ATTITUDE 0.050418 -1.584831 -0.012511
90.980 2 DOWNLINK_STATUS 0 91 32895 1494 0 431. 21. 38.49
90.990 2 GPS 0 0 0 0 0 0 0 0 0 0 1
91.082 2 PPRZ_MODE 0 0 0 0 0 17
91.191 2 ALIVE |223,216,115,171,104,230,201,204,76,144,92,219,68,201,193,221|
91.193 2 WP_MOVED 0 348907. 5945757. 660. 12
91.239 2 GPS 0 0 0 0 0 0 0 0 0 0 1
91.288 2 ENERGY 15.7 0.002 0 0.0314
91.290 2 ESTIMATOR 0. 0.
91.391 2 NAVIGATION 0 1 0. 0. 0. 0. 0 0
91.394 2 ATTITUDE 0.050418 -1.585002 -0.012421
91.490 2 GPS 0 0 0 0 0 0 0 0 0 0 1
91.696 2 DESIRED 0. 0.01 0. 0. 0. 655. 0. 15.
91.700 2 WP_MOVED 1 348865. 5945715. 660. 12
91.740 2 GPS 0 0 0 0 0 0 0 0 0 0 1
91.766 2 FBW_STATUS 0 50 0 157 2
91.788 2 DL_VALUE 7 0.
91.792 2 IMU_GYRO -0.026367 0.014893 -0.047852
91.794 2 ESTIMATOR 0. 0.
91.889 2 BAT 40 157 0 0 0 76 0 0
91.892 2 ATTITUDE 0.050419 -1.585173 -0.01233
91.981 2 DOWNLINK_STATUS 0 92 33315 1513 0 420. 19. 38.49
91.990 2 GPS 0 0 0 0 0 0 0 0 0 0 1
92.081 2 CALIBRATION 0. 0
92.185 2 DOWNLINK 0 393 1371
92.189 2 WP_MOVED 2 348895. 5945815. 660. 12
92.240 2 GPS 0 0 0 0 0 0 0 0 0 0 1
92.282 2 ESTIMATOR 0. 0.
92.391 2 NAVIGATION 0 1 0. 0. 0. 0. 0 0
92.394 2 ATTITUDE 0.050461 -1.585174 -0.012285
92.490 2 GPS 0 0 0 0 0 0 0 0 0 0 1
92.688 2 GPS_SOL 0 0 0 0
92.692 2 WP_MOVED 3 348965.09375 5945786. 660. 12
92.749 2 DESIRED 0. 0.01 0. 0. 0. 655. 0. 15.
92.755 2 GPS 0 0 0 0 0 0 0 0 0 0 1
92.783 2 ESTIMATOR 0. 0.
92.888 2 IMU_GYRO -0.031738 0.024414 -0.046631
92.891 2 ATTITUDE 0.050591 -1.585347 -0.012152
92.982 2 DOWNLINK_STATUS 0 93 33672 1529 0 357. 16. 38.49
92.992 2 BAT 40 157 0 0 0 77 0 0
92.998 2 GPS 0 0 0 0 0 0 0 0 0 0 1
93.184 2 WP_MOVED 4 348764.6875 5945795. 660. 12
93.240 2 GPS 0 0 0 0 0 0 0 0 0 0 1
93.284 2 DL_VALUE 8 0.
93.287 2 ESTIMATOR 0. 0.
93.391 2 NAVIGATION 0 1 0. 0. 0. 0. 0 0
93.394 2 ATTITUDE 0.050592 -1.585518 -0.012061
93.490 2 GPS 0 0 0 0 0 0 0 0 0 0 1
93.685 2 WP_MOVED 5 348740. 5945760. 660. 12
93.740 2 GPS 0 0 0 0 0 0 0 0 0 0 1
93.766 2 FBW_STATUS 0 51 0 157 2
93.795 2 ENERGY 15.7 0.002 0 0.0314
93.803 2 DESIRED 0. 0.01 0. 0. 0. 655. 0. 15.
93.804 2 ESTIMATOR 0. 0.
93.884 2 ATTITUDE 0.050807 -1.585524 -0.012015
93.983 2 DOWNLINK_STATUS 0 94 34039 1545 0 367. 16. 38.49
93.991 2 IMU_GYRO -0.027588 0.019043 -0.045654
93.997 2 GPS 0 0 0 0 0 0 0 0 0 0 1
94.085 2 BAT 40 157 0 0 0 78 0 0
94.185 2 CALIBRATION 0. 0
94.189 2 WP_MOVED 6 348665. 5945815. 660. 12
94.239 2 GPS 0 0 0 0 0 0 0 0 0 0 1
94.282 2 ESTIMATOR 0. 0.
94.391 2 NAVIGATION 0 1 0. 0. 0. 0. 0 0
94.394 2 ATTITUDE 0.050893 -1.585698 -0.011924
94.490 2 GPS 0 0 0 0 0 0 0 0 0 0 1
94.688 2 GPS_SOL 0 0 0 0
94.692 2 WP_MOVED 7 349065. 5946015. 660. 12
94.740 2 GPS 0 0 0 0 0 0 0 0 0 0 1
94.785 2 DL_VALUE 9 0.
94.787 2 ESTIMATOR 0. 0.
94.842 2 DESIRED 0. 0.01 0. 0. 0. 655. 0. 15.
94.884 2 ATTITUDE 0.05098 -1.585785 -0.011835
94.984 2 DOWNLINK_STATUS 0 95 34417 1562 0 378. 17. 38.49
94.989 2 GPS 0 0 0 0 0 0 0 0 0 0 1
95.084 2 IMU_GYRO -0.027588 0.019043 -0.046631
95.189 2 BAT 40 157 0 0 0 79 0 0
95.193 2 WP_MOVED 0 348907. 5945757. 660. 12
95.240 2 GPS 0 0 0 0 0 0 0 0 0 0 1
95.282 2 ESTIMATOR 0. 0.
95.391 2 NAVIGATION 0 1 0. 0. 0. 0. 0 0
95.394 2 ATTITUDE 0.050979 -1.585869 -0.011746
95.449 2 PONG 
95.490 2 GPS 0 0 0 0 0 0 0 0 0 0 1
95.568 2 ACTUATORS |1004,1003,1500,1500,1500,1500|
95.668 2 COMMANDS |40,-14,-14,0,-28,-9548|
95.687 2 WP_MOVED 1 348865. 5945715. 660. 12
95.740 2 GPS 0 0 0 0 0 0 0 0 0 0 1
95.766 2 FBW_STATUS 0 51 0 157 2
95.783 2 ESTIMATOR 0. 0.
95.892 2 STATE_FILTER_STATUS 3 0
95.900 2 DESIRED 0. 0.01 0. 0. 0. 655. 0. 15.
95.902 2 ATTITUDE 0.051065 -1.585869 -0.01166
95.984 2 DOWNLINK_STATUS 0 96 34824 1581 0 407. 19. 37.71
95.989 2 GPS 0 0 0 0 0 0 0 0 0 0 1
96.081 2 PPRZ_MODE 0 0 0 0 0 17
96.194 2 ALIVE |223,216,115,171,104,230,201,204,76,144,92,219,68,201,193,221|
96.197 2 IMU_GYRO -0.028564 0.016846 -0.045654
96.200 2 WP_MOVED 2 348895. 5945815. 660. 12
96.240 2 GPS 0 0 0 0 0 0 0 0 0 0 1
96.297 2 ENERGY 15.7 0.002 0 0.0314
96.299 2 CALIBRATION 0. 0
96.300 2 DL_VALUE 10 0.
96.304 2 BAT 40 157 0 0 0 80 0 0
96.307 2 ESTIMATOR 0. 0.
96.391 2 NAVIGATION 0 1 0. 0. 0. 0. 0 0
96.394 2 ATTITUDE 0.051067 -1.58613 -0.011653
96.490 2 GPS 0 0 0 0 0 0 0 0 0 0 1
96.584 2 NAVIGATION_REF 348865 5945715 12 605.
96.688 2 GPS_SOL 0 0 0 0
96.692 2 WP_MOVED 3 348965.09375 5945786. 660. 12
96.740 2 GPS 0 0 0 0 0 0 0 0 0 0 1
96.782 2 ESTIMATOR 0. 0.
96.883 2 ATTITUDE 0.051153 -1.586304 -0.011562
96.941 2 DESIRED 0. 0.01 0. 0. 0. 655. 0. 15.
96.985 2 DOWNLINK_STATUS 0 97 35276 1602 0 452. 21. 37.71
96.989 2 GPS 0 0 0 0 0 0 0 0 0 0 1
97.184 2 WP_MOVED 4 348764.6875 5945795. 660. 12
97.240 2 GPS 0 0 0 0 0 0 0 0 0 0 1
97.288 2 DOWNLINK 0 392 1461
97.291 2 IMU_GYRO -0.028564 0.02002 -0.046631
97.294 2 ESTIMATOR 0. 0.
97.394 2 BAT 40 157 0 0 0 81 0 0
97.399 2 NAVIGATION 0 1 0. 0. 0. 0. 0 0
97.402 2 ATTITUDE 0.05124 -1.586306 -0.011561
97.490 2 GPS 0 0 0 0 0 0 0 0 0 0 1
97.689 2 WP_MOVED 5 348740. 5945760. 660. 12
97.739 2 GPS 0 0 0 0 0 0 0 0 0 0 1
97.766 2 FBW_STATUS 0 53 0 157 2
97.784 2 DL_VALUE 11 0.
97.786 2 ESTIMATOR 0. 0.
97.884 2 ATTITUDE 0.05124 -1.586393 -0.011559
97.986 2 DOWNLINK_STATUS 0 98 35614 1618 0 338. 16. 37.71
97.998 2 DESIRED 0. 0.01 0. 0. 0. 655. 0. 15.
98.004 2 GPS 0 0 0 0 0 0 0 0 0 0 1
98.185 2 WP_MOVED 6 348665. 5945815. 660. 12
98.240 2 GPS 0 0 0 0 0 0 0 0 0 0 1
98.282 2 ESTIMATOR 0. 0.
98.395 2 CALIBRATION 0. 0
98.398 2 IMU_GYRO -0.028564 0.02002 -0.046631
98.402 2 NAVIGATION 0 1 0. 0. 0. 0. 0 0
98.405 2 ATTITUDE 0.051242 -1.586483 -0.011643
98.492 2 BAT 40 157 0 0 0 82 0 0
98.498 2 GPS 0 0 0 0 0 0 0 0 0 0 1
98.691 2 GPS_SOL 0 0 0 0
98.691 2 WP_MOVED 7 349065. 5946015. 660. 12
98.739 2 GPS 0 0 0 0 0 0 0 0 0 0 1
98.787 2 ENERGY 15.7 0.002 0 0.0314
98.790 2 ESTIMATOR 0. 0.
98.884 2 ATTITUDE 0.051155 -1.586396 -0.011732
98.986 2 DOWNLINK_STATUS 0 99 36001 1635 0 387. 17. 37.71
98.990 2 GPS 0 0 0 0 0 0 0 0 0 0 1
99.041 2 DESIRED 0. 0.01 0. 0. 0. 655. 0. 15.
99.185 2 WP_MOVED 0 348907. 5945757. 660. 12
99.240 2 GPS 0 0 0 0 0 0 0 0 0 0 1
99.284 2 DL_VALUE 12 12000.
99.286 2 ESTIMATOR 0. 0.
99.391 2 NAVIGATION 0 1 0. 0. 0. 0. 0 0
99.394 2 ATTITUDE 0.05133 -1.586323 -0.011992
99.491 2 IMU_GYRO -0.025391 0.013672 -0.045654
99.497 2 GPS 0 0 0 0 0 0 0 0 0 0 1
99.584 2 BAT 40 157 0 0 0 84 0 0
99.684 2 WP_MOVED 1 348865. 5945715. 660. 12
99.739 2 GPS 0 0 0 0 0 0 0 0 0 0 1
99.765 2 FBW_STATUS 0 50 0 157 2
99.782 2 ESTIMATOR 0. 0.
99.884 2 ATTITUDE 0.051417 -1.586412 -0.011989
99.986 2 DOWNLINK_STATUS 0 100 36366 1651 0 365. 16. 37.71
99.989 2 GPS 0 0 0 0 0 0 0 0 0 0 1
100.091 2 DESIRED 0. 0.01 0. 0. 0. 655. 0. 15.
100.185 2 WP_MOVED 2 348895. 5945815. 660. 12
100.240 2 GPS 0 0 0 0 0 0 0 0 0 0 1
100.282 2 ESTIMATOR 0. 0.
100.391 2 NAVIGATION 0 1 0. 0. 0. 0. 0 0
100.394 2 ATTITUDE 0.05133 -1.586407 -0.011903
100.450 2 PONG 
100.487 2 CALIBRATION 0. 0
100.493 2 GPS 0 0 0 0 0 0 0 0 0 0 1
100.567 2 ACTUATORS |1004,1003,1500,1500,1500,1500|
100.583 2 IMU_GYRO -0.029785 0.02124 -0.046631
100.667 2 COMMANDS |40,-14,-14,0,-14,-9548|
100.692 2 GPS_SOL 0 0 0 0
100.695 2 BAT 40 157 0 0 0 85 0 0
100.699 2 WP_MOVED 3 348965.09375 5945786. 660. 12
100.739 2 GPS 0 0 0 0 0 0 0 0 0 0 1
100.784 2 DL_VALUE 13 1.5
100.786 2 ESTIMATOR 0. 0.
100.884 2 STATE_FILTER_STATUS 3 0
100.887 2 ATTITUDE 0.05133 -1.58641 -0.011989
100.987 2 DOWNLINK_STATUS 0 101 36797 1672 0 431. 21. 38.6
100.989 2 GPS 0 0 0 0 0 0 0 0 0 0 1
101.081 2 PPRZ_MODE 0 0 0 0 0 17
101.142 2 DESIRED 0. 0.01 0. 0. 0. 655. 0. 15.
101.193 2 ALIVE |223,216,115,171,104,230,201,204,76,144,92,219,68,201,193,221|
101.194 2 WP_MOVED 4 348764.6875 5945795. 660. 12
101.240 2 GPS 0 0 0 0 0 0 0 0 0 0 1
101.288 2 ENERGY 15.7 0.002 0 0.0314
101.290 2 ESTIMATOR 0. 0.
101.391 2 NAVIGATION 0 1 0. 0. 0. 0. 0 0
101.393 2 ATTITUDE 0.051331 -1.586412 -0.012076
101.489 2 GPS 0 0 0 0 0 0 0 0 0 0 1
101.688 2 IMU_GYRO -0.028564 0.02002 -0.045654
101.694 2 WP_MOVED 5 348740. 5945760. 660. 12
101.739 2 GPS 0 0 0 0 0 0 0 0 0 0 1
101.765 2 FBW_STATUS 0 49 0 157 2
101.788 2 BAT 40 157 0 0 0 86 0 0
101.790 2 ESTIMATOR 0. 0.
101.884 2 ATTITUDE 0.051373 -1.586329 -0.012119
101.988 2 DOWNLINK_STATUS 0 102 37206 1690 0 409. 18. 38.6
101.989 2 GPS 0 0 0 0 0 0 0 0 0 0 1
102.195 2 DESIRED 0. 0.01 0. 0. 0. 655. 0. 15.
102.199 2 WP_MOVED 6 348665. 5945815. 660. 12
102.239 2 GPS 0 0 0 0 0 0 0 0 0 0 1
102.283 2 DL_VALUE 14 0.610865
102.286 2 ESTIMATOR 0. 0.
102.390 2 DOWNLINK 0 390 1552
102.395 2 NAVIGATION 0 1 0. 0. 0. 0. 0 0
102.398 2 ATTITUDE 0.051417 -1.586244 -0.012166
102.489 2 GPS 0 0 0 0 0 0 0 0 0 0 1
102.581 2 CALIBRATION 0. 0
102.687 2 GPS_SOL 0 0 0 0
102.691 2 WP_MOVED 7 349065. 5946015. 660. 12
102.739 2 GPS 0 0 0 0 0 0 0 0 0 0 1
102.787 2 IMU_GYRO -0.028564 0.019043 -0.046631
102.789 2 ESTIMATOR 0. 0.
102.889 2 BAT 40 157 0 0 0 87 0 0
102.892 2 ATTITUDE 0.051331 -1.586241 -0.012166
102.989 2 DOWNLINK_STATUS 0 103 37595 1708 0 389. 18. 38.6
102.990 2 GPS 0 0 0 0 0 0 0 0 0 0 1
103.184 2 WP_MOVED 0 348907. 5945757. 660. 12
103.249 2 DESIRED 0. 0.01 0. 0. 0. 655. 0. 15.
103.253 2 GPS 0 0 0 0 0 0 0 0 0 0 1
103.282 2 ESTIMATOR 0. 0.
103.390 2 NAVIGATION 0 1 0. 0. 0. 0. 0 0
103.393 2 ATTITUDE 0.051332 -1.586331 -0.012251
103.489 2 GPS 0 0 0 0 0 0 0 0 0 0 1
103.684 2 WP_MOVED 1 348865. 5945715. 660. 12
103.739 2 GPS 0 0 0 0 0 0 0 0 0 0 1
103.766 2 FBW_STATUS 0 51 0 157 2
103.790 2 ENERGY 15.7 0.002 0 0.0314
103.792 2 DL_VALUE 15 7500.
103.794 2 ESTIMATOR 0. 0.
103.887 2 IMU_GYRO -0.027588 0.019043 -0.046631
103.890 2 ATTITUDE 0.051332 -1.586247 -0.012339
103.989 2 DOWNLINK_STATUS 0 104 37959 1724 0 364. 16. 38.6
103.992 2 BAT 40 157 0 0 0 88 0 0
103.998 2 GPS 0 0 0 0 0 0 0 0 0 0 1
104.184 2 WP_MOVED 2 348895. 5945815. 660. 12
104.239 2 GPS 0 0 0 0 0 0 0 0 0 0 1
104.295 2 DESIRED 0. 0.01 0. 0. 0. 655. 0. 15.
104.296 2 ESTIMATOR 0. 0.
104.390 2 NAVIGATION 0 1 0. 0. 0. 0. 0 0
104.393 2 ATTITUDE 0.051333 -1.586249 -0.012425
104.489 2 GPS 0 0 0 0 0 0 0 0 0 0 1
104.689 2 CALIBRATION 0. 0
104.692 2 GPS_SOL 0 0 0 0
104.698 2 WP_MOVED 3 348965.09375 5945786. 660. 12
104.739 2 GPS 0 0 0 0 0 0 0 0 0 0 1
104.782 2 ESTIMATOR 0. 0.
104.884 2 ATTITUDE 0.051075 -1.586331 -0.012511
104.990 2 DOWNLINK_STATUS 0 105 38308 1739 0 349. 15. 38.6
104.990 2 IMU_GYRO -0.029785 0.023193 -0.046631
104.996 2 GPS 0 0 0 0 0 0 0 0 0 0 1
105.084 2 BAT 40 157 0 0 0 89 0 0
105.184 2 WP_MOVED 4 348764.6875 5945795. 660. 12
105.239 2 GPS 0 0 0 0 0 0 0 0 0 0 1
105.283 2 DL_VALUE 16 1250.
105.286 2 ESTIMATOR 0. 0.
105.341 2 DESIRED 0. 0.01 0. 0. 0. 655. 0. 15.
105.390 2 NAVIGATION 0 1 0. 0. 0. 0. 0 0
105.393 2 ATTITUDE 0.051076 -1.586334 -0.012598
105.451 2 PONG 
105.489 2 GPS 0 0 0 0 0 0 0 0 0 0 1
105.567 2 ACTUATORS |1004,1003,1500,1500,1500,1500|
105.584 2 NAVIGATION_REF 348865 5945715 12 605.
105.667 2 COMMANDS |40,-14,-14,0,-14,-9548|
105.684 2 WP_MOVED 5 348740. 5945760. 660. 12
105.739 2 GPS 0 0 0 0 0 0 0 0 0 0 1
105.766 2 FBW_STATUS 0 48 0 157 2
105.782 2 ESTIMATOR 0. 0.
105.883 2 STATE_FILTER_STATUS 3 0
105.887 2 ATTITUDE 0.05129 -1.586253 -0.012554
105.989 2 GPS 0 0 0 0 0 0 0 0 0 0 1
105.990 2 DOWNLINK_STATUS 0 106 38778 1761 0 470. 22. 38.58
106.084 2 PPRZ_MODE 0 0 0 0 0 17
106.088 2 IMU_GYRO -0.026367 0.014893 -0.046631
106.194 2 ALIVE |223,216,115,171,104,230,201,204,76,144,92,219,68,201,193,221|
106.199 2 BAT 40 157 0 0 0 90 0 0
106.201 2 WP_MOVED 6 348665. 5945815. 660. 12
106.239 2 GPS 0 0 0 0 0 0 0 0 0 0 1
106.287 2 ENERGY 15.7 0.002 0 0.0314
106.289 2 ESTIMATOR 0. 0.
106.400 2 DESIRED 0. 0.01 0. 0. 0. 655. 0. 15.
106.405 2 NAVIGATION 0 1 0. 0. 0. 0. 0 0
106.408 2 ATTITUDE 0.051335 -1.586426 -0.012507
106.489 2 GPS 0 0 0 0 0 0 0 0 0 0 1
106.688 2 GPS_SOL 0 0 0 0
106.691 2 WP_MOVED 7 349065. 5946015. 660. 12
106.739 2 GPS 0 0 0 0 0 0 0 0 0 0 1
106.785 2 CALIBRATION 0. 0
106.787 2 DL_VALUE 17 0.45
106.791 2 ESTIMATOR 0. 0.
106.883 2 ATTITUDE 0.051248 -1.586339 -0.012596
106.989 2 GPS 0 0 0 0 0 0 0 0 0 0 1
106.991 2 DOWNLINK_STATUS 0 107 39211 1781 0 433. 20. 38.58
107.188 2 IMU_GYRO -0.029785 0.022217 -0.046631
107.191 2 WP_MOVED 0 348907. 5945757. 660. 12
107.239 2 GPS 0 0 0 0 0 0 0 0 0 0 1
107.287 2 BAT 40 157 0 0 0 91 0 0
107.290 2 ESTIMATOR 0. 0.
107.390 2 NAVIGATION 0 1 0. 0. 0. 0. 0 0
107.394 2 ATTITUDE 0.051335 -1.586429 -0.012594
107.441 2 DESIRED 0. 0.01 0. 0. 0. 655. 0. 15.
107.488 2 DOWNLINK 0 400 1645
107.494 2 GPS 0 0 0 0 0 0 0 0 0 0 1
107.684 2 WP_MOVED 1 348865. 5945715. 660. 12
107.739 2 GPS 0 0 0 0 0 0 0 0 0 0 1
107.765 2 FBW_STATUS 0 46 0 157 2
107.781 2 ESTIMATOR 0. 0.
107.883 2 ATTITUDE 0.051335 -1.586429 -0.012594
107.989 2 GPS 0 0 0 0 0 0 0 0 0 0 1
107.992 2 DOWNLINK_STATUS 0 108 39576 1797 0 365. 16. 38.58
108.184 2 WP_MOVED 2 348895. 5945815. 660. 12
108.239 2 GPS 0 0 0 0 0 0 0 0 0 0 1
108.288 2 DL_VALUE 18 0.03
108.291 2 IMU_GYRO -0.026367 0.016846 -0.046631
108.293 2 ESTIMATOR 0. 0.
108.394 2 BAT 40 157 0 0 0 92 0 0
108.399 2 NAVIGATION 0 1 0. 0. 0. 0. 0 0
108.402 2 ATTITUDE 0.051336 -1.586432 -0.01268
108.498 2 DESIRED 0. 0.01 0. 0. 0. 655. 0. 15.
108.503 2 GPS 0 0 0 0 0 0 0 0 0 0 1
108.687 2 GPS_SOL 0 0 0 0
108.690 2 WP_MOVED 3 348965.09375 5945786. 660. 12
108.739 2 GPS 0 0 0 0 0 0 0 0 0 0 1
108.786 2 ENERGY 15.7 0.002 0 0.0314
108.789 2 ESTIMATOR 0. 0.
108.884 2 CALIBRATION 0. 0
108.887 2 ATTITUDE 0.051336 -1.586432 -0.01268
108.989 2 GPS 0 0 0 0 0 0 0 0 0 0 1
108.992 2 DOWNLINK_STATUS 0 109 39974 1815 0 398. 18. 38.58
109.184 2 WP_MOVED 4 348764.6875 5945795. 660. 12
109.239 2 GPS 0 0 0 0 0 0 0 0 0 0 1
109.282 2 ESTIMATOR 0. 0.
109.393 2 IMU_GYRO -0.043457 0.046631 -0.046631
109.397 2 NAVIGATION 0 1 0. 0. 0. 0. 0 0
109.401 2 ATTITUDE 0.05125 -1.586345 -0.012769
109.491 2 BAT 40 157 0 0 0 93 0 0
109.496 2 GPS 0 0 0 0 0 0 0 0 0 0 1
109.541 2 DESIRED 0. 0.01 0. 0. 0. 655. 0. 15.
109.684 2 WP_MOVED 5 348740. 5945760. 660. 12
109.739 2 GPS 0 0 0 0 0 0 0 0 0 0 1
109.765 2 FBW_STATUS 0 50 0 157 2
109.783 2 DL_VALUE 19 0.15
109.786 2 ESTIMATOR 0. 0.
109.883 2 ATTITUDE 0.050387 -1.586578 -0.012769
109.989 2 GPS 0 0 0 0 0 0 0 0 0 0 1
109.993 2 DOWNLINK_STATUS 0 110 40339 1831 0 365. 16. 38.58
110.184 2 WP_MOVED 6 348665. 5945815. 660. 12
110.239 2 GPS 0 0 0 0 0 0 0 0 0 0 1
110.282 2 ESTIMATOR 0. 0.
110.390 2 NAVIGATION 0 1 0. 0. 0. 0. 0 0
110.394 2 ATTITUDE 0.051074 -1.586083 -0.01286
110.451 2 PONG 
110.489 2 IMU_GYRO -0.012695 -0.011475 -0.045654
110.495 2 GPS 0 0 0 0 0 0 0 0 0 0 1
110.566 2 ACTUATORS |1004,1003,1500,1500,1500,1500|
110.592 2 BAT 40 157 0 0 0 95 0 0
110.599 2 DESIRED 0. 0.01 0. 0. 0. 655. 0. 15.
110.666 2 COMMANDS |40,-14,-14,0,-14,-9548|
110.687 2 GPS_SOL 0 0 0 0
110.690 2 WP_MOVED 7 349065. 5946015. 660. 12
110.738 2 GPS 0 0 0 0 0 0 0 0 0 0 1
110.781 2 ESTIMATOR 0. 0.
110.883 2 STATE_FILTER_STATUS 3 0
110.886 2 ATTITUDE 0.051248 -1.586 -0.012864
110.987 2 CALIBRATION 0. 0
110.993 2 GPS 0 0 0 0 0 0 0 0 0 0 1
110.994 2 DOWNLINK_STATUS 0 111 40759 1851 0 420. 20. 38.56
111.081 2 PPRZ_MODE 0 0 0 0 0 17
111.189 2 ALIVE |223,216,115,171,104,230,201,204,76,144,92,219,68,201,193,221|
111.193 2 WP_MOVED 0 348907. 5945757. 660. 12
111.239 2 GPS 0 0 0 0 0 0 0 0 0 0 1
111.289 2 ENERGY 15.7 0.002 0 0.0314
111.291 2 DL_VALUE 20 0.01
111.294 2 ESTIMATOR 0. 0.
111.390 2 NAVIGATION 0 1 0. 0. 0. 0. 0 0
111.393 2 ATTITUDE 0.050817 -1.586076 -0.012951
111.488 2 GPS 0 0 0 0 0 0 0 0 0 0 1
111.582 2 IMU_GYRO -0.036133 0.029785 -0.046631
111.640 2 DESIRED 0. 0.01 0. 0. 0. 655. 0. 15.
111.688 2 BAT 40 157 0 0 0 96 0 0
111.692 2 WP_MOVED 1 348865. 5945715. 660. 12
111.738 2 GPS 0 0 0 0 0 0 0 0 0 0 1
111.765 2 FBW_STATUS 0 48 0 157 2
111.781 2 ESTIMATOR 0. 0.
111.883 2 ATTITUDE 0.050816 -1.585818 -0.013044
111.989 2 GPS 0 0 0 0 0 0 0 0 0 0 1
111.995 2 DOWNLINK_STATUS 0 112 41179 1870 0 420. 19. 38.56
112.184 2 WP_MOVED 2 348895. 5945815. 660. 12
112.239 2 GPS 0 0 0 0 0 0 0 0 0 0 1
112.281 2 ESTIMATOR 0. 0.
112.389 2 NAVIGATION 0 1 0. 0. 0. 0. 0 0
112.393 2 ATTITUDE 0.050428 -1.585632 -0.013096
112.488 2 GPS 0 0 0 0 0 0 0 0 0 0 1
112.580 2 DOWNLINK 0 377 1732
112.699 2 GPS_SOL 0 0 0 0
112.705 2 IMU_GYRO -0.02124 0.008301 -0.046631
112.708 2 DESIRED 0. 0.01 0. 0. 0. 655. 0. 15.
112.712 2 WP_MOVED 3 348965.09375 5945786. 660. 12
112.739 2 GPS 0 0 0 0 0 0 0 0 0 0 1
112.788 2 DL_VALUE 21 0.1
112.791 2 BAT 40 157 0 0 0 97 0 0
112.794 2 ESTIMATOR 0. 0.
112.886 2 ATTITUDE 0.049995 -1.585448 -0.01319
112.989 2 GPS 0 0 0 0 0 0 0 0 0 0 1
112.996 2 DOWNLINK_STATUS 0 113 41557 1887 0 378. 17. 38.56
113.080 2 CALIBRATION 0. 0
113.184 2 WP_MOVED 4 348764.6875 5945795. 660. 12
113.239 2 GPS 0 0 0 0 0 0 0 0 0 0 1
113.281 2 ESTIMATOR 0. 0.
113.389 2 NAVIGATION 0 1 0. 0. 0. 0. 0 0
113.393 2 ATTITUDE 0.050599 -1.585209 -0.013278
113.488 2 GPS 0 0 0 0 0 0 0 0 0 0 1
113.684 2 WP_MOVED 5 348740. 5945760. 660. 12
113.748 2 DESIRED 0. 0.01 0. 0. 0. 655. 0. 15.
113.753 2 GPS 0 0 0 0 0 0 0 0 0 0 1
113.765 2 FBW_STATUS 0 52 0 157 2
113.790 2 ENERGY 15.7 0.002 0 0.0314
113.794 2 IMU_GYRO -0.037109 0.038086 -0.045654
113.796 2 ESTIMATOR 0. 0.
113.888 2 BAT 40 157 0 0 0 98 0 0
113.891 2 ATTITUDE 0.050854 -1.584871 -0.013282
113.989 2 GPS 0 0 0 0 0 0 0 0 0 0 1
113.997 2 DOWNLINK_STATUS 0 114 41942 1904 0 385. 17. 38.56
114.184 2 WP_MOVED 6 348665. 5945815. 660. 12
114.238 2 GPS 0 0 0 0 0 0 0 0 0 0 1
114.283 2 DL_VALUE 22 0.
114.285 2 ESTIMATOR 0. 0.
114.389 2 NAVIGATION 0 1 0. 0. 0. 0. 0 0
114.393 2 ATTITUDE 0.050726 -1.584867 -0.013328
114.488 2 GPS 0 0 0 0 0 0 0 0 0 0 1
114.583 2 NAVIGATION_REF 348865 5945715 12 605.
114.687 2 GPS_SOL 0 0 0 0
114.690 2 WP_MOVED 7 349065. 5946015. 660. 12
114.739 2 GPS 0 0 0 0 0 0 0 0 0 0 1
114.794 2 DESIRED 0. 0.01 0. 0. 0. 655. 0. 15.
114.796 2 ESTIMATOR 0. 0.
114.887 2 IMU_GYRO -0.037109 0.033936 -0.046631
114.890 2 ATTITUDE 0.050122 -1.585022 -0.013328
114.991 2 BAT 40 157 0 0 0 99 0 0
114.997 2 GPS 0 0 0 0 0 0 0 0 0 0 1
114.998 2 DOWNLINK_STATUS 0 115 42328 1921 0 386. 17. 38.56
115.184 2 CALIBRATION 0. 0
115.187 2 WP_MOVED 0 348907. 5945757. 660. 12
115.238 2 GPS 0 0 0 0 0 0 0 0 0 0 1
115.281 2 ESTIMATOR 0. 0.
115.389 2 NAVIGATION 0 1 0. 0. 0. 0. 0 0
115.393 2 ATTITUDE 0.050856 -1.584788 -0.01346
115.452 2 PONG 
115.488 2 GPS 0 0 0 0 0 0 0 0 0 0 1
115.566 2 ACTUATORS |1004,1003,1500,1500,1500,1500|
115.666 2 COMMANDS |40,-14,-14,0,-14,-9548|
115.683 2 WP_MOVED 1 348865. 5945715. 660. 12
115.739 2 GPS 0 0 0 0 0 0 0 0 0 0 1
115.765 2 FBW_STATUS 0 47 0 157 2
115.783 2 DL_VALUE 23 0.05
115.786 2 ESTIMATOR 0. 0.
115.841 2 DESIRED 0. 0.01 0. 0. 0. 655. 0. 15.
115.883 2 STATE_FILTER_STATUS 3 0
115.886 2 ATTITUDE 0.050381 -1.584943 -0.013328
115.990 2 IMU_GYRO -0.022217 0.006348 -0.046631
115.996 2 GPS 0 0 0 0 0 0 0 0 0 0 1
115.999 2 DOWNLINK_STATUS 0 116 42736 1941 0 408. 20. 38.54
116.084 2 PPRZ_MODE 0 0 0 0 0 17
116.088 2 BAT 40 157 0 0 0 100 0 0
116.188 2 ALIVE |223,216,115,171,104,230,201,204,76,144,92,219,68,201,193,221|
116.192 2 WP_MOVED 2 348895. 5945815. 660. 12
116.238 2 GPS 0 0 0 0 0 0 0 0 0 0 1
116.286 2 ENERGY 15.7 0.002 0 0.0314
116.289 2 ESTIMATOR 0. 0.
116.389 2 NAVIGATION 0 1 0. 0. 0. 0. 0 0
116.392 2 ATTITUDE 0.050726 -1.584699 -0.013505
116.488 2 GPS 0 0 0 0 0 0 0 0 0 0 1
116.687 2 GPS_SOL 0 0 0 0
116.690 2 WP_MOVED 3 348965.09375 5945786. 660. 12
116.739 2 GPS 0 0 0 0 0 0 0 0 0 0 1
116.781 2 ESTIMATOR 0. 0.
116.895 2 DESIRED 0. 0.01 0. 0. 0. 655. 0. 15.
116.898 2 ATTITUDE 0.050939 -1.584616 -0.013375
116.989 2 GPS 0 0 0 0 0 0 0 0 0 0 1
117.000 2 DOWNLINK_STATUS 0 117 43129 1958 0 393. 17. 38.54
117.082 2 IMU_GYRO -0.030762 0.024414 -0.046631
117.188 2 BAT 40 157 0 0 0 101 0 0
117.191 2 WP_MOVED 4 348764.6875 5945795. 660. 12
117.238 2 GPS 0 0 0 0 0 0 0 0 0 0 1
117.285 2 CALIBRATION 0. 0
117.287 2 DL_VALUE 24 0.
117.289 2 ESTIMATOR 0. 0.
117.389 2 NAVIGATION 0 1 0. 0. 0. 0. 0 0
117.393 2 ATTITUDE 0.050511 -1.585029 -0.013197
117.488 2 GPS 0 0 0 0 0 0 0 0 0 0 1
117.684 2 DOWNLINK 0 394 1824
117.688 2 WP_MOVED 5 348740. 5945760. 660. 12
117.739 2 GPS 0 0 0 0 0 0 0 0 0 0 1
117.764 2 FBW_STATUS 0 47 0 157 2
117.781 2 ESTIMATOR 0. 0.
117.882 2 ATTITUDE 0.050856 -1.585125 -0.013106
117.941 2 DESIRED 0. 0.01 0. 0. 0. 655. 0. 15.
117.988 2 GPS 0 0 0 0 0 0 0 0 0 0 1
118.001 2 DOWNLINK_STATUS 0 118 43516 1976 0 387. 18. 38.54
118.187 2 IMU_GYRO -0.026367 0.013672 -0.046631
118.190 2 WP_MOVED 6 348665. 5945815. 660. 12
118.238 2 GPS 0 0 0 0 0 0 0 0 0 0 1
118.287 2 BAT 40 157 0 0 0 102 0 0
118.289 2 ESTIMATOR 0. 0.
118.390 2 NAVIGATION 0 1 0. 0. 0. 0. 0 0
118.393 2 ATTITUDE 0.050812 -1.585209 -0.01306
118.488 2 GPS 0 0 0 0 0 0 0 0 0 0 1
118.686 2 GPS_SOL 0 0 0 0
118.689 2 WP_MOVED 7 349065. 5946015. 660. 12
118.738 2 GPS 0 0 0 0 0 0 0 0 0 0 1
118.788 2 ENERGY 15.7 0.002 0 0.0314
118.790 2 DL_VALUE 25 1.000074
118.792 2 ESTIMATOR 0. 0.
118.882 2 ATTITUDE 0.05378 -1.583565 -0.012954
118.997 2 DESIRED 0. 0.01 0. 0. 0. 655. 0. 15.
119.001 2 DOWNLINK_STATUS 0 119 43870 1992 0 354. 16. 38.54
119.003 2 GPS 0 0 0 0 0 0 0 0 0 0 1
119.183 2 WP_MOVED 0 348907. 5945757. 660. 12
119.238 2 GPS 0 0 0 0 0 0 0 0 0 0 1
119.286 2 IMU_GYRO -0.049805 0.080811 -0.044678
119.288 2 ESTIMATOR 0. 0.
119.394 2 CALIBRATION 0. 0
119.398 2 BAT 40 157 0 0 0 103 0 0
119.402 2 NAVIGATION 0 1 0. 0. 0. 0. 0 0
119.405 2 ATTITUDE 0.069471 -1.578427 -0.01502
119.489 2 GPS 0 0 0 0 0 0 0 0 0 0 1
119.683 2 WP_MOVED 1 348865. 5945715. 660. 12
119.738 2 GPS 0 0 0 0 0 0 0 0 0 0 1
119.764 2 FBW_STATUS 0 49 0 157 2
119.781 2 ESTIMATOR 0. 0.
119.882 2 ATTITUDE 0.087241 -1.579376 -0.017206
119.988 2 GPS 0 0 0 0 0 0 0 0 0 0 1
120.002 2 DOWNLINK_STATUS 0 120 44230 2008 0 360. 16. 38.54
120.040 2 DESIRED 0. 0.01 0. 0. 0. 655. 0. 15.
120.183 2 WP_MOVED 2 348895. 5945815. 660. 12
120.238 2 GPS 0 0 0 0 0 0 0 0 0 0 1
120.283 2 DL_VALUE 26 0.298451
120.285 2 ESTIMATOR 0. 0.
120.392 2 IMU_GYRO -0.024414 0.024414 -0.045654
120.397 2 NAVIGATION 0 1 0. 0. 0. 0. 0 0
120.400 2 ATTITUDE 0.072548 -1.584267 -0.016437
120.452 2 PONG 
120.490 2 BAT 40 157 0 0 0 104 0 0
120.496 2 GPS 0 0 0 0 0 0 0 0 0 0 1
120.566 2 ACTUATORS |1004,1003,1500,1500,1500,1500|
120.666 2 COMMANDS |40,-14,-14,0,-14,-9548|
120.686 2 GPS_SOL 0 0 0 0
120.689 2 WP_MOVED 3 348965.09375 5945786. 660. 12
121.002 2 DOWNLINK_STATUS 0 121 44543 2023 0 313. 15. 38.63
122.003 2 DOWNLINK_STATUS 0 122 44543 2023 0 0. 0. 38.63
123.005 2 DOWNLINK_STATUS 0 123 44543 2023 0 0. 0. 38.63
124.006 2 DOWNLINK_STATUS 0 124 44543 2023 0 0. 0. 38.63
125.008 2 DOWNLINK_STATUS 0 125 44543 2023 0 0. 0. 38.63
126.009 2 DOWNLINK_STATUS 0 126 44543 2023 0 0. 0. -4962.76
127.011 2 DOWNLINK_STATUS 0 127 44543 2023 0 0. 0. -4962.76
128.012 2 DOWNLINK_STATUS 0 128 44543 2023 0 0. 0. -4962.76
129.013 2 DOWNLINK_STATUS 0 129 44543 2023 0 0. 0. -4962.76
130.015 2 DOWNLINK_STATUS 0 130 44543 2023 0 0. 0. -4962.76
131.016 2 DOWNLINK_STATUS 0 131 44543 2023 0 0. 0. -9963.86
132.017 2 DOWNLINK_STATUS 0 132 44543 2023 0 0. 0. -9963.86
132.690 2 STATE_FILTER_STATUS 2 0
132.693 2 IMU_GYRO -0.073242 0.122314 -0.046631
132.696 2 ATTITUDE 0. 0. 0.
132.710 2 BAT 40 159 0 0 0 0 0 0
132.716 2 GPS 0 0 0 0 0 0 0 0 0 0 1
132.726 2 PPRZ_MODE 0 0 0 0 0 17
132.735 2 DESIRED 0. 0. 0. 0. 0. 655. 0. 15.
132.746 2 ALIVE |223,216,115,171,104,230,201,204,76,144,92,219,68,201,193,221|
132.749 2 WP_MOVED 2 348895. 5945815. 660. 12
132.765 2 GPS 0 0 0 0 0 0 0 0 0 0 1
132.780 2 ENERGY 15.9 0.002 0 0.0318
132.782 2 ESTIMATOR 0. 0.
132.799 2 NAVIGATION 0 1 0. 0. 0. 0. 0 0
132.802 2 ATTITUDE 0. 0. 0.
132.814 2 CALIBRATION 0. 0
132.819 2 GPS 0 0 0 0 0 0 0 0 0 0 1
132.832 2 GPS_SOL 0 0 0 0
132.835 2 WP_MOVED 3 348965.09375 5945786. 660. 12
132.861 2 GPS 0 0 0 0 0 0 0 0 0 0 1
132.863 2 DL_VALUE 0 0.
132.865 2 ESTIMATOR 0. 0.
132.868 2 ATTITUDE 0. 0. 0.
132.872 2 IMU_GYRO -0.029785 0.02002 -0.045654
132.877 2 GPS 0 0 0 0 0 0 0 0 0 0 1
132.881 2 BAT 40 159 0 0 0 1 0 0
132.888 2 DESIRED 0. 0. 0. 0. 0. 655. 0. 15.
132.891 2 WP_MOVED 4 348764.6875 5945795. 660. 12
132.897 2 GPS 0 0 0 0 0 0 0 0 0 0 1
132.898 2 ESTIMATOR 0. 0.
132.903 2 NAVIGATION 0 1 0. 0. 0. 0. 0 0
132.906 2 ATTITUDE 0. 0. 0.
132.912 2 GPS 0 0 0 0 0 0 0 0 0 0 1
132.915 2 WP_MOVED 5 348740. 5945760. 660. 12
132.921 2 GPS 0 0 0 0 0 0 0 0 0 0 1
132.927 2 DESIRED 0. 0. 0. 0. 0. 655. 0. 15.
132.933 2 GPS 0 0 0 0 0 0 0 0 0 0 1
132.937 2 BAT 40 159 0 0 0 3 0 0
132.939 2 ESTIMATOR 0. 0.
132.944 2 NAVIGATION 0 1 0. 0. 0. 0. 0 0
132.947 2 ATTITUDE 0. 0. 0.
132.983 2 GPS 0 0 0 0 0 0 0 0 0 0 1
133.018 2 DOWNLINK_STATUS 0 133 45493 2064 0 950. 41. -9963.86
133.179 2 WP_MOVED 1 348865. 5945715. 660. 12
133.236 2 GPS 0 0 0 0 0 0 0 0 0 0 1
133.260 2 FBW_STATUS 0 47 0 159 2
133.278 2 DL_VALUE 2 655.
133.281 2 ESTIMATOR 0. 0.
133.378 2 ATTITUDE 0. 0. 0.
133.484 2 GPS 0 0 0 0 0 0 0 0 0 0 1
133.679 2 WP_MOVED 2 348895. 5945815. 660. 12
133.736 2 GPS 0 0 0 0 0 0 0 0 0 0 1
133.790 2 IMU_GYRO -0.027588 0.019043 -0.046631
133.796 2 DESIRED 0. 0. 0. 0. 0. 655. 0. 15.
133.799 2 ESTIMATOR 0. 0.
