18.461 2 NAVIGATION 0 1 0. 0. 0. 0. 0 0
18.469 2 ATTITUDE 0. 0. 0.
18.561 2 GPS 0 0 0 0 0 0 0 0 0 0 1
18.755 2 WP_MOVED 1 348865. 5945715. 660. 12
18.777 2 DOWNLINK_STATUS 0 19 905 41 1 905. 41. 0.
18.810 2 GPS 0 0 0 0 0 0 0 0 0 0 1
18.836 2 FBW_STATUS 2 0 1 156 0
18.854 2 DL_VALUE 2 655.
18.857 2 ESTIMATOR 0. 0.
18.954 2 ATTITUDE 0. 0. 0.
19.060 2 GPS 0 0 0 0 0 0 0 0 0 0 1
19.255 2 WP_MOVED 2 348895. 5945815. 660. 12
19.310 2 GPS 0 0 0 0 0 0 0 0 0 0 1
19.366 2 IMU_GYRO -0.029785 0.011475 -0.046631
19.372 2 DESIRED 0. 0. 0. 0. 0. 655. 0. 15.
19.375 2 ESTIMATOR 0. 0.
19.465 2 BAT 0 156 0 0 0 4 0 0
19.470 2 NAVIGATION 0 1 0. 0. 0. 0. 0 0
19.473 2 ATTITUDE 0. 0. 0.
19.560 2 GPS 0 0 0 0 0 0 0 0 0 0 1
19.638 2 ACTUATORS |1000,1500,1500,1500,1500,1500|
19.738 2 COMMANDS |0,0,0,0,0,0|
19.760 2 CALIBRATION 0. 0
19.763 2 GPS_SOL 0 0 0 0
19.766 2 WP_MOVED 3 348965.09375 5945786. 660. 12
19.778 2 DOWNLINK_STATUS 0 20 1336 61 1 431. 20. 0.
19.811 2 GPS 0 0 0 0 0 0 0 0 0 0 1
19.854 2 DOWNLINK 0 400 96
19.857 2 ESTIMATOR 0. 0.
19.954 2 STATE_FILTER_STATUS 2 0
19.957 2 ATTITUDE 0. 0. 0.
20.060 2 GPS 0 0 0 0 0 0 0 0 0 0 1
20.152 2 PPRZ_MODE 2 0 0 0 0 6
20.260 2 ALIVE |74,190,251,185,57,211,182,101,127,111,182,30,42,141,236,77|
20.264 2 WP_MOVED 4 348764.6875 5945795. 660. 12
20.311 2 GPS 0 0 0 0 0 0 0 0 0 0 1
20.312 2 PONG 
20.360 2 ENERGY 15.6 0. 0 0.
20.362 2 DL_VALUE 3 0.
20.365 2 ESTIMATOR 0. 0.
20.412 2 DESIRED 0. 0. 0. 0. 0. 655. 0. 15.
20.464 2 IMU_GYRO -0.028564 0.015869 -0.047852
20.468 2 NAVIGATION 0 1 0. 0. 0. 0. 0 0
20.471 2 ATTITUDE 0. 0. 0.
20.562 2 BAT 0 156 0 0 0 5 0 0
20.568 2 GPS 0 0 0 0 0 0 0 0 0 0 1
20.755 2 WP_MOVED 5 348740. 5945760. 660. 12
20.778 2 DOWNLINK_STATUS 0 21 1767 82 1 431. 21. 48.96
20.810 2 GPS 0 0 0 0 0 0 0 0 0 0 1
20.837 2 FBW_STATUS 2 0 1 156 0
20.853 2 ESTIMATOR 0. 0.
20.955 2 ATTITUDE -0.32108 -1.566341 0.005613
21.061 2 GPS 0 0 0 0 0 0 0 0 0 0 1
21.255 2 WP_MOVED 6 348665. 5945815. 660. 12
21.310 2 GPS 0 0 0 0 0 0 0 0 0 0 1
21.352 2 ESTIMATOR 0. 0.
21.472 2 DESIRED 0. 0.03 0. 0. 0. 655. 0. 15.
21.476 2 NAVIGATION 0 1 0. 0. 0. 0. 0 0
21.479 2 ATTITUDE -0.321118 -1.566426 0.00555
21.561 2 IMU_GYRO -0.030762 0.008301 -0.046631
21.567 2 GPS 0 0 0 0 0 0 0 0 0 0 1
21.655 2 BAT 0 156 0 0 0 7 0 0
21.758 2 GPS_SOL 0 0 0 0
21.762 2 WP_MOVED 7 349065. 5946015. 660. 12
21.779 2 DOWNLINK_STATUS 0 22 2138 98 1 371. 16. 48.96
21.810 2 GPS 0 0 0 0 0 0 0 0 0 0 1
21.857 2 CALIBRATION 0. 0
21.859 2 DL_VALUE 4 0.
21.861 2 ESTIMATOR 0. 0.
21.954 2 ATTITUDE -0.321553 -1.56651 0.005622
22.060 2 GPS 0 0 0 0 0 0 0 0 0 0 1
22.256 2 WP_MOVED 0 348907. 5945757. 660. 12
22.310 2 GPS 0 0 0 0 0 0 0 0 0 0 1
22.352 2 ESTIMATOR 0. 0.
22.462 2 NAVIGATION 0 1 0. 0. 0. 0. 0 0
22.464 2 ATTITUDE -0.321516 -1.566737 0.00546
22.513 2 DESIRED 0. 0.03 0. 0. 0. 655. 0. 15.
22.560 2 GPS 0 0 0 0 0 0 0 0 0 0 1
22.654 2 IMU_GYRO -0.028564 0.015869 -0.047852
22.760 2 BAT 0 156 0 0 0 8 0 0
22.763 2 WP_MOVED 1 348865. 5945715. 660. 12
22.780 2 DOWNLINK_STATUS 0 23 2499 114 1 361. 16. 48.96
22.810 2 GPS 0 0 0 0 0 0 0 0 0 0 1
22.836 2 FBW_STATUS 2 0 1 156 0
22.858 2 ENERGY 15.6 0. 0 0.
22.860 2 ESTIMATOR 0. 0.
22.954 2 ATTITUDE -0.321733 -1.566765 0.005411
23.060 2 GPS 0 0 0 0 0 0 0 0 0 0 1
23.255 2 WP_MOVED 2 348895. 5945815. 660. 12
23.310 2 GPS 0 0 0 0 0 0 0 0 0 0 1
23.355 2 DL_VALUE 5 0.
23.357 2 ESTIMATOR 0. 0.
23.461 2 NAVIGATION 0 1 0. 0. 0. 0. 0 0
23.465 2 ATTITUDE -0.321772 -1.566892 0.005603
23.569 2 DESIRED 0. 0.03 0. 0. 0. 655. 0. 15.
23.575 2 GPS 0 0 0 0 0 0 0 0 0 0 1
23.655 2 NAVIGATION_REF 348865 5945715 12 605.
23.761 2 GPS_SOL 0 0 0 0
23.764 2 IMU_GYRO -0.027588 0.019043 -0.047852
23.768 2 WP_MOVED 3 348965.09375 5945786. 660. 12
23.780 2 DOWNLINK_STATUS 0 24 2899 132 1 400. 18. 48.96
23.810 2 GPS 0 0 0 0 0 0 0 0 0 0 1
23.858 2 BAT 0 156 0 0 0 9 0 0
23.861 2 ESTIMATOR 0. 0.
23.955 2 CALIBRATION 0. 0
23.958 2 ATTITUDE -0.32195 -1.566793 0.005887
24.060 2 GPS 0 0 0 0 0 0 0 0 0 0 1
24.255 2 WP_MOVED 4 348764.6875 5945795. 660. 12
24.310 2 GPS 0 0 0 0 0 0 0 0 0 0 1
24.353 2 ESTIMATOR 0. 0.
24.461 2 NAVIGATION 0 1 0. 0. 0. 0. 0 0
24.464 2 ATTITUDE -0.321784 -1.566892 0.006142
24.560 2 GPS 0 0 0 0 0 0 0 0 0 0 1
24.612 2 DESIRED 0. 0.03 0. 0. 0. 655. 0. 15.
24.638 2 ACTUATORS |1000,1500,1516,1625,1625,1500|
24.738 2 COMMANDS |0,2405,326,0,0,0|
24.755 2 WP_MOVED 5 348740. 5945760. 660. 12
24.780 2 DOWNLINK_STATUS 0 25 3269 148 1 370. 16. 48.96
24.810 2 GPS 0 0 0 0 0 0 0 0 0 0 1
24.836 2 FBW_STATUS 2 0 1 156 0
24.858 2 DL_VALUE 6 100.
24.861 2 IMU_GYRO -0.034912 0. -0.046631
24.863 2 ESTIMATOR 0. 0.
24.961 2 DOWNLINK 0 390 187
24.963 2 STATE_FILTER_STATUS 3 0
24.967 2 BAT 0 156 0 0 0 10 0 0
24.970 2 ATTITUDE -0.322346 -1.566693 0.006476
25.060 2 GPS 0 0 0 0 0 0 0 0 0 0 1
25.152 2 PPRZ_MODE 2 0 0 0 0 6
25.260 2 ALIVE |74,190,251,185,57,211,182,101,127,111,182,30,42,141,236,77|
25.264 2 WP_MOVED 6 348665. 5945815. 660. 12
25.311 2 GPS 0 0 0 0 0 0 0 0 0 0 1
25.312 2 PONG 
25.358 2 ENERGY 15.6 0. 0 0.
25.360 2 ESTIMATOR 0. 0.
25.461 2 NAVIGATION 0 1 0. 0. 0. 0. 0 0
25.464 2 ATTITUDE -0.322346 -1.566721 0.006646
25.560 2 GPS 0 0 0 0 0 0 0 0 0 0 1
25.662 2 DESIRED 0. 0.03 0. 0. 0. 655. 0. 15.
25.758 2 GPS_SOL 0 0 0 0
25.762 2 WP_MOVED 7 349065. 5946015. 660. 12
25.780 2 DOWNLINK_STATUS 0 26 3732 171 1 463. 23. 49.
25.810 2 GPS 0 0 0 0 0 0 0 0 0 0 1
25.853 2 ESTIMATOR 0. 0.
25.959 2 IMU_GYRO -0.031738 0.009521 -0.046631
25.961 2 ATTITUDE -0.322001 -1.566934 0.006703
26.063 2 CALIBRATION 0. 0
26.066 2 BAT 0 156 0 0 0 11 0 0
26.073 2 GPS 0 0 0 0 0 0 0 0 0 0 1
26.254 2 WP_MOVED 0 348907. 5945757. 660. 12
26.310 2 GPS 0 0 0 0 0 0 0 0 0 0 1
26.354 2 DL_VALUE 7 2.
26.357 2 ESTIMATOR 0. 0.
26.461 2 NAVIGATION 0 1 0. 0. 0. 0. 0 0
26.464 2 ATTITUDE -0.322308 -1.567089 0.006811
26.560 2 GPS 0 0 0 0 0 0 0 0 0 0 1
26.712 2 DESIRED 0. 0.03 0. 0. 0. 655. 0. 15.
26.755 2 WP_MOVED 1 348865. 5945715. 660. 12
26.780 2 DOWNLINK_STATUS 0 27 4093 187 1 361. 16. 49.
26.810 2 GPS 0 0 0 0 0 0 0 0 0 0 1
26.836 2 FBW_STATUS 2 0 1 156 0
26.853 2 ESTIMATOR 0. 0.
26.954 2 ATTITUDE -0.322219 -1.56716 0.006797
27.061 2 IMU_GYRO -0.029785 0.010498 -0.047852
27.067 2 GPS 0 0 0 0 0 0 0 0 0 0 1
27.155 2 BAT 0 156 0 0 0 12 0 0
27.255 2 WP_MOVED 2 348895. 5945815. 660. 12
27.310 2 GPS 0 0 0 0 0 0 0 0 0 0 1
27.352 2 ESTIMATOR 0. 0.
27.461 2 NAVIGATION 0 1 0. 0. 0. 0. 0 0
27.464 2 ATTITUDE -0.322309 -1.567259 0.006783
27.560 2 GPS 0 0 0 0 0 0 0 0 0 0 1
27.766 2 GPS_SOL 0 0 0 0
27.772 2 DESIRED 0. 0.03 0. 0. 0. 655. 0. 15.
27.776 2 WP_MOVED 3 348965.09375 5945786. 660. 12
27.781 2 DOWNLINK_STATUS 0 28 4464 203 1 371. 16. 49.
27.810 2 GPS 0 0 0 0 0 0 0 0 0 0 1
27.860 2 ENERGY 15.6 0. 0 0.
27.862 2 DL_VALUE 8 0.
27.864 2 ESTIMATOR 0. 0.
27.954 2 ATTITUDE -0.322347 -1.567273 0.006819
28.059 2 GPS 0 0 0 0 0 0 0 0 0 0 1
28.155 2 CALIBRATION 0. 0
28.158 2 IMU_GYRO -0.028564 0.018066 -0.047852
28.259 2 BAT 0 156 0 0 0 13 0 0
28.263 2 WP_MOVED 4 348764.6875 5945795. 660. 12
28.310 2 GPS 0 0 0 0 0 0 0 0 0 0 1
28.353 2 ESTIMATOR 0. 0.
28.463 2 NAVIGATION 0 1 0. 0. 0. 0. 0 0
28.464 2 ATTITUDE -0.322309 -1.567344 0.006769
28.560 2 GPS 0 0 0 0 0 0 0 0 0 0 1
28.711 2 WIND_INFO 2 42 0. 0. 0.
28.754 2 WP_MOVED 5 348740. 5945760. 660. 12
28.781 2 DOWNLINK_STATUS 0 29 4807 219 1 343. 16. 49.
28.818 2 DESIRED 0. 0.03 0. 0. 0. 655. 0. 15.
28.824 2 GPS 0 0 0 0 0 0 0 0 0 0 1
28.836 2 FBW_STATUS 2 0 1 156 0
28.852 2 ESTIMATOR 0. 0.
28.954 2 ATTITUDE -0.322565 -1.5675 0.006912
29.059 2 GPS 0 0 0 0 0 0 0 0 0 0 1
29.258 2 IMU_GYRO -0.029785 0.012695 -0.046631
29.262 2 WP_MOVED 6 348665. 5945815. 660. 12
29.310 2 GPS 0 0 0 0 0 0 0 0 0 0 1
29.358 2 DL_VALUE 9 0.
29.362 2 BAT 0 156 0 0 0 14 0 0
29.365 2 ESTIMATOR 0. 0.
29.465 2 NAVIGATION 0 1 0. 0. 0. 0. 0 0
29.465 2 ATTITUDE -0.322514 -1.56757 0.006849
29.560 2 GPS 0 0 0 0 0 0 0 0 0 0 1
29.638 2 ACTUATORS |1000,1500,1516,1628,1628,1500|
29.738 2 COMMANDS |0,2434,321,0,0,0|
29.758 2 GPS_SOL 0 0 0 0
29.762 2 WP_MOVED 7 349065. 5946015. 660. 12
29.781 2 DOWNLINK_STATUS 0 30 5227 238 1 420. 19. 49.
29.810 2 GPS 0 0 0 0 0 0 0 0 0 0 1
29.865 2 DESIRED 0. 0.03 0. 0. 0. 655. 0. 15.
29.866 2 ESTIMATOR 0. 0.
29.954 2 STATE_FILTER_STATUS 3 0
29.957 2 ATTITUDE -0.322872 -1.567528 0.006778
30.058 2 DOWNLINK 0 388 277
30.063 2 GPS 0 0 0 0 0 0 0 0 0 0 1
30.151 2 PPRZ_MODE 2 0 0 0 0 6
30.262 2 ALIVE |74,190,251,185,57,211,182,101,127,111,182,30,42,141,236,77|
30.264 2 CALIBRATION 0. 0
30.268 2 WP_MOVED 0 348907. 5945757. 660. 12
30.311 2 GPS 0 0 0 0 0 0 0 0 0 0 1
30.312 2 PONG 
30.361 2 ENERGY 15.6 0. 0 0.
30.364 2 IMU_GYRO -0.031738 0.001953 -0.046631
30.367 2 ESTIMATOR 0. 0.
30.466 2 BAT 0 156 0 0 0 15 0 0
30.469 2 NAVIGATION 0 1 0. 0. 0. 0. 0 0
30.472 2 ATTITUDE -0.323179 -1.567585 0.006814
30.560 2 GPS 0 0 0 0 0 0 0 0 0 0 1
30.755 2 WP_MOVED 1 348865. 5945715. 660. 12
30.781 2 DOWNLINK_STATUS 0 31 5658 259 1 431. 21. 49.
30.810 2 GPS 0 0 0 0 0 0 0 0 0 0 1
30.836 2 FBW_STATUS 2 0 1 156 0
30.854 2 DL_VALUE 10 0.
30.857 2 ESTIMATOR 0. 0.
30.912 2 DESIRED 0. 0.03 0. 0. 0. 655. 0. 15.
30.954 2 ATTITUDE -0.323179 -1.567443 0.006487
31.060 2 GPS 0 0 0 0 0 0 0 0 0 0 1
31.255 2 WP_MOVED 2 348895. 5945815. 660. 12
31.309 2 GPS 0 0 0 0 0 0 0 0 0 0 1
31.352 2 ESTIMATOR 0. 0.
31.467 2 IMU_GYRO -0.026367 0.024414 -0.046631
31.467 2 NAVIGATION 0 1 0. 0. 0. 0. 0 0
31.470 2 ATTITUDE -0.323435 -1.567386 0.006402
31.562 2 BAT 0 156 0 0 0 16 0 0
31.567 2 GPS 0 0 0 0 0 0 0 0 0 0 1
31.758 2 GPS_SOL 0 0 0 0
31.761 2 WP_MOVED 3 348965.09375 5945786. 660. 12
31.782 2 DOWNLINK_STATUS 0 32 6040 276 1 382. 17. 49.
31.809 2 GPS 0 0 0 0 0 0 0 0 0 0 1
31.852 2 ESTIMATOR 0. 0.
31.967 2 DESIRED 0. 0.03 0. 0. 0. 655. 0. 15.
31.968 2 ATTITUDE -0.323704 -1.567485 0.006219
32.060 2 GPS 0 0 0 0 0 0 0 0 0 0 1
32.255 2 WP_MOVED 4 348764.6875 5945795. 660. 12
32.310 2 GPS 0 0 0 0 0 0 0 0 0 0 1
32.357 2 CALIBRATION 0. 0
32.359 2 DL_VALUE 11 0.
32.361 2 ESTIMATOR 0. 0.
32.461 2 NAVIGATION 0 1 0. 0. 0. 0. 0 0
32.468 2 ATTITUDE -0.322963 -1.567684 0.006055
32.561 2 IMU_GYRO -0.037109 -0.006348 -0.048828
32.567 2 GPS 0 0 0 0 0 0 0 0 0 0 1
32.659 2 NAVIGATION_REF 348865 5945715 12 605.
32.662 2 BAT 0 156 0 0 0 18 0 0
32.754 2 WP_MOVED 5 348740. 5945760. 660. 12
32.782 2 DOWNLINK_STATUS 0 33 6420 293 1 380. 17. 49.
32.809 2 GPS 0 0 0 0 0 0 0 0 0 0 1
32.835 2 FBW_STATUS 2 0 1 156 0
32.857 2 ENERGY 15.6 0. 0 0.
32.860 2 ESTIMATOR 0. 0.
32.953 2 ATTITUDE -0.324063 -1.567613 0.00612
33.011 2 DESIRED 0. 0.03 0. 0. 0. 655. 0. 15.
33.059 2 GPS 0 0 0 0 0 0 0 0 0 0 1
33.254 2 WP_MOVED 6 348665. 5945815. 660. 12
33.309 2 GPS 0 0 0 0 0 0 0 0 0 0 1
33.352 2 ESTIMATOR 0. 0.
33.461 2 NAVIGATION 0 1 0. 0. 0. 0. 0 0
33.464 2 ATTITUDE -0.32428 -1.567641 0.006071
33.559 2 GPS 0 0 0 0 0 0 0 0 0 0 1
33.654 2 IMU_GYRO -0.028564 0.016846 -0.047852
33.762 2 GPS_SOL 0 0 0 0
33.766 2 BAT 0 156 0 0 0 19 0 0
33.769 2 WP_MOVED 7 349065. 5946015. 660. 12
33.782 2 DOWNLINK_STATUS 0 34 6811 310 1 391. 17. 49.
33.810 2 GPS 0 0 0 0 0 0 0 0 0 0 1
33.854 2 DL_VALUE 12 12000.
33.857 2 ESTIMATOR 0. 0.
33.954 2 ATTITUDE -0.324012 -1.567755 0.005958
34.069 2 DESIRED 0. 0.03 0. 0. 0. 655. 0. 15.
34.075 2 GPS 0 0 0 0 0 0 0 0 0 0 1
34.254 2 WP_MOVED 0 348907. 5945757. 660. 12
34.309 2 GPS 0 0 0 0 0 0 0 0 0 0 1
34.352 2 ESTIMATOR 0. 0.
34.460 2 CALIBRATION 0. 0
34.465 2 NAVIGATION 0 1 0. 0. 0. 0. 0 0
34.471 2 ATTITUDE -0.324268 -1.567783 0.005859
34.559 2 GPS 0 0 0 0 0 0 0 0 0 0 1
34.637 2 ACTUATORS |1000,1500,1517,1626,1626,1500|
34.737 2 COMMANDS |0,2433,335,0,0,0|
34.758 2 IMU_GYRO -0.027588 0.015869 -0.047852
34.761 2 WP_MOVED 1 348865. 5945715. 660. 12
34.782 2 DOWNLINK_STATUS 0 35 7189 327 1 378. 17. 49.
34.809 2 GPS 0 0 0 0 0 0 0 0 0 0 1
34.836 2 FBW_STATUS 2 0 1 156 0
34.858 2 BAT 0 156 0 0 0 20 0 0
34.860 2 ESTIMATOR 0. 0.
34.954 2 STATE_FILTER_STATUS 3 0
34.957 2 ATTITUDE -0.324537 -1.567826 0.005859
35.059 2 GPS 0 0 0 0 0 0 0 0 0 0 1
35.111 2 DESIRED 0. 0.03 0. 0. 0. 655. 0. 15.
35.153 2 DOWNLINK 0 398 369
35.156 2 PPRZ_MODE 2 0 0 0 0 6
35.260 2 ALIVE |74,190,251,185,57,211,182,101,127,111,182,30,42,141,236,77|
35.264 2 WP_MOVED 2 348895. 5945815. 660. 12
35.311 2 GPS 0 0 0 0 0 0 0 0 0 0 1
35.311 2 PONG 
35.359 2 ENERGY 15.6 0. 0 0.
35.361 2 DL_VALUE 13 1.5
35.363 2 ESTIMATOR 0. 0.
35.460 2 NAVIGATION 0 1 0. 0. 0. 0. 0 0
35.463 2 ATTITUDE -0.324626 -1.567939 0.005931
35.559 2 GPS 0 0 0 0 0 0 0 0 0 0 1
35.757 2 GPS_SOL 0 0 0 0
35.760 2 WP_MOVED 3 348965.09375 5945786. 660. 12
35.783 2 DOWNLINK_STATUS 0 36 7634 349 1 445. 22. 47.73
35.809 2 GPS 0 0 0 0 0 0 0 0 0 0 1
35.856 2 IMU_GYRO -0.027588 0.016846 -0.046631
35.859 2 ESTIMATOR 0. 0.
35.958 2 BAT 0 156 0 0 0 21 0 0
35.962 2 ATTITUDE -0.324665 -1.568052 0.006037
36.059 2 GPS 0 0 0 0 0 0 0 0 0 0 1
36.161 2 DESIRED 0. 0.03 0. 0. 0. 655. 0. 15.
36.254 2 WP_MOVED 4 348764.6875 5945795. 660. 12
36.309 2 GPS 0 0 0 0 0 0 0 0 0 0 1
36.352 2 ESTIMATOR 0. 0.
36.461 2 NAVIGATION 0 1 0. 0. 0. 0. 0 0
36.464 2 ATTITUDE -0.324844 -1.568166 0.006024
36.558 2 CALIBRATION 0. 0
36.564 2 GPS 0 0 0 0 0 0 0 0 0 0 1
36.754 2 WP_MOVED 5 348740. 5945760. 660. 12
36.783 2 DOWNLINK_STATUS 0 37 7984 364 1 350. 15. 47.73
36.809 2 GPS 0 0 0 0 0 0 0 0 0 0 1
36.835 2 FBW_STATUS 2 0 1 156 0
36.853 2 DL_VALUE 14 0.610865
36.856 2 ESTIMATOR 0. 0.
36.957 2 IMU_GYRO -0.030762 0.007324 -0.047852
36.960 2 ATTITUDE -0.325279 -1.568152 0.006024
37.061 2 BAT 0 156 0 0 0 22 0 0
37.067 2 GPS 0 0 0 0 0 0 0 0 0 0 1
37.211 2 DESIRED 0. 0.03 0. 0. 0. 655. 0. 15.
37.254 2 WP_MOVED 6 348665. 5945815. 660. 12
37.309 2 GPS 0 0 0 0 0 0 0 0 0 0 1
37.352 2 ESTIMATOR 0. 0.
37.460 2 NAVIGATION 0 1 0. 0. 0. 0. 0 0
37.464 2 ATTITUDE -0.325318 -1.568251 0.006046
37.559 2 GPS 0 0 0 0 0 0 0 0 0 0 1
37.758 2 GPS_SOL 0 0 0 0
37.761 2 WP_MOVED 7 349065. 5946015. 660. 12
37.783 2 DOWNLINK_STATUS 0 38 8366 381 1 382. 17. 47.73
37.809 2 GPS 0 0 0 0 0 0 0 0 0 0 1
37.858 2 ENERGY 15.6 0. 0 0.
37.860 2 ESTIMATOR 0. 0.
37.953 2 ATTITUDE -0.325639 -1.568549 0.005969
38.061 2 IMU_GYRO -0.030762 0.011475 -0.047852
38.067 2 GPS 0 0 0 0 0 0 0 0 0 0 1
38.154 2 BAT 0 156 0 0 0 23 0 0
38.266 2 DESIRED 0. 0.03 0. 0. 0. 655. 0. 15.
38.269 2 WP_MOVED 0 348907. 5945757. 660. 12
38.309 2 GPS 0 0 0 0 0 0 0 0 0 0 1
38.353 2 DL_VALUE 15 7500.
38.356 2 ESTIMATOR 0. 0.
38.460 2 NAVIGATION 0 1 0. 0. 0. 0. 0 0
38.463 2 ATTITUDE -0.328768 -1.565791 0.006155
38.559 2 GPS 0 0 0 0 0 0 0 0 0 0 1
38.651 2 CALIBRATION 0. 0
38.711 2 WIND_INFO 2 42 0. 0. 0.
38.754 2 WP_MOVED 1 348865. 5945715. 660. 12
38.783 2 DOWNLINK_STATUS 0 39 8747 398 1 381. 17. 47.73
38.809 2 GPS 0 0 0 0 0 0 0 0 0 0 1
38.835 2 FBW_STATUS 2 0 1 156 0
38.852 2 ESTIMATOR 0. 0.
38.953 2 ATTITUDE -0.328371 -1.565974 0.006076
39.059 2 GPS 0 0 0 0 0 0 0 0 0 0 1
39.154 2 IMU_GYRO -0.019043 0.054199 -0.048828
39.259 2 BAT 0 156 0 0 0 24 0 0
39.263 2 WP_MOVED 2 348895. 5945815. 660. 12
39.318 2 DESIRED 0. 0.03 0. 0. 0. 655. 0. 15.
39.324 2 GPS 0 0 0 0 0 0 0 0 0 0 1
39.351 2 ESTIMATOR 0. 0.
39.460 2 NAVIGATION 0 1 0. 0. 0. 0. 0 0
39.463 2 ATTITUDE -0.327988 -1.566044 0.005855
39.559 2 GPS 0 0 0 0 0 0 0 0 0 0 1
39.637 2 ACTUATORS |1000,1500,1517,1630,1630,1500|
39.737 2 COMMANDS |0,2382,344,0,0,0|
39.757 2 GPS_SOL 0 0 0 0
39.760 2 WP_MOVED 3 348965.09375 5945786. 660. 12
39.784 2 DOWNLINK_STATUS 0 40 9156 416 1 409. 18. 47.73
39.809 2 GPS 0 0 0 0 0 0 0 0 0 0 1
39.854 2 DL_VALUE 16 1250.
39.856 2 ESTIMATOR 0. 0.
39.954 2 STATE_FILTER_STATUS 3 0
39.957 2 ATTITUDE -0.358609 -1.557265 0.007698
40.059 2 GPS 0 0 0 0 0 0 0 0 0 0 1
40.785 2 DOWNLINK_STATUS 0 41 9274 422 1 118. 6. -4952.84
41.786 2 DOWNLINK_STATUS 0 42 9274 422 1 0. 0. -4952.84
42.788 2 DOWNLINK_STATUS 0 43 9274 422 1 0. 0. -4952.84
43.789 2 DOWNLINK_STATUS 0 44 9274 422 1 0. 0. -4952.84
44.790 2 DOWNLINK_STATUS 0 45 9274 422 1 0. 0. -4952.84
45.792 2 DOWNLINK_STATUS 0 46 9274 422 1 0. 0. -9954.22
46.793 2 DOWNLINK_STATUS 0 47 9274 422 1 0. 0. -9954.22
47.795 2 DOWNLINK_STATUS 0 48 9274 422 1 0. 0. -9954.22
48.796 2 DOWNLINK_STATUS 0 49 9274 422 1 0. 0. -9954.22
