14.457 1 PPRZ_MODE 0 0 0 0 0 17
14.463 1 GPS 0 -45977952 602965824 0 767131 0 0 1790 87060250 14 7
14.465 1 SVINFO 7 11 12 1 0 33 82
14.467 1 DL_VALUE 4 0.
14.469 1 DOWNLINK 0 563 186
14.559 1 DESIRED 0. 0.04 0. 0. 0. 235. 0. 12.
14.562 1 ATTITUDE 0.096247 -1.243476 0.0104
14.565 1 ESTIMATOR 767.130981 0.
14.631 1 NAVIGATION 0 2 -1012299.5 500674. 0. 1.2754246697e+12 0 0
14.651 1 PPRZ_MODE 0 0 0 0 0 17
14.654 1 BAT 26 69 0 0 1 7 0 0
14.657 1 GPS_SOL 299703328 100000 9999 0
14.753 1 DESIRED 0. 0.04 0. 0. 0. 235. 0. 12.
14.794 1 DOWNLINK_STATUS 0 15 2807 127 1 572. 26. 0.
14.850 1 PPRZ_MODE 0 0 0 0 0 17
14.853 1 IMU_ACCEL 0.071289 -9.824219 -0.081055
14.857 1 IMU_MAG -0.28418 1.57373 0.663574
14.881 1 NAVIGATION 0 2 -1012299.5 500674. 0. 1.2754246697e+12 0 0
14.956 1 DESIRED 0. 0.04 0. 0. 0. 235. 0. 12.
14.960 1 IMU_GYRO -0.047852 0.010498 -0.010498
15.045 1 PPRZ_MODE 0 0 0 0 0 17
15.047 1 CALIBRATION 0. 0
15.132 1 FBW_STATUS 0 49 0 69 0
15.137 1 NAVIGATION 0 2 -1012299.5 500674. 0. 1.2754246697e+12 0 0
15.154 1 DESIRED 0. 0.04 0. 0. 0. 235. 0. 12.
15.242 1 PPRZ_MODE 0 0 0 0 0 17
15.324 1 PONG 
15.353 1 DESIRED 0. 0.04 0. 0. 0. 235. 0. 12.
15.381 1 NAVIGATION 0 2 -1012299.5 500674. 0. 1.2754246697e+12 0 0
15.452 1 PPRZ_MODE 0 0 0 0 0 17
15.457 1 GPS 0 -45977952 602965824 0 767131 0 0 1790 87061250 14 8
15.460 1 SVINFO 8 15 12 1 0 29 303
15.559 1 DESIRED 0. 0.04 0. 0. 0. 235. 0. 12.
15.561 1 ATTITUDE 0.096298 -1.243368 0.010471
15.562 1 STATE_FILTER_STATUS 3 0
15.631 1 NAVIGATION 0 2 -1012299.5 500674. 0. 1.2754246697e+12 0 0
15.644 1 PPRZ_MODE 0 0 0 0 0 17
15.757 1 DESIRED 0. 0.04 0. 0. 0. 235. 0. 12.
15.760 1 BAT 26 69 0 0 1 8 0 0
15.795 1 DOWNLINK_STATUS 0 16 3342 152 1 535. 25. 37.79
15.846 1 PPRZ_MODE 0 0 0 0 0 17
15.849 1 IMU_ACCEL 0.071289 -9.829102 -0.100586
15.880 1 NAVIGATION 0 2 -1012299.5 500674. 0. 1.2754246697e+12 0 0
15.958 1 DESIRED 0. 0.04 0. 0. 0. 235. 0. 12.
15.961 1 IMU_GYRO -0.047852 0.009521 -0.010498
15.963 1 DL_VALUE 5 0.
16.042 1 PPRZ_MODE 0 0 0 0 0 17
16.131 1 NAVIGATION 0 2 -1012299.5 500674. 0. 1.2754246697e+12 0 0
16.156 1 DESIRED 0. 0.04 0. 0. 0. 235. 0. 12.
16.159 1 IMU_MAG -0.299805 1.571777 0.663574
16.242 1 PPRZ_MODE 0 0 0 0 0 17
16.352 1 DESIRED 0. 0.04 0. 0. 0. 235. 0. 12.
16.381 1 NAVIGATION 0 2 -1012299.5 500674. 0. 1.2754246697e+12 0 0
16.452 1 PPRZ_MODE 0 0 0 0 0 17
16.458 1 GPS 0 -45977952 602965824 0 767131 0 0 1790 87062250 14 9
16.460 1 SVINFO 9 17 12 1 0 31 195
16.563 1 DESIRED 0. 0.04 0. 0. 0. 235. 0. 12.
16.567 1 ATTITUDE 0.096519 -1.243391 0.010418
16.569 1 ESTIMATOR 767.130981 0.
16.572 1 ENERGY 6.9 0. 0 0.
16.631 1 NAVIGATION 0 2 -1012299.5 500674. 0. 1.2754246697e+12 0 0
16.646 1 PPRZ_MODE 0 0 0 0 0 17
16.649 1 GPS_SOL 299704960 100000 9999 0
16.752 1 DESIRED 0. 0.04 0. 0. 0. 235. 0. 12.
16.795 1 DOWNLINK_STATUS 0 17 3877 176 1 535. 24. 37.79
16.851 1 PPRZ_MODE 0 0 0 0 0 17
16.854 1 IMU_ACCEL 0.081055 -9.833008 -0.104492
16.858 1 BAT 26 69 0 0 1 9 0 0
16.881 1 NAVIGATION 0 2 -1012299.5 500674. 0. 1.2754246697e+12 0 0
16.956 1 DESIRED 0. 0.04 0. 0. 0. 235. 0. 12.
16.959 1 IMU_GYRO -0.046631 0.010498 -0.010498
17.042 1 PPRZ_MODE 0 0 0 0 0 17
17.132 1 FBW_STATUS 0 50 0 69 0
17.137 1 NAVIGATION 0 2 -1012299.5 500674. 0. 1.2754246697e+12 0 0
17.155 1 DESIRED 0. 0.04 0. 0. 0. 235. 0. 12.
17.157 1 CALIBRATION 0. 0
17.228 1 COMMANDS 26,-322,1778,-322,448,0
17.243 1 PPRZ_MODE 0 0 0 0 0 17
17.327 1 ACTUATORS 1355,1685,1526,1483,1351
17.352 1 DESIRED 0. 0.04 0. 0. 0. 235. 0. 12.
17.381 1 NAVIGATION 0 2 -1012299.5 500674. 0. 1.2754246697e+12 0 0
17.459 1 PPRZ_MODE 0 0 0 0 0 17
17.464 1 GPS 0 -45977952 602965824 0 767131 0 0 1790 87063250 14 10
17.467 1 SVINFO 10 18 4 1 0 4 339
17.470 1 IMU_MAG -0.318848 1.560059 0.655762
17.472 1 DL_VALUE 6 80.
17.556 1 DESIRED 0. 0.04 0. 0. 0. 235. 0. 12.
17.559 1 ATTITUDE 0.096668 -1.241886 0.010458
17.631 1 NAVIGATION 0 2 -1012299.5 500674. 0. 1.2754246697e+12 0 0
17.644 1 PPRZ_MODE 0 0 0 0 0 17
17.754 1 DESIRED 0. 0.04 0. 0. 0. 235. 0. 12.
17.755 1 STATE_FILTER_STATUS 3 0
17.796 1 DOWNLINK_STATUS 0 18 4453 203 1 576. 27. 37.79
17.845 1 PPRZ_MODE 0 0 0 0 0 17
17.849 1 IMU_ACCEL 0.081055 -9.833008 -0.081055
17.881 1 NAVIGATION 0 2 -1012299.5 500674. 0. 1.2754246697e+12 0 0
17.961 1 DESIRED 0. 0.04 0. 0. 0. 235. 0. 12.
17.963 1 IMU_GYRO -0.046631 0.009521 -0.010498
17.967 1 BAT 26 69 0 0 1 10 0 0
18.042 1 PPRZ_MODE 0 0 0 0 0 17
18.130 1 NAVIGATION 0 2 -1012299.5 500674. 0. 1.2754246697e+12 0 0
18.152 1 DESIRED 0. 0.04 0. 0. 0. 235. 0. 12.
18.242 1 PPRZ_MODE 0 0 0 0 0 17
18.352 1 DESIRED 0. 0.04 0. 0. 0. 235. 0. 12.
18.380 1 NAVIGATION 0 2 -1012299.5 500674. 0. 1.2754246697e+12 0 0
18.455 1 PPRZ_MODE 0 0 0 0 0 17
18.461 1 GPS 0 -45977952 602965824 0 767131 0 0 1790 87064250 14 11
18.463 1 SVINFO 11 19 12 1 0 17 43
18.466 1 NAVIGATION_REF 552520 5528984 14
18.559 1 DESIRED 0. 0.04 0. 0. 0. 235. 0. 12.
18.562 1 ATTITUDE 0.096897 -1.241377 0.010376
18.564 1 ESTIMATOR 767.130981 0.
18.630 1 NAVIGATION 0 2 -1012299.5 500674. 0. 1.2754246697e+12 0 0
18.646 1 PPRZ_MODE 0 0 0 0 0 17
18.649 1 GPS_SOL 299707008 100000 9999 0
18.756 1 DESIRED 0. 0.04 0. 0. 0. 235. 0. 12.
18.759 1 IMU_MAG -0.325684 1.558105 0.661621
18.796 1 DOWNLINK_STATUS 0 19 4993 227 1 540. 24. 37.79
18.846 1 PPRZ_MODE 0 0 0 0 0 17
18.849 1 IMU_ACCEL 0.104492 -9.833008 -0.085938
18.881 1 NAVIGATION 0 2 -1012299.5 500674. 0. 1.2754246697e+12 0 0
18.958 1 DESIRED 0. 0.04 0. 0. 0. 235. 0. 12.
18.961 1 IMU_GYRO -0.048828 0.010498 -0.010498
18.963 1 DL_VALUE 7 0.
19.051 1 PPRZ_MODE 0 0 0 0 0 17
19.054 1 BAT 26 69 0 0 1 11 0 0
19.058 1 ENERGY 6.9 0. 0 0.
19.134 1 NAVIGATION 0 2 -1012299.5 500674. 0. 1.2754246697e+12 0 0
19.137 1 FBW_STATUS 0 49 0 69 0
19.157 1 DESIRED 0. 0.04 0. 0. 0. 235. 0. 12.
19.161 1 ALIVE 114,204,253,31,47,223,193,66,157,167,197,191,225,113,126,20
19.244 1 PPRZ_MODE 0 0 0 0 0 17
19.246 1 CALIBRATION 0. 0
19.352 1 DESIRED 0. 0.04 0. 0. 0. 235. 0. 12.
19.381 1 NAVIGATION 0 2 -1012299.5 500674. 0. 1.2754246697e+12 0 0
19.452 1 PPRZ_MODE 0 0 0 0 0 17
19.458 1 GPS 0 -45977952 602965824 0 767131 0 0 1790 87065250 14 12
19.460 1 SVINFO 12 22 4 1 0 0 12
19.564 1 DESIRED 0. 0.04 0. 0. 0. 235. 0. 12.
19.567 1 ATTITUDE 0.097218 -1.241735 0.010331
19.569 1 DOWNLINK 0 560 317
19.574 1 NAVIGATION 0 2 -1012299.5 500674. 0. 1.2754246697e+12 0 0
19.631 1 NAVIGATION 0 2 -1012299.5 500674. 0. 1.2754246697e+12 0 0
19.645 1 PPRZ_MODE 0 0 0 0 0 17
19.752 1 DESIRED 0. 0.04 0. 0. 0. 235. 0. 12.
19.797 1 DOWNLINK_STATUS 0 20 5586 254 1 593. 27. 37.79
19.846 1 PPRZ_MODE 0 0 0 0 0 17
19.849 1 IMU_ACCEL 0.076172 -9.833008 -0.100586
19.881 1 NAVIGATION 0 2 -1012299.5 500674. 0. 1.2754246697e+12 0 0
19.958 1 DESIRED 0. 0.04 0. 0. 0. 235. 0. 12.
19.961 1 IMU_GYRO -0.047852 0.010498 -0.009521
19.962 1 STATE_FILTER_STATUS 3 0
20.045 1 PPRZ_MODE 0 0 0 0 0 17
20.048 1 IMU_MAG -0.306641 1.564941 0.661621
20.131 1 NAVIGATION 0 2 -1012299.5 500674. 0. 1.2754246697e+12 0 0
20.157 1 DESIRED 0. 0.04 0. 0. 0. 235. 0. 12.
20.160 1 BAT 26 69 0 0 1 13 0 0
20.241 1 PPRZ_MODE 0 0 0 0 0 17
20.325 1 PONG 
20.353 1 DESIRED 0. 0.04 0. 0. 0. 235. 0. 12.
20.381 1 NAVIGATION 0 2 -1012299.5 500674. 0. 1.2754246697e+12 0 0
20.454 1 PPRZ_MODE 0 0 0 0 0 17
20.460 1 GPS 0 -45977952 602965824 0 767131 0 0 1790 87066250 14 13
20.462 1 SVINFO 13 26 12 1 0 46 257
20.464 1 DL_VALUE 8 0.
20.558 1 DESIRED 0. 0.04 0. 0. 0. 235. 0. 12.
20.561 1 ATTITUDE 0.097334 -1.240839 0.010457
20.564 1 ESTIMATOR 767.130981 0.
20.630 1 NAVIGATION 0 2 -1012299.5 500674. 0. 1.2754246697e+12 0 0
20.645 1 PPRZ_MODE 0 0 0 0 0 17
20.648 1 GPS_SOL 299709440 100000 9999 0
20.752 1 DESIRED 0. 0.04 0. 0. 0. 235. 0. 12.
20.798 1 DOWNLINK_STATUS 0 21 6137 280 1 551. 26. 37.8
20.845 1 PPRZ_MODE 0 0 0 0 0 17
20.848 1 IMU_ACCEL 0.076172 -9.847656 -0.09082
20.880 1 NAVIGATION 0 2 -1012299.5 500674. 0. 1.2754246697e+12 0 0
20.956 1 DESIRED 0. 0.04 0. 0. 0. 235. 0. 12.
20.959 1 IMU_GYRO -0.046631 0.010498 -0.010498
21.042 1 PPRZ_MODE 0 0 0 0 0 17
21.132 1 FBW_STATUS 0 50 0 69 0
21.136 1 NAVIGATION 0 2 -1012299.5 500674. 0. 1.2754246697e+12 0 0
21.153 1 DESIRED 0. 0.04 0. 0. 0. 235. 0. 12.
21.246 1 PPRZ_MODE 0 0 0 0 0 17
21.250 1 BAT 26 69 0 0 1 14 0 0
21.358 1 DESIRED 0. 0.04 0. 0. 0. 235. 0. 12.
21.361 1 IMU_MAG -0.25293 1.583496 0.691406
21.363 1 CALIBRATION 0. 0
21.380 1 NAVIGATION 0 2 -1012299.5 500674. 0. 1.2754246697e+12 0 0
21.452 1 PPRZ_MODE 0 0 0 0 0 17
21.458 1 GPS 0 -45977952 602965824 0 767131 0 0 1790 87067250 14 14
21.460 1 SVINFO 14 28 12 1 0 86 302
21.560 1 DESIRED 0. 0.04 0. 0. 0. 235. 0. 12.
21.563 1 ATTITUDE 0.097011 -1.240813 0.010482
21.567 1 ENERGY 6.9 0. 0 0.
21.631 1 NAVIGATION 0 2 -1012299.5 500674. 0. 1.2754246697e+12 0 0
21.644 1 PPRZ_MODE 0 0 0 0 0 17
21.752 1 DESIRED 0. 0.04 0. 0. 0. 235. 0. 12.
21.798 1 DOWNLINK_STATUS 0 22 6677 304 1 540. 24. 37.8
21.846 1 PPRZ_MODE 0 0 0 0 0 17
21.849 1 IMU_ACCEL 0.066406 -9.819336 -0.095703
21.881 1 NAVIGATION 0 2 -1012299.5 500674. 0. 1.2754246697e+12 0 0
21.958 1 DESIRED 0. 0.04 0. 0. 0. 235. 0. 12.
21.961 1 IMU_GYRO -0.046631 0.009521 -0.009521
21.962 1 DL_VALUE 9 1.
22.042 1 PPRZ_MODE 0 0 0 0 0 17
22.131 1 NAVIGATION 0 2 -1012299.5 500674. 0. 1.2754246697e+12 0 0
22.154 1 DESIRED 0. 0.04 0. 0. 0. 235. 0. 12.
22.156 1 STATE_FILTER_STATUS 3 0
22.228 1 COMMANDS 26,-336,1764,-336,448,0
22.243 1 PPRZ_MODE 0 0 0 0 0 17
22.326 1 ACTUATORS 1355,1685,1526,1483,1351
22.357 1 DESIRED 0. 0.04 0. 0. 0. 235. 0. 12.
22.360 1 BAT 26 69 0 0 1 15 0 0
22.381 1 NAVIGATION 0 2 -1012299.5 500674. 0. 1.2754246697e+12 0 0
22.451 1 PPRZ_MODE 0 0 0 0 0 17
22.457 1 GPS 0 -45977952 602965824 0 767131 0 0 1790 87068250 14 15
22.459 1 SVINFO 15 30 4 1 0 54 137
22.559 1 DESIRED 0. 0.04 0. 0. 0. 235. 0. 12.
22.561 1 ATTITUDE 0.097071 -1.241257 0.010219
22.564 1 ESTIMATOR 767.130981 0.
22.631 1 NAVIGATION 0 2 -1012299.5 500674. 0. 1.2754246697e+12 0 0
22.649 1 PPRZ_MODE 0 0 0 0 0 17
22.652 1 IMU_MAG -0.280762 1.57373 0.675781
22.655 1 GPS_SOL 299712256 100000 9999 0
22.751 1 DESIRED 0. 0.04 0. 0. 0. 235. 0. 12.
22.799 1 DOWNLINK_STATUS 0 23 7258 331 1 581. 27. 37.8
22.845 1 PPRZ_MODE 0 0 0 0 0 17
22.848 1 IMU_ACCEL 0.076172 -9.833008 -0.104492
22.880 1 NAVIGATION 0 2 -1012299.5 500674. 0. 1.2754246697e+12 0 0
22.956 1 DESIRED 0. 0.04 0. 0. 0. 235. 0. 12.
22.959 1 IMU_GYRO -0.047852 0.010498 -0.009521
23.041 1 PPRZ_MODE 0 0 0 0 0 17
23.131 1 FBW_STATUS 0 47 0 69 0
23.136 1 NAVIGATION 0 2 -1012299.5 500674. 0. 1.2754246697e+12 0 0
23.153 1 DESIRED 0. 0.04 0. 0. 0. 235. 0. 12.
23.241 1 PPRZ_MODE 0 0 0 0 0 17
23.352 1 DESIRED 0. 0.04 0. 0. 0. 235. 0. 12.
23.380 1 NAVIGATION 0 2 -1012299.5 500674. 0. 1.2754246697e+12 0 0
23.461 1 PPRZ_MODE 0 0 0 0 0 17
23.467 1 GPS 0 -45977952 602965824 0 767131 0 0 1790 87069250 14 16
23.469 1 SVINFO 0 1 4 1 0 23 104
23.473 1 BAT 26 69 0 0 1 16 0 0
23.475 1 DL_VALUE 10 0.
23.476 1 CALIBRATION 0. 0
23.556 1 DESIRED 0. 0.04 0. 0. 0. 235. 0. 12.
23.559 1 ATTITUDE 0.097133 -1.241459 0.010069
23.630 1 NAVIGATION 0 2 -1012299.5 500674. 0. 1.2754246697e+12 0 0
23.644 1 PPRZ_MODE 0 0 0 0 0 17
23.752 1 DESIRED 0. 0.04 0. 0. 0. 235. 0. 12.
23.799 1 DOWNLINK_STATUS 0 24 7771 354 1 513. 23. 37.8
23.846 1 PPRZ_MODE 0 0 0 0 0 17
23.849 1 IMU_ACCEL 0.038086 -9.824219 -0.081055
23.880 1 NAVIGATION 0 2 -1012299.5 500674. 0. 1.2754246697e+12 0 0
23.960 1 DESIRED 0. 0.04 0. 0. 0. 235. 0. 12.
23.963 1 IMU_GYRO -0.046631 0.008301 -0.010498
23.966 1 IMU_MAG -0.294434 1.564941 0.644043
24.046 1 PPRZ_MODE 0 0 0 0 0 17
24.050 1 ENERGY 6.9 0. 0 0.
24.131 1 NAVIGATION 0 2 -1012299.5 500674. 0. 1.2754246697e+12 0 0
24.157 1 DESIRED 0. 0.04 0. 0. 0. 235. 0. 12.
24.161 1 ALIVE 114,204,253,31,47,223,193,66,157,167,197,191,225,113,126,20
24.242 1 PPRZ_MODE 0 0 0 0 0 17
24.354 1 DESIRED 0. 0.04 0. 0. 0. 235. 0. 12.
24.355 1 STATE_FILTER_STATUS 3 0
24.381 1 NAVIGATION 0 2 -1012299.5 500674. 0. 1.2754246697e+12 0 0
24.452 1 PPRZ_MODE 0 0 0 0 0 17
24.458 1 GPS 0 -45977952 602965824 0 767131 0 0 1790 87070250 14 1
24.460 1 SVINFO 1 2 4 1 0 -39 216
24.563 1 DESIRED 0. 0.04 0. 0. 0. 235. 0. 12.
24.566 1 ATTITUDE 0.097081 -1.241781 0.009835
24.570 1 BAT 26 69 0 0 1 17 0 0
24.572 1 ESTIMATOR 767.130981 0.
24.597 1 WIND_INFO 1 42 0. 0. 0.
24.640 1 NAVIGATION 0 2 -1012299.5 500674. 0. 1.2754246697e+12 0 0
24.655 1 PPRZ_MODE 0 0 0 0 0 17
24.658 1 GPS_SOL 299715488 100000 9999 0
24.660 1 DOWNLINK 0 556 447
24.752 1 DESIRED 0. 0.04 0. 0. 0. 235. 0. 12.
24.800 1 DOWNLINK_STATUS 0 25 8359 381 1 588. 27. 37.8
24.845 1 PPRZ_MODE 0 0 0 0 0 17
24.848 1 IMU_ACCEL 0.100586 -9.814453 -0.076172
24.881 1 NAVIGATION 0 2 -1012299.5 500674. 0. 1.2754246697e+12 0 0
24.958 1 DESIRED 0. 0.04 0. 0. 0. 235. 0. 12.
24.961 1 IMU_GYRO -0.046631 0.009521 -0.009521
24.962 1 DL_VALUE 0 0.
25.041 1 PPRZ_MODE 0 0 0 0 0 17
25.131 1 FBW_STATUS 0 51 0 69 0
25.136 1 NAVIGATION 0 2 -1012299.5 500674. 0. 1.2754246697e+12 0 0
25.152 1 DESIRED 0. 0.04 0. 0. 0. 235. 0. 12.
25.245 1 PPRZ_MODE 0 0 0 0 0 17
25.248 1 IMU_MAG -0.329102 1.554688 0.666016
25.326 1 PONG 
25.351 1 DESIRED 0. 0.04 0. 0. 0. 235. 0. 12.
25.380 1 NAVIGATION 0 2 -1012299.5 500674. 0. 1.2754246697e+12 0 0
25.451 1 PPRZ_MODE 0 0 0 0 0 17
25.457 1 GPS 0 -45977952 602965824 0 767131 0 0 1790 87071250 14 2
25.459 1 SVINFO 2 3 12 1 0 1 46
25.558 1 DESIRED 0. 0.04 0. 0. 0. 235. 0. 12.
25.561 1 ATTITUDE 0.097155 -1.241778 0.009611
25.563 1 CALIBRATION 0. 0
25.630 1 NAVIGATION 0 2 -1012299.5 500674. 0. 1.2754246697e+12 0 0
25.646 1 PPRZ_MODE 0 0 0 0 0 17
25.649 1 BAT 26 69 0 0 1 18 0 0
25.751 1 DESIRED 0. 0.04 0. 0. 0. 235. 0. 12.
25.800 1 DOWNLINK_STATUS 0 26 8896 406 1 537. 25. 37.68
25.845 1 PPRZ_MODE 0 0 0 0 0 17
25.848 1 IMU_ACCEL 0.066406 -9.829102 -0.066406
25.880 1 NAVIGATION 0 2 -1012299.5 500674. 0. 1.2754246697e+12 0 0
25.955 1 DESIRED 0. 0.04 0. 0. 0. 235. 0. 12.
25.959 1 IMU_GYRO -0.046631 0.009521 -0.010498
26.042 1 PPRZ_MODE 0 0 0 0 0 17
26.130 1 NAVIGATION 0 2 -1012299.5 500674. 0. 1.2754246697e+12 0 0
26.152 1 DESIRED 0. 0.04 0. 0. 0. 235. 0. 12.
26.241 1 PPRZ_MODE 0 0 0 0 0 17
26.352 1 DESIRED 0. 0.04 0. 0. 0. 235. 0. 12.
26.380 1 NAVIGATION 0 2 -1012299.5 500674. 0. 1.2754246697e+12 0 0
26.454 1 PPRZ_MODE 0 0 0 0 0 17
26.460 1 GPS 0 -45977952 602965824 0 767131 0 0 1790 87072250 14 3
26.462 1 SVINFO 3 4 4 1 0 -22 185
26.464 1 DL_VALUE 1 0.
26.569 1 DESIRED 0. 0.04 0. 0. 0. 235. 0. 12.
26.572 1 ATTITUDE 0.097244 -1.242347 0.009461
26.574 1 IMU_MAG -0.316895 1.563477 0.645996
26.576 1 ESTIMATOR 767.130981 0.
26.578 1 STATE_FILTER_STATUS 3 0
26.582 1 ENERGY 6.9 0. 0 0.
26.630 1 NAVIGATION 0 2 -1012299.5 500674. 0. 1.2754246697e+12 0 0
26.645 1 PPRZ_MODE 0 0 0 0 0 17
26.648 1 GPS_SOL 299719136 100000 9999 0
26.756 1 DESIRED 0. 0.04 0. 0. 0. 235. 0. 12.
26.760 1 BAT 26 69 0 0 1 19 0 0
26.801 1 DOWNLINK_STATUS 0 27 9461 432 1 565. 26. 37.68
26.846 1 PPRZ_MODE 0 0 0 0 0 17
26.849 1 IMU_ACCEL 0.09082 -9.819336 -0.09082
26.880 1 NAVIGATION 0 2 -1012299.5 500674. 0. 1.2754246697e+12 0 0
26.956 1 DESIRED 0. 0.04 0. 0. 0. 235. 0. 12.
26.958 1 IMU_GYRO -0.046631 0.009521 -0.010498
27.041 1 PPRZ_MODE 0 0 0 0 0 17
27.131 1 FBW_STATUS 0 51 0 69 0
27.136 1 NAVIGATION 0 2 -1012299.5 500674. 0. 1.2754246697e+12 0 0
27.154 1 DESIRED 0. 0.04 0. 0. 0. 235. 0. 12.
27.227 1 COMMANDS 26,-336,1764,-336,448,0
27.242 1 PPRZ_MODE 0 0 0 0 0 17
27.326 1 ACTUATORS 1355,1684,1526,1483,1351
27.352 1 DESIRED 0. 0.04 0. 0. 0. 235. 0. 12.
27.380 1 NAVIGATION 0 2 -1012299.5 500674. 0. 1.2754246697e+12 0 0
27.454 1 PPRZ_MODE 0 0 0 0 0 17
27.460 1 GPS 0 -45977952 602965824 0 767131 0 0 1790 87073250 14 4
27.463 1 SVINFO 4 7 12 1 0 26 133
27.465 1 NAVIGATION_REF 552520 5528984 14
27.555 1 DESIRED 0. 0.04 0. 0. 0. 235. 0. 12.
27.558 1 ATTITUDE 0.097344 -1.242071 0.009231
27.630 1 NAVIGATION 0 2 -1012299.5 500674. 0. 1.2754246697e+12 0 0
27.644 1 PPRZ_MODE 0 0 0 0 0 17
27.646 1 CALIBRATION 0. 0
27.751 1 DESIRED 0. 0.04 0. 0. 0. 235. 0. 12.
27.802 1 DOWNLINK_STATUS 0 28 9993 456 1 532. 24. 37.68
27.853 1 PPRZ_MODE 0 0 0 0 0 17
27.856 1 IMU_ACCEL 0.071289 -9.829102 -0.119141
27.860 1 BAT 26 69 0 0 1 20 0 0
27.863 1 IMU_MAG -0.294434 1.57373 0.657715
27.880 1 NAVIGATION 0 2 -1012299.5 500674. 0. 1.2754246697e+12 0 0
27.958 1 DESIRED 0. 0.04 0. 0. 0. 235. 0. 12.
27.961 1 IMU_GYRO -0.046631 0.009521 -0.009521
27.963 1 DL_VALUE 2 235.
28.041 1 PPRZ_MODE 0 0 0 0 0 17
28.130 1 NAVIGATION 0 2 -1012299.5 500674. 0. 1.2754246697e+12 0 0
28.151 1 DESIRED 0. 0.04 0. 0. 0. 235. 0. 12.
28.241 1 PPRZ_MODE 0 0 0 0 0 17
28.351 1 DESIRED 0. 0.04 0. 0. 0. 235. 0. 12.
28.380 1 NAVIGATION 0 2 -1012299.5 500674. 0. 1.2754246697e+12 0 0
28.451 1 PPRZ_MODE 0 0 0 0 0 17
28.457 1 GPS 0 -45977952 602965824 0 767131 0 0 1790 87074250 14 5
28.460 1 SVINFO 5 8 12 2 25 56 131
28.558 1 DESIRED 0. 0.04 0. 0. 0. 235. 0. 12.
28.561 1 ATTITUDE 0.097528 -1.242334 0.009199
28.564 1 ESTIMATOR 767.130981 0.
28.630 1 NAVIGATION 0 2 -1012299.5 500674. 0. 1.2754246697e+12 0 0
28.645 1 PPRZ_MODE 0 0 0 0 0 17
28.648 1 GPS_SOL 299723136 100000 9999 0
28.753 1 DESIRED 0. 0.04 0. 0. 0. 235. 0. 12.
28.755 1 STATE_FILTER_STATUS 3 0
28.802 1 DOWNLINK_STATUS 0 29 10538 481 1 545. 25. 37.68
28.846 1 PPRZ_MODE 0 0 0 0 0 17
28.849 1 IMU_ACCEL 0.071289 -9.824219 -0.114258
28.880 1 NAVIGATION 0 2 -1012299.5 500674. 0. 1.2754246697e+12 0 0
28.960 1 DESIRED 0. 0.04 0. 0. 0. 235. 0. 12.
28.963 1 IMU_GYRO -0.046631 0.008301 -0.010498
28.967 1 BAT 26 69 0 0 1 21 0 0
29.046 1 PPRZ_MODE 0 0 0 0 0 17
29.049 1 ENERGY 6.9 0. 0 0.
29.132 1 FBW_STATUS 0 48 0 69 0
29.136 1 NAVIGATION 0 2 -1012299.5 500674. 0. 1.2754246697e+12 0 0
29.160 1 DESIRED 0. 0.04 0. 0. 0. 235. 0. 12.
29.163 1 IMU_MAG -0.28418 1.588867 0.649902
29.168 1 ALIVE 114,204,253,31,47,223,193,66,157,167,197,191,225,113,126,20
29.242 1 PPRZ_MODE 0 0 0 0 0 17
29.352 1 DESIRED 0. 0.04 0. 0. 0. 235. 0. 12.
29.380 1 NAVIGATION 0 2 -1012299.5 500674. 0. 1.2754246697e+12 0 0
29.453 1 PPRZ_MODE 0 0 0 0 0 17
29.460 1 GPS 0 -45977952 602965824 0 767131 0 0 1790 87075250 14 6
29.461 1 SVINFO 6 9 12 1 0 63 147
29.463 1 DL_VALUE 3 0.
29.560 1 DESIRED 0. 0.04 0. 0. 0. 235. 0. 12.
29.563 1 ATTITUDE 0.097552 -1.243097 0.00924
29.568 1 NAVIGATION 0 2 -1012299.5 500674. 0. 1.2754246697e+12 0 0
29.629 1 NAVIGATION 0 2 -1012299.5 500674. 0. 1.2754246697e+12 0 0
29.645 1 PPRZ_MODE 0 0 0 0 0 17
29.648 1 WP_MOVED 2 552569.5 5529084. 260. 14
29.757 1 DESIRED 0. 0.04 0. 0. 0. 235. 0. 12.
29.758 1 CALIBRATION 0. 0
29.759 1 DOWNLINK 0 558 577
29.803 1 DOWNLINK_STATUS 0 30 11169 510 1 631. 29. 37.68
29.845 1 PPRZ_MODE 0 0 0 0 0 17
29.848 1 IMU_ACCEL 0.066406 -9.824219 -0.119141
29.880 1 NAVIGATION 0 2 -1012299.5 500674. 0. 1.2754246697e+12 0 0
29.955 1 DESIRED 0. 0.04 0. 0. 0. 235. 0. 12.
29.958 1 IMU_GYRO -0.046631 0.009521 -0.009521
30.045 1 PPRZ_MODE 0 0 0 0 0 17
30.049 1 BAT 26 69 0 0 1 22 0 0
30.130 1 NAVIGATION 0 2 -1012299.5 500674. 0. 1.2754246697e+12 0 0
30.151 1 DESIRED 0. 0.04 0. 0. 0. 235. 0. 12.
30.241 1 PPRZ_MODE 0 0 0 0 0 17
30.327 1 PONG 
30.351 1 DESIRED 0. 0.04 0. 0. 0. 235. 0. 12.
30.380 1 NAVIGATION 0 2 -1012299.5 500674. 0. 1.2754246697e+12 0 0
30.455 1 PPRZ_MODE 0 0 0 0 0 17
30.461 1 GPS 0 -45977952 602965824 0 767131 0 0 1790 87076250 14 7
30.463 1 SVINFO 7 11 12 1 0 33 81
30.466 1 IMU_MAG -0.303223 1.564941 0.632324
30.558 1 DESIRED 0. 0.04 0. 0. 0. 235. 0. 12.
30.561 1 ATTITUDE 0.097401 -1.242793 0.009042
30.564 1 ESTIMATOR 767.130981 0.
30.630 1 NAVIGATION 0 2 -1012299.5 500674. 0. 1.2754246697e+12 0 0
30.645 1 PPRZ_MODE 0 0 0 0 0 17
30.648 1 GPS_SOL 299727584 100000 9999 0
30.751 1 DESIRED 0. 0.04 0. 0. 0. 235. 0. 12.
30.803 1 DOWNLINK_STATUS 0 31 11700 534 1 531. 24. 37.73
30.845 1 PPRZ_MODE 0 0 0 0 0 17
30.848 1 IMU_ACCEL 0.095703 -9.829102 -0.071289
30.880 1 NAVIGATION 0 2 -1012299.5 500674. 0. 1.2754246697e+12 0 0
30.959 1 DESIRED 0. 0.04 0. 0. 0. 235. 0. 12.
30.963 1 IMU_GYRO -0.048828 0.009521 -0.012695
30.964 1 DL_VALUE 4 0.
30.966 1 STATE_FILTER_STATUS 3 0
31.041 1 PPRZ_MODE 0 0 0 0 0 17
31.131 1 FBW_STATUS 0 50 0 69 0
31.136 1 NAVIGATION 0 2 -1012299.5 500674. 0. 1.2754246697e+12 0 0
31.156 1 DESIRED 0. 0.04 0. 0. 0. 235. 0. 12.
31.159 1 BAT 26 69 0 0 1 24 0 0
31.241 1 PPRZ_MODE 0 0 0 0 0 17
31.351 1 DESIRED 0. 0.04 0. 0. 0. 235. 0. 12.
31.380 1 NAVIGATION 0 2 -1012299.5 500674. 0. 1.2754246697e+12 0 0
31.452 1 PPRZ_MODE 0 0 0 0 0 17
31.457 1 GPS 0 -45977952 602965824 0 767131 0 0 1790 87077250 14 8
31.460 1 SVINFO 8 15 12 1 0 29 303
31.560 1 DESIRED 0. 0.04 0. 0. 0. 235. 0. 12.
31.563 1 ATTITUDE 0.096319 -1.242885 0.008279
31.566 1 ENERGY 6.9 0. 0 0.
31.630 1 NAVIGATION 0 2 -1012299.5 500674. 0. 1.2754246697e+12 0 0
31.643 1 PPRZ_MODE 0 0 0 0 0 17
31.804 1 DOWNLINK_STATUS 0 32 12193 557 1 493. 23. 37.73
32.805 1 DOWNLINK_STATUS 0 33 12193 557 1 0. 0. 37.73
33.807 1 DOWNLINK_STATUS 0 34 12193 557 1 0. 0. 37.73
34.597 1 WIND_INFO 1 42 0. 0. 0.
34.807 1 DOWNLINK_STATUS 0 35 12193 557 1 0. 0. 37.73
35.809 1 DOWNLINK_STATUS 0 36 12193 557 1 0. 0. -4963.07
36.810 1 DOWNLINK_STATUS 0 37 12193 557 1 0. 0. -4963.07
37.812 1 DOWNLINK_STATUS 0 38 12193 557 1 0. 0. -4963.07
38.813 1 DOWNLINK_STATUS 0 39 12193 557 1 0. 0. -4963.07
39.814 1 DOWNLINK_STATUS 0 40 12193 557 1 0. 0. -4963.07
40.816 1 DOWNLINK_STATUS 0 41 12193 557 1 0. 0. -9963.86
41.817 1 DOWNLINK_STATUS 0 42 12193 557 1 0. 0. -9963.86
42.818 1 DOWNLINK_STATUS 0 43 12193 557 1 0. 0. -9963.86
43.820 1 DOWNLINK_STATUS 0 44 12193 557 1 0. 0. -9963.86
44.597 1 WIND_INFO 1 42 0. 0. 0.
44.820 1 DOWNLINK_STATUS 0 45 12193 557 1 0. 0. -9963.86
45.822 1 DOWNLINK_STATUS 0 46 12193 557 1 0. 0. -14964.89
46.823 1 DOWNLINK_STATUS 0 47 12193 557 1 0. 0. -14964.89
47.825 1 DOWNLINK_STATUS 0 48 12193 557 1 0. 0. -14964.89
48.826 1 DOWNLINK_STATUS 0 49 12193 557 1 0. 0. -14964.89
49.827 1 DOWNLINK_STATUS 0 50 12193 557 1 0. 0. -14964.89
50.828 1 DOWNLINK_STATUS 0 51 12193 557 1 0. 0. -19965.47
51.830 1 DOWNLINK_STATUS 0 52 12193 557 1 0. 0. -19965.47
52.831 1 DOWNLINK_STATUS 0 53 12193 557 1 0. 0. -19965.47
53.833 1 DOWNLINK_STATUS 0 54 12193 557 1 0. 0. -19965.47
54.597 1 WIND_INFO 1 42 0. 0. 0.
54.833 1 DOWNLINK_STATUS 0 55 12193 557 1 0. 0. -19965.47
55.835 1 DOWNLINK_STATUS 0 56 12193 557 1 0. 0. -24966.94
56.761 1 SETTING 8 1 1.
56.835 1 DOWNLINK_STATUS 0 57 12193 557 1 0. 0. -24966.94
57.836 1 DOWNLINK_STATUS 0 58 12193 557 1 0. 0. -24966.94
58.837 1 DOWNLINK_STATUS 0 59 12193 557 1 0. 0. -24966.94
59.837 1 DOWNLINK_STATUS 0 60 12193 557 1 0. 0. -24966.94
60.839 1 DOWNLINK_STATUS 0 61 12193 557 1 0. 0. -29967.64
61.840 1 DOWNLINK_STATUS 0 62 12193 557 1 0. 0. -29967.64
62.841 1 DOWNLINK_STATUS 0 63 12193 557 1 0. 0. -29967.64
63.843 1 DOWNLINK_STATUS 0 64 12193 557 1 0. 0. -29967.64
64.597 1 WIND_INFO 1 42 0. 0. 0.
64.844 1 DOWNLINK_STATUS 0 65 12193 557 1 0. 0. -29967.64
64.906 1 BLOCK 3 1
65.845 1 DOWNLINK_STATUS 0 66 12193 557 1 0. 0. -34968.1
66.690 1 BLOCK 3 1
66.846 1 DOWNLINK_STATUS 0 67 12193 557 1 0. 0. -34968.1
67.847 1 DOWNLINK_STATUS 0 68 12193 557 1 0. 0. -34968.1
68.848 1 DOWNLINK_STATUS 0 69 12193 557 1 0. 0. -34968.1
69.850 1 DOWNLINK_STATUS 0 70 12193 557 1 0. 0. -34968.1
70.851 1 DOWNLINK_STATUS 0 71 12193 557 1 0. 0. -39969.12
71.851 1 DOWNLINK_STATUS 0 72 12193 557 1 0. 0. -39969.12
72.853 1 DOWNLINK_STATUS 0 73 12193 557 1 0. 0. -39969.12
73.853 1 DOWNLINK_STATUS 0 74 12193 557 1 0. 0. -39969.12
74.597 1 WIND_INFO 1 42 0. 0. 0.
74.854 1 DOWNLINK_STATUS 0 75 12193 557 1 0. 0. -39969.12
75.855 1 DOWNLINK_STATUS 0 76 12193 557 1 0. 0. -44970.15
76.856 1 DOWNLINK_STATUS 0 77 12193 557 1 0. 0. -44970.15
77.858 1 DOWNLINK_STATUS 0 78 12193 557 1 0. 0. -44970.15
78.858 1 DOWNLINK_STATUS 0 79 12193 557 1 0. 0. -44970.15
79.859 1 DOWNLINK_STATUS 0 80 12193 557 1 0. 0. -44970.15
80.860 1 DOWNLINK_STATUS 0 81 12193 557 1 0. 0. -49970.36
81.862 1 DOWNLINK_STATUS 0 82 12193 557 1 0. 0. -49970.36
82.862 1 DOWNLINK_STATUS 0 83 12193 557 1 0. 0. -49970.36
83.863 1 DOWNLINK_STATUS 0 84 12193 557 1 0. 0. -49970.36
84.597 1 WIND_INFO 1 42 0. 0. 0.
84.864 1 DOWNLINK_STATUS 0 85 12193 557 1 0. 0. -49970.36
85.865 1 DOWNLINK_STATUS 0 86 12193 557 1 0. 0. -54970.89
86.866 1 DOWNLINK_STATUS 0 87 12193 557 1 0. 0. -54970.89
87.867 1 DOWNLINK_STATUS 0 88 12193 557 1 0. 0. -54970.89
88.867 1 DOWNLINK_STATUS 0 89 12193 557 1 0. 0. -54970.89
89.868 1 DOWNLINK_STATUS 0 90 12193 557 1 0. 0. -54970.89
90.869 1 DOWNLINK_STATUS 0 91 12193 557 1 0. 0. -59971.6
91.869 1 DOWNLINK_STATUS 0 92 12193 557 1 0. 0. -59971.6
92.869 1 DOWNLINK_STATUS 0 93 12193 557 1 0. 0. -59971.6
93.871 1 DOWNLINK_STATUS 0 94 12193 557 1 0. 0. -59971.6
94.597 1 WIND_INFO 1 42 0. 0. 0.
94.872 1 DOWNLINK_STATUS 0 95 12193 557 1 0. 0. -59971.6
95.873 1 DOWNLINK_STATUS 0 96 12193 557 1 0. 0. -64972.24
96.874 1 DOWNLINK_STATUS 0 97 12193 557 1 0. 0. -64972.24
97.874 1 DOWNLINK_STATUS 0 98 12193 557 1 0. 0. -64972.24
98.875 1 DOWNLINK_STATUS 0 99 12193 557 1 0. 0. -64972.24
99.876 1 DOWNLINK_STATUS 0 100 12193 557 1 0. 0. -64972.24
100.877 1 DOWNLINK_STATUS 0 101 12193 557 1 0. 0. -69973.41
101.879 1 DOWNLINK_STATUS 0 102 12193 557 1 0. 0. -69973.41
102.880 1 DOWNLINK_STATUS 0 103 12193 557 1 0. 0. -69973.41
103.881 1 DOWNLINK_STATUS 0 104 12193 557 1 0. 0. -69973.41
104.597 1 WIND_INFO 1 42 0. 0. 0.
104.882 1 DOWNLINK_STATUS 0 105 12193 557 1 0. 0. -69973.41
105.884 1 DOWNLINK_STATUS 0 106 12193 557 1 0. 0. -74974.54
106.885 1 DOWNLINK_STATUS 0 107 12193 557 1 0. 0. -74974.54
107.886 1 DOWNLINK_STATUS 0 108 12193 557 1 0. 0. -74974.54
108.888 1 DOWNLINK_STATUS 0 109 12193 557 1 0. 0. -74974.54
109.889 1 DOWNLINK_STATUS 0 110 12193 557 1 0. 0. -74974.54
110.890 1 DOWNLINK_STATUS 0 111 12193 557 1 0. 0. -79975.38
111.892 1 DOWNLINK_STATUS 0 112 12193 557 1 0. 0. -79975.38
112.893 1 DOWNLINK_STATUS 0 113 12193 557 1 0. 0. -79975.38
113.894 1 DOWNLINK_STATUS 0 114 12193 557 1 0. 0. -79975.38
114.597 1 WIND_INFO 1 42 0. 0. 0.
114.895 1 DOWNLINK_STATUS 0 115 12193 557 1 0. 0. -79975.38
115.896 1 DOWNLINK_STATUS 0 116 12193 557 1 0. 0. -84976.51
116.897 1 DOWNLINK_STATUS 0 117 12193 557 1 0. 0. -84976.51
117.899 1 DOWNLINK_STATUS 0 118 12193 557 1 0. 0. -84976.51
118.900 1 DOWNLINK_STATUS 0 119 12193 557 1 0. 0. -84976.51
119.901 1 DOWNLINK_STATUS 0 120 12193 557 1 0. 0. -84976.51
120.903 1 DOWNLINK_STATUS 0 121 12193 557 1 0. 0. -89977.84
121.904 1 DOWNLINK_STATUS 0 122 12193 557 1 0. 0. -89977.84
122.905 1 DOWNLINK_STATUS 0 123 12193 557 1 0. 0. -89977.84
123.906 1 DOWNLINK_STATUS 0 124 12193 557 1 0. 0. -89977.84
124.597 1 WIND_INFO 1 42 0. 0. 0.
124.906 1 DOWNLINK_STATUS 0 125 12193 557 1 0. 0. -89977.84
125.824 1 BLOCK 4 1
125.907 1 DOWNLINK_STATUS 0 126 12193 557 1 0. 0. -94978.54
126.908 1 DOWNLINK_STATUS 0 127 12193 557 1 0. 0. -94978.54
127.910 1 DOWNLINK_STATUS 0 128 12193 557 1 0. 0. -94978.54
128.911 1 DOWNLINK_STATUS 0 129 12193 557 1 0. 0. -94978.54
129.912 1 DOWNLINK_STATUS 0 130 12193 557 1 0. 0. -94978.54
130.914 1 DOWNLINK_STATUS 0 131 12193 557 1 0. 0. -99979.84
131.915 1 DOWNLINK_STATUS 0 132 12193 557 1 0. 0. -99979.84
132.917 1 DOWNLINK_STATUS 0 133 12193 557 1 0. 0. -99979.84
133.918 1 DOWNLINK_STATUS 0 134 12193 557 1 0. 0. -99979.84
134.597 1 WIND_INFO 1 42 0. 0. 0.
134.918 1 DOWNLINK_STATUS 0 135 12193 557 1 0. 0. -99979.84
135.920 1 DOWNLINK_STATUS 0 136 12193 557 1 0. 0. -104980.74
136.920 1 DOWNLINK_STATUS 0 137 12193 557 1 0. 0. -104980.74
137.921 1 DOWNLINK_STATUS 0 138 12193 557 1 0. 0. -104980.74
138.923 1 DOWNLINK_STATUS 0 139 12193 557 1 0. 0. -104980.74
139.923 1 DOWNLINK_STATUS 0 140 12193 557 1 0. 0. -104980.74
140.924 1 DOWNLINK_STATUS 0 141 12193 557 1 0. 0. -109981.51
141.925 1 DOWNLINK_STATUS 0 142 12193 557 1 0. 0. -109981.51
142.926 1 DOWNLINK_STATUS 0 143 12193 557 1 0. 0. -109981.51
143.927 1 DOWNLINK_STATUS 0 144 12193 557 1 0. 0. -109981.51
144.597 1 WIND_INFO 1 42 0. 0. 0.
144.927 1 DOWNLINK_STATUS 0 145 12193 557 1 0. 0. -109981.51
145.928 1 DOWNLINK_STATUS 0 146 12193 557 1 0. 0. -114982.5
146.929 1 DOWNLINK_STATUS 0 147 12193 557 1 0. 0. -114982.5
147.931 1 DOWNLINK_STATUS 0 148 12193 557 1 0. 0. -114982.5
148.932 1 DOWNLINK_STATUS 0 149 12193 557 1 0. 0. -114982.5
149.933 1 DOWNLINK_STATUS 0 150 12193 557 1 0. 0. -114982.5
150.935 1 DOWNLINK_STATUS 0 151 12193 557 1 0. 0. -119983.69
151.936 1 DOWNLINK_STATUS 0 152 12193 557 1 0. 0. -119983.69
152.937 1 DOWNLINK_STATUS 0 153 12193 557 1 0. 0. -119983.69
153.939 1 DOWNLINK_STATUS 0 154 12193 557 1 0. 0. -119983.69
154.597 1 WIND_INFO 1 42 0. 0. 0.
154.939 1 DOWNLINK_STATUS 0 155 12193 557 1 0. 0. -119983.69
155.940 1 DOWNLINK_STATUS 0 156 12193 557 1 0. 0. -124984.42
156.941 1 DOWNLINK_STATUS 0 157 12193 557 1 0. 0. -124984.42
157.943 1 DOWNLINK_STATUS 0 158 12193 557 1 0. 0. -124984.42
158.944 1 DOWNLINK_STATUS 0 159 12193 557 1 0. 0. -124984.42
159.944 1 DOWNLINK_STATUS 0 160 12193 557 1 0. 0. -124984.42
160.946 1 DOWNLINK_STATUS 0 161 12193 557 1 0. 0. -129985.8
161.947 1 DOWNLINK_STATUS 0 162 12193 557 1 0. 0. -129985.8
162.948 1 DOWNLINK_STATUS 0 163 12193 557 1 0. 0. -129985.8
163.948 1 DOWNLINK_STATUS 0 164 12193 557 1 0. 0. -129985.8
164.598 1 WIND_INFO 1 42 0. 0. 0.
164.948 1 DOWNLINK_STATUS 0 165 12193 557 1 0. 0. -129985.8
165.949 1 DOWNLINK_STATUS 0 166 12193 557 1 0. 0. -134986.65
166.950 1 DOWNLINK_STATUS 0 167 12193 557 1 0. 0. -134986.65
167.952 1 DOWNLINK_STATUS 0 168 12193 557 1 0. 0. -134986.65
168.953 1 DOWNLINK_STATUS 0 169 12193 557 1 0. 0. -134986.65
169.954 1 DOWNLINK_STATUS 0 170 12193 557 1 0. 0. -134986.65
170.955 1 DOWNLINK_STATUS 0 171 12193 557 1 0. 0. -139986.89
171.956 1 DOWNLINK_STATUS 0 172 12193 557 1 0. 0. -139986.89
172.958 1 DOWNLINK_STATUS 0 173 12193 557 1 0. 0. -139986.89
173.958 1 DOWNLINK_STATUS 0 174 12193 557 1 0. 0. -139986.89
174.598 1 WIND_INFO 1 42 0. 0. 0.
174.959 1 DOWNLINK_STATUS 0 175 12193 557 1 0. 0. -139986.89
175.960 1 DOWNLINK_STATUS 0 176 12193 557 1 0. 0. -144987.93
176.961 1 DOWNLINK_STATUS 0 177 12193 557 1 0. 0. -144987.93
177.962 1 DOWNLINK_STATUS 0 178 12193 557 1 0. 0. -144987.93
178.964 1 DOWNLINK_STATUS 0 179 12193 557 1 0. 0. -144987.93
179.965 1 DOWNLINK_STATUS 0 180 12193 557 1 0. 0. -144987.93
180.966 1 DOWNLINK_STATUS 0 181 12193 557 1 0. 0. -149989.27
181.967 1 DOWNLINK_STATUS 0 182 12193 557 1 0. 0. -149989.27
182.968 1 DOWNLINK_STATUS 0 183 12193 557 1 0. 0. -149989.27
183.969 1 DOWNLINK_STATUS 0 184 12193 557 1 0. 0. -149989.27
184.598 1 WIND_INFO 1 42 0. 0. 0.
184.970 1 DOWNLINK_STATUS 0 185 12193 557 1 0. 0. -149989.27
185.971 1 DOWNLINK_STATUS 0 186 12193 557 1 0. 0. -154990.12
186.973 1 DOWNLINK_STATUS 0 187 12193 557 1 0. 0. -154990.12
187.973 1 DOWNLINK_STATUS 0 188 12193 557 1 0. 0. -154990.12
188.974 1 DOWNLINK_STATUS 0 189 12193 557 1 0. 0. -154990.12
189.976 1 DOWNLINK_STATUS 0 190 12193 557 1 0. 0. -154990.12
190.977 1 DOWNLINK_STATUS 0 191 12193 557 1 0. 0. -159991.11
191.978 1 DOWNLINK_STATUS 0 192 12193 557 1 0. 0. -159991.11
192.980 1 DOWNLINK_STATUS 0 193 12193 557 1 0. 0. -159991.11
193.981 1 DOWNLINK_STATUS 0 194 12193 557 1 0. 0. -159991.11
194.598 1 WIND_INFO 1 42 0. 0. 0.
194.982 1 DOWNLINK_STATUS 0 195 12193 557 1 0. 0. -159991.11
195.983 1 DOWNLINK_STATUS 0 196 12193 557 1 0. 0. -164992.
196.984 1 DOWNLINK_STATUS 0 197 12193 557 1 0. 0. -164992.
197.985 1 DOWNLINK_STATUS 0 198 12193 557 1 0. 0. -164992.
198.986 1 DOWNLINK_STATUS 0 199 12193 557 1 0. 0. -164992.
199.988 1 DOWNLINK_STATUS 0 200 12193 557 1 0. 0. -164992.
200.989 1 DOWNLINK_STATUS 0 201 12193 557 1 0. 0. -169993.19
201.990 1 DOWNLINK_STATUS 0 202 12193 557 1 0. 0. -169993.19
202.991 1 DOWNLINK_STATUS 0 203 12193 557 1 0. 0. -169993.19
203.992 1 DOWNLINK_STATUS 0 204 12193 557 1 0. 0. -169993.19
204.606 1 WIND_INFO 1 42 0. 0. 0.
204.993 1 DOWNLINK_STATUS 0 205 12193 557 1 0. 0. -169993.19
205.994 1 DOWNLINK_STATUS 0 206 12193 557 1 0. 0. -174993.65
206.995 1 DOWNLINK_STATUS 0 207 12193 557 1 0. 0. -174993.65
207.996 1 DOWNLINK_STATUS 0 208 12193 557 1 0. 0. -174993.65
208.997 1 DOWNLINK_STATUS 0 209 12193 557 1 0. 0. -174993.65
209.999 1 DOWNLINK_STATUS 0 210 12193 557 1 0. 0. -174993.65
211.000 1 DOWNLINK_STATUS 0 211 12193 557 1 0. 0. -179994.99
212.001 1 DOWNLINK_STATUS 0 212 12193 557 1 0. 0. -179994.99
213.003 1 DOWNLINK_STATUS 0 213 12193 557 1 0. 0. -179994.99
214.003 1 DOWNLINK_STATUS 0 214 12193 557 1 0. 0. -179994.99
214.599 1 WIND_INFO 1 42 0. 0. 0.
215.004 1 DOWNLINK_STATUS 0 215 12193 557 1 0. 0. -179994.99
216.006 1 DOWNLINK_STATUS 0 216 12193 557 1 0. 0. -184995.78
217.007 1 DOWNLINK_STATUS 0 217 12193 557 1 0. 0. -184995.78
218.009 1 DOWNLINK_STATUS 0 218 12193 557 1 0. 0. -184995.78
219.009 1 DOWNLINK_STATUS 0 219 12193 557 1 0. 0. -184995.78
220.010 1 DOWNLINK_STATUS 0 220 12193 557 1 0. 0. -184995.78
221.011 1 DOWNLINK_STATUS 0 221 12193 557 1 0. 0. -189996.89
222.012 1 DOWNLINK_STATUS 0 222 12193 557 1 0. 0. -189996.89
223.013 1 DOWNLINK_STATUS 0 223 12193 557 1 0. 0. -189996.89
224.013 1 DOWNLINK_STATUS 0 224 12193 557 1 0. 0. -189996.89
224.599 1 WIND_INFO 1 42 0. 0. 0.
225.014 1 DOWNLINK_STATUS 0 225 12193 557 1 0. 0. -189996.89
226.015 1 DOWNLINK_STATUS 0 226 12193 557 1 0. 0. -194998.07
227.016 1 DOWNLINK_STATUS 0 227 12193 557 1 0. 0. -194998.07
228.017 1 DOWNLINK_STATUS 0 228 12193 557 1 0. 0. -194998.07
229.018 1 DOWNLINK_STATUS 0 229 12193 557 1 0. 0. -194998.07
230.020 1 DOWNLINK_STATUS 0 230 12193 557 1 0. 0. -194998.07
231.021 1 DOWNLINK_STATUS 0 231 12193 557 1 0. 0. -199998.99
232.022 1 DOWNLINK_STATUS 0 232 12193 557 1 0. 0. -199998.99
233.023 1 DOWNLINK_STATUS 0 233 12193 557 1 0. 0. -199998.99
234.025 1 DOWNLINK_STATUS 0 234 12193 557 1 0. 0. -199998.99
235.026 1 DOWNLINK_STATUS 0 235 12193 557 1 0. 0. -199998.99
236.028 1 DOWNLINK_STATUS 0 236 12193 557 1 0. 0. -204999.59
237.029 1 DOWNLINK_STATUS 0 237 12193 557 1 0. 0. -204999.59
238.031 1 DOWNLINK_STATUS 0 238 12193 557 1 0. 0. -204999.59
239.032 1 DOWNLINK_STATUS 0 239 12193 557 1 0. 0. -204999.59
240.033 1 DOWNLINK_STATUS 0 240 12193 557 1 0. 0. -204999.59
241.035 1 DOWNLINK_STATUS 0 241 12193 557 1 0. 0. -210000.75
242.036 1 DOWNLINK_STATUS 0 242 12193 557 1 0. 0. -210000.75
243.037 1 DOWNLINK_STATUS 0 243 12193 557 1 0. 0. -210000.75
244.038 1 DOWNLINK_STATUS 0 244 12193 557 1 0. 0. -210000.75
