2.382 2 NAVIGATION 0 1 10959186. -5945715. 0. 1.55455284314e+14 0 0
2.384 2 ATTITUDE 0. 0. 0.
2.483 2 GPS 0 1130805120 0 0 -17000 0 0 0 22750 12 15
2.485 2 SVINFO 15 21 16 1 0 -91 0
2.675 2 WP_MOVED 1 348865. 5945715. 660. 12
2.733 2 GPS 0 1130805120 0 0 -17000 0 0 0 23000 12 16
2.735 2 SVINFO 0 6 16 1 0 -91 0
2.756 2 FBW_STATUS 2 0 1 37 0
2.774 2 DL_VALUE 2 655.
2.777 2 ESTIMATOR 0. 0.
2.874 2 ATTITUDE 0. 0. 0.
2.983 2 GPS 0 1130805120 0 0 -17000 0 0 0 23250 12 1
2.985 2 SVINFO 1 7 16 1 0 -91 0
3.052 2 DOWNLINK_STATUS 0 3 1101 56 1 763. 38. 0.
3.175 2 WP_MOVED 2 348895. 5945815. 660. 12
3.233 2 GPS 0 1130805120 0 0 -17000 0 0 0 23500 12 2
3.239 2 SVINFO 2 8 16 1 0 -91 0
3.286 2 IMU_GYRO -0.029785 0.022217 -0.052979
3.292 2 DESIRED 0. 0. 0. 0. 0. 655. 0. 15.
3.295 2 ESTIMATOR 0. 0.
3.385 2 BAT 0 38 0 0 0 4 0 0
3.390 2 NAVIGATION 0 1 10959186. -5945715. 0. 1.55455284314e+14 0 0
3.393 2 ATTITUDE 0. 0. 0.
3.483 2 GPS 0 1130805120 0 0 -17000 0 0 0 23750 12 3
3.486 2 SVINFO 3 9 16 1 0 -91 0
3.558 2 ACTUATORS |1000,1500,1500,1500,1500,1500|
3.658 2 COMMANDS |0,0,0,0,0,0|
3.680 2 CALIBRATION 0. 0
3.683 2 GPS_SOL 649532224 100000 9999 0
3.686 2 WP_MOVED 3 348965.09375 5945786. 660. 12
3.734 2 GPS 0 1130805120 0 0 -17000 0 0 0 24000 12 4
3.735 2 SVINFO 4 10 16 1 0 -91 0
3.774 2 DOWNLINK 0 455 116
3.776 2 ESTIMATOR 0. 0.
3.874 2 STATE_FILTER_STATUS 2 0
3.877 2 ATTITUDE 0. 0. 0.
3.983 2 GPS 0 1130805120 0 0 -17000 0 0 0 24250 12 5
3.985 2 SVINFO 5 11 16 1 0 -91 0
4.052 2 DOWNLINK_STATUS 0 4 1582 80 1 481. 24. 0.
4.072 2 PPRZ_MODE 2 0 0 0 0 6
4.180 2 ALIVE |166,91,22,49,165,238,135,76,112,82,99,59,20,133,153,139|
4.184 2 WP_MOVED 4 348764.6875 5945795. 660. 12
4.233 2 GPS 0 1130805120 0 0 -17000 0 0 0 24500 12 6
4.235 2 SVINFO 6 12 16 1 0 -91 0
4.280 2 ENERGY 3.8 0. 0 0.
4.282 2 DL_VALUE 3 0.
4.285 2 ESTIMATOR 0. 0.
4.332 2 DESIRED 0. 0. 0. 0. 0. 655. 0. 15.
4.384 2 IMU_GYRO -0.029785 0.022217 -0.052002
4.388 2 NAVIGATION 0 1 10959186. -5945715. 0. 1.55455284314e+14 0 0
4.391 2 ATTITUDE 0. 0. 0.
4.485 2 BAT 0 38 0 0 1 5 0 0
4.491 2 GPS 0 1130805120 0 0 -17000 0 0 0 24750 12 7
4.494 2 SVINFO 7 13 16 1 0 -91 0
4.675 2 WP_MOVED 5 348740. 5945760. 660. 12
4.734 2 GPS 0 1130805120 0 0 -17000 0 0 0 25000 12 8
4.736 2 SVINFO 8 14 16 1 0 -91 0
4.757 2 FBW_STATUS 2 0 1 38 0
4.773 2 ESTIMATOR 0. 0.
4.875 2 ATTITUDE 3.132981 1.81453 -0.241767
4.984 2 GPS 0 1130805120 0 0 -17000 0 0 0 25250 12 9
4.986 2 SVINFO 9 15 16 1 0 -91 0
5.052 2 DOWNLINK_STATUS 0 5 2058 103 1 476. 23. 0.
5.175 2 WP_MOVED 6 348665. 5945815. 660. 12
5.233 2 GPS 0 1130805120 0 0 -17000 0 0 0 25500 12 10
5.235 2 SVINFO 10 16 0 1 0 -91 0
5.272 2 ESTIMATOR 0. 0.
5.392 2 DESIRED 0. 0.33 0. 0. 0. 655. 0. 15.
5.396 2 NAVIGATION 0 1 10959186. -5945715. 0. 1.55455284314e+14 0 0
5.399 2 ATTITUDE 3.132992 1.814518 -0.241679
5.484 2 IMU_GYRO -0.030762 0.023193 -0.052002
5.490 2 GPS 0 1130805120 0 0 -17000 0 0 0 25750 12 11
5.493 2 SVINFO 11 17 16 1 0 -91 0
5.583 2 BAT 0 38 0 0 1 7 0 0
5.615 2 PONG 
5.678 2 GPS_SOL 649534528 100000 9999 0
5.682 2 WP_MOVED 7 349065. 5946015. 660. 12
5.733 2 GPS 0 1130805120 0 0 -17000 0 0 0 26000 12 12
5.735 2 SVINFO 12 18 16 1 0 -91 0
5.777 2 CALIBRATION 0. 0
5.779 2 DL_VALUE 4 0.
5.781 2 ESTIMATOR 0. 0.
5.874 2 ATTITUDE 3.133223 1.814476 -0.241667
5.983 2 GPS 0 1130805120 0 0 -17000 0 0 0 26250 12 13
5.986 2 SVINFO 13 19 16 1 0 -91 0
6.052 2 DOWNLINK_STATUS 0 6 2498 125 1 440. 22. 63.13
6.175 2 WP_MOVED 0 348907. 5945757. 660. 12
6.234 2 GPS 0 1130805120 0 0 -17000 0 0 0 26500 12 14
6.236 2 SVINFO 14 20 16 1 0 -91 0
6.273 2 ESTIMATOR 0. 0.
6.382 2 NAVIGATION 0 1 10959186. -5945715. 0. 1.55455284314e+14 0 0
6.385 2 ATTITUDE 3.13346 1.81425 -0.241833
6.432 2 DESIRED 0. 0.33 0. 0. 0. 655. 0. 15.
6.484 2 GPS 0 1130805120 0 0 -17000 0 0 0 26750 12 15
6.485 2 SVINFO 15 21 16 1 0 -91 0
6.574 2 IMU_GYRO -0.030762 0.022217 -0.052002
6.679 2 BAT 0 38 0 0 1 8 0 0
6.683 2 WP_MOVED 1 348865. 5945715. 660. 12
6.733 2 GPS 0 1130805120 0 0 -17000 0 0 0 27000 12 16
6.735 2 SVINFO 0 6 16 1 0 -91 0
6.756 2 FBW_STATUS 2 0 1 38 0
6.778 2 ENERGY 3.8 0. 0 0.
6.780 2 ESTIMATOR 0. 0.
6.874 2 ATTITUDE 3.133212 1.814316 -0.241928
6.983 2 GPS 0 1130805120 0 0 -17000 0 0 0 27250 12 1
6.985 2 SVINFO 1 7 16 1 0 -91 0
7.052 2 DOWNLINK_STATUS 0 7 2928 145 1 430. 20. 63.13
7.175 2 WP_MOVED 2 348895. 5945815. 660. 12
7.233 2 GPS 0 1130805120 0 0 -17000 0 0 0 27500 12 2
7.235 2 SVINFO 2 8 16 1 0 -91 0
7.275 2 DL_VALUE 5 0.
7.277 2 ESTIMATOR 0. 0.
7.382 2 NAVIGATION 0 1 10959186. -5945715. 0. 1.55455284314e+14 0 0
7.385 2 ATTITUDE 3.133141 1.814216 -0.241921
7.492 2 DESIRED 0. 0.33 0. 0. 0. 655. 0. 15.
7.498 2 GPS 0 1130805120 0 0 -17000 0 0 0 27750 12 3
7.501 2 SVINFO 3 9 16 1 0 -91 0
7.575 2 NAVIGATION_REF 348865 5945715 12 605.
7.681 2 GPS_SOL 649537024 100000 9999 0
7.685 2 IMU_GYRO -0.028564 0.022217 -0.052002
7.689 2 WP_MOVED 3 348965.09375 5945786. 660. 12
7.734 2 GPS 0 1130805120 0 0 -17000 0 0 0 28000 12 4
7.735 2 SVINFO 4 10 16 1 0 -91 0
7.778 2 BAT 0 38 0 0 1 9 0 0
7.780 2 ESTIMATOR 0. 0.
7.875 2 CALIBRATION 0. 0
7.878 2 ATTITUDE 3.13312 1.814105 -0.241876
7.983 2 GPS 0 1130805120 0 0 -17000 0 0 0 28250 12 5
7.985 2 SVINFO 5 11 16 1 0 -91 0
8.053 2 DOWNLINK_STATUS 0 8 3381 167 1 453. 22. 63.13
8.175 2 WP_MOVED 4 348764.6875 5945795. 660. 12
8.233 2 GPS 0 1130805120 0 0 -17000 0 0 0 28500 12 6
8.235 2 SVINFO 6 12 16 1 0 -91 0
8.273 2 ESTIMATOR 0. 0.
8.381 2 NAVIGATION 0 1 10959186. -5945715. 0. 1.55455284314e+14 0 0
8.384 2 ATTITUDE 3.133101 1.813159 -0.24151
8.483 2 GPS 0 1130805120 0 0 -17000 0 0 0 28750 12 7
8.486 2 SVINFO 7 13 16 1 0 -91 0
8.532 2 DESIRED 0. 0.33 0. 0. 0. 655. 0. 15.
8.558 2 ACTUATORS |1000,1500,1146,2000,2000,1500|
8.658 2 COMMANDS |0,-9600,6814,0,0,0|
8.675 2 WP_MOVED 5 348740. 5945760. 660. 12
8.733 2 GPS 0 1130805120 0 0 -17000 0 0 0 29000 12 8
8.736 2 SVINFO 8 14 16 1 0 -91 0
8.756 2 FBW_STATUS 2 0 1 38 0
8.779 2 DL_VALUE 6 100.
8.782 2 IMU_GYRO -0.02002 0.02124 -0.055176
8.784 2 ESTIMATOR 0. 0.
8.882 2 DOWNLINK 0 445 227
8.883 2 STATE_FILTER_STATUS 3 0
8.887 2 BAT 0 38 0 0 1 10 0 0
8.890 2 ATTITUDE 3.132347 1.814794 -0.241694
8.983 2 GPS 0 1130805120 0 0 -17000 0 0 0 29250 12 9
8.985 2 SVINFO 9 15 16 1 0 -91 0
9.053 2 DOWNLINK_STATUS 0 9 3860 191 1 479. 24. 63.13
9.071 2 PPRZ_MODE 2 0 0 0 0 6
9.181 2 ALIVE |166,91,22,49,165,238,135,76,112,82,99,59,20,133,153,139|
9.183 2 WP_MOVED 6 348665. 5945815. 660. 12
9.233 2 GPS 0 1130805120 0 0 -17000 0 0 0 29500 12 10
9.235 2 SVINFO 10 16 0 1 0 -91 0
9.277 2 ENERGY 3.8 0. 0 0.
9.280 2 ESTIMATOR 0. 0.
9.382 2 NAVIGATION 0 1 10959186. -5945715. 0. 1.55455284314e+14 0 0
9.384 2 ATTITUDE 3.130844 1.815586 -0.241785
9.483 2 GPS 0 1130805120 0 0 -17000 0 0 0 29750 12 11
9.485 2 SVINFO 11 17 16 1 0 -91 0
9.582 2 DESIRED 0. 0.33 0. 0. 0. 655. 0. 15.
9.678 2 GPS_SOL 649539648 100000 9999 0
9.681 2 WP_MOVED 7 349065. 5946015. 660. 12
9.733 2 GPS 0 1130805120 0 0 -17000 0 0 0 30000 12 12
9.735 2 SVINFO 12 18 16 1 0 -91 0
9.773 2 ESTIMATOR 0. 0.
9.878 2 IMU_GYRO -0.034912 0.010498 -0.051025
9.881 2 ATTITUDE 3.131255 1.815831 -0.241749
9.986 2 CALIBRATION 0. 0
9.990 2 BAT 0 38 0 0 1 11 0 0
9.995 2 GPS 0 1130805120 0 0 -17000 0 0 0 30250 12 13
9.998 2 SVINFO 13 19 16 1 0 -91 0
10.053 2 DOWNLINK_STATUS 0 10 4338 214 1 478. 23. 63.13
10.175 2 WP_MOVED 0 348907. 5945757. 660. 12
10.233 2 GPS 0 1130805120 0 0 -17000 0 0 0 30500 12 14
10.236 2 SVINFO 14 20 16 1 0 -91 0
10.274 2 DL_VALUE 7 2.
10.277 2 ESTIMATOR 0. 0.
10.382 2 NAVIGATION 0 1 10959186. -5945715. 0. 1.55455284314e+14 0 0
10.384 2 ATTITUDE 3.130162 1.770433 -0.236848
10.482 2 GPS 0 1130805120 0 0 -17000 0 0 0 30750 12 15
10.485 2 SVINFO 15 21 16 1 0 -91 0
10.590 2 PONG 
10.632 2 DESIRED 0. 0.33 0. 0. 0. 655. 0. 15.
10.674 2 WP_MOVED 1 348865. 5945715. 660. 12
10.733 2 GPS 0 1130805120 0 0 -17000 0 0 0 31000 12 16
10.735 2 SVINFO 0 6 16 1 0 -91 0
10.756 2 FBW_STATUS 2 0 1 38 0
10.772 2 ESTIMATOR 0. 0.
10.874 2 ATTITUDE 3.129967 1.769574 -0.236686
10.984 2 IMU_GYRO -0.030762 0.018066 -0.049805
10.990 2 GPS 0 1130805120 0 0 -17000 0 0 0 31250 12 1
10.992 2 SVINFO 1 7 16 1 0 -91 0
11.053 2 DOWNLINK_STATUS 0 11 4744 234 1 406. 20. 37.65
11.075 2 BAT 0 38 0 0 1 12 0 0
11.175 2 WP_MOVED 2 348895. 5945815. 660. 12
11.233 2 GPS 0 1130805120 0 0 -17000 0 0 0 31500 12 2
11.235 2 SVINFO 2 8 16 1 0 -91 0
11.273 2 ESTIMATOR 0. 0.
11.381 2 NAVIGATION 0 1 10959186. -5945715. 0. 1.55455284314e+14 0 0
11.384 2 ATTITUDE 3.130288 1.769656 -0.23699
11.483 2 GPS 0 1130805120 0 0 -17000 0 0 0 31750 12 3
11.486 2 SVINFO 3 9 16 1 0 -91 0
11.687 2 GPS_SOL 649542528 100000 9999 0
11.693 2 DESIRED 0. 0.33 0. 0. 0. 655. 0. 15.
11.697 2 WP_MOVED 3 348965.09375 5945786. 660. 12
11.733 2 GPS 0 1130805120 0 0 -17000 0 0 0 32000 12 4
11.735 2 SVINFO 4 10 16 1 0 -91 0
11.780 2 ENERGY 3.8 0. 0 0.
11.781 2 DL_VALUE 8 0.
11.784 2 ESTIMATOR 0. 0.
11.874 2 ATTITUDE 3.130656 1.769567 -0.23733
11.983 2 GPS 0 1130805120 0 0 -17000 0 0 0 32250 12 5
11.985 2 SVINFO 5 11 16 1 0 -91 0
12.054 2 DOWNLINK_STATUS 0 12 5169 254 1 425. 20. 37.65
12.075 2 CALIBRATION 0. 0
12.078 2 IMU_GYRO -0.030762 0.02124 -0.052002
12.179 2 BAT 0 38 0 0 1 13 0 0
12.182 2 WP_MOVED 4 348764.6875 5945795. 660. 12
12.233 2 GPS 0 1130805120 0 0 -17000 0 0 0 32500 12 6
12.235 2 SVINFO 6 12 16 1 0 -91 0
12.272 2 ESTIMATOR 0. 0.
12.381 2 NAVIGATION 0 1 10959186. -5945715. 0. 1.55455284314e+14 0 0
12.384 2 ATTITUDE 3.130947 1.769391 -0.237662
12.483 2 GPS 0 1130805120 0 0 -17000 0 0 0 32750 12 7
12.485 2 SVINFO 7 13 16 1 0 -91 0
12.591 2 WIND_INFO 2 42 0. 0. 0.
12.675 2 WP_MOVED 5 348740. 5945760. 660. 12
12.742 2 DESIRED 0. 0.33 0. 0. 0. 655. 0. 15.
12.748 2 GPS 0 1130805120 0 0 -17000 0 0 0 33000 12 8
12.750 2 SVINFO 8 14 16 1 0 -91 0
12.756 2 FBW_STATUS 2 0 1 38 0
12.773 2 ESTIMATOR 0. 0.
12.874 2 ATTITUDE 3.131364 1.76929 -0.237963
12.983 2 GPS 0 1130805120 0 0 -17000 0 0 0 33250 12 9
12.986 2 SVINFO 9 15 16 1 0 -91 0
13.054 2 DOWNLINK_STATUS 0 13 5590 274 1 421. 20. 37.65
13.178 2 IMU_GYRO -0.02002 0.027588 -0.04248
13.181 2 WP_MOVED 6 348665. 5945815. 660. 12
13.232 2 GPS 0 1130805120 0 0 -17000 0 0 0 33500 12 10
13.235 2 SVINFO 10 17 16 1 0 -91 0
13.278 2 DL_VALUE 9 1.
13.282 2 BAT 0 38 0 0 1 14 0 0
13.284 2 ESTIMATOR 0. 0.
13.381 2 NAVIGATION 0 1 10959186. -5945715. 0. 1.55455284314e+14 0 0
13.384 2 ATTITUDE 3.130412 1.768301 -0.23249
13.483 2 GPS 0 1130805120 0 0 -17000 0 0 0 33750 12 11
13.485 2 SVINFO 11 18 16 1 0 -91 0
13.557 2 ACTUATORS |1000,1500,1168,2000,2000,1500|
13.657 2 COMMANDS |0,-9600,6384,0,0,0|
13.678 2 GPS_SOL 649545536 100000 9999 0
13.681 2 WP_MOVED 7 349065. 5946015. 660. 12
13.733 2 GPS 0 1130805120 0 0 -17000 0 0 0 34000 12 12
13.735 2 SVINFO 12 19 16 1 0 -91 0
13.785 2 DESIRED 0. 0.33 0. 0. 0. 655. 0. 15.
13.787 2 ESTIMATOR 0. 0.
13.874 2 STATE_FILTER_STATUS 3 0
13.877 2 ATTITUDE 3.128178 1.777304 -0.210798
13.981 2 DOWNLINK 0 442 337
13.987 2 GPS 0 1130805120 0 0 -17000 0 0 0 34250 12 13
13.990 2 SVINFO 13 20 16 1 0 -91 0
14.054 2 DOWNLINK_STATUS 0 14 6071 298 1 481. 24. 37.65
14.072 2 PPRZ_MODE 2 0 0 0 0 6
14.183 2 ALIVE |166,91,22,49,165,238,135,76,112,82,99,59,20,133,153,139|
14.185 2 CALIBRATION 0. 0
14.188 2 WP_MOVED 0 348907. 5945757. 660. 12
14.233 2 GPS 0 1130805120 0 0 -17000 0 0 0 34500 12 14
14.236 2 SVINFO 14 22 16 1 0 -91 0
14.282 2 ENERGY 3.8 0. 0 0.
14.285 2 IMU_GYRO -0.031738 0.024414 0.044678
14.286 2 ESTIMATOR 0. 0.
14.385 2 BAT 0 38 0 0 1 15 0 0
14.389 2 NAVIGATION 0 1 10959186. -5945715. 0. 1.55455284314e+14 0 0
14.392 2 ATTITUDE 3.124641 1.778652 -0.14264
14.482 2 GPS 0 1130805120 0 0 -17000 0 0 0 34750 12 15
14.485 2 SVINFO 15 23 16 1 0 -91 0
14.674 2 WP_MOVED 1 348865. 5945715. 660. 12
14.732 2 GPS 0 1130805120 0 0 -17000 0 0 0 35000 12 16
14.735 2 SVINFO 0 6 16 1 0 -91 0
14.755 2 FBW_STATUS 2 0 1 38 0
14.774 2 DL_VALUE 10 0.
14.776 2 ESTIMATOR 0. 0.
14.831 2 DESIRED 0. 0.33 0. 0. 0. 655. 0. 15.
14.873 2 ATTITUDE 3.130976 1.774179 -0.214335
14.983 2 GPS 0 1130805120 0 0 -17000 0 0 0 35250 12 1
14.985 2 SVINFO 1 8 16 1 0 -91 0
15.054 2 DOWNLINK_STATUS 0 15 6558 322 1 487. 24. 37.65
15.175 2 WP_MOVED 2 348895. 5945815. 660. 12
15.232 2 GPS 0 1130805120 0 0 -17000 0 0 0 35500 12 2
15.235 2 SVINFO 2 10 16 1 0 -91 0
15.272 2 ESTIMATOR 0. 0.
15.383 2 IMU_GYRO -0.034912 0.011475 -0.049805
15.388 2 NAVIGATION 0 1 10959186. -5945715. 0. 1.55455284314e+14 0 0
15.391 2 ATTITUDE 3.133344 1.77129 -0.234061
15.485 2 BAT 0 38 0 0 1 16 0 0
15.491 2 GPS 0 1130805120 0 0 -17000 0 0 0 35750 12 3
15.493 2 SVINFO 3 11 16 1 0 -91 0
15.591 2 PONG 
15.678 2 GPS_SOL 649548800 100000 9999 0
15.681 2 WP_MOVED 3 348965.09375 5945786. 660. 12
15.733 2 GPS 0 1130805120 0 0 -17000 0 0 0 36000 12 4
15.734 2 SVINFO 4 12 16 1 0 -91 0
15.772 2 ESTIMATOR 0. 0.
15.886 2 DESIRED 0. 0.33 0. 0. 0. 655. 0. 15.
15.888 2 ATTITUDE 3.133628 1.771063 -0.234276
15.982 2 GPS 0 1130805120 0 0 -17000 0 0 0 36250 12 5
15.985 2 SVINFO 5 13 16 1 0 -91 0
16.055 2 DOWNLINK_STATUS 0 16 6976 342 1 418. 20. 37.76
16.175 2 WP_MOVED 4 348764.6875 5945795. 660. 12
16.232 2 GPS 0 1130805120 0 0 -17000 0 0 0 36500 12 6
16.235 2 SVINFO 6 15 16 1 0 -91 0
16.276 2 CALIBRATION 0. 0
16.278 2 DL_VALUE 11 0.
16.280 2 ESTIMATOR 0. 0.
16.381 2 NAVIGATION 0 1 10959186. -5945715. 0. 1.55455284314e+14 0 0
16.384 2 ATTITUDE 3.133851 1.770872 -0.234331
16.484 2 IMU_GYRO -0.030762 0.02002 -0.051025
16.489 2 GPS 0 1130805120 0 0 -17000 0 0 0 36750 12 7
16.492 2 SVINFO 7 16 0 1 0 -91 0
16.579 2 NAVIGATION_REF 348865 5945715 12 605.
16.582 2 BAT 0 38 0 0 1 18 0 0
16.675 2 WP_MOVED 5 348740. 5945760. 660. 12
16.733 2 GPS 0 1130805120 0 0 -17000 0 0 0 37000 12 8
16.735 2 SVINFO 8 17 16 1 0 -91 0
16.756 2 FBW_STATUS 2 0 1 37 0
16.777 2 ENERGY 3.7 0. 0 0.
16.780 2 ESTIMATOR 0. 0.
16.874 2 ATTITUDE 3.134151 1.770846 -0.234498
16.932 2 DESIRED 0. 0.33 0. 0. 0. 655. 0. 15.
16.983 2 GPS 0 1130805120 0 0 -17000 0 0 0 37250 12 9
16.984 2 SVINFO 9 19 16 1 0 -91 0
17.055 2 DOWNLINK_STATUS 0 17 7447 365 1 471. 23. 37.76
17.174 2 WP_MOVED 6 348665. 5945815. 660. 12
17.232 2 GPS 0 1130805120 0 0 -17000 0 0 0 37500 12 10
17.235 2 SVINFO 10 20 16 1 0 -91 0
17.272 2 ESTIMATOR 0. 0.
17.380 2 NAVIGATION 0 1 10959186. -5945715. 0. 1.55455284314e+14 0 0
17.384 2 ATTITUDE 3.134461 1.770562 -0.234741
17.482 2 GPS 0 1130805120 0 0 -17000 0 0 0 37750 12 11
17.485 2 SVINFO 11 21 16 1 0 -91 0
17.574 2 IMU_GYRO -0.029785 0.023193 -0.052002
17.682 2 GPS_SOL 649552192 100000 9999 0
17.686 2 BAT 0 38 0 0 1 19 0 0
17.689 2 WP_MOVED 7 349065. 5946015. 660. 12
17.732 2 GPS 0 1130805120 0 0 -17000 0 0 0 38000 12 12
17.735 2 SVINFO 12 22 16 1 0 -91 0
17.774 2 DL_VALUE 12 12000.
17.776 2 ESTIMATOR 0. 0.
17.874 2 ATTITUDE 3.134644 1.770448 -0.23485
17.992 2 DESIRED 0. 0.33 0. 0. 0. 655. 0. 15.
17.997 2 GPS 0 1130805120 0 0 -17000 0 0 0 38250 12 13
18.000 2 SVINFO 13 23 16 1 0 -91 0
18.055 2 DOWNLINK_STATUS 0 18 7870 385 1 423. 20. 37.76
18.175 2 WP_MOVED 0 348907. 5945757. 660. 12
18.233 2 GPS 0 1130805120 0 0 -17000 0 0 0 38500 12 14
18.234 2 SVINFO 14 24 16 1 0 -91 0
18.273 2 ESTIMATOR 0. 0.
18.380 2 CALIBRATION 0. 0
18.385 2 NAVIGATION 0 1 10959186. -5945715. 0. 1.55455284314e+14 0 0
18.387 2 ATTITUDE 3.134885 1.770228 -0.234919
18.482 2 GPS 0 1130805120 0 0 -17000 0 0 0 38750 12 15
18.484 2 SVINFO 15 25 16 1 0 -91 0
18.557 2 ACTUATORS |1000,1500,1150,2000,2000,1500|
18.657 2 COMMANDS |0,-9600,6738,0,0,0|
18.678 2 IMU_GYRO -0.029785 0.023193 -0.052002
18.681 2 WP_MOVED 1 348865. 5945715. 660. 12
18.732 2 GPS 0 1130805120 0 0 -17000 0 0 0 39000 12 16
18.735 2 SVINFO 0 6 16 1 0 -91 0
18.755 2 FBW_STATUS 2 0 1 38 0
18.777 2 BAT 0 38 0 0 1 20 0 0
18.780 2 ESTIMATOR 0. 0.
18.874 2 STATE_FILTER_STATUS 3 0
18.877 2 ATTITUDE 3.134999 1.770156 -0.235146
18.982 2 GPS 0 1130805120 0 0 -17000 0 0 0 39250 12 1
18.985 2 SVINFO 1 11 16 1 0 -91 0
19.031 2 DESIRED 0. 0.33 0. 0. 0. 655. 0. 15.
19.055 2 DOWNLINK_STATUS 0 19 8338 408 1 468. 23. 37.76
19.073 2 DOWNLINK 0 455 450
19.075 2 PPRZ_MODE 2 0 0 0 0 6
19.180 2 ALIVE |166,91,22,49,165,238,135,76,112,82,99,59,20,133,153,139|
19.183 2 WP_MOVED 2 348895. 5945815. 660. 12
19.232 2 GPS 0 1130805120 0 0 -17000 0 0 0 39500 12 2
19.235 2 SVINFO 2 12 16 1 0 -91 0
19.280 2 ENERGY 3.8 0. 0 0.
19.282 2 DL_VALUE 13 1.5
19.284 2 ESTIMATOR 0. 0.
19.381 2 NAVIGATION 0 1 10959186. -5945715. 0. 1.55455284314e+14 0 0
19.384 2 ATTITUDE 3.135208 1.769294 -0.235377
19.483 2 GPS 0 1130805120 0 0 -17000 0 0 0 39750 12 3
19.485 2 SVINFO 3 13 16 1 0 -91 0
19.677 2 GPS_SOL 649555776 100000 9999 0
19.681 2 WP_MOVED 3 348965.09375 5945786. 660. 12
19.733 2 GPS 0 1130805120 0 0 -17000 0 0 0 40000 12 4
19.734 2 SVINFO 4 14 16 1 0 -91 0
19.776 2 IMU_GYRO 0.02124 0.083008 -0.046631
19.778 2 ESTIMATOR 0. 0.
19.878 2 BAT 0 37 0 0 1 21 0 0
19.881 2 ATTITUDE -3.141047 1.776159 -0.23484
19.982 2 GPS 0 1130805120 0 0 -17000 0 0 0 40250 12 5
19.984 2 SVINFO 5 15 16 1 0 -91 0
20.056 2 DOWNLINK_STATUS 0 20 8789 431 1 451. 23. 37.76
20.081 2 DESIRED 0. 0.33 0. 0. 0. 655. 0. 15.
20.174 2 WP_MOVED 4 348764.6875 5945795. 660. 12
20.232 2 GPS 0 1130805120 0 0 -17000 0 0 0 40500 12 6
20.235 2 SVINFO 6 16 0 1 0 -91 0
20.272 2 ESTIMATOR 0. 0.
20.380 2 NAVIGATION 0 1 10959186. -5945715. 0. 1.55455284314e+14 0 0
20.383 2 ATTITUDE -3.14046 1.776474 -0.233463
20.481 2 CALIBRATION 0. 0
20.487 2 GPS 0 1130805120 0 0 -17000 0 0 0 40750 12 7
20.489 2 SVINFO 7 17 16 1 0 -91 0
21.057 2 DOWNLINK_STATUS 0 21 9010 441 1 221. 10. -4962.54
22.058 2 DOWNLINK_STATUS 0 22 9010 441 1 0. 0. -4962.54
22.591 2 WIND_INFO 2 42 0. 0. 0.
23.059 2 DOWNLINK_STATUS 0 23 9010 441 1 0. 0. -4962.54
24.060 2 DOWNLINK_STATUS 0 24 9010 441 1 0. 0. -4962.54
25.061 2 DOWNLINK_STATUS 0 25 9010 441 1 0. 0. -4962.54
26.062 2 DOWNLINK_STATUS 0 26 9010 441 1 0. 0. -9963.78
27.063 2 DOWNLINK_STATUS 0 27 9010 441 1 0. 0. -9963.78
28.064 2 DOWNLINK_STATUS 0 28 9010 441 1 0. 0. -9963.78
29.065 2 DOWNLINK_STATUS 0 29 9010 441 1 0. 0. -9963.78
30.067 2 DOWNLINK_STATUS 0 30 9010 441 1 0. 0. -9963.78
31.068 2 DOWNLINK_STATUS 0 31 9010 441 1 0. 0. -14964.67
32.068 2 DOWNLINK_STATUS 0 32 9010 441 1 0. 0. -14964.67
32.591 2 WIND_INFO 2 42 0. 0. 0.
33.069 2 DOWNLINK_STATUS 0 33 9010 441 1 0. 0. -14964.67
34.070 2 DOWNLINK_STATUS 0 34 9010 441 1 0. 0. -14964.67
35.072 2 DOWNLINK_STATUS 0 35 9010 441 1 0. 0. -14964.67
36.073 2 DOWNLINK_STATUS 0 36 9010 441 1 0. 0. -19965.69
37.074 2 DOWNLINK_STATUS 0 37 9010 441 1 0. 0. -19965.69
38.076 2 DOWNLINK_STATUS 0 38 9010 441 1 0. 0. -19965.69
39.077 2 DOWNLINK_STATUS 0 39 9010 441 1 0. 0. -19965.69
40.079 2 DOWNLINK_STATUS 0 40 9010 441 1 0. 0. -19965.69
41.080 2 DOWNLINK_STATUS 0 41 9010 441 1 0. 0. -24966.47
42.081 2 DOWNLINK_STATUS 0 42 9010 441 1 0. 0. -24966.47
42.591 2 WIND_INFO 2 42 0. 0. 0.
43.082 2 DOWNLINK_STATUS 0 43 9010 441 1 0. 0. -24966.47
44.083 2 DOWNLINK_STATUS 0 44 9010 441 1 0. 0. -24966.47
45.084 2 DOWNLINK_STATUS 0 45 9010 441 1 0. 0. -24966.47
46.086 2 DOWNLINK_STATUS 0 46 9010 441 1 0. 0. -29967.35
47.087 2 DOWNLINK_STATUS 0 47 9010 441 1 0. 0. -29967.35
48.088 2 DOWNLINK_STATUS 0 48 9010 441 1 0. 0. -29967.35
49.089 2 DOWNLINK_STATUS 0 49 9010 441 1 0. 0. -29967.35
50.090 2 DOWNLINK_STATUS 0 50 9010 441 1 0. 0. -29967.35
51.091 2 DOWNLINK_STATUS 0 51 9010 441 1 0. 0. -34967.82
52.093 2 DOWNLINK_STATUS 0 52 9010 441 1 0. 0. -34967.82
52.591 2 WIND_INFO 2 42 0. 0. 0.
53.094 2 DOWNLINK_STATUS 0 53 9010 441 1 0. 0. -34967.82
54.096 2 DOWNLINK_STATUS 0 54 9010 441 1 0. 0. -34967.82
55.097 2 DOWNLINK_STATUS 0 55 9010 441 1 0. 0. -34967.82
56.098 2 DOWNLINK_STATUS 0 56 9010 441 1 0. 0. -39968.82
57.100 2 DOWNLINK_STATUS 0 57 9010 441 1 0. 0. -39968.82
58.100 2 DOWNLINK_STATUS 0 58 9010 441 1 0. 0. -39968.82
59.102 2 DOWNLINK_STATUS 0 59 9010 441 1 0. 0. -39968.82
60.103 2 DOWNLINK_STATUS 0 60 9010 441 1 0. 0. -39968.82
61.104 2 DOWNLINK_STATUS 0 61 9010 441 1 0. 0. -44969.84
62.106 2 DOWNLINK_STATUS 0 62 9010 441 1 0. 0. -44969.84
62.591 2 WIND_INFO 2 42 0. 0. 0.
63.106 2 DOWNLINK_STATUS 0 63 9010 441 1 0. 0. -44969.84
64.108 2 DOWNLINK_STATUS 0 64 9010 441 1 0. 0. -44969.84
65.109 2 DOWNLINK_STATUS 0 65 9010 441 1 0. 0. -44969.84
66.110 2 DOWNLINK_STATUS 0 66 9010 441 1 0. 0. -49970.98
67.111 2 DOWNLINK_STATUS 0 67 9010 441 1 0. 0. -49970.98
68.112 2 DOWNLINK_STATUS 0 68 9010 441 1 0. 0. -49970.98
69.114 2 DOWNLINK_STATUS 0 69 9010 441 1 0. 0. -49970.98
70.114 2 DOWNLINK_STATUS 0 70 9010 441 1 0. 0. -49970.98
71.115 2 DOWNLINK_STATUS 0 71 9010 441 1 0. 0. -54971.68
72.117 2 DOWNLINK_STATUS 0 72 9010 441 1 0. 0. -54971.68
72.591 2 WIND_INFO 2 42 0. 0. 0.
73.117 2 DOWNLINK_STATUS 0 73 9010 441 1 0. 0. -54971.68
74.119 2 DOWNLINK_STATUS 0 74 9010 441 1 0. 0. -54971.68
75.119 2 DOWNLINK_STATUS 0 75 9010 441 1 0. 0. -54971.68
76.120 2 DOWNLINK_STATUS 0 76 9010 441 1 0. 0. -59972.91
77.121 2 DOWNLINK_STATUS 0 77 9010 441 1 0. 0. -59972.91
78.122 2 DOWNLINK_STATUS 0 78 9010 441 1 0. 0. -59972.91
79.123 2 DOWNLINK_STATUS 0 79 9010 441 1 0. 0. -59972.91
80.125 2 DOWNLINK_STATUS 0 80 9010 441 1 0. 0. -59972.91
81.126 2 DOWNLINK_STATUS 0 81 9010 441 1 0. 0. -64973.71
82.128 2 DOWNLINK_STATUS 0 82 9010 441 1 0. 0. -64973.71
82.591 2 WIND_INFO 2 42 0. 0. 0.
83.128 2 DOWNLINK_STATUS 0 83 9010 441 1 0. 0. -64973.71
84.129 2 DOWNLINK_STATUS 0 84 9010 441 1 0. 0. -64973.71
85.131 2 DOWNLINK_STATUS 0 85 9010 441 1 0. 0. -64973.71
86.132 2 DOWNLINK_STATUS 0 86 9010 441 1 0. 0. -69974.42
87.133 2 DOWNLINK_STATUS 0 87 9010 441 1 0. 0. -69974.42
88.135 2 DOWNLINK_STATUS 0 88 9010 441 1 0. 0. -69974.42
89.135 2 DOWNLINK_STATUS 0 89 9010 441 1 0. 0. -69974.42
90.136 2 DOWNLINK_STATUS 0 90 9010 441 1 0. 0. -69974.42
91.137 2 DOWNLINK_STATUS 0 91 9010 441 1 0. 0. -74975.22
92.138 2 DOWNLINK_STATUS 0 92 9010 441 1 0. 0. -74975.22
92.592 2 WIND_INFO 2 42 0. 0. 0.
93.139 2 DOWNLINK_STATUS 0 93 9010 441 1 0. 0. -74975.22
94.140 2 DOWNLINK_STATUS 0 94 9010 441 1 0. 0. -74975.22
95.140 2 DOWNLINK_STATUS 0 95 9010 441 1 0. 0. -74975.22
96.142 2 DOWNLINK_STATUS 0 96 9010 441 1 0. 0. -79976.39
97.143 2 DOWNLINK_STATUS 0 97 9010 441 1 0. 0. -79976.39
98.145 2 DOWNLINK_STATUS 0 98 9010 441 1 0. 0. -79976.39
99.146 2 DOWNLINK_STATUS 0 99 9010 441 1 0. 0. -79976.39
100.147 2 DOWNLINK_STATUS 0 100 9010 441 1 0. 0. -79976.39
101.149 2 DOWNLINK_STATUS 0 101 9010 441 1 0. 0. -84977.3
102.150 2 DOWNLINK_STATUS 0 102 9010 441 1 0. 0. -84977.3
102.592 2 WIND_INFO 2 42 0. 0. 0.
103.151 2 DOWNLINK_STATUS 0 103 9010 441 1 0. 0. -84977.3
104.152 2 DOWNLINK_STATUS 0 104 9010 441 1 0. 0. -84977.3
105.154 2 DOWNLINK_STATUS 0 105 9010 441 1 0. 0. -84977.3
106.155 2 DOWNLINK_STATUS 0 106 9010 441 1 0. 0. -89978.56
107.156 2 DOWNLINK_STATUS 0 107 9010 441 1 0. 0. -89978.56
108.158 2 DOWNLINK_STATUS 0 108 9010 441 1 0. 0. -89978.56
109.159 2 DOWNLINK_STATUS 0 109 9010 441 1 0. 0. -89978.56
110.161 2 DOWNLINK_STATUS 0 110 9010 441 1 0. 0. -89978.56
111.162 2 DOWNLINK_STATUS 0 111 9010 441 1 0. 0. -94979.48
112.162 2 DOWNLINK_STATUS 0 112 9010 441 1 0. 0. -94979.48
112.592 2 WIND_INFO 2 42 0. 0. 0.
113.163 2 DOWNLINK_STATUS 0 113 9010 441 1 0. 0. -94979.48
114.164 2 DOWNLINK_STATUS 0 114 9010 441 1 0. 0. -94979.48
115.165 2 DOWNLINK_STATUS 0 115 9010 441 1 0. 0. -94979.48
116.166 2 DOWNLINK_STATUS 0 116 9010 441 1 0. 0. -99980.5
117.166 2 DOWNLINK_STATUS 0 117 9010 441 1 0. 0. -99980.5
118.168 2 DOWNLINK_STATUS 0 118 9010 441 1 0. 0. -99980.5
119.169 2 DOWNLINK_STATUS 0 119 9010 441 1 0. 0. -99980.5
120.171 2 DOWNLINK_STATUS 0 120 9010 441 1 0. 0. -99980.5
121.172 2 DOWNLINK_STATUS 0 121 9010 441 1 0. 0. -104981.44
122.173 2 DOWNLINK_STATUS 0 122 9010 441 1 0. 0. -104981.44
122.592 2 WIND_INFO 2 42 0. 0. 0.
123.174 2 DOWNLINK_STATUS 0 123 9010 441 1 0. 0. -104981.44
124.175 2 DOWNLINK_STATUS 0 124 9010 441 1 0. 0. -104981.44
125.176 2 DOWNLINK_STATUS 0 125 9010 441 1 0. 0. -104981.44
126.178 2 DOWNLINK_STATUS 0 126 9010 441 1 0. 0. -109982.27
127.179 2 DOWNLINK_STATUS 0 127 9010 441 1 0. 0. -109982.27
128.181 2 DOWNLINK_STATUS 0 128 9010 441 1 0. 0. -109982.27
129.182 2 DOWNLINK_STATUS 0 129 9010 441 1 0. 0. -109982.27
130.183 2 DOWNLINK_STATUS 0 130 9010 441 1 0. 0. -109982.27
131.184 2 DOWNLINK_STATUS 0 131 9010 441 1 0. 0. -114983.19
132.185 2 DOWNLINK_STATUS 0 132 9010 441 1 0. 0. -114983.19
132.592 2 WIND_INFO 2 42 0. 0. 0.
133.186 2 DOWNLINK_STATUS 0 133 9010 441 1 0. 0. -114983.19
134.187 2 DOWNLINK_STATUS 0 134 9010 441 1 0. 0. -114983.19
135.188 2 DOWNLINK_STATUS 0 135 9010 441 1 0. 0. -114983.19
136.190 2 DOWNLINK_STATUS 0 136 9010 441 1 0. 0. -119984.35
137.191 2 DOWNLINK_STATUS 0 137 9010 441 1 0. 0. -119984.35
138.193 2 DOWNLINK_STATUS 0 138 9010 441 1 0. 0. -119984.35
139.194 2 DOWNLINK_STATUS 0 139 9010 441 1 0. 0. -119984.35
140.195 2 DOWNLINK_STATUS 0 140 9010 441 1 0. 0. -119984.35
141.196 2 DOWNLINK_STATUS 0 141 9010 441 1 0. 0. -124985.22
142.198 2 DOWNLINK_STATUS 0 142 9010 441 1 0. 0. -124985.22
142.592 2 WIND_INFO 2 42 0. 0. 0.
143.199 2 DOWNLINK_STATUS 0 143 9010 441 1 0. 0. -124985.22
144.201 2 DOWNLINK_STATUS 0 144 9010 441 1 0. 0. -124985.22
145.202 2 DOWNLINK_STATUS 0 145 9010 441 1 0. 0. -124985.22
146.204 2 DOWNLINK_STATUS 0 146 9010 441 1 0. 0. -129985.97
147.205 2 DOWNLINK_STATUS 0 147 9010 441 1 0. 0. -129985.97
148.206 2 DOWNLINK_STATUS 0 148 9010 441 1 0. 0. -129985.97
149.208 2 DOWNLINK_STATUS 0 149 9010 441 1 0. 0. -129985.97
150.209 2 DOWNLINK_STATUS 0 150 9010 441 1 0. 0. -129985.97
151.210 2 DOWNLINK_STATUS 0 151 9010 441 1 0. 0. -134986.56
152.211 2 DOWNLINK_STATUS 0 152 9010 441 1 0. 0. -134986.56
152.592 2 WIND_INFO 2 42 0. 0. 0.
153.213 2 DOWNLINK_STATUS 0 153 9010 441 1 0. 0. -134986.56
154.214 2 DOWNLINK_STATUS 0 154 9010 441 1 0. 0. -134986.56
155.215 2 DOWNLINK_STATUS 0 155 9010 441 1 0. 0. -134986.56
156.217 2 DOWNLINK_STATUS 0 156 9010 441 1 0. 0. -139987.09
157.218 2 DOWNLINK_STATUS 0 157 9010 441 1 0. 0. -139987.09
158.219 2 DOWNLINK_STATUS 0 158 9010 441 1 0. 0. -139987.09
159.221 2 DOWNLINK_STATUS 0 159 9010 441 1 0. 0. -139987.09
160.222 2 DOWNLINK_STATUS 0 160 9010 441 1 0. 0. -139987.09
161.224 2 DOWNLINK_STATUS 0 161 9010 441 1 0. 0. -144987.92
162.225 2 DOWNLINK_STATUS 0 162 9010 441 1 0. 0. -144987.92
162.592 2 WIND_INFO 2 42 0. 0. 0.
163.226 2 DOWNLINK_STATUS 0 163 9010 441 1 0. 0. -144987.92
164.226 2 DOWNLINK_STATUS 0 164 9010 441 1 0. 0. -144987.92
165.227 2 DOWNLINK_STATUS 0 165 9010 441 1 0. 0. -144987.92
166.228 2 DOWNLINK_STATUS 0 166 9010 441 1 0. 0. -149989.21
167.229 2 DOWNLINK_STATUS 0 167 9010 441 1 0. 0. -149989.21
168.230 2 DOWNLINK_STATUS 0 168 9010 441 1 0. 0. -149989.21
169.231 2 DOWNLINK_STATUS 0 169 9010 441 1 0. 0. -149989.21
170.232 2 DOWNLINK_STATUS 0 170 9010 441 1 0. 0. -149989.21
171.233 2 DOWNLINK_STATUS 0 171 9010 441 1 0. 0. -154990.32
172.234 2 DOWNLINK_STATUS 0 172 9010 441 1 0. 0. -154990.32
172.592 2 WIND_INFO 2 42 0. 0. 0.
173.236 2 DOWNLINK_STATUS 0 173 9010 441 1 0. 0. -154990.32
174.237 2 DOWNLINK_STATUS 0 174 9010 441 1 0. 0. -154990.32
175.238 2 DOWNLINK_STATUS 0 175 9010 441 1 0. 0. -154990.32
176.240 2 DOWNLINK_STATUS 0 176 9010 441 1 0. 0. -159991.1
177.241 2 DOWNLINK_STATUS 0 177 9010 441 1 0. 0. -159991.1
178.242 2 DOWNLINK_STATUS 0 178 9010 441 1 0. 0. -159991.1
179.244 2 DOWNLINK_STATUS 0 179 9010 441 1 0. 0. -159991.1
180.245 2 DOWNLINK_STATUS 0 180 9010 441 1 0. 0. -159991.1
181.247 2 DOWNLINK_STATUS 0 181 9010 441 1 0. 0. -164991.87
182.247 2 DOWNLINK_STATUS 0 182 9010 441 1 0. 0. -164991.87
182.595 2 WIND_INFO 2 42 0. 0. 0.
183.248 2 DOWNLINK_STATUS 0 183 9010 441 1 0. 0. -164991.87
184.250 2 DOWNLINK_STATUS 0 184 9010 441 1 0. 0. -164991.87
185.251 2 DOWNLINK_STATUS 0 185 9010 441 1 0. 0. -164991.87
186.253 2 DOWNLINK_STATUS 0 186 9010 441 1 0. 0. -169992.94
187.254 2 DOWNLINK_STATUS 0 187 9010 441 1 0. 0. -169992.94
188.255 2 DOWNLINK_STATUS 0 188 9010 441 1 0. 0. -169992.94
189.256 2 DOWNLINK_STATUS 0 189 9010 441 1 0. 0. -169992.94
190.257 2 DOWNLINK_STATUS 0 190 9010 441 1 0. 0. -169992.94
191.258 2 DOWNLINK_STATUS 0 191 9010 441 1 0. 0. -174993.97
192.259 2 DOWNLINK_STATUS 0 192 9010 441 1 0. 0. -174993.97
192.595 2 WIND_INFO 2 42 0. 0. 0.
193.260 2 DOWNLINK_STATUS 0 193 9010 441 1 0. 0. -174993.97
194.262 2 DOWNLINK_STATUS 0 194 9010 441 1 0. 0. -174993.97
195.262 2 DOWNLINK_STATUS 0 195 9010 441 1 0. 0. -174993.97
196.264 2 DOWNLINK_STATUS 0 196 9010 441 1 0. 0. -179995.18
197.265 2 DOWNLINK_STATUS 0 197 9010 441 1 0. 0. -179995.18
198.267 2 DOWNLINK_STATUS 0 198 9010 441 1 0. 0. -179995.18
199.268 2 DOWNLINK_STATUS 0 199 9010 441 1 0. 0. -179995.18
200.269 2 DOWNLINK_STATUS 0 200 9010 441 1 0. 0. -179995.18
201.271 2 DOWNLINK_STATUS 0 201 9010 441 1 0. 0. -184996.04
202.271 2 DOWNLINK_STATUS 0 202 9010 441 1 0. 0. -184996.04
202.595 2 WIND_INFO 2 42 0. 0. 0.
203.271 2 DOWNLINK_STATUS 0 203 9010 441 1 0. 0. -184996.04
204.273 2 DOWNLINK_STATUS 0 204 9010 441 1 0. 0. -184996.04
205.274 2 DOWNLINK_STATUS 0 205 9010 441 1 0. 0. -184996.04
205.971 2 STATE_FILTER_STATUS 2 0
205.974 2 IMU_GYRO -0.000977 -0.000977 -0.000977
205.977 2 ATTITUDE 0. 0. 0.
205.992 2 BAT 0 163 0 0 0 0 0 0
205.997 2 GPS 0 1130805120 0 0 -17000 0 0 0 250 12 1
206.000 2 SVINFO 1 2 16 1 0 -91 0
206.008 2 PPRZ_MODE 2 0 0 0 0 6
206.015 2 DESIRED 0. 0. 0. 0. 0. 655. 0. 15.
206.028 2 ALIVE |166,91,22,49,165,238,135,76,112,82,99,59,20,133,153,139|
206.031 2 WP_MOVED 2 348895. 5945815. 660. 12
206.047 2 GPS 0 1130805120 0 0 -17000 0 0 0 500 12 2
206.050 2 SVINFO 2 3 16 1 0 -91 0
206.062 2 ENERGY 16.299999 0. 0 0.
206.065 2 ESTIMATOR 0. 0.
206.081 2 NAVIGATION 0 1 10959186. -5945715. 0. 1.55455284314e+14 0 0
206.084 2 ATTITUDE 0. 0. 0.
206.096 2 CALIBRATION 0. 0
206.102 2 GPS 0 1130805120 0 0 -17000 0 0 0 750 12 3
206.105 2 SVINFO 3 4 16 1 0 -91 0
206.115 2 GPS_SOL 649519040 100000 9999 0
206.118 2 WP_MOVED 3 348965.09375 5945786. 660. 12
206.144 2 GPS 0 1130805120 0 0 -17000 0 0 0 1000 12 4
206.146 2 SVINFO 4 5 16 1 0 -91 0
206.148 2 DL_VALUE 0 0.
206.150 2 ESTIMATOR 0. 0.
206.154 2 ATTITUDE 0. 0. 0.
206.157 2 IMU_GYRO -0.000977 -0.000977 -0.000977
206.162 2 GPS 0 1130805120 0 0 -17000 0 0 0 1250 12 5
206.165 2 SVINFO 5 6 16 1 0 -91 0
206.168 2 BAT 0 163 0 0 0 1 0 0
206.175 2 DESIRED 0. 0. 0. 0. 0. 655. 0. 15.
206.179 2 WP_MOVED 4 348764.6875 5945795. 660. 12
206.184 2 GPS 0 1130805120 0 0 -17000 0 0 0 1500 12 6
206.187 2 SVINFO 6 7 16 1 0 -91 0
206.189 2 ESTIMATOR 0. 0.
206.194 2 NAVIGATION 0 1 10959186. -5945715. 0. 1.55455284314e+14 0 0
206.197 2 ATTITUDE 0. 0. 0.
206.203 2 GPS 0 1130805120 0 0 -17000 0 0 0 1750 12 7
206.217 2 GPS 0 1130805120 0 0 -17000 0 0 0 3500 12 14
206.219 2 SVINFO 14 15 16 1 0 -91 0
206.223 2 BAT 0 163 0 0 0 3 0 0
206.225 2 ESTIMATOR 0. 0.
206.230 2 NAVIGATION 0 1 10959186. -5945715. 0. 1.55455284314e+14 0 0
206.233 2 ATTITUDE 0. 0. 0.
206.265 2 GPS 0 1130805120 0 0 -17000 0 0 0 3750 12 15
206.268 2 SVINFO 15 16 0 1 0 -91 0
206.274 2 DOWNLINK_STATUS 0 206 9981 487 2 971. 46. -189996.9
206.458 2 WP_MOVED 1 348865. 5945715. 660. 12
206.516 2 GPS 0 1130805120 0 0 -17000 0 0 0 4000 12 16
206.518 2 SVINFO 0 1 0 1 0 -91 0
206.539 2 FBW_STATUS 2 0 1 163 0
206.557 2 DL_VALUE 2 655.
206.559 2 ESTIMATOR 0. 0.
206.657 2 ATTITUDE 0. 0. 0.
206.766 2 GPS 0 1130805120 0 0 -17000 0 0 0 4250 12 1
206.767 2 SVINFO 1 2 16 1 0 -91 0
206.957 2 WP_MOVED 2 348895. 5945815. 660. 12
207.015 2 GPS 0 1130805120 0 0 -17000 0 0 0 4500 12 2
207.017 2 SVINFO 2 3 16 1 0 -91 0
207.067 2 IMU_GYRO -0.036133 0.031738 -0.029785
207.074 2 DESIRED 0. 0. 0. 0. 0. 655. 0. 15.
207.076 2 ESTIMATOR 0. 0.
207.167 2 BAT 0 163 0 0 0 4 0 0
207.171 2 NAVIGATION 0 1 10959186. -5945715. 0. 1.55455284314e+14 0 0
207.174 2 ATTITUDE 0. 0. 0.
207.265 2 GPS 0 1130805120 0 0 -17000 0 0 0 4750 12 3
207.268 2 SVINFO 3 4 16 1 0 -91 0
207.274 2 DOWNLINK_STATUS 0 207 10402 507 2 421. 20. -189996.9
207.340 2 ACTUATORS |1000,1500,1500,1500,1500,1500|
207.440 2 COMMANDS |0,0,0,0,0,0|
207.462 2 CALIBRATION 0. 0
207.465 2 GPS_SOL 649519616 100000 9999 0
207.468 2 WP_MOVED 3 348965.09375 5945786. 660. 12
207.515 2 GPS 0 1130805120 0 0 -17000 0 0 0 5000 12 4
207.518 2 SVINFO 4 5 16 1 0 -91 0
207.557 2 DOWNLINK 0 455 116
207.559 2 ESTIMATOR 0. 0.
207.657 2 STATE_FILTER_STATUS 2 0
207.660 2 ATTITUDE 0. 0. 0.
207.766 2 GPS 0 1130805120 0 0 -17000 0 0 0 5250 12 5
207.767 2 SVINFO 5 6 16 1 0 -91 0
207.853 2 PPRZ_MODE 2 0 0 0 0 6
207.963 2 ALIVE |166,91,22,49,165,238,135,76,112,82,99,59,20,133,153,139|
207.965 2 WP_MOVED 4 348764.6875 5945795. 660. 12
208.015 2 GPS 0 1130805120 0 0 -17000 0 0 0 5500 12 6
208.017 2 SVINFO 6 7 16 1 0 -91 0
208.062 2 ENERGY 16.299999 0. 0 0.
208.064 2 DL_VALUE 3 0.
208.066 2 ESTIMATOR 0. 0.
208.115 2 DESIRED 0. 0. 0. 0. 0. 655. 0. 15.
208.165 2 IMU_GYRO -0.012695 0.031738 -0.048828
208.170 2 NAVIGATION 0 1 10959186. -5945715. 0. 1.55455284314e+14 0 0
208.173 2 ATTITUDE 0. 0. 0.
208.267 2 BAT 0 163 0 0 0 5 0 0
208.273 2 GPS 0 1130805120 0 0 -17000 0 0 0 5750 12 7
208.275 2 SVINFO 7 8 16 1 0 -91 0
208.275 2 DOWNLINK_STATUS 0 208 10949 535 2 547. 28. -189996.9
208.457 2 WP_MOVED 5 348740. 5945760. 660. 12
208.515 2 GPS 0 1130805120 0 0 -17000 0 0 0 6000 12 8
208.518 2 SVINFO 8 9 16 1 0 -91 0
208.538 2 FBW_STATUS 2 0 1 163 0
208.555 2 ESTIMATOR 0. 0.
208.656 2 ATTITUDE 3.132893 1.845876 -0.303435
208.765 2 GPS 0 1130805120 0 0 -17000 0 0 0 6250 12 9
208.768 2 SVINFO 9 10 16 1 0 -91 0
208.957 2 WP_MOVED 6 348665. 5945815. 660. 12
209.015 2 GPS 0 1130805120 0 0 -17000 0 0 0 6500 12 10
209.018 2 SVINFO 10 11 16 1 0 -91 0
209.055 2 ESTIMATOR 0. 0.
209.174 2 DESIRED 0. 0.32 0. 0. 0. 655. 0. 15.
209.178 2 NAVIGATION 0 1 10959186. -5945715. 0. 1.55455284314e+14 0 0
209.182 2 ATTITUDE -3.0767 1.791652 -0.227958
209.267 2 IMU_GYRO -0.210693 -0.163818 -0.04248
209.273 2 GPS 0 1130805120 0 0 -17000 0 0 0 6750 12 11
209.274 2 SVINFO 11 12 16 1 0 -91 0
209.276 2 DOWNLINK_STATUS 0 209 11338 553 2 389. 18. -189996.9
209.357 2 BAT 0 163 0 0 0 7 0 0
209.460 2 GPS_SOL 649520128 100000 9999 0
209.463 2 WP_MOVED 7 349065. 5946015. 660. 12
209.515 2 GPS 0 1130805120 0 0 -17000 0 0 0 7000 12 12
209.517 2 SVINFO 12 13 16 1 0 -91 0
209.559 2 CALIBRATION 0. 0
209.561 2 DL_VALUE 4 0.
209.563 2 ESTIMATOR 0. 0.
209.656 2 ATTITUDE -3.066004 1.734182 -0.120742
209.765 2 GPS 0 1130805120 0 0 -17000 0 0 0 7250 12 13
209.767 2 SVINFO 13 14 16 1 0 -91 0
209.957 2 WP_MOVED 0 348907. 5945757. 660. 12
210.015 2 GPS 0 1130805120 0 0 -17000 0 0 0 7500 12 14
210.017 2 SVINFO 14 15 16 1 0 -91 0
210.055 2 ESTIMATOR 0. 0.
210.163 2 NAVIGATION 0 1 10959186. -5945715. 0. 1.55455284314e+14 0 0
210.167 2 ATTITUDE -3.037877 1.696849 -0.020539
210.214 2 DESIRED 0. 0.32 0. 0. 0. 655. 0. 15.
210.265 2 GPS 0 1130805120 0 0 -17000 0 0 0 7750 12 15
210.268 2 SVINFO 15 16 0 1 0 -91 0
210.276 2 DOWNLINK_STATUS 0 210 11754 573 2 416. 20. -189996.9
210.357 2 IMU_GYRO 0.11377 0.032959 -0.041504
210.462 2 BAT 0 163 0 0 0 8 0 0
210.466 2 WP_MOVED 1 348865. 5945715. 660. 12
210.516 2 GPS 0 1130805120 0 0 -17000 0 0 0 8000 12 16
210.517 2 SVINFO 0 1 0 1 0 -91 0
210.538 2 FBW_STATUS 2 0 1 163 0
210.561 2 ENERGY 16.299999 0. 0 0.
210.562 2 ESTIMATOR 0. 0.
210.625 2 PONG 
210.656 2 ATTITUDE -2.842023 1.757074 0.005333
210.765 2 GPS 0 1130805120 0 0 -17000 0 0 0 8250 12 1
210.767 2 SVINFO 1 2 16 1 0 -91 0
210.957 2 WP_MOVED 2 348895. 5945815. 660. 12
211.015 2 GPS 0 1130805120 0 0 -17000 0 0 0 8500 12 2
211.017 2 SVINFO 2 3 16 1 0 -91 0
211.056 2 DL_VALUE 5 0.
211.059 2 ESTIMATOR 0. 0.
211.163 2 NAVIGATION 0 1 10959186. -5945715. 0. 1.55455284314e+14 0 0
211.166 2 ATTITUDE -2.298362 1.755978 0.044132
211.274 2 DESIRED 0. 0.24 0. 0. 0. 655. 0. 15.
211.277 2 DOWNLINK_STATUS 0 211 12154 593 2 400. 20. 37.66
211.280 2 GPS 0 1130805120 0 0 -17000 0 0 0 8750 12 3
211.282 2 SVINFO 3 4 16 1 0 -91 0
211.357 2 NAVIGATION_REF 348865 5945715 12 605.
211.464 2 GPS_SOL 649520832 100000 9999 0
211.467 2 IMU_GYRO -0.241455 0.162598 0.101074
211.471 2 WP_MOVED 3 348965.09375 5945786. 660. 12
211.515 2 GPS 0 1130805120 0 0 -17000 0 0 0 9000 12 4
211.518 2 SVINFO 4 5 16 1 0 -91 0
211.561 2 BAT 0 163 0 0 0 9 0 0
211.563 2 ESTIMATOR 0. 0.
211.658 2 CALIBRATION 0. 0
211.661 2 ATTITUDE -2.332516 1.78136 0.168729
211.765 2 GPS 0 1130805120 0 0 -17000 0 0 0 9250 12 5
211.768 2 SVINFO 5 6 16 1 0 -91 0
211.957 2 WP_MOVED 4 348764.6875 5945795. 660. 12
212.015 2 GPS 0 1130805120 0 0 -17000 0 0 0 9500 12 6
212.017 2 SVINFO 6 7 16 1 0 -91 0
212.054 2 ESTIMATOR 0. 0.
212.164 2 NAVIGATION 0 1 10959186. -5945715. 0. 1.55455284314e+14 0 0
212.166 2 ATTITUDE -2.103759 1.815784 0.124573
212.265 2 GPS 0 1130805120 0 0 -17000 0 0 0 9750 12 7
212.267 2 SVINFO 7 8 16 1 0 -91 0
212.278 2 DOWNLINK_STATUS 0 212 12605 615 2 451. 22. 37.66
212.314 2 DESIRED 0. 0.21 0. 0. 0. 655. 0. 15.
212.340 2 ACTUATORS |1000,1500,1417,1000,1000,1500|
212.440 2 COMMANDS |0,9600,1783,0,0,0|
212.457 2 WP_MOVED 5 348740. 5945760. 660. 12
212.515 2 GPS 0 1130805120 0 0 -17000 0 0 0 10000 12 8
212.517 2 SVINFO 8 9 16 1 0 -91 0
212.538 2 FBW_STATUS 2 0 1 163 0
212.560 2 DL_VALUE 6 100.
212.563 2 IMU_GYRO 0.146729 0.476562 0.657471
212.566 2 ESTIMATOR 0. 0.
212.595 2 WIND_INFO 2 42 0. 0. 0.
212.664 2 DOWNLINK 0 445 227
212.665 2 STATE_FILTER_STATUS 3 0
212.669 2 BAT 0 163 0 0 0 10 0 0
212.672 2 ATTITUDE -1.923649 2.113683 0.079389
212.765 2 GPS 0 1130805120 0 0 -17000 0 0 0 10250 12 9
212.768 2 SVINFO 9 10 16 1 0 -91 0
212.854 2 PPRZ_MODE 2 0 0 0 0 6
212.963 2 ALIVE |166,91,22,49,165,238,135,76,112,82,99,59,20,133,153,139|
212.966 2 WP_MOVED 6 348665. 5945815. 660. 12
213.015 2 GPS 0 1130805120 0 0 -17000 0 0 0 10500 12 10
213.018 2 SVINFO 10 12 16 1 0 -91 0
213.060 2 ENERGY 16.299999 0. 0 0.
213.063 2 ESTIMATOR 0. 0.
213.163 2 NAVIGATION 0 1 10959186. -5945715. 0. 1.55455284314e+14 0 0
213.167 2 ATTITUDE -2.013106 2.574895 0.213316
213.265 2 GPS 0 1130805120 0 0 -17000 0 0 0 10750 12 11
213.267 2 SVINFO 11 13 16 1 0 -91 0
213.278 2 DOWNLINK_STATUS 0 213 13139 642 2 534. 27. 37.66
213.364 2 DESIRED 0. 0.21 0. 0. 0. 655. 0. 15.
213.459 2 GPS_SOL 649521728 100000 9999 0
213.463 2 WP_MOVED 7 349065. 5946015. 660. 12
213.515 2 GPS 0 1130805120 0 0 -17000 0 0 0 11000 12 12
213.517 2 SVINFO 12 14 16 1 0 -91 0
213.554 2 ESTIMATOR 0. 0.
213.660 2 IMU_GYRO 0.789551 0.821533 0.222412
213.663 2 ATTITUDE -1.78681 3.018288 0.131743
213.768 2 CALIBRATION 0. 0
213.771 2 BAT 0 163 0 0 0 11 0 0
213.777 2 GPS 0 1130805120 0 0 -17000 0 0 0 11250 12 13
213.780 2 SVINFO 13 15 16 1 0 -91 0
213.957 2 WP_MOVED 0 348907. 5945757. 660. 12
214.015 2 GPS 0 1130805120 0 0 -17000 0 0 0 11500 12 14
214.017 2 SVINFO 14 16 0 1 0 -91 0
214.056 2 DL_VALUE 7 2.
214.059 2 ESTIMATOR 0. 0.
214.163 2 NAVIGATION 0 1 10959186. -5945715. 0. 1.55455284314e+14 0 0
214.166 2 ATTITUDE -1.660714 -3.114373 0.069503
214.265 2 GPS 0 1130805120 0 0 -17000 0 0 0 11750 12 15
214.268 2 SVINFO 15 17 16 1 0 -91 0
214.278 2 DOWNLINK_STATUS 0 214 13573 663 2 434. 21. 37.66
214.414 2 DESIRED 0. 0.17 0. 0. 0. 655. 0. 15.
214.457 2 WP_MOVED 1 348865. 5945715. 660. 12
214.514 2 GPS 0 1130805120 0 0 -17000 0 0 0 12000 12 16
214.517 2 SVINFO 0 2 16 1 0 -91 0
214.537 2 FBW_STATUS 2 0 1 163 0
214.554 2 ESTIMATOR 0. 0.
214.656 2 ATTITUDE -1.563195 -3.0739 0.033643
214.766 2 IMU_GYRO -0.256348 0.060547 -0.209473
214.771 2 GPS 0 1130805120 0 0 -17000 0 0 0 12250 12 1
214.774 2 SVINFO 1 3 16 1 0 -91 0
214.857 2 BAT 0 163 0 0 0 12 0 0
214.957 2 WP_MOVED 2 348895. 5945815. 660. 12
215.015 2 GPS 0 1130805120 0 0 -17000 0 0 0 12500 12 2
215.017 2 SVINFO 2 4 16 1 0 -91 0
215.054 2 ESTIMATOR 0. 0.
215.163 2 NAVIGATION 0 1 10959186. -5945715. 0. 1.55455284314e+14 0 0
215.166 2 ATTITUDE -1.577408 -3.095203 0.119978
215.265 2 GPS 0 1130805120 0 0 -17000 0 0 0 12750 12 3
215.267 2 SVINFO 3 5 16 1 0 -91 0
215.278 2 DOWNLINK_STATUS 0 215 13983 682 2 410. 19. 37.66
215.468 2 GPS_SOL 649522880 100000 9999 0
215.475 2 DESIRED 0. 0.17 0. 0. 0. 655. 0. 15.
215.478 2 WP_MOVED 3 348965.09375 5945786. 660. 12
215.515 2 GPS 0 1130805120 0 0 -17000 0 0 0 13000 12 4
215.517 2 SVINFO 4 6 16 1 0 -91 0
215.562 2 ENERGY 16.299999 0. 0 0.
215.564 2 DL_VALUE 8 0.
215.567 2 ESTIMATOR 0. 0.
215.625 2 PONG 
215.656 2 ATTITUDE -1.623432 -3.053945 0.16502
215.765 2 GPS 0 1130805120 0 0 -17000 0 0 0 13250 12 5
215.767 2 SVINFO 5 7 16 1 0 -91 0
215.857 2 CALIBRATION 0. 0
215.860 2 IMU_GYRO 0.32666 -0.110596 -0.034912
215.962 2 BAT 0 163 0 0 0 13 0 0
215.964 2 WP_MOVED 4 348764.6875 5945795. 660. 12
216.014 2 GPS 0 1130805120 0 0 -17000 0 0 0 13500 12 6
216.017 2 SVINFO 6 8 16 1 0 -91 0
216.054 2 ESTIMATOR 0. 0.
216.163 2 NAVIGATION 0 1 10959186. -5945715. 0. 1.55455284314e+14 0 0
216.166 2 ATTITUDE -1.727139 -2.929229 -0.034033
216.265 2 GPS 0 1130805120 0 0 -17000 0 0 0 13750 12 7
216.267 2 SVINFO 7 9 16 1 0 -91 0
216.279 2 DOWNLINK_STATUS 0 216 14443 705 2 460. 23. 37.66
216.457 2 WP_MOVED 5 348740. 5945760. 660. 12
216.524 2 DESIRED 0. 0.17 0. 0. 0. 655. 0. 15.
216.529 2 GPS 0 1130805120 0 0 -17000 0 0 0 14000 12 8
216.532 2 SVINFO 8 10 16 1 0 -91 0
216.538 2 FBW_STATUS 2 0 1 163 0
216.554 2 ESTIMATOR 0. 0.
216.656 2 ATTITUDE -1.466389 -2.6257 -0.002362
216.765 2 GPS 0 1130805120 0 0 -17000 0 0 0 14250 12 9
216.767 2 SVINFO 9 11 16 1 0 -91 0
216.960 2 IMU_GYRO 0.564941 0.04248 0.390381
216.964 2 WP_MOVED 6 348665. 5945815. 660. 12
217.015 2 GPS 0 1130805120 0 0 -17000 0 0 0 14500 12 10
217.018 2 SVINFO 10 12 16 1 0 -91 0
217.060 2 DL_VALUE 9 0.
217.065 2 BAT 0 163 0 0 0 14 0 0
217.067 2 ESTIMATOR 0. 0.
217.163 2 NAVIGATION 0 1 10959186. -5945715. 0. 1.55455284314e+14 0 0
217.166 2 ATTITUDE -1.753262 -2.301764 -0.124041
217.264 2 GPS 0 1130805120 0 0 -17000 0 0 0 14750 12 11
217.267 2 SVINFO 11 13 16 1 0 -91 0
217.279 2 DOWNLINK_STATUS 0 217 14864 725 2 421. 20. 37.66
217.339 2 ACTUATORS |1000,1500,1317,1000,1000,1500|
217.439 2 COMMANDS |0,9600,3556,0,0,0|
217.459 2 GPS_SOL 649524160 100000 9999 0
217.463 2 WP_MOVED 7 349065. 5946015. 660. 12
217.514 2 GPS 0 1130805120 0 0 -17000 0 0 0 15000 12 12
217.517 2 SVINFO 12 14 16 1 0 -91 0
217.566 2 DESIRED 0. 0.18 0. 0. 0. 655. 0. 15.
217.569 2 ESTIMATOR 0. 0.
217.656 2 STATE_FILTER_STATUS 3 0
217.659 2 ATTITUDE -1.766127 -1.9789 -0.139261
217.763 2 DOWNLINK 0 442 337
217.769 2 GPS 0 1130805120 0 0 -17000 0 0 0 15250 12 13
217.771 2 SVINFO 13 15 16 1 0 -91 0
217.854 2 PPRZ_MODE 2 0 0 0 0 6
217.965 2 ALIVE |166,91,22,49,165,238,135,76,112,82,99,59,20,133,153,139|
217.966 2 CALIBRATION 0. 0
217.970 2 WP_MOVED 0 348907. 5945757. 660. 12
218.015 2 GPS 0 1130805120 0 0 -17000 0 0 0 15500 12 14
218.017 2 SVINFO 14 16 0 1 0 -91 0
218.064 2 ENERGY 16.299999 0. 0 0.
218.067 2 IMU_GYRO -0.070068 0.256348 0.208496
218.069 2 ESTIMATOR 0. 0.
218.167 2 BAT 0 163 0 0 0 15 0 0
218.171 2 NAVIGATION 0 1 10959186. -5945715. 0. 1.55455284314e+14 0 0
218.174 2 ATTITUDE -1.677723 -1.845551 -0.152034
218.265 2 GPS 0 1130805120 0 0 -17000 0 0 0 15750 12 15
218.268 2 SVINFO 15 17 16 1 0 -91 0
218.279 2 DOWNLINK_STATUS 0 218 15400 752 2 536. 27. 37.66
218.456 2 WP_MOVED 1 348865. 5945715. 660. 12
218.514 2 GPS 0 1130805120 0 0 -17000 0 0 0 16000 12 16
218.517 2 SVINFO 0 2 16 1 0 -91 0
218.537 2 FBW_STATUS 2 0 1 163 0
218.556 2 DL_VALUE 10 0.
218.558 2 ESTIMATOR 0. 0.
218.613 2 DESIRED 0. 0.17 0. 0. 0. 655. 0. 15.
218.656 2 ATTITUDE -1.61767 -1.687739 -0.15744
218.764 2 GPS 0 1130805120 0 0 -17000 0 0 0 16250 12 1
218.767 2 SVINFO 1 3 16 1 0 -91 0
218.956 2 WP_MOVED 2 348895. 5945815. 660. 12
219.015 2 GPS 0 1130805120 0 0 -17000 0 0 0 16500 12 2
219.017 2 SVINFO 2 4 16 1 0 -91 0
219.054 2 ESTIMATOR 0. 0.
219.165 2 IMU_GYRO -0.366943 0.21167 -0.031738
219.170 2 NAVIGATION 0 1 10959186. -5945715. 0. 1.55455284314e+14 0 0
219.173 2 ATTITUDE -1.612854 -1.626106 -0.073458
219.267 2 BAT 0 163 0 0 0 16 0 0
219.273 2 GPS 0 1130805120 0 0 -17000 0 0 0 16750 12 3
219.275 2 SVINFO 3 5 16 1 0 -91 0
219.279 2 DOWNLINK_STATUS 0 219 15821 772 2 421. 20. 37.66
219.460 2 GPS_SOL 649525632 100000 9999 0
219.463 2 WP_MOVED 3 348965.09375 5945786. 660. 12
219.515 2 GPS 0 1130805120 0 0 -17000 0 0 0 17000 12 4
219.517 2 SVINFO 4 6 16 1 0 -91 0
219.554 2 ESTIMATOR 0. 0.
219.668 2 DESIRED 0. 0.17 0. 0. 0. 655. 0. 15.
219.671 2 ATTITUDE -1.610546 -1.572754 0.035311
219.764 2 GPS 0 1130805120 0 0 -17000 0 0 0 17250 12 5
219.767 2 SVINFO 5 7 16 1 0 -91 0
219.956 2 WP_MOVED 4 348764.6875 5945795. 660. 12
220.014 2 GPS 0 1130805120 0 0 -17000 0 0 0 17500 12 6
220.017 2 SVINFO 6 8 16 1 0 -91 0
220.058 2 CALIBRATION 0. 0
220.060 2 DL_VALUE 11 0.
220.063 2 ESTIMATOR 0. 0.
220.166 2 NAVIGATION 0 1 10959186. -5945715. 0. 1.55455284314e+14 0 0
220.167 2 ATTITUDE -1.655458 -1.514343 0.059635
220.266 2 IMU_GYRO -0.044678 -0.103027 -0.108398
220.271 2 GPS 0 1130805120 0 0 -17000 0 0 0 17750 12 7
220.274 2 SVINFO 7 9 16 1 0 -91 0
220.279 2 DOWNLINK_STATUS 0 220 16234 792 2 413. 20. 37.66
220.361 2 NAVIGATION_REF 348865 5945715 12 605.
220.364 2 BAT 0 163 0 0 0 18 0 0
220.457 2 WP_MOVED 5 348740. 5945760. 660. 12
220.514 2 GPS 0 1130805120 0 0 -17000 0 0 0 18000 12 8
220.517 2 SVINFO 8 10 16 1 0 -91 0
220.538 2 FBW_STATUS 2 0 1 163 0
220.560 2 ENERGY 16.299999 0. 0 0.
220.562 2 ESTIMATOR 0. 0.
220.627 2 PONG 
220.656 2 ATTITUDE -1.733518 -1.511192 0.067698
220.714 2 DESIRED 0. 0.18 0. 0. 0. 655. 0. 15.
220.765 2 GPS 0 1130805120 0 0 -17000 0 0 0 18250 12 9
220.767 2 SVINFO 9 11 16 1 0 -91 0
220.956 2 WP_MOVED 6 348665. 5945815. 660. 12
221.014 2 GPS 0 1130805120 0 0 -17000 0 0 0 18500 12 10
221.016 2 SVINFO 10 12 16 1 0 -91 0
221.054 2 ESTIMATOR 0. 0.
221.162 2 NAVIGATION 0 1 10959186. -5945715. 0. 1.55455284314e+14 0 0
221.165 2 ATTITUDE -1.713897 -1.463969 0.065122
221.264 2 GPS 0 1130805120 0 0 -17000 0 0 0 18750 12 11
221.267 2 SVINFO 11 13 16 1 0 -91 0
221.280 2 DOWNLINK_STATUS 0 221 16671 813 2 437. 21. 37.7
221.355 2 IMU_GYRO 0.036133 0.023193 0.010498
221.464 2 GPS_SOL 649527296 100000 9999 0
221.467 2 BAT 0 163 0 0 0 19 0 0
221.471 2 WP_MOVED 7 349065. 5946015. 660. 12
221.514 2 GPS 0 1130805120 0 0 -17000 0 0 0 19000 12 12
221.517 2 SVINFO 12 15 16 1 0 -91 0
221.556 2 DL_VALUE 12 12000.
221.558 2 ESTIMATOR 0. 0.
221.656 2 ATTITUDE -1.707487 -1.383643 0.043357
221.774 2 DESIRED 0. 0.18 0. 0. 0. 655. 0. 15.
221.779 2 GPS 0 1130805120 0 0 -17000 0 0 0 19250 12 13
221.782 2 SVINFO 13 16 0 1 0 -91 0
221.957 2 WP_MOVED 0 348907. 5945757. 660. 12
222.015 2 GPS 0 1130805120 0 0 -17000 0 0 0 19500 12 14
222.017 2 SVINFO 14 17 16 1 0 -91 0
222.055 2 ESTIMATOR 0. 0.
222.163 2 CALIBRATION 0. 0
222.167 2 NAVIGATION 0 1 10959186. -5945715. 0. 1.55455284314e+14 0 0
222.169 2 ATTITUDE -1.711161 -1.340461 0.029382
222.264 2 GPS 0 1130805120 0 0 -17000 0 0 0 19750 12 15
222.266 2 SVINFO 15 18 16 1 0 -91 0
222.280 2 DOWNLINK_STATUS 0 222 17105 834 2 434. 21. 37.7
222.339 2 ACTUATORS |1000,1500,1406,1000,1000,1500|
222.439 2 COMMANDS |0,9600,1844,0,0,0|
222.459 2 IMU_GYRO -0.012695 0.043457 -0.026367
222.463 2 WP_MOVED 1 348865. 5945715. 660. 12
222.514 2 GPS 0 1130805120 0 0 -17000 0 0 0 20000 12 16
222.516 2 SVINFO 0 2 16 1 0 -91 0
222.537 2 FBW_STATUS 2 0 1 163 0
222.559 2 BAT 0 163 0 0 0 20 0 0
222.562 2 ESTIMATOR 0. 0.
222.595 2 WIND_INFO 2 42 0. 0. 0.
222.656 2 STATE_FILTER_STATUS 3 0
222.659 2 ATTITUDE -1.724743 -1.288794 0.020967
222.764 2 GPS 0 1130805120 0 0 -17000 0 0 0 20250 12 1
222.767 2 SVINFO 1 3 16 1 0 -91 0
222.813 2 DESIRED 0. 0.18 0. 0. 0. 655. 0. 15.
222.855 2 DOWNLINK 0 455 450
222.857 2 PPRZ_MODE 2 0 0 0 0 6
222.962 2 ALIVE |166,91,22,49,165,238,135,76,112,82,99,59,20,133,153,139|
222.965 2 WP_MOVED 2 348895. 5945815. 660. 12
223.014 2 GPS 0 1130805120 0 0 -17000 0 0 0 20500 12 2
223.017 2 SVINFO 2 5 16 1 0 -91 0
223.062 2 ENERGY 16.299999 0. 0 0.
223.064 2 DL_VALUE 13 1.5
223.066 2 ESTIMATOR 0. 0.
223.163 2 NAVIGATION 0 1 10959186. -5945715. 0. 1.55455284314e+14 0 0
223.166 2 ATTITUDE -1.740279 -1.246326 0.000527
223.265 2 GPS 0 1130805120 0 0 -17000 0 0 0 20750 12 3
223.267 2 SVINFO 3 6 16 1 0 -91 0
223.280 2 DOWNLINK_STATUS 0 223 17639 861 2 534. 27. 37.7
223.459 2 GPS_SOL 649529152 100000 9999 0
223.463 2 WP_MOVED 3 348965.09375 5945786. 660. 12
223.514 2 GPS 0 1130805120 0 0 -17000 0 0 0 21000 12 4
223.516 2 SVINFO 4 8 16 1 0 -91 0
223.558 2 IMU_GYRO 0.55542 -0.123291 -0.902344
223.561 2 ESTIMATOR 0. 0.
223.661 2 BAT 0 163 0 0 0 21 0 0
223.663 2 ATTITUDE -1.812114 -1.415407 -0.293401
223.764 2 GPS 0 1130805120 0 0 -17000 0 0 0 21250 12 5
223.766 2 SVINFO 5 9 16 1 0 -91 0
223.863 2 DESIRED 0. 0.19 0. 0. 0. 655. 0. 15.
223.956 2 WP_MOVED 4 348764.6875 5945795. 660. 12
224.014 2 GPS 0 1130805120 0 0 -17000 0 0 0 21500 12 6
224.017 2 SVINFO 6 10 16 1 0 -91 0
224.054 2 ESTIMATOR 0. 0.
224.162 2 NAVIGATION 0 1 10959186. -5945715. 0. 1.55455284314e+14 0 0
224.166 2 ATTITUDE -1.81259 -2.058188 -0.429596
224.263 2 CALIBRATION 0. 0
224.269 2 GPS 0 1130805120 0 0 -17000 0 0 0 21750 12 7
224.271 2 SVINFO 7 11 16 1 0 -91 0
224.280 2 DOWNLINK_STATUS 0 224 18062 881 2 423. 20. 37.7
224.456 2 WP_MOVED 5 348740. 5945760. 660. 12
224.514 2 GPS 0 1130805120 0 0 -17000 0 0 0 22000 12 8
224.517 2 SVINFO 8 13 16 1 0 -91 0
224.538 2 FBW_STATUS 2 0 1 163 0
224.556 2 DL_VALUE 14 0.610865
224.558 2 ESTIMATOR 0. 0.
224.660 2 IMU_GYRO -0.132812 -0.009521 -0.338379
224.662 2 ATTITUDE -1.729518 -2.495336 -0.380434
224.767 2 BAT 0 163 0 0 0 22 0 0
224.773 2 GPS 0 1130805120 0 0 -17000 0 0 0 22250 12 9
224.774 2 SVINFO 9 15 16 1 0 -91 0
224.914 2 DESIRED 0. 0.18 0. 0. 0. 655. 0. 15.
224.956 2 WP_MOVED 6 348665. 5945815. 660. 12
225.014 2 GPS 0 1130805120 0 0 -17000 0 0 0 22500 12 10
225.016 2 SVINFO 10 16 0 1 0 -91 0
225.054 2 ESTIMATOR 0. 0.
225.162 2 NAVIGATION 0 1 10959186. -5945715. 0. 1.55455284314e+14 0 0
225.165 2 ATTITUDE -1.777317 -2.50047 -0.312029
225.264 2 GPS 0 1130805120 0 0 -17000 0 0 0 22750 12 11
225.266 2 SVINFO 11 17 16 1 0 -91 0
225.281 2 DOWNLINK_STATUS 0 225 18483 901 2 421. 20. 37.7
225.459 2 GPS_SOL 649531136 100000 9999 0
225.463 2 WP_MOVED 7 349065. 5946015. 660. 12
225.514 2 GPS 0 1130805120 0 0 -17000 0 0 0 23000 12 12
225.517 2 SVINFO 12 18 16 1 0 -91 0
225.559 2 ENERGY 16.299999 0. 0 0.
225.562 2 ESTIMATOR 0. 0.
225.627 2 PONG 
225.660 2 ATTITUDE -1.776422 -2.46073 -0.261012
225.766 2 IMU_GYRO -0.045654 0.066895 -0.011475
225.771 2 GPS 0 1130805120 0 0 -17000 0 0 0 23250 12 13
225.774 2 SVINFO 13 19 16 1 0 -91 0
225.857 2 BAT 0 163 0 0 0 23 0 0
225.968 2 DESIRED 0. 0.19 0. 0. 0. 655. 0. 15.
225.971 2 WP_MOVED 0 348907. 5945757. 660. 12
226.014 2 GPS 0 1130805120 0 0 -17000 0 0 0 23500 12 14
226.017 2 SVINFO 14 20 16 1 0 -91 0
226.055 2 DL_VALUE 15 7500.
226.058 2 ESTIMATOR 0. 0.
226.162 2 NAVIGATION 0 1 10959186. -5945715. 0. 1.55455284314e+14 0 0
226.165 2 ATTITUDE -1.785106 -2.404131 -0.240072
226.264 2 GPS 0 1130805120 0 0 -17000 0 0 0 23750 12 15
226.266 2 SVINFO 15 21 16 1 0 -91 0
226.281 2 DOWNLINK_STATUS 0 226 18932 923 2 449. 22. 37.69
226.352 2 CALIBRATION 0. 0
226.456 2 WP_MOVED 1 348865. 5945715. 660. 12
226.514 2 GPS 0 1130805120 0 0 -17000 0 0 0 24000 12 16
226.516 2 SVINFO 0 6 16 1 0 -91 0
226.537 2 FBW_STATUS 2 0 1 163 0
226.553 2 ESTIMATOR 0. 0.
226.660 2 ATTITUDE -1.788448 -2.363204 -0.219925
226.764 2 GPS 0 1130805120 0 0 -17000 0 0 0 24250 12 1
226.766 2 SVINFO 1 7 16 1 0 -91 0
226.855 2 IMU_GYRO -0.025391 -0.006348 -0.071289
226.961 2 BAT 0 163 0 0 0 24 0 0
226.964 2 WP_MOVED 2 348895. 5945815. 660. 12
227.023 2 DESIRED 0. 0.19 0. 0. 0. 655. 0. 15.
227.029 2 GPS 0 1130805120 0 0 -17000 0 0 0 24500 12 2
227.031 2 SVINFO 2 8 16 1 0 -91 0
227.054 2 ESTIMATOR 0. 0.
227.162 2 NAVIGATION 0 1 10959186. -5945715. 0. 1.55455284314e+14 0 0
227.166 2 ATTITUDE -1.810001 -2.324048 -0.20599
227.264 2 GPS 0 1130805120 0 0 -17000 0 0 0 24750 12 3
227.267 2 SVINFO 3 9 16 1 0 -91 0
227.281 2 DOWNLINK_STATUS 0 227 19353 943 2 421. 20. 37.69
227.339 2 ACTUATORS |1000,1500,1255,1000,1000,1500|
227.438 2 COMMANDS |0,9600,4722,0,0,0|
227.459 2 GPS_SOL 649533376 100000 9999 0
227.463 2 WP_MOVED 3 348965.09375 5945786. 660. 12
227.514 2 GPS 0 1130805120 0 0 -17000 0 0 0 25000 12 4
227.516 2 SVINFO 4 10 16 1 0 -91 0
227.555 2 DL_VALUE 16 1250.
227.558 2 ESTIMATOR 0. 0.
227.655 2 STATE_FILTER_STATUS 3 0
227.660 2 ATTITUDE -1.867367 -2.288663 -0.197212
227.763 2 GPS 0 1130805120 0 0 -17000 0 0 0 25250 12 5
227.766 2 SVINFO 5 11 16 1 0 -91 0
227.853 2 PPRZ_MODE 2 0 0 0 0 6
227.965 2 DOWNLINK 0 430 558
227.969 2 ALIVE |166,91,22,49,165,238,135,76,112,82,99,59,20,133,153,139|
227.972 2 IMU_GYRO -0.019043 0.022217 -0.149902
227.976 2 WP_MOVED 4 348764.6875 5945795. 660. 12
228.014 2 GPS 0 1130805120 0 0 -17000 0 0 0 25500 12 6
228.016 2 SVINFO 6 12 16 1 0 -91 0
228.072 2 ENERGY 16.299999 0. 0 0.
228.075 2 BAT 0 163 0 0 0 25 0 0
228.082 2 DESIRED 0. 0.2 0. 0. 0. 655. 0. 15.
228.084 2 ESTIMATOR 0. 0.
228.162 2 NAVIGATION 0 1 10959186. -5945715. 0. 1.55455284314e+14 0 0
228.165 2 ATTITUDE -1.888295 -2.271976 -0.186696
228.264 2 GPS 0 1130805120 0 0 -17000 0 0 0 25750 12 7
228.267 2 SVINFO 7 13 16 1 0 -91 0
228.281 2 DOWNLINK_STATUS 0 228 19889 970 2 536. 27. 37.69
228.457 2 CALIBRATION 0. 0
228.460 2 WP_MOVED 5 348740. 5945760. 660. 12
228.514 2 GPS 0 1130805120 0 0 -17000 0 0 0 26000 12 8
228.517 2 SVINFO 8 14 16 1 0 -91 0
228.537 2 FBW_STATUS 2 0 1 163 0
228.554 2 ESTIMATOR 0. 0.
228.656 2 ATTITUDE -1.989833 -2.300972 -0.216577
228.764 2 GPS 0 1130805120 0 0 -17000 0 0 0 26250 12 9
228.766 2 SVINFO 9 15 16 1 0 -91 0
228.955 2 WP_MOVED 6 348665. 5945815. 660. 12
229.014 2 GPS 0 1130805120 0 0 -17000 0 0 0 26500 12 10
229.016 2 SVINFO 10 16 0 1 0 -91 0
229.059 2 DL_VALUE 17 0.45
229.062 2 IMU_GYRO -0.172363 -0.176514 -0.665039
229.065 2 ESTIMATOR 0. 0.
229.112 2 DESIRED 0. 0.21 0. 0. 0. 655. 0. 15.
229.165 2 BAT 0 163 0 0 0 26 0 0
229.170 2 NAVIGATION 0 1 10959186. -5945715. 0. 1.55455284314e+14 0 0
229.173 2 ATTITUDE -1.989702 -2.555696 -0.283057
229.264 2 GPS 0 1130805120 0 0 -17000 0 0 0 26750 12 11
229.266 2 SVINFO 11 17 16 1 0 -91 0
229.282 2 DOWNLINK_STATUS 0 229 20321 991 2 432. 21. 37.69
229.356 2 NAVIGATION_REF 348865 5945715 12 605.
229.459 2 GPS_SOL 649535680 100000 9999 0
229.462 2 WP_MOVED 7 349065. 5946015. 660. 12
229.514 2 GPS 0 1130805120 0 0 -17000 0 0 0 27000 12 12
229.516 2 SVINFO 12 18 16 1 0 -91 0
229.554 2 ESTIMATOR 0. 0.
229.655 2 ATTITUDE -2.025443 -2.942854 -0.249545
229.764 2 GPS 0 1130805120 0 0 -17000 0 0 0 27250 12 13
229.767 2 SVINFO 13 19 16 1 0 -91 0
229.956 2 WP_MOVED 0 348907. 5945757. 660. 12
230.014 2 GPS 0 1130805120 0 0 -17000 0 0 0 27500 12 14
230.017 2 SVINFO 14 20 16 1 0 -91 0
230.053 2 ESTIMATOR 0. 0.
230.172 2 IMU_GYRO -0.142578 0.561768 -0.871582
230.180 2 DESIRED 0. 0.18 0. 0. 0. 655. 0. 15.
230.184 2 NAVIGATION 0 1 10959186. -5945715. 0. 1.55455284314e+14 0 0
230.186 2 ATTITUDE -1.732785 2.9454 -0.358887
230.266 2 BAT 0 163 0 0 0 27 0 0
230.271 2 GPS 0 1130805120 0 0 -17000 0 0 0 27750 12 15
230.274 2 SVINFO 15 21 16 1 0 -91 0
230.282 2 DOWNLINK_STATUS 0 230 20752 1011 2 431. 20. 37.69
230.456 2 WP_MOVED 1 348865. 5945715. 660. 12
230.513 2 GPS 0 1130805120 0 0 -17000 0 0 0 28000 12 16
230.516 2 SVINFO 0 6 16 1 0 -91 0
230.537 2 FBW_STATUS 2 0 1 163 0
230.563 2 ENERGY 16.299999 0. 0 0.
230.565 2 CALIBRATION 0. 0
230.567 2 DL_VALUE 18 0.03
230.570 2 ESTIMATOR 0. 0.
230.627 2 PONG 
230.655 2 ATTITUDE -1.599876 2.648607 -0.394093
230.764 2 GPS 0 1130805120 0 0 -17000 0 0 0 28250 12 1
230.766 2 SVINFO 1 7 16 1 0 -91 0
230.956 2 WP_MOVED 2 348895. 5945815. 660. 12
231.014 2 GPS 0 1130805120 0 0 -17000 0 0 0 28500 12 2
231.016 2 SVINFO 2 8 16 2 25 -91 0
231.054 2 ESTIMATOR 0. 0.
231.165 2 NAVIGATION 0 1 10959186. -5945715. 0. 1.55455284314e+14 0 0
231.166 2 ATTITUDE -1.547629 2.538728 -0.467535
231.214 2 DESIRED 0. 0.16 0. 0. 0. 655. 0. 15.
231.265 2 IMU_GYRO -0.341553 0.02124 -0.083984
231.271 2 GPS 0 1130805120 0 0 -17000 0 0 0 28750 12 3
231.274 2 SVINFO 3 9 16 1 0 -91 0
231.282 2 DOWNLINK_STATUS 0 231 21189 1033 2 437. 22. 37.76
231.357 2 BAT 0 163 0 0 0 29 0 0
231.458 2 GPS_SOL 649538304 100000 9999 0
231.462 2 WP_MOVED 3 348965.09375 5945786. 660. 12
231.513 2 GPS 0 1130805120 0 0 -17000 0 0 0 29000 12 4
231.516 2 SVINFO 4 10 16 1 0 -91 0
231.553 2 ESTIMATOR 0. 0.
231.655 2 ATTITUDE -1.625151 2.628596 -0.314068
231.763 2 GPS 0 1130805120 0 0 -17000 0 0 0 29250 12 5
231.766 2 SVINFO 5 11 16 1 0 -91 0
231.955 2 WP_MOVED 4 348764.6875 5945795. 660. 12
232.014 2 GPS 0 1130805120 0 0 -17000 0 0 0 29500 12 6
232.016 2 SVINFO 6 12 16 1 0 -91 0
232.055 2 DL_VALUE 19 0.15
232.058 2 ESTIMATOR 0. 0.
232.167 2 NAVIGATION 0 1 10959186. -5945715. 0. 1.55455284314e+14 0 0
232.167 2 ATTITUDE -1.689519 2.718236 -0.287441
232.273 2 DESIRED 0. 0.18 0. 0. 0. 655. 0. 15.
232.279 2 GPS 0 1130805120 0 0 -17000 0 0 0 29750 12 7
232.281 2 SVINFO 7 13 16 1 0 -91 0
232.282 2 DOWNLINK_STATUS 0 232 21594 1052 2 405. 19. 37.76
232.339 2 ACTUATORS |1000,1500,1197,1000,1000,1500|
232.355 2 IMU_GYRO 0.103027 0.209473 -0.098877
232.439 2 COMMANDS |0,9600,5922,0,0,0|
232.461 2 BAT 0 163 0 0 0 30 0 0
232.464 2 WP_MOVED 5 348740. 5945760. 660. 12
232.514 2 GPS 0 1130805120 0 0 -17000 0 0 0 30000 12 8
232.516 2 SVINFO 8 14 16 1 0 -91 0
232.537 2 FBW_STATUS 2 0 1 163 0
232.554 2 ESTIMATOR 0. 0.
232.595 2 WIND_INFO 2 42 0. 0. 0.
232.658 2 STATE_FILTER_STATUS 3 0
232.660 2 CALIBRATION 0. 0
232.667 2 ATTITUDE -1.681898 2.758344 -0.329092
232.764 2 GPS 0 1130805120 0 0 -17000 0 0 0 30250 12 9
232.765 2 SVINFO 9 15 16 1 0 -91 0
232.852 2 PPRZ_MODE 2 0 0 0 0 6
232.961 2 ALIVE |166,91,22,49,165,238,135,76,112,82,99,59,20,133,153,139|
232.964 2 WP_MOVED 6 348665. 5945815. 660. 12
233.013 2 GPS 0 1130805120 0 0 -17000 0 0 0 30500 12 10
233.016 2 SVINFO 10 16 0 1 0 -91 0
233.059 2 DOWNLINK 0 464 673
233.063 2 ENERGY 16.299999 0. 0 0.
233.065 2 ESTIMATOR 0. 0.
233.162 2 NAVIGATION 0 1 10959186. -5945715. 0. 1.55455284314e+14 0 0
233.168 2 ATTITUDE -1.688919 2.795782 -0.31527
233.264 2 GPS 0 1130805120 0 0 -17000 0 0 0 30750 12 11
233.266 2 SVINFO 11 17 16 1 0 -91 0
233.282 2 DOWNLINK_STATUS 0 233 22090 1078 2 496. 26. 37.76
233.313 2 DESIRED 0. 0.18 0. 0. 0. 655. 0. 15.
233.463 2 GPS_SOL 649541120 100000 9999 0
233.466 2 IMU_GYRO -0.044678 0.009521 0.025391
233.469 2 WP_MOVED 7 349065. 5946015. 660. 12
233.514 2 GPS 0 1130805120 0 0 -17000 0 0 0 31000 12 12
233.516 2 SVINFO 12 18 16 1 0 -91 0
233.560 2 DL_VALUE 20 0.01
233.563 2 BAT 0 163 0 0 0 31 0 0
233.566 2 ESTIMATOR 0. 0.
233.655 2 ATTITUDE -1.706381 2.873124 -0.286092
233.764 2 GPS 0 1130805120 0 0 -17000 0 0 0 31250 12 13
233.766 2 SVINFO 13 19 16 1 0 -91 0
233.956 2 WP_MOVED 0 348907. 5945757. 660. 12
234.014 2 GPS 0 1130805120 0 0 -17000 0 0 0 31500 12 14
234.016 2 SVINFO 14 20 16 1 0 -91 0
234.053 2 ESTIMATOR 0. 0.
234.162 2 NAVIGATION 0 1 10959186. -5945715. 0. 1.55455284314e+14 0 0
234.170 2 ATTITUDE -1.721936 2.921787 -0.264142
234.263 2 GPS 0 1130805120 0 0 -17000 0 0 0 31750 12 15
234.266 2 SVINFO 15 22 16 1 0 -91 0
234.283 2 DOWNLINK_STATUS 0 234 22513 1098 2 423. 20. 37.76
234.362 2 DESIRED 0. 0.18 0. 0. 0. 655. 0. 15.
234.455 2 WP_MOVED 1 348865. 5945715. 660. 12
234.513 2 GPS 0 1130805120 0 0 -17000 0 0 0 32000 12 16
234.516 2 SVINFO 0 7 16 1 0 -91 0
234.536 2 FBW_STATUS 2 0 1 163 0
234.558 2 IMU_GYRO -0.011475 0.061523 -0.008301
234.560 2 ESTIMATOR 0. 0.
234.660 2 BAT 0 163 0 0 0 32 0 0
234.663 2 ATTITUDE -1.732009 2.986911 -0.258728
234.763 2 CALIBRATION 0. 0
234.768 2 GPS 0 1130805120 0 0 -17000 0 0 0 32250 12 1
234.770 2 SVINFO 1 8 16 1 0 -91 0
234.956 2 WP_MOVED 2 348895. 5945815. 660. 12
235.014 2 GPS 0 1130805120 0 0 -17000 0 0 0 32500 12 2
235.016 2 SVINFO 2 9 16 1 0 -91 0
235.055 2 DL_VALUE 21 0.1
235.058 2 ESTIMATOR 0. 0.
235.162 2 NAVIGATION 0 1 10959186. -5945715. 0. 1.55455284314e+14 0 0
235.165 2 ATTITUDE -1.752042 3.041154 -0.245953
235.264 2 GPS 0 1130805120 0 0 -17000 0 0 0 32750 12 3
235.266 2 SVINFO 3 10 16 2 24 -91 0
235.283 2 DOWNLINK_STATUS 0 235 22945 1119 2 432. 21. 37.76
235.413 2 DESIRED 0. 0.18 0. 0. 0. 655. 0. 15.
235.458 2 GPS_SOL 649544000 100000 9999 0
235.462 2 WP_MOVED 3 348965.09375 5945786. 660. 12
235.514 2 GPS 0 1130805120 0 0 -17000 0 0 0 33000 12 4
235.515 2 SVINFO 4 11 16 1 0 -91 0
235.558 2 ENERGY 16.299999 0. 0 0.
235.560 2 ESTIMATOR 0. 0.
235.627 2 PONG 
235.658 2 IMU_GYRO -0.052979 0.023193 0.012695
235.661 2 ATTITUDE -1.766939 3.100286 -0.223769
235.766 2 BAT 0 163 0 0 0 33 0 0
235.771 2 GPS 0 1130805120 0 0 -17000 0 0 0 33250 12 5
235.774 2 SVINFO 5 12 16 1 0 -91 0
235.955 2 WP_MOVED 4 348764.6875 5945795. 660. 12
236.013 2 GPS 0 1130805120 0 0 -17000 0 0 0 33500 12 6
236.015 2 SVINFO 6 13 16 1 0 -91 0
236.053 2 ESTIMATOR 0. 0.
236.162 2 NAVIGATION 0 1 10959186. -5945715. 0. 1.55455284314e+14 0 0
236.165 2 ATTITUDE -1.795395 -3.106265 -0.197302
236.263 2 GPS 0 1130805120 0 0 -17000 0 0 0 33750 12 7
236.266 2 SVINFO 7 14 16 1 0 -91 0
236.283 2 DOWNLINK_STATUS 0 236 23383 1140 2 438. 21. 37.7
236.467 2 DESIRED 0. 0.19 0. 0. 0. 655. 0. 15.
236.470 2 WP_MOVED 5 348740. 5945760. 660. 12
236.514 2 GPS 0 1130805120 0 0 -17000 0 0 0 34000 12 8
236.516 2 SVINFO 8 15 16 1 0 -91 0
236.537 2 FBW_STATUS 2 0 1 163 0
236.555 2 DL_VALUE 22 0.
236.557 2 ESTIMATOR 0. 0.
236.655 2 ATTITUDE -1.848198 -3.019751 -0.200237
236.765 2 IMU_GYRO 0.076416 -0.076416 0.101074
236.771 2 GPS 0 1130805120 0 0 -17000 0 0 0 34250 12 9
236.772 2 SVINFO 9 16 0 1 0 -91 0
236.857 2 CALIBRATION 0. 0
236.861 2 BAT 0 163 0 0 0 34 0 0
236.956 2 WP_MOVED 6 348665. 5945815. 660. 12
237.013 2 GPS 0 1130805120 0 0 -17000 0 0 0 34500 12 10
237.015 2 SVINFO 10 17 16 1 0 -91 0
237.053 2 ESTIMATOR 0. 0.
237.161 2 NAVIGATION 0 1 10959186. -5945715. 0. 1.55455284314e+14 0 0
237.164 2 ATTITUDE -2.053722 -2.817723 -0.258752
237.263 2 GPS 0 1130805120 0 0 -17000 0 0 0 34750 12 11
237.266 2 SVINFO 11 19 16 1 0 -91 0
237.283 2 DOWNLINK_STATUS 0 237 23815 1161 2 432. 21. 37.7
237.338 2 ACTUATORS |1000,1500,1192,1000,1000,1500|
237.438 2 COMMANDS |0,9600,5780,0,0,0|
237.458 2 GPS_SOL 649547136 100000 9999 0
237.462 2 WP_MOVED 7 349065. 5946015. 660. 12
237.522 2 DESIRED 0. 0.25 0. 0. 0. 655. 0. 15.
237.528 2 GPS 0 1130805120 0 0 -17000 0 0 0 35000 12 12
237.530 2 SVINFO 12 20 16 1 0 -91 0
237.553 2 ESTIMATOR 0. 0.
237.655 2 STATE_FILTER_STATUS 3 0
237.658 2 ATTITUDE -2.569907 -2.402432 -0.167309
237.763 2 GPS 0 1130805120 0 0 -17000 0 0 0 35250 12 13
237.766 2 SVINFO 13 21 16 1 0 -91 0
237.856 2 PPRZ_MODE 2 0 0 0 0 6
237.859 2 IMU_GYRO 0.770264 -0.748047 0.249023
237.965 2 ALIVE |166,91,22,49,165,238,135,76,112,82,99,59,20,133,153,139|
237.969 2 BAT 0 163 0 0 0 35 0 0
237.973 2 WP_MOVED 0 348907. 5945757. 660. 12
238.014 2 GPS 0 1130805120 0 0 -17000 0 0 0 35500 12 14
238.016 2 SVINFO 14 23 16 1 0 -91 0
238.061 2 ENERGY 16.299999 0. 0 0.
238.063 2 DL_VALUE 23 0.05
238.065 2 ESTIMATOR 0. 0.
238.161 2 DOWNLINK 0 450 785
238.166 2 NAVIGATION 0 1 10959186. -5945715. 0. 1.55455284314e+14 0 0
238.169 2 ATTITUDE -3.058596 -2.002635 -0.096956
238.264 2 GPS 0 1130805120 0 0 -17000 0 0 0 35750 12 15
238.265 2 SVINFO 15 24 16 1 0 -91 0
238.284 2 DOWNLINK_STATUS 0 238 24351 1188 2 536. 27. 37.7
238.355 2 NAVIGATION_REF 348865 5945715 12 605.
238.455 2 WP_MOVED 1 348865. 5945715. 660. 12
238.513 2 GPS 0 1130805120 0 0 -17000 0 0 0 36000 12 16
238.515 2 SVINFO 0 9 16 1 0 -91 0
238.536 2 FBW_STATUS 2 0 1 163 0
238.565 2 DESIRED 0. 0.31 0. 0. 0. 655. 0. 15.
238.568 2 ESTIMATOR 0. 0.
238.654 2 ATTITUDE 2.985263 -1.996659 0.018926
238.763 2 GPS 0 1130805120 0 0 -17000 0 0 0 36250 12 1
238.766 2 SVINFO 1 11 16 1 0 -91 0
238.960 2 CALIBRATION 0. 0
238.963 2 IMU_GYRO -0.103027 -0.052979 0.014893
238.967 2 WP_MOVED 2 348895. 5945815. 660. 12
239.013 2 GPS 0 1130805120 0 0 -17000 0 0 0 36500 12 2
239.016 2 SVINFO 2 12 16 1 0 -91 0
239.059 2 BAT 0 163 0 0 0 36 0 0
239.061 2 ESTIMATOR 0. 0.
239.162 2 NAVIGATION 0 1 10959186. -5945715. 0. 1.55455284314e+14 0 0
239.165 2 ATTITUDE 2.834525 -2.077987 0.10288
239.264 2 GPS 0 1130805120 0 0 -17000 0 0 0 36750 12 3
239.266 2 SVINFO 3 13 16 1 0 -91 0
239.284 2 DOWNLINK_STATUS 0 239 24791 1209 2 440. 21. 37.7
239.459 2 GPS_SOL 649550464 100000 9999 0
239.462 2 WP_MOVED 3 348965.09375 5945786. 660. 12
239.514 2 GPS 0 1130805120 0 0 -17000 0 0 0 37000 12 4
239.515 2 SVINFO 4 14 16 1 0 -91 0
239.554 2 DL_VALUE 24 0.
239.557 2 ESTIMATOR 0. 0.
239.613 2 DESIRED 0. 0.29 0. 0. 0. 655. 0. 15.
239.654 2 ATTITUDE 2.792691 -2.135921 0.198943
239.763 2 GPS 0 1130805120 0 0 -17000 0 0 0 37250 12 5
239.766 2 SVINFO 5 15 16 1 0 -91 0
239.955 2 WP_MOVED 4 348764.6875 5945795. 660. 12
240.013 2 GPS 0 1130805120 0 0 -17000 0 0 0 37500 12 6
240.015 2 SVINFO 6 16 0 1 0 -91 0
240.057 2 IMU_GYRO -0.030762 0.011475 -0.031738
240.060 2 ESTIMATOR 0. 0.
240.165 2 BAT 0 163 0 0 0 37 0 0
240.169 2 NAVIGATION 0 1 10959186. -5945715. 0. 1.55455284314e+14 0 0
240.176 2 ATTITUDE 2.761587 -2.150841 0.237952
240.263 2 GPS 0 1130805120 0 0 -17000 0 0 0 37750 12 7
240.266 2 SVINFO 7 17 16 1 0 -91 0
240.284 2 DOWNLINK_STATUS 0 240 25214 1229 2 423. 20. 37.7
240.455 2 WP_MOVED 5 348740. 5945760. 660. 12
240.513 2 GPS 0 1130805120 0 0 -17000 0 0 0 38000 12 8
240.516 2 SVINFO 8 18 16 1 0 -91 0
240.537 2 FBW_STATUS 2 0 1 163 0
240.558 2 ENERGY 16.299999 0. 0 0.
240.561 2 ESTIMATOR 0. 0.
240.628 2 PONG 
240.666 2 DESIRED 0. 0.29 0. 0. 0. 655. 0. 15.
240.669 2 ATTITUDE 2.759311 -2.161989 0.261395
240.764 2 GPS 0 1130805120 0 0 -17000 0 0 0 38250 12 9
240.765 2 SVINFO 9 19 16 1 0 -91 0
240.955 2 WP_MOVED 6 348665. 5945815. 660. 12
241.013 2 GPS 0 1130805120 0 0 -17000 0 0 0 38500 12 10
241.015 2 SVINFO 10 20 16 1 0 -91 0
241.057 2 CALIBRATION 0. 0
241.059 2 DL_VALUE 25 1.000074
241.061 2 ESTIMATOR 0. 0.
241.164 2 IMU_GYRO -0.023193 0.026367 -0.049805
241.168 2 NAVIGATION 0 1 10959186. -5945715. 0. 1.55455284314e+14 0 0
241.171 2 ATTITUDE 2.758635 -2.171403 0.281796
241.265 2 BAT 0 163 0 0 0 38 0 0
241.271 2 GPS 0 1130805120 0 0 -17000 0 0 0 38750 12 11
241.274 2 SVINFO 11 21 16 1 0 -91 0
241.284 2 DOWNLINK_STATUS 0 241 25672 1252 2 458. 23. 37.72
241.458 2 GPS_SOL 649553920 100000 9999 0
241.462 2 WP_MOVED 7 349065. 5946015. 660. 12
241.513 2 GPS 0 1130805120 0 0 -17000 0 0 0 39000 12 12
241.515 2 SVINFO 12 22 16 1 0 -91 0
241.553 2 ESTIMATOR 0. 0.
241.654 2 ATTITUDE 2.757317 -2.180232 0.300956
241.712 2 DESIRED 0. 0.29 0. 0. 0. 655. 0. 15.
241.763 2 GPS 0 1130805120 0 0 -17000 0 0 0 39250 12 13
241.766 2 SVINFO 13 23 16 1 0 -91 0
241.955 2 WP_MOVED 0 348907. 5945757. 660. 12
242.013 2 GPS 0 1130805120 0 0 -17000 0 0 0 39500 12 14
242.016 2 SVINFO 14 24 16 1 0 -91 0
242.052 2 ESTIMATOR 0. 0.
242.161 2 NAVIGATION 0 1 10959186. -5945715. 0. 1.55455284314e+14 0 0
242.164 2 ATTITUDE 2.765032 -2.188568 0.31819
242.285 2 DOWNLINK_STATUS 0 242 25998 1267 2 326. 15. 37.72
242.595 2 WIND_INFO 2 42 0. 0. 0.
243.286 2 DOWNLINK_STATUS 0 243 25998 1267 2 0. 0. 37.72
244.288 2 DOWNLINK_STATUS 0 244 25998 1267 2 0. 0. 37.72
245.289 2 DOWNLINK_STATUS 0 245 25998 1267 2 0. 0. 37.72
246.290 2 DOWNLINK_STATUS 0 246 25998 1267 2 0. 0. -4962.85
247.292 2 DOWNLINK_STATUS 0 247 25998 1267 2 0. 0. -4962.85
248.292 2 DOWNLINK_STATUS 0 248 25998 1267 2 0. 0. -4962.85
249.294 2 DOWNLINK_STATUS 0 249 25998 1267 2 0. 0. -4962.85
250.295 2 DOWNLINK_STATUS 0 250 25998 1267 2 0. 0. -4962.85
251.295 2 DOWNLINK_STATUS 0 251 25998 1267 2 0. 0. -9963.49
252.297 2 DOWNLINK_STATUS 0 252 25998 1267 2 0. 0. -9963.49
252.595 2 WIND_INFO 2 42 0. 0. 0.
253.298 2 DOWNLINK_STATUS 0 253 25998 1267 2 0. 0. -9963.49
254.299 2 DOWNLINK_STATUS 0 254 25998 1267 2 0. 0. -9963.49
255.299 2 DOWNLINK_STATUS 0 255 25998 1267 2 0. 0. -9963.49
256.300 2 DOWNLINK_STATUS 0 256 25998 1267 2 0. 0. -14964.09
257.302 2 DOWNLINK_STATUS 0 257 25998 1267 2 0. 0. -14964.09
258.303 2 DOWNLINK_STATUS 0 258 25998 1267 2 0. 0. -14964.09
259.304 2 DOWNLINK_STATUS 0 259 25998 1267 2 0. 0. -14964.09
