3.285 2 GPS 0 0 0 0 0 0 0 0 0 0 1
3.387 2 DESIRED 0. 0.03 0. 0. 0. 655. 0. 15.
3.483 2 GPS_SOL 0 0 0 0
3.487 2 WP_MOVED 7 349065. 5946015. 660. 12
3.535 2 GPS 0 0 0 0 0 0 0 0 0 0 1
3.578 2 ESTIMATOR 0. 0.
3.683 2 IMU_GYRO -0.032959 0.014893 -0.048828
3.686 2 ATTITUDE -0.275233 -1.577157 -0.008822
3.788 2 CALIBRATION 0. 0
3.792 2 BAT 0 0 0 0 1 11 0 0
3.798 2 GPS 0 0 0 0 0 0 0 0 0 0 1
3.981 2 WP_MOVED 0 348907. 5945757. 660. 12
4.035 2 GPS 0 0 0 0 0 0 0 0 0 0 1
4.041 2 DOWNLINK_STATUS 0 4 1616 73 0 387. 17. 0.
4.079 2 DL_VALUE 7 2.
4.082 2 ESTIMATOR 0. 0.
4.186 2 NAVIGATION 0 1 0. 0. 0. 0. 0 0
4.189 2 ATTITUDE -0.27541 -1.57734 -0.008932
4.285 2 GPS 0 0 0 0 0 0 0 0 0 0 1
4.437 2 DESIRED 0. 0.03 0. 0. 0. 655. 0. 15.
4.480 2 WP_MOVED 1 348865. 5945715. 660. 12
4.535 2 GPS 0 0 0 0 0 0 0 0 0 0 1
4.561 2 FBW_STATUS 2 0 1 0 0
4.578 2 ESTIMATOR 0. 0.
4.680 2 ATTITUDE -0.275575 -1.577523 -0.009054
4.787 2 IMU_GYRO -0.026367 0.012695 -0.049805
4.793 2 GPS 0 0 0 0 0 0 0 0 0 0 1
4.880 2 BAT 0 0 0 0 1 12 0 0
4.980 2 WP_MOVED 2 348895. 5945815. 660. 12
5.035 2 GPS 0 0 0 0 0 0 0 0 0 0 1
5.042 2 DOWNLINK_STATUS 0 5 1981 89 0 365. 16. 0.
5.078 2 ESTIMATOR 0. 0.
5.186 2 NAVIGATION 0 1 0. 0. 0. 0. 0 0
5.189 2 ATTITUDE -0.275702 -1.577449 -0.009091
5.285 2 GPS 0 0 0 0 0 0 0 0 0 0 1
5.492 2 GPS_SOL 0 0 0 0
5.498 2 DESIRED 0. 0.03 0. 0. 0. 655. 0. 15.
5.502 2 WP_MOVED 3 348965.09375 5945786. 660. 12
5.535 2 GPS 0 0 0 0 0 0 0 0 0 0 1
5.587 2 ENERGY 0. 0. 0 0.
5.588 2 DL_VALUE 8 0.
5.591 2 ESTIMATOR 0. 0.
5.591 2 PONG 
5.680 2 ATTITUDE -0.275931 -1.5773 -0.009105
5.786 2 GPS 0 0 0 0 0 0 0 0 0 0 1
5.880 2 CALIBRATION 0. 0
5.883 2 IMU_GYRO -0.030762 0.023193 -0.047852
5.984 2 BAT 0 0 0 0 1 13 0 0
5.988 2 WP_MOVED 4 348764.6875 5945795. 660. 12
6.035 2 GPS 0 0 0 0 0 0 0 0 0 0 1
6.042 2 DOWNLINK_STATUS 0 6 2385 108 0 404. 19. 51.6
6.078 2 ESTIMATOR 0. 0.
6.186 2 NAVIGATION 0 1 0. 0. 0. 0. 0 0
6.189 2 ATTITUDE -0.276197 -1.57726 -0.009008
6.285 2 GPS 0 0 0 0 0 0 0 0 0 0 1
6.480 2 WP_MOVED 5 348740. 5945760. 660. 12
6.544 2 DESIRED 0. 0.03 0. 0. 0. 655. 0. 15.
6.550 2 GPS 0 0 0 0 0 0 0 0 0 0 1
6.561 2 FBW_STATUS 2 0 1 0 0
6.577 2 ESTIMATOR 0. 0.
6.679 2 ATTITUDE -0.276198 -1.577088 -0.008985
6.785 2 GPS 0 0 0 0 0 0 0 0 0 0 1
6.983 2 IMU_GYRO -0.027588 0.013672 -0.049805
6.987 2 WP_MOVED 6 348665. 5945815. 660. 12
7.035 2 GPS 0 0 0 0 0 0 0 0 0 0 1
7.043 2 DOWNLINK_STATUS 0 7 2718 122 0 333. 14. 51.6
7.084 2 DL_VALUE 9 1.
7.088 2 BAT 0 0 0 0 1 14 0 0
7.090 2 ESTIMATOR 0. 0.
7.186 2 NAVIGATION 0 1 0. 0. 0. 0. 0 0
7.189 2 ATTITUDE -0.276414 -1.577197 -0.009046
7.285 2 GPS 0 0 0 0 0 0 0 0 0 0 1
7.363 2 ACTUATORS |1000,1500,1523,1608,1608,1500|
7.463 2 COMMANDS |0,2070,449,0,0,0|
7.483 2 GPS_SOL 0 0 0 0
7.487 2 WP_MOVED 7 349065. 5946015. 660. 12
7.535 2 GPS 0 0 0 0 0 0 0 0 0 0 1
7.591 2 DESIRED 0. 0.03 0. 0. 0. 655. 0. 15.
7.592 2 ESTIMATOR 0. 0.
7.679 2 STATE_FILTER_STATUS 3 0
7.682 2 ATTITUDE -0.27663 -1.577072 -0.008901
7.783 2 DOWNLINK 0 388 276
7.789 2 GPS 0 0 0 0 0 0 0 0 0 0 1
7.877 2 PPRZ_MODE 2 0 0 0 0 6
7.988 2 ALIVE |112,65,74,148,203,97,248,232,165,86,204,87,98,16,169,93|
7.990 2 CALIBRATION 0. 0
7.993 2 WP_MOVED 0 348907. 5945757. 660. 12
8.035 2 GPS 0 0 0 0 0 0 0 0 0 0 1
8.044 2 DOWNLINK_STATUS 0 8 3171 144 0 453. 22. 51.6
8.087 2 ENERGY 0. 0. 0 0.
8.090 2 IMU_GYRO -0.016846 0.009521 -0.049805
8.092 2 ESTIMATOR 0. 0.
8.190 2 BAT 0 0 0 0 1 15 0 0
8.194 2 NAVIGATION 0 1 0. 0. 0. 0. 0 0
8.198 2 ATTITUDE -0.276807 -1.577353 -0.008937
8.285 2 GPS 0 0 0 0 0 0 0 0 0 0 1
8.480 2 WP_MOVED 1 348865. 5945715. 660. 12
8.535 2 GPS 0 0 0 0 0 0 0 0 0 0 1
8.561 2 FBW_STATUS 2 0 1 0 0
8.579 2 DL_VALUE 10 0.
8.582 2 ESTIMATOR 0. 0.
8.637 2 DESIRED 0. 0.03 0. 0. 0. 655. 0. 15.
8.679 2 ATTITUDE -0.276808 -1.577204 -0.008742
8.784 2 GPS 0 0 0 0 0 0 0 0 0 0 1
8.980 2 WP_MOVED 2 348895. 5945815. 660. 12
9.035 2 GPS 0 0 0 0 0 0 0 0 0 0 1
9.045 2 DOWNLINK_STATUS 0 9 3556 161 0 385. 17. 51.6
9.078 2 ESTIMATOR 0. 0.
9.189 2 IMU_GYRO -0.031738 0.018066 -0.049805
9.193 2 NAVIGATION 0 1 0. 0. 0. 0. 0 0
9.196 2 ATTITUDE -0.276975 -1.576896 -0.008621
9.288 2 BAT 0 0 0 0 1 16 0 0
9.293 2 GPS 0 0 0 0 0 0 0 0 0 0 1
9.483 2 GPS_SOL 0 0 0 0
9.486 2 WP_MOVED 3 348965.09375 5945786. 660. 12
9.535 2 GPS 0 0 0 0 0 0 0 0 0 0 1
9.577 2 ESTIMATOR 0. 0.
9.691 2 DESIRED 0. 0.03 0. 0. 0. 655. 0. 15.
9.694 2 ATTITUDE -0.277241 -1.577028 -0.008549
9.785 2 GPS 0 0 0 0 0 0 0 0 0 0 1
9.980 2 WP_MOVED 4 348764.6875 5945795. 660. 12
10.035 2 GPS 0 0 0 0 0 0 0 0 0 0 1
10.046 2 DOWNLINK_STATUS 0 10 3912 176 0 356. 15. 51.6
10.082 2 CALIBRATION 0. 0
10.084 2 DL_VALUE 11 0.
10.086 2 ESTIMATOR 0. 0.
10.186 2 NAVIGATION 0 1 0. 0. 0. 0. 0 0
10.188 2 ATTITUDE -0.277507 -1.577062 -0.00855
10.286 2 IMU_GYRO -0.027588 0.014893 -0.049805
10.291 2 GPS 0 0 0 0 0 0 0 0 0 0 1
10.383 2 NAVIGATION_REF 348865 5945715 12 605.
10.387 2 BAT 0 0 0 0 1 18 0 0
10.480 2 WP_MOVED 5 348740. 5945760. 660. 12
10.534 2 GPS 0 0 0 0 0 0 0 0 0 0 1
10.573 2 FBW_STATUS 2 0 1 0 0
10.632 2 ENERGY 0. 0. 0 0.
10.635 2 ESTIMATOR 0. 0.
10.646 2 PONG 
10.679 2 ATTITUDE -0.278018 -1.57679 -0.008527
10.737 2 DESIRED 0. 0.03 0. 0. 0. 655. 0. 15.
10.785 2 GPS 0 0 0 0 0 0 0 0 0 0 1
10.980 2 WP_MOVED 6 348665. 5945815. 660. 12
11.035 2 GPS 0 0 0 0 0 0 0 0 0 0 1
11.047 2 DOWNLINK_STATUS 0 11 4333 196 0 421. 20. 105.57
11.078 2 ESTIMATOR 0. 0.
11.186 2 NAVIGATION 0 1 0. 0. 0. 0. 0 0
11.189 2 ATTITUDE -0.278284 -1.576836 -0.008442
11.284 2 GPS 0 0 0 0 0 0 0 0 0 0 1
11.379 2 IMU_GYRO -0.029785 0.015869 -0.049805
11.487 2 GPS_SOL 0 0 0 0
11.491 2 BAT 0 0 0 0 1 19 0 0
11.494 2 WP_MOVED 7 349065. 5946015. 660. 12
11.535 2 GPS 0 0 0 0 0 0 0 0 0 0 1
11.579 2 DL_VALUE 12 12000.
11.582 2 ESTIMATOR 0. 0.
11.679 2 ATTITUDE -0.278628 -1.576797 -0.008443
11.794 2 DESIRED 0. 0.03 0. 0. 0. 655. 0. 15.
11.800 2 GPS 0 0 0 0 0 0 0 0 0 0 1
11.980 2 WP_MOVED 0 348907. 5945757. 660. 12
12.034 2 GPS 0 0 0 0 0 0 0 0 0 0 1
12.048 2 DOWNLINK_STATUS 0 12 4700 212 0 367. 16. 105.57
12.077 2 ESTIMATOR 0. 0.
12.185 2 CALIBRATION 0. 0
12.190 2 NAVIGATION 0 1 0. 0. 0. 0. 0 0
12.193 2 ATTITUDE -0.278768 -1.576563 -0.008359
12.284 2 GPS 0 0 0 0 0 0 0 0 0 0 1
12.362 2 ACTUATORS |1000,1500,1523,1609,1609,1500|
12.463 2 COMMANDS |0,2102,449,0,0,0|
12.483 2 IMU_GYRO -0.026367 0.010498 -0.048828
12.487 2 WP_MOVED 1 348865. 5945715. 660. 12
12.534 2 GPS 0 0 0 0 0 0 0 0 0 0 1
12.561 2 FBW_STATUS 2 0 1 0 0
12.583 2 BAT 0 0 0 0 1 20 0 0
12.586 2 ESTIMATOR 0. 0.
12.680 2 STATE_FILTER_STATUS 3 0
12.684 2 ATTITUDE -0.278946 -1.576523 -0.008177
12.785 2 GPS 0 0 0 0 0 0 0 0 0 0 1
12.837 2 DESIRED 0. 0.03 0. 0. 0. 655. 0. 15.
12.878 2 DOWNLINK 0 398 368
12.880 2 PPRZ_MODE 2 0 0 0 0 6
12.986 2 ALIVE |112,65,74,148,203,97,248,232,165,86,204,87,98,16,169,93|
12.988 2 WP_MOVED 2 348895. 5945815. 660. 12
13.034 2 GPS 0 0 0 0 0 0 0 0 0 0 1
13.049 2 DOWNLINK_STATUS 0 13 5158 234 0 458. 22. 105.57
13.085 2 ENERGY 0. 0. 0 0.
13.087 2 DL_VALUE 13 1.5
13.089 2 ESTIMATOR 0. 0.
13.186 2 NAVIGATION 0 1 0. 0. 0. 0. 0 0
13.189 2 ATTITUDE -0.279123 -1.576621 -0.008275
13.284 2 GPS 0 0 0 0 0 0 0 0 0 0 1
13.483 2 GPS_SOL 0 0 0 0
13.486 2 WP_MOVED 3 348965.09375 5945786. 660. 12
13.509 2 WIND_INFO 2 42 0. 0. 0.
13.535 2 GPS 0 0 0 0 0 0 0 0 0 0 1
13.582 2 IMU_GYRO -0.027588 0.014893 -0.049805
13.584 2 ESTIMATOR 0. 0.
13.684 2 BAT 0 0 0 0 1 21 0 0
13.687 2 ATTITUDE -0.27925 -1.576633 -0.008324
13.785 2 GPS 0 0 0 0 0 0 0 0 0 0 1
13.886 2 DESIRED 0. 0.03 0. 0. 0. 655. 0. 15.
13.979 2 WP_MOVED 4 348764.6875 5945795. 660. 12
14.034 2 GPS 0 0 0 0 0 0 0 0 0 0 1
14.050 2 DOWNLINK_STATUS 0 14 5545 251 0 387. 17. 105.57
14.077 2 ESTIMATOR 0. 0.
14.186 2 NAVIGATION 0 1 0. 0. 0. 0. 0 0
14.189 2 ATTITUDE -0.279605 -1.576765 -0.008337
14.283 2 CALIBRATION 0. 0
14.289 2 GPS 0 0 0 0 0 0 0 0 0 0 1
14.480 2 WP_MOVED 5 348740. 5945760. 660. 12
14.535 2 GPS 0 0 0 0 0 0 0 0 0 0 1
14.560 2 FBW_STATUS 2 0 1 0 0
14.579 2 DL_VALUE 14 0.610865
14.581 2 ESTIMATOR 0. 0.
14.682 2 IMU_GYRO -0.029785 0.013672 -0.048828
14.685 2 ATTITUDE -0.279732 -1.576777 -0.008386
14.787 2 BAT 0 0 0 0 1 22 0 0
14.792 2 GPS 0 0 0 0 0 0 0 0 0 0 1
14.936 2 DESIRED 0. 0.03 0. 0. 0. 655. 0. 15.
14.979 2 WP_MOVED 6 348665. 5945815. 660. 12
15.034 2 GPS 0 0 0 0 0 0 0 0 0 0 1
15.050 2 DOWNLINK_STATUS 0 15 5921 268 0 376. 17. 105.57
15.077 2 ESTIMATOR 0. 0.
15.186 2 NAVIGATION 0 1 0. 0. 0. 0. 0 0
15.189 2 ATTITUDE -0.279772 -1.576457 -0.008216
15.285 2 GPS 0 0 0 0 0 0 0 0 0 0 1
15.483 2 GPS_SOL 0 0 0 0
15.487 2 WP_MOVED 7 349065. 5946015. 660. 12
15.534 2 GPS 0 0 0 0 0 0 0 0 0 0 1
15.583 2 ENERGY 0. 0. 0 0.
15.586 2 ESTIMATOR 0. 0.
15.587 2 PONG 
15.678 2 ATTITUDE -0.27981 -1.576543 -0.008277
15.785 2 IMU_GYRO -0.028564 0.011475 -0.049805
15.791 2 GPS 0 0 0 0 0 0 0 0 0 0 1
15.880 2 BAT 0 0 0 0 1 23 0 0
15.991 2 DESIRED 0. 0.03 0. 0. 0. 655. 0. 15.
15.994 2 WP_MOVED 0 348907. 5945757. 660. 12
16.034 2 GPS 0 0 0 0 0 0 0 0 0 0 1
16.051 2 DOWNLINK_STATUS 0 16 6303 285 0 382. 17. 46.62
16.079 2 DL_VALUE 15 7500.
16.082 2 ESTIMATOR 0. 0.
16.186 2 NAVIGATION 0 1 0. 0. 0. 0. 0 0
16.189 2 ATTITUDE -0.280077 -1.576504 -0.00818
16.285 2 GPS 0 0 0 0 0 0 0 0 0 0 1
16.375 2 CALIBRATION 0. 0
16.479 2 WP_MOVED 1 348865. 5945715. 660. 12
16.534 2 GPS 0 0 0 0 0 0 0 0 0 0 1
16.560 2 FBW_STATUS 2 0 1 0 0
16.577 2 ESTIMATOR 0. 0.
16.678 2 ATTITUDE -0.280254 -1.576711 -0.008119
16.784 2 GPS 0 0 0 0 0 0 0 0 0 0 1
16.879 2 IMU_GYRO -0.025391 0.008301 -0.047852
16.984 2 BAT 0 0 0 0 1 24 0 0
16.988 2 WP_MOVED 2 348895. 5945815. 660. 12
17.043 2 DESIRED 0. 0.03 0. 0. 0. 655. 0. 15.
17.049 2 GPS 0 0 0 0 0 0 0 0 0 0 1
17.052 2 DOWNLINK_STATUS 0 17 6679 302 0 376. 17. 46.62
17.077 2 ESTIMATOR 0. 0.
17.186 2 NAVIGATION 0 1 0. 0. 0. 0. 0 0
17.189 2 ATTITUDE -0.279909 -1.577264 -0.008191
17.285 2 GPS 0 0 0 0 0 0 0 0 0 0 1
17.362 2 ACTUATORS |1000,1500,1523,1609,1609,1500|
17.462 2 COMMANDS |0,2091,449,0,0,0|
17.482 2 GPS_SOL 0 0 0 0
17.485 2 WP_MOVED 3 348965.09375 5945786. 660. 12
17.534 2 GPS 0 0 0 0 0 0 0 0 0 0 1
17.578 2 DL_VALUE 16 1250.
17.581 2 ESTIMATOR 0. 0.
17.679 2 STATE_FILTER_STATUS 3 0
17.682 2 ATTITUDE -0.280363 -1.578526 -0.008433
17.784 2 GPS 0 0 0 0 0 0 0 0 0 0 1
17.876 2 PPRZ_MODE 2 0 0 0 0 6
17.989 2 DOWNLINK 0 375 456
17.993 2 ALIVE |112,65,74,148,203,97,248,232,165,86,204,87,98,16,169,93|
17.996 2 IMU_GYRO -0.027588 0.014893 -0.047852
17.999 2 WP_MOVED 4 348764.6875 5945795. 660. 12
18.034 2 GPS 0 0 0 0 0 0 0 0 0 0 1
18.053 2 DOWNLINK_STATUS 0 18 7080 322 0 401. 20. 46.62
18.095 2 ENERGY 0. 0. 0 0.
18.099 2 BAT 0 0 0 0 1 25 0 0
18.105 2 DESIRED 0. 0.03 0. 0. 0. 655. 0. 15.
18.108 2 ESTIMATOR 0. 0.
18.186 2 NAVIGATION 0 1 0. 0. 0. 0. 0 0
18.189 2 ATTITUDE -0.28059 -1.578599 -0.00874
18.285 2 GPS 0 0 0 0 0 0 0 0 0 0 1
18.480 2 CALIBRATION 0. 0
18.483 2 WP_MOVED 5 348740. 5945760. 660. 12
18.534 2 GPS 0 0 0 0 0 0 0 0 0 0 1
18.560 2 FBW_STATUS 2 0 1 0 0
18.577 2 ESTIMATOR 0. 0.
18.678 2 ATTITUDE -0.281148 -1.578892 -0.009095
18.784 2 GPS 0 0 0 0 0 0 0 0 0 0 1
18.979 2 WP_MOVED 6 348665. 5945815. 660. 12
19.035 2 GPS 0 0 0 0 0 0 0 0 0 0 1
19.054 2 DOWNLINK_STATUS 0 19 7447 338 0 367. 16. 46.62
19.083 2 DL_VALUE 17 0.45
19.086 2 IMU_GYRO -0.033936 0.02124 -0.047852
19.089 2 ESTIMATOR 0. 0.
19.137 2 DESIRED 0. 0.03 0. 0. 0. 655. 0. 15.
19.188 2 BAT 0 0 0 0 1 26 0 0
19.194 2 NAVIGATION 0 1 0. 0. 0. 0. 0 0
19.196 2 ATTITUDE -0.280817 -1.578478 -0.009193
19.285 2 GPS 0 0 0 0 0 0 0 0 0 0 1
19.379 2 NAVIGATION_REF 348865 5945715 12 605.
19.482 2 GPS_SOL 0 0 0 0
19.486 2 WP_MOVED 7 349065. 5946015. 660. 12
19.534 2 GPS 0 0 0 0 0 0 0 0 0 0 1
19.577 2 ESTIMATOR 0. 0.
19.678 2 ATTITUDE -0.280933 -1.578123 -0.009376
19.784 2 GPS 0 0 0 0 0 0 0 0 0 0 1
19.980 2 WP_MOVED 0 348907. 5945757. 660. 12
20.035 2 GPS 0 0 0 0 0 0 0 0 0 0 1
20.055 2 DOWNLINK_STATUS 0 20 7833 355 0 386. 17. 46.62
20.076 2 ESTIMATOR 0. 0.
20.196 2 IMU_GYRO -0.027588 0.014893 -0.049805
20.203 2 DESIRED 0. 0.03 0. 0. 0. 655. 0. 15.
20.207 2 NAVIGATION 0 1 0. 0. 0. 0. 0 0
20.210 2 ATTITUDE -0.280933 -1.5781 -0.009547
20.286 2 BAT 0 0 0 0 1 27 0 0
20.292 2 GPS 0 0 0 0 0 0 0 0 0 0 1
20.479 2 WP_MOVED 1 348865. 5945715. 660. 12
20.534 2 GPS 0 0 0 0 0 0 0 0 0 0 1
20.561 2 FBW_STATUS 2 0 1 0 0
20.638 2 ENERGY 0. 0. 0 0.
20.640 2 CALIBRATION 0. 0
20.642 2 DL_VALUE 18 0.03
20.644 2 ESTIMATOR 0. 0.
20.652 2 PONG 
20.678 2 ATTITUDE -0.280945 -1.578173 -0.009633
20.784 2 GPS 0 0 0 0 0 0 0 0 0 0 1
20.980 2 WP_MOVED 2 348895. 5945815. 660. 12
21.035 2 GPS 0 0 0 0 0 0 0 0 0 0 1
21.056 2 DOWNLINK_STATUS 0 21 8235 374 0 402. 19. 110.64
21.076 2 ESTIMATOR 0. 0.
21.185 2 NAVIGATION 0 1 0. 0. 0. 0. 0 0
21.188 2 ATTITUDE -0.28111 -1.578088 -0.009804
21.236 2 DESIRED 0. 0.03 0. 0. 0. 655. 0. 15.
21.285 2 IMU_GYRO -0.028564 0.015869 -0.048828
21.291 2 GPS 0 0 0 0 0 0 0 0 0 0 1
21.379 2 BAT 0 0 0 0 1 29 0 0
21.482 2 GPS_SOL 0 0 0 0
21.486 2 WP_MOVED 3 348965.09375 5945786. 660. 12
21.534 2 GPS 0 0 0 0 0 0 0 0 0 0 1
21.577 2 ESTIMATOR 0. 0.
21.679 2 ATTITUDE -0.28116 -1.578064 -0.010012
21.784 2 GPS 0 0 0 0 0 0 0 0 0 0 1
21.980 2 WP_MOVED 4 348764.6875 5945795. 660. 12
22.034 2 GPS 0 0 0 0 0 0 0 0 0 0 1
22.057 2 DOWNLINK_STATUS 0 22 8591 389 0 356. 15. 110.64
22.078 2 DL_VALUE 19 0.15
22.081 2 ESTIMATOR 0. 0.
22.185 2 NAVIGATION 0 1 0. 0. 0. 0. 0 0
22.188 2 ATTITUDE -0.281338 -1.578064 -0.010184
22.293 2 DESIRED 0. 0.03 0. 0. 0. 655. 0. 15.
22.298 2 GPS 0 0 0 0 0 0 0 0 0 0 1
22.362 2 ACTUATORS |1000,1500,1524,1609,1609,1500|
22.378 2 IMU_GYRO -0.027588 0.014893 -0.049805
22.462 2 COMMANDS |0,2111,475,0,0,0|
22.484 2 BAT 0 0 0 0 1 30 0 0
22.487 2 WP_MOVED 5 348740. 5945760. 660. 12
22.534 2 GPS 0 0 0 0 0 0 0 0 0 0 1
22.560 2 FBW_STATUS 2 0 1 0 0
22.577 2 ESTIMATOR 0. 0.
22.681 2 STATE_FILTER_STATUS 3 0
22.683 2 CALIBRATION 0. 0
22.686 2 ATTITUDE -0.281376 -1.578053 -0.010318
22.784 2 GPS 0 0 0 0 0 0 0 0 0 0 1
22.875 2 PPRZ_MODE 2 0 0 0 0 6
22.984 2 ALIVE |112,65,74,148,203,97,248,232,165,86,204,87,98,16,169,93|
22.988 2 WP_MOVED 6 348665. 5945815. 660. 12
23.034 2 GPS 0 0 0 0 0 0 0 0 0 0 1
23.058 2 DOWNLINK_STATUS 0 23 9049 411 0 458. 22. 110.64
23.082 2 DOWNLINK 0 406 550
23.086 2 ENERGY 0. 0. 0 0.
23.088 2 ESTIMATOR 0. 0.
23.185 2 NAVIGATION 0 1 0. 0. 0. 0. 0 0
23.188 2 ATTITUDE -0.281465 -1.578052 -0.010404
23.284 2 GPS 0 0 0 0 0 0 0 0 0 0 1
23.336 2 DESIRED 0. 0.03 0. 0. 0. 655. 0. 15.
23.486 2 GPS_SOL 0 0 0 0
23.489 2 IMU_GYRO -0.028564 0.015869 -0.048828
23.493 2 WP_MOVED 7 349065. 5946015. 660. 12
23.509 2 WIND_INFO 2 42 0. 0. 0.
23.534 2 GPS 0 0 0 0 0 0 0 0 0 0 1
23.582 2 DL_VALUE 20 0.01
23.587 2 BAT 0 0 0 0 1 31 0 0
23.589 2 ESTIMATOR 0. 0.
23.678 2 ATTITUDE -0.281503 -1.577978 -0.010355
23.784 2 GPS 0 0 0 0 0 0 0 0 0 0 1
23.979 2 WP_MOVED 0 348907. 5945757. 660. 12
24.034 2 GPS 0 0 0 0 0 0 0 0 0 0 1
24.058 2 DOWNLINK_STATUS 0 24 9447 429 0 398. 18. 110.64
24.076 2 ESTIMATOR 0. 0.
24.185 2 NAVIGATION 0 1 0. 0. 0. 0. 0 0
24.188 2 ATTITUDE -0.281719 -1.5781 -0.010331
24.284 2 GPS 0 0 0 0 0 0 0 0 0 0 1
24.386 2 DESIRED 0. 0.03 0. 0. 0. 655. 0. 15.
24.479 2 WP_MOVED 1 348865. 5945715. 660. 12
24.534 2 GPS 0 0 0 0 0 0 0 0 0 0 1
24.560 2 FBW_STATUS 2 0 1 0 0
24.582 2 IMU_GYRO -0.028564 0.016846 -0.048828
24.584 2 ESTIMATOR 0. 0.
24.682 2 BAT 0 0 0 0 1 32 0 0
24.686 2 ATTITUDE -0.281769 -1.578088 -0.010454
24.782 2 CALIBRATION 0. 0
24.788 2 GPS 0 0 0 0 0 0 0 0 0 0 1
24.979 2 WP_MOVED 2 348895. 5945815. 660. 12
25.034 2 GPS 0 0 0 0 0 0 0 0 0 0 1
25.059 2 DOWNLINK_STATUS 0 25 9812 445 0 365. 16. 110.64
25.078 2 DL_VALUE 21 0.1
25.081 2 ESTIMATOR 0. 0.
25.185 2 NAVIGATION 0 1 0. 0. 0. 0. 0 0
25.188 2 ATTITUDE -0.281808 -1.578014 -0.010405
25.284 2 GPS 0 0 0 0 0 0 0 0 0 0 1
25.436 2 DESIRED 0. 0.03 0. 0. 0. 655. 0. 15.
25.481 2 GPS_SOL 0 0 0 0
25.485 2 WP_MOVED 3 348965.09375 5945786. 660. 12
25.533 2 GPS 0 0 0 0 0 0 0 0 0 0 1
25.581 2 ENERGY 0. 0. 0 0.
25.584 2 ESTIMATOR 0. 0.
25.595 2 PONG 
25.682 2 IMU_GYRO -0.028564 0.015869 -0.049805
25.685 2 ATTITUDE -0.281986 -1.578037 -0.010406
25.786 2 BAT 0 0 0 0 1 33 0 0
25.792 2 GPS 0 0 0 0 0 0 0 0 0 0 1
25.979 2 WP_MOVED 4 348764.6875 5945795. 660. 12
26.033 2 GPS 0 0 0 0 0 0 0 0 0 0 1
26.060 2 DOWNLINK_STATUS 0 26 10205 463 0 393. 18. 53.61
26.076 2 ESTIMATOR 0. 0.
26.185 2 NAVIGATION 0 1 0. 0. 0. 0. 0 0
26.188 2 ATTITUDE -0.281948 -1.578025 -0.010443
26.284 2 GPS 0 0 0 0 0 0 0 0 0 0 1
26.491 2 DESIRED 0. 0.03 0. 0. 0. 655. 0. 15.
26.494 2 WP_MOVED 5 348740. 5945760. 660. 12
26.533 2 GPS 0 0 0 0 0 0 0 0 0 0 1
26.559 2 FBW_STATUS 2 0 1 0 0
26.578 2 DL_VALUE 22 0.
26.580 2 ESTIMATOR 0. 0.
26.678 2 ATTITUDE -0.282203 -1.577791 -0.010505
26.785 2 IMU_GYRO -0.028564 0.014893 -0.049805
26.790 2 GPS 0 0 0 0 0 0 0 0 0 0 1
26.880 2 CALIBRATION 0. 0
26.883 2 BAT 0 0 0 0 1 34 0 0
26.979 2 WP_MOVED 6 348665. 5945815. 660. 12
27.034 2 GPS 0 0 0 0 0 0 0 0 0 0 1
27.061 2 DOWNLINK_STATUS 0 27 10581 480 0 376. 17. 53.61
27.077 2 ESTIMATOR 0. 0.
27.185 2 NAVIGATION 0 1 0. 0. 0. 0. 0 0
27.188 2 ATTITUDE -0.28242 -1.577569 -0.010432
27.284 2 GPS 0 0 0 0 0 0 0 0 0 0 1
27.362 2 ACTUATORS |1000,1500,1524,1610,1610,1500|
27.461 2 COMMANDS |0,2118,477,0,0,0|
27.481 2 GPS_SOL 0 0 0 0
27.485 2 WP_MOVED 7 349065. 5946015. 660. 12
27.543 2 DESIRED 0. 0.03 0. 0. 0. 655. 0. 15.
27.548 2 GPS 0 0 0 0 0 0 0 0 0 0 1
27.576 2 ESTIMATOR 0. 0.
27.678 2 STATE_FILTER_STATUS 3 0
27.681 2 ATTITUDE -0.282498 -1.577422 -0.010334
27.785 2 GPS 0 0 0 0 0 0 0 0 0 0 1
27.879 2 PPRZ_MODE 2 0 0 0 0 6
27.883 2 IMU_GYRO -0.027588 0.013672 -0.047852
27.989 2 ALIVE |112,65,74,148,203,97,248,232,165,86,204,87,98,16,169,93|
27.992 2 BAT 0 0 0 0 1 35 0 0
27.996 2 WP_MOVED 0 348907. 5945757. 660. 12
28.034 2 GPS 0 0 0 0 0 0 0 0 0 0 1
28.062 2 DOWNLINK_STATUS 0 28 11019 500 0 438. 20. 53.61
28.084 2 ENERGY 0. 0. 0 0.
28.086 2 DL_VALUE 23 0.05
28.088 2 ESTIMATOR 0. 0.
28.185 2 DOWNLINK 0 395 642
28.189 2 NAVIGATION 0 1 0. 0. 0. 0. 0 0
28.192 2 ATTITUDE -0.282599 -1.577444 -0.010238
28.284 2 GPS 0 0 0 0 0 0 0 0 0 0 1
28.378 2 NAVIGATION_REF 348865 5945715 12 605.
28.478 2 WP_MOVED 1 348865. 5945715. 660. 12
28.533 2 GPS 0 0 0 0 0 0 0 0 0 0 1
28.559 2 FBW_STATUS 2 0 1 0 0
28.588 2 DESIRED 0. 0.03 0. 0. 0. 655. 0. 15.
28.591 2 ESTIMATOR 0. 0.
28.678 2 ATTITUDE -0.282561 -1.577272 -0.010165
28.784 2 GPS 0 0 0 0 0 0 0 0 0 0 1
28.983 2 CALIBRATION 0. 0
28.987 2 IMU_GYRO -0.028564 0.013672 -0.048828
28.990 2 WP_MOVED 2 348895. 5945815. 660. 12
29.034 2 GPS 0 0 0 0 0 0 0 0 0 0 1
29.063 2 DOWNLINK_STATUS 0 29 11424 519 0 405. 19. 53.61
29.082 2 BAT 0 0 0 0 1 36 0 0
29.085 2 ESTIMATOR 0. 0.
29.185 2 NAVIGATION 0 1 0. 0. 0. 0. 0 0
29.188 2 ATTITUDE -0.282562 -1.577101 -0.01014
29.285 2 GPS 0 0 0 0 0 0 0 0 0 0 1
29.481 2 GPS_SOL 0 0 0 0
29.485 2 WP_MOVED 3 348965.09375 5945786. 660. 12
29.533 2 GPS 0 0 0 0 0 0 0 0 0 0 1
29.578 2 DL_VALUE 24 0.
29.580 2 ESTIMATOR 0. 0.
29.635 2 DESIRED 0. 0.03 0. 0. 0. 655. 0. 15.
29.678 2 ATTITUDE -0.28264 -1.576856 -0.010116
29.787 2 GPS 0 0 0 0 0 0 0 0 0 0 1
29.979 2 WP_MOVED 4 348764.6875 5945795. 660. 12
30.034 2 GPS 0 0 0 0 0 0 0 0 0 0 1
30.064 2 DOWNLINK_STATUS 0 30 11773 534 0 349. 15. 53.61
30.081 2 IMU_GYRO -0.030762 0.016846 -0.048828
30.084 2 ESTIMATOR 0. 0.
30.188 2 BAT 0 0 0 0 1 37 0 0
30.193 2 NAVIGATION 0 1 0. 0. 0. 0. 0 0
30.195 2 ATTITUDE -0.282806 -1.576794 -0.010116
30.287 2 GPS 0 0 0 0 0 0 0 0 0 0 1
30.478 2 WP_MOVED 5 348740. 5945760. 660. 12
30.533 2 GPS 0 0 0 0 0 0 0 0 0 0 1
30.560 2 FBW_STATUS 2 0 1 0 0
30.594 2 ENERGY 0. 0. 0 0.
30.596 2 ESTIMATOR 0. 0.
30.607 2 PONG 
30.689 2 DESIRED 0. 0.03 0. 0. 0. 655. 0. 15.
30.692 2 ATTITUDE -0.282907 -1.576903 -0.010031
30.788 2 GPS 0 0 0 0 0 0 0 0 0 0 1
30.979 2 WP_MOVED 6 348665. 5945815. 660. 12
31.034 2 GPS 0 0 0 0 0 0 0 0 0 0 1
31.065 2 DOWNLINK_STATUS 0 31 12153 551 0 380. 17. 64.6
31.080 2 CALIBRATION 0. 0
31.082 2 DL_VALUE 25 1.000074
31.085 2 ESTIMATOR 0. 0.
31.187 2 IMU_GYRO -0.027588 0.015869 -0.048828
31.191 2 NAVIGATION 0 1 0. 0. 0. 0. 0 0
31.194 2 ATTITUDE -0.282945 -1.576891 -0.010166
31.289 2 BAT 0 0 0 0 1 38 0 0
31.291 2 GPS 0 0 0 0 0 0 0 0 0 0 1
31.481 2 GPS_SOL 0 0 0 0
31.485 2 WP_MOVED 7 349065. 5946015. 660. 12
31.533 2 GPS 0 0 0 0 0 0 0 0 0 0 1
31.576 2 ESTIMATOR 0. 0.
31.678 2 ATTITUDE -0.282996 -1.576805 -0.01019
31.736 2 DESIRED 0. 0.03 0. 0. 0. 655. 0. 15.
31.784 2 GPS 0 0 0 0 0 0 0 0 0 0 1
31.979 2 WP_MOVED 0 348907. 5945757. 660. 12
32.033 2 GPS 0 0 0 0 0 0 0 0 0 0 1
32.066 2 DOWNLINK_STATUS 0 32 12531 568 0 378. 17. 64.6
32.076 2 ESTIMATOR 0. 0.
32.184 2 NAVIGATION 0 1 0. 0. 0. 0. 0 0
32.187 2 ATTITUDE -0.283034 -1.576817 -0.010154
32.284 2 IMU_GYRO -0.029785 0.015869 -0.047852
32.291 2 GPS 0 0 0 0 0 0 0 0 0 0 1
32.361 2 ACTUATORS |1000,1500,1524,1610,1610,1500|
32.379 2 BAT 0 0 0 0 1 40 0 0
32.461 2 COMMANDS |0,2120,476,0,0,0|
32.478 2 WP_MOVED 1 348865. 5945715. 660. 12
32.533 2 GPS 0 0 0 0 0 0 0 0 0 0 1
32.560 2 FBW_STATUS 2 0 1 0 0
32.578 2 DL_VALUE 26 0.298451
32.581 2 ESTIMATOR 0. 0.
32.678 2 STATE_FILTER_STATUS 3 0
32.681 2 ATTITUDE -0.282958 -1.576707 -0.010215
32.796 2 DESIRED 0. 0.03 0. 0. 0. 655. 0. 15.
32.797 2 GPS 0 0 0 0 0 0 0 0 0 0 1
32.875 2 PPRZ_MODE 2 0 0 0 0 6
32.983 2 ALIVE |112,65,74,148,203,97,248,232,165,86,204,87,98,16,169,93|
32.987 2 WP_MOVED 2 348895. 5945815. 660. 12
33.033 2 GPS 0 0 0 0 0 0 0 0 0 0 1
33.067 2 DOWNLINK_STATUS 0 33 12978 589 0 447. 21. 64.6
33.081 2 ENERGY 0. 0. 0 0.
33.084 2 ESTIMATOR 0. 0.
33.184 2 CALIBRATION 0. 0
33.189 2 NAVIGATION 0 1 0. 0. 0. 0. 0 0
33.192 2 ATTITUDE -0.283124 -1.576571 -0.010117
33.282 2 DOWNLINK 0 392 733
33.291 2 GPS 0 0 0 0 0 0 0 0 0 0 1
33.378 2 IMU_GYRO -0.026367 0.012695 -0.048828
33.486 2 GPS_SOL 0 0 0 0
33.490 2 BAT 0 0 0 0 1 41 0 0
33.493 2 WP_MOVED 3 348965.09375 5945786. 660. 12
33.510 2 WIND_INFO 2 42 0. 0. 0.
33.533 2 GPS 0 0 0 0 0 0 0 0 0 0 1
33.576 2 ESTIMATOR 0. 0.
33.678 2 ATTITUDE -0.283391 -1.576618 -0.010033
33.784 2 GPS 0 0 0 0 0 0 0 0 0 0 1
33.836 2 DESIRED 0. 0.03 0. 0. 0. 655. 0. 15.
33.978 2 WP_MOVED 4 348764.6875 5945795. 660. 12
34.033 2 GPS 0 0 0 0 0 0 0 0 0 0 1
34.068 2 DOWNLINK_STATUS 0 34 13376 607 0 398. 18. 64.6
34.077 2 DL_VALUE 27 1.
34.080 2 ESTIMATOR 0. 0.
34.184 2 NAVIGATION 0 1 0. 0. 0. 0. 0 0
34.188 2 ATTITUDE -0.28343 -1.576533 -0.01007
34.283 2 GPS 0 0 0 0 0 0 0 0 0 0 1
34.482 2 IMU_GYRO -0.028564 0.012695 -0.047852
34.486 2 WP_MOVED 5 348740. 5945760. 660. 12
34.533 2 GPS 0 0 0 0 0 0 0 0 0 0 1
34.560 2 FBW_STATUS 2 0 1 0 0
34.582 2 BAT 0 0 0 0 1 42 0 0
34.584 2 ESTIMATOR 0. 0.
34.677 2 ATTITUDE -0.283558 -1.576385 -0.010009
34.783 2 GPS 0 0 0 0 0 0 0 0 0 0 1
34.885 2 DESIRED 0. 0.03 0. 0. 0. 655. 0. 15.
34.978 2 WP_MOVED 6 348665. 5945815. 660. 12
35.033 2 GPS 0 0 0 0 0 0 0 0 0 0 1
35.068 2 DOWNLINK_STATUS 0 35 13741 623 0 365. 16. 64.6
35.076 2 ESTIMATOR 0. 0.
35.184 2 NAVIGATION 0 1 0. 0. 0. 0. 0 0
35.188 2 ATTITUDE -0.283736 -1.576323 -0.009997
35.282 2 CALIBRATION 0. 0
35.288 2 GPS 0 0 0 0 0 0 0 0 0 0 1
35.482 2 GPS_SOL 0 0 0 0
35.485 2 WP_MOVED 7 349065. 5946015. 660. 12
35.534 2 GPS 0 0 0 0 0 0 0 0 0 0 1
35.588 2 ENERGY 0. 0. 0 0.
35.590 2 DL_VALUE 28 0.
35.593 2 IMU_GYRO -0.030762 0.014893 -0.048828
35.596 2 ESTIMATOR 0. 0.
35.597 2 PONG 
35.682 2 BAT 0 0 0 0 1 43 0 0
35.685 2 ATTITUDE -0.283914 -1.576346 -0.009998
35.783 2 GPS 0 0 0 0 0 0 0 0 0 0 1
35.935 2 DESIRED 0. 0.03 0. 0. 0. 655. 0. 15.
35.978 2 WP_MOVED 0 348907. 5945757. 660. 12
36.033 2 GPS 0 0 0 0 0 0 0 0 0 0 1
36.069 2 DOWNLINK_STATUS 0 36 14145 642 0 404. 19. 54.6
36.076 2 ESTIMATOR 0. 0.
36.184 2 NAVIGATION 0 1 0. 0. 0. 0. 0 0
36.188 2 ATTITUDE -0.283964 -1.576444 -0.009962
36.283 2 GPS 0 0 0 0 0 0 0 0 0 0 1
36.479 2 WP_MOVED 1 348865. 5945715. 660. 12
36.533 2 GPS 0 0 0 0 0 0 0 0 0 0 1
36.559 2 FBW_STATUS 2 0 1 0 0
36.575 2 ESTIMATOR 0. 0.
36.681 2 IMU_GYRO -0.029785 0.014893 -0.047852
36.684 2 ATTITUDE -0.283825 -1.57626 -0.0099
36.785 2 BAT 0 0 0 0 1 44 0 0
36.795 2 GPS 0 0 0 0 0 0 0 0 0 0 1
36.989 2 DESIRED 0. 0.03 0. 0. 0. 655. 0. 15.
36.993 2 WP_MOVED 2 348895. 5945815. 660. 12
37.033 2 GPS 0 0 0 0 0 0 0 0 0 0 1
37.070 2 DOWNLINK_STATUS 0 37 14499 657 0 354. 15. 54.6
37.078 2 DL_VALUE 29 100.
37.080 2 ESTIMATOR 0. 0.
37.185 2 NAVIGATION 0 1 0. 0. 0. 0. 0 0
37.188 2 ATTITUDE -0.283787 -1.576175 -0.009839
37.283 2 GPS 0 0 0 0 0 0 0 0 0 0 1
37.361 2 ACTUATORS |1000,1500,1524,1610,1610,1500|
37.380 2 NAVIGATION_REF 348865 5945715 12 605.
37.381 2 CALIBRATION 0. 0
37.461 2 COMMANDS |0,2133,473,0,0,0|
37.481 2 GPS_SOL 0 0 0 0
37.484 2 WP_MOVED 3 348965.09375 5945786. 660. 12
37.532 2 GPS 0 0 0 0 0 0 0 0 0 0 1
37.575 2 ESTIMATOR 0. 0.
37.677 2 STATE_FILTER_STATUS 3 0
37.681 2 ATTITUDE -0.283737 -1.576089 -0.00979
37.784 2 IMU_GYRO -0.040283 0.027588 -0.048828
37.790 2 GPS 0 0 0 0 0 0 0 0 0 0 1
37.879 2 PPRZ_MODE 2 0 0 0 0 6
37.883 2 BAT 0 0 0 0 1 45 0 0
37.984 2 ALIVE |112,65,74,148,203,97,248,232,165,86,204,87,98,16,169,93|
37.987 2 WP_MOVED 4 348764.6875 5945795. 660. 12
38.042 2 DESIRED 0. 0.03 0. 0. 0. 655. 0. 15.
38.048 2 GPS 0 0 0 0 0 0 0 0 0 0 1
38.071 2 DOWNLINK_STATUS 0 38 14978 680 0 479. 23. 54.6
38.081 2 ENERGY 0. 0. 0 0.
38.084 2 ESTIMATOR 0. 0.
38.185 2 NAVIGATION 0 1 0. 0. 0. 0. 0 0
38.187 2 ATTITUDE -0.283737 -1.576089 -0.00979
38.282 2 GPS 0 0 0 0 0 0 0 0 0 0 1
38.374 2 DOWNLINK 0 396 824
38.478 2 WP_MOVED 5 348740. 5945760. 660. 12
38.533 2 GPS 0 0 0 0 0 0 0 0 0 0 1
38.559 2 FBW_STATUS 2 0 1 0 0
38.577 2 DL_VALUE 30 0.
38.580 2 ESTIMATOR 0. 0.
38.677 2 ATTITUDE -0.28365 -1.57577 -0.009484
38.783 2 GPS 0 0 0 0 0 0 0 0 0 0 1
38.877 2 IMU_GYRO -0.026367 0.015869 -0.047852
38.983 2 BAT 0 0 0 0 1 46 0 0
38.986 2 WP_MOVED 6 348665. 5945815. 660. 12
39.033 2 GPS 0 0 0 0 0 0 0 0 0 0 1
39.072 2 DOWNLINK_STATUS 0 39 15336 697 0 358. 17. 54.6
39.088 2 DESIRED 0. 0.03 0. 0. 0. 655. 0. 15.
39.090 2 ESTIMATOR 0. 0.
39.184 2 NAVIGATION 0 1 0. 0. 0. 0. 0 0
39.187 2 ATTITUDE -0.2837 -1.575793 -0.00935
39.283 2 GPS 0 0 0 0 0 0 0 0 0 0 1
39.482 2 CALIBRATION 0. 0
39.485 2 GPS_SOL 0 0 0 0
39.488 2 WP_MOVED 7 349065. 5946015. 660. 12
39.533 2 GPS 0 0 0 0 0 0 0 0 0 0 1
39.576 2 ESTIMATOR 0. 0.
39.677 2 ATTITUDE -0.283828 -1.575731 -0.009302
39.783 2 GPS 0 0 0 0 0 0 0 0 0 0 1
39.982 2 IMU_GYRO -0.038086 0.016846 -0.049805
39.984 2 WP_MOVED 0 348907. 5945757. 660. 12
40.032 2 GPS 0 0 0 0 0 0 0 0 0 0 1
40.073 2 DOWNLINK_STATUS 0 40 15682 712 0 346. 15. 54.6
40.082 2 DL_VALUE 31 2.
40.085 2 BAT 0 0 0 0 1 47 0 0
40.088 2 ESTIMATOR 0. 0.
40.134 2 DESIRED 0. 0.03 0. 0. 0. 655. 0. 15.
40.184 2 NAVIGATION 0 1 0. 0. 0. 0. 0 0
40.187 2 ATTITUDE -0.283663 -1.575462 -0.009167
40.283 2 GPS 0 0 0 0 0 0 0 0 0 0 1
40.478 2 WP_MOVED 1 348865. 5945715. 660. 12
40.533 2 GPS 0 0 0 0 0 0 0 0 0 0 1
40.559 2 FBW_STATUS 2 0 1 0 0
40.593 2 ENERGY 0. 0. 0 0.
40.596 2 ESTIMATOR 0. 0.
40.607 2 PONG 
40.677 2 ATTITUDE -0.283702 -1.575572 -0.009057
40.783 2 GPS 0 0 0 0 0 0 0 0 0 0 1
40.977 2 WP_MOVED 2 348895. 5945815. 660. 12
41.033 2 GPS 0 0 0 0 0 0 0 0 0 0 1
41.074 2 DOWNLINK_STATUS 0 41 16055 729 0 373. 17. 63.6
41.080 2 IMU_GYRO -0.028564 0.013672 -0.048828
41.082 2 ESTIMATOR 0. 0.
41.196 2 BAT 0 2 0 0 1 48 0 0
41.202 2 DESIRED 0. 0.03 0. 0. 0. 655. 0. 15.
41.207 2 NAVIGATION 0 1 0. 0. 0. 0. 0 0
41.210 2 ATTITUDE -0.283524 -1.575548 -0.009057
41.283 2 GPS 0 0 0 0 0 0 0 0 0 0 1
41.481 2 GPS_SOL 0 0 0 0
41.485 2 WP_MOVED 3 348965.09375 5945786. 660. 12
41.533 2 GPS 0 0 0 0 0 0 0 0 0 0 1
41.580 2 CALIBRATION 0. 0
41.582 2 DL_VALUE 32 0.
41.584 2 ESTIMATOR 0. 0.
41.677 2 ATTITUDE -0.283918 -1.575448 -0.008911
41.782 2 GPS 0 0 0 0 0 0 0 0 0 0 1
41.977 2 WP_MOVED 4 348764.6875 5945795. 660. 12
42.033 2 GPS 0 0 0 0 0 0 0 0 0 0 1
42.074 2 DOWNLINK_STATUS 0 42 16433 746 0 378. 17. 63.6
42.075 2 ESTIMATOR 0. 0.
42.186 2 IMU_GYRO -0.031738 0.012695 -0.047852
42.191 2 NAVIGATION 0 1 0. 0. 0. 0. 0 0
42.194 2 ATTITUDE -0.284224 -1.575398 -0.008949
42.235 2 DESIRED 0. 0.03 0. 0. 0. 655. 0. 15.
42.285 2 BAT 0 3 0 0 1 49 0 0
42.291 2 GPS 0 0 0 0 0 0 0 0 0 0 1
42.361 2 ACTUATORS |1000,1500,1524,1611,1611,1500|
42.461 2 COMMANDS |0,2133,463,0,0,0|
42.478 2 WP_MOVED 5 348740. 5945760. 660. 12
42.533 2 GPS 0 0 0 0 0 0 0 0 0 0 1
42.558 2 FBW_STATUS 2 0 1 2 0
42.575 2 ESTIMATOR 0. 0.
42.677 2 STATE_FILTER_STATUS 3 0
42.680 2 ATTITUDE -0.284223 -1.575471 -0.009046
42.782 2 GPS 0 0 0 0 0 0 0 0 0 0 1
42.874 2 PPRZ_MODE 2 0 0 0 0 6
42.984 2 ALIVE |112,65,74,148,203,97,248,232,165,86,204,87,98,16,169,93|
42.986 2 WP_MOVED 6 348665. 5945815. 660. 12
43.033 2 GPS 0 0 0 0 0 0 0 0 0 0 1
43.074 2 DOWNLINK_STATUS 0 43 16869 766 0 436. 20. 63.6
43.083 2 ENERGY 0.3 0. 0 0.
43.085 2 DL_VALUE 33 0.
43.087 2 ESTIMATOR 0. 0.
43.184 2 NAVIGATION 0 1 0. 0. 0. 0. 0 0
43.187 2 ATTITUDE -0.284518 -1.575188 -0.008888
43.292 2 IMU_GYRO -0.029785 0.011475 -0.048828
43.301 2 DESIRED 0. 0.03 0. 0. 0. 655. 0. 15.
43.305 2 GPS 0 0 0 0 0 0 0 0 0 0 1
43.378 2 BAT 0 5 0 0 1 51 0 0
43.482 2 DOWNLINK 0 388 914
43.485 2 GPS_SOL 0 0 0 0
43.488 2 WP_MOVED 7 349065. 5946015. 660. 12
43.510 2 WIND_INFO 2 42 0. 0. 0.
43.532 2 GPS 0 0 0 0 0 0 0 0 0 0 1
43.575 2 ESTIMATOR 0. 0.
43.678 2 CALIBRATION 0. 0
43.681 2 ATTITUDE -0.284403 -1.575188 -0.008742
43.782 2 GPS 0 0 0 0 0 0 0 0 0 0 1
43.978 2 WP_MOVED 0 348907. 5945757. 660. 12
44.033 2 GPS 0 0 0 0 0 0 0 0 0 0 1
44.075 2 ESTIMATOR 0. 0.
44.075 2 DOWNLINK_STATUS 0 44 17292 786 0 423. 20. 63.6
44.184 2 NAVIGATION 0 1 0. 0. 0. 0. 0 0
44.187 2 ATTITUDE -0.284581 -1.575114 -0.008815
44.283 2 GPS 0 0 0 0 0 0 0 0 0 0 1
44.335 2 DESIRED 0. 0.03 0. 0. 0. 655. 0. 15.
44.376 2 IMU_GYRO -0.025391 0.014893 -0.048828
44.482 2 BAT 0 6 0 0 1 52 0 0
44.485 2 WP_MOVED 1 348865. 5945715. 660. 12
44.532 2 GPS 0 0 0 0 0 0 0 0 0 0 1
44.558 2 FBW_STATUS 2 0 1 6 0
44.577 2 DL_VALUE 34 0.
44.579 2 ESTIMATOR 0. 0.
44.677 2 ATTITUDE -0.284797 -1.575138 -0.008864
44.782 2 GPS 0 0 0 0 0 0 0 0 0 0 1
44.977 2 WP_MOVED 2 348895. 5945815. 660. 12
45.033 2 GPS 0 0 0 0 0 0 0 0 0 0 1
45.076 2 ESTIMATOR 0. 0.
45.076 2 DOWNLINK_STATUS 0 45 17657 802 0 365. 16. 63.6
45.184 2 NAVIGATION 0 1 0. 0. 0. 0. 0 0
45.187 2 ATTITUDE -0.284886 -1.57499 -0.008755
45.282 2 GPS 0 0 0 0 0 0 0 0 0 0 1
45.384 2 DESIRED 0. 0.03 0. 0. 0. 655. 0. 15.
45.484 2 GPS_SOL 0 0 0 0
45.487 2 IMU_GYRO -0.02124 0.011475 -0.049805
45.491 2 WP_MOVED 3 348965.09375 5945786. 660. 12
45.532 2 GPS 0 0 0 0 0 0 0 0 0 0 1
45.586 2 ENERGY 0.5 0. 0 0.
45.590 2 BAT 0 5 0 0 1 53 0 0
45.592 2 ESTIMATOR 0. 0.
45.593 2 PONG 
45.679 2 ATTITUDE -0.284885 -1.575247 -0.008792
45.781 2 CALIBRATION 0. 0
45.787 2 GPS 0 0 0 0 0 0 0 0 0 0 1
45.978 2 WP_MOVED 4 348764.6875 5945795. 660. 12
46.033 2 GPS 0 0 0 0 0 0 0 0 0 0 1
46.076 2 DOWNLINK_STATUS 0 46 18036 819 0 379. 17. 49.68
46.077 2 DL_VALUE 35 0.
46.079 2 ESTIMATOR 0. 0.
46.183 2 NAVIGATION 0 1 0. 0. 0. 0. 0 0
46.186 2 ATTITUDE -0.285102 -1.575197 -0.008743
46.282 2 GPS 0 0 0 0 0 0 0 0 0 0 1
46.377 2 NAVIGATION_REF 348865 5945715 12 605.
46.434 2 DESIRED 0. 0.03 0. 0. 0. 655. 0. 15.
46.477 2 WP_MOVED 5 348740. 5945760. 660. 12
46.532 2 GPS 0 0 0 0 0 0 0 0 0 0 1
46.559 2 FBW_STATUS 2 0 1 4 0
46.580 2 IMU_GYRO -0.026367 0.014893 -0.048828
46.582 2 ESTIMATOR 0. 0.
46.682 2 BAT 0 4 0 0 1 54 0 0
46.685 2 ATTITUDE -0.285129 -1.574953 -0.008682
46.783 2 GPS 0 0 0 0 0 0 0 0 0 0 1
46.978 2 WP_MOVED 6 348665. 5945815. 660. 12
47.032 2 GPS 0 0 0 0 0 0 0 0 0 0 1
47.075 2 ESTIMATOR 0. 0.
47.077 2 DOWNLINK_STATUS 0 47 18434 837 0 398. 18. 49.68
47.183 2 NAVIGATION 0 1 0. 0. 0. 0. 0 0
47.186 2 ATTITUDE -0.285053 -1.574695 -0.008547
47.282 2 GPS 0 0 0 0 0 0 0 0 0 0 1
47.360 2 ACTUATORS |1000,1500,1523,1611,1611,1500|
47.460 2 COMMANDS |0,2145,459,0,0,0|
47.489 2 GPS_SOL 0 0 0 0
47.495 2 DESIRED 0. 0.03 0. 0. 0. 655. 0. 15.
47.499 2 WP_MOVED 7 349065. 5946015. 660. 12
47.532 2 GPS 0 0 0 0 0 0 0 0 0 0 1
47.577 2 DL_VALUE 36 0.
47.580 2 ESTIMATOR 0. 0.
47.681 2 STATE_FILTER_STATUS 3 0
47.684 2 IMU_GYRO -0.029785 0.014893 -0.049805
47.687 2 ATTITUDE -0.285142 -1.574695 -0.008633
47.785 2 BAT 0 5 0 0 1 55 0 0
47.791 2 GPS 0 0 0 0 0 0 0 0 0 0 1
47.876 2 PPRZ_MODE 2 0 0 0 0 6
47.878 2 CALIBRATION 0. 0
47.983 2 ALIVE |112,65,74,148,203,97,248,232,165,86,204,87,98,16,169,93|
47.987 2 WP_MOVED 0 348907. 5945757. 660. 12
48.032 2 GPS 0 0 0 0 0 0 0 0 0 0 1
48.077 2 DOWNLINK_STATUS 0 48 18880 858 0 446. 21. 49.68
48.080 2 ENERGY 0.8 0. 0 0.
48.083 2 ESTIMATOR 0. 0.
48.183 2 NAVIGATION 0 1 0. 0. 0. 0. 0 0
48.186 2 ATTITUDE -0.285181 -1.574536 -0.008572
48.282 2 GPS 0 0 0 0 0 0 0 0 0 0 1
48.477 2 WP_MOVED 1 348865. 5945715. 660. 12
48.542 2 DESIRED 0. 0.03 0. 0. 0. 655. 0. 15.
48.547 2 GPS 0 0 0 0 0 0 0 0 0 0 1
48.559 2 FBW_STATUS 2 0 1 4 0
48.577 2 DOWNLINK 0 397 1006
48.580 2 ESTIMATOR 0. 0.
48.677 2 ATTITUDE -0.285105 -1.574512 -0.008645
48.783 2 IMU_GYRO -0.028564 0.013672 -0.048828
48.789 2 GPS 0 0 0 0 0 0 0 0 0 0 1
48.877 2 BAT 0 8 0 0 1 56 0 0
48.977 2 WP_MOVED 2 348895. 5945815. 660. 12
49.032 2 GPS 0 0 0 0 0 0 0 0 0 0 1
49.077 2 DL_VALUE 37 200.
49.077 2 DOWNLINK_STATUS 0 49 19276 876 0 396. 18. 49.68
49.079 2 ESTIMATOR 0. 0.
49.183 2 NAVIGATION 0 1 0. 0. 0. 0. 0 0
49.186 2 ATTITUDE -0.285194 -1.574353 -0.008621
49.282 2 GPS 0 0 0 0 0 0 0 0 0 0 1
49.481 2 GPS_SOL 0 0 0 0
49.484 2 WP_MOVED 3 348965.09375 5945786. 660. 12
49.532 2 GPS 0 0 0 0 0 0 0 0 0 0 1
49.588 2 DESIRED 0. 0.03 0. 0. 0. 655. 0. 15.
49.589 2 ESTIMATOR 0. 0.
49.677 2 ATTITUDE -0.285233 -1.574279 -0.008572
49.782 2 GPS 0 0 0 0 0 0 0 0 0 0 1
49.876 2 IMU_GYRO -0.029785 0.014893 -0.048828
49.982 2 CALIBRATION 0. 0
49.987 2 BAT 0 5 0 0 1 57 0 0
49.989 2 WP_MOVED 4 348764.6875 5945795. 660. 12
50.032 2 GPS 0 0 0 0 0 0 0 0 0 0 1
50.075 2 ESTIMATOR 0. 0.
50.078 2 DOWNLINK_STATUS 0 50 19657 893 0 381. 17. 49.68
50.184 2 NAVIGATION 0 1 0. 0. 0. 0. 0 0
50.187 2 ATTITUDE -0.285106 -1.574255 -0.008608
50.282 2 GPS 0 0 0 0 0 0 0 0 0 0 1
50.478 2 WP_MOVED 5 348740. 5945760. 660. 12
50.532 2 GPS 0 0 0 0 0 0 0 0 0 0 1
50.558 2 FBW_STATUS 2 0 1 3 0
50.592 2 ENERGY 0.5 0. 0 0.
50.594 2 DL_VALUE 38 0.1
50.597 2 ESTIMATOR 0. 0.
50.606 2 PONG 
50.635 2 DESIRED 0. 0.03 0. 0. 0. 655. 0. 15.
50.676 2 ATTITUDE -0.285233 -1.57417 -0.00873
50.782 2 GPS 0 0 0 0 0 0 0 0 0 0 1
50.981 2 IMU_GYRO -0.030762 0.016846 -0.048828
50.984 2 WP_MOVED 6 348665. 5945815. 660. 12
51.032 2 GPS 0 0 0 0 0 0 0 0 0 0 1
51.079 2 DOWNLINK_STATUS 0 51 20013 909 0 356. 16. 62.58
51.081 2 BAT 0 2 0 0 1 58 0 0
51.083 2 ESTIMATOR 0. 0.
51.184 2 NAVIGATION 0 1 0. 0. 0. 0. 0 0
51.187 2 ATTITUDE -0.285323 -1.574084 -0.008804
51.282 2 GPS 0 0 0 0 0 0 0 0 0 0 1
51.480 2 GPS_SOL 0 0 0 0
51.483 2 WP_MOVED 7 349065. 5946015. 660. 12
51.532 2 GPS 0 0 0 0 0 0 0 0 0 0 1
51.574 2 ESTIMATOR 0. 0.
51.690 2 DESIRED 0. 0.03 0. 0. 0. 655. 0. 15.
51.691 2 ATTITUDE -0.285362 -1.573901 -0.008913
51.782 2 GPS 0 0 0 0 0 0 0 0 0 0 1
51.977 2 WP_MOVED 0 348907. 5945757. 660. 12
52.032 2 GPS 0 0 0 0 0 0 0 0 0 0 1
52.080 2 DOWNLINK_STATUS 0 52 20351 923 0 338. 14. 62.58
52.083 2 CALIBRATION 0. 0
52.085 2 DL_VALUE 39 0.
52.088 2 IMU_GYRO -0.029785 0.016846 -0.048828
52.090 2 ESTIMATOR 0. 0.
52.187 2 BAT 0 1 0 0 1 59 0 0
52.192 2 NAVIGATION 0 1 0. 0. 0. 0. 0 0
52.195 2 ATTITUDE -0.285451 -1.573839 -0.008816
52.282 2 GPS 0 0 0 0 0 0 0 0 0 0 1
52.360 2 ACTUATORS |1000,1500,1524,1611,1611,1500|
52.459 2 COMMANDS |0,2142,462,0,0,0|
52.477 2 WP_MOVED 1 348865. 5945715. 660. 12
52.532 2 GPS 0 0 0 0 0 0 0 0 0 0 1
52.558 2 FBW_STATUS 2 0 1 2 0
52.574 2 ESTIMATOR 0. 0.
52.676 2 STATE_FILTER_STATUS 3 0
52.679 2 ATTITUDE -0.285412 -1.573839 -0.008767
52.734 2 DESIRED 0. 0.03 0. 0. 0. 655. 0. 15.
52.782 2 GPS 0 0 0 0 0 0 0 0 0 0 1
52.874 2 PPRZ_MODE 2 0 0 0 0 6
52.983 2 ALIVE |112,65,74,148,203,97,248,232,165,86,204,87,98,16,169,93|
52.986 2 WP_MOVED 2 348895. 5945815. 660. 12
53.032 2 GPS 0 0 0 0 0 0 0 0 0 0 1
53.080 2 ENERGY 0.1 0. 0 0.
53.080 2 DOWNLINK_STATUS 0 53 20829 946 0 478. 23. 62.58
53.083 2 ESTIMATOR 0. 0.
53.186 2 IMU_GYRO -0.029785 0.016846 -0.048828
53.191 2 NAVIGATION 0 1 0. 0. 0. 0. 0 0
53.193 2 ATTITUDE -0.285502 -1.573679 -0.008743
53.284 2 BAT 0 1 0 0 1 60 0 0
53.290 2 GPS 0 0 0 0 0 0 0 0 0 0 1
53.480 2 GPS_SOL 0 0 0 0
53.483 2 WP_MOVED 3 348965.09375 5945786. 660. 12
53.509 2 WIND_INFO 2 42 0. 0. 0.
53.532 2 GPS 0 0 0 0 0 0 0 0 0 0 1
53.576 2 DL_VALUE 40 0.
53.579 2 ESTIMATOR 0. 0.
53.677 2 DOWNLINK 0 383 1096
53.680 2 ATTITUDE -0.285579 -1.57352 -0.00873
53.791 2 DESIRED 0. 0.03 0. 0. 0. 655. 0. 15.
53.797 2 GPS 0 0 0 0 0 0 0 0 0 0 1
53.977 2 WP_MOVED 4 348764.6875 5945795. 660. 12
54.032 2 GPS 0 0 0 0 0 0 0 0 0 0 1
54.074 2 ESTIMATOR 0. 0.
54.080 2 DOWNLINK_STATUS 0 54 21221 964 0 392. 18. 62.58
54.182 2 CALIBRATION 0. 0
54.187 2 NAVIGATION 0 1 0. 0. 0. 0. 0 0
54.190 2 ATTITUDE -0.28563 -1.573435 -0.008755
54.283 2 IMU_GYRO -0.028564 0.015869 -0.047852
54.288 2 GPS 0 0 0 0 0 0 0 0 0 0 1
54.377 2 BAT 0 1 0 0 1 62 0 0
54.477 2 WP_MOVED 5 348740. 5945760. 660. 12
54.532 2 GPS 0 0 0 0 0 0 0 0 0 0 1
54.558 2 FBW_STATUS 2 0 1 1 0
54.575 2 ESTIMATOR 0. 0.
54.676 2 ATTITUDE -0.285631 -1.573263 -0.00873
54.782 2 GPS 0 0 0 0 0 0 0 0 0 0 1
54.834 2 DESIRED 0. 0.03 0. 0. 0. 655. 0. 15.
54.977 2 WP_MOVED 6 348665. 5945815. 660. 12
55.032 2 GPS 0 0 0 0 0 0 0 0 0 0 1
55.077 2 DL_VALUE 41 1500.
55.090 2 ESTIMATOR 0. 0.
55.091 2 DOWNLINK_STATUS 0 55 21597 981 0 376. 17. 62.58
55.184 2 NAVIGATION 0 1 0. 0. 0. 0. 0 0
55.187 2 ATTITUDE -0.285581 -1.573178 -0.008681
55.282 2 GPS 0 0 0 0 0 0 0 0 0 0 1
55.380 2 NAVIGATION_REF 348865 5945715 12 605.
55.384 2 IMU_GYRO -0.029785 0.015869 -0.049805
55.485 2 GPS_SOL 0 0 0 0
55.488 2 BAT 0 1 0 0 1 63 0 0
55.491 2 WP_MOVED 7 349065. 5946015. 660. 12
55.532 2 GPS 0 0 0 0 0 0 0 0 0 0 1
55.584 2 ENERGY 0.1 0. 0 0.
55.587 2 ESTIMATOR 0. 0.
55.597 2 PONG 
55.676 2 ATTITUDE -0.285581 -1.573092 -0.008669
55.782 2 GPS 0 0 0 0 0 0 0 0 0 0 1
55.884 2 DESIRED 0. 0.03 0. 0. 0. 655. 0. 15.
55.977 2 WP_MOVED 0 348907. 5945757. 660. 12
56.032 2 GPS 0 0 0 0 0 0 0 0 0 0 1
56.074 2 ESTIMATOR 0. 0.
56.088 2 DOWNLINK_STATUS 0 56 21998 999 0 401. 18. 52.27
56.183 2 NAVIGATION 0 1 0. 0. 0. 0. 0 0
56.187 2 ATTITUDE -0.285543 -1.572983 -0.008779
56.280 2 CALIBRATION 0. 0
56.286 2 GPS 0 0 0 0 0 0 0 0 0 0 1
56.480 2 IMU_GYRO -0.027588 0.014893 -0.049805
56.485 2 WP_MOVED 1 348865. 5945715. 660. 12
56.532 2 GPS 0 0 0 0 0 0 0 0 0 0 1
56.558 2 FBW_STATUS 2 0 1 1 0
56.581 2 DL_VALUE 42 0.
56.584 2 BAT 0 1 0 0 1 64 0 0
56.587 2 ESTIMATOR 0. 0.
56.676 2 ATTITUDE -0.285671 -1.572921 -0.00873
56.782 2 GPS 0 0 0 0 0 0 0 0 0 0 1
56.934 2 DESIRED 0. 0.03 0. 0. 0. 655. 0. 15.
56.977 2 WP_MOVED 2 348895. 5945815. 660. 12
57.032 2 GPS 0 0 0 0 0 0 0 0 0 0 1
57.075 2 ESTIMATOR 0. 0.
57.089 2 DOWNLINK_STATUS 0 57 22374 1016 0 376. 17. 52.27
57.183 2 NAVIGATION 0 1 0. 0. 0. 0. 0 0
57.186 2 ATTITUDE -0.28576 -1.572847 -0.008718
57.281 2 GPS 0 0 0 0 0 0 0 0 0 0 1
57.359 2 ACTUATORS |1000,1500,1524,1611,1611,1500|
57.459 2 COMMANDS |0,2145,461,0,0,0|
57.481 2 GPS_SOL 0 0 0 0
57.484 2 WP_MOVED 3 348965.09375 5945786. 660. 12
57.532 2 GPS 0 0 0 0 0 0 0 0 0 0 1
57.579 2 IMU_GYRO -0.027588 0.014893 -0.048828
57.582 2 ESTIMATOR 0. 0.
57.681 2 STATE_FILTER_STATUS 3 0
57.685 2 BAT 0 0 0 0 1 65 0 0
57.689 2 ATTITUDE -0.285888 -1.572774 -0.008754
57.782 2 GPS 0 0 0 0 0 0 0 0 0 0 1
57.873 2 PPRZ_MODE 2 0 0 0 0 6
57.991 2 ALIVE |112,65,74,148,203,97,248,232,165,86,204,87,98,16,169,93|
57.997 2 DESIRED 0. 0.03 0. 0. 0. 655. 0. 15.
58.000 2 WP_MOVED 4 348764.6875 5945795. 660. 12
58.031 2 GPS 0 0 0 0 0 0 0 0 0 0 1
58.082 2 ENERGY 0.1 0. 0 0.
58.085 2 DL_VALUE 0 0.
58.086 2 ESTIMATOR 0. 0.
58.090 2 DOWNLINK_STATUS 0 58 22843 1038 0 469. 22. 52.27
58.183 2 NAVIGATION 0 1 0. 0. 0. 0. 0 0
58.186 2 ATTITUDE -0.285849 -1.572762 -0.008791
58.282 2 GPS 0 0 0 0 0 0 0 0 0 0 1
58.373 2 CALIBRATION 0. 0
58.477 2 WP_MOVED 5 348740. 5945760. 660. 12
58.532 2 GPS 0 0 0 0 0 0 0 0 0 0 1
58.558 2 FBW_STATUS 2 0 1 2 0
58.575 2 ESTIMATOR 0. 0.
58.680 2 IMU_GYRO -0.028564 0.014893 -0.049805
58.686 2 ATTITUDE -0.285977 -1.572688 -0.008828
58.784 2 DOWNLINK 0 391 1187
58.788 2 BAT 0 2 0 0 1 66 0 0
58.796 2 GPS 0 0 0 0 0 0 0 0 0 0 1
58.976 2 WP_MOVED 6 348665. 5945815. 660. 12
59.040 2 DESIRED 0. 0.03 0. 0. 0. 655. 0. 15.
59.046 2 GPS 0 0 0 0 0 0 0 0 0 0 1
59.074 2 ESTIMATOR 0. 0.
59.091 2 DOWNLINK_STATUS 0 59 23219 1055 0 376. 17. 52.27
59.183 2 NAVIGATION 0 1 0. 0. 0. 0. 0 0
59.186 2 ATTITUDE -0.286066 -1.572712 -0.008742
59.282 2 GPS 0 0 0 0 0 0 0 0 0 0 1
59.480 2 GPS_SOL 0 0 0 0
59.483 2 WP_MOVED 7 349065. 5946015. 660. 12
59.532 2 GPS 0 0 0 0 0 0 0 0 0 0 1
59.576 2 DL_VALUE 1 0.
59.579 2 ESTIMATOR 0. 0.
59.675 2 ATTITUDE -0.286105 -1.572627 -0.008779
59.782 2 IMU_GYRO -0.029785 0.014893 -0.049805
59.788 2 GPS 0 0 0 0 0 0 0 0 0 0 1
59.877 2 BAT 0 1 0 0 1 67 0 0
59.976 2 WP_MOVED 0 348907. 5945757. 660. 12
60.032 2 GPS 0 0 0 0 0 0 0 0 0 0 1
60.086 2 DESIRED 0. 0.03 0. 0. 0. 655. 0. 15.
60.089 2 ESTIMATOR 0. 0.
60.092 2 DOWNLINK_STATUS 0 60 23586 1071 0 367. 16. 52.27
60.183 2 NAVIGATION 0 1 0. 0. 0. 0. 0 0
60.186 2 ATTITUDE -0.286028 -1.5727 -0.008779
60.282 2 GPS 0 0 0 0 0 0 0 0 0 0 1
60.478 2 CALIBRATION 0. 0
60.481 2 WP_MOVED 1 348865. 5945715. 660. 12
60.532 2 GPS 0 0 0 0 0 0 0 0 0 0 1
60.557 2 FBW_STATUS 2 0 1 1 0
60.591 2 ENERGY 0.1 0. 0 0.
60.594 2 ESTIMATOR 0. 0.
60.605 2 PONG 
60.675 2 ATTITUDE -0.286016 -1.572541 -0.008681
60.781 2 GPS 0 0 0 0 0 0 0 0 0 0 1
60.876 2 IMU_GYRO -0.029785 0.015869 -0.049805
60.981 2 BAT 0 1 0 0 1 68 0 0
60.984 2 WP_MOVED 2 348895. 5945815. 660. 12
61.032 2 GPS 0 0 0 0 0 0 0 0 0 0 1
61.076 2 DL_VALUE 2 655.
61.079 2 ESTIMATOR 0. 0.
61.093 2 DOWNLINK_STATUS 0 61 23950 1089 0 364. 18. 60.4
61.133 2 DESIRED 0. 0.03 0. 0. 0. 655. 0. 15.
61.183 2 NAVIGATION 0 1 0. 0. 0. 0. 0 0
61.186 2 ATTITUDE -0.286055 -1.572296 -0.008607
61.282 2 GPS 0 0 0 0 0 0 0 0 0 0 1
61.479 2 GPS_SOL 0 0 0 0
61.483 2 WP_MOVED 3 348965.09375 5945786. 660. 12
61.531 2 GPS 0 0 0 0 0 0 0 0 0 0 1
61.574 2 ESTIMATOR 0. 0.
61.675 2 ATTITUDE -0.286117 -1.572467 -0.008657
61.781 2 GPS 0 0 0 0 0 0 0 0 0 0 1
61.980 2 IMU_GYRO -0.02124 0.010498 -0.048828
61.984 2 WP_MOVED 4 348764.6875 5945795. 660. 12
62.032 2 GPS 0 0 0 0 0 0 0 0 0 0 1
62.080 2 BAT 0 2 0 0 1 69 0 0
62.082 2 ESTIMATOR 0. 0.
62.093 2 DOWNLINK_STATUS 0 62 24306 1104 0 356. 15. 60.4
62.193 2 DESIRED 0. 0.03 0. 0. 0. 655. 0. 15.
62.198 2 NAVIGATION 0 1 0. 0. 0. 0. 0 0
62.200 2 ATTITUDE -0.286372 -1.572577 -0.008767
62.282 2 GPS 0 0 0 0 0 0 0 0 0 0 1
62.359 2 ACTUATORS |1000,1500,1524,1612,1612,1500|
62.459 2 COMMANDS |0,2144,462,0,0,0|
62.476 2 WP_MOVED 5 348740. 5945760. 660. 12
62.531 2 GPS 0 0 0 0 0 0 0 0 0 0 1
62.557 2 FBW_STATUS 2 0 1 1 0
62.578 2 CALIBRATION 0. 0
62.580 2 DL_VALUE 3 0.
62.582 2 ESTIMATOR 0. 0.
62.676 2 STATE_FILTER_STATUS 3 0
62.679 2 ATTITUDE -0.286207 -1.572296 -0.008718
62.781 2 GPS 0 0 0 0 0 0 0 0 0 0 1
62.873 2 PPRZ_MODE 2 0 0 0 0 6
62.982 2 ALIVE |112,65,74,148,203,97,248,232,165,86,204,87,98,16,169,93|
62.986 2 WP_MOVED 6 348665. 5945815. 660. 12
63.031 2 GPS 0 0 0 0 0 0 0 0 0 0 1
63.084 2 ENERGY 0.2 0. 0 0.
63.087 2 IMU_GYRO -0.032959 0.02002 -0.049805
63.088 2 ESTIMATOR 0. 0.
63.094 2 DOWNLINK_STATUS 0 63 24763 1126 0 457. 22. 60.4
63.187 2 BAT 0 3 0 0 1 70 0 0
63.191 2 NAVIGATION 0 1 0. 0. 0. 0. 0 0
63.193 2 ATTITUDE -0.286208 -1.572199 -0.008791
63.234 2 DESIRED 0. 0.03 0. 0. 0. 655. 0. 15.
63.281 2 GPS 0 0 0 0 0 0 0 0 0 0 1
63.479 2 GPS_SOL 0 0 0 0
63.483 2 WP_MOVED 7 349065. 5946015. 660. 12
63.510 2 WIND_INFO 2 42 0. 0. 0.
63.531 2 GPS 0 0 0 0 0 0 0 0 0 0 1
63.574 2 ESTIMATOR 0. 0.
63.676 2 ATTITUDE -0.286248 -1.571844 -0.008876
63.781 2 GPS 0 0 0 0 0 0 0 0 0 0 1
63.873 2 DOWNLINK 0 389 1276
63.977 2 WP_MOVED 0 348907. 5945757. 660. 12
64.032 2 GPS 0 0 0 0 0 0 0 0 0 0 1
64.075 2 DL_VALUE 4 0.
64.079 2 ESTIMATOR 0. 0.
64.095 2 DOWNLINK_STATUS 0 64 25123 1142 0 360. 16. 60.4
64.185 2 IMU_GYRO -0.030762 0.02124 -0.049805
64.189 2 NAVIGATION 0 1 0. 0. 0. 0. 0 0
64.192 2 ATTITUDE -0.285981 -1.571821 -0.00879
64.292 2 BAT 0 1 0 0 1 71 0 0
64.298 2 DESIRED 0. 0.03 0. 0. 0. 655. 0. 15.
64.304 2 GPS 0 0 0 0 0 0 0 0 0 0 1
64.376 2 NAVIGATION_REF 348865 5945715 12 605.
64.476 2 WP_MOVED 1 348865. 5945715. 660. 12
64.531 2 GPS 0 0 0 0 0 0 0 0 0 0 1
64.557 2 FBW_STATUS 2 0 1 2 0
64.574 2 ESTIMATOR 0. 0.
64.677 2 CALIBRATION 0. 0
64.680 2 ATTITUDE -0.286057 -1.571833 -0.008802
64.781 2 GPS 0 0 0 0 0 0 0 0 0 0 1
64.977 2 WP_MOVED 2 348895. 5945815. 660. 12
65.031 2 GPS 0 0 0 0 0 0 0 0 0 0 1
65.074 2 ESTIMATOR 0. 0.
65.095 2 DOWNLINK_STATUS 0 65 25507 1159 0 384. 17. 60.4
65.182 2 NAVIGATION 0 1 0. 0. 0. 0. 0 0
65.186 2 ATTITUDE -0.285943 -1.571723 -0.008814
65.282 2 IMU_GYRO -0.028564 0.016846 -0.048828
65.288 2 GPS 0 0 0 0 0 0 0 0 0 0 1
65.333 2 DESIRED 0. 0.03 0. 0. 0. 655. 0. 15.
65.377 2 BAT 0 3 0 0 1 73 0 0
65.479 2 GPS_SOL 0 0 0 0
65.483 2 WP_MOVED 3 348965.09375 5945786. 660. 12
65.531 2 GPS 0 0 0 0 0 0 0 0 0 0 1
65.585 2 ENERGY 0.2 0. 0 0.
65.587 2 DL_VALUE 5 0.
65.590 2 ESTIMATOR 0. 0.
65.599 2 PONG 
65.676 2 ATTITUDE -0.285943 -1.571723 -0.008814
65.782 2 GPS 0 0 0 0 0 0 0 0 0 0 1
65.976 2 WP_MOVED 4 348764.6875 5945795. 660. 12
66.031 2 GPS 0 0 0 0 0 0 0 0 0 0 1
66.074 2 ESTIMATOR 0. 0.
66.096 2 DOWNLINK_STATUS 0 66 25900 1177 0 393. 18. 53.47
66.182 2 NAVIGATION 0 1 0. 0. 0. 0. 0 0
66.185 2 ATTITUDE -0.286159 -1.571747 -0.008863
66.281 2 GPS 0 0 0 0 0 0 0 0 0 0 1
66.384 2 IMU_GYRO -0.027588 0.015869 -0.048828
66.390 2 DESIRED 0. 0.03 0. 0. 0. 655. 0. 15.
66.481 2 BAT 0 5 0 0 1 74 0 0
66.484 2 WP_MOVED 5 348740. 5945760. 660. 12
66.532 2 GPS 0 0 0 0 0 0 0 0 0 0 1
66.557 2 FBW_STATUS 2 0 1 5 0
66.574 2 ESTIMATOR 0. 0.
66.675 2 ATTITUDE -0.286249 -1.571576 -0.008924
66.779 2 CALIBRATION 0. 0
66.785 2 GPS 0 0 0 0 0 0 0 0 0 0 1
66.976 2 WP_MOVED 6 348665. 5945815. 660. 12
67.031 2 GPS 0 0 0 0 0 0 0 0 0 0 1
67.076 2 DL_VALUE 6 100.
67.078 2 ESTIMATOR 0. 0.
67.097 2 DOWNLINK_STATUS 0 67 26276 1194 0 376. 17. 53.47
67.182 2 NAVIGATION 0 1 0. 0. 0. 0. 0 0
67.186 2 ATTITUDE -0.28616 -1.571467 -0.008997
67.281 2 GPS 0 0 0 0 0 0 0 0 0 0 1
67.359 2 ACTUATORS |1000,1500,1524,1611,1611,1500|
67.433 2 DESIRED 0. 0.03 0. 0. 0. 655. 0. 15.
67.460 2 COMMANDS |0,2150,466,0,0,0|
67.483 2 GPS_SOL 0 0 0 0
67.487 2 IMU_GYRO -0.029785 0.014893 -0.049805
67.489 2 WP_MOVED 7 349065. 5946015. 660. 12
67.531 2 GPS 0 0 0 0 0 0 0 0 0 0 1
67.580 2 BAT 0 3 0 0 1 75 0 0
67.582 2 ESTIMATOR 0. 0.
67.675 2 STATE_FILTER_STATUS 3 0
67.679 2 ATTITUDE -0.286199 -1.571381 -0.009034
67.781 2 GPS 0 0 0 0 0 0 0 0 0 0 1
67.873 2 PPRZ_MODE 2 0 0 0 0 6
67.982 2 ALIVE |112,65,74,148,203,97,248,232,165,86,204,87,98,16,169,93|
67.985 2 WP_MOVED 0 348907. 5945757. 660. 12
68.031 2 GPS 0 0 0 0 0 0 0 0 0 0 1
68.079 2 ENERGY 0.3 0. 0 0.
68.082 2 ESTIMATOR 0. 0.
68.097 2 DOWNLINK_STATUS 0 68 26734 1215 0 458. 21. 53.47
68.182 2 NAVIGATION 0 1 0. 0. 0. 0. 0 0
68.186 2 ATTITUDE -0.286034 -1.571345 -0.009107
68.281 2 GPS 0 0 0 0 0 0 0 0 0 0 1
68.488 2 DESIRED 0. 0.03 0. 0. 0. 655. 0. 15.
68.490 2 WP_MOVED 1 348865. 5945715. 660. 12
68.531 2 GPS 0 0 0 0 0 0 0 0 0 0 1
68.557 2 FBW_STATUS 2 0 1 1585 0
68.579 2 DL_VALUE 7 2.
68.582 2 IMU_GYRO -0.028564 0.016846 -0.048828
68.585 2 ESTIMATOR 0. 0.
68.680 2 BAT 0 1584 0 0 1 76 0 0
68.683 2 ATTITUDE -0.285906 -1.571419 -0.009071
68.781 2 GPS 0 0 0 0 0 0 0 0 0 0 1
68.872 2 CALIBRATION 0. 0
68.977 2 DOWNLINK 0 393 1368
68.980 2 WP_MOVED 2 348895. 5945815. 660. 12
69.031 2 GPS 0 0 0 0 0 0 0 0 0 0 1
69.074 2 ESTIMATOR 0. 0.
69.098 2 DOWNLINK_STATUS 0 69 27121 1233 0 387. 18. 53.47
69.182 2 NAVIGATION 0 1 0. 0. 0. 0. 0 0
69.186 2 ATTITUDE -0.285817 -1.571395 -0.009156
69.281 2 GPS 0 0 0 0 0 0 0 0 0 0 1
69.479 2 GPS_SOL 0 0 0 0
69.482 2 WP_MOVED 3 348965.09375 5945786. 660. 12
69.540 2 DESIRED 0. 0.03 0. 0. 0. 655. 0. 15.
69.545 2 GPS 0 0 0 0 0 0 0 0 0 0 1
69.573 2 ESTIMATOR 0. 0.
69.679 2 IMU_GYRO -0.028564 0.015869 -0.048828
69.682 2 ATTITUDE -0.285767 -1.571212 -0.00918
69.783 2 BAT 0 1584 0 0 1 77 0 0
69.789 2 GPS 0 0 0 0 0 0 0 0 0 0 1
69.976 2 WP_MOVED 4 348764.6875 5945795. 660. 12
70.031 2 GPS 0 0 0 0 0 0 0 0 0 0 1
70.076 2 DL_VALUE 8 0.
70.078 2 ESTIMATOR 0. 0.
70.099 2 DOWNLINK_STATUS 0 70 27488 1249 0 367. 16. 53.47
70.183 2 NAVIGATION 0 1 0. 0. 0. 0. 0 0
70.186 2 ATTITUDE -0.285729 -1.571115 -0.009204
70.280 2 GPS 0 0 0 0 0 0 0 0 0 0 1
70.476 2 WP_MOVED 5 348740. 5945760. 660. 12
70.531 2 GPS 0 0 0 0 0 0 0 0 0 0 1
70.557 2 FBW_STATUS 2 0 1 1585 0
70.593 2 ENERGY 158.5 0. 0 0.
70.599 2 DESIRED 0. 0.03 0. 0. 0. 655. 0. 15.
70.602 2 ESTIMATOR 0. 0.
70.606 2 PONG 
70.675 2 ATTITUDE -0.285641 -1.571103 -0.009204
70.782 2 IMU_GYRO -0.030762 0.016846 -0.048828
70.788 2 GPS 0 0 0 0 0 0 0 0 0 0 1
70.876 2 BAT 0 1584 0 0 1 78 0 0
70.977 2 CALIBRATION 0. 0
70.980 2 WP_MOVED 6 348665. 5945815. 660. 12
71.031 2 GPS 0 0 0 0 0 0 0 0 0 0 1
71.073 2 ESTIMATOR 0. 0.
71.099 2 DOWNLINK_STATUS 0 71 27879 1267 0 391. 18. 60.4
71.183 2 NAVIGATION 0 1 0. 0. 0. 0. 0 0
71.185 2 ATTITUDE -0.285768 -1.571029 -0.009241
71.280 2 GPS 0 0 0 0 0 0 0 0 0 0 1
71.479 2 GPS_SOL 0 0 0 0
71.482 2 WP_MOVED 7 349065. 5946015. 660. 12
71.531 2 GPS 0 0 0 0 0 0 0 0 0 0 1
71.575 2 DL_VALUE 9 1.
71.578 2 ESTIMATOR 0. 0.
71.633 2 DESIRED 0. 0.03 0. 0. 0. 655. 0. 15.
71.675 2 ATTITUDE -0.285819 -1.571029 -0.009278
71.781 2 GPS 0 0 0 0 0 0 0 0 0 0 1
71.875 2 IMU_GYRO -0.029785 0.015869 -0.049805
71.981 2 BAT 0 1584 0 0 1 79 0 0
71.984 2 WP_MOVED 0 348907. 5945757. 660. 12
72.031 2 GPS 0 0 0 0 0 0 0 0 0 0 1
72.073 2 ESTIMATOR 0. 0.
72.100 2 DOWNLINK_STATUS 0 72 28246 1283 0 367. 16. 60.4
72.182 2 NAVIGATION 0 1 0. 0. 0. 0. 0 0
72.185 2 ATTITUDE -0.285769 -1.570858 -0.009216
72.281 2 GPS 0 0 0 0 0 0 0 0 0 0 1
72.358 2 ACTUATORS |1000,1500,1524,1611,1611,1500|
72.459 2 COMMANDS |0,2143,467,0,0,0|
72.476 2 WP_MOVED 1 348865. 5945715. 660. 12
72.531 2 GPS 0 0 0 0 0 0 0 0 0 0 1
72.557 2 FBW_STATUS 2 0 1 1584 0
72.574 2 ESTIMATOR 0. 0.
72.684 2 STATE_FILTER_STATUS 3 0
72.690 2 DESIRED 0. 0.03 0. 0. 0. 655. 0. 15.
72.694 2 ATTITUDE -0.28577 -1.570687 -0.009192
72.781 2 GPS 0 0 0 0 0 0 0 0 0 0 1
72.872 2 PPRZ_MODE 2 0 0 0 0 6
72.986 2 ALIVE |112,65,74,148,203,97,248,232,165,86,204,87,98,16,169,93|
72.988 2 IMU_GYRO -0.029785 0.015869 -0.048828
72.991 2 WP_MOVED 2 348895. 5945815. 660. 12
73.030 2 GPS 0 0 0 0 0 0 0 0 0 0 1
73.088 2 ENERGY 158.300003 0. 0 0.
73.090 2 CALIBRATION 0. 0
73.092 2 DL_VALUE 10 0.
73.095 2 BAT 0 1583 0 0 1 80 0 0
73.098 2 ESTIMATOR 0. 0.
73.101 2 DOWNLINK_STATUS 0 73 28724 1306 0 478. 23. 60.4
73.182 2 NAVIGATION 0 1 0. 0. 0. 0. 0 0
73.185 2 ATTITUDE -0.28577 -1.570687 -0.009192
73.281 2 GPS 0 0 0 0 0 0 0 0 0 0 1
73.375 2 NAVIGATION_REF 348865 5945715 12 605.
73.479 2 GPS_SOL 0 0 0 0
73.483 2 WP_MOVED 3 348965.09375 5945786. 660. 12
73.511 2 WIND_INFO 2 42 0. 0. 0.
73.531 2 GPS 0 0 0 0 0 0 0 0 0 0 1
73.574 2 ESTIMATOR 0. 0.
73.675 2 ATTITUDE -0.285859 -1.570687 -0.009277
73.733 2 DESIRED 0. 0.03 0. 0. 0. 655. 0. 15.
73.781 2 GPS 0 0 0 0 0 0 0 0 0 0 1
73.975 2 WP_MOVED 4 348764.6875 5945795. 660. 12
74.030 2 GPS 0 0 0 0 0 0 0 0 0 0 1
74.079 2 DOWNLINK 0 392 1458
74.082 2 IMU_GYRO -0.029785 0.018066 -0.048828
74.084 2 ESTIMATOR 0. 0.
74.102 2 DOWNLINK_STATUS 0 74 29089 1322 0 365. 16. 60.4
74.185 2 BAT 0 1584 0 0 1 81 0 0
74.190 2 NAVIGATION 0 1 0. 0. 0. 0. 0 0
74.193 2 ATTITUDE -0.285859 -1.570675 -0.009363
74.281 2 GPS 0 0 0 0 0 0 0 0 0 0 1
74.476 2 WP_MOVED 5 348740. 5945760. 660. 12
74.531 2 GPS 0 0 0 0 0 0 0 0 0 0 1
74.558 2 FBW_STATUS 2 0 1 1584 0
74.575 2 DL_VALUE 11 0.
74.578 2 ESTIMATOR 0. 0.
74.675 2 ATTITUDE -0.285859 -1.57059 -0.00935
74.790 2 DESIRED 0. 0.03 0. 0. 0. 655. 0. 15.
74.795 2 GPS 0 0 0 0 0 0 0 0 0 0 1
74.975 2 WP_MOVED 6 348665. 5945815. 660. 12
75.030 2 GPS 0 0 0 0 0 0 0 0 0 0 1
75.073 2 ESTIMATOR 0. 0.
75.103 2 DOWNLINK_STATUS 0 75 29436 1337 0 347. 15. 60.4
75.185 2 CALIBRATION 0. 0
75.189 2 IMU_GYRO -0.029785 0.015869 -0.048828
75.193 2 NAVIGATION 0 1 0. 0. 0. 0. 0 0
75.196 2 ATTITUDE -0.285948 -1.570602 -0.00935
75.283 2 BAT 0 1584 0 0 1 82 0 0
75.289 2 GPS 0 0 0 0 0 0 0 0 0 0 1
75.479 2 GPS_SOL 0 0 0 0
75.482 2 WP_MOVED 7 349065. 5946015. 660. 12
75.531 2 GPS 0 0 0 0 0 0 0 0 0 0 1
75.586 2 ENERGY 158.399994 0. 0 0.
75.588 2 ESTIMATOR 0. 0.
75.598 2 PONG 
75.674 2 ATTITUDE -0.286165 -1.570564 -0.009216
75.780 2 GPS 0 0 0 0 0 0 0 0 0 0 1
75.838 2 DESIRED 0. 0.03 0. 0. 0. 655. 0. 15.
75.975 2 WP_MOVED 0 348907. 5945757. 660. 12
76.031 2 GPS 0 0 0 0 0 0 0 0 0 0 1
76.075 2 DL_VALUE 12 12000.
76.077 2 ESTIMATOR 0. 0.
76.104 2 DOWNLINK_STATUS 0 76 29840 1356 0 404. 19. 52.51
76.182 2 NAVIGATION 0 1 0. 0. 0. 0. 0 0
76.185 2 ATTITUDE -0.286254 -1.57049 -0.009204
76.282 2 IMU_GYRO -0.026367 0.015869 -0.048828
76.288 2 GPS 0 0 0 0 0 0 0 0 0 0 1
76.376 2 BAT 0 1584 0 0 1 84 0 0
76.476 2 WP_MOVED 1 348865. 5945715. 660. 12
76.531 2 GPS 0 0 0 0 0 0 0 0 0 0 1
76.556 2 FBW_STATUS 2 0 1 1584 0
76.573 2 ESTIMATOR 0. 0.
76.674 2 ATTITUDE -0.286166 -1.57021 -0.009252
76.780 2 GPS 0 0 0 0 0 0 0 0 0 0 1
76.882 2 DESIRED 0. 0.03 0. 0. 0. 655. 0. 15.
76.976 2 WP_MOVED 2 348895. 5945815. 660. 12
77.031 2 GPS 0 0 0 0 0 0 0 0 0 0 1
77.073 2 ESTIMATOR 0. 0.
77.105 2 DOWNLINK_STATUS 0 77 30194 1371 0 354. 15. 52.51
77.182 2 NAVIGATION 0 1 0. 0. 0. 0. 0 0
77.185 2 ATTITUDE -0.285989 -1.570174 -0.009338
77.279 2 CALIBRATION 0. 0
77.285 2 GPS 0 0 0 0 0 0 0 0 0 0 1
77.359 2 ACTUATORS |1000,1500,1524,1611,1611,1500|
77.375 2 IMU_GYRO -0.029785 0.015869 -0.048828
77.459 2 COMMANDS |0,2145,470,0,0,0|
77.483 2 GPS_SOL 0 0 0 0
77.486 2 BAT 0 0 0 0 1 85 0 0
77.491 2 WP_MOVED 3 348965.09375 5945786. 660. 12
77.531 2 GPS 0 0 0 0 0 0 0 0 0 0 1
77.575 2 DL_VALUE 13 1.5
77.577 2 ESTIMATOR 0. 0.
77.675 2 STATE_FILTER_STATUS 3 0
77.678 2 ATTITUDE -0.285811 -1.570139 -0.009423
77.780 2 GPS 0 0 0 0 0 0 0 0 0 0 1
77.872 2 PPRZ_MODE 2 0 0 0 0 6
77.932 2 DESIRED 0. 0.03 0. 0. 0. 655. 0. 15.
77.981 2 ALIVE |112,65,74,148,203,97,248,232,165,86,204,87,98,16,169,93|
77.984 2 WP_MOVED 4 348764.6875 5945795. 660. 12
78.031 2 GPS 0 0 0 0 0 0 0 0 0 0 1
78.079 2 ENERGY 158.5 0. 0 0.
78.081 2 ESTIMATOR 0. 0.
78.106 2 DOWNLINK_STATUS 0 78 30674 1394 0 480. 23. 52.51
78.182 2 NAVIGATION 0 1 0. 0. 0. 0. 0 0
78.185 2 ATTITUDE -0.285645 -1.570212 -0.009338
78.281 2 GPS 0 0 0 0 0 0 0 0 0 0 1
78.479 2 IMU_GYRO -0.028564 0.016846 -0.048828
78.482 2 WP_MOVED 5 348740. 5945760. 660. 12
78.530 2 GPS 0 0 0 0 0 0 0 0 0 0 1
78.556 2 FBW_STATUS 2 0 1 1585 0
78.579 2 BAT 0 1585 0 0 1 86 0 0
78.581 2 ESTIMATOR 0. 0.
78.674 2 ATTITUDE -0.285606 -1.570298 -0.009301
78.780 2 GPS 0 0 0 0 0 0 0 0 0 0 1
78.987 2 DESIRED 0. 0.03 0. 0. 0. 655. 0. 15.
78.990 2 WP_MOVED 6 348665. 5945815. 660. 12
79.031 2 GPS 0 0 0 0 0 0 0 0 0 0 1
79.075 2 DL_VALUE 14 0.610865
79.078 2 ESTIMATOR 0. 0.
79.106 2 DOWNLINK_STATUS 0 79 31039 1410 0 365. 16. 52.51
79.181 2 DOWNLINK 0 390 1549
79.186 2 NAVIGATION 0 1 0. 0. 0. 0. 0 0
79.188 2 ATTITUDE -0.285645 -1.570212 -0.009338
79.280 2 GPS 0 0 0 0 0 0 0 0 0 0 1
79.372 2 CALIBRATION 0. 0
79.478 2 GPS_SOL 0 0 0 0
79.482 2 WP_MOVED 7 349065. 5946015. 660. 12
79.530 2 GPS 0 0 0 0 0 0 0 0 0 0 1
79.578 2 IMU_GYRO -0.027588 0.016846 -0.048828
79.580 2 ESTIMATOR 0. 0.
79.680 2 BAT 0 1585 0 0 1 87 0 0
79.683 2 ATTITUDE -0.285557 -1.570041 -0.009228
79.780 2 GPS 0 0 0 0 0 0 0 0 0 0 1
79.976 2 WP_MOVED 0 348907. 5945757. 660. 12
80.040 2 DESIRED 0. 0.03 0. 0. 0. 655. 0. 15.
80.045 2 GPS 0 0 0 0 0 0 0 0 0 0 1
80.072 2 ESTIMATOR 0. 0.
80.106 2 DOWNLINK_STATUS 0 80 31417 1427 0 378. 17. 52.51
80.182 2 NAVIGATION 0 1 0. 0. 0. 0. 0 0
80.185 2 ATTITUDE -0.285734 -1.570065 -0.009228
80.280 2 GPS 0 0 0 0 0 0 0 0 0 0 1
80.475 2 WP_MOVED 1 348865. 5945715. 660. 12
80.530 2 GPS 0 0 0 0 0 0 0 0 0 0 1
80.557 2 FBW_STATUS 2 0 1 0 0
80.591 2 ENERGY 0. 0. 0 0.
80.593 2 DL_VALUE 15 7500.
80.595 2 ESTIMATOR 0. 0.
80.605 2 PONG 
80.678 2 IMU_GYRO -0.026367 0.018066 -0.048828
80.681 2 ATTITUDE -0.285773 -1.569991 -0.009179
80.783 2 BAT 0 0 0 0 1 88 0 0
80.789 2 GPS 0 0 0 0 0 0 0 0 0 0 1
80.976 2 WP_MOVED 2 348895. 5945815. 660. 12
81.031 2 GPS 0 0 0 0 0 0 0 0 0 0 1
81.086 2 DESIRED 0. 0.03 0. 0. 0. 655. 0. 15.
81.087 2 ESTIMATOR 0. 0.
81.107 2 DOWNLINK_STATUS 0 81 31808 1445 0 391. 18. 58.3
81.182 2 NAVIGATION 0 1 0. 0. 0. 0. 0 0
81.184 2 ATTITUDE -0.285734 -1.570139 -0.009326
81.280 2 GPS 0 0 0 0 0 0 0 0 0 0 1
81.479 2 CALIBRATION 0. 0
81.482 2 GPS_SOL 0 0 0 0
81.486 2 WP_MOVED 3 348965.09375 5945786. 660. 12
81.530 2 GPS 0 0 0 0 0 0 0 0 0 0 1
81.573 2 ESTIMATOR 0. 0.
81.675 2 ATTITUDE -0.285823 -1.570236 -0.009338
81.782 2 IMU_GYRO -0.026367 0.015869 -0.048828
81.787 2 GPS 0 0 0 0 0 0 0 0 0 0 1
81.876 2 BAT 0 0 0 0 1 89 0 0
81.976 2 WP_MOVED 4 348764.6875 5945795. 660. 12
82.031 2 GPS 0 0 0 0 0 0 0 0 0 0 1
82.074 2 DL_VALUE 16 1250.
82.077 2 ESTIMATOR 0. 0.
82.107 2 DOWNLINK_STATUS 0 82 32148 1461 0 340. 16. 58.3
82.133 2 DESIRED 0. 0.03 0. 0. 0. 655. 0. 15.
82.181 2 NAVIGATION 0 1 0. 0. 0. 0. 0 0
82.184 2 ATTITUDE -0.285722 -1.570065 -0.00924
82.280 2 GPS 0 0 0 0 0 0 0 0 0 0 1
82.358 2 ACTUATORS |1000,1500,1524,1611,1611,1500|
82.375 2 NAVIGATION_REF 348865 5945715 12 605.
82.458 2 COMMANDS |0,2141,467,0,0,0|
82.475 2 WP_MOVED 5 348740. 5945760. 660. 12
82.530 2 GPS 0 0 0 0 0 0 0 0 0 0 1
82.557 2 FBW_STATUS 2 0 1 1 0
82.573 2 ESTIMATOR 0. 0.
82.675 2 STATE_FILTER_STATUS 3 0
82.678 2 ATTITUDE -0.285645 -1.570053 -0.009228
82.780 2 GPS 0 0 0 0 0 0 0 0 0 0 1
82.876 2 PPRZ_MODE 2 0 0 0 0 6
82.880 2 IMU_GYRO -0.029785 0.016846 -0.048828
82.985 2 ALIVE |112,65,74,148,203,97,248,232,165,86,204,87,98,16,169,93|
82.988 2 BAT 0 1 0 0 1 90 0 0
82.992 2 WP_MOVED 6 348665. 5945815. 660. 12
83.030 2 GPS 0 0 0 0 0 0 0 0 0 0 1
83.078 2 ENERGY 0. 0. 0 0.
83.080 2 ESTIMATOR 0. 0.
83.108 2 DOWNLINK_STATUS 0 83 32623 1483 0 475. 22. 58.3
83.191 2 DESIRED 0. 0.03 0. 0. 0. 655. 0. 15.
83.196 2 NAVIGATION 0 1 0. 0. 0. 0. 0 0
83.199 2 ATTITUDE -0.285646 -1.569968 -0.009215
83.280 2 GPS 0 0 0 0 0 0 0 0 0 0 1
83.478 2 GPS_SOL 0 0 0 0
83.482 2 WP_MOVED 7 349065. 5946015. 660. 12
83.511 2 WIND_INFO 2 42 0. 0. 0.
83.530 2 GPS 0 0 0 0 0 0 0 0 0 0 1
83.577 2 CALIBRATION 0. 0
83.579 2 DL_VALUE 17 0.45
83.581 2 ESTIMATOR 0. 0.
83.675 2 ATTITUDE -0.285557 -1.569882 -0.009118
83.780 2 GPS 0 0 0 0 0 0 0 0 0 0 1
83.978 2 IMU_GYRO -0.029785 0.014893 -0.049805
83.983 2 WP_MOVED 0 348907. 5945757. 660. 12
84.030 2 GPS 0 0 0 0 0 0 0 0 0 0 1
84.078 2 BAT 0 2 0 0 1 91 0 0
84.081 2 ESTIMATOR 0. 0.
84.109 2 DOWNLINK_STATUS 0 84 33001 1500 0 378. 17. 58.3
84.181 2 NAVIGATION 0 1 0. 0. 0. 0. 0 0
84.184 2 ATTITUDE -0.285646 -1.569809 -0.009105
84.232 2 DESIRED 0. 0.03 0. 0. 0. 655. 0. 15.
84.279 2 DOWNLINK 0 400 1642
84.284 2 GPS 0 0 0 0 0 0 0 0 0 0 1
84.475 2 WP_MOVED 1 348865. 5945715. 660. 12
84.530 2 GPS 0 0 0 0 0 0 0 0 0 0 1
84.556 2 FBW_STATUS 2 0 1 1 0
84.573 2 ESTIMATOR 0. 0.
84.675 2 ATTITUDE -0.285685 -1.569759 -0.008886
84.779 2 GPS 0 0 0 0 0 0 0 0 0 0 1
84.975 2 WP_MOVED 2 348895. 5945815. 660. 12
85.030 2 GPS 0 0 0 0 0 0 0 0 0 0 1
85.078 2 DL_VALUE 18 0.03
85.081 2 IMU_GYRO -0.031738 0.014893 -0.047852
85.084 2 ESTIMATOR 0. 0.
85.110 2 DOWNLINK_STATUS 0 85 33356 1516 0 355. 16. 58.3
85.185 2 BAT 0 2 0 0 1 92 0 0
85.189 2 NAVIGATION 0 1 0. 0. 0. 0. 0 0
85.192 2 ATTITUDE -0.285608 -1.569735 -0.008959
85.289 2 DESIRED 0. 0.03 0. 0. 0. 655. 0. 15.
85.295 2 GPS 0 0 0 0 0 0 0 0 0 0 1
85.478 2 GPS_SOL 0 0 0 0
85.482 2 WP_MOVED 3 348965.09375 5945786. 660. 12
85.530 2 GPS 0 0 0 0 0 0 0 0 0 0 1
85.587 2 ENERGY 0.1 0. 0 0.
85.588 2 ESTIMATOR 0. 0.
85.599 2 PONG 
85.675 2 CALIBRATION 0. 0
85.678 2 ATTITUDE -0.28552 -1.569626 -0.009032
85.779 2 GPS 0 0 0 0 0 0 0 0 0 0 1
85.975 2 WP_MOVED 4 348764.6875 5945795. 660. 12
86.030 2 GPS 0 0 0 0 0 0 0 0 0 0 1
86.072 2 ESTIMATOR 0. 0.
86.111 2 DOWNLINK_STATUS 0 86 33731 1533 0 375. 17. 52.43
86.184 2 IMU_GYRO -0.027588 0.016846 -0.049805
86.188 2 NAVIGATION 0 1 0. 0. 0. 0. 0 0
86.191 2 ATTITUDE -0.28552 -1.5697 -0.00913
86.282 2 BAT 0 1585 0 0 1 93 0 0
86.288 2 GPS 0 0 0 0 0 0 0 0 0 0 1
86.332 2 DESIRED 0. 0.03 0. 0. 0. 655. 0. 15.
86.475 2 WP_MOVED 5 348740. 5945760. 660. 12
86.530 2 GPS 0 0 0 0 0 0 0 0 0 0 1
86.556 2 FBW_STATUS 2 0 1 1585 0
86.574 2 DL_VALUE 19 0.15
86.576 2 ESTIMATOR 0. 0.
86.674 2 ATTITUDE -0.28552 -1.5697 -0.00913
86.780 2 GPS 0 0 0 0 0 0 0 0 0 0 1
86.975 2 WP_MOVED 6 348665. 5945815. 660. 12
87.030 2 GPS 0 0 0 0 0 0 0 0 0 0 1
87.073 2 ESTIMATOR 0. 0.
87.112 2 DOWNLINK_STATUS 0 87 34096 1549 0 365. 16. 52.43
87.181 2 NAVIGATION 0 1 0. 0. 0. 0. 0 0
87.185 2 ATTITUDE -0.285775 -1.569576 -0.009032
87.281 2 IMU_GYRO -0.023193 0.016846 -0.048828
87.287 2 GPS 0 0 0 0 0 0 0 0 0 0 1
87.358 2 ACTUATORS |1000,1500,1524,1611,1611,1500|
87.384 2 BAT 0 2 0 0 1 95 0 0
87.390 2 DESIRED 0. 0.03 0. 0. 0. 655. 0. 15.
87.458 2 COMMANDS |0,2145,465,0,0,0|
87.477 2 GPS_SOL 0 0 0 0
87.481 2 WP_MOVED 7 349065. 5946015. 660. 12
87.529 2 GPS 0 0 0 0 0 0 0 0 0 0 1
87.572 2 ESTIMATOR 0. 0.
87.674 2 STATE_FILTER_STATUS 3 0
87.677 2 ATTITUDE -0.286118 -1.56955 -0.008946
87.778 2 CALIBRATION 0. 0
87.784 2 GPS 0 0 0 0 0 0 0 0 0 0 1
87.872 2 PPRZ_MODE 2 0 0 0 0 6
87.980 2 ALIVE |112,65,74,148,203,97,248,232,165,86,204,87,98,16,169,93|
87.984 2 WP_MOVED 0 348907. 5945757. 660. 12
88.030 2 GPS 0 0 0 0 0 0 0 0 0 0 1
88.080 2 ENERGY 158.5 0. 0 0.
88.082 2 DL_VALUE 20 0.01
88.085 2 ESTIMATOR 0. 0.
88.113 2 DOWNLINK_STATUS 0 88 34576 1572 0 480. 23. 52.43
88.181 2 NAVIGATION 0 1 0. 0. 0. 0. 0 0
88.184 2 ATTITUDE -0.286563 -1.569695 -0.008958
88.280 2 GPS 0 0 0 0 0 0 0 0 0 0 1
88.373 2 IMU_GYRO -0.029785 0.015869 -0.049805
88.432 2 DESIRED 0. 0.03 0. 0. 0. 655. 0. 15.
88.479 2 BAT 0 1528 0 0 1 96 0 0
88.482 2 WP_MOVED 1 348865. 5945715. 660. 12
88.529 2 GPS 0 0 0 0 0 0 0 0 0 0 1
88.556 2 FBW_STATUS 2 0 1 1528 0
88.572 2 ESTIMATOR 0. 0.
88.674 2 ATTITUDE -0.286652 -1.569536 -0.008934
88.780 2 GPS 0 0 0 0 0 0 0 0 0 0 1
88.975 2 WP_MOVED 2 348895. 5945815. 660. 12
89.030 2 GPS 0 0 0 0 0 0 0 0 0 0 1
89.073 2 ESTIMATOR 0. 0.
89.114 2 DOWNLINK_STATUS 0 89 34930 1587 0 354. 15. 52.43
89.181 2 NAVIGATION 0 1 0. 0. 0. 0. 0 0
89.184 2 ATTITUDE -0.286817 -1.569646 -0.008958
89.280 2 GPS 0 0 0 0 0 0 0 0 0 0 1
89.371 2 DOWNLINK 0 377 1729
89.490 2 GPS_SOL 0 0 0 0
89.494 2 IMU_GYRO -0.028564 0.019043 -0.049805
89.499 2 DESIRED 0. 0.03 0. 0. 0. 655. 0. 15.
89.503 2 WP_MOVED 3 348965.09375 5945786. 660. 12
89.529 2 GPS 0 0 0 0 0 0 0 0 0 0 1
89.579 2 DL_VALUE 21 0.1
89.582 2 BAT 0 4 0 0 1 97 0 0
89.585 2 ESTIMATOR 0. 0.
89.674 2 ATTITUDE -0.286524 -1.569695 -0.00891
89.780 2 GPS 0 0 0 0 0 0 0 0 0 0 1
89.871 2 CALIBRATION 0. 0
89.975 2 WP_MOVED 4 348764.6875 5945795. 660. 12
90.030 2 GPS 0 0 0 0 0 0 0 0 0 0 1
90.072 2 ESTIMATOR 0. 0.
90.114 2 DOWNLINK_STATUS 0 90 35319 1605 0 389. 18. 52.43
90.180 2 NAVIGATION 0 1 0. 0. 0. 0. 0 0
90.184 2 ATTITUDE -0.286384 -1.569683 -0.008873
90.279 2 GPS 0 0 0 0 0 0 0 0 0 0 1
90.475 2 WP_MOVED 5 348740. 5945760. 660. 12
90.539 2 DESIRED 0. 0.03 0. 0. 0. 655. 0. 15.
90.544 2 GPS 0 0 0 0 0 0 0 0 0 0 1
90.556 2 FBW_STATUS 2 0 1 1585 0
90.591 2 ENERGY 158.399994 0. 0 0.
90.594 2 IMU_GYRO -0.029785 0.016846 -0.048828
90.596 2 ESTIMATOR 0. 0.
90.604 2 PONG 
90.679 2 BAT 0 1584 0 0 1 98 0 0
90.682 2 ATTITUDE -0.286435 -1.569707 -0.008739
90.780 2 GPS 0 0 0 0 0 0 0 0 0 0 1
90.975 2 WP_MOVED 6 348665. 5945815. 660. 12
91.030 2 GPS 0 0 0 0 0 0 0 0 0 0 1
91.074 2 DL_VALUE 22 0.
91.076 2 ESTIMATOR 0. 0.
91.115 2 DOWNLINK_STATUS 0 91 35710 1623 0 391. 18. 56.41
91.180 2 NAVIGATION 0 1 0. 0. 0. 0. 0 0
91.183 2 ATTITUDE -0.286384 -1.569719 -0.008617
91.279 2 GPS 0 0 0 0 0 0 0 0 0 0 1
91.374 2 NAVIGATION_REF 348865 5945715 12 605.
91.478 2 GPS_SOL 0 0 0 0
91.481 2 WP_MOVED 7 349065. 5946015. 660. 12
91.530 2 GPS 0 0 0 0 0 0 0 0 0 0 1
91.585 2 DESIRED 0. 0.03 0. 0. 0. 655. 0. 15.
91.587 2 ESTIMATOR 0. 0.
91.678 2 IMU_GYRO -0.027588 0.019043 -0.048828
91.681 2 ATTITUDE -0.286206 -1.569719 -0.008446
91.782 2 BAT 0 1585 0 0 1 99 0 0
91.788 2 GPS 0 0 0 0 0 0 0 0 0 0 1
91.975 2 CALIBRATION 0. 0
91.979 2 WP_MOVED 0 348907. 5945757. 660. 12
92.029 2 GPS 0 0 0 0 0 0 0 0 0 0 1
92.072 2 ESTIMATOR 0. 0.
92.116 2 DOWNLINK_STATUS 0 92 36096 1640 0 386. 17. 56.41
92.180 2 NAVIGATION 0 1 0. 0. 0. 0. 0 0
92.184 2 ATTITUDE -0.286129 -1.569719 -0.008348
92.279 2 GPS 0 0 0 0 0 0 0 0 0 0 1
92.360 2 ACTUATORS |1000,1500,1523,1611,1611,1500|
92.457 2 COMMANDS |0,2144,453,0,0,0|
92.474 2 WP_MOVED 1 348865. 5945715. 660. 12
92.530 2 GPS 0 0 0 0 0 0 0 0 0 0 1
92.556 2 FBW_STATUS 2 0 1 1584 0
92.574 2 DL_VALUE 23 0.05
92.576 2 ESTIMATOR 0. 0.
92.632 2 DESIRED 0. 0.03 0. 0. 0. 655. 0. 15.
92.674 2 STATE_FILTER_STATUS 3 0
92.677 2 ATTITUDE -0.285989 -1.569658 -0.008043
92.781 2 IMU_GYRO -0.027588 0.016846 -0.049805
92.787 2 GPS 0 0 0 0 0 0 0 0 0 0 1
92.875 2 PPRZ_MODE 2 0 0 0 0 6
92.879 2 BAT 0 1585 0 0 1 100 0 0
92.981 2 ALIVE |112,65,74,148,203,97,248,232,165,86,204,87,98,16,169,93|
92.983 2 WP_MOVED 2 348895. 5945815. 660. 12
93.029 2 GPS 0 0 0 0 0 0 0 0 0 0 1
93.078 2 ENERGY 158.5 0. 0 0.
93.080 2 ESTIMATOR 0. 0.
93.117 2 DOWNLINK_STATUS 0 93 36563 1662 0 467. 22. 56.41
93.180 2 NAVIGATION 0 1 0. 0. 0. 0. 0 0
93.184 2 ATTITUDE -0.28595 -1.56967 -0.007909
93.279 2 GPS 0 0 0 0 0 0 0 0 0 0 1
93.478 2 GPS_SOL 0 0 0 0
93.482 2 WP_MOVED 3 348965.09375 5945786. 660. 12
93.511 2 WIND_INFO 2 42 0. 0. 0.
93.530 2 GPS 0 0 0 0 0 0 0 0 0 0 1
93.572 2 ESTIMATOR 0. 0.
93.686 2 DESIRED 0. 0.03 0. 0. 0. 655. 0. 15.
93.689 2 ATTITUDE -0.28595 -1.569596 -0.007811
93.780 2 GPS 0 0 0 0 0 0 0 0 0 0 1
93.873 2 IMU_GYRO -0.029785 0.018066 -0.049805
93.979 2 BAT 0 1585 0 0 1 101 0 0
93.982 2 WP_MOVED 4 348764.6875 5945795. 660. 12
94.029 2 GPS 0 0 0 0 0 0 0 0 0 0 1
94.076 2 CALIBRATION 0. 0
94.078 2 DL_VALUE 24 0.
94.080 2 ESTIMATOR 0. 0.
94.118 2 DOWNLINK_STATUS 0 94 36941 1679 0 378. 17. 56.41
94.180 2 NAVIGATION 0 1 0. 0. 0. 0. 0 0
94.184 2 ATTITUDE -0.28595 -1.569705 -0.007653
94.279 2 GPS 0 0 0 0 0 0 0 0 0 0 1
94.475 2 DOWNLINK 0 394 1821
94.479 2 WP_MOVED 5 348740. 5945760. 660. 12
94.530 2 GPS 0 0 0 0 0 0 0 0 0 0 1
94.556 2 FBW_STATUS 2 0 1 1585 0
94.572 2 ESTIMATOR 0. 0.
94.674 2 ATTITUDE -0.286255 -1.569668 -0.007604
94.732 2 DESIRED 0. 0.03 0. 0. 0. 655. 0. 15.
94.779 2 GPS 0 0 0 0 0 0 0 0 0 0 1
94.978 2 IMU_GYRO -0.029785 0.018066 -0.049805
94.981 2 WP_MOVED 6 348665. 5945815. 660. 12
95.029 2 GPS 0 0 0 0 0 0 0 0 0 0 1
95.078 2 BAT 0 1585 0 0 1 102 0 0
95.080 2 ESTIMATOR 0. 0.
95.119 2 DOWNLINK_STATUS 0 95 37306 1695 0 365. 16. 56.41
95.181 2 NAVIGATION 0 1 0. 0. 0. 0. 0 0
95.184 2 ATTITUDE -0.286294 -1.569594 -0.007554
95.279 2 GPS 0 0 0 0 0 0 0 0 0 0 1
95.478 2 GPS_SOL 0 0 0 0
95.481 2 WP_MOVED 7 349065. 5946015. 660. 12
95.530 2 GPS 0 0 0 0 0 0 0 0 0 0 1
95.588 2 ENERGY 158.5 0. 0 0.
95.589 2 DL_VALUE 25 1.000074
95.592 2 ESTIMATOR 0. 0.
95.601 2 PONG 
95.673 2 ATTITUDE -0.286255 -1.56968 -0.007518
95.788 2 DESIRED 0. 0.03 0. 0. 0. 655. 0. 15.
95.794 2 GPS 0 0 0 0 0 0 0 0 0 0 1
95.974 2 WP_MOVED 0 348907. 5945757. 660. 12
96.029 2 GPS 0 0 0 0 0 0 0 0 0 0 1
96.077 2 IMU_GYRO -0.027588 0.016846 -0.048828
96.079 2 ESTIMATOR 0. 0.
96.120 2 DOWNLINK_STATUS 0 96 37678 1712 0 372. 17. 53.46
96.185 2 CALIBRATION 0. 0
96.189 2 BAT 0 1585 0 0 1 103 0 0
96.193 2 NAVIGATION 0 1 0. 0. 0. 0. 0 0
96.196 2 ATTITUDE -0.286421 -1.569618 -0.007518
96.280 2 GPS 0 0 0 0 0 0 0 0 0 0 1
96.475 2 WP_MOVED 1 348865. 5945715. 660. 12
96.529 2 GPS 0 0 0 0 0 0 0 0 0 0 1
96.555 2 FBW_STATUS 2 0 1 1585 0
96.572 2 ESTIMATOR 0. 0.
96.673 2 ATTITUDE -0.286383 -1.569533 -0.007457
96.779 2 GPS 0 0 0 0 0 0 0 0 0 0 1
96.831 2 DESIRED 0. 0.03 0. 0. 0. 655. 0. 15.
96.974 2 WP_MOVED 2 348895. 5945815. 660. 12
97.029 2 GPS 0 0 0 0 0 0 0 0 0 0 1
97.074 2 DL_VALUE 26 0.298451
97.076 2 ESTIMATOR 0. 0.
97.121 2 DOWNLINK_STATUS 0 97 38036 1728 0 358. 16. 53.46
97.183 2 IMU_GYRO -0.029785 0.019043 -0.048828
97.188 2 NAVIGATION 0 1 0. 0. 0. 0. 0 0
97.191 2 ATTITUDE -0.28651 -1.569459 -0.007493
97.281 2 BAT 0 1585 0 0 1 104 0 0
97.288 2 GPS 0 0 0 0 0 0 0 0 0 0 1
97.363 2 ACTUATORS |1000,1500,1523,1612,1612,1500|
97.457 2 COMMANDS |0,2155,446,0,0,0|
97.477 2 GPS_SOL 0 0 0 0
97.480 2 WP_MOVED 3 348965.09375 5945786. 660. 12
97.529 2 GPS 0 0 0 0 0 0 0 0 0 0 1
97.572 2 ESTIMATOR 0. 0.
97.674 2 STATE_FILTER_STATUS 3 0
97.677 2 ATTITUDE -0.286688 -1.569508 -0.007322
97.779 2 GPS 0 0 0 0 0 0 0 0 0 0 1
97.879 2 PPRZ_MODE 2 0 0 0 0 6
97.886 2 DESIRED 0. 0.03 0. 0. 0. 655. 0. 15.
97.980 2 ALIVE |112,65,74,148,203,97,248,232,165,86,204,87,98,16,169,93|
97.983 2 WP_MOVED 4 348764.6875 5945795. 660. 12
98.029 2 GPS 0 0 0 0 0 0 0 0 0 0 1
98.077 2 ENERGY 158.5 0. 0 0.
98.080 2 ESTIMATOR 0. 0.
98.122 2 DOWNLINK_STATUS 0 98 38494 1749 0 458. 21. 53.46
98.181 2 NAVIGATION 0 1 0. 0. 0. 0. 0 0
98.183 2 ATTITUDE -0.286816 -1.569361 -0.007261
98.281 2 CALIBRATION 0. 0
98.284 2 IMU_GYRO -0.030762 0.013672 -0.048828
98.290 2 GPS 0 0 0 0 0 0 0 0 0 0 1
98.374 2 BAT 0 1585 0 0 1 106 0 0
98.474 2 WP_MOVED 5 348740. 5945760. 660. 12
98.529 2 GPS 0 0 0 0 0 0 0 0 0 0 1
98.555 2 FBW_STATUS 2 0 1 1586 0
98.573 2 DL_VALUE 27 1.
98.576 2 ESTIMATOR 0. 0.
98.673 2 ATTITUDE -0.286828 -1.569275 -0.007236
98.779 2 GPS 0 0 0 0 0 0 0 0 0 0 1
98.931 2 DESIRED 0. 0.03 0. 0. 0. 655. 0. 15.
98.974 2 WP_MOVED 6 348665. 5945815. 660. 12
99.029 2 GPS 0 0 0 0 0 0 0 0 0 0 1
99.072 2 ESTIMATOR 0. 0.
99.123 2 DOWNLINK_STATUS 0 99 38870 1766 0 376. 17. 53.46
99.181 2 NAVIGATION 0 1 0. 0. 0. 0. 0 0
99.183 2 ATTITUDE -0.286905 -1.569116 -0.007224
99.279 2 GPS 0 0 0 0 0 0 0 0 0 0 1
99.373 2 IMU_GYRO -0.028564 0.015869 -0.049805
99.482 2 GPS_SOL 0 0 0 0
99.485 2 BAT 0 1585 0 0 1 107 0 0
99.489 2 WP_MOVED 7 349065. 5946015. 660. 12
99.529 2 GPS 0 0 0 0 0 0 0 0 0 0 1
99.573 2 DOWNLINK 0 399 1913
99.576 2 ESTIMATOR 0. 0.
99.673 2 ATTITUDE -0.286905 -1.569116 -0.007224
99.779 2 GPS 0 0 0 0 0 0 0 0 0 0 1
99.986 2 DESIRED 0. 0.03 0. 0. 0. 655. 0. 15.
99.989 2 WP_MOVED 0 348907. 5945757. 660. 12
100.029 2 GPS 0 0 0 0 0 0 0 0 0 0 1
100.073 2 DL_VALUE 28 0.
100.075 2 ESTIMATOR 0. 0.
100.123 2 DOWNLINK_STATUS 0 100 39248 1783 0 378. 17. 53.46
100.180 2 NAVIGATION 0 1 0. 0. 0. 0. 0 0
100.184 2 ATTITUDE -0.28674 -1.569093 -0.007212
100.279 2 GPS 0 0 0 0 0 0 0 0 0 0 1
100.376 2 NAVIGATION_REF 348865 5945715 12 605.
100.378 2 CALIBRATION 0. 0
100.477 2 IMU_GYRO -0.028564 0.015869 -0.048828
100.481 2 WP_MOVED 1 348865. 5945715. 660. 12
100.529 2 GPS 0 0 0 0 0 0 0 0 0 0 1
100.555 2 FBW_STATUS 2 0 1 1585 0
100.590 2 ENERGY 158.5 0. 0 0.
100.594 2 BAT 0 1585 0 0 1 108 0 0
100.596 2 ESTIMATOR 0. 0.
100.604 2 PONG 
100.673 2 ATTITUDE -0.286779 -1.568922 -0.007236
100.779 2 GPS 0 0 0 0 0 0 0 0 0 0 1
100.975 2 WP_MOVED 2 348895. 5945815. 660. 12
101.039 2 DESIRED 0. 0.03 0. 0. 0. 655. 0. 15.
101.043 2 GPS 0 0 0 0 0 0 0 0 0 0 1
101.071 2 ESTIMATOR 0. 0.
101.124 2 DOWNLINK_STATUS 0 101 39658 1802 0 410. 19. 55.36
101.180 2 NAVIGATION 0 1 0. 0. 0. 0. 0 0
101.183 2 ATTITUDE -0.28664 -1.568824 -0.007187
101.279 2 GPS 0 0 0 0 0 0 0 0 0 0 1
101.477 2 GPS_SOL 0 0 0 0
101.481 2 WP_MOVED 3 348965.09375 5945786. 660. 12
101.529 2 GPS 0 0 0 0 0 0 0 0 0 0 1
101.578 2 DL_VALUE 29 100.
101.581 2 IMU_GYRO -0.026367 0.014893 -0.049805
101.583 2 ESTIMATOR 0. 0.
101.679 2 BAT 0 1585 0 0 1 109 0 0
101.682 2 ATTITUDE -0.286678 -1.568751 -0.007138
101.779 2 GPS 0 0 0 0 0 0 0 0 0 0 1
101.974 2 WP_MOVED 4 348764.6875 5945795. 660. 12
102.029 2 GPS 0 0 0 0 0 0 0 0 0 0 1
102.084 2 DESIRED 0. 0.03 0. 0. 0. 655. 0. 15.
102.086 2 ESTIMATOR 0. 0.
102.125 2 DOWNLINK_STATUS 0 102 40025 1818 0 367. 16. 55.36
102.180 2 NAVIGATION 0 1 0. 0. 0. 0. 0 0
102.183 2 ATTITUDE -0.286551 -1.568727 -0.007175
102.279 2 GPS 0 0 0 0 0 0 0 0 0 0 1
102.367 2 ACTUATORS |1000,1500,1523,1611,1611,1500|
102.457 2 COMMANDS |0,2148,444,0,0,0|
102.475 2 CALIBRATION 0. 0
102.478 2 WP_MOVED 5 348740. 5945760. 660. 12
102.529 2 GPS 0 0 0 0 0 0 0 0 0 0 1
102.555 2 FBW_STATUS 2 0 1 1585 0
102.572 2 ESTIMATOR 0. 0.
102.677 2 STATE_FILTER_STATUS 3 0
102.680 2 IMU_GYRO -0.029785 0.02124 -0.048828
102.683 2 ATTITUDE -0.286563 -1.568642 -0.00715
102.781 2 BAT 0 1 0 0 1 110 0 0
102.787 2 GPS 0 0 0 0 0 0 0 0 0 0 1
102.871 2 PPRZ_MODE 2 0 0 0 0 6
102.979 2 ALIVE |112,65,74,148,203,97,248,232,165,86,204,87,98,16,169,93|
102.983 2 WP_MOVED 6 348665. 5945815. 660. 12
103.029 2 GPS 0 0 0 0 0 0 0 0 0 0 1
103.079 2 ENERGY 0.1 0. 0 0.
103.081 2 DL_VALUE 30 0.
103.084 2 ESTIMATOR 0. 0.
103.125 2 DOWNLINK_STATUS 0 103 40465 1840 0 440. 22. 55.36
103.131 2 DESIRED 0. 0.03 0. 0. 0. 655. 0. 15.
103.180 2 NAVIGATION 0 1 0. 0. 0. 0. 0 0
103.183 2 ATTITUDE -0.286742 -1.56858 -0.007138
103.279 2 GPS 0 0 0 0 0 0 0 0 0 0 1
103.476 2 GPS_SOL 0 0 0 0
103.481 2 WP_MOVED 7 349065. 5946015. 660. 12
103.511 2 WIND_INFO 2 42 0. 0. 0.
103.528 2 GPS 0 0 0 0 0 0 0 0 0 0 1
103.571 2 ESTIMATOR 0. 0.
103.673 2 ATTITUDE -0.286781 -1.568409 -0.007162
103.780 2 IMU_GYRO -0.027588 0.019043 -0.048828
103.785 2 GPS 0 0 0 0 0 0 0 0 0 0 1
103.874 2 BAT 0 2 0 0 1 111 0 0
103.974 2 WP_MOVED 0 348907. 5945757. 660. 12
104.029 2 GPS 0 0 0 0 0 0 0 0 0 0 1
104.072 2 ESTIMATOR 0. 0.
104.126 2 DOWNLINK_STATUS 0 104 40821 1855 0 356. 15. 55.36
104.190 2 DESIRED 0. 0.03 0. 0. 0. 655. 0. 15.
104.195 2 NAVIGATION 0 1 0. 0. 0. 0. 0 0
104.198 2 ATTITUDE -0.286781 -1.568483 -0.00726
104.279 2 GPS 0 0 0 0 0 0 0 0 0 0 1
104.473 2 WP_MOVED 1 348865. 5945715. 660. 12
104.528 2 GPS 0 0 0 0 0 0 0 0 0 0 1
104.555 2 FBW_STATUS 2 0 1 2 0
104.575 2 CALIBRATION 0. 0
104.577 2 DL_VALUE 31 2.
104.580 2 ESTIMATOR 0. 0.
104.674 2 DOWNLINK 0 389 2004
104.677 2 ATTITUDE -0.286042 -1.568716 -0.007334
104.779 2 GPS 0 0 0 0 0 0 0 0 0 0 1
104.873 2 IMU_GYRO -0.027588 0.015869 -0.049805
104.978 2 BAT 0 0 0 0 1 112 0 0
104.983 2 WP_MOVED 2 348895. 5945815. 660. 12
105.029 2 GPS 0 0 0 0 0 0 0 0 0 0 1
105.072 2 ESTIMATOR 0. 0.
105.127 2 DOWNLINK_STATUS 0 105 41208 1873 0 387. 18. 55.36
105.180 2 NAVIGATION 0 1 0. 0. 0. 0. 0 0
105.183 2 ATTITUDE -0.287265 -1.568055 -0.007063
105.231 2 DESIRED 0. 0.03 0. 0. 0. 655. 0. 15.
105.279 2 GPS 0 0 0 0 0 0 0 0 0 0 1
105.477 2 GPS_SOL 0 0 0 0
105.480 2 WP_MOVED 3 348965.09375 5945786. 660. 12
105.528 2 GPS 0 0 0 0 0 0 0 0 0 0 1
105.588 2 ENERGY 0. 0. 0 0.
105.590 2 ESTIMATOR 0. 0.
105.601 2 PONG 
105.673 2 ATTITUDE -0.28752 -1.568005 -0.007063
105.779 2 GPS 0 0 0 0 0 0 0 0 0 0 1
105.977 2 IMU_GYRO -0.052979 -0.010498 -0.048828
105.981 2 WP_MOVED 4 348764.6875 5945795. 660. 12
106.029 2 GPS 0 0 0 0 0 0 0 0 0 0 1
106.078 2 DL_VALUE 32 0.
106.081 2 BAT 0 0 0 0 1 113 0 0
106.084 2 ESTIMATOR 0. 0.
106.127 2 DOWNLINK_STATUS 0 106 41601 1891 0 393. 18. 52.38
106.180 2 NAVIGATION 0 1 0. 0. 0. 0. 0 0
106.183 2 ATTITUDE -0.288133 -1.567334 -0.006877
107.129 2 DOWNLINK_STATUS 0 107 41645 1893 0 44. 2. 52.38
108.131 2 DOWNLINK_STATUS 0 108 41645 1893 0 0. 0. 52.38
109.132 2 DOWNLINK_STATUS 0 109 41645 1893 0 0. 0. 52.38
110.133 2 DOWNLINK_STATUS 0 110 41645 1893 0 0. 0. 52.38
111.134 2 DOWNLINK_STATUS 0 111 41645 1893 0 0. 0. -4948.75
112.135 2 DOWNLINK_STATUS 0 112 41645 1893 0 0. 0. -4948.75
