1.763 2 DOWNLINK_STATUS 0 2 838 43 1 838. 43. 0.
1.772 2 NAVIGATION 0 1 10959186. -5945715. 0. 1.55455284314e+14 0 0
1.775 2 ATTITUDE 0. 0. 0.
1.874 2 GPS 0 1130805120 0 0 -17000 0 0 0 27000 12 15
1.876 2 SVINFO 15 21 16 1 0 -91 0
2.066 2 WP_MOVED 1 348865. 5945715. 660. 12
2.124 2 GPS 0 1130805120 0 0 -17000 0 0 0 27250 12 16
2.127 2 SVINFO 0 6 16 1 0 -91 0
2.147 2 FBW_STATUS 0 51 0 37 2
2.166 2 DL_VALUE 2 655.
2.168 2 ESTIMATOR 0. 0.
2.265 2 ATTITUDE 0. 0. 0.
2.374 2 GPS 0 1130805120 0 0 -17000 0 0 0 27500 12 1
2.377 2 SVINFO 1 7 16 1 0 -91 0
2.566 2 WP_MOVED 2 348895. 5945815. 660. 12
2.624 2 GPS 0 1130805120 0 0 -17000 0 0 0 27750 12 2
2.627 2 SVINFO 2 8 16 1 0 -91 0
2.677 2 IMU_GYRO -0.030762 0.022217 -0.049805
2.683 2 DESIRED 0. 0. 0. 0. 0. 655. 0. 15.
2.685 2 ESTIMATOR 0. 0.
2.764 2 DOWNLINK_STATUS 0 3 1238 62 1 400. 19. 0.
2.775 2 BAT 40 37 0 0 0 4 0 0
2.780 2 NAVIGATION 0 1 10959186. -5945715. 0. 1.55455284314e+14 0 0
2.783 2 ATTITUDE 0. 0. 0.
2.874 2 GPS 0 1130805120 0 0 -17000 0 0 0 28000 12 3
2.876 2 SVINFO 3 9 16 1 0 -91 0
2.948 2 ACTUATORS |1004,1997,1500,1500,1500,1500|
3.048 2 COMMANDS |40,14,-14,0,-14,9548|
3.070 2 CALIBRATION 0. 0
3.073 2 GPS_SOL 649537024 100000 9999 0
3.077 2 WP_MOVED 3 348965.09375 5945786. 660. 12
3.124 2 GPS 0 1130805120 0 0 -17000 0 0 0 28250 12 4
3.126 2 SVINFO 4 10 16 1 0 -91 0
3.765 2 DOWNLINK_STATUS 0 4 1483 74 1 245. 12. 0.
4.766 2 DOWNLINK_STATUS 0 5 1483 74 1 0. 0. 0.
5.767 2 DOWNLINK_STATUS 0 6 1483 74 1 0. 0. -1.40270304143e+12
6.769 2 DOWNLINK_STATUS 0 7 1483 74 1 0. 0. -1.40270304143e+12
7.769 2 DOWNLINK_STATUS 0 8 1483 74 1 0. 0. -1.40270304143e+12
8.769 2 DOWNLINK_STATUS 0 9 1483 74 1 0. 0. -1.40270304143e+12
9.241 2 STATE_FILTER_STATUS 2 0
9.244 2 IMU_GYRO -0.022217 0.029785 -0.051025
9.247 2 ATTITUDE 0. 0. 0.
9.262 2 BAT 40 163 0 0 0 0 0 0
9.267 2 GPS 0 1130805120 0 0 -17000 0 0 0 250 12 1
9.270 2 SVINFO 1 2 16 1 0 -91 0
9.277 2 PPRZ_MODE 0 0 0 0 0 17
9.285 2 DESIRED 0. 0. 0. 0. 0. 655. 0. 15.
9.298 2 ALIVE |37,227,255,13,165,72,151,253,216,251,186,219,194,188,51,15|
9.301 2 WP_MOVED 2 348895. 5945815. 660. 12
9.317 2 GPS 0 1130805120 0 0 -17000 0 0 0 500 12 2
9.320 2 SVINFO 2 3 16 1 0 -91 0
9.332 2 ENERGY 16.299999 0.002 0 0.0326
9.335 2 ESTIMATOR 0. 0.
9.351 2 NAVIGATION 0 1 10959186. -5945715. 0. 1.55455284314e+14 0 0
9.353 2 ATTITUDE 0. 0. 0.
9.365 2 CALIBRATION 0. 0
9.372 2 GPS 0 1130805120 0 0 -17000 0 0 0 750 12 3
9.374 2 SVINFO 3 4 16 1 0 -91 0
9.384 2 GPS_SOL 649519040 100000 9999 0
9.387 2 WP_MOVED 3 348965.09375 5945786. 660. 12
9.413 2 GPS 0 1130805120 0 0 -17000 0 0 0 1000 12 4
9.415 2 SVINFO 4 5 16 1 0 -91 0
9.417 2 DL_VALUE 0 0.
9.420 2 ESTIMATOR 0. 0.
9.423 2 ATTITUDE 0. 0. 0.
9.426 2 IMU_GYRO -0.027588 0.027588 -0.051025
9.432 2 GPS 0 1130805120 0 0 -17000 0 0 0 1250 12 5
9.434 2 SVINFO 5 6 16 1 0 -91 0
9.438 2 BAT 40 163 0 0 0 1 0 0
9.445 2 DESIRED 0. 0. 0. 0. 0. 655. 0. 15.
9.448 2 WP_MOVED 4 348764.6875 5945795. 660. 12
9.453 2 GPS 0 1130805120 0 0 -17000 0 0 0 1500 12 6
9.456 2 SVINFO 6 7 16 1 0 -91 0
9.459 2 ESTIMATOR 0. 0.
9.464 2 NAVIGATION 0 1 10959186. -5945715. 0. 1.55455284314e+14 0 0
9.466 2 ATTITUDE 0. 0. 0.
9.473 2 GPS 0 1130805120 0 0 -17000 0 0 0 1750 12 7
9.486 2 GPS 0 1130805120 0 0 -17000 0 0 0 3500 12 14
9.488 2 SVINFO 14 15 16 1 0 -91 0
9.492 2 BAT 40 163 0 0 0 3 0 0
9.494 2 ESTIMATOR 0. 0.
9.499 2 NAVIGATION 0 1 10959186. -5945715. 0. 1.55455284314e+14 0 0
9.502 2 ATTITUDE 0. 0. 0.
9.538 2 GPS 0 1130805120 0 0 -17000 0 0 0 3750 12 15
9.541 2 SVINFO 15 16 0 1 0 -91 0
9.730 2 WP_MOVED 1 348865. 5945715. 660. 12
9.770 2 DOWNLINK_STATUS 0 10 2474 121 2 991. 47. -1.40270304143e+12
9.789 2 GPS 0 1130805120 0 0 -17000 0 0 0 4000 12 16
9.791 2 SVINFO 0 1 0 1 0 -91 0
9.812 2 FBW_STATUS 0 50 0 163 2
9.830 2 DL_VALUE 2 655.
9.832 2 ESTIMATOR 0. 0.
9.930 2 ATTITUDE 0. 0. 0.
10.039 2 GPS 0 1130805120 0 0 -17000 0 0 0 4250 12 1
10.041 2 SVINFO 1 2 16 1 0 -91 0
10.231 2 WP_MOVED 2 348895. 5945815. 660. 12
10.322 2 GPS 0 1130805120 0 0 -17000 0 0 0 4500 12 2
10.324 2 SVINFO 2 3 16 1 0 -91 0
10.352 2 PONG 
10.371 2 IMU_GYRO -0.032959 0.018066 -0.051025
10.378 2 DESIRED 0. 0. 0. 0. 0. 655. 0. 15.
10.380 2 ESTIMATOR 0. 0.
10.441 2 BAT 40 163 0 0 0 4 0 0
10.445 2 NAVIGATION 0 1 10959186. -5945715. 0. 1.55455284314e+14 0 0
10.448 2 ATTITUDE 0. 0. 0.
10.539 2 GPS 0 1130805120 0 0 -17000 0 0 0 4750 12 3
10.541 2 SVINFO 3 4 16 1 0 -91 0
10.613 2 ACTUATORS |1004,1997,1500,1500,1500,1500|
10.714 2 COMMANDS |40,14,0,0,-14,9548|
10.736 2 CALIBRATION 0. 0
10.738 2 GPS_SOL 649519616 100000 9999 0
10.741 2 WP_MOVED 3 348965.09375 5945786. 660. 12
10.771 2 DOWNLINK_STATUS 0 11 2967 146 2 493. 25. 88.55
10.788 2 GPS 0 1130805120 0 0 -17000 0 0 0 5000 12 4
10.791 2 SVINFO 4 5 16 1 0 -91 0
10.830 2 DOWNLINK 0 459 118
10.832 2 ESTIMATOR 0. 0.
10.930 2 STATE_FILTER_STATUS 2 0
10.933 2 ATTITUDE 0. 0. 0.
11.038 2 GPS 0 1130805120 0 0 -17000 0 0 0 5250 12 5
11.041 2 SVINFO 5 6 16 1 0 -91 0
11.127 2 PPRZ_MODE 0 0 0 0 0 17
11.236 2 ALIVE |37,227,255,13,165,72,151,253,216,251,186,219,194,188,51,15|
11.239 2 WP_MOVED 4 348764.6875 5945795. 660. 12
11.288 2 GPS 0 1130805120 0 0 -17000 0 0 0 5500 12 6
11.291 2 SVINFO 6 7 16 1 0 -91 0
11.336 2 ENERGY 16.299999 0.002 0 0.0326
11.338 2 DL_VALUE 3 0.
11.340 2 ESTIMATOR 0. 0.
11.387 2 DESIRED 0. 0. 0. 0. 0. 655. 0. 15.
11.439 2 IMU_GYRO -0.031738 0.02124 -0.049805
11.444 2 NAVIGATION 0 1 10959186. -5945715. 0. 1.55455284314e+14 0 0
11.447 2 ATTITUDE 0. 0. 0.
11.541 2 BAT 40 163 0 0 0 5 0 0
11.547 2 GPS 0 1130805120 0 0 -17000 0 0 0 5750 12 7
11.549 2 SVINFO 7 8 16 1 0 -91 0
11.731 2 WP_MOVED 5 348740. 5945760. 660. 12
11.771 2 DOWNLINK_STATUS 0 12 3448 170 2 481. 24. 88.55
11.789 2 GPS 0 1130805120 0 0 -17000 0 0 0 6000 12 8
11.791 2 SVINFO 8 9 16 1 0 -91 0
11.812 2 FBW_STATUS 0 52 0 163 2
11.829 2 ESTIMATOR 0. 0.
11.930 2 ATTITUDE -3.130261 -1.341029 0.224249
11.966 2 WIND_INFO 2 42 0. 0. 0.
12.039 2 GPS 0 1130805120 0 0 -17000 0 0 0 6250 12 9
12.041 2 SVINFO 9 10 16 1 0 -91 0
12.230 2 WP_MOVED 6 348665. 5945815. 660. 12
12.288 2 GPS 0 1130805120 0 0 -17000 0 0 0 6500 12 10
12.291 2 SVINFO 10 11 16 1 0 -91 0
12.328 2 ESTIMATOR 0. 0.
12.447 2 DESIRED 0. 0.33 0. 0. 0. 655. 0. 15.
12.451 2 NAVIGATION 0 1 10959186. -5945715. 0. 1.55455284314e+14 0 0
12.454 2 ATTITUDE -3.127959 -1.338085 0.201548
12.540 2 IMU_GYRO -0.02124 0.013672 0.012695
12.545 2 GPS 0 1130805120 0 0 -17000 0 0 0 6750 12 11
12.548 2 SVINFO 11 12 16 1 0 -91 0
12.631 2 BAT 40 163 0 0 0 7 0 0
12.734 2 GPS_SOL 649520128 100000 9999 0
12.737 2 WP_MOVED 7 349065. 5946015. 660. 12
12.771 2 DOWNLINK_STATUS 0 13 3875 190 2 427. 20. 88.55
12.789 2 GPS 0 1130805120 0 0 -17000 0 0 0 7000 12 12
12.791 2 SVINFO 12 13 16 1 0 -91 0
12.833 2 CALIBRATION 0. 0
12.834 2 DL_VALUE 4 0.
12.837 2 ESTIMATOR 0. 0.
12.930 2 ATTITUDE -3.128534 -1.339324 0.204798
13.039 2 GPS 0 1130805120 0 0 -17000 0 0 0 7250 12 13
13.041 2 SVINFO 13 14 16 1 0 -91 0
13.231 2 WP_MOVED 0 348907. 5945757. 660. 12
13.289 2 GPS 0 1130805120 0 0 -17000 0 0 0 7500 12 14
13.291 2 SVINFO 14 15 16 1 0 -91 0
13.329 2 ESTIMATOR 0. 0.
13.437 2 NAVIGATION 0 1 10959186. -5945715. 0. 1.55455284314e+14 0 0
13.439 2 ATTITUDE -3.130534 -1.337482 0.224406
13.488 2 DESIRED 0. 0.33 0. 0. 0. 655. 0. 15.
13.538 2 GPS 0 1130805120 0 0 -17000 0 0 0 7750 12 15
13.541 2 SVINFO 15 16 0 1 0 -91 0
13.630 2 IMU_GYRO -0.037109 0.011475 -0.051025
13.735 2 BAT 40 163 0 0 0 8 0 0
13.738 2 WP_MOVED 1 348865. 5945715. 660. 12
13.772 2 DOWNLINK_STATUS 0 14 4292 210 2 417. 20. 88.55
13.788 2 GPS 0 1130805120 0 0 -17000 0 0 0 8000 12 16
13.791 2 SVINFO 0 1 0 1 0 -91 0
13.812 2 FBW_STATUS 0 49 0 163 2
13.833 2 ENERGY 16.299999 0.002 0 0.0326
13.836 2 ESTIMATOR 0. 0.
13.930 2 ATTITUDE -3.130713 -1.337515 0.225518
14.039 2 GPS 0 1130805120 0 0 -17000 0 0 0 8250 12 1
14.041 2 SVINFO 1 2 16 1 0 -91 0
14.231 2 WP_MOVED 2 348895. 5945815. 660. 12
14.289 2 GPS 0 1130805120 0 0 -17000 0 0 0 8500 12 2
14.291 2 SVINFO 2 3 16 1 0 -91 0
14.330 2 DL_VALUE 5 0.
14.333 2 ESTIMATOR 0. 0.
14.437 2 NAVIGATION 0 1 10959186. -5945715. 0. 1.55455284314e+14 0 0
14.440 2 ATTITUDE -3.130818 -1.337477 0.22684
14.548 2 DESIRED 0. 0.33 0. 0. 0. 655. 0. 15.
14.553 2 GPS 0 1130805120 0 0 -17000 0 0 0 8750 12 3
14.556 2 SVINFO 3 4 16 1 0 -91 0
14.630 2 NAVIGATION_REF 348865 5945715 12 605.
14.737 2 GPS_SOL 649520832 100000 9999 0
14.740 2 IMU_GYRO -0.030762 0.001953 -0.141357
14.744 2 WP_MOVED 3 348965.09375 5945786. 660. 12
14.773 2 DOWNLINK_STATUS 0 15 4748 232 2 456. 22. 88.55
14.788 2 GPS 0 1130805120 0 0 -17000 0 0 0 9000 12 4
14.790 2 SVINFO 4 5 16 1 0 -91 0
14.833 2 BAT 40 163 0 0 0 9 0 0
14.836 2 ESTIMATOR 0. 0.
14.931 2 CALIBRATION 0. 0
14.934 2 ATTITUDE -3.134124 -1.337485 0.254539
15.038 2 GPS 0 1130805120 0 0 -17000 0 0 0 9250 12 5
15.041 2 SVINFO 5 6 16 1 0 -91 0
15.230 2 WP_MOVED 4 348764.6875 5945795. 660. 12
15.327 2 GPS 0 1130805120 0 0 -17000 0 0 0 9500 12 6
15.329 2 SVINFO 6 7 16 1 0 -91 0
15.376 2 ESTIMATOR 0. 0.
15.391 2 PONG 
15.437 2 NAVIGATION 0 1 10959186. -5945715. 0. 1.55455284314e+14 0 0
15.440 2 ATTITUDE -3.133612 -1.337335 0.252028
15.539 2 GPS 0 1130805120 0 0 -17000 0 0 0 9750 12 7
15.541 2 SVINFO 7 8 16 1 0 -91 0
15.588 2 DESIRED 0. 0.33 0. 0. 0. 655. 0. 15.
15.613 2 ACTUATORS |1004,1997,1500,1500,1500,1500|
15.713 2 COMMANDS |40,14,-14,0,-14,9548|
15.730 2 WP_MOVED 5 348740. 5945760. 660. 12
15.773 2 DOWNLINK_STATUS 0 16 5180 253 2 432. 21. 127.44
15.789 2 GPS 0 1130805120 0 0 -17000 0 0 0 10000 12 8
15.791 2 SVINFO 8 9 16 1 0 -91 0
15.811 2 FBW_STATUS 0 52 0 163 2
15.833 2 DL_VALUE 6 100.
15.836 2 IMU_GYRO -0.029785 0.022217 -0.049805
15.839 2 ESTIMATOR 0. 0.
15.937 2 DOWNLINK 0 445 229
15.938 2 STATE_FILTER_STATUS 3 0
15.942 2 BAT 40 163 0 0 0 10 0 0
15.945 2 ATTITUDE -3.133727 -1.337193 0.252001
16.038 2 GPS 0 1130805120 0 0 -17000 0 0 0 10250 12 9
16.041 2 SVINFO 9 10 16 1 0 -91 0
16.127 2 PPRZ_MODE 0 0 0 0 0 17
16.236 2 ALIVE |37,227,255,13,165,72,151,253,216,251,186,219,194,188,51,15|
16.239 2 WP_MOVED 6 348665. 5945815. 660. 12
16.288 2 GPS 0 1130805120 0 0 -17000 0 0 0 10500 12 10
16.291 2 SVINFO 10 11 16 1 0 -91 0
16.333 2 ENERGY 16.299999 0.002 0 0.0326
16.336 2 ESTIMATOR 0. 0.
16.437 2 NAVIGATION 0 1 10959186. -5945715. 0. 1.55455284314e+14 0 0
16.440 2 ATTITUDE -3.134114 -1.340881 0.247448
16.538 2 GPS 0 1130805120 0 0 -17000 0 0 0 10750 12 11
16.541 2 SVINFO 11 12 16 1 0 -91 0
16.637 2 DESIRED 0. 0.33 0. 0. 0. 655. 0. 15.
16.734 2 GPS_SOL 649521728 100000 9999 0
16.737 2 WP_MOVED 7 349065. 5946015. 660. 12
16.774 2 DOWNLINK_STATUS 0 17 5693 279 2 513. 26. 127.44
16.789 2 GPS 0 1130805120 0 0 -17000 0 0 0 11000 12 12
16.791 2 SVINFO 12 14 16 1 0 -91 0
16.828 2 ESTIMATOR 0. 0.
16.934 2 IMU_GYRO -0.034912 -0.001953 0.041504
16.937 2 ATTITUDE -3.130591 -1.331047 0.230547
17.042 2 CALIBRATION 0. 0
17.045 2 BAT 40 163 0 0 0 11 0 0
17.051 2 GPS 0 1130805120 0 0 -17000 0 0 0 11250 12 13
17.054 2 SVINFO 13 15 16 1 0 -91 0
17.231 2 WP_MOVED 0 348907. 5945757. 660. 12
17.289 2 GPS 0 1130805120 0 0 -17000 0 0 0 11500 12 14
17.290 2 SVINFO 14 16 0 1 0 -91 0
17.329 2 DL_VALUE 7 0.
17.332 2 ESTIMATOR 0. 0.
17.436 2 NAVIGATION 0 1 10959186. -5945715. 0. 1.55455284314e+14 0 0
17.439 2 ATTITUDE -3.128467 -1.330092 0.192826
17.538 2 GPS 0 1130805120 0 0 -17000 0 0 0 11750 12 15
17.540 2 SVINFO 15 17 16 1 0 -91 0
17.687 2 DESIRED 0. 0.33 0. 0. 0. 655. 0. 15.
17.730 2 WP_MOVED 1 348865. 5945715. 660. 12
17.775 2 DOWNLINK_STATUS 0 18 6110 299 2 417. 20. 127.44
17.788 2 GPS 0 1130805120 0 0 -17000 0 0 0 12000 12 16
17.791 2 SVINFO 0 2 16 1 0 -91 0
17.812 2 FBW_STATUS 0 50 0 163 2
17.829 2 ESTIMATOR 0. 0.
17.930 2 ATTITUDE -3.128056 -1.328728 0.171171
18.040 2 IMU_GYRO -0.031738 0.024414 -0.041504
18.045 2 GPS 0 1130805120 0 0 -17000 0 0 0 12250 12 1
18.048 2 SVINFO 1 3 16 1 0 -91 0
18.131 2 BAT 40 163 0 0 0 12 0 0
18.231 2 WP_MOVED 2 348895. 5945815. 660. 12
18.289 2 GPS 0 1130805120 0 0 -17000 0 0 0 12500 12 2
18.291 2 SVINFO 2 4 16 1 0 -91 0
18.328 2 ESTIMATOR 0. 0.
18.437 2 NAVIGATION 0 1 10959186. -5945715. 0. 1.55455284314e+14 0 0
18.440 2 ATTITUDE -3.129589 -1.329035 0.177772
18.538 2 GPS 0 1130805120 0 0 -17000 0 0 0 12750 12 3
18.540 2 SVINFO 3 5 16 1 0 -91 0
18.741 2 GPS_SOL 649522880 100000 9999 0
18.749 2 DESIRED 0. 0.33 0. 0. 0. 655. 0. 15.
18.751 2 WP_MOVED 3 348965.09375 5945786. 660. 12
18.775 2 DOWNLINK_STATUS 0 19 6537 319 2 427. 20. 127.44
18.788 2 GPS 0 1130805120 0 0 -17000 0 0 0 13000 12 4
18.790 2 SVINFO 4 6 16 1 0 -91 0
18.835 2 ENERGY 16.299999 0.002 0 0.0326
18.837 2 DL_VALUE 8 0.
18.840 2 ESTIMATOR 0. 0.
18.929 2 ATTITUDE -3.134597 -1.327731 0.246907
19.038 2 GPS 0 1130805120 0 0 -17000 0 0 0 13250 12 5
19.040 2 SVINFO 5 7 16 1 0 -91 0
19.131 2 CALIBRATION 0. 0
19.134 2 IMU_GYRO -0.02002 0.041504 -0.051025
19.235 2 BAT 40 163 0 0 0 13 0 0
19.238 2 WP_MOVED 4 348764.6875 5945795. 660. 12
19.288 2 GPS 0 1130805120 0 0 -17000 0 0 0 13500 12 6
19.291 2 SVINFO 6 8 16 1 0 -91 0
19.328 2 ESTIMATOR 0. 0.
19.437 2 NAVIGATION 0 1 10959186. -5945715. 0. 1.55455284314e+14 0 0
19.440 2 ATTITUDE -3.131896 -1.330314 0.248663
19.539 2 GPS 0 1130805120 0 0 -17000 0 0 0 13750 12 7
19.541 2 SVINFO 7 9 16 1 0 -91 0
19.730 2 WP_MOVED 5 348740. 5945760. 660. 12
19.775 2 DOWNLINK_STATUS 0 20 6936 339 2 399. 20. 127.44
19.798 2 DESIRED 0. 0.33 0. 0. 0. 655. 0. 15.
19.802 2 GPS 0 1130805120 0 0 -17000 0 0 0 14000 12 8
19.805 2 SVINFO 8 10 16 1 0 -91 0
19.811 2 FBW_STATUS 0 50 0 163 2
19.827 2 ESTIMATOR 0. 0.
19.929 2 ATTITUDE -3.131634 -1.330402 0.249113
20.038 2 GPS 0 1130805120 0 0 -17000 0 0 0 14250 12 9
20.040 2 SVINFO 9 11 16 1 0 -91 0
20.233 2 IMU_GYRO -0.031738 0.018066 -0.052002
20.237 2 WP_MOVED 6 348665. 5945815. 660. 12
20.288 2 GPS 0 1130805120 0 0 -17000 0 0 0 14500 12 10
20.291 2 SVINFO 10 12 16 1 0 -91 0
20.318 2 PONG 
20.337 2 DL_VALUE 9 0.
20.340 2 BAT 40 163 0 0 0 14 0 0
20.343 2 ESTIMATOR 0. 0.
20.436 2 NAVIGATION 0 1 10959186. -5945715. 0. 1.55455284314e+14 0 0
20.439 2 ATTITUDE -3.13183 -1.330359 0.249266
20.538 2 GPS 0 1130805120 0 0 -17000 0 0 0 14750 12 11
20.541 2 SVINFO 11 13 16 1 0 -91 0
20.613 2 ACTUATORS |1004,1997,1500,1500,1500,1500|
20.713 2 COMMANDS |40,42,-14,0,-14,9548|
20.733 2 GPS_SOL 649524160 100000 9999 0
20.737 2 WP_MOVED 7 349065. 5946015. 660. 12
20.775 2 DOWNLINK_STATUS 0 21 7418 363 2 482. 24. 54.49
20.788 2 GPS 0 1130805120 0 0 -17000 0 0 0 15000 12 12
20.791 2 SVINFO 12 14 16 1 0 -91 0
20.840 2 DESIRED 0. 0.33 0. 0. 0. 655. 0. 15.
20.843 2 ESTIMATOR 0. 0.
20.930 2 STATE_FILTER_STATUS 3 0
20.933 2 ATTITUDE -3.131898 -1.330648 0.249712
21.036 2 DOWNLINK 0 442 339
21.042 2 GPS 0 1130805120 0 0 -17000 0 0 0 15250 12 13
21.044 2 SVINFO 13 15 16 1 0 -91 0
21.126 2 PPRZ_MODE 0 0 0 0 0 17
21.239 2 ALIVE |37,227,255,13,165,72,151,253,216,251,186,219,194,188,51,15|
21.239 2 CALIBRATION 0. 0
21.243 2 WP_MOVED 0 348907. 5945757. 660. 12
21.288 2 GPS 0 1130805120 0 0 -17000 0 0 0 15500 12 14
21.290 2 SVINFO 14 16 0 1 0 -91 0
21.337 2 ENERGY 16.299999 0.002 0 0.0326
21.340 2 IMU_GYRO -0.029785 0.022217 -0.051025
21.342 2 ESTIMATOR 0. 0.
21.440 2 BAT 40 163 0 0 0 15 0 0
21.444 2 NAVIGATION 0 1 10959186. -5945715. 0. 1.55455284314e+14 0 0
21.447 2 ATTITUDE -3.132017 -1.330497 0.24968
21.538 2 GPS 0 1130805120 0 0 -17000 0 0 0 15750 12 15
21.540 2 SVINFO 15 17 16 1 0 -91 0
21.730 2 WP_MOVED 1 348865. 5945715. 660. 12
21.776 2 DOWNLINK_STATUS 0 22 7899 387 2 481. 24. 54.49
21.788 2 GPS 0 1130805120 0 0 -17000 0 0 0 16000 12 16
21.791 2 SVINFO 0 2 16 1 0 -91 0
21.812 2 FBW_STATUS 0 50 0 163 2
21.830 2 DL_VALUE 10 0.
21.832 2 ESTIMATOR 0. 0.
21.887 2 DESIRED 0. 0.33 0. 0. 0. 655. 0. 15.
21.929 2 ATTITUDE -3.132105 -1.330459 0.249998
21.966 2 WIND_INFO 2 42 0. 0. 0.
22.038 2 GPS 0 1130805120 0 0 -17000 0 0 0 16250 12 1
22.041 2 SVINFO 1 3 16 1 0 -91 0
22.230 2 WP_MOVED 2 348895. 5945815. 660. 12
22.288 2 GPS 0 1130805120 0 0 -17000 0 0 0 16500 12 2
22.290 2 SVINFO 2 4 16 1 0 -91 0
22.328 2 ESTIMATOR 0. 0.
22.438 2 IMU_GYRO -0.030762 0.02124 -0.049805
22.443 2 NAVIGATION 0 1 10959186. -5945715. 0. 1.55455284314e+14 0 0
22.446 2 ATTITUDE -3.13205 -1.330458 0.250118
22.540 2 BAT 40 163 0 0 0 16 0 0
22.546 2 GPS 0 1130805120 0 0 -17000 0 0 0 16750 12 3
22.548 2 SVINFO 3 5 16 1 0 -91 0
22.733 2 GPS_SOL 649525632 100000 9999 0
22.736 2 WP_MOVED 3 348965.09375 5945786. 660. 12
22.776 2 DOWNLINK_STATUS 0 23 8337 408 2 438. 21. 54.49
22.788 2 GPS 0 1130805120 0 0 -17000 0 0 0 17000 12 4
22.790 2 SVINFO 4 6 16 1 0 -91 0
22.827 2 ESTIMATOR 0. 0.
22.941 2 DESIRED 0. 0.33 0. 0. 0. 655. 0. 15.
22.944 2 ATTITUDE -3.131997 -1.330466 0.250163
23.038 2 GPS 0 1130805120 0 0 -17000 0 0 0 17250 12 5
23.041 2 SVINFO 5 7 16 1 0 -91 0
23.230 2 WP_MOVED 4 348764.6875 5945795. 660. 12
23.288 2 GPS 0 1130805120 0 0 -17000 0 0 0 17500 12 6
23.290 2 SVINFO 6 8 16 1 0 -91 0
23.332 2 CALIBRATION 0. 0
23.334 2 DL_VALUE 11 0.
23.336 2 ESTIMATOR 0. 0.
23.436 2 NAVIGATION 0 1 10959186. -5945715. 0. 1.55455284314e+14 0 0
23.439 2 ATTITUDE -3.132008 -1.330543 0.250162
23.540 2 IMU_GYRO -0.030762 0.02124 -0.049805
23.545 2 GPS 0 1130805120 0 0 -17000 0 0 0 17750 12 7
23.548 2 SVINFO 7 9 16 1 0 -91 0
23.633 2 NAVIGATION_REF 348865 5945715 12 605.
23.637 2 BAT 40 163 0 0 0 18 0 0
23.731 2 WP_MOVED 5 348740. 5945760. 660. 12
23.776 2 DOWNLINK_STATUS 0 24 8773 429 2 436. 21. 54.49
23.787 2 GPS 0 1130805120 0 0 -17000 0 0 0 18000 12 8
23.790 2 SVINFO 8 10 16 1 0 -91 0
23.811 2 FBW_STATUS 0 49 0 163 2
23.833 2 ENERGY 16.299999 0.002 0 0.0326
23.835 2 ESTIMATOR 0. 0.
23.929 2 ATTITUDE -3.131952 -1.330455 0.250195
23.987 2 DESIRED 0. 0.33 0. 0. 0. 655. 0. 15.
24.038 2 GPS 0 1130805120 0 0 -17000 0 0 0 18250 12 9
24.040 2 SVINFO 9 11 16 1 0 -91 0
24.231 2 WP_MOVED 6 348665. 5945815. 660. 12
24.288 2 GPS 0 1130805120 0 0 -17000 0 0 0 18500 12 10
24.290 2 SVINFO 10 12 16 1 0 -91 0
24.328 2 ESTIMATOR 0. 0.
24.436 2 NAVIGATION 0 1 10959186. -5945715. 0. 1.55455284314e+14 0 0
24.439 2 ATTITUDE -3.132029 -1.330389 0.250207
24.538 2 GPS 0 1130805120 0 0 -17000 0 0 0 18750 12 11
24.541 2 SVINFO 11 13 16 1 0 -91 0
24.629 2 IMU_GYRO -0.030762 0.023193 -0.051025
24.737 2 GPS_SOL 649527296 100000 9999 0
24.741 2 BAT 40 163 0 0 0 19 0 0
24.745 2 WP_MOVED 7 349065. 5946015. 660. 12
24.776 2 DOWNLINK_STATUS 0 25 9220 450 2 447. 21. 54.49
24.788 2 GPS 0 1130805120 0 0 -17000 0 0 0 19000 12 12
24.791 2 SVINFO 12 14 16 1 0 -91 0
24.829 2 DL_VALUE 12 12000.
24.831 2 ESTIMATOR 0. 0.
24.929 2 ATTITUDE -3.132194 -1.330422 0.250316
25.046 2 DESIRED 0. 0.33 0. 0. 0. 655. 0. 15.
25.052 2 GPS 0 1130805120 0 0 -17000 0 0 0 19250 12 13
25.055 2 SVINFO 13 16 0 1 0 -91 0
25.232 2 WP_MOVED 0 348907. 5945757. 660. 12
25.301 2 GPS 0 1130805120 0 0 -17000 0 0 0 19500 12 14
25.303 2 SVINFO 14 17 16 1 0 -91 0
25.354 2 PONG 
25.356 2 ESTIMATOR 0. 0.
25.435 2 CALIBRATION 0. 0
25.440 2 NAVIGATION 0 1 10959186. -5945715. 0. 1.55455284314e+14 0 0
25.443 2 ATTITUDE -3.132236 -1.330423 0.250359
25.538 2 GPS 0 1130805120 0 0 -17000 0 0 0 19750 12 15
25.540 2 SVINFO 15 18 16 1 0 -91 0
25.612 2 ACTUATORS |1004,1997,1500,1500,1500,1500|
25.713 2 COMMANDS |40,14,-14,0,-14,9548|
25.734 2 IMU_GYRO -0.029785 0.022217 -0.049805
25.737 2 WP_MOVED 1 348865. 5945715. 660. 12
25.777 2 DOWNLINK_STATUS 0 26 9660 472 2 440. 22. 89.53
25.788 2 GPS 0 1130805120 0 0 -17000 0 0 0 20000 12 16
25.790 2 SVINFO 0 2 16 1 0 -91 0
25.811 2 FBW_STATUS 0 48 0 163 2
25.833 2 BAT 40 163 0 0 0 20 0 0
25.836 2 ESTIMATOR 0. 0.
25.930 2 STATE_FILTER_STATUS 3 0
25.933 2 ATTITUDE -3.132271 -1.33053 0.250501
26.038 2 GPS 0 1130805120 0 0 -17000 0 0 0 20250 12 1
26.040 2 SVINFO 1 5 16 1 0 -91 0
26.087 2 DESIRED 0. 0.33 0. 0. 0. 655. 0. 15.
26.128 2 DOWNLINK 0 455 452
26.130 2 PPRZ_MODE 0 0 0 0 0 17
26.236 2 ALIVE |37,227,255,13,165,72,151,253,216,251,186,219,194,188,51,15|
26.239 2 WP_MOVED 2 348895. 5945815. 660. 12
26.288 2 GPS 0 1130805120 0 0 -17000 0 0 0 20500 12 2
26.290 2 SVINFO 2 6 16 1 0 -91 0
26.335 2 ENERGY 16.299999 0.002 0 0.0326
26.337 2 DL_VALUE 13 1.5
26.339 2 ESTIMATOR 0. 0.
26.436 2 NAVIGATION 0 1 10959186. -5945715. 0. 1.55455284314e+14 0 0
26.439 2 ATTITUDE -3.132391 -1.330465 0.250555
26.537 2 GPS 0 1130805120 0 0 -17000 0 0 0 20750 12 3
26.540 2 SVINFO 3 7 16 1 0 -91 0
26.734 2 GPS_SOL 649529152 100000 9999 0
26.737 2 WP_MOVED 3 348965.09375 5945786. 660. 12
26.777 2 DOWNLINK_STATUS 0 27 10155 497 2 495. 25. 89.53
26.788 2 GPS 0 1130805120 0 0 -17000 0 0 0 21000 12 4
26.790 2 SVINFO 4 8 16 1 0 -91 0
26.832 2 IMU_GYRO -0.030762 0.02124 -0.051025
26.834 2 ESTIMATOR 0. 0.
26.934 2 BAT 40 163 0 0 0 21 0 0
26.937 2 ATTITUDE -3.132567 -1.330576 0.250663
27.038 2 GPS 0 1130805120 0 0 -17000 0 0 0 21250 12 5
27.040 2 SVINFO 5 9 16 1 0 -91 0
27.137 2 DESIRED 0. 0.33 0. 0. 0. 655. 0. 15.
27.236 2 WP_MOVED 4 348764.6875 5945795. 660. 12
27.288 2 GPS 0 1130805120 0 0 -17000 0 0 0 21500 12 6
27.290 2 SVINFO 6 10 16 1 0 -91 0
27.328 2 ESTIMATOR 0. 0.
27.436 2 NAVIGATION 0 1 10959186. -5945715. 0. 1.55455284314e+14 0 0
27.439 2 ATTITUDE -3.132753 -1.330677 0.250684
27.536 2 CALIBRATION 0. 0
27.541 2 GPS 0 1130805120 0 0 -17000 0 0 0 21750 12 7
27.544 2 SVINFO 7 11 16 1 0 -91 0
27.729 2 WP_MOVED 5 348740. 5945760. 660. 12
27.778 2 DOWNLINK_STATUS 0 28 10561 516 2 406. 19. 89.53
27.787 2 GPS 0 1130805120 0 0 -17000 0 0 0 22000 12 8
27.790 2 SVINFO 8 12 16 1 0 -91 0
27.811 2 FBW_STATUS 0 49 0 163 2
27.829 2 DL_VALUE 14 0.610865
27.831 2 ESTIMATOR 0. 0.
27.933 2 IMU_GYRO -0.029785 0.02124 -0.051025
27.936 2 ATTITUDE -3.132897 -1.330864 0.250747
28.040 2 BAT 40 163 0 0 0 22 0 0
28.046 2 GPS 0 1130805120 0 0 -17000 0 0 0 22250 12 9
28.048 2 SVINFO 9 13 16 1 0 -91 0
28.187 2 DESIRED 0. 0.33 0. 0. 0. 655. 0. 15.
28.234 2 WP_MOVED 6 348665. 5945815. 660. 12
28.288 2 GPS 0 1130805120 0 0 -17000 0 0 0 22500 12 10
28.290 2 SVINFO 10 14 16 1 0 -91 0
28.327 2 ESTIMATOR 0. 0.
28.436 2 NAVIGATION 0 1 10959186. -5945715. 0. 1.55455284314e+14 0 0
28.439 2 ATTITUDE -3.132918 -1.330796 0.250879
28.538 2 GPS 0 1130805120 0 0 -17000 0 0 0 22750 12 11
28.540 2 SVINFO 11 15 16 1 0 -91 0
28.737 2 GPS_SOL 649531136 100000 9999 0
28.737 2 WP_MOVED 7 349065. 5946015. 660. 12
28.778 2 DOWNLINK_STATUS 0 29 10999 537 2 438. 21. 89.53
28.788 2 GPS 0 1130805120 0 0 -17000 0 0 0 23000 12 12
28.790 2 SVINFO 12 16 0 1 0 -91 0
28.833 2 ENERGY 16.299999 0.002 0 0.0326
28.835 2 ESTIMATOR 0. 0.
28.928 2 ATTITUDE -3.133105 -1.330811 0.250812
29.039 2 IMU_GYRO -0.029785 0.024414 -0.051025
29.044 2 GPS 0 1130805120 0 0 -17000 0 0 0 23250 12 13
29.047 2 SVINFO 13 18 16 1 0 -91 0
29.130 2 BAT 40 163 0 0 0 23 0 0
29.241 2 DESIRED 0. 0.33 0. 0. 0. 655. 0. 15.
29.244 2 WP_MOVED 0 348907. 5945757. 660. 12
29.287 2 GPS 0 1130805120 0 0 -17000 0 0 0 23500 12 14
29.290 2 SVINFO 14 19 16 1 0 -91 0
29.329 2 DL_VALUE 15 7500.
29.331 2 ESTIMATOR 0. 0.
29.436 2 NAVIGATION 0 1 10959186. -5945715. 0. 1.55455284314e+14 0 0
29.439 2 ATTITUDE -3.13327 -1.33098 0.250701
29.538 2 GPS 0 1130805120 0 0 -17000 0 0 0 23750 12 15
29.540 2 SVINFO 15 20 16 1 0 -91 0
29.626 2 CALIBRATION 0. 0
29.730 2 WP_MOVED 1 348865. 5945715. 660. 12
29.778 2 DOWNLINK_STATUS 0 30 11436 558 2 437. 21. 89.53
29.790 2 GPS 0 1130805120 0 0 -17000 0 0 0 24000 12 16
29.790 2 SVINFO 0 5 16 1 0 -91 0
29.811 2 FBW_STATUS 0 51 0 163 2
29.828 2 ESTIMATOR 0. 0.
29.928 2 ATTITUDE -3.133379 -1.330974 0.250536
30.038 2 GPS 0 1130805120 0 0 -17000 0 0 0 24250 12 1
30.041 2 SVINFO 1 6 16 1 0 -91 0
30.128 2 IMU_GYRO -0.030762 0.022217 -0.051025
30.236 2 BAT 40 163 0 0 0 24 0 0
30.237 2 WP_MOVED 2 348895. 5945815. 660. 12
30.310 2 DESIRED 0. 0.33 0. 0. 0. 655. 0. 15.
30.315 2 GPS 0 1130805120 0 0 -17000 0 0 0 24500 12 2
30.318 2 SVINFO 2 7 16 1 0 -91 0
30.320 2 PONG 
30.338 2 ESTIMATOR 0. 0.
30.436 2 NAVIGATION 0 1 10959186. -5945715. 0. 1.55455284314e+14 0 0
30.439 2 ATTITUDE -3.133523 -1.33116 0.250599
30.537 2 GPS 0 1130805120 0 0 -17000 0 0 0 24750 12 3
30.540 2 SVINFO 3 8 16 1 0 -91 0
30.612 2 ACTUATORS |1004,1997,1500,1500,1500,1500|
30.712 2 COMMANDS |40,14,-14,0,-14,9548|
30.737 2 GPS_SOL 649533376 100000 9999 0
30.737 2 WP_MOVED 3 348965.09375 5945786. 660. 12
30.778 2 DOWNLINK_STATUS 0 31 11907 581 2 471. 23. 54.61
30.788 2 GPS 0 1130805120 0 0 -17000 0 0 0 25000 12 4
30.790 2 SVINFO 4 9 16 1 0 -91 0
30.829 2 DL_VALUE 16 1250.
30.832 2 ESTIMATOR 0. 0.
30.929 2 STATE_FILTER_STATUS 3 0
30.932 2 ATTITUDE -3.133642 -1.331232 0.250433
31.038 2 GPS 0 1130805120 0 0 -17000 0 0 0 25250 12 5
31.040 2 SVINFO 5 10 16 1 0 -91 0
31.127 2 PPRZ_MODE 0 0 0 0 0 17
31.239 2 DOWNLINK 0 430 560
31.243 2 ALIVE |37,227,255,13,165,72,151,253,216,251,186,219,194,188,51,15|
31.246 2 IMU_GYRO -0.029785 0.02124 -0.051025
31.250 2 WP_MOVED 4 348764.6875 5945795. 660. 12
31.288 2 GPS 0 1130805120 0 0 -17000 0 0 0 25500 12 6
31.290 2 SVINFO 6 11 16 1 0 -91 0
31.346 2 ENERGY 16.299999 0.002 0 0.0326
31.349 2 BAT 40 163 0 0 0 25 0 0
31.356 2 DESIRED 0. 0.33 0. 0. 0. 655. 0. 15.
31.358 2 ESTIMATOR 0. 0.
31.436 2 NAVIGATION 0 1 10959186. -5945715. 0. 1.55455284314e+14 0 0
31.438 2 ATTITUDE -3.133828 -1.331247 0.250367
31.537 2 GPS 0 1130805120 0 0 -17000 0 0 0 25750 12 7
31.539 2 SVINFO 7 12 16 1 0 -91 0
31.730 2 CALIBRATION 0. 0
31.734 2 WP_MOVED 5 348740. 5945760. 660. 12
31.779 2 DOWNLINK_STATUS 0 32 12399 606 2 492. 25. 54.61
31.787 2 GPS 0 1130805120 0 0 -17000 0 0 0 26000 12 8
31.790 2 SVINFO 8 13 16 1 0 -91 0
31.811 2 FBW_STATUS 0 50 0 163 2
31.827 2 ESTIMATOR 0. 0.
31.929 2 ATTITUDE -3.133895 -1.331412 0.250332
32.037 2 GPS 0 1130805120 0 0 -17000 0 0 0 26250 12 9
32.040 2 SVINFO 9 14 16 1 0 -91 0
