57.043 2 WP_MOVED 1 348865. 5945715. 660. 12
57.098 2 GPS 0 0 0 0 0 0 0 0 0 0 1
57.123 2 FBW_STATUS 2 0 1 0 0
57.141 2 DL_VALUE 2 655.
57.144 2 ESTIMATOR 0. 0.
57.242 2 ATTITUDE 0. 0. 0.
57.348 2 GPS 0 0 0 0 0 0 0 0 0 0 1
57.542 2 WP_MOVED 2 348895. 5945815. 660. 12
57.597 2 GPS 0 0 0 0 0 0 0 0 0 0 1
57.653 2 IMU_GYRO -0.091309 0.006348 -0.010498
57.659 2 DESIRED 0. 0. 0. 0. 0. 655. 0. 15.
57.662 2 ESTIMATOR 0. 0.
57.752 2 BAT 0 0 0 0 0 4 0 0
57.757 2 NAVIGATION 0 1 0. 0. 0. 0. 0 0
57.760 2 ATTITUDE 0. 0. 0.
57.819 2 DOWNLINK_STATUS 0 58 1282 56 0 548. 23. 0.
57.847 2 GPS 0 0 0 0 0 0 0 0 0 0 1
57.925 2 ACTUATORS |1000,1500,1500,1500,1500,1500|
58.025 2 COMMANDS |0,0,0,0,0,0|
58.047 2 CALIBRATION 0. 0
58.050 2 GPS_SOL 0 0 0 0
58.053 2 WP_MOVED 3 348965.09375 5945786. 660. 12
58.098 2 GPS 0 0 0 0 0 0 0 0 0 0 1
58.142 2 DOWNLINK 0 400 96
58.145 2 ESTIMATOR 0. 0.
58.242 2 STATE_FILTER_STATUS 2 0
58.246 2 ATTITUDE 0. 0. 0.
58.348 2 GPS 0 0 0 0 0 0 0 0 0 0 1
58.440 2 PPRZ_MODE 2 0 0 0 0 6
58.548 2 ALIVE |74,190,251,185,57,211,182,101,127,111,182,30,42,141,236,77|
58.552 2 WP_MOVED 4 348764.6875 5945795. 660. 12
58.597 2 GPS 0 0 0 0 0 0 0 0 0 0 1
58.647 2 ENERGY 0. 0. 0 0.
58.649 2 DL_VALUE 3 0.
58.652 2 ESTIMATOR 0. 0.
58.700 2 DESIRED 0. 0. 0. 0. 0. 655. 0. 15.
58.751 2 IMU_GYRO -0.090332 0.008301 -0.009521
58.755 2 NAVIGATION 0 1 0. 0. 0. 0. 0 0
58.758 2 ATTITUDE 0. 0. 0.
58.819 2 DOWNLINK_STATUS 0 59 1752 79 0 470. 23. 0.
58.850 2 BAT 0 0 0 0 1 5 0 0
58.855 2 GPS 0 0 0 0 0 0 0 0 0 0 1
59.042 2 WP_MOVED 5 348740. 5945760. 660. 12
59.098 2 GPS 0 0 0 0 0 0 0 0 0 0 1
59.124 2 FBW_STATUS 2 0 1 0 0
59.140 2 ESTIMATOR 0. 0.
59.242 2 ATTITUDE -1.556022 -1.570811 -0.002564
59.348 2 GPS 0 0 0 0 0 0 0 0 0 0 1
59.543 2 WP_MOVED 6 348665. 5945815. 660. 12
59.598 2 GPS 0 0 0 0 0 0 0 0 0 0 1
59.640 2 ESTIMATOR 0. 0.
59.759 2 DESIRED 0. 0.16 0. 0. 0. 655. 0. 15.
59.764 2 NAVIGATION 0 1 0. 0. 0. 0. 0 0
59.767 2 ATTITUDE -1.556143 -1.570749 -0.002625
59.819 2 DOWNLINK_STATUS 0 60 2088 93 0 336. 14. 0.
59.849 2 IMU_GYRO -0.090332 0.006348 -0.010498
59.855 2 GPS 0 0 0 0 0 0 0 0 0 0 1
59.943 2 BAT 0 0 0 0 1 7 0 0
60.045 2 GPS_SOL 0 0 0 0
60.049 2 WP_MOVED 7 349065. 5946015. 660. 12
60.097 2 GPS 0 0 0 0 0 0 0 0 0 0 1
60.144 2 CALIBRATION 0. 0
60.146 2 DL_VALUE 4 0.
60.148 2 ESTIMATOR 0. 0.
60.242 2 ATTITUDE -1.556142 -1.570748 -0.002564
60.317 2 PONG 
60.347 2 GPS 0 0 0 0 0 0 0 0 0 0 1
60.543 2 WP_MOVED 0 348907. 5945757. 660. 12
60.597 2 GPS 0 0 0 0 0 0 0 0 0 0 1
60.640 2 ESTIMATOR 0. 0.
60.749 2 NAVIGATION 0 1 0. 0. 0. 0. 0 0
60.752 2 ATTITUDE -1.556263 -1.570808 -0.002502
60.800 2 DESIRED 0. 0.16 0. 0. 0. 655. 0. 15.
60.819 2 DOWNLINK_STATUS 0 61 2472 111 0 384. 18. 37.7
60.848 2 GPS 0 0 0 0 0 0 0 0 0 0 1
60.942 2 IMU_GYRO -0.091309 0.008301 -0.009521
61.048 2 BAT 0 0 0 0 1 8 0 0
61.051 2 WP_MOVED 1 348865. 5945715. 660. 12
61.098 2 GPS 0 0 0 0 0 0 0 0 0 0 1
61.123 2 FBW_STATUS 2 0 1 0 0
61.145 2 ENERGY 0. 0. 0 0.
61.147 2 ESTIMATOR 0. 0.
61.241 2 ATTITUDE -1.556446 -1.570867 -0.002441
61.347 2 GPS 0 0 0 0 0 0 0 0 0 0 1
61.542 2 WP_MOVED 2 348895. 5945815. 660. 12
61.597 2 GPS 0 0 0 0 0 0 0 0 0 0 1
61.642 2 DL_VALUE 5 0.
61.644 2 ESTIMATOR 0. 0.
61.749 2 NAVIGATION 0 1 0. 0. 0. 0. 0 0
61.752 2 ATTITUDE -1.556445 -1.570806 -0.002441
61.819 2 DOWNLINK_STATUS 0 62 2819 127 0 347. 16. 37.7
61.856 2 DESIRED 0. 0.16 0. 0. 0. 655. 0. 15.
61.862 2 GPS 0 0 0 0 0 0 0 0 0 0 1
61.942 2 NAVIGATION_REF 348865 5945715 12 605.
62.050 2 GPS_SOL 0 0 0 0
62.053 2 IMU_GYRO -0.090332 0.007324 -0.010498
62.056 2 WP_MOVED 3 348965.09375 5945786. 660. 12
62.098 2 GPS 0 0 0 0 0 0 0 0 0 0 1
62.146 2 BAT 0 0 0 0 1 9 0 0
62.148 2 ESTIMATOR 0. 0.
62.243 2 CALIBRATION 0. 0
62.246 2 ATTITUDE -1.556627 -1.570987 -0.002379
62.348 2 GPS 0 0 0 0 0 0 0 0 0 0 1
62.543 2 WP_MOVED 4 348764.6875 5945795. 660. 12
62.597 2 GPS 0 0 0 0 0 0 0 0 0 0 1
62.640 2 ESTIMATOR 0. 0.
62.748 2 NAVIGATION 0 1 0. 0. 0. 0. 0 0
62.751 2 ATTITUDE -1.556626 -1.571048 -0.002379
62.820 2 DOWNLINK_STATUS 0 63 3205 144 0 386. 17. 37.7
62.847 2 GPS 0 0 0 0 0 0 0 0 0 0 1
62.899 2 DESIRED 0. 0.16 0. 0. 0. 655. 0. 15.
62.925 2 ACTUATORS |1000,1500,1602,2000,2000,1500|
63.025 2 COMMANDS |0,9600,1974,0,0,0|
63.042 2 WP_MOVED 5 348740. 5945760. 660. 12
63.097 2 GPS 0 0 0 0 0 0 0 0 0 0 1
63.123 2 FBW_STATUS 2 0 1 0 0
63.146 2 DL_VALUE 6 100.
63.149 2 IMU_GYRO -0.090332 0.007324 -0.009521
63.151 2 ESTIMATOR 0. 0.
63.249 2 DOWNLINK 0 390 187
63.251 2 STATE_FILTER_STATUS 3 0
63.254 2 BAT 0 0 0 0 1 10 0 0
63.258 2 ATTITUDE -1.556626 -1.571109 -0.002439
63.347 2 GPS 0 0 0 0 0 0 0 0 0 0 1
63.439 2 PPRZ_MODE 2 0 0 0 0 6
63.548 2 ALIVE |74,190,251,185,57,211,182,101,127,111,182,30,42,141,236,77|
63.551 2 WP_MOVED 6 348665. 5945815. 660. 12
63.598 2 GPS 0 0 0 0 0 0 0 0 0 0 1
63.646 2 ENERGY 0. 0. 0 0.
63.648 2 ESTIMATOR 0. 0.
63.749 2 NAVIGATION 0 1 0. 0. 0. 0. 0 0
63.752 2 ATTITUDE -1.556687 -1.571108 -0.002378
63.820 2 DOWNLINK_STATUS 0 64 3683 167 0 478. 23. 37.7
63.848 2 GPS 0 0 0 0 0 0 0 0 0 0 1
63.950 2 DESIRED 0. 0.16 0. 0. 0. 655. 0. 15.
64.045 2 GPS_SOL 0 0 0 0
64.048 2 WP_MOVED 7 349065. 5946015. 660. 12
64.097 2 GPS 0 0 0 0 0 0 0 0 0 0 1
64.140 2 ESTIMATOR 0. 0.
64.245 2 IMU_GYRO -0.091309 0.007324 -0.010498
64.248 2 ATTITUDE -1.556809 -1.571291 -0.002377
64.350 2 CALIBRATION 0. 0
64.354 2 BAT 0 0 0 0 1 11 0 0
64.359 2 GPS 0 0 0 0 0 0 0 0 0 0 1
64.542 2 WP_MOVED 0 348907. 5945757. 660. 12
64.597 2 GPS 0 0 0 0 0 0 0 0 0 0 1
64.642 2 DL_VALUE 7 2.
64.644 2 ESTIMATOR 0. 0.
64.748 2 NAVIGATION 0 1 0. 0. 0. 0. 0 0
64.752 2 ATTITUDE -1.556808 -1.571228 -0.002225
64.820 2 DOWNLINK_STATUS 0 65 4061 184 0 378. 17. 37.7
64.847 2 GPS 0 0 0 0 0 0 0 0 0 0 1
65.000 2 DESIRED 0. 0.16 0. 0. 0. 655. 0. 15.
65.043 2 WP_MOVED 1 348865. 5945715. 660. 12
65.098 2 GPS 0 0 0 0 0 0 0 0 0 0 1
65.123 2 FBW_STATUS 2 0 1 0 0
65.139 2 ESTIMATOR 0. 0.
65.241 2 ATTITUDE -1.556808 -1.571228 -0.002255
65.317 2 PONG 
65.348 2 IMU_GYRO -0.090332 0.006348 -0.010498
65.354 2 GPS 0 0 0 0 0 0 0 0 0 0 1
65.442 2 BAT 0 0 0 0 1 12 0 0
65.542 2 WP_MOVED 2 348895. 5945815. 660. 12
65.597 2 GPS 0 0 0 0 0 0 0 0 0 0 1
65.640 2 ESTIMATOR 0. 0.
65.748 2 NAVIGATION 0 1 0. 0. 0. 0. 0 0
65.751 2 ATTITUDE -1.556808 -1.57129 -0.002316
65.821 2 DOWNLINK_STATUS 0 66 4421 200 0 360. 16. 37.65
65.847 2 GPS 0 0 0 0 0 0 0 0 0 0 1
66.053 2 GPS_SOL 0 0 0 0
66.060 2 DESIRED 0. 0.16 0. 0. 0. 655. 0. 15.
66.063 2 WP_MOVED 3 348965.09375 5945786. 660. 12
66.097 2 GPS 0 0 0 0 0 0 0 0 0 0 1
66.148 2 ENERGY 0. 0. 0 0.
66.150 2 DL_VALUE 8 0.
66.152 2 ESTIMATOR 0. 0.
66.241 2 ATTITUDE -1.556808 -1.571474 -0.002376
66.347 2 GPS 0 0 0 0 0 0 0 0 0 0 1
66.443 2 CALIBRATION 0. 0
66.446 2 IMU_GYRO -0.091309 0.007324 -0.010498
66.547 2 BAT 0 0 0 0 1 13 0 0
66.550 2 WP_MOVED 4 348764.6875 5945795. 660. 12
66.598 2 GPS 0 0 0 0 0 0 0 0 0 0 1
66.639 2 ESTIMATOR 0. 0.
66.749 2 NAVIGATION 0 1 0. 0. 0. 0. 0 0
66.751 2 ATTITUDE -1.556868 -1.571412 -0.002376
66.821 2 DOWNLINK_STATUS 0 67 4819 218 0 398. 18. 37.65
66.847 2 GPS 0 0 0 0 0 0 0 0 0 0 1
67.042 2 WP_MOVED 5 348740. 5945760. 660. 12
67.106 2 DESIRED 0. 0.16 0. 0. 0. 655. 0. 15.
67.112 2 GPS 0 0 0 0 0 0 0 0 0 0 1
67.123 2 FBW_STATUS 2 0 1 0 0
67.140 2 ESTIMATOR 0. 0.
67.167 2 WIND_INFO 2 42 0. 0. 0.
67.241 2 ATTITUDE -1.556687 -1.571659 -0.002497
67.347 2 GPS 0 0 0 0 0 0 0 0 0 0 1
67.546 2 IMU_GYRO -0.092529 0.008301 -0.011475
67.549 2 WP_MOVED 6 348665. 5945815. 660. 12
67.597 2 GPS 0 0 0 0 0 0 0 0 0 0 1
67.646 2 DL_VALUE 9 1.
67.650 2 BAT 0 0 0 0 1 14 0 0
67.652 2 ESTIMATOR 0. 0.
67.748 2 NAVIGATION 0 1 0. 0. 0. 0. 0 0
67.751 2 ATTITUDE -1.556748 -1.571721 -0.002619
67.821 2 DOWNLINK_STATUS 0 68 5184 234 0 365. 16. 37.65
67.847 2 GPS 0 0 0 0 0 0 0 0 0 0 1
67.925 2 ACTUATORS |1000,1500,1603,2000,2000,1500|
68.025 2 COMMANDS |0,9600,1978,0,0,0|
68.045 2 GPS_SOL 0 0 0 0
68.049 2 WP_MOVED 7 349065. 5946015. 660. 12
68.096 2 GPS 0 0 0 0 0 0 0 0 0 0 1
68.153 2 DESIRED 0. 0.16 0. 0. 0. 655. 0. 15.
68.154 2 ESTIMATOR 0. 0.
68.241 2 STATE_FILTER_STATUS 3 0
68.244 2 ATTITUDE -1.556687 -1.571722 -0.002679
68.345 2 DOWNLINK 0 388 277
68.351 2 GPS 0 0 0 0 0 0 0 0 0 0 1
68.439 2 PPRZ_MODE 2 0 0 0 0 6
68.550 2 ALIVE |74,190,251,185,57,211,182,101,127,111,182,30,42,141,236,77|
68.552 2 CALIBRATION 0. 0
68.555 2 WP_MOVED 0 348907. 5945757. 660. 12
68.597 2 GPS 0 0 0 0 0 0 0 0 0 0 1
68.649 2 ENERGY 0. 0. 0 0.
68.652 2 IMU_GYRO -0.091309 0.008301 -0.009521
68.654 2 ESTIMATOR 0. 0.
68.752 2 BAT 0 0 0 0 1 15 0 0
68.756 2 NAVIGATION 0 1 0. 0. 0. 0. 0 0
68.759 2 ATTITUDE -1.556565 -1.571784 -0.002801
68.821 2 DOWNLINK_STATUS 0 69 5664 257 0 480. 23. 37.65
68.847 2 GPS 0 0 0 0 0 0 0 0 0 0 1
69.042 2 WP_MOVED 1 348865. 5945715. 660. 12
69.097 2 GPS 0 0 0 0 0 0 0 0 0 0 1
69.123 2 FBW_STATUS 2 0 1 0 0
69.142 2 DL_VALUE 10 0.
69.144 2 ESTIMATOR 0. 0.
69.199 2 DESIRED 0. 0.16 0. 0. 0. 655. 0. 15.
69.241 2 ATTITUDE -1.556626 -1.571785 -0.002984
69.347 2 GPS 0 0 0 0 0 0 0 0 0 0 1
69.542 2 WP_MOVED 2 348895. 5945815. 660. 12
69.597 2 GPS 0 0 0 0 0 0 0 0 0 0 1
69.639 2 ESTIMATOR 0. 0.
69.750 2 IMU_GYRO -0.090332 0.008301 -0.008301
69.755 2 NAVIGATION 0 1 0. 0. 0. 0. 0 0
69.758 2 ATTITUDE -1.556626 -1.571969 -0.003043
69.822 2 DOWNLINK_STATUS 0 70 6008 272 0 344. 15. 37.65
69.849 2 BAT 0 0 0 0 1 16 0 0
69.855 2 GPS 0 0 0 0 0 0 0 0 0 0 1
70.045 2 GPS_SOL 0 0 0 0
70.048 2 WP_MOVED 3 348965.09375 5945786. 660. 12
70.097 2 GPS 0 0 0 0 0 0 0 0 0 0 1
70.140 2 ESTIMATOR 0. 0.
70.253 2 DESIRED 0. 0.16 0. 0. 0. 655. 0. 15.
70.256 2 ATTITUDE -1.556565 -1.572093 -0.003104
70.318 2 PONG 
70.347 2 GPS 0 0 0 0 0 0 0 0 0 0 1
70.542 2 WP_MOVED 4 348764.6875 5945795. 660. 12
70.597 2 GPS 0 0 0 0 0 0 0 0 0 0 1
70.643 2 CALIBRATION 0. 0
70.645 2 DL_VALUE 11 0.
70.647 2 ESTIMATOR 0. 0.
70.748 2 NAVIGATION 0 1 0. 0. 0. 0. 0 0
70.751 2 ATTITUDE -1.556565 -1.573254 -0.003156
70.822 2 DOWNLINK_STATUS 0 71 6374 289 0 366. 17. 37.65
70.848 2 IMU_GYRO -0.116943 0.009521 -0.012695
70.853 2 GPS 0 0 0 0 0 0 0 0 0 0 1
70.946 2 NAVIGATION_REF 348865 5945715 12 605.
70.949 2 BAT 0 0 0 0 1 18 0 0
71.042 2 WP_MOVED 5 348740. 5945760. 660. 12
71.097 2 GPS 0 0 0 0 0 0 0 0 0 0 1
71.123 2 FBW_STATUS 2 0 1 0 0
71.145 2 ENERGY 0. 0. 0 0.
71.147 2 ESTIMATOR 0. 0.
71.241 2 ATTITUDE -1.562952 -1.571183 -0.085105
71.299 2 DESIRED 0. 0.16 0. 0. 0. 655. 0. 15.
71.347 2 GPS 0 0 0 0 0 0 0 0 0 0 1
71.542 2 WP_MOVED 6 348665. 5945815. 660. 12
71.597 2 GPS 0 0 0 0 0 0 0 0 0 0 1
71.640 2 ESTIMATOR 0. 0.
71.748 2 NAVIGATION 0 1 0. 0. 0. 0. 0 0
71.752 2 ATTITUDE -1.562353 -1.596609 -0.074192
71.822 2 DOWNLINK_STATUS 0 72 6767 306 0 393. 17. 37.65
71.847 2 GPS 0 0 0 0 0 0 0 0 0 0 1
71.941 2 IMU_GYRO 0.028564 0.005127 -0.045654
72.049 2 GPS_SOL 0 0 0 0
72.053 2 BAT 0 0 0 0 1 19 0 0
72.056 2 WP_MOVED 7 349065. 5946015. 660. 12
72.096 2 GPS 0 0 0 0 0 0 0 0 0 0 1
72.141 2 DL_VALUE 12 12000.
72.143 2 ESTIMATOR 0. 0.
72.241 2 ATTITUDE -1.559409 -1.616173 -0.023247
72.355 2 DESIRED 0. 0.16 0. 0. 0. 655. 0. 15.
72.361 2 GPS 0 0 0 0 0 0 0 0 0 0 1
72.542 2 WP_MOVED 0 348907. 5945757. 660. 12
72.597 2 GPS 0 0 0 0 0 0 0 0 0 0 1
72.639 2 ESTIMATOR 0. 0.
72.748 2 CALIBRATION 0. 0
72.752 2 NAVIGATION 0 1 0. 0. 0. 0. 0 0
72.755 2 ATTITUDE -1.557814 -1.612513 -0.004553
72.822 2 DOWNLINK_STATUS 0 73 7145 323 0 378. 17. 37.65
72.847 2 GPS 0 0 0 0 0 0 0 0 0 0 1
72.929 2 ACTUATORS |1000,1500,1616,2000,2000,1500|
73.025 2 COMMANDS |0,9600,2809,0,0,0|
73.046 2 IMU_GYRO -0.319092 0.028564 -0.031738
73.049 2 WP_MOVED 1 348865. 5945715. 660. 12
73.097 2 GPS 0 0 0 0 0 0 0 0 0 0 1
73.123 2 FBW_STATUS 2 0 1 0 0
73.146 2 BAT 0 0 0 0 1 20 0 0
73.148 2 ESTIMATOR 0. 0.
73.241 2 STATE_FILTER_STATUS 3 0
73.244 2 ATTITUDE -1.564687 -1.616693 -0.087221
73.346 2 GPS 0 0 0 0 0 0 0 0 0 0 1
73.399 2 DESIRED 0. 0.16 0. 0. 0. 655. 0. 15.
73.440 2 DOWNLINK 0 398 369
73.442 2 PPRZ_MODE 2 0 0 0 0 6
73.547 2 ALIVE |74,190,251,185,57,211,182,101,127,111,182,30,42,141,236,77|
73.550 2 WP_MOVED 2 348895. 5945815. 660. 12
73.596 2 GPS 0 0 0 0 0 0 0 0 0 0 1
73.647 2 ENERGY 0. 0. 0 0.
73.649 2 DL_VALUE 13 1.5
73.651 2 ESTIMATOR 0. 0.
73.748 2 NAVIGATION 0 1 0. 0. 0. 0. 0 0
73.751 2 ATTITUDE -1.563364 -1.628796 -0.065773
73.823 2 DOWNLINK_STATUS 0 74 7623 346 0 478. 23. 37.65
73.847 2 GPS 0 0 0 0 0 0 0 0 0 0 1
74.045 2 GPS_SOL 0 0 0 0
74.048 2 WP_MOVED 3 348965.09375 5945786. 660. 12
74.097 2 GPS 0 0 0 0 0 0 0 0 0 0 1
74.144 2 IMU_GYRO -0.091309 0.007324 -0.010498
74.147 2 ESTIMATOR 0. 0.
74.246 2 BAT 0 0 0 0 1 21 0 0
74.249 2 ATTITUDE -1.561044 -1.632536 -0.003486
74.347 2 GPS 0 0 0 0 0 0 0 0 0 0 1
74.449 2 DESIRED 0. 0.16 0. 0. 0. 655. 0. 15.
74.542 2 WP_MOVED 4 348764.6875 5945795. 660. 12
74.596 2 GPS 0 0 0 0 0 0 0 0 0 0 1
74.639 2 ESTIMATOR 0. 0.
74.748 2 NAVIGATION 0 1 0. 0. 0. 0. 0 0
74.751 2 ATTITUDE -1.566382 -1.631289 -0.074258
74.823 2 DOWNLINK_STATUS 0 75 7979 361 0 356. 15. 37.65
74.845 2 CALIBRATION 0. 0
74.851 2 GPS 0 0 0 0 0 0 0 0 0 0 1
75.042 2 WP_MOVED 5 348740. 5945760. 660. 12
75.096 2 GPS 0 0 0 0 0 0 0 0 0 0 1
75.123 2 FBW_STATUS 2 0 1 0 0
75.141 2 DL_VALUE 14 0.610865
75.144 2 ESTIMATOR 0. 0.
75.245 2 IMU_GYRO -0.090332 0.007324 -0.010498
75.248 2 ATTITUDE -1.559351 -1.629646 -0.002474
75.318 2 PONG 
75.349 2 BAT 0 0 0 0 1 22 0 0
75.355 2 GPS 0 0 0 0 0 0 0 0 0 0 1
75.499 2 DESIRED 0. 0.16 0. 0. 0. 655. 0. 15.
75.542 2 WP_MOVED 6 348665. 5945815. 660. 12
75.597 2 GPS 0 0 0 0 0 0 0 0 0 0 1
75.640 2 ESTIMATOR 0. 0.
75.748 2 NAVIGATION 0 1 0. 0. 0. 0. 0 0
75.750 2 ATTITUDE -1.559292 -1.629772 -0.002532
75.823 2 DOWNLINK_STATUS 0 76 8361 379 0 382. 18. 37.61
75.846 2 GPS 0 0 0 0 0 0 0 0 0 0 1
76.044 2 GPS_SOL 0 0 0 0
76.048 2 WP_MOVED 7 349065. 5946015. 660. 12
76.096 2 GPS 0 0 0 0 0 0 0 0 0 0 1
76.144 2 ENERGY 0. 0. 0 0.
76.147 2 ESTIMATOR 0. 0.
76.241 2 ATTITUDE -1.565476 -1.635827 -0.092192
76.348 2 IMU_GYRO -0.130859 0.011475 -0.015869
76.353 2 GPS 0 0 0 0 0 0 0 0 0 0 1
76.442 2 BAT 0 0 0 0 1 23 0 0
76.553 2 DESIRED 0. 0.16 0. 0. 0. 655. 0. 15.
76.556 2 WP_MOVED 0 348907. 5945757. 660. 12
76.597 2 GPS 0 0 0 0 0 0 0 0 0 0 1
76.641 2 DL_VALUE 15 7500.
76.644 2 ESTIMATOR 0. 0.
76.748 2 NAVIGATION 0 1 0. 0. 0. 0. 0 0
76.751 2 ATTITUDE -1.56258 -1.65138 -0.000585
76.823 2 DOWNLINK_STATUS 0 77 8748 396 0 387. 17. 37.61
76.847 2 GPS 0 0 0 0 0 0 0 0 0 0 1
76.938 2 CALIBRATION 0. 0
77.042 2 WP_MOVED 1 348865. 5945715. 660. 12
77.096 2 GPS 0 0 0 0 0 0 0 0 0 0 1
77.122 2 FBW_STATUS 2 0 1 0 0
77.139 2 ESTIMATOR 0. 0.
77.167 2 WIND_INFO 2 42 0. 0. 0.
77.240 2 ATTITUDE -1.562679 -1.665252 -0.000903
77.346 2 GPS 0 0 0 0 0 0 0 0 0 0 1
77.441 2 IMU_GYRO -0.108398 -0.001953 -0.012695
77.546 2 BAT 0 0 0 0 1 24 0 0
77.549 2 WP_MOVED 2 348895. 5945815. 660. 12
77.605 2 DESIRED 0. 0.16 0. 0. 0. 655. 0. 15.
77.611 2 GPS 0 0 0 0 0 0 0 0 0 0 1
77.639 2 ESTIMATOR 0. 0.
77.748 2 NAVIGATION 0 1 0. 0. 0. 0. 0 0
77.751 2 ATTITUDE -1.565434 -1.647438 -0.048725
77.823 2 DOWNLINK_STATUS 0 78 9113 412 0 365. 16. 37.61
77.847 2 GPS 0 0 0 0 0 0 0 0 0 0 1
77.924 2 ACTUATORS |1000,1500,1606,2000,2000,1500|
78.024 2 COMMANDS |0,9600,1987,0,0,0|
78.045 2 GPS_SOL 0 0 0 0
78.048 2 WP_MOVED 3 348965.09375 5945786. 660. 12
78.097 2 GPS 0 0 0 0 0 0 0 0 0 0 1
78.141 2 DL_VALUE 16 1250.
78.143 2 ESTIMATOR 0. 0.
78.241 2 STATE_FILTER_STATUS 3 0
78.244 2 ATTITUDE -1.561666 -1.650275 -0.005869
78.346 2 GPS 0 0 0 0 0 0 0 0 0 0 1
78.438 2 PPRZ_MODE 2 0 0 0 0 6
78.550 2 DOWNLINK 0 375 457
78.554 2 ALIVE |74,190,251,185,57,211,182,101,127,111,182,30,42,141,236,77|
78.557 2 IMU_GYRO -0.007324 0.001953 -0.022217
78.561 2 WP_MOVED 4 348764.6875 5945795. 660. 12
78.596 2 GPS 0 0 0 0 0 0 0 0 0 0 1
78.657 2 ENERGY 0. 0. 0 0.
78.660 2 BAT 0 0 0 0 1 25 0 0
78.667 2 DESIRED 0. 0.16 0. 0. 0. 655. 0. 15.
78.669 2 ESTIMATOR 0. 0.
78.747 2 NAVIGATION 0 1 0. 0. 0. 0. 0 0
78.750 2 ATTITUDE -1.566087 -1.651571 -0.002989
78.823 2 DOWNLINK_STATUS 0 79 9593 435 0 480. 23. 37.61
78.846 2 GPS 0 0 0 0 0 0 0 0 0 0 1
79.042 2 CALIBRATION 0. 0
79.045 2 WP_MOVED 5 348740. 5945760. 660. 12
79.096 2 GPS 0 0 0 0 0 0 0 0 0 0 1
79.122 2 FBW_STATUS 2 0 1 0 0
79.139 2 ESTIMATOR 0. 0.
79.241 2 ATTITUDE -1.569958 -1.653318 -0.032466
79.346 2 GPS 0 0 0 0 0 0 0 0 0 0 1
79.542 2 WP_MOVED 6 348665. 5945815. 660. 12
79.596 2 GPS 0 0 0 0 0 0 0 0 0 0 1
79.644 2 DL_VALUE 17 0.45
79.647 2 IMU_GYRO -0.22876 0.02124 -0.041504
79.650 2 ESTIMATOR 0. 0.
79.699 2 DESIRED 0. 0.16 0. 0. 0. 655. 0. 15.
79.751 2 BAT 0 0 0 0 1 26 0 0
79.755 2 NAVIGATION 0 1 0. 0. 0. 0. 0 0
79.758 2 ATTITUDE -1.57079 -1.658873 -0.050165
79.824 2 DOWNLINK_STATUS 0 80 9969 452 0 376. 17. 37.61
79.846 2 GPS 0 0 0 0 0 0 0 0 0 0 1
79.941 2 NAVIGATION_REF 348865 5945715 12 605.
80.044 2 GPS_SOL 0 0 0 0
80.048 2 WP_MOVED 7 349065. 5946015. 660. 12
80.096 2 GPS 0 0 0 0 0 0 0 0 0 0 1
80.139 2 ESTIMATOR 0. 0.
80.240 2 ATTITUDE -1.567612 -1.658764 -0.001205
80.320 2 PONG 
80.346 2 GPS 0 0 0 0 0 0 0 0 0 0 1
80.542 2 WP_MOVED 0 348907. 5945757. 660. 12
80.597 2 GPS 0 0 0 0 0 0 0 0 0 0 1
80.639 2 ESTIMATOR 0. 0.
80.758 2 IMU_GYRO -0.090332 0.007324 -0.010498
80.765 2 DESIRED 0. 0.16 0. 0. 0. 655. 0. 15.
80.770 2 NAVIGATION 0 1 0. 0. 0. 0. 0 0
80.772 2 ATTITUDE -1.567305 -1.658956 -0.001435
80.824 2 DOWNLINK_STATUS 0 81 10329 468 0 360. 16. 38.65
80.848 2 BAT 0 0 0 0 1 27 0 0
80.854 2 GPS 0 0 0 0 0 0 0 0 0 0 1
81.041 2 WP_MOVED 1 348865. 5945715. 660. 12
81.096 2 GPS 0 0 0 0 0 0 0 0 0 0 1
81.122 2 FBW_STATUS 2 0 1 0 0
81.149 2 ENERGY 0. 0. 0 0.
81.151 2 CALIBRATION 0. 0
81.152 2 DL_VALUE 18 0.03
81.155 2 ESTIMATOR 0. 0.
81.240 2 ATTITUDE -1.566998 -1.658899 -0.001485
81.346 2 GPS 0 0 0 0 0 0 0 0 0 0 1
81.541 2 WP_MOVED 2 348895. 5945815. 660. 12
81.596 2 GPS 0 0 0 0 0 0 0 0 0 0 1
81.639 2 ESTIMATOR 0. 0.
81.747 2 NAVIGATION 0 1 0. 0. 0. 0. 0 0
81.751 2 ATTITUDE -1.56511 -1.659869 -0.00378
81.798 2 DESIRED 0. 0.16 0. 0. 0. 655. 0. 15.
81.824 2 DOWNLINK_STATUS 0 82 10707 485 0 378. 17. 38.65
81.848 2 IMU_GYRO -0.09668 -0.411621 0.063721
81.853 2 GPS 0 0 0 0 0 0 0 0 0 0 1
81.942 2 BAT 0 0 0 0 1 29 0 0
82.044 2 GPS_SOL 0 0 0 0
82.048 2 WP_MOVED 3 348965.09375 5945786. 660. 12
82.097 2 GPS 0 0 0 0 0 0 0 0 0 0 1
82.138 2 ESTIMATOR 0. 0.
82.240 2 ATTITUDE -1.479076 -1.595552 0.008164
82.345 2 GPS 0 0 0 0 0 0 0 0 0 0 1
82.541 2 WP_MOVED 4 348764.6875 5945795. 660. 12
82.596 2 GPS 0 0 0 0 0 0 0 0 0 0 1
82.640 2 DL_VALUE 19 0.15
82.643 2 ESTIMATOR 0. 0.
82.747 2 NAVIGATION 0 1 0. 0. 0. 0. 0 0
82.750 2 ATTITUDE -1.160769 -1.65458 0.017193
82.824 2 DOWNLINK_STATUS 0 83 11036 500 0 329. 15. 38.65
82.855 2 DESIRED 0. 0.11 0. 0. 0. 655. 0. 15.
82.861 2 GPS 0 0 0 0 0 0 0 0 0 0 1
82.924 2 ACTUATORS |1000,1500,1553,1852,1852,1500|
82.942 2 IMU_GYRO -0.145752 -0.525635 -0.121094
83.024 2 COMMANDS |0,6882,959,0,0,0|
83.046 2 BAT 0 0 0 0 1 30 0 0
83.049 2 WP_MOVED 5 348740. 5945760. 660. 12
83.096 2 GPS 0 0 0 0 0 0 0 0 0 0 1
83.122 2 FBW_STATUS 2 0 1 0 0
83.139 2 ESTIMATOR 0. 0.
83.243 2 STATE_FILTER_STATUS 3 0
83.245 2 CALIBRATION 0. 0
83.248 2 ATTITUDE -0.944145 -1.702488 0.022909
83.346 2 GPS 0 0 0 0 0 0 0 0 0 0 1
83.441 2 PPRZ_MODE 2 0 0 0 0 6
83.547 2 ALIVE |74,190,251,185,57,211,182,101,127,111,182,30,42,141,236,77|
83.550 2 WP_MOVED 6 348665. 5945815. 660. 12
83.595 2 GPS 0 0 0 0 0 0 0 0 0 0 1
83.644 2 DOWNLINK 0 406 551
83.648 2 ENERGY 0. 0. 0 0.
83.650 2 ESTIMATOR 0. 0.
83.747 2 NAVIGATION 0 1 0. 0. 0. 0. 0 0
83.750 2 ATTITUDE -1.088543 -1.711253 0.018755
83.825 2 DOWNLINK_STATUS 0 84 11514 523 0 478. 23. 38.65
83.846 2 GPS 0 0 0 0 0 0 0 0 0 0 1
83.898 2 DESIRED 0. 0.13 0. 0. 0. 655. 0. 15.
84.048 2 GPS_SOL 0 0 0 0
84.051 2 IMU_GYRO -0.084961 -0.038086 -0.001953
84.054 2 WP_MOVED 7 349065. 5946015. 660. 12
84.096 2 GPS 0 0 0 0 0 0 0 0 0 0 1
84.145 2 DL_VALUE 20 0.01
84.149 2 BAT 0 0 0 0 1 31 0 0
84.151 2 ESTIMATOR 0. 0.
84.240 2 ATTITUDE -1.298329 -1.725242 0.009414
84.346 2 GPS 0 0 0 0 0 0 0 0 0 0 1
84.541 2 WP_MOVED 0 348907. 5945757. 660. 12
84.596 2 GPS 0 0 0 0 0 0 0 0 0 0 1
84.639 2 ESTIMATOR 0. 0.
84.746 2 NAVIGATION 0 1 0. 0. 0. 0. 0 0
84.750 2 ATTITUDE -1.253762 -1.720309 0.01093
84.825 2 DOWNLINK_STATUS 0 85 11881 539 0 367. 16. 38.65
84.845 2 GPS 0 0 0 0 0 0 0 0 0 0 1
84.948 2 DESIRED 0. 0.13 0. 0. 0. 655. 0. 15.
85.041 2 WP_MOVED 1 348865. 5945715. 660. 12
85.096 2 GPS 0 0 0 0 0 0 0 0 0 0 1
85.122 2 FBW_STATUS 2 0 1 0 0
85.143 2 IMU_GYRO -0.161621 0.242432 -0.176514
85.145 2 ESTIMATOR 0. 0.
85.245 2 BAT 0 0 0 0 1 32 0 0
85.248 2 ATTITUDE -1.263357 -1.752431 0.011289
85.319 2 PONG 
85.344 2 CALIBRATION 0. 0
85.350 2 GPS 0 0 0 0 0 0 0 0 0 0 1
85.541 2 WP_MOVED 2 348895. 5945815. 660. 12
85.596 2 GPS 0 0 0 0 0 0 0 0 0 0 1
85.640 2 DL_VALUE 21 0.1
85.643 2 ESTIMATOR 0. 0.
85.747 2 NAVIGATION 0 1 0. 0. 0. 0. 0 0
85.750 2 ATTITUDE -1.476515 -1.746403 0.003518
85.825 2 DOWNLINK_STATUS 0 86 12263 557 0 382. 18. 37.68
85.846 2 GPS 0 0 0 0 0 0 0 0 0 0 1
85.998 2 DESIRED 0. 0.16 0. 0. 0. 655. 0. 15.
86.044 2 GPS_SOL 0 0 0 0
86.048 2 WP_MOVED 3 348965.09375 5945786. 660. 12
86.096 2 GPS 0 0 0 0 0 0 0 0 0 0 1
86.143 2 ENERGY 0. 0. 0 0.
86.146 2 ESTIMATOR 0. 0.
86.244 2 IMU_GYRO -0.037109 0.066895 -0.005127
86.247 2 ATTITUDE -1.530173 -1.730668 0.005303
86.348 2 BAT 0 0 0 0 1 33 0 0
86.354 2 GPS 0 0 0 0 0 0 0 0 0 0 1
86.541 2 WP_MOVED 4 348764.6875 5945795. 660. 12
86.596 2 GPS 0 0 0 0 0 0 0 0 0 0 1
86.638 2 ESTIMATOR 0. 0.
86.747 2 NAVIGATION 0 1 0. 0. 0. 0. 0 0
86.750 2 ATTITUDE -1.533988 -1.729074 0.008674
86.825 2 DOWNLINK_STATUS 0 87 12639 573 0 376. 16. 37.68
86.846 2 GPS 0 0 0 0 0 0 0 0 0 0 1
87.052 2 DESIRED 0. 0.16 0. 0. 0. 655. 0. 15.
87.056 2 WP_MOVED 5 348740. 5945760. 660. 12
87.096 2 GPS 0 0 0 0 0 0 0 0 0 0 1
87.122 2 FBW_STATUS 2 0 1 0 0
87.141 2 DL_VALUE 22 0.
87.143 2 ESTIMATOR 0. 0.
87.167 2 WIND_INFO 2 42 0. 0. 0.
87.240 2 ATTITUDE -1.533914 -1.729072 0.008529
87.347 2 IMU_GYRO -0.090332 0.007324 -0.010498
87.353 2 GPS 0 0 0 0 0 0 0 0 0 0 1
87.441 2 CALIBRATION 0. 0
87.448 2 BAT 0 0 0 0 1 34 0 0
87.540 2 WP_MOVED 6 348665. 5945815. 660. 12
87.595 2 GPS 0 0 0 0 0 0 0 0 0 0 1
87.638 2 ESTIMATOR 0. 0.
87.747 2 NAVIGATION 0 1 0. 0. 0. 0. 0 0
87.750 2 ATTITUDE -1.5336 -1.729084 0.008338
87.826 2 DOWNLINK_STATUS 0 88 13015 590 0 376. 17. 37.68
87.845 2 GPS 0 0 0 0 0 0 0 0 0 0 1
87.923 2 ACTUATORS |1000,1500,1594,2000,2000,1500|
88.023 2 COMMANDS |0,9600,1817,0,0,0|
88.044 2 GPS_SOL 0 0 0 0
88.047 2 WP_MOVED 7 349065. 5946015. 660. 12
88.105 2 DESIRED 0. 0.16 0. 0. 0. 655. 0. 15.
88.110 2 GPS 0 0 0 0 0 0 0 0 0 0 1
88.138 2 ESTIMATOR 0. 0.
88.240 2 STATE_FILTER_STATUS 3 0
88.244 2 ATTITUDE -1.533459 -1.729095 0.008072
88.346 2 GPS 0 0 0 0 0 0 0 0 0 0 1
88.442 2 PPRZ_MODE 2 0 0 0 0 6
88.448 2 IMU_GYRO -0.090332 0.007324 -0.008301
88.551 2 ALIVE |74,190,251,185,57,211,182,101,127,111,182,30,42,141,236,77|
88.554 2 BAT 0 0 0 0 1 35 0 0
88.558 2 WP_MOVED 0 348907. 5945757. 660. 12
88.596 2 GPS 0 0 0 0 0 0 0 0 0 0 1
88.646 2 ENERGY 0. 0. 0 0.
88.647 2 DL_VALUE 23 0.05
88.650 2 ESTIMATOR 0. 0.
88.746 2 DOWNLINK 0 395 643
88.751 2 NAVIGATION 0 1 0. 0. 0. 0. 0 0
88.754 2 ATTITUDE -1.533275 -1.729165 0.007966
88.826 2 DOWNLINK_STATUS 0 89 13495 613 0 480. 23. 37.68
88.845 2 GPS 0 0 0 0 0 0 0 0 0 0 1
88.940 2 NAVIGATION_REF 348865 5945715 12 605.
89.040 2 WP_MOVED 1 348865. 5945715. 660. 12
89.095 2 GPS 0 0 0 0 0 0 0 0 0 0 1
89.122 2 FBW_STATUS 2 0 1 0 0
89.150 2 DESIRED 0. 0.16 0. 0. 0. 655. 0. 15.
89.153 2 ESTIMATOR 0. 0.
89.240 2 ATTITUDE -1.533027 -1.729237 0.007804
89.346 2 GPS 0 0 0 0 0 0 0 0 0 0 1
89.545 2 CALIBRATION 0. 0
89.548 2 IMU_GYRO -0.091309 0.007324 -0.010498
89.552 2 WP_MOVED 2 348895. 5945815. 660. 12
89.596 2 GPS 0 0 0 0 0 0 0 0 0 0 1
89.644 2 BAT 0 0 0 0 1 36 0 0
89.647 2 ESTIMATOR 0. 0.
89.747 2 NAVIGATION 0 1 0. 0. 0. 0. 0 0
89.750 2 ATTITUDE -1.532723 -1.729381 0.007616
89.826 2 DOWNLINK_STATUS 0 90 13879 630 0 384. 17. 37.68
89.846 2 GPS 0 0 0 0 0 0 0 0 0 0 1
90.043 2 GPS_SOL 0 0 0 0
90.047 2 WP_MOVED 3 348965.09375 5945786. 660. 12
90.095 2 GPS 0 0 0 0 0 0 0 0 0 0 1
90.140 2 DL_VALUE 24 0.
90.142 2 ESTIMATOR 0. 0.
90.197 2 DESIRED 0. 0.16 0. 0. 0. 655. 0. 15.
90.239 2 ATTITUDE -1.532475 -1.729381 0.007546
90.319 2 PONG 
90.345 2 GPS 0 0 0 0 0 0 0 0 0 0 1
90.540 2 WP_MOVED 4 348764.6875 5945795. 660. 12
90.595 2 GPS 0 0 0 0 0 0 0 0 0 0 1
90.643 2 IMU_GYRO -0.091309 0.007324 -0.010498
90.645 2 ESTIMATOR 0. 0.
90.750 2 BAT 0 0 0 0 1 37 0 0
90.755 2 NAVIGATION 0 1 0. 0. 0. 0. 0 0
90.758 2 ATTITUDE -1.532315 -1.730527 0.007363
90.826 2 DOWNLINK_STATUS 0 91 14252 647 0 373. 17. 37.61
90.846 2 GPS 0 0 0 0 0 0 0 0 0 0 1
91.041 2 WP_MOVED 5 348740. 5945760. 660. 12
91.096 2 GPS 0 0 0 0 0 0 0 0 0 0 1
91.122 2 FBW_STATUS 2 0 1 0 0
91.144 2 ENERGY 0. 0. 0 0.
91.146 2 ESTIMATOR 0. 0.
91.252 2 DESIRED 0. 0.16 0. 0. 0. 655. 0. 15.
91.254 2 ATTITUDE -1.530405 -1.733974 0.006333
91.345 2 GPS 0 0 0 0 0 0 0 0 0 0 1
91.540 2 WP_MOVED 6 348665. 5945815. 660. 12
91.595 2 GPS 0 0 0 0 0 0 0 0 0 0 1
91.642 2 CALIBRATION 0. 0
91.644 2 DL_VALUE 25 1.000074
91.646 2 ESTIMATOR 0. 0.
91.749 2 IMU_GYRO -0.091309 0.008301 -0.011475
91.753 2 NAVIGATION 0 1 0. 0. 0. 0. 0 0
91.757 2 ATTITUDE -1.530454 -1.740466 0.006183
91.826 2 DOWNLINK_STATUS 0 92 14627 664 0 375. 17. 37.61
91.848 2 BAT 0 0 0 0 1 38 0 0
91.854 2 GPS 0 0 0 0 0 0 0 0 0 0 1
92.044 2 GPS_SOL 0 0 0 0
92.047 2 WP_MOVED 7 349065. 5946015. 660. 12
92.828 2 DOWNLINK_STATUS 0 93 14718 668 0 91. 4. 37.61
93.829 2 DOWNLINK_STATUS 0 94 14718 668 0 0. 0. 37.61
94.831 2 DOWNLINK_STATUS 0 95 14718 668 0 0. 0. 37.61
95.832 2 DOWNLINK_STATUS 0 96 14718 668 0 0. 0. -4963.29
96.834 2 DOWNLINK_STATUS 0 97 14718 668 0 0. 0. -4963.29
97.168 2 WIND_INFO 2 42 0. 0. 0.
97.834 2 DOWNLINK_STATUS 0 98 14718 668 0 0. 0. -4963.29
98.836 2 DOWNLINK_STATUS 0 99 14718 668 0 0. 0. -4963.29
99.837 2 DOWNLINK_STATUS 0 100 14718 668 0 0. 0. -4963.29
100.838 2 DOWNLINK_STATUS 0 101 14718 668 0 0. 0. -9964.4
101.840 2 DOWNLINK_STATUS 0 102 14718 668 0 0. 0. -9964.4
102.840 2 DOWNLINK_STATUS 0 103 14718 668 0 0. 0. -9964.4
103.841 2 DOWNLINK_STATUS 0 104 14718 668 0 0. 0. -9964.4
104.842 2 DOWNLINK_STATUS 0 105 14718 668 0 0. 0. -9964.4
105.843 2 DOWNLINK_STATUS 0 106 14718 668 0 0. 0. -14965.29
106.845 2 DOWNLINK_STATUS 0 107 14718 668 0 0. 0. -14965.29
107.168 2 WIND_INFO 2 42 0. 0. 0.
107.846 2 DOWNLINK_STATUS 0 108 14718 668 0 0. 0. -14965.29
108.847 2 DOWNLINK_STATUS 0 109 14718 668 0 0. 0. -14965.29
109.849 2 DOWNLINK_STATUS 0 110 14718 668 0 0. 0. -14965.29
110.850 2 DOWNLINK_STATUS 0 111 14718 668 0 0. 0. -19965.98
111.851 2 DOWNLINK_STATUS 0 112 14718 668 0 0. 0. -19965.98
112.853 2 DOWNLINK_STATUS 0 113 14718 668 0 0. 0. -19965.98
113.854 2 DOWNLINK_STATUS 0 114 14718 668 0 0. 0. -19965.98
114.855 2 DOWNLINK_STATUS 0 115 14718 668 0 0. 0. -19965.98
115.857 2 DOWNLINK_STATUS 0 116 14718 668 0 0. 0. -24966.72
116.858 2 DOWNLINK_STATUS 0 117 14718 668 0 0. 0. -24966.72
117.168 2 WIND_INFO 2 42 0. 0. 0.
117.859 2 DOWNLINK_STATUS 0 118 14718 668 0 0. 0. -24966.72
118.860 2 DOWNLINK_STATUS 0 119 14718 668 0 0. 0. -24966.72
119.861 2 DOWNLINK_STATUS 0 120 14718 668 0 0. 0. -24966.72
120.862 2 DOWNLINK_STATUS 0 121 14718 668 0 0. 0. -29967.
121.863 2 DOWNLINK_STATUS 0 122 14718 668 0 0. 0. -29967.
122.865 2 DOWNLINK_STATUS 0 123 14718 668 0 0. 0. -29967.
123.866 2 DOWNLINK_STATUS 0 124 14718 668 0 0. 0. -29967.
124.866 2 DOWNLINK_STATUS 0 125 14718 668 0 0. 0. -29967.
125.868 2 DOWNLINK_STATUS 0 126 14718 668 0 0. 0. -34967.79
126.868 2 DOWNLINK_STATUS 0 127 14718 668 0 0. 0. -34967.79
127.168 2 WIND_INFO 2 42 0. 0. 0.
127.869 2 DOWNLINK_STATUS 0 128 14718 668 0 0. 0. -34967.79
128.870 2 DOWNLINK_STATUS 0 129 14718 668 0 0. 0. -34967.79
129.871 2 DOWNLINK_STATUS 0 130 14718 668 0 0. 0. -34967.79
130.872 2 DOWNLINK_STATUS 0 131 14718 668 0 0. 0. -39968.08
131.873 2 DOWNLINK_STATUS 0 132 14718 668 0 0. 0. -39968.08
132.873 2 DOWNLINK_STATUS 0 133 14718 668 0 0. 0. -39968.08
133.874 2 DOWNLINK_STATUS 0 134 14718 668 0 0. 0. -39968.08
134.876 2 DOWNLINK_STATUS 0 135 14718 668 0 0. 0. -39968.08
135.877 2 DOWNLINK_STATUS 0 136 14718 668 0 0. 0. -44968.66
136.877 2 DOWNLINK_STATUS 0 137 14718 668 0 0. 0. -44968.66
137.168 2 WIND_INFO 2 42 0. 0. 0.
137.878 2 DOWNLINK_STATUS 0 138 14718 668 0 0. 0. -44968.66
138.879 2 DOWNLINK_STATUS 0 139 14718 668 0 0. 0. -44968.66
139.880 2 DOWNLINK_STATUS 0 140 14718 668 0 0. 0. -44968.66
140.882 2 DOWNLINK_STATUS 0 141 14718 668 0 0. 0. -49969.64
141.883 2 DOWNLINK_STATUS 0 142 14718 668 0 0. 0. -49969.64
