1.773 2 GPS 0 0 0 0 0 0 0 0 0 0 1
1.968 2 WP_MOVED 1 348865. 5945715. 660. 12
2.023 2 GPS 0 0 0 0 0 0 0 0 0 0 1
2.049 2 FBW_STATUS 0 48 0 126 2
2.057 2 DOWNLINK_STATUS 0 2 935 42 1 935. 42. 0.
2.067 2 DL_VALUE 2 655.
2.070 2 ESTIMATOR 0. 0.
2.167 2 ATTITUDE 0. 0. 0.
2.273 2 GPS 0 0 0 0 0 0 0 0 0 0 1
2.468 2 WP_MOVED 2 348895. 5945815. 660. 12
2.523 2 GPS 0 0 0 0 0 0 0 0 0 0 1
2.578 2 IMU_GYRO -0.027588 0.023193 -0.048828
2.585 2 DESIRED 0. 0. 0. 0. 0. 655. 0. 15.
2.587 2 ESTIMATOR 0. 0.
2.677 2 BAT 40 126 0 0 0 4 0 0
2.682 2 NAVIGATION 0 1 0. 0. 0. 0. 0 0
2.685 2 ATTITUDE 0. 0. 0.
2.773 2 GPS 0 0 0 0 0 0 0 0 0 0 1
2.851 2 ACTUATORS |1004,1003,1500,1500,1500,1500|
2.951 2 COMMANDS |40,14,0,0,-14,-9548|
2.972 2 CALIBRATION 0. 0
2.975 2 GPS_SOL 0 0 0 0
2.979 2 WP_MOVED 3 348965.09375 5945786. 660. 12
3.023 2 GPS 0 0 0 0 0 0 0 0 0 0 1
3.058 2 DOWNLINK_STATUS 0 3 1351 61 1 416. 19. 0.
3.067 2 DOWNLINK 0 402 97
3.070 2 ESTIMATOR 0. 0.
3.168 2 STATE_FILTER_STATUS 2 0
3.171 2 ATTITUDE 0. 0. 0.
3.273 2 GPS 0 0 0 0 0 0 0 0 0 0 1
3.365 2 PPRZ_MODE 0 0 0 0 0 17
3.474 2 ALIVE |222,93,200,157,58,88,189,36,204,76,194,61,211,244,77,210|
3.477 2 WP_MOVED 4 348764.6875 5945795. 660. 12
3.523 2 GPS 0 0 0 0 0 0 0 0 0 0 1
3.573 2 ENERGY 12.6 0.002 0 0.0252
3.575 2 DL_VALUE 3 0.
3.577 2 ESTIMATOR 0. 0.
3.625 2 DESIRED 0. 0. 0. 0. 0. 655. 0. 15.
3.676 2 IMU_GYRO -0.028564 0.02002 -0.048828
3.681 2 NAVIGATION 0 1 0. 0. 0. 0. 0 0
3.684 2 ATTITUDE 0. 0. 0.
3.775 2 BAT 40 126 0 0 1 5 0 0
3.781 2 GPS 0 0 0 0 0 0 0 0 0 0 1
3.968 2 WP_MOVED 5 348740. 5945760. 660. 12
4.023 2 GPS 0 0 0 0 0 0 0 0 0 0 1
4.049 2 FBW_STATUS 0 51 0 126 2
4.059 2 DOWNLINK_STATUS 0 4 1791 82 1 440. 21. 0.
4.066 2 ESTIMATOR 0. 0.
4.167 2 ATTITUDE -0.277674 -1.576817 -0.008611
4.273 2 GPS 0 0 0 0 0 0 0 0 0 0 1
4.469 2 WP_MOVED 6 348665. 5945815. 660. 12
4.522 2 GPS 0 0 0 0 0 0 0 0 0 0 1
4.565 2 ESTIMATOR 0. 0.
4.684 2 DESIRED 0. 0.03 0. 0. 0. 655. 0. 15.
4.689 2 NAVIGATION 0 1 0. 0. 0. 0. 0 0
4.692 2 ATTITUDE -0.277774 -1.577 -0.008624
4.774 2 IMU_GYRO -0.028564 0.02124 -0.048828
4.780 2 GPS 0 0 0 0 0 0 0 0 0 0 1
4.868 2 BAT 40 126 0 0 1 7 0 0
4.971 2 GPS_SOL 0 0 0 0
4.975 2 WP_MOVED 7 349065. 5946015. 660. 12
5.023 2 GPS 0 0 0 0 0 0 0 0 0 0 1
5.060 2 DOWNLINK_STATUS 0 5 2147 97 1 356. 15. 0.
5.070 2 CALIBRATION 0. 0
5.072 2 DL_VALUE 4 0.
5.074 2 ESTIMATOR 0. 0.
5.168 2 ATTITUDE -0.277774 -1.577023 -0.008453
5.273 2 GPS 0 0 0 0 0 0 0 0 0 0 1
5.468 2 WP_MOVED 0 348907. 5945757. 660. 12
5.523 2 GPS 0 0 0 0 0 0 0 0 0 0 1
5.566 2 ESTIMATOR 0. 0.
5.599 2 PONG 
5.674 2 NAVIGATION 0 1 0. 0. 0. 0. 0 0
5.677 2 ATTITUDE -0.277813 -1.576863 -0.008392
5.726 2 DESIRED 0. 0.03 0. 0. 0. 655. 0. 15.
5.773 2 GPS 0 0 0 0 0 0 0 0 0 0 1
5.867 2 IMU_GYRO -0.028564 0.02124 -0.049805
5.973 2 BAT 40 126 0 0 1 8 0 0
5.976 2 WP_MOVED 1 348865. 5945715. 660. 12
6.023 2 GPS 0 0 0 0 0 0 0 0 0 0 1
6.050 2 FBW_STATUS 0 47 0 126 2
6.061 2 DOWNLINK_STATUS 0 6 2529 115 1 382. 18. 41.62
6.071 2 ENERGY 12.6 0.002 0 0.0252
6.074 2 ESTIMATOR 0. 0.
6.168 2 ATTITUDE -0.277853 -1.576629 -0.008234
6.273 2 GPS 0 0 0 0 0 0 0 0 0 0 1
6.468 2 WP_MOVED 2 348895. 5945815. 660. 12
6.523 2 GPS 0 0 0 0 0 0 0 0 0 0 1
6.567 2 DL_VALUE 5 0.
6.570 2 ESTIMATOR 0. 0.
6.674 2 NAVIGATION 0 1 0. 0. 0. 0. 0 0
6.677 2 ATTITUDE -0.277853 -1.576629 -0.008234
6.782 2 DESIRED 0. 0.03 0. 0. 0. 655. 0. 15.
6.788 2 GPS 0 0 0 0 0 0 0 0 0 0 1
6.868 2 NAVIGATION_REF 348865 5945715 12 605.
6.975 2 GPS_SOL 0 0 0 0
6.978 2 IMU_GYRO -0.029785 0.02124 -0.048828
6.982 2 WP_MOVED 3 348965.09375 5945786. 660. 12
7.023 2 GPS 0 0 0 0 0 0 0 0 0 0 1
7.062 2 DOWNLINK_STATUS 0 7 2914 132 1 385. 17. 41.62
7.072 2 BAT 40 126 0 0 1 9 0 0
7.073 2 ESTIMATOR 0. 0.
7.168 2 CALIBRATION 0. 0
7.171 2 ATTITUDE -0.277892 -1.576555 -0.008186
7.272 2 GPS 0 0 0 0 0 0 0 0 0 0 1
7.468 2 WP_MOVED 4 348764.6875 5945795. 660. 12
7.523 2 GPS 0 0 0 0 0 0 0 0 0 0 1
7.565 2 ESTIMATOR 0. 0.
7.674 2 NAVIGATION 0 1 0. 0. 0. 0. 0 0
7.677 2 ATTITUDE -0.277802 -1.576704 -0.008295
7.773 2 GPS 0 0 0 0 0 0 0 0 0 0 1
7.825 2 DESIRED 0. 0.03 0. 0. 0. 655. 0. 15.
7.851 2 ACTUATORS |1004,1003,1500,1500,1500,1500|
7.950 2 COMMANDS |40,14,0,0,-14,-9548|
7.968 2 WP_MOVED 5 348740. 5945760. 660. 12
8.023 2 GPS 0 0 0 0 0 0 0 0 0 0 1
8.048 2 FBW_STATUS 0 51 0 126 2
8.063 2 DOWNLINK_STATUS 0 8 3299 149 1 385. 17. 41.62
8.071 2 DL_VALUE 6 100.
8.074 2 IMU_GYRO -0.030762 0.022217 -0.047852
8.076 2 ESTIMATOR 0. 0.
8.174 2 DOWNLINK 0 390 188
8.176 2 STATE_FILTER_STATUS 3 0
8.179 2 BAT 40 126 0 0 1 10 0 0
8.183 2 ATTITUDE -0.277675 -1.576778 -0.008258
8.272 2 GPS 0 0 0 0 0 0 0 0 0 0 1
8.365 2 PPRZ_MODE 0 0 0 0 0 17
8.473 2 ALIVE |222,93,200,157,58,88,189,36,204,76,194,61,211,244,77,210|
8.477 2 WP_MOVED 6 348665. 5945815. 660. 12
8.523 2 GPS 0 0 0 0 0 0 0 0 0 0 1
8.571 2 ENERGY 12.6 0.002 0 0.0252
8.573 2 ESTIMATOR 0. 0.
8.674 2 NAVIGATION 0 1 0. 0. 0. 0. 0 0
8.677 2 ATTITUDE -0.277802 -1.57679 -0.008307
8.773 2 GPS 0 0 0 0 0 0 0 0 0 0 1
8.875 2 DESIRED 0. 0.03 0. 0. 0. 655. 0. 15.
8.970 2 GPS_SOL 0 0 0 0
8.974 2 WP_MOVED 7 349065. 5946015. 660. 12
9.022 2 GPS 0 0 0 0 0 0 0 0 0 0 1
9.063 2 DOWNLINK_STATUS 0 9 3741 170 1 442. 21. 41.62
9.065 2 ESTIMATOR 0. 0.
9.171 2 IMU_GYRO -0.027588 0.02124 -0.048828
9.174 2 ATTITUDE -0.277724 -1.576937 -0.008404
9.276 2 CALIBRATION 0. 0
9.279 2 BAT 40 126 0 0 1 11 0 0
9.285 2 GPS 0 0 0 0 0 0 0 0 0 0 1
9.468 2 WP_MOVED 0 348907. 5945757. 660. 12
9.523 2 GPS 0 0 0 0 0 0 0 0 0 0 1
9.567 2 DL_VALUE 7 0.
9.570 2 ESTIMATOR 0. 0.
9.674 2 NAVIGATION 0 1 0. 0. 0. 0. 0 0
9.677 2 ATTITUDE -0.277636 -1.57684 -0.008392
9.773 2 GPS 0 0 0 0 0 0 0 0 0 0 1
9.925 2 DESIRED 0. 0.03 0. 0. 0. 655. 0. 15.
9.967 2 WP_MOVED 1 348865. 5945715. 660. 12
10.022 2 GPS 0 0 0 0 0 0 0 0 0 0 1
10.049 2 FBW_STATUS 0 50 0 126 2
10.064 2 DOWNLINK_STATUS 0 10 4117 187 1 376. 17. 41.62
10.065 2 ESTIMATOR 0. 0.
10.167 2 ATTITUDE -0.277458 -1.576903 -0.008403
10.274 2 IMU_GYRO -0.030762 0.026367 -0.048828
10.280 2 GPS 0 0 0 0 0 0 0 0 0 0 1
10.368 2 BAT 40 126 0 0 1 12 0 0
10.468 2 WP_MOVED 2 348895. 5945815. 660. 12
10.523 2 GPS 0 0 0 0 0 0 0 0 0 0 1
10.566 2 ESTIMATOR 0. 0.
10.598 2 PONG 
10.674 2 NAVIGATION 0 1 0. 0. 0. 0. 0 0
10.676 2 ATTITUDE -0.277407 -1.576891 -0.008451
10.773 2 GPS 0 0 0 0 0 0 0 0 0 0 1
10.979 2 GPS_SOL 0 0 0 0
10.985 2 DESIRED 0. 0.03 0. 0. 0. 655. 0. 15.
10.989 2 WP_MOVED 3 348965.09375 5945786. 660. 12
11.022 2 GPS 0 0 0 0 0 0 0 0 0 0 1
11.064 2 DOWNLINK_STATUS 0 11 4479 203 1 362. 16. 40.58
11.073 2 ENERGY 12.6 0.002 0 0.0252
11.075 2 DL_VALUE 8 0.
11.077 2 ESTIMATOR 0. 0.
11.167 2 ATTITUDE -0.277407 -1.576891 -0.008451
11.273 2 GPS 0 0 0 0 0 0 0 0 0 0 1
11.368 2 CALIBRATION 0. 0
11.376 2 IMU_GYRO -0.027588 0.018066 -0.047852
11.472 2 BAT 40 126 0 0 1 13 0 0
11.475 2 WP_MOVED 4 348764.6875 5945795. 660. 12
11.522 2 GPS 0 0 0 0 0 0 0 0 0 0 1
11.565 2 ESTIMATOR 0. 0.
11.673 2 NAVIGATION 0 1 0. 0. 0. 0. 0 0
11.676 2 ATTITUDE -0.277368 -1.577063 -0.008427
11.773 2 GPS 0 0 0 0 0 0 0 0 0 0 1
11.967 2 WP_MOVED 5 348740. 5945760. 660. 12
12.032 2 DESIRED 0. 0.03 0. 0. 0. 655. 0. 15.
12.037 2 GPS 0 0 0 0 0 0 0 0 0 0 1
12.049 2 FBW_STATUS 0 52 0 126 2
12.065 2 ESTIMATOR 0. 0.
12.065 2 DOWNLINK_STATUS 0 12 4889 222 1 410. 19. 40.58
12.167 2 ATTITUDE -0.277369 -1.576965 -0.0085
12.273 2 GPS 0 0 0 0 0 0 0 0 0 0 1
12.470 2 IMU_GYRO -0.027588 0.016846 -0.048828
12.474 2 WP_MOVED 6 348665. 5945815. 660. 12
12.523 2 GPS 0 0 0 0 0 0 0 0 0 0 1
12.571 2 DL_VALUE 9 1.
12.576 2 BAT 40 126 0 0 1 14 0 0
12.578 2 ESTIMATOR 0. 0.
12.674 2 NAVIGATION 0 1 0. 0. 0. 0. 0 0
12.677 2 ATTITUDE -0.277407 -1.577063 -0.008475
12.772 2 GPS 0 0 0 0 0 0 0 0 0 0 1
12.850 2 ACTUATORS |1004,1003,1500,1500,1500,1500|
12.950 2 COMMANDS |40,14,0,0,-14,-9548|
12.970 2 GPS_SOL 0 0 0 0
12.974 2 WP_MOVED 7 349065. 5946015. 660. 12
13.022 2 GPS 0 0 0 0 0 0 0 0 0 0 1
13.066 2 DOWNLINK_STATUS 0 13 5242 238 1 353. 16. 40.58
13.078 2 DESIRED 0. 0.03 0. 0. 0. 655. 0. 15.
13.080 2 ESTIMATOR 0. 0.
13.167 2 STATE_FILTER_STATUS 3 0
13.170 2 ATTITUDE -0.277318 -1.577052 -0.008475
13.271 2 DOWNLINK 0 388 278
13.277 2 GPS 0 0 0 0 0 0 0 0 0 0 1
13.365 2 PPRZ_MODE 0 0 0 0 0 17
13.476 2 ALIVE |222,93,200,157,58,88,189,36,204,76,194,61,211,244,77,210|
13.477 2 CALIBRATION 0. 0
13.481 2 WP_MOVED 0 348907. 5945757. 660. 12
13.523 2 GPS 0 0 0 0 0 0 0 0 0 0 1
13.575 2 ENERGY 12.6 0.002 0 0.0252
13.578 2 IMU_GYRO -0.030762 0.024414 -0.047852
13.579 2 ESTIMATOR 0. 0.
13.677 2 BAT 40 126 0 0 1 15 0 0
13.682 2 NAVIGATION 0 1 0. 0. 0. 0. 0 0
13.685 2 ATTITUDE -0.277279 -1.577125 -0.008524
13.772 2 GPS 0 0 0 0 0 0 0 0 0 0 1
13.967 2 WP_MOVED 1 348865. 5945715. 660. 12
14.022 2 GPS 0 0 0 0 0 0 0 0 0 0 1
14.049 2 FBW_STATUS 0 52 0 126 2
14.066 2 DOWNLINK_STATUS 0 14 5682 259 1 440. 21. 40.58
14.067 2 DL_VALUE 10 0.
14.069 2 ESTIMATOR 0. 0.
14.124 2 DESIRED 0. 0.03 0. 0. 0. 655. 0. 15.
14.167 2 ATTITUDE -0.277406 -1.577235 -0.008499
14.273 2 GPS 0 0 0 0 0 0 0 0 0 0 1
14.468 2 WP_MOVED 2 348895. 5945815. 660. 12
14.523 2 GPS 0 0 0 0 0 0 0 0 0 0 1
14.566 2 ESTIMATOR 0. 0.
14.676 2 IMU_GYRO -0.026367 0.015869 -0.049805
14.680 2 NAVIGATION 0 1 0. 0. 0. 0. 0 0
14.684 2 ATTITUDE -0.2778 -1.577195 -0.008537
14.775 2 BAT 40 126 0 0 1 16 0 0
14.780 2 GPS 0 0 0 0 0 0 0 0 0 0 1
14.971 2 GPS_SOL 0 0 0 0
14.974 2 WP_MOVED 3 348965.09375 5945786. 660. 12
15.023 2 GPS 0 0 0 0 0 0 0 0 0 0 1
15.065 2 ESTIMATOR 0. 0.
15.066 2 DOWNLINK_STATUS 0 15 6063 276 1 381. 17. 40.58
15.179 2 DESIRED 0. 0.03 0. 0. 0. 655. 0. 15.
15.182 2 ATTITUDE -0.277672 -1.577344 -0.008598
15.273 2 GPS 0 0 0 0 0 0 0 0 0 0 1
15.468 2 WP_MOVED 4 348764.6875 5945795. 660. 12
15.522 2 GPS 0 0 0 0 0 0 0 0 0 0 1
15.569 2 CALIBRATION 0. 0
15.571 2 DL_VALUE 11 0.
15.573 2 ESTIMATOR 0. 0.
15.603 2 PONG 
15.680 2 NAVIGATION 0 1 0. 0. 0. 0. 0 0
15.680 2 ATTITUDE -0.277721 -1.577612 -0.008585
15.774 2 IMU_GYRO -0.027588 0.015869 -0.048828
15.779 2 GPS 0 0 0 0 0 0 0 0 0 0 1
15.872 2 NAVIGATION_REF 348865 5945715 12 605.
15.875 2 BAT 40 126 0 0 1 18 0 0
15.968 2 WP_MOVED 5 348740. 5945760. 660. 12
16.023 2 GPS 0 0 0 0 0 0 0 0 0 0 1
16.049 2 FBW_STATUS 0 48 0 126 2
16.067 2 DOWNLINK_STATUS 0 16 6450 294 1 387. 18. 44.55
16.071 2 ENERGY 12.6 0.002 0 0.0252
16.073 2 ESTIMATOR 0. 0.
16.167 2 ATTITUDE -0.277544 -1.577406 -0.008646
16.225 2 DESIRED 0. 0.03 0. 0. 0. 655. 0. 15.
16.272 2 GPS 0 0 0 0 0 0 0 0 0 0 1
16.468 2 WP_MOVED 6 348665. 5945815. 660. 12
16.522 2 GPS 0 0 0 0 0 0 0 0 0 0 1
16.565 2 ESTIMATOR 0. 0.
16.673 2 NAVIGATION 0 1 0. 0. 0. 0. 0 0
16.676 2 ATTITUDE -0.277711 -1.577184 -0.008537
16.772 2 GPS 0 0 0 0 0 0 0 0 0 0 1
16.867 2 IMU_GYRO -0.038086 0.041504 -0.048828
16.975 2 GPS_SOL 0 0 0 0
16.979 2 BAT 40 126 0 0 1 19 0 0
16.982 2 WP_MOVED 7 349065. 5946015. 660. 12
17.023 2 GPS 0 0 0 0 0 0 0 0 0 0 1
17.066 2 DL_VALUE 12 12000.
17.067 2 DOWNLINK_STATUS 0 17 6837 311 1 387. 17. 44.55
17.069 2 ESTIMATOR 0. 0.
17.167 2 ATTITUDE -0.27785 -1.577281 -0.008586
17.282 2 DESIRED 0. 0.03 0. 0. 0. 655. 0. 15.
17.288 2 GPS 0 0 0 0 0 0 0 0 0 0 1
17.467 2 WP_MOVED 0 348907. 5945757. 660. 12
17.522 2 GPS 0 0 0 0 0 0 0 0 0 0 1
17.565 2 ESTIMATOR 0. 0.
17.673 2 CALIBRATION 0. 0
17.678 2 NAVIGATION 0 1 0. 0. 0. 0. 0 0
17.681 2 ATTITUDE -0.2778 -1.57711 -0.008525
17.772 2 GPS 0 0 0 0 0 0 0 0 0 0 1
17.850 2 ACTUATORS |1004,1003,1500,1500,1500,1500|
17.950 2 COMMANDS |40,14,0,0,-14,-9548|
17.971 2 IMU_GYRO -0.02124 0.010498 -0.047852
17.974 2 WP_MOVED 1 348865. 5945715. 660. 12
18.023 2 GPS 0 0 0 0 0 0 0 0 0 0 1
18.049 2 FBW_STATUS 0 50 0 126 2
18.067 2 DOWNLINK_STATUS 0 18 7219 328 1 382. 17. 44.55
18.071 2 BAT 40 126 0 0 1 20 0 0
18.073 2 ESTIMATOR 0. 0.
18.166 2 STATE_FILTER_STATUS 3 0
18.170 2 ATTITUDE -0.277812 -1.577195 -0.008526
18.273 2 GPS 0 0 0 0 0 0 0 0 0 0 1
18.325 2 DESIRED 0. 0.03 0. 0. 0. 655. 0. 15.
18.366 2 DOWNLINK 0 398 370
18.368 2 PPRZ_MODE 0 0 0 0 0 17
18.472 2 ALIVE |222,93,200,157,58,88,189,36,204,76,194,61,211,244,77,210|
18.476 2 WP_MOVED 2 348895. 5945815. 660. 12
18.522 2 GPS 0 0 0 0 0 0 0 0 0 0 1
18.573 2 ENERGY 12.6 0.002 0 0.0252
18.574 2 DL_VALUE 13 1.5
18.577 2 ESTIMATOR 0. 0.
18.673 2 NAVIGATION 0 1 0. 0. 0. 0. 0 0
18.676 2 ATTITUDE -0.277889 -1.577207 -0.008538
18.772 2 GPS 0 0 0 0 0 0 0 0 0 0 1
18.969 2 GPS_SOL 0 0 0 0
18.973 2 WP_MOVED 3 348965.09375 5945786. 660. 12
19.022 2 GPS 0 0 0 0 0 0 0 0 0 0 1
19.067 2 DOWNLINK_STATUS 0 19 7643 348 1 424. 20. 44.55
19.070 2 IMU_GYRO -0.030762 0.025391 -0.048828
19.072 2 ESTIMATOR 0. 0.
19.172 2 BAT 40 126 0 0 1 21 0 0
19.175 2 ATTITUDE -0.277685 -1.577097 -0.008465
19.272 2 GPS 0 0 0 0 0 0 0 0 0 0 1
19.375 2 DESIRED 0. 0.03 0. 0. 0. 655. 0. 15.
19.467 2 WP_MOVED 4 348764.6875 5945795. 660. 12
19.522 2 GPS 0 0 0 0 0 0 0 0 0 0 1
19.565 2 ESTIMATOR 0. 0.
19.673 2 NAVIGATION 0 1 0. 0. 0. 0. 0 0
19.676 2 ATTITUDE -0.277674 -1.576852 -0.008355
19.771 2 CALIBRATION 0. 0
19.777 2 GPS 0 0 0 0 0 0 0 0 0 0 1
19.966 2 WP_MOVED 5 348740. 5945760. 660. 12
20.022 2 GPS 0 0 0 0 0 0 0 0 0 0 1
20.048 2 FBW_STATUS 0 51 0 126 2
20.066 2 DL_VALUE 14 0.610865
20.068 2 DOWNLINK_STATUS 0 20 8019 365 1 376. 17. 44.55
20.069 2 ESTIMATOR 0. 0.
20.170 2 IMU_GYRO -0.025391 0.011475 -0.047852
20.173 2 ATTITUDE -0.278106 -1.576922 -0.008283
20.275 2 BAT 40 126 0 0 1 22 0 0
20.287 2 GPS 0 0 0 0 0 0 0 0 0 0 1
20.424 2 DESIRED 0. 0.03 0. 0. 0. 655. 0. 15.
20.467 2 WP_MOVED 6 348665. 5945815. 660. 12
20.522 2 GPS 0 0 0 0 0 0 0 0 0 0 1
20.565 2 ESTIMATOR 0. 0.
20.598 2 PONG 
20.673 2 NAVIGATION 0 1 0. 0. 0. 0. 0 0
20.677 2 ATTITUDE -0.277802 -1.576704 -0.008295
20.772 2 GPS 0 0 0 0 0 0 0 0 0 0 1
20.970 2 GPS_SOL 0 0 0 0
20.973 2 WP_MOVED 7 349065. 5946015. 660. 12
21.022 2 GPS 0 0 0 0 0 0 0 0 0 0 1
21.069 2 DOWNLINK_STATUS 0 21 8381 381 1 362. 16. 38.58
21.070 2 ENERGY 12.6 0.002 0 0.0252
21.072 2 ESTIMATOR 0. 0.
21.166 2 ATTITUDE -0.277814 -1.576703 -0.008283
21.273 2 IMU_GYRO -0.027588 0.02002 -0.048828
21.279 2 GPS 0 0 0 0 0 0 0 0 0 0 1
21.367 2 BAT 40 126 0 0 1 23 0 0
21.478 2 DESIRED 0. 0.03 0. 0. 0. 655. 0. 15.
21.482 2 WP_MOVED 0 348907. 5945757. 660. 12
21.522 2 GPS 0 0 0 0 0 0 0 0 0 0 1
21.567 2 DL_VALUE 15 7500.
21.569 2 ESTIMATOR 0. 0.
21.673 2 NAVIGATION 0 1 0. 0. 0. 0. 0 0
21.677 2 ATTITUDE -0.277726 -1.576617 -0.008185
21.772 2 GPS 0 0 0 0 0 0 0 0 0 0 1
21.864 2 CALIBRATION 0. 0
21.967 2 WP_MOVED 1 348865. 5945715. 660. 12
22.022 2 GPS 0 0 0 0 0 0 0 0 0 0 1
22.048 2 FBW_STATUS 0 48 0 126 2
22.064 2 ESTIMATOR 0. 0.
22.070 2 DOWNLINK_STATUS 0 22 8791 400 1 410. 19. 38.58
22.166 2 ATTITUDE -0.277625 -1.576532 -0.008099
22.272 2 GPS 0 0 0 0 0 0 0 0 0 0 1
22.366 2 IMU_GYRO -0.028564 0.02002 -0.048828
22.472 2 BAT 40 126 0 0 1 24 0 0
22.475 2 WP_MOVED 2 348895. 5945815. 660. 12
22.531 2 DESIRED 0. 0.03 0. 0. 0. 655. 0. 15.
22.537 2 GPS 0 0 0 0 0 0 0 0 0 0 1
22.564 2 ESTIMATOR 0. 0.
22.673 2 NAVIGATION 0 1 0. 0. 0. 0. 0 0
22.676 2 ATTITUDE -0.277587 -1.576606 -0.008148
22.772 2 GPS 0 0 0 0 0 0 0 0 0 0 1
22.849 2 ACTUATORS |1004,1003,1500,1500,1500,1500|
22.949 2 COMMANDS |40,14,0,0,-14,-9548|
22.970 2 GPS_SOL 0 0 0 0
22.973 2 WP_MOVED 3 348965.09375 5945786. 660. 12
23.022 2 GPS 0 0 0 0 0 0 0 0 0 0 1
23.066 2 DL_VALUE 16 1250.
23.069 2 ESTIMATOR 0. 0.
23.071 2 DOWNLINK_STATUS 0 23 9196 418 1 405. 18. 38.58
23.167 2 STATE_FILTER_STATUS 3 0
23.170 2 ATTITUDE -0.278325 -1.576271 -0.008151
23.272 2 GPS 0 0 0 0 0 0 0 0 0 0 1
24.073 2 DOWNLINK_STATUS 0 24 9256 421 1 60. 3. 38.58
25.074 2 DOWNLINK_STATUS 0 25 9256 421 1 0. 0. 38.58
26.075 2 DOWNLINK_STATUS 0 26 9256 421 1 0. 0. -4962.75
27.075 2 DOWNLINK_STATUS 0 27 9256 421 1 0. 0. -4962.75
28.076 2 DOWNLINK_STATUS 0 28 9256 421 1 0. 0. -4962.75
29.078 2 DOWNLINK_STATUS 0 29 9256 421 1 0. 0. -4962.75
30.079 2 DOWNLINK_STATUS 0 30 9256 421 1 0. 0. -4962.75
31.080 2 DOWNLINK_STATUS 0 31 9256 421 1 0. 0. -9963.79
