5.810 1 PPRZ_MODE 0 0 0 0 0 17
5.816 1 GPS 0 1717368064 0 0 -17000 0 0 0 27250 14 7
5.819 1 SVINFO 7 13 16 1 0 -91 0
5.821 1 DL_VALUE 4 0.
5.823 1 DOWNLINK 0 562 188
5.863 1 DOWNLINK_STATUS 0 6 2818 130 1 565. 26. 53.46
5.913 1 DESIRED 0. 0.03 0. 0. 0. 235. 0. 12.
5.916 1 ATTITUDE 0.080442 -1.627007 -0.014337
5.918 1 ESTIMATOR -17. 0.
5.985 1 NAVIGATION 0 2 16621114. -5529002. 0. 3.06831289221e+14 0 0
6.004 1 PPRZ_MODE 0 0 0 0 0 17
6.008 1 BAT 530 14 0 0 1 7 0 0
6.011 1 GPS_SOL 649536320 100000 9999 0
6.106 1 DESIRED 0. 0.03 0. 0. 0. 235. 0. 12.
6.203 1 PPRZ_MODE 0 0 0 0 0 17
6.206 1 IMU_ACCEL 0.37793 -9.837891 -0.003906
6.209 1 IMU_MAG -0.029297 0.200195 0.538086
6.234 1 NAVIGATION 0 2 16621114. -5529002. 0. 3.06831289221e+14 0 0
6.310 1 DESIRED 0. 0.03 0. 0. 0. 235. 0. 12.
6.313 1 IMU_GYRO -0.061523 0.013672 -0.007324
6.398 1 PPRZ_MODE 0 0 0 0 0 17
6.400 1 CALIBRATION 0. 0
6.486 1 FBW_STATUS 0 51 0 14 0
6.491 1 NAVIGATION 0 2 16621114. -5529002. 0. 3.06831289221e+14 0 0
6.507 1 DESIRED 0. 0.03 0. 0. 0. 235. 0. 12.
6.595 1 PPRZ_MODE 0 0 0 0 0 17
6.706 1 DESIRED 0. 0.03 0. 0. 0. 235. 0. 12.
6.734 1 NAVIGATION 0 2 16621114. -5529002. 0. 3.06831289221e+14 0 0
6.806 1 PPRZ_MODE 0 0 0 0 0 17
6.812 1 GPS 0 1717368064 0 0 -17000 0 0 0 28250 14 8
6.814 1 SVINFO 8 17 16 1 0 -91 0
6.864 1 DOWNLINK_STATUS 0 7 3369 155 1 551. 25. 53.46
6.912 1 DESIRED 0. 0.03 0. 0. 0. 235. 0. 12.
6.915 1 ATTITUDE 0.079214 -1.628011 -0.015573
6.917 1 STATE_FILTER_STATUS 3 0
6.985 1 NAVIGATION 0 2 16621114. -5529002. 0. 3.06831289221e+14 0 0
6.999 1 PPRZ_MODE 0 0 0 0 0 17
7.111 1 DESIRED 0. 0.03 0. 0. 0. 235. 0. 12.
7.114 1 BAT 530 14 0 0 1 8 0 0
7.200 1 PPRZ_MODE 0 0 0 0 0 17
7.203 1 IMU_ACCEL 0.320312 -9.862305 0.023438
7.234 1 NAVIGATION 0 2 16621114. -5529002. 0. 3.06831289221e+14 0 0
7.312 1 DESIRED 0. 0.03 0. 0. 0. 235. 0. 12.
7.315 1 IMU_GYRO -0.049805 0.008301 -0.013672
7.317 1 DL_VALUE 5 0.
7.395 1 PPRZ_MODE 0 0 0 0 0 17
7.485 1 NAVIGATION 0 2 16621114. -5529002. 0. 3.06831289221e+14 0 0
7.510 1 DESIRED 0. 0.03 0. 0. 0. 235. 0. 12.
7.513 1 IMU_MAG -0.039551 0.196777 0.561523
7.596 1 PPRZ_MODE 0 0 0 0 0 17
7.706 1 DESIRED 0. 0.03 0. 0. 0. 235. 0. 12.
7.734 1 NAVIGATION 0 2 16621114. -5529002. 0. 3.06831289221e+14 0 0
7.806 1 PPRZ_MODE 0 0 0 0 0 17
7.812 1 GPS 0 1717368064 0 0 -17000 0 0 0 29250 14 9
7.814 1 SVINFO 9 18 16 1 0 -91 0
7.865 1 DOWNLINK_STATUS 0 8 3883 178 1 514. 23. 53.46
7.917 1 DESIRED 0. 0.03 0. 0. 0. 235. 0. 12.
7.920 1 ATTITUDE 0.078674 -1.627792 -0.015341
7.922 1 ESTIMATOR -17. 0.
7.926 1 ENERGY 1.4 0. 0 0.
7.984 1 NAVIGATION 0 2 16621114. -5529002. 0. 3.06831289221e+14 0 0
7.999 1 PPRZ_MODE 0 0 0 0 0 17
8.002 1 GPS_SOL 649539008 100000 9999 0
8.106 1 DESIRED 0. 0.03 0. 0. 0. 235. 0. 12.
8.204 1 PPRZ_MODE 0 0 0 0 0 17
8.207 1 IMU_ACCEL 0.320312 -9.799805 0.085938
8.211 1 BAT 530 14 0 0 1 9 0 0
8.235 1 NAVIGATION 0 2 16621114. -5529002. 0. 3.06831289221e+14 0 0
8.310 1 DESIRED 0. 0.03 0. 0. 0. 235. 0. 12.
8.313 1 IMU_GYRO -0.051025 0.008301 -0.011475
8.395 1 PPRZ_MODE 0 0 0 0 0 17
8.485 1 FBW_STATUS 0 45 0 14 0
8.490 1 NAVIGATION 0 2 16621114. -5529002. 0. 3.06831289221e+14 0 0
8.508 1 DESIRED 0. 0.03 0. 0. 0. 235. 0. 12.
8.510 1 CALIBRATION 0. 0
8.582 1 COMMANDS 530,532,2408,532,546,0
8.597 1 PPRZ_MODE 0 0 0 0 0 17
8.681 1 ACTUATORS 1349,1710,1551,1510,1385
8.706 1 DESIRED 0. 0.03 0. 0. 0. 235. 0. 12.
8.735 1 NAVIGATION 0 2 16621114. -5529002. 0. 3.06831289221e+14 0 0
8.812 1 PPRZ_MODE 0 0 0 0 0 17
8.817 1 GPS 0 1717368064 0 0 -17000 0 0 0 30250 14 10
8.820 1 SVINFO 10 19 16 1 0 -91 0
8.823 1 IMU_MAG -0.038086 0.200195 0.547852
8.825 1 DL_VALUE 6 80.
8.866 1 DOWNLINK_STATUS 0 9 4501 207 1 618. 29. 53.46
8.909 1 DESIRED 0. 0.03 0. 0. 0. 235. 0. 12.
8.913 1 ATTITUDE 0.077822 -1.629206 -0.017812
8.984 1 NAVIGATION 0 2 16621114. -5529002. 0. 3.06831289221e+14 0 0
8.998 1 PPRZ_MODE 0 0 0 0 0 17
9.108 1 DESIRED 0. 0.03 0. 0. 0. 235. 0. 12.
9.109 1 STATE_FILTER_STATUS 3 0
9.200 1 PPRZ_MODE 0 0 0 0 0 17
9.203 1 IMU_ACCEL 0.368164 -9.905273 0.023438
9.235 1 NAVIGATION 0 2 16621114. -5529002. 0. 3.06831289221e+14 0 0
9.315 1 DESIRED 0. 0.03 0. 0. 0. 235. 0. 12.
9.317 1 IMU_GYRO -0.051025 0.00415 0.
9.321 1 BAT 530 14 0 0 1 10 0 0
9.396 1 PPRZ_MODE 0 0 0 0 0 17
9.484 1 NAVIGATION 0 2 16621114. -5529002. 0. 3.06831289221e+14 0 0
9.506 1 DESIRED 0. 0.03 0. 0. 0. 235. 0. 12.
9.595 1 PPRZ_MODE 0 0 0 0 0 17
9.705 1 DESIRED 0. 0.03 0. 0. 0. 235. 0. 12.
9.753 1 NAVIGATION 0 2 16621114. -5529002. 0. 3.06831289221e+14 0 0
9.809 1 PPRZ_MODE 0 0 0 0 0 17
9.815 1 GPS 0 1717368064 0 0 -17000 0 0 0 31250 14 11
9.817 1 SVINFO 11 20 16 1 0 -91 0
9.820 1 NAVIGATION_REF 552566 5529002 14
9.866 1 DOWNLINK_STATUS 0 10 5001 229 1 500. 22. 53.46
9.913 1 DESIRED 0. 0.03 0. 0. 0. 235. 0. 12.
9.916 1 ATTITUDE 0.077828 -1.628018 -0.015802
9.918 1 ESTIMATOR -17. 0.
9.985 1 NAVIGATION 0 2 16621114. -5529002. 0. 3.06831289221e+14 0 0
10.000 1 PPRZ_MODE 0 0 0 0 0 17
10.003 1 GPS_SOL 649541824 100000 9999 0
10.110 1 DESIRED 0. 0.03 0. 0. 0. 235. 0. 12.
10.112 1 IMU_MAG -0.038086 0.19873 0.520508
10.199 1 PPRZ_MODE 0 0 0 0 0 17
10.202 1 IMU_ACCEL 0.291992 -9.80957 0.056641
10.234 1 NAVIGATION 0 2 16621114. -5529002. 0. 3.06831289221e+14 0 0
10.312 1 DESIRED 0. 0.03 0. 0. 0. 235. 0. 12.
10.315 1 IMU_GYRO -0.049805 0.007324 -0.012695
10.317 1 DL_VALUE 7 0.
10.406 1 PPRZ_MODE 0 0 0 0 0 17
10.410 1 BAT 530 14 0 0 1 11 0 0
10.413 1 ENERGY 1.4 0. 0 0.
10.414 1 PONG 
10.486 1 FBW_STATUS 0 50 0 14 0
10.490 1 NAVIGATION 0 2 16621114. -5529002. 0. 3.06831289221e+14 0 0
10.511 1 DESIRED 0. 0.03 0. 0. 0. 235. 0. 12.
10.515 1 ALIVE 165,169,48,99,239,211,149,204,154,107,4,41,67,188,1,67
10.598 1 PPRZ_MODE 0 0 0 0 0 17
10.600 1 CALIBRATION 0. 0
10.706 1 DESIRED 0. 0.03 0. 0. 0. 235. 0. 12.
10.734 1 NAVIGATION 0 2 16621114. -5529002. 0. 3.06831289221e+14 0 0
10.806 1 PPRZ_MODE 0 0 0 0 0 17
10.811 1 GPS 0 1717368064 0 0 -17000 0 0 0 32250 14 12
10.814 1 SVINFO 12 22 16 1 0 -91 0
10.867 1 DOWNLINK_STATUS 0 11 5612 258 1 611. 29. 51.54
10.918 1 DESIRED 0. 0.03 0. 0. 0. 235. 0. 12.
10.921 1 ATTITUDE 0.077626 -1.628106 -0.016216
10.923 1 DOWNLINK 0 560 319
10.927 1 NAVIGATION 0 2 16621114. -5529002. 0. 3.06831289221e+14 0 0
10.985 1 NAVIGATION 0 2 16621114. -5529002. 0. 3.06831289221e+14 0 0
10.998 1 PPRZ_MODE 0 0 0 0 0 17
11.105 1 DESIRED 0. 0.03 0. 0. 0. 235. 0. 12.
11.199 1 PPRZ_MODE 0 0 0 0 0 17
11.203 1 IMU_ACCEL 0.325195 -9.852539 0.
11.234 1 NAVIGATION 0 2 16621114. -5529002. 0. 3.06831289221e+14 0 0
11.312 1 DESIRED 0. 0.03 0. 0. 0. 235. 0. 12.
11.315 1 IMU_GYRO -0.046631 0.007324 -0.011475
11.316 1 STATE_FILTER_STATUS 3 0
11.400 1 PPRZ_MODE 0 0 0 0 0 17
11.403 1 IMU_MAG -0.036133 0.19873 0.532227
11.485 1 NAVIGATION 0 2 16621114. -5529002. 0. 3.06831289221e+14 0 0
11.510 1 DESIRED 0. 0.03 0. 0. 0. 235. 0. 12.
11.513 1 BAT 530 14 0 0 1 13 0 0
11.595 1 PPRZ_MODE 0 0 0 0 0 17
11.706 1 DESIRED 0. 0.03 0. 0. 0. 235. 0. 12.
11.734 1 NAVIGATION 0 2 16621114. -5529002. 0. 3.06831289221e+14 0 0
11.808 1 PPRZ_MODE 0 0 0 0 0 17
11.814 1 GPS 0 1717368064 0 0 -17000 0 0 0 33250 14 13
11.816 1 SVINFO 13 23 16 1 0 -91 0
11.818 1 DL_VALUE 8 0.
11.868 1 DOWNLINK_STATUS 0 12 6163 283 1 551. 25. 51.54
11.913 1 DESIRED 0. 0.03 0. 0. 0. 235. 0. 12.
11.915 1 ATTITUDE 0.077474 -1.628043 -0.016494
11.918 1 ESTIMATOR -17. 0.
11.984 1 NAVIGATION 0 2 16621114. -5529002. 0. 3.06831289221e+14 0 0
11.999 1 PPRZ_MODE 0 0 0 0 0 17
12.002 1 GPS_SOL 649544768 100000 9999 0
12.106 1 DESIRED 0. 0.03 0. 0. 0. 235. 0. 12.
12.200 1 PPRZ_MODE 0 0 0 0 0 17
12.203 1 IMU_ACCEL 0.305664 -9.852539 0.09082
12.234 1 NAVIGATION 0 2 16621114. -5529002. 0. 3.06831289221e+14 0 0
12.310 1 DESIRED 0. 0.03 0. 0. 0. 235. 0. 12.
12.313 1 IMU_GYRO -0.048828 0.005127 -0.012695
12.395 1 PPRZ_MODE 0 0 0 0 0 17
12.485 1 FBW_STATUS 0 46 0 14 0
12.490 1 NAVIGATION 0 2 16621114. -5529002. 0. 3.06831289221e+14 0 0
12.507 1 DESIRED 0. 0.03 0. 0. 0. 235. 0. 12.
12.600 1 PPRZ_MODE 0 0 0 0 0 17
12.604 1 BAT 530 14 0 0 1 14 0 0
12.712 1 DESIRED 0. 0.03 0. 0. 0. 235. 0. 12.
12.715 1 IMU_MAG -0.032715 0.196777 0.532227
12.717 1 CALIBRATION 0. 0
12.734 1 NAVIGATION 0 2 16621114. -5529002. 0. 3.06831289221e+14 0 0
12.806 1 PPRZ_MODE 0 0 0 0 0 17
12.812 1 GPS 0 1717368064 0 0 -17000 0 0 0 34250 14 14
12.813 1 SVINFO 14 25 16 1 0 -91 0
12.869 1 DOWNLINK_STATUS 0 13 6714 308 1 551. 25. 51.54
12.914 1 DESIRED 0. 0.03 0. 0. 0. 235. 0. 12.
12.916 1 ATTITUDE 0.077342 -1.628004 -0.016579
12.920 1 ENERGY 1.4 0. 0 0.
12.984 1 NAVIGATION 0 2 16621114. -5529002. 0. 3.06831289221e+14 0 0
12.998 1 PPRZ_MODE 0 0 0 0 0 17
13.106 1 DESIRED 0. 0.03 0. 0. 0. 235. 0. 12.
13.200 1 PPRZ_MODE 0 0 0 0 0 17
13.203 1 IMU_ACCEL 0.239258 -9.857422 0.100586
13.234 1 NAVIGATION 0 2 16621114. -5529002. 0. 3.06831289221e+14 0 0
13.312 1 DESIRED 0. 0.03 0. 0. 0. 235. 0. 12.
13.314 1 IMU_GYRO -0.051025 0.009521 -0.012695
13.316 1 DL_VALUE 9 1.
13.395 1 PPRZ_MODE 0 0 0 0 0 17
13.484 1 NAVIGATION 0 2 16621114. -5529002. 0. 3.06831289221e+14 0 0
13.507 1 DESIRED 0. 0.03 0. 0. 0. 235. 0. 12.
13.509 1 STATE_FILTER_STATUS 3 0
13.581 1 COMMANDS 530,532,2408,532,546,0
13.597 1 PPRZ_MODE 0 0 0 0 0 17
13.681 1 ACTUATORS 1349,1710,1551,1510,1385
13.710 1 DESIRED 0. 0.03 0. 0. 0. 235. 0. 12.
13.714 1 BAT 530 14 0 0 1 15 0 0
13.734 1 NAVIGATION 0 2 16621114. -5529002. 0. 3.06831289221e+14 0 0
13.805 1 PPRZ_MODE 0 0 0 0 0 17
13.811 1 GPS 0 1717368064 0 0 -17000 0 0 0 35250 14 15
13.813 1 SVINFO 15 26 16 1 0 -91 0
13.870 1 DOWNLINK_STATUS 0 14 7266 333 1 552. 25. 51.54
13.912 1 DESIRED 0. 0.03 0. 0. 0. 235. 0. 12.
13.915 1 ATTITUDE 0.077149 -1.627931 -0.016754
13.918 1 ESTIMATOR -17. 0.
13.984 1 NAVIGATION 0 2 16621114. -5529002. 0. 3.06831289221e+14 0 0
14.003 1 PPRZ_MODE 0 0 0 0 0 17
14.006 1 IMU_MAG -0.034668 0.193359 0.522461
14.009 1 GPS_SOL 649547968 100000 9999 0
14.106 1 DESIRED 0. 0.03 0. 0. 0. 235. 0. 12.
14.199 1 PPRZ_MODE 0 0 0 0 0 17
14.202 1 IMU_ACCEL 0.262695 -9.857422 0.081055
14.235 1 NAVIGATION 0 2 16621114. -5529002. 0. 3.06831289221e+14 0 0
14.310 1 DESIRED 0. 0.03 0. 0. 0. 235. 0. 12.
14.312 1 IMU_GYRO -0.051025 0.007324 -0.013672
14.395 1 PPRZ_MODE 0 0 0 0 0 17
14.485 1 FBW_STATUS 0 51 0 14 0
14.490 1 NAVIGATION 0 2 16621114. -5529002. 0. 3.06831289221e+14 0 0
14.507 1 DESIRED 0. 0.03 0. 0. 0. 235. 0. 12.
14.595 1 PPRZ_MODE 0 0 0 0 0 17
14.705 1 DESIRED 0. 0.03 0. 0. 0. 235. 0. 12.
14.734 1 NAVIGATION 0 2 16621114. -5529002. 0. 3.06831289221e+14 0 0
14.815 1 PPRZ_MODE 0 0 0 0 0 17
14.820 1 GPS 0 1717368064 0 0 -17000 0 0 0 36250 14 16
14.823 1 SVINFO 0 8 16 1 0 -91 0
14.826 1 BAT 530 14 0 0 1 16 0 0
14.828 1 DL_VALUE 10 0.
14.830 1 CALIBRATION 0. 0
14.870 1 DOWNLINK_STATUS 0 15 7828 359 1 562. 26. 51.54
14.909 1 DESIRED 0. 0.03 0. 0. 0. 235. 0. 12.
14.912 1 ATTITUDE 0.077146 -1.627979 -0.017079
14.984 1 NAVIGATION 0 2 16621114. -5529002. 0. 3.06831289221e+14 0 0
14.998 1 PPRZ_MODE 0 0 0 0 0 17
15.106 1 DESIRED 0. 0.03 0. 0. 0. 235. 0. 12.
15.199 1 PPRZ_MODE 0 0 0 0 0 17
15.202 1 IMU_ACCEL 0.305664 -9.847656 0.095703
15.234 1 NAVIGATION 0 2 16621114. -5529002. 0. 3.06831289221e+14 0 0
15.313 1 DESIRED 0. 0.03 0. 0. 0. 235. 0. 12.
15.316 1 IMU_GYRO -0.049805 0.007324 -0.011475
15.319 1 IMU_MAG -0.039551 0.196777 0.547852
15.400 1 PPRZ_MODE 0 0 0 0 0 17
15.403 1 ENERGY 1.4 0. 0 0.
15.415 1 PONG 
15.484 1 NAVIGATION 0 2 16621114. -5529002. 0. 3.06831289221e+14 0 0
15.511 1 DESIRED 0. 0.03 0. 0. 0. 235. 0. 12.
15.515 1 ALIVE 165,169,48,99,239,211,149,204,154,107,4,41,67,188,1,67
15.595 1 PPRZ_MODE 0 0 0 0 0 17
15.707 1 DESIRED 0. 0.03 0. 0. 0. 235. 0. 12.
15.709 1 STATE_FILTER_STATUS 3 0
15.734 1 NAVIGATION 0 2 16621114. -5529002. 0. 3.06831289221e+14 0 0
15.805 1 PPRZ_MODE 0 0 0 0 0 17
15.811 1 GPS 0 1717368064 0 0 -17000 0 0 0 37250 14 1
15.814 1 SVINFO 1 12 16 1 0 -91 0
15.871 1 DOWNLINK_STATUS 0 16 8359 383 1 531. 24. 52.58
15.917 1 DESIRED 0. 0.03 0. 0. 0. 235. 0. 12.
15.920 1 ATTITUDE 0.077185 -1.628299 -0.017318
15.924 1 BAT 530 14 0 0 1 17 0 0
15.926 1 ESTIMATOR -17. 0.
15.957 1 WIND_INFO 1 42 0. 0. 0.
16.016 1 NAVIGATION 0 2 16621114. -5529002. 0. 3.06831289221e+14 0 0
16.061 1 PPRZ_MODE 0 0 0 0 0 17
16.064 1 GPS_SOL 649551296 100000 9999 0
16.066 1 DOWNLINK 0 556 449
16.105 1 DESIRED 0. 0.03 0. 0. 0. 235. 0. 12.
16.199 1 PPRZ_MODE 0 0 0 0 0 17
16.202 1 IMU_ACCEL 0.291992 -9.847656 0.038086
16.234 1 NAVIGATION 0 2 16621114. -5529002. 0. 3.06831289221e+14 0 0
16.312 1 DESIRED 0. 0.03 0. 0. 0. 235. 0. 12.
16.315 1 IMU_GYRO -0.047852 0.007324 -0.013672
16.317 1 DL_VALUE 0 0.
16.395 1 PPRZ_MODE 0 0 0 0 0 17
16.485 1 FBW_STATUS 0 50 0 14 0
16.489 1 NAVIGATION 0 2 16621114. -5529002. 0. 3.06831289221e+14 0 0
16.507 1 DESIRED 0. 0.03 0. 0. 0. 235. 0. 12.
16.599 1 PPRZ_MODE 0 0 0 0 0 17
16.602 1 IMU_MAG -0.038086 0.200195 0.549805
16.705 1 DESIRED 0. 0.03 0. 0. 0. 235. 0. 12.
16.734 1 NAVIGATION 0 2 16621114. -5529002. 0. 3.06831289221e+14 0 0
16.806 1 PPRZ_MODE 0 0 0 0 0 17
16.811 1 GPS 0 1717368064 0 0 -17000 0 0 0 38250 14 2
16.814 1 SVINFO 2 13 16 1 0 -91 0
16.872 1 DOWNLINK_STATUS 0 17 8921 409 1 562. 26. 52.58
16.912 1 DESIRED 0. 0.03 0. 0. 0. 235. 0. 12.
16.914 1 ATTITUDE 0.076991 -1.628122 -0.017457
16.916 1 CALIBRATION 0. 0
16.983 1 NAVIGATION 0 2 16621114. -5529002. 0. 3.06831289221e+14 0 0
16.999 1 PPRZ_MODE 0 0 0 0 0 17
17.003 1 BAT 530 14 0 0 1 18 0 0
17.121 1 DESIRED 0. 0.03 0. 0. 0. 235. 0. 12.
17.199 1 PPRZ_MODE 0 0 0 0 0 17
17.202 1 IMU_ACCEL 0.320312 -9.837891 0.038086
17.234 1 NAVIGATION 0 2 16621114. -5529002. 0. 3.06831289221e+14 0 0
17.309 1 DESIRED 0. 0.03 0. 0. 0. 235. 0. 12.
17.312 1 IMU_GYRO -0.051025 0.009521 -0.012695
17.395 1 PPRZ_MODE 0 0 0 0 0 17
17.483 1 NAVIGATION 0 2 16621114. -5529002. 0. 3.06831289221e+14 0 0
17.505 1 DESIRED 0. 0.03 0. 0. 0. 235. 0. 12.
17.595 1 PPRZ_MODE 0 0 0 0 0 17
17.705 1 DESIRED 0. 0.03 0. 0. 0. 235. 0. 12.
17.734 1 NAVIGATION 0 2 16621114. -5529002. 0. 3.06831289221e+14 0 0
17.808 1 PPRZ_MODE 0 0 0 0 0 17
17.814 1 GPS 0 1717368064 0 0 -17000 0 0 0 39250 14 3
17.816 1 SVINFO 3 14 16 1 0 -91 0
17.818 1 DL_VALUE 1 0.
17.873 1 DOWNLINK_STATUS 0 18 9419 431 1 498. 22. 52.58
17.923 1 DESIRED 0. 0.03 0. 0. 0. 235. 0. 12.
17.925 1 ATTITUDE 0.077095 -1.628133 -0.017564
17.928 1 IMU_MAG -0.029297 0.195312 0.520508
17.931 1 ESTIMATOR -17. 0.
17.932 1 STATE_FILTER_STATUS 3 0
17.936 1 ENERGY 1.4 0. 0 0.
17.983 1 NAVIGATION 0 2 16621114. -5529002. 0. 3.06831289221e+14 0 0
17.998 1 PPRZ_MODE 0 0 0 0 0 17
18.001 1 GPS_SOL 649554880 100000 9999 0
18.110 1 DESIRED 0. 0.03 0. 0. 0. 235. 0. 12.
18.113 1 BAT 530 14 0 0 1 19 0 0
18.199 1 PPRZ_MODE 0 0 0 0 0 17
18.202 1 IMU_ACCEL 0.305664 -9.842773 0.056641
18.234 1 NAVIGATION 0 2 16621114. -5529002. 0. 3.06831289221e+14 0 0
18.310 1 DESIRED 0. 0.03 0. 0. 0. 235. 0. 12.
18.312 1 IMU_GYRO -0.051025 0.006348 -0.012695
18.395 1 PPRZ_MODE 0 0 0 0 0 17
18.485 1 FBW_STATUS 0 51 0 14 0
18.489 1 NAVIGATION 0 2 16621114. -5529002. 0. 3.06831289221e+14 0 0
18.506 1 DESIRED 0. 0.03 0. 0. 0. 235. 0. 12.
18.581 1 COMMANDS 530,532,2408,532,532,0
18.596 1 PPRZ_MODE 0 0 0 0 0 17
18.680 1 ACTUATORS 1349,1710,1551,1510,1385
18.705 1 DESIRED 0. 0.03 0. 0. 0. 235. 0. 12.
18.734 1 NAVIGATION 0 2 16621114. -5529002. 0. 3.06831289221e+14 0 0
18.809 1 PPRZ_MODE 0 0 0 0 0 17
18.815 1 GPS 0 1717368064 0 0 -17000 0 0 0 40250 14 4
18.816 1 SVINFO 4 16 16 1 0 -91 0
18.819 1 NAVIGATION_REF 552566 5529002 14
18.874 1 DOWNLINK_STATUS 0 19 10039 460 1 620. 29. 52.58
18.909 1 DESIRED 0. 0.03 0. 0. 0. 235. 0. 12.
18.912 1 ATTITUDE 0.077308 -1.628441 -0.017451
18.984 1 NAVIGATION 0 2 16621114. -5529002. 0. 3.06831289221e+14 0 0
18.998 1 PPRZ_MODE 0 0 0 0 0 17
19.000 1 CALIBRATION 0. 0
19.105 1 DESIRED 0. 0.03 0. 0. 0. 235. 0. 12.
19.208 1 PPRZ_MODE 0 0 0 0 0 17
19.211 1 IMU_ACCEL 0.344727 -9.837891 0.076172
19.215 1 BAT 530 14 0 0 1 20 0 0
19.218 1 IMU_MAG -0.029297 0.193359 0.532227
19.234 1 NAVIGATION 0 2 16621114. -5529002. 0. 3.06831289221e+14 0 0
19.312 1 DESIRED 0. 0.03 0. 0. 0. 235. 0. 12.
19.314 1 IMU_GYRO -0.049805 0.007324 -0.011475
19.316 1 DL_VALUE 2 235.
19.395 1 PPRZ_MODE 0 0 0 0 0 17
19.484 1 NAVIGATION 0 2 16621114. -5529002. 0. 3.06831289221e+14 0 0
19.505 1 DESIRED 0. 0.03 0. 0. 0. 235. 0. 12.
19.595 1 PPRZ_MODE 0 0 0 0 0 17
19.706 1 DESIRED 0. 0.03 0. 0. 0. 235. 0. 12.
19.734 1 NAVIGATION 0 2 16621114. -5529002. 0. 3.06831289221e+14 0 0
19.805 1 PPRZ_MODE 0 0 0 0 0 17
19.811 1 GPS 0 1717368064 0 0 -17000 0 0 0 41250 14 5
19.813 1 SVINFO 5 17 16 1 0 -91 0
19.874 1 DOWNLINK_STATUS 0 20 10555 483 1 516. 23. 52.58
19.929 1 DESIRED 0. 0.03 0. 0. 0. 235. 0. 12.
19.933 1 ATTITUDE 0.077406 -1.628282 -0.017422
19.935 1 ESTIMATOR -17. 0.
19.984 1 NAVIGATION 0 2 16621114. -5529002. 0. 3.06831289221e+14 0 0
19.999 1 PPRZ_MODE 0 0 0 0 0 17
20.002 1 GPS_SOL 649558592 100000 9999 0
20.107 1 DESIRED 0. 0.03 0. 0. 0. 235. 0. 12.
20.109 1 STATE_FILTER_STATUS 3 0
20.198 1 PPRZ_MODE 0 0 0 0 0 17
20.202 1 IMU_ACCEL 0.301758 -9.852539 0.100586
20.233 1 NAVIGATION 0 2 16621114. -5529002. 0. 3.06831289221e+14 0 0
20.313 1 DESIRED 0. 0.03 0. 0. 0. 235. 0. 12.
20.316 1 IMU_GYRO -0.049805 0.008301 -0.011475
20.320 1 BAT 530 14 0 0 1 21 0 0
20.401 1 PPRZ_MODE 0 0 0 0 0 17
20.404 1 ENERGY 1.4 0. 0 0.
20.416 1 PONG 
20.485 1 FBW_STATUS 0 51 0 14 0
20.490 1 NAVIGATION 0 2 16621114. -5529002. 0. 3.06831289221e+14 0 0
20.514 1 DESIRED 0. 0.03 0. 0. 0. 235. 0. 12.
20.517 1 IMU_MAG -0.032715 0.19873 0.524414
20.521 1 ALIVE 165,169,48,99,239,211,149,204,154,107,4,41,67,188,1,67
20.594 1 PPRZ_MODE 0 0 0 0 0 17
20.706 1 DESIRED 0. 0.03 0. 0. 0. 235. 0. 12.
20.733 1 NAVIGATION 0 2 16621114. -5529002. 0. 3.06831289221e+14 0 0
20.807 1 PPRZ_MODE 0 0 0 0 0 17
20.813 1 GPS 0 1717368064 0 0 -17000 0 0 0 42250 14 6
20.815 1 SVINFO 6 18 16 1 0 -91 0
20.817 1 DL_VALUE 3 0.
20.875 1 DOWNLINK_STATUS 0 21 11164 512 1 609. 29. 52.58
20.915 1 DESIRED 0. 0.03 0. 0. 0. 235. 0. 12.
20.918 1 ATTITUDE 0.077498 -1.628775 -0.017509
20.922 1 NAVIGATION 0 2 16621114. -5529002. 0. 3.06831289221e+14 0 0
20.984 1 NAVIGATION 0 2 16621114. -5529002. 0. 3.06831289221e+14 0 0
20.999 1 PPRZ_MODE 0 0 0 0 0 17
21.003 1 WP_MOVED 2 552424.625 5528826.5 260. 14
21.109 1 DESIRED 0. 0.03 0. 0. 0. 235. 0. 12.
21.111 1 CALIBRATION 0. 0
21.113 1 DOWNLINK 0 558 579
21.198 1 PPRZ_MODE 0 0 0 0 0 17
21.202 1 IMU_ACCEL 0.282227 -9.847656 0.085938
21.233 1 NAVIGATION 0 2 16621114. -5529002. 0. 3.06831289221e+14 0 0
21.309 1 DESIRED 0. 0.03 0. 0. 0. 235. 0. 12.
21.312 1 IMU_GYRO -0.048828 0.006348 -0.011475
21.400 1 PPRZ_MODE 0 0 0 0 0 17
21.403 1 BAT 530 14 0 0 1 22 0 0
21.484 1 NAVIGATION 0 2 16621114. -5529002. 0. 3.06831289221e+14 0 0
21.505 1 DESIRED 0. 0.03 0. 0. 0. 235. 0. 12.
21.595 1 PPRZ_MODE 0 0 0 0 0 17
21.705 1 DESIRED 0. 0.03 0. 0. 0. 235. 0. 12.
21.733 1 NAVIGATION 0 2 16621114. -5529002. 0. 3.06831289221e+14 0 0
21.809 1 PPRZ_MODE 0 0 0 0 0 17
21.815 1 GPS 0 1717368064 0 0 -17000 0 0 0 43250 14 7
21.817 1 SVINFO 7 21 16 1 0 -91 0
21.820 1 IMU_MAG -0.036133 0.19873 0.526367
21.876 1 DOWNLINK_STATUS 0 22 11726 537 1 562. 25. 52.58
21.912 1 DESIRED 0. 0.03 0. 0. 0. 235. 0. 12.
21.914 1 ATTITUDE 0.077771 -1.628612 -0.017384
21.917 1 ESTIMATOR -17. 0.
21.984 1 NAVIGATION 0 2 16621114. -5529002. 0. 3.06831289221e+14 0 0
21.998 1 PPRZ_MODE 0 0 0 0 0 17
22.001 1 GPS_SOL 649562496 100000 9999 0
22.105 1 DESIRED 0. 0.03 0. 0. 0. 235. 0. 12.
22.199 1 PPRZ_MODE 0 0 0 0 0 17
22.202 1 IMU_ACCEL 0.301758 -9.833008 0.047852
22.234 1 NAVIGATION 0 2 16621114. -5529002. 0. 3.06831289221e+14 0 0
22.313 1 DESIRED 0. 0.03 0. 0. 0. 235. 0. 12.
22.316 1 IMU_GYRO -0.051025 0.009521 -0.009521
22.318 1 DL_VALUE 4 0.
22.320 1 STATE_FILTER_STATUS 3 0
22.395 1 PPRZ_MODE 0 0 0 0 0 17
22.484 1 FBW_STATUS 0 53 0 14 0
22.489 1 NAVIGATION 0 2 16621114. -5529002. 0. 3.06831289221e+14 0 0
22.509 1 DESIRED 0. 0.03 0. 0. 0. 235. 0. 12.
22.513 1 BAT 530 14 0 0 1 24 0 0
22.595 1 PPRZ_MODE 0 0 0 0 0 17
22.705 1 DESIRED 0. 0.03 0. 0. 0. 235. 0. 12.
22.734 1 NAVIGATION 0 2 16621114. -5529002. 0. 3.06831289221e+14 0 0
22.805 1 PPRZ_MODE 0 0 0 0 0 17
22.811 1 GPS 0 1717368064 0 0 -17000 0 0 0 44250 14 8
22.813 1 SVINFO 8 21 16 1 0 -91 0
22.877 1 DOWNLINK_STATUS 0 23 12268 562 1 542. 25. 52.58
22.914 1 DESIRED 0. 0.03 0. 0. 0. 235. 0. 12.
22.916 1 ATTITUDE 0.078035 -1.628527 -0.017458
22.919 1 ENERGY 1.4 0. 0 0.
22.983 1 NAVIGATION 0 2 16621114. -5529002. 0. 3.06831289221e+14 0 0
22.997 1 PPRZ_MODE 0 0 0 0 0 17
23.109 1 DESIRED 0. 0.03 0. 0. 0. 235. 0. 12.
23.112 1 IMU_MAG -0.036133 0.196777 0.540039
23.201 1 PPRZ_MODE 0 0 0 0 0 17
23.204 1 IMU_ACCEL 0.239258 -9.857422 0.162109
23.206 1 CALIBRATION 0. 0
23.234 1 NAVIGATION 0 2 16621114. -5529002. 0. 3.06831289221e+14 0 0
23.309 1 DESIRED 0. 0.03 0. 0. 0. 235. 0. 12.
23.312 1 IMU_GYRO -0.047852 0.005127 -0.012695
23.394 1 PPRZ_MODE 0 0 0 0 0 17
23.483 1 NAVIGATION 0 2 16621114. -5529002. 0. 3.06831289221e+14 0 0
23.505 1 DESIRED 0. 0.03 0. 0. 0. 235. 0. 12.
23.581 1 COMMANDS 530,504,2408,504,532,0
23.599 1 PPRZ_MODE 0 0 0 0 0 17
23.603 1 BAT 530 14 0 0 1 25 0 0
23.680 1 ACTUATORS 1349,1710,1550,1509,1385
23.705 1 DESIRED 0. 0.03 0. 0. 0. 235. 0. 12.
23.734 1 NAVIGATION 0 2 16621114. -5529002. 0. 3.06831289221e+14 0 0
23.807 1 PPRZ_MODE 0 0 0 0 0 17
23.812 1 GPS 0 1717368064 0 0 -17000 0 0 0 45250 14 9
23.815 1 SVINFO 9 24 16 1 0 -91 0
23.817 1 DL_VALUE 5 0.
23.878 1 DOWNLINK_STATUS 0 24 12840 588 1 572. 26. 52.58
23.912 1 DESIRED 0. 0.03 0. 0. 0. 235. 0. 12.
23.915 1 ATTITUDE 0.077992 -1.628576 -0.017303
23.917 1 ESTIMATOR -17. 0.
23.983 1 NAVIGATION 0 2 16621114. -5529002. 0. 3.06831289221e+14 0 0
23.998 1 PPRZ_MODE 0 0 0 0 0 17
24.001 1 GPS_SOL 649566592 100000 9999 0
24.105 1 DESIRED 0. 0.03 0. 0. 0. 235. 0. 12.
24.198 1 PPRZ_MODE 0 0 0 0 0 17
24.201 1 IMU_ACCEL 0.349609 -9.857422 0.018555
24.234 1 NAVIGATION 0 2 16621114. -5529002. 0. 3.06831289221e+14 0 0
24.309 1 DESIRED 0. 0.03 0. 0. 0. 235. 0. 12.
24.312 1 IMU_GYRO -0.048828 0.007324 -0.008301
24.399 1 PPRZ_MODE 0 0 0 0 0 17
24.402 1 IMU_MAG -0.034668 0.191895 0.518555
24.485 1 FBW_STATUS 0 51 0 14 0
24.489 1 NAVIGATION 0 2 16621114. -5529002. 0. 3.06831289221e+14 0 0
24.507 1 DESIRED 0. 0.03 0. 0. 0. 235. 0. 12.
24.508 1 STATE_FILTER_STATUS 3 0
24.595 1 PPRZ_MODE 0 0 0 0 0 17
24.709 1 DESIRED 0. 0.03 0. 0. 0. 235. 0. 12.
24.713 1 BAT 530 14 0 0 1 26 0 0
24.733 1 NAVIGATION 0 2 16621114. -5529002. 0. 3.06831289221e+14 0 0
24.805 1 PPRZ_MODE 0 0 0 0 0 17
24.810 1 GPS 0 1717368064 0 0 -17000 0 0 0 46250 14 10
24.813 1 SVINFO 10 25 16 1 0 -91 0
24.878 1 DOWNLINK_STATUS 0 25 13389 613 1 549. 25. 52.58
24.909 1 DESIRED 0. 0.03 0. 0. 0. 235. 0. 12.
24.912 1 ATTITUDE 0.077898 -1.628901 -0.017593
24.984 1 NAVIGATION 0 2 16621114. -5529002. 0. 3.06831289221e+14 0 0
24.998 1 PPRZ_MODE 0 0 0 0 0 17
25.105 1 DESIRED 0. 0.03 0. 0. 0. 235. 0. 12.
25.198 1 PPRZ_MODE 0 0 0 0 0 17
25.201 1 IMU_ACCEL 0.31543 -9.852539 0.013672
25.233 1 NAVIGATION 0 2 16621114. -5529002. 0. 3.06831289221e+14 0 0
25.313 1 DESIRED 0. 0.03 0. 0. 0. 235. 0. 12.
25.317 1 IMU_GYRO -0.051025 0.009521 -0.012695
25.318 1 DL_VALUE 6 80.
25.320 1 CALIBRATION 0. 0
25.402 1 PPRZ_MODE 0 0 0 0 0 17
25.405 1 ENERGY 1.4 0. 0 0.
25.417 1 PONG 
25.484 1 NAVIGATION 0 2 16621114. -5529002. 0. 3.06831289221e+14 0 0
25.510 1 DESIRED 0. 0.03 0. 0. 0. 235. 0. 12.
25.514 1 ALIVE 165,169,48,99,239,211,149,204,154,107,4,41,67,188,1,67
25.594 1 PPRZ_MODE 0 0 0 0 0 17
25.708 1 DESIRED 0. 0.03 0. 0. 0. 235. 0. 12.
25.711 1 IMU_MAG -0.032715 0.19873 0.520508
25.733 1 NAVIGATION 0 2 16621114. -5529002. 0. 3.06831289221e+14 0 0
25.809 1 PPRZ_MODE 0 0 0 0 0 17
25.815 1 GPS 0 1717368064 0 0 -17000 0 0 0 47250 14 11
25.818 1 SVINFO 11 26 16 1 0 -91 0
25.821 1 BAT 530 14 0 0 1 27 0 0
25.879 1 DOWNLINK_STATUS 0 26 13954 639 1 565. 26. 52.63
25.912 1 DESIRED 0. 0.03 0. 0. 0. 235. 0. 12.
25.915 1 ATTITUDE 0.077793 -1.628835 -0.017672
25.917 1 ESTIMATOR -17. 0.
25.957 1 WIND_INFO 1 42 0. 0. 0.
26.059 1 NAVIGATION 0 2 16621114. -5529002. 0. 3.06831289221e+14 0 0
26.137 1 PPRZ_MODE 0 0 0 0 0 17
26.140 1 GPS_SOL 649570880 100000 9999 0
26.159 1 DESIRED 0. 0.03 0. 0. 0. 235. 0. 12.
26.201 1 PPRZ_MODE 0 0 0 0 0 17
26.204 1 IMU_ACCEL 0.291992 -9.824219 0.061523
26.206 1 DOWNLINK 0 547 707
26.233 1 NAVIGATION 0 2 16621114. -5529002. 0. 3.06831289221e+14 0 0
26.309 1 DESIRED 0. 0.03 0. 0. 0. 235. 0. 12.
26.312 1 IMU_GYRO -0.05957 0.016846 -0.019043
26.394 1 PPRZ_MODE 0 0 0 0 0 17
26.484 1 FBW_STATUS 0 52 0 14 0
26.489 1 NAVIGATION 0 2 16621114. -5529002. 0. 3.06831289221e+14 0 0
26.506 1 DESIRED 0. 0.03 0. 0. 0. 235. 0. 12.
26.594 1 PPRZ_MODE 0 0 0 0 0 17
26.707 1 DESIRED 0. 0.03 0. 0. 0. 235. 0. 12.
26.708 1 STATE_FILTER_STATUS 3 0
26.733 1 NAVIGATION 0 2 16621114. -5529002. 0. 3.06831289221e+14 0 0
26.807 1 PPRZ_MODE 0 0 0 0 0 17
26.813 1 GPS 0 1717368064 0 0 -17000 0 0 0 48250 14 12
26.816 1 SVINFO 12 26 16 1 0 -91 0
26.817 1 DL_VALUE 7 0.
26.880 1 DOWNLINK_STATUS 0 27 14486 664 1 532. 25. 52.63
26.914 1 DESIRED 0. 0.03 0. 0. 0. 235. 0. 12.
26.916 1 ATTITUDE 0.079318 -1.62573 -0.018502
26.919 1 BAT 530 6 0 0 1 28 0 0
26.983 1 NAVIGATION 0 2 16621114. -5529002. 0. 3.06831289221e+14 0 0
26.998 1 PPRZ_MODE 0 0 0 0 0 17
27.001 1 IMU_MAG -0.04834 0.203613 0.499023
27.105 1 DESIRED 0. 0.03 0. 0. 0. 235. 0. 12.
27.199 1 PPRZ_MODE 0 0 0 0 0 17
27.202 1 IMU_ACCEL 0.37793 -9.862305 0.071289
27.234 1 NAVIGATION 0 2 16621114. -5529002. 0. 3.06831289221e+14 0 0
27.309 1 DESIRED 0. 0.03 0. 0. 0. 235. 0. 12.
27.311 1 IMU_GYRO -0.051025 0.006348 -0.011475
27.397 1 PPRZ_MODE 0 0 0 0 0 17
27.399 1 CALIBRATION 0. 0
27.483 1 NAVIGATION 0 2 16621114. -5529002. 0. 3.06831289221e+14 0 0
27.505 1 DESIRED 0. 0.03 0. 0. 0. 235. 0. 12.
27.595 1 PPRZ_MODE 0 0 0 0 0 17
27.880 1 DOWNLINK_STATUS 0 28 14868 681 1 382. 17. 52.63
28.881 1 DOWNLINK_STATUS 0 29 14868 681 1 0. 0. 52.63
29.882 1 DOWNLINK_STATUS 0 30 14868 681 1 0. 0. 52.63
30.884 1 DOWNLINK_STATUS 0 31 14868 681 1 0. 0. -4948.09
31.885 1 DOWNLINK_STATUS 0 32 14868 681 1 0. 0. -4948.09
32.886 1 DOWNLINK_STATUS 0 33 14868 681 1 0. 0. -4948.09
33.887 1 DOWNLINK_STATUS 0 34 14868 681 1 0. 0. -4948.09
34.887 1 DOWNLINK_STATUS 0 35 14868 681 1 0. 0. -4948.09
35.889 1 DOWNLINK_STATUS 0 36 14868 681 1 0. 0. -9949.16
35.957 1 WIND_INFO 1 42 0. 0. 0.
36.891 1 DOWNLINK_STATUS 0 37 14868 681 1 0. 0. -9949.16
37.892 1 DOWNLINK_STATUS 0 38 14868 681 1 0. 0. -9949.16
38.893 1 DOWNLINK_STATUS 0 39 14868 681 1 0. 0. -9949.16
39.895 1 DOWNLINK_STATUS 0 40 14868 681 1 0. 0. -9949.16
40.896 1 DOWNLINK_STATUS 0 41 14868 681 1 0. 0. -14950.49
41.897 1 DOWNLINK_STATUS 0 42 14868 681 1 0. 0. -14950.49
42.899 1 DOWNLINK_STATUS 0 43 14868 681 1 0. 0. -14950.49
43.900 1 DOWNLINK_STATUS 0 44 14868 681 1 0. 0. -14950.49
44.902 1 DOWNLINK_STATUS 0 45 14868 681 1 0. 0. -14950.49
45.903 1 DOWNLINK_STATUS 0 46 14868 681 1 0. 0. -19951.35
45.957 1 WIND_INFO 1 42 0. 0. 0.
46.904 1 DOWNLINK_STATUS 0 47 14868 681 1 0. 0. -19951.35
47.904 1 DOWNLINK_STATUS 0 48 14868 681 1 0. 0. -19951.35
48.906 1 DOWNLINK_STATUS 0 49 14868 681 1 0. 0. -19951.35
49.907 1 DOWNLINK_STATUS 0 50 14868 681 1 0. 0. -19951.35
50.908 1 DOWNLINK_STATUS 0 51 14868 681 1 0. 0. -24952.68
51.910 1 DOWNLINK_STATUS 0 52 14868 681 1 0. 0. -24952.68
52.911 1 DOWNLINK_STATUS 0 53 14868 681 1 0. 0. -24952.68
53.912 1 DOWNLINK_STATUS 0 54 14868 681 1 0. 0. -24952.68
54.913 1 DOWNLINK_STATUS 0 55 14868 681 1 0. 0. -24952.68
55.914 1 DOWNLINK_STATUS 0 56 14868 681 1 0. 0. -29953.53
55.957 1 WIND_INFO 1 42 0. 0. 0.
56.916 1 DOWNLINK_STATUS 0 57 14868 681 1 0. 0. -29953.53
57.917 1 DOWNLINK_STATUS 0 58 14868 681 1 0. 0. -29953.53
58.919 1 DOWNLINK_STATUS 0 59 14868 681 1 0. 0. -29953.53
59.920 1 DOWNLINK_STATUS 0 60 14868 681 1 0. 0. -29953.53
60.921 1 DOWNLINK_STATUS 0 61 14868 681 1 0. 0. -34954.67
61.922 1 DOWNLINK_STATUS 0 62 14868 681 1 0. 0. -34954.67
62.924 1 DOWNLINK_STATUS 0 63 14868 681 1 0. 0. -34954.67
63.925 1 DOWNLINK_STATUS 0 64 14868 681 1 0. 0. -34954.67
64.926 1 DOWNLINK_STATUS 0 65 14868 681 1 0. 0. -34954.67
65.928 1 DOWNLINK_STATUS 0 66 14868 681 1 0. 0. -39955.93
65.957 1 WIND_INFO 1 42 0. 0. 0.
66.929 1 DOWNLINK_STATUS 0 67 14868 681 1 0. 0. -39955.93
67.930 1 DOWNLINK_STATUS 0 68 14868 681 1 0. 0. -39955.93
68.932 1 DOWNLINK_STATUS 0 69 14868 681 1 0. 0. -39955.93
69.933 1 DOWNLINK_STATUS 0 70 14868 681 1 0. 0. -39955.93
70.934 1 DOWNLINK_STATUS 0 71 14868 681 1 0. 0. -44956.76
71.618 1 DESIRED 0. 0. 0. 0. 0. 235. 0. 12.
71.621 1 ATTITUDE 0. 0. 0.
71.632 1 NAVIGATION 0 2 16621114. -5529002. 0. 3.06831289221e+14 0 0
71.647 1 PPRZ_MODE 2 0 0 0 0 6
71.668 1 DESIRED 0. 0. 0. 0. 0. 235. 0. 12.
71.681 1 PPRZ_MODE 2 0 0 0 0 6
71.684 1 IMU_ACCEL 0.334961 -9.804688 0.416016
71.700 1 NAVIGATION 0 2 16621114. -5529002. 0. 3.06831289221e+14 0 0
71.721 1 DESIRED 0. 0. 0. 0. 0. 235. 0. 12.
71.724 1 IMU_GYRO -0.046631 0.005127 -0.008301
71.733 1 PPRZ_MODE 2 0 0 0 0 6
71.737 1 BAT 0 66 0 0 1 0 0 0
71.753 1 NAVIGATION 0 2 16621114. -5529002. 0. 3.06831289221e+14 0 0
71.781 1 DESIRED 0. 0. 0. 0. 0. 235. 0. 12.
71.783 1 PPRZ_MODE 2 0 0 0 0 6
71.790 1 DESIRED 0. 0. 0. 0. 0. 235. 0. 12.
71.793 1 IMU_MAG -0.089844 0.219238 0.408203
71.797 1 NAVIGATION 0 2 16621114. -5529002. 0. 3.06831289221e+14 0 0
71.799 1 PPRZ_MODE 2 0 0 0 0 6
71.805 1 GPS 0 1717368064 0 0 -17000 0 0 0 1250 14 1
71.807 1 SVINFO 1 2 16 1 0 -91 0
71.808 1 DL_VALUE 0 0.
71.816 1 DESIRED 0. 0. 0. 0. 0. 235. 0. 12.
71.818 1 ATTITUDE 0. 0. 0.
71.822 1 ESTIMATOR -17. 0.
71.826 1 NAVIGATION 0 2 16621114. -5529002. 0. 3.06831289221e+14 0 0
71.828 1 PPRZ_MODE 2 0 0 0 0 6
71.831 1 GPS_SOL 649519040 100000 9999 0
71.838 1 DESIRED 0. 0. 0. 0. 0. 235. 0. 12.
71.839 1 CALIBRATION 0. 0
71.850 1 DESIRED 0. 0. 0. 0. 0. 235. 0. 12.
71.852 1 IMU_GYRO -0.051025 0.008301 -0.010498
71.856 1 IMU_MAG -0.086426 0.227539 0.392578
71.858 1 PPRZ_MODE 0 0 0 0 0 17
71.887 1 FBW_STATUS 0 49 0 66 0
71.891 1 NAVIGATION 0 2 16621114. -5529002. 0. 3.06831289221e+14 0 0
71.909 1 DESIRED 0. 0. 0. 0. 0. 235. 0. 12.
71.910 1 STATE_FILTER_STATUS 2 0
71.935 1 DOWNLINK_STATUS 0 72 15721 719 2 853. 38. -44956.76
71.997 1 PPRZ_MODE 0 0 0 0 0 17
72.112 1 DESIRED 0. 0. 0. 0. 0. 235. 0. 12.
72.115 1 BAT 530 66 0 0 1 4 0 0
72.136 1 NAVIGATION 0 2 16621114. -5529002. 0. 3.06831289221e+14 0 0
72.210 1 PPRZ_MODE 0 0 0 0 0 17
72.215 1 GPS 0 1717368064 0 0 -17000 0 0 0 4250 14 4
72.218 1 SVINFO 4 9 16 1 0 -91 0
72.220 1 DL_VALUE 2 235.
72.316 1 DESIRED 0. 0. 0. 0. 0. 235. 0. 12.
72.318 1 ATTITUDE 0. 0. 0.
72.322 1 ENERGY 6.6 0. 0 0.
72.386 1 NAVIGATION 0 2 16621114. -5529002. 0. 3.06831289221e+14 0 0
72.399 1 PPRZ_MODE 0 0 0 0 0 17
72.507 1 DESIRED 0. 0. 0. 0. 0. 235. 0. 12.
72.601 1 PPRZ_MODE 0 0 0 0 0 17
72.604 1 IMU_ACCEL 0.330078 -9.857422 0.334961
72.636 1 NAVIGATION 0 2 16621114. -5529002. 0. 3.06831289221e+14 0 0
72.711 1 DESIRED 0. 0. 0. 0. 0. 235. 0. 12.
72.714 1 IMU_GYRO -0.049805 0.008301 -0.011475
72.796 1 PPRZ_MODE 0 0 0 0 0 17
72.885 1 NAVIGATION 0 2 16621114. -5529002. 0. 3.06831289221e+14 0 0
72.907 1 DESIRED 0. 0. 0. 0. 0. 235. 0. 12.
72.936 1 DOWNLINK_STATUS 0 73 16228 741 2 507. 22. -44956.76
72.983 1 COMMANDS 530,532,2408,532,546,0
73.001 1 PPRZ_MODE 0 0 0 0 0 17
73.004 1 IMU_MAG -0.093262 0.222168 0.378906
73.082 1 ACTUATORS 1349,1710,1551,1510,1385
73.107 1 DESIRED 0. 0. 0. 0. 0. 235. 0. 12.
73.136 1 NAVIGATION 0 2 16621114. -5529002. 0. 3.06831289221e+14 0 0
73.211 1 PPRZ_MODE 0 0 0 0 0 17
73.216 1 GPS 0 1717368064 0 0 -17000 0 0 0 5250 14 5
73.219 1 SVINFO 5 10 16 1 0 -91 0
73.223 1 BAT 530 66 0 0 1 5 0 0
73.314 1 DESIRED 0. 0. 0. 0. 0. 235. 0. 12.
73.317 1 ATTITUDE 0. 0. 0.
73.319 1 ESTIMATOR -17. 0.
73.386 1 NAVIGATION 0 2 16621114. -5529002. 0. 3.06831289221e+14 0 0
73.400 1 PPRZ_MODE 0 0 0 0 0 17
73.403 1 GPS_SOL 649519680 100000 9999 0
73.507 1 DESIRED 0. 0. 0. 0. 0. 235. 0. 12.
73.601 1 PPRZ_MODE 0 0 0 0 0 17
73.604 1 IMU_ACCEL 0.330078 -9.829102 0.344727
73.636 1 NAVIGATION 0 2 16621114. -5529002. 0. 3.06831289221e+14 0 0
73.715 1 DESIRED 0. 0. 0. 0. 0. 235. 0. 12.
73.718 1 IMU_GYRO -0.049805 0.008301 -0.012695
73.720 1 DL_VALUE 3 0.
73.722 1 CALIBRATION 0. 0
73.797 1 PPRZ_MODE 0 0 0 0 0 17
73.887 1 FBW_STATUS 0 49 0 66 0
73.891 1 NAVIGATION 0 2 16621114. -5529002. 0. 3.06831289221e+14 0 0
73.908 1 DESIRED 0. 0. 0. 0. 0. 235. 0. 12.
73.936 1 DOWNLINK_STATUS 0 74 16826 769 2 598. 28. -44956.76
73.997 1 PPRZ_MODE 0 0 0 0 0 17
74.109 1 DESIRED 0. 0.02 0. 0. 0. 235. 0. 12.
74.110 1 STATE_FILTER_STATUS 3 0
74.136 1 NAVIGATION 0 2 16621114. -5529002. 0. 3.06831289221e+14 0 0
74.207 1 PPRZ_MODE 0 0 0 0 0 17
74.212 1 GPS 0 1717368064 0 0 -17000 0 0 0 6250 14 6
74.215 1 SVINFO 0 1 16 1 0 -91 0
74.319 1 DESIRED 0. 0.02 0. 0. 0. 235. 0. 12.
74.323 1 ATTITUDE 0.053704 -1.479518 -0.017702
74.326 1 BAT 530 66 0 0 1 6 0 0
74.329 1 IMU_MAG -0.084961 0.225586 0.386719
74.386 1 NAVIGATION 0 2 16621114. -5529002. 0. 3.06831289221e+14 0 0
74.400 1 PPRZ_MODE 0 0 0 0 0 17
74.507 1 DESIRED 0. 0.02 0. 0. 0. 235. 0. 12.
74.600 1 PPRZ_MODE 0 0 0 0 0 17
74.603 1 IMU_ACCEL 0.397461 -9.837891 0.296875
74.635 1 NAVIGATION 0 2 16621114. -5529002. 0. 3.06831289221e+14 0 0
74.711 1 DESIRED 0. 0.02 0. 0. 0. 235. 0. 12.
74.714 1 IMU_GYRO -0.051025 0.008301 -0.010498
74.801 1 PPRZ_MODE 0 0 0 0 0 17
74.805 1 ENERGY 6.6 0. 0 0.
74.886 1 NAVIGATION 0 2 16621114. -5529002. 0. 3.06831289221e+14 0 0
74.912 1 DESIRED 0. 0.02 0. 0. 0. 235. 0. 12.
74.916 1 ALIVE 165,169,48,99,239,211,149,204,154,107,4,41,67,188,1,67
74.937 1 DOWNLINK_STATUS 0 75 17372 793 2 546. 24. -44956.76
74.996 1 PPRZ_MODE 0 0 0 0 0 17
75.107 1 DESIRED 0. 0.02 0. 0. 0. 235. 0. 12.
75.135 1 NAVIGATION 0 2 16621114. -5529002. 0. 3.06831289221e+14 0 0
75.212 1 PPRZ_MODE 0 0 0 0 0 17
75.217 1 GPS 0 1717368064 0 0 -17000 0 0 0 7250 14 1
75.220 1 SVINFO 1 2 16 1 0 -91 0
75.222 1 DL_VALUE 4 0.
75.224 1 DOWNLINK 0 563 186
75.314 1 DESIRED 0. 0.02 0. 0. 0. 235. 0. 12.
75.317 1 ATTITUDE 0.053882 -1.479657 -0.017939
75.320 1 ESTIMATOR -17. 0.
75.386 1 NAVIGATION 0 2 16621114. -5529002. 0. 3.06831289221e+14 0 0
75.416 1 PPRZ_MODE 0 0 0 0 0 17
75.420 1 BAT 530 66 0 0 1 7 0 0
75.423 1 GPS_SOL 649520192 100000 9999 0
75.431 1 PONG 
75.507 1 DESIRED 0. 0.02 0. 0. 0. 235. 0. 12.
75.605 1 PPRZ_MODE 0 0 0 0 0 17
75.608 1 IMU_ACCEL 0.373047 -9.829102 0.320312
75.611 1 IMU_MAG -0.093262 0.224121 0.375
75.636 1 NAVIGATION 0 2 16621114. -5529002. 0. 3.06831289221e+14 0 0
75.711 1 DESIRED 0. 0.02 0. 0. 0. 235. 0. 12.
75.714 1 IMU_GYRO -0.051025 0.007324 -0.010498
75.800 1 PPRZ_MODE 0 0 0 0 0 17
75.801 1 CALIBRATION 0. 0
75.886 1 FBW_STATUS 0 50 0 66 0
75.892 1 NAVIGATION 0 2 16621114. -5529002. 0. 3.06831289221e+14 0 0
75.908 1 DESIRED 0. 0.02 0. 0. 0. 235. 0. 12.
75.938 1 DOWNLINK_STATUS 0 76 17951 821 2 579. 28. 57.43
75.957 1 WIND_INFO 1 42 0. 0. 0.
75.997 1 PPRZ_MODE 0 0 0 0 0 17
76.107 1 DESIRED 0. 0.02 0. 0. 0. 235. 0. 12.
76.135 1 NAVIGATION 0 2 16621114. -5529002. 0. 3.06831289221e+14 0 0
76.207 1 PPRZ_MODE 0 0 0 0 0 17
76.213 1 GPS 0 1717368064 0 0 -17000 0 0 0 8250 14 2
76.215 1 SVINFO 2 4 16 3 12 -91 0
76.313 1 DESIRED 0. 0.02 0. 0. 0. 235. 0. 12.
76.315 1 ATTITUDE 0.054101 -1.478796 -0.018069
76.317 1 STATE_FILTER_STATUS 3 0
76.386 1 NAVIGATION 0 2 16621114. -5529002. 0. 3.06831289221e+14 0 0
76.399 1 PPRZ_MODE 0 0 0 0 0 17
76.511 1 DESIRED 0. 0.02 0. 0. 0. 235. 0. 12.
76.515 1 BAT 530 66 0 0 1 8 0 0
76.601 1 PPRZ_MODE 0 0 0 0 0 17
76.604 1 IMU_ACCEL 0.310547 -9.862305 0.382812
76.636 1 NAVIGATION 0 2 16621114. -5529002. 0. 3.06831289221e+14 0 0
76.714 1 DESIRED 0. 0.02 0. 0. 0. 235. 0. 12.
76.717 1 IMU_GYRO -0.051025 0.008301 -0.011475
76.718 1 DL_VALUE 5 0.
76.796 1 PPRZ_MODE 0 0 0 0 0 17
76.885 1 NAVIGATION 0 2 16621114. -5529002. 0. 3.06831289221e+14 0 0
76.911 1 DESIRED 0. 0.02 0. 0. 0. 235. 0. 12.
76.914 1 IMU_MAG -0.093262 0.217285 0.40625
76.939 1 DOWNLINK_STATUS 0 77 18465 844 2 514. 23. 57.43
76.997 1 PPRZ_MODE 0 0 0 0 0 17
77.107 1 DESIRED 0. 0.02 0. 0. 0. 235. 0. 12.
77.136 1 NAVIGATION 0 2 16621114. -5529002. 0. 3.06831289221e+14 0 0
77.206 1 PPRZ_MODE 0 0 0 0 0 17
77.213 1 GPS 0 1717368064 0 0 -17000 0 0 0 9250 14 3
77.215 1 SVINFO 3 15 16 1 0 -91 0
77.318 1 DESIRED 0. 0.02 0. 0. 0. 235. 0. 12.
77.321 1 ATTITUDE 0.054097 -1.478437 -0.018167
77.323 1 ESTIMATOR -17. 0.
77.330 1 ENERGY 6.6 0. 0 0.
77.385 1 NAVIGATION 0 2 16621114. -5529002. 0. 3.06831289221e+14 0 0
77.400 1 PPRZ_MODE 0 0 0 0 0 17
77.403 1 GPS_SOL 649520960 100000 9999 0
77.507 1 DESIRED 0. 0.02 0. 0. 0. 235. 0. 12.
77.605 1 PPRZ_MODE 0 0 0 0 0 17
77.608 1 IMU_ACCEL 0.339844 -9.842773 0.339844
77.612 1 BAT 530 66 0 0 1 9 0 0
77.636 1 NAVIGATION 0 2 16621114. -5529002. 0. 3.06831289221e+14 0 0
77.711 1 DESIRED 0. 0.02 0. 0. 0. 235. 0. 12.
77.714 1 IMU_GYRO -0.049805 0.007324 -0.011475
77.796 1 PPRZ_MODE 0 0 0 0 0 17
77.886 1 FBW_STATUS 0 46 0 66 0
77.891 1 NAVIGATION 0 2 16621114. -5529002. 0. 3.06831289221e+14 0 0
77.909 1 DESIRED 0. 0.02 0. 0. 0. 235. 0. 12.
77.911 1 CALIBRATION 0. 0
77.939 1 DOWNLINK_STATUS 0 78 19018 869 2 553. 25. 57.43
77.983 1 COMMANDS 530,504,2408,504,546,0
77.998 1 PPRZ_MODE 0 0 0 0 0 17
78.082 1 ACTUATORS 1349,1710,1551,1510,1385
78.107 1 DESIRED 0. 0.02 0. 0. 0. 235. 0. 12.
78.136 1 NAVIGATION 0 2 16621114. -5529002. 0. 3.06831289221e+14 0 0
78.213 1 PPRZ_MODE 0 0 0 0 0 17
78.218 1 GPS 0 1717368064 0 0 -17000 0 0 0 10250 14 4
78.221 1 SVINFO 4 17 16 1 0 -91 0
78.224 1 IMU_MAG -0.088379 0.217285 0.402344
78.226 1 DL_VALUE 6 80.
78.310 1 DESIRED 0. 0.02 0. 0. 0. 235. 0. 12.
78.314 1 ATTITUDE 0.054095 -1.47861 -0.018398
78.385 1 NAVIGATION 0 2 16621114. -5529002. 0. 3.06831289221e+14 0 0
78.399 1 PPRZ_MODE 0 0 0 0 0 17
78.509 1 DESIRED 0. 0.02 0. 0. 0. 235. 0. 12.
78.510 1 STATE_FILTER_STATUS 3 0
78.601 1 PPRZ_MODE 0 0 0 0 0 17
78.603 1 IMU_ACCEL 0.334961 -9.829102 0.31543
78.635 1 NAVIGATION 0 2 16621114. -5529002. 0. 3.06831289221e+14 0 0
78.715 1 DESIRED 0. 0.02 0. 0. 0. 235. 0. 12.
78.718 1 IMU_GYRO -0.049805 0.009521 -0.011475
78.722 1 BAT 530 66 0 0 1 10 0 0
78.797 1 PPRZ_MODE 0 0 0 0 0 17
78.885 1 NAVIGATION 0 2 16621114. -5529002. 0. 3.06831289221e+14 0 0
78.907 1 DESIRED 0. 0.02 0. 0. 0. 235. 0. 12.
78.940 1 DOWNLINK_STATUS 0 79 19568 894 2 550. 25. 57.43
78.996 1 PPRZ_MODE 0 0 0 0 0 17
79.106 1 DESIRED 0. 0.02 0. 0. 0. 235. 0. 12.
79.135 1 NAVIGATION 0 2 16621114. -5529002. 0. 3.06831289221e+14 0 0
79.210 1 PPRZ_MODE 0 0 0 0 0 17
79.216 1 GPS 0 1717368064 0 0 -17000 0 0 0 11250 14 5
79.218 1 SVINFO 5 18 16 1 0 -91 0
79.221 1 NAVIGATION_REF 552566 5529002 14
79.314 1 DESIRED 0. 0.02 0. 0. 0. 235. 0. 12.
79.317 1 ATTITUDE 0.054318 -1.478061 -0.018476
79.319 1 ESTIMATOR -17. 0.
79.386 1 NAVIGATION 0 2 16621114. -5529002. 0. 3.06831289221e+14 0 0
79.401 1 PPRZ_MODE 0 0 0 0 0 17
79.404 1 GPS_SOL 649521920 100000 9999 0
79.511 1 DESIRED 0. 0.02 0. 0. 0. 235. 0. 12.
79.513 1 IMU_MAG -0.088379 0.222168 0.371094
79.600 1 PPRZ_MODE 0 0 0 0 0 17
79.603 1 IMU_ACCEL 0.349609 -9.842773 0.358398
79.635 1 NAVIGATION 0 2 16621114. -5529002. 0. 3.06831289221e+14 0 0
79.713 1 DESIRED 0. 0.02 0. 0. 0. 235. 0. 12.
79.716 1 IMU_GYRO -0.049805 0.008301 -0.012695
79.718 1 DL_VALUE 7 0.
79.806 1 PPRZ_MODE 0 0 0 0 0 17
79.809 1 BAT 530 66 0 0 1 11 0 0
79.813 1 ENERGY 6.6 0. 0 0.
79.889 1 NAVIGATION 0 2 16621114. -5529002. 0. 3.06831289221e+14 0 0
79.890 1 FBW_STATUS 0 46 0 66 0
79.912 1 DESIRED 0. 0.02 0. 0. 0. 235. 0. 12.
79.916 1 ALIVE 165,169,48,99,239,211,149,204,154,107,4,41,67,188,1,67
79.941 1 DOWNLINK_STATUS 0 80 20177 922 2 609. 28. 57.43
79.999 1 PPRZ_MODE 0 0 0 0 0 17
80.001 1 CALIBRATION 0. 0
80.106 1 DESIRED 0. 0.02 0. 0. 0. 235. 0. 12.
80.135 1 NAVIGATION 0 2 16621114. -5529002. 0. 3.06831289221e+14 0 0
80.207 1 PPRZ_MODE 0 0 0 0 0 17
80.213 1 GPS 0 1717368064 0 0 -17000 0 0 0 12250 14 6
80.215 1 SVINFO 6 20 16 1 0 -91 0
80.319 1 DESIRED 0. 0.02 0. 0. 0. 235. 0. 12.
80.322 1 ATTITUDE 0.054387 -1.476767 -0.018688
80.323 1 DOWNLINK 0 560 317
80.328 1 NAVIGATION 0 2 16621114. -5529002. 0. 3.06831289221e+14 0 0
80.386 1 NAVIGATION 0 2 16621114. -5529002. 0. 3.06831289221e+14 0 0
80.430 1 PPRZ_MODE 0 0 0 0 0 17
80.464 1 PONG 
80.506 1 DESIRED 0. 0.02 0. 0. 0. 235. 0. 12.
80.600 1 PPRZ_MODE 0 0 0 0 0 17
80.604 1 IMU_ACCEL 0.344727 -9.847656 0.320312
80.635 1 NAVIGATION 0 2 16621114. -5529002. 0. 3.06831289221e+14 0 0
80.713 1 DESIRED 0. 0.02 0. 0. 0. 235. 0. 12.
80.716 1 IMU_GYRO -0.049805 0.007324 -0.011475
80.717 1 STATE_FILTER_STATUS 3 0
80.800 1 PPRZ_MODE 0 0 0 0 0 17
80.804 1 IMU_MAG -0.088379 0.224121 0.404297
80.886 1 NAVIGATION 0 2 16621114. -5529002. 0. 3.06831289221e+14 0 0
80.911 1 DESIRED 0. 0.02 0. 0. 0. 235. 0. 12.
80.914 1 BAT 530 66 0 0 1 13 0 0
80.942 1 DOWNLINK_STATUS 0 81 20734 948 2 557. 26. 89.34
80.996 1 PPRZ_MODE 0 0 0 0 0 17
81.107 1 DESIRED 0. 0.02 0. 0. 0. 235. 0. 12.
81.135 1 NAVIGATION 0 2 16621114. -5529002. 0. 3.06831289221e+14 0 0
81.209 1 PPRZ_MODE 0 0 0 0 0 17
81.215 1 GPS 0 1717368064 0 0 -17000 0 0 0 13250 14 7
81.217 1 SVINFO 7 21 16 1 0 -91 0
81.219 1 DL_VALUE 8 0.
81.314 1 DESIRED 0. 0.02 0. 0. 0. 235. 0. 12.
81.316 1 ATTITUDE 0.054541 -1.475833 -0.018837
81.319 1 ESTIMATOR -17. 0.
81.385 1 NAVIGATION 0 2 16621114. -5529002. 0. 3.06831289221e+14 0 0
81.400 1 PPRZ_MODE 0 0 0 0 0 17
81.403 1 GPS_SOL 649523072 100000 9999 0
81.507 1 DESIRED 0. 0.02 0. 0. 0. 235. 0. 12.
81.601 1 PPRZ_MODE 0 0 0 0 0 17
81.604 1 IMU_ACCEL 0.363281 -9.881836 0.349609
81.635 1 NAVIGATION 0 2 16621114. -5529002. 0. 3.06831289221e+14 0 0
81.711 1 DESIRED 0. 0.02 0. 0. 0. 235. 0. 12.
81.713 1 IMU_GYRO -0.049805 0.007324 -0.009521
81.796 1 PPRZ_MODE 0 0 0 0 0 17
81.888 1 NAVIGATION 0 2 16621114. -5529002. 0. 3.06831289221e+14 0 0
81.891 1 FBW_STATUS 0 49 0 66 0
81.908 1 DESIRED 0. 0.02 0. 0. 0. 235. 0. 12.
81.942 1 DOWNLINK_STATUS 0 82 21246 971 2 512. 23. 89.34
82.001 1 PPRZ_MODE 0 0 0 0 0 17
82.005 1 BAT 530 66 0 0 1 14 0 0
82.113 1 DESIRED 0. 0.02 0. 0. 0. 235. 0. 12.
82.115 1 IMU_MAG -0.091797 0.222168 0.422363
82.117 1 CALIBRATION 0. 0
82.136 1 NAVIGATION 0 2 16621114. -5529002. 0. 3.06831289221e+14 0 0
82.206 1 PPRZ_MODE 0 0 0 0 0 17
82.212 1 GPS 0 1717368064 0 0 -17000 0 0 0 14250 14 8
82.214 1 SVINFO 8 22 16 1 0 -91 0
82.314 1 DESIRED 0. 0.02 0. 0. 0. 235. 0. 12.
82.317 1 ATTITUDE 0.054507 -1.475377 -0.019177
82.321 1 ENERGY 6.6 0. 0 0.
82.385 1 NAVIGATION 0 2 16621114. -5529002. 0. 3.06831289221e+14 0 0
82.399 1 PPRZ_MODE 0 0 0 0 0 17
82.507 1 DESIRED 0. 0.02 0. 0. 0. 235. 0. 12.
82.600 1 PPRZ_MODE 0 0 0 0 0 17
82.603 1 IMU_ACCEL 0.330078 -9.837891 0.387695
82.635 1 NAVIGATION 0 2 16621114. -5529002. 0. 3.06831289221e+14 0 0
82.713 1 DESIRED 0. 0.02 0. 0. 0. 235. 0. 12.
82.715 1 IMU_GYRO -0.051025 0.006348 -0.009521
82.717 1 DL_VALUE 9 1.
82.796 1 PPRZ_MODE 0 0 0 0 0 17
82.885 1 NAVIGATION 0 2 16621114. -5529002. 0. 3.06831289221e+14 0 0
82.908 1 DESIRED 0. 0.02 0. 0. 0. 235. 0. 12.
82.910 1 STATE_FILTER_STATUS 3 0
82.943 1 DOWNLINK_STATUS 0 83 21791 996 2 545. 25. 89.34
82.983 1 COMMANDS 530,532,2408,532,546,0
82.998 1 PPRZ_MODE 0 0 0 0 0 17
83.081 1 ACTUATORS 1349,1710,1551,1510,1385
83.112 1 DESIRED 0. 0.02 0. 0. 0. 235. 0. 12.
83.114 1 BAT 530 66 0 0 1 15 0 0
83.135 1 NAVIGATION 0 2 16621114. -5529002. 0. 3.06831289221e+14 0 0
83.206 1 PPRZ_MODE 0 0 0 0 0 17
83.212 1 GPS 0 1717368064 0 0 -17000 0 0 0 15250 14 9
83.214 1 SVINFO 9 24 16 1 0 -91 0
83.313 1 DESIRED 0. 0.02 0. 0. 0. 235. 0. 12.
83.316 1 ATTITUDE 0.054612 -1.474888 -0.019328
83.319 1 ESTIMATOR -17. 0.
83.385 1 NAVIGATION 0 2 16621114. -5529002. 0. 3.06831289221e+14 0 0
83.404 1 PPRZ_MODE 0 0 0 0 0 17
83.407 1 IMU_MAG -0.07959 0.230957 0.380859
83.410 1 GPS_SOL 649524288 100000 9999 0
83.507 1 DESIRED 0. 0.02 0. 0. 0. 235. 0. 12.
83.600 1 PPRZ_MODE 0 0 0 0 0 17
83.603 1 IMU_ACCEL 0.272461 -9.842773 0.363281
83.635 1 NAVIGATION 0 2 16621114. -5529002. 0. 3.06831289221e+14 0 0
83.710 1 DESIRED 0. 0.02 0. 0. 0. 235. 0. 12.
83.713 1 IMU_GYRO -0.049805 0.011475 -0.013672
83.796 1 PPRZ_MODE 0 0 0 0 0 17
83.887 1 FBW_STATUS 0 49 0 66 0
83.891 1 NAVIGATION 0 2 16621114. -5529002. 0. 3.06831289221e+14 0 0
83.908 1 DESIRED 0. 0.02 0. 0. 0. 235. 0. 12.
83.944 1 DOWNLINK_STATUS 0 84 22367 1022 2 576. 26. 89.34
83.996 1 PPRZ_MODE 0 0 0 0 0 17
84.106 1 DESIRED 0. 0.02 0. 0. 0. 235. 0. 12.
84.135 1 NAVIGATION 0 2 16621114. -5529002. 0. 3.06831289221e+14 0 0
84.216 1 PPRZ_MODE 0 0 0 0 0 17
84.221 1 GPS 0 1717368064 0 0 -17000 0 0 0 16250 14 10
84.224 1 SVINFO 10 26 16 1 0 -91 0
84.228 1 BAT 530 66 0 0 1 16 0 0
84.229 1 DL_VALUE 10 0.
84.231 1 CALIBRATION 0. 0
84.310 1 DESIRED 0. 0.02 0. 0. 0. 235. 0. 12.
84.314 1 ATTITUDE 0.05446 -1.474109 -0.019207
84.385 1 NAVIGATION 0 2 16621114. -5529002. 0. 3.06831289221e+14 0 0
84.398 1 PPRZ_MODE 0 0 0 0 0 17
84.506 1 DESIRED 0. 0.02 0. 0. 0. 235. 0. 12.
84.600 1 PPRZ_MODE 0 0 0 0 0 17
84.603 1 IMU_ACCEL 0.301758 -9.833008 0.373047
84.635 1 NAVIGATION 0 2 16621114. -5529002. 0. 3.06831289221e+14 0 0
84.714 1 DESIRED 0. 0.02 0. 0. 0. 235. 0. 12.
84.717 1 IMU_GYRO -0.049805 0.006348 -0.010498
84.720 1 IMU_MAG -0.086426 0.222168 0.371094
84.800 1 PPRZ_MODE 0 0 0 0 0 17
84.804 1 ENERGY 6.6 0. 0 0.
84.885 1 NAVIGATION 0 2 16621114. -5529002. 0. 3.06831289221e+14 0 0
84.911 1 DESIRED 0. 0.02 0. 0. 0. 235. 0. 12.
84.915 1 ALIVE 165,169,48,99,239,211,149,204,154,107,4,41,67,188,1,67
84.945 1 DOWNLINK_STATUS 0 85 22926 1047 2 559. 25. 89.34
84.996 1 PPRZ_MODE 0 0 0 0 0 17
85.108 1 DESIRED 0. 0.02 0. 0. 0. 235. 0. 12.
85.110 1 STATE_FILTER_STATUS 3 0
85.138 1 NAVIGATION 0 2 16621114. -5529002. 0. 3.06831289221e+14 0 0
85.207 1 PPRZ_MODE 0 0 0 0 0 17
85.212 1 GPS 0 1717368064 0 0 -17000 0 0 0 17250 14 11
85.215 1 SVINFO 11 27 16 1 0 -91 0
85.317 1 DESIRED 0. 0.02 0. 0. 0. 235. 0. 12.
85.320 1 ATTITUDE 0.054641 -1.474319 -0.019468
85.324 1 BAT 530 66 0 0 1 17 0 0
85.327 1 ESTIMATOR -17. 0.
85.385 1 NAVIGATION 0 2 16621114. -5529002. 0. 3.06831289221e+14 0 0
85.438 1 PPRZ_MODE 0 0 0 0 0 17
85.441 1 GPS_SOL 649525824 100000 9999 0
85.443 1 DOWNLINK 0 556 447
85.472 1 PONG 
85.506 1 DESIRED 0. 0.02 0. 0. 0. 235. 0. 12.
85.600 1 PPRZ_MODE 0 0 0 0 0 17
85.604 1 IMU_ACCEL 0.25293 -9.948242 0.349609
85.635 1 NAVIGATION 0 2 16621114. -5529002. 0. 3.06831289221e+14 0 0
85.713 1 DESIRED 0. 0.02 0. 0. 0. 235. 0. 12.
85.715 1 IMU_GYRO -0.052002 0.009521 -0.012695
85.717 1 DL_VALUE 0 0.
85.796 1 PPRZ_MODE 0 0 0 0 0 17
85.886 1 FBW_STATUS 0 50 0 66 0
85.890 1 NAVIGATION 0 2 16621114. -5529002. 0. 3.06831289221e+14 0 0
85.907 1 DESIRED 0. 0.02 0. 0. 0. 235. 0. 12.
85.946 1 DOWNLINK_STATUS 0 86 23485 1074 2 559. 27. 96.34
85.957 1 WIND_INFO 1 42 0. 0. 0.
86.000 1 PPRZ_MODE 0 0 0 0 0 17
86.003 1 IMU_MAG -0.091797 0.222168 0.418457
86.107 1 DESIRED 0. 0.02 0. 0. 0. 235. 0. 12.
86.135 1 NAVIGATION 0 2 16621114. -5529002. 0. 3.06831289221e+14 0 0
86.206 1 PPRZ_MODE 0 0 0 0 0 17
86.211 1 GPS 0 1717368064 0 0 -17000 0 0 0 18250 14 12
86.214 1 SVINFO 12 28 16 1 0 -91 0
86.312 1 DESIRED 0. 0.02 0. 0. 0. 235. 0. 12.
86.315 1 ATTITUDE 0.054864 -1.473761 -0.019602
86.317 1 CALIBRATION 0. 0
86.385 1 NAVIGATION 0 2 16621114. -5529002. 0. 3.06831289221e+14 0 0
86.401 1 PPRZ_MODE 0 0 0 0 0 17
86.404 1 BAT 530 66 0 0 1 18 0 0
86.507 1 DESIRED 0. 0.02 0. 0. 0. 235. 0. 12.
86.599 1 PPRZ_MODE 0 0 0 0 0 17
86.603 1 IMU_ACCEL 0.344727 -9.837891 0.339844
86.635 1 NAVIGATION 0 2 16621114. -5529002. 0. 3.06831289221e+14 0 0
86.710 1 DESIRED 0. 0.02 0. 0. 0. 235. 0. 12.
86.713 1 IMU_GYRO -0.049805 0.007324 -0.009521
86.796 1 PPRZ_MODE 0 0 0 0 0 17
86.885 1 NAVIGATION 0 2 16621114. -5529002. 0. 3.06831289221e+14 0 0
86.906 1 DESIRED 0. 0.02 0. 0. 0. 235. 0. 12.
86.946 1 DOWNLINK_STATUS 0 87 23990 1096 2 505. 22. 96.34
86.997 1 PPRZ_MODE 0 0 0 0 0 17
87.107 1 DESIRED 0. 0.02 0. 0. 0. 235. 0. 12.
87.134 1 NAVIGATION 0 2 16621114. -5529002. 0. 3.06831289221e+14 0 0
87.208 1 PPRZ_MODE 0 0 0 0 0 17
87.214 1 GPS 0 1717368064 0 0 -17000 0 0 0 19250 14 13
87.216 1 SVINFO 13 30 16 1 0 -91 0
87.218 1 DL_VALUE 1 0.
87.323 1 DESIRED 0. 0.02 0. 0. 0. 235. 0. 12.
87.326 1 ATTITUDE 0.054864 -1.47355 -0.01973
87.329 1 IMU_MAG -0.091797 0.219238 0.382812
87.332 1 ESTIMATOR -17. 0.
87.333 1 STATE_FILTER_STATUS 3 0
87.337 1 ENERGY 6.6 0. 0 0.
87.385 1 NAVIGATION 0 2 16621114. -5529002. 0. 3.06831289221e+14 0 0
87.400 1 PPRZ_MODE 0 0 0 0 0 17
87.403 1 GPS_SOL 649527488 100000 9999 0
87.511 1 DESIRED 0. 0.02 0. 0. 0. 235. 0. 12.
87.514 1 BAT 530 66 0 0 1 19 0 0
87.600 1 PPRZ_MODE 0 0 0 0 0 17
87.603 1 IMU_ACCEL 0.430664 -9.847656 0.244141
87.634 1 NAVIGATION 0 2 16621114. -5529002. 0. 3.06831289221e+14 0 0
87.710 1 DESIRED 0. 0.02 0. 0. 0. 235. 0. 12.
87.713 1 IMU_GYRO -0.052002 0.009521 -0.007324
87.796 1 PPRZ_MODE 0 0 0 0 0 17
87.886 1 FBW_STATUS 0 48 0 66 0
87.891 1 NAVIGATION 0 2 16621114. -5529002. 0. 3.06831289221e+14 0 0
87.908 1 DESIRED 0. 0.02 0. 0. 0. 235. 0. 12.
87.947 1 DOWNLINK_STATUS 0 88 24570 1123 2 580. 27. 96.34
87.981 1 COMMANDS 530,532,2408,532,546,0
87.997 1 PPRZ_MODE 0 0 0 0 0 17
88.081 1 ACTUATORS 1350,1710,1551,1510,1385
88.106 1 DESIRED 0. 0.02 0. 0. 0. 235. 0. 12.
88.135 1 NAVIGATION 0 2 16621114. -5529002. 0. 3.06831289221e+14 0 0
88.209 1 PPRZ_MODE 0 0 0 0 0 17
88.215 1 GPS 0 1717368064 0 0 -17000 0 0 0 20250 14 14
88.217 1 SVINFO 14 31 16 1 0 -91 0
88.220 1 NAVIGATION_REF 552566 5529002 14
88.310 1 DESIRED 0. 0.02 0. 0. 0. 235. 0. 12.
88.312 1 ATTITUDE 0.05501 -1.473458 -0.01995
88.385 1 NAVIGATION 0 2 16621114. -5529002. 0. 3.06831289221e+14 0 0
88.399 1 PPRZ_MODE 0 0 0 0 0 17
88.401 1 CALIBRATION 0. 0
88.506 1 DESIRED 0. 0.02 0. 0. 0. 235. 0. 12.
88.608 1 PPRZ_MODE 0 0 0 0 0 17
88.611 1 IMU_ACCEL 0.382812 -9.852539 0.330078
88.615 1 BAT 530 66 0 0 1 20 0 0
88.618 1 IMU_MAG -0.095215 0.220703 0.396484
88.635 1 NAVIGATION 0 2 16621114. -5529002. 0. 3.06831289221e+14 0 0
88.712 1 DESIRED 0. 0.02 0. 0. 0. 235. 0. 12.
88.716 1 IMU_GYRO -0.051025 0.009521 -0.010498
88.718 1 DL_VALUE 2 235.
88.796 1 PPRZ_MODE 0 0 0 0 0 17
88.885 1 NAVIGATION 0 2 16621114. -5529002. 0. 3.06831289221e+14 0 0
88.907 1 DESIRED 0. 0.02 0. 0. 0. 235. 0. 12.
88.948 1 DOWNLINK_STATUS 0 89 25137 1149 2 567. 26. 96.34
88.996 1 PPRZ_MODE 0 0 0 0 0 17
89.106 1 DESIRED 0. 0.02 0. 0. 0. 235. 0. 12.
89.135 1 NAVIGATION 0 2 16621114. -5529002. 0. 3.06831289221e+14 0 0
89.206 1 PPRZ_MODE 0 0 0 0 0 17
89.212 1 GPS 0 1717368064 0 0 -17000 0 0 0 21250 14 15
89.215 1 SVINFO 15 32 16 1 0 -91 0
89.314 1 DESIRED 0. 0.02 0. 0. 0. 235. 0. 12.
89.316 1 ATTITUDE 0.055151 -1.47325 -0.019907
89.318 1 ESTIMATOR -17. 0.
89.384 1 NAVIGATION 0 2 16621114. -5529002. 0. 3.06831289221e+14 0 0
89.400 1 PPRZ_MODE 0 0 0 0 0 17
89.403 1 GPS_SOL 649529344 100000 9999 0
89.508 1 DESIRED 0. 0.02 0. 0. 0. 235. 0. 12.
89.510 1 STATE_FILTER_STATUS 3 0
89.600 1 PPRZ_MODE 0 0 0 0 0 17
89.603 1 IMU_ACCEL 0.358398 -9.852539 0.282227
89.635 1 NAVIGATION 0 2 16621114. -5529002. 0. 3.06831289221e+14 0 0
89.715 1 DESIRED 0. 0.02 0. 0. 0. 235. 0. 12.
89.717 1 IMU_GYRO -0.048828 0.008301 -0.010498
89.721 1 BAT 530 66 0 0 1 21 0 0
89.800 1 PPRZ_MODE 0 0 0 0 0 17
89.803 1 ENERGY 6.6 0. 0 0.
89.886 1 FBW_STATUS 0 53 0 66 0
89.890 1 NAVIGATION 0 2 16621114. -5529002. 0. 3.06831289221e+14 0 0
89.915 1 DESIRED 0. 0.02 0. 0. 0. 235. 0. 12.
89.918 1 IMU_MAG -0.089844 0.219238 0.384766
89.922 1 ALIVE 165,169,48,99,239,211,149,204,154,107,4,41,67,188,1,67
89.948 1 DOWNLINK_STATUS 0 90 25729 1176 2 592. 27. 96.34
89.996 1 PPRZ_MODE 0 0 0 0 0 17
90.107 1 DESIRED 0. 0.02 0. 0. 0. 235. 0. 12.
90.135 1 NAVIGATION 0 2 16621114. -5529002. 0. 3.06831289221e+14 0 0
90.208 1 PPRZ_MODE 0 0 0 0 0 17
90.214 1 GPS 0 1717368064 0 0 -17000 0 0 0 22250 14 16
90.216 1 SVINFO 0 4 16 1 0 -91 0
90.218 1 DL_VALUE 3 0.
90.315 1 DESIRED 0. 0.02 0. 0. 0. 235. 0. 12.
90.319 1 ATTITUDE 0.055193 -1.472898 -0.019962
90.323 1 NAVIGATION 0 2 16621114. -5529002. 0. 3.06831289221e+14 0 0
90.385 1 NAVIGATION 0 2 16621114. -5529002. 0. 3.06831289221e+14 0 0
90.441 1 PPRZ_MODE 0 0 0 0 0 17
90.444 1 WP_MOVED 2 552424.625 5528826.5 260. 14
90.496 1 PONG 
90.520 1 DESIRED 0. 0.02 0. 0. 0. 235. 0. 12.
90.522 1 CALIBRATION 0. 0
90.523 1 DOWNLINK 0 559 578
90.599 1 PPRZ_MODE 0 0 0 0 0 17
90.602 1 IMU_ACCEL 0.291992 -9.814453 0.397461
90.634 1 NAVIGATION 0 2 16621114. -5529002. 0. 3.06831289221e+14 0 0
90.710 1 DESIRED 0. 0.02 0. 0. 0. 235. 0. 12.
90.713 1 IMU_GYRO -0.048828 0.007324 -0.011475
90.800 1 PPRZ_MODE 0 0 0 0 0 17
90.804 1 BAT 530 66 0 0 1 22 0 0
90.885 1 NAVIGATION 0 2 16621114. -5529002. 0. 3.06831289221e+14 0 0
90.906 1 DESIRED 0. 0.02 0. 0. 0. 235. 0. 12.
90.948 1 DOWNLINK_STATUS 0 91 26290 1202 2 561. 26. 119.26
90.996 1 PPRZ_MODE 0 0 0 0 0 17
91.107 1 DESIRED 0. 0.02 0. 0. 0. 235. 0. 12.
91.135 1 NAVIGATION 0 2 16621114. -5529002. 0. 3.06831289221e+14 0 0
91.210 1 PPRZ_MODE 0 0 0 0 0 17
91.215 1 GPS 0 1717368064 0 0 -17000 0 0 0 23250 14 1
91.218 1 SVINFO 1 5 16 1 0 -91 0
91.221 1 IMU_MAG -0.062012 0.229004 0.357422
91.313 1 DESIRED 0. 0.02 0. 0. 0. 235. 0. 12.
91.316 1 ATTITUDE 0.055185 -1.47201 -0.01982
91.318 1 ESTIMATOR -17. 0.
91.385 1 NAVIGATION 0 2 16621114. -5529002. 0. 3.06831289221e+14 0 0
91.400 1 PPRZ_MODE 0 0 0 0 0 17
91.403 1 GPS_SOL 649531392 100000 9999 0
91.506 1 DESIRED 0. 0.02 0. 0. 0. 235. 0. 12.
91.600 1 PPRZ_MODE 0 0 0 0 0 17
91.603 1 IMU_ACCEL 0.301758 -9.819336 0.31543
91.634 1 NAVIGATION 0 2 16621114. -5529002. 0. 3.06831289221e+14 0 0
91.714 1 DESIRED 0. 0.02 0. 0. 0. 235. 0. 12.
91.717 1 IMU_GYRO -0.052002 0.009521 -0.012695
91.719 1 DL_VALUE 4 0.
91.721 1 STATE_FILTER_STATUS 3 0
91.796 1 PPRZ_MODE 0 0 0 0 0 17
91.886 1 FBW_STATUS 0 50 0 66 0
91.891 1 NAVIGATION 0 2 16621114. -5529002. 0. 3.06831289221e+14 0 0
91.911 1 DESIRED 0. 0.02 0. 0. 0. 235. 0. 12.
91.914 1 BAT 530 66 0 0 1 24 0 0
91.949 1 DOWNLINK_STATUS 0 92 26850 1228 2 560. 26. 119.26
91.996 1 PPRZ_MODE 0 0 0 0 0 17
92.106 1 DESIRED 0. 0.02 0. 0. 0. 235. 0. 12.
92.134 1 NAVIGATION 0 2 16621114. -5529002. 0. 3.06831289221e+14 0 0
92.206 1 PPRZ_MODE 0 0 0 0 0 17
92.212 1 GPS 0 1717368064 0 0 -17000 0 0 0 24250 14 2
92.214 1 SVINFO 2 6 16 1 0 -91 0
92.314 1 DESIRED 0. 0.02 0. 0. 0. 235. 0. 12.
92.318 1 ATTITUDE 0.054983 -1.470869 -0.01989
92.321 1 ENERGY 6.6 0. 0 0.
92.385 1 NAVIGATION 0 2 16621114. -5529002. 0. 3.06831289221e+14 0 0
92.398 1 PPRZ_MODE 0 0 0 0 0 17
92.510 1 DESIRED 0. 0.02 0. 0. 0. 235. 0. 12.
92.513 1 IMU_MAG -0.086426 0.217285 0.390625
92.602 1 PPRZ_MODE 0 0 0 0 0 17
92.605 1 IMU_ACCEL 0.402344 -9.87207 0.25293
92.607 1 CALIBRATION 0. 0
92.635 1 NAVIGATION 0 2 16621114. -5529002. 0. 3.06831289221e+14 0 0
92.710 1 DESIRED 0. 0.02 0. 0. 0. 235. 0. 12.
92.713 1 IMU_GYRO -0.052002 0.009521 -0.012695
92.795 1 PPRZ_MODE 0 0 0 0 0 17
92.885 1 NAVIGATION 0 2 16621114. -5529002. 0. 3.06831289221e+14 0 0
92.906 1 DESIRED 0. 0.02 0. 0. 0. 235. 0. 12.
92.950 1 DOWNLINK_STATUS 0 93 27354 1250 2 504. 22. 119.26
92.982 1 COMMANDS 530,532,2408,532,546,0
93.000 1 PPRZ_MODE 0 0 0 0 0 17
93.004 1 BAT 530 66 0 0 1 25 0 0
93.081 1 ACTUATORS 1349,1710,1551,1510,1385
93.106 1 DESIRED 0. 0.02 0. 0. 0. 235. 0. 12.
93.135 1 NAVIGATION 0 2 16621114. -5529002. 0. 3.06831289221e+14 0 0
93.209 1 PPRZ_MODE 0 0 0 0 0 17
93.214 1 GPS 0 1717368064 0 0 -17000 0 0 0 25250 14 3
93.217 1 SVINFO 3 8 16 1 0 -91 0
93.218 1 DL_VALUE 5 0.
93.313 1 DESIRED 0. 0.02 0. 0. 0. 235. 0. 12.
93.315 1 ATTITUDE 0.05504 -1.47141 -0.019933
93.318 1 ESTIMATOR -17. 0.
93.384 1 NAVIGATION 0 2 16621114. -5529002. 0. 3.06831289221e+14 0 0
93.399 1 PPRZ_MODE 0 0 0 0 0 17
93.402 1 GPS_SOL 649533568 100000 9999 0
93.506 1 DESIRED 0. 0.02 0. 0. 0. 235. 0. 12.
93.600 1 PPRZ_MODE 0 0 0 0 0 17
93.603 1 IMU_ACCEL 0.339844 -9.862305 0.320312
93.635 1 NAVIGATION 0 2 16621114. -5529002. 0. 3.06831289221e+14 0 0
93.711 1 DESIRED 0. 0.02 0. 0. 0. 235. 0. 12.
93.714 1 IMU_GYRO -0.051025 0.007324 -0.014893
93.799 1 PPRZ_MODE 0 0 0 0 0 17
93.802 1 IMU_MAG -0.086426 0.219238 0.384766
93.885 1 FBW_STATUS 0 51 0 66 0
93.890 1 NAVIGATION 0 2 16621114. -5529002. 0. 3.06831289221e+14 0 0
93.908 1 DESIRED 0. 0.02 0. 0. 0. 235. 0. 12.
93.909 1 STATE_FILTER_STATUS 3 0
93.950 1 DOWNLINK_STATUS 0 94 27950 1278 2 596. 28. 119.26
93.996 1 PPRZ_MODE 0 0 0 0 0 17
94.111 1 DESIRED 0. 0.02 0. 0. 0. 235. 0. 12.
94.113 1 BAT 530 66 0 0 1 26 0 0
94.135 1 NAVIGATION 0 2 16621114. -5529002. 0. 3.06831289221e+14 0 0
94.205 1 PPRZ_MODE 0 0 0 0 0 17
94.211 1 GPS 0 1717368064 0 0 -17000 0 0 0 26250 14 4
94.214 1 SVINFO 4 15 16 1 0 -91 0
94.309 1 DESIRED 0. 0.02 0. 0. 0. 235. 0. 12.
94.313 1 ATTITUDE 0.055189 -1.471373 -0.01959
94.384 1 NAVIGATION 0 2 16621114. -5529002. 0. 3.06831289221e+14 0 0
94.398 1 PPRZ_MODE 0 0 0 0 0 17
94.506 1 DESIRED 0. 0.02 0. 0. 0. 235. 0. 12.
94.599 1 PPRZ_MODE 0 0 0 0 0 17
94.602 1 IMU_ACCEL 0.31543 -9.804688 0.353516
94.634 1 NAVIGATION 0 2 16621114. -5529002. 0. 3.06831289221e+14 0 0
94.750 1 DESIRED 0. 0.02 0. 0. 0. 235. 0. 12.
94.753 1 IMU_GYRO -0.048828 0.007324 -0.005127
94.755 1 DL_VALUE 6 80.
94.757 1 CALIBRATION 0. 0
94.813 1 PPRZ_MODE 0 0 0 0 0 17
94.816 1 ENERGY 6.6 0. 0 0.
94.885 1 NAVIGATION 0 2 16621114. -5529002. 0. 3.06831289221e+14 0 0
94.928 1 DESIRED 0. 0.02 0. 0. 0. 235. 0. 12.
94.932 1 ALIVE 165,169,48,99,239,211,149,204,154,107,4,41,67,188,1,67
94.951 1 DOWNLINK_STATUS 0 95 28491 1302 2 541. 24. 119.26
94.996 1 PPRZ_MODE 0 0 0 0 0 17
95.109 1 DESIRED 0. 0.02 0. 0. 0. 235. 0. 12.
95.112 1 IMU_MAG -0.091797 0.224121 0.375
95.134 1 NAVIGATION 0 2 16621114. -5529002. 0. 3.06831289221e+14 0 0
95.210 1 PPRZ_MODE 0 0 0 0 0 17
95.216 1 GPS 0 1717368064 0 0 -17000 0 0 0 27250 14 5
95.218 1 SVINFO 5 18 16 1 0 -91 0
95.222 1 BAT 530 66 0 0 1 27 0 0
95.313 1 DESIRED 0. 0.02 0. 0. 0. 235. 0. 12.
95.316 1 ATTITUDE 0.055313 -1.47128 -0.019871
95.318 1 ESTIMATOR -17. 0.
95.385 1 NAVIGATION 0 2 16621114. -5529002. 0. 3.06831289221e+14 0 0
95.436 1 PPRZ_MODE 0 0 0 0 0 17
95.439 1 GPS_SOL 649536064 100000 9999 0
95.470 1 PONG 
95.506 1 DESIRED 0. 0.02 0. 0. 0. 235. 0. 12.
95.602 1 PPRZ_MODE 0 0 0 0 0 17
95.605 1 IMU_ACCEL 0.392578 -9.833008 0.244141
95.607 1 DOWNLINK 0 547 706
95.634 1 NAVIGATION 0 2 16621114. -5529002. 0. 3.06831289221e+14 0 0
95.710 1 DESIRED 0. 0.02 0. 0. 0. 235. 0. 12.
95.713 1 IMU_GYRO -0.049805 0.009521 -0.010498
95.796 1 PPRZ_MODE 0 0 0 0 0 17
95.886 1 FBW_STATUS 0 49 0 66 0
95.890 1 NAVIGATION 0 2 16621114. -5529002. 0. 3.06831289221e+14 0 0
95.907 1 DESIRED 0. 0.02 0. 0. 0. 235. 0. 12.
95.952 1 DOWNLINK_STATUS 0 96 29048 1328 2 557. 26. 93.34
95.957 1 WIND_INFO 1 42 0. 0. 0.
95.997 1 PPRZ_MODE 0 0 0 0 0 17
96.107 1 DESIRED 0. 0.02 0. 0. 0. 235. 0. 12.
96.109 1 STATE_FILTER_STATUS 3 0
96.134 1 NAVIGATION 0 2 16621114. -5529002. 0. 3.06831289221e+14 0 0
96.208 1 PPRZ_MODE 0 0 0 0 0 17
96.214 1 GPS 0 1717368064 0 0 -17000 0 0 0 28250 14 6
96.216 1 SVINFO 6 20 16 1 0 -91 0
96.218 1 DL_VALUE 7 0.
96.314 1 DESIRED 0. 0.02 0. 0. 0. 235. 0. 12.
96.318 1 ATTITUDE 0.055124 -1.470451 -0.019777
96.321 1 BAT 530 66 0 0 1 28 0 0
96.385 1 NAVIGATION 0 2 16621114. -5529002. 0. 3.06831289221e+14 0 0
96.399 1 PPRZ_MODE 0 0 0 0 0 17
96.402 1 IMU_MAG -0.083008 0.219238 0.410156
96.506 1 DESIRED 0. 0.02 0. 0. 0. 235. 0. 12.
96.599 1 PPRZ_MODE 0 0 0 0 0 17
96.603 1 IMU_ACCEL 0.37793 -9.80957 0.349609
96.634 1 NAVIGATION 0 2 16621114. -5529002. 0. 3.06831289221e+14 0 0
96.710 1 DESIRED 0. 0.02 0. 0. 0. 235. 0. 12.
96.713 1 IMU_GYRO -0.047852 0.006348 -0.009521
96.797 1 PPRZ_MODE 0 0 0 0 0 17
96.799 1 CALIBRATION 0. 0
96.884 1 NAVIGATION 0 2 16621114. -5529002. 0. 3.06831289221e+14 0 0
96.905 1 DESIRED 0. 0.02 0. 0. 0. 235. 0. 12.
96.953 1 DOWNLINK_STATUS 0 97 29573 1352 2 525. 24. 93.34
96.995 1 PPRZ_MODE 0 0 0 0 0 17
97.122 1 DESIRED 0. 0.02 0. 0. 0. 235. 0. 12.
97.137 1 NAVIGATION 0 2 16621114. -5529002. 0. 3.06831289221e+14 0 0
97.209 1 PPRZ_MODE 0 0 0 0 0 17
97.215 1 GPS 0 1717368064 0 0 -17000 0 0 0 29250 14 7
97.217 1 SVINFO 7 21 16 1 0 -91 0
97.220 1 NAVIGATION_REF 552566 5529002 14
97.316 1 DESIRED 0. 0.02 0. 0. 0. 235. 0. 12.
97.320 1 ATTITUDE 0.054965 -1.470528 -0.019897
97.322 1 ESTIMATOR -17. 0.
97.325 1 ENERGY 6.6 0. 0 0.
97.384 1 NAVIGATION 0 2 16621114. -5529002. 0. 3.06831289221e+14 0 0
97.403 1 PPRZ_MODE 0 0 0 0 0 17
97.407 1 BAT 530 66 0 0 1 29 0 0
97.410 1 GPS_SOL 649538624 100000 9999 0
97.506 1 DESIRED 0. 0.02 0. 0. 0. 235. 0. 12.
97.600 1 PPRZ_MODE 0 0 0 0 0 17
97.603 1 IMU_ACCEL 0.305664 -9.80957 0.368164
97.634 1 NAVIGATION 0 2 16621114. -5529002. 0. 3.06831289221e+14 0 0
97.716 1 DESIRED 0. 0.02 0. 0. 0. 235. 0. 12.
97.718 1 IMU_GYRO -0.045654 0.009521 -0.007324
97.721 1 IMU_MAG -0.083008 0.224121 0.378906
97.723 1 DL_VALUE 8 0.
97.795 1 PPRZ_MODE 0 0 0 0 0 17
97.885 1 FBW_STATUS 0 46 0 66 0
97.890 1 NAVIGATION 0 2 16621114. -5529002. 0. 3.06831289221e+14 0 0
97.907 1 DESIRED 0. 0.02 0. 0. 0. 235. 0. 12.
97.954 1 DOWNLINK_STATUS 0 98 30159 1379 2 586. 27. 93.34
97.981 1 COMMANDS 530,532,2408,532,546,0
97.997 1 PPRZ_MODE 0 0 0 0 0 17
98.081 1 ACTUATORS 1349,1710,1551,1510,1385
98.106 1 DESIRED 0. 0.02 0. 0. 0. 235. 0. 12.
98.134 1 NAVIGATION 0 2 16621114. -5529002. 0. 3.06831289221e+14 0 0
98.205 1 PPRZ_MODE 0 0 0 0 0 17
98.212 1 GPS 0 1717368064 0 0 -17000 0 0 0 30250 14 8
98.213 1 SVINFO 8 22 16 1 0 -91 0
98.311 1 DESIRED 0. 0.02 0. 0. 0. 235. 0. 12.
98.314 1 ATTITUDE 0.05486 -1.469831 -0.019594
98.316 1 STATE_FILTER_STATUS 3 0
98.384 1 NAVIGATION 0 2 16621114. -5529002. 0. 3.06831289221e+14 0 0
98.398 1 PPRZ_MODE 0 0 0 0 0 17
98.510 1 DESIRED 0. 0.02 0. 0. 0. 235. 0. 12.
98.514 1 BAT 530 66 0 0 1 30 0 0
98.600 1 PPRZ_MODE 0 0 0 0 0 17
98.603 1 IMU_ACCEL 0.330078 -9.824219 0.420898
98.634 1 NAVIGATION 0 2 16621114. -5529002. 0. 3.06831289221e+14 0 0
98.709 1 DESIRED 0. 0.02 0. 0. 0. 235. 0. 12.
98.712 1 IMU_GYRO -0.052002 0.008301 -0.013672
98.795 1 PPRZ_MODE 0 0 0 0 0 17
98.884 1 NAVIGATION 0 2 16621114. -5529002. 0. 3.06831289221e+14 0 0
98.908 1 DESIRED 0. 0.02 0. 0. 0. 235. 0. 12.
98.910 1 CALIBRATION 0. 0
98.954 1 DOWNLINK_STATUS 0 99 30691 1403 2 532. 24. 93.34
98.999 1 PPRZ_MODE 0 0 0 0 0 17
99.003 1 IMU_MAG -0.093262 0.220703 0.398438
99.106 1 DESIRED 0. 0.02 0. 0. 0. 235. 0. 12.
99.134 1 NAVIGATION 0 2 16621114. -5529002. 0. 3.06831289221e+14 0 0
99.207 1 PPRZ_MODE 0 0 0 0 0 17
99.213 1 GPS 0 1717368064 0 0 -17000 0 0 0 31250 14 9
99.216 1 SVINFO 9 24 16 1 0 -91 0
99.218 1 DL_VALUE 9 1.
99.312 1 DESIRED 0. 0.02 0. 0. 0. 235. 0. 12.
99.315 1 ATTITUDE 0.054843 -1.469955 -0.019593
99.318 1 ESTIMATOR -17. 0.
99.384 1 NAVIGATION 0 2 16621114. -5529002. 0. 3.06831289221e+14 0 0
99.399 1 PPRZ_MODE 0 0 0 0 0 17
99.402 1 GPS_SOL 649541440 100000 9999 0
99.506 1 DESIRED 0. 0.02 0. 0. 0. 235. 0. 12.
99.603 1 PPRZ_MODE 0 0 0 0 0 17
99.606 1 IMU_ACCEL 0.363281 -9.852539 0.334961
99.610 1 BAT 530 66 0 0 1 31 0 0
99.634 1 NAVIGATION 0 2 16621114. -5529002. 0. 3.06831289221e+14 0 0
99.709 1 DESIRED 0. 0.02 0. 0. 0. 235. 0. 12.
99.712 1 IMU_GYRO -0.051025 0.009521 -0.009521
99.800 1 PPRZ_MODE 0 0 0 0 0 17
99.803 1 ENERGY 6.6 0. 0 0.
99.885 1 FBW_STATUS 0 47 0 66 0
99.890 1 NAVIGATION 0 2 16621114. -5529002. 0. 3.06831289221e+14 0 0
99.911 1 DESIRED 0. 0.02 0. 0. 0. 235. 0. 12.
99.915 1 ALIVE 165,169,48,99,239,211,149,204,154,107,4,41,67,188,1,67
99.955 1 DOWNLINK_STATUS 0 100 31285 1430 2 594. 27. 93.34
99.995 1 PPRZ_MODE 0 0 0 0 0 17
100.105 1 DESIRED 0. 0.02 0. 0. 0. 235. 0. 12.
100.134 1 NAVIGATION 0 2 16621114. -5529002. 0. 3.06831289221e+14 0 0
100.205 1 PPRZ_MODE 0 0 0 0 0 17
100.211 1 GPS 0 1717368064 0 0 -17000 0 0 0 32250 14 10
100.213 1 SVINFO 10 26 16 1 0 -91 0
100.319 1 DESIRED 0. 0.02 0. 0. 0. 235. 0. 12.
100.322 1 ATTITUDE 0.054776 -1.469867 -0.019511
100.325 1 IMU_MAG -0.086426 0.222168 0.386719
100.329 1 NAVIGATION 0 2 16621114. -5529002. 0. 3.06831289221e+14 0 0
100.384 1 NAVIGATION 0 2 16621114. -5529002. 0. 3.06831289221e+14 0 0
100.419 1 PPRZ_MODE 0 0 0 0 0 17
100.487 1 PONG 
100.511 1 DESIRED 0. 0.02 0. 0. 0. 235. 0. 12.
100.512 1 STATE_FILTER_STATUS 3 0
100.599 1 PPRZ_MODE 0 0 0 0 0 17
100.602 1 IMU_ACCEL 0.344727 -9.852539 0.301758
100.634 1 NAVIGATION 0 2 16621114. -5529002. 0. 3.06831289221e+14 0 0
100.719 1 DESIRED 0. 0.02 0. 0. 0. 235. 0. 12.
100.722 1 IMU_GYRO -0.049805 0.009521 -0.009521
100.725 1 BAT 530 66 0 0 1 32 0 0
100.727 1 DL_VALUE 10 0.
100.729 1 DOWNLINK 0 566 838
100.795 1 PPRZ_MODE 0 0 0 0 0 17
100.884 1 NAVIGATION 0 2 16621114. -5529002. 0. 3.06831289221e+14 0 0
100.906 1 DESIRED 0. 0.02 0. 0. 0. 235. 0. 12.
100.956 1 DOWNLINK_STATUS 0 101 31842 1456 2 557. 26. 109.2
100.997 1 PPRZ_MODE 0 0 0 0 0 17
100.999 1 CALIBRATION 0. 0
101.105 1 DESIRED 0. 0.02 0. 0. 0. 235. 0. 12.
101.135 1 NAVIGATION 0 2 16621114. -5529002. 0. 3.06831289221e+14 0 0
101.205 1 PPRZ_MODE 0 0 0 0 0 17
101.211 1 GPS 0 1717368064 0 0 -17000 0 0 0 33250 14 11
101.214 1 SVINFO 11 28 16 1 0 -91 0
101.313 1 DESIRED 0. 0.02 0. 0. 0. 235. 0. 12.
101.315 1 ATTITUDE 0.054889 -1.469609 -0.019757
101.318 1 ESTIMATOR -17. 0.
101.384 1 NAVIGATION 0 2 16621114. -5529002. 0. 3.06831289221e+14 0 0
101.398 1 PPRZ_MODE 0 0 0 0 0 17
101.401 1 GPS_SOL 649544384 100000 9999 0
101.505 1 DESIRED 0. 0.02 0. 0. 0. 235. 0. 12.
101.603 1 PPRZ_MODE 0 0 0 0 0 17
101.606 1 IMU_ACCEL 0.282227 -9.87207 0.31543
101.609 1 IMU_MAG -0.089844 0.225586 0.373047
101.634 1 NAVIGATION 0 2 16621114. -5529002. 0. 3.06831289221e+14 0 0
101.709 1 DESIRED 0. 0.02 0. 0. 0. 235. 0. 12.
101.713 1 IMU_GYRO -0.051025 0.008301 -0.010498
101.799 1 PPRZ_MODE 0 0 0 0 0 17
101.803 1 BAT 530 66 0 0 1 33 0 0
101.885 1 FBW_STATUS 0 47 0 66 0
101.890 1 NAVIGATION 0 2 16621114. -5529002. 0. 3.06831289221e+14 0 0
101.906 1 DESIRED 0. 0.02 0. 0. 0. 235. 0. 12.
101.957 1 DOWNLINK_STATUS 0 102 32393 1481 2 551. 25. 109.2
101.995 1 PPRZ_MODE 0 0 0 0 0 17
102.105 1 DESIRED 0. 0.02 0. 0. 0. 235. 0. 12.
102.134 1 NAVIGATION 0 2 16621114. -5529002. 0. 3.06831289221e+14 0 0
102.207 1 PPRZ_MODE 0 0 0 0 0 17
102.213 1 GPS 0 1717368064 0 0 -17000 0 0 0 34250 14 12
102.215 1 SVINFO 12 29 16 1 0 -91 0
102.217 1 DL_VALUE 0 0.
102.313 1 DESIRED 0. 0.02 0. 0. 0. 235. 0. 12.
102.316 1 ATTITUDE 0.054786 -1.469528 -0.019583
102.320 1 ENERGY 6.6 0. 0 0.
102.384 1 NAVIGATION 0 2 16621114. -5529002. 0. 3.06831289221e+14 0 0
102.398 1 PPRZ_MODE 0 0 0 0 0 17
102.505 1 DESIRED 0. 0.02 0. 0. 0. 235. 0. 12.
102.599 1 PPRZ_MODE 0 0 0 0 0 17
102.602 1 IMU_ACCEL 0.301758 -9.799805 0.330078
102.634 1 NAVIGATION 0 2 16621114. -5529002. 0. 3.06831289221e+14 0 0
102.712 1 DESIRED 0. 0.02 0. 0. 0. 235. 0. 12.
102.714 1 IMU_GYRO -0.052002 0.008301 -0.010498
102.715 1 STATE_FILTER_STATUS 3 0
102.795 1 PPRZ_MODE 0 0 0 0 0 17
102.884 1 NAVIGATION 0 2 16621114. -5529002. 0. 3.06831289221e+14 0 0
102.914 1 DESIRED 0. 0.02 0. 0. 0. 235. 0. 12.
102.917 1 BAT 530 66 0 0 1 35 0 0
102.921 1 IMU_MAG -0.058594 0.237793 0.398438
102.957 1 DOWNLINK_STATUS 0 103 32927 1505 2 534. 24. 109.2
102.981 1 COMMANDS 530,504,2408,504,546,0
102.996 1 PPRZ_MODE 0 0 0 0 0 17
103.080 1 ACTUATORS 1349,1710,1551,1510,1385
103.108 1 DESIRED 0. 0.02 0. 0. 0. 235. 0. 12.
103.109 1 CALIBRATION 0. 0
103.133 1 NAVIGATION 0 2 16621114. -5529002. 0. 3.06831289221e+14 0 0
103.205 1 PPRZ_MODE 0 0 0 0 0 17
103.211 1 GPS 0 1717368064 0 0 -17000 0 0 0 35250 14 13
103.213 1 SVINFO 13 30 16 1 0 -91 0
103.312 1 DESIRED 0. 0.02 0. 0. 0. 235. 0. 12.
103.315 1 ATTITUDE 0.054811 -1.470007 -0.01942
103.318 1 ESTIMATOR -17. 0.
103.384 1 NAVIGATION 0 2 16621114. -5529002. 0. 3.06831289221e+14 0 0
103.399 1 PPRZ_MODE 0 0 0 0 0 17
103.402 1 GPS_SOL 649547520 100000 9999 0
103.506 1 DESIRED 0. 0.02 0. 0. 0. 235. 0. 12.
103.599 1 PPRZ_MODE 0 0 0 0 0 17
103.602 1 IMU_ACCEL 0.330078 -9.876953 0.363281
103.634 1 NAVIGATION 0 2 16621114. -5529002. 0. 3.06831289221e+14 0 0
103.712 1 DESIRED 0. 0.02 0. 0. 0. 235. 0. 12.
103.715 1 IMU_GYRO -0.051025 0.009521 -0.014893
103.717 1 DL_VALUE 1 0.
103.795 1 PPRZ_MODE 0 0 0 0 0 17
103.887 1 NAVIGATION 0 2 16621114. -5529002. 0. 3.06831289221e+14 0 0
103.890 1 FBW_STATUS 0 51 0 66 0
103.907 1 DESIRED 0. 0.02 0. 0. 0. 235. 0. 12.
103.958 1 DOWNLINK_STATUS 0 104 33486 1531 2 559. 26. 109.2
103.999 1 PPRZ_MODE 0 0 0 0 0 17
104.003 1 BAT 530 66 0 0 1 36 0 0
104.105 1 DESIRED 0. 0.02 0. 0. 0. 235. 0. 12.
104.134 1 NAVIGATION 0 2 16621114. -5529002. 0. 3.06831289221e+14 0 0
104.209 1 PPRZ_MODE 0 0 0 0 0 17
104.215 1 GPS 0 1717368064 0 0 -17000 0 0 0 36250 14 14
104.217 1 SVINFO 14 31 16 1 0 -91 0
104.220 1 IMU_MAG -0.088379 0.220703 0.382812
104.309 1 DESIRED 0. 0.02 0. 0. 0. 235. 0. 12.
104.312 1 ATTITUDE 0.054634 -1.469779 -0.019395
104.384 1 NAVIGATION 0 2 16621114. -5529002. 0. 3.06831289221e+14 0 0
104.397 1 PPRZ_MODE 0 0 0 0 0 17
104.505 1 DESIRED 0. 0.02 0. 0. 0. 235. 0. 12.
104.599 1 PPRZ_MODE 0 0 0 0 0 17
104.602 1 IMU_ACCEL 0.373047 -9.833008 0.277344
104.634 1 NAVIGATION 0 2 16621114. -5529002. 0. 3.06831289221e+14 0 0
104.709 1 DESIRED 0. 0.02 0. 0. 0. 235. 0. 12.
104.712 1 IMU_GYRO -0.049805 0.009521 -0.010498
104.799 1 PPRZ_MODE 0 0 0 0 0 17
104.802 1 ENERGY 6.6 0. 0 0.
104.883 1 NAVIGATION 0 2 16621114. -5529002. 0. 3.06831289221e+14 0 0
104.943 1 DESIRED 0. 0.02 0. 0. 0. 235. 0. 12.
104.945 1 STATE_FILTER_STATUS 3 0
104.949 1 ALIVE 165,169,48,99,239,211,149,204,154,107,4,41,67,188,1,67
104.958 1 DOWNLINK_STATUS 0 105 34032 1555 2 546. 24. 109.2
104.995 1 PPRZ_MODE 0 0 0 0 0 17
105.110 1 DESIRED 0. 0.02 0. 0. 0. 235. 0. 12.
105.113 1 BAT 530 66 0 0 1 37 0 0
105.134 1 NAVIGATION 0 2 16621114. -5529002. 0. 3.06831289221e+14 0 0
105.248 1 PPRZ_MODE 0 0 0 0 0 17
105.255 1 GPS 0 1717368064 0 0 -17000 0 0 0 37250 14 15
105.258 1 SVINFO 0 11 16 1 0 -91 0
105.259 1 DL_VALUE 2 235.
105.260 1 CALIBRATION 0. 0
105.313 1 DESIRED 0. 0.02 0. 0. 0. 235. 0. 12.
105.315 1 ATTITUDE 0.054485 -1.47063 -0.019252
105.317 1 ESTIMATOR -17. 0.
105.383 1 NAVIGATION 0 2 16621114. -5529002. 0. 3.06831289221e+14 0 0
105.411 1 PPRZ_MODE 0 0 0 0 0 17
105.414 1 GPS_SOL 649550912 100000 9999 0
105.467 1 PONG 
105.509 1 DESIRED 0. 0.02 0. 0. 0. 235. 0. 12.
105.512 1 IMU_MAG -0.091797 0.220703 0.400391
105.599 1 PPRZ_MODE 0 0 0 0 0 17
105.602 1 IMU_ACCEL 0.330078 -9.842773 0.344727
105.634 1 NAVIGATION 0 2 16621114. -5529002. 0. 3.06831289221e+14 0 0
105.709 1 DESIRED 0. 0.02 0. 0. 0. 235. 0. 12.
105.712 1 IMU_GYRO -0.052979 0.009521 -0.010498
105.797 1 PPRZ_MODE 0 0 0 0 0 17
105.799 1 DOWNLINK 0 542 965
105.885 1 FBW_STATUS 0 54 0 66 0
105.889 1 NAVIGATION 0 2 16621114. -5529002. 0. 3.06831289221e+14 0 0
105.906 1 DESIRED 0. 0.02 0. 0. 0. 235. 0. 12.
105.958 1 WIND_INFO 1 42 0. 0. 0.
105.959 1 DOWNLINK_STATUS 0 106 34611 1583 2 579. 28. 88.55
105.998 1 PPRZ_MODE 0 0 0 0 0 17
106.105 1 DESIRED 0. 0.02 0. 0. 0. 235. 0. 12.
106.134 1 NAVIGATION 0 2 16621114. -5529002. 0. 3.06831289221e+14 0 0
106.212 1 PPRZ_MODE 0 0 0 0 0 17
106.218 1 GPS 0 1717368064 0 0 -17000 0 0 0 38250 14 1
106.221 1 SVINFO 1 12 16 1 0 -91 0
106.224 1 BAT 530 66 0 0 1 38 0 0
106.227 1 NAVIGATION_REF 552566 5529002 14
106.309 1 DESIRED 0. 0.02 0. 0. 0. 235. 0. 12.
106.312 1 ATTITUDE 0.054387 -1.46994 -0.019251
106.384 1 NAVIGATION 0 2 16621114. -5529002. 0. 3.06831289221e+14 0 0
106.398 1 PPRZ_MODE 0 0 0 0 0 17
106.505 1 DESIRED 0. 0.02 0. 0. 0. 235. 0. 12.
106.599 1 PPRZ_MODE 0 0 0 0 0 17
106.602 1 IMU_ACCEL 0.325195 -9.80957 0.373047
106.633 1 NAVIGATION 0 2 16621114. -5529002. 0. 3.06831289221e+14 0 0
106.711 1 DESIRED 0. 0.02 0. 0. 0. 235. 0. 12.
106.714 1 IMU_GYRO -0.049805 0.006348 -0.011475
106.716 1 DL_VALUE 3 0.
106.799 1 PPRZ_MODE 0 0 0 0 0 17
106.802 1 IMU_MAG -0.084961 0.222168 0.392578
106.884 1 NAVIGATION 0 2 16621114. -5529002. 0. 3.06831289221e+14 0 0
106.905 1 DESIRED 0. 0.02 0. 0. 0. 235. 0. 12.
106.959 1 DOWNLINK_STATUS 0 107 35131 1606 2 520. 23. 88.55
106.995 1 PPRZ_MODE 0 0 0 0 0 17
107.107 1 DESIRED 0. 0.02 0. 0. 0. 235. 0. 12.
107.108 1 STATE_FILTER_STATUS 3 0
107.134 1 NAVIGATION 0 2 16621114. -5529002. 0. 3.06831289221e+14 0 0
107.205 1 PPRZ_MODE 0 0 0 0 0 17
107.211 1 GPS 0 1717368064 0 0 -17000 0 0 0 39250 14 2
107.213 1 SVINFO 2 13 16 1 0 -91 0
107.323 1 DESIRED 0. 0.02 0. 0. 0. 235. 0. 12.
107.326 1 ATTITUDE 0.054244 -1.469974 -0.019238
107.330 1 BAT 530 66 0 0 1 39 0 0
107.332 1 ESTIMATOR -17. 0.
107.334 1 CALIBRATION 0. 0
107.338 1 ENERGY 6.6 0. 0 0.
107.384 1 NAVIGATION 0 2 16621114. -5529002. 0. 3.06831289221e+14 0 0
107.399 1 PPRZ_MODE 0 0 0 0 0 17
107.402 1 GPS_SOL 649554432 100000 9999 0
107.505 1 DESIRED 0. 0.02 0. 0. 0. 235. 0. 12.
107.599 1 PPRZ_MODE 0 0 0 0 0 17
107.602 1 IMU_ACCEL 0.339844 -9.852539 0.358398
107.634 1 NAVIGATION 0 2 16621114. -5529002. 0. 3.06831289221e+14 0 0
107.709 1 DESIRED 0. 0.02 0. 0. 0. 235. 0. 12.
107.712 1 IMU_GYRO -0.051025 0.007324 -0.010498
107.795 1 PPRZ_MODE 0 0 0 0 0 17
107.885 1 FBW_STATUS 0 50 0 66 0
107.890 1 NAVIGATION 0 2 16621114. -5529002. 0. 3.06831289221e+14 0 0
107.906 1 DESIRED 0. 0.02 0. 0. 0. 235. 0. 12.
107.960 1 DOWNLINK_STATUS 0 108 35693 1632 2 562. 26. 88.55
107.980 1 COMMANDS 530,532,2408,532,546,0
107.995 1 PPRZ_MODE 0 0 0 0 0 17
108.080 1 ACTUATORS 1350,1710,1551,1510,1385
108.109 1 DESIRED 0. 0.02 0. 0. 0. 235. 0. 12.
108.112 1 IMU_MAG -0.084961 0.220703 0.392578
108.133 1 NAVIGATION 0 2 16621114. -5529002. 0. 3.06831289221e+14 0 0
108.207 1 PPRZ_MODE 0 0 0 0 0 17
108.213 1 GPS 0 1717368064 0 0 -17000 0 0 0 40250 14 3
108.215 1 SVINFO 3 14 16 1 0 -91 0
108.217 1 DL_VALUE 4 0.
108.309 1 DESIRED 0. 0.02 0. 0. 0. 235. 0. 12.
108.312 1 ATTITUDE 0.05421 -1.470228 -0.019074
108.384 1 NAVIGATION 0 2 16621114. -5529002. 0. 3.06831289221e+14 0 0
108.400 1 PPRZ_MODE 0 0 0 0 0 17
108.402 1 BAT 530 66 0 0 1 40 0 0
108.505 1 DESIRED 0. 0.02 0. 0. 0. 235. 0. 12.
108.598 1 PPRZ_MODE 0 0 0 0 0 17
108.602 1 IMU_ACCEL 0.310547 -9.852539 0.287109
108.633 1 NAVIGATION 0 2 16621114. -5529002. 0. 3.06831289221e+14 0 0
108.709 1 DESIRED 0. 0.02 0. 0. 0. 235. 0. 12.
108.712 1 IMU_GYRO -0.048828 0.010498 -0.011475
108.795 1 PPRZ_MODE 0 0 0 0 0 17
108.884 1 NAVIGATION 0 2 16621114. -5529002. 0. 3.06831289221e+14 0 0
108.905 1 DESIRED 0. 0.02 0. 0. 0. 235. 0. 12.
108.961 1 DOWNLINK_STATUS 0 109 36234 1656 2 541. 24. 88.55
108.994 1 PPRZ_MODE 0 0 0 0 0 17
109.105 1 DESIRED 0. 0.02 0. 0. 0. 235. 0. 12.
109.133 1 NAVIGATION 0 2 16621114. -5529002. 0. 3.06831289221e+14 0 0
109.205 1 PPRZ_MODE 0 0 0 0 0 17
109.211 1 GPS 0 1717368064 0 0 -17000 0 0 0 41250 14 4
109.213 1 SVINFO 4 15 16 1 0 -91 0
109.314 1 DESIRED 0. 0.02 0. 0. 0. 235. 0. 12.
109.317 1 ATTITUDE 0.054309 -1.469945 -0.018985
109.320 1 ESTIMATOR -17. 0.
109.321 1 STATE_FILTER_STATUS 3 0
109.384 1 NAVIGATION 0 2 16621114. -5529002. 0. 3.06831289221e+14 0 0
109.404 1 PPRZ_MODE 0 0 0 0 0 17
109.407 1 IMU_MAG -0.089844 0.219238 0.378906
109.410 1 GPS_SOL 649558144 100000 9999 0
109.412 1 CALIBRATION 0. 0
109.509 1 DESIRED 0. 0.02 0. 0. 0. 235. 0. 12.
109.513 1 BAT 530 66 0 0 1 41 0 0
109.598 1 PPRZ_MODE 0 0 0 0 0 17
109.602 1 IMU_ACCEL 0.31543 -9.862305 0.339844
109.633 1 NAVIGATION 0 2 16621114. -5529002. 0. 3.06831289221e+14 0 0
109.711 1 DESIRED 0. 0.02 0. 0. 0. 235. 0. 12.
109.714 1 IMU_GYRO -0.049805 0.010498 -0.011475
109.716 1 DL_VALUE 5 0.
109.798 1 PPRZ_MODE 0 0 0 0 0 17
109.802 1 ENERGY 6.6 0. 0 0.
109.884 1 FBW_STATUS 0 48 0 66 0
109.889 1 NAVIGATION 0 2 16621114. -5529002. 0. 3.06831289221e+14 0 0
109.911 1 DESIRED 0. 0.02 0. 0. 0. 235. 0. 12.
109.914 1 ALIVE 165,169,48,99,239,211,149,204,154,107,4,41,67,188,1,67
109.962 1 DOWNLINK_STATUS 0 110 36848 1685 2 614. 29. 88.55
109.995 1 PPRZ_MODE 0 0 0 0 0 17
110.105 1 DESIRED 0. 0.02 0. 0. 0. 235. 0. 12.
110.134 1 NAVIGATION 0 2 16621114. -5529002. 0. 3.06831289221e+14 0 0
110.205 1 PPRZ_MODE 0 0 0 0 0 17
110.211 1 GPS 0 1717368064 0 0 -17000 0 0 0 42250 14 5
110.212 1 SVINFO 5 16 16 1 0 -91 0
110.315 1 DESIRED 0. 0.02 0. 0. 0. 235. 0. 12.
110.317 1 ATTITUDE 0.054509 -1.469373 -0.018902
110.322 1 NAVIGATION 0 2 16621114. -5529002. 0. 3.06831289221e+14 0 0
110.383 1 NAVIGATION 0 2 16621114. -5529002. 0. 3.06831289221e+14 0 0
110.399 1 PPRZ_MODE 0 0 0 0 0 17
110.403 1 WP_MOVED 3 552665.875 5529094.5 260. 14
110.441 1 PONG 
110.505 1 DESIRED 0. 0.02 0. 0. 0. 235. 0. 12.
110.603 1 PPRZ_MODE 0 0 0 0 0 17
110.606 1 IMU_ACCEL 0.320312 -9.80957 0.373047
110.610 1 BAT 530 66 0 0 1 42 0 0
110.634 1 NAVIGATION 0 2 16621114. -5529002. 0. 3.06831289221e+14 0 0
110.713 1 DESIRED 0. 0.02 0. 0. 0. 235. 0. 12.
110.715 1 IMU_GYRO -0.049805 0.008301 -0.009521
110.718 1 IMU_MAG -0.091797 0.219238 0.402344
110.794 1 PPRZ_MODE 0 0 0 0 0 17
110.883 1 NAVIGATION 0 2 16621114. -5529002. 0. 3.06831289221e+14 0 0
110.907 1 DESIRED 0. 0.02 0. 0. 0. 235. 0. 12.
110.909 1 DOWNLINK 0 563 1095
110.962 1 DOWNLINK_STATUS 0 111 37405 1710 2 557. 25. 62.02
110.995 1 PPRZ_MODE 0 0 0 0 0 17
111.105 1 DESIRED 0. 0.02 0. 0. 0. 235. 0. 12.
111.134 1 NAVIGATION 0 2 16621114. -5529002. 0. 3.06831289221e+14 0 0
111.207 1 PPRZ_MODE 0 0 0 0 0 17
111.212 1 GPS 0 1717368064 0 0 -17000 0 0 0 43250 14 6
111.215 1 SVINFO 6 19 16 1 0 -91 0
111.217 1 DL_VALUE 6 80.
111.311 1 DESIRED 0. 0.02 0. 0. 0. 235. 0. 12.
111.314 1 ATTITUDE 0.054626 -1.46897 -0.018953
111.317 1 ESTIMATOR -17. 0.
111.383 1 NAVIGATION 0 2 16621114. -5529002. 0. 3.06831289221e+14 0 0
111.398 1 PPRZ_MODE 0 0 0 0 0 17
111.401 1 GPS_SOL 649561984 100000 9999 0
111.509 1 DESIRED 0. 0.02 0. 0. 0. 235. 0. 12.
111.511 1 CALIBRATION 0. 0
111.513 1 STATE_FILTER_STATUS 3 0
111.598 1 PPRZ_MODE 0 0 0 0 0 17
111.601 1 IMU_ACCEL 0.368164 -9.852539 0.31543
111.634 1 NAVIGATION 0 2 16621114. -5529002. 0. 3.06831289221e+14 0 0
111.713 1 DESIRED 0. 0.02 0. 0. 0. 235. 0. 12.
111.716 1 IMU_GYRO -0.051025 0.009521 -0.012695
111.720 1 BAT 530 66 0 0 1 43 0 0
111.794 1 PPRZ_MODE 0 0 0 0 0 17
111.885 1 FBW_STATUS 0 46 0 66 0
111.889 1 NAVIGATION 0 2 16621114. -5529002. 0. 3.06831289221e+14 0 0
111.906 1 DESIRED 0. 0.02 0. 0. 0. 235. 0. 12.
111.963 1 DOWNLINK_STATUS 0 112 37958 1736 2 553. 26. 62.02
111.999 1 PPRZ_MODE 0 0 0 0 0 17
112.001 1 IMU_MAG -0.088379 0.219238 0.392578
112.104 1 DESIRED 0. 0.02 0. 0. 0. 235. 0. 12.
112.133 1 NAVIGATION 0 2 16621114. -5529002. 0. 3.06831289221e+14 0 0
112.204 1 PPRZ_MODE 0 0 0 0 0 17
112.210 1 GPS 0 1717368064 0 0 -17000 0 0 0 44250 14 7
112.213 1 SVINFO 7 19 16 1 0 -91 0
112.313 1 DESIRED 0. 0.02 0. 0. 0. 235. 0. 12.
112.316 1 ATTITUDE 0.05449 -1.468299 -0.018927
112.320 1 ENERGY 6.6 0. 0 0.
112.383 1 NAVIGATION 0 2 16621114. -5529002. 0. 3.06831289221e+14 0 0
112.397 1 PPRZ_MODE 0 0 0 0 0 17
112.505 1 DESIRED 0. 0.02 0. 0. 0. 235. 0. 12.
112.598 1 PPRZ_MODE 0 0 0 0 0 17
112.601 1 IMU_ACCEL 0.344727 -9.80957 0.353516
112.633 1 NAVIGATION 0 2 16621114. -5529002. 0. 3.06831289221e+14 0 0
112.711 1 DESIRED 0. 0.02 0. 0. 0. 235. 0. 12.
112.714 1 IMU_GYRO -0.049805 0.008301 -0.012695
112.716 1 DL_VALUE 7 0.
112.799 1 PPRZ_MODE 0 0 0 0 0 17
112.803 1 BAT 530 66 0 0 1 44 0 0
112.885 1 NAVIGATION 0 2 16621114. -5529002. 0. 3.06831289221e+14 0 0
112.905 1 DESIRED 0. 0.02 0. 0. 0. 235. 0. 12.
112.964 1 DOWNLINK_STATUS 0 113 38483 1759 2 525. 23. 62.02
112.980 1 COMMANDS 530,532,2408,532,546,0
112.995 1 PPRZ_MODE 0 0 0 0 0 17
113.080 1 ACTUATORS 1349,1710,1551,1510,1385
113.104 1 DESIRED 0. 0.02 0. 0. 0. 235. 0. 12.
113.136 1 NAVIGATION 0 2 16621114. -5529002. 0. 3.06831289221e+14 0 0
113.205 1 PPRZ_MODE 0 0 0 0 0 17
113.210 1 GPS 0 1717368064 0 0 -17000 0 0 0 45250 14 8
113.213 1 SVINFO 8 20 16 3 22 -91 0
113.316 1 DESIRED 0. 0.02 0. 0. 0. 235. 0. 12.
113.319 1 ATTITUDE 0.054492 -1.467874 -0.018761
113.321 1 IMU_MAG -0.088379 0.224121 0.380859
113.324 1 ESTIMATOR -17. 0.
113.384 1 NAVIGATION 0 2 16621114. -5529002. 0. 3.06831289221e+14 0 0
113.399 1 PPRZ_MODE 0 0 0 0 0 17
113.402 1 GPS_SOL 649566080 100000 9999 0
113.504 1 DESIRED 0. 0.02 0. 0. 0. 235. 0. 12.
113.601 1 PPRZ_MODE 0 0 0 0 0 17
113.604 1 IMU_ACCEL 0.344727 -9.833008 0.344727
113.606 1 CALIBRATION 0. 0
113.633 1 NAVIGATION 0 2 16621114. -5529002. 0. 3.06831289221e+14 0 0
113.711 1 DESIRED 0. 0.02 0. 0. 0. 235. 0. 12.
113.714 1 IMU_GYRO -0.051025 0.008301 -0.011475
113.716 1 STATE_FILTER_STATUS 3 0
113.795 1 PPRZ_MODE 0 0 0 0 0 17
113.885 1 FBW_STATUS 0 84 0 66 0
113.889 1 NAVIGATION 0 2 16621114. -5529002. 0. 3.06831289221e+14 0 0
113.910 1 DESIRED 0. 0.02 0. 0. 0. 235. 0. 12.
113.912 1 BAT 530 66 0 0 1 46 0 0
113.965 1 DOWNLINK_STATUS 0 114 39079 1787 2 596. 28. 62.02
113.994 1 PPRZ_MODE 0 0 0 0 0 17
114.105 1 DESIRED 0. 0.02 0. 0. 0. 235. 0. 12.
114.133 1 NAVIGATION 0 2 16621114. -5529002. 0. 3.06831289221e+14 0 0
114.207 1 PPRZ_MODE 0 0 0 0 0 17
114.213 1 GPS 0 1717368064 0 0 -17000 0 0 0 46250 14 9
114.215 1 SVINFO 9 21 16 1 0 -91 0
114.217 1 DL_VALUE 8 0.
114.309 1 DESIRED 0. 0.02 0. 0. 0. 235. 0. 12.
114.311 1 ATTITUDE 0.054429 -1.468048 -0.018694
114.384 1 NAVIGATION 0 2 16621114. -5529002. 0. 3.06831289221e+14 0 0
114.397 1 PPRZ_MODE 0 0 0 0 0 17
114.504 1 DESIRED 0. 0.02 0. 0. 0. 235. 0. 12.
114.602 1 PPRZ_MODE 0 0 0 0 0 17
114.605 1 IMU_ACCEL 0.363281 -9.833008 0.320312
114.608 1 IMU_MAG -0.086426 0.222168 0.386719
114.633 1 NAVIGATION 0 2 16621114. -5529002. 0. 3.06831289221e+14 0 0
114.709 1 DESIRED 0. 0.02 0. 0. 0. 235. 0. 12.
114.712 1 IMU_GYRO -0.052002 0.011475 -0.012695
114.798 1 PPRZ_MODE 0 0 0 0 0 17
114.802 1 ENERGY 6.6 0. 0 0.
114.883 1 NAVIGATION 0 2 16621114. -5529002. 0. 3.06831289221e+14 0 0
114.909 1 DESIRED 0. 0.02 0. 0. 0. 235. 0. 12.
114.913 1 ALIVE 165,169,48,99,239,211,149,204,154,107,4,41,67,188,1,67
114.966 1 DOWNLINK_STATUS 0 115 39606 1810 2 527. 23. 62.02
114.999 1 PPRZ_MODE 0 0 0 0 0 17
115.003 1 BAT 530 66 0 0 1 47 0 0
115.105 1 DESIRED 0. 0.02 0. 0. 0. 235. 0. 12.
115.133 1 NAVIGATION 0 2 16621114. -5529002. 0. 3.06831289221e+14 0 0
115.207 1 PPRZ_MODE 0 0 0 0 0 17
115.213 1 GPS 0 1717368064 0 0 -17000 0 0 0 47250 14 10
115.215 1 SVINFO 10 25 16 1 0 -91 0
115.218 1 NAVIGATION_REF 552566 5529002 14
115.312 1 DESIRED 0. 0.02 0. 0. 0. 235. 0. 12.
115.314 1 ATTITUDE 0.054391 -1.468605 -0.018718
115.317 1 ESTIMATOR -17. 0.
115.383 1 NAVIGATION 0 2 16621114. -5529002. 0. 3.06831289221e+14 0 0
115.398 1 PPRZ_MODE 0 0 0 0 0 17
115.401 1 GPS_SOL 649570368 100000 9999 0
115.432 1 PONG 
115.505 1 DESIRED 0. 0.02 0. 0. 0. 235. 0. 12.
115.598 1 PPRZ_MODE 0 0 0 0 0 17
115.602 1 IMU_ACCEL 0.368164 -9.824219 0.334961
115.633 1 NAVIGATION 0 2 16621114. -5529002. 0. 3.06831289221e+14 0 0
115.714 1 DESIRED 0. 0.02 0. 0. 0. 235. 0. 12.
115.716 1 IMU_GYRO -0.049805 0.008301 -0.010498
115.718 1 DL_VALUE 9 1.
115.720 1 CALIBRATION 0. 0
115.794 1 PPRZ_MODE 0 0 0 0 0 17
115.884 1 FBW_STATUS 0 91 0 66 0
115.889 1 NAVIGATION 0 2 16621114. -5529002. 0. 3.06831289221e+14 0 0
115.910 1 DESIRED 0. 0.02 0. 0. 0. 235. 0. 12.
115.913 1 IMU_MAG -0.091797 0.222168 0.384766
115.915 1 STATE_FILTER_STATUS 3 0
115.958 1 WIND_INFO 1 42 0. 0. 0.
115.966 1 DOWNLINK_STATUS 0 116 40198 1839 2 592. 29. 53.04
115.999 1 PPRZ_MODE 0 0 0 0 0 17
116.000 1 DOWNLINK 0 552 1226
116.109 1 DESIRED 0. 0.02 0. 0. 0. 235. 0. 12.
116.112 1 BAT 530 66 0 0 1 48 0 0
116.133 1 NAVIGATION 0 2 16621114. -5529002. 0. 3.06831289221e+14 0 0
116.204 1 PPRZ_MODE 0 0 0 0 0 17
116.210 1 GPS 0 1717368064 0 0 -17000 0 0 0 48250 14 11
116.212 1 SVINFO 11 25 16 1 0 -91 0
116.308 1 DESIRED 0. 0.02 0. 0. 0. 235. 0. 12.
116.311 1 ATTITUDE 0.054359 -1.468127 -0.018577
116.383 1 NAVIGATION 0 2 16621114. -5529002. 0. 3.06831289221e+14 0 0
116.397 1 PPRZ_MODE 0 0 0 0 0 17
116.505 1 DESIRED 0. 0.02 0. 0. 0. 235. 0. 12.
116.597 1 PPRZ_MODE 0 0 0 0 0 17
116.601 1 IMU_ACCEL 0.296875 -9.876953 0.353516
116.632 1 NAVIGATION 0 2 16621114. -5529002. 0. 3.06831289221e+14 0 0
116.708 1 DESIRED 0. 0.02 0. 0. 0. 235. 0. 12.
116.711 1 IMU_GYRO -0.051025 0.009521 -0.011475
116.794 1 PPRZ_MODE 0 0 0 0 0 17
116.883 1 NAVIGATION 0 2 16621114. -5529002. 0. 3.06831289221e+14 0 0
116.905 1 DESIRED 0. 0.02 0. 0. 0. 235. 0. 12.
116.967 1 DOWNLINK_STATUS 0 117 40685 1860 2 487. 21. 53.04
116.994 1 PPRZ_MODE 0 0 0 0 0 17
117.104 1 DESIRED 0. 0.02 0. 0. 0. 235. 0. 12.
117.133 1 NAVIGATION 0 2 16621114. -5529002. 0. 3.06831289221e+14 0 0
117.215 1 PPRZ_MODE 0 0 0 0 0 17
117.221 1 GPS 0 1717368064 0 0 -17000 0 0 0 49250 14 12
117.223 1 SVINFO 12 26 16 1 0 -91 0
117.227 1 BAT 530 66 0 0 1 49 0 0
117.230 1 IMU_MAG -0.088379 0.227539 0.384766
117.232 1 DL_VALUE 10 0.
117.316 1 DESIRED 0. 0.02 0. 0. 0. 235. 0. 12.
117.319 1 ATTITUDE 0.05438 -1.468228 -0.018398
117.321 1 ESTIMATOR -17. 0.
117.325 1 ENERGY 6.6 0. 0 0.
117.383 1 NAVIGATION 0 2 16621114. -5529002. 0. 3.06831289221e+14 0 0
117.398 1 PPRZ_MODE 0 0 0 0 0 17
117.400 1 GPS_SOL 649574784 100000 9999 0
117.505 1 DESIRED 0. 0.02 0. 0. 0. 235. 0. 12.
117.598 1 PPRZ_MODE 0 0 0 0 0 17
117.601 1 IMU_ACCEL 0.373047 -9.857422 0.358398
117.633 1 NAVIGATION 0 2 16621114. -5529002. 0. 3.06831289221e+14 0 0
117.708 1 DESIRED 0. 0.02 0. 0. 0. 235. 0. 12.
117.711 1 IMU_GYRO -0.049805 0.007324 -0.009521
117.797 1 PPRZ_MODE 0 0 0 0 0 17
117.799 1 CALIBRATION 0. 0
117.887 1 NAVIGATION 0 2 16621114. -5529002. 0. 3.06831289221e+14 0 0
117.888 1 FBW_STATUS 0 91 0 66 0
117.906 1 DESIRED 0. 0.02 0. 0. 0. 235. 0. 12.
117.968 1 DOWNLINK_STATUS 0 118 41267 1887 2 582. 27. 53.04
117.980 1 COMMANDS 530,532,2408,532,546,0
117.995 1 PPRZ_MODE 0 0 0 0 0 17
118.079 1 ACTUATORS 1349,1710,1551,1510,1385
118.106 1 DESIRED 0. 0.02 0. 0. 0. 235. 0. 12.
118.108 1 STATE_FILTER_STATUS 3 0
118.133 1 NAVIGATION 0 2 16621114. -5529002. 0. 3.06831289221e+14 0 0
118.204 1 PPRZ_MODE 0 0 0 0 0 17
118.210 1 GPS 0 1717368064 0 0 -17000 0 0 0 50250 14 13
118.213 1 SVINFO 13 28 16 1 0 -91 0
118.313 1 DESIRED 0. 0.02 0. 0. 0. 235. 0. 12.
118.316 1 ATTITUDE 0.054363 -1.468548 -0.018528
118.320 1 BAT 530 66 0 0 1 50 0 0
118.384 1 NAVIGATION 0 2 16621114. -5529002. 0. 3.06831289221e+14 0 0
118.396 1 PPRZ_MODE 0 0 0 0 0 17
118.508 1 DESIRED 0. 0.02 0. 0. 0. 235. 0. 12.
118.511 1 IMU_MAG -0.088379 0.220703 0.394531
118.598 1 PPRZ_MODE 0 0 0 0 0 17
118.601 1 IMU_ACCEL 0.291992 -9.842773 0.349609
118.633 1 NAVIGATION 0 2 16621114. -5529002. 0. 3.06831289221e+14 0 0
118.711 1 DESIRED 0. 0.02 0. 0. 0. 235. 0. 12.
118.714 1 IMU_GYRO -0.051025 0.007324 -0.011475
118.716 1 DL_VALUE 0 0.
118.794 1 PPRZ_MODE 0 0 0 0 0 17
118.883 1 NAVIGATION 0 2 16621114. -5529002. 0. 3.06831289221e+14 0 0
118.904 1 DESIRED 0. 0.02 0. 0. 0. 235. 0. 12.
118.969 1 DOWNLINK_STATUS 0 119 41817 1912 2 550. 25. 53.04
118.994 1 PPRZ_MODE 0 0 0 0 0 17
119.104 1 DESIRED 0. 0.02 0. 0. 0. 235. 0. 12.
119.133 1 NAVIGATION 0 2 16621114. -5529002. 0. 3.06831289221e+14 0 0
119.205 1 PPRZ_MODE 0 0 0 0 0 17
119.210 1 GPS 0 1717368064 0 0 -17000 0 0 0 51250 14 14
119.212 1 SVINFO 14 31 16 1 0 -91 0
119.311 1 DESIRED 0. 0.02 0. 0. 0. 235. 0. 12.
119.314 1 ATTITUDE 0.054397 -1.467983 -0.018297
119.316 1 ESTIMATOR -17. 0.
119.385 1 NAVIGATION 0 2 16621114. -5529002. 0. 3.06831289221e+14 0 0
119.429 1 PPRZ_MODE 0 0 0 0 0 17
119.432 1 BAT 530 66 0 0 1 51 0 0
119.435 1 GPS_SOL 649579456 100000 9999 0
119.506 1 DESIRED 0. 0.02 0. 0. 0. 235. 0. 12.
119.597 1 PPRZ_MODE 0 0 0 0 0 17
119.600 1 IMU_ACCEL 0.363281 -9.867188 0.330078
119.632 1 NAVIGATION 0 2 16621114. -5529002. 0. 3.06831289221e+14 0 0
119.709 1 DESIRED 0. 0.02 0. 0. 0. 235. 0. 12.
119.711 1 IMU_GYRO -0.051025 0.008301 -0.012695
119.803 1 PPRZ_MODE 0 0 0 0 0 17
119.806 1 IMU_MAG -0.084961 0.217285 0.40625
119.809 1 ENERGY 6.6 0. 0 0.
119.885 1 FBW_STATUS 0 91 0 66 0
119.889 1 NAVIGATION 0 2 16621114. -5529002. 0. 3.06831289221e+14 0 0
119.912 1 DESIRED 0. 0.02 0. 0. 0. 235. 0. 12.
119.913 1 CALIBRATION 0. 0
119.918 1 ALIVE 165,169,48,99,239,211,149,204,154,107,4,41,67,188,1,67
119.970 1 DOWNLINK_STATUS 0 120 42411 1939 2 594. 27. 53.04
119.994 1 PPRZ_MODE 0 0 0 0 0 17
120.104 1 DESIRED 0. 0.02 0. 0. 0. 235. 0. 12.
120.133 1 NAVIGATION 0 2 16621114. -5529002. 0. 3.06831289221e+14 0 0
120.206 1 PPRZ_MODE 0 0 0 0 0 17
120.212 1 GPS 0 1717368064 0 0 -17000 0 0 0 52250 14 15
120.215 1 SVINFO 15 32 16 1 0 -91 0
120.216 1 DL_VALUE 1 0.
120.316 1 DESIRED 0. 0.02 0. 0. 0. 235. 0. 12.
120.319 1 ATTITUDE 0.054344 -1.46736 -0.018385
120.320 1 STATE_FILTER_STATUS 3 0
120.325 1 NAVIGATION 0 2 16621114. -5529002. 0. 3.06831289221e+14 0 0
120.385 1 NAVIGATION 0 2 16621114. -5529002. 0. 3.06831289221e+14 0 0
120.397 1 PPRZ_MODE 0 0 0 0 0 17
120.430 1 PONG 
120.509 1 DESIRED 0. 0.02 0. 0. 0. 235. 0. 12.
120.512 1 BAT 530 66 0 0 1 52 0 0
120.598 1 PPRZ_MODE 0 0 0 0 0 17
120.601 1 IMU_ACCEL 0.349609 -9.837891 0.31543
120.633 1 NAVIGATION 0 2 16621114. -5529002. 0. 3.06831289221e+14 0 0
120.708 1 DESIRED 0. 0.02 0. 0. 0. 235. 0. 12.
120.711 1 IMU_GYRO -0.051025 0.007324 -0.010498
120.794 1 PPRZ_MODE 0 0 0 0 0 17
120.883 1 NAVIGATION 0 2 16621114. -5529002. 0. 3.06831289221e+14 0 0
120.904 1 DESIRED 0. 0.02 0. 0. 0. 235. 0. 12.
120.971 1 DOWNLINK_STATUS 0 121 42939 1963 2 528. 24. 50.06
120.995 1 PPRZ_MODE 0 0 0 0 0 17
121.111 1 DESIRED 0. 0.02 0. 0. 0. 235. 0. 12.
121.114 1 IMU_MAG -0.093262 0.220703 0.382812
121.115 1 DOWNLINK 0 548 1352
121.133 1 NAVIGATION 0 2 16621114. -5529002. 0. 3.06831289221e+14 0 0
121.205 1 PPRZ_MODE 0 0 0 0 0 17
121.210 1 GPS 0 1717368064 0 0 -17000 0 0 0 53250 14 16
121.213 1 SVINFO 0 1 16 1 0 -91 0
121.311 1 DESIRED 0. 0.02 0. 0. 0. 235. 0. 12.
121.315 1 ATTITUDE 0.054435 -1.467045 -0.018408
121.317 1 ESTIMATOR -17. 0.
121.383 1 NAVIGATION 0 2 16621114. -5529002. 0. 3.06831289221e+14 0 0
121.398 1 PPRZ_MODE 0 0 0 0 0 17
121.401 1 GPS_SOL 649584256 100000 9999 0
121.505 1 DESIRED 0. 0.02 0. 0. 0. 235. 0. 12.
121.603 1 PPRZ_MODE 0 0 0 0 0 17
121.605 1 IMU_ACCEL 0.349609 -9.842773 0.31543
121.610 1 BAT 530 66 0 0 1 53 0 0
121.633 1 NAVIGATION 0 2 16621114. -5529002. 0. 3.06831289221e+14 0 0
121.711 1 DESIRED 0. 0.02 0. 0. 0. 235. 0. 12.
121.713 1 IMU_GYRO -0.051025 0.007324 -0.012695
121.715 1 DL_VALUE 2 235.
121.795 1 PPRZ_MODE 0 0 0 0 0 17
121.886 1 FBW_STATUS 0 91 0 66 0
121.889 1 NAVIGATION 0 2 16621114. -5529002. 0. 3.06831289221e+14 0 0
121.906 1 DESIRED 0. 0.02 0. 0. 0. 235. 0. 12.
