6.152 1 NAVIGATION 0 2 0. 0. 0. 0. 0 0
6.171 1 ATTITUDE -0.049052 -0.110385 0.188658
6.174 1 ESTIMATOR 0. 0.
6.177 1 DOWNLINK 0 243 132
6.272 1 GPS 0 0 0 0 0 0 0 0 0 0 1
6.366 1 GPS_SOL 0 0 0 0
6.402 1 NAVIGATION 0 2 0. 0. 0. 0. 0 0
6.418 1 ATTITUDE -0.048992 -0.110088 0.18862
6.653 1 NAVIGATION 0 2 0. 0. 0. 0. 0 0
6.668 1 ATTITUDE -0.048847 -0.109915 0.188641
6.903 1 NAVIGATION 0 2 0. 0. 0. 0. 0 0
6.917 1 ATTITUDE -0.048983 -0.109695 0.188601
7.048 1 DOWNLINK_STATUS 0 7 1750 82 0 251. 12. 37.51
7.154 1 FBW_STATUS 2 0 1 68 0
7.158 1 NAVIGATION 0 2 0. 0. 0. 0. 0 0
7.171 1 ATTITUDE -0.048886 -0.10961 0.188628
7.272 1 GPS 0 0 0 0 0 0 0 0 0 0 1
7.364 1 ESTIMATOR 0. 0.
7.403 1 NAVIGATION 0 2 0. 0. 0. 0. 0 0
7.418 1 ATTITUDE -0.048871 -0.109416 0.188634
7.464 1 PPRZ_MODE 2 0 0 0 0 6
7.653 1 NAVIGATION 0 2 0. 0. 0. 0. 0 0
7.668 1 ATTITUDE -0.048798 -0.109124 0.188569
7.903 1 NAVIGATION 0 2 0. 0. 0. 0. 0 0
7.918 1 ATTITUDE -0.04883 -0.109147 0.188521
8.048 1 DOWNLINK_STATUS 0 8 2000 94 0 250. 12. 37.51
8.152 1 NAVIGATION 0 2 0. 0. 0. 0. 0 0
8.167 1 ATTITUDE -0.04875 -0.109015 0.18844
8.272 1 GPS 0 0 0 0 0 0 0 0 0 0 1
8.403 1 NAVIGATION 0 2 0. 0. 0. 0. 0 0
8.418 1 ATTITUDE -0.048829 -0.108796 0.188437
8.565 1 ESTIMATOR 0. 0.
8.653 1 NAVIGATION 0 2 0. 0. 0. 0. 0 0
8.668 1 ATTITUDE -0.048783 -0.108252 0.188412
8.903 1 NAVIGATION 0 2 0. 0. 0. 0. 0 0
8.917 1 ATTITUDE -0.048747 -0.108152 0.188442
9.049 1 DOWNLINK_STATUS 0 9 2223 104 0 223. 10. 37.51
9.153 1 FBW_STATUS 2 0 1 68 0
9.158 1 NAVIGATION 0 2 0. 0. 0. 0. 0 0
9.171 1 ATTITUDE -0.048763 -0.10802 0.188412
9.272 1 GPS 0 0 0 0 0 0 0 0 0 0 1
9.402 1 NAVIGATION 0 2 0. 0. 0. 0. 0 0
9.418 1 ATTITUDE -0.048683 -0.107929 0.188332
9.653 1 NAVIGATION 0 2 0. 0. 0. 0. 0 0
9.668 1 ATTITUDE -0.048678 -0.10799 0.188323
9.764 1 ESTIMATOR 0. 0.
9.902 1 NAVIGATION 0 2 0. 0. 0. 0. 0 0
9.917 1 ATTITUDE -0.048648 -0.108016 0.188303
10.050 1 DOWNLINK_STATUS 0 10 2461 115 0 238. 11. 37.51
10.152 1 NAVIGATION 0 2 0. 0. 0. 0. 0 0
10.167 1 ATTITUDE -0.048584 -0.108217 0.188282
10.249 1 COMMANDS 0,970,-1685,0,0
10.272 1 GPS 0 0 0 0 0 0 0 0 0 0 1
10.349 1 ACTUATORS 1250,1478,1575,1602,1350
10.402 1 NAVIGATION 0 2 0. 0. 0. 0. 0 0
10.418 1 ATTITUDE -0.048567 -0.107888 0.188326
10.582 1 PONG 
10.653 1 NAVIGATION 0 2 0. 0. 0. 0. 0 0
10.668 1 ATTITUDE -0.048553 -0.107655 0.188325
10.902 1 NAVIGATION 0 2 0. 0. 0. 0. 0 0
10.917 1 ATTITUDE -0.048451 -0.107487 0.188355
10.964 1 ESTIMATOR 0. 0.
11.051 1 DOWNLINK_STATUS 0 11 2724 128 0 263. 13. 37.49
11.153 1 FBW_STATUS 2 0 1 68 0
11.158 1 NAVIGATION 0 2 0. 0. 0. 0. 0 0
11.171 1 ATTITUDE -0.048479 -0.107105 0.188326
11.272 1 GPS 0 0 0 0 0 0 0 0 0 0 1
11.403 1 NAVIGATION 0 2 0. 0. 0. 0. 0 0
11.418 1 ATTITUDE -0.048463 -0.107044 0.188311
11.653 1 NAVIGATION 0 2 0. 0. 0. 0. 0 0
11.668 1 ATTITUDE -0.048329 -0.107046 0.188256
11.902 1 NAVIGATION 0 2 0. 0. 0. 0. 0 0
11.917 1 ATTITUDE -0.048344 -0.10723 0.188287
12.051 1 DOWNLINK_STATUS 0 12 2948 138 0 224. 10. 37.49
12.152 1 NAVIGATION 0 2 0. 0. 0. 0. 0 0
12.169 1 ATTITUDE -0.048258 -0.10717 0.18825
12.171 1 ESTIMATOR 0. 0.
12.272 1 GPS 0 0 0 0 0 0 0 0 0 0 1
12.403 1 NAVIGATION 0 2 0. 0. 0. 0. 0 0
12.418 1 ATTITUDE -0.048273 -0.106948 0.18831
12.653 1 NAVIGATION 0 2 0. 0. 0. 0. 0 0
12.667 1 ATTITUDE -0.048324 -0.106351 0.188405
12.902 1 NAVIGATION 0 2 0. 0. 0. 0. 0 0
12.917 1 ATTITUDE -0.048389 -0.107006 0.188356
13.052 1 DOWNLINK_STATUS 0 13 3171 148 0 223. 10. 37.49
13.155 1 NAVIGATION 0 2 0. 0. 0. 0. 0 0
13.158 1 FBW_STATUS 2 0 1 68 0
13.171 1 ATTITUDE -0.04935 -0.107057 0.188571
13.272 1 GPS 0 0 0 0 0 0 0 0 0 0 1
13.365 1 ESTIMATOR 0. 0.
13.403 1 NAVIGATION 0 2 0. 0. 0. 0. 0 0
13.418 1 ATTITUDE -0.022812 -0.098479 0.188122
13.464 1 PPRZ_MODE 2 0 0 0 0 6
13.653 1 NAVIGATION 0 2 0. 0. 0. 0. 0 0
13.667 1 ATTITUDE -0.001967 -0.094076 0.187943
13.902 1 NAVIGATION 0 2 0. 0. 0. 0. 0 0
13.917 1 ATTITUDE 0.000996 -0.091521 0.190826
14.053 1 DOWNLINK_STATUS 0 14 3421 160 0 250. 12. 37.49
14.152 1 NAVIGATION 0 2 0. 0. 0. 0. 0 0
14.167 1 ATTITUDE 0.002108 -0.096192 0.206162
14.272 1 GPS 0 0 0 0 0 0 0 0 0 0 1
14.403 1 NAVIGATION 0 2 0. 0. 0. 0. 0 0
14.418 1 ATTITUDE 0.010514 -0.095158 0.224299
14.564 1 ESTIMATOR 0. 0.
14.653 1 NAVIGATION 0 2 0. 0. 0. 0. 0 0
14.667 1 ATTITUDE 0.019475 -0.092723 0.239027
14.902 1 NAVIGATION 0 2 0. 0. 0. 0. 0 0
14.917 1 ATTITUDE 0.019334 -0.087444 0.262856
15.053 1 DOWNLINK_STATUS 0 15 3644 170 0 223. 10. 37.49
15.153 1 FBW_STATUS 2 0 1 68 0
15.158 1 NAVIGATION 0 2 0. 0. 0. 0. 0 0
15.171 1 ATTITUDE 0.025498 -0.087349 0.26777
15.249 1 COMMANDS 0,-796,-802,0,0
15.272 1 GPS 0 0 0 0 0 0 0 0 0 0 1
15.349 1 ACTUATORS 1250,1520,1529,1557,1350
15.403 1 NAVIGATION 0 2 0. 0. 0. 0. 0 0
15.418 1 ATTITUDE 0.027182 -0.099521 0.220559
15.582 1 PONG 
15.652 1 NAVIGATION 0 2 0. 0. 0. 0. 0 0
15.667 1 ATTITUDE -0.010092 -0.108599 0.189973
15.769 1 ESTIMATOR 0. 0.
15.772 1 BAT 0 68 0 0 1 20 0 0
15.902 1 NAVIGATION 0 2 0. 0. 0. 0. 0 0
15.917 1 ATTITUDE -0.051261 -0.118634 0.19164
16.054 1 DOWNLINK_STATUS 0 16 3943 185 0 299. 15. 37.45
16.068 1 ALIVE 156,4,177,134,119,160,126,210,193,34,235,23,94,211,171,111
16.152 1 NAVIGATION 0 2 0. 0. 0. 0. 0 0
16.167 1 ATTITUDE -0.049715 -0.118144 0.1916
16.272 1 GPS 0 0 0 0 0 0 0 0 0 0 1
16.375 1 WIND_INFO 1 42 0. 0. 0.
16.410 1 NAVIGATION 0 2 0. 0. 0. 0. 0 0
16.458 1 ATTITUDE -0.05012 -0.117787 0.191478
16.563 1 DOWNLINK 0 243 250
16.652 1 NAVIGATION 0 2 0. 0. 0. 0. 0 0
16.667 1 ATTITUDE -0.049685 -0.117745 0.191293
16.865 1 GPS_SOL 0 0 0 0
16.902 1 NAVIGATION 0 2 0. 0. 0. 0. 0 0
16.917 1 ATTITUDE -0.049483 -0.117573 0.191193
16.964 1 ESTIMATOR 0. 0.
17.055 1 DOWNLINK_STATUS 0 17 4217 198 0 274. 13. 37.45
17.153 1 FBW_STATUS 2 0 1 68 0
17.158 1 NAVIGATION 0 2 0. 0. 0. 0. 0 0
17.170 1 ATTITUDE -0.049746 -0.117641 0.191046
17.272 1 GPS 0 0 0 0 0 0 0 0 0 0 1
17.402 1 NAVIGATION 0 2 0. 0. 0. 0. 0 0
17.417 1 ATTITUDE -0.04965 -0.117158 0.191045
17.652 1 NAVIGATION 0 2 0. 0. 0. 0. 0 0
17.667 1 ATTITUDE -0.050686 -0.11767 0.191066
17.902 1 NAVIGATION 0 2 0. 0. 0. 0. 0 0
17.917 1 ATTITUDE -0.050174 -0.117826 0.191042
18.056 1 DOWNLINK_STATUS 0 18 4441 208 0 224. 10. 37.45
18.152 1 NAVIGATION 0 2 0. 0. 0. 0. 0 0
18.168 1 ATTITUDE -0.042081 -0.116987 0.190793
18.170 1 ESTIMATOR 0. 0.
18.271 1 GPS 0 0 0 0 0 0 0 0 0 0 1
18.402 1 NAVIGATION 0 2 0. 0. 0. 0. 0 0
18.417 1 ATTITUDE -0.016062 -0.143796 0.188073
18.652 1 NAVIGATION 0 2 0. 0. 0. 0. 0 0
18.667 1 ATTITUDE -0.001264 -0.153009 0.18759
18.902 1 NAVIGATION 0 2 0. 0. 0. 0. 0 0
18.917 1 ATTITUDE 0.007439 -0.158977 0.201454
19.057 1 DOWNLINK_STATUS 0 19 4664 218 0 223. 10. 37.45
19.155 1 NAVIGATION 0 2 0. 0. 0. 0. 0 0
19.157 1 FBW_STATUS 2 0 1 68 0
19.170 1 ATTITUDE 0.034117 -0.153252 0.256258
19.271 1 GPS 0 0 0 0 0 0 0 0 0 0 1
19.364 1 ESTIMATOR 0. 0.
19.402 1 NAVIGATION 0 2 0. 0. 0. 0. 0 0
19.417 1 ATTITUDE 0.05087 -0.147716 0.309276
19.463 1 PPRZ_MODE 2 0 0 0 0 6
19.652 1 NAVIGATION 0 2 0. 0. 0. 0. 0 0
19.667 1 ATTITUDE 0.061801 -0.145374 0.338398
19.902 1 NAVIGATION 0 2 0. 0. 0. 0. 0 0
19.917 1 ATTITUDE 0.069718 -0.145734 0.339564
20.058 1 DOWNLINK_STATUS 0 20 4914 230 0 250. 12. 37.45
20.152 1 NAVIGATION 0 2 0. 0. 0. 0. 0 0
20.167 1 ATTITUDE 0.070114 -0.143955 0.345764
20.248 1 COMMANDS 0,-1310,-4090,0,0
20.271 1 GPS 0 0 0 0 0 0 0 0 0 0 1
20.348 1 ACTUATORS 1250,1350,1500,1526,1350
20.402 1 NAVIGATION 0 2 0. 0. 0. 0. 0 0
20.417 1 ATTITUDE 0.070916 -0.141806 0.364265
20.564 1 ESTIMATOR 0. 0.
20.597 1 PONG 
20.652 1 NAVIGATION 0 2 0. 0. 0. 0. 0 0
20.667 1 ATTITUDE 0.076456 -0.139258 0.385904
20.902 1 NAVIGATION 0 2 0. 0. 0. 0. 0 0
20.917 1 ATTITUDE 0.095524 -0.151566 0.3379
21.059 1 DOWNLINK_STATUS 0 21 5177 243 0 263. 13. 51.47
21.152 1 FBW_STATUS 2 0 1 68 0
21.158 1 NAVIGATION 0 2 0. 0. 0. 0. 0 0
21.170 1 ATTITUDE 0.082909 -0.16615 0.283181
21.271 1 GPS 0 0 0 0 0 0 0 0 0 0 1
21.402 1 NAVIGATION 0 2 0. 0. 0. 0. 0 0
21.417 1 ATTITUDE 0.064442 -0.17279 0.259242
21.652 1 NAVIGATION 0 2 0. 0. 0. 0. 0 0
21.667 1 ATTITUDE 0.042856 -0.177865 0.229097
21.764 1 ESTIMATOR 0. 0.
21.902 1 NAVIGATION 0 2 0. 0. 0. 0. 0 0
21.917 1 ATTITUDE 0.024848 -0.180993 0.196284
22.060 1 DOWNLINK_STATUS 0 22 5415 254 0 238. 11. 51.47
22.152 1 NAVIGATION 0 2 0. 0. 0. 0. 0 0
22.166 1 ATTITUDE 0.022979 -0.180776 0.176286
22.271 1 GPS 0 0 0 0 0 0 0 0 0 0 1
22.401 1 NAVIGATION 0 2 0. 0. 0. 0. 0 0
22.417 1 ATTITUDE -0.004432 -0.186928 0.171226
22.652 1 NAVIGATION 0 2 0. 0. 0. 0. 0 0
22.667 1 ATTITUDE -0.031485 -0.192408 0.173439
22.902 1 NAVIGATION 0 2 0. 0. 0. 0. 0 0
22.917 1 ATTITUDE -0.031551 -0.192167 0.173658
22.964 1 ESTIMATOR 0. 0.
23.061 1 DOWNLINK_STATUS 0 23 5638 264 0 223. 10. 51.47
23.152 1 FBW_STATUS 2 0 1 68 0
23.158 1 NAVIGATION 0 2 0. 0. 0. 0. 0 0
23.170 1 ATTITUDE -0.031582 -0.191912 0.174002
23.271 1 GPS 0 0 0 0 0 0 0 0 0 0 1
23.401 1 NAVIGATION 0 2 0. 0. 0. 0. 0 0
23.417 1 ATTITUDE -0.031499 -0.191658 0.174206
23.652 1 NAVIGATION 0 2 0. 0. 0. 0. 0 0
23.667 1 ATTITUDE -0.031579 -0.191943 0.174399
23.902 1 NAVIGATION 0 2 0. 0. 0. 0. 0 0
23.917 1 ATTITUDE -0.031495 -0.192202 0.174648
24.062 1 DOWNLINK_STATUS 0 24 5862 274 0 224. 10. 51.47
24.152 1 NAVIGATION 0 2 0. 0. 0. 0. 0 0
24.168 1 ATTITUDE -0.031186 -0.192205 0.17473
24.170 1 ESTIMATOR 0. 0.
24.271 1 GPS 0 0 0 0 0 0 0 0 0 0 1
24.401 1 NAVIGATION 0 2 0. 0. 0. 0. 0 0
24.417 1 ATTITUDE 0.023303 -0.177974 0.171507
24.652 1 NAVIGATION 0 2 0. 0. 0. 0. 0 0
24.667 1 ATTITUDE 0.052984 -0.169767 0.167178
24.902 1 NAVIGATION 0 2 0. 0. 0. 0. 0 0
24.917 1 ATTITUDE 0.087099 -0.162302 0.173731
25.063 1 DOWNLINK_STATUS 0 25 6085 284 0 223. 10. 51.47
25.154 1 NAVIGATION 0 2 0. 0. 0. 0. 0 0
25.157 1 FBW_STATUS 2 0 1 68 0
25.169 1 ATTITUDE 0.137831 -0.159471 0.159161
25.248 1 COMMANDS 0,-3101,-187,0,0
25.271 1 GPS 0 0 0 0 0 0 0 0 0 0 1
25.348 1 ACTUATORS 1250,1566,1435,1455,1350
25.364 1 ESTIMATOR 0. 0.
25.401 1 NAVIGATION 0 2 0. 0. 0. 0. 0 0
25.417 1 ATTITUDE 0.156739 -0.158485 0.146568
25.463 1 PPRZ_MODE 2 0 0 0 0 6
25.584 1 PONG 
25.652 1 NAVIGATION 0 2 0. 0. 0. 0. 0 0
25.667 1 ATTITUDE 0.156711 -0.158628 0.151625
25.867 1 BAT 0 68 0 0 1 30 0 0
25.902 1 NAVIGATION 0 2 0. 0. 0. 0. 0 0
25.916 1 ATTITUDE 0.10391 -0.169231 0.17511
26.064 1 DOWNLINK_STATUS 0 26 6396 300 0 311. 16. 37.59
26.151 1 NAVIGATION 0 2 0. 0. 0. 0. 0 0
26.166 1 ATTITUDE 0.054295 -0.180907 0.160924
26.276 1 GPS 0 0 0 0 0 0 0 0 0 0 1
26.280 1 ALIVE 156,4,177,134,119,160,126,210,193,34,235,23,94,211,171,111
26.375 1 WIND_INFO 1 42 0. 0. 0.
26.422 1 NAVIGATION 0 2 0. 0. 0. 0. 0 0
26.456 1 ATTITUDE -0.004106 -0.194947 0.154526
26.564 1 ESTIMATOR 0. 0.
26.651 1 NAVIGATION 0 2 0. 0. 0. 0. 0 0
26.667 1 ATTITUDE -0.014381 -0.196328 0.156006
26.902 1 NAVIGATION 0 2 0. 0. 0. 0. 0 0
26.916 1 ATTITUDE -0.014447 -0.196037 0.156231
26.962 1 DOWNLINK 0 245 370
27.065 1 DOWNLINK_STATUS 0 27 6653 312 0 257. 12. 37.59
27.152 1 FBW_STATUS 2 0 1 68 0
27.157 1 NAVIGATION 0 2 0. 0. 0. 0. 0 0
27.170 1 ATTITUDE -0.014519 -0.195542 0.156455
27.271 1 GPS 0 0 0 0 0 0 0 0 0 0 1
27.365 1 GPS_SOL 0 0 0 0
27.401 1 NAVIGATION 0 2 0. 0. 0. 0. 0 0
27.416 1 ATTITUDE -0.014908 -0.195479 0.156711
27.652 1 NAVIGATION 0 2 0. 0. 0. 0. 0 0
27.667 1 ATTITUDE -0.015026 -0.195228 0.157019
27.764 1 ESTIMATOR 0. 0.
27.902 1 NAVIGATION 0 2 0. 0. 0. 0. 0 0
27.916 1 ATTITUDE -0.014915 -0.195025 0.15725
28.066 1 DOWNLINK_STATUS 0 28 6908 324 0 255. 12. 37.59
28.151 1 NAVIGATION 0 2 0. 0. 0. 0. 0 0
28.166 1 ATTITUDE -0.015125 -0.194983 0.157496
28.270 1 GPS 0 0 0 0 0 0 0 0 0 0 1
28.401 1 NAVIGATION 0 2 0. 0. 0. 0. 0 0
28.417 1 ATTITUDE -0.015408 -0.194766 0.157741
28.651 1 NAVIGATION 0 2 0. 0. 0. 0. 0 0
28.667 1 ATTITUDE -0.015513 -0.194579 0.157993
28.901 1 NAVIGATION 0 2 0. 0. 0. 0. 0 0
28.916 1 ATTITUDE -0.015803 -0.194511 0.158277
28.963 1 ESTIMATOR 0. 0.
29.067 1 DOWNLINK_STATUS 0 29 7131 334 0 223. 10. 37.59
29.152 1 FBW_STATUS 2 0 1 68 0
29.157 1 NAVIGATION 0 2 0. 0. 0. 0. 0 0
29.169 1 ATTITUDE -0.015911 -0.194334 0.158496
29.271 1 GPS 0 0 0 0 0 0 0 0 0 0 1
29.401 1 NAVIGATION 0 2 0. 0. 0. 0. 0 0
29.416 1 ATTITUDE -0.016035 -0.194353 0.158598
29.651 1 NAVIGATION 0 2 0. 0. 0. 0. 0 0
29.667 1 ATTITUDE -0.016001 -0.194473 0.158749
29.902 1 NAVIGATION 0 2 0. 0. 0. 0. 0 0
29.916 1 ATTITUDE -0.016148 -0.194634 0.15891
30.068 1 DOWNLINK_STATUS 0 30 7355 344 0 224. 10. 37.59
30.151 1 NAVIGATION 0 2 0. 0. 0. 0. 0 0
30.168 1 ATTITUDE -0.016201 -0.194534 0.159079
30.170 1 ESTIMATOR 0. 0.
30.247 1 COMMANDS 0,328,-1516,0,0
30.271 1 GPS 0 0 0 0 0 0 0 0 0 0 1
30.347 1 ACTUATORS 1250,1489,1558,1587,1350
30.401 1 NAVIGATION 0 2 0. 0. 0. 0. 0 0
30.416 1 ATTITUDE -0.016174 -0.19435 0.159156
30.586 1 PONG 
30.651 1 NAVIGATION 0 2 0. 0. 0. 0. 0 0
30.667 1 ATTITUDE -0.016526 -0.194125 0.159328
30.901 1 NAVIGATION 0 2 0. 0. 0. 0. 0 0
30.916 1 ATTITUDE -0.016576 -0.194158 0.159514
31.069 1 DOWNLINK_STATUS 0 31 7618 357 0 263. 13. 38.39
31.152 1 FBW_STATUS 2 0 1 68 0
31.157 1 NAVIGATION 0 2 0. 0. 0. 0. 0 0
31.169 1 ATTITUDE -0.016785 -0.193876 0.159622
31.271 1 GPS 0 0 0 0 0 0 0 0 0 0 1
31.363 1 ESTIMATOR 0. 0.
31.401 1 NAVIGATION 0 2 0. 0. 0. 0. 0 0
31.416 1 ATTITUDE -0.01678 -0.193765 0.159768
31.463 1 PPRZ_MODE 2 0 0 0 0 6
31.651 1 NAVIGATION 0 2 0. 0. 0. 0. 0 0
31.667 1 ATTITUDE -0.016845 -0.193744 0.159843
31.901 1 NAVIGATION 0 2 0. 0. 0. 0. 0 0
31.916 1 ATTITUDE -0.016933 -0.193746 0.159959
32.070 1 DOWNLINK_STATUS 0 32 7868 369 0 250. 12. 38.39
32.151 1 NAVIGATION 0 2 0. 0. 0. 0. 0 0
32.166 1 ATTITUDE -0.016946 -0.193959 0.160039
32.270 1 GPS 0 0 0 0 0 0 0 0 0 0 1
32.401 1 NAVIGATION 0 2 0. 0. 0. 0. 0 0
32.416 1 ATTITUDE -0.017054 -0.193743 0.160084
32.562 1 ESTIMATOR 0. 0.
32.651 1 NAVIGATION 0 2 0. 0. 0. 0. 0 0
32.666 1 ATTITUDE -0.017098 -0.19379 0.160252
32.901 1 NAVIGATION 0 2 0. 0. 0. 0. 0 0
32.916 1 ATTITUDE -0.017241 -0.193504 0.160369
33.071 1 DOWNLINK_STATUS 0 33 8091 379 0 223. 10. 38.39
33.152 1 FBW_STATUS 2 0 1 68 0
33.157 1 NAVIGATION 0 2 0. 0. 0. 0. 0 0
33.169 1 ATTITUDE -0.017268 -0.19348 0.160416
33.271 1 GPS 0 0 0 0 0 0 0 0 0 0 1
33.401 1 NAVIGATION 0 2 0. 0. 0. 0. 0 0
33.416 1 ATTITUDE -0.017375 -0.193457 0.160516
33.651 1 NAVIGATION 0 2 0. 0. 0. 0. 0 0
33.666 1 ATTITUDE -0.017441 -0.193531 0.16061
33.763 1 ESTIMATOR 0. 0.
33.901 1 NAVIGATION 0 2 0. 0. 0. 0. 0 0
33.916 1 ATTITUDE -0.017522 -0.193563 0.160693
34.072 1 DOWNLINK_STATUS 0 34 8329 390 0 238. 11. 38.39
34.152 1 NAVIGATION 0 2 0. 0. 0. 0. 0 0
34.166 1 ATTITUDE -0.017614 -0.193561 0.160692
34.270 1 GPS 0 0 0 0 0 0 0 0 0 0 1
34.401 1 NAVIGATION 0 2 0. 0. 0. 0. 0 0
34.416 1 ATTITUDE -0.017728 -0.193336 0.160747
34.650 1 NAVIGATION 0 2 0. 0. 0. 0. 0 0
34.666 1 ATTITUDE -0.017877 -0.19305 0.16079
34.901 1 NAVIGATION 0 2 0. 0. 0. 0. 0 0
34.916 1 ATTITUDE -0.017933 -0.193015 0.160802
34.963 1 ESTIMATOR 0. 0.
35.072 1 DOWNLINK_STATUS 0 35 8552 400 0 223. 10. 38.39
35.153 1 FBW_STATUS 2 0 1 68 0
35.157 1 NAVIGATION 0 2 0. 0. 0. 0. 0 0
35.169 1 ATTITUDE -0.017971 -0.192949 0.160857
35.247 1 COMMANDS 0,359,-1541,0,0
35.271 1 GPS 0 0 0 0 0 0 0 0 0 0 1
35.347 1 ACTUATORS 1250,1488,1559,1588,1350
35.401 1 NAVIGATION 0 2 0. 0. 0. 0. 0 0
35.416 1 ATTITUDE -0.017907 -0.192876 0.160886
35.585 1 PONG 
35.650 1 NAVIGATION 0 2 0. 0. 0. 0. 0 0
35.666 1 ATTITUDE -0.017997 -0.193036 0.160926
35.901 1 NAVIGATION 0 2 0. 0. 0. 0. 0 0
35.916 1 ATTITUDE -0.017938 -0.19293 0.16097
35.965 1 BAT 0 68 0 0 1 40 0 0
36.073 1 DOWNLINK_STATUS 0 36 8837 414 0 285. 14. 37.47
36.151 1 NAVIGATION 0 2 0. 0. 0. 0. 0 0
36.168 1 ATTITUDE -0.017952 -0.193102 0.161006
36.170 1 ESTIMATOR 0. 0.
36.270 1 GPS 0 0 0 0 0 0 0 0 0 0 1
36.375 1 WIND_INFO 1 42 0. 0. 0.
36.439 1 NAVIGATION 0 2 0. 0. 0. 0. 0 0
36.501 1 ATTITUDE -0.018047 -0.193058 0.161009
36.519 1 ALIVE 156,4,177,134,119,160,126,210,193,34,235,23,94,211,171,111
36.650 1 NAVIGATION 0 2 0. 0. 0. 0. 0 0
36.666 1 ATTITUDE -0.018112 -0.192744 0.161083
36.901 1 NAVIGATION 0 2 0. 0. 0. 0. 0 0
36.916 1 ATTITUDE -0.018186 -0.192704 0.16101
37.074 1 DOWNLINK_STATUS 0 37 9083 425 0 246. 11. 37.47
37.155 1 NAVIGATION 0 2 0. 0. 0. 0. 0 0
37.157 1 FBW_STATUS 2 0 1 68 0
37.169 1 ATTITUDE -0.018205 -0.192666 0.161029
37.270 1 GPS 0 0 0 0 0 0 0 0 0 0 1
37.364 1 ESTIMATOR 0. 0.
37.367 1 DOWNLINK 0 244 489
37.401 1 NAVIGATION 0 2 0. 0. 0. 0. 0 0
37.415 1 ATTITUDE -0.018223 -0.192707 0.161052
37.461 1 PPRZ_MODE 2 0 0 0 0 6
37.650 1 NAVIGATION 0 2 0. 0. 0. 0. 0 0
37.665 1 ATTITUDE -0.018246 -0.192805 0.160963
37.864 1 GPS_SOL 0 0 0 0
37.900 1 NAVIGATION 0 2 0. 0. 0. 0. 0 0
37.916 1 ATTITUDE -0.018292 -0.192994 0.160954
38.075 1 DOWNLINK_STATUS 0 38 9361 439 0 278. 14. 37.47
38.151 1 NAVIGATION 0 2 0. 0. 0. 0. 0 0
38.166 1 ATTITUDE -0.01838 -0.193151 0.160917
38.270 1 GPS 0 0 0 0 0 0 0 0 0 0 1
38.401 1 NAVIGATION 0 2 0. 0. 0. 0. 0 0
38.415 1 ATTITUDE -0.0184 -0.193073 0.160864
38.562 1 ESTIMATOR 0. 0.
38.650 1 NAVIGATION 0 2 0. 0. 0. 0. 0 0
38.665 1 ATTITUDE -0.018416 -0.193196 0.160984
38.901 1 NAVIGATION 0 2 0. 0. 0. 0. 0 0
38.916 1 ATTITUDE -0.018502 -0.193297 0.160981
39.076 1 DOWNLINK_STATUS 0 39 9584 449 0 223. 10. 37.47
39.152 1 FBW_STATUS 2 0 1 68 0
39.157 1 NAVIGATION 0 2 0. 0. 0. 0. 0 0
39.169 1 ATTITUDE -0.018547 -0.193359 0.160953
39.270 1 GPS 0 0 0 0 0 0 0 0 0 0 1
39.400 1 NAVIGATION 0 2 0. 0. 0. 0. 0 0
39.415 1 ATTITUDE -0.018731 -0.193689 0.160989
39.650 1 NAVIGATION 0 2 0. 0. 0. 0. 0 0
39.665 1 ATTITUDE -0.018668 -0.193941 0.160984
39.763 1 ESTIMATOR 0. 0.
39.900 1 NAVIGATION 0 2 0. 0. 0. 0. 0 0
39.916 1 ATTITUDE -0.01873 -0.193951 0.160948
40.077 1 DOWNLINK_STATUS 0 40 9822 460 0 238. 11. 37.47
40.151 1 NAVIGATION 0 2 0. 0. 0. 0. 0 0
40.166 1 ATTITUDE -0.018715 -0.193969 0.160919
40.247 1 COMMANDS 0,383,-1522,0,0
40.270 1 GPS 0 0 0 0 0 0 0 0 0 0 1
40.346 1 ACTUATORS 1250,1488,1559,1588,1350
40.400 1 NAVIGATION 0 2 0. 0. 0. 0. 0 0
40.415 1 ATTITUDE -0.018721 -0.193752 0.161002
40.587 1 PONG 
40.650 1 NAVIGATION 0 2 0. 0. 0. 0. 0 0
40.665 1 ATTITUDE -0.018731 -0.193567 0.161018
40.900 1 NAVIGATION 0 2 0. 0. 0. 0. 0 0
40.916 1 ATTITUDE -0.018938 -0.193759 0.16096
40.963 1 ESTIMATOR 0. 0.
41.078 1 DOWNLINK_STATUS 0 41 10085 473 0 263. 13. 38.4
41.152 1 FBW_STATUS 2 0 1 68 0
41.156 1 NAVIGATION 0 2 0. 0. 0. 0. 0 0
41.169 1 ATTITUDE -0.018886 -0.19358 0.16102
41.269 1 GPS 0 0 0 0 0 0 0 0 0 0 1
41.400 1 NAVIGATION 0 2 0. 0. 0. 0. 0 0
41.415 1 ATTITUDE -0.019075 -0.19398 0.16098
41.650 1 NAVIGATION 0 2 0. 0. 0. 0. 0 0
41.665 1 ATTITUDE -0.018976 -0.194255 0.160971
41.900 1 NAVIGATION 0 2 0. 0. 0. 0. 0 0
41.916 1 ATTITUDE -0.018925 -0.194335 0.160982
42.079 1 DOWNLINK_STATUS 0 42 10309 483 0 224. 10. 38.4
42.151 1 NAVIGATION 0 2 0. 0. 0. 0. 0 0
42.167 1 ATTITUDE -0.019004 -0.194777 0.160965
42.169 1 ESTIMATOR 0. 0.
42.269 1 GPS 0 0 0 0 0 0 0 0 0 0 1
42.400 1 NAVIGATION 0 2 0. 0. 0. 0. 0 0
42.415 1 ATTITUDE -0.01897 -0.194651 0.160911
42.650 1 NAVIGATION 0 2 0. 0. 0. 0. 0 0
42.666 1 ATTITUDE -0.019056 -0.194793 0.160884
42.900 1 NAVIGATION 0 2 0. 0. 0. 0. 0 0
42.916 1 ATTITUDE -0.019185 -0.19474 0.160842
43.080 1 DOWNLINK_STATUS 0 43 10532 493 0 223. 10. 38.4
43.153 1 NAVIGATION 0 2 0. 0. 0. 0. 0 0
43.156 1 FBW_STATUS 2 0 1 68 0
43.168 1 ATTITUDE -0.019173 -0.194797 0.160791
43.269 1 GPS 0 0 0 0 0 0 0 0 0 0 1
43.362 1 ESTIMATOR 0. 0.
43.400 1 NAVIGATION 0 2 0. 0. 0. 0. 0 0
43.415 1 ATTITUDE -0.019283 -0.195048 0.160836
43.461 1 PPRZ_MODE 2 0 0 0 0 6
43.650 1 NAVIGATION 0 2 0. 0. 0. 0. 0 0
43.666 1 ATTITUDE -0.019176 -0.195022 0.160847
43.901 1 NAVIGATION 0 2 0. 0. 0. 0. 0 0
43.916 1 ATTITUDE -0.019235 -0.195453 0.160766
44.081 1 DOWNLINK_STATUS 0 44 10782 505 0 250. 12. 38.4
44.150 1 NAVIGATION 0 2 0. 0. 0. 0. 0 0
44.166 1 ATTITUDE -0.019167 -0.195397 0.160788
44.269 1 GPS 0 0 0 0 0 0 0 0 0 0 1
44.400 1 NAVIGATION 0 2 0. 0. 0. 0. 0 0
44.415 1 ATTITUDE -0.019215 -0.195284 0.160736
44.562 1 ESTIMATOR 0. 0.
44.650 1 NAVIGATION 0 2 0. 0. 0. 0. 0 0
44.665 1 ATTITUDE -0.019546 -0.195287 0.160752
44.900 1 NAVIGATION 0 2 0. 0. 0. 0. 0 0
44.916 1 ATTITUDE -0.019423 -0.195193 0.1607
45.082 1 DOWNLINK_STATUS 0 45 11005 515 0 223. 10. 38.4
45.151 1 FBW_STATUS 2 0 1 68 0
45.155 1 NAVIGATION 0 2 0. 0. 0. 0. 0 0
45.168 1 ATTITUDE -0.019555 -0.195089 0.160673
45.246 1 COMMANDS 0,382,-1538,0,0
45.269 1 GPS 0 0 0 0 0 0 0 0 0 0 1
45.346 1 ACTUATORS 1250,1487,1559,1588,1350
45.400 1 NAVIGATION 0 2 0. 0. 0. 0. 0 0
45.415 1 ATTITUDE -0.01947 -0.195278 0.160655
45.588 1 PONG 
45.650 1 NAVIGATION 0 2 0. 0. 0. 0. 0 0
45.665 1 ATTITUDE -0.019395 -0.195498 0.160675
45.762 1 ESTIMATOR 0. 0.
45.900 1 NAVIGATION 0 2 0. 0. 0. 0. 0 0
45.916 1 ATTITUDE -0.019544 -0.195631 0.160632
46.064 1 BAT 0 68 0 0 1 50 0 0
46.083 1 DOWNLINK_STATUS 0 46 11304 530 0 299. 15. 38.48
46.150 1 NAVIGATION 0 2 0. 0. 0. 0. 0 0
46.165 1 ATTITUDE -0.01961 -0.195936 0.160488
46.269 1 GPS 0 0 0 0 0 0 0 0 0 0 1
46.375 1 WIND_INFO 1 42 0. 0. 0.
46.401 1 NAVIGATION 0 2 0. 0. 0. 0. 0 0
46.460 1 ATTITUDE -0.019495 -0.195903 0.1604
46.650 1 NAVIGATION 0 2 0. 0. 0. 0. 0 0
46.669 1 ATTITUDE -0.019456 -0.195891 0.160368
46.673 1 ALIVE 156,4,177,134,119,160,126,210,193,34,235,23,94,211,171,111
46.900 1 NAVIGATION 0 2 0. 0. 0. 0. 0 0
46.916 1 ATTITUDE -0.019434 -0.195923 0.16027
46.962 1 ESTIMATOR 0. 0.
47.083 1 DOWNLINK_STATUS 0 47 11550 541 0 246. 11. 38.48
47.151 1 FBW_STATUS 2 0 1 68 0
47.155 1 NAVIGATION 0 2 0. 0. 0. 0. 0 0
47.168 1 ATTITUDE -0.01942 -0.195839 0.16019
47.269 1 GPS 0 0 0 0 0 0 0 0 0 0 1
47.400 1 NAVIGATION 0 2 0. 0. 0. 0. 0 0
47.415 1 ATTITUDE -0.019395 -0.19589 0.160112
47.650 1 NAVIGATION 0 2 0. 0. 0. 0. 0 0
47.665 1 ATTITUDE -0.01941 -0.196001 0.160111
47.761 1 DOWNLINK 0 244 608
47.900 1 NAVIGATION 0 2 0. 0. 0. 0. 0 0
47.915 1 ATTITUDE -0.019443 -0.196193 0.160072
48.084 1 DOWNLINK_STATUS 0 48 11785 552 0 235. 11. 38.48
48.150 1 NAVIGATION 0 2 0. 0. 0. 0. 0 0
48.166 1 ATTITUDE -0.019483 -0.196494 0.159993
48.169 1 ESTIMATOR 0. 0.
48.269 1 GPS 0 0 0 0 0 0 0 0 0 0 1
48.363 1 GPS_SOL 0 0 0 0
48.400 1 NAVIGATION 0 2 0. 0. 0. 0. 0 0
48.415 1 ATTITUDE -0.019551 -0.196187 0.159978
48.650 1 NAVIGATION 0 2 0. 0. 0. 0. 0 0
48.666 1 ATTITUDE -0.019675 -0.196407 0.159928
48.900 1 NAVIGATION 0 2 0. 0. 0. 0. 0 0
48.914 1 ATTITUDE -0.019757 -0.196218 0.159872
49.085 1 DOWNLINK_STATUS 0 49 12025 563 0 240. 11. 38.48
49.151 1 FBW_STATUS 2 0 1 68 0
49.155 1 NAVIGATION 0 2 0. 0. 0. 0. 0 0
49.168 1 ATTITUDE -0.01969 -0.196383 0.15981
49.269 1 GPS 0 0 0 0 0 0 0 0 0 0 1
49.362 1 ESTIMATOR 0. 0.
49.400 1 NAVIGATION 0 2 0. 0. 0. 0. 0 0
49.415 1 ATTITUDE -0.019652 -0.196462 0.159756
49.461 1 PPRZ_MODE 2 0 0 0 0 6
49.650 1 NAVIGATION 0 2 0. 0. 0. 0. 0 0
49.665 1 ATTITUDE -0.019725 -0.196624 0.159783
49.900 1 NAVIGATION 0 2 0. 0. 0. 0. 0 0
49.914 1 ATTITUDE -0.019812 -0.196915 0.159812
50.086 1 DOWNLINK_STATUS 0 50 12275 575 0 250. 12. 38.48
50.150 1 NAVIGATION 0 2 0. 0. 0. 0. 0 0
50.165 1 ATTITUDE -0.019881 -0.197034 0.159819
50.246 1 COMMANDS 0,391,-1507,0,0
50.269 1 GPS 0 0 0 0 0 0 0 0 0 0 1
50.346 1 ACTUATORS 1250,1488,1560,1588,1350
50.400 1 NAVIGATION 0 2 0. 0. 0. 0. 0 0
50.415 1 ATTITUDE -0.019737 -0.196937 0.159775
50.562 1 ESTIMATOR 0. 0.
50.595 1 PONG 
50.650 1 NAVIGATION 0 2 0. 0. 0. 0. 0 0
50.665 1 ATTITUDE -0.019816 -0.196707 0.159704
50.900 1 NAVIGATION 0 2 0. 0. 0. 0. 0 0
50.914 1 ATTITUDE -0.019767 -0.196857 0.159615
51.087 1 DOWNLINK_STATUS 0 51 12538 588 0 263. 13. 44.47
51.151 1 FBW_STATUS 2 0 1 68 0
51.155 1 NAVIGATION 0 2 0. 0. 0. 0. 0 0
51.168 1 ATTITUDE -0.01978 -0.196794 0.159535
51.269 1 GPS 0 0 0 0 0 0 0 0 0 0 1
51.400 1 NAVIGATION 0 2 0. 0. 0. 0. 0 0
51.415 1 ATTITUDE -0.019863 -0.196772 0.159486
51.650 1 NAVIGATION 0 2 0. 0. 0. 0. 0 0
51.665 1 ATTITUDE -0.019823 -0.196994 0.159505
51.762 1 ESTIMATOR 0. 0.
51.900 1 NAVIGATION 0 2 0. 0. 0. 0. 0 0
51.914 1 ATTITUDE -0.01981 -0.197098 0.159549
52.088 1 DOWNLINK_STATUS 0 52 12776 599 0 238. 11. 44.47
52.149 1 NAVIGATION 0 2 0. 0. 0. 0. 0 0
52.165 1 ATTITUDE -0.019849 -0.197363 0.159489
52.269 1 GPS 0 0 0 0 0 0 0 0 0 0 1
52.400 1 NAVIGATION 0 2 0. 0. 0. 0. 0 0
52.415 1 ATTITUDE -0.019757 -0.197218 0.159405
52.650 1 NAVIGATION 0 2 0. 0. 0. 0. 0 0
52.665 1 ATTITUDE -0.019892 -0.19741 0.159294
52.899 1 NAVIGATION 0 2 0. 0. 0. 0. 0 0
52.914 1 ATTITUDE -0.019801 -0.197351 0.15924
52.961 1 ESTIMATOR 0. 0.
53.089 1 DOWNLINK_STATUS 0 53 12999 609 0 223. 10. 44.47
53.153 1 NAVIGATION 0 2 0. 0. 0. 0. 0 0
53.155 1 FBW_STATUS 2 0 1 68 0
53.168 1 ATTITUDE -0.019857 -0.197115 0.159173
53.269 1 GPS 0 0 0 0 0 0 0 0 0 0 1
53.400 1 NAVIGATION 0 2 0. 0. 0. 0. 0 0
53.415 1 ATTITUDE -0.020029 -0.197037 0.15912
53.650 1 NAVIGATION 0 2 0. 0. 0. 0. 0 0
53.664 1 ATTITUDE -0.019939 -0.19708 0.159002
53.899 1 NAVIGATION 0 2 0. 0. 0. 0. 0 0
53.915 1 ATTITUDE -0.019958 -0.197363 0.159014
54.090 1 DOWNLINK_STATUS 0 54 13223 619 0 224. 10. 44.47
54.149 1 NAVIGATION 0 2 0. 0. 0. 0. 0 0
54.166 1 ATTITUDE -0.020019 -0.197473 0.158937
54.169 1 ESTIMATOR 0. 0.
54.269 1 GPS 0 0 0 0 0 0 0 0 0 0 1
54.400 1 NAVIGATION 0 2 0. 0. 0. 0. 0 0
54.415 1 ATTITUDE -0.019983 -0.197322 0.158911
54.650 1 NAVIGATION 0 2 0. 0. 0. 0. 0 0
54.664 1 ATTITUDE -0.020039 -0.197263 0.15888
54.899 1 NAVIGATION 0 2 0. 0. 0. 0. 0 0
54.914 1 ATTITUDE -0.019948 -0.197183 0.158865
55.091 1 DOWNLINK_STATUS 0 55 13446 629 0 223. 10. 44.47
55.151 1 FBW_STATUS 2 0 1 68 0
55.155 1 NAVIGATION 0 2 0. 0. 0. 0. 0 0
55.168 1 ATTITUDE -0.019962 -0.197347 0.158811
55.246 1 COMMANDS 0,408,-1501,0,0
55.269 1 GPS 0 0 0 0 0 0 0 0 0 0 1
55.346 1 ACTUATORS 1250,1489,1560,1589,1350
55.362 1 ESTIMATOR 0. 0.
55.400 1 NAVIGATION 0 2 0. 0. 0. 0. 0 0
55.415 1 ATTITUDE -0.02001 -0.197291 0.158737
55.461 1 PPRZ_MODE 2 0 0 0 0 6
55.588 1 PONG 
55.649 1 NAVIGATION 0 2 0. 0. 0. 0. 0 0
55.664 1 ATTITUDE -0.020053 -0.19733 0.158648
55.899 1 NAVIGATION 0 2 0. 0. 0. 0. 0 0
55.914 1 ATTITUDE -0.019993 -0.197512 0.158663
56.092 1 DOWNLINK_STATUS 0 56 13736 644 0 290. 15. 37.59
56.149 1 NAVIGATION 0 2 0. 0. 0. 0. 0 0
56.168 1 ATTITUDE -0.019935 -0.197719 0.158572
56.171 1 BAT 0 68 0 0 1 61 0 0
56.269 1 GPS 0 0 0 0 0 0 0 0 0 0 1
56.375 1 WIND_INFO 1 42 0. 0. 0.
56.401 1 NAVIGATION 0 2 0. 0. 0. 0. 0 0
56.484 1 ATTITUDE -0.019815 -0.197603 0.158554
56.561 1 ESTIMATOR 0. 0.
56.649 1 NAVIGATION 0 2 0. 0. 0. 0. 0 0
56.664 1 ATTITUDE -0.019644 -0.197156 0.158398
56.865 1 ALIVE 156,4,177,134,119,160,126,210,193,34,235,23,94,211,171,111
56.899 1 NAVIGATION 0 2 0. 0. 0. 0. 0 0
56.914 1 ATTITUDE -0.019585 -0.198149 0.157964
57.093 1 DOWNLINK_STATUS 0 57 14003 656 0 267. 12. 37.59
57.153 1 NAVIGATION 0 2 0. 0. 0. 0. 0 0
57.155 1 FBW_STATUS 2 0 1 68 0
57.168 1 ATTITUDE -0.019764 -0.197603 0.158
57.269 1 GPS 0 0 0 0 0 0 0 0 0 0 1
57.400 1 NAVIGATION 0 2 0. 0. 0. 0. 0 0
57.415 1 ATTITUDE -0.019902 -0.19774 0.157931
57.649 1 NAVIGATION 0 2 0. 0. 0. 0. 0 0
57.664 1 ATTITUDE -0.01955 -0.197706 0.157854
57.761 1 ESTIMATOR 0. 0.
57.899 1 NAVIGATION 0 2 0. 0. 0. 0. 0 0
57.914 1 ATTITUDE -0.008558 -0.192512 0.15661
58.093 1 DOWNLINK_STATUS 0 58 14241 667 0 238. 11. 37.59
58.149 1 NAVIGATION 0 2 0. 0. 0. 0. 0 0
58.165 1 ATTITUDE -0.021975 -0.196182 0.159108
58.167 1 DOWNLINK 0 245 728
58.269 1 GPS 0 0 0 0 0 0 0 0 0 0 1
58.400 1 NAVIGATION 0 2 0. 0. 0. 0. 0 0
58.414 1 ATTITUDE -0.073665 -0.220353 0.194888
58.649 1 NAVIGATION 0 2 0. 0. 0. 0. 0 0
58.664 1 ATTITUDE -0.18804 -0.251773 0.273071
58.862 1 GPS_SOL 0 0 0 0
58.899 1 NAVIGATION 0 2 0. 0. 0. 0. 0 0
58.914 1 ATTITUDE -0.291976 -0.290068 0.3381
58.961 1 ESTIMATOR 0. 0.
59.094 1 DOWNLINK_STATUS 0 59 14492 679 0 251. 12. 37.59
59.151 1 FBW_STATUS 2 0 1 68 0
59.155 1 NAVIGATION 0 2 0. 0. 0. 0. 0 0
59.168 1 ATTITUDE -0.249904 -0.2773 0.31239
59.269 1 GPS 0 0 0 0 0 0 0 0 0 0 1
59.399 1 NAVIGATION 0 2 0. 0. 0. 0. 0 0
59.414 1 ATTITUDE -0.080495 -0.243196 0.198524
59.649 1 NAVIGATION 0 2 0. 0. 0. 0. 0 0
59.664 1 ATTITUDE -0.020023 -0.231838 0.156368
59.899 1 NAVIGATION 0 2 0. 0. 0. 0. 0 0
59.914 1 ATTITUDE -0.022498 -0.233407 0.156193
60.095 1 DOWNLINK_STATUS 0 60 14716 689 0 224. 10. 37.59
60.149 1 NAVIGATION 0 2 0. 0. 0. 0. 0 0
60.166 1 ATTITUDE -0.019958 -0.233185 0.15541
60.168 1 ESTIMATOR 0. 0.
60.245 1 COMMANDS 0,304,-1640,0,0
60.268 1 GPS 0 0 0 0 0 0 0 0 0 0 1
60.345 1 ACTUATORS 1250,1450,1542,1572,1350
60.399 1 NAVIGATION 0 2 0. 0. 0. 0. 0 0
60.414 1 ATTITUDE 0.006856 -0.228114 0.153256
60.590 1 PONG 
60.649 1 NAVIGATION 0 2 0. 0. 0. 0. 0 0
60.664 1 ATTITUDE 0.046548 -0.232784 0.15754
60.899 1 NAVIGATION 0 2 0. 0. 0. 0. 0 0
60.914 1 ATTITUDE 0.099018 -0.241058 0.184523
61.096 1 DOWNLINK_STATUS 0 61 14979 702 0 263. 13. 38.41
61.151 1 FBW_STATUS 2 0 1 68 0
61.155 1 NAVIGATION 0 2 0. 0. 0. 0. 0 0
61.168 1 ATTITUDE 0.108926 -0.212712 0.199416
61.269 1 GPS 0 0 0 0 0 0 0 0 0 0 1
61.361 1 ESTIMATOR 0. 0.
61.399 1 NAVIGATION 0 2 0. 0. 0. 0. 0 0
61.414 1 ATTITUDE 0.040726 -0.205646 0.151982
61.460 1 PPRZ_MODE 2 0 0 0 0 6
61.649 1 NAVIGATION 0 2 0. 0. 0. 0. 0 0
61.664 1 ATTITUDE -0.018768 -0.219371 0.146631
61.899 1 NAVIGATION 0 2 0. 0. 0. 0. 0 0
61.914 1 ATTITUDE -0.019873 -0.220206 0.146629
62.097 1 DOWNLINK_STATUS 0 62 15229 714 0 250. 12. 38.41
62.149 1 NAVIGATION 0 2 0. 0. 0. 0. 0 0
62.164 1 ATTITUDE -0.018499 -0.220164 0.146489
62.269 1 GPS 0 0 0 0 0 0 0 0 0 0 1
62.399 1 NAVIGATION 0 2 0. 0. 0. 0. 0 0
62.414 1 ATTITUDE -0.023223 -0.221833 0.146893
62.561 1 ESTIMATOR 0. 0.
62.649 1 NAVIGATION 0 2 0. 0. 0. 0. 0 0
62.664 1 ATTITUDE -0.020068 -0.220152 0.146662
62.899 1 NAVIGATION 0 2 0. 0. 0. 0. 0 0
62.914 1 ATTITUDE -0.019862 -0.220037 0.146547
63.098 1 DOWNLINK_STATUS 0 63 15452 724 0 223. 10. 38.41
63.152 1 NAVIGATION 0 2 0. 0. 0. 0. 0 0
63.154 1 FBW_STATUS 2 0 1 68 0
63.168 1 ATTITUDE -0.020036 -0.22022 0.146491
63.269 1 GPS 0 0 0 0 0 0 0 0 0 0 1
63.398 1 NAVIGATION 0 2 0. 0. 0. 0. 0 0
63.414 1 ATTITUDE -0.019819 -0.220181 0.146449
63.649 1 NAVIGATION 0 2 0. 0. 0. 0. 0 0
63.664 1 ATTITUDE -0.019627 -0.22014 0.146369
63.761 1 ESTIMATOR 0. 0.
63.899 1 NAVIGATION 0 2 0. 0. 0. 0. 0 0
63.914 1 ATTITUDE -0.019533 -0.220386 0.146394
64.099 1 DOWNLINK_STATUS 0 64 15690 735 0 238. 11. 38.41
64.149 1 NAVIGATION 0 2 0. 0. 0. 0. 0 0
64.164 1 ATTITUDE -0.019499 -0.220465 0.146362
64.269 1 GPS 0 0 0 0 0 0 0 0 0 0 1
64.398 1 NAVIGATION 0 2 0. 0. 0. 0. 0 0
64.414 1 ATTITUDE -0.01936 -0.22024 0.146314
64.649 1 NAVIGATION 0 2 0. 0. 0. 0. 0 0
64.664 1 ATTITUDE -0.019527 -0.220422 0.146297
64.899 1 NAVIGATION 0 2 0. 0. 0. 0. 0 0
64.914 1 ATTITUDE -0.019445 -0.220395 0.1463
64.961 1 ESTIMATOR 0. 0.
65.100 1 DOWNLINK_STATUS 0 65 15913 745 0 223. 10. 38.41
65.149 1 FBW_STATUS 2 0 1 68 0
65.154 1 NAVIGATION 0 2 0. 0. 0. 0. 0 0
65.167 1 ATTITUDE -0.019354 -0.220126 0.146262
65.245 1 COMMANDS 0,391,-1385,0,0
65.268 1 GPS 0 0 0 0 0 0 0 0 0 0 1
65.345 1 ACTUATORS 1250,1497,1560,1588,1350
65.398 1 NAVIGATION 0 2 0. 0. 0. 0. 0 0
65.414 1 ATTITUDE -0.019426 -0.220277 0.146264
65.591 1 PONG 
65.649 1 NAVIGATION 0 2 0. 0. 0. 0. 0 0
65.664 1 ATTITUDE -0.019254 -0.220322 0.146274
65.899 1 NAVIGATION 0 2 0. 0. 0. 0. 0 0
65.914 1 ATTITUDE -0.019263 -0.220663 0.146256
66.101 1 DOWNLINK_STATUS 0 66 16177 758 0 264. 13. 38.36
66.149 1 NAVIGATION 0 2 0. 0. 0. 0. 0 0
66.165 1 ATTITUDE -0.019214 -0.220716 0.146312
66.167 1 ESTIMATOR 0. 0.
66.272 1 GPS 0 0 0 0 0 0 0 0 0 0 1
66.276 1 BAT 0 68 0 0 1 71 0 0
66.375 1 WIND_INFO 1 42 0. 0. 0.
66.399 1 NAVIGATION 0 2 0. 0. 0. 0. 0 0
66.445 1 ATTITUDE -0.019151 -0.220765 0.146225
66.649 1 NAVIGATION 0 2 0. 0. 0. 0. 0 0
66.664 1 ATTITUDE -0.019054 -0.220081 0.146206
66.899 1 NAVIGATION 0 2 0. 0. 0. 0. 0 0
66.914 1 ATTITUDE -0.018835 -0.220089 0.146243
67.065 1 ALIVE 156,4,177,134,119,160,126,210,193,34,235,23,94,211,171,111
67.102 1 DOWNLINK_STATUS 0 67 16444 770 0 267. 12. 38.36
67.149 1 FBW_STATUS 2 0 1 68 0
67.155 1 NAVIGATION 0 2 0. 0. 0. 0. 0 0
67.166 1 ATTITUDE -0.018916 -0.220076 0.146213
67.267 1 GPS 0 0 0 0 0 0 0 0 0 0 1
67.360 1 ESTIMATOR 0. 0.
67.398 1 NAVIGATION 0 2 0. 0. 0. 0. 0 0
67.414 1 ATTITUDE -0.018866 -0.220093 0.146193
67.460 1 PPRZ_MODE 2 0 0 0 0 6
67.649 1 NAVIGATION 0 2 0. 0. 0. 0. 0 0
67.664 1 ATTITUDE -0.018844 -0.220264 0.146233
67.899 1 NAVIGATION 0 2 0. 0. 0. 0. 0 0
67.914 1 ATTITUDE -0.018814 -0.22034 0.146176
68.102 1 DOWNLINK_STATUS 0 68 16694 782 0 250. 12. 38.36
68.148 1 NAVIGATION 0 2 0. 0. 0. 0. 0 0
68.163 1 ATTITUDE -0.018722 -0.220571 0.146201
68.268 1 GPS 0 0 0 0 0 0 0 0 0 0 1
68.398 1 NAVIGATION 0 2 0. 0. 0. 0. 0 0
68.414 1 ATTITUDE -0.018781 -0.220291 0.146234
68.563 1 ESTIMATOR 0. 0.
68.565 1 DOWNLINK 0 244 847
68.648 1 NAVIGATION 0 2 0. 0. 0. 0. 0 0
68.664 1 ATTITUDE -0.018628 -0.220306 0.146193
68.899 1 NAVIGATION 0 2 0. 0. 0. 0. 0 0
68.914 1 ATTITUDE -0.018519 -0.220157 0.146172
69.103 1 DOWNLINK_STATUS 0 69 16928 793 0 234. 11. 38.36
69.149 1 FBW_STATUS 2 0 1 68 0
69.154 1 NAVIGATION 0 2 0. 0. 0. 0. 0 0
69.166 1 ATTITUDE -0.018583 -0.220045 0.146135
69.267 1 GPS 0 0 0 0 0 0 0 0 0 0 1
69.361 1 GPS_SOL 0 0 0 0
69.398 1 NAVIGATION 0 2 0. 0. 0. 0. 0 0
69.414 1 ATTITUDE -0.018473 -0.219853 0.146085
69.649 1 NAVIGATION 0 2 0. 0. 0. 0. 0 0
69.664 1 ATTITUDE -0.018695 -0.219985 0.146137
69.761 1 ESTIMATOR 0. 0.
69.899 1 NAVIGATION 0 2 0. 0. 0. 0. 0 0
69.913 1 ATTITUDE -0.018487 -0.219995 0.146145
70.104 1 DOWNLINK_STATUS 0 70 17183 805 0 255. 12. 38.36
70.148 1 NAVIGATION 0 2 0. 0. 0. 0. 0 0
70.163 1 ATTITUDE -0.01853 -0.220044 0.146149
70.245 1 COMMANDS 0,369,-1394,0,0
70.267 1 GPS 0 0 0 0 0 0 0 0 0 0 1
70.345 1 ACTUATORS 1250,1498,1560,1588,1350
70.398 1 NAVIGATION 0 2 0. 0. 0. 0. 0 0
70.413 1 ATTITUDE -0.018687 -0.219434 0.146181
70.592 1 PONG 
70.649 1 NAVIGATION 0 2 0. 0. 0. 0. 0 0
70.664 1 ATTITUDE -0.018691 -0.219197 0.146197
70.899 1 NAVIGATION 0 2 0. 0. 0. 0. 0 0
70.913 1 ATTITUDE -0.018939 -0.219163 0.146236
70.960 1 ESTIMATOR 0. 0.
71.105 1 DOWNLINK_STATUS 0 71 17446 818 0 263. 13. 38.41
71.149 1 FBW_STATUS 2 0 1 68 0
71.154 1 NAVIGATION 0 2 0. 0. 0. 0. 0 0
71.166 1 ATTITUDE -0.018948 -0.219143 0.146311
71.267 1 GPS 0 0 0 0 0 0 0 0 0 0 1
71.398 1 NAVIGATION 0 2 0. 0. 0. 0. 0 0
71.414 1 ATTITUDE -0.018762 -0.219295 0.146269
71.649 1 NAVIGATION 0 2 0. 0. 0. 0. 0 0
71.664 1 ATTITUDE -0.018687 -0.219582 0.146283
71.899 1 NAVIGATION 0 2 0. 0. 0. 0. 0 0
71.913 1 ATTITUDE -0.018735 -0.219716 0.146229
72.106 1 DOWNLINK_STATUS 0 72 17670 828 0 224. 10. 38.41
72.148 1 NAVIGATION 0 2 0. 0. 0. 0. 0 0
72.165 1 ATTITUDE -0.018504 -0.219854 0.146181
72.167 1 ESTIMATOR 0. 0.
72.268 1 GPS 0 0 0 0 0 0 0 0 0 0 1
72.398 1 NAVIGATION 0 2 0. 0. 0. 0. 0 0
72.413 1 ATTITUDE -0.018564 -0.219788 0.146248
72.648 1 NAVIGATION 0 2 0. 0. 0. 0. 0 0
72.664 1 ATTITUDE -0.018339 -0.219571 0.146184
72.899 1 NAVIGATION 0 2 0. 0. 0. 0. 0 0
72.913 1 ATTITUDE -0.018526 -0.219729 0.146231
73.107 1 DOWNLINK_STATUS 0 73 17893 838 0 223. 10. 38.41
73.149 1 FBW_STATUS 2 0 1 68 0
73.154 1 NAVIGATION 0 2 0. 0. 0. 0. 0 0
73.166 1 ATTITUDE -0.018387 -0.219523 0.146175
73.267 1 GPS 0 0 0 0 0 0 0 0 0 0 1
73.360 1 ESTIMATOR 0. 0.
73.398 1 NAVIGATION 0 2 0. 0. 0. 0. 0 0
73.413 1 ATTITUDE -0.018423 -0.219469 0.146152
73.460 1 PPRZ_MODE 2 0 0 0 0 6
73.648 1 NAVIGATION 0 2 0. 0. 0. 0. 0 0
73.664 1 ATTITUDE -0.018463 -0.219597 0.146239
73.899 1 NAVIGATION 0 2 0. 0. 0. 0. 0 0
73.913 1 ATTITUDE -0.018267 -0.219661 0.146232
74.108 1 DOWNLINK_STATUS 0 74 18143 850 0 250. 12. 38.41
74.148 1 NAVIGATION 0 2 0. 0. 0. 0. 0 0
74.163 1 ATTITUDE -0.018315 -0.219863 0.146245
74.267 1 GPS 0 0 0 0 0 0 0 0 0 0 1
74.398 1 NAVIGATION 0 2 0. 0. 0. 0. 0 0
74.413 1 ATTITUDE -0.018379 -0.219792 0.146265
74.560 1 ESTIMATOR 0. 0.
74.648 1 NAVIGATION 0 2 0. 0. 0. 0. 0 0
74.664 1 ATTITUDE -0.01817 -0.219683 0.146263
74.899 1 NAVIGATION 0 2 0. 0. 0. 0. 0 0
74.913 1 ATTITUDE -0.018311 -0.219406 0.146345
75.109 1 DOWNLINK_STATUS 0 75 18366 860 0 223. 10. 38.41
75.149 1 FBW_STATUS 2 0 1 68 0
75.154 1 NAVIGATION 0 2 0. 0. 0. 0. 0 0
75.166 1 ATTITUDE -0.018316 -0.219369 0.146349
75.244 1 COMMANDS 0,368,-1383,0,0
75.267 1 GPS 0 0 0 0 0 0 0 0 0 0 1
75.344 1 ACTUATORS 1250,1496,1559,1588,1350
75.398 1 NAVIGATION 0 2 0. 0. 0. 0. 0 0
75.413 1 ATTITUDE -0.01834 -0.219151 0.146313
75.592 1 PONG 
75.648 1 NAVIGATION 0 2 0. 0. 0. 0. 0 0
75.664 1 ATTITUDE -0.01823 -0.21906 0.146218
75.759 1 ESTIMATOR 0. 0.
75.898 1 NAVIGATION 0 2 0. 0. 0. 0. 0 0
75.913 1 ATTITUDE -0.018272 -0.219151 0.146239
76.110 1 DOWNLINK_STATUS 0 76 18644 874 0 278. 14. 37.48
76.148 1 NAVIGATION 0 2 0. 0. 0. 0. 0 0
76.163 1 ATTITUDE -0.018256 -0.219151 0.14622
76.267 1 GPS 0 0 0 0 0 0 0 0 0 0 1
76.363 1 BAT 0 68 0 0 1 81 0 0
76.375 1 WIND_INFO 1 42 0. 0. 0.
76.398 1 NAVIGATION 0 2 0. 0. 0. 0. 0 0
76.473 1 ATTITUDE -0.018132 -0.219098 0.146212
76.648 1 NAVIGATION 0 2 0. 0. 0. 0. 0 0
76.664 1 ATTITUDE -0.018389 -0.217958 0.146224
76.898 1 NAVIGATION 0 2 0. 0. 0. 0. 0 0
76.913 1 ATTITUDE -0.018247 -0.217983 0.146231
76.960 1 ESTIMATOR 0. 0.
77.111 1 DOWNLINK_STATUS 0 77 18888 885 0 244. 11. 37.48
77.149 1 FBW_STATUS 2 0 1 68 0
77.154 1 NAVIGATION 0 2 0. 0. 0. 0. 0 0
77.166 1 ATTITUDE -0.01825 -0.218171 0.146244
77.272 1 GPS 0 0 0 0 0 0 0 0 0 0 1
77.276 1 ALIVE 156,4,177,134,119,160,126,210,193,34,235,23,94,211,171,111
77.398 1 NAVIGATION 0 2 0. 0. 0. 0. 0 0
77.413 1 ATTITUDE -0.0182 -0.218056 0.146242
77.648 1 NAVIGATION 0 2 0. 0. 0. 0. 0 0
77.663 1 ATTITUDE -0.018099 -0.218242 0.146248
77.898 1 NAVIGATION 0 2 0. 0. 0. 0. 0 0
77.913 1 ATTITUDE -0.018129 -0.218142 0.146218
78.112 1 DOWNLINK_STATUS 0 78 19135 896 0 247. 11. 37.48
78.148 1 NAVIGATION 0 2 0. 0. 0. 0. 0 0
78.164 1 ATTITUDE -0.018088 -0.218325 0.146099
78.167 1 ESTIMATOR 0. 0.
78.267 1 GPS 0 0 0 0 0 0 0 0 0 0 1
78.398 1 NAVIGATION 0 2 0. 0. 0. 0. 0 0
78.413 1 ATTITUDE -0.018005 -0.218198 0.146125
78.647 1 NAVIGATION 0 2 0. 0. 0. 0. 0 0
78.663 1 ATTITUDE -0.01798 -0.21798 0.146103
78.898 1 NAVIGATION 0 2 0. 0. 0. 0. 0 0
78.913 1 ATTITUDE -0.018035 -0.217818 0.146002
78.959 1 DOWNLINK 0 243 965
79.112 1 DOWNLINK_STATUS 0 79 19369 907 0 234. 11. 37.48
79.149 1 FBW_STATUS 2 0 1 68 0
79.154 1 NAVIGATION 0 2 0. 0. 0. 0. 0 0
79.166 1 ATTITUDE -0.017946 -0.217687 0.146019
79.268 1 GPS 0 0 0 0 0 0 0 0 0 0 1
79.360 1 ESTIMATOR 0. 0.
79.398 1 NAVIGATION 0 2 0. 0. 0. 0. 0 0
79.413 1 ATTITUDE -0.01796 -0.217456 0.14597
79.459 1 PPRZ_MODE 2 0 0 0 0 6
79.647 1 NAVIGATION 0 2 0. 0. 0. 0. 0 0
79.663 1 ATTITUDE -0.017973 -0.2175 0.146016
79.861 1 GPS_SOL 0 0 0 0
79.898 1 NAVIGATION 0 2 0. 0. 0. 0. 0 0
79.913 1 ATTITUDE -0.017874 -0.217574 0.146072
80.114 1 DOWNLINK_STATUS 0 80 19636 920 0 267. 13. 37.48
80.148 1 NAVIGATION 0 2 0. 0. 0. 0. 0 0
80.163 1 ATTITUDE -0.01784 -0.217534 0.146011
80.244 1 COMMANDS 0,344,-1408,0,0
80.267 1 GPS 0 0 0 0 0 0 0 0 0 0 1
80.345 1 ACTUATORS 1250,1496,1558,1587,1350
80.398 1 NAVIGATION 0 2 0. 0. 0. 0. 0 0
80.412 1 ATTITUDE -0.017939 -0.217466 0.145991
80.560 1 ESTIMATOR 0. 0.
80.593 1 PONG 
80.647 1 NAVIGATION 0 2 0. 0. 0. 0. 0 0
80.663 1 ATTITUDE -0.01779 -0.217516 0.145997
80.898 1 NAVIGATION 0 2 0. 0. 0. 0. 0 0
80.913 1 ATTITUDE -0.017838 -0.217385 0.145988
81.114 1 DOWNLINK_STATUS 0 81 19899 933 0 263. 13. 38.46
81.149 1 FBW_STATUS 2 0 1 68 0
81.154 1 NAVIGATION 0 2 0. 0. 0. 0. 0 0
81.166 1 ATTITUDE -0.01781 -0.21737 0.145874
81.267 1 GPS 0 0 0 0 0 0 0 0 0 0 1
81.398 1 NAVIGATION 0 2 0. 0. 0. 0. 0 0
81.412 1 ATTITUDE -0.017879 -0.217559 0.145926
81.647 1 NAVIGATION 0 2 0. 0. 0. 0. 0 0
81.663 1 ATTITUDE -0.01789 -0.217753 0.145884
81.760 1 ESTIMATOR 0. 0.
81.898 1 NAVIGATION 0 2 0. 0. 0. 0. 0 0
81.913 1 ATTITUDE -0.01796 -0.217789 0.145868
82.115 1 DOWNLINK_STATUS 0 82 20137 944 0 238. 11. 38.46
82.148 1 NAVIGATION 0 2 0. 0. 0. 0. 0 0
82.163 1 ATTITUDE -0.017961 -0.217941 0.145806
82.267 1 GPS 0 0 0 0 0 0 0 0 0 0 1
82.397 1 NAVIGATION 0 2 0. 0. 0. 0. 0 0
82.412 1 ATTITUDE -0.017873 -0.21784 0.145766
82.647 1 NAVIGATION 0 2 0. 0. 0. 0. 0 0
82.663 1 ATTITUDE -0.017942 -0.217704 0.14581
82.898 1 NAVIGATION 0 2 0. 0. 0. 0. 0 0
82.913 1 ATTITUDE -0.017901 -0.217667 0.145773
82.960 1 ESTIMATOR 0. 0.
83.116 1 DOWNLINK_STATUS 0 83 20360 954 0 223. 10. 38.46
83.149 1 FBW_STATUS 2 0 1 68 0
83.154 1 NAVIGATION 0 2 0. 0. 0. 0. 0 0
83.166 1 ATTITUDE -0.017951 -0.217585 0.145782
83.267 1 GPS 0 0 0 0 0 0 0 0 0 0 1
83.397 1 NAVIGATION 0 2 0. 0. 0. 0. 0 0
83.412 1 ATTITUDE -0.018054 -0.217808 0.145787
83.647 1 NAVIGATION 0 2 0. 0. 0. 0. 0 0
83.663 1 ATTITUDE -0.017922 -0.218015 0.145732
83.898 1 NAVIGATION 0 2 0. 0. 0. 0. 0 0
83.913 1 ATTITUDE -0.017976 -0.21816 0.145758
84.117 1 DOWNLINK_STATUS 0 84 20584 964 0 224. 10. 38.46
84.148 1 NAVIGATION 0 2 0. 0. 0. 0. 0 0
84.165 1 ATTITUDE -0.017889 -0.218436 0.145647
84.167 1 ESTIMATOR 0. 0.
84.267 1 GPS 0 0 0 0 0 0 0 0 0 0 1
84.397 1 NAVIGATION 0 2 0. 0. 0. 0. 0 0
84.412 1 ATTITUDE -0.017647 -0.218132 0.14565
84.647 1 NAVIGATION 0 2 0. 0. 0. 0. 0 0
84.662 1 ATTITUDE -0.017781 -0.218114 0.145567
84.898 1 NAVIGATION 0 2 0. 0. 0. 0. 0 0
84.913 1 ATTITUDE -0.017759 -0.218168 0.145511
85.118 1 DOWNLINK_STATUS 0 85 20807 974 0 223. 10. 38.46
85.148 1 FBW_STATUS 2 0 1 68 0
85.154 1 NAVIGATION 0 2 0. 0. 0. 0. 0 0
85.165 1 ATTITUDE -0.017823 -0.218068 0.145571
85.243 1 COMMANDS 0,355,-1378,0,0
85.267 1 GPS 0 0 0 0 0 0 0 0 0 0 1
85.343 1 ACTUATORS 1250,1496,1559,1587,1350
85.359 1 ESTIMATOR 0. 0.
85.397 1 NAVIGATION 0 2 0. 0. 0. 0. 0 0
85.413 1 ATTITUDE -0.017717 -0.217843 0.145545
85.458 1 PPRZ_MODE 2 0 0 0 0 6
85.593 1 PONG 
85.647 1 NAVIGATION 0 2 0. 0. 0. 0. 0 0
85.662 1 ATTITUDE -0.017649 -0.217636 0.145566
85.898 1 NAVIGATION 0 2 0. 0. 0. 0. 0 0
85.913 1 ATTITUDE -0.017616 -0.21791 0.14556
86.119 1 DOWNLINK_STATUS 0 86 21097 989 0 290. 15. 37.59
86.148 1 NAVIGATION 0 2 0. 0. 0. 0. 0 0
86.162 1 ATTITUDE -0.01762 -0.217841 0.14557
86.266 1 GPS 0 0 0 0 0 0 0 0 0 0 1
86.375 1 WIND_INFO 1 42 0. 0. 0.
86.397 1 NAVIGATION 0 2 0. 0. 0. 0. 0 0
86.452 1 ATTITUDE -0.017524 -0.217636 0.14559
86.524 1 BAT 0 68 0 0 1 91 0 0
86.559 1 ESTIMATOR 0. 0.
86.647 1 NAVIGATION 0 2 0. 0. 0. 0. 0 0
86.662 1 ATTITUDE -0.017611 -0.217102 0.145545
86.898 1 NAVIGATION 0 2 0. 0. 0. 0. 0 0
86.913 1 ATTITUDE -0.017606 -0.217007 0.145525
87.120 1 DOWNLINK_STATUS 0 87 21341 1000 0 244. 11. 37.59
87.148 1 FBW_STATUS 2 0 1 68 0
87.152 1 NAVIGATION 0 2 0. 0. 0. 0. 0 0
87.165 1 ATTITUDE -0.017531 -0.216945 0.145517
87.266 1 GPS 0 0 0 0 0 0 0 0 0 0 1
87.397 1 NAVIGATION 0 2 0. 0. 0. 0. 0 0
87.412 1 ATTITUDE -0.017532 -0.216976 0.145412
87.463 1 ALIVE 156,4,177,134,119,160,126,210,193,34,235,23,94,211,171,111
87.647 1 NAVIGATION 0 2 0. 0. 0. 0. 0 0
87.662 1 ATTITUDE -0.017536 -0.217215 0.145407
87.759 1 ESTIMATOR 0. 0.
87.897 1 NAVIGATION 0 2 0. 0. 0. 0. 0 0
87.913 1 ATTITUDE -0.017588 -0.217301 0.145422
88.121 1 DOWNLINK_STATUS 0 88 21602 1012 0 261. 12. 37.59
88.148 1 NAVIGATION 0 2 0. 0. 0. 0. 0 0
88.162 1 ATTITUDE -0.017567 -0.217394 0.145452
88.266 1 GPS 0 0 0 0 0 0 0 0 0 0 1
88.397 1 NAVIGATION 0 2 0. 0. 0. 0. 0 0
88.412 1 ATTITUDE -0.017509 -0.217159 0.145498
88.647 1 NAVIGATION 0 2 0. 0. 0. 0. 0 0
88.662 1 ATTITUDE -0.017606 -0.217099 0.145432
88.897 1 NAVIGATION 0 2 0. 0. 0. 0. 0 0
88.913 1 ATTITUDE -0.017462 -0.217105 0.145403
88.960 1 ESTIMATOR 0. 0.
89.122 1 DOWNLINK_STATUS 0 89 21825 1022 0 223. 10. 37.59
89.148 1 FBW_STATUS 2 0 1 68 0
89.153 1 NAVIGATION 0 2 0. 0. 0. 0. 0 0
89.165 1 ATTITUDE -0.01765 -0.217022 0.145388
89.266 1 GPS 0 0 0 0 0 0 0 0 0 0 1
89.358 1 DOWNLINK 0 246 1085
89.397 1 NAVIGATION 0 2 0. 0. 0. 0. 0 0
89.412 1 ATTITUDE -0.017553 -0.217071 0.14531
89.647 1 NAVIGATION 0 2 0. 0. 0. 0. 0 0
89.662 1 ATTITUDE -0.017533 -0.217096 0.145313
89.897 1 NAVIGATION 0 2 0. 0. 0. 0. 0 0
89.912 1 ATTITUDE -0.017513 -0.217103 0.145242
90.123 1 DOWNLINK_STATUS 0 90 22060 1033 0 235. 11. 37.59
90.147 1 NAVIGATION 0 2 0. 0. 0. 0. 0 0
90.163 1 ATTITUDE -0.01752 -0.217314 0.145309
90.166 1 ESTIMATOR 0. 0.
90.243 1 COMMANDS 0,350,-1386,0,0
90.266 1 GPS 0 0 0 0 0 0 0 0 0 0 1
90.343 1 ACTUATORS 1250,1497,1559,1588,1350
90.360 1 GPS_SOL 0 0 0 0
90.397 1 NAVIGATION 0 2 0. 0. 0. 0. 0 0
90.412 1 ATTITUDE -0.017533 -0.217184 0.145326
90.594 1 PONG 
90.647 1 NAVIGATION 0 2 0. 0. 0. 0. 0 0
90.662 1 ATTITUDE -0.017614 -0.217258 0.145347
90.898 1 NAVIGATION 0 2 0. 0. 0. 0. 0 0
90.912 1 ATTITUDE -0.017546 -0.217091 0.145441
91.124 1 DOWNLINK_STATUS 0 91 22340 1047 0 280. 14. 37.46
91.148 1 FBW_STATUS 2 0 1 68 0
91.152 1 NAVIGATION 0 2 0. 0. 0. 0. 0 0
91.165 1 ATTITUDE -0.017688 -0.217306 0.145389
91.266 1 GPS 0 0 0 0 0 0 0 0 0 0 1
91.359 1 ESTIMATOR 0. 0.
91.397 1 NAVIGATION 0 2 0. 0. 0. 0. 0 0
91.412 1 ATTITUDE -0.017209 -0.21714 0.145369
91.458 1 PPRZ_MODE 2 0 0 0 0 6
91.647 1 NAVIGATION 0 2 0. 0. 0. 0. 0 0
91.662 1 ATTITUDE -0.017263 -0.217287 0.145346
91.897 1 NAVIGATION 0 2 0. 0. 0. 0. 0 0
91.912 1 ATTITUDE -0.018027 -0.218462 0.144812
92.125 1 DOWNLINK_STATUS 0 92 22590 1059 0 250. 12. 37.46
92.147 1 NAVIGATION 0 2 0. 0. 0. 0. 0 0
92.162 1 ATTITUDE -0.018029 -0.21892 0.14459
92.266 1 GPS 0 0 0 0 0 0 0 0 0 0 1
92.397 1 NAVIGATION 0 2 0. 0. 0. 0. 0 0
92.412 1 ATTITUDE -0.018365 -0.219051 0.144646
92.559 1 ESTIMATOR 0. 0.
92.647 1 NAVIGATION 0 2 0. 0. 0. 0. 0 0
92.662 1 ATTITUDE -0.017851 -0.218609 0.144572
92.897 1 NAVIGATION 0 2 0. 0. 0. 0. 0 0
92.912 1 ATTITUDE -0.020504 -0.216804 0.144661
93.126 1 DOWNLINK_STATUS 0 93 22813 1069 0 223. 10. 37.46
93.148 1 FBW_STATUS 2 0 1 68 0
93.152 1 NAVIGATION 0 2 0. 0. 0. 0. 0 0
93.165 1 ATTITUDE -0.025369 -0.218754 0.145708
93.266 1 GPS 0 0 0 0 0 0 0 0 0 0 1
93.397 1 NAVIGATION 0 2 0. 0. 0. 0. 0 0
93.412 1 ATTITUDE -0.058686 -0.234749 0.169412
93.647 1 NAVIGATION 0 2 0. 0. 0. 0. 0 0
93.662 1 ATTITUDE -0.198255 -0.278657 0.266782
93.759 1 ESTIMATOR 0. 0.
93.897 1 NAVIGATION 0 2 0. 0. 0. 0. 0 0
93.911 1 ATTITUDE -0.228781 -0.302571 0.285921
94.127 1 DOWNLINK_STATUS 0 94 23051 1080 0 238. 11. 37.46
94.147 1 NAVIGATION 0 2 0. 0. 0. 0. 0 0
94.162 1 ATTITUDE -0.229799 -0.301931 0.286749
94.266 1 GPS 0 0 0 0 0 0 0 0 0 0 1
94.397 1 NAVIGATION 0 2 0. 0. 0. 0. 0 0
94.412 1 ATTITUDE -0.224365 -0.299895 0.283531
94.647 1 NAVIGATION 0 2 0. 0. 0. 0. 0 0
94.662 1 ATTITUDE -0.164032 -0.279802 0.244218
94.897 1 NAVIGATION 0 2 0. 0. 0. 0. 0 0
94.912 1 ATTITUDE -0.018716 -0.254112 0.142147
94.958 1 ESTIMATOR 0. 0.
95.128 1 DOWNLINK_STATUS 0 95 23274 1090 0 223. 10. 37.46
95.148 1 FBW_STATUS 2 0 1 68 0
95.152 1 NAVIGATION 0 2 0. 0. 0. 0. 0 0
95.165 1 ATTITUDE -0.018511 -0.253835 0.141145
95.243 1 COMMANDS 0,315,-1425,0,0
95.266 1 GPS 0 0 0 0 0 0 0 0 0 0 1
95.343 1 ACTUATORS 1250,1511,1562,1590,1350
95.397 1 NAVIGATION 0 2 0. 0. 0. 0. 0 0
95.412 1 ATTITUDE -0.01911 -0.253686 0.141146
95.596 1 PONG 
95.647 1 NAVIGATION 0 2 0. 0. 0. 0. 0 0
95.662 1 ATTITUDE -0.018604 -0.253121 0.141123
95.896 1 NAVIGATION 0 2 0. 0. 0. 0. 0 0
95.912 1 ATTITUDE -0.018571 -0.253286 0.141081
96.129 1 DOWNLINK_STATUS 0 96 23538 1103 0 264. 13. 38.46
96.147 1 NAVIGATION 0 2 0. 0. 0. 0. 0 0
96.163 1 ATTITUDE -0.018613 -0.253308 0.140979
96.166 1 ESTIMATOR 0. 0.
96.266 1 GPS 0 0 0 0 0 0 0 0 0 0 1
96.376 1 WIND_INFO 1 42 0. 0. 0.
96.397 1 NAVIGATION 0 2 0. 0. 0. 0. 0 0
96.469 1 ATTITUDE -0.020816 -0.253149 0.141803
96.562 1 BAT 0 68 0 0 1 101 0 0
96.647 1 NAVIGATION 0 2 0. 0. 0. 0. 0 0
96.661 1 ATTITUDE -0.195147 -0.318776 0.264974
96.896 1 NAVIGATION 0 2 0. 0. 0. 0. 0 0
96.911 1 ATTITUDE -0.418693 -0.409141 0.392735
97.130 1 DOWNLINK_STATUS 0 97 23782 1114 0 244. 11. 38.46
97.148 1 FBW_STATUS 2 0 1 68 0
97.152 1 NAVIGATION 0 2 0. 0. 0. 0. 0 0
97.165 1 ATTITUDE -0.420742 -0.41229 0.394219
97.266 1 GPS 0 0 0 0 0 0 0 0 0 0 1
97.359 1 ESTIMATOR 0. 0.
97.397 1 NAVIGATION 0 2 0. 0. 0. 0. 0 0
97.412 1 ATTITUDE -0.410211 -0.410031 0.388776
97.458 1 PPRZ_MODE 2 0 0 0 0 6
97.647 1 NAVIGATION 0 2 0. 0. 0. 0. 0 0
97.666 1 ATTITUDE -0.405167 -0.410023 0.386494
97.670 1 ALIVE 156,4,177,134,119,160,126,210,193,34,235,23,94,211,171,111
97.896 1 NAVIGATION 0 2 0. 0. 0. 0. 0 0
97.911 1 ATTITUDE -0.403831 -0.411491 0.386055
98.131 1 DOWNLINK_STATUS 0 98 24055 1127 0 273. 13. 38.46
98.146 1 NAVIGATION 0 2 0. 0. 0. 0. 0 0
98.162 1 ATTITUDE -0.402461 -0.412934 0.385507
98.266 1 GPS 0 0 0 0 0 0 0 0 0 0 1
98.397 1 NAVIGATION 0 2 0. 0. 0. 0. 0 0
98.412 1 ATTITUDE -0.401939 -0.414502 0.38552
98.559 1 ESTIMATOR 0. 0.
98.647 1 NAVIGATION 0 2 0. 0. 0. 0. 0 0
98.661 1 ATTITUDE -0.399326 -0.414971 0.384326
98.896 1 NAVIGATION 0 2 0. 0. 0. 0. 0 0
98.911 1 ATTITUDE -0.241286 -0.356639 0.292747
99.132 1 DOWNLINK_STATUS 0 99 24278 1137 0 223. 10. 38.46
99.148 1 FBW_STATUS 2 0 1 68 0
99.152 1 NAVIGATION 0 2 0. 0. 0. 0. 0 0
99.165 1 ATTITUDE -0.016049 -0.318112 0.143017
99.266 1 GPS 0 0 0 0 0 0 0 0 0 0 1
99.397 1 NAVIGATION 0 2 0. 0. 0. 0. 0 0
99.412 1 ATTITUDE -0.015488 -0.320617 0.142135
99.647 1 NAVIGATION 0 2 0. 0. 0. 0. 0 0
99.661 1 ATTITUDE -0.014987 -0.321016 0.141944
99.761 1 ESTIMATOR 0. 0.
99.762 1 DOWNLINK 0 245 1205
99.896 1 NAVIGATION 0 2 0. 0. 0. 0. 0 0
99.911 1 ATTITUDE -0.014954 -0.320643 0.141854
100.133 1 DOWNLINK_STATUS 0 100 24527 1149 0 249. 12. 38.46
100.146 1 NAVIGATION 0 2 0. 0. 0. 0. 0 0
100.162 1 ATTITUDE -0.014791 -0.320278 0.141639
100.243 1 COMMANDS 0,299,-1359,0,0
100.266 1 GPS 0 0 0 0 0 0 0 0 0 0 1
100.343 1 ACTUATORS 1250,1499,1557,1586,1350
100.397 1 NAVIGATION 0 2 0. 0. 0. 0. 0 0
100.412 1 ATTITUDE -0.014854 -0.319425 0.141529
100.595 1 PONG 
100.647 1 NAVIGATION 0 2 0. 0. 0. 0. 0 0
100.661 1 ATTITUDE -0.014807 -0.318848 0.141359
100.859 1 GPS_SOL 0 0 0 0
100.896 1 NAVIGATION 0 2 0. 0. 0. 0. 0 0
100.911 1 ATTITUDE -0.015201 -0.318357 0.141484
100.958 1 ESTIMATOR 0. 0.
101.134 1 DOWNLINK_STATUS 0 101 24807 1163 0 280. 14. 37.51
101.150 1 NAVIGATION 0 2 0. 0. 0. 0. 0 0
101.152 1 FBW_STATUS 2 0 1 68 0
101.165 1 ATTITUDE -0.015383 -0.317628 0.141516
101.266 1 GPS 0 0 0 0 0 0 0 0 0 0 1
101.397 1 NAVIGATION 0 2 0. 0. 0. 0. 0 0
101.412 1 ATTITUDE -0.013413 -0.318063 0.141631
101.646 1 NAVIGATION 0 2 0. 0. 0. 0. 0 0
101.661 1 ATTITUDE -0.008952 -0.316517 0.140923
101.896 1 NAVIGATION 0 2 0. 0. 0. 0. 0 0
101.911 1 ATTITUDE -0.011417 -0.318729 0.141908
102.135 1 DOWNLINK_STATUS 0 102 25031 1173 0 224. 10. 37.51
102.146 1 NAVIGATION 0 2 0. 0. 0. 0. 0 0
102.163 1 ATTITUDE -0.015041 -0.323094 0.144183
102.166 1 ESTIMATOR 0. 0.
102.266 1 GPS 0 0 0 0 0 0 0 0 0 0 1
102.397 1 NAVIGATION 0 2 0. 0. 0. 0. 0 0
102.412 1 ATTITUDE -0.015316 -0.33229 0.147482
102.646 1 NAVIGATION 0 2 0. 0. 0. 0. 0 0
102.661 1 ATTITUDE -0.02079 -0.339325 0.162734
102.896 1 NAVIGATION 0 2 0. 0. 0. 0. 0 0
102.911 1 ATTITUDE -0.015323 -0.342036 0.165045
103.136 1 DOWNLINK_STATUS 0 103 25254 1183 0 223. 10. 37.51
103.148 1 FBW_STATUS 2 0 1 68 0
103.152 1 NAVIGATION 0 2 0. 0. 0. 0. 0 0
103.165 1 ATTITUDE -0.03116 -0.347706 0.181359
103.266 1 GPS 0 0 0 0 0 0 0 0 0 0 1
103.359 1 ESTIMATOR 0. 0.
103.397 1 NAVIGATION 0 2 0. 0. 0. 0. 0 0
103.411 1 ATTITUDE -0.017544 -0.349785 0.182449
103.457 1 PPRZ_MODE 2 0 0 0 0 6
103.646 1 NAVIGATION 0 2 0. 0. 0. 0. 0 0
103.661 1 ATTITUDE -0.02182 -0.351493 0.189256
103.896 1 NAVIGATION 0 2 0. 0. 0. 0. 0 0
103.911 1 ATTITUDE -0.018693 -0.341569 0.163117
104.137 1 DOWNLINK_STATUS 0 104 25504 1195 0 250. 12. 37.51
104.146 1 NAVIGATION 0 2 0. 0. 0. 0. 0 0
104.162 1 ATTITUDE -0.012551 -0.327486 0.137365
104.266 1 GPS 0 0 0 0 0 0 0 0 0 0 1
104.397 1 NAVIGATION 0 2 0. 0. 0. 0. 0 0
104.411 1 ATTITUDE -0.01181 -0.326751 0.137071
104.558 1 ESTIMATOR 0. 0.
104.646 1 NAVIGATION 0 2 0. 0. 0. 0. 0 0
104.661 1 ATTITUDE -0.010973 -0.325653 0.136801
104.896 1 NAVIGATION 0 2 0. 0. 0. 0. 0 0
104.911 1 ATTITUDE -0.011692 -0.325345 0.137326
105.137 1 DOWNLINK_STATUS 0 105 25727 1205 0 223. 10. 37.51
105.148 1 FBW_STATUS 2 0 1 68 0
105.152 1 NAVIGATION 0 2 0. 0. 0. 0. 0 0
105.165 1 ATTITUDE -0.010524 -0.33161 0.141881
105.243 1 COMMANDS 0,295,-1797,0,0
105.266 1 GPS 0 0 0 0 0 0 0 0 0 0 1
105.342 1 ACTUATORS 1250,1464,1562,1591,1350
105.396 1 NAVIGATION 0 2 0. 0. 0. 0. 0 0
105.411 1 ATTITUDE -0.021825 -0.33987 0.159362
105.596 1 PONG 
105.646 1 NAVIGATION 0 2 0. 0. 0. 0. 0 0
105.661 1 ATTITUDE -0.016703 -0.343227 0.164012
105.758 1 ESTIMATOR 0. 0.
105.896 1 NAVIGATION 0 2 0. 0. 0. 0. 0 0
105.911 1 ATTITUDE -0.019392 -0.347752 0.175444
106.138 1 DOWNLINK_STATUS 0 106 26005 1219 0 278. 14. 37.46
106.146 1 NAVIGATION 0 2 0. 0. 0. 0. 0 0
106.162 1 ATTITUDE -0.012606 -0.350954 0.183865
106.266 1 GPS 0 0 0 0 0 0 0 0 0 0 1
106.375 1 WIND_INFO 1 42 0. 0. 0.
106.396 1 NAVIGATION 0 2 0. 0. 0. 0. 0 0
106.431 1 ATTITUDE -0.009045 -0.355549 0.194436
106.646 1 NAVIGATION 0 2 0. 0. 0. 0. 0 0
106.664 1 ATTITUDE 0.009216 -0.355852 0.20194
106.668 1 BAT 0 68 0 0 1 111 0 0
106.896 1 NAVIGATION 0 2 0. 0. 0. 0. 0 0
106.911 1 ATTITUDE 0.009216 -0.362113 0.22095
106.958 1 ESTIMATOR 0. 0.
107.139 1 DOWNLINK_STATUS 0 107 26249 1230 0 244. 11. 37.46
107.148 1 FBW_STATUS 2 0 1 68 0
107.152 1 NAVIGATION 0 2 0. 0. 0. 0. 0 0
107.165 1 ATTITUDE 0.012203 -0.367101 0.234778
107.265 1 GPS 0 0 0 0 0 0 0 0 0 0 1
107.396 1 NAVIGATION 0 2 0. 0. 0. 0. 0 0
107.411 1 ATTITUDE 0.023019 -0.370541 0.242207
107.646 1 NAVIGATION 0 2 0. 0. 0. 0. 0 0
107.661 1 ATTITUDE 0.026891 -0.376698 0.255646
107.862 1 ALIVE 156,4,177,134,119,160,126,210,193,34,235,23,94,211,171,111
107.896 1 NAVIGATION 0 2 0. 0. 0. 0. 0 0
107.911 1 ATTITUDE 0.038683 -0.379465 0.262657
108.140 1 DOWNLINK_STATUS 0 108 26496 1241 0 247. 11. 37.46
108.146 1 NAVIGATION 0 2 0. 0. 0. 0. 0 0
108.163 1 ATTITUDE 0.043233 -0.386489 0.279412
108.164 1 ESTIMATOR 0. 0.
108.266 1 GPS 0 0 0 0 0 0 0 0 0 0 1
108.396 1 NAVIGATION 0 2 0. 0. 0. 0. 0 0
108.411 1 ATTITUDE 0.066125 -0.389199 0.28355
108.646 1 NAVIGATION 0 2 0. 0. 0. 0. 0 0
108.661 1 ATTITUDE 0.059946 -0.394095 0.296774
108.896 1 NAVIGATION 0 2 0. 0. 0. 0. 0 0
108.911 1 ATTITUDE 0.061441 -0.395261 0.299373
109.141 1 DOWNLINK_STATUS 0 109 26719 1251 0 223. 10. 37.46
109.146 1 FBW_STATUS 2 0 1 68 0
109.152 1 NAVIGATION 0 2 0. 0. 0. 0. 0 0
109.165 1 ATTITUDE 0.061879 -0.395774 0.301216
109.265 1 GPS 0 0 0 0 0 0 0 0 0 0 1
109.357 1 ESTIMATOR 0. 0.
109.395 1 NAVIGATION 0 2 0. 0. 0. 0. 0 0
109.411 1 ATTITUDE 0.063551 -0.395552 0.300303
109.457 1 PPRZ_MODE 2 0 0 0 0 6
109.646 1 NAVIGATION 0 2 0. 0. 0. 0. 0 0
109.661 1 ATTITUDE 0.061201 -0.394787 0.299763
109.896 1 NAVIGATION 0 2 0. 0. 0. 0. 0 0
109.911 1 ATTITUDE 0.059629 -0.394152 0.30009
110.142 1 DOWNLINK_STATUS 0 110 26969 1263 0 250. 12. 37.46
110.146 1 NAVIGATION 0 2 0. 0. 0. 0. 0 0
110.162 1 ATTITUDE 0.058037 -0.394756 0.301936
110.163 1 DOWNLINK 0 244 1324
110.243 1 COMMANDS 0,-1174,-2726,0,0
110.265 1 GPS 0 0 0 0 0 0 0 0 0 0 1
110.342 1 ACTUATORS 1250,1421,1508,1534,1350
110.395 1 NAVIGATION 0 2 0. 0. 0. 0. 0 0
110.411 1 ATTITUDE 0.05892 -0.394063 0.299528
110.558 1 ESTIMATOR 0. 0.
110.597 1 PONG 
110.646 1 NAVIGATION 0 2 0. 0. 0. 0. 0 0
110.661 1 ATTITUDE 0.040104 -0.383609 0.274772
110.896 1 NAVIGATION 0 2 0. 0. 0. 0. 0 0
110.911 1 ATTITUDE 0.014789 -0.361254 0.186878
111.142 1 DOWNLINK_STATUS 0 111 27243 1277 0 274. 14. 37.66
111.146 1 FBW_STATUS 2 0 1 68 0
111.152 1 NAVIGATION 0 2 0. 0. 0. 0. 0 0
111.164 1 ATTITUDE -0.00176 -0.349261 0.139444
111.266 1 GPS 0 0 0 0 0 0 0 0 0 0 1
111.359 1 GPS_SOL 0 0 0 0
111.395 1 NAVIGATION 0 2 0. 0. 0. 0. 0 0
111.411 1 ATTITUDE -0.012326 -0.345343 0.137837
111.646 1 NAVIGATION 0 2 0. 0. 0. 0. 0 0
111.661 1 ATTITUDE -0.011769 -0.344501 0.136894
111.758 1 ESTIMATOR 0. 0.
111.896 1 NAVIGATION 0 2 0. 0. 0. 0. 0 0
111.911 1 ATTITUDE -0.011462 -0.344373 0.136772
112.143 1 DOWNLINK_STATUS 0 112 27498 1289 0 255. 12. 37.66
112.146 1 NAVIGATION 0 2 0. 0. 0. 0. 0 0
112.160 1 ATTITUDE -0.011211 -0.342903 0.135195
112.266 1 GPS 0 0 0 0 0 0 0 0 0 0 1
112.395 1 NAVIGATION 0 2 0. 0. 0. 0. 0 0
112.411 1 ATTITUDE -0.011823 -0.33958 0.133697
112.646 1 NAVIGATION 0 2 0. 0. 0. 0. 0 0
112.661 1 ATTITUDE -0.011385 -0.339016 0.13343
112.896 1 NAVIGATION 0 2 0. 0. 0. 0. 0 0
112.911 1 ATTITUDE -0.010799 -0.338248 0.133155
112.958 1 ESTIMATOR 0. 0.
113.143 1 DOWNLINK_STATUS 0 113 27721 1299 0 223. 10. 37.66
113.146 1 FBW_STATUS 2 0 1 68 0
113.152 1 NAVIGATION 0 2 0. 0. 0. 0. 0 0
113.163 1 ATTITUDE -0.010516 -0.33781 0.132937
113.265 1 GPS 0 0 0 0 0 0 0 0 0 0 1
113.395 1 NAVIGATION 0 2 0. 0. 0. 0. 0 0
113.410 1 ATTITUDE -0.010445 -0.337647 0.132865
113.645 1 NAVIGATION 0 2 0. 0. 0. 0. 0 0
113.661 1 ATTITUDE -0.010471 -0.337553 0.132822
113.896 1 NAVIGATION 0 2 0. 0. 0. 0. 0 0
113.911 1 ATTITUDE -0.010393 -0.337313 0.13279
114.144 1 DOWNLINK_STATUS 0 114 27945 1309 0 224. 10. 37.66
114.145 1 NAVIGATION 0 2 0. 0. 0. 0. 0 0
114.162 1 ATTITUDE -0.01048 -0.337059 0.132716
114.164 1 ESTIMATOR 0. 0.
114.265 1 GPS 0 0 0 0 0 0 0 0 0 0 1
114.395 1 NAVIGATION 0 2 0. 0. 0. 0. 0 0
114.411 1 ATTITUDE -0.010319 -0.336563 0.132739
114.646 1 NAVIGATION 0 2 0. 0. 0. 0. 0 0
114.661 1 ATTITUDE -0.010375 -0.336261 0.132725
114.896 1 NAVIGATION 0 2 0. 0. 0. 0. 0 0
114.911 1 ATTITUDE -0.010268 -0.336098 0.132644
115.144 1 DOWNLINK_STATUS 0 115 28168 1319 0 223. 10. 37.66
115.148 1 NAVIGATION 0 2 0. 0. 0. 0. 0 0
115.151 1 FBW_STATUS 2 0 1 68 0
115.163 1 ATTITUDE -0.010105 -0.335779 0.132651
115.241 1 COMMANDS 0,200,-1292,0,0
115.265 1 GPS 0 0 0 0 0 0 0 0 0 0 1
115.342 1 ACTUATORS 1250,1503,1555,1584,1350
115.358 1 ESTIMATOR 0. 0.
115.395 1 NAVIGATION 0 2 0. 0. 0. 0. 0 0
115.411 1 ATTITUDE -0.009993 -0.335621 0.132594
115.458 1 PPRZ_MODE 2 0 0 0 0 6
