6.755 1 DOWNLINK 0 173 87
6.780 1 DOWNLINK_STATUS 0 7 1286 55 0 259. 12. 270.9
6.937 1 NAVIGATION 0 2 0. 0. 0. 0. 0 0
6.971 1 GPS 0 0 0 0 0 0 0 0 0 0 1
7.040 1 ATTITUDE -0.067907 -0.662116 0.034531
7.057 1 GPS_SOL 0 0 0 0
7.152 1 NAVIGATION 0 2 0. 0. 0. 0. 0 0
7.376 1 NAVIGATION 0 2 0. 0. 0. 0. 0 0
7.625 1 NAVIGATION 0 2 0. 0. 0. 0. 0 0
7.781 1 DOWNLINK_STATUS 0 8 1458 62 0 172. 7. 270.9
7.952 1 FBW_STATUS 2 0 1 69 0
7.979 1 NAVIGATION 0 2 0. 0. 0. 0. 0 0
8.013 1 GPS 0 0 0 0 0 0 0 0 0 0 1
8.055 1 ATTITUDE -0.068011 -0.661819 0.034537
8.156 1 PPRZ_MODE 2 0 0 0 0 6
8.183 1 NAVIGATION 0 2 0. 0. 0. 0. 0 0
8.376 1 NAVIGATION 0 2 0. 0. 0. 0. 0 0
8.626 1 NAVIGATION 0 2 0. 0. 0. 0. 0 0
8.781 1 DOWNLINK_STATUS 0 9 1640 70 0 182. 8. 270.9
8.936 1 NAVIGATION 0 2 0. 0. 0. 0. 0 0
8.970 1 GPS 0 0 0 0 0 0 0 0 0 0 1
9.025 1 ATTITUDE -0.067924 -0.662575 0.034227
9.136 1 NAVIGATION 0 2 0. 0. 0. 0. 0 0
9.376 1 NAVIGATION 0 2 0. 0. 0. 0. 0 0
9.626 1 NAVIGATION 0 2 0. 0. 0. 0. 0 0
9.782 1 DOWNLINK_STATUS 0 10 1795 76 0 155. 6. 270.9
9.952 1 FBW_STATUS 2 0 1 69 0
9.979 1 NAVIGATION 0 2 0. 0. 0. 0. 0 0
10.013 1 GPS 0 0 0 0 0 0 0 0 0 0 1
10.052 1 ATTITUDE -0.068001 -0.662709 0.034058
10.164 1 NAVIGATION 0 2 0. 0. 0. 0. 0 0
10.376 1 NAVIGATION 0 2 0. 0. 0. 0. 0 0
10.547 1 PONG 
10.671 1 NAVIGATION 0 2 0. 0. 0. 0. 0 0
10.782 1 DOWNLINK_STATUS 0 11 1971 84 0 176. 8. 269.89
10.937 1 NAVIGATION 0 2 0. 0. 0. 0. 0 0
10.971 1 GPS 0 0 0 0 0 0 0 0 0 0 1
11.038 1 COMMANDS 0,1359,-63,0,0
11.057 1 ATTITUDE -0.068011 -0.662792 0.033868
11.155 1 ACTUATORS 1250,1577,1585,1611,1350
11.182 1 NAVIGATION 0 2 0. 0. 0. 0. 0 0
11.375 1 NAVIGATION 0 2 0. 0. 0. 0. 0 0
11.626 1 NAVIGATION 0 2 0. 0. 0. 0. 0 0
11.783 1 DOWNLINK_STATUS 0 12 2160 92 0 189. 8. 269.89
11.964 1 NAVIGATION 0 2 0. 0. 0. 0. 0 0
11.979 1 FBW_STATUS 2 0 1 69 0
12.013 1 GPS 0 0 0 0 0 0 0 0 0 0 1
12.051 1 ATTITUDE -0.068008 -0.663233 0.033689
12.163 1 NAVIGATION 0 2 0. 0. 0. 0. 0 0
12.375 1 NAVIGATION 0 2 0. 0. 0. 0. 0 0
12.626 1 NAVIGATION 0 2 0. 0. 0. 0. 0 0
12.784 1 DOWNLINK_STATUS 0 13 2330 99 0 170. 7. 269.89
12.936 1 NAVIGATION 0 2 0. 0. 0. 0. 0 0
12.970 1 GPS 0 0 0 0 0 0 0 0 0 0 1
13.025 1 ATTITUDE -0.067796 -0.663984 0.033474
13.137 1 NAVIGATION 0 2 0. 0. 0. 0. 0 0
13.375 1 NAVIGATION 0 2 0. 0. 0. 0. 0 0
13.625 1 NAVIGATION 0 2 0. 0. 0. 0. 0 0
13.785 1 DOWNLINK_STATUS 0 14 2485 105 0 155. 6. 269.89
13.952 1 FBW_STATUS 2 0 1 69 0
13.979 1 NAVIGATION 0 2 0. 0. 0. 0. 0 0
14.013 1 GPS 0 0 0 0 0 0 0 0 0 0 1
14.055 1 ATTITUDE -0.067602 -0.663655 0.033376
14.154 1 PPRZ_MODE 2 0 0 0 0 6
14.181 1 NAVIGATION 0 2 0. 0. 0. 0. 0 0
14.376 1 NAVIGATION 0 2 0. 0. 0. 0. 0 0
14.625 1 NAVIGATION 0 2 0. 0. 0. 0. 0 0
14.785 1 DOWNLINK_STATUS 0 15 2667 113 0 182. 8. 269.89
14.936 1 NAVIGATION 0 2 0. 0. 0. 0. 0 0
14.970 1 GPS 0 0 0 0 0 0 0 0 0 0 1
15.025 1 ATTITUDE -0.067586 -0.664858 0.033341
15.137 1 NAVIGATION 0 2 0. 0. 0. 0. 0 0
15.376 1 NAVIGATION 0 2 0. 0. 0. 0. 0 0
15.548 1 PONG 
15.672 1 NAVIGATION 0 2 0. 0. 0. 0. 0 0
15.786 1 DOWNLINK_STATUS 0 16 2828 120 0 161. 7. 270.1
15.963 1 NAVIGATION 0 2 0. 0. 0. 0. 0 0
15.979 1 FBW_STATUS 2 0 1 69 0
16.013 1 GPS 0 0 0 0 0 0 0 0 0 0 1
16.078 1 COMMANDS 0,1352,-71,0,0
16.097 1 ATTITUDE -0.067672 -0.663969 0.033265
16.114 1 ACTUATORS 1250,1577,1585,1611,1350
16.190 1 NAVIGATION 0 2 0. 0. 0. 0. 0 0
16.414 1 NAVIGATION 0 2 0. 0. 0. 0. 0 0
16.436 1 BAT 0 69 0 0 1 20 0 0
16.625 1 NAVIGATION 0 2 0. 0. 0. 0. 0 0
16.723 1 ALIVE 14,66,163,213,16,213,150,163,51,99,98,146,248,90,163,111
16.787 1 DOWNLINK_STATUS 0 17 3076 131 0 248. 11. 270.1
16.936 1 NAVIGATION 0 2 0. 0. 0. 0. 0 0
16.967 1 WIND_INFO 1 42 0. 0. 0.
16.971 1 GPS 0 0 0 0 0 0 0 0 0 0 1
17.025 1 ATTITUDE -0.067641 -0.663212 0.033087
17.371 1 NAVIGATION 0 2 0. 0. 0. 0. 0 0
17.447 1 DOWNLINK 0 183 168
17.576 1 NAVIGATION 0 2 0. 0. 0. 0. 0 0
17.641 1 GPS_SOL 0 0 0 0
17.767 1 NAVIGATION 0 2 0. 0. 0. 0. 0 0
17.788 1 DOWNLINK_STATUS 0 18 3259 139 0 183. 8. 270.1
17.951 1 FBW_STATUS 2 0 1 69 0
17.978 1 NAVIGATION 0 2 0. 0. 0. 0. 0 0
18.012 1 GPS 0 0 0 0 0 0 0 0 0 0 1
18.051 1 ATTITUDE -0.067634 -0.661066 0.033018
18.163 1 NAVIGATION 0 2 0. 0. 0. 0. 0 0
18.375 1 NAVIGATION 0 2 0. 0. 0. 0. 0 0
18.625 1 NAVIGATION 0 2 0. 0. 0. 0. 0 0
18.789 1 DOWNLINK_STATUS 0 19 3429 146 0 170. 7. 270.1
18.935 1 NAVIGATION 0 2 0. 0. 0. 0. 0 0
18.970 1 GPS 0 0 0 0 0 0 0 0 0 0 1
19.024 1 ATTITUDE -0.067594 -0.66224 0.033017
19.136 1 NAVIGATION 0 2 0. 0. 0. 0. 0 0
19.375 1 NAVIGATION 0 2 0. 0. 0. 0. 0 0
19.625 1 NAVIGATION 0 2 0. 0. 0. 0. 0 0
19.789 1 DOWNLINK_STATUS 0 20 3584 152 0 155. 6. 270.1
19.952 1 FBW_STATUS 2 0 1 69 0
19.979 1 NAVIGATION 0 2 0. 0. 0. 0. 0 0
20.013 1 GPS 0 0 0 0 0 0 0 0 0 0 1
20.055 1 ATTITUDE -0.067579 -0.662898 0.032995
20.155 1 PPRZ_MODE 2 0 0 0 0 6
20.182 1 NAVIGATION 0 2 0. 0. 0. 0. 0 0
20.374 1 NAVIGATION 0 2 0. 0. 0. 0. 0 0
20.547 1 PONG 
20.672 1 NAVIGATION 0 2 0. 0. 0. 0. 0 0
20.790 1 DOWNLINK_STATUS 0 21 3772 161 0 188. 9. 267.9
20.936 1 NAVIGATION 0 2 0. 0. 0. 0. 0 0
20.970 1 GPS 0 0 0 0 0 0 0 0 0 0 1
21.037 1 COMMANDS 0,1342,-64,0,0
21.055 1 ATTITUDE -0.067166 -0.662988 0.033067
21.154 1 ACTUATORS 1250,1577,1585,1610,1350
21.181 1 NAVIGATION 0 2 0. 0. 0. 0. 0 0
21.374 1 NAVIGATION 0 2 0. 0. 0. 0. 0 0
21.625 1 NAVIGATION 0 2 0. 0. 0. 0. 0 0
21.791 1 DOWNLINK_STATUS 0 22 3961 169 0 189. 8. 267.9
21.951 1 FBW_STATUS 2 0 1 69 0
21.978 1 NAVIGATION 0 2 0. 0. 0. 0. 0 0
22.012 1 GPS 0 0 0 0 0 0 0 0 0 0 1
22.051 1 ATTITUDE -0.067137 -0.663493 0.03325
22.163 1 NAVIGATION 0 2 0. 0. 0. 0. 0 0
22.374 1 NAVIGATION 0 2 0. 0. 0. 0. 0 0
22.625 1 NAVIGATION 0 2 0. 0. 0. 0. 0 0
22.792 1 DOWNLINK_STATUS 0 23 4131 176 0 170. 7. 267.9
22.935 1 NAVIGATION 0 2 0. 0. 0. 0. 0 0
22.970 1 GPS 0 0 0 0 0 0 0 0 0 0 1
23.024 1 ATTITUDE -0.066972 -0.664443 0.03323
23.135 1 NAVIGATION 0 2 0. 0. 0. 0. 0 0
23.375 1 NAVIGATION 0 2 0. 0. 0. 0. 0 0
23.625 1 NAVIGATION 0 2 0. 0. 0. 0. 0 0
23.792 1 DOWNLINK_STATUS 0 24 4286 182 0 155. 6. 267.9
23.952 1 FBW_STATUS 2 0 1 69 0
23.979 1 NAVIGATION 0 2 0. 0. 0. 0. 0 0
24.013 1 GPS 0 0 0 0 0 0 0 0 0 0 1
24.052 1 ATTITUDE -0.066882 -0.664564 0.033211
24.164 1 NAVIGATION 0 2 0. 0. 0. 0. 0 0
24.374 1 NAVIGATION 0 2 0. 0. 0. 0. 0 0
24.624 1 NAVIGATION 0 2 0. 0. 0. 0. 0 0
24.793 1 DOWNLINK_STATUS 0 25 4456 189 0 170. 7. 267.9
24.936 1 NAVIGATION 0 2 0. 0. 0. 0. 0 0
24.970 1 GPS 0 0 0 0 0 0 0 0 0 0 1
25.025 1 ATTITUDE -0.066746 -0.665706 0.033276
25.136 1 NAVIGATION 0 2 0. 0. 0. 0. 0 0
25.374 1 NAVIGATION 0 2 0. 0. 0. 0. 0 0
25.547 1 PONG 
25.672 1 NAVIGATION 0 2 0. 0. 0. 0. 0 0
25.794 1 DOWNLINK_STATUS 0 26 4617 196 0 161. 7. 266.93
25.950 1 FBW_STATUS 2 0 1 69 0
25.977 1 NAVIGATION 0 2 0. 0. 0. 0. 0 0
26.012 1 GPS 0 0 0 0 0 0 0 0 0 0 1
26.079 1 COMMANDS 0,1333,-64,0,0
26.097 1 ATTITUDE -0.066767 -0.664534 0.033233
26.115 1 ACTUATORS 1250,1577,1584,1610,1350
26.183 1 PPRZ_MODE 2 0 0 0 0 6
26.210 1 NAVIGATION 0 2 0. 0. 0. 0. 0 0
26.375 1 NAVIGATION 0 2 0. 0. 0. 0. 0 0
26.477 1 BAT 0 69 0 0 1 30 0 0
26.625 1 NAVIGATION 0 2 0. 0. 0. 0. 0 0
26.795 1 DOWNLINK_STATUS 0 27 4854 207 0 237. 11. 266.93
26.967 1 WIND_INFO 1 42 0. 0. 0.
26.977 1 NAVIGATION 0 2 0. 0. 0. 0. 0 0
27.012 1 GPS 0 0 0 0 0 0 0 0 0 0 1
27.036 1 ALIVE 14,66,163,213,16,213,150,163,51,99,98,146,248,90,163,111
27.066 1 ATTITUDE -0.066698 -0.664693 0.033183
27.614 1 NAVIGATION 0 2 0. 0. 0. 0. 0 0
27.717 1 NAVIGATION 0 2 0. 0. 0. 0. 0 0
27.795 1 DOWNLINK_STATUS 0 28 5006 213 0 152. 6. 266.93
27.808 1 DOWNLINK 0 175 246
27.892 1 NAVIGATION 0 2 0. 0. 0. 0. 0 0
28.043 1 FBW_STATUS 2 0 1 69 0
28.070 1 NAVIGATION 0 2 0. 0. 0. 0. 0 0
28.104 1 GPS 0 0 0 0 0 0 0 0 0 0 1
28.156 1 ATTITUDE -0.066749 -0.662499 0.033286
28.174 1 GPS_SOL 0 0 0 0
28.268 1 NAVIGATION 0 2 0. 0. 0. 0. 0 0
28.374 1 NAVIGATION 0 2 0. 0. 0. 0. 0 0
28.624 1 NAVIGATION 0 2 0. 0. 0. 0. 0 0
28.796 1 DOWNLINK_STATUS 0 29 5230 223 0 224. 10. 266.93
28.935 1 NAVIGATION 0 2 0. 0. 0. 0. 0 0
28.970 1 GPS 0 0 0 0 0 0 0 0 0 0 1
29.024 1 ATTITUDE -0.066435 -0.662797 0.033424
29.136 1 NAVIGATION 0 2 0. 0. 0. 0. 0 0
29.374 1 NAVIGATION 0 2 0. 0. 0. 0. 0 0
29.624 1 NAVIGATION 0 2 0. 0. 0. 0. 0 0
29.797 1 DOWNLINK_STATUS 0 30 5385 229 0 155. 6. 266.93
29.951 1 FBW_STATUS 2 0 1 69 0
29.978 1 NAVIGATION 0 2 0. 0. 0. 0. 0 0
30.012 1 GPS 0 0 0 0 0 0 0 0 0 0 1
30.050 1 ATTITUDE -0.066148 -0.662893 0.033429
30.162 1 NAVIGATION 0 2 0. 0. 0. 0. 0 0
30.374 1 NAVIGATION 0 2 0. 0. 0. 0. 0 0
30.547 1 PONG 
30.671 1 NAVIGATION 0 2 0. 0. 0. 0. 0 0
30.798 1 DOWNLINK_STATUS 0 31 5561 237 0 176. 8. 265.89
30.934 1 NAVIGATION 0 2 0. 0. 0. 0. 0 0
30.969 1 GPS 0 0 0 0 0 0 0 0 0 0 1
31.036 1 COMMANDS 0,1313,-80,0,0
31.054 1 ATTITUDE -0.065775 -0.662288 0.033488
31.153 1 ACTUATORS 1250,1576,1584,1610,1350
31.180 1 NAVIGATION 0 2 0. 0. 0. 0. 0 0
31.375 1 NAVIGATION 0 2 0. 0. 0. 0. 0 0
31.625 1 NAVIGATION 0 2 0. 0. 0. 0. 0 0
31.799 1 DOWNLINK_STATUS 0 32 5750 245 0 189. 8. 265.89
31.951 1 FBW_STATUS 2 0 1 69 0
31.978 1 NAVIGATION 0 2 0. 0. 0. 0. 0 0
32.012 1 GPS 0 0 0 0 0 0 0 0 0 0 1
32.054 1 ATTITUDE -0.065745 -0.66211 0.033602
32.154 1 PPRZ_MODE 2 0 0 0 0 6
32.181 1 NAVIGATION 0 2 0. 0. 0. 0. 0 0
32.375 1 NAVIGATION 0 2 0. 0. 0. 0. 0 0
32.624 1 NAVIGATION 0 2 0. 0. 0. 0. 0 0
32.799 1 DOWNLINK_STATUS 0 33 5932 253 0 182. 8. 265.89
32.934 1 NAVIGATION 0 2 0. 0. 0. 0. 0 0
32.969 1 GPS 0 0 0 0 0 0 0 0 0 0 1
33.023 1 ATTITUDE -0.065652 -0.663109 0.033588
33.134 1 NAVIGATION 0 2 0. 0. 0. 0. 0 0
33.375 1 NAVIGATION 0 2 0. 0. 0. 0. 0 0
33.624 1 NAVIGATION 0 2 0. 0. 0. 0. 0 0
33.800 1 DOWNLINK_STATUS 0 34 6087 259 0 155. 6. 265.89
33.951 1 FBW_STATUS 2 0 1 69 0
33.978 1 NAVIGATION 0 2 0. 0. 0. 0. 0 0
34.012 1 GPS 0 0 0 0 0 0 0 0 0 0 1
34.051 1 ATTITUDE -0.065632 -0.663005 0.033672
34.164 1 NAVIGATION 0 2 0. 0. 0. 0. 0 0
34.374 1 NAVIGATION 0 2 0. 0. 0. 0. 0 0
34.624 1 NAVIGATION 0 2 0. 0. 0. 0. 0 0
34.801 1 DOWNLINK_STATUS 0 35 6257 266 0 170. 7. 265.89
34.935 1 NAVIGATION 0 2 0. 0. 0. 0. 0 0
34.969 1 GPS 0 0 0 0 0 0 0 0 0 0 1
35.023 1 ATTITUDE -0.065645 -0.663751 0.033686
35.134 1 NAVIGATION 0 2 0. 0. 0. 0. 0 0
35.374 1 NAVIGATION 0 2 0. 0. 0. 0. 0 0
35.546 1 PONG 
35.671 1 NAVIGATION 0 2 0. 0. 0. 0. 0 0
35.802 1 DOWNLINK_STATUS 0 36 6418 273 0 161. 7. 263.91
35.950 1 FBW_STATUS 2 0 1 69 0
35.977 1 NAVIGATION 0 2 0. 0. 0. 0. 0 0
36.012 1 GPS 0 0 0 0 0 0 0 0 0 0 1
36.077 1 COMMANDS 0,1313,-69,0,0
36.096 1 ATTITUDE -0.065577 -0.662834 0.033721
36.113 1 ACTUATORS 1250,1576,1584,1610,1350
36.190 1 NAVIGATION 0 2 0. 0. 0. 0. 0 0
36.374 1 NAVIGATION 0 2 0. 0. 0. 0. 0 0
36.576 1 BAT 0 69 0 0 1 40 0 0
36.684 1 NAVIGATION 0 2 0. 0. 0. 0. 0 0
36.802 1 DOWNLINK_STATUS 0 37 6643 283 0 225. 10. 263.91
36.934 1 NAVIGATION 0 2 0. 0. 0. 0. 0 0
36.967 1 WIND_INFO 1 42 0. 0. 0.
36.969 1 GPS 0 0 0 0 0 0 0 0 0 0 1
37.023 1 ATTITUDE -0.065593 -0.662224 0.033643
37.384 1 ALIVE 14,66,163,213,16,213,150,163,51,99,98,146,248,90,163,111
37.411 1 NAVIGATION 0 2 0. 0. 0. 0. 0 0
37.491 1 NAVIGATION 0 2 0. 0. 0. 0. 0 0
37.623 1 NAVIGATION 0 2 0. 0. 0. 0. 0 0
37.803 1 DOWNLINK_STATUS 0 38 6821 290 0 178. 7. 263.91
37.950 1 FBW_STATUS 2 0 1 69 0
37.977 1 NAVIGATION 0 2 0. 0. 0. 0. 0 0
38.012 1 GPS 0 0 0 0 0 0 0 0 0 0 1
38.063 1 ATTITUDE -0.065629 -0.66107 0.033643
38.074 1 DOWNLINK 0 183 327
38.162 1 PPRZ_MODE 2 0 0 0 0 6
38.189 1 NAVIGATION 0 2 0. 0. 0. 0. 0 0
38.373 1 NAVIGATION 0 2 0. 0. 0. 0. 0 0
38.464 1 GPS_SOL 0 0 0 0
38.623 1 NAVIGATION 0 2 0. 0. 0. 0. 0 0
38.804 1 DOWNLINK_STATUS 0 39 7031 300 0 210. 10. 263.91
38.934 1 NAVIGATION 0 2 0. 0. 0. 0. 0 0
38.969 1 GPS 0 0 0 0 0 0 0 0 0 0 1
39.023 1 ATTITUDE -0.065598 -0.660969 0.033554
39.135 1 NAVIGATION 0 2 0. 0. 0. 0. 0 0
39.374 1 NAVIGATION 0 2 0. 0. 0. 0. 0 0
39.624 1 NAVIGATION 0 2 0. 0. 0. 0. 0 0
39.805 1 DOWNLINK_STATUS 0 40 7186 306 0 155. 6. 263.91
39.950 1 FBW_STATUS 2 0 1 69 0
39.978 1 NAVIGATION 0 2 0. 0. 0. 0. 0 0
40.012 1 GPS 0 0 0 0 0 0 0 0 0 0 1
40.050 1 ATTITUDE -0.065564 -0.661294 0.033411
40.161 1 NAVIGATION 0 2 0. 0. 0. 0. 0 0
40.374 1 NAVIGATION 0 2 0. 0. 0. 0. 0 0
40.547 1 PONG 
40.671 1 NAVIGATION 0 2 0. 0. 0. 0. 0 0
40.806 1 DOWNLINK_STATUS 0 41 7362 314 0 176. 8. 263.89
40.934 1 NAVIGATION 0 2 0. 0. 0. 0. 0 0
40.968 1 GPS 0 0 0 0 0 0 0 0 0 0 1
41.035 1 COMMANDS 0,1314,-68,0,0
41.054 1 ATTITUDE -0.065709 -0.660959 0.033332
41.152 1 ACTUATORS 1250,1576,1584,1610,1350
41.179 1 NAVIGATION 0 2 0. 0. 0. 0. 0 0
41.374 1 NAVIGATION 0 2 0. 0. 0. 0. 0 0
41.624 1 NAVIGATION 0 2 0. 0. 0. 0. 0 0
41.807 1 DOWNLINK_STATUS 0 42 7551 322 0 189. 8. 263.89
41.951 1 FBW_STATUS 2 0 1 69 0
41.977 1 NAVIGATION 0 2 0. 0. 0. 0. 0 0
42.012 1 GPS 0 0 0 0 0 0 0 0 0 0 1
42.051 1 ATTITUDE -0.065661 -0.661353 0.033232
42.162 1 NAVIGATION 0 2 0. 0. 0. 0. 0 0
42.374 1 NAVIGATION 0 2 0. 0. 0. 0. 0 0
42.623 1 NAVIGATION 0 2 0. 0. 0. 0. 0 0
42.807 1 DOWNLINK_STATUS 0 43 7721 329 0 170. 7. 263.89
42.934 1 NAVIGATION 0 2 0. 0. 0. 0. 0 0
42.968 1 GPS 0 0 0 0 0 0 0 0 0 0 1
43.022 1 ATTITUDE -0.065714 -0.662392 0.033028
43.134 1 NAVIGATION 0 2 0. 0. 0. 0. 0 0
43.373 1 NAVIGATION 0 2 0. 0. 0. 0. 0 0
43.623 1 NAVIGATION 0 2 0. 0. 0. 0. 0 0
43.808 1 DOWNLINK_STATUS 0 44 7876 335 0 155. 6. 263.89
43.951 1 FBW_STATUS 2 0 1 69 0
43.978 1 NAVIGATION 0 2 0. 0. 0. 0. 0 0
44.012 1 GPS 0 0 0 0 0 0 0 0 0 0 1
44.054 1 ATTITUDE -0.065638 -0.662853 0.032977
44.152 1 PPRZ_MODE 2 0 0 0 0 6
44.179 1 NAVIGATION 0 2 0. 0. 0. 0. 0 0
44.373 1 NAVIGATION 0 2 0. 0. 0. 0. 0 0
44.623 1 NAVIGATION 0 2 0. 0. 0. 0. 0 0
44.809 1 DOWNLINK_STATUS 0 45 8058 343 0 182. 8. 263.89
44.935 1 NAVIGATION 0 2 0. 0. 0. 0. 0 0
44.968 1 GPS 0 0 0 0 0 0 0 0 0 0 1
45.022 1 ATTITUDE -0.065652 -0.663655 0.032953
45.134 1 NAVIGATION 0 2 0. 0. 0. 0. 0 0
45.373 1 NAVIGATION 0 2 0. 0. 0. 0. 0 0
45.546 1 PONG 
45.671 1 NAVIGATION 0 2 0. 0. 0. 0. 0 0
45.810 1 DOWNLINK_STATUS 0 46 8219 350 0 161. 7. 261.91
45.950 1 FBW_STATUS 2 0 1 69 0
45.977 1 NAVIGATION 0 2 0. 0. 0. 0. 0 0
46.011 1 GPS 0 0 0 0 0 0 0 0 0 0 1
46.076 1 COMMANDS 0,1310,-74,0,0
46.095 1 ATTITUDE -0.065488 -0.663185 0.032957
46.113 1 ACTUATORS 1250,1576,1584,1609,1350
46.189 1 NAVIGATION 0 2 0. 0. 0. 0. 0 0
46.373 1 NAVIGATION 0 2 0. 0. 0. 0. 0 0
46.623 1 NAVIGATION 0 2 0. 0. 0. 0. 0 0
46.717 1 BAT 0 69 0 0 1 50 0 0
46.810 1 DOWNLINK_STATUS 0 47 8444 360 0 225. 10. 261.91
46.934 1 NAVIGATION 0 2 0. 0. 0. 0. 0 0
46.967 1 WIND_INFO 1 42 0. 0. 0.
46.968 1 GPS 0 0 0 0 0 0 0 0 0 0 1
47.023 1 ATTITUDE -0.065258 -0.662595 0.033115
47.273 1 NAVIGATION 0 2 0. 0. 0. 0. 0 0
47.811 1 DOWNLINK_STATUS 0 48 8547 364 0 103. 4. 261.91
47.864 1 ALIVE 14,66,163,213,16,213,150,163,51,99,98,146,248,90,163,111
47.891 1 NAVIGATION 0 2 0. 0. 0. 0. 0 0
47.971 1 NAVIGATION 0 2 0. 0. 0. 0. 0 0
48.108 1 FBW_STATUS 2 0 1 69 0
48.136 1 NAVIGATION 0 2 0. 0. 0. 0. 0 0
48.170 1 GPS 0 0 0 0 0 0 0 0 0 0 1
48.193 1 ATTITUDE -0.065303 -0.660788 0.033069
48.314 1 NAVIGATION 0 2 0. 0. 0. 0. 0 0
48.426 1 NAVIGATION 0 2 0. 0. 0. 0. 0 0
48.437 1 DOWNLINK 0 178 406
48.623 1 NAVIGATION 0 2 0. 0. 0. 0. 0 0
48.811 1 DOWNLINK_STATUS 0 49 8803 375 0 256. 11. 261.91
48.934 1 NAVIGATION 0 2 0. 0. 0. 0. 0 0
48.968 1 GPS 0 0 0 0 0 0 0 0 0 0 1
49.035 1 ATTITUDE -0.06517 -0.660672 0.033111
49.053 1 GPS_SOL 0 0 0 0
49.147 1 NAVIGATION 0 2 0. 0. 0. 0. 0 0
49.373 1 NAVIGATION 0 2 0. 0. 0. 0. 0 0
49.623 1 NAVIGATION 0 2 0. 0. 0. 0. 0 0
49.812 1 DOWNLINK_STATUS 0 50 8975 382 0 172. 7. 261.91
49.949 1 FBW_STATUS 2 0 1 69 0
49.976 1 NAVIGATION 0 2 0. 0. 0. 0. 0 0
50.010 1 GPS 0 0 0 0 0 0 0 0 0 0 1
50.051 1 ATTITUDE -0.065053 -0.660693 0.033164
50.153 1 PPRZ_MODE 2 0 0 0 0 6
50.180 1 NAVIGATION 0 2 0. 0. 0. 0. 0 0
50.373 1 NAVIGATION 0 2 0. 0. 0. 0. 0 0
50.545 1 PONG 
50.671 1 NAVIGATION 0 2 0. 0. 0. 0. 0 0
50.813 1 DOWNLINK_STATUS 0 51 9163 391 0 188. 9. 260.97
50.933 1 NAVIGATION 0 2 0. 0. 0. 0. 0 0
50.968 1 GPS 0 0 0 0 0 0 0 0 0 0 1
51.035 1 COMMANDS 0,1300,-65,0,0
51.053 1 ATTITUDE -0.065084 -0.660356 0.0333
51.152 1 ACTUATORS 1250,1576,1583,1609,1350
51.179 1 NAVIGATION 0 2 0. 0. 0. 0. 0 0
51.373 1 NAVIGATION 0 2 0. 0. 0. 0. 0 0
51.622 1 NAVIGATION 0 2 0. 0. 0. 0. 0 0
51.805 1 SETTING 0 1 1.
51.813 1 DOWNLINK_STATUS 0 52 9352 399 0 189. 8. 260.97
51.949 1 FBW_STATUS 2 0 1 69 0
51.976 1 NAVIGATION 0 2 0. 0. 0. 0. 0 0
52.010 1 GPS 0 0 0 0 0 0 0 0 0 0 1
52.272 1 ATTITUDE -0.064998 -0.66017 0.033468
52.384 1 NAVIGATION 0 2 0. 0. 0. 0. 0 0
52.480 1 DL_VALUE 0 1.
52.507 1 NAVIGATION 0 2 0. 0. 0. 0. 0 0
52.612 1 GPS 0 0 0 0 0 0 0 0 0 0 0
52.718 1 BAT 0 69 0 0 1 56 0 0
52.736 1 ATTITUDE -0.065072 -0.659145 0.033443
52.813 1 DOWNLINK_STATUS 0 53 9579 409 0 227. 10. 260.97
52.839 1 NAVIGATION 0 2 0. 0. 0. 0. 0 0
52.854 1 ESTIMATOR 0. 0.
52.935 1 WP_MOVED 1 348865. 5945715. 660. 12
52.954 1 ATTITUDE -0.065131 -0.658337 0.033479
52.965 1 DL_VALUE 0 1.
53.060 1 NAVIGATION 0 2 0. 0. 0. 0. 0 0
53.175 1 NAVIGATION 0 2 0. 0. 0. 0. 0 0
53.255 1 ATTITUDE -0.064967 -0.657147 0.033454
53.282 1 NAVIGATION 0 2 0. 0. 0. 0. 0 0
53.419 1 ATTITUDE -0.064953 -0.655862 0.033454
53.459 1 DESIRED 0. 0.03 0. 0. 0. 655. 0. 12.
53.486 1 NAVIGATION 0 2 0. 0. 0. 0. 0 0
53.561 1 ALIVE 14,66,163,213,16,213,150,163,51,99,98,146,248,90,163,111
53.596 1 GPS 0 0 0 0 0 0 0 0 0 0 1
53.608 1 PPRZ_MODE 2 0 0 0 0 6
53.698 1 ATTITUDE -0.064905 -0.655091 0.03352
53.725 1 NAVIGATION 0 2 0. 0. 0. 0. 0 0
53.747 1 BAT 0 69 0 0 1 57 0 0
53.756 1 STATE_FILTER_STATUS 3 0
53.806 1 GPS_SOL 0 0 0 0
53.813 1 DOWNLINK_STATUS 0 54 10005 429 0 426. 20. 260.97
53.935 1 ATTITUDE -0.064883 -0.654102 0.033598
53.947 1 CALIBRATION 0. 0
53.962 1 FBW_STATUS 2 0 1 69 0
53.989 1 NAVIGATION 0 2 0. 0. 0. 0. 0 0
54.004 1 ESTIMATOR 0. 0.
54.031 1 DOWNLINK 0 1038 467
54.050 1 ATTITUDE -0.064814 -0.65353 0.033619
54.189 1 NAVIGATION 0 2 0. 0. 0. 0. 0 0
54.210 1 WP_MOVED 2 348895. 5945815. 660. 12
54.226 1 NAVIGATION_REF 348865 5945715 12
54.320 1 ATTITUDE -0.064759 -0.653186 0.033646
54.331 1 DL_VALUE 1 0.
54.431 1 NAVIGATION 0 2 0. 0. 0. 0. 0 0
54.548 1 GPS 0 0 0 0 0 0 0 0 0 0 1
54.650 1 ATTITUDE -0.064777 -0.652956 0.0336
54.677 1 NAVIGATION 0 2 0. 0. 0. 0. 0 0
54.753 1 BAT 0 69 0 0 1 58 0 0
54.815 1 DOWNLINK_STATUS 0 55 10332 446 0 327. 17. 260.97
54.859 1 ATTITUDE -0.064786 -0.652075 0.033661
54.940 1 NAVIGATION 0 2 0. 0. 0. 0. 0 0
55.049 1 ATTITUDE -0.064754 -0.651063 0.03364
55.161 1 NAVIGATION 0 2 0. 0. 0. 0. 0 0
55.243 1 ESTIMATOR 0. 0.
55.356 1 ATTITUDE -0.064708 -0.650167 0.033675
55.811 1 NAVIGATION 0 2 0. 0. 0. 0. 0 0
55.815 1 DOWNLINK_STATUS 0 56 10478 453 0 146. 7. -4739.92
55.931 1 WP_MOVED 3 348965.09375 5945786. 660. 12
56.046 1 ATTITUDE -0.064744 -0.649826 0.03368
56.080 1 GPS 0 0 0 0 0 0 0 0 0 0 1
56.107 1 NAVIGATION 0 2 0. 0. 0. 0. 0 0
56.221 1 ATTITUDE -0.064723 -0.649936 0.033704
56.243 1 BAT 0 69 0 0 1 59 0 0
56.255 1 DL_VALUE 2 655.
56.270 1 FBW_STATUS 2 0 1 69 0
56.297 1 NAVIGATION 0 2 0. 0. 0. 0. 0 0
56.303 1 PONG 
56.337 1 COMMANDS 0,1292,-83,0,0
56.364 1 NAVIGATION 0 2 0. 0. 0. 0. 0 0
56.467 1 ACTUATORS 1250,1576,1583,1609,1350
56.486 1 ATTITUDE -0.06469 -0.649676 0.033682
56.513 1 NAVIGATION 0 2 0. 0. 0. 0. 0 0
56.565 1 ATTITUDE -0.064709 -0.648997 0.033653
56.677 1 NAVIGATION 0 2 0. 0. 0. 0. 0 0
56.773 1 ESTIMATOR 0. 0.
56.795 1 ATTITUDE -0.06471 -0.648425 0.033673
56.815 1 DOWNLINK_STATUS 0 57 10852 472 0 374. 19. 1017.16
56.916 1 NAVIGATION 0 2 0. 0. 0. 0. 0 0
56.950 1 GPS 0 0 0 0 0 0 0 0 0 0 1
56.967 1 WIND_INFO 1 42 0. 0. 0.
57.025 1 ATTITUDE -0.064726 -0.647762 0.033683
57.052 1 NAVIGATION 0 2 0. 0. 0. 0. 0 0
57.512 1 BAT 0 69 0 0 1 61 0 0
57.533 1 WP_MOVED 4 348764.6875 5945795. 660. 12
57.814 1 ATTITUDE -0.064719 -0.647146 0.033682
57.816 1 DOWNLINK_STATUS 0 58 11014 479 0 162. 7. 1017.16
57.841 1 NAVIGATION 0 2 0. 0. 0. 0. 0 0
57.972 1 ATTITUDE -0.064771 -0.646587 0.033725
57.982 1 DL_VALUE 3 0.
58.010 1 NAVIGATION 0 2 0. 0. 0. 0. 0 0
58.050 1 DESIRED 0. 0.03 0. 0. 0. 655. 0. 12.
58.275 1 ATTITUDE -0.064783 -0.647176 0.033762
58.302 1 NAVIGATION 0 2 0. 0. 0. 0. 0 0
58.400 1 GPS 0 0 0 0 0 0 0 0 0 0 1
58.760 1 ATTITUDE -0.064759 -0.646574 0.033715
58.774 1 ESTIMATOR 0. 0.
58.790 1 FBW_STATUS 2 0 1 69 0
58.817 1 NAVIGATION 0 2 0. 0. 0. 0. 0 0
58.817 1 DOWNLINK_STATUS 0 59 11283 491 0 269. 12. 1017.16
58.876 1 BAT 0 69 0 0 1 62 0 0
58.894 1 ATTITUDE -0.06465 -0.646269 0.033763
58.985 1 NAVIGATION 0 2 0. 0. 0. 0. 0 0
59.110 1 ATTITUDE -0.06458 -0.646088 0.033777
59.131 1 WP_MOVED 5 348740. 5945760. 660. 12
59.158 1 NAVIGATION 0 2 0. 0. 0. 0. 0 0
59.219 1 ALIVE 14,66,163,213,16,213,150,163,51,99,98,146,248,90,163,111
59.337 1 PPRZ_MODE 2 0 0 0 0 6
59.356 1 ATTITUDE -0.064649 -0.645569 0.033721
59.383 1 NAVIGATION 0 2 0. 0. 0. 0. 0 0
59.392 1 STATE_FILTER_STATUS 3 0
59.529 1 GPS 0 0 0 0 0 0 0 0 0 0 1
59.546 1 GPS_SOL 0 0 0 0
59.565 1 ATTITUDE -0.064691 -0.645764 0.033717
59.577 1 DL_VALUE 4 0.
59.604 1 NAVIGATION 0 2 0. 0. 0. 0. 0 0
59.615 1 CALIBRATION 0. 0
59.739 1 NAVIGATION 0 2 0. 0. 0. 0. 0 0
59.749 1 DOWNLINK 0 149 542
59.768 1 ATTITUDE -0.06457 -0.645336 0.033776
59.817 1 DOWNLINK_STATUS 0 60 11671 511 0 388. 20. 1017.16
59.870 1 NAVIGATION 0 2 0. 0. 0. 0. 0 0
59.892 1 BAT 0 69 0 0 1 63 0 0
59.906 1 ESTIMATOR 0. 0.
59.958 1 ATTITUDE -0.064587 -0.644434 0.033812
60.070 1 NAVIGATION 0 2 0. 0. 0. 0. 0 0
60.180 1 ATTITUDE -0.06455 -0.643486 0.033912
60.207 1 NAVIGATION 0 2 0. 0. 0. 0. 0 0
60.321 1 WP_MOVED 6 348665. 5945815. 660. 12
60.356 1 GPS 0 0 0 0 0 0 0 0 0 0 1
60.374 1 ATTITUDE -0.064605 -0.64279 0.033879
60.656 1 NAVIGATION 0 2 0. 0. 0. 0. 0 0
60.671 1 FBW_STATUS 2 0 1 69 0
60.744 1 ATTITUDE -0.064609 -0.64217 0.033906
60.818 1 DOWNLINK_STATUS 0 61 11950 524 0 279. 13. -3983.79
60.856 1 NAVIGATION 0 2 0. 0. 0. 0. 0 0
60.951 1 BAT 0 69 0 0 1 64 0 0
61.086 1 ATTITUDE -0.064577 -0.641965 0.03395
61.097 1 DL_VALUE 5 0.
61.124 1 NAVIGATION 0 2 0. 0. 0. 0. 0 0
61.139 1 ESTIMATOR 0. 0.
61.183 1 ATTITUDE -0.064536 -0.641482 0.033985
61.303 1 NAVIGATION 0 2 0. 0. 0. 0. 0 0
61.361 1 PONG 
61.532 1 ATTITUDE -0.064539 -0.641705 0.033992
61.566 1 GPS 0 0 0 0 0 0 0 0 0 0 1
61.593 1 NAVIGATION 0 2 0. 0. 0. 0. 0 0
61.611 1 COMMANDS 0,1290,-83,0,0
61.745 1 ACTUATORS 1250,1575,1583,1609,1350
61.764 1 ATTITUDE -0.064616 -0.64099 0.034041
61.791 1 NAVIGATION 0 2 0. 0. 0. 0. 0 0
61.811 1 WP_MOVED 7 349065. 5946015. 660. 12
61.819 1 DOWNLINK_STATUS 0 62 12291 541 0 341. 17. 1075.08
61.901 1 ATTITUDE -0.064582 -0.640074 0.034054
61.923 1 BAT 0 69 0 0 1 65 0 0
61.950 1 NAVIGATION 0 2 0. 0. 0. 0. 0 0
62.025 1 DESIRED 0. 0.03 0. 0. 0. 655. 0. 12.
62.128 1 ATTITUDE -0.064537 -0.639469 0.034069
62.154 1 NAVIGATION 0 2 0. 0. 0. 0. 0 0
62.218 1 ESTIMATOR 0. 0.
62.351 1 ATTITUDE -0.064572 -0.638604 0.034062
62.362 1 DL_VALUE 6 80.
62.378 1 FBW_STATUS 2 0 1 69 0
62.477 1 NAVIGATION 0 2 0. 0. 0. 0. 0 0
62.511 1 GPS 0 0 0 0 0 0 0 0 0 0 1
62.596 1 NAVIGATION 0 2 0. 0. 0. 0. 0 0
62.614 1 ATTITUDE -0.064513 -0.637795 0.03401
62.641 1 NAVIGATION 0 2 0. 0. 0. 0. 0 0
62.704 1 ATTITUDE -0.064484 -0.637523 0.034006
62.820 1 DOWNLINK_STATUS 0 63 12643 557 0 352. 16. 1075.08
62.832 1 NAVIGATION 0 2 0. 0. 0. 0. 0 0
62.854 1 BAT 0 69 0 0 1 66 0 0
62.941 1 WP_MOVED 8 349447.90625 5946767.5 660. 12
62.959 1 ATTITUDE -0.064448 -0.637071 0.033983
63.045 1 NAVIGATION 0 2 0. 0. 0. 0. 0 0
63.136 1 ATTITUDE -0.06442 -0.63642 0.033968
63.275 1 NAVIGATION 0 2 0. 0. 0. 0. 0 0
63.309 1 GPS 0 0 0 0 0 0 0 0 0 0 1
63.362 1 ESTIMATOR 0. 0.
63.483 1 ATTITUDE -0.064341 -0.635249 0.034034
63.510 1 NAVIGATION 0 2 0. 0. 0. 0. 0 0
63.525 1 NAVIGATION_REF 348865 5945715 12
63.617 1 ATTITUDE -0.06446 -0.63529 0.034052
63.628 1 DL_VALUE 7 2.
63.656 1 NAVIGATION 0 2 0. 0. 0. 0. 0 0
63.723 1 ALIVE 14,66,163,213,16,213,150,163,51,99,98,146,248,90,163,111
63.821 1 DOWNLINK_STATUS 0 64 12982 573 0 339. 16. 1075.08
63.852 1 BAT 0 69 0 0 1 67 0 0
63.864 1 PPRZ_MODE 2 0 0 0 0 6
63.884 1 ATTITUDE -0.064425 -0.634549 0.034065
63.966 1 NAVIGATION 0 2 0. 0. 0. 0. 0 0
63.974 1 STATE_FILTER_STATUS 3 0
63.992 1 GPS_SOL 0 0 0 0
64.062 1 ATTITUDE -0.064404 -0.634025 0.034068
64.204 1 FBW_STATUS 2 0 1 69 0
64.231 1 NAVIGATION 0 2 0. 0. 0. 0. 0 0
64.252 1 WP_MOVED 9 349369.3125 5945408. 660. 12
64.324 1 GPS 0 0 0 0 0 0 0 0 0 0 1
64.335 1 CALIBRATION 0. 0
64.354 1 ATTITUDE -0.064438 -0.633662 0.034058
64.447 1 NAVIGATION 0 2 0. 0. 0. 0. 0 0
64.458 1 DOWNLINK 0 154 620
64.568 1 ATTITUDE -0.064487 -0.633201 0.034054
64.582 1 ESTIMATOR 0. 0.
64.609 1 NAVIGATION 0 2 0. 0. 0. 0. 0 0
64.702 1 ATTITUDE -0.064492 -0.63297 0.034054
64.729 1 NAVIGATION 0 2 0. 0. 0. 0. 0 0
64.749 1 BAT 0 69 0 0 1 68 0 0
64.819 1 ATTITUDE -0.064461 -0.632735 0.03402
64.821 1 DOWNLINK_STATUS 0 65 13404 595 0 422. 22. 1075.08
64.830 1 DL_VALUE 8 0.
64.931 1 NAVIGATION 0 2 0. 0. 0. 0. 0 0
65.123 1 GPS 0 0 0 0 0 0 0 0 0 0 1
65.150 1 NAVIGATION 0 2 0. 0. 0. 0. 0 0
65.169 1 ATTITUDE -0.064375 -0.631902 0.034003
65.220 1 NAVIGATION 0 2 0. 0. 0. 0. 0 0
65.336 1 ATTITUDE -0.064434 -0.631673 0.034074
65.357 1 WP_MOVED 10 348852.40625 5945427. 660. 12
65.665 1 NAVIGATION 0 2 0. 0. 0. 0. 0 0
65.792 1 DESIRED 0. 0.03 0. 0. 0. 655. 0. 12.
65.823 1 DOWNLINK_STATUS 0 66 13646 605 0 242. 10. -3925.03
65.847 1 ATTITUDE -0.064378 -0.6313 0.034054
65.986 1 NAVIGATION 0 2 0. 0. 0. 0. 0 0
66.000 1 ESTIMATOR 0. 0.
66.069 1 PONG 
66.091 1 BAT 0 69 0 0 1 69 0 0
66.212 1 ATTITUDE -0.064391 -0.631531 0.033998
66.227 1 FBW_STATUS 2 0 1 69 0
66.254 1 NAVIGATION 0 2 0. 0. 0. 0. 0 0
66.307 1 COMMANDS 0,1290,-74,0,0
66.465 1 ACTUATORS 1250,1575,1583,1609,1350
66.483 1 ATTITUDE -0.064496 -0.631278 0.033986
66.519 1 GPS 0 0 0 0 0 0 0 0 0 0 1
66.545 1 NAVIGATION 0 2 0. 0. 0. 0. 0 0
66.593 1 ATTITUDE -0.064507 -0.630952 0.033944
66.604 1 DL_VALUE 9 1.
66.631 1 NAVIGATION 0 2 0. 0. 0. 0. 0 0
66.690 1 ATTITUDE -0.064569 -0.6309 0.033863
66.811 1 NAVIGATION 0 2 0. 0. 0. 0. 0 0
66.823 1 DOWNLINK_STATUS 0 67 14000 623 0 354. 18. 782.34
66.888 1 WP_MOVED 11 348865. 5945714. 660. 12
66.967 1 WIND_INFO 1 42 0. 0. 0.
67.029 1 ATTITUDE -0.064578 -0.631078 0.03383
67.051 1 BAT 0 69 0 0 1 70 0 0
67.078 1 NAVIGATION 0 2 0. 0. 0. 0. 0 0
67.093 1 ESTIMATOR 0. 0.
67.447 1 ATTITUDE -0.064615 -0.631226 0.033827
67.474 1 NAVIGATION 0 2 0. 0. 0. 0. 0 0
67.521 1 GPS 0 0 0 0 0 0 0 0 0 0 1
67.632 1 ATTITUDE -0.064649 -0.630528 0.033729
67.743 1 NAVIGATION 0 2 0. 0. 0. 0. 0 0
67.824 1 DOWNLINK_STATUS 0 68 14220 633 0 220. 10. 782.34
67.853 1 ATTITUDE -0.064569 -0.630923 0.033722
67.880 1 NAVIGATION 0 2 0. 0. 0. 0. 0 0
67.963 1 ATTITUDE -0.064501 -0.630571 0.033687
67.974 1 DL_VALUE 10 0.
68.084 1 FBW_STATUS 2 0 1 69 0
68.111 1 NAVIGATION 0 2 0. 0. 0. 0. 0 0
68.132 1 BAT 0 69 0 0 1 72 0 0
68.217 1 NAVIGATION 0 2 0. 0. 0. 0. 0 0
68.235 1 ATTITUDE -0.064563 -0.630468 0.033643
68.369 1 NAVIGATION 0 2 0. 0. 0. 0. 0 0
68.390 1 WP_MOVED 12 348655.1875 5945715. 660. 12
68.424 1 GPS 0 0 0 0 0 0 0 0 0 0 1
68.446 1 ESTIMATOR 0. 0.
68.465 1 ATTITUDE -0.064709 -0.630327 0.033638
68.590 1 NAVIGATION 0 2 0. 0. 0. 0. 0 0
68.614 1 ALIVE 14,66,163,213,16,213,150,163,51,99,98,146,248,90,163,111
68.682 1 PPRZ_MODE 2 0 0 0 0 6
68.701 1 ATTITUDE -0.064708 -0.629834 0.033599
68.812 1 NAVIGATION 0 2 0. 0. 0. 0. 0 0
68.818 1 STATE_FILTER_STATUS 3 0
68.825 1 DOWNLINK_STATUS 0 69 14624 653 0 404. 20. 782.34
68.899 1 GPS_SOL 0 0 0 0
69.005 1 ATTITUDE -0.064744 -0.629626 0.033598
69.032 1 NAVIGATION 0 2 0. 0. 0. 0. 0 0
69.153 1 BAT 0 69 0 0 1 73 0 0
69.172 1 ATTITUDE -0.064755 -0.629311 0.033544
69.199 1 NAVIGATION 0 2 0. 0. 0. 0. 0 0
69.260 1 CALIBRATION 0. 0
69.294 1 GPS 0 0 0 0 0 0 0 0 0 0 1
69.314 1 DOWNLINK 0 148 694
69.399 1 ATTITUDE -0.064875 -0.62901 0.033569
69.410 1 DL_VALUE 0 1.
69.437 1 NAVIGATION 0 2 0. 0. 0. 0. 0 0
69.627 1 ESTIMATOR 0. 0.
69.648 1 WP_MOVED 13 348241.40625 5945665. 660. 12
69.687 1 DESIRED 0. 0.03 0. 0. 0. 655. 0. 12.
69.706 1 ATTITUDE -0.06488 -0.628412 0.033537
69.743 1 NAVIGATION 0 2 0. 0. 0. 0. 0 0
69.825 1 DOWNLINK_STATUS 0 70 14976 670 0 352. 17. 782.34
69.833 1 ATTITUDE -0.064872 -0.628646 0.033424
69.940 1 FBW_STATUS 2 0 1 69 0
69.967 1 NAVIGATION 0 2 0. 0. 0. 0. 0 0
70.049 1 ATTITUDE -0.064928 -0.628478 0.033374
70.178 1 NAVIGATION 0 2 0. 0. 0. 0. 0 0
70.200 1 BAT 0 69 0 0 1 74 0 0
70.294 1 GPS 0 0 0 0 0 0 0 0 0 0 1
70.396 1 ATTITUDE -0.064974 -0.628227 0.033365
70.423 1 NAVIGATION 0 2 0. 0. 0. 0. 0 0
70.588 1 ATTITUDE -0.064908 -0.62856 0.033316
70.693 1 NAVIGATION 0 2 0. 0. 0. 0. 0 0
70.699 1 PONG 
70.826 1 DOWNLINK_STATUS 0 71 15227 682 0 251. 12. 411.77
70.845 1 ATTITUDE -0.064954 -0.628705 0.033293
70.859 1 ESTIMATOR 0. 0.
70.871 1 DL_VALUE 1 0.
70.984 1 NAVIGATION 0 2 0. 0. 0. 0. 0 0
71.005 1 WP_MOVED 14 348242.3125 5945836.5 660. 12
71.094 1 COMMANDS 0,1300,-71,0,0
71.121 1 NAVIGATION 0 2 0. 0. 0. 0. 0 0
71.139 1 ACTUATORS 1250,1576,1583,1609,1350
71.157 1 ATTITUDE -0.064942 -0.62873 0.033279
71.239 1 NAVIGATION 0 2 0. 0. 0. 0. 0 0
71.259 1 BAT 0 69 0 0 1 75 0 0
71.407 1 ATTITUDE -0.064865 -0.62872 0.03321
71.441 1 GPS 0 0 0 0 0 0 0 0 0 0 1
71.468 1 NAVIGATION 0 2 0. 0. 0. 0. 0 0
71.548 1 ATTITUDE -0.064883 -0.628364 0.033227
71.660 1 NAVIGATION 0 2 0. 0. 0. 0. 0 0
71.799 1 ATTITUDE -0.064861 -0.628765 0.033231
71.827 1 DOWNLINK_STATUS 0 72 15580 699 0 353. 17. 411.77
71.911 1 FBW_STATUS 2 0 1 69 0
71.938 1 NAVIGATION 0 2 0. 0. 0. 0. 0 0
72.048 1 ATTITUDE -0.064774 -0.628681 0.033263
72.182 1 NAVIGATION 0 2 0. 0. 0. 0. 0 0
72.197 1 ESTIMATOR 0. 0.
72.213 1 NAVIGATION_REF 348865 5945715 12
72.503 1 ATTITUDE -0.064735 -0.628989 0.033272
72.525 1 BAT 0 69 0 0 1 76 0 0
72.545 1 WP_MOVED 15 348610.09375 5946017. 660. 12
72.557 1 DL_VALUE 2 655.
72.584 1 NAVIGATION 0 2 0. 0. 0. 0. 0 0
72.618 1 GPS 0 0 0 0 0 0 0 0 0 0 1
72.637 1 ATTITUDE -0.064716 -0.630326 0.033235
72.689 1 NAVIGATION 0 2 0. 0. 0. 0. 0 0
72.800 1 ATTITUDE -0.064667 -0.630168 0.033168
72.827 1 DOWNLINK_STATUS 0 73 15885 714 0 305. 15. 411.77
72.912 1 NAVIGATION 0 2 0. 0. 0. 0. 0 0
73.048 1 ATTITUDE -0.064616 -0.629871 0.033144
73.160 1 NAVIGATION 0 2 0. 0. 0. 0. 0 0
73.298 1 ATTITUDE -0.06456 -0.629839 0.033131
73.424 1 NAVIGATION 0 2 0. 0. 0. 0. 0 0
73.565 1 GPS 0 0 0 0 0 0 0 0 0 0 1
73.587 1 BAT 0 69 0 0 1 77 0 0
73.601 1 ESTIMATOR 0. 0.
73.625 1 ALIVE 14,66,163,213,16,213,150,163,51,99,98,146,248,90,163,111
73.637 1 PPRZ_MODE 2 0 0 0 0 6
73.721 1 ATTITUDE -0.064546 -0.630098 0.033098
73.762 1 DESIRED 0. 0.03 0. 0. 0. 655. 0. 12.
73.770 1 STATE_FILTER_STATUS 3 0
73.797 1 NAVIGATION 0 2 0. 0. 0. 0. 0 0
73.828 1 DOWNLINK_STATUS 0 74 16193 728 0 308. 14. 411.77
73.858 1 WP_MOVED 16 348775.09375 5946191. 660. 12
73.876 1 GPS_SOL 0 0 0 0
73.894 1 ATTITUDE -0.064492 -0.629887 0.033104
73.906 1 DL_VALUE 3 0.
73.968 1 FBW_STATUS 2 0 1 69 0
73.995 1 NAVIGATION 0 2 0. 0. 0. 0. 0 0
74.096 1 NAVIGATION 0 2 0. 0. 0. 0. 0 0
74.115 1 ATTITUDE -0.06449 -0.629704 0.033083
74.207 1 NAVIGATION 0 2 0. 0. 0. 0. 0 0
74.282 1 CALIBRATION 0. 0
74.393 1 ATTITUDE -0.064503 -0.629284 0.033098
74.404 1 DOWNLINK 0 154 772
74.432 1 NAVIGATION 0 2 0. 0. 0. 0. 0 0
74.552 1 GPS 0 0 0 0 0 0 0 0 0 0 1
74.574 1 BAT 0 69 0 0 1 78 0 0
74.654 1 ATTITUDE -0.064495 -0.629319 0.033116
74.681 1 NAVIGATION 0 2 0. 0. 0. 0. 0 0
74.744 1 ESTIMATOR 0. 0.
74.829 1 DOWNLINK_STATUS 0 75 16548 746 0 355. 18. 411.77
74.860 1 ATTITUDE -0.06452 -0.629492 0.03315
74.939 1 NAVIGATION 0 2 0. 0. 0. 0. 0 0
75.048 1 ATTITUDE -0.064491 -0.629592 0.033212
75.176 1 NAVIGATION 0 2 0. 0. 0. 0. 0 0
75.197 1 WP_MOVED 17 348944.6875 5946570. 660. 12
75.320 1 ATTITUDE -0.06448 -0.629426 0.033251
75.330 1 DL_VALUE 4 0.
75.830 1 DOWNLINK_STATUS 0 76 16685 753 0 137. 7. -4589.05
75.914 1 NAVIGATION 0 2 0. 0. 0. 0. 0 0
76.420 1 GPS 0 0 0 0 0 0 0 0 0 0 1
76.668 1 ATTITUDE -0.064441 -0.629504 0.033257
76.796 1 NAVIGATION 0 2 0. 0. 0. 0. 0 0
76.821 1 BAT 0 69 0 0 1 79 0 0
76.830 1 DOWNLINK_STATUS 0 77 16809 758 0 124. 5. -4589.05
76.967 1 WIND_INFO 1 42 0. 0. 0.
77.016 1 ATTITUDE -0.064516 -0.629679 0.033261
77.140 1 NAVIGATION 0 2 0. 0. 0. 0. 0 0
77.156 1 FBW_STATUS 2 0 1 69 0
77.239 1 COMMANDS 0,1291,-62,0,0
77.253 1 ESTIMATOR 0. 0.
77.571 1 ACTUATORS 1250,1576,1583,1609,1350
77.589 1 ATTITUDE -0.064485 -0.630847 0.033197
77.616 1 NAVIGATION 0 2 0. 0. 0. 0. 0 0
77.831 1 DOWNLINK_STATUS 0 78 16960 766 0 151. 8. -4589.05
78.012 1 ATTITUDE -0.064434 -0.631418 0.033162
78.262 1 NAVIGATION 0 2 0. 0. 0. 0. 0 0
78.523 1 WP_MOVED 18 348975. 5946791.5 660. 12
78.833 1 DOWNLINK_STATUS 0 79 17024 769 0 64. 3. -4589.05
79.107 1 ATTITUDE -0.064439 -0.632444 0.033218
79.142 1 GPS 0 0 0 0 0 0 0 0 0 0 1
79.169 1 NAVIGATION 0 2 0. 0. 0. 0. 0 0
79.191 1 BAT 0 69 0 0 1 80 0 0
79.394 1 ATTITUDE -0.064452 -0.633031 0.033267
79.405 1 DL_VALUE 5 0.
79.432 1 NAVIGATION 0 2 0. 0. 0. 0. 0 0
79.834 1 DOWNLINK_STATUS 0 80 17177 776 0 153. 7. -4589.05
79.956 1 NAVIGATION 0 2 0. 0. 0. 0. 0 0
79.975 1 ATTITUDE -0.064478 -0.633057 0.033272
80.002 1 NAVIGATION 0 2 0. 0. 0. 0. 0 0
80.214 1 ATTITUDE -0.064457 -0.633194 0.03329
80.228 1 ESTIMATOR 0. 0.
80.307 1 NAVIGATION 0 2 0. 0. 0. 0. 0 0
80.835 1 DOWNLINK_STATUS 0 81 17305 782 0 128. 6. -9590.06
80.981 1 ATTITUDE -0.064447 -0.632602 0.033232
81.008 1 NAVIGATION 0 2 0. 0. 0. 0. 0 0
81.043 1 GPS 0 0 0 0 0 0 0 0 0 0 1
81.184 1 DESIRED 0. 0.03 0. 0. 0. 655. 0. 12.
81.201 1 ATTITUDE -0.064414 -0.632537 0.033211
81.223 1 BAT 0 69 0 0 1 81 0 0
81.239 1 FBW_STATUS 2 0 1 69 0
81.266 1 NAVIGATION 0 2 0. 0. 0. 0. 0 0
81.287 1 WP_MOVED 0 348907. 5945757. 660. 12
81.293 1 PONG 
81.312 1 ATTITUDE -0.064467 -0.633659 0.033289
81.339 1 NAVIGATION 0 2 0. 0. 0. 0. 0 0
81.357 1 ATTITUDE -0.064476 -0.634233 0.033249
81.369 1 DL_VALUE 6 80.
81.459 1 NAVIGATION 0 2 0. 0. 0. 0. 0 0
81.483 1 ALIVE 14,66,163,213,16,213,150,163,51,99,98,146,248,90,163,111
81.495 1 PPRZ_MODE 2 0 0 0 0 6
81.514 1 ATTITUDE -0.064481 -0.634489 0.033228
81.541 1 NAVIGATION 0 2 0. 0. 0. 0. 0 0
81.675 1 ESTIMATOR 0. 0.
81.684 1 STATE_FILTER_STATUS 3 0
81.719 1 GPS 0 0 0 0 0 0 0 0 0 0 1
81.736 1 GPS_SOL 0 0 0 0
81.755 1 ATTITUDE -0.064443 -0.634485 0.033223
81.782 1 NAVIGATION 0 2 0. 0. 0. 0. 0 0
81.804 1 BAT 0 69 0 0 1 83 0 0
81.825 1 ATTITUDE -0.064515 -0.634606 0.033198
81.836 1 DOWNLINK_STATUS 0 82 17860 809 0 555. 27. 1004.05
81.849 1 NAVIGATION 0 2 0. 0. 0. 0. 0 0
81.868 1 ATTITUDE -0.064472 -0.634378 0.033264
81.889 1 WP_MOVED 1 348865. 5945715. 660. 12
81.899 1 CALIBRATION 0. 0
81.927 1 NAVIGATION 0 2 0. 0. 0. 0. 0 0
81.938 1 DOWNLINK 0 150 847
82.105 1 ATTITUDE -0.064434 -0.63439 0.033174
82.132 1 NAVIGATION 0 2 0. 0. 0. 0. 0 0
82.167 1 GPS 0 0 0 0 0 0 0 0 0 0 1
82.185 1 ATTITUDE -0.06441 -0.633933 0.033137
82.197 1 DL_VALUE 7 2.
82.224 1 NAVIGATION 0 2 0. 0. 0. 0. 0 0
82.239 1 FBW_STATUS 2 0 1 69 0
82.254 1 ESTIMATOR 0. 0.
82.276 1 BAT 0 69 0 0 1 84 0 0
82.303 1 NAVIGATION 0 2 0. 0. 0. 0. 0 0
82.329 1 ATTITUDE -0.064445 -0.634681 0.033121
82.349 1 NAVIGATION 0 2 0. 0. 0. 0. 0 0
82.367 1 ATTITUDE -0.064452 -0.634934 0.033205
82.394 1 NAVIGATION 0 2 0. 0. 0. 0. 0 0
82.572 1 ATTITUDE -0.064413 -0.634779 0.033249
82.599 1 NAVIGATION 0 2 0. 0. 0. 0. 0 0
82.620 1 WP_MOVED 2 348895. 5945815. 660. 12
82.654 1 GPS 0 0 0 0 0 0 0 0 0 0 1
82.673 1 ATTITUDE -0.064335 -0.635269 0.03326
82.700 1 NAVIGATION 0 2 0. 0. 0. 0. 0 0
82.705 1 PONG 
82.724 1 COMMANDS 0,1285,-69,0,0
82.741 1 ACTUATORS 1250,1576,1583,1609,1350
82.760 1 ATTITUDE -0.064276 -0.635342 0.033237
82.786 1 NAVIGATION 0 2 0. 0. 0. 0. 0 0
82.808 1 BAT 0 69 0 0 1 85 0 0
82.832 1 NAVIGATION_REF 348865 5945715 12
82.836 1 DOWNLINK_STATUS 0 83 18529 842 0 669. 33. 2416.19
82.838 1 ESTIMATOR 0. 0.
82.857 1 ATTITUDE -0.064309 -0.634716 0.033268
82.868 1 DL_VALUE 8 0.
82.895 1 NAVIGATION 0 2 0. 0. 0. 0. 0 0
82.937 1 ATTITUDE -0.064205 -0.634328 0.033279
83.090 1 NAVIGATION 0 2 0. 0. 0. 0. 0 0
83.129 1 DESIRED 0. 0.03 0. 0. 0. 655. 0. 12.
83.215 1 ATTITUDE -0.064167 -0.633599 0.033218
83.249 1 GPS 0 0 0 0 0 0 0 0 0 0 1
83.265 1 FBW_STATUS 2 0 1 69 0
83.292 1 NAVIGATION 0 2 0. 0. 0. 0. 0 0
83.378 1 ATTITUDE -0.064191 -0.633401 0.033243
83.405 1 NAVIGATION 0 2 0. 0. 0. 0. 0 0
83.426 1 WP_MOVED 3 348965.09375 5945786. 660. 12
83.448 1 BAT 0 69 0 0 1 86 0 0
83.475 1 ATTITUDE -0.064191 -0.632943 0.033256
83.587 1 NAVIGATION 0 2 0. 0. 0. 0. 0 0
83.703 1 ESTIMATOR 0. 0.
83.721 1 ATTITUDE -0.06417 -0.632973 0.03329
83.748 1 NAVIGATION 0 2 0. 0. 0. 0. 0 0
83.812 1 ATTITUDE -0.064192 -0.632554 0.033345
83.829 1 DL_VALUE 9 1.
83.837 1 DOWNLINK_STATUS 0 84 18988 864 0 459. 22. 2416.19
83.951 1 NAVIGATION 0 2 0. 0. 0. 0. 0 0
83.985 1 GPS 0 0 0 0 0 0 0 0 0 0 1
84.061 1 NAVIGATION 0 2 0. 0. 0. 0. 0 0
84.155 1 ATTITUDE -0.064099 -0.632305 0.033375
84.182 1 NAVIGATION 0 2 0. 0. 0. 0. 0 0
84.277 1 ATTITUDE -0.064073 -0.632093 0.033383
84.300 1 BAT 0 69 0 0 1 87 0 0
