8.735 2 WIND_INFO 2 42 0. 0. 0.
10.269 2 WIND_INFO 2 42 0. 0. 0.
18.735 2 WIND_INFO 2 42 0. 0. 0.
20.269 2 WIND_INFO 2 42 0. 0. 0.
28.735 2 WIND_INFO 2 42 0. 0. 0.
30.269 2 WIND_INFO 2 42 0. 0. 0.
38.735 2 WIND_INFO 2 42 0. 0. 0.
40.269 2 WIND_INFO 2 42 0. 0. 0.
48.735 2 WIND_INFO 2 42 0. 0. 0.
50.269 2 WIND_INFO 2 42 0. 0. 0.
58.735 2 WIND_INFO 2 42 0. 0. 0.
60.269 2 WIND_INFO 2 42 0. 0. 0.
68.735 2 WIND_INFO 2 42 0. 0. 0.
70.270 2 WIND_INFO 2 42 0. 0. 0.
78.736 2 WIND_INFO 2 42 0. 0. 0.
80.270 2 WIND_INFO 2 42 0. 0. 0.
88.736 2 WIND_INFO 2 42 0. 0. 0.
90.270 2 WIND_INFO 2 42 0. 0. 0.
98.737 2 WIND_INFO 2 42 0. 0. 0.
100.270 2 WIND_INFO 2 42 0. 0. 0.
100.935 2 DOWNLINK_STATUS 0 101 3211 201 513 0. 0. -34950.4
101.125 2 SVINFO 5 7 16 1 0 -91 0
101.419 2 CALIBRATION 0. 0
101.524 2 ATTITUDE -0.122684 -1.607001 -0.020864
101.568 2 DOWNLINK_STATUS 0 1155 62074 3097 589 14. 1. -19942.73
101.936 2 DOWNLINK_STATUS 0 102 3240 203 523 29. 2. -34950.4
101.994 2 PPRZ_MODE 0 0 0 0 0 17
102.044 2 PPRZ_MODE 0 0 0 0 0 17
102.122 2 GPS 0 1130805120 0 0 -17000 0 0 0 102250 12 9
102.125 2 SVINFO 9 11 16 1 0 -91 0
102.328 2 PPRZ_MODE 0 0 0 0 0 17
102.377 2 SVINFO 10 12 16 1 0 -91 0
102.547 2 COMMANDS |40,42,0,0,-14,9548|
102.568 2 DOWNLINK_STATUS 0 1156 62112 3100 598 38. 3. -19942.73
102.878 2 SVINFO 12 14 16 1 0 -91 0
102.936 2 DOWNLINK_STATUS 0 103 3332 208 531 92. 5. -34950.4
103.194 2 PPRZ_MODE 0 0 0 0 0 17
103.228 2 PPRZ_MODE 0 0 0 0 0 17
103.495 2 PPRZ_MODE 0 0 0 0 0 17
103.529 2 BAT 62 2 32306 0 1 103 0 0
103.536 2 ATTITUDE -0.12218 -1.606125 -0.020284
103.568 2 DOWNLINK_STATUS 0 1157 62133 3101 604 21. 1. -19942.73
103.578 2 PPRZ_MODE 0 0 0 0 0 17
103.625 2 SVINFO 15 32 16 1 0 -91 0
103.645 2 PPRZ_MODE 0 0 0 0 0 17
103.936 2 DOWNLINK_STATUS 0 104 3412 214 537 80. 6. -34950.4
104.019 2 PPRZ_MODE 0 0 0 0 0 17
104.184 2 PPRZ_MODE 0 0 0 0 0 17
104.245 2 PPRZ_MODE 0 0 0 0 0 17
104.318 2 WP_MOVED 2 348895. 5945815. 660. 12
104.380 2 PPRZ_MODE 0 0 0 0 0 17
104.413 2 DL_VALUE 0 0.
104.569 2 DOWNLINK_STATUS 0 1158 62192 3106 607 59. 5. -19942.73
104.937 2 DOWNLINK_STATUS 0 105 3444 216 541 32. 2. -34950.4
105.034 2 FBW_STATUS 0 58 0 157 2
105.221 2 PPRZ_MODE 0 0 0 0 0 0
105.425 2 PPRZ_MODE 0 0 0 0 0 17
105.452 2 PONG 
105.569 2 DOWNLINK_STATUS 0 1159 62192 3106 607 0. 0. -19942.73
105.916 2 ESTIMATOR 0. 0.
105.937 2 DOWNLINK_STATUS 0 106 3489 220 552 45. 4. 52.22
106.123 2 GPS 0 1130805120 0 0 -17000 0 0 0 106250 12 9
106.125 2 SVINFO 9 11 16 1 0 -91 0
106.314 2 WP_MOVED 6 348665. 5945815. 660. 12
106.377 2 PONG 
106.524 2 ATTITUDE -0.121768 -1.604721 -0.019759
106.569 2 DOWNLINK_STATUS 0 1160 62224 3108 617 32. 2. -24943.06
106.829 2 WP_MOVED 7 349065. 5946015. 660. 12
106.937 2 DOWNLINK_STATUS 0 107 3562 224 555 73. 4. 976.14
107.017 2 ATTITUDE -0.121813 -1.60438 -0.019612
107.095 2 PPRZ_MODE 0 0 0 0 0 17
107.127 2 SVINFO 13 15 16 1 0 -91 0
107.130 2 PPRZ_MODE 0 0 0 0 0 17
107.137 2 PPRZ_MODE 0 0 0 0 0 17
107.329 2 WP_MOVED 0 348907. 5945757. 660. 12
107.339 2 PPRZ_MODE 0 0 0 0 0 17
107.374 2 SVINFO 14 16 16 1 0 -91 0
107.528 2 PPRZ_MODE 0 0 0 0 0 17
107.570 2 DOWNLINK_STATUS 0 1161 62296 3113 622 72. 5. -24943.06
107.826 2 PPRZ_MODE 0 0 0 0 0 17
107.922 2 ENERGY 0.2 1077873.125 0 215574.625
107.938 2 DOWNLINK_STATUS 0 108 3668 231 561 106. 7. 976.14
108.045 2 PPRZ_MODE 0 0 0 0 0 17
108.382 2 DESIRED 0. 0.01 0. 0. 0. 655. 0. 15.
108.386 2 GPS 0 1130805120 0 0 -17000 0 0 0 108500 12 2
108.389 2 SVINFO 2 4 16 1 0 -91 0
108.395 2 PPRZ_MODE 0 0 0 0 0 17
108.412 2 ESTIMATOR 0. 0.
108.571 2 DOWNLINK_STATUS 0 1162 62308 3114 628 12. 1. -24943.06
108.624 2 SVINFO 3 5 16 1 0 -91 0
108.677 2 PPRZ_MODE 0 0 0 0 0 17
108.736 2 WIND_INFO 2 42 0. 0. 0.
108.921 2 IMU_GYRO -0.029785 0.019043 -0.049805
108.923 2 ESTIMATOR 0. 0.
108.939 2 DOWNLINK_STATUS 0 109 3837 240 566 169. 9. 976.14
109.127 2 SVINFO 5 7 16 1 0 -91 0
109.129 2 PPRZ_MODE 0 0 0 0 0 17
109.571 2 DOWNLINK_STATUS 0 1163 62334 3116 630 26. 2. -24943.06
109.662 2 PPRZ_MODE 0 0 0 0 0 17
109.823 2 PPRZ_MODE 0 0 0 0 0 17
109.940 2 DOWNLINK_STATUS 0 110 3849 241 571 12. 1. 976.14
110.017 2 STATE_FILTER_STATUS 3 0
110.124 2 BAT 57 2 -18911 0 1 110 0 0
110.244 2 PPRZ_MODE 0 0 0 0 0 17
110.270 2 WIND_INFO 2 42 0. 0. 0.
110.572 2 DOWNLINK_STATUS 0 1164 62388 3120 639 54. 4. -24943.06
110.913 2 ESTIMATOR 0. 0.
110.928 2 PPRZ_MODE 0 0 0 0 0 17
110.941 2 DOWNLINK_STATUS 0 111 3875 243 576 26. 2. -4024.09
111.014 2 ATTITUDE -0.121962 -1.602092 -0.019776
111.378 2 PONG 
111.477 2 PPRZ_MODE 0 0 0 0 0 17
111.572 2 DOWNLINK_STATUS 0 1165 62394 3121 641 6. 1. 55.13
111.624 2 SVINFO 15 17 16 1 0 -91 0
111.918 2 DL_VALUE 0 0.
111.921 2 ESTIMATOR 0. 0.
111.941 2 DOWNLINK_STATUS 0 112 3905 245 581 30. 2. -4024.09
112.193 2 SVINFO 1 3 16 1 0 -91 0
112.263 2 PPRZ_MODE 0 0 0 0 0 17
112.525 2 ATTITUDE -0.122312 -1.601395 -0.019998
112.573 2 DOWNLINK_STATUS 0 1166 62459 3126 645 65. 5. 55.13
112.817 2 GPS_SOL 649813248 100000 9999 0
112.920 2 ESTIMATOR 0. 0.
112.941 2 DOWNLINK_STATUS 0 113 3923 246 587 18. 1. -4024.09
113.124 2 SVINFO 5 7 16 1 0 -91 0
113.278 2 PPRZ_MODE 0 0 0 0 0 17
113.326 2 PPRZ_MODE 0 0 0 0 0 17
113.520 2 NAVIGATION 0 1 10959186. -5945715. 0. 1.55455284314e+14 0 0
113.573 2 DOWNLINK_STATUS 0 1167 62540 3131 652 81. 5. 55.13
113.942 2 DOWNLINK_STATUS 0 114 3937 247 591 14. 1. -4024.09
114.574 2 DOWNLINK_STATUS 0 1168 62540 3131 652 0. 0. 55.13
114.942 2 DOWNLINK_STATUS 0 115 3937 247 591 0. 0. -4024.09
115.022 2 PPRZ_MODE 0 0 0 0 0 17
115.260 2 PPRZ_MODE 0 0 0 0 0 17
115.374 2 SVINFO 14 17 16 1 0 -91 0
115.573 2 DOWNLINK_STATUS 0 1169 62566 3133 663 26. 2. 55.13
115.818 2 PPRZ_MODE 0 0 0 0 0 17
115.911 2 ESTIMATOR 0. 0.
115.942 2 DOWNLINK_STATUS 0 116 3961 249 601 24. 2. -9024.7
116.414 2 PONG 
116.435 2 ESTIMATOR 0. 0.
116.574 2 DOWNLINK_STATUS 0 1170 62594 3135 671 28. 2. -4945.01
116.624 2 IMU_GYRO -0.029785 0.02002 -0.048828
116.942 2 DOWNLINK_STATUS 0 117 3985 251 608 24. 2. 1012.79
116.960 2 PPRZ_MODE 0 0 0 0 0 17
117.574 2 DOWNLINK_STATUS 0 1171 62594 3135 671 0. 0. -4945.01
117.876 2 SVINFO 9 12 16 1 0 -91 0
117.923 2 ESTIMATOR 0. 0.
117.943 2 DOWNLINK_STATUS 0 118 4025 254 617 40. 3. 1012.79
118.017 2 PPRZ_MODE 0 0 0 0 0 17
118.374 2 SVINFO 11 14 16 1 0 -91 0
118.524 2 ATTITUDE -0.122641 -1.597873 -0.020521
118.574 2 DOWNLINK_STATUS 0 1172 62624 3137 684 30. 2. -4945.01
118.736 2 WIND_INFO 2 42 0. 0. 0.
118.889 2 SVINFO 13 17 16 1 0 -91 0
118.944 2 DOWNLINK_STATUS 0 119 4053 256 624 28. 2. 1012.79
119.227 2 PPRZ_MODE 0 0 0 0 0 17
119.277 2 PPRZ_MODE 0 0 0 0 0 17
119.413 2 DL_VALUE 0 0.
119.415 2 ESTIMATOR 0. 0.
119.527 2 PPRZ_MODE 0 0 0 0 0 17
119.574 2 DOWNLINK_STATUS 0 1173 62673 3141 692 49. 4. -4945.01
119.622 2 GPS 0 1130805120 0 0 -17000 0 0 0 119750 12 16
119.625 2 SVINFO 0 2 16 1 0 -91 0
119.944 2 DOWNLINK_STATUS 0 120 4065 257 626 12. 1. 1012.79
120.024 2 ATTITUDE -0.123169 -1.59719 -0.020656
120.044 2 PPRZ_MODE 0 0 0 0 0 17
120.077 2 PPRZ_MODE 0 0 0 0 0 17
120.270 2 WIND_INFO 2 42 0. 0. 0.
120.327 2 ALIVE |217,217,137,25,243,189,253,213,193,68,223,137,90,147,52,151|
120.329 2 CALIBRATION 0. 0
120.332 2 WP_MOVED 2 348895. 5945815. 660. 12
120.334 2 PPRZ_MODE 0 0 0 0 0 17
120.371 2 GPS 0 1130805120 0 0 -17000 0 0 0 120500 12 3
120.373 2 SVINFO 3 7 16 1 0 -91 0
120.416 2 ENERGY 0.2 1080061.625 0 216012.328125
120.418 2 ESTIMATOR 0. 0.
120.460 2 PPRZ_MODE 0 0 0 0 0 17
120.519 2 NAVIGATION 0 1 10959186. -5945715. 0. 1.55455284314e+14 0 0
120.522 2 ATTITUDE -0.123301 -1.596763 -0.02059
120.560 2 PPRZ_MODE 0 0 0 0 0 17
120.575 2 DOWNLINK_STATUS 0 1174 62935 3155 696 262. 14. -4945.01
120.621 2 GPS 0 1130805120 0 0 -17000 0 0 0 120750 12 4
120.625 2 SVINFO 4 8 16 1 0 -91 0
120.816 2 GPS_SOL 649856384 100000 9999 0
120.820 2 WP_MOVED 3 348965.09375 5945786. 660. 12
120.871 2 GPS 0 1130805120 0 0 -17000 0 0 0 121000 12 5
120.874 2 SVINFO 5 9 16 1 0 -91 0
120.913 2 DL_VALUE 0 0.
120.915 2 ESTIMATOR 0. 0.
120.970 2 DESIRED 0. 0.01 0. 0. 0. 655. 0. 15.
121.016 2 IMU_GYRO -0.027588 0.02002 -0.048828
121.019 2 ATTITUDE -0.123304 -1.596413 -0.020569
121.081 2 FBW_STATUS 0 54 0 156 2
121.083 2 PPRZ_MODE 0 0 0 0 0 17
121.096 2 PPRZ_MODE 0 0 0 0 0 17
121.126 2 BAT 58 2 2992 0 1 121 0 0
121.132 2 GPS 0 1130805120 0 0 -17000 0 0 0 121250 12 6
121.135 2 SVINFO 6 10 16 1 0 -91 0
121.137 2 PPRZ_MODE 0 0 0 0 0 17
121.141 2 PPRZ_MODE 0 0 0 0 0 17
121.157 2 PPRZ_MODE 0 0 0 0 0 17
121.174 2 PPRZ_MODE 0 0 0 0 0 17
121.210 2 PPRZ_MODE 0 0 0 0 0 17
121.313 2 WP_MOVED 4 348764.6875 5945795. 660. 12
121.376 2 GPS 0 1130805120 0 0 -17000 0 0 0 121500 12 7
121.378 2 SVINFO 7 11 16 1 0 -91 0
121.380 2 PPRZ_MODE 0 0 0 0 0 17
121.380 2 PONG 
121.411 2 ESTIMATOR 0. 0.
121.520 2 NAVIGATION 0 1 10959186. -5945715. 0. 1.55455284314e+14 0 0
121.523 2 ATTITUDE -0.123177 -1.596316 -0.020602
121.575 2 DOWNLINK_STATUS 0 1175 63475 3185 696 540. 30. 57.58
121.593 2 PPRZ_MODE 0 0 0 0 0 17
121.621 2 GPS 0 1130805120 0 0 -17000 0 0 0 121750 12 8
121.623 2 SVINFO 8 12 16 1 0 -91 0
121.661 2 PPRZ_MODE 0 0 0 0 0 17
121.694 2 PPRZ_MODE 0 0 0 0 0 17
121.711 2 PPRZ_MODE 0 0 0 0 0 17
121.813 2 WP_MOVED 5 348740. 5945760. 660. 12
121.871 2 GPS 0 1130805120 0 0 -17000 0 0 0 122000 12 9
121.873 2 SVINFO 9 14 16 1 0 -91 0
121.884 2 PPRZ_MODE 0 0 0 0 0 17
121.911 2 ESTIMATOR 0. 0.
122.024 2 DESIRED 0. 0.01 0. 0. 0. 655. 0. 15.
122.027 2 ATTITUDE -0.123044 -1.595873 -0.020622
122.122 2 IMU_GYRO -0.032959 0.018066 -0.048828
122.133 2 GPS 0 1130805120 0 0 -17000 0 0 0 122250 12 10
122.133 2 SVINFO 10 15 16 1 0 -91 0
122.137 2 PPRZ_MODE 0 0 0 0 0 17
122.214 2 DOWNLINK 0 0 3712
122.218 2 BAT 54 2 3248 0 1 122 0 0
122.260 2 PPRZ_MODE 0 0 0 0 0 17
122.313 2 WP_MOVED 6 348665. 5945815. 660. 12
122.371 2 GPS 0 1130805120 0 0 -17000 0 0 0 122500 12 11
122.374 2 SVINFO 11 16 16 1 0 -91 0
122.415 2 CALIBRATION 0. 0
122.417 2 DL_VALUE 0 0.
122.419 2 ESTIMATOR 0. 0.
122.520 2 NAVIGATION 0 1 10959186. -5945715. 0. 1.55455284314e+14 0 0
122.523 2 ATTITUDE -0.122483 -1.595933 -0.020574
122.576 2 DOWNLINK_STATUS 0 1176 63987 3213 696 512. 28. 57.58
122.577 2 PPRZ_MODE 0 0 0 0 0 17
122.621 2 GPS 0 1130805120 0 0 -17000 0 0 0 122750 12 12
122.624 2 SVINFO 12 17 16 1 0 -91 0
122.677 2 PPRZ_MODE 0 0 0 0 0 17
122.727 2 PPRZ_MODE 0 0 0 0 0 17
123.576 2 DOWNLINK_STATUS 0 1177 64070 3218 696 83. 5. 57.58
