2.792 1 NAVIGATION 4 0 0. 0. 0. 0. 0 0
2.811 1 ATTITUDE 0.014472 0.578928 0.088461
2.814 1 ESTIMATOR 0. 0.
2.816 1 DOWNLINK 0 351 198
2.913 1 ATTITUDE 0.014462 0.578736 0.088502
2.915 1 DOWNLINK_STATUS 0 3 1099 54 0 403. 20. 0.
2.919 1 GPS 0 0 0 0 0 0 0 0 0 0 1
3.010 1 ATTITUDE 0.014486 0.578642 0.088464
3.013 1 GPS_SOL 0 0 0 0
3.043 1 NAVIGATION 5 0 0. 0. 0. 0. 0 0
3.106 1 ATTITUDE 0.014548 0.57895 0.088483
3.207 1 ATTITUDE 0.014565 0.578899 0.088479
3.292 1 NAVIGATION 4 0 0. 0. 0. 0. 0 0
3.308 1 ATTITUDE 0.014598 0.57896 0.0885
3.406 1 ATTITUDE 0.014603 0.578818 0.088527
3.506 1 ATTITUDE 0.014624 0.578615 0.088475
3.543 1 NAVIGATION 5 0 0. 0. 0. 0. 0 0
3.606 1 ATTITUDE 0.014638 0.578716 0.088439
3.706 1 ATTITUDE 0.014652 0.578669 0.088413
3.794 1 FBW_STATUS 0 50 0 67 0
3.799 1 NAVIGATION 4 0 0. 0. 0. 0. 0 0
3.811 1 ATTITUDE 0.014679 0.578775 0.088435
3.913 1 ATTITUDE 0.014666 0.578678 0.088418
3.915 1 DOWNLINK_STATUS 0 4 1448 71 0 349. 17. 0.
3.919 1 GPS 0 0 0 0 0 0 0 0 0 0 1
4.009 1 ATTITUDE 0.014659 0.578662 0.0884
4.011 1 ESTIMATOR 0. 0.
4.042 1 NAVIGATION 5 0 0. 0. 0. 0. 0 0
4.109 1 ATTITUDE 0.014716 0.578442 0.088454
4.111 1 PPRZ_MODE 0 1 2 0 0 17
4.206 1 ATTITUDE 0.014768 0.57823 0.088444
4.293 1 NAVIGATION 4 0 0. 0. 0. 0. 0 0
4.308 1 ATTITUDE 0.014788 0.578143 0.088441
4.407 1 ATTITUDE 0.014835 0.578353 0.088404
4.506 1 ATTITUDE 0.014882 0.578167 0.08843
4.542 1 NAVIGATION 5 0 0. 0. 0. 0. 0 0
4.606 1 ATTITUDE 0.014932 0.578163 0.088456
4.706 1 ATTITUDE 0.014931 0.578068 0.088421
4.793 1 NAVIGATION 4 0 0. 0. 0. 0. 0 0
4.808 1 ATTITUDE 0.014957 0.577724 0.088447
4.913 1 ATTITUDE 0.015027 0.578017 0.088478
4.915 1 DOWNLINK_STATUS 0 5 1791 88 0 343. 17. 0.
4.918 1 GPS 0 0 0 0 0 0 0 0 0 0 1
5.006 1 ATTITUDE 0.01506 0.578062 0.088463
5.042 1 NAVIGATION 5 0 0. 0. 0. 0. 0 0
5.106 1 ATTITUDE 0.015076 0.578206 0.088437
5.209 1 ATTITUDE 0.015083 0.578494 0.088455
5.211 1 ESTIMATOR 0. 0.
5.292 1 NAVIGATION 4 0 0. 0. 0. 0. 0 0
5.308 1 ATTITUDE 0.015059 0.578589 0.088426
5.406 1 ATTITUDE 0.015062 0.578688 0.088468
5.452 1 PONG 
5.506 1 ATTITUDE 0.015081 0.578782 0.088484
5.542 1 NAVIGATION 5 0 0. 0. 0. 0. 0 0
5.606 1 ATTITUDE 0.015132 0.578691 0.088491
5.706 1 ATTITUDE 0.015152 0.578786 0.088494
5.794 1 FBW_STATUS 0 52 0 67 0
5.798 1 NAVIGATION 5 1 0. 0. 0. 0. 0 0
5.811 1 ATTITUDE 0.015158 0.57868 0.088509
5.913 1 ATTITUDE 0.015198 0.578923 0.088531
5.916 1 DOWNLINK_STATUS 0 6 2143 106 0 352. 18. 37.65
5.919 1 GPS 0 0 0 0 0 0 0 0 0 0 1
6.007 1 ATTITUDE 0.015188 0.578846 0.088515
6.043 1 NAVIGATION 5 1 0. 0. 0. 0. 0 0
6.106 1 ATTITUDE 0.015241 0.578994 0.088496
6.206 1 ATTITUDE 0.015258 0.578984 0.088479
6.292 1 NAVIGATION 5 1 0. 0. 0. 0. 0 0
6.308 1 ATTITUDE 0.015322 0.578752 0.088504
6.409 1 ATTITUDE 0.015308 0.578653 0.088465
6.412 1 ESTIMATOR 0. 0.
6.506 1 ATTITUDE 0.015291 0.578587 0.088495
6.543 1 NAVIGATION 5 1 0. 0. 0. 0. 0 0
6.606 1 ATTITUDE 0.015274 0.578496 0.088462
6.706 1 ATTITUDE 0.015273 0.578436 0.088502
6.792 1 NAVIGATION 5 1 0. 0. 0. 0. 0 0
6.808 1 ATTITUDE 0.015283 0.578614 0.088517
6.890 1 COMMANDS 26,-2352,1274,-2352,-588,0
6.913 1 ATTITUDE 0.015305 0.578434 0.088494
6.916 1 DOWNLINK_STATUS 0 7 2493 123 0 350. 17. 37.65
6.919 1 GPS 0 0 0 0 0 0 0 0 0 0 1
6.989 1 ACTUATORS 1271,1635,1465,1487,1351
7.006 1 ATTITUDE 0.015281 0.578303 0.088572
7.043 1 NAVIGATION 5 1 0. 0. 0. 0. 0 0
7.106 1 ATTITUDE 0.015286 0.578409 0.088604
7.206 1 ATTITUDE 0.015323 0.578309 0.088578
7.292 1 NAVIGATION 5 1 0. 0. 0. 0. 0 0
7.307 1 ATTITUDE 0.015299 0.578434 0.088509
7.406 1 ATTITUDE 0.015292 0.578373 0.088484
7.506 1 ATTITUDE 0.015295 0.578392 0.088482
7.543 1 NAVIGATION 5 1 0. 0. 0. 0. 0 0
7.609 1 ATTITUDE 0.015302 0.578536 0.088446
7.612 1 ESTIMATOR 0. 0.
7.707 1 ATTITUDE 0.015344 0.578428 0.088474
7.793 1 FBW_STATUS 0 53 0 67 0
7.798 1 NAVIGATION 5 1 0. 0. 0. 0. 0 0
7.810 1 ATTITUDE 0.0153 0.578461 0.088506
7.913 1 ATTITUDE 0.015323 0.578369 0.088476
7.916 1 DOWNLINK_STATUS 0 8 2856 141 0 363. 18. 37.65
7.919 1 GPS 0 0 0 0 0 0 0 0 0 0 1
8.006 1 ATTITUDE 0.015384 0.578298 0.088514
8.042 1 NAVIGATION 5 1 0. 0. 0. 0. 0 0
8.106 1 ATTITUDE 0.015374 0.578449 0.08849
8.206 1 ATTITUDE 0.015393 0.578316 0.088467
8.293 1 NAVIGATION 5 1 0. 0. 0. 0. 0 0
8.307 1 ATTITUDE 0.015406 0.578113 0.088503
8.406 1 ATTITUDE 0.015399 0.578074 0.088462
8.506 1 ATTITUDE 0.015455 0.57789 0.088446
8.542 1 NAVIGATION 5 1 0. 0. 0. 0. 0 0
8.606 1 ATTITUDE 0.015436 0.577923 0.08841
8.706 1 ATTITUDE 0.015455 0.577858 0.088354
8.793 1 NAVIGATION 5 1 0. 0. 0. 0. 0 0
8.810 1 ATTITUDE 0.015469 0.577677 0.088359
8.811 1 ESTIMATOR 0. 0.
8.913 1 ATTITUDE 0.01556 0.57783 0.088364
8.916 1 DOWNLINK_STATUS 0 9 3187 157 0 331. 16. 37.65
8.918 1 GPS 0 0 0 0 0 0 0 0 0 0 1
9.006 1 ATTITUDE 0.015619 0.577972 0.088383
9.042 1 NAVIGATION 5 1 0. 0. 0. 0. 0 0
9.106 1 ATTITUDE 0.01562 0.577893 0.088381
9.206 1 ATTITUDE 0.015657 0.57812 0.088399
9.293 1 NAVIGATION 5 1 0. 0. 0. 0. 0 0
9.308 1 ATTITUDE 0.015688 0.578057 0.088438
9.406 1 ATTITUDE 0.015713 0.578198 0.088405
9.506 1 ATTITUDE 0.015714 0.57832 0.08837
9.542 1 NAVIGATION 5 1 0. 0. 0. 0. 0 0
9.606 1 ATTITUDE 0.015722 0.578506 0.088312
9.706 1 ATTITUDE 0.01577 0.578544 0.088288
9.794 1 FBW_STATUS 0 50 0 67 0
9.798 1 NAVIGATION 5 1 0. 0. 0. 0. 0 0
9.811 1 ATTITUDE 0.015867 0.578406 0.088308
9.913 1 ATTITUDE 0.01594 0.578708 0.088311
9.916 1 DOWNLINK_STATUS 0 10 3519 173 0 332. 16. 37.65
9.918 1 GPS 0 0 0 0 0 0 0 0 0 0 1
10.009 1 ATTITUDE 0.015992 0.578563 0.088329
10.011 1 ESTIMATOR 0. 0.
10.042 1 NAVIGATION 5 1 0. 0. 0. 0. 0 0
10.108 1 ATTITUDE 0.016026 0.57867 0.088344
10.110 1 PPRZ_MODE 0 1 2 0 0 17
10.206 1 ATTITUDE 0.016063 0.578497 0.088299
10.292 1 NAVIGATION 5 1 0. 0. 0. 0. 0 0
10.308 1 ATTITUDE 0.016114 0.578468 0.088297
10.406 1 ATTITUDE 0.016167 0.578236 0.088337
10.453 1 PONG 
10.505 1 ATTITUDE 0.016184 0.578219 0.088321
10.542 1 NAVIGATION 5 1 0. 0. 0. 0. 0 0
10.606 1 ATTITUDE 0.016258 0.578415 0.088288
10.706 1 ATTITUDE 0.016298 0.57834 0.088274
10.792 1 NAVIGATION 5 1 0. 0. 0. 0. 0 0
10.808 1 ATTITUDE 0.016277 0.578495 0.088279
10.913 1 ATTITUDE 0.016342 0.578547 0.088262
10.917 1 DOWNLINK_STATUS 0 11 3868 191 0 349. 18. 38.51
10.919 1 GPS 0 0 0 0 0 0 0 0 0 0 1
11.006 1 ATTITUDE 0.01637 0.578481 0.08825
11.043 1 NAVIGATION 5 1 0. 0. 0. 0. 0 0
11.105 1 ATTITUDE 0.016425 0.578663 0.088209
11.209 1 ATTITUDE 0.016459 0.578505 0.088232
11.211 1 ESTIMATOR 0. 0.
11.292 1 NAVIGATION 5 1 0. 0. 0. 0. 0 0
11.307 1 ATTITUDE 0.016468 0.57848 0.08822
11.406 1 ATTITUDE 0.016462 0.578662 0.088187
11.506 1 ATTITUDE 0.016504 0.57866 0.088162
11.542 1 NAVIGATION 5 1 0. 0. 0. 0. 0 0
11.606 1 ATTITUDE 0.016508 0.578738 0.088188
11.705 1 ATTITUDE 0.016537 0.578713 0.088221
11.793 1 FBW_STATUS 0 51 0 67 0
11.797 1 NAVIGATION 5 1 0. 0. 0. 0. 0 0
11.810 1 ATTITUDE 0.016583 0.578816 0.088207
11.889 1 COMMANDS 26,-2352,1274,-2352,-588,0
11.913 1 ATTITUDE 0.016613 0.578722 0.088207
11.917 1 DOWNLINK_STATUS 0 12 4233 209 0 365. 18. 38.51
11.918 1 GPS 0 0 0 0 0 0 0 0 0 0 1
11.989 1 ACTUATORS 1271,1636,1464,1487,1351
12.006 1 ATTITUDE 0.016646 0.578876 0.088188
12.042 1 NAVIGATION 5 1 0. 0. 0. 0. 0 0
12.106 1 ATTITUDE 0.016749 0.578807 0.088198
12.206 1 ATTITUDE 0.0168 0.57871 0.088173
12.293 1 NAVIGATION 5 1 0. 0. 0. 0. 0 0
12.307 1 ATTITUDE 0.016812 0.578538 0.088174
12.413 1 ATTITUDE 0.016852 0.578857 0.088183
12.415 1 ESTIMATOR 0. 0.
12.419 1 BAT 26 67 0 0 1 7 6 0
12.506 1 ATTITUDE 0.016864 0.57893 0.088184
12.542 1 NAVIGATION 5 1 0. 0. 0. 0. 0 0
12.606 1 ATTITUDE 0.01687 0.578829 0.08816
12.711 1 ATTITUDE 0.016921 0.578921 0.088147
12.715 1 ALIVE 63,108,16,232,75,97,60,32,172,119,33,165,254,7,149,72
12.792 1 NAVIGATION 5 1 0. 0. 0. 0. 0 0
12.808 1 ATTITUDE 0.016957 0.579094 0.088133
12.912 1 ATTITUDE 0.016933 0.579157 0.088124
12.917 1 DOWNLINK_STATUS 0 13 4625 228 0 392. 19. 38.51
12.918 1 GPS 0 0 0 0 0 0 0 0 0 0 1
12.966 1 WIND_INFO 1 42 0. 0. 0.
13.006 1 ATTITUDE 0.016905 0.579347 0.088172
13.042 1 NAVIGATION 5 1 0. 0. 0. 0. 0 0
13.106 1 ATTITUDE 0.016939 0.579596 0.088146
13.208 1 ATTITUDE 0.016904 0.579708 0.088132
13.210 1 DOWNLINK 0 352 379
13.292 1 NAVIGATION 5 1 0. 0. 0. 0. 0 0
13.308 1 ATTITUDE 0.016919 0.57953 0.088158
13.406 1 ATTITUDE 0.016918 0.579745 0.088206
13.509 1 ATTITUDE 0.016945 0.579925 0.088192
13.512 1 GPS_SOL 0 0 0 0
13.542 1 NAVIGATION 5 1 0. 0. 0. 0. 0 0
13.608 1 ATTITUDE 0.016956 0.580308 0.088178
13.611 1 ESTIMATOR 0. 0.
13.706 1 ATTITUDE 0.016944 0.580561 0.08817
13.793 1 FBW_STATUS 0 47 0 67 0
13.798 1 NAVIGATION 5 1 0. 0. 0. 0. 0 0
13.810 1 ATTITUDE 0.016925 0.580547 0.088141
13.913 1 ATTITUDE 0.016935 0.580774 0.088157
13.918 1 DOWNLINK_STATUS 0 14 4999 247 0 374. 19. 38.51
13.919 1 GPS 0 0 0 0 0 0 0 0 0 0 1
14.006 1 ATTITUDE 0.016958 0.580546 0.088161
14.042 1 NAVIGATION 5 1 0. 0. 0. 0. 0 0
14.105 1 ATTITUDE 0.016992 0.580528 0.088164
14.205 1 ATTITUDE 0.016991 0.580412 0.088174
14.292 1 NAVIGATION 5 1 0. 0. 0. 0. 0 0
14.307 1 ATTITUDE 0.017002 0.580484 0.088191
14.406 1 ATTITUDE 0.016973 0.58027 0.088173
14.506 1 ATTITUDE 0.016967 0.580255 0.088157
14.542 1 NAVIGATION 5 1 0. 0. 0. 0. 0 0
14.606 1 ATTITUDE 0.016947 0.58007 0.088133
14.705 1 ATTITUDE 0.016923 0.579681 0.088111
14.792 1 NAVIGATION 5 1 0. 0. 0. 0. 0 0
14.808 1 ATTITUDE 0.016916 0.579646 0.088089
14.811 1 ESTIMATOR 0. 0.
14.913 1 ATTITUDE 0.016861 0.579599 0.08809
14.918 1 GPS 0 0 0 0 0 0 0 0 0 0 1
14.919 1 DOWNLINK_STATUS 0 15 5363 264 0 364. 17. 38.51
15.006 1 ATTITUDE 0.01682 0.579698 0.088079
15.042 1 NAVIGATION 5 1 0. 0. 0. 0. 0 0
15.106 1 ATTITUDE 0.016791 0.580002 0.08809
15.206 1 ATTITUDE 0.016799 0.579901 0.088057
15.291 1 NAVIGATION 5 1 0. 0. 0. 0. 0 0
15.307 1 ATTITUDE 0.016798 0.579957 0.088019
15.405 1 ATTITUDE 0.016772 0.580164 0.08803
15.454 1 PONG 
15.505 1 ATTITUDE 0.01676 0.580069 0.087988
15.542 1 NAVIGATION 5 1 0. 0. 0. 0. 0 0
15.606 1 ATTITUDE 0.016702 0.580191 0.08797
15.706 1 ATTITUDE 0.016723 0.580238 0.087949
15.794 1 FBW_STATUS 0 46 0 67 0
15.797 1 NAVIGATION 5 1 0. 0. 0. 0. 0 0
15.810 1 ATTITUDE 0.016709 0.580299 0.087921
15.913 1 ATTITUDE 0.016669 0.58019 0.087897
15.918 1 GPS 0 0 0 0 0 0 0 0 0 0 1
15.919 1 DOWNLINK_STATUS 0 16 5701 281 0 338. 17. 38.5
16.008 1 ATTITUDE 0.016633 0.580037 0.087887
16.011 1 ESTIMATOR 0. 0.
16.042 1 NAVIGATION 5 1 0. 0. 0. 0. 0 0
16.108 1 ATTITUDE 0.016687 0.580116 0.087925
16.110 1 PPRZ_MODE 0 1 2 0 0 17
16.206 1 ATTITUDE 0.016735 0.579969 0.087916
16.292 1 NAVIGATION 5 1 0. 0. 0. 0. 0 0
16.307 1 ATTITUDE 0.016724 0.579734 0.087908
16.406 1 ATTITUDE 0.016767 0.579894 0.087841
16.505 1 ATTITUDE 0.016764 0.579674 0.087829
16.541 1 NAVIGATION 5 1 0. 0. 0. 0. 0 0
16.605 1 ATTITUDE 0.016771 0.579578 0.087783
16.706 1 ATTITUDE 0.016739 0.579702 0.087766
16.792 1 NAVIGATION 5 1 0. 0. 0. 0. 0 0
16.807 1 ATTITUDE 0.016798 0.579543 0.087789
16.889 1 COMMANDS 26,-2352,1274,-2352,-588,0
16.913 1 ATTITUDE 0.016811 0.579534 0.087822
16.919 1 GPS 0 0 0 0 0 0 0 0 0 0 1
16.919 1 DOWNLINK_STATUS 0 17 6063 299 0 362. 18. 38.5
16.988 1 ACTUATORS 1271,1635,1465,1487,1351
17.005 1 ATTITUDE 0.016797 0.579483 0.087833
17.041 1 NAVIGATION 5 1 0. 0. 0. 0. 0 0
17.105 1 ATTITUDE 0.016795 0.579736 0.087825
17.208 1 ATTITUDE 0.016817 0.579902 0.087799
17.211 1 ESTIMATOR 0. 0.
17.292 1 NAVIGATION 5 1 0. 0. 0. 0. 0 0
17.307 1 ATTITUDE 0.01684 0.579837 0.087818
17.406 1 ATTITUDE 0.016879 0.579731 0.087801
17.505 1 ATTITUDE 0.01696 0.579861 0.087817
17.541 1 NAVIGATION 5 1 0. 0. 0. 0. 0 0
17.605 1 ATTITUDE 0.017006 0.579946 0.087758
17.705 1 ATTITUDE 0.017034 0.579754 0.087717
17.793 1 FBW_STATUS 0 49 0 67 0
17.797 1 NAVIGATION 5 1 0. 0. 0. 0. 0 0
17.810 1 ATTITUDE 0.017014 0.579872 0.087673
17.913 1 ATTITUDE 0.017022 0.579711 0.087645
17.918 1 GPS 0 0 0 0 0 0 0 0 0 0 1
17.919 1 DOWNLINK_STATUS 0 18 6426 317 0 363. 18. 38.5
18.006 1 ATTITUDE 0.017091 0.579575 0.087639
18.042 1 NAVIGATION 5 1 0. 0. 0. 0. 0 0
18.105 1 ATTITUDE 0.01713 0.579586 0.087665
18.205 1 ATTITUDE 0.017138 0.579476 0.087688
18.292 1 NAVIGATION 5 1 0. 0. 0. 0. 0 0
18.307 1 ATTITUDE 0.017105 0.579604 0.087654
18.408 1 ATTITUDE 0.017133 0.579434 0.087596
18.411 1 ESTIMATOR 0. 0.
18.506 1 ATTITUDE 0.017128 0.579232 0.087554
18.542 1 NAVIGATION 5 1 0. 0. 0. 0. 0 0
18.605 1 ATTITUDE 0.017126 0.579645 0.087602
18.705 1 ATTITUDE 0.017154 0.579421 0.087548
18.791 1 NAVIGATION 5 1 0. 0. 0. 0. 0 0
18.807 1 ATTITUDE 0.017212 0.579213 0.087556
18.912 1 ATTITUDE 0.017245 0.579354 0.087562
18.918 1 GPS 0 0 0 0 0 0 0 0 0 0 1
18.920 1 DOWNLINK_STATUS 0 19 6757 333 0 331. 16. 38.5
19.006 1 ATTITUDE 0.017225 0.579289 0.0876
19.042 1 NAVIGATION 5 1 0. 0. 0. 0. 0 0
19.106 1 ATTITUDE 0.017241 0.579223 0.087584
19.205 1 ATTITUDE 0.0173 0.579148 0.087569
19.291 1 NAVIGATION 5 1 0. 0. 0. 0. 0 0
19.307 1 ATTITUDE 0.017323 0.579122 0.08761
19.405 1 ATTITUDE 0.017329 0.579385 0.08762
19.505 1 ATTITUDE 0.017338 0.579204 0.087596
19.542 1 NAVIGATION 5 1 0. 0. 0. 0. 0 0
19.608 1 ATTITUDE 0.017355 0.579023 0.087594
19.611 1 ESTIMATOR 0. 0.
19.706 1 ATTITUDE 0.017359 0.578913 0.087564
19.792 1 FBW_STATUS 0 48 0 67 0
19.798 1 NAVIGATION 5 1 0. 0. 0. 0. 0 0
19.809 1 ATTITUDE 0.01736 0.578743 0.0876
19.912 1 ATTITUDE 0.017435 0.578962 0.087654
19.918 1 GPS 0 0 0 0 0 0 0 0 0 0 1
19.920 1 DOWNLINK_STATUS 0 20 7103 350 0 346. 17. 38.5
20.005 1 ATTITUDE 0.017459 0.579056 0.08767
20.041 1 NAVIGATION 5 1 0. 0. 0. 0. 0 0
20.105 1 ATTITUDE 0.017469 0.579014 0.087671
20.206 1 ATTITUDE 0.017492 0.579167 0.087674
20.292 1 NAVIGATION 5 1 0. 0. 0. 0. 0 0
20.307 1 ATTITUDE 0.017518 0.578988 0.087646
20.405 1 ATTITUDE 0.017517 0.578865 0.087672
20.454 1 PONG 
20.505 1 ATTITUDE 0.01755 0.579033 0.087629
20.541 1 NAVIGATION 5 1 0. 0. 0. 0. 0 0
20.605 1 ATTITUDE 0.017555 0.57922 0.087617
20.705 1 ATTITUDE 0.017514 0.57924 0.087595
20.792 1 NAVIGATION 5 1 0. 0. 0. 0. 0 0
20.808 1 ATTITUDE 0.017534 0.579088 0.087539
20.811 1 ESTIMATOR 0. 0.
20.913 1 ATTITUDE 0.017558 0.579424 0.087509
20.917 1 GPS 0 0 0 0 0 0 0 0 0 0 1
20.920 1 DOWNLINK_STATUS 0 21 7440 367 0 337. 17. 38.36
21.005 1 ATTITUDE 0.017537 0.579332 0.087502
21.041 1 NAVIGATION 5 1 0. 0. 0. 0. 0 0
21.105 1 ATTITUDE 0.017525 0.579378 0.087497
21.205 1 ATTITUDE 0.017559 0.579416 0.087495
21.292 1 NAVIGATION 5 1 0. 0. 0. 0. 0 0
21.307 1 ATTITUDE 0.017566 0.579459 0.087558
21.406 1 ATTITUDE 0.01758 0.579365 0.087519
21.505 1 ATTITUDE 0.017641 0.57949 0.087527
21.541 1 NAVIGATION 5 1 0. 0. 0. 0. 0 0
21.605 1 ATTITUDE 0.017635 0.579597 0.087489
21.705 1 ATTITUDE 0.017675 0.579307 0.087476
21.793 1 FBW_STATUS 0 55 0 67 0
21.797 1 NAVIGATION 5 1 0. 0. 0. 0. 0 0
21.810 1 ATTITUDE 0.01769 0.579428 0.08753
21.889 1 COMMANDS 26,-2352,1274,-2352,-588,0
21.912 1 ATTITUDE 0.0177 0.579265 0.087518
21.918 1 GPS 0 0 0 0 0 0 0 0 0 0 1
21.920 1 DOWNLINK_STATUS 0 22 7791 384 0 351. 17. 38.36
21.988 1 ACTUATORS 1271,1635,1465,1487,1351
22.009 1 ATTITUDE 0.017756 0.579298 0.087479
22.010 1 ESTIMATOR 0. 0.
22.042 1 NAVIGATION 5 1 0. 0. 0. 0. 0 0
22.107 1 ATTITUDE 0.017734 0.579393 0.087439
22.109 1 PPRZ_MODE 0 1 2 0 0 17
22.205 1 ATTITUDE 0.017747 0.57931 0.087439
22.291 1 NAVIGATION 5 1 0. 0. 0. 0. 0 0
22.307 1 ATTITUDE 0.017784 0.579316 0.087382
22.405 1 ATTITUDE 0.017784 0.579291 0.087372
22.510 1 ATTITUDE 0.017722 0.578968 0.087381
22.513 1 BAT 26 67 0 0 1 17 16 0
22.542 1 NAVIGATION 5 1 0. 0. 0. 0. 0 0
22.605 1 ATTITUDE 0.017736 0.578674 0.087401
22.705 1 ATTITUDE 0.017768 0.578469 0.087438
22.791 1 NAVIGATION 5 1 0. 0. 0. 0. 0 0
22.806 1 ATTITUDE 0.01779 0.578436 0.087406
22.917 1 ATTITUDE 0.017808 0.578695 0.087417
22.921 1 DOWNLINK_STATUS 0 23 8139 402 0 348. 18. 38.36
22.923 1 GPS 0 0 0 0 0 0 0 0 0 0 1
22.927 1 ALIVE 63,108,16,232,75,97,60,32,172,119,33,165,254,7,149,72
22.966 1 WIND_INFO 1 42 0. 0. 0.
23.007 1 ATTITUDE 0.017785 0.578593 0.087413
23.042 1 NAVIGATION 5 1 0. 0. 0. 0. 0 0
23.105 1 ATTITUDE 0.017756 0.578686 0.087413
23.209 1 ATTITUDE 0.017778 0.578599 0.087452
23.210 1 ESTIMATOR 0. 0.
23.293 1 NAVIGATION 5 1 0. 0. 0. 0. 0 0
23.306 1 ATTITUDE 0.017778 0.578524 0.087425
23.405 1 ATTITUDE 0.017747 0.578722 0.087462
23.505 1 ATTITUDE 0.017729 0.578737 0.087449
23.541 1 NAVIGATION 5 1 0. 0. 0. 0. 0 0
23.607 1 ATTITUDE 0.017709 0.578771 0.087472
23.609 1 DOWNLINK 0 353 561
23.705 1 ATTITUDE 0.017705 0.578727 0.087462
23.793 1 FBW_STATUS 0 49 0 67 0
23.797 1 NAVIGATION 5 1 0. 0. 0. 0. 0 0
23.809 1 ATTITUDE 0.017656 0.578566 0.087443
23.912 1 ATTITUDE 0.017667 0.578392 0.08741
23.918 1 GPS 0 0 0 0 0 0 0 0 0 0 1
23.922 1 DOWNLINK_STATUS 0 24 8552 422 0 413. 20. 38.36
24.008 1 ATTITUDE 0.017707 0.578686 0.087418
24.011 1 GPS_SOL 0 0 0 0
24.041 1 NAVIGATION 5 1 0. 0. 0. 0. 0 0
24.105 1 ATTITUDE 0.017674 0.578669 0.087404
24.205 1 ATTITUDE 0.017651 0.578761 0.087424
24.292 1 NAVIGATION 5 1 0. 0. 0. 0. 0 0
24.306 1 ATTITUDE 0.017643 0.578614 0.08741
24.408 1 ATTITUDE 0.017654 0.578508 0.087369
24.410 1 ESTIMATOR 0. 0.
24.505 1 ATTITUDE 0.01767 0.578306 0.087352
24.541 1 NAVIGATION 5 1 0. 0. 0. 0. 0 0
24.605 1 ATTITUDE 0.017661 0.578161 0.087346
24.705 1 ATTITUDE 0.017638 0.578102 0.087332
24.793 1 NAVIGATION 5 1 0. 0. 0. 0. 0 0
24.807 1 ATTITUDE 0.017636 0.578039 0.08736
24.912 1 ATTITUDE 0.017622 0.577924 0.087354
24.918 1 GPS 0 0 0 0 0 0 0 0 0 0 1
24.922 1 DOWNLINK_STATUS 0 25 8900 439 0 348. 17. 38.36
25.005 1 ATTITUDE 0.017576 0.577945 0.087366
25.041 1 NAVIGATION 5 1 0. 0. 0. 0. 0 0
25.105 1 ATTITUDE 0.017617 0.577938 0.08737
25.205 1 ATTITUDE 0.017589 0.577822 0.087413
25.293 1 NAVIGATION 5 1 0. 0. 0. 0. 0 0
25.307 1 ATTITUDE 0.017626 0.578053 0.087412
25.405 1 ATTITUDE 0.017656 0.577969 0.087398
25.454 1 PONG 
25.504 1 ATTITUDE 0.017659 0.578011 0.08741
25.541 1 NAVIGATION 5 1 0. 0. 0. 0. 0 0
25.608 1 ATTITUDE 0.01766 0.57829 0.087444
25.610 1 ESTIMATOR 0. 0.
25.705 1 ATTITUDE 0.017647 0.578206 0.087472
25.793 1 FBW_STATUS 0 54 0 67 0
25.797 1 NAVIGATION 5 1 0. 0. 0. 0. 0 0
25.810 1 ATTITUDE 0.017692 0.578333 0.087506
25.912 1 ATTITUDE 0.017727 0.578131 0.087515
25.918 1 GPS 0 0 0 0 0 0 0 0 0 0 1
25.922 1 DOWNLINK_STATUS 0 26 9252 457 0 352. 18. 38.24
26.004 1 ATTITUDE 0.017756 0.577986 0.087498
26.041 1 NAVIGATION 5 1 0. 0. 0. 0. 0 0
26.105 1 ATTITUDE 0.017807 0.578125 0.087492
26.205 1 ATTITUDE 0.017877 0.577981 0.087493
26.295 1 NAVIGATION 5 1 0. 0. 0. 0. 0 0
26.306 1 ATTITUDE 0.017874 0.57774 0.08749
26.405 1 ATTITUDE 0.017927 0.577934 0.087481
26.505 1 ATTITUDE 0.01797 0.577782 0.087487
26.542 1 NAVIGATION 5 1 0. 0. 0. 0. 0 0
26.604 1 ATTITUDE 0.018004 0.577779 0.087475
26.705 1 ATTITUDE 0.018036 0.577556 0.087481
26.796 1 NAVIGATION 5 1 0. 0. 0. 0. 0 0
26.808 1 ATTITUDE 0.018118 0.577374 0.087513
26.810 1 ESTIMATOR 0. 0.
26.888 1 COMMANDS 26,-2352,1288,-2352,-588,0
26.912 1 ATTITUDE 0.018146 0.577518 0.087495
26.918 1 GPS 0 0 0 0 0 0 0 0 0 0 1
26.924 1 DOWNLINK_STATUS 0 27 9602 474 0 350. 17. 38.24
26.988 1 ACTUATORS 1271,1635,1464,1487,1351
27.005 1 ATTITUDE 0.018177 0.577796 0.087507
27.041 1 NAVIGATION 5 1 0. 0. 0. 0. 0 0
27.105 1 ATTITUDE 0.018177 0.577682 0.087524
27.205 1 ATTITUDE 0.01822 0.577746 0.087557
27.295 1 NAVIGATION 5 1 0. 0. 0. 0. 0 0
27.306 1 ATTITUDE 0.018274 0.577597 0.087588
27.405 1 ATTITUDE 0.018318 0.578032 0.087625
27.505 1 ATTITUDE 0.018341 0.577937 0.087624
27.541 1 NAVIGATION 5 1 0. 0. 0. 0. 0 0
27.605 1 ATTITUDE 0.018353 0.577854 0.087631
27.705 1 ATTITUDE 0.018378 0.578176 0.08762
27.795 1 FBW_STATUS 0 52 0 67 0
27.796 1 NAVIGATION 5 1 0. 0. 0. 0. 0 0
27.809 1 ATTITUDE 0.018369 0.578147 0.087529
27.912 1 ATTITUDE 0.018357 0.578523 0.087523
27.917 1 GPS 0 0 0 0 0 0 0 0 0 0 1
27.924 1 DOWNLINK_STATUS 0 28 9951 491 0 349. 17. 38.24
28.008 1 ATTITUDE 0.018451 0.578404 0.087522
28.010 1 ESTIMATOR 0. 0.
28.041 1 NAVIGATION 5 1 0. 0. 0. 0. 0 0
28.107 1 ATTITUDE 0.018445 0.578544 0.087551
28.109 1 PPRZ_MODE 0 1 2 0 0 17
28.205 1 ATTITUDE 0.018439 0.578629 0.087472
28.291 1 NAVIGATION 5 1 0. 0. 0. 0. 0 0
28.307 1 ATTITUDE 0.018482 0.578522 0.08745
28.404 1 ATTITUDE 0.018523 0.578564 0.087483
28.504 1 ATTITUDE 0.018587 0.578606 0.08747
28.541 1 NAVIGATION 5 1 0. 0. 0. 0. 0 0
28.605 1 ATTITUDE 0.018592 0.57871 0.087429
28.705 1 ATTITUDE 0.018601 0.578653 0.08739
28.791 1 NAVIGATION 5 1 0. 0. 0. 0. 0 0
28.806 1 ATTITUDE 0.018645 0.57857 0.08735
28.911 1 ATTITUDE 0.018669 0.578434 0.087385
28.917 1 GPS 0 0 0 0 0 0 0 0 0 0 1
28.924 1 DOWNLINK_STATUS 0 29 10294 508 0 343. 17. 38.24
29.004 1 ATTITUDE 0.018642 0.578362 0.087389
29.041 1 NAVIGATION 5 1 0. 0. 0. 0. 0 0
29.104 1 ATTITUDE 0.018652 0.578557 0.08736
29.208 1 ATTITUDE 0.018692 0.578484 0.087346
29.210 1 ESTIMATOR 0. 0.
29.291 1 NAVIGATION 5 1 0. 0. 0. 0. 0 0
29.306 1 ATTITUDE 0.018687 0.578528 0.087313
29.405 1 ATTITUDE 0.018701 0.578403 0.087336
29.504 1 ATTITUDE 0.018726 0.578415 0.08732
29.540 1 NAVIGATION 5 1 0. 0. 0. 0. 0 0
29.604 1 ATTITUDE 0.018767 0.57864 0.087361
29.704 1 ATTITUDE 0.01879 0.578531 0.087379
29.797 1 FBW_STATUS 0 53 0 67 0
29.798 1 NAVIGATION 5 1 0. 0. 0. 0. 0 0
29.809 1 ATTITUDE 0.018807 0.578592 0.08741
29.912 1 ATTITUDE 0.018857 0.578518 0.087428
29.917 1 GPS 0 0 0 0 0 0 0 0 0 0 1
29.925 1 DOWNLINK_STATUS 0 30 10640 525 0 346. 17. 38.24
30.005 1 ATTITUDE 0.018849 0.578711 0.087443
30.041 1 NAVIGATION 5 1 0. 0. 0. 0. 0 0
30.104 1 ATTITUDE 0.018799 0.578741 0.087442
30.204 1 ATTITUDE 0.018816 0.578467 0.087407
30.291 1 NAVIGATION 5 1 0. 0. 0. 0. 0 0
30.306 1 ATTITUDE 0.018803 0.578615 0.087418
30.408 1 ATTITUDE 0.018868 0.578749 0.087415
30.410 1 ESTIMATOR 0. 0.
30.455 1 PONG 
30.505 1 ATTITUDE 0.01893 0.578648 0.087414
30.541 1 NAVIGATION 5 1 0. 0. 0. 0. 0 0
30.605 1 ATTITUDE 0.018933 0.578691 0.087408
30.704 1 ATTITUDE 0.018923 0.578587 0.087382
30.791 1 NAVIGATION 5 1 0. 0. 0. 0. 0 0
30.806 1 ATTITUDE 0.01889 0.578314 0.087395
30.912 1 ATTITUDE 0.018878 0.578476 0.08743
30.917 1 GPS 0 0 0 0 0 0 0 0 0 0 1
30.925 1 DOWNLINK_STATUS 0 31 10977 542 0 337. 17. 38.53
31.005 1 ATTITUDE 0.01889 0.578389 0.087478
31.041 1 NAVIGATION 5 1 0. 0. 0. 0. 0 0
31.105 1 ATTITUDE 0.0189 0.578416 0.087473
31.204 1 ATTITUDE 0.018901 0.578705 0.087478
31.290 1 NAVIGATION 5 1 0. 0. 0. 0. 0 0
31.306 1 ATTITUDE 0.018897 0.57866 0.087487
31.404 1 ATTITUDE 0.018859 0.578772 0.087476
31.505 1 ATTITUDE 0.018868 0.578696 0.087559
31.541 1 NAVIGATION 5 1 0. 0. 0. 0. 0 0
31.608 1 ATTITUDE 0.018834 0.57872 0.087547
31.609 1 ESTIMATOR 0. 0.
31.705 1 ATTITUDE 0.0188 0.578637 0.087569
31.792 1 FBW_STATUS 0 49 0 67 0
31.801 1 NAVIGATION 5 1 0. 0. 0. 0. 0 0
31.809 1 ATTITUDE 0.018812 0.578585 0.087573
31.888 1 COMMANDS 26,-2352,1274,-2352,-588,0
31.911 1 ATTITUDE 0.018817 0.578707 0.087557
31.917 1 GPS 0 0 0 0 0 0 0 0 0 0 1
31.925 1 DOWNLINK_STATUS 0 32 11342 560 0 365. 18. 38.53
31.987 1 ACTUATORS 1271,1635,1464,1487,1351
32.004 1 ATTITUDE 0.018761 0.57854 0.087556
32.041 1 NAVIGATION 5 1 0. 0. 0. 0. 0 0
32.110 1 ATTITUDE 0.018723 0.578647 0.087571
32.204 1 ATTITUDE 0.018711 0.578646 0.087559
32.291 1 NAVIGATION 5 1 0. 0. 0. 0. 0 0
32.305 1 ATTITUDE 0.018659 0.578465 0.087578
32.404 1 ATTITUDE 0.018629 0.578177 0.087555
32.504 1 ATTITUDE 0.018624 0.578157 0.087571
32.541 1 NAVIGATION 5 1 0. 0. 0. 0. 0 0
32.609 1 ATTITUDE 0.018611 0.578017 0.087595
32.613 1 BAT 26 67 0 0 1 27 26 0
32.705 1 ATTITUDE 0.01861 0.577978 0.087597
32.791 1 NAVIGATION 5 1 0. 0. 0. 0. 0 0
32.808 1 ATTITUDE 0.018588 0.578222 0.087569
32.809 1 ESTIMATOR 0. 0.
32.911 1 ATTITUDE 0.018555 0.578038 0.08761
32.917 1 GPS 0 0 0 0 0 0 0 0 0 0 1
32.925 1 DOWNLINK_STATUS 0 33 11711 578 0 369. 18. 38.53
32.966 1 WIND_INFO 1 42 0. 0. 0.
33.007 1 ATTITUDE 0.018535 0.57786 0.087568
33.040 1 NAVIGATION 5 1 0. 0. 0. 0. 0 0
33.109 1 ATTITUDE 0.018519 0.577846 0.087617
33.113 1 ALIVE 63,108,16,232,75,97,60,32,172,119,33,165,254,7,149,72
33.204 1 ATTITUDE 0.018509 0.577718 0.087621
33.291 1 NAVIGATION 5 1 0. 0. 0. 0. 0 0
33.306 1 ATTITUDE 0.018485 0.577878 0.087623
33.405 1 ATTITUDE 0.018453 0.577912 0.087601
33.504 1 ATTITUDE 0.018449 0.577786 0.087612
33.540 1 NAVIGATION 5 1 0. 0. 0. 0. 0 0
33.604 1 ATTITUDE 0.018503 0.578003 0.08758
33.704 1 ATTITUDE 0.018542 0.577896 0.087605
33.792 1 FBW_STATUS 0 49 0 67 0
33.796 1 NAVIGATION 5 1 0. 0. 0. 0. 0 0
33.809 1 ATTITUDE 0.018517 0.577671 0.087637
33.912 1 ATTITUDE 0.01855 0.577511 0.08764
33.917 1 GPS 0 0 0 0 0 0 0 0 0 0 1
33.925 1 DOWNLINK_STATUS 0 34 12066 595 0 355. 17. 38.53
34.009 1 ATTITUDE 0.018626 0.577461 0.087592
34.012 1 ESTIMATOR 0. 0.
34.013 1 DOWNLINK 0 354 743
34.040 1 NAVIGATION 5 1 0. 0. 0. 0. 0 0
34.107 1 ATTITUDE 0.018618 0.577277 0.08759
34.109 1 PPRZ_MODE 0 1 2 0 0 17
34.204 1 ATTITUDE 0.018613 0.577127 0.087577
34.291 1 NAVIGATION 5 1 0. 0. 0. 0. 0 0
34.306 1 ATTITUDE 0.018687 0.576923 0.087543
34.404 1 ATTITUDE 0.018715 0.577212 0.087555
34.508 1 ATTITUDE 0.018764 0.57699 0.087551
34.510 1 GPS_SOL 0 0 0 0
34.541 1 NAVIGATION 5 1 0. 0. 0. 0. 0 0
34.604 1 ATTITUDE 0.018757 0.576894 0.087541
34.704 1 ATTITUDE 0.018783 0.577093 0.087466
34.790 1 NAVIGATION 5 1 0. 0. 0. 0. 0 0
34.806 1 ATTITUDE 0.01885 0.576939 0.087418
34.911 1 ATTITUDE 0.018789 0.577233 0.087423
34.917 1 GPS 0 0 0 0 0 0 0 0 0 0 1
34.926 1 DOWNLINK_STATUS 0 35 12437 614 0 371. 19. 38.53
35.004 1 ATTITUDE 0.018785 0.577304 0.087431
35.041 1 NAVIGATION 5 1 0. 0. 0. 0. 0 0
35.105 1 ATTITUDE 0.018782 0.577247 0.087392
35.208 1 ATTITUDE 0.018877 0.577337 0.087323
35.209 1 ESTIMATOR 0. 0.
35.291 1 NAVIGATION 5 1 0. 0. 0. 0. 0 0
35.306 1 ATTITUDE 0.018889 0.577269 0.087328
35.404 1 ATTITUDE 0.018837 0.577192 0.087314
35.456 1 PONG 
35.504 1 ATTITUDE 0.018828 0.577696 0.087237
35.541 1 NAVIGATION 5 1 0. 0. 0. 0. 0 0
35.604 1 ATTITUDE 0.018785 0.577897 0.087262
35.705 1 ATTITUDE 0.018788 0.577666 0.087139
35.791 1 FBW_STATUS 0 51 0 67 0
35.796 1 NAVIGATION 5 1 0. 0. 0. 0. 0 0
35.809 1 ATTITUDE 0.018831 0.577533 0.087132
35.911 1 ATTITUDE 0.018832 0.577361 0.087175
35.917 1 GPS 0 0 0 0 0 0 0 0 0 0 1
35.927 1 DOWNLINK_STATUS 0 36 12789 632 0 352. 18. 39.03
36.004 1 ATTITUDE 0.018826 0.577159 0.087117
36.040 1 NAVIGATION 5 1 0. 0. 0. 0. 0 0
36.104 1 ATTITUDE 0.018839 0.57738 0.08712
36.205 1 ATTITUDE 0.018842 0.577247 0.087126
36.290 1 NAVIGATION 5 1 0. 0. 0. 0. 0 0
36.306 1 ATTITUDE 0.018848 0.5775 0.08711
36.407 1 ATTITUDE 0.018853 0.577204 0.087093
36.409 1 ESTIMATOR 0. 0.
36.504 1 ATTITUDE 0.018855 0.577231 0.087052
36.540 1 NAVIGATION 5 1 0. 0. 0. 0. 0 0
36.604 1 ATTITUDE 0.018874 0.577334 0.087015
36.704 1 ATTITUDE 0.018901 0.577098 0.086978
36.791 1 NAVIGATION 5 1 0. 0. 0. 0. 0 0
36.805 1 ATTITUDE 0.018909 0.57708 0.086915
36.887 1 COMMANDS 26,-2352,1274,-2352,-588,0
36.912 1 ATTITUDE 0.018911 0.577089 0.086855
36.918 1 GPS 0 0 0 0 0 0 0 0 0 0 1
36.927 1 DOWNLINK_STATUS 0 37 13139 649 0 350. 17. 39.03
36.987 1 ACTUATORS 1271,1635,1464,1487,1351
37.004 1 ATTITUDE 0.018931 0.577152 0.086846
37.040 1 NAVIGATION 5 1 0. 0. 0. 0. 0 0
37.104 1 ATTITUDE 0.018923 0.577492 0.086786
37.204 1 ATTITUDE 0.018973 0.57737 0.08676
37.291 1 NAVIGATION 5 1 0. 0. 0. 0. 0 0
37.306 1 ATTITUDE 0.018956 0.577402 0.086715
37.404 1 ATTITUDE 0.018957 0.577613 0.086698
37.504 1 ATTITUDE 0.018968 0.577544 0.086682
37.540 1 NAVIGATION 5 1 0. 0. 0. 0. 0 0
37.607 1 ATTITUDE 0.018954 0.577657 0.086683
37.610 1 ESTIMATOR 0. 0.
37.704 1 ATTITUDE 0.018982 0.577642 0.086622
37.791 1 FBW_STATUS 0 49 0 67 0
37.795 1 NAVIGATION 5 1 0. 0. 0. 0. 0 0
37.809 1 ATTITUDE 0.018985 0.577452 0.086582
37.912 1 ATTITUDE 0.018998 0.57745 0.086567
37.916 1 GPS 0 0 0 0 0 0 0 0 0 0 1
37.928 1 DOWNLINK_STATUS 0 38 13502 667 0 363. 18. 39.03
38.004 1 ATTITUDE 0.018998 0.577387 0.086515
38.041 1 NAVIGATION 5 1 0. 0. 0. 0. 0 0
38.104 1 ATTITUDE 0.019011 0.577347 0.086478
38.204 1 ATTITUDE 0.018988 0.577504 0.086413
38.290 1 NAVIGATION 5 1 0. 0. 0. 0. 0 0
38.306 1 ATTITUDE 0.019006 0.577367 0.086398
38.403 1 ATTITUDE 0.019015 0.57741 0.086428
38.504 1 ATTITUDE 0.018994 0.577189 0.086417
38.540 1 NAVIGATION 5 1 0. 0. 0. 0. 0 0
38.604 1 ATTITUDE 0.018973 0.577058 0.086418
38.704 1 ATTITUDE 0.018994 0.576966 0.086381
38.790 1 NAVIGATION 5 1 0. 0. 0. 0. 0 0
38.807 1 ATTITUDE 0.019029 0.576688 0.086373
38.810 1 ESTIMATOR 0. 0.
38.911 1 ATTITUDE 0.019026 0.576982 0.086406
38.917 1 GPS 0 0 0 0 0 0 0 0 0 0 1
38.930 1 DOWNLINK_STATUS 0 39 13833 683 0 331. 16. 39.03
39.004 1 ATTITUDE 0.019016 0.57695 0.086443
39.041 1 NAVIGATION 5 1 0. 0. 0. 0. 0 0
39.104 1 ATTITUDE 0.019005 0.577156 0.086451
39.204 1 ATTITUDE 0.018998 0.577243 0.086445
39.290 1 NAVIGATION 5 1 0. 0. 0. 0. 0 0
39.313 1 ATTITUDE 0.019053 0.577193 0.086353
39.404 1 ATTITUDE 0.018981 0.577046 0.086375
39.503 1 ATTITUDE 0.019028 0.577144 0.086368
39.540 1 NAVIGATION 5 1 0. 0. 0. 0. 0 0
39.604 1 ATTITUDE 0.019004 0.577151 0.086343
39.704 1 ATTITUDE 0.018991 0.57717 0.086356
39.791 1 FBW_STATUS 0 51 0 67 0
39.796 1 NAVIGATION 5 1 0. 0. 0. 0. 0 0
39.809 1 ATTITUDE 0.018999 0.577386 0.086383
39.911 1 ATTITUDE 0.019009 0.577228 0.086397
39.917 1 GPS 0 0 0 0 0 0 0 0 0 0 1
39.930 1 DOWNLINK_STATUS 0 40 14165 699 0 332. 16. 39.03
40.007 1 ATTITUDE 0.01901 0.576926 0.08643
40.010 1 ESTIMATOR 0. 0.
40.041 1 NAVIGATION 5 1 0. 0. 0. 0. 0 0
40.106 1 ATTITUDE 0.018963 0.576721 0.086396
40.108 1 PPRZ_MODE 0 1 2 0 0 17
40.204 1 ATTITUDE 0.01893 0.576426 0.086347
40.290 1 NAVIGATION 5 1 0. 0. 0. 0. 0 0
40.311 1 ATTITUDE 0.018928 0.576461 0.086309
40.404 1 ATTITUDE 0.018966 0.576453 0.086278
40.455 1 PONG 
40.504 1 ATTITUDE 0.018979 0.576534 0.086262
40.541 1 NAVIGATION 5 1 0. 0. 0. 0. 0 0
40.603 1 ATTITUDE 0.018973 0.576623 0.086282
40.704 1 ATTITUDE 0.018966 0.576425 0.086256
40.790 1 NAVIGATION 5 1 0. 0. 0. 0. 0 0
40.810 1 ATTITUDE 0.018948 0.576392 0.086281
40.911 1 ATTITUDE 0.018948 0.576292 0.08624
40.917 1 GPS 0 0 0 0 0 0 0 0 0 0 1
40.930 1 DOWNLINK_STATUS 0 41 14514 717 0 349. 18. 38.4
41.004 1 ATTITUDE 0.018958 0.576399 0.086261
41.040 1 NAVIGATION 5 1 0. 0. 0. 0. 0 0
41.103 1 ATTITUDE 0.018942 0.57656 0.086237
41.206 1 ATTITUDE 0.01891 0.576553 0.086246
41.209 1 ESTIMATOR 0. 0.
41.290 1 NAVIGATION 5 1 0. 0. 0. 0. 0 0
41.307 1 ATTITUDE 0.018904 0.576476 0.086223
41.404 1 ATTITUDE 0.018882 0.576686 0.086237
41.504 1 ATTITUDE 0.01886 0.576485 0.086216
41.540 1 NAVIGATION 5 1 0. 0. 0. 0. 0 0
41.603 1 ATTITUDE 0.018883 0.576378 0.086232
41.703 1 ATTITUDE 0.018887 0.576643 0.086188
41.791 1 FBW_STATUS 0 48 0 67 0
41.797 1 NAVIGATION 5 1 0. 0. 0. 0. 0 0
41.810 1 ATTITUDE 0.018833 0.576561 0.086122
41.889 1 COMMANDS 26,-2366,1288,-2366,-588,0
41.911 1 ATTITUDE 0.018821 0.576537 0.086069
41.916 1 GPS 0 0 0 0 0 0 0 0 0 0 1
41.930 1 DOWNLINK_STATUS 0 42 14879 735 0 365. 18. 38.4
41.987 1 ACTUATORS 1271,1636,1464,1487,1351
42.004 1 ATTITUDE 0.018846 0.576559 0.086064
42.040 1 NAVIGATION 5 1 0. 0. 0. 0. 0 0
42.103 1 ATTITUDE 0.018853 0.57656 0.086055
42.204 1 ATTITUDE 0.018908 0.576497 0.086066
42.290 1 NAVIGATION 5 1 0. 0. 0. 0. 0 0
42.305 1 ATTITUDE 0.018936 0.576321 0.086071
42.407 1 ATTITUDE 0.018976 0.576169 0.086028
42.409 1 ESTIMATOR 0. 0.
42.504 1 ATTITUDE 0.018996 0.57665 0.085996
42.540 1 NAVIGATION 5 1 0. 0. 0. 0. 0 0
42.604 1 ATTITUDE 0.019001 0.576679 0.086004
42.709 1 ATTITUDE 0.019023 0.57647 0.086047
42.711 1 BAT 26 67 0 0 1 37 36 0
42.790 1 NAVIGATION 5 1 0. 0. 0. 0. 0 0
42.805 1 ATTITUDE 0.019028 0.576264 0.086032
42.911 1 ATTITUDE 0.019054 0.576101 0.086025
42.916 1 GPS 0 0 0 0 0 0 0 0 0 0 1
42.930 1 DOWNLINK_STATUS 0 43 15248 753 0 369. 18. 38.4
42.966 1 WIND_INFO 1 42 0. 0. 0.
43.008 1 ATTITUDE 0.019052 0.576025 0.086028
43.040 1 NAVIGATION 5 1 0. 0. 0. 0. 0 0
43.104 1 ATTITUDE 0.019048 0.576337 0.086023
43.204 1 ATTITUDE 0.019039 0.57626 0.086014
43.290 1 NAVIGATION 5 1 0. 0. 0. 0. 0 0
43.313 1 ATTITUDE 0.019072 0.576531 0.086017
43.313 1 ALIVE 63,108,16,232,75,97,60,32,172,119,33,165,254,7,149,72
43.403 1 ATTITUDE 0.019061 0.576674 0.086013
43.503 1 ATTITUDE 0.019072 0.576546 0.085992
43.540 1 NAVIGATION 5 1 0. 0. 0. 0. 0 0
43.607 1 ATTITUDE 0.019071 0.576836 0.085969
43.610 1 ESTIMATOR 0. 0.
43.704 1 ATTITUDE 0.019126 0.576601 0.085999
43.790 1 FBW_STATUS 0 56 0 67 0
43.796 1 NAVIGATION 5 1 0. 0. 0. 0. 0 0
43.813 1 ATTITUDE 0.019161 0.576469 0.086001
43.910 1 ATTITUDE 0.019182 0.576376 0.08604
43.916 1 GPS 0 0 0 0 0 0 0 0 0 0 1
43.931 1 DOWNLINK_STATUS 0 44 15617 771 0 369. 18. 38.4
44.003 1 ATTITUDE 0.019216 0.576354 0.086069
44.040 1 NAVIGATION 5 1 0. 0. 0. 0. 0 0
44.105 1 ATTITUDE 0.019198 0.576247 0.086103
44.204 1 ATTITUDE 0.019227 0.576023 0.086101
44.290 1 NAVIGATION 5 1 0. 0. 0. 0. 0 0
44.305 1 ATTITUDE 0.019244 0.575796 0.086124
44.406 1 ATTITUDE 0.019231 0.575799 0.086109
44.407 1 DOWNLINK 0 352 924
44.503 1 ATTITUDE 0.019254 0.575619 0.086089
44.540 1 NAVIGATION 5 1 0. 0. 0. 0. 0 0
44.603 1 ATTITUDE 0.019303 0.575338 0.086095
44.704 1 ATTITUDE 0.019316 0.575233 0.086067
44.790 1 NAVIGATION 5 1 0. 0. 0. 0. 0 0
44.807 1 ATTITUDE 0.019368 0.574986 0.08603
44.815 1 ESTIMATOR 0. 0.
44.910 1 ATTITUDE 0.019409 0.575262 0.086021
44.917 1 GPS 0 0 0 0 0 0 0 0 0 0 1
44.931 1 DOWNLINK_STATUS 0 45 15959 788 0 342. 17. 38.4
45.007 1 ATTITUDE 0.019451 0.575343 0.086029
45.010 1 GPS_SOL 0 0 0 0
45.040 1 NAVIGATION 5 1 0. 0. 0. 0. 0 0
45.103 1 ATTITUDE 0.019505 0.57536 0.086044
45.203 1 ATTITUDE 0.019501 0.575645 0.086066
45.290 1 NAVIGATION 5 1 0. 0. 0. 0. 0 0
45.305 1 ATTITUDE 0.019564 0.575538 0.086025
45.404 1 ATTITUDE 0.019576 0.575626 0.086022
45.456 1 PONG 
45.504 1 ATTITUDE 0.019565 0.575687 0.086008
45.540 1 NAVIGATION 5 1 0. 0. 0. 0. 0 0
45.604 1 ATTITUDE 0.019632 0.575874 0.086014
45.703 1 ATTITUDE 0.019651 0.575885 0.08604
45.791 1 FBW_STATUS 0 52 0 67 0
45.796 1 NAVIGATION 5 1 0. 0. 0. 0. 0 0
45.808 1 ATTITUDE 0.019666 0.575708 0.086
45.911 1 ATTITUDE 0.019676 0.575939 0.085978
45.916 1 GPS 0 0 0 0 0 0 0 0 0 0 1
45.932 1 DOWNLINK_STATUS 0 46 16314 806 0 355. 18. 38.35
46.007 1 ATTITUDE 0.019713 0.575806 0.086014
46.008 1 ESTIMATOR 0. 0.
46.042 1 NAVIGATION 5 1 0. 0. 0. 0. 0 0
46.106 1 ATTITUDE 0.019743 0.5759 0.086054
46.108 1 PPRZ_MODE 0 1 2 0 0 17
46.203 1 ATTITUDE 0.01981 0.575884 0.08602
46.290 1 NAVIGATION 5 1 0. 0. 0. 0. 0 0
46.305 1 ATTITUDE 0.019868 0.575719 0.085983
46.404 1 ATTITUDE 0.019878 0.575494 0.085981
46.504 1 ATTITUDE 0.019876 0.575477 0.085976
46.540 1 NAVIGATION 5 1 0. 0. 0. 0. 0 0
46.603 1 ATTITUDE 0.019873 0.57533 0.08594
46.703 1 ATTITUDE 0.01987 0.575158 0.085947
46.790 1 NAVIGATION 5 1 0. 0. 0. 0. 0 0
46.805 1 ATTITUDE 0.019887 0.575383 0.085931
46.887 1 COMMANDS 26,-2352,1274,-2352,-588,0
46.911 1 ATTITUDE 0.01989 0.575325 0.085894
46.916 1 GPS 0 0 0 0 0 0 0 0 0 0 1
46.932 1 DOWNLINK_STATUS 0 47 16676 824 0 362. 18. 38.35
46.986 1 ACTUATORS 1271,1636,1464,1487,1351
47.004 1 ATTITUDE 0.019946 0.575381 0.085881
47.040 1 NAVIGATION 5 1 0. 0. 0. 0. 0 0
47.104 1 ATTITUDE 0.01997 0.575755 0.085892
47.206 1 ATTITUDE 0.020029 0.575592 0.085936
47.208 1 ESTIMATOR 0. 0.
47.289 1 NAVIGATION 5 1 0. 0. 0. 0. 0 0
47.305 1 ATTITUDE 0.02001 0.575785 0.085938
47.403 1 ATTITUDE 0.020009 0.576042 0.085923
47.504 1 ATTITUDE 0.020009 0.575975 0.085928
47.540 1 NAVIGATION 5 1 0. 0. 0. 0. 0 0
47.604 1 ATTITUDE 0.019995 0.576081 0.08597
47.704 1 ATTITUDE 0.01997 0.575987 0.08596
47.790 1 FBW_STATUS 0 51 0 67 0
47.796 1 NAVIGATION 5 1 0. 0. 0. 0. 0 0
47.807 1 ATTITUDE 0.019979 0.575966 0.085932
47.910 1 ATTITUDE 0.019955 0.575872 0.085918
47.916 1 GPS 0 0 0 0 0 0 0 0 0 0 1
47.932 1 DOWNLINK_STATUS 0 48 17039 842 0 363. 18. 38.35
48.003 1 ATTITUDE 0.019999 0.575632 0.085873
48.040 1 NAVIGATION 5 1 0. 0. 0. 0. 0 0
48.103 1 ATTITUDE 0.019961 0.575681 0.085899
48.204 1 ATTITUDE 0.019978 0.575754 0.085902
48.290 1 NAVIGATION 5 1 0. 0. 0. 0. 0 0
48.305 1 ATTITUDE 0.019957 0.575534 0.085911
48.406 1 ATTITUDE 0.020005 0.57571 0.085945
48.408 1 ESTIMATOR 0. 0.
48.503 1 ATTITUDE 0.019967 0.575522 0.085966
48.539 1 NAVIGATION 5 1 0. 0. 0. 0. 0 0
48.603 1 ATTITUDE 0.019959 0.575389 0.085986
48.703 1 ATTITUDE 0.021489 0.575953 0.086054
48.790 1 NAVIGATION 5 1 0. 0. 0. 0. 0 0
48.805 1 ATTITUDE 0.021046 0.575333 0.085669
48.933 1 DOWNLINK_STATUS 0 49 17319 856 0 280. 14. 38.35
49.933 1 DOWNLINK_STATUS 0 50 17319 856 0 0. 0. 38.35
50.934 1 DOWNLINK_STATUS 0 51 17319 856 0 0. 0. -4962.41
51.936 1 DOWNLINK_STATUS 0 52 17319 856 0 0. 0. -4962.41
52.937 1 DOWNLINK_STATUS 0 53 17319 856 0 0. 0. -4962.41
52.966 1 WIND_INFO 1 42 0. 0. 0.
53.939 1 DOWNLINK_STATUS 0 54 17319 856 0 0. 0. -4962.41
54.941 1 DOWNLINK_STATUS 0 55 17319 856 0 0. 0. -4962.41
55.941 1 DOWNLINK_STATUS 0 56 17319 856 0 0. 0. -9963.33
56.942 1 DOWNLINK_STATUS 0 57 17319 856 0 0. 0. -9963.33
57.944 1 DOWNLINK_STATUS 0 58 17319 856 0 0. 0. -9963.33
58.945 1 DOWNLINK_STATUS 0 59 17319 856 0 0. 0. -9963.33
59.947 1 DOWNLINK_STATUS 0 60 17319 856 0 0. 0. -9963.33
60.948 1 DOWNLINK_STATUS 0 61 17319 856 0 0. 0. -14964.33
61.950 1 DOWNLINK_STATUS 0 62 17319 856 0 0. 0. -14964.33
62.952 1 DOWNLINK_STATUS 0 63 17319 856 0 0. 0. -14964.33
62.966 1 WIND_INFO 1 42 0. 0. 0.
63.953 1 DOWNLINK_STATUS 0 64 17319 856 0 0. 0. -14964.33
64.955 1 DOWNLINK_STATUS 0 65 17319 856 0 0. 0. -14964.33
65.956 1 DOWNLINK_STATUS 0 66 17319 856 0 0. 0. -19965.65
66.958 1 DOWNLINK_STATUS 0 67 17319 856 0 0. 0. -19965.65
67.960 1 DOWNLINK_STATUS 0 68 17319 856 0 0. 0. -19965.65
68.961 1 DOWNLINK_STATUS 0 69 17319 856 0 0. 0. -19965.65
69.962 1 DOWNLINK_STATUS 0 70 17319 856 0 0. 0. -19965.65
70.963 1 DOWNLINK_STATUS 0 71 17319 856 0 0. 0. -24966.23
71.965 1 DOWNLINK_STATUS 0 72 17319 856 0 0. 0. -24966.23
72.966 1 WIND_INFO 1 42 0. 0. 0.
72.966 1 DOWNLINK_STATUS 0 73 17319 856 0 0. 0. -24966.23
73.967 1 DOWNLINK_STATUS 0 74 17319 856 0 0. 0. -24966.23
74.969 1 DOWNLINK_STATUS 0 75 17319 856 0 0. 0. -24966.23
75.969 1 DOWNLINK_STATUS 0 76 17319 856 0 0. 0. -29967.08
76.971 1 DOWNLINK_STATUS 0 77 17319 856 0 0. 0. -29967.08
77.972 1 DOWNLINK_STATUS 0 78 17319 856 0 0. 0. -29967.08
78.973 1 DOWNLINK_STATUS 0 79 17319 856 0 0. 0. -29967.08
79.975 1 DOWNLINK_STATUS 0 80 17319 856 0 0. 0. -29967.08
80.977 1 DOWNLINK_STATUS 0 81 17319 856 0 0. 0. -34968.3
81.979 1 DOWNLINK_STATUS 0 82 17319 856 0 0. 0. -34968.3
82.966 1 WIND_INFO 1 42 0. 0. 0.
82.979 1 DOWNLINK_STATUS 0 83 17319 856 0 0. 0. -34968.3
83.981 1 DOWNLINK_STATUS 0 84 17319 856 0 0. 0. -34968.3
84.983 1 DOWNLINK_STATUS 0 85 17319 856 0 0. 0. -34968.3
85.984 1 DOWNLINK_STATUS 0 86 17319 856 0 0. 0. -39969.63
86.985 1 DOWNLINK_STATUS 0 87 17319 856 0 0. 0. -39969.63
87.987 1 DOWNLINK_STATUS 0 88 17319 856 0 0. 0. -39969.63
88.989 1 DOWNLINK_STATUS 0 89 17319 856 0 0. 0. -39969.63
89.990 1 DOWNLINK_STATUS 0 90 17319 856 0 0. 0. -39969.63
90.990 1 DOWNLINK_STATUS 0 91 17319 856 0 0. 0. -44970.11
