10.405 2 WIND_INFO 2 42 0. 0. 0.
11.049 2 MOVE_WP 1 2 536383250 -1132868360 66220
20.406 2 WIND_INFO 2 42 0. 0. 0.
30.405 2 WIND_INFO 2 42 0. 0. 0.
40.406 2 WIND_INFO 2 42 0. 0. 0.
50.405 2 WIND_INFO 2 42 0. 0. 0.
60.407 2 WIND_INFO 2 42 0. 0. 0.
60.846 2 GPS 3 34881724 594571392 1959 610808 0 -8 1796 591641500 12 14
60.900 2 BAT 0 153 0 0 1 202 202 0
60.903 2 WP_MOVED 6 348616. 5945813. 662.203003 12
60.906 2 ATTITUDE 0.032793 -0.979878 -0.027946
61.005 2 IMU_GYRO -0.031738 0.007324 -0.027588
61.008 2 ESTIMATOR 0. 0.
61.014 2 DESIRED 0. 0. 0. 0. 0. 655. 0. 15.
61.018 2 ATTITUDE 0.031802 -0.986019 -0.028329
61.074 2 ACTUATORS |1000,1500,1511,1314,1718,1500|
61.100 2 GPS 3 34881724 594571392 1959 610768 10 -7 1796 591641750 12 15
61.103 2 ATTITUDE 0.03108 -0.991248 -0.028905
61.173 2 COMMANDS |0,-226,390,0,0,0|
61.202 2 CALIBRATION 0. 0
61.205 2 GPS_SOL 203 42 145 11
61.213 2 DESIRED 0. 0. 0. 0. 0. 655. 0. 15.
61.215 2 ATTITUDE 0.030697 -0.996122 -0.029315
61.293 2 IMU_ACCEL -0.392578 -0.37793 -10.101562
61.297 2 ATTITUDE 0.029355 -1.001577 -0.030102
61.345 2 GPS 3 34881724 594571392 1959 610768 10 -7 1796 591642000 12 16
61.402 2 WP_MOVED 7 349016. 5946013. 662.203003 12
61.410 2 DESIRED 0. 0. 0. 0. 0. 655. 0. 15.
61.412 2 ATTITUDE 0.028374 -1.006693 -0.030648
61.492 2 ESTIMATOR 0. 0.
61.495 2 ATTITUDE 0.030345 -1.010158 -0.030243
61.537 2 DOWNLINK_STATUS 0 1797 186575 8417 496 830. 38. 208.54
61.609 2 IMU_GYRO -0.046631 0.008301 -0.046631
61.615 2 GPS 3 34881724 594571392 1959 610776 14 -11 1796 591642250 12 17
61.621 2 DESIRED 0. 0. 0. 0. 0. 655. 0. 15.
61.624 2 ATTITUDE 0.030139 -1.015448 -0.030424
61.697 2 NAVIGATION 2 1 0.9 1. 0. 6.2 0 0
61.700 2 ATTITUDE 0.028958 -1.021626 -0.031119
61.799 2 DL_VALUE 14 0.610865
61.806 2 DESIRED 0. 0. 0. 0. 0. 655. 0. 15.
61.810 2 ATTITUDE 0.029236 -1.02637 -0.03086
61.846 2 GPS 3 34881724 594571392 1959 610771 12 -1 1796 591642500 12 18
61.898 2 IMU_MAG 0. 0. 0.
61.911 2 WP_MOVED 0 348858. 5945755. 662.203003 12
61.911 2 ATTITUDE 0.029163 -1.031603 -0.030762
62.006 2 BAT 0 153 0 0 1 203 203 0
62.009 2 ESTIMATOR 0. 0.
62.015 2 DESIRED 0. 0. 0. 0. 0. 655. 0. 15.
62.018 2 ATTITUDE 0.029128 -1.036852 -0.030665
62.105 2 NAVIGATION_REF 348816 5945713 12 607.203003
62.108 2 IMU_ACCEL -0.368164 -0.397461 -10.030273
62.114 2 GPS 3 34881724 594571392 1959 610842 7 8 1796 591642750 12 19
62.117 2 ATTITUDE 0.029739 -1.041931 -0.030175
62.204 2 PPRZ_MODE 2 1 2 0 0 6
62.207 2 IMU_GYRO -0.025391 0.019043 -0.026367
62.213 2 DESIRED 0. 0. 0. 0. 0. 655. 0. 15.
62.217 2 ATTITUDE 0.030903 -1.046465 -0.029322
62.273 2 FBW_STATUS 2 0 1 153 0
62.290 2 ATTITUDE 0.031014 -1.052013 -0.029127
62.346 2 GPS 3 34881724 594571392 1959 610877 4 1 1796 591643000 12 20
62.403 2 STATE_FILTER_STATUS 3 0
62.407 2 WP_MOVED 1 348814.5 5945713.5 662.200012 12
62.413 2 DESIRED 0. 0. 0. 0. 0. 655. 0. 15.
62.416 2 ATTITUDE 0.032579 -1.056256 -0.028155
62.493 2 ESTIMATOR 0. 0.
62.495 2 ATTITUDE 0.033187 -1.061065 -0.027662
62.537 2 DOWNLINK_STATUS 0 1798 187330 8451 496 755. 34. 208.54
62.607 2 GPS 3 34881724 594571392 1959 610843 19 4 1796 591643250 12 21
62.615 2 DESIRED 0. 0. 0. 0. 0. 655. 0. 15.
62.617 2 ATTITUDE 0.033843 -1.06582 -0.027195
62.700 2 ENERGY 15.3 0. 0 0.
62.704 2 NAVIGATION 2 1 0.9 1. 0. 6.2 0 0
62.707 2 ATTITUDE 0.034913 -1.070435 -0.02681
62.802 2 IMU_GYRO -0.034912 0.005127 -0.028564
62.808 2 DESIRED 0. 0. 0. 0. 0. 655. 0. 15.
62.812 2 ATTITUDE 0.035318 -1.075301 -0.026389
62.846 2 GPS 3 34881724 594571392 1959 610873 5 8 1796 591643500 12 22
62.898 2 IMU_ACCEL -0.353516 -0.463867 -10.068359
62.901 2 WP_MOVED 2 348846. 5945813. 662.203003 12
62.904 2 ATTITUDE 0.034978 -1.080377 -0.027062
63.000 2 ESTIMATOR 0. 0.
63.007 2 DESIRED 0. 0. 0. 0. 0. 655. 0. 15.
63.010 2 ATTITUDE 0.035401 -1.085199 -0.027115
63.102 2 BAT 0 153 0 0 1 205 205 0
63.108 2 GPS 3 34881724 594571392 1959 610888 1 14 1796 591643750 12 23
63.111 2 ATTITUDE 0.036032 -1.088773 -0.027135
63.205 2 GPS_SOL 202 33 145 11
63.209 2 IMU_MAG 0. 0. 0.
63.215 2 DESIRED 0. 0. 0. 0. 0. 655. 0. 15.
63.218 2 ATTITUDE 0.034987 -1.094654 -0.027925
63.293 2 CALIBRATION 0. 0
63.295 2 DL_VALUE 15 7500.
63.298 2 ATTITUDE 0.036249 -1.09818 -0.027723
63.346 2 GPS 3 34881724 594571392 1959 610902 1 6 1796 591644000 12 24
63.406 2 IMU_GYRO -0.011475 0.028564 -0.023193
63.411 2 WP_MOVED 3 348916.09375 5945784. 662.203003 12
63.416 2 DESIRED 0. 0. 0. 0. 0. 655. 0. 15.
63.419 2 ATTITUDE 0.038188 -1.102038 -0.026612
63.492 2 ESTIMATOR 0. 0.
63.495 2 ATTITUDE 0.038563 -1.107112 -0.0258
63.538 2 DOWNLINK_STATUS 0 1799 188078 8484 496 748. 33. 208.54
63.608 2 GPS 3 34881724 594571392 1959 610852 6 -4 1796 591644250 12 25
63.615 2 DESIRED 0. 0. 0. 0. 0. 655. 0. 15.
63.618 2 ATTITUDE 0.038845 -1.1117 -0.026157
63.701 2 NAVIGATION 2 1 0.9 1. 0. 6.2 0 0
63.704 2 IMU_ACCEL -0.353516 -0.478516 -10.083008
63.707 2 ATTITUDE 0.04086 -1.115 -0.026236
63.802 2 DESIRED 0. 0. 0. 0. 0. 655. 0. 15.
63.805 2 ATTITUDE 0.040545 -1.120492 -0.026437
63.846 2 GPS 3 34881724 594571392 1959 610797 14 -5 1796 591644500 12 26
63.895 2 WP_MOVED 4 348715.6875 5945793. 662.203003 12
63.898 2 ATTITUDE 0.039626 -1.12588 -0.026765
64.005 2 IMU_GYRO -0.038086 0.010498 -0.034912
64.007 2 ESTIMATOR 0. 0.
64.014 2 DESIRED 0. 0. 0. 0. 0. 655. 0. 15.
64.017 2 ATTITUDE 0.038486 -1.131453 -0.02779
64.099 2 GPS 3 34881724 594571392 1959 610759 4 -6 1796 591644750 12 27
64.103 2 ATTITUDE 0.037182 -1.137801 -0.028208
64.203 2 BAT 0 153 0 0 1 206 206 0
64.209 2 DESIRED 0. 0. 0. 0. 0. 655. 0. 15.
64.212 2 ATTITUDE 0.037576 -1.142323 -0.027644
64.272 2 FBW_STATUS 2 0 1 153 0
64.290 2 ATTITUDE 0.036675 -1.14779 -0.028177
64.348 2 GPS 3 34881724 594571392 1959 610715 4 -2 1796 591645000 12 28
64.351 2 SVINFO 0 1 13 7 39 12 116
64.402 2 WP_MOVED 5 348691. 5945758. 662.203003 12
64.412 2 DESIRED 0. 0. 0. 0. 0. 655. 0. 15.
64.412 2 ATTITUDE 0.035118 -1.153489 -0.028819
64.500 2 IMU_MAG 0. 0. 0.
64.503 2 IMU_ACCEL -0.382812 -0.40625 -10.139648
64.506 2 ESTIMATOR 0. 0.
64.509 2 ATTITUDE 0.034661 -1.158724 -0.029381
64.539 2 DOWNLINK_STATUS 0 1800 188796 8515 496 718. 31. 208.54
64.612 2 STATE_FILTER_STATUS 3 0
64.615 2 IMU_GYRO -0.033936 0.010498 -0.036133
64.621 2 GPS 3 34881724 594571392 1959 610729 3 0 1796 591645250 12 1
64.623 2 SVINFO 1 3 13 7 38 17 47
64.630 2 DESIRED 0. 0. 0. 0. 0. 655. 0. 15.
64.633 2 ATTITUDE 0.034918 -1.163677 -0.029009
64.697 2 NAVIGATION 2 1 0.9 1. 0. 6.2 0 0
64.700 2 ATTITUDE 0.034087 -1.170045 -0.02935
64.799 2 DL_VALUE 16 1250.
64.806 2 DESIRED 0. 0. 0. 0. 0. 655. 0. 15.
64.809 2 ATTITUDE 0.034515 -1.174405 -0.028854
64.849 2 GPS 3 34881724 594571392 1959 610700 18 0 1796 591645500 12 2
64.851 2 SVINFO 2 7 13 7 43 40 126
64.895 2 WP_MOVED 6 348616. 5945813. 662.203003 12
64.898 2 ATTITUDE 0.034551 -1.17946 -0.028826
65.000 2 ESTIMATOR 0. 0.
65.007 2 DESIRED 0. 0. 0. 0. 0. 655. 0. 15.
65.010 2 ATTITUDE 0.034412 -1.18513 -0.028689
65.105 2 ENERGY 15.3 0. 0 0.
65.111 2 GPS 3 34881724 594571392 1959 610712 9 -6 1796 591645750 12 3
65.112 2 SVINFO 3 8 13 7 41 66 121
65.115 2 ATTITUDE 0.0352 -1.18979 -0.027484
65.206 2 GPS_SOL 201 46 145 11
65.208 2 IMU_GYRO -0.012695 0.031738 -0.02002
65.215 2 DESIRED 0. 0. 0. 0. 0. 655. 0. 15.
65.219 2 ATTITUDE 0.034557 -1.196 -0.027538
65.299 2 BAT 0 153 0 0 1 207 207 0
65.301 2 IMU_ACCEL -0.363281 -0.430664 -10.101562
65.304 2 ATTITUDE 0.035097 -1.200825 -0.027118
65.348 2 GPS 3 34881724 594571392 1959 610675 7 -13 1796 591646000 12 4
65.351 2 SVINFO 4 9 28 7 44 81 158
65.378 2 PONG 
65.403 2 CALIBRATION 0. 0
65.407 2 WP_MOVED 7 349016. 5946013. 662.203003 12
65.414 2 DESIRED 0. 0. 0. 0. 0. 655. 0. 15.
65.416 2 ATTITUDE 0.035529 -1.205703 -0.027147
65.494 2 DOWNLINK 13 769 7658
65.496 2 ESTIMATOR 0. 0.
65.499 2 ATTITUDE 0.035783 -1.210321 -0.027563
65.539 2 DOWNLINK_STATUS 0 1801 189608 8554 496 812. 39. 48.68
65.613 2 ALIVE |113,231,191,103,71,212,187,62,164,92,22,212,171,70,118,244|
65.619 2 GPS 3 34881724 594571392 1959 610642 7 -6 1796 591646250 12 5
65.622 2 SVINFO 5 11 13 7 42 30 99
65.628 2 DESIRED 0. 0. 0. 0. 0. 655. 0. 15.
65.631 2 ATTITUDE 0.03512 -1.215935 -0.027801
65.696 2 NAVIGATION 2 1 0.9 1. 0. 6.2 0 0
65.700 2 ATTITUDE 0.03501 -1.221031 -0.027925
65.805 2 IMU_MAG 0. 0. 0.
65.809 2 IMU_GYRO 0.001953 0.043457 -0.005127
65.818 2 DESIRED 0. 0. 0. 0. 0. 655. 0. 15.
65.818 2 ATTITUDE 0.037486 -1.224553 -0.026834
65.848 2 GPS 3 34881724 594571392 1959 610585 8 -8 1796 591646500 12 6
65.851 2 SVINFO 6 15 13 7 38 21 316
65.894 2 WP_MOVED 0 348858. 5945755. 662.203003 12
65.898 2 ATTITUDE 0.038665 -1.228912 -0.025009
66.000 2 ESTIMATOR 0. 0.
66.007 2 DESIRED 0. 0. 0. 0. 0. 655. 0. 15.
66.010 2 ATTITUDE 0.041147 -1.232569 -0.022564
66.073 2 ACTUATORS |1000,1500,1514,1318,1722,1500|
66.104 2 IMU_ACCEL -0.320312 -0.506836 -10.083008
66.109 2 GPS 3 34881724 594571392 1959 610566 5 4 1796 591646750 12 7
66.112 2 SVINFO 7 17 13 4 30 17 193
66.115 2 ATTITUDE 0.0414 -1.237708 -0.023319
66.173 2 COMMANDS |0,-375,326,0,0,0|
66.202 2 DESIRED 0. 0. 0. 0. 0. 655. 0. 15.
66.205 2 ATTITUDE 0.044842 -1.241855 -0.022459
66.272 2 FBW_STATUS 2 0 1 153 0
66.291 2 DL_VALUE 17 0.48
66.294 2 ATTITUDE 0.046798 -1.246081 -0.021712
66.348 2 GPS 3 34881724 594571392 1959 610577 10 -7 1796 591647000 12 8
66.350 2 SVINFO 8 18 12 6 32 3 352
66.411 2 BAT 0 153 0 0 1 208 208 0
66.414 2 IMU_GYRO -0.012695 0.015869 -0.023193
66.418 2 WP_MOVED 1 348814.5 5945713.5 662.200012 12
66.424 2 DESIRED 0. 0. 0. 0. 0. 655. 0. 15.
66.427 2 ATTITUDE 0.045877 -1.2516 -0.021711
66.492 2 ESTIMATOR 0. 0.
66.494 2 ATTITUDE 0.048069 -1.255213 -0.021721
66.539 2 DOWNLINK_STATUS 0 1802 190440 8592 496 832. 38. 48.68
66.610 2 GPS 3 34881724 594571392 1959 610562 8 -2 1796 591647250 12 9
66.612 2 SVINFO 9 19 13 7 36 29 48
66.620 2 DESIRED 0. 0.01 0. 0. 0. 655. 0. 15.
66.622 2 ATTITUDE 0.051208 -1.259215 -0.021972
66.696 2 NAVIGATION 2 1 0.9 1. 0. 6.2 0 0
66.699 2 ATTITUDE 0.05003 -1.264279 -0.022775
66.798 2 STATE_FILTER_STATUS 3 0
66.806 2 DESIRED 0. 0. 0. 0. 0. 655. 0. 15.
66.808 2 ATTITUDE 0.046819 -1.271281 -0.024122
66.848 2 GPS 3 34881724 594571392 1959 610509 5 -6 1796 591647500 12 10
66.851 2 SVINFO 10 26 13 7 44 47 282
66.897 2 IMU_ACCEL -0.353516 -0.59375 -10.101562
66.902 2 WP_MOVED 2 348846. 5945813. 662.203003 12
66.904 2 ATTITUDE 0.049889 -1.274858 -0.022965
67.004 2 IMU_GYRO -0.003174 0.026367 -0.026367
67.007 2 ESTIMATOR 0. 0.
67.013 2 DESIRED 0. 0.01 0. 0. 0. 655. 0. 15.
67.017 2 ATTITUDE 0.053776 -1.279461 -0.021378
67.105 2 PPRZ_MODE 2 1 2 0 0 6
67.108 2 IMU_MAG 0. 0. 0.
67.114 2 GPS 3 34881724 594571392 1959 610495 10 -3 1796 591647750 12 11
67.116 2 SVINFO 11 27 12 7 33 2 36
67.119 2 ATTITUDE 0.054812 -1.285023 -0.020556
67.201 2 GPS_SOL 202 38 145 11
67.208 2 DESIRED 0. 0.01 0. 0. 0. 655. 0. 15.
67.212 2 ATTITUDE 0.054457 -1.290155 -0.020009
67.290 2 ATTITUDE 0.054653 -1.294958 -0.019279
67.349 2 GPS 3 34881724 594571392 1959 610482 10 -3 1796 591648000 12 12
67.351 2 SVINFO 12 28 13 7 40 72 253
67.402 2 WP_MOVED 3 348916.09375 5945784. 662.203003 12
67.409 2 DESIRED 0. 0.01 0. 0. 0. 655. 0. 15.
67.412 2 ATTITUDE 0.055207 -1.300181 -0.018107
67.504 2 ENERGY 15.3 0. 0 0.
67.506 2 CALIBRATION 0. 0
67.510 2 BAT 0 153 0 0 1 209 209 0
67.512 2 ESTIMATOR 0. 0.
67.515 2 ATTITUDE 0.05483 -1.306844 -0.019194
67.539 2 DOWNLINK_STATUS 0 1803 191236 8629 496 796. 37. 48.68
67.612 2 IMU_GYRO -0.031738 0.013672 -0.034912
67.618 2 GPS 3 34881724 594571392 1959 610451 12 -6 1796 591648250 12 13
67.620 2 SVINFO 13 30 13 7 40 71 134
67.627 2 DESIRED 0. 0.01 0. 0. 0. 655. 0. 15.
67.630 2 ATTITUDE 0.054204 -1.314402 -0.02045
67.701 2 NAVIGATION 2 1 0.9 1. 0. 6.2 0 0
67.704 2 IMU_ACCEL -0.310547 -0.646484 -10.053711
67.707 2 ATTITUDE 0.05488 -1.319405 -0.020227
67.799 2 DL_VALUE 18 0.03
67.806 2 DESIRED 0. 0.01 0. 0. 0. 655. 0. 15.
67.810 2 ATTITUDE 0.053633 -1.325154 -0.020856
67.846 2 GPS 3 34881724 594571328 1959 610415 10 -14 1796 591648500 12 14
67.894 2 WP_MOVED 4 348715.6875 5945793. 662.203003 12
67.898 2 ATTITUDE 0.0512 -1.330944 -0.023379
68.000 2 ESTIMATOR 0. 0.
68.007 2 DESIRED 0. 0.01 0. 0. 0. 655. 0. 15.
68.010 2 ATTITUDE 0.051179 -1.335341 -0.024039
68.100 2 GPS 3 34881724 594571328 1959 610468 12 -2 1796 591648750 12 15
68.103 2 ATTITUDE 0.051421 -1.339978 -0.024632
68.201 2 IMU_GYRO -0.011475 0.019043 -0.043457
68.209 2 DESIRED 0. 0.01 0. 0. 0. 655. 0. 15.
68.212 2 ATTITUDE 0.051971 -1.346204 -0.024534
68.271 2 FBW_STATUS 2 0 1 153 0
68.289 2 ATTITUDE 0.053362 -1.352746 -0.024046
68.345 2 GPS 3 34881724 594571328 1959 610490 5 -2 1796 591649000 12 16
68.406 2 IMU_MAG 0. 0. 0.
68.409 2 WP_MOVED 5 348691. 5945758. 662.203003 12
68.416 2 DESIRED 0. 0.01 0. 0. 0. 655. 0. 15.
68.419 2 ATTITUDE 0.052824 -1.358606 -0.02408
68.496 2 IMU_ACCEL -0.349609 -0.579102 -10.048828
68.499 2 ESTIMATOR 0. 0.
68.502 2 ATTITUDE 0.052292 -1.365419 -0.024009
68.539 2 DOWNLINK_STATUS 0 1804 191962 8661 496 726. 32. 48.68
68.610 2 BAT 0 153 0 0 1 210 210 0
68.615 2 GPS 3 34881724 594571392 1959 610537 0 4 1796 591649250 12 17
68.622 2 DESIRED 0. 0.01 0. 0. 0. 655. 0. 15.
68.625 2 ATTITUDE 0.05192 -1.372276 -0.024141
68.696 2 NAVIGATION 2 1 0.9 1. 0. 5.9 0 0
68.700 2 ATTITUDE 0.051147 -1.380423 -0.024422
68.802 2 IMU_GYRO -0.041504 0.02002 -0.028564
68.808 2 DESIRED 0. 0.01 0. 0. 0. 655. 0. 15.
68.811 2 ATTITUDE 0.050737 -1.386835 -0.024245
68.845 2 GPS 3 34881724 594571392 1959 610498 7 0 1796 591649500 12 18
68.894 2 WP_MOVED 6 348616. 5945813. 662.203003 12
68.897 2 ATTITUDE 0.050054 -1.391531 -0.023816
69.001 2 STATE_FILTER_STATUS 3 0
69.004 2 ESTIMATOR 0. 0.
69.010 2 DESIRED 0. 0.01 0. 0. 0. 655. 0. 15.
69.013 2 ATTITUDE 0.050306 -1.397049 -0.023122
69.099 2 GPS 3 34881724 594571392 1959 610511 8 6 1796 591649750 12 19
69.103 2 ATTITUDE 0.050087 -1.403563 -0.022391
69.201 2 GPS_SOL 204 44 145 11
69.208 2 DESIRED 0. 0.01 0. 0. 0. 655. 0. 15.
69.211 2 ATTITUDE 0.050095 -1.408427 -0.021498
69.295 2 DL_VALUE 19 0.15
69.298 2 IMU_ACCEL -0.325195 -0.588867 -10.121094
69.301 2 ATTITUDE 0.049653 -1.412994 -0.021272
69.346 2 GPS 3 34881724 594571392 1959 610550 7 12 1796 591650000 12 20
69.406 2 IMU_GYRO -0.02002 0.02124 -0.014893
69.409 2 WP_MOVED 7 349016. 5946013. 662.203003 12
69.416 2 DESIRED 0. 0.01 0. 0. 0. 655. 0. 15.
69.419 2 ATTITUDE 0.049056 -1.417248 -0.021547
69.492 2 ESTIMATOR 0. 0.
69.495 2 ATTITUDE 0.049003 -1.421973 -0.02139
69.540 2 DOWNLINK_STATUS 0 1805 192670 8692 496 708. 31. 48.68
69.605 2 CALIBRATION 0. 0
69.611 2 GPS 3 34881724 594571392 1959 610542 3 8 1796 591650250 12 21
69.619 2 DESIRED 0. 0.01 0. 0. 0. 655. 0. 15.
69.621 2 ATTITUDE 0.048897 -1.426822 -0.021813
69.703 2 IMU_MAG 0. 0. 0.
69.707 2 BAT 0 153 0 0 1 211 211 0
69.714 2 NAVIGATION 2 1 0.9 1. 0. 6.2 0 0
69.715 2 ATTITUDE 0.049102 -1.431427 -0.022112
69.802 2 DESIRED 0. 0.01 0. 0. 0. 655. 0. 15.
69.805 2 ATTITUDE 0.048366 -1.436941 -0.022823
69.845 2 GPS 3 34881724 594571392 1959 610545 3 0 1796 591650500 12 22
69.898 2 ENERGY 15.3 0. 0 0.
69.903 2 WP_MOVED 0 348858. 5945755. 662.203003 12
69.905 2 ATTITUDE 0.047563 -1.442332 -0.023512
70.004 2 IMU_GYRO -0.024414 0.02002 -0.024414
70.007 2 ESTIMATOR 0. 0.
70.013 2 DESIRED 0. 0. 0. 0. 0. 655. 0. 15.
70.016 2 ATTITUDE 0.047867 -1.447064 -0.023472
70.100 2 IMU_ACCEL -0.339844 -0.545898 -10.101562
70.106 2 GPS 3 34881724 594571392 1959 610512 8 -7 1796 591650750 12 23
70.109 2 ATTITUDE 0.047418 -1.452589 -0.023651
70.201 2 DESIRED 0. 0. 0. 0. 0. 655. 0. 15.
70.204 2 ATTITUDE 0.047882 -1.457219 -0.023283
70.271 2 FBW_STATUS 2 0 1 153 0
70.290 2 ATTITUDE 0.048567 -1.461418 -0.022837
70.346 2 GPS 3 34881724 594571392 1959 610522 1 -1 1796 591651000 12 24
70.375 2 PONG 
70.402 2 WP_MOVED 1 348814.5 5945713.5 662.200012 12
70.409 2 DESIRED 0. 0.01 0. 0. 0. 655. 0. 15.
70.410 2 WIND_INFO 2 42 0. 0. 0.
70.412 2 ATTITUDE 0.048544 -1.464646 -0.022458
70.492 2 ESTIMATOR 0. 0.
70.495 2 ATTITUDE 0.0465 -1.467151 -0.023238
70.540 2 DOWNLINK_STATUS 0 1806 193393 8724 496 723. 32. 44.51
70.610 2 DOWNLINK 13 750 7831
70.613 2 IMU_GYRO -0.081787 -0.003174 -0.003174
70.619 2 GPS 3 34881724 594571392 1959 610512 8 -5 1796 591651250 12 25
70.625 2 DESIRED 0. 0. 0. 0. 0. 655. 0. 15.
70.628 2 ATTITUDE 0.042758 -1.470841 -0.024414
70.701 2 ALIVE |113,231,191,103,71,212,187,62,164,92,22,212,171,70,118,244|
70.706 2 NAVIGATION 2 1 0.9 1. 0. 6.2 0 0
70.709 2 ATTITUDE 0.037781 -1.47466 -0.026299
70.804 2 DL_VALUE 20 0.01
70.807 2 BAT 0 153 0 0 1 212 212 0
70.814 2 DESIRED 0. 0. 0. 0. 0. 655. 0. 15.
70.817 2 ATTITUDE 0.03856 -1.479992 -0.025776
70.846 2 GPS 3 34881724 594571328 2050 610489 30 -10 1796 591651500 12 26
70.898 2 IMU_ACCEL -0.344727 -0.50293 -10.121094
70.901 2 WP_MOVED 2 348846. 5945813. 662.203003 12
70.905 2 ATTITUDE 0.039133 -1.484957 -0.025757
71.004 2 IMU_MAG 0. 0. 0.
71.006 2 ESTIMATOR 0. 0.
71.014 2 DESIRED 0. 0. 0. 0. 0. 655. 0. 15.
71.016 2 ATTITUDE 0.039888 -1.48916 -0.025308
71.073 2 ACTUATORS |1000,1500,1513,1317,1721,1500|
71.100 2 NAVIGATION_REF 348816 5945713 12 607.203003
71.106 2 GPS 3 34881724 594571328 2050 610481 10 -2 1796 591651750 12 27
71.109 2 ATTITUDE 0.039934 -1.494361 -0.024882
71.173 2 COMMANDS |0,-331,343,0,0,0|
71.205 2 STATE_FILTER_STATUS 3 0
71.208 2 GPS_SOL 205 44 145 11
71.211 2 IMU_GYRO -0.030762 0.013672 -0.026367
71.218 2 DESIRED 0. 0. 0. 0. 0. 655. 0. 15.
71.221 2 ATTITUDE 0.041013 -1.498726 -0.024452
71.289 2 ATTITUDE 0.040163 -1.504712 -0.025114
71.348 2 GPS 3 34881724 594571328 2050 610459 12 -1 1796 591652000 12 28
71.350 2 SVINFO 0 1 13 7 37 12 116
71.403 2 WP_MOVED 3 348916.09375 5945784. 662.203003 12
71.409 2 DESIRED 0. 0. 0. 0. 0. 655. 0. 15.
71.412 2 ATTITUDE 0.039412 -1.509784 -0.02564
71.491 2 ESTIMATOR 0. 0.
71.495 2 ATTITUDE 0.039798 -1.514591 -0.025238
71.540 2 DOWNLINK_STATUS 0 1807 194224 8762 496 831. 38. 44.51
71.610 2 GPS 3 34881724 594571328 2050 610460 3 4 1796 591652250 12 1
71.613 2 SVINFO 1 3 13 7 38 17 47
71.619 2 DESIRED 0. 0. 0. 0. 0. 655. 0. 15.
71.622 2 ATTITUDE 0.039847 -1.519373 -0.025001
71.700 2 CALIBRATION 0. 0
71.704 2 NAVIGATION 2 1 0.9 0.5 0. 5.9 0 0
71.707 2 IMU_ACCEL -0.344727 -0.488281 -10.09668
71.711 2 ATTITUDE 0.039527 -1.52386 -0.025165
71.802 2 IMU_GYRO -0.031738 0.014893 -0.030762
71.808 2 DESIRED 0. 0. 0. 0. 0. 655. 0. 15.
71.811 2 ATTITUDE 0.038534 -1.52908 -0.025741
71.848 2 GPS 3 34881724 594571328 2050 610469 7 17 1796 591652500 12 2
71.851 2 SVINFO 2 7 13 7 44 40 126
71.899 2 BAT 0 153 0 0 1 213 213 0
71.902 2 WP_MOVED 4 348715.6875 5945793. 662.203003 12
71.905 2 ATTITUDE 0.037496 -1.534159 -0.025827
72.002 2 PPRZ_MODE 2 1 2 0 0 6
72.005 2 ESTIMATOR 0. 0.
72.011 2 DESIRED 0. 0. 0. 0. 0. 655. 0. 15.
72.014 2 ATTITUDE 0.037018 -1.53931 -0.025676
72.102 2 GPS 3 34881724 594571328 2050 610471 13 13 1796 591652750 12 3
72.105 2 SVINFO 3 8 13 7 41 66 121
72.108 2 ATTITUDE 0.035987 -1.544634 -0.026253
72.201 2 DESIRED 0. 0. 0. 0. 0. 655. 0. 15.
72.204 2 ATTITUDE 0.03556 -1.549583 -0.026264
72.271 2 FBW_STATUS 2 0 1 153 0
72.300 2 ENERGY 15.3 0. 0 0.
72.302 2 DL_VALUE 21 0.1
72.305 2 IMU_MAG 0. 0. 0.
72.308 2 ATTITUDE 0.035768 -1.554134 -0.026157
72.348 2 GPS 3 34881724 594571328 2050 610464 3 -4 1796 591653000 12 4
72.350 2 SVINFO 4 9 28 7 43 81 158
72.405 2 IMU_GYRO -0.025391 0.018066 -0.02124
72.409 2 WP_MOVED 5 348691. 5945758. 662.203003 12
72.415 2 DESIRED 0. 0. 0. 0. 0. 655. 0. 15.
72.418 2 ATTITUDE 0.0357 -1.559361 -0.025945
72.496 2 IMU_ACCEL -0.330078 -0.425781 -10.101562
72.498 2 ESTIMATOR 0. 0.
72.501 2 ATTITUDE 0.036214 -1.564014 -0.025502
72.541 2 DOWNLINK_STATUS 0 1808 195056 8801 496 832. 39. 44.51
72.610 2 GPS 3 34881724 594571392 2050 610444 0 -6 1796 591653250 12 5
72.612 2 SVINFO 5 11 13 7 41 30 99
72.619 2 DESIRED 0. 0. 0. 0. 0. 655. 0. 15.
72.622 2 ATTITUDE 0.036954 -1.569394 -0.025031
72.696 2 NAVIGATION 2 1 0.9 1. 0. 5.9 0 0
72.699 2 ATTITUDE 0.037062 -1.573927 -0.024799
72.801 2 DESIRED 0. 0. 0. 0. 0. 655. 0. 15.
72.804 2 ATTITUDE 0.036801 -1.578542 -0.024807
72.848 2 GPS 3 34881724 594571392 2050 610479 14 14 1796 591653500 12 6
72.850 2 SVINFO 6 15 13 7 36 21 316
72.894 2 WP_MOVED 6 348616. 5945813. 662.203003 12
72.897 2 ATTITUDE 0.034697 -1.584862 -0.02532
73.009 2 BAT 0 153 0 0 1 214 214 0
73.012 2 IMU_GYRO -0.016846 0.016846 -0.016846
73.015 2 ESTIMATOR 0. 0.
73.021 2 DESIRED 0. 0. 0. 0. 0. 655. 0. 15.
73.025 2 ATTITUDE 0.03472 -1.589545 -0.025761
73.102 2 GPS 3 34881724 594571392 2050 610459 13 8 1796 591653750 12 7
73.105 2 SVINFO 7 17 13 4 28 17 193
73.108 2 ATTITUDE 0.03648 -1.593348 -0.025113
73.201 2 GPS_SOL 206 44 145 11
73.208 2 DESIRED 0. 0. 0. 0. 0. 655. 0. 15.
73.211 2 ATTITUDE 0.036068 -1.5991 -0.025234
73.293 2 IMU_ACCEL -0.320312 -0.420898 -10.106445
73.296 2 ATTITUDE 0.03246 -1.606881 -0.025992
73.348 2 GPS 3 34881724 594571392 2050 610447 13 8 1796 591654000 12 8
73.351 2 SVINFO 8 18 12 6 32 3 352
73.402 2 STATE_FILTER_STATUS 3 0
73.406 2 WP_MOVED 7 349016. 5946013. 662.203003 12
73.412 2 DESIRED 0. 0. 0. 0. 0. 655. 0. 15.
73.415 2 ATTITUDE 0.031269 -1.612737 -0.02685
73.492 2 ESTIMATOR 0. 0.
73.495 2 ATTITUDE 0.033897 -1.617468 -0.024634
73.541 2 DOWNLINK_STATUS 0 1809 195791 8834 496 735. 33. 44.51
73.611 2 IMU_MAG 0. 0. 0.
73.614 2 IMU_GYRO -0.025391 0.029785 -0.018066
73.620 2 GPS 3 34881724 594571392 2050 610435 8 6 1796 591654250 12 9
73.622 2 SVINFO 9 19 13 7 37 29 48
73.630 2 DESIRED 0. 0. 0. 0. 0. 655. 0. 15.
73.696 2 NAVIGATION 2 1 0.9 1. 0. 6.2 0 0
73.699 2 ATTITUDE 0.035903 -1.626136 -0.021377
73.800 2 CALIBRATION 0. 0
73.802 2 DL_VALUE 22 0.
73.809 2 DESIRED 0. 0. 0. 0. 0. 655. 0. 15.
73.812 2 ATTITUDE 0.035148 -1.631528 -0.022519
73.851 2 GPS 3 34881724 594571392 2050 610419 11 5 1796 591654500 12 10
73.851 2 SVINFO 10 26 13 7 45 47 282
73.893 2 WP_MOVED 0 348858. 5945755. 662.203003 12
73.897 2 ATTITUDE 0.035224 -1.638082 -0.022761
73.999 2 ESTIMATOR 0. 0.
74.006 2 DESIRED 0. 0. 0. 0. 0. 655. 0. 15.
74.009 2 ATTITUDE 0.035631 -1.643371 -0.023409
74.108 2 BAT 0 153 0 0 1 216 216 0
74.111 2 IMU_ACCEL -0.287109 -0.473633 -10.043945
74.117 2 GPS 3 34881724 594571392 2050 610410 7 -5 1796 591654750 12 11
74.119 2 SVINFO 11 27 12 6 33 2 36
74.122 2 ATTITUDE 0.035601 -1.647685 -0.024975
74.201 2 IMU_GYRO -0.023193 0.015869 -0.033936
74.208 2 DESIRED 0. 0. 0. 0. 0. 655. 0. 15.
74.211 2 ATTITUDE 0.034535 -1.653614 -0.026062
74.271 2 FBW_STATUS 2 0 1 153 0
74.289 2 ATTITUDE 0.034043 -1.660027 -0.026694
74.348 2 GPS 3 34881724 594571392 2050 610415 3 7 1796 591655000 12 12
74.351 2 SVINFO 12 28 13 7 39 72 253
74.402 2 WP_MOVED 1 348814.5 5945713.5 662.200012 12
74.409 2 DESIRED 0. 0. 0. 0. 0. 655. 0. 15.
74.412 2 ATTITUDE 0.034255 -1.666443 -0.027502
74.492 2 ESTIMATOR 0. 0.
74.495 2 ATTITUDE 0.035087 -1.672846 -0.026308
74.541 2 DOWNLINK_STATUS 0 1810 196555 8869 496 764. 35. 44.51
74.610 2 GPS 3 34881724 594571392 2050 610391 3 11 1796 591655250 12 13
74.612 2 SVINFO 13 30 13 7 41 71 134
74.619 2 DESIRED 0. 0. 0. 0. 0. 655. 0. 15.
74.622 2 ATTITUDE 0.034234 -1.680007 -0.026059
74.700 2 ENERGY 15.3 0. 0 0.
74.704 2 NAVIGATION 2 1 0.9 1. 0. 6.2 0 0
74.707 2 ATTITUDE 0.035465 -1.68433 -0.02538
74.802 2 IMU_GYRO -0.04248 0.023193 -0.04248
74.808 2 DESIRED 0. 0. 0. 0. 0. 655. 0. 15.
74.811 2 ATTITUDE 0.034857 -1.690161 -0.025199
74.844 2 GPS 3 34881724 594571328 2050 610388 21 2 1796 591655500 12 14
74.902 2 IMU_MAG 0. 0. 0.
74.905 2 IMU_ACCEL -0.334961 -0.463867 -10.073242
74.908 2 WP_MOVED 2 348846. 5945813. 662.203003 12
74.911 2 ATTITUDE 0.034643 -1.695641 -0.02451
75.000 2 ESTIMATOR 0. 0.
75.006 2 DESIRED 0. 0. 0. 0. 0. 655. 0. 15.
75.009 2 ATTITUDE 0.033612 -1.70123 -0.026089
75.098 2 GPS 3 34881724 594571328 2050 610395 8 5 1796 591655750 12 15
75.102 2 ATTITUDE 0.03403 -1.705356 -0.026417
75.205 2 GPS_SOL 206 22 145 11
75.208 2 BAT 0 153 0 0 1 217 217 0
75.215 2 DESIRED 0. 0. 0. 0. 0. 655. 0. 15.
75.218 2 ATTITUDE 0.034361 -1.710148 -0.027472
75.290 2 DL_VALUE 23 0.05
75.293 2 ATTITUDE 0.034266 -1.715265 -0.028209
75.345 2 GPS 3 34881724 594571328 2050 610353 7 7 1796 591656000 12 16
75.375 2 PONG 
75.405 2 IMU_GYRO -0.008301 0.018066 -0.011475
75.409 2 WP_MOVED 3 348916.09375 5945784. 662.203003 12
75.415 2 DESIRED 0. 0. 0. 0. 0. 655. 0. 15.
75.418 2 ATTITUDE 0.036032 -1.719168 -0.028166
75.491 2 ESTIMATOR 0. 0.
75.494 2 ATTITUDE 0.037947 -1.722815 -0.027607
75.541 2 DOWNLINK_STATUS 0 1811 197312 8903 496 757. 34. 44.47
75.605 2 STATE_FILTER_STATUS 3 0
75.610 2 GPS 3 34881724 594571328 2050 610379 0 3 1796 591656250 12 17
75.617 2 DESIRED 0. 0. 0. 0. 0. 655. 0. 15.
75.620 2 ATTITUDE 0.039147 -1.728213 -0.025786
75.700 2 DOWNLINK 14 787 8014
75.704 2 NAVIGATION 2 1 0.9 0.5 0. 5.9 0 0
75.707 2 IMU_ACCEL -0.301758 -0.450195 -10.116211
75.711 2 ATTITUDE 0.040352 -1.733164 -0.024924
75.803 2 ALIVE |113,231,191,103,71,212,187,62,164,92,22,212,171,70,118,244|
75.810 2 DESIRED 0. 0. 0. 0. 0. 655. 0. 15.
75.813 2 ATTITUDE 0.040418 -1.738107 -0.024361
75.845 2 GPS 3 34881724 594571392 2050 610414 2 -2 1796 591656500 12 18
75.895 2 CALIBRATION 0. 0
75.898 2 WP_MOVED 4 348715.6875 5945793. 662.203003 12
75.901 2 ATTITUDE 0.040397 -1.742708 -0.024084
76.004 2 IMU_GYRO -0.023193 0.012695 -0.02002
76.007 2 ESTIMATOR 0. 0.
76.013 2 DESIRED 0. 0. 0. 0. 0. 655. 0. 15.
76.016 2 ATTITUDE 0.040645 -1.747245 -0.023942
76.073 2 ACTUATORS |1000,1500,1514,1318,1722,1500|
76.099 2 GPS 3 34881724 594571392 2050 610439 8 -5 1796 591656750 12 19
76.102 2 ATTITUDE 0.04082 -1.751765 -0.023887
76.173 2 COMMANDS |0,-297,338,0,0,0|
76.201 2 IMU_MAG 0. 0. 0.
76.208 2 DESIRED 0. 0. 0. 0. 0. 655. 0. 15.
76.211 2 ATTITUDE 0.040413 -1.756969 -0.024017
76.270 2 FBW_STATUS 2 0 1 153 0
76.294 2 BAT 0 153 0 0 1 218 218 0
76.297 2 ATTITUDE 0.039922 -1.762282 -0.024337
76.345 2 GPS 3 34881724 594571392 2050 610437 7 -12 1796 591657000 12 20
76.401 2 WP_MOVED 5 348691. 5945758. 662.203003 12
76.408 2 DESIRED 0. 0. 0. 0. 0. 655. 0. 15.
76.411 2 ATTITUDE 0.040356 -1.767088 -0.023859
76.496 2 IMU_ACCEL -0.301758 -0.511719 -10.116211
76.498 2 ESTIMATOR 0. 0.
76.501 2 ATTITUDE 0.040967 -1.77161 -0.023446
76.542 2 DOWNLINK_STATUS 0 1812 198108 8939 496 796. 36. 44.47
76.608 2 IMU_GYRO -0.027588 0.019043 -0.024414
76.613 2 GPS 3 34881724 594571392 2050 610392 4 -11 1796 591657250 12 21
76.620 2 DESIRED 0. 0. 0. 0. 0. 655. 0. 15.
76.623 2 ATTITUDE 0.041767 -1.775862 -0.023312
76.696 2 NAVIGATION 2 1 0.9 1. 0. 6.2 0 0
76.699 2 ATTITUDE 0.04205 -1.781132 -0.022873
76.798 2 DL_VALUE 24 0.
76.805 2 DESIRED 0. 0. 0. 0. 0. 655. 0. 15.
76.808 2 ATTITUDE 0.043383 -1.786598 -0.021615
76.845 2 GPS 3 34881724 594571392 2050 610372 2 -13 1796 591657500 12 22
76.895 2 PPRZ_MODE 2 1 2 0 0 6
76.898 2 WP_MOVED 6 348616. 5945813. 662.203003 12
76.901 2 ATTITUDE 0.044495 -1.79207 -0.020972
76.999 2 ESTIMATOR 0. 0.
77.006 2 DESIRED 0. 0. 0. 0. 0. 655. 0. 15.
77.009 2 ATTITUDE 0.044564 -1.797841 -0.021113
77.101 2 ENERGY 15.3 0. 0 0.
77.106 2 GPS 3 34881724 594571392 2050 610312 5 6 1796 591657750 12 23
77.110 2 ATTITUDE 0.044169 -1.803621 -0.021721
77.205 2 GPS_SOL 205 30 145 11
77.208 2 IMU_GYRO -0.023193 0.016846 -0.038086
77.214 2 DESIRED 0. 0. 0. 0. 0. 655. 0. 15.
77.218 2 ATTITUDE 0.043949 -1.809647 -0.02201
77.293 2 IMU_ACCEL -0.277344 -0.53125 -10.083008
77.296 2 ATTITUDE 0.04389 -1.815856 -0.022014
77.345 2 GPS 3 34881724 594571392 2050 610332 6 6 1796 591658000 12 24
77.407 2 BAT 0 153 0 0 1 219 219 0
77.410 2 WP_MOVED 7 349016. 5946013. 662.203003 12
77.417 2 DESIRED 0. 0. 0. 0. 0. 655. 0. 15.
77.420 2 ATTITUDE 0.043271 -1.822415 -0.022204
77.496 2 IMU_MAG 0. 0. 0.
77.499 2 ESTIMATOR 0. 0.
77.502 2 ATTITUDE 0.042559 -1.829234 -0.02218
77.542 2 DOWNLINK_STATUS 0 1813 198857 8972 496 749. 33. 44.47
77.607 2 GPS 3 34881724 594571392 2050 610322 10 -5 1796 591658250 12 25
77.614 2 DESIRED 0. 0. 0. 0. 0. 655. 0. 15.
77.617 2 ATTITUDE 0.042719 -1.835991 -0.021948
77.696 2 NAVIGATION 2 1 0.9 1. 0. 6.2 0 0
77.699 2 ATTITUDE 0.043576 -1.841166 -0.021482
77.801 2 STATE_FILTER_STATUS 3 0
77.804 2 IMU_GYRO -0.026367 0.013672 -0.027588
77.812 2 DESIRED 0. 0. 0. 0. 0. 655. 0. 15.
77.814 2 ATTITUDE 0.043711 -1.84638 -0.021537
77.844 2 GPS 3 34881724 594571392 2050 610324 5 0 1796 591658500 12 26
77.893 2 WP_MOVED 0 348858. 5945755. 662.203003 12
77.896 2 ATTITUDE 0.043834 -1.85217 -0.021262
78.001 2 CALIBRATION 0. 0
78.003 2 ESTIMATOR 0. 0.
78.011 2 DESIRED 0. 0. 0. 0. 0. 655. 0. 15.
78.013 2 ATTITUDE 0.044563 -1.857504 -0.020721
78.100 2 IMU_ACCEL -0.229492 -0.526367 -10.086914
78.105 2 GPS 3 34881724 594571392 2050 610313 4 -9 1796 591658750 12 27
78.109 2 ATTITUDE 0.044937 -1.86323 -0.020305
78.200 2 DESIRED 0. 0. 0. 0. 0. 655. 0. 15.
78.204 2 ATTITUDE 0.045958 -1.867971 -0.01992
78.271 2 FBW_STATUS 2 0 1 153 0
78.290 2 DL_VALUE 25 1.000074
78.293 2 ATTITUDE 0.046617 -1.872439 -0.019845
78.348 2 GPS 3 34881724 594571392 2050 610306 6 2 1796 591659000 12 28
78.350 2 SVINFO 0 1 13 7 37 12 116
78.405 2 IMU_GYRO -0.02124 0.013672 -0.028564
78.409 2 WP_MOVED 1 348814.5 5945713.5 662.200012 12
78.415 2 DESIRED 0. 0. 0. 0. 0. 655. 0. 15.
78.418 2 ATTITUDE 0.046708 -1.878237 -0.019752
78.497 2 BAT 0 153 0 0 1 220 220 0
78.499 2 ESTIMATOR 0. 0.
78.503 2 ATTITUDE 0.046798 -1.884273 -0.019089
78.542 2 DOWNLINK_STATUS 0 1814 199588 9005 496 731. 33. 44.47
78.610 2 GPS 3 34881724 594571392 2050 610285 1 2 1796 591659250 12 1
78.612 2 SVINFO 1 3 13 7 34 17 47
78.619 2 DESIRED 0. 0. 0. 0. 0. 655. 0. 15.
78.622 2 ATTITUDE 0.045694 -1.891508 -0.019418
78.696 2 NAVIGATION 2 1 0.9 1. 0. 6.2 0 0
78.699 2 ATTITUDE 0.045191 -1.896928 -0.019966
78.801 2 IMU_MAG 0. 0. 0.
78.808 2 DESIRED 0. 0. 0. 0. 0. 655. 0. 15.
78.811 2 ATTITUDE 0.044736 -1.901928 -0.019997
78.848 2 GPS 3 34881724 594571392 2050 610260 7 -5 1796 591659500 12 2
78.850 2 SVINFO 2 7 13 7 41 40 126
78.897 2 IMU_ACCEL -0.234375 -0.458984 -10.048828
78.901 2 WP_MOVED 2 348846. 5945813. 662.203003 12
78.904 2 ATTITUDE 0.043139 -1.9072 -0.020836
79.004 2 IMU_GYRO -0.019043 0.019043 -0.02124
79.007 2 ESTIMATOR 0. 0.
79.013 2 DESIRED 0. 0. 0. 0. 0. 655. 0. 15.
79.016 2 ATTITUDE 0.042902 -1.912364 -0.02096
79.102 2 GPS 3 34881724 594571392 2050 610268 15 4 1796 591659750 12 3
79.103 2 SVINFO 3 8 13 7 41 66 121
79.107 2 ATTITUDE 0.042965 -1.91766 -0.020455
79.200 2 GPS_SOL 207 40 145 11
79.207 2 DESIRED 0. 0. 0. 0. 0. 655. 0. 15.
79.209 2 ATTITUDE 0.04244 -1.924925 -0.02019
79.288 2 ATTITUDE 0.041953 -1.931939 -0.019386
79.347 2 GPS 3 34881724 594571392 2050 610243 15 4 1796 591660000 12 4
79.350 2 SVINFO 4 9 28 7 42 81 158
79.401 2 WP_MOVED 3 348916.09375 5945784. 662.203003 12
79.408 2 DESIRED 0. 0. 0. 0. 0. 655. 0. 15.
79.411 2 ATTITUDE 0.041935 -1.937977 -0.017728
79.496 2 ENERGY 15.3 0. 0 0.
79.499 2 ESTIMATOR 0. 0.
79.502 2 ATTITUDE 0.042558 -1.94186 -0.016761
79.543 2 DOWNLINK_STATUS 0 1815 200331 9038 496 743. 33. 44.47
79.612 2 BAT 0 153 0 0 1 221 221 0
79.615 2 IMU_GYRO 0.016846 0.055176 0.006348
79.621 2 GPS 3 34881724 594571392 2050 610198 5 -4 1796 591660250 12 5
79.623 2 SVINFO 5 11 13 7 41 30 99
79.630 2 DESIRED 0. 0. 0. 0. 0. 655. 0. 15.
79.700 2 NAVIGATION 2 1 0.9 1. 0. 6.2 0 0
79.703 2 IMU_ACCEL -0.191406 -0.554688 -10.058594
79.706 2 ATTITUDE 0.04771 -1.946294 -0.013868
79.798 2 DL_VALUE 26 0.298451
79.805 2 DESIRED 0. 0. 0. 0. 0. 655. 0. 15.
79.808 2 ATTITUDE 0.045992 -1.951347 -0.01569
79.848 2 GPS 3 34881724 594571392 2050 610242 7 5 1796 591660500 12 6
79.850 2 SVINFO 6 15 13 7 35 21 316
79.894 2 WP_MOVED 4 348715.6875 5945793. 662.203003 12
79.897 2 ATTITUDE 0.044974 -1.957811 -0.015462
80.000 2 STATE_FILTER_STATUS 3 0
80.003 2 ESTIMATOR 0. 0.
80.010 2 DESIRED 0. 0. 0. 0. 0. 655. 0. 15.
80.013 2 ATTITUDE 0.046862 -1.961355 -0.013914
80.109 2 NAVIGATION_REF 348816 5945713 12 607.203003
80.111 2 CALIBRATION 0. 0
80.115 2 IMU_MAG 0. 0. 0.
80.120 2 GPS 3 34881724 594571392 2050 610296 10 14 1796 591660750 12 7
80.123 2 SVINFO 7 17 13 4 30 17 193
80.126 2 ATTITUDE 0.047328 -1.965575 -0.01389
80.201 2 IMU_GYRO -0.033936 -0.000977 -0.032959
80.208 2 DESIRED 0. 0. 0. 0. 0. 655. 0. 15.
80.211 2 ATTITUDE 0.046288 -1.970505 -0.014575
80.271 2 FBW_STATUS 2 0 1 153 0
80.289 2 ATTITUDE 0.045772 -1.975611 -0.015653
80.348 2 GPS 3 34881724 594571392 2050 610280 3 6 1796 591661000 12 8
80.350 2 SVINFO 8 18 12 6 35 3 352
80.377 2 PONG 
80.402 2 WP_MOVED 5 348691. 5945758. 662.203003 12
80.408 2 DESIRED 0. 0. 0. 0. 0. 655. 0. 15.
80.409 2 WIND_INFO 2 42 0. 0. 0.
80.412 2 ATTITUDE 0.045548 -1.980598 -0.016084
80.496 2 IMU_ACCEL -0.186523 -0.536133 -10.091797
80.499 2 ESTIMATOR 0. 0.
80.502 2 ATTITUDE 0.044633 -1.986328 -0.016381
80.543 2 DOWNLINK_STATUS 0 1816 201147 9077 496 816. 39. 46.57
80.609 2 GPS 3 34881724 594571392 2050 610292 7 7 1796 591661250 12 9
80.612 2 SVINFO 9 19 13 7 40 29 48
80.619 2 DESIRED 0. 0. 0. 0. 0. 655. 0. 15.
80.621 2 ATTITUDE 0.044904 -1.991014 -0.016014
80.699 2 BAT 0 153 0 0 1 222 222 0
80.703 2 NAVIGATION 2 1 0.9 1. 0. 6.2 0 0
80.707 2 ATTITUDE 0.045209 -1.995743 -0.015874
80.802 2 DOWNLINK 15 765 8191
80.805 2 IMU_GYRO 0.029785 0.032959 0.023193
80.811 2 DESIRED 0. 0. 0. 0. 0. 655. 0. 15.
80.815 2 ATTITUDE 0.046498 -1.999569 -0.016066
80.847 2 GPS 3 34881724 594571392 2050 610315 3 7 1796 591661500 12 10
80.850 2 SVINFO 10 26 13 7 46 47 282
80.899 2 ALIVE |113,231,191,103,71,212,187,62,164,92,22,212,171,70,118,244|
80.902 2 WP_MOVED 6 348616. 5945813. 662.203003 12
80.905 2 ATTITUDE 0.054842 -1.997955 -0.013624
80.999 2 ESTIMATOR 0. 0.
81.006 2 DESIRED 0. 0.01 0. 0. 0. 655. 0. 15.
81.009 2 ATTITUDE 0.055318 -2.003069 -0.013243
81.073 2 ACTUATORS |1000,1500,1518,1320,1724,1500|
81.101 2 GPS 3 34881724 594571392 2050 610306 10 8 1796 591661750 12 11
81.104 2 SVINFO 11 27 12 5 34 2 36
81.107 2 ATTITUDE 0.052523 -2.010399 -0.013864
81.172 2 COMMANDS |0,-416,229,0,0,0|
81.200 2 GPS_SOL 205 41 145 11
81.207 2 DESIRED 0. 0.01 0. 0. 0. 655. 0. 15.
81.210 2 ATTITUDE 0.053529 -2.014248 -0.01349
81.294 2 DL_VALUE 27 1.
81.297 2 IMU_ACCEL -0.157227 -0.626953 -10.111328
81.300 2 ATTITUDE 0.054184 -2.017991 -0.013646
81.348 2 GPS 3 34881724 594571392 2050 610334 9 4 1796 591662000 12 12
81.350 2 SVINFO 12 28 13 7 43 72 253
81.409 2 IMU_MAG 0. 0. 0.
81.412 2 IMU_GYRO 0.00415 0.040283 -0.024414
81.416 2 WP_MOVED 7 349016. 5946013. 662.203003 12
81.422 2 DESIRED 0. 0.01 0. 0. 0. 655. 0. 15.
81.425 2 ATTITUDE 0.054203 -2.023807 -0.013264
81.491 2 ESTIMATOR 0. 0.
81.494 2 ATTITUDE 0.058323 -2.027418 -0.009981
81.543 2 DOWNLINK_STATUS 0 1817 201992 9116 496 845. 39. 46.57
81.610 2 GPS 3 34881724 594571392 2050 610311 4 0 1796 591662250 12 13
81.612 2 SVINFO 13 30 13 7 43 71 134
81.619 2 DESIRED 0. 0.01 0. 0. 0. 655. 0. 15.
81.622 2 ATTITUDE 0.060866 -2.031402 -0.007807
81.696 2 NAVIGATION 2 1 0.9 1. 0. 6.2 0 0
81.699 2 ATTITUDE 0.0626 -2.035457 -0.006783
81.802 2 PPRZ_MODE 2 1 2 0 0 6
81.806 2 BAT 0 153 0 0 1 223 223 0
81.814 2 DESIRED 0. 0.01 0. 0. 0. 655. 0. 15.
81.816 2 ATTITUDE 0.061375 -2.041215 -0.008034
81.845 2 GPS 3 34881724 594571392 2050 610302 9 8 1796 591662500 12 14
81.897 2 ENERGY 15.3 0. 0 0.
81.901 2 WP_MOVED 0 348858. 5945755. 662.203003 12
81.904 2 ATTITUDE 0.058885 -2.047766 -0.009237
82.003 2 IMU_GYRO -0.038086 0.009521 -0.029785
82.006 2 ESTIMATOR 0. 0.
82.013 2 DESIRED 0. 0.01 0. 0. 0. 655. 0. 15.
82.015 2 ATTITUDE 0.058851 -2.052026 -0.00896
82.099 2 IMU_ACCEL -0.133789 -0.694336 -10.058594
82.105 2 GPS 3 34881724 594571392 2050 610345 14 15 1796 591662750 12 15
82.108 2 ATTITUDE 0.059782 -2.056345 -0.008985
82.199 2 STATE_FILTER_STATUS 3 0
82.201 2 CALIBRATION 0. 0
82.208 2 DESIRED 0. 0.01 0. 0. 0. 655. 0. 15.
82.211 2 ATTITUDE 0.062918 -2.0595 -0.008436
82.270 2 FBW_STATUS 2 0 1 153 0
82.288 2 ATTITUDE 0.062045 -2.065547 -0.009169
82.344 2 GPS 3 34881724 594571392 2050 610339 2 9 1796 591663000 12 16
82.401 2 WP_MOVED 1 348814.5 5945713.5 662.200012 12
82.408 2 DESIRED 0. 0.01 0. 0. 0. 655. 0. 15.
82.411 2 ATTITUDE 0.062425 -2.070207 -0.009037
82.491 2 ESTIMATOR 0. 0.
82.494 2 ATTITUDE 0.061447 -2.076079 -0.009232
82.544 2 DOWNLINK_STATUS 0 1818 202726 9149 496 734. 33. 46.57
82.608 2 IMU_GYRO 0.008301 0.027588 -0.003174
82.613 2 GPS 3 34881724 594571392 2050 610345 4 16 1796 591663250 12 17
82.620 2 DESIRED 0. 0.01 0. 0. 0. 655. 0. 15.
82.623 2 ATTITUDE 0.061417 -2.081202 -0.009124
82.698 2 IMU_MAG 0. 0. 0.
82.703 2 NAVIGATION 2 1 0.9 1. 0. 6.2 0 0
82.706 2 ATTITUDE 0.064987 -2.083852 -0.007894
82.798 2 DL_VALUE 28 0.
82.805 2 DESIRED 0. 0.01 0. 0. 0. 655. 0. 15.
82.808 2 ATTITUDE 0.063805 -2.090008 -0.008078
82.845 2 GPS 3 34881724 594571392 2050 610376 7 6 1796 591663500 12 18
82.902 2 BAT 0 153 0 0 1 224 224 0
82.905 2 IMU_ACCEL -0.124023 -0.699219 -10.063477
82.909 2 WP_MOVED 2 348846. 5945813. 662.203003 12
82.912 2 ATTITUDE 0.06049 -2.097542 -0.009565
82.999 2 ESTIMATOR 0. 0.
83.006 2 DESIRED 0. 0.01 0. 0. 0. 655. 0. 15.
83.009 2 ATTITUDE 0.060816 -2.101476 -0.009405
83.099 2 GPS 3 34881724 594571392 2050 610340 3 6 1796 591663750 12 19
83.102 2 ATTITUDE 0.062309 -2.10478 -0.009424
83.204 2 GPS_SOL 203 39 145 11
83.206 2 IMU_GYRO -0.014893 0.030762 -0.02124
83.214 2 DESIRED 0. 0.01 0. 0. 0. 655. 0. 15.
83.216 2 ATTITUDE 0.061847 -2.109705 -0.009478
83.288 2 ATTITUDE 0.062701 -2.114737 -0.008428
83.345 2 GPS 3 34881724 594571392 2050 610318 10 8 1796 591664000 12 20
83.402 2 WP_MOVED 3 348916.09375 5945784. 662.203003 12
83.409 2 DESIRED 0. 0.01 0. 0. 0. 655. 0. 15.
83.411 2 ATTITUDE 0.062216 -2.120894 -0.008039
83.491 2 ESTIMATOR 0. 0.
83.494 2 ATTITUDE 0.063045 -2.124076 -0.007871
83.545 2 DOWNLINK_STATUS 0 1819 203443 9180 496 717. 31. 46.57
83.606 2 GPS 3 34881724 594571392 2050 610287 9 4 1796 591664250 12 21
83.613 2 DESIRED 0. 0.01 0. 0. 0. 655. 0. 15.
83.616 2 ATTITUDE 0.062876 -2.128041 -0.009389
83.699 2 NAVIGATION 2 1 0.9 1. 0. 6.2 0 0
83.702 2 IMU_ACCEL -0.157227 -0.669922 -10.053711
83.705 2 ATTITUDE 0.063196 -2.132916 -0.00961
83.800 2 IMU_GYRO -0.049805 -0.006348 -0.04248
83.807 2 DESIRED 0. 0.01 0. 0. 0. 655. 0. 15.
83.810 2 ATTITUDE 0.060954 -2.140292 -0.009936
83.844 2 GPS 3 34881724 594571392 2050 610313 6 3 1796 591664500 12 22
83.893 2 WP_MOVED 4 348715.6875 5945793. 662.203003 12
83.896 2 ATTITUDE 0.061514 -2.14521 -0.010218
84.008 2 IMU_MAG 0. 0. 0.
84.012 2 BAT 0 153 0 0 1 225 225 0
84.014 2 ESTIMATOR 0. 0.
84.021 2 DESIRED 0. 0.01 0. 0. 0. 655. 0. 15.
84.024 2 ATTITUDE 0.058898 -2.152286 -0.011807
84.098 2 GPS 3 34881724 594571392 2050 610277 5 9 1796 591664750 12 23
84.102 2 ATTITUDE 0.059514 -2.155432 -0.012963
84.200 2 DESIRED 0. 0.01 0. 0. 0. 655. 0. 15.
84.203 2 ATTITUDE 0.056998 -2.161302 -0.01523
84.271 2 FBW_STATUS 2 0 1 153 0
84.298 2 ENERGY 15.3 0. 0 0.
84.300 2 CALIBRATION 0. 0
84.302 2 DL_VALUE 29 100.
84.305 2 ATTITUDE 0.057419 -2.16655 -0.014447
84.345 2 GPS 3 34881724 594571392 2050 610257 14 8 1796 591665000 12 24
84.406 2 STATE_FILTER_STATUS 3 0
84.409 2 IMU_GYRO -0.048828 0.015869 -0.052002
84.412 2 WP_MOVED 5 348691. 5945758. 662.203003 12
84.419 2 DESIRED 0. 0.01 0. 0. 0. 655. 0. 15.
84.422 2 ATTITUDE 0.055685 -2.173601 -0.015834
84.496 2 IMU_ACCEL -0.148438 -0.636719 -10.083008
84.498 2 ESTIMATOR 0. 0.
84.501 2 ATTITUDE 0.052852 -2.181998 -0.015442
84.545 2 DOWNLINK_STATUS 0 1820 204216 9215 496 773. 35. 46.57
84.607 2 GPS 3 34881724 594571392 2050 610261 6 10 1796 591665250 12 25
84.613 2 DESIRED 0. 0.01 0. 0. 0. 655. 0. 15.
84.616 2 ATTITUDE 0.05384 -2.186329 -0.014705
84.696 2 NAVIGATION 2 1 0.9 1. 0. 6.2 0 0
84.699 2 ATTITUDE 0.060829 -2.185696 -0.013766
84.801 2 DESIRED 0. 0.01 0. 0. 0. 655. 0. 15.
84.803 2 ATTITUDE 0.059171 -2.191069 -0.015021
84.845 2 GPS 3 34881724 594571392 2050 610277 4 10 1796 591665500 12 26
84.893 2 WP_MOVED 6 348616. 5945813. 662.203003 12
84.896 2 ATTITUDE 0.057835 -2.198544 -0.015249
85.003 2 IMU_GYRO -0.044678 -0.001953 -0.011475
85.006 2 ESTIMATOR 0. 0.
85.012 2 DESIRED 0. 0.01 0. 0. 0. 655. 0. 15.
85.016 2 ATTITUDE 0.064638 -2.198972 -0.014595
85.100 2 BAT 0 153 0 0 1 227 227 0
85.106 2 GPS 3 34881724 594571392 2050 610277 2 10 1796 591665750 12 27
85.109 2 ATTITUDE 0.061028 -2.205292 -0.01649
85.200 2 GPS_SOL 205 34 146 11
85.207 2 DESIRED 0. 0.01 0. 0. 0. 655. 0. 15.
85.210 2 ATTITUDE 0.062538 -2.209023 -0.017785
85.296 2 IMU_MAG 0. 0. 0.
85.299 2 IMU_ACCEL -0.244141 -0.704102 -10.010742
85.302 2 ATTITUDE 0.065715 -2.211735 -0.020035
85.347 2 GPS 3 34881724 594571392 2050 610296 2 10 1796 591666000 12 28
85.350 2 SVINFO 0 1 13 6 38 12 116
85.377 2 PONG 
85.401 2 WP_MOVED 7 349016. 5946013. 662.203003 12
85.408 2 DESIRED 0. 0.01 0. 0. 0. 655. 0. 15.
85.411 2 ATTITUDE 0.066377 -2.216715 -0.020419
85.491 2 ESTIMATOR 0. 0.
85.494 2 ATTITUDE 0.07088 -2.21926 -0.019554
85.546 2 DOWNLINK_STATUS 0 1821 204924 9246 496 708. 31. 45.85
85.611 2 IMU_GYRO -0.061523 0.011475 -0.074463
85.616 2 GPS 3 34881724 594571392 2050 610261 6 18 1796 591666250 12 1
85.619 2 SVINFO 1 3 13 7 36 17 47
85.625 2 DESIRED 0. 0.01 0. 0. 0. 655. 0. 15.
85.629 2 ATTITUDE 0.069826 -2.226264 -0.019569
85.696 2 NAVIGATION 2 1 0.9 1. 0. 6.2 0 0
85.699 2 ATTITUDE 0.067711 -2.234598 -0.018753
85.798 2 DL_VALUE 30 0.
85.805 2 DESIRED 0. 0.01 0. 0. 0. 655. 0. 15.
85.808 2 ATTITUDE 0.064499 -2.242994 -0.018952
85.848 2 GPS 3 34881724 594571392 2050 610240 7 -2 1796 591666500 12 2
85.849 2 SVINFO 2 7 13 7 43 40 126
85.894 2 DOWNLINK 15 762 8365
85.898 2 WP_MOVED 0 348858. 5945755. 662.203003 12
85.901 2 ATTITUDE 0.065944 -2.247217 -0.017247
86.006 2 ALIVE |113,231,191,103,71,212,187,62,164,92,22,212,171,70,118,244|
86.008 2 ESTIMATOR 0. 0.
86.015 2 DESIRED 0. 0.01 0. 0. 0. 655. 0. 15.
86.018 2 ATTITUDE 0.068612 -2.250008 -0.017153
86.073 2 ACTUATORS |1000,1500,1516,1329,1732,1500|
86.102 2 IMU_ACCEL -0.166992 -0.780273 -10.09668
86.108 2 GPS 3 34881636 594571392 2050 610187 8 2 1796 591666750 12 3
86.110 2 SVINFO 3 8 13 7 42 66 121
86.114 2 ATTITUDE 0.071188 -2.253955 -0.01663
86.171 2 COMMANDS |0,-526,287,0,0,0|
86.205 2 BAT 0 153 0 0 1 228 228 0
86.208 2 IMU_GYRO -0.026367 0.019043 -0.031738
86.216 2 DESIRED 0. 0.01 0. 0. 0. 655. 0. 15.
86.218 2 ATTITUDE 0.07092 -2.260492 -0.016577
86.270 2 FBW_STATUS 2 0 1 153 0
86.288 2 ATTITUDE 0.070255 -2.266577 -0.016463
86.350 2 GPS 3 34881636 594571392 2050 610154 5 -2 1796 591667000 12 4
86.351 2 SVINFO 4 9 28 7 41 81 158
86.401 2 CALIBRATION 0. 0
86.405 2 WP_MOVED 1 348814.5 5945713.5 662.200012 12
86.411 2 DESIRED 0. 0.01 0. 0. 0. 655. 0. 15.
86.415 2 ATTITUDE 0.072006 -2.270867 -0.015034
86.491 2 ESTIMATOR 0. 0.
86.494 2 ATTITUDE 0.072126 -2.276965 -0.014526
86.547 2 DOWNLINK_STATUS 0 1822 205760 9285 496 836. 39. 45.85
86.607 2 STATE_FILTER_STATUS 3 0
86.610 2 IMU_MAG 0. 0. 0.
86.616 2 GPS 3 34881636 594571392 2050 610166 2 3 1796 591667250 12 5
86.618 2 SVINFO 5 11 13 7 40 30 99
86.625 2 DESIRED 0. 0.01 0. 0. 0. 655. 0. 15.
86.700 2 PPRZ_MODE 2 1 2 0 0 6
86.703 2 ENERGY 15.3 0. 0 0.
86.708 2 NAVIGATION 2 1 0.1 1. 0. 2.7 0 0
86.711 2 ATTITUDE 0.079529 -2.283864 -0.010656
86.800 2 IMU_GYRO -0.027588 0.02002 -0.030762
86.807 2 DESIRED 0. 0.01 0. 0. 0. 655. 0. 15.
86.810 2 ATTITUDE 0.079999 -2.289894 -0.009669
86.848 2 GPS 3 34881636 594571392 2050 610148 22 10 1796 591667500 12 6
86.850 2 SVINFO 6 15 13 7 35 21 316
86.897 2 IMU_ACCEL -0.128906 -0.890625 -10.030273
86.900 2 WP_MOVED 2 348846. 5945813. 662.203003 12
86.903 2 ATTITUDE 0.08114 -2.29492 -0.009155
86.999 2 ESTIMATOR 0. 0.
87.006 2 DESIRED 0. 0.01 0. 0. 0. 655. 0. 15.
87.009 2 ATTITUDE 0.081287 -2.300423 -0.008973
87.101 2 GPS 3 34881636 594571392 2050 610145 5 12 1796 591667750 12 7
87.103 2 SVINFO 7 17 13 4 30 17 193
87.107 2 ATTITUDE 0.083405 -2.305058 -0.007778
87.200 2 GPS_SOL 207 40 146 11
87.207 2 DESIRED 0. 0.01 0. 0. 0. 655. 0. 15.
87.210 2 ATTITUDE 0.081789 -2.311087 -0.007607
87.294 2 DL_VALUE 31 2.
87.298 2 BAT 0 153 0 0 1 229 229 0
87.301 2 ATTITUDE 0.082403 -2.315817 -0.006868
87.348 2 GPS 3 34881636 594571392 2050 610132 9 6 1796 591668000 12 8
87.349 2 SVINFO 8 18 12 4 30 3 352
87.405 2 IMU_GYRO 0.067871 0.060547 0.037109
87.408 2 WP_MOVED 3 348916.09375 5945784. 662.203003 12
87.415 2 DESIRED 0. 0.01 0. 0. 0. 655. 0. 15.
87.418 2 ATTITUDE 0.09128 -2.314633 -0.003087
87.490 2 ESTIMATOR 0. 0.
87.494 2 ATTITUDE 0.098217 -2.315145 -0.000937
87.547 2 DOWNLINK_STATUS 0 1823 206556 9322 496 796. 37. 45.85
87.610 2 GPS 3 34881636 594571392 2050 610108 12 17 1796 591668250 12 9
87.611 2 SVINFO 9 19 13 7 37 28 48
87.619 2 DESIRED 0. 0.01 0. 0. 0. 655. 0. 15.
87.621 2 ATTITUDE 0.097048 -2.321003 -0.001107
87.700 2 NAVIGATION 2 1 0.1 1. 0. 2.7 0 0
87.702 2 IMU_ACCEL -0.018555 -0.981445 -10.025391
87.705 2 ATTITUDE 0.094606 -2.327254 -0.002198
87.801 2 DESIRED 0. 0.01 0. 0. 0. 655. 0. 15.
87.803 2 ATTITUDE 0.093566 -2.333104 -0.002683
87.847 2 GPS 3 34881636 594571392 2050 610065 9 -1 1796 591668500 12 10
87.849 2 SVINFO 10 26 13 7 46 47 281
87.896 2 IMU_MAG 0. 0. 0.
87.900 2 WP_MOVED 4 348715.6875 5945793. 662.203003 12
87.903 2 ATTITUDE 0.091187 -2.339114 -0.003332
88.003 2 IMU_GYRO -0.028564 0.00415 -0.007324
88.005 2 ESTIMATOR 0. 0.
88.012 2 DESIRED 0. 0.01 0. 0. 0. 655. 0. 15.
88.015 2 ATTITUDE 0.088215 -2.345 -0.004097
88.101 2 GPS 3 34881636 594571392 2050 610006 8 -7 1796 591668750 12 11
88.103 2 SVINFO 11 27 12 6 35 2 36
88.106 2 ATTITUDE 0.089708 -2.347045 -0.004601
88.200 2 DESIRED 0. 0.01 0. 0. 0. 655. 0. 15.
88.203 2 ATTITUDE 0.094554 -2.348871 -0.003359
88.270 2 FBW_STATUS 2 0 1 153 0
88.288 2 ATTITUDE 0.095937 -2.353652 -0.002171
88.349 2 GPS 3 34881636 594571392 2050 609978 15 2 1796 591669000 12 12
88.350 2 SVINFO 12 28 13 7 41 72 253
88.406 2 BAT 0 153 0 0 1 230 230 0
88.409 2 WP_MOVED 5 348691. 5945758. 662.203003 12
88.416 2 DESIRED 0. 0.01 0. 0. 0. 655. 0. 15.
88.419 2 ATTITUDE 0.094044 -2.361152 -0.002605
88.496 2 CALIBRATION 0. 0
88.500 2 IMU_ACCEL -0.042969 -1.005859 -10.010742
88.502 2 ESTIMATOR 0. 0.
88.505 2 ATTITUDE 0.094941 -2.365071 -0.002263
88.548 2 DOWNLINK_STATUS 0 1824 207327 9357 496 771. 35. 45.85
88.611 2 IMU_GYRO 0.014893 0.02124 -0.003174
88.616 2 GPS 3 34881636 594571392 2050 609954 9 4 1796 591669250 12 13
88.619 2 SVINFO 13 30 13 7 41 71 134
88.625 2 DESIRED 0. 0.01 0. 0. 0. 655. 0. 15.
88.628 2 ATTITUDE 0.097849 -2.367566 -0.001819
88.696 2 NAVIGATION 2 1 0.1 1. 0. 2.7 0 0
88.699 2 ATTITUDE 0.100201 -2.371531 -0.001222
88.799 2 STATE_FILTER_STATUS 3 0
88.800 2 DL_VALUE 32 0.
88.808 2 DESIRED 0. 0.01 0. 0. 0. 655. 0. 15.
88.811 2 ATTITUDE 0.102739 -2.376346 0.00127
88.848 2 GPS 3 34881636 594571392 2050 609908 3 7 1796 591669500 12 14
88.894 2 WP_MOVED 6 348616. 5945813. 662.203003 12
88.896 2 ATTITUDE 0.104832 -2.380979 0.002562
88.999 2 ESTIMATOR 0. 0.
89.006 2 DESIRED 0. 0.01 0. 0. 0. 655. 0. 15.
89.009 2 ATTITUDE 0.107076 -2.38408 0.002552
89.103 2 NAVIGATION_REF 348816 5945713 12 607.203003
89.107 2 ENERGY 15.3 0. 0 0.
89.114 2 GPS 3 34881636 594571392 2050 609909 12 20 1796 591669750 12 15
89.117 2 ATTITUDE 0.107404 -2.388255 0.002283
89.207 2 GPS_SOL 208 40 146 11
89.210 2 IMU_MAG 0. 0. 0.
89.213 2 IMU_GYRO -0.015869 0.013672 -0.02002
89.220 2 DESIRED 0. 0.01 0. 0. 0. 655. 0. 15.
89.223 2 ATTITUDE 0.108234 -2.392242 0.002629
89.292 2 IMU_ACCEL -0.008789 -1.202148 -9.958008
89.295 2 ATTITUDE 0.109703 -2.396252 0.003579
89.351 2 GPS 3 34881636 594571392 2050 609927 9 3 1796 591670000 12 16
89.401 2 WP_MOVED 7 349016. 5946013. 662.203003 12
89.407 2 DESIRED 0. 0.01 0. 0. 0. 655. 0. 15.
89.411 2 ATTITUDE 0.111973 -2.401384 0.004665
89.496 2 BAT 0 153 0 0 1 231 231 0
89.498 2 ESTIMATOR 0. 0.
89.502 2 ATTITUDE 0.113525 -2.406153 0.006413
89.549 2 DOWNLINK_STATUS 0 1825 208106 9392 496 779. 35. 45.85
89.606 2 GPS 3 34881636 594571392 2050 609911 4 11 1796 591670250 12 17
89.613 2 DESIRED 0. 0.01 0. 0. 0. 655. 0. 15.
89.616 2 ATTITUDE 0.113292 -2.411573 0.007628
89.695 2 NAVIGATION 2 1 0.1 1. 0. 2.7 0 0
89.698 2 ATTITUDE 0.112682 -2.41677 0.007695
89.800 2 IMU_GYRO -0.05957 0. -0.012695
89.807 2 DESIRED 0. 0.01 0. 0. 0. 655. 0. 15.
89.810 2 ATTITUDE 0.111364 -2.420539 0.007093
89.849 2 GPS 3 34881636 594571392 2050 609911 9 14 1796 591670500 12 18
89.893 2 WP_MOVED 0 348858. 5945755. 662.203003 12
89.896 2 ATTITUDE 0.107233 -2.42568 0.005659
89.999 2 ESTIMATOR 0. 0.
90.006 2 DESIRED 0. 0.01 0. 0. 0. 655. 0. 15.
90.009 2 ATTITUDE 0.100257 -2.432932 0.003364
