5.542 2 GPS 0 1130805120 0 0 -17000 0 0 0 38250 12 15
5.545 2 SVINFO 15 32 16 1 0 -91 0
5.734 2 WP_MOVED 1 348865. 5945715. 660. 12
5.792 2 GPS 0 1130805120 0 0 -17000 0 0 0 38500 12 16
5.795 2 SVINFO 0 1 0 1 0 -91 0
5.816 2 FBW_STATUS 2 0 1 37 0
5.834 2 DL_VALUE 10 0.
5.836 2 ESTIMATOR 0. 0.
5.877 2 DOWNLINK_STATUS 0 6 2701 133 0 475. 26. 37.88
5.891 2 DESIRED 0. 0.01 0. 0. 0. 655. 0. 15.
5.934 2 ATTITUDE -0.06029 -1.617322 -0.050083
6.043 2 GPS 0 1130805120 0 0 -17000 0 0 0 38750 12 1
6.045 2 SVINFO 1 9 16 1 0 -91 0
6.235 2 WP_MOVED 2 348895. 5945815. 660. 12
6.293 2 GPS 0 1130805120 0 0 -17000 0 0 0 39000 12 2
6.295 2 SVINFO 2 11 16 1 0 -91 0
6.332 2 ESTIMATOR 0. 0.
6.443 2 IMU_GYRO -0.029785 0.022217 -0.049805
6.448 2 NAVIGATION 0 1 10959186. -5945715. 0. 1.55455284314e+14 0 0
6.450 2 ATTITUDE -0.060509 -1.617321 -0.050045
6.544 2 BAT 0 38 0 0 1 16 0 0
6.550 2 GPS 0 1130805120 0 0 -17000 0 0 0 39250 12 3
6.553 2 SVINFO 3 12 16 2 20 -91 0
6.737 2 GPS_SOL 649554432 100000 9999 0
6.741 2 WP_MOVED 3 348965.09375 5945786. 660. 12
6.792 2 GPS 0 1130805120 0 0 -17000 0 0 0 39500 12 4
6.794 2 SVINFO 4 13 16 1 0 -91 0
6.832 2 ESTIMATOR 0. 0.
6.878 2 DOWNLINK_STATUS 0 7 3113 152 0 412. 19. 37.88
6.945 2 DESIRED 0. 0.01 0. 0. 0. 655. 0. 15.
6.948 2 ATTITUDE -0.060595 -1.617411 -0.049963
7.042 2 GPS 0 1130805120 0 0 -17000 0 0 0 39750 12 5
7.045 2 SVINFO 5 14 16 1 0 -91 0
7.234 2 WP_MOVED 4 348764.6875 5945795. 660. 12
7.292 2 GPS 0 1130805120 0 0 -17000 0 0 0 40000 12 6
7.295 2 SVINFO 6 15 16 1 0 -91 0
7.336 2 CALIBRATION 0. 0
7.338 2 DL_VALUE 11 0.
7.341 2 ESTIMATOR 0. 0.
7.441 2 NAVIGATION 0 1 10959186. -5945715. 0. 1.55455284314e+14 0 0
7.444 2 ATTITUDE -0.060682 -1.617411 -0.049966
7.544 2 IMU_GYRO -0.029785 0.022217 -0.049805
7.550 2 GPS 0 1130805120 0 0 -17000 0 0 0 40250 12 7
7.552 2 SVINFO 7 16 0 1 0 -91 0
7.639 2 NAVIGATION_REF 348865 5945715 12 605.
7.642 2 BAT 0 38 0 0 1 18 0 0
7.735 2 WP_MOVED 5 348740. 5945760. 660. 12
7.793 2 GPS 0 1130805120 0 0 -17000 0 0 0 40500 12 8
7.795 2 SVINFO 8 21 16 1 0 -91 0
7.815 2 FBW_STATUS 2 0 1 38 0
7.838 2 ENERGY 3.8 0. 0 0.
7.839 2 ESTIMATOR 0. 0.
7.878 2 DOWNLINK_STATUS 0 8 3584 175 0 471. 23. 37.88
7.933 2 ATTITUDE -0.060726 -1.617498 -0.049926
7.992 2 DESIRED 0. 0.01 0. 0. 0. 655. 0. 15.
8.043 2 GPS 0 1130805120 0 0 -17000 0 0 0 40750 12 9
8.044 2 SVINFO 9 23 16 1 0 -91 0
8.234 2 WP_MOVED 6 348665. 5945815. 660. 12
8.292 2 GPS 0 1130805120 0 0 -17000 0 0 0 41000 12 10
8.294 2 SVINFO 10 24 16 1 0 -91 0
8.332 2 ESTIMATOR 0. 0.
8.440 2 NAVIGATION 0 1 10959186. -5945715. 0. 1.55455284314e+14 0 0
8.443 2 ATTITUDE -0.060764 -1.617416 -0.049968
8.542 2 GPS 0 1130805120 0 0 -17000 0 0 0 41250 12 11
8.545 2 SVINFO 11 25 16 1 0 -91 0
8.633 2 IMU_GYRO -0.029785 0.022217 -0.047852
8.742 2 GPS_SOL 649558144 100000 9999 0
8.746 2 BAT 0 37 0 0 1 19 0 0
8.749 2 WP_MOVED 7 349065. 5946015. 660. 12
8.792 2 GPS 0 1130805120 0 0 -17000 0 0 0 41500 12 12
8.795 2 SVINFO 12 28 16 1 0 -91 0
8.834 2 DL_VALUE 12 12000.
8.836 2 ESTIMATOR 0. 0.
8.878 2 DOWNLINK_STATUS 0 9 4007 195 0 423. 20. 37.88
8.934 2 ATTITUDE -0.060851 -1.617589 -0.049975
9.052 2 DESIRED 0. 0.01 0. 0. 0. 655. 0. 15.
9.057 2 GPS 0 1130805120 0 0 -17000 0 0 0 41750 12 13
9.060 2 SVINFO 13 30 16 1 0 -91 0
9.235 2 WP_MOVED 0 348907. 5945757. 660. 12
9.293 2 GPS 0 1130805120 0 0 -17000 0 0 0 42000 12 14
9.294 2 SVINFO 14 31 16 1 0 -91 0
9.331 2 ESTIMATOR 0. 0.
9.440 2 CALIBRATION 0. 0
9.444 2 NAVIGATION 0 1 10959186. -5945715. 0. 1.55455284314e+14 0 0
9.447 2 ATTITUDE -0.061072 -1.617327 -0.049929
9.542 2 GPS 0 1130805120 0 0 -17000 0 0 0 42250 12 15
9.544 2 SVINFO 15 32 16 1 0 -91 0
9.617 2 ACTUATORS |1000,1500,1465,1476,1476,1500|
9.717 2 COMMANDS |0,444,675,0,0,0|
9.737 2 IMU_GYRO -0.027588 0.030762 -0.048828
9.741 2 WP_MOVED 1 348865. 5945715. 660. 12
9.792 2 GPS 0 1130805120 0 0 -17000 0 0 0 42500 12 16
9.794 2 SVINFO 0 1 0 1 0 -91 0
9.815 2 FBW_STATUS 2 0 1 38 0
9.837 2 BAT 0 38 0 0 1 20 0 0
9.840 2 ESTIMATOR 0. 0.
9.878 2 DOWNLINK_STATUS 0 10 4466 217 0 459. 22. 37.88
9.934 2 STATE_FILTER_STATUS 3 0
9.937 2 ATTITUDE -0.060897 -1.617326 -0.050012
10.042 2 GPS 0 1130805120 0 0 -17000 0 0 0 42750 12 1
10.045 2 SVINFO 1 9 16 1 0 -91 0
10.091 2 DESIRED 0. 0.01 0. 0. 0. 655. 0. 15.
10.133 2 DOWNLINK 0 455 448
10.135 2 PPRZ_MODE 2 0 0 0 0 6
10.240 2 ALIVE |157,248,0,145,71,2,179,136,45,141,249,199,114,222,72,145|
10.243 2 WP_MOVED 2 348895. 5945815. 660. 12
10.293 2 GPS 0 1130805120 0 0 -17000 0 0 0 43000 12 2
10.295 2 SVINFO 2 11 16 1 0 -91 0
10.340 2 ENERGY 3.8 0. 0 0.
10.342 2 DL_VALUE 13 1.5
10.344 2 ESTIMATOR 0. 0.
10.415 2 PONG 
10.441 2 NAVIGATION 0 1 10959186. -5945715. 0. 1.55455284314e+14 0 0
10.444 2 ATTITUDE -0.061025 -1.629137 -0.050642
10.543 2 GPS 0 1130805120 0 0 -17000 0 0 0 43250 12 3
10.544 2 SVINFO 3 12 16 1 0 -91 0
10.737 2 GPS_SOL 649561984 100000 9999 0
10.740 2 WP_MOVED 3 348965.09375 5945786. 660. 12
10.792 2 GPS 0 1130805120 0 0 -17000 0 0 0 43500 12 4
10.794 2 SVINFO 4 13 16 1 0 -91 0
10.836 2 IMU_GYRO 0.040283 0.038086 -0.060547
10.839 2 ESTIMATOR 0. 0.
10.879 2 DOWNLINK_STATUS 0 11 4949 242 0 483. 25. 37.67
10.938 2 BAT 0 38 0 0 1 21 0 0
10.941 2 ATTITUDE -0.061393 -1.61221 -0.048568
11.042 2 GPS 0 1130805120 0 0 -17000 0 0 0 43750 12 5
11.044 2 SVINFO 5 14 16 1 0 -91 0
11.141 2 DESIRED 0. 0.01 0. 0. 0. 655. 0. 15.
11.234 2 WP_MOVED 4 348764.6875 5945795. 660. 12
11.292 2 GPS 0 1130805120 0 0 -17000 0 0 0 44000 12 6
11.294 2 SVINFO 6 15 16 1 0 -91 0
11.332 2 ESTIMATOR 0. 0.
11.440 2 NAVIGATION 0 1 10959186. -5945715. 0. 1.55455284314e+14 0 0
11.444 2 ATTITUDE -0.063542 -1.571203 -0.04337
11.541 2 CALIBRATION 0. 0
11.547 2 GPS 0 1130805120 0 0 -17000 0 0 0 44250 12 7
11.549 2 SVINFO 7 16 0 1 0 -91 0
11.734 2 WP_MOVED 5 348740. 5945760. 660. 12
11.792 2 GPS 0 1130805120 0 0 -17000 0 0 0 44500 12 8
11.794 2 SVINFO 8 21 16 1 0 -91 0
11.815 2 FBW_STATUS 2 0 1 38 0
11.833 2 DL_VALUE 14 0.610865
11.835 2 ESTIMATOR 0. 0.
11.879 2 DOWNLINK_STATUS 0 12 5363 262 0 414. 20. 37.67
11.937 2 IMU_GYRO -0.033936 0.028564 -0.144531
11.940 2 ATTITUDE -0.063076 -1.569368 -0.01779
12.044 2 BAT 0 38 0 0 1 22 0 0
12.050 2 GPS 0 1130805120 0 0 -17000 0 0 0 44750 12 9
12.052 2 SVINFO 9 23 16 1 0 -91 0
12.190 2 DESIRED 0. 0.01 0. 0. 0. 655. 0. 15.
12.234 2 WP_MOVED 6 348665. 5945815. 660. 12
12.292 2 GPS 0 1130805120 0 0 -17000 0 0 0 45000 12 10
12.294 2 SVINFO 10 24 16 1 0 -91 0
12.332 2 ESTIMATOR 0. 0.
12.440 2 NAVIGATION 0 1 10959186. -5945715. 0. 1.55455284314e+14 0 0
12.443 2 ATTITUDE -0.059434 -1.556261 0.006388
12.542 2 GPS 0 1130805120 0 0 -17000 0 0 0 45250 12 11
12.544 2 SVINFO 11 25 16 1 0 -91 0
12.737 2 GPS_SOL 649566080 100000 9999 0
12.741 2 WP_MOVED 7 349065. 5946015. 660. 12
12.792 2 GPS 0 1130805120 0 0 -17000 0 0 0 45500 12 12
12.795 2 SVINFO 12 28 16 1 0 -91 0
12.837 2 ENERGY 3.8 0. 0 0.
12.840 2 ESTIMATOR 0. 0.
12.879 2 DOWNLINK_STATUS 0 13 5795 282 0 432. 20. 37.67
12.933 2 ATTITUDE -0.057225 -1.564791 0.035318
13.044 2 IMU_GYRO -0.024414 0.048828 -0.066895
13.049 2 GPS 0 1130805120 0 0 -17000 0 0 0 45750 12 13
13.052 2 SVINFO 13 30 16 1 0 -91 0
13.135 2 BAT 0 38 0 0 1 23 0 0
13.246 2 DESIRED 0. 0.01 0. 0. 0. 655. 0. 15.
13.248 2 WP_MOVED 0 348907. 5945757. 660. 12
13.291 2 GPS 0 1130805120 0 0 -17000 0 0 0 46000 12 14
13.294 2 SVINFO 14 31 16 1 0 -91 0
13.333 2 DL_VALUE 15 7500.
13.335 2 ESTIMATOR 0. 0.
13.440 2 NAVIGATION 0 1 10959186. -5945715. 0. 1.55455284314e+14 0 0
13.443 2 ATTITUDE -0.045073 -1.566443 0.038002
13.541 2 GPS 0 1130805120 0 0 -17000 0 0 0 46250 12 15
13.544 2 SVINFO 15 32 16 1 0 -91 0
13.630 2 CALIBRATION 0. 0
13.734 2 WP_MOVED 1 348865. 5945715. 660. 12
13.792 2 GPS 0 1130805120 0 0 -17000 0 0 0 46500 12 16
13.794 2 SVINFO 0 1 0 1 0 -91 0
13.815 2 FBW_STATUS 2 0 1 38 0
13.832 2 ESTIMATOR 0. 0.
13.879 2 DOWNLINK_STATUS 0 14 6227 303 0 432. 21. 37.67
13.933 2 ATTITUDE -0.051864 -1.575235 0.044396
14.042 2 GPS 0 1130805120 0 0 -17000 0 0 0 46750 12 1
14.044 2 SVINFO 1 2 16 1 0 -91 0
14.133 2 IMU_GYRO -0.040283 -0.014893 -0.006348
14.239 2 BAT 0 38 0 0 1 24 0 0
14.242 2 WP_MOVED 2 348895. 5945815. 660. 12
14.301 2 DESIRED 0. 0.01 0. 0. 0. 655. 0. 15.
14.307 2 GPS 0 1130805120 0 0 -17000 0 0 0 47000 12 2
14.309 2 SVINFO 2 3 16 1 0 -91 0
14.332 2 ESTIMATOR 0. 0.
14.440 2 NAVIGATION 0 1 10959186. -5945715. 0. 1.55455284314e+14 0 0
14.443 2 ATTITUDE -0.074048 -1.582004 -0.004909
14.542 2 GPS 0 1130805120 0 0 -17000 0 0 0 47250 12 3
14.544 2 SVINFO 3 7 16 1 0 -91 0
14.616 2 ACTUATORS |1000,1500,1487,1563,1563,1500|
14.716 2 COMMANDS |0,52,-345,0,0,0|
14.737 2 GPS_SOL 649570368 100000 9999 0
14.740 2 WP_MOVED 3 348965.09375 5945786. 660. 12
14.791 2 GPS 0 1130805120 0 0 -17000 0 0 0 47500 12 4
14.794 2 SVINFO 4 13 16 1 0 -91 0
14.833 2 DL_VALUE 16 1250.
14.835 2 ESTIMATOR 0. 0.
14.880 2 DOWNLINK_STATUS 0 15 6688 325 0 461. 22. 37.67
14.933 2 STATE_FILTER_STATUS 3 0
14.936 2 ATTITUDE -0.004491 -1.596929 0.102063
15.042 2 GPS 0 1130805120 0 0 -17000 0 0 0 47750 12 5
15.044 2 SVINFO 5 14 16 1 0 -91 0
15.131 2 PPRZ_MODE 2 0 0 0 0 6
15.243 2 DOWNLINK 0 430 556
15.247 2 ALIVE |157,248,0,145,71,2,179,136,45,141,249,199,114,222,72,145|
15.250 2 IMU_GYRO -0.073242 -0.101074 -0.105225
15.254 2 WP_MOVED 4 348764.6875 5945795. 660. 12
15.292 2 GPS 0 1130805120 0 0 -17000 0 0 0 48000 12 6
15.294 2 SVINFO 6 15 16 1 0 -91 0
15.349 2 ENERGY 3.8 0. 0 0.
15.353 2 BAT 0 38 0 0 1 25 0 0
15.360 2 DESIRED 0. 0. 0. 0. 0. 655. 0. 15.
15.362 2 ESTIMATOR 0. 0.
15.416 2 PONG 
15.440 2 NAVIGATION 0 1 10959186. -5945715. 0. 1.55455284314e+14 0 0
15.443 2 ATTITUDE 0.018923 -1.615041 0.161961
15.542 2 GPS 0 1130805120 0 0 -17000 0 0 0 48250 12 7
15.544 2 SVINFO 7 16 0 1 0 -91 0
15.735 2 CALIBRATION 0. 0
15.738 2 WP_MOVED 5 348740. 5945760. 660. 12
15.770 2 WIND_INFO 2 42 0. 0. 0.
15.792 2 GPS 0 1130805120 0 0 -17000 0 0 0 48500 12 8
15.795 2 SVINFO 8 21 16 1 0 -91 0
15.822 2 FBW_STATUS 2 0 1 38 0
15.838 2 ESTIMATOR 0. 0.
15.880 2 DOWNLINK_STATUS 0 16 7190 351 0 502. 26. 37.7
15.933 2 ATTITUDE 0.016747 -1.627212 0.2087
16.042 2 GPS 0 1130805120 0 0 -17000 0 0 0 48750 12 9
16.044 2 SVINFO 9 23 16 1 0 -91 0
16.233 2 WP_MOVED 6 348665. 5945815. 660. 12
16.291 2 GPS 0 1130805120 0 0 -17000 0 0 0 49000 12 10
16.294 2 SVINFO 10 24 16 1 0 -91 0
16.337 2 DL_VALUE 17 0.45
16.340 2 IMU_GYRO -0.030762 0.02002 -0.107422
16.342 2 ESTIMATOR 0. 0.
16.390 2 DESIRED 0. 0. 0. 0. 0. 655. 0. 15.
16.443 2 BAT 0 38 0 0 1 26 0 0
16.448 2 NAVIGATION 0 1 10959186. -5945715. 0. 1.55455284314e+14 0 0
16.451 2 ATTITUDE 0.032635 -1.629929 0.243589
16.541 2 GPS 0 1130805120 0 0 -17000 0 0 0 49250 12 11
16.544 2 SVINFO 11 25 16 1 0 -91 0
16.633 2 NAVIGATION_REF 348865 5945715 12 605.
16.737 2 GPS_SOL 649574784 100000 9999 0
16.740 2 WP_MOVED 7 349065. 5946015. 660. 12
16.792 2 GPS 0 1130805120 0 0 -17000 0 0 0 49500 12 12
16.794 2 SVINFO 12 28 16 1 0 -91 0
16.832 2 ESTIMATOR 0. 0.
16.880 2 DOWNLINK_STATUS 0 17 7632 372 0 442. 21. 37.7
16.933 2 ATTITUDE 0.036977 -1.632807 0.272927
17.042 2 GPS 0 1130805120 0 0 -17000 0 0 0 49750 12 13
17.044 2 SVINFO 13 30 16 1 0 -91 0
17.233 2 WP_MOVED 0 348907. 5945757. 660. 12
17.291 2 GPS 0 1130805120 0 0 -17000 0 0 0 50000 12 14
17.294 2 SVINFO 14 31 16 1 0 -91 0
17.331 2 ESTIMATOR 0. 0.
17.450 2 IMU_GYRO -0.037109 0.02124 -0.063721
17.457 2 DESIRED 0. 0. 0. 0. 0. 655. 0. 15.
17.461 2 NAVIGATION 0 1 10959186. -5945715. 0. 1.55455284314e+14 0 0
17.464 2 ATTITUDE 0.047571 -1.635311 0.291464
17.544 2 BAT 0 38 0 0 1 27 0 0
17.550 2 GPS 0 1130805120 0 0 -17000 0 0 0 50250 12 15
17.552 2 SVINFO 15 32 16 1 0 -91 0
17.733 2 WP_MOVED 1 348865. 5945715. 660. 12
17.791 2 GPS 0 1130805120 0 0 -17000 0 0 0 50500 12 16
17.794 2 SVINFO 0 1 0 1 0 -91 0
17.815 2 FBW_STATUS 2 0 1 38 0
17.841 2 ENERGY 3.8 0. 0 0.
17.843 2 CALIBRATION 0. 0
17.845 2 DL_VALUE 18 0.03
17.848 2 ESTIMATOR 0. 0.
17.880 2 DOWNLINK_STATUS 0 18 8084 394 0 452. 22. 37.7
17.933 2 ATTITUDE 0.045464 -1.633699 0.286238
18.042 2 GPS 0 1130805120 0 0 -17000 0 0 0 50750 12 1
18.044 2 SVINFO 1 2 16 1 0 -91 0
18.234 2 WP_MOVED 2 348895. 5945815. 660. 12
18.292 2 GPS 0 1130805120 0 0 -17000 0 0 0 51000 12 2
18.294 2 SVINFO 2 3 16 1 0 -91 0
18.332 2 ESTIMATOR 0. 0.
18.440 2 NAVIGATION 0 1 10959186. -5945715. 0. 1.55455284314e+14 0 0
18.443 2 ATTITUDE 0.034973 -1.626917 0.236424
18.491 2 DESIRED 0. 0. 0. 0. 0. 655. 0. 15.
18.543 2 IMU_GYRO 0.04248 0.092529 0.146729
18.549 2 GPS 0 1130805120 0 0 -17000 0 0 0 51250 12 3
18.550 2 SVINFO 3 4 16 1 0 -91 0
18.633 2 BAT 0 38 0 0 1 29 0 0
18.736 2 GPS_SOL 649579456 100000 9999 0
18.740 2 WP_MOVED 3 348965.09375 5945786. 660. 12
18.791 2 GPS 0 1130805120 0 0 -17000 0 0 0 51500 12 4
18.794 2 SVINFO 4 5 16 1 0 -91 0
18.831 2 ESTIMATOR 0. 0.
18.881 2 DOWNLINK_STATUS 0 19 8496 413 0 412. 19. 37.7
18.932 2 ATTITUDE 0.010044 -1.608027 0.145914
19.041 2 GPS 0 1130805120 0 0 -17000 0 0 0 51750 12 5
19.044 2 SVINFO 5 6 16 1 0 -91 0
19.233 2 WP_MOVED 4 348764.6875 5945795. 660. 12
19.292 2 GPS 0 1130805120 0 0 -17000 0 0 0 52000 12 6
19.294 2 SVINFO 6 15 16 1 0 -91 0
19.333 2 DL_VALUE 19 0.15
19.336 2 ESTIMATOR 0. 0.
19.440 2 NAVIGATION 0 1 10959186. -5945715. 0. 1.55455284314e+14 0 0
19.443 2 ATTITUDE -0.017128 -1.594658 0.074135
19.551 2 DESIRED 0. 0. 0. 0. 0. 655. 0. 15.
19.556 2 GPS 0 1130805120 0 0 -17000 0 0 0 52250 12 7
19.559 2 SVINFO 7 16 0 1 0 -91 0
19.617 2 ACTUATORS |1000,1500,1535,1488,1488,1500|
19.633 2 IMU_GYRO -0.031738 0.09668 0.041504
19.717 2 COMMANDS |0,243,-521,0,0,0|
19.738 2 BAT 0 38 0 0 1 30 0 0
19.742 2 WP_MOVED 5 348740. 5945760. 660. 12
19.792 2 GPS 0 1130805120 0 0 -17000 0 0 0 52500 12 8
19.794 2 SVINFO 8 17 16 1 0 -91 0
19.815 2 FBW_STATUS 2 0 1 38 0
19.832 2 ESTIMATOR 0. 0.
19.881 2 DOWNLINK_STATUS 0 20 8955 435 0 459. 22. 37.7
19.935 2 STATE_FILTER_STATUS 3 0
19.937 2 CALIBRATION 0. 0
19.941 2 ATTITUDE -0.017762 -1.59003 0.024603
20.042 2 GPS 0 1130805120 0 0 -17000 0 0 0 52750 12 9
20.043 2 SVINFO 9 23 16 1 0 -91 0
20.130 2 PPRZ_MODE 2 0 0 0 0 6
20.240 2 ALIVE |157,248,0,145,71,2,179,136,45,141,249,199,114,222,72,145|
20.242 2 WP_MOVED 6 348665. 5945815. 660. 12
20.291 2 GPS 0 1130805120 0 0 -17000 0 0 0 53000 12 10
20.294 2 SVINFO 10 24 16 1 0 -91 0
20.337 2 DOWNLINK 0 464 671
20.340 2 ENERGY 3.8 0. 0 0.
20.343 2 ESTIMATOR 0. 0.
20.416 2 PONG 
20.439 2 NAVIGATION 0 1 10959186. -5945715. 0. 1.55455284314e+14 0 0
20.443 2 ATTITUDE -0.009397 -1.578881 -0.035128
20.541 2 GPS 0 1130805120 0 0 -17000 0 0 0 53250 12 11
20.545 2 SVINFO 11 25 16 1 0 -91 0
20.590 2 DESIRED 0. 0. 0. 0. 0. 655. 0. 15.
20.740 2 GPS_SOL 649584256 100000 9999 0
20.744 2 IMU_GYRO 0.006348 0.025391 0.135986
20.747 2 WP_MOVED 7 349065. 5946015. 660. 12
20.792 2 GPS 0 1130805120 0 0 -17000 0 0 0 53500 12 12
20.794 2 SVINFO 12 28 16 1 0 -91 0
20.837 2 DL_VALUE 20 0.01
20.841 2 BAT 0 38 0 0 1 31 0 0
20.844 2 ESTIMATOR 0. 0.
20.881 2 DOWNLINK_STATUS 0 21 9470 462 0 515. 27. 37.64
20.933 2 ATTITUDE -0.015656 -1.563846 -0.125621
21.042 2 GPS 0 1130805120 0 0 -17000 0 0 0 53750 12 13
21.044 2 SVINFO 13 30 16 1 0 -91 0
21.234 2 WP_MOVED 0 348907. 5945757. 660. 12
21.292 2 GPS 0 1130805120 0 0 -17000 0 0 0 54000 12 14
21.293 2 SVINFO 14 31 16 1 0 -91 0
21.331 2 ESTIMATOR 0. 0.
21.439 2 NAVIGATION 0 1 10959186. -5945715. 0. 1.55455284314e+14 0 0
21.442 2 ATTITUDE 0.014285 -1.564861 -0.183199
21.541 2 GPS 0 1130805120 0 0 -17000 0 0 0 54250 12 15
21.543 2 SVINFO 15 32 16 1 0 -91 0
21.640 2 DESIRED 0. 0. 0. 0. 0. 655. 0. 15.
21.733 2 WP_MOVED 1 348865. 5945715. 660. 12
21.791 2 GPS 0 1130805120 0 0 -17000 0 0 0 54500 12 16
21.794 2 SVINFO 0 1 0 1 0 -91 0
21.815 2 FBW_STATUS 2 0 1 38 0
21.835 2 IMU_GYRO -0.054199 0.031738 -0.126465
21.838 2 ESTIMATOR 0. 0.
21.881 2 DOWNLINK_STATUS 0 22 9859 480 0 389. 18. 37.64
21.938 2 BAT 0 38 0 0 1 32 0 0
21.941 2 ATTITUDE 0.019088 -1.567088 -0.17817
22.040 2 CALIBRATION 0. 0
22.045 2 GPS 0 1130805120 0 0 -17000 0 0 0 54750 12 1
22.048 2 SVINFO 1 2 16 1 0 -91 0
22.234 2 WP_MOVED 2 348895. 5945815. 660. 12
22.292 2 GPS 0 1130805120 0 0 -17000 0 0 0 55000 12 2
22.294 2 SVINFO 2 3 16 1 0 -91 0
22.333 2 DL_VALUE 21 0.1
22.335 2 ESTIMATOR 0. 0.
22.440 2 NAVIGATION 0 1 10959186. -5945715. 0. 1.55455284314e+14 0 0
22.443 2 ATTITUDE 0.027688 -1.569714 -0.080576
22.542 2 GPS 0 1130805120 0 0 -17000 0 0 0 55250 12 3
22.543 2 SVINFO 3 4 16 1 0 -91 0
22.691 2 DESIRED 0. 0.01 0. 0. 0. 655. 0. 15.
22.736 2 GPS_SOL 649589184 100000 9999 0
22.740 2 WP_MOVED 3 348965.09375 5945786. 660. 12
22.791 2 GPS 0 1130805120 0 0 -17000 0 0 0 55500 12 4
22.794 2 SVINFO 4 5 16 1 0 -91 0
22.836 2 ENERGY 3.8 0. 0 0.
22.839 2 ESTIMATOR 0. 0.
22.882 2 DOWNLINK_STATUS 0 23 10295 501 0 436. 21. 37.64
22.936 2 IMU_GYRO -0.034912 -0.019043 -0.074463
22.939 2 ATTITUDE 0.015464 -1.575171 -0.04356
23.044 2 BAT 0 38 0 0 1 33 0 0
23.049 2 GPS 0 1130805120 0 0 -17000 0 0 0 55750 12 5
23.052 2 SVINFO 5 6 16 1 0 -91 0
23.233 2 WP_MOVED 4 348764.6875 5945795. 660. 12
23.291 2 GPS 0 1130805120 0 0 -17000 0 0 0 56000 12 6
23.294 2 SVINFO 6 16 0 1 0 -91 0
23.331 2 ESTIMATOR 0. 0.
23.440 2 NAVIGATION 0 1 10959186. -5945715. 0. 1.55455284314e+14 0 0
23.443 2 ATTITUDE 0.037 -1.588495 -0.020519
23.542 2 GPS 0 1130805120 0 0 -17000 0 0 0 56250 12 7
23.543 2 SVINFO 7 17 16 1 0 -91 0
23.745 2 DESIRED 0. 0. 0. 0. 0. 655. 0. 15.
23.748 2 WP_MOVED 5 348740. 5945760. 660. 12
23.791 2 GPS 0 1130805120 0 0 -17000 0 0 0 56500 12 8
23.793 2 SVINFO 8 18 16 2 24 -91 0
23.814 2 FBW_STATUS 2 0 1 38 0
23.832 2 DL_VALUE 22 0.
23.835 2 ESTIMATOR 0. 0.
23.882 2 DOWNLINK_STATUS 0 24 10716 521 0 421. 20. 37.64
23.932 2 ATTITUDE 0.007607 -1.592605 -0.016748
24.042 2 IMU_GYRO -0.029785 0.047852 -0.026367
24.048 2 GPS 0 1130805120 0 0 -17000 0 0 0 56750 12 9
24.050 2 SVINFO 9 23 16 1 0 -91 0
24.134 2 CALIBRATION 0. 0
24.138 2 BAT 0 38 0 0 1 34 0 0
24.233 2 WP_MOVED 6 348665. 5945815. 660. 12
24.291 2 GPS 0 1130805120 0 0 -17000 0 0 0 57000 12 10
24.294 2 SVINFO 10 24 16 1 0 -91 0
24.331 2 ESTIMATOR 0. 0.
24.439 2 NAVIGATION 0 1 10959186. -5945715. 0. 1.55455284314e+14 0 0
24.443 2 ATTITUDE -0.003071 -1.593855 -0.021745
24.545 2 GPS 0 1130805120 0 0 -17000 0 0 0 57250 12 11
24.545 2 SVINFO 11 25 16 1 0 -91 0
24.616 2 ACTUATORS |1000,1500,1493,1497,1497,1500|
24.716 2 COMMANDS |0,54,1,0,0,0|
24.737 2 GPS_SOL 649594368 100000 9999 0
24.740 2 WP_MOVED 7 349065. 5946015. 660. 12
24.801 2 DESIRED 0. 0. 0. 0. 0. 655. 0. 15.
24.806 2 GPS 0 1130805120 0 0 -17000 0 0 0 57500 12 12
24.809 2 SVINFO 12 28 16 1 0 -91 0
24.831 2 ESTIMATOR 0. 0.
24.882 2 DOWNLINK_STATUS 0 25 11177 543 0 461. 22. 37.64
24.933 2 STATE_FILTER_STATUS 3 0
24.937 2 ATTITUDE -0.10807 -1.596344 -0.004497
25.042 2 GPS 0 1130805120 0 0 -17000 0 0 0 57750 12 13
25.043 2 SVINFO 13 30 16 1 0 -91 0
25.134 2 PPRZ_MODE 2 0 0 0 0 6
25.137 2 IMU_GYRO -0.032959 0.255371 0.143555
25.243 2 ALIVE |157,248,0,145,71,2,179,136,45,141,249,199,114,222,72,145|
25.247 2 BAT 0 38 0 0 1 35 0 0
25.250 2 WP_MOVED 0 348907. 5945757. 660. 12
25.291 2 GPS 0 1130805120 0 0 -17000 0 0 0 58000 12 14
25.293 2 SVINFO 14 31 16 1 0 -91 0
25.338 2 ENERGY 3.8 0. 0 0.
25.340 2 DL_VALUE 23 0.05
25.343 2 ESTIMATOR 0. 0.
25.417 2 PONG 
25.439 2 DOWNLINK 0 451 784
25.443 2 NAVIGATION 0 1 10959186. -5945715. 0. 1.55455284314e+14 0 0
25.447 2 ATTITUDE -0.255743 -1.591298 -0.053043
25.541 2 GPS 0 1130805120 0 0 -17000 0 0 0 58250 12 15
25.544 2 SVINFO 15 32 16 1 0 -91 0
25.633 2 NAVIGATION_REF 348865 5945715 12 605.
25.733 2 WP_MOVED 1 348865. 5945715. 660. 12
25.770 2 WIND_INFO 2 42 0. 0. 0.
25.791 2 GPS 0 1130805120 0 0 -17000 0 0 0 58500 12 16
25.794 2 SVINFO 0 1 0 1 0 -91 0
25.821 2 FBW_STATUS 2 0 1 38 0
25.843 2 DESIRED 0. 0.03 0. 0. 0. 655. 0. 15.
25.846 2 ESTIMATOR 0. 0.
25.882 2 DOWNLINK_STATUS 0 26 11698 570 0 521. 27. 37.71
25.933 2 ATTITUDE -0.323945 -1.591857 -0.05987
26.041 2 GPS 0 1130805120 0 0 -17000 0 0 0 58750 12 1
26.044 2 SVINFO 1 2 16 1 0 -91 0
26.237 2 CALIBRATION 0. 0
26.241 2 IMU_GYRO -0.038086 0.080811 -0.056396
26.245 2 WP_MOVED 2 348895. 5945815. 660. 12
26.291 2 GPS 0 1130805120 0 0 -17000 0 0 0 59000 12 2
26.293 2 SVINFO 2 3 16 1 0 -91 0
26.336 2 BAT 0 38 0 0 1 36 0 0
26.338 2 ESTIMATOR 0. 0.
26.439 2 NAVIGATION 0 1 10959186. -5945715. 0. 1.55455284314e+14 0 0
26.442 2 ATTITUDE -0.353074 -1.596517 -0.064374
26.541 2 GPS 0 1130805120 0 0 -17000 0 0 0 59250 12 3
26.543 2 SVINFO 3 4 16 1 0 -91 0
26.736 2 GPS_SOL 649599744 100000 9999 0
26.740 2 WP_MOVED 3 348965.09375 5945786. 660. 12
26.791 2 GPS 0 1130805120 0 0 -17000 0 0 0 59500 12 4
26.794 2 SVINFO 4 5 16 1 0 -91 0
26.832 2 DL_VALUE 24 0.
26.835 2 ESTIMATOR 0. 0.
26.882 2 DOWNLINK_STATUS 0 27 12094 590 0 396. 20. 37.71
26.890 2 DESIRED 0. 0.04 0. 0. 0. 655. 0. 15.
26.932 2 ATTITUDE -0.381739 -1.598419 -0.063107
27.041 2 GPS 0 1130805120 0 0 -17000 0 0 0 59750 12 5
27.044 2 SVINFO 5 6 16 1 0 -91 0
27.233 2 WP_MOVED 4 348764.6875 5945795. 660. 12
27.291 2 GPS 0 1130805120 0 0 -17000 0 0 0 60000 12 6
27.294 2 SVINFO 6 16 0 1 0 -91 0
27.336 2 IMU_GYRO -0.018066 -0.184082 -0.074463
27.337 2 ESTIMATOR 0. 0.
27.442 2 BAT 0 38 0 0 1 37 0 0
27.448 2 NAVIGATION 0 1 10959186. -5945715. 0. 1.55455284314e+14 0 0
27.450 2 ATTITUDE -0.326474 -1.597258 -0.057438
27.541 2 GPS 0 1130805120 0 0 -17000 0 0 0 60250 12 7
27.543 2 SVINFO 7 18 16 1 0 -91 0
27.733 2 WP_MOVED 5 348740. 5945760. 660. 12
27.790 2 GPS 0 1130805120 0 0 -17000 0 0 0 60500 12 8
27.793 2 SVINFO 8 19 16 1 0 -91 0
27.814 2 FBW_STATUS 2 0 1 37 0
27.836 2 ENERGY 3.8 0. 0 0.
27.838 2 ESTIMATOR 0. 0.
27.882 2 DOWNLINK_STATUS 0 28 12524 610 0 430. 20. 37.71
27.944 2 DESIRED 0. 0.01 0. 0. 0. 655. 0. 15.
27.947 2 ATTITUDE -0.093175 -1.579296 -0.019841
28.041 2 GPS 0 1130805120 0 0 -17000 0 0 0 60750 12 9
28.043 2 SVINFO 9 23 16 1 0 -91 0
28.233 2 WP_MOVED 6 348665. 5945815. 660. 12
28.291 2 GPS 0 1130805120 0 0 -17000 0 0 0 61000 12 10
28.294 2 SVINFO 10 24 16 1 0 -91 0
28.335 2 CALIBRATION 0. 0
28.337 2 DL_VALUE 25 1.000074
28.339 2 ESTIMATOR 0. 0.
28.442 2 IMU_GYRO -0.012695 0.111572 -0.003174
28.446 2 NAVIGATION 0 1 10959186. -5945715. 0. 1.55455284314e+14 0 0
28.449 2 ATTITUDE -0.084845 -1.599101 -0.008892
28.544 2 BAT 0 38 0 0 1 38 0 0
28.549 2 GPS 0 1130805120 0 0 -17000 0 0 0 61250 12 11
28.552 2 SVINFO 11 25 16 1 0 -91 0
28.737 2 GPS_SOL 649605376 100000 9999 0
28.739 2 WP_MOVED 7 349065. 5946015. 660. 12
28.790 2 GPS 0 1130805120 0 0 -17000 0 0 0 61500 12 12
28.793 2 SVINFO 12 28 16 1 0 -91 0
28.830 2 ESTIMATOR 0. 0.
28.883 2 DOWNLINK_STATUS 0 29 12958 631 0 434. 21. 37.71
28.932 2 ATTITUDE -0.112363 -1.601448 -0.017463
28.989 2 DESIRED 0. 0.01 0. 0. 0. 655. 0. 15.
29.041 2 GPS 0 1130805120 0 0 -17000 0 0 0 61750 12 13
29.043 2 SVINFO 13 30 16 1 0 -91 0
29.233 2 WP_MOVED 0 348907. 5945757. 660. 12
29.291 2 GPS 0 1130805120 0 0 -17000 0 0 0 62000 12 14
29.293 2 SVINFO 14 31 16 1 0 -91 0
29.331 2 ESTIMATOR 0. 0.
29.439 2 NAVIGATION 0 1 10959186. -5945715. 0. 1.55455284314e+14 0 0
29.442 2 ATTITUDE -0.138041 -1.599123 -0.023117
29.542 2 IMU_GYRO -0.027588 0.032959 -0.052002
29.549 2 GPS 0 1130805120 0 0 -17000 0 0 0 62250 12 15
29.550 2 SVINFO 15 32 16 1 0 -91 0
29.616 2 ACTUATORS |1000,1500,1477,1446,1446,1500|
29.633 2 BAT 0 38 0 0 1 40 0 0
29.716 2 COMMANDS |0,1074,451,0,0,0|
29.733 2 WP_MOVED 1 348865. 5945715. 660. 12
29.791 2 GPS 0 1130805120 0 0 -17000 0 0 0 62500 12 16
29.793 2 SVINFO 0 1 0 1 0 -91 0
29.814 2 FBW_STATUS 2 0 1 38 0
29.833 2 DL_VALUE 26 0.298451
29.835 2 ESTIMATOR 0. 0.
29.883 2 DOWNLINK_STATUS 0 30 13417 653 0 459. 22. 37.71
29.933 2 STATE_FILTER_STATUS 3 0
29.936 2 ATTITUDE -0.140416 -1.598461 -0.020426
30.052 2 DESIRED 0. 0.01 0. 0. 0. 655. 0. 15.
30.056 2 GPS 0 1130805120 0 0 -17000 0 0 0 62750 12 1
30.058 2 SVINFO 1 2 16 1 0 -91 0
30.129 2 PPRZ_MODE 2 0 0 0 0 6
30.239 2 ALIVE |157,248,0,145,71,2,179,136,45,141,249,199,114,222,72,145|
30.241 2 WP_MOVED 2 348895. 5945815. 660. 12
30.291 2 GPS 0 1130805120 0 0 -17000 0 0 0 63000 12 2
30.293 2 SVINFO 2 3 16 1 0 -91 0
30.335 2 ENERGY 3.8 0. 0 0.
30.338 2 ESTIMATOR 0. 0.
30.417 2 PONG 
30.438 2 CALIBRATION 0. 0
30.443 2 NAVIGATION 0 1 10959186. -5945715. 0. 1.55455284314e+14 0 0
30.446 2 ATTITUDE -0.145061 -1.59908 -0.022269
30.542 2 DOWNLINK 0 447 895
30.545 2 GPS 0 1130805120 0 0 -17000 0 0 0 63250 12 3
30.547 2 SVINFO 3 4 16 1 0 -91 0
30.632 2 IMU_GYRO -0.030762 0.026367 -0.049805
30.740 2 GPS_SOL 649611072 100000 9999 0
30.744 2 BAT 0 37 0 0 1 41 0 0
30.748 2 WP_MOVED 3 348965.09375 5945786. 660. 12
30.791 2 GPS 0 1130805120 0 0 -17000 0 0 0 63500 12 4
30.793 2 SVINFO 4 5 16 1 0 -91 0
30.831 2 ESTIMATOR 0. 0.
30.883 2 DOWNLINK_STATUS 0 31 13921 679 0 504. 26. 37.68
30.932 2 ATTITUDE -0.149293 -1.599955 -0.022482
31.041 2 GPS 0 1130805120 0 0 -17000 0 0 0 63750 12 5
31.043 2 SVINFO 5 6 16 1 0 -91 0
31.090 2 DESIRED 0. 0.02 0. 0. 0. 655. 0. 15.
31.233 2 WP_MOVED 4 348764.6875 5945795. 660. 12
31.291 2 GPS 0 1130805120 0 0 -17000 0 0 0 64000 12 6
31.293 2 SVINFO 6 18 16 1 0 -91 0
31.333 2 DL_VALUE 27 1.
31.335 2 ESTIMATOR 0. 0.
31.439 2 NAVIGATION 0 1 10959186. -5945715. 0. 1.55455284314e+14 0 0
31.443 2 ATTITUDE -0.151669 -1.60048 -0.022258
31.541 2 GPS 0 1130805120 0 0 -17000 0 0 0 64250 12 7
31.544 2 SVINFO 7 19 16 1 0 -91 0
31.736 2 IMU_GYRO -0.030762 0.030762 -0.05957
31.739 2 WP_MOVED 5 348740. 5945760. 660. 12
31.790 2 GPS 0 1130805120 0 0 -17000 0 0 0 64500 12 8
31.793 2 SVINFO 8 20 16 1 0 -91 0
31.814 2 FBW_STATUS 2 0 1 37 0
31.836 2 BAT 0 38 0 0 1 42 0 0
31.838 2 ESTIMATOR 0. 0.
31.884 2 DOWNLINK_STATUS 0 32 14342 699 0 421. 20. 37.68
31.932 2 ATTITUDE -0.15459 -1.600313 -0.02112
32.043 2 GPS 0 1130805120 0 0 -17000 0 0 0 64750 12 9
32.043 2 SVINFO 9 22 16 1 0 -91 0
32.140 2 DESIRED 0. 0.02 0. 0. 0. 655. 0. 15.
32.233 2 WP_MOVED 6 348665. 5945815. 660. 12
32.291 2 GPS 0 1130805120 0 0 -17000 0 0 0 65000 12 10
32.293 2 SVINFO 10 24 16 1 0 -91 0
32.330 2 ESTIMATOR 0. 0.
32.439 2 NAVIGATION 0 1 10959186. -5945715. 0. 1.55455284314e+14 0 0
32.442 2 ATTITUDE -0.158722 -1.600099 -0.023329
32.543 2 CALIBRATION 0. 0
32.545 2 GPS 0 1130805120 0 0 -17000 0 0 0 65250 12 11
32.548 2 SVINFO 11 29 16 1 0 -91 0
32.736 2 GPS_SOL 649617024 100000 9999 0
32.740 2 WP_MOVED 7 349065. 5946015. 660. 12
32.791 2 GPS 0 1130805120 0 0 -17000 0 0 0 65500 12 12
32.793 2 SVINFO 12 30 16 1 0 -91 0
32.841 2 ENERGY 3.8 0. 0 0.
32.843 2 DL_VALUE 28 0.
32.846 2 IMU_GYRO -0.028564 0.033936 -0.043457
32.849 2 ESTIMATOR 0. 0.
32.884 2 DOWNLINK_STATUS 0 33 14775 720 0 433. 21. 37.68
32.936 2 BAT 0 38 0 0 1 43 0 0
32.940 2 ATTITUDE -0.16277 -1.599185 -0.025486
33.045 2 GPS 0 1130805120 0 0 -17000 0 0 0 65750 12 13
33.045 2 SVINFO 13 30 16 1 0 -91 0
33.189 2 DESIRED 0. 0.02 0. 0. 0. 655. 0. 15.
33.233 2 WP_MOVED 0 348907. 5945757. 660. 12
33.291 2 GPS 0 1130805120 0 0 -17000 0 0 0 66000 12 14
33.293 2 SVINFO 14 31 16 1 0 -91 0
33.330 2 ESTIMATOR 0. 0.
33.439 2 NAVIGATION 0 1 10959186. -5945715. 0. 1.55455284314e+14 0 0
33.442 2 ATTITUDE -0.163291 -1.599607 -0.025009
33.546 2 GPS 0 1130805120 0 0 -17000 0 0 0 66250 12 15
33.546 2 SVINFO 15 32 16 1 0 -91 0
33.733 2 WP_MOVED 1 348865. 5945715. 660. 12
33.791 2 GPS 0 1130805120 0 0 -17000 0 0 0 66500 12 16
33.793 2 SVINFO 0 1 0 1 0 -91 0
33.814 2 FBW_STATUS 2 0 1 38 0
33.831 2 ESTIMATOR 0. 0.
33.884 2 DOWNLINK_STATUS 0 34 15167 738 0 392. 18. 37.68
33.936 2 IMU_GYRO -0.031738 0.02124 -0.049805
33.939 2 ATTITUDE -0.16457 -1.599597 -0.026501
34.044 2 BAT 0 38 0 0 1 44 0 0
34.049 2 GPS 0 1130805120 0 0 -17000 0 0 0 66750 12 1
34.052 2 SVINFO 1 3 16 1 0 -91 0
34.245 2 DESIRED 0. 0.02 0. 0. 0. 655. 0. 15.
34.247 2 WP_MOVED 2 348895. 5945815. 660. 12
34.290 2 GPS 0 1130805120 0 0 -17000 0 0 0 67000 12 2
34.293 2 SVINFO 2 4 16 1 0 -91 0
34.332 2 DL_VALUE 29 100.
34.334 2 ESTIMATOR 0. 0.
34.438 2 NAVIGATION 0 1 10959186. -5945715. 0. 1.55455284314e+14 0 0
34.442 2 ATTITUDE -0.164846 -1.599913 -0.022239
34.545 2 GPS 0 1130805120 0 0 -17000 0 0 0 67250 12 3
34.546 2 SVINFO 3 5 16 1 0 -91 0
34.615 2 ACTUATORS |1000,1500,1474,1436,1436,1500|
34.634 2 NAVIGATION_REF 348865 5945715 12 605.
34.636 2 CALIBRATION 0. 0
34.715 2 COMMANDS |0,1201,522,0,0,0|
34.736 2 GPS_SOL 649623104 100000 9999 0
34.739 2 WP_MOVED 3 348965.09375 5945786. 660. 12
34.791 2 GPS 0 1130805120 0 0 -17000 0 0 0 67500 12 4
34.793 2 SVINFO 4 6 16 1 0 -91 0
34.830 2 ESTIMATOR 0. 0.
34.884 2 DOWNLINK_STATUS 0 35 15658 762 0 491. 24. 37.68
34.933 2 STATE_FILTER_STATUS 3 0
34.936 2 ATTITUDE -0.164179 -1.601968 -0.027472
35.045 2 IMU_GYRO -0.028564 0.023193 -0.037109
35.048 2 GPS 0 1130805120 0 0 -17000 0 0 0 67750 12 5
35.050 2 SVINFO 5 7 16 1 0 -91 0
35.134 2 PPRZ_MODE 2 0 0 0 0 6
35.138 2 BAT 0 38 0 0 1 45 0 0
35.238 2 ALIVE |157,248,0,145,71,2,179,136,45,141,249,199,114,222,72,145|
35.242 2 WP_MOVED 4 348764.6875 5945795. 660. 12
35.300 2 DESIRED 0. 0.02 0. 0. 0. 655. 0. 15.
35.306 2 GPS 0 1130805120 0 0 -17000 0 0 0 68000 12 6
35.307 2 SVINFO 6 19 16 1 0 -91 0
35.336 2 ENERGY 3.8 0. 0 0.
35.337 2 ESTIMATOR 0. 0.
35.417 2 PONG 
35.439 2 NAVIGATION 0 1 10959186. -5945715. 0. 1.55455284314e+14 0 0
35.442 2 ATTITUDE -0.159978 -1.601816 -0.03068
35.546 2 GPS 0 1130805120 0 0 -17000 0 0 0 68250 12 7
35.546 2 SVINFO 7 20 16 1 0 -91 0
35.629 2 DOWNLINK 0 454 1007
35.732 2 WP_MOVED 5 348740. 5945760. 660. 12
35.770 2 WIND_INFO 2 42 0. 0. 0.
35.790 2 GPS 0 1130805120 0 0 -17000 0 0 0 68500 12 8
35.794 2 SVINFO 8 21 16 1 0 -91 0
35.820 2 FBW_STATUS 2 0 1 38 0
35.836 2 DL_VALUE 30 0.
35.839 2 ESTIMATOR 0. 0.
35.884 2 DOWNLINK_STATUS 0 36 16160 788 0 502. 26. 37.69
35.932 2 ATTITUDE -0.151292 -1.599724 -0.028298
36.046 2 GPS 0 1130805120 0 0 -17000 0 0 0 68750 12 9
36.046 2 SVINFO 9 22 16 2 19 -91 0
36.132 2 IMU_GYRO -0.023193 0.031738 -0.054199
36.237 2 BAT 0 38 0 0 1 46 0 0
36.242 2 WP_MOVED 6 348665. 5945815. 660. 12
36.291 2 GPS 0 1130805120 0 0 -17000 0 0 0 69000 12 10
36.293 2 SVINFO 10 26 16 1 0 -91 0
36.343 2 DESIRED 0. 0.02 0. 0. 0. 655. 0. 15.
36.345 2 ESTIMATOR 0. 0.
36.439 2 NAVIGATION 0 1 10959186. -5945715. 0. 1.55455284314e+14 0 0
36.442 2 ATTITUDE -0.144295 -1.59816 -0.025092
36.541 2 GPS 0 1130805120 0 0 -17000 0 0 0 69250 12 11
36.548 2 SVINFO 11 28 16 1 0 -91 0
36.737 2 CALIBRATION 0. 0
36.739 2 GPS_SOL 649629376 100000 9999 0
36.744 2 WP_MOVED 7 349065. 5946015. 660. 12
36.791 2 GPS 0 1130805120 0 0 -17000 0 0 0 69500 12 12
36.793 2 SVINFO 12 29 16 1 0 -91 0
36.830 2 ESTIMATOR 0. 0.
36.885 2 DOWNLINK_STATUS 0 37 16583 808 0 423. 20. 37.69
36.931 2 ATTITUDE -0.142536 -1.599046 -0.020194
37.040 2 GPS 0 1130805120 0 0 -17000 0 0 0 69750 12 13
37.047 2 SVINFO 13 30 16 1 0 -91 0
37.236 2 IMU_GYRO -0.039307 0.013672 0.006348
37.239 2 WP_MOVED 0 348907. 5945757. 660. 12
37.290 2 GPS 0 1130805120 0 0 -17000 0 0 0 70000 12 14
37.293 2 SVINFO 14 31 16 1 0 -91 0
37.336 2 DL_VALUE 31 2.
37.340 2 BAT 0 38 0 0 1 47 0 0
37.343 2 ESTIMATOR 0. 0.
37.389 2 DESIRED 0. 0.01 0. 0. 0. 655. 0. 15.
37.439 2 NAVIGATION 0 1 10959186. -5945715. 0. 1.55455284314e+14 0 0
37.442 2 ATTITUDE -0.137843 -1.595911 -0.038776
37.541 2 GPS 0 1130805120 0 0 -17000 0 0 0 70250 12 15
37.548 2 SVINFO 15 32 16 1 0 -91 0
37.733 2 WP_MOVED 1 348865. 5945715. 660. 12
37.791 2 GPS 0 1130805120 0 0 -17000 0 0 0 70500 12 16
37.793 2 SVINFO 0 1 0 1 0 -91 0
37.814 2 FBW_STATUS 2 0 1 38 0
37.836 2 ENERGY 3.8 0. 0 0.
37.838 2 ESTIMATOR 0. 0.
37.885 2 DOWNLINK_STATUS 0 38 17024 829 0 441. 21. 37.69
37.931 2 ATTITUDE -0.104306 -1.581643 -0.036097
38.040 2 GPS 0 1130805120 0 0 -17000 0 0 0 70750 12 1
38.042 2 SVINFO 1 3 16 1 0 -91 0
38.232 2 WP_MOVED 2 348895. 5945815. 660. 12
38.290 2 GPS 0 1130805120 0 0 -17000 0 0 0 71000 12 2
38.293 2 SVINFO 2 4 16 1 0 -91 0
38.334 2 IMU_GYRO 0.016846 -0.076416 0.066895
38.337 2 ESTIMATOR 0. 0.
38.450 2 BAT 0 38 0 0 1 48 0 0
38.457 2 DESIRED 0. 0.01 0. 0. 0. 655. 0. 15.
38.461 2 NAVIGATION 0 1 10959186. -5945715. 0. 1.55455284314e+14 0 0
38.464 2 ATTITUDE -0.05293 -1.568273 -0.062717
38.540 2 GPS 0 1130805120 0 0 -17000 0 0 0 71250 12 3
38.543 2 SVINFO 3 5 16 1 0 -91 0
38.736 2 GPS_SOL 649635840 100000 9999 0
38.739 2 WP_MOVED 3 348965.09375 5945786. 660. 12
38.790 2 GPS 0 1130805120 0 0 -17000 0 0 0 71500 12 4
38.793 2 SVINFO 4 6 16 1 0 -91 0
38.834 2 CALIBRATION 0. 0
38.836 2 DL_VALUE 32 0.
38.839 2 ESTIMATOR 0. 0.
38.885 2 DOWNLINK_STATUS 0 39 17458 850 0 434. 21. 37.69
38.932 2 ATTITUDE -0.054596 -1.569224 -0.064514
39.040 2 GPS 0 1130805120 0 0 -17000 0 0 0 71750 12 5
39.043 2 SVINFO 5 7 16 1 0 -91 0
39.233 2 WP_MOVED 4 348764.6875 5945795. 660. 12
39.291 2 GPS 0 1130805120 0 0 -17000 0 0 0 72000 12 6
39.292 2 SVINFO 6 19 16 1 0 -91 0
39.330 2 ESTIMATOR 0. 0.
39.440 2 IMU_GYRO 0.011475 0.011475 -0.225586
39.446 2 NAVIGATION 0 1 10959186. -5945715. 0. 1.55455284314e+14 0 0
39.448 2 ATTITUDE -0.0563 -1.559123 -0.051791
39.490 2 DESIRED 0. 0.01 0. 0. 0. 655. 0. 15.
39.542 2 BAT 0 38 0 0 1 49 0 0
39.550 2 GPS 0 1130805120 0 0 -17000 0 0 0 72250 12 7
39.552 2 SVINFO 7 20 16 1 0 -91 0
39.615 2 ACTUATORS |1000,1500,1497,1476,1476,1500|
39.715 2 COMMANDS |0,387,-200,0,0,0|
39.732 2 WP_MOVED 5 348740. 5945760. 660. 12
39.790 2 GPS 0 1130805120 0 0 -17000 0 0 0 72500 12 8
39.793 2 SVINFO 8 21 16 1 0 -91 0
39.813 2 FBW_STATUS 2 0 1 38 0
39.830 2 ESTIMATOR 0. 0.
39.885 2 DOWNLINK_STATUS 0 40 17906 871 0 448. 21. 37.69
39.932 2 STATE_FILTER_STATUS 3 0
39.935 2 ATTITUDE -0.055463 -1.555189 0.05285
40.040 2 GPS 0 1130805120 0 0 -17000 0 0 0 72750 12 9
40.043 2 SVINFO 9 22 16 1 0 -91 0
40.129 2 PPRZ_MODE 2 0 0 0 0 6
40.238 2 ALIVE |157,248,0,145,71,2,179,136,45,141,249,199,114,222,72,145|
40.241 2 WP_MOVED 6 348665. 5945815. 660. 12
40.290 2 GPS 0 1130805120 0 0 -17000 0 0 0 73000 12 10
40.293 2 SVINFO 10 26 16 1 0 -91 0
40.338 2 ENERGY 3.8 0. 0 0.
40.340 2 DL_VALUE 33 0.
40.342 2 ESTIMATOR 0. 0.
40.418 2 PONG 
40.439 2 NAVIGATION 0 1 10959186. -5945715. 0. 1.55455284314e+14 0 0
40.443 2 ATTITUDE -0.052246 -1.554081 0.124244
40.552 2 IMU_GYRO -0.015869 0.007324 -0.153076
40.556 2 DESIRED 0. 0.01 0. 0. 0. 655. 0. 15.
40.562 2 GPS 0 1130805120 0 0 -17000 0 0 0 73250 12 11
40.564 2 SVINFO 11 28 16 1 0 -91 0
40.633 2 BAT 0 38 0 0 1 51 0 0
40.736 2 DOWNLINK 0 442 1117
40.739 2 GPS_SOL 649642560 100000 9999 0
40.743 2 WP_MOVED 7 349065. 5946015. 660. 12
40.790 2 GPS 0 1130805120 0 0 -17000 0 0 0 73500 12 12
40.792 2 SVINFO 12 29 16 1 0 -91 0
40.829 2 ESTIMATOR 0. 0.
40.886 2 DOWNLINK_STATUS 0 41 18410 897 0 504. 26. 37.71
40.932 2 CALIBRATION 0. 0
40.935 2 ATTITUDE -0.045984 -1.548039 0.159996
41.040 2 GPS 0 1130805120 0 0 -17000 0 0 0 73750 12 13
41.042 2 SVINFO 13 30 16 1 0 -91 0
41.232 2 WP_MOVED 0 348907. 5945757. 660. 12
41.290 2 GPS 0 1130805120 0 0 -17000 0 0 0 74000 12 14
41.293 2 SVINFO 14 31 16 1 0 -91 0
41.330 2 ESTIMATOR 0. 0.
41.438 2 NAVIGATION 0 1 10959186. -5945715. 0. 1.55455284314e+14 0 0
41.441 2 ATTITUDE -0.046951 -1.547558 0.06255
41.540 2 GPS 0 1130805120 0 0 -17000 0 0 0 74250 12 15
41.543 2 SVINFO 15 32 16 1 0 -91 0
41.589 2 DESIRED 0. 0.01 0. 0. 0. 655. 0. 15.
41.632 2 IMU_GYRO -0.043457 0.003174 0.226562
41.737 2 BAT 0 38 0 0 1 52 0 0
41.741 2 WP_MOVED 1 348865. 5945715. 660. 12
41.790 2 GPS 0 1130805120 0 0 -17000 0 0 0 74500 12 16
41.793 2 SVINFO 0 1 0 1 0 -91 0
41.813 2 FBW_STATUS 2 0 1 38 0
41.831 2 DL_VALUE 34 0.
41.833 2 ESTIMATOR 0. 0.
41.886 2 DOWNLINK_STATUS 0 42 18842 918 0 432. 21. 37.71
41.931 2 ATTITUDE -0.047132 -1.547079 -0.077344
42.040 2 GPS 0 1130805120 0 0 -17000 0 0 0 74750 12 1
42.042 2 SVINFO 1 3 16 1 0 -91 0
42.232 2 WP_MOVED 2 348895. 5945815. 660. 12
42.290 2 GPS 0 1130805120 0 0 -17000 0 0 0 75000 12 2
42.292 2 SVINFO 2 4 16 1 0 -91 0
42.330 2 ESTIMATOR 0. 0.
42.438 2 NAVIGATION 0 1 10959186. -5945715. 0. 1.55455284314e+14 0 0
42.441 2 ATTITUDE -0.047842 -1.541653 -0.098126
42.540 2 GPS 0 1130805120 0 0 -17000 0 0 0 75250 12 3
42.542 2 SVINFO 3 5 16 1 0 -91 0
42.639 2 DESIRED 0. 0.01 0. 0. 0. 655. 0. 15.
42.739 2 GPS_SOL 649649408 100000 9999 0
42.742 2 IMU_GYRO 0.025391 0.164795 -0.225586
42.746 2 WP_MOVED 3 348965.09375 5945786. 660. 12
42.790 2 GPS 0 1130805120 0 0 -17000 0 0 0 75500 12 4
42.793 2 SVINFO 4 6 16 1 0 -91 0
42.840 2 ENERGY 3.8 0. 0 0.
42.843 2 BAT 0 38 0 0 1 53 0 0
42.846 2 ESTIMATOR 0. 0.
42.886 2 DOWNLINK_STATUS 0 43 19274 938 0 432. 20. 37.71
42.931 2 ATTITUDE -0.093922 -1.525292 0.005941
43.039 2 CALIBRATION 0. 0
43.045 2 GPS 0 1130805120 0 0 -17000 0 0 0 75750 12 5
43.047 2 SVINFO 5 7 16 1 0 -91 0
43.232 2 WP_MOVED 4 348764.6875 5945795. 660. 12
43.290 2 GPS 0 1130805120 0 0 -17000 0 0 0 76000 12 6
43.293 2 SVINFO 6 9 16 1 0 -91 0
43.331 2 DL_VALUE 35 0.
43.334 2 ESTIMATOR 0. 0.
43.437 2 NAVIGATION 0 1 10959186. -5945715. 0. 1.55455284314e+14 0 0
43.441 2 ATTITUDE 0.037626 -1.52025 0.043354
43.540 2 GPS 0 1130805120 0 0 -17000 0 0 0 76250 12 7
43.542 2 SVINFO 7 10 16 1 0 -91 0
43.631 2 NAVIGATION_REF 348865 5945715 12 605.
43.689 2 DESIRED 0. 0.01 0. 0. 0. 655. 0. 15.
43.732 2 WP_MOVED 5 348740. 5945760. 660. 12
43.790 2 GPS 0 1130805120 0 0 -17000 0 0 0 76500 12 8
43.792 2 SVINFO 8 11 16 1 0 -91 0
43.813 2 FBW_STATUS 2 0 1 38 0
43.834 2 IMU_GYRO -0.114746 0.553223 -0.005127
43.836 2 ESTIMATOR 0. 0.
43.886 2 DOWNLINK_STATUS 0 44 19704 959 0 430. 21. 37.71
43.936 2 BAT 0 38 0 0 1 54 0 0
43.939 2 ATTITUDE -0.204907 -1.511473 0.005097
44.040 2 GPS 0 1130805120 0 0 -17000 0 0 0 76750 12 9
44.042 2 SVINFO 9 20 16 1 0 -91 0
44.232 2 WP_MOVED 6 348665. 5945815. 660. 12
44.290 2 GPS 0 1130805120 0 0 -17000 0 0 0 77000 12 10
44.292 2 SVINFO 10 24 16 1 0 -91 0
44.330 2 ESTIMATOR 0. 0.
44.438 2 NAVIGATION 0 1 10959186. -5945715. 0. 1.55455284314e+14 0 0
44.441 2 ATTITUDE -0.334239 -1.505489 -0.000723
44.540 2 GPS 0 1130805120 0 0 -17000 0 0 0 77250 12 11
44.543 2 SVINFO 11 26 16 1 0 -91 0
44.615 2 ACTUATORS |1000,1500,1469,1347,1347,1500|
44.715 2 COMMANDS |0,3042,650,0,0,0|
44.743 2 GPS_SOL 649656384 100000 9999 0
44.750 2 DESIRED 0. 0.04 0. 0. 0. 655. 0. 15.
44.753 2 WP_MOVED 7 349065. 5946015. 660. 12
44.791 2 GPS 0 1130805120 0 0 -17000 0 0 0 77500 12 12
44.792 2 SVINFO 12 29 16 1 0 -91 0
44.831 2 DL_VALUE 36 0.
44.833 2 ESTIMATOR 0. 0.
44.887 2 DOWNLINK_STATUS 0 45 20147 980 0 443. 21. 37.71
44.935 2 STATE_FILTER_STATUS 3 0
44.938 2 IMU_GYRO -0.009521 0.154297 -0.038086
44.941 2 ATTITUDE -0.398556 -1.518443 -0.016174
45.042 2 BAT 0 38 0 0 1 55 0 0
45.048 2 GPS 0 1130805120 0 0 -17000 0 0 0 77750 12 13
45.050 2 SVINFO 13 30 16 1 0 -91 0
45.131 2 PPRZ_MODE 2 0 0 0 0 6
45.133 2 CALIBRATION 0. 0
45.237 2 ALIVE |157,248,0,145,71,2,179,136,45,141,249,199,114,222,72,145|
45.241 2 WP_MOVED 0 348907. 5945757. 660. 12
45.290 2 GPS 0 1130805120 0 0 -17000 0 0 0 78000 12 14
45.292 2 SVINFO 14 31 16 1 0 -91 0
45.335 2 ENERGY 3.8 0. 0 0.
45.337 2 ESTIMATOR 0. 0.
45.418 2 PONG 
45.439 2 NAVIGATION 0 1 10959186. -5945715. 0. 1.55455284314e+14 0 0
45.442 2 ATTITUDE -0.444193 -1.519063 -0.023826
45.540 2 GPS 0 1130805120 0 0 -17000 0 0 0 78250 12 15
45.542 2 SVINFO 15 32 16 1 0 -91 0
45.732 2 WP_MOVED 1 348865. 5945715. 660. 12
45.770 2 WIND_INFO 2 42 0. 0. 0.
45.822 2 DESIRED 0. 0.05 0. 0. 0. 655. 0. 15.
45.828 2 GPS 0 1130805120 0 0 -17000 0 0 0 78500 12 16
45.830 2 SVINFO 0 1 0 1 0 -91 0
45.854 2 FBW_STATUS 2 0 1 38 0
45.870 2 DOWNLINK 0 455 1230
45.872 2 ESTIMATOR 0. 0.
45.887 2 DOWNLINK_STATUS 0 46 20649 1006 0 502. 26. 37.69
45.931 2 ATTITUDE -0.460078 -1.520998 -0.027592
46.041 2 IMU_GYRO -0.04248 0.046631 -0.056396
46.047 2 GPS 0 1130805120 0 0 -17000 0 0 0 78750 12 1
46.049 2 SVINFO 1 3 16 1 0 -91 0
46.133 2 BAT 0 38 0 0 1 56 0 0
46.231 2 WP_MOVED 2 348895. 5945815. 660. 12
46.290 2 GPS 0 1130805120 0 0 -17000 0 0 0 79000 12 2
46.292 2 SVINFO 2 4 16 1 0 -91 0
46.331 2 DL_VALUE 37 200.
46.334 2 ESTIMATOR 0. 0.
46.438 2 NAVIGATION 0 1 10959186. -5945715. 0. 1.55455284314e+14 0 0
46.441 2 ATTITUDE -0.460193 -1.523585 -0.030138
46.540 2 GPS 0 1130805120 0 0 -17000 0 0 0 79250 12 3
46.542 2 SVINFO 3 5 16 1 0 -91 0
46.735 2 GPS_SOL 649663680 100000 9999 0
46.738 2 WP_MOVED 3 348965.09375 5945786. 660. 12
46.790 2 GPS 0 1130805120 0 0 -17000 0 0 0 79500 12 4
46.792 2 SVINFO 4 6 16 1 0 -91 0
46.842 2 DESIRED 0. 0.05 0. 0. 0. 655. 0. 15.
46.844 2 ESTIMATOR 0. 0.
46.887 2 DOWNLINK_STATUS 0 47 21072 1026 0 423. 20. 37.69
46.931 2 ATTITUDE -0.468018 -1.524823 -0.028503
47.040 2 GPS 0 1130805120 0 0 -17000 0 0 0 79750 12 5
47.043 2 SVINFO 5 7 16 1 0 -91 0
47.131 2 IMU_GYRO -0.043457 0.049805 -0.041504
47.237 2 CALIBRATION 0. 0
47.241 2 BAT 0 38 0 0 1 57 0 0
47.245 2 WP_MOVED 4 348764.6875 5945795. 660. 12
47.290 2 GPS 0 1130805120 0 0 -17000 0 0 0 80000 12 6
47.292 2 SVINFO 6 10 16 1 0 -91 0
47.329 2 ESTIMATOR 0. 0.
47.438 2 NAVIGATION 0 1 10959186. -5945715. 0. 1.55455284314e+14 0 0
47.441 2 ATTITUDE -0.476795 -1.528126 -0.032288
47.539 2 GPS 0 1130805120 0 0 -17000 0 0 0 80250 12 7
47.542 2 SVINFO 7 11 16 1 0 -91 0
47.732 2 WP_MOVED 5 348740. 5945760. 660. 12
47.790 2 GPS 0 1130805120 0 0 -17000 0 0 0 80500 12 8
47.792 2 SVINFO 8 12 16 1 0 -91 0
47.813 2 FBW_STATUS 2 0 1 38 0
47.837 2 ENERGY 3.8 0. 0 0.
47.839 2 DL_VALUE 38 0.1
47.841 2 ESTIMATOR 0. 0.
47.888 2 DOWNLINK_STATUS 0 48 21486 1047 0 414. 21. 37.69
47.889 2 DESIRED 0. 0.05 0. 0. 0. 655. 0. 15.
47.931 2 ATTITUDE -0.483423 -1.527507 -0.034074
48.040 2 GPS 0 1130805120 0 0 -17000 0 0 0 80750 12 9
48.042 2 SVINFO 9 13 16 1 0 -91 0
48.235 2 IMU_GYRO -0.054199 0.051025 -0.060547
48.239 2 WP_MOVED 6 348665. 5945815. 660. 12
48.290 2 GPS 0 1130805120 0 0 -17000 0 0 0 81000 12 10
48.292 2 SVINFO 10 20 16 1 0 -91 0
48.335 2 BAT 0 38 0 0 1 58 0 0
48.339 2 ESTIMATOR 0. 0.
48.438 2 NAVIGATION 0 1 10959186. -5945715. 0. 1.55455284314e+14 0 0
48.441 2 ATTITUDE -0.487494 -1.533894 -0.037233
48.540 2 GPS 0 1130805120 0 0 -17000 0 0 0 81250 12 11
48.543 2 SVINFO 11 24 16 1 0 -91 0
48.734 2 GPS_SOL 649671040 100000 9999 0
48.738 2 WP_MOVED 7 349065. 5946015. 660. 12
48.789 2 GPS 0 1130805120 0 0 -17000 0 0 0 81500 12 12
48.792 2 SVINFO 12 26 16 1 0 -91 0
48.829 2 ESTIMATOR 0. 0.
48.889 2 DOWNLINK_STATUS 0 49 21898 1066 0 412. 19. 37.69
48.942 2 DESIRED 0. 0.05 0. 0. 0. 655. 0. 15.
48.945 2 ATTITUDE -0.464366 -1.530968 -0.038591
49.040 2 GPS 0 1130805120 0 0 -17000 0 0 0 81750 12 13
49.042 2 SVINFO 13 29 16 1 0 -91 0
49.232 2 WP_MOVED 0 348907. 5945757. 660. 12
49.290 2 GPS 0 1130805120 0 0 -17000 0 0 0 82000 12 14
49.292 2 SVINFO 14 31 16 1 0 -91 0
49.337 2 CALIBRATION 0. 0
49.339 2 DL_VALUE 39 0.
49.342 2 IMU_GYRO 0.014893 -0.138184 -0.055176
49.345 2 ESTIMATOR 0. 0.
49.442 2 BAT 0 38 0 0 1 59 0 0
49.446 2 NAVIGATION 0 1 10959186. -5945715. 0. 1.55455284314e+14 0 0
49.449 2 ATTITUDE -0.378937 -1.518231 -0.0331
49.540 2 GPS 0 1130805120 0 0 -17000 0 0 0 82250 12 15
49.542 2 SVINFO 15 32 16 1 0 -91 0
49.614 2 ACTUATORS |1000,1500,1460,1384,1384,1500|
49.715 2 COMMANDS |0,2244,753,0,0,0|
49.732 2 WP_MOVED 1 348865. 5945715. 660. 12
49.790 2 GPS 0 1130805120 0 0 -17000 0 0 0 82500 12 16
49.792 2 SVINFO 0 1 0 1 0 -91 0
49.813 2 FBW_STATUS 2 0 1 38 0
49.830 2 ESTIMATOR 0. 0.
49.889 2 DOWNLINK_STATUS 0 50 22368 1089 0 470. 23. 37.69
49.931 2 STATE_FILTER_STATUS 3 0
49.935 2 ATTITUDE -0.272216 -1.502544 -0.026704
49.989 2 DESIRED 0. 0.03 0. 0. 0. 655. 0. 15.
50.039 2 GPS 0 1130805120 0 0 -17000 0 0 0 82750 12 1
50.042 2 SVINFO 1 3 16 1 0 -91 0
50.128 2 PPRZ_MODE 2 0 0 0 0 6
50.237 2 ALIVE |157,248,0,145,71,2,179,136,45,141,249,199,114,222,72,145|
50.240 2 WP_MOVED 2 348895. 5945815. 660. 12
50.289 2 GPS 0 1130805120 0 0 -17000 0 0 0 83000 12 2
50.292 2 SVINFO 2 4 16 1 0 -91 0
50.334 2 ENERGY 3.8 0. 0 0.
50.337 2 ESTIMATOR 0. 0.
50.418 2 PONG 
50.440 2 IMU_GYRO -0.098877 0.174316 -0.05835
50.445 2 NAVIGATION 0 1 10959186. -5945715. 0. 1.55455284314e+14 0 0
50.448 2 ATTITUDE -0.182485 -1.504997 -0.019693
50.542 2 BAT 0 38 0 0 1 60 0 0
50.548 2 GPS 0 1130805120 0 0 -17000 0 0 0 83250 12 3
50.550 2 SVINFO 3 5 16 1 0 -91 0
50.735 2 GPS_SOL 649678592 100000 9999 0
50.738 2 WP_MOVED 3 348965.09375 5945786. 660. 12
50.790 2 GPS 0 1130805120 0 0 -17000 0 0 0 83500 12 4
50.792 2 SVINFO 4 6 16 1 0 -91 0
50.831 2 DL_VALUE 40 0.
50.834 2 ESTIMATOR 0. 0.
50.889 2 DOWNLINK_STATUS 0 51 22861 1114 0 493. 25. 37.65
50.932 2 DOWNLINK 0 438 1340
50.935 2 ATTITUDE -0.242028 -1.517244 -0.018064
51.049 2 DESIRED 0. 0.03 0. 0. 0. 655. 0. 15.
51.055 2 GPS 0 1130805120 0 0 -17000 0 0 0 83750 12 5
51.056 2 SVINFO 5 7 16 1 0 -91 0
51.232 2 WP_MOVED 4 348764.6875 5945795. 660. 12
51.289 2 GPS 0 1130805120 0 0 -17000 0 0 0 84000 12 6
51.291 2 SVINFO 6 10 16 1 0 -91 0
51.329 2 ESTIMATOR 0. 0.
51.437 2 CALIBRATION 0. 0
51.442 2 NAVIGATION 0 1 10959186. -5945715. 0. 1.55455284314e+14 0 0
51.445 2 ATTITUDE -0.377676 -1.536651 -0.012067
51.541 2 IMU_GYRO -0.016846 0.166016 -0.060547
51.546 2 GPS 0 1130805120 0 0 -17000 0 0 0 84250 12 7
51.549 2 SVINFO 7 11 16 1 0 -91 0
51.632 2 BAT 0 38 0 0 1 62 0 0
51.731 2 WP_MOVED 5 348740. 5945760. 660. 12
51.790 2 GPS 0 1130805120 0 0 -17000 0 0 0 84500 12 8
51.792 2 SVINFO 8 12 16 1 0 -91 0
51.813 2 FBW_STATUS 2 0 1 38 0
51.829 2 ESTIMATOR 0. 0.
51.889 2 DOWNLINK_STATUS 0 52 23293 1135 0 432. 21. 37.65
51.931 2 ATTITUDE -0.4811 -1.542208 -0.007453
52.040 2 GPS 0 1130805120 0 0 -17000 0 0 0 84750 12 9
52.042 2 SVINFO 9 13 16 1 0 -91 0
52.089 2 DESIRED 0. 0.05 0. 0. 0. 655. 0. 15.
52.232 2 WP_MOVED 6 348665. 5945815. 660. 12
52.290 2 GPS 0 1130805120 0 0 -17000 0 0 0 85000 12 10
52.292 2 SVINFO 10 14 16 1 0 -91 0
52.331 2 DL_VALUE 41 1500.
52.334 2 ESTIMATOR 0. 0.
52.438 2 NAVIGATION 0 1 10959186. -5945715. 0. 1.55455284314e+14 0 0
52.440 2 ATTITUDE -0.495511 -1.553303 -0.015778
52.539 2 GPS 0 1130805120 0 0 -17000 0 0 0 85250 12 11
52.541 2 SVINFO 11 15 16 1 0 -91 0
52.635 2 NAVIGATION_REF 348865 5945715 12 605.
52.638 2 IMU_GYRO 0.04248 -0.087158 -0.001953
52.739 2 GPS_SOL 649686400 100000 9999 0
52.742 2 BAT 0 38 0 0 1 63 0 0
52.746 2 WP_MOVED 7 349065. 5946015. 660. 12
52.789 2 GPS 0 1130805120 0 0 -17000 0 0 0 85500 12 12
52.792 2 SVINFO 12 20 16 1 0 -91 0
52.834 2 ENERGY 3.8 0. 0 0.
52.837 2 ESTIMATOR 0. 0.
52.889 2 DOWNLINK_STATUS 0 53 23755 1157 0 462. 22. 37.65
52.930 2 ATTITUDE -0.474185 -1.544317 -0.018851
53.039 2 GPS 0 1130805120 0 0 -17000 0 0 0 85750 12 13
53.042 2 SVINFO 13 29 16 1 0 -91 0
53.138 2 DESIRED 0. 0.05 0. 0. 0. 655. 0. 15.
53.232 2 WP_MOVED 0 348907. 5945757. 660. 12
53.289 2 GPS 0 1130805120 0 0 -17000 0 0 0 86000 12 14
53.292 2 SVINFO 14 31 16 1 0 -91 0
53.329 2 ESTIMATOR 0. 0.
53.438 2 NAVIGATION 0 1 10959186. -5945715. 0. 1.55455284314e+14 0 0
53.441 2 ATTITUDE -0.455658 -1.549284 -0.026615
53.538 2 CALIBRATION 0. 0
53.544 2 GPS 0 1130805120 0 0 -17000 0 0 0 86250 12 15
53.546 2 SVINFO 0 1 0 1 0 -91 0
53.735 2 IMU_GYRO -0.030762 0.073242 -0.052979
53.739 2 WP_MOVED 1 348865. 5945715. 660. 12
53.790 2 GPS 0 1130805120 0 0 -17000 0 0 0 86500 12 1
53.791 2 SVINFO 1 3 16 1 0 -91 0
53.812 2 FBW_STATUS 2 0 1 38 0
53.835 2 DL_VALUE 42 0.
53.839 2 BAT 0 38 0 0 1 64 0 0
53.841 2 ESTIMATOR 0. 0.
53.890 2 DOWNLINK_STATUS 0 54 24187 1178 0 432. 21. 37.65
53.930 2 ATTITUDE -0.483097 -1.550506 -0.022533
54.039 2 GPS 0 1130805120 0 0 -17000 0 0 0 86750 12 2
54.042 2 SVINFO 2 4 16 1 0 -91 0
54.188 2 DESIRED 0. 0.05 0. 0. 0. 655. 0. 15.
54.231 2 WP_MOVED 2 348895. 5945815. 660. 12
54.289 2 GPS 0 1130805120 0 0 -17000 0 0 0 87000 12 3
54.292 2 SVINFO 3 5 16 1 0 -91 0
54.335 2 ESTIMATOR 0. 0.
54.437 2 NAVIGATION 0 1 10959186. -5945715. 0. 1.55455284314e+14 0 0
54.441 2 ATTITUDE -0.486522 -1.546276 -0.026966
54.540 2 GPS 0 1130805120 0 0 -17000 0 0 0 87250 12 4
54.542 2 SVINFO 4 6 16 1 0 -91 0
54.614 2 ACTUATORS |1000,1500,1451,1308,1308,1500|
54.714 2 COMMANDS |0,3651,954,0,0,0|
54.735 2 GPS_SOL 649694336 100000 9999 0
54.738 2 WP_MOVED 3 348965.09375 5945786. 660. 12
54.790 2 GPS 0 1130805120 0 0 -17000 0 0 0 87500 12 5
54.792 2 SVINFO 5 7 16 1 0 -91 0
54.834 2 IMU_GYRO -0.025391 0.02124 -0.043457
54.836 2 ESTIMATOR 0. 0.
54.890 2 DOWNLINK_STATUS 0 55 24616 1198 0 429. 20. 37.65
54.935 2 STATE_FILTER_STATUS 3 0
54.939 2 BAT 0 38 0 0 1 65 0 0
54.943 2 ATTITUDE -0.487692 -1.5416 -0.029281
55.039 2 GPS 0 1130805120 0 0 -17000 0 0 0 87750 12 6
55.041 2 SVINFO 6 10 16 1 0 -91 0
55.128 2 PPRZ_MODE 2 0 0 0 0 6
55.244 2 ALIVE |157,248,0,145,71,2,179,136,45,141,249,199,114,222,72,145|
55.251 2 DESIRED 0. 0.05 0. 0. 0. 655. 0. 15.
55.255 2 WP_MOVED 4 348764.6875 5945795. 660. 12
55.289 2 GPS 0 1130805120 0 0 -17000 0 0 0 88000 12 7
55.291 2 SVINFO 7 11 16 1 0 -91 0
55.336 2 ENERGY 3.8 0. 0 0.
55.338 2 DL_VALUE 0 0.
55.341 2 ESTIMATOR 0. 0.
55.419 2 PONG 
55.440 2 NAVIGATION 0 1 10959186. -5945715. 0. 1.55455284314e+14 0 0
55.443 2 ATTITUDE -0.319701 -1.530835 -0.022863
55.539 2 GPS 0 1130805120 0 0 -17000 0 0 0 88250 12 8
55.542 2 SVINFO 8 12 16 1 0 -91 0
55.628 2 CALIBRATION 0. 0
55.731 2 WP_MOVED 5 348740. 5945760. 660. 12
55.771 2 WIND_INFO 2 42 0. 0. 0.
55.790 2 GPS 0 1130805120 0 0 -17000 0 0 0 88500 12 9
55.792 2 SVINFO 9 14 16 1 0 -91 0
55.819 2 FBW_STATUS 2 0 1 38 0
55.835 2 ESTIMATOR 0. 0.
55.890 2 DOWNLINK_STATUS 0 56 25100 1223 0 484. 25. 37.7
55.935 2 IMU_GYRO 0.041504 -0.261719 -0.143555
55.938 2 ATTITUDE -0.087322 -1.518017 0.004851
56.043 2 DOWNLINK 0 446 1451
56.046 2 BAT 0 38 0 0 1 66 0 0
56.052 2 GPS 0 1130805120 0 0 -17000 0 0 0 88750 12 10
56.054 2 SVINFO 10 16 0 1 0 -91 0
56.232 2 WP_MOVED 6 348665. 5945815. 660. 12
56.299 2 DESIRED 0. 0. 0. 0. 0. 655. 0. 15.
56.303 2 GPS 0 1130805120 0 0 -17000 0 0 0 89000 12 11
56.306 2 SVINFO 11 20 16 1 0 -91 0
56.328 2 ESTIMATOR 0. 0.
56.437 2 NAVIGATION 0 1 10959186. -5945715. 0. 1.55455284314e+14 0 0
56.440 2 ATTITUDE -0.035341 -1.515589 0.041696
56.539 2 GPS 0 1130805120 0 0 -17000 0 0 0 89250 12 12
56.541 2 SVINFO 12 28 16 1 0 -91 0
56.734 2 GPS_SOL 649702528 100000 9999 0
56.738 2 WP_MOVED 7 349065. 5946015. 660. 12
56.789 2 GPS 0 1130805120 0 0 -17000 0 0 0 89500 12 13
56.792 2 SVINFO 13 29 16 1 0 -91 0
56.831 2 DL_VALUE 1 0.
56.833 2 ESTIMATOR 0. 0.
56.890 2 DOWNLINK_STATUS 0 57 25534 1244 0 434. 21. 37.7
56.931 2 ATTITUDE -0.00295 -1.487358 0.050451
57.041 2 IMU_GYRO 0.028564 0. -0.064697
57.046 2 GPS 0 1130805120 0 0 -17000 0 0 0 89750 12 14
57.049 2 SVINFO 14 31 16 1 0 -91 0
57.132 2 BAT 0 38 0 0 1 67 0 0
57.231 2 WP_MOVED 0 348907. 5945757. 660. 12
57.290 2 GPS 0 1130805120 0 0 -17000 0 0 0 90000 12 15
57.291 2 SVINFO 15 32 16 1 0 -91 0
57.342 2 DESIRED 0. 0. 0. 0. 0. 655. 0. 15.
57.343 2 ESTIMATOR 0. 0.
57.438 2 NAVIGATION 0 1 10959186. -5945715. 0. 1.55455284314e+14 0 0
57.440 2 ATTITUDE 0.017523 -1.46318 0.023607
57.539 2 GPS 0 1130805120 0 0 -17000 0 0 0 90250 12 16
57.541 2 SVINFO 0 1 0 1 0 -91 0
57.732 2 CALIBRATION 0. 0
57.735 2 WP_MOVED 1 348865. 5945715. 660. 12
57.789 2 GPS 0 1130805120 0 0 -17000 0 0 0 90500 12 1
57.791 2 SVINFO 1 3 16 1 0 -91 0
57.812 2 FBW_STATUS 2 0 1 38 0
57.834 2 ENERGY 3.8 0. 0 0.
57.836 2 ESTIMATOR 0. 0.
57.890 2 DOWNLINK_STATUS 0 58 25975 1265 0 441. 21. 37.7
57.930 2 ATTITUDE -0.064133 -1.466359 0.030161
58.039 2 GPS 0 1130805120 0 0 -17000 0 0 0 90750 12 2
58.042 2 SVINFO 2 4 16 1 0 -91 0
58.130 2 IMU_GYRO -0.031738 0.07959 -0.037109
58.236 2 BAT 0 38 0 0 1 68 0 0
58.239 2 WP_MOVED 2 348895. 5945815. 660. 12
58.289 2 GPS 0 1130805120 0 0 -17000 0 0 0 91000 12 3
58.292 2 SVINFO 3 5 16 1 0 -91 0
58.331 2 DL_VALUE 2 655.
58.333 2 ESTIMATOR 0. 0.
58.388 2 DESIRED 0. 0.01 0. 0. 0. 655. 0. 15.
58.438 2 NAVIGATION 0 1 10959186. -5945715. 0. 1.55455284314e+14 0 0
58.441 2 ATTITUDE -0.064912 -1.465852 0.013442
58.539 2 GPS 0 1130805120 0 0 -17000 0 0 0 91250 12 4
58.542 2 SVINFO 4 6 16 1 0 -91 0
58.734 2 GPS_SOL 649710784 100000 9999 0
58.737 2 WP_MOVED 3 348965.09375 5945786. 660. 12
58.789 2 GPS 0 1130805120 0 0 -17000 0 0 0 91500 12 5
58.791 2 SVINFO 5 7 16 1 0 -91 0
58.828 2 ESTIMATOR 0. 0.
58.891 2 DOWNLINK_STATUS 0 59 26398 1285 0 423. 20. 37.7
58.930 2 ATTITUDE -0.071161 -1.47171 0.003917
59.039 2 GPS 0 1130805120 0 0 -17000 0 0 0 91750 12 6
59.041 2 SVINFO 6 10 16 1 0 -91 0
59.234 2 IMU_GYRO -0.081787 0.001953 -0.030762
59.238 2 WP_MOVED 4 348764.6875 5945795. 660. 12
59.289 2 GPS 0 1130805120 0 0 -17000 0 0 0 92000 12 7
59.292 2 SVINFO 7 11 16 1 0 -91 0
59.334 2 BAT 0 38 0 0 1 69 0 0
59.337 2 ESTIMATOR 0. 0.
59.447 2 DESIRED 0. 0.01 0. 0. 0. 655. 0. 15.
59.452 2 NAVIGATION 0 1 10959186. -5945715. 0. 1.55455284314e+14 0 0
59.455 2 ATTITUDE -0.06805 -1.482584 -0.000975
59.539 2 GPS 0 1130805120 0 0 -17000 0 0 0 92250 12 8
59.542 2 SVINFO 8 12 16 1 0 -91 0
59.614 2 ACTUATORS |1000,1500,1477,1475,1475,1500|
59.714 2 COMMANDS |0,501,596,0,0,0|
59.731 2 WP_MOVED 5 348740. 5945760. 660. 12
59.789 2 GPS 0 1130805120 0 0 -17000 0 0 0 92500 12 9
59.792 2 SVINFO 9 14 16 1 0 -91 0
59.812 2 FBW_STATUS 2 0 1 37 0
59.832 2 CALIBRATION 0. 0
59.834 2 DL_VALUE 3 0.
59.837 2 ESTIMATOR 0. 0.
59.891 2 DOWNLINK_STATUS 0 60 26868 1308 0 470. 23. 37.7
59.930 2 STATE_FILTER_STATUS 3 0
59.933 2 ATTITUDE -0.068331 -1.474805 -0.021664
60.039 2 GPS 0 1130805120 0 0 -17000 0 0 0 92750 12 10
60.041 2 SVINFO 10 17 16 1 0 -91 0
60.127 2 PPRZ_MODE 2 0 0 0 0 6
60.237 2 ALIVE |157,248,0,145,71,2,179,136,45,141,249,199,114,222,72,145|
60.239 2 WP_MOVED 6 348665. 5945815. 660. 12
60.289 2 GPS 0 1130805120 0 0 -17000 0 0 0 93000 12 11
60.291 2 SVINFO 11 20 16 1 0 -91 0
60.338 2 ENERGY 3.8 0. 0 0.
60.341 2 IMU_GYRO -0.056396 0.026367 -0.045654
60.343 2 ESTIMATOR 0. 0.
60.420 2 PONG 
60.441 2 BAT 0 38 0 0 1 70 0 0
60.446 2 NAVIGATION 0 1 10959186. -5945715. 0. 1.55455284314e+14 0 0
60.449 2 ATTITUDE -0.068799 -1.498659 -0.003307
60.488 2 DESIRED 0. 0.01 0. 0. 0. 655. 0. 15.
60.539 2 GPS 0 1130805120 0 0 -17000 0 0 0 93250 12 12
60.541 2 SVINFO 12 28 16 1 0 -91 0
60.734 2 GPS_SOL 649719296 100000 9999 0
60.738 2 WP_MOVED 7 349065. 5946015. 660. 12
60.789 2 GPS 0 1130805120 0 0 -17000 0 0 0 93500 12 13
60.792 2 SVINFO 13 30 16 1 0 -91 0
60.829 2 ESTIMATOR 0. 0.
60.891 2 DOWNLINK_STATUS 0 61 27350 1332 0 482. 24. 37.73
60.930 2 ATTITUDE -0.067912 -1.495272 -0.038749
61.039 2 GPS 0 1130805120 0 0 -17000 0 0 0 93750 12 14
61.042 2 SVINFO 14 31 16 1 0 -91 0
61.128 2 DOWNLINK 0 446 1561
61.231 2 WP_MOVED 0 348907. 5945757. 660. 12
61.288 2 GPS 0 1130805120 0 0 -17000 0 0 0 94000 12 15
61.291 2 SVINFO 15 32 16 1 0 -91 0
61.331 2 DL_VALUE 4 0.
61.332 2 ESTIMATOR 0. 0.
61.439 2 IMU_GYRO -0.027588 0.013672 -0.062744
61.444 2 NAVIGATION 0 1 10959186. -5945715. 0. 1.55455284314e+14 0 0
61.447 2 ATTITUDE -0.067691 -1.494193 -0.04365
61.550 2 BAT 0 38 0 0 1 71 0 0
61.557 2 DESIRED 0. 0.01 0. 0. 0. 655. 0. 15.
61.563 2 GPS 0 1130805120 0 0 -17000 0 0 0 94250 12 16
61.564 2 SVINFO 0 1 0 1 0 -91 0
61.631 2 NAVIGATION_REF 348865 5945715 12 605.
61.731 2 WP_MOVED 1 348865. 5945715. 660. 12
61.789 2 GPS 0 1130805120 0 0 -17000 0 0 0 94500 12 1
61.791 2 SVINFO 1 3 16 1 0 -91 0
61.812 2 FBW_STATUS 2 0 1 38 0
61.828 2 ESTIMATOR 0. 0.
61.892 2 DOWNLINK_STATUS 0 62 27801 1354 0 451. 22. 37.73
61.931 2 CALIBRATION 0. 0
61.934 2 ATTITUDE -0.067798 -1.494288 -0.043087
62.039 2 GPS 0 1130805120 0 0 -17000 0 0 0 94750 12 2
62.041 2 SVINFO 2 4 16 1 0 -91 0
62.231 2 WP_MOVED 2 348895. 5945815. 660. 12
62.289 2 GPS 0 1130805120 0 0 -17000 0 0 0 95000 12 3
62.291 2 SVINFO 3 5 16 1 0 -91 0
62.329 2 ESTIMATOR 0. 0.
62.437 2 NAVIGATION 0 1 10959186. -5945715. 0. 1.55455284314e+14 0 0
62.441 2 ATTITUDE -0.067831 -1.494123 -0.042778
62.541 2 IMU_GYRO -0.028564 0.022217 -0.049805
62.546 2 GPS 0 1130805120 0 0 -17000 0 0 0 95250 12 4
62.549 2 SVINFO 4 6 16 1 0 -91 0
62.588 2 DESIRED 0. 0.01 0. 0. 0. 655. 0. 15.
62.632 2 BAT 0 38 0 0 1 73 0 0
62.734 2 GPS_SOL 649728000 100000 9999 0
62.738 2 WP_MOVED 3 348965.09375 5945786. 660. 12
62.790 2 GPS 0 1130805120 0 0 -17000 0 0 0 95500 12 5
62.791 2 SVINFO 5 7 16 1 0 -91 0
62.837 2 ENERGY 3.8 0. 0 0.
62.839 2 DL_VALUE 5 0.
62.840 2 ESTIMATOR 0. 0.
62.892 2 DOWNLINK_STATUS 0 63 28255 1376 0 454. 22. 37.73
62.930 2 ATTITUDE -0.067786 -1.494044 -0.042647
63.039 2 GPS 0 1130805120 0 0 -17000 0 0 0 95750 12 6
63.041 2 SVINFO 6 10 16 1 0 -91 0
63.231 2 WP_MOVED 4 348764.6875 5945795. 660. 12
63.289 2 GPS 0 1130805120 0 0 -17000 0 0 0 96000 12 7
63.291 2 SVINFO 7 11 16 1 0 -91 0
63.329 2 ESTIMATOR 0. 0.
63.437 2 NAVIGATION 0 1 10959186. -5945715. 0. 1.55455284314e+14 0 0
63.440 2 ATTITUDE -0.06787 -1.493881 -0.042465
63.539 2 GPS 0 1130805120 0 0 -17000 0 0 0 96250 12 8
63.542 2 SVINFO 8 12 16 1 0 -91 0
63.638 2 IMU_GYRO -0.028564 0.024414 -0.049805
63.645 2 DESIRED 0. 0.01 0. 0. 0. 655. 0. 15.
63.736 2 BAT 0 38 0 0 1 74 0 0
63.739 2 WP_MOVED 5 348740. 5945760. 660. 12
63.789 2 GPS 0 1130805120 0 0 -17000 0 0 0 96500 12 9
63.792 2 SVINFO 9 14 16 1 0 -91 0
63.812 2 FBW_STATUS 2 0 1 38 0
63.829 2 ESTIMATOR 0. 0.
63.892 2 DOWNLINK_STATUS 0 64 28665 1395 0 410. 19. 37.73
63.931 2 ATTITUDE -0.06778 -1.493881 -0.042382
64.037 2 CALIBRATION 0. 0
64.043 2 GPS 0 1130805120 0 0 -17000 0 0 0 96750 12 10
64.045 2 SVINFO 10 17 16 1 0 -91 0
64.231 2 WP_MOVED 6 348665. 5945815. 660. 12
64.289 2 GPS 0 1130805120 0 0 -17000 0 0 0 97000 12 11
64.291 2 SVINFO 11 18 16 1 0 -91 0
64.330 2 DL_VALUE 6 100.
64.333 2 ESTIMATOR 0. 0.
64.437 2 NAVIGATION 0 1 10959186. -5945715. 0. 1.55455284314e+14 0 0
64.440 2 ATTITUDE -0.067771 -1.493966 -0.042213
64.539 2 GPS 0 1130805120 0 0 -17000 0 0 0 97250 12 12
64.541 2 SVINFO 12 20 16 1 0 -91 0
64.613 2 ACTUATORS |1000,1500,1470,1474,1474,1500|
64.688 2 DESIRED 0. 0.01 0. 0. 0. 655. 0. 15.
64.714 2 COMMANDS |0,509,589,0,0,0|
64.738 2 GPS_SOL 649736896 100000 9999 0
64.741 2 IMU_GYRO -0.027588 0.02124 -0.049805
64.744 2 WP_MOVED 7 349065. 5946015. 660. 12
64.789 2 GPS 0 1130805120 0 0 -17000 0 0 0 97500 12 13
64.791 2 SVINFO 13 23 16 1 0 -91 0
64.834 2 BAT 0 38 0 0 1 75 0 0
64.837 2 ESTIMATOR 0. 0.
64.893 2 DOWNLINK_STATUS 0 65 29137 1418 0 472. 23. 37.73
64.931 2 STATE_FILTER_STATUS 3 0
64.934 2 ATTITUDE -0.067858 -1.493802 -0.042117
65.039 2 GPS 0 1130805120 0 0 -17000 0 0 0 97750 12 14
65.042 2 SVINFO 14 31 16 1 0 -91 0
65.128 2 PPRZ_MODE 2 0 0 0 0 6
65.237 2 ALIVE |157,248,0,145,71,2,179,136,45,141,249,199,114,222,72,145|
65.239 2 WP_MOVED 0 348907. 5945757. 660. 12
65.288 2 GPS 0 1130805120 0 0 -17000 0 0 0 98000 12 15
65.291 2 SVINFO 15 32 16 1 0 -91 0
65.333 2 ENERGY 3.7 0. 0 0.
65.336 2 ESTIMATOR 0. 0.
65.420 2 PONG 
65.443 2 NAVIGATION 0 1 10959186. -5945715. 0. 1.55455284314e+14 0 0
65.446 2 ATTITUDE -0.068023 -1.493807 -0.041938
65.539 2 GPS 0 1130805120 0 0 -17000 0 0 0 98250 12 16
65.541 2 SVINFO 0 1 0 1 0 -91 0
65.742 2 DESIRED 0. 0.01 0. 0. 0. 655. 0. 15.
65.745 2 WP_MOVED 1 348865. 5945715. 660. 12
65.789 2 GPS 0 1130805120 0 0 -17000 0 0 0 98500 12 1
65.791 2 SVINFO 1 3 16 1 0 -91 0
65.812 2 FBW_STATUS 2 0 1 38 0
65.834 2 DL_VALUE 7 2.
65.837 2 IMU_GYRO -0.029785 0.02124 -0.049805
65.840 2 ESTIMATOR 0. 0.
65.893 2 DOWNLINK_STATUS 0 66 29607 1442 0 470. 24. 37.78
65.935 2 BAT 0 38 0 0 1 76 0 0
65.938 2 ATTITUDE -0.068059 -1.493806 -0.041808
66.039 2 GPS 0 1130805120 0 0 -17000 0 0 0 98750 12 2
66.041 2 SVINFO 2 4 16 1 0 -91 0
66.127 2 CALIBRATION 0. 0
66.232 2 DOWNLINK 0 448 1673
66.235 2 WP_MOVED 2 348895. 5945815. 660. 12
66.289 2 GPS 0 1130805120 0 0 -17000 0 0 0 99000 12 3
66.291 2 SVINFO 3 5 16 1 0 -91 0
66.329 2 ESTIMATOR 0. 0.
66.437 2 NAVIGATION 0 1 10959186. -5945715. 0. 1.55455284314e+14 0 0
66.440 2 ATTITUDE -0.068056 -1.493807 -0.041721
66.539 2 GPS 0 1130805120 0 0 -17000 0 0 0 99250 12 4
66.542 2 SVINFO 4 6 16 1 0 -91 0
66.733 2 GPS_SOL 649745920 100000 9999 0
66.737 2 WP_MOVED 3 348965.09375 5945786. 660. 12
66.797 2 DESIRED 0. 0.01 0. 0. 0. 655. 0. 15.
66.803 2 GPS 0 1130805120 0 0 -17000 0 0 0 99500 12 5
66.805 2 SVINFO 5 7 16 1 0 -91 0
66.828 2 ESTIMATOR 0. 0.
66.894 2 DOWNLINK_STATUS 0 67 30023 1462 0 416. 20. 37.78
66.933 2 IMU_GYRO -0.029785 0.024414 -0.049805
66.936 2 ATTITUDE -0.068096 -1.493812 -0.04159
67.041 2 BAT 0 38 0 0 1 77 0 0
67.047 2 GPS 0 1130805120 0 0 -17000 0 0 0 99750 12 6
67.049 2 SVINFO 6 10 16 1 0 -91 0
67.230 2 WP_MOVED 4 348764.6875 5945795. 660. 12
67.289 2 GPS 0 1130805120 0 0 -17000 0 0 0 100000 12 7
67.291 2 SVINFO 7 11 16 1 0 -91 0
67.330 2 DL_VALUE 8 0.
67.332 2 ESTIMATOR 0. 0.
67.437 2 NAVIGATION 0 1 10959186. -5945715. 0. 1.55455284314e+14 0 0
67.440 2 ATTITUDE -0.068094 -1.49373 -0.041501
67.543 2 GPS 0 1130805120 0 0 -17000 0 0 0 100250 12 8
67.543 2 SVINFO 8 12 16 1 0 -91 0
67.731 2 WP_MOVED 5 348740. 5945760. 660. 12
67.789 2 GPS 0 1130805120 0 0 -17000 0 0 0 100500 12 9
67.791 2 SVINFO 9 14 16 1 0 -91 0
67.812 2 FBW_STATUS 2 0 1 38 0
67.842 2 ENERGY 3.8 0. 0 0.
67.849 2 DESIRED 0. 0.01 0. 0. 0. 655. 0. 15.
67.851 2 ESTIMATOR 0. 0.
67.894 2 DOWNLINK_STATUS 0 68 30464 1483 0 441. 21. 37.78
67.930 2 ATTITUDE -0.068093 -1.493648 -0.041412
68.039 2 IMU_GYRO -0.029785 0.023193 -0.048828
68.045 2 GPS 0 1130805120 0 0 -17000 0 0 0 100750 12 10
68.047 2 SVINFO 10 17 16 1 0 -91 0
68.130 2 BAT 0 38 0 0 1 78 0 0
68.231 2 CALIBRATION 0. 0
68.235 2 WP_MOVED 6 348665. 5945815. 660. 12
68.288 2 GPS 0 1130805120 0 0 -17000 0 0 0 101000 12 11
68.291 2 SVINFO 11 18 16 1 0 -91 0
68.328 2 ESTIMATOR 0. 0.
68.437 2 NAVIGATION 0 1 10959186. -5945715. 0. 1.55455284314e+14 0 0
68.440 2 ATTITUDE -0.068091 -1.493567 -0.041323
68.538 2 GPS 0 1130805120 0 0 -17000 0 0 0 101250 12 12
68.541 2 SVINFO 12 20 16 1 0 -91 0
68.734 2 GPS_SOL 649755136 100000 9999 0
68.737 2 WP_MOVED 7 349065. 5946015. 660. 12
68.789 2 GPS 0 1130805120 0 0 -17000 0 0 0 101500 12 13
68.791 2 SVINFO 13 23 16 1 0 -91 0
68.830 2 DL_VALUE 9 1.
68.833 2 ESTIMATOR 0. 0.
68.888 2 DESIRED 0. 0.01 0. 0. 0. 655. 0. 15.
68.895 2 DOWNLINK_STATUS 0 69 30898 1504 0 434. 21. 37.78
68.930 2 ATTITUDE -0.068046 -1.49348 -0.041279
69.039 2 GPS 0 1130805120 0 0 -17000 0 0 0 101750 12 14
69.041 2 SVINFO 14 23 16 1 0 -91 0
69.130 2 IMU_GYRO -0.031738 0.02124 -0.049805
69.236 2 BAT 0 38 0 0 1 79 0 0
69.239 2 WP_MOVED 0 348907. 5945757. 660. 12
69.289 2 GPS 0 1130805120 0 0 -17000 0 0 0 102000 12 15
69.291 2 SVINFO 15 31 16 1 0 -91 0
69.329 2 ESTIMATOR 0. 0.
69.437 2 NAVIGATION 0 1 10959186. -5945715. 0. 1.55455284314e+14 0 0
69.440 2 ATTITUDE -0.067834 -1.49348 -0.04133
69.538 2 GPS 0 1130805120 0 0 -17000 0 0 0 102250 12 16
69.541 2 SVINFO 0 1 0 1 0 -91 0
69.613 2 ACTUATORS |1000,1500,1470,1474,1474,1500|
69.713 2 COMMANDS |0,510,579,0,0,0|
69.730 2 WP_MOVED 1 348865. 5945715. 660. 12
69.788 2 GPS 0 1130805120 0 0 -17000 0 0 0 102500 12 1
69.791 2 SVINFO 1 2 16 1 0 -91 0
69.812 2 FBW_STATUS 2 0 1 38 0
69.828 2 ESTIMATOR 0. 0.
69.896 2 DOWNLINK_STATUS 0 70 31308 1524 0 410. 20. 37.78
69.938 2 STATE_FILTER_STATUS 3 0
69.945 2 DESIRED 0. 0.01 0. 0. 0. 655. 0. 15.
69.948 2 ATTITUDE -0.06783 -1.493481 -0.041243
70.038 2 GPS 0 1130805120 0 0 -17000 0 0 0 102750 12 2
70.041 2 SVINFO 2 3 16 1 0 -91 0
70.127 2 PPRZ_MODE 2 0 0 0 0 6
70.240 2 ALIVE |157,248,0,145,71,2,179,136,45,141,249,199,114,222,72,145|
70.243 2 IMU_GYRO -0.029785 0.023193 -0.049805
70.246 2 WP_MOVED 2 348895. 5945815. 660. 12
70.289 2 GPS 0 1130805120 0 0 -17000 0 0 0 103000 12 3
70.291 2 SVINFO 3 4 16 1 0 -91 0
70.343 2 ENERGY 3.8 0. 0 0.
70.345 2 CALIBRATION 0. 0
70.347 2 DL_VALUE 10 0.
70.350 2 BAT 0 38 0 0 1 80 0 0
70.353 2 ESTIMATOR 0. 0.
70.421 2 PONG 
70.442 2 NAVIGATION 0 1 10959186. -5945715. 0. 1.55455284314e+14 0 0
70.446 2 ATTITUDE -0.067654 -1.493315 -0.041072
70.539 2 GPS 0 1130805120 0 0 -17000 0 0 0 103250 12 4
70.541 2 SVINFO 4 5 16 1 0 -91 0
70.630 2 NAVIGATION_REF 348865 5945715 12 605.
70.734 2 GPS_SOL 649764608 100000 9999 0
70.738 2 WP_MOVED 3 348965.09375 5945786. 660. 12
70.788 2 GPS 0 1130805120 0 0 -17000 0 0 0 103500 12 5
70.790 2 SVINFO 5 6 16 1 0 -91 0
70.828 2 ESTIMATOR 0. 0.
70.896 2 DOWNLINK_STATUS 0 71 31831 1551 0 523. 27. 37.63
70.929 2 ATTITUDE -0.067564 -1.493315 -0.040989
70.987 2 DESIRED 0. 0.01 0. 0. 0. 655. 0. 15.
71.038 2 GPS 0 1130805120 0 0 -17000 0 0 0 103750 12 6
71.041 2 SVINFO 6 7 16 1 0 -91 0
71.230 2 WP_MOVED 4 348764.6875 5945795. 660. 12
71.288 2 GPS 0 1130805120 0 0 -17000 0 0 0 104000 12 7
71.291 2 SVINFO 7 8 16 1 0 -91 0
71.334 2 DOWNLINK 0 450 1784
71.337 2 IMU_GYRO -0.029785 0.022217 -0.049805
71.339 2 ESTIMATOR 0. 0.
71.440 2 BAT 0 38 0 0 1 81 0 0
71.445 2 NAVIGATION 0 1 10959186. -5945715. 0. 1.55455284314e+14 0 0
71.448 2 ATTITUDE -0.067474 -1.49315 -0.040814
71.539 2 GPS 0 1130805120 0 0 -17000 0 0 0 104250 12 8
71.541 2 SVINFO 8 10 16 1 0 -91 0
71.731 2 WP_MOVED 5 348740. 5945760. 660. 12
71.789 2 GPS 0 1130805120 0 0 -17000 0 0 0 104500 12 9
71.791 2 SVINFO 9 11 16 1 0 -91 0
71.812 2 FBW_STATUS 2 0 1 38 0
71.830 2 DL_VALUE 11 0.
71.833 2 ESTIMATOR 0. 0.
71.896 2 DOWNLINK_STATUS 0 72 32263 1572 0 432. 21. 37.63
71.930 2 ATTITUDE -0.067294 -1.493315 -0.04074
72.048 2 DESIRED 0. 0.01 0. 0. 0. 655. 0. 15.
72.054 2 GPS 0 1130805120 0 0 -17000 0 0 0 104750 12 10
72.056 2 SVINFO 10 12 16 1 0 -91 0
72.231 2 WP_MOVED 6 348665. 5945815. 660. 12
72.288 2 GPS 0 1130805120 0 0 -17000 0 0 0 105000 12 11
72.290 2 SVINFO 11 14 16 1 0 -91 0
72.328 2 ESTIMATOR 0. 0.
72.440 2 CALIBRATION 0. 0
72.443 2 IMU_GYRO -0.030762 0.022217 -0.048828
72.448 2 NAVIGATION 0 1 10959186. -5945715. 0. 1.55455284314e+14 0 0
72.451 2 ATTITUDE -0.067535 -1.493819 -0.040574
72.541 2 BAT 0 38 0 0 1 82 0 0
72.546 2 GPS 0 1130805120 0 0 -17000 0 0 0 105250 12 12
72.549 2 SVINFO 12 17 16 1 0 -91 0
72.733 2 GPS_SOL 649774272 100000 9999 0
72.737 2 WP_MOVED 7 349065. 5946015. 660. 12
72.788 2 GPS 0 1130805120 0 0 -17000 0 0 0 105500 12 13
72.791 2 SVINFO 13 18 16 1 0 -91 0
72.833 2 ENERGY 3.8 0. 0 0.
72.836 2 ESTIMATOR 0. 0.
72.897 2 DOWNLINK_STATUS 0 73 32706 1593 0 443. 21. 37.63
72.930 2 ATTITUDE -0.067579 -1.493823 -0.040529
73.039 2 GPS 0 1130805120 0 0 -17000 0 0 0 105750 12 14
73.041 2 SVINFO 14 20 16 1 0 -91 0
73.091 2 DESIRED 0. 0.01 0. 0. 0. 655. 0. 15.
73.231 2 WP_MOVED 0 348907. 5945757. 660. 12
73.289 2 GPS 0 1130805120 0 0 -17000 0 0 0 106000 12 15
73.291 2 SVINFO 15 23 16 1 0 -91 0
73.330 2 DL_VALUE 12 12000.
73.333 2 ESTIMATOR 0. 0.
73.437 2 NAVIGATION 0 1 10959186. -5945715. 0. 1.55455284314e+14 0 0
73.440 2 ATTITUDE -0.067447 -1.493571 -0.040397
73.539 2 IMU_GYRO -0.029785 0.02124 -0.049805
73.545 2 GPS 0 1130805120 0 0 -17000 0 0 0 106250 12 16
73.547 2 SVINFO 0 2 16 1 0 -91 0
73.630 2 BAT 0 38 0 0 1 84 0 0
73.730 2 WP_MOVED 1 348865. 5945715. 660. 12
73.788 2 GPS 0 1130805120 0 0 -17000 0 0 0 106500 12 1
73.791 2 SVINFO 1 3 16 1 0 -91 0
73.811 2 FBW_STATUS 2 0 1 38 0
73.828 2 ESTIMATOR 0. 0.
73.897 2 DOWNLINK_STATUS 0 74 33127 1613 0 421. 20. 37.63
73.929 2 ATTITUDE -0.06732 -1.49349 -0.040355
74.038 2 GPS 0 1130805120 0 0 -17000 0 0 0 106750 12 2
74.041 2 SVINFO 2 4 16 1 0 -91 0
74.137 2 DESIRED 0. 0.01 0. 0. 0. 655. 0. 15.
74.230 2 WP_MOVED 2 348895. 5945815. 660. 12
74.288 2 GPS 0 1130805120 0 0 -17000 0 0 0 107000 12 3
74.290 2 SVINFO 3 5 16 1 0 -91 0
74.328 2 ESTIMATOR 0. 0.
74.437 2 NAVIGATION 0 1 10959186. -5945715. 0. 1.55455284314e+14 0 0
74.440 2 ATTITUDE -0.067275 -1.493238 -0.040219
74.537 2 CALIBRATION 0. 0
74.543 2 GPS 0 1130805120 0 0 -17000 0 0 0 107250 12 4
74.545 2 SVINFO 4 6 16 1 0 -91 0
74.613 2 ACTUATORS |1000,1500,1471,1474,1474,1500|
74.630 2 IMU_GYRO -0.030762 0.019043 -0.049805
74.713 2 COMMANDS |0,505,569,0,0,0|
74.738 2 GPS_SOL 649784000 100000 9999 0
74.742 2 BAT 0 38 0 0 1 85 0 0
74.745 2 WP_MOVED 3 348965.09375 5945786. 660. 12
74.789 2 GPS 0 1130805120 0 0 -17000 0 0 0 107500 12 5
74.791 2 SVINFO 5 7 16 1 0 -91 0
74.829 2 DL_VALUE 13 1.5
74.832 2 ESTIMATOR 0. 0.
74.897 2 DOWNLINK_STATUS 0 75 33599 1636 0 472. 23. 37.63
74.929 2 STATE_FILTER_STATUS 3 0
74.933 2 ATTITUDE -0.067147 -1.493157 -0.040178
75.038 2 GPS 0 1130805120 0 0 -17000 0 0 0 107750 12 6
75.040 2 SVINFO 6 8 16 1 0 -91 0
75.127 2 PPRZ_MODE 2 0 0 0 0 6
75.187 2 DESIRED 0. 0.01 0. 0. 0. 655. 0. 15.
75.235 2 ALIVE |157,248,0,145,71,2,179,136,45,141,249,199,114,222,72,145|
75.239 2 WP_MOVED 4 348764.6875 5945795. 660. 12
75.288 2 GPS 0 1130805120 0 0 -17000 0 0 0 108000 12 7
75.291 2 SVINFO 7 9 16 1 0 -91 0
75.333 2 ENERGY 3.8 0. 0 0.
75.336 2 ESTIMATOR 0. 0.
75.422 2 PONG 
75.443 2 NAVIGATION 0 1 10959186. -5945715. 0. 1.55455284314e+14 0 0
75.446 2 ATTITUDE -0.067185 -1.493073 -0.040044
75.538 2 GPS 0 1130805120 0 0 -17000 0 0 0 108250 12 8
75.541 2 SVINFO 8 10 16 1 0 -91 0
75.734 2 IMU_GYRO -0.031738 0.02124 -0.049805
75.737 2 WP_MOVED 5 348740. 5945760. 660. 12
75.789 2 GPS 0 1130805120 0 0 -17000 0 0 0 108500 12 9
75.791 2 SVINFO 9 11 16 1 0 -91 0
75.812 2 FBW_STATUS 2 0 1 38 0
75.834 2 BAT 0 38 0 0 1 86 0 0
75.836 2 ESTIMATOR 0. 0.
75.897 2 DOWNLINK_STATUS 0 76 34079 1660 0 480. 24. 38.57
75.930 2 ATTITUDE -0.067097 -1.49299 -0.039959
76.039 2 GPS 0 1130805120 0 0 -17000 0 0 0 108750 12 10
76.041 2 SVINFO 10 12 16 1 0 -91 0
76.242 2 DESIRED 0. 0.01 0. 0. 0. 655. 0. 15.
76.244 2 WP_MOVED 6 348665. 5945815. 660. 12
76.288 2 GPS 0 1130805120 0 0 -17000 0 0 0 109000 12 11
76.290 2 SVINFO 11 14 16 1 0 -91 0
76.329 2 DL_VALUE 14 0.610865
76.332 2 ESTIMATOR 0. 0.
76.436 2 DOWNLINK 0 445 1895
76.440 2 NAVIGATION 0 1 10959186. -5945715. 0. 1.55455284314e+14 0 0
76.444 2 ATTITUDE -0.067007 -1.492826 -0.039784
76.538 2 GPS 0 1130805120 0 0 -17000 0 0 0 109250 12 12
76.540 2 SVINFO 12 17 16 1 0 -91 0
76.627 2 CALIBRATION 0. 0
76.733 2 GPS_SOL 649794048 100000 9999 0
76.737 2 WP_MOVED 7 349065. 5946015. 660. 12
76.788 2 GPS 0 1130805120 0 0 -17000 0 0 0 109500 12 13
76.790 2 SVINFO 13 18 16 1 0 -91 0
76.832 2 IMU_GYRO -0.028564 0.022217 -0.049805
76.835 2 ESTIMATOR 0. 0.
76.898 2 DOWNLINK_STATUS 0 77 34503 1681 0 424. 21. 38.57
76.934 2 BAT 0 38 0 0 1 87 0 0
76.937 2 ATTITUDE -0.066832 -1.492741 -0.039701
77.038 2 GPS 0 1130805120 0 0 -17000 0 0 0 109750 12 14
77.041 2 SVINFO 14 20 16 1 0 -91 0
77.230 2 WP_MOVED 0 348907. 5945757. 660. 12
77.297 2 DESIRED 0. 0.01 0. 0. 0. 655. 0. 15.
77.303 2 GPS 0 1130805120 0 0 -17000 0 0 0 110000 12 15
77.306 2 SVINFO 15 23 16 1 0 -91 0
77.328 2 ESTIMATOR 0. 0.
77.437 2 NAVIGATION 0 1 10959186. -5945715. 0. 1.55455284314e+14 0 0
77.440 2 ATTITUDE -0.066755 -1.49249 -0.039782
77.539 2 GPS 0 1130805120 0 0 -17000 0 0 0 110250 12 16
77.541 2 SVINFO 0 2 16 1 0 -91 0
77.731 2 WP_MOVED 1 348865. 5945715. 660. 12
77.788 2 GPS 0 1130805120 0 0 -17000 0 0 0 110500 12 1
77.790 2 SVINFO 1 4 16 1 0 -91 0
77.811 2 FBW_STATUS 2 0 1 38 0
77.835 2 ENERGY 3.8 0. 0 0.
77.837 2 DL_VALUE 15 7500.
77.839 2 ESTIMATOR 0. 0.
77.898 2 DOWNLINK_STATUS 0 78 34926 1701 0 423. 20. 38.57
77.933 2 IMU_GYRO -0.030762 0.02124 -0.049805
77.936 2 ATTITUDE -0.066674 -1.492405 -0.039869
78.040 2 BAT 0 38 0 0 1 88 0 0
78.046 2 GPS 0 1130805120 0 0 -17000 0 0 0 110750 12 2
78.049 2 SVINFO 2 5 16 1 0 -91 0
78.230 2 WP_MOVED 2 348895. 5945815. 660. 12
78.288 2 GPS 0 1130805120 0 0 -17000 0 0 0 111000 12 3
78.291 2 SVINFO 3 6 16 1 0 -91 0
78.340 2 DESIRED 0. 0.01 0. 0. 0. 655. 0. 15.
78.343 2 ESTIMATOR 0. 0.
78.436 2 NAVIGATION 0 1 10959186. -5945715. 0. 1.55455284314e+14 0 0
78.439 2 ATTITUDE -0.066674 -1.49224 -0.039777
78.538 2 GPS 0 1130805120 0 0 -17000 0 0 0 111250 12 4
78.541 2 SVINFO 4 7 16 1 0 -91 0
78.735 2 CALIBRATION 0. 0
78.738 2 GPS_SOL 649804160 100000 9999 0
78.740 2 WP_MOVED 3 348965.09375 5945786. 660. 12
78.788 2 GPS 0 1130805120 0 0 -17000 0 0 0 111500 12 5
78.790 2 SVINFO 5 8 16 1 0 -91 0
78.827 2 ESTIMATOR 0. 0.
78.898 2 DOWNLINK_STATUS 0 79 35349 1721 0 423. 20. 38.57
78.929 2 ATTITUDE -0.066582 -1.492158 -0.039605
79.039 2 IMU_GYRO -0.030762 0.025391 -0.049805
79.045 2 GPS 0 1130805120 0 0 -17000 0 0 0 111750 12 6
79.047 2 SVINFO 6 9 16 1 0 -91 0
79.130 2 BAT 0 38 0 0 1 89 0 0
79.230 2 WP_MOVED 4 348764.6875 5945795. 660. 12
79.288 2 GPS 0 1130805120 0 0 -17000 0 0 0 112000 12 7
79.290 2 SVINFO 7 10 16 1 0 -91 0
79.329 2 DL_VALUE 16 1250.
79.332 2 ESTIMATOR 0. 0.
79.387 2 DESIRED 0. 0.01 0. 0. 0. 655. 0. 15.
79.436 2 NAVIGATION 0 1 10959186. -5945715. 0. 1.55455284314e+14 0 0
79.440 2 ATTITUDE -0.06658 -1.492077 -0.039516
79.538 2 GPS 0 1130805120 0 0 -17000 0 0 0 112250 12 8
79.541 2 SVINFO 8 11 16 1 0 -91 0
79.613 2 ACTUATORS |1000,1500,1471,1474,1474,1500|
79.630 2 NAVIGATION_REF 348865 5945715 12 605.
79.713 2 COMMANDS |0,500,557,0,0,0|
79.730 2 WP_MOVED 5 348740. 5945760. 660. 12
79.788 2 GPS 0 1130805120 0 0 -17000 0 0 0 112500 12 9
79.791 2 SVINFO 9 12 16 1 0 -91 0
79.811 2 FBW_STATUS 2 0 1 38 0
79.828 2 ESTIMATOR 0. 0.
79.898 2 DOWNLINK_STATUS 0 80 35827 1744 0 478. 23. 38.57
79.930 2 STATE_FILTER_STATUS 3 0
79.933 2 ATTITUDE -0.066584 -1.491911 -0.039511
80.038 2 GPS 0 1130805120 0 0 -17000 0 0 0 112750 12 10
80.041 2 SVINFO 10 13 16 1 0 -91 0
80.131 2 PPRZ_MODE 2 0 0 0 0 6
80.134 2 IMU_GYRO -0.028564 0.025391 -0.049805
80.239 2 ALIVE |157,248,0,145,71,2,179,136,45,141,249,199,114,222,72,145|
80.243 2 BAT 0 38 0 0 1 90 0 0
80.247 2 WP_MOVED 6 348665. 5945815. 660. 12
80.287 2 GPS 0 1130805120 0 0 -17000 0 0 0 113000 12 11
80.290 2 SVINFO 11 14 16 1 0 -91 0
80.333 2 ENERGY 3.8 0. 0 0.
80.335 2 ESTIMATOR 0. 0.
80.422 2 PONG 
80.446 2 DESIRED 0. 0.01 0. 0. 0. 655. 0. 15.
80.451 2 NAVIGATION 0 1 10959186. -5945715. 0. 1.55455284314e+14 0 0
80.454 2 ATTITUDE -0.066577 -1.491913 -0.039338
80.538 2 GPS 0 1130805120 0 0 -17000 0 0 0 113250 12 12
80.540 2 SVINFO 12 17 16 1 0 -91 0
80.733 2 GPS_SOL 649814528 100000 9999 0
80.736 2 WP_MOVED 7 349065. 5946015. 660. 12
80.788 2 GPS 0 1130805120 0 0 -17000 0 0 0 113500 12 13
80.790 2 SVINFO 13 18 16 1 0 -91 0
80.832 2 CALIBRATION 0. 0
80.834 2 DL_VALUE 17 0.45
80.836 2 ESTIMATOR 0. 0.
80.898 2 DOWNLINK_STATUS 0 81 36331 1770 0 504. 26. 38.43
80.929 2 ATTITUDE -0.066658 -1.491998 -0.039251
81.038 2 GPS 0 1130805120 0 0 -17000 0 0 0 113750 12 14
81.040 2 SVINFO 14 20 16 1 0 -91 0
81.234 2 IMU_GYRO -0.029785 0.023193 -0.048828
81.237 2 WP_MOVED 0 348907. 5945757. 660. 12
81.288 2 GPS 0 1130805120 0 0 -17000 0 0 0 114000 12 15
81.291 2 SVINFO 15 23 16 1 0 -91 0
81.334 2 BAT 0 38 0 0 1 91 0 0
81.336 2 ESTIMATOR 0. 0.
81.437 2 NAVIGATION 0 1 10959186. -5945715. 0. 1.55455284314e+14 0 0
81.439 2 ATTITUDE -0.066653 -1.492082 -0.039168
81.487 2 DESIRED 0. 0.01 0. 0. 0. 655. 0. 15.
81.536 2 DOWNLINK 0 455 2008
81.542 2 GPS 0 1130805120 0 0 -17000 0 0 0 114250 12 16
81.544 2 SVINFO 0 2 16 1 0 -91 0
81.730 2 WP_MOVED 1 348865. 5945715. 660. 12
81.788 2 GPS 0 1130805120 0 0 -17000 0 0 0 114500 12 1
81.790 2 SVINFO 1 4 16 1 0 -91 0
81.811 2 FBW_STATUS 2 0 1 38 0
81.827 2 ESTIMATOR 0. 0.
81.899 2 DOWNLINK_STATUS 0 82 36752 1790 0 421. 20. 38.43
81.929 2 ATTITUDE -0.066564 -1.491999 -0.039082
82.038 2 GPS 0 1130805120 0 0 -17000 0 0 0 114750 12 2
82.040 2 SVINFO 2 5 16 1 0 -91 0
82.230 2 WP_MOVED 2 348895. 5945815. 660. 12
82.288 2 GPS 0 1130805120 0 0 -17000 0 0 0 115000 12 3
82.290 2 SVINFO 3 6 16 2 24 -91 0
82.333 2 DL_VALUE 18 0.03
82.336 2 IMU_GYRO -0.028564 0.023193 -0.049805
82.339 2 ESTIMATOR 0. 0.
82.440 2 BAT 0 38 0 0 1 92 0 0
82.444 2 NAVIGATION 0 1 10959186. -5945715. 0. 1.55455284314e+14 0 0
82.448 2 ATTITUDE -0.066575 -1.491831 -0.039249
82.547 2 DESIRED 0. 0.01 0. 0. 0. 655. 0. 15.
82.553 2 GPS 0 1130805120 0 0 -17000 0 0 0 115250 12 4
82.555 2 SVINFO 4 7 16 1 0 -91 0
82.733 2 GPS_SOL 649825088 100000 9999 0
82.736 2 WP_MOVED 3 348965.09375 5945786. 660. 12
82.787 2 GPS 0 1130805120 0 0 -17000 0 0 0 115500 12 5
82.790 2 SVINFO 5 8 16 1 0 -91 0
82.833 2 ENERGY 3.8 0. 0 0.
82.835 2 ESTIMATOR 0. 0.
82.899 2 DOWNLINK_STATUS 0 83 37195 1811 0 443. 21. 38.43
82.930 2 CALIBRATION 0. 0
82.933 2 ATTITUDE -0.066485 -1.491831 -0.039166
83.038 2 GPS 0 1130805120 0 0 -17000 0 0 0 115750 12 6
83.040 2 SVINFO 6 9 16 1 0 -91 0
83.230 2 WP_MOVED 4 348764.6875 5945795. 660. 12
83.288 2 GPS 0 1130805120 0 0 -17000 0 0 0 116000 12 7
83.290 2 SVINFO 7 10 16 1 0 -91 0
83.328 2 ESTIMATOR 0. 0.
83.438 2 IMU_GYRO -0.030762 0.022217 -0.049805
83.443 2 NAVIGATION 0 1 10959186. -5945715. 0. 1.55455284314e+14 0 0
83.446 2 ATTITUDE -0.066404 -1.491746 -0.039253
83.540 2 BAT 0 38 0 0 1 93 0 0
83.546 2 GPS 0 1130805120 0 0 -17000 0 0 0 116250 12 8
83.549 2 SVINFO 8 11 16 1 0 -91 0
83.587 2 DESIRED 0. 0.01 0. 0. 0. 655. 0. 15.
83.730 2 WP_MOVED 5 348740. 5945760. 660. 12
83.788 2 GPS 0 1130805120 0 0 -17000 0 0 0 116500 12 9
83.791 2 SVINFO 9 12 16 1 0 -91 0
83.811 2 FBW_STATUS 2 0 1 38 0
83.830 2 DL_VALUE 19 0.15
83.832 2 ESTIMATOR 0. 0.
83.899 2 DOWNLINK_STATUS 0 84 37627 1832 0 432. 21. 38.43
83.929 2 ATTITUDE -0.066413 -1.491661 -0.039423
84.038 2 GPS 0 1130805120 0 0 -17000 0 0 0 116750 12 10
84.040 2 SVINFO 10 13 16 1 0 -91 0
84.229 2 WP_MOVED 6 348665. 5945815. 660. 12
84.288 2 GPS 0 1130805120 0 0 -17000 0 0 0 117000 12 11
84.290 2 SVINFO 11 14 16 1 0 -91 0
84.327 2 ESTIMATOR 0. 0.
84.436 2 NAVIGATION 0 1 10959186. -5945715. 0. 1.55455284314e+14 0 0
84.439 2 ATTITUDE -0.066503 -1.491661 -0.039506
84.539 2 IMU_GYRO -0.029785 0.024414 -0.051025
84.545 2 GPS 0 1130805120 0 0 -17000 0 0 0 117250 12 12
84.547 2 SVINFO 12 15 16 1 0 -91 0
84.611 2 ACTUATORS |1000,1500,1471,1475,1475,1500|
84.638 2 BAT 0 38 0 0 1 95 0 0
84.645 2 DESIRED 0. 0.01 0. 0. 0. 655. 0. 15.
84.713 2 COMMANDS |0,499,556,0,0,0|
84.733 2 GPS_SOL 649835776 100000 9999 0
84.736 2 WP_MOVED 7 349065. 5946015. 660. 12
84.788 2 GPS 0 1130805120 0 0 -17000 0 0 0 117500 12 13
84.790 2 SVINFO 13 17 16 1 0 -91 0
84.828 2 ESTIMATOR 0. 0.
84.899 2 DOWNLINK_STATUS 0 85 38077 1853 0 450. 21. 38.43
84.929 2 STATE_FILTER_STATUS 3 0
84.933 2 ATTITUDE -0.066418 -1.491577 -0.039506
85.037 2 CALIBRATION 0. 0
85.042 2 GPS 0 1130805120 0 0 -17000 0 0 0 117750 12 14
85.045 2 SVINFO 14 18 16 1 0 -91 0
85.127 2 PPRZ_MODE 2 0 0 0 0 6
85.236 2 ALIVE |157,248,0,145,71,2,179,136,45,141,249,199,114,222,72,145|
85.239 2 WP_MOVED 0 348907. 5945757. 660. 12
85.288 2 GPS 0 1130805120 0 0 -17000 0 0 0 118000 12 15
85.290 2 SVINFO 15 23 16 1 0 -91 0
85.335 2 ENERGY 3.8 0. 0 0.
85.336 2 DL_VALUE 20 0.01
85.339 2 ESTIMATOR 0. 0.
85.432 2 PONG 
85.437 2 NAVIGATION 0 1 10959186. -5945715. 0. 1.55455284314e+14 0 0
85.440 2 ATTITUDE -0.066415 -1.491578 -0.03942
85.537 2 GPS 0 1130805120 0 0 -17000 0 0 0 118250 12 16
85.540 2 SVINFO 0 2 16 1 0 -91 0
85.629 2 IMU_GYRO -0.031738 0.022217 -0.049805
85.686 2 DESIRED 0. 0.01 0. 0. 0. 655. 0. 15.
85.734 2 BAT 0 38 0 0 1 96 0 0
85.738 2 WP_MOVED 1 348865. 5945715. 660. 12
85.788 2 GPS 0 1130805120 0 0 -17000 0 0 0 118500 12 1
85.790 2 SVINFO 1 5 16 1 0 -91 0
85.811 2 FBW_STATUS 2 0 1 38 0
85.827 2 ESTIMATOR 0. 0.
85.900 2 DOWNLINK_STATUS 0 86 38579 1879 0 502. 26. 47.55
85.929 2 ATTITUDE -0.066418 -1.491577 -0.039506
86.038 2 GPS 0 1130805120 0 0 -17000 0 0 0 118750 12 2
86.040 2 SVINFO 2 6 16 1 0 -91 0
86.230 2 WP_MOVED 2 348895. 5945815. 660. 12
86.288 2 GPS 0 1130805120 0 0 -17000 0 0 0 119000 12 3
86.290 2 SVINFO 3 7 16 1 0 -91 0
86.327 2 ESTIMATOR 0. 0.
86.436 2 NAVIGATION 0 1 10959186. -5945715. 0. 1.55455284314e+14 0 0
86.439 2 ATTITUDE -0.066336 -1.491574 -0.039596
86.538 2 GPS 0 1130805120 0 0 -17000 0 0 0 119250 12 4
86.540 2 SVINFO 4 8 16 1 0 -91 0
86.626 2 DOWNLINK 0 434 2116
86.744 2 GPS_SOL 649846720 100000 9999 0
86.747 2 IMU_GYRO -0.029785 0.024414 -0.049805
86.755 2 DESIRED 0. 0.01 0. 0. 0. 655. 0. 15.
86.757 2 WP_MOVED 3 348965.09375 5945786. 660. 12
86.787 2 GPS 0 1130805120 0 0 -17000 0 0 0 119500 12 5
86.789 2 SVINFO 5 9 16 1 0 -91 0
86.833 2 DL_VALUE 21 0.1
86.837 2 BAT 0 38 0 0 1 97 0 0
86.839 2 ESTIMATOR 0. 0.
86.900 2 DOWNLINK_STATUS 0 87 39013 1900 0 434. 21. 47.55
86.928 2 ATTITUDE -0.066253 -1.491572 -0.039685
87.037 2 GPS 0 1130805120 0 0 -17000 0 0 0 119750 12 6
87.040 2 SVINFO 6 11 16 1 0 -91 0
87.126 2 CALIBRATION 0. 0
87.229 2 WP_MOVED 4 348764.6875 5945795. 660. 12
87.288 2 GPS 0 1130805120 0 0 -17000 0 0 0 120000 12 7
87.290 2 SVINFO 7 12 16 1 0 -91 0
87.327 2 ESTIMATOR 0. 0.
87.436 2 NAVIGATION 0 1 10959186. -5945715. 0. 1.55455284314e+14 0 0
87.439 2 ATTITUDE -0.066214 -1.491484 -0.039814
87.538 2 GPS 0 1130805120 0 0 -17000 0 0 0 120250 12 8
87.540 2 SVINFO 8 13 16 1 0 -91 0
87.730 2 WP_MOVED 5 348740. 5945760. 660. 12
87.797 2 DESIRED 0. 0.01 0. 0. 0. 655. 0. 15.
87.802 2 GPS 0 1130805120 0 0 -17000 0 0 0 120500 12 9
87.805 2 SVINFO 9 14 16 1 0 -91 0
87.811 2 FBW_STATUS 2 0 1 38 0
87.837 2 ENERGY 3.8 0. 0 0.
87.840 2 IMU_GYRO -0.031738 0.02124 -0.049805
87.842 2 ESTIMATOR 0. 0.
87.900 2 DOWNLINK_STATUS 0 88 39433 1920 0 420. 20. 47.55
87.934 2 BAT 0 38 0 0 1 98 0 0
87.937 2 ATTITUDE -0.065968 -1.491229 -0.039988
88.038 2 GPS 0 1130805120 0 0 -17000 0 0 0 120750 12 10
88.039 2 SVINFO 10 15 16 1 0 -91 0
88.229 2 WP_MOVED 6 348665. 5945815. 660. 12
88.287 2 GPS 0 1130805120 0 0 -17000 0 0 0 121000 12 11
88.290 2 SVINFO 11 16 0 1 0 -91 0
88.329 2 DL_VALUE 22 0.
88.331 2 ESTIMATOR 0. 0.
88.435 2 NAVIGATION 0 1 10959186. -5945715. 0. 1.55455284314e+14 0 0
88.438 2 ATTITUDE -0.066019 -1.491067 -0.040024
88.537 2 GPS 0 1130805120 0 0 -17000 0 0 0 121250 12 12
88.540 2 SVINFO 12 17 16 1 0 -91 0
88.629 2 NAVIGATION_REF 348865 5945715 12 605.
88.732 2 GPS_SOL 649857792 100000 9999 0
88.736 2 WP_MOVED 7 349065. 5946015. 660. 12
88.788 2 GPS 0 1130805120 0 0 -17000 0 0 0 121500 12 13
88.790 2 SVINFO 13 18 16 1 0 -91 0
88.839 2 DESIRED 0. 0.01 0. 0. 0. 655. 0. 15.
88.842 2 ESTIMATOR 0. 0.
88.900 2 DOWNLINK_STATUS 0 89 39857 1940 0 424. 20. 47.55
88.933 2 IMU_GYRO -0.028564 0.025391 -0.049805
88.936 2 ATTITUDE -0.065853 -1.490898 -0.040111
89.040 2 BAT 0 38 0 0 1 99 0 0
89.046 2 GPS 0 1130805120 0 0 -17000 0 0 0 121750 12 14
89.048 2 SVINFO 14 19 16 1 0 -91 0
89.231 2 CALIBRATION 0. 0
89.234 2 WP_MOVED 0 348907. 5945757. 660. 12
89.288 2 GPS 0 1130805120 0 0 -17000 0 0 0 122000 12 15
89.290 2 SVINFO 15 23 16 1 0 -91 0
89.327 2 ESTIMATOR 0. 0.
89.436 2 NAVIGATION 0 1 10959186. -5945715. 0. 1.55455284314e+14 0 0
89.439 2 ATTITUDE -0.065686 -1.490811 -0.040202
89.537 2 GPS 0 1130805120 0 0 -17000 0 0 0 122250 12 16
89.539 2 SVINFO 0 2 16 1 0 -91 0
89.612 2 ACTUATORS |1000,1500,1471,1475,1475,1500|
89.712 2 COMMANDS |0,491,564,0,0,0|
89.729 2 WP_MOVED 1 348865. 5945715. 660. 12
89.787 2 GPS 0 1130805120 0 0 -17000 0 0 0 122500 12 1
89.790 2 SVINFO 1 6 16 1 0 -91 0
89.810 2 FBW_STATUS 2 0 1 38 0
89.829 2 DL_VALUE 23 0.05
89.831 2 ESTIMATOR 0. 0.
89.886 2 DESIRED 0. 0.01 0. 0. 0. 655. 0. 15.
89.901 2 DOWNLINK_STATUS 0 90 40327 1963 0 470. 23. 47.55
89.929 2 STATE_FILTER_STATUS 3 0
89.932 2 ATTITUDE -0.065517 -1.490808 -0.040295
90.039 2 IMU_GYRO -0.030762 0.023193 -0.048828
90.044 2 GPS 0 1130805120 0 0 -17000 0 0 0 122750 12 2
90.047 2 SVINFO 2 7 16 1 0 -91 0
90.131 2 PPRZ_MODE 2 0 0 0 0 6
90.134 2 BAT 0 38 0 0 1 100 0 0
90.235 2 ALIVE |157,248,0,145,71,2,179,136,45,141,249,199,114,222,72,145|
90.238 2 WP_MOVED 2 348895. 5945815. 660. 12
90.288 2 GPS 0 1130805120 0 0 -17000 0 0 0 123000 12 3
90.290 2 SVINFO 3 9 16 1 0 -91 0
90.333 2 ENERGY 3.8 0. 0 0.
90.335 2 ESTIMATOR 0. 0.
90.433 2 PONG 
90.438 2 NAVIGATION 0 1 10959186. -5945715. 0. 1.55455284314e+14 0 0
90.441 2 ATTITUDE -0.065436 -1.490723 -0.040382
90.538 2 GPS 0 1130805120 0 0 -17000 0 0 0 123250 12 4
90.540 2 SVINFO 4 10 16 1 0 -91 0
90.732 2 GPS_SOL 649869056 100000 9999 0
90.736 2 WP_MOVED 3 348965.09375 5945786. 660. 12
90.788 2 GPS 0 1130805120 0 0 -17000 0 0 0 123500 12 5
90.789 2 SVINFO 5 11 16 1 0 -91 0
90.826 2 ESTIMATOR 0. 0.
90.901 2 DOWNLINK_STATUS 0 91 40771 1986 0 444. 23. 47.49
90.941 2 DESIRED 0. 0.01 0. 0. 0. 655. 0. 15.
90.943 2 ATTITUDE -0.065307 -1.490635 -0.040427
91.037 2 GPS 0 1130805120 0 0 -17000 0 0 0 123750 12 6
91.039 2 SVINFO 6 12 16 1 0 -91 0
91.128 2 IMU_GYRO -0.029785 0.022217 -0.051025
91.234 2 BAT 0 37 0 0 1 101 0 0
91.237 2 WP_MOVED 4 348764.6875 5945795. 660. 12
91.287 2 GPS 0 1130805120 0 0 -17000 0 0 0 124000 12 7
91.290 2 SVINFO 7 13 16 1 0 -91 0
91.344 2 CALIBRATION 0. 0
91.346 2 DL_VALUE 24 0.
91.348 2 ESTIMATOR 0. 0.
91.435 2 NAVIGATION 0 1 10959186. -5945715. 0. 1.55455284314e+14 0 0
91.439 2 ATTITUDE -0.065221 -1.490633 -0.040431
91.537 2 GPS 0 1130805120 0 0 -17000 0 0 0 124250 12 8
91.540 2 SVINFO 8 14 16 1 0 -91 0
91.730 2 DOWNLINK 0 449 2228
91.734 2 WP_MOVED 5 348740. 5945760. 660. 12
91.788 2 GPS 0 1130805120 0 0 -17000 0 0 0 124500 12 9
91.790 2 SVINFO 9 15 16 1 0 -91 0
91.811 2 FBW_STATUS 2 0 1 38 0
91.827 2 ESTIMATOR 0. 0.
91.901 2 DOWNLINK_STATUS 0 92 41214 2008 0 443. 22. 47.49
91.929 2 ATTITUDE -0.065223 -1.490551 -0.040428
91.987 2 DESIRED 0. 0.01 0. 0. 0. 655. 0. 15.
92.038 2 GPS 0 1130805120 0 0 -17000 0 0 0 124750 12 10
92.039 2 SVINFO 10 16 0 1 0 -91 0
92.232 2 IMU_GYRO -0.030762 0.022217 -0.049805
92.236 2 WP_MOVED 6 348665. 5945815. 660. 12
92.287 2 GPS 0 1130805120 0 0 -17000 0 0 0 125000 12 11
92.289 2 SVINFO 11 17 16 1 0 -91 0
92.332 2 BAT 0 38 0 0 1 102 0 0
92.335 2 ESTIMATOR 0. 0.
92.435 2 NAVIGATION 0 1 10959186. -5945715. 0. 1.55455284314e+14 0 0
92.438 2 ATTITUDE -0.065097 -1.490552 -0.040476
92.537 2 GPS 0 1130805120 0 0 -17000 0 0 0 125250 12 12
92.540 2 SVINFO 12 18 16 1 0 -91 0
92.732 2 GPS_SOL 649880512 100000 9999 0
92.736 2 WP_MOVED 7 349065. 5946015. 660. 12
92.787 2 GPS 0 1130805120 0 0 -17000 0 0 0 125500 12 13
92.790 2 SVINFO 13 19 16 1 0 -91 0
92.835 2 ENERGY 3.8 0. 0 0.
92.837 2 DL_VALUE 25 1.000074
92.839 2 ESTIMATOR 0. 0.
92.901 2 DOWNLINK_STATUS 0 93 41657 2029 0 443. 21. 47.49
92.928 2 ATTITUDE -0.065016 -1.490467 -0.040563
93.046 2 DESIRED 0. 0.01 0. 0. 0. 655. 0. 15.
93.052 2 GPS 0 1130805120 0 0 -17000 0 0 0 125750 12 14
93.055 2 SVINFO 14 22 16 1 0 -91 0
93.230 2 WP_MOVED 0 348907. 5945757. 660. 12
93.287 2 GPS 0 1130805120 0 0 -17000 0 0 0 126000 12 15
93.290 2 SVINFO 15 23 16 1 0 -91 0
93.332 2 IMU_GYRO -0.030762 0.023193 -0.049805
93.334 2 ESTIMATOR 0. 0.
93.439 2 CALIBRATION 0. 0
93.443 2 BAT 0 38 0 0 1 103 0 0
93.448 2 NAVIGATION 0 1 10959186. -5945715. 0. 1.55455284314e+14 0 0
93.450 2 ATTITUDE -0.064851 -1.490463 -0.040742
93.537 2 GPS 0 1130805120 0 0 -17000 0 0 0 126250 12 16
93.539 2 SVINFO 0 2 16 1 0 -91 0
93.729 2 WP_MOVED 1 348865. 5945715. 660. 12
93.787 2 GPS 0 1130805120 0 0 -17000 0 0 0 126500 12 1
93.789 2 SVINFO 1 8 16 1 0 -91 0
93.810 2 FBW_STATUS 2 0 1 38 0
93.827 2 ESTIMATOR 0. 0.
93.902 2 DOWNLINK_STATUS 0 94 42078 2049 0 421. 20. 47.49
93.928 2 ATTITUDE -0.064805 -1.490376 -0.040698
94.037 2 GPS 0 1130805120 0 0 -17000 0 0 0 126750 12 2
94.040 2 SVINFO 2 9 16 1 0 -91 0
94.086 2 DESIRED 0. 0.01 0. 0. 0. 655. 0. 15.
94.229 2 WP_MOVED 2 348895. 5945815. 660. 12
94.287 2 GPS 0 1130805120 0 0 -17000 0 0 0 127000 12 3
94.290 2 SVINFO 3 10 16 1 0 -91 0
94.329 2 DL_VALUE 26 0.298451
94.331 2 ESTIMATOR 0. 0.
94.438 2 IMU_GYRO -0.030762 0.023193 -0.049805
94.443 2 NAVIGATION 0 1 10959186. -5945715. 0. 1.55455284314e+14 0 0
94.446 2 ATTITUDE -0.064723 -1.490374 -0.040788
94.540 2 BAT 0 38 0 0 1 104 0 0
94.546 2 GPS 0 1130805120 0 0 -17000 0 0 0 127250 12 4
94.548 2 SVINFO 4 11 16 1 0 -91 0
94.612 2 ACTUATORS |1000,1500,1471,1475,1475,1500|
94.712 2 COMMANDS |0,485,570,0,0,0|
94.732 2 GPS_SOL 649892224 100000 9999 0
94.736 2 WP_MOVED 3 348965.09375 5945786. 660. 12
94.787 2 GPS 0 1130805120 0 0 -17000 0 0 0 127500 12 5
94.789 2 SVINFO 5 12 16 1 0 -91 0
94.826 2 ESTIMATOR 0. 0.
94.902 2 DOWNLINK_STATUS 0 95 42539 2071 0 461. 22. 47.49
94.928 2 STATE_FILTER_STATUS 3 0
94.931 2 ATTITUDE -0.064726 -1.490373 -0.040874
95.037 2 GPS 0 1130805120 0 0 -17000 0 0 0 127750 12 6
95.039 2 SVINFO 6 13 16 1 0 -91 0
95.134 2 PPRZ_MODE 2 0 0 0 0 6
95.141 2 DESIRED 0. 0.01 0. 0. 0. 655. 0. 15.
95.234 2 ALIVE |157,248,0,145,71,2,179,136,45,141,249,199,114,222,72,145|
95.238 2 WP_MOVED 4 348764.6875 5945795. 660. 12
95.287 2 GPS 0 1130805120 0 0 -17000 0 0 0 128000 12 7
95.289 2 SVINFO 7 15 16 1 0 -91 0
95.332 2 ENERGY 3.8 0. 0 0.
95.334 2 ESTIMATOR 0. 0.
95.437 2 NAVIGATION 0 1 10959186. -5945715. 0. 1.55455284314e+14 0 0
95.440 2 ATTITUDE -0.064689 -1.490458 -0.041008
95.441 2 PONG 
95.540 2 CALIBRATION 0. 0
95.543 2 IMU_GYRO -0.030762 0.022217 -0.048828
95.548 2 GPS 0 1130805120 0 0 -17000 0 0 0 128250 12 8
95.551 2 SVINFO 8 16 0 1 0 -91 0
95.630 2 BAT 0 38 0 0 1 106 0 0
95.729 2 WP_MOVED 5 348740. 5945760. 660. 12
95.787 2 GPS 0 1130805120 0 0 -17000 0 0 0 128500 12 9
95.790 2 SVINFO 9 17 16 1 0 -91 0
95.810 2 FBW_STATUS 2 0 1 38 0
95.829 2 DL_VALUE 27 1.
95.831 2 ESTIMATOR 0. 0.
95.902 2 DOWNLINK_STATUS 0 96 43041 2097 0 502. 26. 55.52
95.929 2 ATTITUDE -0.064518 -1.490373 -0.041012
96.036 2 GPS 0 1130805120 0 0 -17000 0 0 0 128750 12 10
96.039 2 SVINFO 10 19 16 1 0 -91 0
96.187 2 DESIRED 0. 0.01 0. 0. 0. 655. 0. 15.
96.229 2 WP_MOVED 6 348665. 5945815. 660. 12
96.287 2 GPS 0 1130805120 0 0 -17000 0 0 0 129000 12 11
96.289 2 SVINFO 11 21 16 1 0 -91 0
96.326 2 ESTIMATOR 0. 0.
96.435 2 NAVIGATION 0 1 10959186. -5945715. 0. 1.55455284314e+14 0 0
96.438 2 ATTITUDE -0.064384 -1.490368 -0.040974
96.537 2 GPS 0 1130805120 0 0 -17000 0 0 0 129250 12 12
96.539 2 SVINFO 12 22 16 1 0 -91 0
96.628 2 IMU_GYRO -0.029785 0.022217 -0.049805
96.737 2 GPS_SOL 649904000 100000 9999 0
96.740 2 BAT 0 38 0 0 1 107 0 0
96.744 2 WP_MOVED 7 349065. 5946015. 660. 12
96.787 2 GPS 0 1130805120 0 0 -17000 0 0 0 129500 12 13
96.790 2 SVINFO 13 23 16 1 0 -91 0
96.844 2 DOWNLINK 0 457 2341
96.847 2 ESTIMATOR 0. 0.
96.903 2 DOWNLINK_STATUS 0 97 43464 2117 0 423. 20. 55.52
96.928 2 ATTITUDE -0.06443 -1.490454 -0.041018
97.037 2 GPS 0 1130805120 0 0 -17000 0 0 0 129750 12 14
97.040 2 SVINFO 14 24 16 1 0 -91 0
97.241 2 DESIRED 0. 0.01 0. 0. 0. 655. 0. 15.
97.244 2 WP_MOVED 0 348907. 5945757. 660. 12
97.287 2 GPS 0 1130805120 0 0 -17000 0 0 0 130000 12 15
97.289 2 SVINFO 15 25 16 1 0 -91 0
97.328 2 DL_VALUE 28 0.
97.331 2 ESTIMATOR 0. 0.
97.435 2 NAVIGATION 0 1 10959186. -5945715. 0. 1.55455284314e+14 0 0
97.438 2 ATTITUDE -0.064345 -1.490535 -0.04111
97.537 2 GPS 0 1130805120 0 0 -17000 0 0 0 130250 12 16
97.539 2 SVINFO 0 2 16 1 0 -91 0
97.631 2 NAVIGATION_REF 348865 5945715 12 605.
97.633 2 CALIBRATION 0. 0
97.732 2 IMU_GYRO -0.029785 0.023193 -0.048828
97.736 2 WP_MOVED 1 348865. 5945715. 660. 12
97.787 2 GPS 0 1130805120 0 0 -17000 0 0 0 130500 12 1
97.789 2 SVINFO 1 10 16 1 0 -91 0
97.810 2 FBW_STATUS 2 0 1 38 0
97.836 2 ENERGY 3.8 0. 0 0.
97.840 2 BAT 0 38 0 0 1 108 0 0
97.842 2 ESTIMATOR 0. 0.
97.903 2 DOWNLINK_STATUS 0 98 43935 2140 0 471. 23. 55.52
97.928 2 ATTITUDE -0.064343 -1.490618 -0.041113
98.037 2 GPS 0 1130805120 0 0 -17000 0 0 0 130750 12 2
98.039 2 SVINFO 2 11 16 1 0 -91 0
98.229 2 WP_MOVED 2 348895. 5945815. 660. 12
98.296 2 DESIRED 0. 0.01 0. 0. 0. 655. 0. 15.
98.302 2 GPS 0 1130805120 0 0 -17000 0 0 0 131000 12 3
98.304 2 SVINFO 3 12 16 1 0 -91 0
98.327 2 ESTIMATOR 0. 0.
98.435 2 NAVIGATION 0 1 10959186. -5945715. 0. 1.55455284314e+14 0 0
98.439 2 ATTITUDE -0.06417 -1.490616 -0.04112
98.536 2 GPS 0 1130805120 0 0 -17000 0 0 0 131250 12 4
98.539 2 SVINFO 4 13 16 1 0 -91 0
98.732 2 GPS_SOL 649916032 100000 9999 0
98.735 2 WP_MOVED 3 348965.09375 5945786. 660. 12
98.787 2 GPS 0 1130805120 0 0 -17000 0 0 0 131500 12 5
98.789 2 SVINFO 5 14 16 1 0 -91 0
98.832 2 DL_VALUE 29 100.
98.835 2 IMU_GYRO -0.030762 0.024414 -0.049805
98.838 2 ESTIMATOR 0. 0.
98.904 2 DOWNLINK_STATUS 0 99 44337 2159 0 402. 19. 55.52
98.933 2 BAT 0 38 0 0 1 109 0 0
98.936 2 ATTITUDE -0.064086 -1.490532 -0.041121
99.037 2 GPS 0 1130805120 0 0 -17000 0 0 0 131750 12 6
99.039 2 SVINFO 6 15 16 1 0 -91 0
99.229 2 WP_MOVED 4 348764.6875 5945795. 660. 12
99.287 2 GPS 0 1130805120 0 0 -17000 0 0 0 132000 12 7
99.289 2 SVINFO 7 16 0 1 0 -91 0
99.339 2 DESIRED 0. 0.01 0. 0. 0. 655. 0. 15.
99.341 2 ESTIMATOR 0. 0.
99.435 2 NAVIGATION 0 1 10959186. -5945715. 0. 1.55455284314e+14 0 0
99.438 2 ATTITUDE -0.064084 -1.49045 -0.041032
99.537 2 GPS 0 1130805120 0 0 -17000 0 0 0 132250 12 8
99.540 2 SVINFO 8 17 16 1 0 -91 0
99.612 2 ACTUATORS |1000,1500,1471,1475,1475,1500|
99.711 2 COMMANDS |0,483,573,0,0,0|
99.729 2 CALIBRATION 0. 0
99.734 2 WP_MOVED 5 348740. 5945760. 660. 12
99.787 2 GPS 0 1130805120 0 0 -17000 0 0 0 132500 12 9
99.789 2 SVINFO 9 18 16 1 0 -91 0
99.809 2 FBW_STATUS 2 0 1 38 0
99.826 2 ESTIMATOR 0. 0.
99.904 2 DOWNLINK_STATUS 0 100 44778 2180 0 441. 21. 55.52
99.932 2 STATE_FILTER_STATUS 3 0
99.935 2 IMU_GYRO -0.029785 0.023193 -0.049805
99.938 2 ATTITUDE -0.064174 -1.49045 -0.041114
100.039 2 BAT 0 38 0 0 1 110 0 0
100.045 2 GPS 0 1130805120 0 0 -17000 0 0 0 132750 12 10
100.047 2 SVINFO 10 19 16 1 0 -91 0
100.125 2 PPRZ_MODE 2 0 0 0 0 6
100.234 2 ALIVE |157,248,0,145,71,2,179,136,45,141,249,199,114,222,72,145|
100.237 2 WP_MOVED 6 348665. 5945815. 660. 12
100.287 2 GPS 0 1130805120 0 0 -17000 0 0 0 133000 12 11
100.289 2 SVINFO 11 21 16 1 0 -91 0
100.334 2 ENERGY 3.7 0. 0 0.
100.336 2 DL_VALUE 30 0.
100.338 2 ESTIMATOR 0. 0.
100.386 2 DESIRED 0. 0.01 0. 0. 0. 655. 0. 15.
100.436 2 NAVIGATION 0 1 10959186. -5945715. 0. 1.55455284314e+14 0 0
100.439 2 ATTITUDE -0.064089 -1.490366 -0.041115
100.440 2 PONG 
100.537 2 GPS 0 1130805120 0 0 -17000 0 0 0 133250 12 12
100.539 2 SVINFO 12 22 16 1 0 -91 0
100.732 2 GPS_SOL 649928192 100000 9999 0
100.735 2 WP_MOVED 7 349065. 5946015. 660. 12
100.787 2 GPS 0 1130805120 0 0 -17000 0 0 0 133500 12 13
100.789 2 SVINFO 13 23 16 1 0 -91 0
100.827 2 ESTIMATOR 0. 0.
100.905 2 DOWNLINK_STATUS 0 101 45271 2205 0 493. 25. 53.55
100.928 2 ATTITUDE -0.064003 -1.490365 -0.041119
101.038 2 IMU_GYRO -0.029785 0.023193 -0.049805
101.044 2 GPS 0 1130805120 0 0 -17000 0 0 0 133750 12 14
101.045 2 SVINFO 14 24 16 1 0 -91 0
101.128 2 BAT 0 37 0 0 1 111 0 0
101.228 2 WP_MOVED 0 348907. 5945757. 660. 12
101.286 2 GPS 0 1130805120 0 0 -17000 0 0 0 134000 12 15
101.289 2 SVINFO 15 26 16 1 0 -91 0
101.326 2 ESTIMATOR 0. 0.
101.445 2 DESIRED 0. 0.01 0. 0. 0. 655. 0. 15.
101.449 2 NAVIGATION 0 1 10959186. -5945715. 0. 1.55455284314e+14 0 0
101.452 2 ATTITUDE -0.064132 -1.490363 -0.041157
101.536 2 GPS 0 1130805120 0 0 -17000 0 0 0 134250 12 16
101.539 2 SVINFO 0 2 16 1 0 -91 0
101.729 2 WP_MOVED 1 348865. 5945715. 660. 12
101.787 2 GPS 0 1130805120 0 0 -17000 0 0 0 134500 12 1
101.789 2 SVINFO 1 10 16 1 0 -91 0
101.810 2 FBW_STATUS 2 0 1 38 0
101.831 2 CALIBRATION 0. 0
101.833 2 DL_VALUE 31 2.
101.835 2 ESTIMATOR 0. 0.
101.908 2 DOWNLINK_STATUS 0 102 45703 2226 0 432. 21. 53.55
101.928 2 DOWNLINK 0 443 2452
101.932 2 ATTITUDE -0.064136 -1.490197 -0.041152
102.037 2 GPS 0 1130805120 0 0 -17000 0 0 0 134750 12 2
102.039 2 SVINFO 2 12 16 1 0 -91 0
102.128 2 IMU_GYRO -0.029785 0.023193 -0.049805
102.234 2 BAT 0 38 0 0 1 112 0 0
102.236 2 WP_MOVED 2 348895. 5945815. 660. 12
102.286 2 GPS 0 1130805120 0 0 -17000 0 0 0 135000 12 3
102.288 2 SVINFO 3 13 16 1 0 -91 0
102.326 2 ESTIMATOR 0. 0.
102.434 2 NAVIGATION 0 1 10959186. -5945715. 0. 1.55455284314e+14 0 0
102.437 2 ATTITUDE -0.064055 -1.490113 -0.041239
102.485 2 DESIRED 0. 0.01 0. 0. 0. 655. 0. 15.
102.536 2 GPS 0 1130805120 0 0 -17000 0 0 0 135250 12 4
102.539 2 SVINFO 4 14 16 1 0 -91 0
102.731 2 GPS_SOL 649940608 100000 9999 0
102.735 2 WP_MOVED 3 348965.09375 5945786. 660. 12
102.786 2 GPS 0 1130805120 0 0 -17000 0 0 0 135500 12 5
102.789 2 SVINFO 5 16 0 1 0 -91 0
102.831 2 ENERGY 3.8 0. 0 0.
102.834 2 ESTIMATOR 0. 0.
102.909 2 DOWNLINK_STATUS 0 103 46146 2247 0 443. 21. 53.55
102.928 2 ATTITUDE -0.064141 -1.490114 -0.041235
103.037 2 GPS 0 1130805120 0 0 -17000 0 0 0 135750 12 6
103.039 2 SVINFO 6 17 16 1 0 -91 0
103.232 2 IMU_GYRO -0.030762 0.023193 -0.049805
103.236 2 WP_MOVED 4 348764.6875 5945795. 660. 12
103.287 2 GPS 0 1130805120 0 0 -17000 0 0 0 136000 12 7
103.288 2 SVINFO 7 18 16 1 0 -91 0
103.332 2 DL_VALUE 32 0.
103.335 2 BAT 0 38 0 0 1 113 0 0
103.338 2 ESTIMATOR 0. 0.
103.434 2 NAVIGATION 0 1 10959186. -5945715. 0. 1.55455284314e+14 0 0
103.438 2 ATTITUDE -0.064228 -1.490115 -0.041232
103.546 2 DESIRED 0. 0.01 0. 0. 0. 655. 0. 15.
103.551 2 GPS 0 1130805120 0 0 -17000 0 0 0 136250 12 8
103.553 2 SVINFO 8 19 16 1 0 -91 0
103.728 2 WP_MOVED 5 348740. 5945760. 660. 12
103.787 2 GPS 0 1130805120 0 0 -17000 0 0 0 136500 12 9
103.788 2 SVINFO 9 21 16 1 0 -91 0
103.809 2 FBW_STATUS 2 0 1 38 0
103.826 2 ESTIMATOR 0. 0.
103.909 2 DOWNLINK_STATUS 0 104 46567 2267 0 421. 20. 53.55
103.928 2 CALIBRATION 0. 0
103.932 2 ATTITUDE -0.064097 -1.490035 -0.041104
104.036 2 GPS 0 1130805120 0 0 -17000 0 0 0 136750 12 10
104.039 2 SVINFO 10 22 16 1 0 -91 0
104.228 2 WP_MOVED 6 348665. 5945815. 660. 12
104.286 2 GPS 0 1130805120 0 0 -17000 0 0 0 137000 12 11
104.289 2 SVINFO 11 23 16 1 0 -91 0
104.331 2 IMU_GYRO -0.030762 0.022217 -0.048828
104.333 2 ESTIMATOR 0. 0.
104.438 2 BAT 0 38 0 0 1 114 0 0
104.443 2 NAVIGATION 0 1 10959186. -5945715. 0. 1.55455284314e+14 0 0
104.446 2 ATTITUDE -0.064016 -1.48995 -0.041191
104.537 2 GPS 0 1130805120 0 0 -17000 0 0 0 137250 12 12
104.539 2 SVINFO 12 24 16 1 0 -91 0
104.586 2 DESIRED 0. 0.01 0. 0. 0. 655. 0. 15.
104.611 2 ACTUATORS |1000,1500,1471,1475,1475,1500|
104.712 2 COMMANDS |0,479,574,0,0,0|
104.731 2 GPS_SOL 649953216 100000 9999 0
104.735 2 WP_MOVED 7 349065. 5946015. 660. 12
104.787 2 GPS 0 1130805120 0 0 -17000 0 0 0 137500 12 13
104.788 2 SVINFO 13 25 16 1 0 -91 0
104.827 2 DL_VALUE 33 0.
104.830 2 ESTIMATOR 0. 0.
104.910 2 DOWNLINK_STATUS 0 105 47039 2290 0 472. 23. 53.55
104.927 2 STATE_FILTER_STATUS 3 0
104.930 2 ATTITUDE -0.063976 -1.48978 -0.041231
105.036 2 GPS 0 1130805120 0 0 -17000 0 0 0 137750 12 14
105.038 2 SVINFO 14 26 16 1 0 -91 0
105.125 2 PPRZ_MODE 2 0 0 0 0 6
105.233 2 ALIVE |157,248,0,145,71,2,179,136,45,141,249,199,114,222,72,145|
105.237 2 WP_MOVED 0 348907. 5945757. 660. 12
105.287 2 GPS 0 1130805120 0 0 -17000 0 0 0 138000 12 15
105.288 2 SVINFO 15 27 16 1 0 -91 0
105.331 2 ENERGY 3.7 0. 0 0.
105.333 2 ESTIMATOR 0. 0.
105.438 2 IMU_GYRO -0.030762 0.022217 -0.051025
105.443 2 NAVIGATION 0 1 10959186. -5945715. 0. 1.55455284314e+14 0 0
105.446 2 ATTITUDE -0.064149 -1.489782 -0.041224
105.447 2 PONG 
105.539 2 BAT 0 37 0 0 1 115 0 0
105.544 2 GPS 0 1130805120 0 0 -17000 0 0 0 138250 12 16
105.547 2 SVINFO 0 2 16 1 0 -91 0
105.635 2 DESIRED 0. 0.01 0. 0. 0. 655. 0. 15.
105.728 2 WP_MOVED 1 348865. 5945715. 660. 12
105.786 2 GPS 0 1130805120 0 0 -17000 0 0 0 138500 12 1
105.789 2 SVINFO 1 12 16 1 0 -91 0
105.810 2 FBW_STATUS 2 0 1 38 0
105.826 2 ESTIMATOR 0. 0.
105.910 2 DOWNLINK_STATUS 0 106 47519 2314 0 480. 24. 60.75
105.928 2 ATTITUDE -0.064061 -1.489864 -0.04123
106.035 2 CALIBRATION 0. 0
106.041 2 GPS 0 1130805120 0 0 -17000 0 0 0 138750 12 2
106.043 2 SVINFO 2 13 16 1 0 -91 0
