1.779 2 IMU_GYRO -0.024414 0.007324 -0.012695
1.786 2 DESIRED 0. 0. 0. 0. 0. 655. 0. 15.
1.788 2 ATTITUDE 0. 0. 0.
1.826 2 GPS 3 34881864 594571520 0 612619 3 -2 1797 66419750 12 14
1.828 2 SVINFO 14 30 13 6 44 57 279
1.871 2 WP_MOVED 0 348907. 5945757. 660. 12
1.875 2 ATTITUDE 0. 0. 0.
1.938 2 DOWNLINK_STATUS 0 2 1180 55 1 1180. 55. 0.
1.982 2 IMU_MAG 0. 0. 0.
1.984 2 ESTIMATOR 0. 0.
1.991 2 DESIRED 0. 0. 0. 0. 0. 655. 0. 15.
1.994 2 ATTITUDE 0. 0. 0.
2.078 2 IMU_ACCEL -9.623047 0.081055 0.066406
2.084 2 GPS 3 34881864 594571520 0 612602 5 -4 1797 66420000 12 15
2.087 2 ATTITUDE 0. 0. 0.
2.179 2 DESIRED 0. 0. 0. 0. 0. 655. 0. 15.
2.182 2 ATTITUDE 0. 0. 0.
2.249 2 FBW_STATUS 0 47 0 36 3
2.268 2 DL_VALUE 2 655.
2.271 2 ATTITUDE 0. 0. 0.
2.323 2 GPS 3 34881864 594571520 0 612609 10 0 1797 66420250 12 16
2.383 2 IMU_GYRO -0.02124 0.013672 -0.011475
2.387 2 WP_MOVED 1 348865. 5945715. 660. 12
2.393 2 DESIRED 0. 0. 0. 0. 0. 655. 0. 15.
2.397 2 ATTITUDE 0. 0. 0.
2.469 2 ESTIMATOR 0. 0.
2.473 2 ATTITUDE 0. 0. 0.
2.586 2 GPS 3 34881864 594571520 0 612623 5 -1 1797 66420500 12 17
2.592 2 DESIRED 0. 0. 0. 0. 0. 655. 0. 15.
2.595 2 ATTITUDE 0. 0. 0.
2.674 2 NAVIGATION 1 1 -46.4 0. 0. 2150.6 0 0
2.677 2 ATTITUDE 0. 0. 0.
2.780 2 BAT 40 35 0 0 1 4 0 0
2.787 2 DESIRED 0. 0. 0. 0. 0. 655. 0. 15.
2.790 2 ATTITUDE 0. 0. 0.
2.823 2 GPS 3 34881864 594571520 0 612634 5 4 1797 66420750 12 18
2.876 2 IMU_ACCEL -9.670898 0.09082 0.09082
2.879 2 WP_MOVED 2 348895. 5945815. 660. 12
2.882 2 ATTITUDE 0. 0. 0.
2.938 2 DOWNLINK_STATUS 0 3 1895 86 1 715. 31. 0.
2.982 2 IMU_GYRO -0.025391 0.006348 -0.012695
2.985 2 ESTIMATOR 0. 0.
2.991 2 DESIRED 0. 0. 0. 0. 0. 655. 0. 15.
2.995 2 ATTITUDE 0. 0. 0.
3.051 2 ACTUATORS |1004,1003,1522,1490,1480,1500|
3.077 2 GPS 3 34881864 594571520 0 612635 8 -1 1797 66421000 12 19
3.079 2 ATTITUDE 0. 0. 0.
3.151 2 COMMANDS |40,-14,910,-9548,14,-9548|
3.182 2 STATE_FILTER_STATUS 2 0
3.184 2 CALIBRATION 0. 0
3.186 2 GPS_SOL 153 21 126 13
3.193 2 DESIRED 0. 0. 0. 0. 0. 655. 0. 15.
3.197 2 ATTITUDE 0. 0. 0.
3.272 2 DOWNLINK 1 778 185
3.275 2 IMU_MAG 0. 0. 0.
3.278 2 ATTITUDE 0. 0. 0.
3.322 2 GPS 3 34881864 594571520 0 612639 5 -5 1797 66421250 12 20
3.386 2 ALIVE |27,70,107,109,230,106,232,192,51,70,25,22,96,67,89,79|
3.389 2 WP_MOVED 3 348965.09375 5945786. 660. 12
3.396 2 DESIRED 0. 0. 0. 0. 0. 655. 0. 15.
3.399 2 ATTITUDE 0. 0. 0.
3.476 2 PPRZ_MODE 0 0 0 0 0 17
3.479 2 ENERGY 3.5 0.003 0 0.0105
3.481 2 ESTIMATOR 0. 0.
3.485 2 ATTITUDE 0. 0. 0.
3.586 2 IMU_GYRO -0.023193 0.011475 -0.012695
3.592 2 GPS 3 34881864 594571520 0 612625 10 -1 1797 66421500 12 21
3.599 2 DESIRED 0. 0. 0. 0. 0. 655. 0. 15.
3.601 2 ATTITUDE 0. 0. 0.
3.678 2 NAVIGATION 1 1 -46.4 0. 0. 2150.6 0 0
3.681 2 IMU_ACCEL -9.651367 0.09082 0.104492
3.684 2 ATTITUDE 0. 0. 0.
3.776 2 DL_VALUE 3 0.
3.783 2 DESIRED 0. 0. 0. 0. 0. 655. 0. 15.
3.786 2 ATTITUDE 0. 0. 0.
3.823 2 GPS 3 34881864 594571520 0 612635 5 -3 1797 66421750 12 22
3.876 2 BAT 40 36 0 0 1 5 0 0
3.880 2 WP_MOVED 4 348764.6875 5945795. 660. 12
3.883 2 ATTITUDE 0. 0. 0.
3.939 2 DOWNLINK_STATUS 0 4 2736 125 1 841. 39. 0.
3.977 2 ESTIMATOR 0. 0.
3.984 2 DESIRED 0. 0. 0. 0. 0. 655. 0. 15.
3.987 2 ATTITUDE 0. 0. 0.
4.077 2 GPS 3 34881864 594571520 0 612677 8 1 1797 66422000 12 23
4.080 2 ATTITUDE 0. 0. 0.
4.179 2 IMU_GYRO -0.022217 0.010498 -0.012695
4.186 2 DESIRED 0. 0. 0. 0. 0. 655. 0. 15.
4.189 2 ATTITUDE -0.012102 1.561762 0.00888
4.249 2 FBW_STATUS 0 47 0 36 3
4.267 2 ATTITUDE -0.012201 1.561677 0.008874
4.323 2 GPS 3 34881864 594571520 0 612672 12 -10 1797 66422250 12 24
4.380 2 WP_MOVED 5 348740. 5945760. 660. 12
4.387 2 DESIRED 0. 0. 0. 0. 0. 655. 0. 15.
4.390 2 ATTITUDE -0.012189 1.561693 0.00884
4.474 2 IMU_ACCEL -9.646484 0.100586 0.138672
4.477 2 ESTIMATOR 0. 0.
4.480 2 ATTITUDE -0.012287 1.56173 0.008849
4.587 2 IMU_MAG 0. 0. 0.
4.592 2 GPS 3 34881864 594571520 0 612641 14 -8 1797 66422500 12 25
4.599 2 DESIRED 0. 0. 0. 0. 0. 655. 0. 15.
4.602 2 ATTITUDE -0.012211 1.561733 0.008912
4.674 2 NAVIGATION 1 1 -46.4 0. 0. 2150.6 0 0
4.678 2 ATTITUDE -0.012444 1.561611 0.008888
4.779 2 IMU_GYRO -0.02002 0.018066 -0.010498
4.786 2 DESIRED 0. 0. 0. 0. 0. 655. 0. 15.
4.788 2 ATTITUDE -0.012345 1.561558 0.008903
4.823 2 GPS 3 34881864 594571520 0 612628 15 9 1797 66422750 12 26
4.871 2 WP_MOVED 6 348665. 5945815. 660. 12
4.874 2 ATTITUDE -0.012187 1.561627 0.008975
4.939 2 DOWNLINK_STATUS 0 5 3419 154 1 683. 29. 0.
4.983 2 BAT 40 36 0 0 1 6 0 0
4.986 2 ESTIMATOR 0. 0.
4.993 2 DESIRED 0. 0. 0. 0. 0. 655. 0. 15.
4.995 2 ATTITUDE -0.012096 1.561311 0.009018
5.076 2 GPS 3 34881864 594571520 0 612619 6 -4 1797 66423000 12 27
5.080 2 ATTITUDE -0.011591 1.561629 0.009051
5.178 2 GPS_SOL 150 21 126 13
5.186 2 DESIRED 0. 0. 0. 0. 0. 655. 0. 15.
5.188 2 ATTITUDE -0.011755 1.561615 0.009108
5.274 2 CALIBRATION 0. 0
5.276 2 DL_VALUE 4 0.
5.279 2 IMU_ACCEL -9.651367 0.056641 0.100586
5.282 2 ATTITUDE -0.011765 1.561546 0.009121
5.323 2 GPS 3 34881864 594571520 0 612600 12 2 1797 66423250 12 28
5.384 2 STATE_FILTER_STATUS 3 0
5.387 2 IMU_GYRO -0.024414 0.006348 -0.012695
5.390 2 WP_MOVED 7 349065. 5946015. 660. 12
5.397 2 DESIRED 0. 0. 0. 0. 0. 655. 0. 15.
5.400 2 ATTITUDE -0.011795 1.561477 0.009172
5.475 2 ESTIMATOR 0. 0.
5.478 2 ATTITUDE -0.011834 1.561408 0.009154
5.490 2 PONG 
5.585 2 GPS 3 34881864 594571520 0 612593 4 -6 1797 66423500 12 29
5.591 2 DESIRED 0. 0. 0. 0. 0. 655. 0. 15.
5.595 2 ATTITUDE -0.011786 1.561375 0.009163
5.674 2 NAVIGATION 1 1 -46.4 0. 0. 2150.6 0 0
5.677 2 ATTITUDE -0.011746 1.561273 0.009171
5.779 2 DESIRED 0. 0. 0. 0. 0. 655. 0. 15.
5.782 2 ATTITUDE -0.011823 1.5612 0.009146
5.826 2 GPS 3 34881864 594571520 0 612567 1 -23 1797 66423750 12 30
5.828 2 SVINFO 0 3 13 7 36 46 91
5.880 2 ENERGY 3.5 0.003 0 0.0105
5.883 2 IMU_MAG 0. 0. 0.
5.887 2 WP_MOVED 0 348907. 5945757. 660. 12
5.890 2 ATTITUDE -0.01184 1.561179 0.009211
5.939 2 DOWNLINK_STATUS 0 6 4178 189 1 759. 35. 52.47
5.982 2 IMU_GYRO -0.022217 0.009521 -0.012695
5.985 2 ESTIMATOR 0. 0.
5.991 2 DESIRED 0. 0. 0. 0. 0. 655. 0. 15.
5.994 2 ATTITUDE -0.011804 1.56113 0.009206
6.086 2 BAT 40 35 0 0 1 8 0 0
6.089 2 IMU_ACCEL -9.661133 0.085938 0.138672
6.095 2 GPS 3 34881864 594571520 0 612531 7 -2 1797 66424000 12 1
6.098 2 SVINFO 1 5 13 7 41 23 294
6.101 2 ATTITUDE -0.011895 1.561109 0.00921
6.179 2 DESIRED 0. 0. 0. 0. 0. 655. 0. 15.
6.182 2 ATTITUDE -0.011905 1.561105 0.009222
6.248 2 FBW_STATUS 0 47 0 36 3
6.268 2 ATTITUDE -0.011965 1.561105 0.009178
6.326 2 GPS 3 34881864 594571520 0 612544 8 2 1797 66424250 12 2
6.329 2 SVINFO 2 7 13 7 44 88 341
6.380 2 WP_MOVED 1 348865. 5945715. 660. 12
6.387 2 DESIRED 0. 0. 0. 0. 0. 655. 0. 15.
6.390 2 ATTITUDE -0.011855 1.561068 0.009195
6.469 2 ESTIMATOR 0. 0.
6.472 2 ATTITUDE -0.011909 1.561052 0.009229
6.589 2 IMU_GYRO -0.024414 0.008301 -0.012695
6.594 2 GPS 3 34881864 594571520 0 612560 10 11 1797 66424500 12 3
6.597 2 SVINFO 3 8 13 7 46 63 283
6.604 2 DESIRED 0. 0. 0. 0. 0. 655. 0. 15.
6.607 2 ATTITUDE -0.011953 1.561036 0.009223
6.674 2 NAVIGATION 1 1 -46.4 0. 0. 2150.6 0 0
6.677 2 ATTITUDE -0.011962 1.561003 0.009225
6.776 2 DL_VALUE 5 0.
6.783 2 DESIRED 0. 0. 0. 0. 0. 655. 0. 15.
6.786 2 ATTITUDE -0.011931 1.56099 0.009226
6.826 2 GPS 3 34881864 594571520 0 612591 6 3 1797 66424750 12 4
6.828 2 SVINFO 4 9 28 7 41 44 283
6.875 2 IMU_ACCEL -9.670898 0.109375 0.138672
6.878 2 WP_MOVED 2 348895. 5945815. 660. 12
6.881 2 ATTITUDE -0.011897 1.560974 0.009258
6.940 2 DOWNLINK_STATUS 0 7 4949 224 1 771. 35. 52.47
6.977 2 ESTIMATOR 0. 0.
6.984 2 DESIRED 0. 0. 0. 0. 0. 655. 0. 15.
6.987 2 ATTITUDE -0.011905 1.560974 0.009233
7.081 2 NAVIGATION_REF 348865 5945715 12 605.
7.087 2 GPS 3 34881864 594571520 0 612588 8 -21 1797 66425000 12 5
7.089 2 SVINFO 5 10 13 4 32 18 240
7.093 2 ATTITUDE -0.011916 1.56099 0.009261
7.187 2 GPS_SOL 147 30 126 13
7.190 2 IMU_MAG 0. 0. 0.
7.194 2 BAT 40 36 0 0 1 9 0 0
7.197 2 IMU_GYRO -0.02002 0.011475 -0.011475
7.203 2 DESIRED 0. 0. 0. 0. 0. 655. 0. 15.
7.267 2 ATTITUDE -0.01194 1.560948 0.009351
7.326 2 GPS 3 34881864 594571520 0 612596 4 -10 1797 66425250 12 6
7.334 2 SVINFO 6 13 13 7 39 38 160
7.381 2 CALIBRATION 0. 0
7.384 2 WP_MOVED 3 348965.09375 5945786. 660. 12
7.391 2 DESIRED 0. 0. 0. 0. 0. 655. 0. 15.
7.394 2 ATTITUDE -0.011958 1.560878 0.009351
7.469 2 ESTIMATOR 0. 0.
7.473 2 ATTITUDE -0.011874 1.560797 0.009351
7.586 2 STATE_FILTER_STATUS 3 0
7.591 2 GPS 3 34881864 594571520 0 612612 11 -18 1797 66425500 12 7
7.594 2 SVINFO 7 16 13 7 36 15 53
7.601 2 DESIRED 0. 0. 0. 0. 0. 655. 0. 15.
7.604 2 ATTITUDE -0.011853 1.560728 0.00934
7.678 2 NAVIGATION 1 1 -46.4 0. 0. 2150.6 0 0
7.681 2 IMU_ACCEL -9.675781 0.09082 0.076172
7.684 2 ATTITUDE -0.011804 1.560711 0.009419
7.779 2 IMU_GYRO -0.023193 0.008301 -0.012695
7.786 2 DESIRED 0. 0. 0. 0. 0. 655. 0. 15.
7.789 2 ATTITUDE -0.011789 1.560662 0.009398
7.826 2 GPS 3 34881864 594571520 0 612591 9 -15 1797 66425750 12 8
7.829 2 SVINFO 8 19 13 4 21 39 106
7.872 2 WP_MOVED 4 348764.6875 5945795. 660. 12
7.874 2 ATTITUDE -0.01168 1.560548 0.009428
7.940 2 DOWNLINK_STATUS 0 8 5732 260 1 783. 36. 52.47
7.977 2 ESTIMATOR 0. 0.
7.985 2 DESIRED 0. 0. 0. 0. 0. 655. 0. 15.
7.987 2 ATTITUDE -0.01168 1.560548 0.009419
8.050 2 ACTUATORS |1004,1003,1522,1490,1480,1500|
8.079 2 GPS 3 34881864 594571520 0 612555 9 -10 1797 66426000 12 9
8.081 2 SVINFO 9 21 12 6 34 5 12
8.085 2 ATTITUDE -0.011715 1.560499 0.009419
8.150 2 COMMANDS |40,-14,910,-9548,14,-9548|
8.179 2 DESIRED 0. 0. 0. 0. 0. 655. 0. 15.
8.181 2 ATTITUDE -0.011626 1.560466 0.009445
8.249 2 FBW_STATUS 0 47 0 36 3
8.278 2 ENERGY 3.6 0.003 0 0.0108
8.280 2 DL_VALUE 6 100.
8.284 2 BAT 40 36 0 0 1 10 0 0
8.287 2 ATTITUDE -0.011723 1.560466 0.00948
8.325 2 GPS 3 34881864 594571520 0 612530 10 6 1797 66426250 12 10
8.328 2 SVINFO 10 23 13 7 40 9 153
8.387 2 DOWNLINK 2 770 363
8.389 2 PPRZ_MODE 0 0 0 0 0 17
8.392 2 IMU_GYRO -0.023193 0.006348 -0.013672
8.395 2 WP_MOVED 5 348694. 5945760. 667.554993 12
8.402 2 DESIRED 0. 0. 0. 0. 0. 655. 0. 15.
8.405 2 ATTITUDE -0.011669 1.560396 0.009462
8.483 2 ALIVE |27,70,107,109,230,106,232,192,51,70,25,22,96,67,89,79|
8.486 2 IMU_MAG 0. 0. 0.
8.489 2 IMU_ACCEL -9.680664 0.09082 0.162109
8.492 2 ESTIMATOR 0. 0.
8.495 2 ATTITUDE -0.011804 1.560328 0.009412
8.588 2 GPS 3 34881864 594571520 0 612506 7 5 1797 66426500 12 11
8.590 2 SVINFO 11 26 13 7 34 10 315
8.597 2 DESIRED 0. 0. 0. 0. 0. 655. 0. 15.
8.600 2 ATTITUDE -0.01172 1.560295 0.009366
8.674 2 NAVIGATION 2 1 -0.5 -0.5 0. 0.5 0 0
8.677 2 ATTITUDE -0.011664 1.560242 0.009327
8.779 2 DESIRED 0. 0. 0. 0. 0. 655. 0. 15.
8.782 2 ATTITUDE -0.011652 1.560243 0.009301
8.826 2 GPS 3 34881864 594571520 0 612519 2 1 1797 66426750 12 12
8.828 2 SVINFO 12 27 13 7 37 36 63
8.871 2 WP_MOVED 6 348619. 5945815. 667.554993 12
8.875 2 ATTITUDE -0.011664 1.560206 0.009288
8.940 2 DOWNLINK_STATUS 0 9 6589 300 1 857. 40. 52.47
8.982 2 IMU_GYRO -0.024414 0.009521 -0.012695
8.984 2 ESTIMATOR 0. 0.
8.991 2 DESIRED 0. 0. 0. 0. 0. 655. 0. 15.
8.994 2 ATTITUDE -0.011781 1.560186 0.009254
9.080 2 GPS 3 34881864 594571520 0 612501 7 10 1797 66427000 12 13
9.082 2 SVINFO 13 28 13 7 39 24 223
9.085 2 ATTITUDE -0.011804 1.560133 0.00922
9.179 2 GPS_SOL 146 32 126 13
9.185 2 DESIRED 0. 0. 0. 0. 0. 655. 0. 15.
9.188 2 ATTITUDE -0.011845 1.560113 0.009186
9.271 2 IMU_ACCEL -9.631836 0.100586 0.100586
9.274 2 ATTITUDE -0.01174 1.560096 0.009252
9.326 2 GPS 3 34881864 594571520 0 612507 5 12 1797 66427250 12 14
9.328 2 SVINFO 14 30 13 7 43 57 279
9.385 2 BAT 40 36 0 0 1 1 1 0
9.388 2 WP_MOVED 7 349019. 5946015. 667.554993 12
9.395 2 DESIRED 0. 0. 0. 0. 0. 655. 0. 15.
9.398 2 ATTITUDE -0.01187 1.56008 0.009272
9.470 2 CALIBRATION 0. 0
9.473 2 ESTIMATOR 0. 0.
9.477 2 ATTITUDE -0.011876 1.560063 0.009291
9.586 2 IMU_GYRO -0.022217 0.010498 -0.011475
9.592 2 GPS 3 34881864 594571520 0 612486 7 17 1797 66427500 12 15
9.599 2 DESIRED 0. 0. 0. 0. 0. 655. 0. 15.
9.602 2 ATTITUDE -0.011986 1.560023 0.009276
9.673 2 NAVIGATION 2 1 -0.5 -0.5 0. 0.5 0 0
9.677 2 ATTITUDE -0.011954 1.560042 0.009334
9.781 2 STATE_FILTER_STATUS 3 0
9.783 2 DL_VALUE 7 0.
9.786 2 IMU_MAG 0. 0. 0.
9.794 2 DESIRED 0. 0. 0. 0. 0. 655. 0. 15.
9.796 2 ATTITUDE -0.012057 1.560042 0.009372
9.822 2 GPS 3 34881864 594571520 0 612495 11 11 1797 66427750 12 16
9.871 2 WP_MOVED 0 348861. 5945757. 667.554993 12
9.874 2 ATTITUDE -0.01203 1.560009 0.009413
9.941 2 DOWNLINK_STATUS 0 10 7354 335 1 765. 35. 52.47
9.977 2 ESTIMATOR 0. 0.
9.984 2 DESIRED 0. 0. 0. 0. 0. 655. 0. 15.
9.987 2 ATTITUDE -0.012131 1.559992 0.009426
10.078 2 IMU_ACCEL -9.631836 0.076172 0.109375
10.083 2 GPS 3 34881864 594571520 0 612493 5 16 1797 66428000 12 17
10.086 2 ATTITUDE -0.012084 1.55996 0.009387
10.179 2 IMU_GYRO -0.022217 0.010498 -0.011475
10.185 2 DESIRED 0. 0. 0. 0. 0. 655. 0. 15.
10.188 2 ATTITUDE -0.011945 1.55989 0.009412
10.249 2 FBW_STATUS 0 46 0 36 3
10.267 2 ATTITUDE -0.01193 1.559833 0.009462
10.322 2 GPS 3 34881864 594571520 0 612432 10 10 1797 66428250 12 18
10.379 2 WP_MOVED 1 348819. 5945715. 667.554993 12
10.386 2 DESIRED 0. 0. 0. 0. 0. 655. 0. 15.
10.389 2 ATTITUDE -0.011749 1.559764 0.00949
10.478 2 BAT 40 36 0 0 1 2 2 0
10.481 2 ESTIMATOR 0. 0.
10.484 2 ATTITUDE -0.01184 1.559711 0.009467
10.492 2 PONG 
10.585 2 GPS 3 34881864 594571520 0 612432 7 20 1797 66428500 12 19
10.591 2 DESIRED 0. 0. 0. 0. 0. 655. 0. 15.
10.594 2 ATTITUDE -0.011894 1.559633 0.009447
10.677 2 ENERGY 3.6 0.003 0 0.0108
10.682 2 NAVIGATION 2 1 -0.5 -0.5 0. 0.5 0 0
10.685 2 ATTITUDE -0.011734 1.559649 0.009468
10.779 2 IMU_GYRO -0.02124 0.012695 -0.012695
10.786 2 DESIRED 0. 0. 0. 0. 0. 655. 0. 15.
10.789 2 ATTITUDE -0.011763 1.559633 0.009434
10.823 2 GPS 3 34881864 594571520 0 612481 14 -3 1797 66428750 12 20
10.875 2 IMU_ACCEL -9.65625 0.109375 0.128906
10.879 2 WP_MOVED 2 348849. 5945815. 667.554993 12
10.882 2 ATTITUDE -0.011772 1.559581 0.009401
10.941 2 DOWNLINK_STATUS 0 11 8084 367 1 730. 32. 53.71
10.978 2 ESTIMATOR 0. 0.
10.984 2 DESIRED 0. 0. 0. 0. 0. 655. 0. 15.
10.987 2 ATTITUDE -0.011792 1.559569 0.009427
11.077 2 IMU_MAG 0. 0. 0.
11.084 2 GPS 3 34881864 594571520 0 612450 9 -18 1797 66429000 12 21
11.086 2 ATTITUDE -0.01169 1.559536 0.009429
11.178 2 GPS_SOL 145 34 126 13
11.185 2 DESIRED 0. 0. 0. 0. 0. 655. 0. 15.
11.188 2 ATTITUDE -0.011847 1.559557 0.009405
11.267 2 DL_VALUE 8 0.
11.270 2 ATTITUDE -0.011736 1.559536 0.009395
11.322 2 GPS 3 34881864 594571520 0 612448 18 -21 1797 66429250 12 22
11.383 2 IMU_GYRO -0.02124 0.008301 -0.012695
11.386 2 WP_MOVED 3 348919.09375 5945786. 667.554993 12
11.394 2 DESIRED 0. 0. 0. 0. 0. 655. 0. 15.
11.396 2 ATTITUDE -0.011721 1.559426 0.009412
11.469 2 ESTIMATOR 0. 0.
11.472 2 ATTITUDE -0.011805 1.55943 0.009379
11.587 2 CALIBRATION 0. 0
11.591 2 BAT 40 36 0 0 1 3 3 0
11.597 2 GPS 3 34881864 594571520 0 612429 8 -3 1797 66429500 12 23
11.603 2 DESIRED 0. 0. 0. 0. 0. 655. 0. 15.
11.606 2 ATTITUDE -0.011563 1.559434 0.009429
11.677 2 NAVIGATION 2 1 -0.5 -0.5 0. 0.5 0 0
11.680 2 IMU_ACCEL -9.651367 0.051758 0.138672
11.684 2 ATTITUDE -0.011604 1.559417 0.00946
11.778 2 DESIRED 0. 0. 0. 0. 0. 655. 0. 15.
11.781 2 ATTITUDE -0.011617 1.559312 0.009402
11.822 2 GPS 3 34881864 594571520 0 612404 5 -1 1797 66429750 12 24
11.871 2 WP_MOVED 4 348718.6875 5945795. 667.554993 12
11.874 2 ATTITUDE -0.011705 1.559296 0.009391
11.941 2 DOWNLINK_STATUS 0 12 8794 398 1 710. 31. 53.71
11.982 2 STATE_FILTER_STATUS 3 0
11.985 2 IMU_GYRO -0.02002 0.018066 -0.012695
11.988 2 ESTIMATOR 0. 0.
11.994 2 DESIRED 0. 0. 0. 0. 0. 655. 0. 15.
11.997 2 ATTITUDE -0.011711 1.559276 0.009364
11.997 2 WIND_INFO 2 42 0. 0. 0.
12.076 2 GPS 3 34881864 594571520 0 612386 9 2 1797 66430000 12 25
12.079 2 ATTITUDE -0.01147 1.559243 0.009358
12.178 2 DESIRED 0. 0. 0. 0. 0. 655. 0. 15.
12.181 2 ATTITUDE -0.011636 1.559231 0.009349
12.249 2 FBW_STATUS 0 49 0 36 3
12.267 2 ATTITUDE -0.011616 1.559264 0.009342
12.323 2 GPS 3 34881864 594571520 0 612387 8 3 1797 66430250 12 26
12.383 2 IMU_MAG 0. 0. 0.
12.387 2 WP_MOVED 5 348694. 5945760. 667.554993 12
12.393 2 DESIRED 0. 0. 0. 0. 0. 655. 0. 15.
12.396 2 ATTITUDE -0.011725 1.559158 0.00931
12.474 2 IMU_ACCEL -9.670898 0.109375 0.100586
12.476 2 ESTIMATOR 0. 0.
12.479 2 ATTITUDE -0.011794 1.559125 0.009306
12.586 2 IMU_GYRO -0.02002 0.011475 -0.012695
12.592 2 GPS 3 34881864 594571520 0 612399 3 22 1797 66430500 12 27
12.598 2 DESIRED 0. 0. 0. 0. 0. 655. 0. 15.
12.601 2 ATTITUDE -0.011799 1.559126 0.009274
12.677 2 BAT 40 36 0 0 1 4 4 0
12.682 2 NAVIGATION 2 1 -0.5 -0.5 0. 0.5 0 0
12.684 2 ATTITUDE -0.011682 1.559109 0.009325
12.775 2 DL_VALUE 9 1.
12.782 2 DESIRED 0. 0. 0. 0. 0. 655. 0. 15.
12.785 2 ATTITUDE -0.011639 1.559059 0.009362
12.823 2 GPS 3 34881864 594571520 0 612393 17 19 1797 66430750 12 28
12.871 2 WP_MOVED 6 348619. 5945815. 667.554993 12
12.874 2 ATTITUDE -0.011636 1.559022 0.009393
12.942 2 DOWNLINK_STATUS 0 13 9518 430 1 724. 32. 53.71
12.977 2 ESTIMATOR 0. 0.
12.983 2 DESIRED 0. 0. 0. 0. 0. 655. 0. 15.
12.986 2 ATTITUDE -0.011616 1.559002 0.009374
13.050 2 ACTUATORS |1004,1003,1522,1490,1480,1500|
13.078 2 ENERGY 3.6 0.003 0 0.0108
13.084 2 GPS 3 34881864 594571520 0 612390 8 17 1797 66431000 12 29
13.087 2 ATTITUDE -0.01154 1.55896 0.00942
13.150 2 COMMANDS |40,-14,910,-9548,14,-9548|
13.182 2 GPS_SOL 145 30 126 13
13.185 2 IMU_GYRO -0.02124 0.010498 -0.012695
13.192 2 DESIRED 0. 0. 0. 0. 0. 655. 0. 15.
13.195 2 ATTITUDE -0.011541 1.55892 0.009401
13.272 2 PPRZ_MODE 0 1 2 0 0 17
13.275 2 IMU_ACCEL -9.646484 0.100586 0.104492
13.278 2 ATTITUDE -0.011494 1.558847 0.00939
13.325 2 GPS 3 34881864 594571520 0 612380 1 12 1797 66431250 12 30
13.328 2 SVINFO 0 3 13 7 40 46 91
13.379 2 WP_MOVED 7 349019. 5946015. 667.554993 12
13.386 2 DESIRED 0. 0. 0. 0. 0. 655. 0. 15.
13.389 2 ATTITUDE -0.011489 1.558822 0.009407
13.471 2 DOWNLINK 2 758 536
13.473 2 ESTIMATOR 0. 0.
13.476 2 ATTITUDE -0.011477 1.558765 0.0094
13.591 2 ALIVE |27,70,107,109,230,106,232,192,51,70,25,22,96,67,89,79|
13.596 2 GPS 3 34881864 594571520 0 612389 14 17 1797 66431500 12 1
13.599 2 SVINFO 1 5 13 7 38 23 294
13.605 2 DESIRED 0. 0. 0. 0. 0. 655. 0. 15.
13.608 2 ATTITUDE -0.011497 1.558724 0.009408
13.677 2 CALIBRATION 0. 0
13.680 2 IMU_MAG 0. 0. 0.
13.685 2 NAVIGATION 2 1 -0.5 -0.5 0. 0.5 0 0
13.688 2 ATTITUDE -0.011533 1.558687 0.009438
13.784 2 BAT 40 36 0 0 1 5 5 0
13.787 2 IMU_GYRO -0.02124 0.010498 -0.013672
13.794 2 DESIRED 0. 0. 0. 0. 0. 655. 0. 15.
13.797 2 ATTITUDE -0.011609 1.558649 0.0095
13.826 2 GPS 3 34881864 594571520 0 612435 4 7 1797 66431750 12 2
13.828 2 SVINFO 2 7 13 7 44 88 341
13.871 2 WP_MOVED 0 348861. 5945757. 667.554993 12
13.875 2 ATTITUDE -0.011617 1.558613 0.009475
13.942 2 DOWNLINK_STATUS 0 14 10381 470 1 863. 40. 53.71
13.977 2 ESTIMATOR 0. 0.
13.984 2 DESIRED 0. 0. 0. 0. 0. 655. 0. 15.
13.987 2 ATTITUDE -0.011665 1.558588 0.009485
14.081 2 IMU_ACCEL -9.65625 0.085938 0.162109
14.087 2 GPS 3 34881864 594571520 0 612436 4 4 1797 66432000 12 3
14.089 2 SVINFO 3 8 13 7 46 63 283
14.092 2 ATTITUDE -0.011719 1.558514 0.009531
14.175 2 STATE_FILTER_STATUS 3 0
14.182 2 DESIRED 0. 0. 0. 0. 0. 655. 0. 15.
14.184 2 ATTITUDE -0.011658 1.558461 0.009539
14.249 2 FBW_STATUS 0 50 0 36 3
14.267 2 DL_VALUE 10 0.
14.270 2 ATTITUDE -0.01173 1.558424 0.009619
14.326 2 GPS 3 34881864 594571520 0 612447 8 -3 1797 66432250 12 4
14.327 2 SVINFO 4 9 28 7 40 44 283
14.382 2 IMU_GYRO -0.019043 0.011475 -0.011475
14.386 2 WP_MOVED 1 348819. 5945715. 667.554993 12
14.394 2 DESIRED 0. 0. 0. 0. 0. 655. 0. 15.
14.396 2 ATTITUDE -0.011577 1.558403 0.009618
14.469 2 ESTIMATOR 0. 0.
14.472 2 ATTITUDE -0.011575 1.558426 0.00967
14.587 2 GPS 3 34881864 594571520 0 612448 1 -2 1797 66432500 12 5
14.589 2 SVINFO 5 10 13 5 32 18 240
14.596 2 DESIRED 0. 0. 0. 0. 0. 655. 0. 15.
14.599 2 ATTITUDE -0.011461 1.558459 0.009672
14.673 2 NAVIGATION 2 1 -0.5 -0.5 0. 0.5 0 0
14.676 2 ATTITUDE -0.011601 1.558369 0.009657
14.778 2 DESIRED 0. 0. 0. 0. 0. 655. 0. 15.
14.781 2 ATTITUDE -0.011528 1.558316 0.009691
14.825 2 GPS 3 34881864 594571520 0 612453 3 0 1797 66432750 12 6
14.828 2 SVINFO 6 13 13 7 38 38 160
14.880 2 BAT 40 36 0 0 1 6 6 0
14.883 2 IMU_ACCEL -9.666016 0.095703 0.100586
14.886 2 WP_MOVED 2 348849. 5945815. 667.554993 12
14.889 2 ATTITUDE -0.01161 1.55832 0.009692
14.942 2 DOWNLINK_STATUS 0 15 11143 505 1 762. 35. 53.71
14.985 2 IMU_MAG 0. 0. 0.
14.988 2 IMU_GYRO -0.02124 0.012695 -0.012695
14.991 2 ESTIMATOR 0. 0.
14.997 2 DESIRED 0. 0. 0. 0. 0. 655. 0. 15.
15.001 2 ATTITUDE -0.011634 1.558267 0.009684
15.079 2 GPS 3 34881864 594571520 0 612452 2 0 1797 66433000 12 7
15.082 2 SVINFO 7 16 13 7 34 15 53
15.085 2 ATTITUDE -0.011669 1.558247 0.009675
15.178 2 GPS_SOL 145 31 126 13
15.185 2 DESIRED 0. 0. 0. 0. 0. 655. 0. 15.
15.188 2 ATTITUDE -0.011653 1.558209 0.00975
15.267 2 ATTITUDE -0.011625 1.558152 0.009778
15.325 2 GPS 3 34881864 594571520 0 612442 10 -10 1797 66433250 12 8
15.328 2 SVINFO 8 19 13 4 25 39 106
15.379 2 WP_MOVED 3 348919.09375 5945786. 667.554993 12
15.386 2 DESIRED 0. 0. 0. 0. 0. 655. 0. 15.
15.389 2 ATTITUDE -0.011633 1.558046 0.009746
15.479 2 ENERGY 3.6 0.003 0 0.0108
15.481 2 ESTIMATOR 0. 0.
15.485 2 ATTITUDE -0.011599 1.557957 0.00973
15.493 2 PONG 
15.589 2 IMU_GYRO 0.006348 0.016846 -0.013672
15.594 2 GPS 3 34881864 594571520 0 612444 7 -4 1797 66433500 12 9
15.597 2 SVINFO 9 21 12 6 34 5 12
15.603 2 DESIRED 0. 0. 0. 0. 0. 655. 0. 15.
15.607 2 ATTITUDE -0.01308 1.556531 0.009714
15.678 2 NAVIGATION 2 1 -0.5 -0.5 0. 0.5 0 0
15.681 2 IMU_ACCEL -9.68457 0.114258 0.358398
15.684 2 ATTITUDE -0.013355 1.556654 0.009656
15.779 2 CALIBRATION 0. 0
15.779 2 DL_VALUE 11 0.
15.787 2 DESIRED 0. 0. 0. 0. 0. 655. 0. 15.
15.789 2 ATTITUDE -0.011703 1.557764 0.009717
15.826 2 GPS 3 34881864 594571520 0 612437 7 -5 1797 66433750 12 10
15.827 2 SVINFO 10 23 13 7 38 9 153
15.871 2 WP_MOVED 4 348718.6875 5945795. 667.554993 12
15.874 2 ATTITUDE -0.007248 1.561928 0.010056
15.943 2 DOWNLINK_STATUS 0 16 11932 542 1 789. 37. 53.71
15.982 2 BAT 40 35 0 0 1 7 7 0
15.985 2 ESTIMATOR 0. 0.
15.991 2 DESIRED 0. 0. 0. 0. 0. 655. 0. 15.
15.994 2 ATTITUDE -0.011163 1.557358 0.009798
16.080 2 NAVIGATION_REF 348819 5945715 12 612.554993
16.086 2 GPS 3 34881864 594571520 0 612431 3 -2 1797 66434000 12 11
16.089 2 SVINFO 11 26 13 6 37 10 315
16.092 2 ATTITUDE -0.014969 1.553643 0.009189
16.178 2 IMU_GYRO -0.014893 0.028564 -0.014893
16.185 2 DESIRED 0. 0. 0. 0. 0. 655. 0. 15.
16.188 2 ATTITUDE -0.017448 1.551261 0.008487
16.248 2 FBW_STATUS 0 46 0 35 3
16.270 2 IMU_MAG 0. 0. 0.
16.273 2 ATTITUDE -0.015106 1.552964 0.008353
16.325 2 GPS 3 34881864 594571520 0 612442 3 -3 1797 66434250 12 12
16.327 2 SVINFO 12 27 13 7 39 36 63
16.379 2 STATE_FILTER_STATUS 3 0
16.383 2 WP_MOVED 5 348694. 5945760. 667.554993 12
16.389 2 DESIRED 0. 0. 0. 0. 0. 655. 0. 15.
16.392 2 ATTITUDE -0.014298 1.553094 0.008143
16.944 2 DOWNLINK_STATUS 0 17 12364 562 1 432. 20. 53.71
17.944 2 DOWNLINK_STATUS 0 18 12364 562 1 0. 0. 53.71
18.946 2 DOWNLINK_STATUS 0 19 12364 562 1 0. 0. 53.71
19.947 2 DOWNLINK_STATUS 0 20 12364 562 1 0. 0. 53.71
20.948 2 DOWNLINK_STATUS 0 21 12364 562 1 0. 0. -4946.81
21.950 2 DOWNLINK_STATUS 0 22 12364 562 1 0. 0. -4946.81
21.997 2 WIND_INFO 2 42 0. 0. 0.
22.951 2 DOWNLINK_STATUS 0 23 12364 562 1 0. 0. -4946.81
23.951 2 DOWNLINK_STATUS 0 24 12364 562 1 0. 0. -4946.81
24.953 2 DOWNLINK_STATUS 0 25 12364 562 1 0. 0. -4946.81
25.954 2 DOWNLINK_STATUS 0 26 12364 562 1 0. 0. -9947.69
26.956 2 DOWNLINK_STATUS 0 27 12364 562 1 0. 0. -9947.69
27.957 2 DOWNLINK_STATUS 0 28 12364 562 1 0. 0. -9947.69
28.958 2 DOWNLINK_STATUS 0 29 12364 562 1 0. 0. -9947.69
29.959 2 DOWNLINK_STATUS 0 30 12364 562 1 0. 0. -9947.69
30.960 2 DOWNLINK_STATUS 0 31 12364 562 1 0. 0. -14948.58
31.961 2 DOWNLINK_STATUS 0 32 12364 562 1 0. 0. -14948.58
32.963 2 DOWNLINK_STATUS 0 33 12364 562 1 0. 0. -14948.58
33.964 2 DOWNLINK_STATUS 0 34 12364 562 1 0. 0. -14948.58
