9.748 1 ATTITUDE 0.033801 0.606295 0.086263
9.854 1 NAVIGATION 5 1 0. 0. 0. 0. 0 0
9.857 1 ATTITUDE 0.033753 0.606185 0.086186
9.939 1 DOWNLINK_STATUS 0 10 3519 173 0 390. 19. 51.44
9.947 1 ATTITUDE 0.033843 0.605931 0.086189
10.048 1 ATTITUDE 0.03385 0.606049 0.086173
10.101 1 NAVIGATION 5 1 0. 0. 0. 0. 0 0
10.148 1 ATTITUDE 0.033911 0.60587 0.08613
10.255 1 ATTITUDE 0.033884 0.606313 0.086178
10.261 1 GPS 0 0 0 0 0 0 0 0 0 0 1
10.360 1 NAVIGATION 5 1 0. 0. 0. 0. 0 0
10.363 1 ATTITUDE 0.033919 0.606352 0.086204
10.366 1 ESTIMATOR 0. 0.
10.367 1 DOWNLINK 0 354 800
10.454 1 COMMANDS 26,-2352,1274,-2352,-588,0
10.458 1 ATTITUDE 0.033943 0.606278 0.08621
10.460 1 PPRZ_MODE 0 1 2 0 0 17
10.494 1 PONG 
10.551 1 ACTUATORS 1271,1635,1465,1487,1351
10.554 1 ATTITUDE 0.033981 0.606282 0.086251
10.600 1 NAVIGATION 5 1 0. 0. 0. 0. 0 0
10.648 1 ATTITUDE 0.034008 0.606382 0.086259
10.748 1 ATTITUDE 0.034054 0.606474 0.086279
10.859 1 NAVIGATION 5 1 0. 0. 0. 0. 0 0
10.861 1 ATTITUDE 0.03408 0.606695 0.086315
10.864 1 GPS_SOL 0 0 0 0
10.940 1 DOWNLINK_STATUS 0 11 3932 195 0 413. 22. 60.7
10.947 1 ATTITUDE 0.034093 0.60699 0.086287
11.047 1 ATTITUDE 0.034095 0.607194 0.086278
11.100 1 NAVIGATION 5 1 0. 0. 0. 0. 0 0
11.148 1 ATTITUDE 0.034124 0.607452 0.086248
11.255 1 ATTITUDE 0.034138 0.607409 0.086245
11.261 1 GPS 0 0 0 0 0 0 0 0 0 0 1
11.356 1 FBW_STATUS 0 51 0 67 0
11.360 1 NAVIGATION 5 1 0. 0. 0. 0. 0 0
11.364 1 ATTITUDE 0.034138 0.607397 0.086241
11.447 1 ATTITUDE 0.03413 0.607373 0.086242
11.550 1 ATTITUDE 0.03418 0.607124 0.086281
11.553 1 ESTIMATOR 0. 0.
11.600 1 NAVIGATION 5 1 0. 0. 0. 0. 0 0
11.647 1 ATTITUDE 0.034222 0.607174 0.086288
11.748 1 ATTITUDE 0.034274 0.607212 0.086275
11.854 1 NAVIGATION 5 1 0. 0. 0. 0. 0 0
11.858 1 ATTITUDE 0.034297 0.607235 0.086347
11.940 1 DOWNLINK_STATUS 0 12 4278 212 0 346. 17. 60.7
11.948 1 ATTITUDE 0.034295 0.607135 0.086349
12.047 1 ATTITUDE 0.034325 0.606982 0.08635
12.100 1 NAVIGATION 5 1 0. 0. 0. 0. 0 0
12.147 1 ATTITUDE 0.034338 0.607042 0.086385
12.255 1 ATTITUDE 0.034351 0.606958 0.086381
12.260 1 GPS 0 0 0 0 0 0 0 0 0 0 1
12.358 1 NAVIGATION 5 1 0. 0. 0. 0. 0 0
12.359 1 ATTITUDE 0.034373 0.607133 0.086339
12.448 1 ATTITUDE 0.034381 0.607013 0.086328
12.548 1 ATTITUDE 0.03438 0.606938 0.086322
12.600 1 NAVIGATION 5 1 0. 0. 0. 0. 0 0
12.647 1 ATTITUDE 0.034433 0.606918 0.086318
12.750 1 ATTITUDE 0.034456 0.607191 0.086284
12.753 1 ESTIMATOR 0. 0.
12.855 1 NAVIGATION 5 1 0. 0. 0. 0. 0 0
12.857 1 ATTITUDE 0.034458 0.607036 0.086333
12.940 1 DOWNLINK_STATUS 0 13 4609 228 0 331. 16. 60.7
12.948 1 ATTITUDE 0.034433 0.607351 0.086334
13.048 1 ATTITUDE 0.034456 0.607422 0.086326
13.101 1 NAVIGATION 5 1 0. 0. 0. 0. 0 0
13.147 1 ATTITUDE 0.034445 0.607364 0.086351
13.254 1 ATTITUDE 0.034432 0.60757 0.086395
13.260 1 GPS 0 0 0 0 0 0 0 0 0 0 1
13.355 1 FBW_STATUS 0 49 0 67 0
13.360 1 NAVIGATION 5 1 0. 0. 0. 0. 0 0
13.363 1 ATTITUDE 0.034426 0.607452 0.086411
13.448 1 ATTITUDE 0.03444 0.607519 0.086401
13.548 1 ATTITUDE 0.03442 0.607532 0.086346
13.601 1 NAVIGATION 5 1 0. 0. 0. 0. 0 0
13.648 1 ATTITUDE 0.034427 0.607492 0.086355
13.747 1 ATTITUDE 0.034447 0.60756 0.086317
13.854 1 NAVIGATION 5 1 0. 0. 0. 0. 0 0
13.857 1 ATTITUDE 0.034449 0.607765 0.086295
13.941 1 DOWNLINK_STATUS 0 14 4941 244 0 332. 16. 60.7
13.950 1 ATTITUDE 0.034462 0.607582 0.086281
13.953 1 ESTIMATOR 0. 0.
14.047 1 ATTITUDE 0.034477 0.607838 0.086264
14.101 1 NAVIGATION 5 1 0. 0. 0. 0. 0 0
14.148 1 ATTITUDE 0.034444 0.607943 0.086292
14.254 1 ATTITUDE 0.034401 0.607743 0.086294
14.260 1 GPS 0 0 0 0 0 0 0 0 0 0 1
14.354 1 NAVIGATION 5 1 0. 0. 0. 0. 0 0
14.357 1 ATTITUDE 0.034369 0.607482 0.086274
14.447 1 ATTITUDE 0.034372 0.607362 0.086295
14.547 1 ATTITUDE 0.034365 0.607309 0.086327
14.600 1 NAVIGATION 5 1 0. 0. 0. 0. 0 0
14.647 1 ATTITUDE 0.034335 0.607753 0.086318
14.748 1 ATTITUDE 0.034314 0.607735 0.086337
14.855 1 NAVIGATION 5 1 0. 0. 0. 0. 0 0
14.858 1 ATTITUDE 0.034296 0.607896 0.08634
14.941 1 DOWNLINK_STATUS 0 15 5272 260 0 331. 16. 60.7
14.948 1 ATTITUDE 0.034242 0.607701 0.086361
15.047 1 ATTITUDE 0.03419 0.60756 0.086383
15.100 1 NAVIGATION 5 1 0. 0. 0. 0. 0 0
15.150 1 ATTITUDE 0.034185 0.607617 0.086381
15.153 1 ESTIMATOR 0. 0.
15.254 1 ATTITUDE 0.034137 0.607617 0.08634
15.260 1 GPS 0 0 0 0 0 0 0 0 0 0 1
15.356 1 ATTITUDE 0.034099 0.607602 0.086328
15.359 1 FBW_STATUS 0 51 0 67 0
15.363 1 NAVIGATION 5 1 0. 0. 0. 0. 0 0
15.451 1 COMMANDS 26,-2352,1274,-2352,-588,0
15.454 1 ATTITUDE 0.034108 0.607559 0.086348
15.483 1 PONG 
15.550 1 ACTUATORS 1271,1635,1465,1487,1351
15.553 1 ATTITUDE 0.034129 0.607289 0.086348
15.600 1 NAVIGATION 5 1 0. 0. 0. 0. 0 0
15.647 1 ATTITUDE 0.034127 0.607017 0.08633
15.747 1 ATTITUDE 0.034127 0.607159 0.086311
15.853 1 ATTITUDE 0.034097 0.606854 0.086312
15.857 1 NAVIGATION 5 1 0. 0. 0. 0. 0 0
15.941 1 DOWNLINK_STATUS 0 16 5660 280 0 388. 20. 49.4
15.948 1 ATTITUDE 0.034039 0.606676 0.086323
16.048 1 ATTITUDE 0.03401 0.606651 0.086302
16.101 1 NAVIGATION 5 1 0. 0. 0. 0. 0 0
16.147 1 ATTITUDE 0.033978 0.606549 0.086339
16.254 1 ATTITUDE 0.033976 0.606653 0.086358
16.260 1 GPS 0 0 0 0 0 0 0 0 0 0 1
16.357 1 NAVIGATION 5 1 0. 0. 0. 0. 0 0
16.360 1 ATTITUDE 0.034003 0.606659 0.086416
16.363 1 ESTIMATOR 0. 0.
16.450 1 ATTITUDE 0.033987 0.606447 0.086423
16.452 1 PPRZ_MODE 0 1 2 0 0 17
16.548 1 ATTITUDE 0.033967 0.606483 0.086416
16.601 1 NAVIGATION 5 1 0. 0. 0. 0. 0 0
16.647 1 ATTITUDE 0.033978 0.606591 0.086446
16.747 1 ATTITUDE 0.033975 0.606678 0.086465
16.854 1 NAVIGATION 5 1 0. 0. 0. 0. 0 0
16.857 1 ATTITUDE 0.03397 0.606899 0.086474
16.942 1 DOWNLINK_STATUS 0 17 6003 297 0 343. 17. 49.4
16.947 1 ATTITUDE 0.033966 0.606859 0.086462
16.994 1 SETTING 0 1 1.
17.037 1 DL_VALUE 0 1.
17.100 1 NAVIGATION 5 1 0. 0. 0. 0. 0 0
17.145 1 ESTIMATOR 0. 0.
17.248 1 ATTITUDE 0.033963 0.606561 0.086467
17.351 1 FBW_STATUS 0 47 0 67 0
17.356 1 NAVIGATION 5 1 0. 0. 0. 0. 0 0
17.448 1 WP_MOVED 3 332516.09375 5933972. 260. 12
17.504 1 ATTITUDE 0.033934 0.606609 0.086435
17.510 1 GPS 0 0 0 0 0 0 0 0 0 0 1
17.600 1 NAVIGATION 5 1 0. 0. 0. 0. 0 0
17.754 1 ATTITUDE 0.033918 0.606427 0.086432
17.757 1 BAT 26 67 0 0 1 24 24 0
17.759 1 DL_VALUE 2 235.
17.851 1 NAVIGATION 5 1 0. 0. 0. 0. 0 0
17.942 1 DOWNLINK_STATUS 0 18 6304 312 0 301. 15. 49.4
17.950 1 NAVIGATION 5 1 0. 0. 0. 0. 0 0
17.997 1 ATTITUDE 0.033943 0.605963 0.086379
18.100 1 NAVIGATION 5 1 0. 0. 0. 0. 0 0
18.247 1 ATTITUDE 0.033955 0.605608 0.086418
18.350 1 NAVIGATION 5 1 0. 0. 0. 0. 0 0
18.445 1 ESTIMATOR 0. 0.
18.497 1 ATTITUDE 0.033974 0.605397 0.086418
18.553 1 GPS 0 0 0 0 0 0 0 0 0 0 1
18.600 1 NAVIGATION 5 1 0. 0. 0. 0. 0 0
18.747 1 ATTITUDE 0.033987 0.605544 0.086441
18.857 1 BAT 26 67 0 0 1 25 25 0
18.862 1 WP_MOVED 4 332291. 5933946. 260. 12
18.866 1 NAVIGATION 5 1 0. 0. 0. 0. 0 0
18.943 1 DOWNLINK_STATUS 0 19 6594 325 0 290. 13. 49.4
18.997 1 ATTITUDE 0.034044 0.605628 0.086508
19.100 1 NAVIGATION 5 1 0. 0. 0. 0. 0 0
19.250 1 ATTITUDE 0.03409 0.605465 0.086541
19.251 1 DL_VALUE 3 0.
19.305 1 DESIRED 34.91 0.07 0. 0. 0. 235. 0. 12.
19.352 1 FBW_STATUS 0 47 0 67 0
19.356 1 NAVIGATION 5 1 0. 0. 0. 0. 0 0
19.497 1 ATTITUDE 0.0341 0.605382 0.08659
19.607 1 NAVIGATION 5 1 0. 0. 0. 0. 0 0
19.613 1 GPS 0 0 0 0 0 0 0 0 0 0 1
19.750 1 ATTITUDE 0.03419 0.605322 0.086683
19.753 1 ESTIMATOR 0. 0.
19.850 1 NAVIGATION 5 1 0. 0. 0. 0. 0 0
19.932 1 WIND_INFO 1 42 0. 0. 0.
19.944 1 DOWNLINK_STATUS 0 20 6881 338 0 287. 13. 49.4
19.948 1 BAT 26 67 0 0 1 26 26 0
19.997 1 ATTITUDE 0.034215 0.605066 0.086655
20.100 1 NAVIGATION 5 1 0. 0. 0. 0. 0 0
20.251 1 ATTITUDE 0.034265 0.605106 0.086709
20.255 1 WP_MOVED 0 332458. 5933943. 260. 12
20.354 1 ALIVE 63,108,16,232,75,97,60,32,172,119,33,165,254,7,149,72
20.359 1 NAVIGATION 5 1 0. 0. 0. 0. 0 0
20.449 1 PPRZ_MODE 0 1 2 0 0 17
20.452 1 COMMANDS 26,-2352,1274,-2352,-560,0
20.481 1 PONG 
20.483 1 SETTING 0 1 0.
20.501 1 ATTITUDE 0.034291 0.605484 0.086727
20.536 1 DL_VALUE 0 0.
20.554 1 ACTUATORS 1271,1635,1465,1487,1351
20.557 1 ATTITUDE 0.034297 0.605629 0.08671
20.600 1 NAVIGATION 5 1 0. 0. 0. 0. 0 0
20.647 1 ATTITUDE 0.034344 0.605748 0.086726
20.754 1 ATTITUDE 0.034348 0.605815 0.086745
20.760 1 GPS 0 0 0 0 0 0 0 0 0 0 1
20.854 1 NAVIGATION 5 1 0. 0. 0. 0. 0 0
20.857 1 ATTITUDE 0.034376 0.605886 0.08674
20.944 1 DOWNLINK_STATUS 0 21 7273 358 0 392. 20. 47.19
20.947 1 ATTITUDE 0.034434 0.605856 0.08676
21.049 1 ATTITUDE 0.034426 0.605862 0.086776
21.052 1 ESTIMATOR 0. 0.
21.101 1 NAVIGATION 5 1 0. 0. 0. 0. 0 0
21.147 1 ATTITUDE 0.034462 0.606206 0.086752
21.247 1 ATTITUDE 0.034486 0.606136 0.086765
21.355 1 FBW_STATUS 0 49 0 67 0
21.359 1 NAVIGATION 5 1 0. 0. 0. 0. 0 0
21.363 1 ATTITUDE 0.034482 0.605954 0.086784
21.447 1 ATTITUDE 0.034503 0.605818 0.086773
21.547 1 ATTITUDE 0.03456 0.605658 0.086759
21.600 1 NAVIGATION 5 1 0. 0. 0. 0. 0 0
21.646 1 ATTITUDE 0.034565 0.605776 0.086725
21.754 1 ATTITUDE 0.034616 0.606077 0.086708
21.759 1 GPS 0 0 0 0 0 0 0 0 0 0 1
21.854 1 NAVIGATION 5 1 0. 0. 0. 0. 0 0
21.857 1 ATTITUDE 0.034648 0.606113 0.086722
21.944 1 DOWNLINK_STATUS 0 22 7619 375 0 346. 17. 47.19
21.947 1 ATTITUDE 0.034639 0.60643 0.086754
22.047 1 ATTITUDE 0.034608 0.606356 0.086795
22.100 1 NAVIGATION 5 1 0. 0. 0. 0. 0 0
22.147 1 ATTITUDE 0.034602 0.606111 0.086799
22.249 1 ATTITUDE 0.034584 0.606074 0.086764
22.252 1 ESTIMATOR 0. 0.
22.353 1 NAVIGATION 5 1 0. 0. 0. 0. 0 0
22.357 1 ATTITUDE 0.034561 0.605942 0.086747
22.447 1 ATTITUDE 0.034543 0.606113 0.086749
22.551 1 ATTITUDE 0.03454 0.60642 0.086791
22.555 1 BAT 26 67 0 0 1 29 29 0
22.600 1 NAVIGATION 5 1 0. 0. 0. 0. 0 0
22.647 1 ATTITUDE 0.034547 0.606279 0.08681
22.754 1 ATTITUDE 0.034524 0.606301 0.086795
22.760 1 GPS 0 0 0 0 0 0 0 0 0 0 1
22.853 1 NAVIGATION 5 1 0. 0. 0. 0. 0 0
22.856 1 ATTITUDE 0.034528 0.606109 0.086807
22.944 1 DOWNLINK_STATUS 0 23 7971 392 0 352. 17. 47.19
22.947 1 ATTITUDE 0.03449 0.606045 0.086802
23.047 1 ATTITUDE 0.03451 0.606229 0.086822
23.100 1 NAVIGATION 5 1 0. 0. 0. 0. 0 0
23.152 1 ATTITUDE 0.03448 0.606398 0.086763
23.156 1 ALIVE 63,108,16,232,75,97,60,32,172,119,33,165,254,7,149,72
23.247 1 ATTITUDE 0.034496 0.606405 0.086764
23.355 1 FBW_STATUS 0 50 0 67 0
23.360 1 NAVIGATION 5 1 0. 0. 0. 0. 0 0
23.363 1 ATTITUDE 0.034492 0.606499 0.086756
23.449 1 ATTITUDE 0.034475 0.606293 0.086696
23.452 1 ESTIMATOR 0. 0.
23.547 1 ATTITUDE 0.034469 0.606028 0.086755
23.600 1 NAVIGATION 5 1 0. 0. 0. 0. 0 0
23.647 1 ATTITUDE 0.034428 0.605165 0.086758
23.754 1 ATTITUDE 0.034401 0.604964 0.08677
23.760 1 GPS 0 0 0 0 0 0 0 0 0 0 1
23.850 1 SETTING 0 1 0.
23.853 1 ATTITUDE 0.034361 0.60495 0.086778
23.857 1 NAVIGATION 5 1 0. 0. 0. 0. 0 0
23.893 1 DL_VALUE 0 0.
23.945 1 DOWNLINK_STATUS 0 24 8351 411 0 380. 19. 47.19
23.946 1 ATTITUDE 0.034347 0.604811 0.086797
24.046 1 ATTITUDE 0.034315 0.604551 0.086817
24.099 1 NAVIGATION 5 1 0. 0. 0. 0. 0 0
24.147 1 ATTITUDE 0.034279 0.604546 0.086835
24.249 1 ATTITUDE 0.034273 0.604318 0.086845
24.251 1 DOWNLINK 0 455 1034
24.354 1 NAVIGATION 5 1 0. 0. 0. 0. 0 0
24.357 1 ATTITUDE 0.034241 0.604064 0.086852
24.447 1 ATTITUDE 0.034262 0.604031 0.08687
24.546 1 ATTITUDE 0.034249 0.60395 0.086858
24.599 1 NAVIGATION 5 1 0. 0. 0. 0. 0 0
24.649 1 ATTITUDE 0.034248 0.603957 0.086834
24.652 1 ESTIMATOR 0. 0.
24.753 1 ATTITUDE 0.034242 0.60385 0.086839
24.759 1 GPS 0 0 0 0 0 0 0 0 0 0 1
24.857 1 NAVIGATION 5 1 0. 0. 0. 0. 0 0
24.860 1 ATTITUDE 0.034268 0.603638 0.08687
24.863 1 GPS_SOL 0 0 0 0
24.945 1 DOWNLINK_STATUS 0 25 8710 429 0 359. 18. 47.19
24.947 1 ATTITUDE 0.034258 0.603581 0.086906
25.047 1 ATTITUDE 0.034213 0.603659 0.086903
25.100 1 NAVIGATION 5 1 0. 0. 0. 0. 0 0
25.147 1 ATTITUDE 0.034175 0.60366 0.086916
25.246 1 ATTITUDE 0.034123 0.603837 0.086864
25.355 1 FBW_STATUS 0 51 0 67 0
25.359 1 NAVIGATION 5 1 0. 0. 0. 0. 0 0
25.362 1 ATTITUDE 0.034135 0.603808 0.086858
25.451 1 COMMANDS 26,-2352,1274,-2352,-588,0
25.454 1 ATTITUDE 0.034133 0.603588 0.086832
25.483 1 PONG 
25.550 1 ACTUATORS 1271,1635,1465,1487,1351
25.553 1 ATTITUDE 0.034129 0.603771 0.086822
25.600 1 NAVIGATION 5 1 0. 0. 0. 0. 0 0
25.647 1 ATTITUDE 0.03412 0.603777 0.086849
25.753 1 ATTITUDE 0.034148 0.603607 0.086825
25.759 1 GPS 0 0 0 0 0 0 0 0 0 0 1
25.856 1 NAVIGATION 5 1 0. 0. 0. 0. 0 0
25.859 1 ATTITUDE 0.034177 0.603576 0.086824
25.862 1 ESTIMATOR 0. 0.
25.946 1 DOWNLINK_STATUS 0 26 9098 449 0 388. 20. 48.34
25.949 1 ATTITUDE 0.034197 0.603607 0.086803
25.951 1 PPRZ_MODE 0 1 2 0 0 17
26.047 1 ATTITUDE 0.034196 0.603676 0.08681
26.100 1 NAVIGATION 5 1 0. 0. 0. 0. 0 0
26.147 1 ATTITUDE 0.034186 0.603571 0.086808
26.247 1 ATTITUDE 0.034161 0.603342 0.086804
26.353 1 NAVIGATION 5 1 0. 0. 0. 0. 0 0
26.356 1 ATTITUDE 0.034192 0.603151 0.086841
26.446 1 ATTITUDE 0.034201 0.603132 0.086862
26.546 1 ATTITUDE 0.034203 0.603142 0.086881
26.600 1 NAVIGATION 5 1 0. 0. 0. 0. 0 0
26.647 1 ATTITUDE 0.034223 0.603406 0.0869
26.754 1 ATTITUDE 0.034205 0.603413 0.086888
26.760 1 GPS 0 0 0 0 0 0 0 0 0 0 1
26.854 1 NAVIGATION 5 1 0. 0. 0. 0. 0 0
26.856 1 ATTITUDE 0.034269 0.603314 0.086887
26.946 1 ATTITUDE 0.034262 0.603183 0.086871
26.947 1 DOWNLINK_STATUS 0 27 9445 466 0 347. 17. 48.34
27.049 1 ATTITUDE 0.034248 0.603077 0.086872
27.052 1 ESTIMATOR 0. 0.
27.099 1 NAVIGATION 5 1 0. 0. 0. 0. 0 0
27.147 1 ATTITUDE 0.03422 0.603192 0.086872
27.247 1 ATTITUDE 0.03422 0.603265 0.086894
27.355 1 FBW_STATUS 0 51 0 67 0
27.359 1 NAVIGATION 5 1 0. 0. 0. 0. 0 0
27.363 1 ATTITUDE 0.03423 0.603177 0.0869
27.446 1 ATTITUDE 0.034226 0.603147 0.086917
27.546 1 ATTITUDE 0.034218 0.602937 0.08694
27.599 1 NAVIGATION 5 1 0. 0. 0. 0. 0 0
27.646 1 ATTITUDE 0.034216 0.602782 0.086977
27.754 1 ATTITUDE 0.034243 0.602898 0.086941
27.759 1 GPS 0 0 0 0 0 0 0 0 0 0 1
27.852 1 ATTITUDE 0.034276 0.602961 0.086917
27.857 1 NAVIGATION 5 1 0. 0. 0. 0. 0 0
27.947 1 ATTITUDE 0.034314 0.602865 0.086935
27.947 1 DOWNLINK_STATUS 0 28 9791 483 0 346. 17. 48.34
28.046 1 ATTITUDE 0.034361 0.60298 0.086908
28.099 1 NAVIGATION 5 1 0. 0. 0. 0. 0 0
28.146 1 ATTITUDE 0.034376 0.602861 0.086934
28.249 1 ATTITUDE 0.034405 0.602952 0.086922
28.252 1 ESTIMATOR 0. 0.
28.353 1 NAVIGATION 5 1 0. 0. 0. 0. 0 0
28.356 1 ATTITUDE 0.034415 0.602809 0.086932
28.447 1 ATTITUDE 0.034417 0.603075 0.086951
28.547 1 ATTITUDE 0.034447 0.603263 0.086978
28.600 1 NAVIGATION 5 1 0. 0. 0. 0. 0 0
28.646 1 ATTITUDE 0.034486 0.603511 0.086994
28.753 1 ATTITUDE 0.034554 0.60381 0.087053
28.759 1 GPS 0 0 0 0 0 0 0 0 0 0 1
28.853 1 NAVIGATION 5 1 0. 0. 0. 0. 0 0
28.856 1 ATTITUDE 0.034578 0.603744 0.087096
28.947 1 ATTITUDE 0.034607 0.604113 0.087095
28.947 1 DOWNLINK_STATUS 0 29 10122 499 0 331. 16. 48.34
29.047 1 ATTITUDE 0.034642 0.604217 0.087122
29.100 1 NAVIGATION 5 1 0. 0. 0. 0. 0 0
29.147 1 ATTITUDE 0.034679 0.604468 0.087164
29.246 1 ATTITUDE 0.034689 0.604344 0.087165
29.354 1 FBW_STATUS 0 50 0 67 0
29.359 1 NAVIGATION 5 1 0. 0. 0. 0. 0 0
29.362 1 ATTITUDE 0.034691 0.604502 0.08716
29.449 1 ATTITUDE 0.034717 0.604612 0.087143
29.452 1 ESTIMATOR 0. 0.
29.547 1 ATTITUDE 0.034754 0.604903 0.08714
29.600 1 NAVIGATION 5 1 0. 0. 0. 0. 0 0
29.647 1 ATTITUDE 0.034751 0.605221 0.087115
29.754 1 ATTITUDE 0.034738 0.605283 0.087153
29.759 1 GPS 0 0 0 0 0 0 0 0 0 0 1
29.852 1 ATTITUDE 0.034769 0.605472 0.087167
29.856 1 NAVIGATION 5 1 0. 0. 0. 0. 0 0
29.932 1 WIND_INFO 1 42 0. 0. 0.
29.946 1 ATTITUDE 0.034802 0.605293 0.087182
29.947 1 DOWNLINK_STATUS 0 30 10468 516 0 346. 17. 48.34
30.046 1 ATTITUDE 0.034803 0.605213 0.087164
30.058 1 SETTING 0 1 1.
30.100 1 NAVIGATION 5 1 0. 0. 0. 0. 0 0
30.114 1 DL_VALUE 0 1.
30.129 1 STATE_FILTER_STATUS 3 0
30.223 1 GPS 0 0 0 0 0 0 0 0 0 0 1
30.226 1 GPS_SOL 0 0 0 0
30.315 1 ATTITUDE 0.034796 0.605668 0.087178
30.317 1 DL_VALUE 4 0.
30.349 1 NAVIGATION 5 1 0. 0. 0. 0. 0 0
30.410 1 CALIBRATION 0. 0
30.446 1 COMMANDS 26,-2352,1274,-2352,-588,0
30.479 1 PONG 
30.518 1 NAVIGATION 5 1 0. 0. 0. 0. 0 0
30.520 1 DOWNLINK 0 1484 1147
30.546 1 ACTUATORS 1271,1635,1465,1487,1351
30.563 1 ATTITUDE 0.034862 0.605801 0.087236
30.599 1 NAVIGATION 5 1 0. 0. 0. 0. 0 0
30.617 1 BAT 26 67 0 0 1 37 37 0
30.620 1 ESTIMATOR 0. 0.
30.813 1 ATTITUDE 0.034898 0.605933 0.087263
30.850 1 NAVIGATION 5 1 0. 0. 0. 0. 0 0
30.948 1 DOWNLINK_STATUS 0 31 10850 537 0 382. 21. 43.65
31.063 1 ATTITUDE 0.034853 0.605128 0.087289
31.099 1 NAVIGATION 5 1 0. 0. 0. 0. 0 0
31.214 1 WP_MOVED 1 332416. 5933901. 260. 12
31.269 1 GPS 0 0 0 0 0 0 0 0 0 0 1
31.313 1 ATTITUDE 0.034827 0.60518 0.087365
31.351 1 FBW_STATUS 0 52 0 67 0
31.355 1 NAVIGATION 5 1 0. 0. 0. 0. 0 0
31.563 1 ATTITUDE 0.03478 0.605213 0.087343
31.599 1 NAVIGATION 5 1 0. 0. 0. 0. 0 0
31.714 1 BAT 26 67 0 0 1 38 38 0
31.815 1 ATTITUDE 0.03472 0.605009 0.087406
31.817 1 DL_VALUE 5 0.
31.849 1 NAVIGATION 5 1 0. 0. 0. 0. 0 0
31.912 1 ESTIMATOR 0. 0.
31.948 1 DOWNLINK_STATUS 0 32 11140 551 0 290. 14. 43.65
32.062 1 ATTITUDE 0.03467 0.6046 0.087374
32.099 1 NAVIGATION 5 1 0. 0. 0. 0. 0 0
32.320 1 ATTITUDE 0.034705 0.60439 0.087371
32.326 1 GPS 0 0 0 0 0 0 0 0 0 0 1
32.349 1 NAVIGATION 5 1 0. 0. 0. 0. 0 0
32.554 1 SETTING 0 1 1.
32.563 1 ATTITUDE 0.034594 0.604247 0.087339
32.600 1 NAVIGATION 5 1 0. 0. 0. 0. 0 0
32.612 1 DL_VALUE 0 1.
32.631 1 WP_MOVED 2 332465.5 5934001. 260. 12
32.817 1 ATTITUDE 0.034506 0.60458 0.087349
32.821 1 BAT 26 67 0 0 1 39 39 0
32.849 1 NAVIGATION 5 1 0. 0. 0. 0. 0 0
32.921 1 DESIRED 34.91 0.07 0. 0. 0. 235. 0. 12.
32.948 1 DOWNLINK_STATUS 0 33 11439 564 0 299. 13. 43.65
33.063 1 ATTITUDE 0.034419 0.604839 0.087361
33.099 1 NAVIGATION 5 1 0. 0. 0. 0. 0 0
33.212 1 ESTIMATOR 0. 0.
33.315 1 ATTITUDE 0.034382 0.605037 0.087358
33.317 1 DL_VALUE 6 80.
33.350 1 FBW_STATUS 0 49 0 67 0
33.355 1 NAVIGATION 5 1 0. 0. 0. 0. 0 0
33.370 1 GPS 0 0 0 0 0 0 0 0 0 0 1
33.516 1 NAVIGATION 5 1 0. 0. 0. 0. 0 0
33.563 1 ATTITUDE 0.034335 0.604761 0.087282
33.599 1 NAVIGATION 5 1 0. 0. 0. 0. 0 0
33.812 1 ATTITUDE 0.034247 0.604481 0.087268
33.849 1 NAVIGATION 5 1 0. 0. 0. 0. 0 0
33.914 1 BAT 26 67 0 0 1 40 40 0
33.949 1 DOWNLINK_STATUS 0 34 11735 578 0 296. 14. 43.65
34.014 1 WP_MOVED 3 332516.09375 5933972. 260. 12
34.063 1 ATTITUDE 0.034203 0.604221 0.087234
34.099 1 NAVIGATION 5 1 0. 0. 0. 0. 0 0
34.313 1 ATTITUDE 0.034146 0.603924 0.08728
34.350 1 NAVIGATION 5 1 0. 0. 0. 0. 0 0
34.418 1 GPS 0 0 0 0 0 0 0 0 0 0 1
34.511 1 ESTIMATOR 0. 0.
34.563 1 ATTITUDE 0.034026 0.604176 0.087313
34.599 1 NAVIGATION 5 1 0. 0. 0. 0. 0 0
34.614 1 NAVIGATION_REF 332416 5933901 12
34.815 1 ATTITUDE 0.033979 0.604198 0.087343
34.817 1 DL_VALUE 7 0.
34.849 1 NAVIGATION 5 1 0. 0. 0. 0. 0 0
34.914 1 ALIVE 63,108,16,232,75,97,60,32,172,119,33,165,254,7,149,72
34.949 1 DOWNLINK_STATUS 0 35 12027 592 0 292. 14. 43.65
35.016 1 BAT 26 67 0 0 1 41 41 0
35.018 1 PPRZ_MODE 0 1 2 0 0 17
35.062 1 ATTITUDE 0.033939 0.604522 0.087342
35.099 1 NAVIGATION 5 1 0. 0. 0. 0. 0 0
35.112 1 STATE_FILTER_STATUS 3 0
35.194 1 SETTING 0 1 0.
35.212 1 GPS_SOL 0 0 0 0
35.248 1 DL_VALUE 0 0.
35.296 1 ATTITUDE 0.033913 0.605025 0.087386
35.350 1 FBW_STATUS 0 50 0 67 0
35.355 1 NAVIGATION 5 1 0. 0. 0. 0. 0 0
35.396 1 ATTITUDE 0.033872 0.604957 0.087363
35.447 1 COMMANDS 26,-2352,1274,-2352,-588,0
35.478 1 PONG 
35.497 1 ATTITUDE 0.033879 0.604751 0.08736
35.545 1 ACTUATORS 1271,1635,1465,1487,1351
35.602 1 NAVIGATION 5 1 0. 0. 0. 0. 0 0
35.606 1 ATTITUDE 0.033879 0.604758 0.087409
35.696 1 ATTITUDE 0.033825 0.604708 0.087417
35.799 1 ATTITUDE 0.033799 0.604906 0.087433
35.801 1 ESTIMATOR 0. 0.
35.849 1 NAVIGATION 5 1 0. 0. 0. 0. 0 0
35.903 1 ATTITUDE 0.033775 0.604974 0.087435
35.909 1 GPS 0 0 0 0 0 0 0 0 0 0 1
35.949 1 DOWNLINK_STATUS 0 36 12449 615 0 422. 23. 42.48
35.996 1 ATTITUDE 0.033727 0.604815 0.087431
36.103 1 NAVIGATION 5 1 0. 0. 0. 0. 0 0
36.105 1 ATTITUDE 0.033703 0.604936 0.087412
36.196 1 ATTITUDE 0.033672 0.604938 0.087428
36.296 1 ATTITUDE 0.033659 0.604727 0.087372
36.349 1 NAVIGATION 5 1 0. 0. 0. 0. 0 0
36.396 1 ATTITUDE 0.033646 0.60468 0.087406
36.496 1 ATTITUDE 0.033631 0.604573 0.087395
36.603 1 NAVIGATION 5 1 0. 0. 0. 0. 0 0
36.606 1 ATTITUDE 0.033606 0.604545 0.087375
36.695 1 ATTITUDE 0.033605 0.604516 0.087365
36.796 1 ATTITUDE 0.033646 0.604405 0.087377
36.849 1 NAVIGATION 5 1 0. 0. 0. 0. 0 0
36.903 1 ATTITUDE 0.033674 0.604674 0.087381
36.909 1 GPS 0 0 0 0 0 0 0 0 0 0 1
36.949 1 DOWNLINK_STATUS 0 37 12766 630 0 317. 15. 42.48
36.999 1 ATTITUDE 0.033663 0.604988 0.087394
37.001 1 ESTIMATOR 0. 0.
37.105 1 NAVIGATION 5 1 0. 0. 0. 0. 0 0
37.109 1 ATTITUDE 0.033688 0.605188 0.087391
37.111 1 PPRZ_MODE 0 1 2 0 0 17
37.196 1 ATTITUDE 0.033678 0.605257 0.087365
37.296 1 ATTITUDE 0.033689 0.605246 0.087337
37.352 1 NAVIGATION 5 1 0. 0. 0. 0. 0 0
37.354 1 FBW_STATUS 0 51 0 67 0
37.396 1 ATTITUDE 0.033709 0.605497 0.087292
37.496 1 ATTITUDE 0.033673 0.605562 0.087267
37.603 1 NAVIGATION 5 1 0. 0. 0. 0. 0 0
37.606 1 ATTITUDE 0.033661 0.605307 0.087252
37.696 1 ATTITUDE 0.033699 0.605119 0.087251
37.800 1 ATTITUDE 0.033701 0.60496 0.087293
37.803 1 BAT 26 67 0 0 1 44 44 0
37.849 1 NAVIGATION 5 1 0. 0. 0. 0. 0 0
37.902 1 ATTITUDE 0.033728 0.605136 0.087335
37.908 1 GPS 0 0 0 0 0 0 0 0 0 0 1
37.950 1 DOWNLINK_STATUS 0 38 13145 649 0 379. 19. 42.48
37.996 1 ATTITUDE 0.033733 0.604994 0.087331
38.103 1 NAVIGATION 5 1 0. 0. 0. 0. 0 0
38.106 1 ATTITUDE 0.033776 0.604877 0.087326
38.199 1 ATTITUDE 0.033781 0.604925 0.087306
38.201 1 ESTIMATOR 0. 0.
38.296 1 ATTITUDE 0.033809 0.60472 0.087263
38.349 1 NAVIGATION 5 1 0. 0. 0. 0. 0 0
38.395 1 ATTITUDE 0.033797 0.604503 0.087247
38.500 1 ATTITUDE 0.033785 0.604698 0.087251
38.504 1 ALIVE 63,108,16,232,75,97,60,32,172,119,33,165,254,7,149,72
38.602 1 NAVIGATION 5 1 0. 0. 0. 0. 0 0
38.606 1 ATTITUDE 0.0338 0.60468 0.087244
38.696 1 ATTITUDE 0.033814 0.604996 0.087243
38.796 1 ATTITUDE 0.033813 0.605087 0.087232
38.849 1 NAVIGATION 5 1 0. 0. 0. 0. 0 0
38.903 1 ATTITUDE 0.033841 0.605224 0.087243
38.909 1 GPS 0 0 0 0 0 0 0 0 0 0 1
38.950 1 DOWNLINK_STATUS 0 39 13499 666 0 354. 17. 42.48
38.995 1 ATTITUDE 0.033836 0.605609 0.087216
39.102 1 NAVIGATION 5 1 0. 0. 0. 0. 0 0
39.105 1 ATTITUDE 0.033861 0.605909 0.087214
39.195 1 ATTITUDE 0.033839 0.606131 0.087214
39.296 1 ATTITUDE 0.033888 0.606294 0.087148
39.352 1 NAVIGATION 5 1 0. 0. 0. 0. 0 0
39.355 1 FBW_STATUS 0 45 0 67 0
39.399 1 ATTITUDE 0.033918 0.606579 0.0871
39.401 1 ESTIMATOR 0. 0.
39.496 1 ATTITUDE 0.033964 0.606542 0.087076
39.602 1 NAVIGATION 5 1 0. 0. 0. 0. 0 0
39.605 1 ATTITUDE 0.033978 0.606538 0.087099
39.695 1 ATTITUDE 0.033966 0.606245 0.087066
39.798 1 ATTITUDE 0.033907 0.606022 0.08708
39.800 1 DOWNLINK 0 511 1298
39.849 1 NAVIGATION 5 1 0. 0. 0. 0. 0 0
39.903 1 ATTITUDE 0.033872 0.606202 0.087061
39.909 1 GPS 0 0 0 0 0 0 0 0 0 0 1
39.932 1 WIND_INFO 1 42 0. 0. 0.
39.951 1 DOWNLINK_STATUS 0 40 13856 684 0 357. 18. 42.48
39.996 1 ATTITUDE 0.033859 0.606058 0.087053
40.103 1 NAVIGATION 5 1 0. 0. 0. 0. 0 0
40.106 1 ATTITUDE 0.033841 0.606093 0.087112
40.195 1 ATTITUDE 0.033785 0.605815 0.087119
40.295 1 ATTITUDE 0.033799 0.605493 0.087096
40.348 1 NAVIGATION 5 1 0. 0. 0. 0. 0 0
40.396 1 ATTITUDE 0.033774 0.605421 0.087084
40.446 1 COMMANDS 26,-2352,1260,-2352,-588,0
40.478 1 PONG 
40.499 1 ATTITUDE 0.033752 0.605551 0.087058
40.502 1 GPS_SOL 0 0 0 0
40.545 1 ACTUATORS 1271,1635,1465,1487,1351
40.606 1 NAVIGATION 5 1 0. 0. 0. 0. 0 0
40.609 1 ATTITUDE 0.033733 0.605466 0.087057
40.611 1 ESTIMATOR 0. 0.
40.696 1 ATTITUDE 0.03373 0.605429 0.087085
40.795 1 ATTITUDE 0.0337 0.605291 0.087067
40.848 1 NAVIGATION 5 1 0. 0. 0. 0. 0 0
40.902 1 ATTITUDE 0.033645 0.605223 0.087094
40.908 1 GPS 0 0 0 0 0 0 0 0 0 0 1
40.952 1 DOWNLINK_STATUS 0 41 14246 704 0 390. 20. 41.45
40.996 1 ATTITUDE 0.033661 0.605046 0.087027
41.103 1 NAVIGATION 5 1 0. 0. 0. 0. 0 0
41.106 1 ATTITUDE 0.033665 0.60475 0.087042
41.196 1 ATTITUDE 0.033656 0.604711 0.087038
41.295 1 ATTITUDE 0.033597 0.604671 0.087086
41.350 1 FBW_STATUS 0 47 0 67 0
41.354 1 NAVIGATION 5 1 0. 0. 0. 0. 0 0
41.395 1 ATTITUDE 0.033679 0.604573 0.087053
41.496 1 ATTITUDE 0.03369 0.604625 0.087029
41.602 1 NAVIGATION 5 1 0. 0. 0. 0. 0 0
41.606 1 ATTITUDE 0.033651 0.604322 0.087036
41.696 1 ATTITUDE 0.033642 0.603996 0.087051
41.799 1 ATTITUDE 0.033632 0.603822 0.087061
41.801 1 ESTIMATOR 0. 0.
41.848 1 NAVIGATION 5 1 0. 0. 0. 0. 0 0
41.902 1 ATTITUDE 0.033626 0.603617 0.087059
41.908 1 GPS 0 0 0 0 0 0 0 0 0 0 1
41.953 1 DOWNLINK_STATUS 0 42 14592 721 0 346. 17. 41.45
41.995 1 ATTITUDE 0.033631 0.60355 0.087003
42.102 1 NAVIGATION 5 1 0. 0. 0. 0. 0 0
42.105 1 ATTITUDE 0.033627 0.60364 0.086948
42.196 1 ATTITUDE 0.03356 0.603356 0.08691
42.296 1 ATTITUDE 0.03356 0.603409 0.086923
42.349 1 NAVIGATION 5 1 0. 0. 0. 0. 0 0
42.395 1 ATTITUDE 0.033563 0.603465 0.086926
42.495 1 ATTITUDE 0.033557 0.603296 0.086882
42.602 1 NAVIGATION 5 1 0. 0. 0. 0. 0 0
42.605 1 ATTITUDE 0.033556 0.603452 0.086854
42.696 1 ATTITUDE 0.033525 0.603479 0.086827
42.796 1 ATTITUDE 0.033503 0.603442 0.086809
42.849 1 NAVIGATION 5 1 0. 0. 0. 0. 0 0
42.903 1 ATTITUDE 0.033462 0.603593 0.086829
42.909 1 GPS 0 0 0 0 0 0 0 0 0 0 1
42.953 1 DOWNLINK_STATUS 0 43 14909 736 0 317. 15. 41.45
42.998 1 ATTITUDE 0.033409 0.603719 0.086766
43.000 1 ESTIMATOR 0. 0.
43.105 1 NAVIGATION 5 1 0. 0. 0. 0. 0 0
43.108 1 ATTITUDE 0.033424 0.603653 0.086717
43.110 1 PPRZ_MODE 0 1 2 0 0 17
43.195 1 ATTITUDE 0.033422 0.603493 0.086734
43.296 1 ATTITUDE 0.033379 0.603322 0.086712
43.350 1 FBW_STATUS 0 47 0 67 0
43.354 1 NAVIGATION 5 1 0. 0. 0. 0. 0 0
43.396 1 ATTITUDE 0.033317 0.603328 0.086704
43.496 1 ATTITUDE 0.033297 0.603268 0.086704
43.602 1 NAVIGATION 5 1 0. 0. 0. 0. 0 0
43.605 1 ATTITUDE 0.033327 0.603137 0.086669
43.695 1 ATTITUDE 0.033277 0.602965 0.086631
43.795 1 ATTITUDE 0.033252 0.602674 0.086605
43.848 1 NAVIGATION 5 1 0. 0. 0. 0. 0 0
43.903 1 ATTITUDE 0.033245 0.602491 0.086615
43.908 1 GPS 0 0 0 0 0 0 0 0 0 0 1
43.953 1 DOWNLINK_STATUS 0 44 15267 754 0 358. 18. 41.45
43.996 1 ATTITUDE 0.033258 0.602329 0.086587
44.103 1 NAVIGATION 5 1 0. 0. 0. 0. 0 0
44.105 1 ATTITUDE 0.033257 0.602192 0.086607
44.198 1 ATTITUDE 0.033264 0.602185 0.086562
44.200 1 ESTIMATOR 0. 0.
44.295 1 ATTITUDE 0.033221 0.602128 0.086581
44.348 1 NAVIGATION 5 1 0. 0. 0. 0. 0 0
44.395 1 ATTITUDE 0.033213 0.601962 0.086546
44.496 1 ATTITUDE 0.033168 0.601841 0.086581
44.602 1 NAVIGATION 5 1 0. 0. 0. 0. 0 0
44.606 1 ATTITUDE 0.033173 0.601846 0.08656
44.695 1 ATTITUDE 0.033163 0.601659 0.086531
44.795 1 ATTITUDE 0.033125 0.60166 0.086542
44.848 1 NAVIGATION 5 1 0. 0. 0. 0. 0 0
44.902 1 ATTITUDE 0.033106 0.601844 0.086516
44.908 1 GPS 0 0 0 0 0 0 0 0 0 0 1
44.953 1 DOWNLINK_STATUS 0 45 15598 770 0 331. 16. 41.45
44.995 1 ATTITUDE 0.033081 0.601861 0.086494
45.102 1 NAVIGATION 5 1 0. 0. 0. 0. 0 0
45.106 1 ATTITUDE 0.033062 0.602087 0.086467
45.195 1 ATTITUDE 0.033033 0.602195 0.086448
45.295 1 ATTITUDE 0.033007 0.602101 0.086451
45.349 1 FBW_STATUS 0 48 0 67 0
45.354 1 NAVIGATION 5 1 0. 0. 0. 0. 0 0
45.398 1 ATTITUDE 0.033022 0.602092 0.086428
45.401 1 ESTIMATOR 0. 0.
45.445 1 COMMANDS 26,-2352,1260,-2352,-588,0
45.478 1 PONG 
45.496 1 ATTITUDE 0.03294 0.602177 0.086403
45.545 1 ACTUATORS 1271,1635,1465,1487,1351
45.602 1 NAVIGATION 5 1 0. 0. 0. 0. 0 0
45.605 1 ATTITUDE 0.032894 0.602444 0.086381
45.696 1 ATTITUDE 0.032876 0.602294 0.086374
45.796 1 ATTITUDE 0.032858 0.602073 0.086337
45.848 1 NAVIGATION 5 1 0. 0. 0. 0. 0 0
45.902 1 ATTITUDE 0.032866 0.602346 0.086281
45.908 1 GPS 0 0 0 0 0 0 0 0 0 0 1
45.954 1 DOWNLINK_STATUS 0 46 15986 790 0 388. 20. 40.61
45.995 1 ATTITUDE 0.032847 0.602558 0.086265
46.102 1 NAVIGATION 5 1 0. 0. 0. 0. 0 0
46.105 1 ATTITUDE 0.032856 0.602463 0.086264
46.196 1 ATTITUDE 0.032856 0.602351 0.086237
46.296 1 ATTITUDE 0.032884 0.60227 0.086253
46.348 1 NAVIGATION 5 1 0. 0. 0. 0. 0 0
46.395 1 ATTITUDE 0.032916 0.602466 0.086269
46.495 1 ATTITUDE 0.032933 0.602547 0.086253
46.605 1 NAVIGATION 5 1 0. 0. 0. 0. 0 0
46.608 1 ATTITUDE 0.032937 0.602419 0.086214
46.611 1 ESTIMATOR 0. 0.
46.695 1 ATTITUDE 0.032931 0.602358 0.086191
46.796 1 ATTITUDE 0.03295 0.60225 0.086187
46.849 1 NAVIGATION 5 1 0. 0. 0. 0. 0 0
46.902 1 ATTITUDE 0.032985 0.602196 0.086241
46.908 1 GPS 0 0 0 0 0 0 0 0 0 0 1
46.955 1 DOWNLINK_STATUS 0 47 16317 806 0 331. 16. 40.61
46.995 1 ATTITUDE 0.033005 0.602228 0.086244
47.043 1 BLOCK 4 1
47.090 1 NAVIGATION 4 0 0. 0. 0. 0. 0 0
47.107 1 NAVIGATION 5 0 0. 0. 0. 0. 0 0
47.111 1 ATTITUDE 0.033031 0.60216 0.086245
47.195 1 ATTITUDE 0.033046 0.602296 0.086262
47.295 1 ATTITUDE 0.033024 0.602472 0.086249
47.350 1 FBW_STATUS 0 49 0 67 0
47.354 1 NAVIGATION 5 1 0. 0. 0. 0. 0 0
47.396 1 ATTITUDE 0.033066 0.602375 0.08628
47.495 1 ATTITUDE 0.033099 0.602403 0.086283
47.602 1 NAVIGATION 5 1 0. 0. 0. 0. 0 0
47.605 1 ATTITUDE 0.033095 0.602341 0.086287
47.695 1 ATTITUDE 0.033103 0.602565 0.086264
47.798 1 ATTITUDE 0.033128 0.602651 0.086262
47.801 1 ESTIMATOR 0. 0.
47.848 1 NAVIGATION 5 1 0. 0. 0. 0. 0 0
47.862 1 PPRZ_MODE 1 1 2 0 0 21
47.907 1 ATTITUDE 0.033147 0.602702 0.086253
47.913 1 GPS 0 0 0 0 0 0 0 0 0 0 1
47.916 1 BAT 26 67 0 0 1 1 0 0
47.955 1 DOWNLINK_STATUS 0 48 16722 826 0 405. 20. 40.61
47.996 1 ATTITUDE 0.033166 0.602132 0.086303
48.102 1 NAVIGATION 5 1 0. 0. 0. 0. 0 0
48.105 1 ATTITUDE 0.033159 0.602167 0.086277
48.195 1 ATTITUDE 0.03317 0.602254 0.086258
48.295 1 ATTITUDE 0.033175 0.602611 0.086265
48.348 1 NAVIGATION 5 1 0. 0. 0. 0. 0 0
48.395 1 ATTITUDE 0.03323 0.602987 0.086259
48.495 1 ATTITUDE 0.033216 0.603564 0.086285
48.602 1 NAVIGATION 5 1 0. 0. 0. 0. 0 0
48.605 1 ATTITUDE 0.033209 0.60379 0.086283
48.700 1 ATTITUDE 0.033207 0.60365 0.086252
48.704 1 ALIVE 63,108,16,232,75,97,60,32,172,119,33,165,254,7,149,72
48.795 1 ATTITUDE 0.033233 0.602827 0.086215
48.848 1 NAVIGATION 5 1 0. 0. 0. 0. 0 0
48.902 1 ATTITUDE 0.033246 0.602954 0.086215
48.908 1 GPS 0 0 0 0 0 0 0 0 0 0 1
48.955 1 DOWNLINK_STATUS 0 49 17062 842 0 340. 16. 40.61
48.998 1 ATTITUDE 0.033248 0.602839 0.086237
49.001 1 ESTIMATOR 0. 0.
49.105 1 NAVIGATION 5 1 0. 0. 0. 0. 0 0
49.108 1 ATTITUDE 0.033246 0.602988 0.086232
49.110 1 PPRZ_MODE 1 1 2 0 0 21
49.194 1 ATTITUDE 0.03322 0.602914 0.086205
49.295 1 ATTITUDE 0.033223 0.602899 0.086188
49.349 1 FBW_STATUS 0 47 1 67 0
49.354 1 NAVIGATION 5 1 0. 0. 0. 0. 0 0
49.395 1 ATTITUDE 0.033213 0.603027 0.086201
49.498 1 ATTITUDE 0.033235 0.603112 0.086203
49.500 1 PPRZ_MODE 2 1 2 0 0 21
49.602 1 NAVIGATION 5 1 0. 0. 0. 0. 0 0
49.605 1 ATTITUDE 0.033262 0.602845 0.086162
49.695 1 ATTITUDE 0.033195 0.602564 0.08611
49.795 1 ATTITUDE 0.03308 0.601938 0.086163
49.848 1 NAVIGATION 5 1 0. 0. 0. 0. 0 0
49.902 1 ATTITUDE 0.03305 0.601683 0.086138
49.908 1 GPS 0 0 0 0 0 0 0 0 0 0 1
49.932 1 WIND_INFO 1 42 0. 0. 0.
49.956 1 DOWNLINK_STATUS 0 50 17432 861 0 370. 19. 40.61
49.995 1 ATTITUDE 0.032989 0.601521 0.086115
50.102 1 NAVIGATION 5 1 0. 0. 0. 0. 0 0
50.105 1 ATTITUDE 0.033003 0.601143 0.086125
50.201 1 ATTITUDE 0.032992 0.601205 0.086103
50.202 1 ESTIMATOR 0. 0.
50.204 1 DOWNLINK 0 361 1484
50.294 1 ATTITUDE 0.033 0.600605 0.086107
50.349 1 NAVIGATION 5 1 0. 0. 0. 0. 0 0
50.395 1 ATTITUDE 0.033013 0.600302 0.086069
50.445 1 COMMANDS 0,9600,-727,0,-588,0
50.477 1 PONG 
50.496 1 ATTITUDE 0.032978 0.600538 0.086053
50.544 1 ACTUATORS 1271,1536,1800,1800,1350
50.602 1 NAVIGATION 5 1 0. 0. 0. 0. 0 0
50.605 1 ATTITUDE 0.03296 0.600821 0.086065
50.695 1 ATTITUDE 0.032962 0.600609 0.086013
50.795 1 ATTITUDE 0.032999 0.600748 0.086042
50.848 1 NAVIGATION 5 1 0. 0. 0. 0. 0 0
50.902 1 ATTITUDE 0.032994 0.600668 0.086062
50.907 1 GPS 0 0 0 0 0 0 0 0 0 0 1
50.957 1 DOWNLINK_STATUS 0 51 17816 881 0 384. 20. 39.58
50.998 1 ATTITUDE 0.032977 0.600555 0.086081
51.001 1 GPS_SOL 0 0 0 0
51.102 1 NAVIGATION 5 1 0. 0. 0. 0. 0 0
51.105 1 ATTITUDE 0.032996 0.600527 0.086046
51.195 1 BLOCK 4 1
51.195 1 ATTITUDE 0.033002 0.600351 0.086053
51.242 1 NAVIGATION 4 0 0. 0. 0. 0. 0 0
51.295 1 ATTITUDE 0.032998 0.600736 0.086077
51.349 1 FBW_STATUS 0 50 1 67 0
51.354 1 NAVIGATION 5 0 0. 0. 0. 0. 0 0
51.398 1 ATTITUDE 0.032987 0.60074 0.086024
51.401 1 ESTIMATOR 0. 0.
51.495 1 ATTITUDE 0.032973 0.600347 0.086045
51.601 1 NAVIGATION 5 1 0. 0. 0. 0. 0 0
51.605 1 ATTITUDE 0.032958 0.600371 0.086027
51.695 1 ATTITUDE 0.032945 0.599882 0.086046
51.795 1 ATTITUDE 0.03293 0.599496 0.086081
51.848 1 NAVIGATION 5 1 0. 0. 0. 0. 0 0
51.902 1 ATTITUDE 0.032919 0.599585 0.08606
51.908 1 GPS 0 0 0 0 0 0 0 0 0 0 1
51.957 1 DOWNLINK_STATUS 0 52 18205 900 0 389. 19. 39.58
51.995 1 ATTITUDE 0.032909 0.599473 0.086028
52.102 1 NAVIGATION 5 1 0. 0. 0. 0. 0 0
52.105 1 ATTITUDE 0.03289 0.599384 0.086023
52.195 1 ATTITUDE 0.032866 0.599232 0.086031
52.295 1 ATTITUDE 0.032862 0.598819 0.086053
52.348 1 NAVIGATION 5 1 0. 0. 0. 0. 0 0
52.395 1 ATTITUDE 0.03285 0.598718 0.086041
52.495 1 ATTITUDE 0.032836 0.598749 0.086041
52.604 1 ATTITUDE 0.03283 0.598611 0.086025
52.606 1 ESTIMATOR 0. 0.
52.611 1 NAVIGATION 5 1 0. 0. 0. 0. 0 0
52.694 1 ATTITUDE 0.032811 0.598615 0.086024
52.795 1 ATTITUDE 0.032773 0.598696 0.086005
52.848 1 NAVIGATION 5 1 0. 0. 0. 0. 0 0
52.902 1 ATTITUDE 0.032771 0.598454 0.086017
52.908 1 GPS 0 0 0 0 0 0 0 0 0 0 1
52.957 1 DOWNLINK_STATUS 0 53 18536 916 0 331. 16. 39.58
52.995 1 ATTITUDE 0.032749 0.598351 0.08601
53.102 1 NAVIGATION 5 1 0. 0. 0. 0. 0 0
53.105 1 ATTITUDE 0.032711 0.598211 0.086005
53.115 1 BLOCK 3 1
53.162 1 NAVIGATION 3 0 0. 0. 0. 0. 0 0
53.195 1 ATTITUDE 0.032703 0.598284 0.086013
53.294 1 ATTITUDE 0.03269 0.598606 0.086008
53.349 1 FBW_STATUS 0 48 1 67 0
53.353 1 NAVIGATION 5 0 0. 0. 0. 0. 0 0
53.395 1 ATTITUDE 0.032723 0.598561 0.086018
53.495 1 ATTITUDE 0.032716 0.598457 0.085997
53.602 1 NAVIGATION 5 1 0. 0. 0. 0. 0 0
53.605 1 ATTITUDE 0.032694 0.598497 0.086029
53.694 1 ATTITUDE 0.032684 0.598141 0.086016
53.797 1 ATTITUDE 0.032706 0.598026 0.086015
53.800 1 ESTIMATOR 0. 0.
53.847 1 NAVIGATION 5 1 0. 0. 0. 0. 0 0
53.902 1 ATTITUDE 0.032716 0.597651 0.085999
53.907 1 GPS 0 0 0 0 0 0 0 0 0 0 1
53.958 1 DOWNLINK_STATUS 0 54 18908 934 0 372. 18. 39.58
53.995 1 ATTITUDE 0.032709 0.597599 0.085968
54.100 1 ATTITUDE 0.032706 0.59758 0.085966
54.105 1 NAVIGATION 5 1 0. 0. 0. 0. 0 0
54.195 1 ATTITUDE 0.03274 0.597486 0.085996
54.295 1 ATTITUDE 0.032714 0.597291 0.085979
54.348 1 NAVIGATION 5 1 0. 0. 0. 0. 0 0
54.394 1 ATTITUDE 0.032705 0.597393 0.085986
54.495 1 ATTITUDE 0.032704 0.597306 0.085969
54.601 1 NAVIGATION 5 1 0. 0. 0. 0. 0 0
54.605 1 ATTITUDE 0.032701 0.597316 0.085982
54.675 1 BLOCK 4 1
54.695 1 ATTITUDE 0.032701 0.597272 0.086
54.736 1 NAVIGATION 4 0 0. 0. 0. 0. 0 0
54.795 1 ATTITUDE 0.032727 0.597255 0.086028
54.848 1 NAVIGATION 5 0 0. 0. 0. 0. 0 0
54.902 1 ATTITUDE 0.032708 0.59762 0.086035
54.908 1 GPS 0 0 0 0 0 0 0 0 0 0 1
54.958 1 DOWNLINK_STATUS 0 55 19251 950 0 343. 16. 39.58
54.997 1 ATTITUDE 0.032722 0.597737 0.086046
55.000 1 ESTIMATOR 0. 0.
55.104 1 NAVIGATION 5 1 0. 0. 0. 0. 0 0
55.107 1 ATTITUDE 0.032717 0.597836 0.086041
55.109 1 PPRZ_MODE 2 1 2 0 0 21
55.195 1 ATTITUDE 0.032798 0.597786 0.086026
55.295 1 ATTITUDE 0.032799 0.597671 0.086011
55.349 1 FBW_STATUS 0 51 1 67 0
55.354 1 NAVIGATION 5 1 0. 0. 0. 0. 0 0
55.395 1 ATTITUDE 0.032806 0.597951 0.086022
55.444 1 COMMANDS 0,9600,-732,0,-588,0
55.477 1 PONG 
55.496 1 ATTITUDE 0.032857 0.59853 0.086048
55.544 1 ACTUATORS 1271,1537,1800,1800,1350
55.601 1 NAVIGATION 5 1 0. 0. 0. 0. 0 0
55.604 1 ATTITUDE 0.032875 0.598712 0.086024
55.695 1 ATTITUDE 0.032891 0.598804 0.086046
55.795 1 ATTITUDE 0.032933 0.598717 0.086024
55.848 1 NAVIGATION 5 1 0. 0. 0. 0. 0 0
55.902 1 ATTITUDE 0.032948 0.598403 0.086045
55.908 1 GPS 0 0 0 0 0 0 0 0 0 0 1
55.958 1 DOWNLINK_STATUS 0 56 19651 971 0 400. 21. 39.58
55.995 1 ATTITUDE 0.032976 0.598259 0.086072
56.101 1 NAVIGATION 5 1 0. 0. 0. 0. 0 0
56.104 1 ATTITUDE 0.032988 0.598031 0.086114
56.197 1 ATTITUDE 0.033009 0.598269 0.086135
56.200 1 ESTIMATOR 0. 0.
56.295 1 ATTITUDE 0.033096 0.598314 0.086129
56.348 1 NAVIGATION 5 1 0. 0. 0. 0. 0 0
56.395 1 BLOCK 4 1
56.395 1 ATTITUDE 0.033141 0.59824 0.086154
56.442 1 NAVIGATION 4 0 0. 0. 0. 0. 0 0
56.495 1 ATTITUDE 0.033164 0.598781 0.086161
56.602 1 NAVIGATION 5 0 0. 0. 0. 0. 0 0
56.604 1 ATTITUDE 0.033225 0.599157 0.086168
56.694 1 ATTITUDE 0.033237 0.599467 0.086161
56.794 1 ATTITUDE 0.033241 0.599706 0.086159
56.847 1 NAVIGATION 5 1 0. 0. 0. 0. 0 0
56.902 1 ATTITUDE 0.033265 0.599757 0.08618
56.907 1 GPS 0 0 0 0 0 0 0 0 0 0 1
56.958 1 DOWNLINK_STATUS 0 57 20008 988 0 357. 17. 39.58
56.995 1 ATTITUDE 0.033278 0.600096 0.086152
57.102 1 NAVIGATION 5 1 0. 0. 0. 0. 0 0
57.105 1 ATTITUDE 0.033299 0.60015 0.086117
57.195 1 ATTITUDE 0.033327 0.600068 0.086103
57.294 1 ATTITUDE 0.03335 0.600149 0.086108
57.348 1 FBW_STATUS 0 47 1 67 0
57.353 1 NAVIGATION 5 1 0. 0. 0. 0. 0 0
57.397 1 ATTITUDE 0.033388 0.600488 0.086166
57.400 1 ESTIMATOR 0. 0.
57.495 1 ATTITUDE 0.03342 0.600579 0.086234
57.601 1 NAVIGATION 5 1 0. 0. 0. 0. 0 0
57.605 1 ATTITUDE 0.033394 0.600895 0.086198
57.695 1 ATTITUDE 0.033436 0.60073 0.086194
57.731 1 BLOCK 4 1
57.779 1 NAVIGATION 4 0 0. 0. 0. 0. 0 0
57.794 1 ATTITUDE 0.033439 0.600443 0.086237
57.847 1 NAVIGATION 5 0 0. 0. 0. 0. 0 0
57.901 1 ATTITUDE 0.033465 0.600351 0.086266
57.907 1 GPS 0 0 0 0 0 0 0 0 0 0 1
57.959 1 DOWNLINK_STATUS 0 58 20380 1006 0 372. 18. 39.58
57.999 1 ATTITUDE 0.033482 0.599977 0.086253
58.003 1 BAT 0 67 0 0 1 0 0 0
58.101 1 NAVIGATION 5 1 0. 0. 0. 0. 0 0
58.104 1 ATTITUDE 0.033517 0.599881 0.086253
58.195 1 ATTITUDE 0.033522 0.599709 0.086273
58.295 1 ATTITUDE 0.033506 0.599369 0.086293
58.348 1 NAVIGATION 5 1 0. 0. 0. 0. 0 0
58.394 1 ATTITUDE 0.033487 0.599443 0.086324
58.494 1 ATTITUDE 0.033471 0.599689 0.086307
58.604 1 NAVIGATION 5 1 0. 0. 0. 0. 0 0
58.607 1 ATTITUDE 0.033469 0.599451 0.086292
58.610 1 ESTIMATOR 0. 0.
58.694 1 ATTITUDE 0.033488 0.599319 0.086315
58.795 1 ATTITUDE 0.033496 0.599268 0.086341
58.848 1 NAVIGATION 5 1 0. 0. 0. 0. 0 0
58.907 1 ATTITUDE 0.033506 0.599209 0.086346
58.912 1 GPS 0 0 0 0 0 0 0 0 0 0 1
58.917 1 ALIVE 63,108,16,232,75,97,60,32,172,119,33,165,254,7,149,72
58.959 1 DOWNLINK_STATUS 0 59 20755 1024 0 375. 18. 39.58
58.994 1 ATTITUDE 0.033521 0.599313 0.086373
59.100 1 ATTITUDE 0.033491 0.599139 0.086357
59.104 1 NAVIGATION 5 1 0. 0. 0. 0. 0 0
59.194 1 ATTITUDE 0.033508 0.599217 0.086315
59.294 1 ATTITUDE 0.033465 0.59926 0.086352
59.349 1 FBW_STATUS 0 48 1 67 0
59.353 1 NAVIGATION 5 1 0. 0. 0. 0. 0 0
59.395 1 ATTITUDE 0.033456 0.598986 0.086389
59.495 1 ATTITUDE 0.033456 0.598991 0.086411
59.602 1 NAVIGATION 5 1 0. 0. 0. 0. 0 0
59.604 1 ATTITUDE 0.033504 0.599078 0.086407
59.694 1 ATTITUDE 0.033511 0.598813 0.08642
59.797 1 ATTITUDE 0.033488 0.598963 0.086416
59.800 1 ESTIMATOR 0. 0.
59.847 1 NAVIGATION 5 1 0. 0. 0. 0. 0 0
59.901 1 ATTITUDE 0.033486 0.598728 0.086437
59.907 1 GPS 0 0 0 0 0 0 0 0 0 0 1
59.932 1 WIND_INFO 1 42 0. 0. 0.
59.959 1 DOWNLINK_STATUS 0 60 21101 1041 0 346. 17. 39.58
59.995 1 ATTITUDE 0.033481 0.598656 0.086433
60.102 1 NAVIGATION 5 1 0. 0. 0. 0. 0 0
60.104 1 ATTITUDE 0.03347 0.598876 0.086435
60.194 1 ATTITUDE 0.033442 0.598627 0.086383
60.294 1 ATTITUDE 0.033449 0.59844 0.08637
60.339 1 BLOCK 6 1
60.347 1 NAVIGATION 5 1 0. 0. 0. 0. 0 0
60.387 1 NAVIGATION 6 0 0. 0. 0. 0. 0 0
60.402 1 ATTITUDE 0.033453 0.598515 0.086363
60.445 1 COMMANDS 0,9600,-736,0,-588,0
60.477 1 PONG 
60.496 1 ATTITUDE 0.033446 0.598809 0.086381
60.544 1 ACTUATORS 1271,1537,1800,1800,1350
60.604 1 NAVIGATION 5 0 0. 0. 0. 0. 0 0
60.607 1 ATTITUDE 0.03343 0.598882 0.08636
60.608 1 DOWNLINK 0 369 1673
60.694 1 ATTITUDE 0.033447 0.59864 0.086337
60.794 1 ATTITUDE 0.033423 0.598425 0.086385
60.847 1 NAVIGATION 5 1 0. 0. 0. 0. 0 0
60.901 1 ATTITUDE 0.033375 0.598583 0.08636
60.907 1 GPS 0 0 0 0 0 0 0 0 0 0 1
60.959 1 DOWNLINK_STATUS 0 61 21497 1061 0 396. 20. 38.65
60.997 1 ATTITUDE 0.033389 0.598685 0.086367
61.000 1 ESTIMATOR 0. 0.
61.104 1 NAVIGATION 5 1 0. 0. 0. 0. 0 0
61.107 1 ATTITUDE 0.03338 0.598647 0.086387
61.109 1 PPRZ_MODE 2 1 2 0 0 21
61.195 1 ATTITUDE 0.033382 0.59868 0.086399
61.227 1 BLOCK 6 1
61.274 1 NAVIGATION 6 0 0. 0. 0. 0. 0 0
61.295 1 ATTITUDE 0.033376 0.59854 0.086371
61.348 1 FBW_STATUS 0 47 1 67 0
61.353 1 NAVIGATION 5 0 0. 0. 0. 0. 0 0
61.394 1 ATTITUDE 0.033352 0.598794 0.086405
61.498 1 ATTITUDE 0.033346 0.599072 0.086378
61.501 1 GPS_SOL 0 0 0 0
61.601 1 NAVIGATION 5 1 0. 0. 0. 0. 0 0
61.604 1 ATTITUDE 0.033339 0.599017 0.086403
61.694 1 ATTITUDE 0.033328 0.598912 0.086391
61.795 1 ATTITUDE 0.033304 0.598837 0.086408
61.848 1 NAVIGATION 5 1 0. 0. 0. 0. 0 0
61.901 1 ATTITUDE 0.033281 0.598589 0.086385
61.907 1 GPS 0 0 0 0 0 0 0 0 0 0 1
61.931 1 BLOCK 7 1
61.960 1 DOWNLINK_STATUS 0 62 21898 1081 0 401. 20. 38.65
61.978 1 NAVIGATION 7 0 0. 0. 0. 0. 0 0
61.994 1 ATTITUDE 0.033286 0.598518 0.086397
62.101 1 NAVIGATION 5 0 0. 0. 0. 0. 0 0
62.104 1 ATTITUDE 0.033299 0.598642 0.086375
62.197 1 ATTITUDE 0.03328 0.598427 0.086395
62.200 1 ESTIMATOR 0. 0.
62.294 1 ATTITUDE 0.033259 0.59838 0.086416
62.347 1 NAVIGATION 5 1 0. 0. 0. 0. 0 0
62.395 1 ATTITUDE 0.033276 0.598469 0.086411
62.495 1 ATTITUDE 0.033266 0.598565 0.086395
62.531 1 BLOCK 7 1
62.577 1 NAVIGATION 7 0 0. 0. 0. 0. 0 0
62.601 1 NAVIGATION 5 0 0. 0. 0. 0. 0 0
62.604 1 ATTITUDE 0.03327 0.598839 0.086413
62.694 1 ATTITUDE 0.033243 0.599516 0.086402
62.794 1 ATTITUDE 0.033249 0.59943 0.086405
62.847 1 NAVIGATION 5 1 0. 0. 0. 0. 0 0
62.902 1 ATTITUDE 0.033324 0.599492 0.086389
62.908 1 GPS 0 0 0 0 0 0 0 0 0 0 1
62.960 1 DOWNLINK_STATUS 0 63 22281 1099 0 383. 18. 38.65
62.994 1 ATTITUDE 0.033288 0.599469 0.086388
63.101 1 NAVIGATION 5 1 0. 0. 0. 0. 0 0
63.104 1 ATTITUDE 0.033208 0.599466 0.086388
63.194 1 ATTITUDE 0.033183 0.599405 0.086406
63.294 1 ATTITUDE 0.033188 0.599382 0.086407
63.348 1 FBW_STATUS 0 47 1 67 0
63.353 1 NAVIGATION 5 1 0. 0. 0. 0. 0 0
63.397 1 ATTITUDE 0.033182 0.599468 0.086407
63.400 1 ESTIMATOR 0. 0.
63.494 1 ATTITUDE 0.033183 0.599378 0.086434
63.539 1 BLOCK 4 1
63.586 1 NAVIGATION 4 0 0. 0. 0. 0. 0 0
63.603 1 NAVIGATION 5 0 0. 0. 0. 0. 0 0
63.606 1 ATTITUDE 0.033165 0.599233 0.086478
63.694 1 ATTITUDE 0.033191 0.599028 0.086506
63.794 1 ATTITUDE 0.033241 0.598929 0.086517
63.847 1 NAVIGATION 5 1 0. 0. 0. 0. 0 0
63.901 1 ATTITUDE 0.033257 0.599055 0.086503
63.907 1 GPS 0 0 0 0 0 0 0 0 0 0 1
63.960 1 DOWNLINK_STATUS 0 64 22653 1117 0 372. 18. 38.65
63.994 1 ATTITUDE 0.033286 0.599012 0.086518
64.101 1 NAVIGATION 5 1 0. 0. 0. 0. 0 0
64.103 1 ATTITUDE 0.033317 0.598855 0.08653
64.194 1 ATTITUDE 0.033349 0.598656 0.086527
64.294 1 ATTITUDE 0.033359 0.598446 0.086542
64.347 1 NAVIGATION 5 1 0. 0. 0. 0. 0 0
64.394 1 ATTITUDE 0.033384 0.598161 0.086555
64.494 1 ATTITUDE 0.033365 0.598472 0.086552
64.604 1 NAVIGATION 5 1 0. 0. 0. 0. 0 0
64.607 1 ATTITUDE 0.033372 0.598518 0.086557
64.610 1 ESTIMATOR 0. 0.
64.694 1 ATTITUDE 0.03342 0.598513 0.086579
64.794 1 ATTITUDE 0.03341 0.598827 0.086601
64.847 1 NAVIGATION 5 1 0. 0. 0. 0. 0 0
64.901 1 ATTITUDE 0.033406 0.598669 0.086587
64.907 1 GPS 0 0 0 0 0 0 0 0 0 0 1
64.961 1 DOWNLINK_STATUS 0 65 22984 1133 0 331. 16. 38.65
64.994 1 ATTITUDE 0.033449 0.598567 0.086582
65.101 1 NAVIGATION 5 1 0. 0. 0. 0. 0 0
65.104 1 ATTITUDE 0.033482 0.598308 0.086604
65.194 1 ATTITUDE 0.033493 0.598653 0.086604
65.295 1 ATTITUDE 0.033554 0.598861 0.086616
65.348 1 FBW_STATUS 0 50 1 67 0
65.352 1 NAVIGATION 5 1 0. 0. 0. 0. 0 0
65.394 1 ATTITUDE 0.033553 0.598738 0.086615
65.444 1 COMMANDS 0,9600,-728,0,-588,0
65.476 1 PONG 
65.495 1 ATTITUDE 0.033568 0.598858 0.086622
65.543 1 ACTUATORS 1271,1536,1800,1800,1350
65.601 1 NAVIGATION 5 1 0. 0. 0. 0. 0 0
65.604 1 ATTITUDE 0.033611 0.599181 0.086612
65.694 1 ATTITUDE 0.033637 0.599262 0.086626
65.797 1 ATTITUDE 0.033665 0.599245 0.086635
65.799 1 ESTIMATOR 0. 0.
65.846 1 NAVIGATION 5 1 0. 0. 0. 0. 0 0
65.901 1 ATTITUDE 0.033724 0.599301 0.086619
65.906 1 GPS 0 0 0 0 0 0 0 0 0 0 1
65.961 1 DOWNLINK_STATUS 0 66 23372 1153 0 388. 20. 37.48
65.994 1 ATTITUDE 0.033761 0.599337 0.086605
66.101 1 NAVIGATION 5 1 0. 0. 0. 0. 0 0
66.104 1 ATTITUDE 0.033809 0.599497 0.086631
66.194 1 ATTITUDE 0.03382 0.599303 0.086618
66.294 1 ATTITUDE 0.033829 0.598998 0.086635
66.347 1 NAVIGATION 5 1 0. 0. 0. 0. 0 0
66.394 1 ATTITUDE 0.033878 0.599199 0.086672
66.494 1 ATTITUDE 0.033921 0.599282 0.086702
66.600 1 NAVIGATION 5 1 0. 0. 0. 0. 0 0
66.604 1 ATTITUDE 0.033977 0.599491 0.08673
66.694 1 ATTITUDE 0.033976 0.599439 0.086721
66.794 1 ATTITUDE 0.033979 0.599315 0.086713
66.847 1 NAVIGATION 5 1 0. 0. 0. 0. 0 0
66.901 1 ATTITUDE 0.033999 0.599569 0.086697
66.907 1 GPS 0 0 0 0 0 0 0 0 0 0 1
66.961 1 DOWNLINK_STATUS 0 67 23689 1168 0 317. 15. 37.48
66.997 1 ATTITUDE 0.03405 0.599285 0.086659
66.999 1 ESTIMATOR 0. 0.
67.104 1 NAVIGATION 5 1 0. 0. 0. 0. 0 0
67.106 1 ATTITUDE 0.034031 0.599119 0.086681
67.108 1 PPRZ_MODE 2 1 2 0 0 21
67.194 1 ATTITUDE 0.034016 0.598936 0.086678
67.294 1 ATTITUDE 0.034038 0.598801 0.086725
67.348 1 FBW_STATUS 0 49 1 67 0
67.353 1 NAVIGATION 5 1 0. 0. 0. 0. 0 0
67.394 1 ATTITUDE 0.034076 0.598796 0.086741
67.494 1 ATTITUDE 0.034061 0.598908 0.086781
67.601 1 NAVIGATION 5 1 0. 0. 0. 0. 0 0
67.603 1 ATTITUDE 0.034045 0.59871 0.086776
67.694 1 ATTITUDE 0.034041 0.598833 0.086768
67.794 1 ATTITUDE 0.034049 0.59878 0.086801
67.847 1 NAVIGATION 5 1 0. 0. 0. 0. 0 0
67.901 1 ATTITUDE 0.03403 0.598463 0.086812
67.907 1 GPS 0 0 0 0 0 0 0 0 0 0 1
67.961 1 DOWNLINK_STATUS 0 68 24047 1186 0 358. 18. 37.48
67.994 1 ATTITUDE 0.03406 0.598388 0.086784
68.105 1 NAVIGATION 5 1 0. 0. 0. 0. 0 0
68.109 1 ATTITUDE 0.03405 0.59833 0.086805
68.111 1 BAT 0 67 0 0 1 4 4 0
68.196 1 ATTITUDE 0.034093 0.598192 0.086816
68.199 1 ESTIMATOR 0. 0.
68.294 1 ATTITUDE 0.034132 0.598252 0.086866
68.346 1 NAVIGATION 5 1 0. 0. 0. 0. 0 0
68.394 1 ATTITUDE 0.034167 0.598179 0.086835
68.494 1 ATTITUDE 0.034165 0.598134 0.086887
68.600 1 ATTITUDE 0.034196 0.598321 0.086893
68.604 1 NAVIGATION 5 1 0. 0. 0. 0. 0 0
68.694 1 ATTITUDE 0.034181 0.59818 0.086901
68.793 1 ATTITUDE 0.034177 0.598412 0.086875
68.847 1 NAVIGATION 5 1 0. 0. 0. 0. 0 0
68.901 1 ATTITUDE 0.034186 0.598722 0.086918
68.906 1 GPS 0 0 0 0 0 0 0 0 0 0 1
68.962 1 DOWNLINK_STATUS 0 69 24399 1203 0 352. 17. 37.48
68.994 1 ATTITUDE 0.034189 0.598787 0.086949
69.105 1 NAVIGATION 5 1 0. 0. 0. 0. 0 0
69.109 1 ATTITUDE 0.03422 0.598859 0.086963
69.113 1 ALIVE 63,108,16,232,75,97,60,32,172,119,33,165,254,7,149,72
69.194 1 ATTITUDE 0.034224 0.598908 0.086973
69.294 1 ATTITUDE 0.03422 0.598723 0.086977
69.348 1 FBW_STATUS 0 49 1 67 0
69.353 1 NAVIGATION 5 1 0. 0. 0. 0. 0 0
69.396 1 ATTITUDE 0.034244 0.59893 0.087011
69.399 1 ESTIMATOR 0. 0.
69.493 1 ATTITUDE 0.034233 0.598677 0.086999
69.599 1 ATTITUDE 0.034227 0.598529 0.087
69.604 1 NAVIGATION 5 1 0. 0. 0. 0. 0 0
69.694 1 ATTITUDE 0.03422 0.598335 0.087015
69.794 1 ATTITUDE 0.034207 0.597981 0.087015
69.847 1 NAVIGATION 5 1 0. 0. 0. 0. 0 0
69.901 1 ATTITUDE 0.034156 0.597806 0.087031
69.907 1 GPS 0 0 0 0 0 0 0 0 0 0 1
69.933 1 WIND_INFO 1 42 0. 0. 0.
69.962 1 DOWNLINK_STATUS 0 70 24768 1221 0 369. 18. 37.48
69.993 1 ATTITUDE 0.034145 0.597508 0.087041
70.100 1 NAVIGATION 5 1 0. 0. 0. 0. 0 0
70.103 1 ATTITUDE 0.034094 0.597239 0.087026
70.193 1 ATTITUDE 0.034058 0.597194 0.087049
70.294 1 ATTITUDE 0.033989 0.59704 0.087026
70.347 1 NAVIGATION 5 1 0. 0. 0. 0. 0 0
70.394 1 ATTITUDE 0.03394 0.596862 0.086977
70.444 1 COMMANDS 0,9600,-724,0,-588,0
70.476 1 PONG 
70.496 1 ATTITUDE 0.033995 0.596998 0.08699
70.542 1 ACTUATORS 1271,1536,1800,1800,1350
70.602 1 ATTITUDE 0.033996 0.597051 0.087023
70.604 1 ESTIMATOR 0. 0.
70.609 1 NAVIGATION 5 1 0. 0. 0. 0. 0 0
70.693 1 ATTITUDE 0.033981 0.59687 0.087083
70.794 1 ATTITUDE 0.033902 0.597266 0.087063
70.846 1 NAVIGATION 5 1 0. 0. 0. 0. 0 0
70.901 1 ATTITUDE 0.033928 0.597269 0.087049
70.906 1 GPS 0 0 0 0 0 0 0 0 0 0 1
70.963 1 DOWNLINK_STATUS 0 71 25141 1240 0 373. 19. 37.59
70.996 1 ATTITUDE 0.033922 0.597345 0.087063
70.998 1 DOWNLINK 0 364 1859
71.101 1 NAVIGATION 5 1 0. 0. 0. 0. 0 0
71.104 1 ATTITUDE 0.033869 0.597351 0.087038
71.193 1 ATTITUDE 0.03382 0.597211 0.087086
71.293 1 ATTITUDE 0.033806 0.597156 0.087104
71.348 1 FBW_STATUS 0 52 1 67 0
71.352 1 NAVIGATION 5 1 0. 0. 0. 0. 0 0
71.393 1 ATTITUDE 0.033791 0.596969 0.087119
71.494 1 ATTITUDE 0.033754 0.596793 0.087158
71.601 1 NAVIGATION 5 1 0. 0. 0. 0. 0 0
71.604 1 ATTITUDE 0.03377 0.596875 0.087147
71.693 1 ATTITUDE 0.033763 0.596866 0.087127
71.796 1 ATTITUDE 0.033751 0.596733 0.087121
71.799 1 ESTIMATOR 0. 0.
71.846 1 NAVIGATION 5 1 0. 0. 0. 0. 0 0
71.900 1 ATTITUDE 0.033725 0.596578 0.087138
71.906 1 GPS 0 0 0 0 0 0 0 0 0 0 1
71.964 1 DOWNLINK_STATUS 0 72 25498 1258 0 357. 18. 37.59
71.997 1 ATTITUDE 0.03375 0.596552 0.087147
72.000 1 GPS_SOL 0 0 0 0
72.100 1 NAVIGATION 5 1 0. 0. 0. 0. 0 0
72.104 1 ATTITUDE 0.033726 0.596459 0.087143
72.194 1 ATTITUDE 0.03373 0.596291 0.087134
72.294 1 ATTITUDE 0.033731 0.596154 0.087123
72.347 1 NAVIGATION 5 1 0. 0. 0. 0. 0 0
72.393 1 ATTITUDE 0.033686 0.595947 0.087128
72.493 1 ATTITUDE 0.033668 0.595822 0.087129
72.600 1 NAVIGATION 5 1 0. 0. 0. 0. 0 0
72.603 1 ATTITUDE 0.033692 0.595738 0.08708
72.694 1 ATTITUDE 0.033746 0.595692 0.087083
72.794 1 ATTITUDE 0.033763 0.595713 0.087105
72.847 1 NAVIGATION 5 1 0. 0. 0. 0. 0 0
72.901 1 ATTITUDE 0.033775 0.595817 0.087152
72.907 1 GPS 0 0 0 0 0 0 0 0 0 0 1
72.964 1 DOWNLINK_STATUS 0 73 25832 1274 0 334. 16. 37.59
72.996 1 ATTITUDE 0.033767 0.595779 0.087187
72.999 1 ESTIMATOR 0. 0.
73.103 1 NAVIGATION 5 1 0. 0. 0. 0. 0 0
73.106 1 ATTITUDE 0.033808 0.59597 0.087182
73.108 1 PPRZ_MODE 2 1 2 0 0 21
73.193 1 ATTITUDE 0.03386 0.59601 0.087217
73.294 1 ATTITUDE 0.033899 0.596022 0.087244
73.348 1 FBW_STATUS 0 48 1 67 0
73.352 1 NAVIGATION 5 1 0. 0. 0. 0. 0 0
73.394 1 ATTITUDE 0.033906 0.595876 0.087253
73.494 1 ATTITUDE 0.033957 0.595911 0.087238
73.600 1 NAVIGATION 5 1 0. 0. 0. 0. 0 0
73.603 1 ATTITUDE 0.03399 0.595722 0.087283
73.693 1 ATTITUDE 0.034014 0.595954 0.087317
73.793 1 ATTITUDE 0.033991 0.596212 0.087269
73.846 1 NAVIGATION 5 1 0. 0. 0. 0. 0 0
73.901 1 ATTITUDE 0.033995 0.596198 0.087247
73.906 1 GPS 0 0 0 0 0 0 0 0 0 0 1
73.964 1 DOWNLINK_STATUS 0 74 26190 1292 0 358. 18. 37.59
73.994 1 ATTITUDE 0.034032 0.59618 0.087238
74.099 1 ATTITUDE 0.034093 0.59634 0.087231
74.103 1 NAVIGATION 5 1 0. 0. 0. 0. 0 0
74.196 1 ATTITUDE 0.034124 0.596491 0.087247
74.199 1 ESTIMATOR 0. 0.
74.293 1 ATTITUDE 0.034148 0.596711 0.087232
74.346 1 NAVIGATION 5 1 0. 0. 0. 0. 0 0
74.393 1 ATTITUDE 0.034184 0.596839 0.087237
74.493 1 ATTITUDE 0.034182 0.596854 0.087269
74.522 1 BLOCK 4 1
74.569 1 NAVIGATION 4 0 0. 0. 0. 0. 0 0
74.600 1 NAVIGATION 5 0 0. 0. 0. 0. 0 0
74.604 1 ATTITUDE 0.034176 0.597083 0.087289
74.693 1 ATTITUDE 0.034156 0.59708 0.087307
74.793 1 ATTITUDE 0.034149 0.597228 0.087337
74.846 1 NAVIGATION 5 1 0. 0. 0. 0. 0 0
74.900 1 ATTITUDE 0.034173 0.597686 0.087338
74.906 1 GPS 0 0 0 0 0 0 0 0 0 0 1
74.964 1 DOWNLINK_STATUS 0 75 26547 1309 0 357. 17. 37.59
74.993 1 ATTITUDE 0.034182 0.598022 0.08733
75.100 1 NAVIGATION 5 1 0. 0. 0. 0. 0 0
75.103 1 ATTITUDE 0.034207 0.598459 0.087335
75.194 1 ATTITUDE 0.034236 0.598427 0.087317
75.203 1 BLOCK 4 1
75.250 1 NAVIGATION 4 0 0. 0. 0. 0. 0 0
75.293 1 ATTITUDE 0.034237 0.598419 0.08734
75.347 1 FBW_STATUS 0 50 1 67 0
75.352 1 NAVIGATION 5 0 0. 0. 0. 0. 0 0
75.396 1 ATTITUDE 0.034254 0.598784 0.087344
75.399 1 ESTIMATOR 0. 0.
75.443 1 COMMANDS 0,9600,-729,0,-588,0
75.478 1 PONG 
75.497 1 ATTITUDE 0.03429 0.598949 0.087297
75.543 1 ACTUATORS 1271,1536,1800,1800,1350
75.599 1 ATTITUDE 0.034297 0.599363 0.087351
75.603 1 NAVIGATION 5 1 0. 0. 0. 0. 0 0
75.694 1 ATTITUDE 0.034303 0.599234 0.087331
75.794 1 ATTITUDE 0.034324 0.599062 0.087319
75.847 1 NAVIGATION 5 1 0. 0. 0. 0. 0 0
75.900 1 ATTITUDE 0.03431 0.599153 0.087266
75.906 1 GPS 0 0 0 0 0 0 0 0 0 0 1
75.965 1 DOWNLINK_STATUS 0 76 26961 1330 0 414. 21. 38.5
75.993 1 ATTITUDE 0.034374 0.598927 0.087236
76.099 1 ATTITUDE 0.034361 0.598689 0.087257
76.103 1 NAVIGATION 5 1 0. 0. 0. 0. 0 0
76.193 1 ATTITUDE 0.034355 0.598751 0.087267
76.293 1 ATTITUDE 0.034345 0.598603 0.087247
76.347 1 NAVIGATION 5 1 0. 0. 0. 0. 0 0
76.394 1 ATTITUDE 0.034303 0.598447 0.087273
76.493 1 ATTITUDE 0.03433 0.598593 0.08727
76.603 1 NAVIGATION 5 1 0. 0. 0. 0. 0 0
76.606 1 ATTITUDE 0.034331 0.598444 0.087298
76.608 1 ESTIMATOR 0. 0.
76.693 1 ATTITUDE 0.034338 0.598421 0.087294
76.793 1 ATTITUDE 0.034344 0.598615 0.087286
76.846 1 NAVIGATION 5 1 0. 0. 0. 0. 0 0
76.901 1 ATTITUDE 0.034368 0.59851 0.087246
76.906 1 GPS 0 0 0 0 0 0 0 0 0 0 1
76.965 1 DOWNLINK_STATUS 0 77 27292 1346 0 331. 16. 38.5
76.993 1 ATTITUDE 0.034409 0.598511 0.087233
77.100 1 NAVIGATION 5 1 0. 0. 0. 0. 0 0
77.103 1 ATTITUDE 0.034424 0.598579 0.087222
77.193 1 ATTITUDE 0.034416 0.598446 0.087204
77.293 1 ATTITUDE 0.034394 0.598722 0.087176
77.348 1 FBW_STATUS 0 49 1 67 0
77.352 1 NAVIGATION 5 1 0. 0. 0. 0. 0 0
77.394 1 ATTITUDE 0.034415 0.598886 0.087155
77.494 1 ATTITUDE 0.034424 0.598673 0.087181
77.601 1 NAVIGATION 5 1 0. 0. 0. 0. 0 0
77.603 1 ATTITUDE 0.034422 0.598662 0.087181
77.693 1 ATTITUDE 0.034432 0.598263 0.087203
77.796 1 ATTITUDE 0.034444 0.598037 0.087225
77.799 1 ESTIMATOR 0. 0.
77.846 1 NAVIGATION 5 1 0. 0. 0. 0. 0 0
77.900 1 ATTITUDE 0.034435 0.597965 0.087268
77.906 1 GPS 0 0 0 0 0 0 0 0 0 0 1
77.965 1 DOWNLINK_STATUS 0 78 27638 1363 0 346. 17. 38.5
77.994 1 ATTITUDE 0.034422 0.59779 0.08729
78.098 1 ATTITUDE 0.034438 0.597751 0.087284
78.103 1 NAVIGATION 5 1 0. 0. 0. 0. 0 0
78.197 1 ATTITUDE 0.034395 0.597458 0.087233
78.201 1 BAT 0 67 0 0 1 2 2 0
78.293 1 ATTITUDE 0.034361 0.597095 0.087256
78.346 1 NAVIGATION 5 1 0. 0. 0. 0. 0 0
78.393 1 ATTITUDE 0.034343 0.597088 0.08726
78.493 1 ATTITUDE 0.03436 0.596998 0.08732
78.600 1 NAVIGATION 5 1 0. 0. 0. 0. 0 0
78.603 1 ATTITUDE 0.034362 0.596989 0.087296
78.693 1 ATTITUDE 0.034332 0.596936 0.0873
78.793 1 ATTITUDE 0.034309 0.59694 0.087308
78.846 1 NAVIGATION 5 1 0. 0. 0. 0. 0 0
78.900 1 ATTITUDE 0.034294 0.596894 0.087316
78.906 1 GPS 0 0 0 0 0 0 0 0 0 0 1
78.965 1 DOWNLINK_STATUS 0 79 27976 1379 0 338. 16. 38.5
78.996 1 ATTITUDE 0.034285 0.596875 0.087311
78.998 1 ESTIMATOR 0. 0.
79.101 1 ATTITUDE 0.034246 0.596744 0.087331
79.103 1 PPRZ_MODE 2 1 2 0 0 21
79.108 1 NAVIGATION 5 1 0. 0. 0. 0. 0 0
79.193 1 ATTITUDE 0.034197 0.596708 0.087363
79.298 1 ATTITUDE 0.034157 0.596941 0.087407
79.303 1 ALIVE 63,108,16,232,75,97,60,32,172,119,33,165,254,7,149,72
79.347 1 FBW_STATUS 0 45 1 67 0
79.351 1 NAVIGATION 5 1 0. 0. 0. 0. 0 0
79.393 1 ATTITUDE 0.034129 0.596843 0.087414
79.493 1 ATTITUDE 0.034238 0.596925 0.087306
79.600 1 NAVIGATION 5 1 0. 0. 0. 0. 0 0
79.603 1 ATTITUDE 0.033978 0.596597 0.087215
79.693 1 ATTITUDE 0.033936 0.596325 0.087197
79.793 1 ATTITUDE 0.033374 0.595883 0.087397
79.847 1 NAVIGATION 5 1 0. 0. 0. 0. 0 0
79.900 1 ATTITUDE 0.034918 0.597731 0.087173
79.905 1 GPS 0 0 0 0 0 0 0 0 0 0 1
79.933 1 WIND_INFO 1 42 0. 0. 0.
79.966 1 DOWNLINK_STATUS 0 80 28357 1398 0 381. 19. 38.5
80.967 1 DOWNLINK_STATUS 0 81 28357 1398 0 0. 0. -4962.78
81.969 1 DOWNLINK_STATUS 0 82 28357 1398 0 0. 0. -4962.78
82.969 1 DOWNLINK_STATUS 0 83 28357 1398 0 0. 0. -4962.78
83.970 1 DOWNLINK_STATUS 0 84 28357 1398 0 0. 0. -4962.78
84.970 1 DOWNLINK_STATUS 0 85 28357 1398 0 0. 0. -4962.78
85.971 1 DOWNLINK_STATUS 0 86 28357 1398 0 0. 0. -9963.55
86.972 1 DOWNLINK_STATUS 0 87 28357 1398 0 0. 0. -9963.55
87.974 1 DOWNLINK_STATUS 0 88 28357 1398 0 0. 0. -9963.55
88.974 1 DOWNLINK_STATUS 0 89 28357 1398 0 0. 0. -9963.55
89.933 1 WIND_INFO 1 42 0. 0. 0.
89.974 1 DOWNLINK_STATUS 0 90 28357 1398 0 0. 0. -9963.55
90.975 1 DOWNLINK_STATUS 0 91 28357 1398 0 0. 0. -14964.91
91.977 1 DOWNLINK_STATUS 0 92 28357 1398 0 0. 0. -14964.91
92.978 1 DOWNLINK_STATUS 0 93 28357 1398 0 0. 0. -14964.91
