4.621 1 ATTITUDE 1.62007 -2.190001 -0.043873
4.623 1 STATE_FILTER_STATUS 3 0
4.625 1 ESTIMATOR 0. 0.
4.778 1 NAVIGATION 4 0 0. 0. 0. 0. 0 0
4.783 1 GPS 0 0 0 0 0 0 0 0 0 0 1
4.787 1 WP_MOVED 1 348865. 5945715. 660. 12
4.789 1 DL_VALUE 4 0.
4.881 1 NAVIGATION 4 0 0. 0. 0. 0. 0 0
4.999 1 DOWNLINK_STATUS 0 5 2717 121 0 493. 23. 0.
5.058 1 GPS 0 0 0 0 0 0 0 0 0 0 1
5.062 1 NAVIGATION 4 0 0. 0. 0. 0. 0 0
5.066 1 BAT 0 69 0 0 1 155 155 0
5.069 1 ATTITUDE 1.619761 -2.189803 -0.043802
5.072 1 IMU_GYRO -0.052979 0.010498 -0.010498
5.195 1 ESTIMATOR 0. 0.
5.200 1 NAVIGATION 4 0 0. 0. 0. 0. 0 0
5.205 1 GPS 0 0 0 0 0 0 0 0 0 0 1
5.301 1 WP_MOVED 2 348895. 5945815. 660. 12
5.480 1 CIRCLE 30. 100. 80.
5.481 1 FBW_STATUS 2 0 1 69 0
5.487 1 NAVIGATION 4 0 0. 0. 0. 0. 0 0
5.493 1 GPS 0 0 0 0 0 0 0 0 0 0 1
5.499 1 DESIRED -0.38 3.05 5.3 -64. 45. 660. 3. 12.
6.001 1 DOWNLINK_STATUS 0 6 3056 135 0 339. 14. -1.39699129125e+12
6.078 1 ATTITUDE 1.620066 -2.189695 -0.043821
6.081 1 ESTIMATOR 0. 0.
6.085 1 NAVIGATION 4 0 0. 0. 0. 0. 0 0
6.207 1 GPS 0 0 0 0 0 0 0 0 0 0 1
6.211 1 WP_MOVED 3 348965.09375 5945786. 660. 12
6.213 1 NAVIGATION_REF 348865 5945715 12
6.371 1 GPS_SOL 0 0 0 0
6.375 1 NAVIGATION 4 0 0. 0. 0. 0. 0 0
6.381 1 GPS 0 0 0 0 0 0 0 0 0 0 1
6.386 1 NAVIGATION 4 0 0. 0. 0. 0. 0 0
6.485 1 ATTITUDE 1.619715 -2.189631 -0.04372
6.489 1 BAT 0 69 0 0 1 156 156 0
6.656 1 ESTIMATOR 0. 0.
6.659 1 IMU_GYRO -0.049805 0.008301 -0.010498
6.661 1 CALIBRATION -150. 0
6.666 1 NAVIGATION 4 0 0. 0. 0. 0. 0 0
6.672 1 GPS 0 0 0 0 0 0 0 0 0 0 1
6.755 1 WP_MOVED 4 348764.6875 5945795. 660. 12
6.757 1 DL_VALUE 5 0.
6.902 1 NAVIGATION 4 0 0. 0. 0. 0. 0 0
6.908 1 GPS 0 0 0 0 0 0 0 0 0 0 1
6.911 1 CIRCLE 30. 100. 80.
7.001 1 DOWNLINK_STATUS 0 7 3533 157 0 477. 22. -1.39699129125e+12
7.056 1 ATTITUDE 1.619677 -2.189535 -0.043651
7.062 1 DESIRED -0.38 3.05 5.3 -64. 45. 660. 3. 12.
7.065 1 ESTIMATOR 0. 0.
7.068 1 ENERGY 6.9 0. 0 0.
7.203 1 NAVIGATION 4 0 0. 0. 0. 0. 0 0
7.208 1 GPS 0 0 0 0 0 0 0 0 0 0 1
7.212 1 WP_MOVED 5 348740. 5945760. 660. 12
7.473 1 NAVIGATION 4 0 0. 0. 0. 0. 0 0
7.478 1 GPS 0 0 0 0 0 0 0 0 0 0 1
7.482 1 NAVIGATION 4 0 0. 0. 0. 0. 0 0
7.486 1 ATTITUDE 1.619652 -2.18936 -0.04373
7.488 1 ESTIMATOR 0. 0.
7.492 1 BAT 0 69 0 0 1 157 157 0
7.496 1 NAVIGATION 4 0 0. 0. 0. 0. 0 0
7.502 1 GPS 0 0 0 0 0 0 0 0 0 0 1
7.505 1 WP_MOVED 6 348665. 5945815. 660. 12
7.508 1 IMU_GYRO -0.046631 0.008301 -0.010498
7.641 1 FBW_STATUS 2 0 1 69 0
7.647 1 NAVIGATION 4 0 0. 0. 0. 0. 0 0
7.651 1 GPS 0 0 0 0 0 0 0 0 0 0 1
7.654 1 CIRCLE 30. 100. 80.
7.658 1 ATTITUDE 1.619551 -2.189295 -0.043688
7.770 1 DESIRED -0.38 3.05 5.3 -64. 45. 660. 3. 12.
7.772 1 ESTIMATOR 0. 0.
7.936 1 NAVIGATION 4 0 0. 0. 0. 0. 0 0
7.941 1 GPS 0 0 0 0 0 0 0 0 0 0 1
7.945 1 WP_MOVED 7 349065. 5946015. 660. 12
7.947 1 DL_VALUE 6 80.
7.950 1 GPS_SOL 0 0 0 0
8.002 1 DOWNLINK_STATUS 0 8 4206 186 0 673. 29. -1.39699129125e+12
8.050 1 NAVIGATION 4 0 0. 0. 0. 0. 0 0
8.189 1 GPS 0 0 0 0 0 0 0 0 0 0 1
8.194 1 NAVIGATION 4 0 0. 0. 0. 0. 0 0
8.197 1 ATTITUDE 1.619454 -2.189213 -0.043565
8.199 1 DOWNLINK 0 507 3929
8.339 1 ESTIMATOR 0. 0.
8.343 1 NAVIGATION 4 0 0. 0. 0. 0. 0 0
8.349 1 GPS 0 0 0 0 0 0 0 0 0 0 1
8.467 1 WP_MOVED 8 349447.90625 5946767.5 660. 12
8.471 1 BAT 0 69 0 0 1 158 158 0
8.472 1 CALIBRATION -150. 0
8.476 1 IMU_GYRO -0.047852 0.008301 -0.011475
8.697 1 NAVIGATION 4 0 0. 0. 0. 0. 0 0
8.703 1 GPS 0 0 0 0 0 0 0 0 0 0 1
8.706 1 COMMANDS 0,-9600,9600,0,0
8.709 1 ATTITUDE 1.619392 -2.189085 -0.04356
8.712 1 CIRCLE 30. 100. 80.
8.715 1 ACTUATORS 1250,2000,1200,1200,1350
8.718 1 ESTIMATOR 0. 0.
8.724 1 DESIRED -0.38 3.05 5.3 -64. 45. 660. 3. 12.
8.843 1 NAVIGATION 4 0 0. 0. 0. 0. 0 0
8.849 1 GPS 0 0 0 0 0 0 0 0 0 0 1
8.852 1 WP_MOVED 9 349369.3125 5945408. 660. 12
8.993 1 NAVIGATION 4 0 0. 0. 0. 0. 0 0
8.999 1 GPS 0 0 0 0 0 0 0 0 0 0 1
9.002 1 DOWNLINK_STATUS 0 9 4782 211 0 576. 25. -1.39699129125e+12
9.003 1 NAVIGATION 4 0 0. 0. 0. 0. 0 0
9.089 1 ATTITUDE 1.619351 -2.188968 -0.043558
9.245 1 ESTIMATOR 0. 0.
9.248 1 ENERGY 6.9 0. 0 0.
9.252 1 NAVIGATION 4 0 0. 0. 0. 0. 0 0
9.258 1 GPS 0 0 0 0 0 0 0 0 0 0 1
9.398 1 WP_MOVED 10 348852.40625 5945427. 660. 12
9.399 1 DL_VALUE 7 2.
9.404 1 ALIVE 68,131,82,62,107,91,253,215,84,227,222,103,105,244,126,103
9.407 1 BAT 0 69 0 0 1 159 159 0
9.409 1 PPRZ_MODE 2 3 3 2 0 6
9.553 1 FBW_STATUS 2 0 1 69 0
9.558 1 NAVIGATION 4 0 0. 0. 0. 0. 0 0
9.564 1 GPS 0 0 0 0 0 0 0 0 0 0 1
9.566 1 IMU_GYRO -0.04248 0.007324 -0.011475
9.683 1 ATTITUDE 1.619422 -2.188854 -0.043496
9.684 1 STATE_FILTER_STATUS 3 0
9.687 1 CIRCLE 30. 100. 80.
9.690 1 ESTIMATOR 0. 0.
9.874 1 NAVIGATION 4 0 0. 0. 0. 0. 0 0
9.880 1 GPS 0 0 0 0 0 0 0 0 0 0 1
9.886 1 DESIRED -0.38 3.05 5.3 -64. 45. 660. 3. 12.
9.890 1 WP_MOVED 11 348865. 5945714. 660. 12
9.893 1 GPS_SOL 0 0 0 0
10.003 1 DOWNLINK_STATUS 0 10 5291 235 0 509. 24. -1.39699129125e+12
10.025 1 NAVIGATION 4 0 0. 0. 0. 0. 0 0
10.030 1 GPS 0 0 0 0 0 0 0 0 0 0 1
10.035 1 NAVIGATION 4 0 0. 0. 0. 0. 0 0
10.153 1 ATTITUDE 1.619386 -2.18877 -0.043399
10.155 1 ESTIMATOR 0. 0.
10.160 1 NAVIGATION 4 0 0. 0. 0. 0. 0 0
10.281 1 GPS 0 0 0 0 0 0 0 0 0 0 1
10.284 1 WP_MOVED 12 348655.1875 5945715. 660. 12
10.389 1 CALIBRATION -150. 0
10.394 1 NAVIGATION 4 0 0. 0. 0. 0. 0 0
10.548 1 GPS 0 0 0 0 0 0 0 0 0 0 1
10.551 1 BAT 0 69 0 0 1 161 161 0
10.554 1 ATTITUDE 1.61932 -2.188727 -0.043332
10.558 1 IMU_GYRO -0.047852 0.008301 -0.010498
10.948 1 ESTIMATOR 0. 0.
10.951 1 CIRCLE 30. 100. 80.
10.955 1 NAVIGATION 4 0 0. 0. 0. 0. 0 0
10.961 1 GPS 0 0 0 0 0 0 0 0 0 0 1
11.003 1 DOWNLINK_STATUS 0 11 5705 253 0 414. 18. -1.39699129625e+12
11.086 1 WP_MOVED 13 348241.40625 5945665. 660. 12
11.095 1 DESIRED -0.38 3.05 5.3 -64. 45. 660. 3. 12.
11.095 1 DL_VALUE 8 0.
11.252 1 NAVIGATION 4 0 0. 0. 0. 0. 0 0
11.257 1 GPS 0 0 0 0 0 0 0 0 0 0 1
11.261 1 NAVIGATION 4 0 0. 0. 0. 0. 0 0
11.264 1 ATTITUDE 1.619362 -2.188597 -0.043243
11.389 1 ESTIMATOR 0. 0.
11.394 1 NAVIGATION 4 0 0. 0. 0. 0. 0 0
11.400 1 GPS 0 0 0 0 0 0 0 0 0 0 1
11.489 1 WP_MOVED 14 348242.3125 5945836.5 660. 12
11.630 1 FBW_STATUS 2 0 1 69 0
11.635 1 NAVIGATION 4 0 0. 0. 0. 0. 0 0
11.641 1 GPS 0 0 0 0 0 0 0 0 0 0 1
11.745 1 ATTITUDE 1.619422 -2.188567 -0.043205
11.748 1 BAT 0 69 0 0 1 162 162 0
11.930 1 ESTIMATOR 0. 0.
11.933 1 IMU_GYRO -0.047852 0.009521 -0.011475
11.936 1 ENERGY 6.9 0. 0 0.
11.941 1 NAVIGATION 4 0 0. 0. 0. 0. 0 0
11.946 1 GPS 0 0 0 0 0 0 0 0 0 0 1
11.950 1 CIRCLE 30. 100. 80.
12.003 1 DOWNLINK_STATUS 0 12 6212 275 0 507. 22. -1.39699129625e+12
12.073 1 WP_MOVED 15 348610.09375 5946017. 660. 12
12.079 1 DESIRED -0.38 3.05 5.3 -64. 45. 660. 3. 12.
12.082 1 GPS_SOL 0 0 0 0
12.239 1 NAVIGATION 4 0 0. 0. 0. 0. 0 0
12.245 1 GPS 0 0 0 0 0 0 0 0 0 0 1
12.249 1 NAVIGATION 4 0 0. 0. 0. 0. 0 0
12.252 1 ATTITUDE 1.61935 -2.188651 -0.043072
12.402 1 ESTIMATOR 0. 0.
12.407 1 NAVIGATION 4 0 0. 0. 0. 0. 0 0
12.412 1 GPS 0 0 0 0 0 0 0 0 0 0 1
12.416 1 WP_MOVED 16 348775.09375 5946191. 660. 12
12.418 1 DL_VALUE 9 1.
12.508 1 NAVIGATION 4 0 0. 0. 0. 0. 0 0
12.641 1 GPS 0 0 0 0 0 0 0 0 0 0 1
12.643 1 CALIBRATION -150. 0
12.646 1 ATTITUDE 1.619322 -2.188496 -0.042991
12.761 1 ESTIMATOR 0. 0.
12.765 1 BAT 0 69 0 0 1 163 163 0
12.923 1 NAVIGATION 4 0 0. 0. 0. 0. 0 0
12.928 1 GPS 0 0 0 0 0 0 0 0 0 0 1
12.932 1 WP_MOVED 17 348944.6875 5946570. 660. 12
12.934 1 CIRCLE 30. 100. 80.
12.937 1 IMU_GYRO -0.047852 0.008301 -0.011475
13.004 1 DOWNLINK_STATUS 0 13 6732 298 0 520. 23. -1.39699129625e+12
13.062 1 DESIRED -0.38 3.05 5.3 -64. 45. 660. 3. 12.
13.066 1 NAVIGATION 4 0 0. 0. 0. 0. 0 0
13.204 1 GPS 0 0 0 0 0 0 0 0 0 0 1
13.208 1 NAVIGATION 4 0 0. 0. 0. 0. 0 0
13.212 1 ATTITUDE 1.619304 -2.188385 -0.042961
13.366 1 ESTIMATOR 0. 0.
13.368 1 DOWNLINK 0 505 4043
13.372 1 NAVIGATION 4 0 0. 0. 0. 0. 0 0
13.378 1 GPS 0 0 0 0 0 0 0 0 0 0 1
13.382 1 WP_MOVED 18 348975. 5946791.5 660. 12
13.536 1 FBW_STATUS 2 0 1 69 0
13.540 1 NAVIGATION 4 0 0. 0. 0. 0. 0 0
13.546 1 GPS 0 0 0 0 0 0 0 0 0 0 1
13.549 1 COMMANDS 0,-9600,9600,0,0
13.552 1 ATTITUDE 1.619249 -2.188146 -0.04293
13.679 1 ACTUATORS 1250,2000,1200,1200,1350
13.682 1 ESTIMATOR 0. 0.
13.686 1 NAVIGATION 4 0 0. 0. 0. 0. 0 0
13.830 1 GPS 0 0 0 0 0 0 0 0 0 0 1
13.833 1 WP_MOVED 0 348907. 5945757. 660. 12
13.837 1 BAT 0 69 0 0 1 164 164 0
13.839 1 DL_VALUE 10 0.
13.842 1 CIRCLE 30. 100. 80.
14.005 1 DOWNLINK_STATUS 0 14 7246 321 0 514. 23. -1.39699129625e+12
14.030 1 IMU_GYRO -0.046631 0.008301 -0.010498
14.033 1 GPS_SOL 0 0 0 0
14.040 1 DESIRED -0.38 3.05 5.3 -64. 45. 660. 3. 12.
14.044 1 NAVIGATION 4 0 0. 0. 0. 0. 0 0
14.050 1 GPS 0 0 0 0 0 0 0 0 0 0 1
14.135 1 NAVIGATION 4 0 0. 0. 0. 0. 0 0
14.138 1 ATTITUDE 1.619191 -2.18802 -0.042816
14.314 1 ESTIMATOR 0. 0.
14.318 1 ENERGY 6.9 0. 0 0.
14.322 1 NAVIGATION 4 0 0. 0. 0. 0. 0 0
14.328 1 GPS 0 0 0 0 0 0 0 0 0 0 1
14.331 1 WP_MOVED 1 348865. 5945715. 660. 12
14.419 1 ALIVE 68,131,82,62,107,91,253,215,84,227,222,103,105,244,126,103
14.421 1 PPRZ_MODE 2 3 3 2 0 6
14.581 1 NAVIGATION 4 0 0. 0. 0. 0. 0 0
14.587 1 GPS 0 0 0 0 0 0 0 0 0 0 1
14.590 1 ATTITUDE 1.619246 -2.187844 -0.042918
14.592 1 CALIBRATION -150. 0
14.593 1 STATE_FILTER_STATUS 3 0
14.720 1 ESTIMATOR 0. 0.
14.725 1 NAVIGATION 4 0 0. 0. 0. 0. 0 0
14.730 1 GPS 0 0 0 0 0 0 0 0 0 0 1
14.816 1 WIND_INFO 1 42 0. 0. 0.
14.863 1 WP_MOVED 2 348895. 5945815. 660. 12
14.865 1 NAVIGATION_REF 348865 5945715 12
14.868 1 CIRCLE 30. 100. 80.
14.872 1 BAT 0 69 0 0 1 165 165 0
15.005 1 DOWNLINK_STATUS 0 15 7814 347 0 568. 26. -1.39699129625e+12
15.323 1 NAVIGATION 4 0 0. 0. 0. 0. 0 0
15.328 1 GPS 0 0 0 0 0 0 0 0 0 0 1
15.333 1 NAVIGATION 4 0 0. 0. 0. 0. 0 0
15.339 1 DESIRED -0.38 3.05 5.3 -64. 45. 660. 3. 12.
15.343 1 IMU_GYRO -0.047852 0.008301 -0.010498
15.701 1 ATTITUDE 1.619228 -2.187609 -0.042764
15.703 1 ESTIMATOR 0. 0.
15.708 1 NAVIGATION 4 0 0. 0. 0. 0. 0 0
15.713 1 GPS 0 0 0 0 0 0 0 0 0 0 1
15.951 1 WP_MOVED 3 348965.09375 5945786. 660. 12
15.953 1 DL_VALUE 0 0.
16.005 1 DOWNLINK_STATUS 0 16 8077 358 0 263. 11. -1.39699130125e+12
16.093 1 FBW_STATUS 2 0 1 69 0
16.104 1 NAVIGATION 4 0 0. 0. 0. 0. 0 0
16.104 1 GPS 0 0 0 0 0 0 0 0 0 0 1
16.356 1 ATTITUDE 1.619196 -2.187339 -0.042817
16.513 1 ESTIMATOR 0. 0.
16.517 1 NAVIGATION 4 0 0. 0. 0. 0. 0 0
16.523 1 GPS 0 0 0 0 0 0 0 0 0 0 1
16.526 1 WP_MOVED 4 348764.6875 5945795. 660. 12
16.803 1 GPS_SOL 0 0 0 0
16.806 1 CIRCLE 30. 100. 80.
17.006 1 DOWNLINK_STATUS 0 17 8297 368 0 220. 10. -1.39699130125e+12
17.032 1 NAVIGATION 4 0 0. 0. 0. 0. 0 0
17.037 1 GPS 0 0 0 0 0 0 0 0 0 0 1
17.042 1 NAVIGATION 4 0 0. 0. 0. 0. 0 0
17.046 1 BAT 0 69 0 0 1 166 166 0
17.052 1 DESIRED -0.38 3.05 5.3 -64. 45. 660. 3. 12.
17.055 1 ATTITUDE 1.619256 -2.187135 -0.042941
17.058 1 IMU_GYRO -0.046631 0.008301 -0.011475
17.378 1 ESTIMATOR 0. 0.
17.383 1 NAVIGATION 4 0 0. 0. 0. 0. 0 0
17.389 1 GPS 0 0 0 0 0 0 0 0 0 0 1
17.392 1 WP_MOVED 5 348740. 5945760. 660. 12
17.709 1 NAVIGATION 4 0 0. 0. 0. 0. 0 0
17.714 1 GPS 0 0 0 0 0 0 0 0 0 0 1
17.912 1 ATTITUDE 1.619379 -2.187039 -0.043127
17.914 1 ESTIMATOR 0. 0.
17.916 1 CALIBRATION -150. 0
17.920 1 ENERGY 6.9 0. 0 0.
17.924 1 NAVIGATION 4 0 0. 0. 0. 0. 0 0
17.930 1 GPS 0 0 0 0 0 0 0 0 0 0 1
17.934 1 WP_MOVED 6 348665. 5945815. 660. 12
17.936 1 DL_VALUE 1 0.
18.006 1 DOWNLINK_STATUS 0 18 8782 389 0 485. 21. -1.39699130125e+12
18.768 1 NAVIGATION 4 0 0. 0. 0. 0. 0 0
18.772 1 GPS 0 0 0 0 0 0 0 0 0 0 1
18.777 1 NAVIGATION 4 0 0. 0. 0. 0. 0 0
18.780 1 CIRCLE 30. 100. 80.
18.783 1 ATTITUDE 1.619427 -2.186919 -0.043116
18.791 1 DESIRED -0.38 3.05 5.3 -64. 45. 660. 3. 12.
18.793 1 BAT 0 69 0 0 1 167 167 0
18.936 1 ESTIMATOR 0. 0.
18.939 1 IMU_GYRO -0.047852 0.009521 -0.010498
18.944 1 NAVIGATION 4 0 0. 0. 0. 0. 0 0
18.950 1 GPS 0 0 0 0 0 0 0 0 0 0 1
18.953 1 WP_MOVED 7 349065. 5946015. 660. 12
19.007 1 DOWNLINK_STATUS 0 19 9073 401 0 291. 12. -1.39699130125e+12
19.091 1 FBW_STATUS 2 0 1 69 0
19.096 1 NAVIGATION 4 0 0. 0. 0. 0. 0 0
19.104 1 GPS 0 0 0 0 0 0 0 0 0 0 1
19.232 1 ATTITUDE 1.619347 -2.186925 -0.04323
19.234 1 ESTIMATOR 0. 0.
19.239 1 NAVIGATION 4 0 0. 0. 0. 0. 0 0
19.245 1 GPS 0 0 0 0 0 0 0 0 0 0 1
19.418 1 WP_MOVED 8 349447.90625 5946767.5 660. 12
19.421 1 GPS_SOL 0 0 0 0
19.426 1 NAVIGATION 4 0 0. 0. 0. 0. 0 0
19.432 1 GPS 0 0 0 0 0 0 0 0 0 0 1
19.436 1 NAVIGATION 4 0 0. 0. 0. 0. 0 0
19.631 1 CIRCLE 30. 100. 80.
19.634 1 ATTITUDE 1.619292 -2.18687 -0.043323
19.641 1 DESIRED -0.38 3.05 5.3 -64. 45. 660. 3. 12.
19.643 1 ESTIMATOR 0. 0.
19.647 1 BAT 0 69 0 0 1 168 168 0
19.651 1 NAVIGATION 4 0 0. 0. 0. 0. 0 0
19.657 1 GPS 0 0 0 0 0 0 0 0 0 0 1
19.838 1 WP_MOVED 9 349369.3125 5945408. 660. 12
19.841 1 IMU_GYRO -0.048828 0.009521 -0.009521
19.843 1 DL_VALUE 2 660.
19.845 1 DOWNLINK 0 527 4162
19.849 1 NAVIGATION 4 0 0. 0. 0. 0. 0 0
19.855 1 GPS 0 0 0 0 0 0 0 0 0 0 1
19.858 1 COMMANDS 0,-9600,9600,0,0
19.861 1 ATTITUDE 1.619342 -2.186749 -0.043202
20.007 1 DOWNLINK_STATUS 0 20 9682 428 0 609. 27. -1.39699130125e+12
20.017 1 ACTUATORS 1250,2000,1200,1200,1350
20.019 1 ESTIMATOR 0. 0.
20.024 1 NAVIGATION 4 0 0. 0. 0. 0. 0 0
20.030 1 GPS 0 0 0 0 0 0 0 0 0 0 1
20.033 1 WP_MOVED 10 348852.40625 5945427. 660. 12
20.035 1 CALIBRATION -150. 0
20.197 1 NAVIGATION 4 0 0. 0. 0. 0. 0 0
20.203 1 GPS 0 0 0 0 0 0 0 0 0 0 1
20.207 1 NAVIGATION 4 0 0. 0. 0. 0. 0 0
20.210 1 ATTITUDE 1.619354 -2.186655 -0.043126
20.214 1 CIRCLE 30. 100. 80.
20.482 1 ESTIMATOR 0. 0.
20.489 1 DESIRED -0.38 3.05 5.3 -64. 45. 660. 3. 12.
20.492 1 ENERGY 6.9 0. 0 0.
20.497 1 NAVIGATION 4 0 0. 0. 0. 0. 0 0
20.502 1 GPS 0 0 0 0 0 0 0 0 0 0 1
20.506 1 WP_MOVED 11 348865. 5945714. 660. 12
20.509 1 BAT 0 69 0 0 1 169 169 0
20.513 1 ALIVE 68,131,82,62,107,91,253,215,84,227,222,103,105,244,126,103
20.517 1 IMU_GYRO -0.039307 0.011475 -0.048828
20.519 1 PPRZ_MODE 2 3 3 2 0 6
20.521 1 FBW_STATUS 2 0 1 69 0
21.008 1 DOWNLINK_STATUS 0 21 10164 450 0 482. 22. -1.39699130625e+12
21.222 1 NAVIGATION 4 0 0. 0. 0. 0. 0 0
21.228 1 GPS 0 0 0 0 0 0 0 0 0 0 1
21.231 1 ATTITUDE 1.434481 -2.183698 0.087883
21.233 1 STATE_FILTER_STATUS 3 0
21.235 1 ESTIMATOR 0. 0.
21.240 1 NAVIGATION 4 0 0. 0. 0. 0. 0 0
21.249 1 CIRCLE 30. 100. 80.
21.666 1 ESTIMATOR 0. 0.
21.671 1 NAVIGATION 4 0 0. 0. 0. 0. 0 0
21.677 1 GPS 0 0 0 0 0 0 0 0 0 0 1
21.683 1 DESIRED -0.38 2.93 5.3 -64. 45. 660. 3. 12.
21.687 1 WP_MOVED 13 348241.40625 5945665. 660. 12
21.902 1 BAT 0 69 0 0 1 170 170 0
22.009 1 DOWNLINK_STATUS 0 22 10460 463 1 296. 13. -1.39699130625e+12
22.061 1 NAVIGATION 4 0 0. 0. 0. 0. 0 0
22.067 1 GPS 0 0 0 0 0 0 0 0 0 0 1
22.070 1 IMU_GYRO -0.034912 0.011475 -0.019043
22.073 1 ATTITUDE 1.336249 -2.166822 0.21007
22.441 1 ESTIMATOR 0. 0.
22.446 1 NAVIGATION 4 0 0. 0. 0. 0. 0 0
22.451 1 GPS 0 0 0 0 0 0 0 0 0 0 1
22.455 1 WP_MOVED 14 348242.3125 5945836.5 660. 12
23.011 1 DOWNLINK_STATUS 0 23 10648 471 1 188. 8. -1.39699130625e+12
23.349 1 CALIBRATION -150. 0
23.353 1 NAVIGATION 4 0 0. 0. 0. 0. 0 0
23.359 1 GPS 0 0 0 0 0 0 0 0 0 0 1
23.363 1 NAVIGATION 4 0 0. 0. 0. 0. 0 0
23.519 1 ATTITUDE 1.332744 -2.158347 0.212953
23.521 1 ESTIMATOR 0. 0.
23.525 1 CIRCLE 30. 100. 80.
23.529 1 NAVIGATION 4 0 0. 0. 0. 0. 0 0
23.535 1 GPS 0 0 0 0 0 0 0 0 0 0 1
23.657 1 WP_MOVED 15 348610.09375 5946017. 660. 12
23.664 1 DESIRED -0.38 2.93 5.3 -64. 45. 660. 3. 12.
23.666 1 DL_VALUE 4 0.
23.871 1 FBW_STATUS 2 0 1 69 0
23.876 1 NAVIGATION 4 0 0. 0. 0. 0. 0 0
23.881 1 GPS 0 0 0 0 0 0 0 0 0 0 1
23.885 1 BAT 0 69 0 0 1 172 172 0
23.888 1 ATTITUDE 1.334349 -2.149752 0.210028
23.891 1 IMU_GYRO -0.028564 -0.038086 0.000977
23.894 1 ESTIMATOR 0. 0.
23.897 1 ENERGY 6.9 0. 0 0.
24.011 1 DOWNLINK_STATUS 0 24 11087 491 1 439. 20. -1.39699130625e+12
24.160 1 NAVIGATION 4 0 0. 0. 0. 0. 0 0
24.166 1 GPS 0 0 0 0 0 0 0 0 0 0 1
24.170 1 WP_MOVED 16 348775.09375 5946191. 660. 12
24.173 1 GPS_SOL 0 0 0 0
24.177 1 NAVIGATION 4 0 0. 0. 0. 0. 0 0
24.183 1 GPS 0 0 0 0 0 0 0 0 0 0 1
24.187 1 NAVIGATION 4 0 0. 0. 0. 0. 0 0
24.191 1 ATTITUDE 1.343877 -2.14544 0.226207
24.193 1 ESTIMATOR 0. 0.
24.198 1 NAVIGATION 4 0 0. 0. 0. 0. 0 0
24.446 1 GPS 0 0 0 0 0 0 0 0 0 0 1
24.450 1 CIRCLE 30. 100. 80.
24.453 1 WP_MOVED 17 348944.6875 5946570. 660. 12
24.460 1 DESIRED -0.38 3.01 5.3 -64. 45. 660. 3. 12.
24.464 1 NAVIGATION 4 0 0. 0. 0. 0. 0 0
24.470 1 GPS 0 0 0 0 0 0 0 0 0 0 1
24.473 1 ATTITUDE 1.516836 -2.157197 0.235408
24.477 1 BAT 0 69 0 0 1 173 173 0
24.479 1 ESTIMATOR 0. 0.
24.482 1 IMU_GYRO -0.041504 -0.010498 -0.000977
24.487 1 NAVIGATION 4 0 0. 0. 0. 0. 0 0
24.666 1 GPS 0 0 0 0 0 0 0 0 0 0 1
24.670 1 WP_MOVED 18 348975. 5946791.5 660. 12
24.672 1 DL_VALUE 5 0.
24.676 1 NAVIGATION 4 0 0. 0. 0. 0. 0 0
24.682 1 GPS 0 0 0 0 0 0 0 0 0 0 1
24.687 1 NAVIGATION 4 0 0. 0. 0. 0. 0 0
24.688 1 CALIBRATION -150. 0
24.692 1 ATTITUDE 1.516476 -2.14643 0.240227
24.816 1 WIND_INFO 1 42 0. 0. 0.
24.835 1 ESTIMATOR 0. 0.
24.840 1 NAVIGATION 4 0 0. 0. 0. 0. 0 0
24.845 1 GPS 0 0 0 0 0 0 0 0 0 0 1
24.849 1 WP_MOVED 0 348907. 5945757. 660. 12
25.012 1 DOWNLINK_STATUS 0 25 11862 524 1 775. 33. -1.39699130625e+12
25.348 1 CIRCLE 30. 100. 80.
25.355 1 DESIRED -0.38 3. 5.3 -64. 45. 660. 3. 12.
25.357 1 DOWNLINK 0 495 4273
25.360 1 FBW_STATUS 2 0 1 69 0
25.364 1 NAVIGATION 4 0 0. 0. 0. 0. 0 0
25.370 1 GPS 0 0 0 0 0 0 0 0 0 0 1
25.373 1 COMMANDS 0,-9600,9600,0,0
25.376 1 ATTITUDE 1.501577 -2.138004 0.27957
25.379 1 ACTUATORS 1250,2000,1200,1200,1350
26.013 1 DOWNLINK_STATUS 0 26 12055 533 1 193. 9. -1.39699131125e+12
26.826 1 ESTIMATOR 0. 0.
26.829 1 BAT 0 69 0 0 1 174 174 0
26.834 1 NAVIGATION 4 0 0. 0. 0. 0. 0 0
26.840 1 GPS 0 0 0 0 0 0 0 0 0 0 1
26.843 1 WP_MOVED 1 348865. 5945715. 660. 12
26.846 1 IMU_GYRO -0.107422 0.041504 -0.015869
26.849 1 NAVIGATION_REF 348865 5945715 12
26.851 1 GPS_SOL 0 0 0 0
26.856 1 NAVIGATION 4 0 0. 0. 0. 0. 0 0
26.862 1 GPS 0 0 0 0 0 0 0 0 0 0 1
26.867 1 NAVIGATION 4 0 0. 0. 0. 0. 0 0
27.013 1 DOWNLINK_STATUS 0 27 12304 544 1 249. 11. -1.39699131125e+12
27.088 1 ATTITUDE 1.499363 -2.131986 0.275591
27.091 1 ESTIMATOR 0. 0.
27.094 1 ENERGY 6.9 0. 0 0.
27.099 1 NAVIGATION 4 0 0. 0. 0. 0. 0 0
27.104 1 GPS 0 0 0 0 0 0 0 0 0 0 1
27.114 1 WP_MOVED 2 348895. 5945815. 660. 12
27.114 1 STATE_FILTER_STATUS 3 0
27.117 1 ESTIMATOR 0. 0.
27.120 1 NAVIGATION 4 0 0. 0. 0. 0. 0 0
27.127 1 GPS 0 0 0 0 0 0 0 0 0 0 1
27.220 1 WP_MOVED 3 348965.09375 5945786. 660. 12
27.223 1 BAT 0 69 0 0 1 175 175 0
27.226 1 IMU_GYRO -0.04248 0.018066 -0.02002
27.394 1 NAVIGATION 4 0 0. 0. 0. 0. 0 0
27.400 1 GPS 0 0 0 0 0 0 0 0 0 0 1
27.404 1 NAVIGATION 4 0 0. 0. 0. 0. 0 0
27.408 1 ATTITUDE 1.504513 -2.117101 0.265926
27.409 1 CALIBRATION -150. 0
27.564 1 ESTIMATOR 0. 0.
27.568 1 NAVIGATION 4 0 0. 0. 0. 0. 0 0
27.574 1 GPS 0 0 0 0 0 0 0 0 0 0 1
27.577 1 WP_MOVED 4 348764.6875 5945795. 660. 12
27.580 1 CIRCLE 30. 100. 80.
27.752 1 NAVIGATION 4 0 0. 0. 0. 0. 0 0
27.755 1 FBW_STATUS 2 0 1 69 0
27.760 1 GPS 0 0 0 0 0 0 0 0 0 0 1
27.767 1 DESIRED -0.38 3.07 5.3 -64. 45. 660. 3. 12.
27.770 1 ATTITUDE 1.611384 -2.093769 -0.018054
27.946 1 ESTIMATOR 0. 0.
27.951 1 NAVIGATION 4 0 0. 0. 0. 0. 0 0
27.957 1 GPS 0 0 0 0 0 0 0 0 0 0 1
27.960 1 WP_MOVED 5 348740. 5945760. 660. 12
27.962 1 DL_VALUE 7 2.
27.966 1 BAT 0 69 0 0 1 176 176 0
27.969 1 GPS_SOL 0 0 0 0
28.013 1 DOWNLINK_STATUS 0 28 13073 579 2 769. 35. -1.39699131125e+12
28.117 1 NAVIGATION 4 0 0. 0. 0. 0. 0 0
28.119 1 GPS 0 0 0 0 0 0 0 0 0 0 1
28.124 1 NAVIGATION 4 0 0. 0. 0. 0. 0 0
28.127 1 IMU_GYRO -0.033936 0.006348 -0.010498
28.376 1 ATTITUDE 1.629893 -2.094793 -0.042779
28.379 1 ESTIMATOR 0. 0.
28.383 1 NAVIGATION 4 0 0. 0. 0. 0. 0 0
28.389 1 GPS 0 0 0 0 0 0 0 0 0 0 1
28.392 1 WP_MOVED 6 348665. 5945815. 660. 12
28.396 1 CIRCLE 30. 100. 80.
28.400 1 NAVIGATION 4 0 0. 0. 0. 0. 0 0
28.406 1 GPS 0 0 0 0 0 0 0 0 0 0 1
28.412 1 DESIRED -0.38 3.05 5.3 -64. 45. 660. 3. 12.
28.664 1 ATTITUDE 1.629177 -2.096828 -0.043068
28.666 1 ESTIMATOR 0. 0.
28.670 1 ENERGY 6.9 0. 0 0.
28.674 1 NAVIGATION 4 0 0. 0. 0. 0. 0 0
28.680 1 GPS 0 0 0 0 0 0 0 0 0 0 1
28.684 1 WP_MOVED 7 349065. 5946015. 660. 12
28.688 1 NAVIGATION 4 0 0. 0. 0. 0. 0 0
28.694 1 GPS 0 0 0 0 0 0 0 0 0 0 1
28.698 1 NAVIGATION 4 0 0. 0. 0. 0. 0 0
28.702 1 BAT 0 69 0 0 1 177 177 0
28.705 1 ATTITUDE 1.628591 -2.098802 -0.04333
28.952 1 IMU_GYRO -0.047852 0.008301 -0.010498
28.953 1 ESTIMATOR 0. 0.
28.955 1 CALIBRATION -150. 0
28.960 1 NAVIGATION 4 0 0. 0. 0. 0. 0 0
28.965 1 GPS 0 0 0 0 0 0 0 0 0 0 1
28.969 1 WP_MOVED 8 349447.90625 5946767.5 660. 12
28.977 1 BAT 0 69 0 0 1 178 178 0
28.979 1 ESTIMATOR 0. 0.
28.982 1 IMU_GYRO -0.046631 0.007324 -0.010498
28.987 1 NAVIGATION 4 0 0. 0. 0. 0. 0 0
29.014 1 DOWNLINK_STATUS 0 29 13858 613 3 785. 34. -1.39699131125e+12
29.047 1 GPS 0 0 0 0 0 0 0 0 0 0 1
29.051 1 WP_MOVED 10 348852.40625 5945427. 660. 12
29.233 1 NAVIGATION 4 0 0. 0. 0. 0. 0 0
29.239 1 GPS 0 0 0 0 0 0 0 0 0 0 1
29.240 1 DOWNLINK 0 511 4389
29.244 1 CIRCLE 30. 100. 80.
29.247 1 COMMANDS 0,-9600,9600,0,0
29.250 1 ATTITUDE 1.627006 -2.104441 -0.044075
29.445 1 DESIRED -0.38 3.05 5.3 -64. 45. 660. 3. 12.
29.448 1 ACTUATORS 1250,2000,1200,1200,1350
29.451 1 ESTIMATOR 0. 0.
29.455 1 NAVIGATION 4 0 0. 0. 0. 0. 0 0
29.461 1 GPS 0 0 0 0 0 0 0 0 0 0 1
29.465 1 WP_MOVED 11 348865. 5945714. 660. 12
29.466 1 DL_VALUE 9 1.
29.547 1 NAVIGATION 4 0 0. 0. 0. 0. 0 0
29.692 1 GPS 0 0 0 0 0 0 0 0 0 0 1
29.697 1 NAVIGATION 4 0 0. 0. 0. 0. 0 0
29.700 1 ATTITUDE 1.626616 -2.106092 -0.044366
29.920 1 ESTIMATOR 0. 0.
29.924 1 BAT 0 69 0 0 1 179 179 0
29.928 1 ENERGY 6.9 0. 0 0.
29.932 1 NAVIGATION 4 0 0. 0. 0. 0. 0 0
29.938 1 GPS 0 0 0 0 0 0 0 0 0 0 1
29.941 1 WP_MOVED 12 348655.1875 5945715. 660. 12
29.944 1 IMU_GYRO -0.047852 0.008301 -0.010498
29.946 1 CALIBRATION -150. 0
29.950 1 ALIVE 68,131,82,62,107,91,253,215,84,227,222,103,105,244,126,103
30.014 1 DOWNLINK_STATUS 0 30 14482 641 3 624. 28. -1.39699131125e+12
30.108 1 PPRZ_MODE 2 3 3 2 0 6
30.117 1 NAVIGATION 4 0 0. 0. 0. 0. 0 0
30.117 1 FBW_STATUS 2 0 1 69 0
30.120 1 GPS 0 0 0 0 0 0 0 0 0 0 1
30.124 1 ATTITUDE 1.626263 -2.107705 -0.044635
30.127 1 CIRCLE 30. 100. 80.
30.128 1 STATE_FILTER_STATUS 3 0
30.308 1 ESTIMATOR 0. 0.
30.315 1 DESIRED -0.38 3.05 5.3 -64. 45. 660. 3. 12.
30.319 1 NAVIGATION 4 0 0. 0. 0. 0. 0 0
30.325 1 GPS 0 0 0 0 0 0 0 0 0 0 1
30.329 1 WP_MOVED 13 348241.40625 5945665. 660. 12
30.332 1 GPS_SOL 0 0 0 0
30.475 1 NAVIGATION 4 0 0. 0. 0. 0. 0 0
30.480 1 GPS 0 0 0 0 0 0 0 0 0 0 1
30.485 1 NAVIGATION 4 0 0. 0. 0. 0. 0 0
30.488 1 ATTITUDE 1.625885 -2.109468 -0.044937
30.619 1 ESTIMATOR 0. 0.
30.619 1 NAVIGATION 4 0 0. 0. 0. 0. 0 0
30.623 1 GPS 0 0 0 0 0 0 0 0 0 0 1
30.965 1 WP_MOVED 14 348242.3125 5945836.5 660. 12
30.968 1 BAT 0 69 0 0 1 180 180 0
30.970 1 DL_VALUE 10 0.
30.973 1 IMU_GYRO -0.047852 0.009521 -0.010498
31.015 1 DOWNLINK_STATUS 0 31 15007 665 3 525. 24. -1.39699131625e+12
31.124 1 NAVIGATION 4 0 0. 0. 0. 0. 0 0
31.129 1 GPS 0 0 0 0 0 0 0 0 0 0 1
31.132 1 ATTITUDE 1.625575 -2.11101 -0.045082
31.135 1 CIRCLE 30. 100. 80.
31.293 1 ESTIMATOR 0. 0.
31.297 1 NAVIGATION 4 0 0. 0. 0. 0. 0 0
31.303 1 GPS 0 0 0 0 0 0 0 0 0 0 1
31.309 1 DESIRED -0.38 3.05 5.3 -64. 45. 660. 3. 12.
31.392 1 WP_MOVED 15 348610.09375 5946017. 660. 12
31.557 1 NAVIGATION 4 0 0. 0. 0. 0. 0 0
31.563 1 GPS 0 0 0 0 0 0 0 0 0 0 1
31.568 1 NAVIGATION 4 0 0. 0. 0. 0. 0 0
31.571 1 ATTITUDE 1.62527 -2.112539 -0.045235
31.712 1 ESTIMATOR 0. 0.
31.716 1 NAVIGATION 4 0 0. 0. 0. 0. 0 0
31.722 1 GPS 0 0 0 0 0 0 0 0 0 0 1
31.725 1 WP_MOVED 16 348775.09375 5946191. 660. 12
31.894 1 BAT 0 69 0 0 1 181 181 0
31.896 1 CALIBRATION -150. 0
31.898 1 FBW_STATUS 2 0 1 69 0
31.903 1 NAVIGATION 4 0 0. 0. 0. 0. 0 0
31.909 1 GPS 0 0 0 0 0 0 0 0 0 0 1
31.912 1 IMU_GYRO -0.047852 0.009521 -0.010498
32.016 1 DOWNLINK_STATUS 0 32 15553 688 3 546. 23. -1.39699131625e+12
32.032 1 ATTITUDE 1.625037 -2.114042 -0.045501
32.035 1 ESTIMATOR 0. 0.
32.038 1 CIRCLE 30. 100. 80.
32.041 1 ENERGY 6.9 0. 0 0.
32.219 1 NAVIGATION 4 0 0. 0. 0. 0. 0 0
32.224 1 GPS 0 0 0 0 0 0 0 0 0 0 1
32.228 1 WP_MOVED 17 348944.6875 5946570. 660. 12
32.234 1 DESIRED -0.38 3.05 5.3 -64. 45. 660. 3. 12.
32.236 1 DL_VALUE 0 0.
32.412 1 GPS_SOL 0 0 0 0
32.416 1 NAVIGATION 4 0 0. 0. 0. 0. 0 0
32.422 1 GPS 0 0 0 0 0 0 0 0 0 0 1
32.426 1 NAVIGATION 4 0 0. 0. 0. 0. 0 0
32.427 1 PONG 
32.431 1 ATTITUDE 1.62492 -2.115677 -0.045653
32.433 1 ESTIMATOR 0. 0.
32.559 1 NAVIGATION 4 0 0. 0. 0. 0. 0 0
32.564 1 GPS 0 0 0 0 0 0 0 0 0 0 1
32.568 1 WP_MOVED 18 348975. 5946791.5 660. 12
32.705 1 NAVIGATION 4 0 0. 0. 0. 0. 0 0
32.711 1 GPS 0 0 0 0 0 0 0 0 0 0 1
32.714 1 BAT 0 69 0 0 1 183 183 0
32.815 1 ATTITUDE 1.624509 -2.117206 -0.045673
32.818 1 IMU_GYRO -0.044678 0.008301 -0.010498
32.986 1 ESTIMATOR 0. 0.
32.991 1 NAVIGATION 4 0 0. 0. 0. 0. 0 0
32.996 1 GPS 0 0 0 0 0 0 0 0 0 0 1
33.000 1 CIRCLE 30. 100. 80.
33.003 1 WP_MOVED 0 348907. 5945757. 660. 12
33.016 1 DOWNLINK_STATUS 0 33 16197 717 3 644. 29. 1926.71
33.109 1 NAVIGATION_REF 348865 5945715 12
33.116 1 DESIRED -0.38 3.05 5.3 -64. 45. 660. 3. 12.
33.276 1 NAVIGATION 4 0 0. 0. 0. 0. 0 0
33.281 1 GPS 0 0 0 0 0 0 0 0 0 0 1
33.286 1 NAVIGATION 4 0 0. 0. 0. 0. 0 0
33.289 1 ATTITUDE 1.624144 -2.118556 -0.045812
33.415 1 ESTIMATOR 0. 0.
33.419 1 NAVIGATION 4 0 0. 0. 0. 0. 0 0
33.425 1 GPS 0 0 0 0 0 0 0 0 0 0 1
33.523 1 WP_MOVED 1 348865. 5945715. 660. 12
33.525 1 DL_VALUE 1 0.
33.726 1 FBW_STATUS 2 0 1 69 0
33.731 1 NAVIGATION 4 0 0. 0. 0. 0. 0 0
33.737 1 GPS 0 0 0 0 0 0 0 0 0 0 1
33.739 1 CALIBRATION -150. 0
33.742 1 COMMANDS 0,-9600,9600,0,0
33.745 1 ATTITUDE 1.623842 -2.119907 -0.045848
33.748 1 BAT 0 69 0 0 1 184 184 0
33.750 1 DOWNLINK 0 515 4507
33.920 1 ACTUATORS 1250,2000,1200,1200,1350
33.923 1 ESTIMATOR 0. 0.
33.926 1 IMU_GYRO -0.048828 0.008301 -0.010498
33.931 1 NAVIGATION 4 0 0. 0. 0. 0. 0 0
33.936 1 GPS 0 0 0 0 0 0 0 0 0 0 1
33.940 1 WP_MOVED 2 348895. 5945815. 660. 12
34.016 1 DOWNLINK_STATUS 0 34 16737 742 3 540. 25. 1926.71
34.050 1 CIRCLE 30. 100. 80.
34.057 1 DESIRED -0.38 3.05 5.3 -64. 45. 660. 3. 12.
34.059 1 GPS_SOL 0 0 0 0
34.204 1 NAVIGATION 4 0 0. 0. 0. 0. 0 0
34.210 1 GPS 0 0 0 0 0 0 0 0 0 0 1
34.214 1 NAVIGATION 4 0 0. 0. 0. 0. 0 0
34.334 1 ATTITUDE 1.6236 -2.121366 -0.04592
34.337 1 ESTIMATOR 0. 0.
34.340 1 ENERGY 6.9 0. 0 0.
34.492 1 NAVIGATION 4 0 0. 0. 0. 0. 0 0
34.497 1 GPS 0 0 0 0 0 0 0 0 0 0 1
34.501 1 WP_MOVED 3 348965.09375 5945786. 660. 12
34.505 1 ALIVE 68,131,82,62,107,91,253,215,84,227,222,103,105,244,126,103
34.629 1 PPRZ_MODE 2 3 3 2 0 6
34.634 1 NAVIGATION 4 0 0. 0. 0. 0. 0 0
34.640 1 GPS 0 0 0 0 0 0 0 0 0 0 1
34.734 1 ATTITUDE 1.623395 -2.122695 -0.045969
34.736 1 STATE_FILTER_STATUS 3 0
34.816 1 WIND_INFO 1 42 0. 0. 0.
34.891 1 ESTIMATOR 0. 0.
34.895 1 BAT 0 69 0 0 1 185 185 0
34.900 1 NAVIGATION 4 0 0. 0. 0. 0. 0 0
34.905 1 GPS 0 0 0 0 0 0 0 0 0 0 1
35.017 1 DOWNLINK_STATUS 0 35 17241 764 3 504. 22. 1926.71
35.328 1 WP_MOVED 4 348764.6875 5945795. 660. 12
35.331 1 IMU_GYRO -0.046631 0.008301 -0.010498
35.333 1 DL_VALUE 2 660.
35.336 1 CIRCLE 30. 100. 80.
35.343 1 DESIRED -0.38 3.05 5.3 -64. 45. 660. 3. 12.
35.494 1 NAVIGATION 4 0 0. 0. 0. 0. 0 0
35.501 1 GPS 0 0 0 0 0 0 0 0 0 0 1
35.504 1 NAVIGATION 4 0 0. 0. 0. 0. 0 0
35.507 1 ATTITUDE 1.623195 -2.124007 -0.046125
35.860 1 ESTIMATOR 0. 0.
35.864 1 NAVIGATION 4 0 0. 0. 0. 0. 0 0
35.870 1 GPS 0 0 0 0 0 0 0 0 0 0 1
35.959 1 WP_MOVED 5 348740. 5945760. 660. 12
36.018 1 DOWNLINK_STATUS 0 36 17542 777 3 301. 13. -3074.13
36.100 1 FBW_STATUS 2 0 1 69 0
36.104 1 NAVIGATION 4 0 0. 0. 0. 0. 0 0
36.110 1 GPS 0 0 0 0 0 0 0 0 0 0 1
36.239 1 ATTITUDE 1.622861 -2.125286 -0.046252
36.241 1 CALIBRATION -150. 0
36.243 1 ESTIMATOR 0. 0.
36.247 1 NAVIGATION 4 0 0. 0. 0. 0. 0 0
36.383 1 GPS 0 0 0 0 0 0 0 0 0 0 1
36.386 1 WP_MOVED 6 348665. 5945815. 660. 12
36.390 1 BAT 0 69 0 0 1 186 186 0
36.505 1 CIRCLE 30. 100. 80.
36.508 1 IMU_GYRO -0.049805 0.009521 -0.010498
36.511 1 GPS_SOL 0 0 0 0
36.701 1 NAVIGATION 4 0 0. 0. 0. 0. 0 0
36.707 1 GPS 0 0 0 0 0 0 0 0 0 0 1
36.712 1 NAVIGATION 4 0 0. 0. 0. 0. 0 0
36.718 1 DESIRED -0.38 3.05 5.3 -64. 45. 660. 3. 12.
36.721 1 ATTITUDE 1.62272 -2.126435 -0.04639
36.913 1 ESTIMATOR 0. 0.
36.917 1 NAVIGATION 4 0 0. 0. 0. 0. 0 0
36.923 1 GPS 0 0 0 0 0 0 0 0 0 0 1
36.927 1 WP_MOVED 7 349065. 5946015. 660. 12
36.928 1 DL_VALUE 3 0.
36.933 1 NAVIGATION 4 0 0. 0. 0. 0. 0 0
36.939 1 GPS 0 0 0 0 0 0 0 0 0 0 1
37.018 1 DOWNLINK_STATUS 0 37 18116 802 3 574. 25. -3074.13
37.058 1 ATTITUDE 1.622511 -2.127748 -0.046583
37.060 1 ESTIMATOR 0. 0.
37.064 1 ENERGY 6.9 0. 0 0.
37.068 1 NAVIGATION 4 0 0. 0. 0. 0. 0 0
37.348 1 GPS 0 0 0 0 0 0 0 0 0 0 1
37.351 1 WP_MOVED 8 349447.90625 5946767.5 660. 12
37.355 1 BAT 0 69 0 0 1 187 187 0
37.358 1 CIRCLE 30. 100. 80.
37.359 1 PONG 
37.366 1 NAVIGATION 4 0 0. 0. 0. 0. 0 0
37.369 1 GPS 0 0 0 0 0 0 0 0 0 0 1
37.374 1 NAVIGATION 4 0 0. 0. 0. 0. 0 0
37.377 1 IMU_GYRO -0.047852 0.008301 -0.010498
37.384 1 DESIRED -0.38 3.05 5.3 -64. 45. 660. 3. 12.
37.437 1 ATTITUDE 1.62241 -2.129087 -0.046672
37.439 1 ESTIMATOR 0. 0.
37.587 1 NAVIGATION 4 0 0. 0. 0. 0. 0 0
37.593 1 GPS 0 0 0 0 0 0 0 0 0 0 1
37.596 1 WP_MOVED 9 349369.3125 5945408. 660. 12
37.742 1 FBW_STATUS 2 0 1 69 0
37.746 1 NAVIGATION 4 0 0. 0. 0. 0. 0 0
37.752 1 GPS 0 0 0 0 0 0 0 0 0 0 1
37.755 1 ATTITUDE 1.622315 -2.130198 -0.046728
37.881 1 ESTIMATOR 0. 0.
37.883 1 CALIBRATION -150. 0
37.887 1 NAVIGATION 4 0 0. 0. 0. 0. 0 0
38.013 1 GPS 0 0 0 0 0 0 0 0 0 0 1
38.017 1 WP_MOVED 10 348852.40625 5945427. 660. 12
38.019 1 DL_VALUE 4 0.
38.019 1 DOWNLINK_STATUS 0 38 18751 831 3 635. 29. 1858.55
38.022 1 GPS_SOL 0 0 0 0
38.257 1 NAVIGATION 4 0 0. 0. 0. 0. 0 0
38.262 1 GPS 0 0 0 0 0 0 0 0 0 0 1
38.267 1 NAVIGATION 4 0 0. 0. 0. 0. 0 0
38.270 1 CIRCLE 30. 100. 80.
38.274 1 BAT 0 69 0 0 1 188 188 0
38.277 1 ATTITUDE 1.622164 -2.131249 -0.046741
38.283 1 DESIRED -0.38 3.05 5.3 -64. 45. 660. 3. 12.
38.287 1 IMU_GYRO -0.047852 0.008301 -0.010498
38.412 1 ESTIMATOR 0. 0.
38.417 1 NAVIGATION 4 0 0. 0. 0. 0. 0 0
38.422 1 GPS 0 0 0 0 0 0 0 0 0 0 1
38.426 1 WP_MOVED 11 348865. 5945714. 660. 12
38.558 1 NAVIGATION 4 0 0. 0. 0. 0. 0 0
38.564 1 GPS 0 0 0 0 0 0 0 0 0 0 1
38.566 1 COMMANDS 0,-9600,9600,0,0
38.666 1 ATTITUDE 1.622066 -2.13226 -0.046731
38.669 1 ACTUATORS 1250,2000,1200,1200,1350
38.831 1 ESTIMATOR 0. 0.
38.832 1 DOWNLINK 0 507 4622
38.837 1 NAVIGATION 4 0 0. 0. 0. 0. 0 0
38.845 1 GPS 0 0 0 0 0 0 0 0 0 0 1
38.847 1 WP_MOVED 12 348655.1875 5945715. 660. 12
38.936 1 NAVIGATION 4 0 0. 0. 0. 0. 0 0
39.019 1 DOWNLINK_STATUS 0 39 19300 855 3 549. 24. 1858.55
39.113 1 GPS 0 0 0 0 0 0 0 0 0 0 1
39.117 1 NAVIGATION 4 0 0. 0. 0. 0. 0 0
39.120 1 CIRCLE 30. 100. 80.
39.134 1 ATTITUDE 1.621928 -2.133381 -0.046818
39.134 1 BAT 0 69 0 0 1 189 189 0
39.315 1 DESIRED -0.38 3.05 5.3 -64. 45. 660. 3. 12.
39.318 1 ESTIMATOR 0. 0.
39.321 1 IMU_GYRO -0.047852 0.008301 -0.010498
39.324 1 ENERGY 6.9 0. 0 0.
39.329 1 NAVIGATION 4 0 0. 0. 0. 0. 0 0
39.335 1 GPS 0 0 0 0 0 0 0 0 0 0 1
39.497 1 WP_MOVED 13 348241.40625 5945665. 660. 12
39.499 1 DL_VALUE 5 0.
39.503 1 ALIVE 68,131,82,62,107,91,253,215,84,227,222,103,105,244,126,103
39.505 1 PPRZ_MODE 2 3 3 2 0 6
39.508 1 FBW_STATUS 2 0 1 69 0
39.512 1 NAVIGATION 4 0 0. 0. 0. 0. 0 0
39.609 1 GPS 0 0 0 0 0 0 0 0 0 0 1
39.612 1 ATTITUDE 1.621803 -2.134295 -0.046867
39.614 1 STATE_FILTER_STATUS 3 0
39.773 1 ESTIMATOR 0. 0.
39.778 1 NAVIGATION 4 0 0. 0. 0. 0. 0 0
39.783 1 GPS 0 0 0 0 0 0 0 0 0 0 1
39.787 1 WP_MOVED 14 348242.3125 5945836.5 660. 12
39.869 1 CALIBRATION -150. 0
39.871 1 GPS_SOL 0 0 0 0
40.020 1 DOWNLINK_STATUS 0 40 19853 881 3 553. 26. 1858.55
40.024 1 NAVIGATION 4 0 0. 0. 0. 0. 0 0
40.030 1 GPS 0 0 0 0 0 0 0 0 0 0 1
40.034 1 NAVIGATION 4 0 0. 0. 0. 0. 0 0
40.133 1 ATTITUDE 1.621675 -2.135234 -0.046922
40.137 1 CIRCLE 30. 100. 80.
40.351 1 ESTIMATOR 0. 0.
40.358 1 DESIRED -0.38 3.05 5.3 -64. 45. 660. 3. 12.
40.362 1 BAT 0 69 0 0 1 190 190 0
40.366 1 NAVIGATION 4 0 0. 0. 0. 0. 0 0
40.372 1 GPS 0 0 0 0 0 0 0 0 0 0 1
40.375 1 WP_MOVED 15 348610.09375 5946017. 660. 12
40.378 1 IMU_GYRO -0.047852 0.008301 -0.009521
40.483 1 NAVIGATION 4 0 0. 0. 0. 0. 0 0
40.489 1 GPS 0 0 0 0 0 0 0 0 0 0 1
40.611 1 ATTITUDE 1.621559 -2.136212 -0.047047
40.613 1 ESTIMATOR 0. 0.
40.617 1 NAVIGATION 4 0 0. 0. 0. 0. 0 0
41.021 1 DOWNLINK_STATUS 0 41 20261 898 3 408. 17. -3140.91
41.184 1 GPS 0 0 0 0 0 0 0 0 0 0 1
41.188 1 WP_MOVED 16 348775.09375 5946191. 660. 12
41.190 1 DL_VALUE 6 80.
41.334 1 NAVIGATION 4 0 0. 0. 0. 0. 0 0
41.339 1 GPS 0 0 0 0 0 0 0 0 0 0 1
41.344 1 NAVIGATION 4 0 0. 0. 0. 0. 0 0
41.429 1 ATTITUDE 1.621541 -2.137026 -0.046929
41.615 1 CIRCLE 30. 100. 80.
41.617 1 ESTIMATOR 0. 0.
41.622 1 NAVIGATION 4 0 0. 0. 0. 0. 0 0
41.633 1 GPS 0 0 0 0 0 0 0 0 0 0 1
41.634 1 DESIRED -0.38 3.05 5.3 -64. 45. 660. 3. 12.
41.730 1 WP_MOVED 17 348944.6875 5946570. 660. 12
41.734 1 BAT 0 69 0 0 1 191 191 0
41.887 1 IMU_GYRO -0.049805 0.009521 -0.010498
41.891 1 NAVIGATION 4 0 0. 0. 0. 0. 0 0
41.894 1 FBW_STATUS 2 0 1 69 0
41.900 1 GPS 0 0 0 0 0 0 0 0 0 0 1
42.009 1 ATTITUDE 1.6214 -2.137962 -0.046989
42.011 1 ESTIMATOR 0. 0.
42.015 1 ENERGY 6.9 0. 0 0.
42.022 1 DOWNLINK_STATUS 0 42 20742 919 3 481. 21. -3140.91
42.168 1 NAVIGATION 4 0 0. 0. 0. 0. 0 0
42.174 1 GPS 0 0 0 0 0 0 0 0 0 0 1
42.177 1 WP_MOVED 18 348975. 5946791.5 660. 12
42.180 1 NAVIGATION_REF 348865 5945715 12
42.292 1 GPS_SOL 0 0 0 0
42.293 1 CALIBRATION -150. 0
42.298 1 NAVIGATION 4 0 0. 0. 0. 0. 0 0
42.582 1 GPS 0 0 0 0 0 0 0 0 0 0 1
42.586 1 NAVIGATION 4 0 0. 0. 0. 0. 0 0
42.589 1 ATTITUDE 1.621292 -2.138924 -0.047007
42.591 1 ESTIMATOR 0. 0.
42.594 1 CIRCLE 30. 100. 80.
42.600 1 NAVIGATION 4 0 0. 0. 0. 0. 0 0
42.605 1 GPS 0 0 0 0 0 0 0 0 0 0 1
42.605 1 PONG 
42.609 1 WP_MOVED 0 348907. 5945757. 660. 12
42.616 1 DESIRED -0.38 3.05 5.3 -64. 45. 660. 3. 12.
42.617 1 DL_VALUE 7 2.
42.727 1 BAT 0 69 0 0 1 192 192 0
42.731 1 NAVIGATION 4 0 0. 0. 0. 0. 0 0
42.737 1 GPS 0 0 0 0 0 0 0 0 0 0 1
42.740 1 IMU_GYRO -0.047852 0.008301 -0.010498
42.826 1 ATTITUDE 1.621265 -2.139929 -0.047038
42.982 1 ESTIMATOR 0. 0.
42.986 1 NAVIGATION 4 0 0. 0. 0. 0. 0 0
42.992 1 GPS 0 0 0 0 0 0 0 0 0 0 1
42.996 1 WP_MOVED 1 348865. 5945715. 660. 12
43.022 1 DOWNLINK_STATUS 0 43 21342 946 3 600. 27. 2105.5
43.149 1 NAVIGATION 4 0 0. 0. 0. 0. 0 0
43.154 1 GPS 0 0 0 0 0 0 0 0 0 0 1
43.159 1 NAVIGATION 4 0 0. 0. 0. 0. 0 0
43.162 1 ATTITUDE 1.621202 -2.140772 -0.047088
43.298 1 ESTIMATOR 0. 0.
43.302 1 NAVIGATION 4 0 0. 0. 0. 0. 0 0
43.308 1 GPS 0 0 0 0 0 0 0 0 0 0 1
43.430 1 CIRCLE 30. 100. 80.
43.434 1 WP_MOVED 2 348895. 5945815. 660. 12
43.440 1 DESIRED -0.38 3.05 5.3 -64. 45. 660. 3. 12.
43.591 1 FBW_STATUS 2 0 1 69 0
43.595 1 NAVIGATION 4 0 0. 0. 0. 0. 0 0
43.601 1 GPS 0 0 0 0 0 0 0 0 0 0 1
43.605 1 BAT 0 69 0 0 1 194 194 0
43.822 1 COMMANDS 0,-9600,9600,0,0
43.825 1 ATTITUDE 1.621276 -2.141593 -0.047088
43.828 1 IMU_GYRO -0.047852 0.009521 -0.010498
43.831 1 ACTUATORS 1250,2000,1200,1200,1350
43.833 1 ESTIMATOR 0. 0.
43.838 1 NAVIGATION 4 0 0. 0. 0. 0. 0 0
43.844 1 GPS 0 0 0 0 0 0 0 0 0 0 1
43.847 1 WP_MOVED 3 348965.09375 5945786. 660. 12
43.849 1 DL_VALUE 8 0.
43.851 1 DOWNLINK 0 525 4741
43.918 1 GPS_SOL 0 0 0 0
44.023 1 DOWNLINK_STATUS 0 44 21891 971 3 549. 25. 2105.5
44.079 1 NAVIGATION 4 0 0. 0. 0. 0. 0 0
44.085 1 GPS 0 0 0 0 0 0 0 0 0 0 1
44.089 1 NAVIGATION 4 0 0. 0. 0. 0. 0 0
44.091 1 CALIBRATION -150. 0
44.202 1 ATTITUDE 1.621339 -2.142413 -0.047175
44.203 1 ESTIMATOR 0. 0.
44.207 1 ENERGY 6.9 0. 0 0.
44.382 1 NAVIGATION 4 0 0. 0. 0. 0. 0 0
44.388 1 GPS 0 0 0 0 0 0 0 0 0 0 1
44.391 1 WP_MOVED 4 348764.6875 5945795. 660. 12
44.394 1 CIRCLE 30. 100. 80.
44.398 1 ALIVE 68,131,82,62,107,91,253,215,84,227,222,103,105,244,126,103
44.554 1 DESIRED -0.38 3.05 5.3 -64. 45. 660. 3. 12.
44.555 1 PPRZ_MODE 2 3 3 2 0 6
44.561 1 NAVIGATION 4 0 0. 0. 0. 0. 0 0
44.567 1 GPS 0 0 0 0 0 0 0 0 0 0 1
44.672 1 ATTITUDE 1.621304 -2.143233 -0.047239
44.674 1 BAT 0 69 0 0 1 195 195 0
44.676 1 STATE_FILTER_STATUS 3 0
44.817 1 WIND_INFO 1 42 0. 0. 0.
44.841 1 ESTIMATOR 0. 0.
44.844 1 IMU_GYRO -0.047852 0.009521 -0.010498
44.849 1 NAVIGATION 4 0 0. 0. 0. 0. 0 0
44.855 1 GPS 0 0 0 0 0 0 0 0 0 0 1
44.858 1 WP_MOVED 5 348740. 5945760. 660. 12
45.023 1 DOWNLINK_STATUS 0 45 22427 995 3 536. 24. 2105.5
45.264 1 NAVIGATION 4 0 0. 0. 0. 0. 0 0
45.269 1 GPS 0 0 0 0 0 0 0 0 0 0 1
45.274 1 NAVIGATION 4 0 0. 0. 0. 0. 0 0
45.359 1 ATTITUDE 1.621308 -2.143835 -0.047324
45.525 1 ESTIMATOR 0. 0.
45.529 1 NAVIGATION 4 0 0. 0. 0. 0. 0 0
45.535 1 GPS 0 0 0 0 0 0 0 0 0 0 1
45.538 1 WP_MOVED 6 348665. 5945815. 660. 12
45.540 1 DL_VALUE 9 1.
45.761 1 CIRCLE 30. 100. 80.
46.024 1 DOWNLINK_STATUS 0 46 22652 1005 3 225. 10. -2895.15
46.229 1 DESIRED -0.38 3.05 5.3 -64. 45. 660. 3. 12.
46.231 1 FBW_STATUS 2 0 1 69 0
46.236 1 NAVIGATION 4 0 0. 0. 0. 0. 0 0
46.242 1 GPS 0 0 0 0 0 0 0 0 0 0 1
46.244 1 ATTITUDE 1.621242 -2.144482 -0.047286
46.383 1 ESTIMATOR 0. 0.
46.387 1 BAT 0 69 0 0 1 196 196 0
46.391 1 NAVIGATION 4 0 0. 0. 0. 0. 0 0
46.397 1 GPS 0 0 0 0 0 0 0 0 0 0 1
46.509 1 WP_MOVED 7 349065. 5946015. 660. 12
46.513 1 IMU_GYRO -0.047852 0.007324 -0.010498
46.516 1 GPS_SOL 0 0 0 0
46.661 1 NAVIGATION 4 0 0. 0. 0. 0. 0 0
46.667 1 GPS 0 0 0 0 0 0 0 0 0 0 1
46.671 1 NAVIGATION 4 0 0. 0. 0. 0. 0 0
46.797 1 ATTITUDE 1.621221 -2.145197 -0.047349
46.799 1 CALIBRATION -150. 0
46.802 1 ESTIMATOR 0. 0.
46.806 1 NAVIGATION 4 0 0. 0. 0. 0. 0 0
47.014 1 GPS 0 0 0 0 0 0 0 0 0 0 1
47.017 1 WP_MOVED 8 349447.90625 5946767.5 660. 12
47.021 1 CIRCLE 30. 100. 80.
47.024 1 DOWNLINK_STATUS 0 47 23156 1027 3 504. 22. -2895.15
47.025 1 NAVIGATION 4 0 0. 0. 0. 0. 0 0
47.031 1 GPS 0 0 0 0 0 0 0 0 0 0 1
47.109 1 DESIRED -0.38 3.05 5.3 -64. 45. 660. 3. 12.
47.112 1 ATTITUDE 1.62124 -2.146105 -0.04749
47.267 1 ESTIMATOR 0. 0.
47.271 1 ENERGY 6.9 0. 0 0.
47.275 1 NAVIGATION 4 0 0. 0. 0. 0. 0 0
47.281 1 GPS 0 0 0 0 0 0 0 0 0 0 1
47.470 1 WP_MOVED 9 349369.3125 5945408. 660. 12
47.474 1 BAT 0 69 0 0 1 197 197 0
47.476 1 DL_VALUE 10 0.
47.479 1 IMU_GYRO -0.047852 0.008301 -0.010498
47.484 1 NAVIGATION 4 0 0. 0. 0. 0. 0 0
47.489 1 GPS 0 0 0 0 0 0 0 0 0 0 1
47.663 1 NAVIGATION 4 0 0. 0. 0. 0. 0 0
47.666 1 ATTITUDE 1.621227 -2.146771 -0.047437
47.668 1 ESTIMATOR 0. 0.
47.673 1 NAVIGATION 4 0 0. 0. 0. 0. 0 0
47.679 1 GPS 0 0 0 0 0 0 0 0 0 0 1
47.680 1 PONG 
47.683 1 WP_MOVED 10 348852.40625 5945427. 660. 12
47.686 1 CIRCLE 30. 100. 80.
47.851 1 FBW_STATUS 2 0 1 69 0
47.856 1 NAVIGATION 4 0 0. 0. 0. 0. 0 0
47.862 1 GPS 0 0 0 0 0 0 0 0 0 0 1
47.868 1 DESIRED -0.38 3.05 5.3 -64. 45. 660. 3. 12.
47.871 1 ATTITUDE 1.621248 -2.147475 -0.047528
47.993 1 ESTIMATOR 0. 0.
47.997 1 NAVIGATION 4 0 0. 0. 0. 0. 0 0
48.003 1 GPS 0 0 0 0 0 0 0 0 0 0 1
48.024 1 DOWNLINK_STATUS 0 48 23857 1057 3 701. 30. 2179.09
48.122 1 WP_MOVED 11 348865. 5945714. 660. 12
48.126 1 BAT 0 69 0 0 1 198 198 0
48.129 1 GPS_SOL 0 0 0 0
48.288 1 NAVIGATION 4 0 0. 0. 0. 0. 0 0
48.294 1 GPS 0 0 0 0 0 0 0 0 0 0 1
48.298 1 NAVIGATION 4 0 0. 0. 0. 0. 0 0
48.301 1 IMU_GYRO -0.048828 0.009521 -0.010498
48.449 1 ATTITUDE 1.621323 -2.14816 -0.047647
48.453 1 ESTIMATOR 0. 0.
48.454 1 CALIBRATION -150. 0
48.458 1 NAVIGATION 4 0 0. 0. 0. 0. 0 0
48.464 1 GPS 0 0 0 0 0 0 0 0 0 0 1
48.557 1 WP_MOVED 12 348655.1875 5945715. 660. 12
48.559 1 DL_VALUE 0 0.
48.702 1 NAVIGATION 4 0 0. 0. 0. 0. 0 0
48.708 1 GPS 0 0 0 0 0 0 0 0 0 0 1
48.711 1 CIRCLE 30. 100. 80.
48.866 1 COMMANDS 0,-9600,9600,0,0
48.869 1 ATTITUDE 1.621207 -2.148728 -0.04764
48.876 1 DESIRED -0.38 3.05 5.3 -64. 45. 660. 3. 12.
48.879 1 ACTUATORS 1250,2000,1200,1200,1350
48.881 1 ESTIMATOR 0. 0.
49.022 1 NAVIGATION 4 0 0. 0. 0. 0. 0 0
49.025 1 DOWNLINK_STATUS 0 49 24358 1080 3 501. 23. 2179.09
49.028 1 GPS 0 0 0 0 0 0 0 0 0 0 1
49.032 1 WP_MOVED 13 348241.40625 5945665. 660. 12
49.034 1 DOWNLINK 0 499 4854
49.193 1 NAVIGATION 4 0 0. 0. 0. 0. 0 0
49.199 1 GPS 0 0 0 0 0 0 0 0 0 0 1
49.203 1 NAVIGATION 4 0 0. 0. 0. 0. 0 0
49.207 1 BAT 0 69 0 0 1 199 199 0
49.346 1 ATTITUDE 1.621206 -2.149187 -0.047588
49.349 1 IMU_GYRO -0.048828 0.009521 -0.010498
49.351 1 ESTIMATOR 0. 0.
49.355 1 ENERGY 6.9 0. 0 0.
49.359 1 NAVIGATION 4 0 0. 0. 0. 0. 0 0
49.492 1 GPS 0 0 0 0 0 0 0 0 0 0 1
49.496 1 WP_MOVED 14 348242.3125 5945836.5 660. 12
49.500 1 ALIVE 68,131,82,62,107,91,253,215,84,227,222,103,105,244,126,103
49.648 1 PPRZ_MODE 2 3 3 2 0 6
49.648 1 FBW_STATUS 2 0 1 69 0
49.648 1 NAVIGATION 4 0 0. 0. 0. 0. 0 0
49.653 1 GPS 0 0 0 0 0 0 0 0 0 0 1
49.790 1 CIRCLE 30. 100. 80.
49.793 1 ATTITUDE 1.621251 -2.149816 -0.047609
49.795 1 STATE_FILTER_STATUS 3 0
49.801 1 DESIRED -0.38 3.05 5.3 -64. 45. 660. 3. 12.
49.955 1 ESTIMATOR 0. 0.
49.960 1 NAVIGATION 4 0 0. 0. 0. 0. 0 0
49.965 1 GPS 0 0 0 0 0 0 0 0 0 0 1
49.969 1 WP_MOVED 15 348610.09375 5946017. 660. 12
49.971 1 DL_VALUE 1 0.
50.026 1 DOWNLINK_STATUS 0 50 24973 1108 3 615. 28. 2179.09
50.052 1 GPS_SOL 0 0 0 0
50.235 1 NAVIGATION 4 0 0. 0. 0. 0. 0 0
50.241 1 GPS 0 0 0 0 0 0 0 0 0 0 1
50.246 1 NAVIGATION 4 0 0. 0. 0. 0. 0 0
50.248 1 ATTITUDE 1.621243 -2.150413 -0.047574
50.251 1 BAT 0 69 0 0 1 200 200 0
50.389 1 ESTIMATOR 0. 0.
50.391 1 IMU_GYRO -0.048828 0.009521 -0.010498
50.396 1 NAVIGATION 4 0 0. 0. 0. 0. 0 0
50.402 1 GPS 0 0 0 0 0 0 0 0 0 0 1
50.496 1 WP_MOVED 16 348775.09375 5946191. 660. 12
50.497 1 CALIBRATION -150. 0
50.627 1 NAVIGATION 4 0 0. 0. 0. 0. 0 0
50.633 1 GPS 0 0 0 0 0 0 0 0 0 0 1
51.027 1 DOWNLINK_STATUS 0 51 25295 1122 3 322. 14. -2821.08
51.047 1 ATTITUDE 1.621199 -2.150999 -0.047567
51.050 1 CIRCLE 30. 100. 80.
51.052 1 ESTIMATOR 0. 0.
51.059 1 DESIRED -0.38 3.05 5.3 -64. 45. 660. 3. 12.
51.063 1 NAVIGATION 4 0 0. 0. 0. 0. 0 0
51.186 1 GPS 0 0 0 0 0 0 0 0 0 0 1
51.189 1 WP_MOVED 17 348944.6875 5946570. 660. 12
51.192 1 NAVIGATION_REF 348865 5945715 12
51.335 1 NAVIGATION 4 0 0. 0. 0. 0. 0 0
51.341 1 GPS 0 0 0 0 0 0 0 0 0 0 1
51.345 1 NAVIGATION 4 0 0. 0. 0. 0. 0 0
51.451 1 ATTITUDE 1.621338 -2.151665 -0.047621
51.454 1 ESTIMATOR 0. 0.
51.592 1 BAT 0 69 0 0 1 201 201 0
51.596 1 NAVIGATION 4 0 0. 0. 0. 0. 0 0
51.602 1 GPS 0 0 0 0 0 0 0 0 0 0 1
51.710 1 WP_MOVED 18 348975. 5946791.5 660. 12
51.713 1 IMU_GYRO -0.047852 0.008301 -0.010498
51.715 1 DL_VALUE 2 660.
51.866 1 FBW_STATUS 2 0 1 69 0
51.870 1 NAVIGATION 4 0 0. 0. 0. 0. 0 0
51.876 1 GPS 0 0 0 0 0 0 0 0 0 0 1
51.879 1 ATTITUDE 1.621289 -2.152163 -0.04777
52.011 1 CIRCLE 30. 100. 80.
52.014 1 ESTIMATOR 0. 0.
52.017 1 ENERGY 6.9 0. 0 0.
52.022 1 NAVIGATION 4 0 0. 0. 0. 0. 0 0
52.028 1 DOWNLINK_STATUS 0 52 25893 1149 3 598. 27. -2821.08
52.168 1 GPS 0 0 0 0 0 0 0 0 0 0 1
52.175 1 DESIRED -0.38 3.05 5.3 -64. 45. 660. 3. 12.
52.179 1 WP_MOVED 0 348907. 5945757. 660. 12
52.406 1 GPS_SOL 0 0 0 0
52.412 1 NAVIGATION 4 0 0. 0. 0. 0. 0 0
52.417 1 GPS 0 0 0 0 0 0 0 0 0 0 1
52.421 1 NAVIGATION 4 0 0. 0. 0. 0. 0 0
52.424 1 ATTITUDE 1.621327 -2.152693 -0.047805
52.425 1 PONG 
52.429 1 ESTIMATOR 0. 0.
52.433 1 NAVIGATION 4 0 0. 0. 0. 0. 0 0
52.438 1 GPS 0 0 0 0 0 0 0 0 0 0 1
52.547 1 WP_MOVED 1 348865. 5945715. 660. 12
52.549 1 BAT 0 69 0 0 1 202 202 0
52.552 1 IMU_GYRO -0.046631 0.009521 -0.010498
52.554 1 CALIBRATION -150. 0
52.676 1 NAVIGATION 4 0 0. 0. 0. 0. 0 0
52.682 1 GPS 0 0 0 0 0 0 0 0 0 0 1
52.775 1 ATTITUDE 1.621499 -2.153261 -0.048016
52.981 1 ESTIMATOR 0. 0.
52.984 1 CIRCLE 30. 100. 80.
52.989 1 NAVIGATION 4 0 0. 0. 0. 0. 0 0
52.994 1 GPS 0 0 0 0 0 0 0 0 0 0 1
52.998 1 WP_MOVED 2 348895. 5945815. 660. 12
53.004 1 DESIRED -0.38 3.05 5.3 -64. 45. 660. 3. 12.
53.006 1 DL_VALUE 3 0.
53.029 1 DOWNLINK_STATUS 0 53 26490 1175 3 597. 26. 1924.62
53.150 1 NAVIGATION 4 0 0. 0. 0. 0. 0 0
53.154 1 GPS 0 0 0 0 0 0 0 0 0 0 1
53.159 1 NAVIGATION 4 0 0. 0. 0. 0. 0 0
53.162 1 ATTITUDE 1.621432 -2.153803 -0.048009
53.287 1 ESTIMATOR 0. 0.
53.292 1 NAVIGATION 4 0 0. 0. 0. 0. 0 0
53.297 1 GPS 0 0 0 0 0 0 0 0 0 0 1
53.404 1 WP_MOVED 3 348965.09375 5945786. 660. 12
53.408 1 BAT 0 69 0 0 1 203 203 0
53.588 1 FBW_STATUS 2 0 1 69 0
53.592 1 NAVIGATION 4 0 0. 0. 0. 0. 0 0
53.598 1 GPS 0 0 0 0 0 0 0 0 0 0 1
53.601 1 IMU_GYRO -0.049805 0.008301 -0.011475
53.604 1 COMMANDS 0,-9600,9600,0,0
53.607 1 ATTITUDE 1.621474 -2.154264 -0.048151
53.757 1 ACTUATORS 1250,2000,1200,1200,1350
53.760 1 ESTIMATOR 0. 0.
53.764 1 NAVIGATION 4 0 0. 0. 0. 0. 0 0
53.770 1 GPS 0 0 0 0 0 0 0 0 0 0 1
53.773 1 CIRCLE 30. 100. 80.
53.901 1 WP_MOVED 4 348764.6875 5945795. 660. 12
53.907 1 DESIRED -0.38 3.05 5.3 -64. 45. 660. 3. 12.
53.910 1 GPS_SOL 0 0 0 0
54.030 1 DOWNLINK_STATUS 0 54 27017 1198 3 527. 23. 1924.62
54.061 1 NAVIGATION 4 0 0. 0. 0. 0. 0 0
54.067 1 GPS 0 0 0 0 0 0 0 0 0 0 1
54.071 1 NAVIGATION 4 0 0. 0. 0. 0. 0 0
54.072 1 DOWNLINK 0 527 4973
54.183 1 ATTITUDE 1.621441 -2.154926 -0.048246
54.186 1 ESTIMATOR 0. 0.
54.189 1 ENERGY 6.9 0. 0 0.
54.358 1 NAVIGATION 4 0 0. 0. 0. 0. 0 0
54.364 1 GPS 0 0 0 0 0 0 0 0 0 0 1
54.368 1 WP_MOVED 5 348740. 5945760. 660. 12
54.369 1 DL_VALUE 4 0.
54.374 1 ALIVE 68,131,82,62,107,91,253,215,84,227,222,103,105,244,126,103
54.520 1 PPRZ_MODE 2 3 3 2 0 6
54.525 1 NAVIGATION 4 0 0. 0. 0. 0. 0 0
54.531 1 GPS 0 0 0 0 0 0 0 0 0 0 1
54.534 1 BAT 0 69 0 0 1 205 205 0
54.535 1 CALIBRATION -150. 0
54.654 1 ATTITUDE 1.621409 -2.155545 -0.048204
54.654 1 IMU_GYRO -0.046631 0.009521 -0.010498
54.654 1 STATE_FILTER_STATUS 3 0
54.810 1 ESTIMATOR 0. 0.
54.814 1 NAVIGATION 4 0 0. 0. 0. 0. 0 0
54.817 1 WIND_INFO 1 42 0. 0. 0.
54.820 1 GPS 0 0 0 0 0 0 0 0 0 0 1
54.824 1 WP_MOVED 6 348665. 5945815. 660. 12
54.827 1 CIRCLE 30. 100. 80.
55.030 1 DOWNLINK_STATUS 0 55 27537 1223 3 520. 25. 1924.62
55.229 1 DESIRED -0.38 3.05 5.3 -64. 45. 660. 3. 12.
55.234 1 NAVIGATION 4 0 0. 0. 0. 0. 0 0
55.239 1 GPS 0 0 0 0 0 0 0 0 0 0 1
55.338 1 NAVIGATION 4 0 0. 0. 0. 0. 0 0
55.341 1 ATTITUDE 1.621426 -2.155898 -0.048295
55.494 1 ESTIMATOR 0. 0.
55.498 1 NAVIGATION 4 0 0. 0. 0. 0. 0 0
55.504 1 GPS 0 0 0 0 0 0 0 0 0 0 1
55.508 1 WP_MOVED 7 349065. 5946015. 660. 12
55.666 1 NAVIGATION 4 0 0. 0. 0. 0. 0 0
55.669 1 FBW_STATUS 2 0 1 69 0
55.675 1 GPS 0 0 0 0 0 0 0 0 0 0 1
55.679 1 ATTITUDE 1.62159 -2.156291 -0.04832
56.031 1 DOWNLINK_STATUS 0 56 27863 1236 3 326. 13. -3076.09
56.239 1 BAT 0 69 0 0 1 206 206 0
56.242 1 ESTIMATOR 0. 0.
56.246 1 IMU_GYRO -0.047852 0.009521 -0.010498
56.250 1 NAVIGATION 4 0 0. 0. 0. 0. 0 0
56.255 1 GPS 0 0 0 0 0 0 0 0 0 0 1
56.520 1 WP_MOVED 8 349447.90625 5946767.5 660. 12
56.522 1 DL_VALUE 5 0.
56.527 1 CIRCLE 30. 100. 80.
56.715 1 GPS_SOL 0 0 0 0
56.721 1 DESIRED -0.38 3.05 5.3 -64. 45. 660. 3. 12.
56.726 1 NAVIGATION 4 0 0. 0. 0. 0. 0 0
56.732 1 GPS 0 0 0 0 0 0 0 0 0 0 1
56.736 1 NAVIGATION 4 0 0. 0. 0. 0. 0 0
56.967 1 ATTITUDE 1.621663 -2.15678 -0.048306
56.969 1 ESTIMATOR 0. 0.
57.032 1 DOWNLINK_STATUS 0 57 28196 1251 3 333. 15. -3076.09
57.328 1 NAVIGATION 4 0 0. 0. 0. 0. 0 0
57.334 1 GPS 0 0 0 0 0 0 0 0 0 0 1
57.337 1 WP_MOVED 9 349369.3125 5945408. 660. 12
57.623 1 NAVIGATION 4 0 0. 0. 0. 0. 0 0
57.629 1 GPS 0 0 0 0 0 0 0 0 0 0 1
57.792 1 ATTITUDE 1.621626 -2.157366 -0.048181
57.794 1 CALIBRATION -150. 0
57.797 1 ESTIMATOR 0. 0.
57.800 1 BAT 0 69 0 0 1 207 207 0
57.804 1 ENERGY 6.9 0. 0 0.
57.808 1 NAVIGATION 4 0 0. 0. 0. 0. 0 0
58.033 1 DOWNLINK_STATUS 0 58 28444 1262 3 248. 11. -3076.09
58.428 1 GPS 0 0 0 0 0 0 0 0 0 0 1
58.431 1 WP_MOVED 10 348852.40625 5945427. 660. 12
58.435 1 IMU_GYRO -0.048828 0.009521 -0.010498
58.437 1 CIRCLE 30. 100. 80.
58.824 1 NAVIGATION 4 0 0. 0. 0. 0. 0 0
58.829 1 GPS 0 0 0 0 0 0 0 0 0 0 1
58.834 1 NAVIGATION 4 0 0. 0. 0. 0. 0 0
58.840 1 DESIRED -0.38 3.05 5.3 -64. 45. 660. 3. 12.
59.033 1 DOWNLINK_STATUS 0 59 28656 1270 3 212. 8. -3076.09
59.317 1 ATTITUDE 1.621595 -2.157798 -0.048006
59.319 1 ESTIMATOR 0. 0.
59.324 1 NAVIGATION 4 0 0. 0. 0. 0. 0 0
59.329 1 GPS 0 0 0 0 0 0 0 0 0 0 1
59.333 1 WP_MOVED 11 348865. 5945714. 660. 12
59.335 1 DL_VALUE 6 80.
59.337 1 FBW_STATUS 2 0 1 69 0
59.342 1 NAVIGATION 4 0 0. 0. 0. 0. 0 0
59.501 1 GPS 0 0 0 0 0 0 0 0 0 0 1
59.504 1 ATTITUDE 1.62165 -2.158381 -0.048028
59.506 1 ESTIMATOR 0. 0.
59.511 1 NAVIGATION 4 0 0. 0. 0. 0. 0 0
59.516 1 GPS 0 0 0 0 0 0 0 0 0 0 1
59.656 1 WP_MOVED 12 348655.1875 5945715. 660. 12
59.659 1 BAT 0 69 0 0 1 208 208 0
59.662 1 IMU_GYRO -0.051025 0.008301 -0.010498
59.665 1 GPS_SOL 0 0 0 0
59.668 1 CIRCLE 30. 100. 80.
59.863 1 NAVIGATION 4 0 0. 0. 0. 0. 0 0
59.869 1 GPS 0 0 0 0 0 0 0 0 0 0 1
59.873 1 NAVIGATION 4 0 0. 0. 0. 0. 0 0
59.880 1 DESIRED -0.38 3.05 5.3 -64. 45. 660. 3. 12.
59.883 1 ATTITUDE 1.621555 -2.158955 -0.047906
59.886 1 ESTIMATOR 0. 0.
60.034 1 DOWNLINK_STATUS 0 60 29192 1294 3 536. 24. -3076.09
60.056 1 NAVIGATION 4 0 0. 0. 0. 0. 0 0
60.062 1 GPS 0 0 0 0 0 0 0 0 0 0 1
60.065 1 WP_MOVED 13 348241.40625 5945665. 660. 12
60.070 1 NAVIGATION 4 0 0. 0. 0. 0. 0 0
60.075 1 GPS 0 0 0 0 0 0 0 0 0 0 1
60.269 1 COMMANDS 0,-9600,9600,0,0
60.273 1 ATTITUDE 1.621588 -2.159569 -0.047722
60.276 1 ACTUATORS 1250,2000,1200,1200,1350
60.278 1 ESTIMATOR 0. 0.
60.280 1 CALIBRATION -150. 0
60.285 1 NAVIGATION 4 0 0. 0. 0. 0. 0 0
60.291 1 GPS 0 0 0 0 0 0 0 0 0 0 1
60.295 1 WP_MOVED 14 348242.3125 5945836.5 660. 12
60.295 1 DL_VALUE 7 2.
60.467 1 BAT 0 69 0 0 1 209 209 0
60.472 1 NAVIGATION 4 0 0. 0. 0. 0. 0 0
60.477 1 GPS 0 0 0 0 0 0 0 0 0 0 1
60.481 1 NAVIGATION 4 0 0. 0. 0. 0. 0 0
60.484 1 CIRCLE 30. 100. 80.
60.488 1 IMU_GYRO -0.047852 0.007324 -0.010498
60.754 1 ATTITUDE 1.621755 -2.160022 -0.047648
60.761 1 DESIRED -0.38 3.05 5.3 -64. 45. 660. 3. 12.
60.762 1 DOWNLINK 0 508 5088
60.765 1 ESTIMATOR 0. 0.
60.768 1 ENERGY 6.9 0. 0 0.
60.773 1 NAVIGATION 4 0 0. 0. 0. 0. 0 0
60.778 1 GPS 0 0 0 0 0 0 0 0 0 0 1
60.782 1 WP_MOVED 15 348610.09375 5946017. 660. 12
60.786 1 ALIVE 68,131,82,62,107,91,253,215,84,227,222,103,105,244,126,103
60.788 1 PPRZ_MODE 2 3 3 2 0 6
60.793 1 NAVIGATION 4 0 0. 0. 0. 0. 0 0
60.795 1 FBW_STATUS 2 0 1 69 0
61.034 1 DOWNLINK_STATUS 0 61 29895 1326 3 703. 32. -8076.43
61.447 1 GPS 0 0 0 0 0 0 0 0 0 0 1
61.450 1 ATTITUDE 1.621674 -2.160598 -0.047521
61.452 1 STATE_FILTER_STATUS 3 0
61.454 1 ESTIMATOR 0. 0.
61.459 1 NAVIGATION 4 0 0. 0. 0. 0. 0 0
61.464 1 GPS 0 0 0 0 0 0 0 0 0 0 1
61.468 1 WP_MOVED 16 348775.09375 5946191. 660. 12
61.471 1 NAVIGATION_REF 348865 5945715 12
61.474 1 GPS_SOL 0 0 0 0
61.478 1 NAVIGATION 4 0 0. 0. 0. 0. 0 0
61.484 1 GPS 0 0 0 0 0 0 0 0 0 0 1
61.731 1 NAVIGATION 4 0 0. 0. 0. 0. 0 0
61.735 1 BAT 0 69 0 0 1 210 210 0
61.738 1 CIRCLE 30. 100. 80.
61.741 1 ATTITUDE 1.621673 -2.161155 -0.047392
61.744 1 IMU_GYRO -0.048828 0.008301 -0.010498
61.751 1 DESIRED -0.38 3.05 5.3 -64. 45. 660. 3. 12.
61.753 1 ESTIMATOR 0. 0.
61.758 1 NAVIGATION 4 0 0. 0. 0. 0. 0 0
61.764 1 GPS 0 0 0 0 0 0 0 0 0 0 1
61.767 1 WP_MOVED 17 348944.6875 5946570. 660. 12
61.769 1 DL_VALUE 8 0.
61.885 1 NAVIGATION 4 0 0. 0. 0. 0. 0 0
61.891 1 GPS 0 0 0 0 0 0 0 0 0 0 1
61.894 1 ATTITUDE 1.621535 -2.161578 -0.047342
61.897 1 ESTIMATOR 0. 0.
61.901 1 NAVIGATION 4 0 0. 0. 0. 0. 0 0
62.025 1 GPS 0 0 0 0 0 0 0 0 0 0 1
62.028 1 WP_MOVED 18 348975. 5946791.5 660. 12
62.030 1 CALIBRATION -150. 0
62.034 1 DOWNLINK_STATUS 0 62 30563 1356 3 668. 30. -8076.43
62.219 1 NAVIGATION 4 0 0. 0. 0. 0. 0 0
62.225 1 GPS 0 0 0 0 0 0 0 0 0 0 1
62.229 1 NAVIGATION 4 0 0. 0. 0. 0. 0 0
62.232 1 ATTITUDE 1.621625 -2.161882 -0.047199
62.235 1 CIRCLE 30. 100. 80.
62.240 1 BAT 0 69 0 0 1 211 211 0
62.418 1 ESTIMATOR 0. 0.
62.426 1 DESIRED -0.38 3.05 5.3 -64. 45. 660. 3. 12.
62.428 1 IMU_GYRO -0.047852 0.007324 -0.010498
62.433 1 NAVIGATION 4 0 0. 0. 0. 0. 0 0
62.438 1 GPS 0 0 0 0 0 0 0 0 0 0 1
62.442 1 WP_MOVED 0 348907. 5945757. 660. 12
62.562 1 NAVIGATION 4 0 0. 0. 0. 0. 0 0
62.565 1 FBW_STATUS 2 0 1 69 0
62.570 1 GPS 0 0 0 0 0 0 0 0 0 0 1
62.685 1 ATTITUDE 1.62144 -2.162213 -0.047051
62.687 1 ESTIMATOR 0. 0.
62.691 1 ENERGY 6.9 0. 0 0.
62.895 1 NAVIGATION 4 0 0. 0. 0. 0. 0 0
62.901 1 GPS 0 0 0 0 0 0 0 0 0 0 1
62.904 1 WP_MOVED 1 348865. 5945715. 660. 12
62.906 1 DL_VALUE 9 1.
62.909 1 GPS_SOL 0 0 0 0
62.914 1 NAVIGATION 4 0 0. 0. 0. 0. 0 0
63.035 1 DOWNLINK_STATUS 0 63 31113 1380 3 550. 24. -8076.43
63.179 1 GPS 0 0 0 0 0 0 0 0 0 0 1
63.184 1 NAVIGATION 4 0 0. 0. 0. 0. 0 0
63.187 1 ATTITUDE 1.621509 -2.162616 -0.046874
63.190 1 CIRCLE 30. 100. 80.
63.192 1 ESTIMATOR 0. 0.
63.196 1 BAT 0 69 0 0 1 212 212 0
63.201 1 NAVIGATION 4 0 0. 0. 0. 0. 0 0
63.206 1 GPS 0 0 0 0 0 0 0 0 0 0 1
63.213 1 DESIRED -0.38 3.05 5.3 -64. 45. 660. 3. 12.
63.216 1 WP_MOVED 2 348895. 5945815. 660. 12
63.219 1 IMU_GYRO -0.052002 0.009521 -0.009521
63.221 1 PONG 
63.400 1 NAVIGATION 4 0 0. 0. 0. 0. 0 0
63.406 1 GPS 0 0 0 0 0 0 0 0 0 0 1
63.409 1 ATTITUDE 1.621598 -2.162975 -0.046811
63.412 1 ESTIMATOR 0. 0.
63.416 1 NAVIGATION 4 0 0. 0. 0. 0. 0 0
63.422 1 GPS 0 0 0 0 0 0 0 0 0 0 1
63.425 1 WP_MOVED 3 348965.09375 5945786. 660. 12
63.427 1 CALIBRATION -150. 0
63.567 1 NAVIGATION 4 0 0. 0. 0. 0. 0 0
63.572 1 GPS 0 0 0 0 0 0 0 0 0 0 1
63.577 1 NAVIGATION 4 0 0. 0. 0. 0. 0 0
63.580 1 ATTITUDE 1.621625 -2.163127 -0.046659
63.719 1 ESTIMATOR 0. 0.
63.723 1 CIRCLE 30. 100. 80.
63.727 1 NAVIGATION 4 0 0. 0. 0. 0. 0 0
63.733 1 GPS 0 0 0 0 0 0 0 0 0 0 1
63.889 1 WP_MOVED 4 348764.6875 5945795. 660. 12
63.895 1 DESIRED -0.38 3.05 5.3 -64. 45. 660. 3. 12.
63.899 1 BAT 0 69 0 0 1 213 213 0
63.901 1 DL_VALUE 10 0.
63.904 1 IMU_GYRO -0.047852 0.009521 -0.010498
64.037 1 DOWNLINK_STATUS 0 64 31867 1413 3 754. 33. 2719.03
64.056 1 FBW_STATUS 2 0 1 69 0
64.062 1 NAVIGATION 4 0 0. 0. 0. 0. 0 0
64.066 1 GPS 0 0 0 0 0 0 0 0 0 0 1
64.069 1 COMMANDS 0,-9600,9600,0,0
64.072 1 ATTITUDE 1.62156 -2.163344 -0.046558
64.227 1 ACTUATORS 1250,2000,1200,1200,1350
64.231 1 ESTIMATOR 0. 0.
64.235 1 NAVIGATION 4 0 0. 0. 0. 0. 0 0
64.240 1 GPS 0 0 0 0 0 0 0 0 0 0 1
64.244 1 WP_MOVED 5 348740. 5945760. 660. 12
64.324 1 GPS_SOL 0 0 0 0
64.491 1 NAVIGATION 4 0 0. 0. 0. 0. 0 0
64.496 1 GPS 0 0 0 0 0 0 0 0 0 0 1
64.501 1 NAVIGATION 4 0 0. 0. 0. 0. 0 0
64.504 1 ATTITUDE 1.621545 -2.163716 -0.046429
64.760 1 ESTIMATOR 0. 0.
64.764 1 ENERGY 6.9 0. 0 0.
64.766 1 DOWNLINK 0 499 5202
64.770 1 NAVIGATION 4 0 0. 0. 0. 0. 0 0
64.776 1 GPS 0 0 0 0 0 0 0 0 0 0 1
64.779 1 CIRCLE 30. 100. 80.
64.783 1 WP_MOVED 6 348665. 5945815. 660. 12
64.787 1 ALIVE 68,131,82,62,107,91,253,215,84,227,222,103,105,244,126,103
64.793 1 DESIRED -0.38 3.05 5.3 -64. 45. 660. 3. 12.
64.797 1 BAT 0 69 0 0 1 214 214 0
64.799 1 PPRZ_MODE 2 3 3 2 0 6
64.817 1 WIND_INFO 1 42 0. 0. 0.
64.928 1 NAVIGATION 4 0 0. 0. 0. 0. 0 0
64.934 1 GPS 0 0 0 0 0 0 0 0 0 0 1
64.937 1 IMU_GYRO -0.048828 0.009521 -0.010498
64.940 1 ATTITUDE 1.621589 -2.163821 -0.046263
64.942 1 STATE_FILTER_STATUS 3 0
65.037 1 DOWNLINK_STATUS 0 65 32546 1444 3 679. 31. 2719.03
65.338 1 ESTIMATOR 0. 0.
65.343 1 NAVIGATION 4 0 0. 0. 0. 0. 0 0
65.349 1 GPS 0 0 0 0 0 0 0 0 0 0 1
65.352 1 WP_MOVED 7 349065. 5946015. 660. 12
65.354 1 DL_VALUE 0 0.
65.722 1 NAVIGATION 4 0 0. 0. 0. 0. 0 0
65.728 1 GPS 0 0 0 0 0 0 0 0 0 0 1
65.732 1 NAVIGATION 4 0 0. 0. 0. 0. 0 0
65.734 1 CALIBRATION -150. 0
65.737 1 ATTITUDE 1.621658 -2.164012 -0.046175
66.038 1 DOWNLINK_STATUS 0 66 32764 1454 3 218. 10. -2281.32
66.130 1 ESTIMATOR 0. 0.
66.136 1 NAVIGATION 4 0 0. 0. 0. 0. 0 0
66.142 1 GPS 0 0 0 0 0 0 0 0 0 0 1
66.144 1 WP_MOVED 8 349447.90625 5946767.5 660. 12
66.147 1 CIRCLE 30. 100. 80.
66.431 1 DESIRED -0.38 3.05 5.3 -64. 45. 660. 3. 12.
66.812 1 FBW_STATUS 2 0 1 69 0
66.817 1 NAVIGATION 4 0 0. 0. 0. 0. 0 0
66.822 1 GPS 0 0 0 0 0 0 0 0 0 0 1
66.826 1 BAT 0 69 0 0 1 216 216 0
67.038 1 DOWNLINK_STATUS 0 67 33008 1464 3 244. 10. -2281.32
67.135 1 ATTITUDE 1.621704 -2.164057 -0.045937
67.138 1 IMU_GYRO -0.047852 0.007324 -0.011475
67.140 1 ESTIMATOR 0. 0.
67.145 1 NAVIGATION 4 0 0. 0. 0. 0. 0 0
67.620 1 GPS 0 0 0 0 0 0 0 0 0 0 1
67.623 1 WP_MOVED 9 349369.3125 5945408. 660. 12
67.626 1 GPS_SOL 0 0 0 0
67.631 1 NAVIGATION 4 0 0. 0. 0. 0. 0 0
67.636 1 GPS 0 0 0 0 0 0 0 0 0 0 1
67.641 1 NAVIGATION 4 0 0. 0. 0. 0. 0 0
68.039 1 DOWNLINK_STATUS 0 68 33239 1474 3 231. 10. -2281.32
68.113 1 ATTITUDE 1.621745 -2.164292 -0.045859
68.293 1 ESTIMATOR 0. 0.
68.299 1 NAVIGATION 4 0 0. 0. 0. 0. 0 0
68.304 1 GPS 0 0 0 0 0 0 0 0 0 0 1
68.307 1 WP_MOVED 10 348852.40625 5945427. 660. 12
68.309 1 DL_VALUE 1 0.
68.312 1 CIRCLE 30. 100. 80.
68.457 1 DESIRED -0.38 3.05 5.3 -64. 45. 660. 3. 12.
68.461 1 NAVIGATION 4 0 0. 0. 0. 0. 0 0
68.467 1 GPS 0 0 0 0 0 0 0 0 0 0 1
68.671 1 ATTITUDE 1.621727 -2.164641 -0.045618
68.675 1 BAT 0 69 0 0 1 217 217 0
68.678 1 ESTIMATOR 0. 0.
68.681 1 IMU_GYRO -0.048828 0.009521 -0.010498
68.684 1 ENERGY 6.9 0. 0 0.
68.689 1 NAVIGATION 4 0 0. 0. 0. 0. 0 0
68.694 1 GPS 0 0 0 0 0 0 0 0 0 0 1
68.698 1 WP_MOVED 11 348865. 5945714. 660. 12
68.920 1 NAVIGATION 4 0 0. 0. 0. 0. 0 0
68.926 1 GPS 0 0 0 0 0 0 0 0 0 0 1
68.931 1 NAVIGATION 4 0 0. 0. 0. 0. 0 0
68.934 1 ATTITUDE 1.621591 -2.164824 -0.045498
68.936 1 CALIBRATION -150. 0
68.938 1 ESTIMATOR 0. 0.
68.943 1 NAVIGATION 4 0 0. 0. 0. 0. 0 0
68.948 1 GPS 0 0 0 0 0 0 0 0 0 0 1
68.952 1 WP_MOVED 12 348655.1875 5945715. 660. 12
69.040 1 DOWNLINK_STATUS 0 69 33853 1501 3 614. 27. -2281.32
69.120 1 CIRCLE 30. 100. 80.
69.122 1 FBW_STATUS 2 0 1 69 0
69.127 1 NAVIGATION 4 0 0. 0. 0. 0. 0 0
69.132 1 GPS 0 0 0 0 0 0 0 0 0 0 1
69.139 1 DESIRED -0.38 3.05 5.3 -64. 45. 660. 3. 12.
69.142 1 ATTITUDE 1.621723 -2.165259 -0.045507
69.398 1 ESTIMATOR 0. 0.
69.401 1 BAT 0 69 0 0 1 218 218 0
69.406 1 NAVIGATION 4 0 0. 0. 0. 0. 0 0
69.411 1 GPS 0 0 0 0 0 0 0 0 0 0 1
69.415 1 WP_MOVED 13 348241.40625 5945665. 660. 12
69.418 1 IMU_GYRO -0.046631 0.008301 -0.010498
69.420 1 DL_VALUE 2 660.
69.423 1 GPS_SOL 0 0 0 0
69.428 1 NAVIGATION 4 0 0. 0. 0. 0. 0 0
69.433 1 GPS 0 0 0 0 0 0 0 0 0 0 1
69.438 1 NAVIGATION 4 0 0. 0. 0. 0. 0 0
69.569 1 ATTITUDE 1.621749 -2.16555 -0.045325
69.571 1 ESTIMATOR 0. 0.
69.576 1 NAVIGATION 4 0 0. 0. 0. 0. 0 0
69.582 1 GPS 0 0 0 0 0 0 0 0 0 0 1
69.585 1 WP_MOVED 14 348242.3125 5945836.5 660. 12
69.856 1 CIRCLE 30. 100. 80.
69.861 1 NAVIGATION 4 0 0. 0. 0. 0. 0 0
69.866 1 GPS 0 0 0 0 0 0 0 0 0 0 1
69.873 1 DESIRED -0.38 3.05 5.3 -64. 45. 660. 3. 12.
69.876 1 COMMANDS 0,-9600,9600,0,0
69.879 1 ATTITUDE 1.621801 -2.165606 -0.045105
69.882 1 ACTUATORS 1250,2000,1200,1200,1350
69.884 1 ESTIMATOR 0. 0.
69.889 1 NAVIGATION 4 0 0. 0. 0. 0. 0 0
69.895 1 GPS 0 0 0 0 0 0 0 0 0 0 1
70.041 1 DOWNLINK_STATUS 0 70 34597 1533 3 744. 32. -2281.32
70.141 1 WP_MOVED 15 348610.09375 5946017. 660. 12
70.144 1 BAT 0 69 0 0 1 219 219 0
70.147 1 NAVIGATION_REF 348865 5945715 12
70.150 1 IMU_GYRO -0.047852 0.008301 -0.010498
70.154 1 NAVIGATION 4 0 0. 0. 0. 0. 0 0
70.168 1 GPS 0 0 0 0 0 0 0 0 0 0 1
70.168 1 NAVIGATION 4 0 0. 0. 0. 0. 0 0
70.168 1 ATTITUDE 1.62188 -2.165805 -0.045027
70.170 1 ESTIMATOR 0. 0.
70.172 1 CALIBRATION -150. 0
70.177 1 ENERGY 6.9 0. 0 0.
70.177 1 PONG 
70.181 1 NAVIGATION 4 0 0. 0. 0. 0. 0 0
70.372 1 GPS 0 0 0 0 0 0 0 0 0 0 1
70.376 1 WP_MOVED 16 348775.09375 5946191. 660. 12
70.378 1 DL_VALUE 3 0.
70.382 1 ALIVE 68,131,82,62,107,91,253,215,84,227,222,103,105,244,126,103
70.383 1 DOWNLINK 0 529 5322
70.385 1 PPRZ_MODE 2 3 3 2 0 6
70.388 1 FBW_STATUS 2 0 1 69 0
70.393 1 NAVIGATION 4 0 0. 0. 0. 0. 0 0
70.398 1 GPS 0 0 0 0 0 0 0 0 0 0 1
70.402 1 CIRCLE 30. 100. 80.
70.518 1 ATTITUDE 1.621778 -2.165928 -0.044918
70.526 1 DESIRED -0.38 3.05 5.3 -64. 45. 660. 3. 12.
70.526 1 STATE_FILTER_STATUS 3 0
70.529 1 ESTIMATOR 0. 0.
70.907 1 NAVIGATION 4 0 0. 0. 0. 0. 0 0
70.913 1 GPS 0 0 0 0 0 0 0 0 0 0 1
70.916 1 WP_MOVED 17 348944.6875 5946570. 660. 12
70.920 1 BAT 0 69 0 0 1 220 220 0
70.923 1 GPS_SOL 0 0 0 0
71.042 1 DOWNLINK_STATUS 0 71 35249 1565 3 652. 32. -325.62
71.335 1 NAVIGATION 4 0 0. 0. 0. 0. 0 0
71.341 1 GPS 0 0 0 0 0 0 0 0 0 0 1
71.345 1 NAVIGATION 4 0 0. 0. 0. 0. 0 0
71.348 1 IMU_GYRO -0.045654 0.007324 -0.011475
71.351 1 ATTITUDE 1.621851 -2.165974 -0.044828
71.737 1 ESTIMATOR 0. 0.
71.742 1 NAVIGATION 4 0 0. 0. 0. 0. 0 0
71.747 1 GPS 0 0 0 0 0 0 0 0 0 0 1
71.751 1 WP_MOVED 18 348975. 5946791.5 660. 12
71.898 1 NAVIGATION 4 0 0. 0. 0. 0. 0 0
71.904 1 GPS 0 0 0 0 0 0 0 0 0 0 1
71.907 1 CIRCLE 30. 100. 80.
71.910 1 ATTITUDE 1.621921 -2.166054 -0.044936
72.043 1 DOWNLINK_STATUS 0 72 35558 1578 3 309. 13. -325.62
72.097 1 DESIRED -0.38 3.05 5.3 -64. 45. 660. 3. 12.
72.099 1 ESTIMATOR 0. 0.
72.104 1 NAVIGATION 4 0 0. 0. 0. 0. 0 0
72.110 1 GPS 0 0 0 0 0 0 0 0 0 0 1
72.113 1 WP_MOVED 0 348907. 5945757. 660. 12
72.114 1 DL_VALUE 4 0.
72.291 1 NAVIGATION 4 0 0. 0. 0. 0. 0 0
72.296 1 GPS 0 0 0 0 0 0 0 0 0 0 1
72.301 1 NAVIGATION 4 0 0. 0. 0. 0. 0 0
72.305 1 BAT 0 69 0 0 1 221 221 0
72.308 1 ATTITUDE 1.621907 -2.166021 -0.044976
72.311 1 IMU_GYRO -0.047852 0.008301 -0.010498
72.455 1 ESTIMATOR 0. 0.
72.460 1 NAVIGATION 4 0 0. 0. 0. 0. 0 0
72.465 1 GPS 0 0 0 0 0 0 0 0 0 0 1
72.468 1 WP_MOVED 1 348865. 5945715. 660. 12
72.470 1 CALIBRATION -150. 0
72.626 1 FBW_STATUS 2 0 1 69 0
72.630 1 NAVIGATION 4 0 0. 0. 0. 0. 0 0
72.636 1 GPS 0 0 0 0 0 0 0 0 0 0 1
72.639 1 ATTITUDE 1.622048 -2.165953 -0.044935
72.642 1 CIRCLE 30. 100. 80.
72.813 1 ESTIMATOR 0. 0.
72.820 1 DESIRED -0.38 3.05 5.3 -64. 45. 660. 3. 12.
72.823 1 ENERGY 6.9 0. 0 0.
72.828 1 NAVIGATION 4 0 0. 0. 0. 0. 0 0
72.833 1 GPS 0 0 0 0 0 0 0 0 0 0 1
73.025 1 WP_MOVED 2 348895. 5945815. 660. 12
73.028 1 GPS_SOL 0 0 0 0
73.032 1 NAVIGATION 4 0 0. 0. 0. 0. 0 0
73.038 1 GPS 0 0 0 0 0 0 0 0 0 0 1
73.043 1 NAVIGATION 4 0 0. 0. 0. 0. 0 0
73.044 1 DOWNLINK_STATUS 0 73 36309 1610 3 751. 32. -325.62
73.046 1 ATTITUDE 1.622175 -2.166199 -0.044881
73.049 1 BAT 0 69 0 0 1 222 222 0
73.251 1 ESTIMATOR 0. 0.
73.255 1 IMU_GYRO -0.047852 0.008301 -0.010498
73.259 1 NAVIGATION 4 0 0. 0. 0. 0. 0 0
73.264 1 GPS 0 0 0 0 0 0 0 0 0 0 1
73.268 1 WP_MOVED 3 348965.09375 5945786. 660. 12
73.270 1 DL_VALUE 5 0.
73.274 1 NAVIGATION 4 0 0. 0. 0. 0. 0 0
73.280 1 GPS 0 0 0 0 0 0 0 0 0 0 1
73.494 1 ATTITUDE 1.62222 -2.166178 -0.044882
73.497 1 CIRCLE 30. 100. 80.
73.499 1 ESTIMATOR 0. 0.
73.504 1 NAVIGATION 4 0 0. 0. 0. 0. 0 0
73.510 1 GPS 0 0 0 0 0 0 0 0 0 0 1
73.516 1 DESIRED -0.38 3.05 5.3 -64. 45. 660. 3. 12.
73.520 1 WP_MOVED 4 348764.6875 5945795. 660. 12
73.521 1 PONG 
73.525 1 NAVIGATION 4 0 0. 0. 0. 0. 0 0
73.640 1 GPS 0 0 0 0 0 0 0 0 0 0 1
73.645 1 NAVIGATION 4 0 0. 0. 0. 0. 0 0
73.648 1 ATTITUDE 1.622275 -2.166263 -0.044854
73.825 1 ESTIMATOR 0. 0.
73.829 1 BAT 0 69 0 0 1 223 223 0
73.833 1 NAVIGATION 4 0 0. 0. 0. 0. 0 0
73.839 1 GPS 0 0 0 0 0 0 0 0 0 0 1
73.843 1 WP_MOVED 5 348740. 5945760. 660. 12
73.846 1 IMU_GYRO -0.047852 0.008301 -0.010498
73.975 1 CALIBRATION -150. 0
73.976 1 FBW_STATUS 2 0 1 69 0
73.982 1 NAVIGATION 4 0 0. 0. 0. 0. 0 0
73.988 1 GPS 0 0 0 0 0 0 0 0 0 0 1
74.043 1 DOWNLINK_STATUS 0 74 37022 1642 3 713. 32. 3017.98
74.124 1 COMMANDS 0,-9600,9600,0,0
74.128 1 ATTITUDE 1.622316 -2.166262 -0.044819
74.131 1 ACTUATORS 1250,2000,1200,1200,1350
74.133 1 ESTIMATOR 0. 0.
74.136 1 CIRCLE 30. 100. 80.
74.310 1 NAVIGATION 4 0 0. 0. 0. 0. 0 0
74.317 1 GPS 0 0 0 0 0 0 0 0 0 0 1
74.320 1 WP_MOVED 6 348665. 5945815. 660. 12
74.326 1 DESIRED -0.38 3.05 5.3 -64. 45. 660. 3. 12.
74.328 1 DL_VALUE 6 80.
74.473 1 GPS_SOL 0 0 0 0
74.479 1 NAVIGATION 4 0 0. 0. 0. 0. 0 0
74.484 1 GPS 0 0 0 0 0 0 0 0 0 0 1
74.488 1 NAVIGATION 4 0 0. 0. 0. 0. 0 0
74.645 1 ATTITUDE 1.622421 -2.166271 -0.04486
74.648 1 ESTIMATOR 0. 0.
74.651 1 ENERGY 6.9 0. 0 0.
74.656 1 NAVIGATION 4 0 0. 0. 0. 0. 0 0
74.661 1 GPS 0 0 0 0 0 0 0 0 0 0 1
74.817 1 WIND_INFO 1 42 0. 0. 0.
74.845 1 WP_MOVED 7 349065. 5946015. 660. 12
74.849 1 BAT 0 69 0 0 1 224 224 0
74.854 1 ALIVE 68,131,82,62,107,91,253,215,84,227,222,103,105,244,126,103
74.856 1 IMU_GYRO -0.047852 0.007324 -0.010498
74.858 1 PPRZ_MODE 2 3 3 2 0 6
74.860 1 DOWNLINK 0 510 5438
74.865 1 NAVIGATION 4 0 0. 0. 0. 0. 0 0
75.043 1 DOWNLINK_STATUS 0 75 37578 1668 3 556. 26. 3017.98
75.231 1 GPS 0 0 0 0 0 0 0 0 0 0 1
75.234 1 ATTITUDE 1.622509 -2.166112 -0.044807
75.236 1 STATE_FILTER_STATUS 3 0
75.238 1 ESTIMATOR 0. 0.
75.243 1 NAVIGATION 4 0 0. 0. 0. 0. 0 0
75.404 1 GPS 0 0 0 0 0 0 0 0 0 0 1
75.407 1 CIRCLE 30. 100. 80.
75.410 1 WP_MOVED 8 349447.90625 5946767.5 660. 12
75.417 1 DESIRED -0.38 3.05 5.3 -64. 45. 660. 3. 12.
75.553 1 NAVIGATION 4 0 0. 0. 0. 0. 0 0
75.559 1 GPS 0 0 0 0 0 0 0 0 0 0 1
75.563 1 NAVIGATION 4 0 0. 0. 0. 0. 0 0
75.872 1 ATTITUDE 1.622355 -2.166112 -0.04471
75.875 1 ESTIMATOR 0. 0.
76.028 1 NAVIGATION 4 0 0. 0. 0. 0. 0 0
76.034 1 GPS 0 0 0 0 0 0 0 0 0 0 1
76.037 1 WP_MOVED 9 349369.3125 5945408. 660. 12
76.038 1 DL_VALUE 7 2.
76.044 1 DOWNLINK_STATUS 0 76 37994 1686 3 416. 18. -1982.94
76.209 1 BAT 0 69 0 0 1 225 225 0
76.211 1 FBW_STATUS 2 0 1 69 0
76.216 1 NAVIGATION 4 0 0. 0. 0. 0. 0 0
76.222 1 GPS 0 0 0 0 0 0 0 0 0 0 1
76.225 1 IMU_GYRO -0.046631 0.008301 -0.010498
76.227 1 CALIBRATION -150. 0
76.317 1 ATTITUDE 1.622369 -2.166095 -0.044659
76.319 1 ESTIMATOR 0. 0.
76.478 1 NAVIGATION 4 0 0. 0. 0. 0. 0 0
76.484 1 GPS 0 0 0 0 0 0 0 0 0 0 1
76.487 1 WP_MOVED 10 348852.40625 5945427. 660. 12
76.490 1 CIRCLE 30. 100. 80.
76.674 1 DESIRED -0.38 3.05 5.3 -64. 45. 660. 3. 12.
76.677 1 GPS_SOL 0 0 0 0
76.682 1 NAVIGATION 4 0 0. 0. 0. 0. 0 0
76.688 1 GPS 0 0 0 0 0 0 0 0 0 0 1
76.692 1 NAVIGATION 4 0 0. 0. 0. 0. 0 0
76.843 1 ATTITUDE 1.622467 -2.166168 -0.044543
76.845 1 ESTIMATOR 0. 0.
76.850 1 NAVIGATION 4 0 0. 0. 0. 0. 0 0
76.856 1 GPS 0 0 0 0 0 0 0 0 0 0 1
76.859 1 WP_MOVED 11 348865. 5945714. 660. 12
77.019 1 NAVIGATION 4 0 0. 0. 0. 0. 0 0
77.025 1 GPS 0 0 0 0 0 0 0 0 0 0 1
77.029 1 BAT 0 69 0 0 1 227 227 0
77.032 1 ATTITUDE 1.622499 -2.16638 -0.04458
77.035 1 IMU_GYRO -0.047852 0.008301 -0.009521
77.045 1 DOWNLINK_STATUS 0 77 38614 1713 3 620. 27. -1982.94
77.184 1 ESTIMATOR 0. 0.
77.187 1 ENERGY 6.9 0. 0 0.
77.192 1 NAVIGATION 4 0 0. 0. 0. 0. 0 0
77.197 1 GPS 0 0 0 0 0 0 0 0 0 0 1
77.413 1 WP_MOVED 12 348655.1875 5945715. 660. 12
77.415 1 DL_VALUE 8 0.
77.418 1 CIRCLE 30. 100. 80.
77.425 1 DESIRED -0.38 3.05 5.3 -64. 45. 660. 3. 12.
77.429 1 NAVIGATION 4 0 0. 0. 0. 0. 0 0
77.435 1 GPS 0 0 0 0 0 0 0 0 0 0 1
77.439 1 NAVIGATION 4 0 0. 0. 0. 0. 0 0
77.440 1 PONG 
77.444 1 ATTITUDE 1.622511 -2.166321 -0.044587
77.555 1 ESTIMATOR 0. 0.
77.559 1 NAVIGATION 4 0 0. 0. 0. 0. 0 0
77.565 1 GPS 0 0 0 0 0 0 0 0 0 0 1
77.654 1 WP_MOVED 13 348241.40625 5945665. 660. 12
77.795 1 FBW_STATUS 2 0 1 69 0
77.799 1 NAVIGATION 4 0 0. 0. 0. 0. 0 0
77.805 1 GPS 0 0 0 0 0 0 0 0 0 0 1
77.944 1 ATTITUDE 1.622559 -2.166374 -0.04454
77.947 1 BAT 0 69 0 0 1 228 228 0
77.948 1 CALIBRATION -150. 0
77.952 1 ESTIMATOR 0. 0.
77.955 1 IMU_GYRO -0.048828 0.009521 -0.010498
78.046 1 DOWNLINK_STATUS 0 78 39152 1738 3 538. 25. 1936.15
78.131 1 NAVIGATION 4 0 0. 0. 0. 0. 0 0
78.137 1 GPS 0 0 0 0 0 0 0 0 0 0 1
78.140 1 WP_MOVED 14 348242.3125 5945836.5 660. 12
78.142 1 NAVIGATION_REF 348865 5945715 12
78.145 1 CIRCLE 30. 100. 80.
78.148 1 GPS_SOL 0 0 0 0
78.311 1 NAVIGATION 4 0 0. 0. 0. 0. 0 0
78.317 1 GPS 0 0 0 0 0 0 0 0 0 0 1
78.321 1 NAVIGATION 4 0 0. 0. 0. 0. 0 0
78.328 1 DESIRED -0.38 3.05 5.3 -64. 45. 660. 3. 12.
78.465 1 ATTITUDE 1.62272 -2.166412 -0.044516
78.468 1 ESTIMATOR 0. 0.
78.472 1 NAVIGATION 4 0 0. 0. 0. 0. 0 0
78.478 1 GPS 0 0 0 0 0 0 0 0 0 0 1
78.573 1 WP_MOVED 15 348610.09375 5946017. 660. 12
78.575 1 DL_VALUE 9 1.
78.731 1 NAVIGATION 4 0 0. 0. 0. 0. 0 0
78.737 1 GPS 0 0 0 0 0 0 0 0 0 0 1
78.740 1 COMMANDS 0,-9600,9600,0,0
78.743 1 ATTITUDE 1.622869 -2.16643 -0.044611
78.929 1 ACTUATORS 1250,2000,1200,1200,1350
78.932 1 ESTIMATOR 0. 0.
78.935 1 BAT 0 69 0 0 1 229 229 0
78.940 1 NAVIGATION 4 0 0. 0. 0. 0. 0 0
78.946 1 GPS 0 0 0 0 0 0 0 0 0 0 1
78.949 1 WP_MOVED 16 348775.09375 5946191. 660. 12
79.012 1 IMU_GYRO -0.047852 0.008301 -0.010498
79.046 1 DOWNLINK_STATUS 0 79 39769 1765 3 617. 27. 1936.15
79.179 1 CIRCLE 30. 100. 80.
79.183 1 NAVIGATION 4 0 0. 0. 0. 0. 0 0
79.189 1 GPS 0 0 0 0 0 0 0 0 0 0 1
79.194 1 NAVIGATION 4 0 0. 0. 0. 0. 0 0
79.309 1 DESIRED -0.38 3.05 5.3 -64. 45. 660. 3. 12.
79.313 1 ATTITUDE 1.622836 -2.166538 -0.044615
79.497 1 ESTIMATOR 0. 0.
79.501 1 ENERGY 6.9 0. 0 0.
79.505 1 NAVIGATION 4 0 0. 0. 0. 0. 0 0
79.511 1 GPS 0 0 0 0 0 0 0 0 0 0 1
79.515 1 WP_MOVED 17 348944.6875 5946570. 660. 12
79.519 1 ALIVE 68,131,82,62,107,91,253,215,84,227,222,103,105,244,126,103
79.658 1 PPRZ_MODE 2 3 3 2 0 6
79.660 1 FBW_STATUS 2 0 1 69 0
79.665 1 NAVIGATION 4 0 0. 0. 0. 0. 0 0
79.682 1 GPS 0 0 0 0 0 0 0 0 0 0 1
79.682 1 DOWNLINK 0 511 5553
79.783 1 ATTITUDE 1.622919 -2.166429 -0.044665
79.785 1 STATE_FILTER_STATUS 3 0
79.787 1 ESTIMATOR 0. 0.
79.789 1 CALIBRATION -150. 0
79.956 1 NAVIGATION 4 0 0. 0. 0. 0. 0 0
79.961 1 GPS 0 0 0 0 0 0 0 0 0 0 1
79.965 1 WP_MOVED 18 348975. 5946791.5 660. 12
79.968 1 BAT 0 69 0 0 1 230 230 0
79.970 1 DL_VALUE 10 0.
80.046 1 DOWNLINK_STATUS 0 80 40324 1791 3 555. 26. 1936.15
80.065 1 IMU_GYRO -0.048828 0.008301 -0.009521
80.067 1 GPS_SOL 0 0 0 0
80.277 1 NAVIGATION 4 0 0. 0. 0. 0. 0 0
80.282 1 GPS 0 0 0 0 0 0 0 0 0 0 1
80.286 1 NAVIGATION 4 0 0. 0. 0. 0. 0 0
80.289 1 CIRCLE 30. 100. 80.
80.292 1 ATTITUDE 1.622947 -2.166523 -0.044586
80.300 1 DESIRED -0.38 3.05 5.3 -64. 45. 660. 3. 12.
80.414 1 ESTIMATOR 0. 0.
80.419 1 NAVIGATION 4 0 0. 0. 0. 0. 0 0
80.424 1 GPS 0 0 0 0 0 0 0 0 0 0 1
80.514 1 WP_MOVED 0 348907. 5945757. 660. 12
81.014 1 NAVIGATION 4 0 0. 0. 0. 0. 0 0
81.020 1 GPS 0 0 0 0 0 0 0 0 0 0 1
81.047 1 DOWNLINK_STATUS 0 81 40670 1805 3 346. 14. -3064.96
81.142 1 ATTITUDE 1.623017 -2.166567 -0.044457
81.144 1 ESTIMATOR 0. 0.
81.149 1 NAVIGATION 4 0 0. 0. 0. 0. 0 0
81.286 1 GPS 0 0 0 0 0 0 0 0 0 0 1
81.289 1 WP_MOVED 1 348865. 5945715. 660. 12
81.293 1 BAT 0 69 0 0 1 231 231 0
81.450 1 NAVIGATION 4 0 0. 0. 0. 0. 0 0
81.456 1 GPS 0 0 0 0 0 0 0 0 0 0 1
81.460 1 NAVIGATION 4 0 0. 0. 0. 0. 0 0
81.463 1 IMU_GYRO -0.049805 0.007324 -0.010498
81.601 1 CIRCLE 30. 100. 80.
81.604 1 ATTITUDE 1.62311 -2.166514 -0.044445
81.611 1 DESIRED -0.38 3.05 5.3 -64. 45. 660. 3. 12.
81.613 1 ESTIMATOR 0. 0.
81.757 1 NAVIGATION 4 0 0. 0. 0. 0. 0 0
81.763 1 GPS 0 0 0 0 0 0 0 0 0 0 1
81.766 1 WP_MOVED 2 348895. 5945815. 660. 12
81.768 1 DL_VALUE 0 0.
81.898 1 NAVIGATION 4 0 0. 0. 0. 0. 0 0
81.900 1 FBW_STATUS 2 0 1 69 0
81.907 1 GPS 0 0 0 0 0 0 0 0 0 0 1
81.993 1 ATTITUDE 1.623183 -2.166483 -0.044331
82.047 1 DOWNLINK_STATUS 0 82 41175 1827 3 505. 22. -3064.96
82.148 1 ESTIMATOR 0. 0.
82.152 1 ENERGY 6.9 0. 0 0.
82.157 1 NAVIGATION 4 0 0. 0. 0. 0. 0 0
82.162 1 GPS 0 0 0 0 0 0 0 0 0 0 1
82.436 1 WP_MOVED 3 348965.09375 5945786. 660. 12
82.438 1 CALIBRATION -150. 0
82.441 1 GPS_SOL 0 0 0 0
82.446 1 NAVIGATION 4 0 0. 0. 0. 0. 0 0
82.452 1 GPS 0 0 0 0 0 0 0 0 0 0 1
82.456 1 NAVIGATION 4 0 0. 0. 0. 0. 0 0
82.460 1 BAT 0 69 0 0 1 232 232 0
82.463 1 ATTITUDE 1.623267 -2.166735 -0.044425
82.466 1 CIRCLE 30. 100. 80.
82.469 1 IMU_GYRO -0.047852 0.009521 -0.010498
82.470 1 PONG 
82.473 1 ESTIMATOR 0. 0.
82.589 1 DESIRED -0.38 3.05 5.3 -64. 45. 660. 3. 12.
82.593 1 NAVIGATION 4 0 0. 0. 0. 0. 0 0
82.599 1 GPS 0 0 0 0 0 0 0 0 0 0 1
82.603 1 WP_MOVED 4 348764.6875 5945795. 660. 12
82.722 1 NAVIGATION 4 0 0. 0. 0. 0. 0 0
82.727 1 GPS 0 0 0 0 0 0 0 0 0 0 1
82.817 1 ATTITUDE 1.623246 -2.166813 -0.044414
82.982 1 ESTIMATOR 0. 0.
82.987 1 NAVIGATION 4 0 0. 0. 0. 0. 0 0
82.992 1 GPS 0 0 0 0 0 0 0 0 0 0 1
82.996 1 WP_MOVED 5 348740. 5945760. 660. 12
82.998 1 DL_VALUE 1 0.
83.048 1 DOWNLINK_STATUS 0 83 41794 1855 3 619. 28. 1965.47
83.118 1 NAVIGATION 4 0 0. 0. 0. 0. 0 0
83.124 1 GPS 0 0 0 0 0 0 0 0 0 0 1
83.248 1 NAVIGATION 4 0 0. 0. 0. 0. 0 0
83.251 1 ATTITUDE 1.623233 -2.166672 -0.044377
83.255 1 BAT 0 69 0 0 1 233 233 0
83.391 1 CIRCLE 30. 100. 80.
83.393 1 ESTIMATOR 0. 0.
83.397 1 IMU_GYRO -0.048828 0.008301 -0.010498
83.401 1 NAVIGATION 4 0 0. 0. 0. 0. 0 0
83.548 1 GPS 0 0 0 0 0 0 0 0 0 0 1
83.555 1 DESIRED -0.38 3.05 5.3 -64. 45. 660. 3. 12.
83.559 1 WP_MOVED 6 348665. 5945815. 660. 12
83.730 1 NAVIGATION 4 0 0. 0. 0. 0. 0 0
83.733 1 FBW_STATUS 2 0 1 69 0
83.739 1 GPS 0 0 0 0 0 0 0 0 0 0 1
83.742 1 COMMANDS 0,-9600,9600,0,0
83.745 1 ATTITUDE 1.623197 -2.166693 -0.044457
83.748 1 ACTUATORS 1250,2000,1200,1200,1350
83.886 1 ESTIMATOR 0. 0.
83.890 1 NAVIGATION 4 0 0. 0. 0. 0. 0 0
83.896 1 GPS 0 0 0 0 0 0 0 0 0 0 1
83.900 1 WP_MOVED 7 349065. 5946015. 660. 12
83.992 1 GPS_SOL 0 0 0 0
83.994 1 CALIBRATION -150. 0
84.048 1 DOWNLINK_STATUS 0 84 42332 1879 3 538. 24. 1965.47
84.144 1 NAVIGATION 4 0 0. 0. 0. 0. 0 0
84.149 1 GPS 0 0 0 0 0 0 0 0 0 0 1
84.154 1 NAVIGATION 4 0 0. 0. 0. 0. 0 0
84.301 1 ATTITUDE 1.623038 -2.166774 -0.044581
84.303 1 ESTIMATOR 0. 0.
84.306 1 CIRCLE 30. 100. 80.
84.310 1 BAT 0 69 0 0 1 234 234 0
84.313 1 ENERGY 6.9 0. 0 0.
84.514 1 NAVIGATION 4 0 0. 0. 0. 0. 0 0
84.520 1 GPS 0 0 0 0 0 0 0 0 0 0 1
84.523 1 WP_MOVED 8 349447.90625 5946767.5 660. 12
84.530 1 DESIRED -0.38 3.05 5.3 -64. 45. 660. 3. 12.
84.533 1 IMU_GYRO -0.051025 0.008301 -0.010498
84.535 1 DL_VALUE 2 660.
84.539 1 ALIVE 68,131,82,62,107,91,253,215,84,227,222,103,105,244,126,103
84.626 1 PPRZ_MODE 2 3 3 2 0 6
84.630 1 NAVIGATION 4 0 0. 0. 0. 0. 0 0
84.769 1 GPS 0 0 0 0 0 0 0 0 0 0 1
84.772 1 ATTITUDE 1.625857 -2.167042 -0.045244
84.773 1 STATE_FILTER_STATUS 3 0
84.775 1 DOWNLINK 0 514 5671
84.817 1 WIND_INFO 1 42 0. 0. 0.
84.906 1 ESTIMATOR 0. 0.
84.911 1 NAVIGATION 4 0 0. 0. 0. 0. 0 0
84.917 1 GPS 0 0 0 0 0 0 0 0 0 0 1
85.049 1 DOWNLINK_STATUS 0 85 42859 1903 3 527. 24. 1965.47
85.140 1 WP_MOVED 9 349369.3125 5945408. 660. 12
86.050 1 DOWNLINK_STATUS 0 86 42879 1904 3 20. 1. -3035.61
86.149 1 NAVIGATION 4 0 0. 0. 0. 0. 0 0
86.155 1 GPS 0 0 0 0 0 0 0 0 0 0 1
86.158 1 NAVIGATION 4 0 0. 0. 0. 0. 0 0
86.161 1 ATTITUDE 1.62555 -2.167135 -0.045214
86.260 1 ESTIMATOR 0. 0.
86.265 1 NAVIGATION 4 0 0. 0. 0. 0. 0 0
87.051 1 DOWNLINK_STATUS 0 87 43022 1910 3 143. 6. -3035.61
88.053 1 DOWNLINK_STATUS 0 88 43022 1910 3 0. 0. -3035.61
89.054 1 DOWNLINK_STATUS 0 89 43022 1910 3 0. 0. -3035.61
90.056 1 DOWNLINK_STATUS 0 90 43022 1910 3 0. 0. -3035.61
91.057 1 DOWNLINK_STATUS 0 91 43022 1910 3 0. 0. -8036.91
92.059 1 DOWNLINK_STATUS 0 92 43022 1910 3 0. 0. -8036.91
