4.615 1 ATTITUDE 0.050748 -2.232544 -0.034433
4.823 1 DESIRED 0. 0.01 0. 0. 0. 655. 0. 20.
4.827 1 WP_MOVED 14 348242.3125 5945836.5 660. 12
4.831 1 BAT 54 70 0 0 1 6 0 0
4.836 1 GPS 0 1130805120 0 0 -17000 0 0 0 6750 12 11
4.839 1 SVINFO 11 12 16 1 0 -91 0
4.843 1 NAVIGATION 0 2 10959186. -5945715. 0. 1.55455284314e+14 0 0
4.846 1 ATTITUDE 0.050767 -2.232324 -0.034429
4.850 1 IMU_ACCEL -0.008789 -9.824219 0.871094
4.853 1 ATTITUDE 0.05081 -2.232617 -0.034422
4.928 1 DOWNLINK_STATUS 0 5 3706 170 0 875. 40. 0.
5.105 1 DESIRED 0. 0.01 0. 0. 0. 655. 0. 20.
5.108 1 IMU_GYRO -0.048828 0.009521 -0.007324
5.110 1 PPRZ_MODE 0 0 0 0 0 17
5.113 1 IMU_MAG 0.259766 0.846191 0.29248
5.116 1 ATTITUDE 0.050858 -2.232851 -0.034447
5.122 1 GPS 0 1130805120 0 0 -17000 0 0 0 7000 12 12
5.124 1 SVINFO 12 13 16 1 0 -91 0
5.125 1 CALIBRATION 0. 0
5.131 1 NAVIGATION 0 2 10959186. -5945715. 0. 1.55455284314e+14 0 0
5.133 1 ATTITUDE 0.050848 -2.23312 -0.034452
5.141 1 DESIRED 0. 0.01 0. 0. 0. 655. 0. 20.
5.142 1 ESTIMATOR -17. 0.
5.318 1 ATTITUDE 0.050881 -2.233411 -0.034482
5.322 1 WP_MOVED 15 348610.09375 5946017. 660. 12
5.327 1 GPS 0 1130805120 0 0 -17000 0 0 0 7250 12 13
5.330 1 SVINFO 13 15 16 1 0 -91 0
5.334 1 NAVIGATION 0 2 10959186. -5945715. 0. 1.55455284314e+14 0 0
5.338 1 ATTITUDE 0.050917 -2.233274 -0.034553
5.344 1 DESIRED 0. 0.01 0. 0. 0. 655. 0. 20.
5.593 1 ATTITUDE 0.050951 -2.233284 -0.034556
5.596 1 ATTITUDE 0.051008 -2.233356 -0.034562
5.603 1 DESIRED 0. 0.01 0. 0. 0. 655. 0. 20.
5.608 1 GPS 0 1130805120 0 0 -17000 0 0 0 7500 12 14
5.611 1 SVINFO 14 16 16 1 0 -91 0
5.614 1 IMU_GYRO -0.048828 0.009521 -0.007324
5.620 1 NAVIGATION 0 2 10959186. -5945715. 0. 1.55455284314e+14 0 0
5.622 1 ATTITUDE 0.051027 -2.233552 -0.034554
5.624 1 ESTIMATOR -17. 0.
5.627 1 IMU_ACCEL -0.013672 -9.824219 0.928711
5.632 1 NAVIGATION 0 2 10959186. -5945715. 0. 1.55455284314e+14 0 0
5.928 1 DOWNLINK_STATUS 0 6 4372 200 0 666. 30. -1.39482996599e+12
5.950 1 ATTITUDE 0.051023 -2.233493 -0.034555
5.958 1 DESIRED 0. 0.01 0. 0. 0. 655. 0. 20.
5.960 1 WP_MOVED 16 348775.09375 5946191. 660. 12
6.192 1 GPS 0 1130805120 0 0 -17000 0 0 0 7750 12 15
6.195 1 SVINFO 15 17 16 1 0 -91 0
6.197 1 FBW_STATUS 0 47 0 70 0
6.202 1 NAVIGATION 0 2 10959186. -5945715. 0. 1.55455284314e+14 0 0
6.205 1 ATTITUDE 0.051071 -2.233329 -0.034577
6.209 1 BAT 54 70 0 0 1 8 0 0
6.212 1 ATTITUDE 0.051119 -2.233526 -0.034564
6.218 1 DESIRED 0. 0.01 0. 0. 0. 655. 0. 20.
6.221 1 PPRZ_MODE 0 0 0 0 0 17
6.469 1 ATTITUDE 0.051143 -2.233306 -0.034567
6.477 1 GPS 0 1130805120 0 0 -17000 0 0 0 8000 12 16
6.477 1 SVINFO 0 1 16 1 0 -91 0
6.479 1 DL_VALUE 5 0.
6.483 1 NAVIGATION 0 2 10959186. -5945715. 0. 1.55455284314e+14 0 0
6.486 1 ATTITUDE 0.05118 -2.233496 -0.034573
6.493 1 DESIRED 0. 0.01 0. 0. 0. 655. 0. 20.
6.495 1 ESTIMATOR -17. 0.
6.499 1 IMU_GYRO -0.047852 0.009521 -0.007324
6.502 1 ATTITUDE 0.051181 -2.233564 -0.034583
6.505 1 WP_MOVED 17 348944.6875 5946570. 660. 12
6.508 1 IMU_MAG 0.256348 0.853027 0.331543
6.686 1 GPS 0 1130805120 0 0 -17000 0 0 0 8250 12 1
6.689 1 SVINFO 1 2 16 1 0 -91 0
6.693 1 NAVIGATION 0 2 10959186. -5945715. 0. 1.55455284314e+14 0 0
6.696 1 ATTITUDE 0.051204 -2.233251 -0.034594
6.703 1 DESIRED 0. 0.01 0. 0. 0. 655. 0. 20.
6.706 1 ATTITUDE 0.051218 -2.233442 -0.034598
6.709 1 IMU_ACCEL 0.02832 -9.837891 0.880859
6.928 1 DOWNLINK_STATUS 0 7 5054 231 0 682. 31. -1.39482996599e+12
6.971 1 ATTITUDE 0.051263 -2.233657 -0.034602
6.978 1 DESIRED 0. 0.01 0. 0. 0. 655. 0. 20.
6.984 1 GPS 0 1130805120 0 0 -17000 0 0 0 8500 12 2
6.986 1 SVINFO 2 3 16 1 0 -91 0
6.989 1 ENERGY 7. 0. 0 0.
6.994 1 NAVIGATION 0 2 10959186. -5945715. 0. 1.55455284314e+14 0 0
6.997 1 ATTITUDE 0.051306 -2.233441 -0.034614
7.000 1 ESTIMATOR -17. 0.
7.004 1 NAVIGATION 0 2 10959186. -5945715. 0. 1.55455284314e+14 0 0
7.007 1 GPS_SOL 649520768 100000 9999 0
7.010 1 ATTITUDE 0.051306 -2.233574 -0.034664
7.142 1 DESIRED 0. 0.01 0. 0. 0. 655. 0. 20.
7.146 1 WP_MOVED 18 348975. 5946791.5 660. 12
7.149 1 IMU_GYRO -0.048828 0.008301 -0.006348
7.155 1 GPS 0 1130805120 0 0 -17000 0 0 0 8750 12 3
7.157 1 SVINFO 3 4 16 1 0 -91 0
7.331 1 NAVIGATION 0 2 10959186. -5945715. 0. 1.55455284314e+14 0 0
7.334 1 ATTITUDE 0.051369 -2.233465 -0.034665
7.337 1 ATTITUDE 0.051394 -2.233804 -0.034669
7.344 1 DESIRED 0. 0.01 0. 0. 0. 655. 0. 20.
7.346 1 PPRZ_MODE 0 0 0 0 0 17
7.349 1 BAT 54 70 0 0 1 9 0 0
7.616 1 ATTITUDE 0.0514 -2.234112 -0.034676
7.621 1 GPS 0 1130805120 0 0 -17000 0 0 0 9000 12 4
7.624 1 SVINFO 4 5 16 1 0 -91 0
7.628 1 NAVIGATION 0 2 10959186. -5945715. 0. 1.55455284314e+14 0 0
7.630 1 ATTITUDE 0.051399 -2.23421 -0.034695
7.638 1 DESIRED 0. 0.01 0. 0. 0. 655. 0. 20.
7.640 1 ESTIMATOR -17. 0.
7.641 1 CALIBRATION 0. 0
7.646 1 ATTITUDE 0.051453 -2.234521 -0.034747
7.649 1 WP_MOVED 0 348907. 5945757. 660. 12
7.651 1 IMU_ACCEL -0.008789 -9.804688 0.880859
7.792 1 GPS 0 1130805120 0 0 -17000 0 0 0 9250 12 5
7.794 1 SVINFO 5 6 16 1 0 -91 0
7.799 1 NAVIGATION 0 2 10959186. -5945715. 0. 1.55455284314e+14 0 0
7.802 1 ATTITUDE 0.051525 -2.234354 -0.03471
7.808 1 DESIRED 0. 0.01 0. 0. 0. 655. 0. 20.
7.811 1 IMU_GYRO -0.048828 0.008301 -0.007324
7.929 1 DOWNLINK_STATUS 0 8 5927 270 0 873. 39. -1.39482996599e+12
8.058 1 ATTITUDE 0.051512 -2.234504 -0.034678
8.059 1 PONG 
8.062 1 ATTITUDE 0.051586 -2.233848 -0.034665
8.070 1 DESIRED 0. 0.01 0. 0. 0. 655. 0. 20.
8.076 1 GPS 0 1130805120 0 0 -17000 0 0 0 9500 12 6
8.077 1 SVINFO 6 7 16 1 0 -91 0
8.080 1 IMU_MAG 0.247559 0.846191 0.32373
8.086 1 NAVIGATION 0 2 10959186. -5945715. 0. 1.55455284314e+14 0 0
8.088 1 ATTITUDE 0.051569 -2.234208 -0.034651
8.091 1 ESTIMATOR -17. 0.
8.096 1 NAVIGATION 0 2 10959186. -5945715. 0. 1.55455284314e+14 0 0
8.294 1 ATTITUDE 0.051594 -2.234103 -0.034639
8.301 1 DESIRED 0. 0.01 0. 0. 0. 655. 0. 20.
8.304 1 WP_MOVED 1 348865. 5945715. 660. 12
8.306 1 STATE_FILTER_STATUS 3 0
8.311 1 GPS 0 1130805120 0 0 -17000 0 0 0 9750 12 7
8.314 1 SVINFO 7 9 16 1 0 -91 0
8.316 1 FBW_STATUS 0 51 0 70 0
8.321 1 NAVIGATION 0 2 10959186. -5945715. 0. 1.55455284314e+14 0 0
8.324 1 ATTITUDE 0.051601 -2.234311 -0.034675
8.581 1 COMMANDS 54,196,196,0,-266
8.584 1 ATTITUDE 0.05163 -2.234007 -0.034719
8.591 1 DESIRED 0. 0.01 0. 0. 0. 655. 0. 20.
8.594 1 IMU_GYRO -0.048828 0.009521 -0.007324
8.596 1 PPRZ_MODE 0 0 0 0 0 17
8.599 1 ACTUATORS 1195,1559,1510,1510,1353
8.602 1 ATTITUDE 0.051628 -2.233958 -0.034732
8.608 1 GPS 0 1130805120 0 0 -17000 0 0 0 10000 12 8
8.611 1 SVINFO 8 10 16 1 0 -91 0
8.614 1 IMU_ACCEL 0.013672 -9.824219 0.856445
8.617 1 BAT 54 70 0 0 1 10 0 0
8.623 1 NAVIGATION 0 2 10959186. -5945715. 0. 1.55455284314e+14 0 0
8.848 1 ATTITUDE 0.05164 -2.234081 -0.034713
8.855 1 DESIRED 0. 0.01 0. 0. 0. 655. 0. 20.
8.857 1 ESTIMATOR -17. 0.
8.861 1 ATTITUDE 0.051645 -2.233927 -0.034685
8.864 1 WP_MOVED 2 348895. 5945815. 660. 12
8.870 1 GPS 0 1130805120 0 0 -17000 0 0 0 10250 12 9
8.872 1 SVINFO 9 11 16 1 0 -91 0
8.877 1 NAVIGATION 0 2 10959186. -5945715. 0. 1.55455284314e+14 0 0
8.880 1 ATTITUDE 0.051708 -2.234118 -0.034716
8.887 1 DESIRED 0. 0.01 0. 0. 0. 655. 0. 20.
8.929 1 DOWNLINK_STATUS 0 9 6834 312 0 907. 42. 2633.94
9.136 1 ATTITUDE 0.051706 -2.233918 -0.034781
9.139 1 NAVIGATION_REF 348865 5945715 12
9.142 1 ATTITUDE 0.051778 -2.233967 -0.034811
9.148 1 DESIRED 0. 0.01 0. 0. 0. 655. 0. 20.
9.154 1 GPS 0 1130805120 0 0 -17000 0 0 0 10500 12 10
9.157 1 SVINFO 10 12 16 1 0 -91 0
9.160 1 IMU_GYRO -0.047852 0.008301 -0.006348
9.164 1 NAVIGATION 0 2 10959186. -5945715. 0. 1.55455284314e+14 0 0
9.167 1 ATTITUDE 0.051761 -2.234115 -0.034793
9.170 1 ESTIMATOR -17. 0.
9.174 1 NAVIGATION 0 2 10959186. -5945715. 0. 1.55455284314e+14 0 0
9.177 1 GPS_SOL 649521664 100000 9999 0
9.345 1 ATTITUDE 0.051789 -2.233973 -0.034803
9.353 1 DESIRED 0. 0.01 0. 0. 0. 655. 0. 20.
9.356 1 WP_MOVED 3 348965.09375 5945786. 660. 12
9.362 1 GPS 0 1130805120 0 0 -17000 0 0 0 10750 12 11
9.363 1 SVINFO 11 13 16 1 0 -91 0
9.369 1 NAVIGATION 0 2 10959186. -5945715. 0. 1.55455284314e+14 0 0
9.515 1 ATTITUDE 0.051819 -2.234013 -0.034808
9.519 1 IMU_ACCEL -0.018555 -9.842773 0.890625
9.522 1 IMU_MAG 0.250977 0.842773 0.345703
9.525 1 ATTITUDE 0.051905 -2.233694 -0.034803
9.532 1 DESIRED 0. 0.01 0. 0. 0. 655. 0. 20.
9.534 1 PPRZ_MODE 0 0 0 0 0 17
9.806 1 ATTITUDE 0.051891 -2.234088 -0.034829
9.811 1 GPS 0 1130805120 0 0 -17000 0 0 0 11000 12 12
9.813 1 SVINFO 12 14 16 1 0 -91 0
9.815 1 DL_VALUE 7 0.
9.818 1 ENERGY 7. 0. 0 0.
9.823 1 NAVIGATION 0 2 10959186. -5945715. 0. 1.55455284314e+14 0 0
9.826 1 ATTITUDE 0.051921 -2.234006 -0.034811
9.833 1 DESIRED 0. 0.01 0. 0. 0. 655. 0. 20.
9.835 1 ESTIMATOR -17. 0.
9.838 1 IMU_GYRO -0.048828 0.008301 -0.008301
9.842 1 BAT 54 70 0 0 1 11 0 0
9.845 1 ATTITUDE 0.051925 -2.234145 -0.034834
9.930 1 DOWNLINK_STATUS 0 10 7609 348 0 775. 36. 2633.94
10.023 1 WP_MOVED 4 348764.6875 5945795. 660. 12
10.025 1 CALIBRATION 0. 0
10.031 1 GPS 0 1130805120 0 0 -17000 0 0 0 11250 12 13
10.034 1 SVINFO 13 15 16 1 0 -91 0
10.038 1 NAVIGATION 0 2 10959186. -5945715. 0. 1.55455284314e+14 0 0
10.041 1 ATTITUDE 0.051981 -2.234279 -0.034825
10.048 1 DESIRED 0. 0.01 0. 0. 0. 655. 0. 20.
10.051 1 ATTITUDE 0.05195 -2.234276 -0.034801
10.312 1 ATTITUDE 0.051985 -2.234094 -0.034777
10.318 1 DESIRED 0. 0.01 0. 0. 0. 655. 0. 20.
10.324 1 GPS 0 1130805120 0 0 -17000 0 0 0 11500 12 14
10.326 1 SVINFO 14 16 16 1 0 -91 0
10.328 1 DOWNLINK 5 908 485
10.333 1 NAVIGATION 0 2 10959186. -5945715. 0. 1.55455284314e+14 0 0
10.336 1 ATTITUDE 0.052035 -2.234437 -0.034788
10.338 1 ESTIMATOR -17. 0.
10.342 1 IMU_ACCEL -0.003906 -9.824219 0.871094
10.346 1 NAVIGATION 0 2 10959186. -5945715. 0. 1.55455284314e+14 0 0
10.349 1 ATTITUDE 0.052126 -2.23486 -0.034829
10.584 1 DESIRED 0. 0.01 0. 0. 0. 655. 0. 20.
10.587 1 WP_MOVED 5 348740. 5945760. 660. 12
10.591 1 IMU_GYRO -0.048828 0.008301 -0.007324
10.596 1 GPS 0 1130805120 0 0 -17000 0 0 0 11750 12 15
10.599 1 SVINFO 15 17 16 1 0 -91 0
10.601 1 FBW_STATUS 0 47 0 70 0
10.606 1 NAVIGATION 0 2 10959186. -5945715. 0. 1.55455284314e+14 0 0
10.609 1 ATTITUDE 0.052175 -2.235174 -0.03482
10.612 1 ATTITUDE 0.052173 -2.235474 -0.034828
10.619 1 DESIRED 0. 0.01 0. 0. 0. 655. 0. 20.
10.621 1 PPRZ_MODE 0 0 0 0 0 17
10.625 1 STATE_FILTER_STATUS 3 0
10.930 1 DOWNLINK_STATUS 0 11 8280 379 0 671. 31. -2366.84
11.554 1 ATTITUDE 0.052186 -2.235228 -0.034816
11.560 1 GPS 0 1130805120 0 0 -17000 0 0 0 12000 12 16
11.563 1 SVINFO 0 1 16 1 0 -91 0
11.567 1 NAVIGATION 0 2 10959186. -5945715. 0. 1.55455284314e+14 0 0
11.570 1 ATTITUDE 0.052191 -2.235429 -0.034806
11.577 1 DESIRED 0. 0.01 0. 0. 0. 655. 0. 20.
11.579 1 ESTIMATOR -17. 0.
11.583 1 IMU_MAG 0.244141 0.847656 0.308105
11.586 1 ATTITUDE 0.052242 -2.235655 -0.034783
11.589 1 WP_MOVED 6 348665. 5945815. 660. 12
11.593 1 BAT 54 70 0 0 1 12 0 0
11.836 1 GPS 0 1130805120 0 0 -17000 0 0 0 12250 12 1
11.838 1 SVINFO 1 2 16 1 0 -91 0
11.843 1 NAVIGATION 0 2 10959186. -5945715. 0. 1.55455284314e+14 0 0
11.846 1 ATTITUDE 0.052291 -2.235365 -0.034779
11.852 1 DESIRED 0. 0.01 0. 0. 0. 655. 0. 20.
11.855 1 IMU_GYRO -0.048828 0.009521 -0.008301
11.859 1 ATTITUDE 0.052294 -2.235519 -0.034803
11.862 1 IMU_ACCEL -0.003906 -9.819336 0.875977
11.865 1 ATTITUDE 0.052327 -2.23563 -0.034772
11.872 1 DESIRED 0. 0.01 0. 0. 0. 655. 0. 20.
11.931 1 DOWNLINK_STATUS 0 12 8757 400 0 477. 21. -2366.84
12.122 1 GPS 0 1130805120 0 0 -17000 0 0 0 12500 12 2
12.128 1 SVINFO 2 3 16 1 0 -91 0
12.128 1 DL_VALUE 8 0.
12.131 1 NAVIGATION 0 2 10959186. -5945715. 0. 1.55455284314e+14 0 0
12.134 1 ATTITUDE 0.052326 -2.23561 -0.034779
12.137 1 ESTIMATOR -17. 0.
12.141 1 NAVIGATION 0 2 10959186. -5945715. 0. 1.55455284314e+14 0 0
12.144 1 GPS_SOL 649522752 100000 9999 0
12.147 1 ATTITUDE 0.052321 -2.23572 -0.034842
12.154 1 DESIRED 0. 0.01 0. 0. 0. 655. 0. 20.
12.157 1 WP_MOVED 7 349065. 5946015. 660. 12
12.353 1 GPS 0 1130805120 0 0 -17000 0 0 0 12750 12 3
12.355 1 SVINFO 3 4 16 1 0 -91 0
12.360 1 NAVIGATION 0 2 10959186. -5945715. 0. 1.55455284314e+14 0 0
12.362 1 ATTITUDE 0.052348 -2.235845 -0.034841
12.365 1 ATTITUDE 0.052408 -2.235783 -0.034829
12.372 1 DESIRED 0. 0.01 0. 0. 0. 655. 0. 20.
12.375 1 IMU_GYRO -0.049805 0.008301 -0.008301
12.377 1 PPRZ_MODE 0 0 0 0 0 17
12.380 1 ATTITUDE 0.05245 -2.235957 -0.034854
12.535 1 GPS 0 1130805120 0 0 -17000 0 0 0 13000 12 4
12.537 1 SVINFO 4 5 16 1 0 -91 0
12.542 1 NAVIGATION 0 2 10959186. -5945715. 0. 1.55455284314e+14 0 0
12.545 1 ATTITUDE 0.052435 -2.236154 -0.034876
12.551 1 DESIRED 0. 0.01 0. 0. 0. 655. 0. 20.
12.554 1 ESTIMATOR -17. 0.
12.820 1 ATTITUDE 0.052426 -2.23612 -0.034899
12.824 1 WP_MOVED 8 349447.90625 5946767.5 660. 12
12.827 1 IMU_ACCEL 0.008789 -9.833008 0.856445
12.832 1 GPS 0 1130805120 0 0 -17000 0 0 0 13250 12 5
12.835 1 SVINFO 5 6 16 1 0 -91 0
12.839 1 NAVIGATION 0 2 10959186. -5945715. 0. 1.55455284314e+14 0 0
12.843 1 ATTITUDE 0.052473 -2.236137 -0.034898
12.849 1 DESIRED 0. 0.01 0. 0. 0. 655. 0. 20.
12.853 1 BAT 54 70 0 0 1 13 0 0
12.855 1 CALIBRATION 0. 0
12.858 1 ATTITUDE 0.052528 -2.236459 -0.034883
12.861 1 IMU_MAG 0.256348 0.84082 0.312012
12.932 1 DOWNLINK_STATUS 0 13 9583 438 0 826. 38. -2366.84
13.066 1 ATTITUDE 0.052561 -2.236453 -0.034868
13.073 1 DESIRED 0. 0.01 0. 0. 0. 655. 0. 20.
13.079 1 GPS 0 1130805120 0 0 -17000 0 0 0 13500 12 6
13.081 1 SVINFO 6 7 16 1 0 -91 0
13.084 1 IMU_GYRO -0.048828 0.008301 -0.007324
13.089 1 NAVIGATION 0 2 10959186. -5945715. 0. 1.55455284314e+14 0 0
13.092 1 ATTITUDE 0.052558 -2.23668 -0.034861
13.095 1 ESTIMATOR -17. 0.
13.099 1 NAVIGATION 0 2 10959186. -5945715. 0. 1.55455284314e+14 0 0
13.349 1 ATTITUDE 0.052551 -2.236885 -0.03486
13.355 1 DESIRED 0. 0.01 0. 0. 0. 655. 0. 20.
13.359 1 WP_MOVED 9 349369.3125 5945408. 660. 12
13.364 1 GPS 0 1130805120 0 0 -17000 0 0 0 13750 12 7
13.367 1 SVINFO 7 9 16 1 0 -91 0
13.370 1 FBW_STATUS 0 53 0 70 0
13.374 1 NAVIGATION 0 2 10959186. -5945715. 0. 1.55455284314e+14 0 0
13.377 1 ATTITUDE 0.052601 -2.237095 -0.034895
13.380 1 ATTITUDE 0.052633 -2.237326 -0.034902
13.387 1 DESIRED 0. 0.01 0. 0. 0. 655. 0. 20.
13.389 1 PPRZ_MODE 0 0 0 0 0 17
13.636 1 ATTITUDE 0.052676 -2.237313 -0.034887
13.641 1 GPS 0 1130805120 0 0 -17000 0 0 0 14000 12 8
13.643 1 SVINFO 8 11 16 1 0 -91 0
13.646 1 IMU_ACCEL -0.018555 -9.819336 0.890625
13.648 1 DL_VALUE 9 1.
13.652 1 NAVIGATION 0 2 10959186. -5945715. 0. 1.55455284314e+14 0 0
13.656 1 ATTITUDE 0.052648 -2.237266 -0.034914
13.662 1 DESIRED 0. 0.01 0. 0. 0. 655. 0. 20.
13.665 1 ESTIMATOR -17. 0.
13.668 1 IMU_GYRO -0.048828 0.009521 -0.008301
13.669 1 STATE_FILTER_STATUS 3 0
13.673 1 ATTITUDE 0.05267 -2.237332 -0.034959
13.676 1 WP_MOVED 10 348852.40625 5945427. 660. 12
13.925 1 GPS 0 1130805120 0 0 -17000 0 0 0 14250 12 9
13.928 1 SVINFO 9 12 16 1 0 -91 0
13.932 1 NAVIGATION 0 2 10959186. -5945715. 0. 1.55455284314e+14 0 0
13.932 1 DOWNLINK_STATUS 0 14 10366 474 0 783. 36. -2366.84
13.935 1 ATTITUDE 0.052662 -2.237177 -0.034953
13.942 1 DESIRED 0. 0.01 0. 0. 0. 655. 0. 20.
13.945 1 ATTITUDE 0.052678 -2.237392 -0.034954
13.949 1 BAT 54 70 0 0 1 14 0 0
13.952 1 ATTITUDE 0.052673 -2.237546 -0.034971
13.958 1 DESIRED 0. 0.01 0. 0. 0. 655. 0. 20.
14.207 1 GPS 0 1130805120 0 0 -17000 0 0 0 14500 12 10
14.209 1 SVINFO 10 13 16 1 0 -91 0
14.214 1 NAVIGATION 0 2 10959186. -5945715. 0. 1.55455284314e+14 0 0
14.217 1 ATTITUDE 0.05266 -2.237112 -0.034933
14.219 1 ESTIMATOR -17. 0.
14.224 1 NAVIGATION 0 2 10959186. -5945715. 0. 1.55455284314e+14 0 0
14.227 1 GPS_SOL 649523968 100000 9999 0
14.237 1 SVINFO 13 16 16 1 0 -91 0
14.241 1 NAVIGATION 0 2 10959186. -5945715. 0. 1.55455284314e+14 0 0
14.245 1 ATTITUDE 0.052778 -2.236448 -0.034947
14.251 1 DESIRED 0. 0.01 0. 0. 0. 655. 0. 20.
14.497 1 IMU_GYRO -0.048828 0.008301 -0.007324
14.500 1 ATTITUDE 0.052802 -2.236756 -0.03494
14.502 1 CALIBRATION 0. 0
14.505 1 ATTITUDE 0.052778 -2.236996 -0.034942
14.512 1 DESIRED 0. 0.01 0. 0. 0. 655. 0. 20.
14.518 1 GPS 0 1130805120 0 0 -17000 0 0 0 15500 12 14
14.520 1 SVINFO 14 17 16 1 0 -91 0
14.523 1 BAT 54 70 0 0 1 15 0 0
14.528 1 NAVIGATION 0 2 10959186. -5945715. 0. 1.55455284314e+14 0 0
14.531 1 ATTITUDE 0.052823 -2.236607 -0.034934
14.534 1 ESTIMATOR -17. 0.
14.537 1 IMU_ACCEL 0.003906 -9.824219 0.847656
14.784 1 NAVIGATION 0 2 10959186. -5945715. 0. 1.55455284314e+14 0 0
14.787 1 ATTITUDE 0.05286 -2.236703 -0.034935
14.794 1 DESIRED 0. 0.01 0. 0. 0. 655. 0. 20.
14.797 1 WP_MOVED 13 348241.40625 5945665. 660. 12
14.803 1 GPS 0 1130805120 0 0 -17000 0 0 0 15750 12 15
14.933 1 DOWNLINK_STATUS 0 15 11143 508 1 777. 34. -2366.84
15.065 1 GPS 0 1130805120 0 0 -17000 0 0 0 16000 12 16
15.067 1 SVINFO 0 2 16 1 0 -91 0
15.070 1 IMU_MAG 0.25293 0.847656 0.306152
15.074 1 ENERGY 7. 0. 0 0.
15.078 1 NAVIGATION 0 2 10959186. -5945715. 0. 1.55455284314e+14 0 0
15.082 1 ATTITUDE 0.053007 -2.23709 -0.035028
15.088 1 DESIRED 0. 0.01 0. 0. 0. 655. 0. 20.
15.091 1 ESTIMATOR -17. 0.
15.095 1 ALIVE 146,231,91,70,4,121,172,87,197,184,0,27,160,39,103,86
15.190 1 WIND_INFO 1 42 0. 0. 0.
15.309 1 ATTITUDE 0.053077 -2.237402 -0.035009
15.311 1 WP_MOVED 14 348242.3125 5945836.5 660. 12
15.317 1 GPS 0 1130805120 0 0 -17000 0 0 0 16250 12 1
15.320 1 SVINFO 1 3 16 1 0 -91 0
15.325 1 NAVIGATION 0 2 10959186. -5945715. 0. 1.55455284314e+14 0 0
15.327 1 ATTITUDE 0.053072 -2.237303 -0.035003
15.335 1 DESIRED 0. 0.01 0. 0. 0. 655. 0. 20.
15.336 1 STATE_FILTER_STATUS 3 0
15.339 1 ATTITUDE 0.05308 -2.237418 -0.03501
15.342 1 IMU_ACCEL -0.003906 -9.824219 0.871094
15.934 1 DOWNLINK_STATUS 0 16 11559 527 2 416. 19. -7367.25
16.274 1 ATTITUDE 0.053076 -2.237524 -0.034976
16.280 1 DESIRED 0. 0.01 0. 0. 0. 655. 0. 20.
16.286 1 GPS 0 1130805120 0 0 -17000 0 0 0 16500 12 2
16.288 1 SVINFO 2 4 16 1 0 -91 0
16.292 1 IMU_GYRO -0.048828 0.008301 -0.007324
16.296 1 NAVIGATION 0 2 10959186. -5945715. 0. 1.55455284314e+14 0 0
16.299 1 ATTITUDE 0.053134 -2.237433 -0.034972
16.302 1 ESTIMATOR -17. 0.
16.306 1 NAVIGATION 0 2 10959186. -5945715. 0. 1.55455284314e+14 0 0
16.310 1 BAT 54 70 0 0 1 16 0 0
16.313 1 GPS_SOL 649525440 100000 9999 0
16.315 1 DOWNLINK 7 911 698
16.935 1 DOWNLINK_STATUS 0 17 11813 539 2 254. 12. -7367.25
17.393 1 ATTITUDE 0.05315 -2.237578 -0.034966
17.399 1 DESIRED 0. 0.01 0. 0. 0. 655. 0. 20.
17.403 1 WP_MOVED 15 348610.09375 5946017. 660. 12
17.408 1 GPS 0 1130805120 0 0 -17000 0 0 0 16750 12 3
17.410 1 SVINFO 3 5 16 1 0 -91 0
17.416 1 NAVIGATION 0 2 10959186. -5945715. 0. 1.55455284314e+14 0 0
17.419 1 ATTITUDE 0.053134 -2.237582 -0.034958
17.422 1 ATTITUDE 0.053145 -2.237818 -0.034985
17.429 1 DESIRED 0. 0.01 0. 0. 0. 655. 0. 20.
17.430 1 PPRZ_MODE 0 0 0 0 0 17
17.434 1 ATTITUDE 0.053218 -2.237946 -0.034957
17.682 1 GPS 0 1130805120 0 0 -17000 0 0 0 17000 12 4
17.684 1 SVINFO 4 7 16 1 0 -91 0
17.686 1 DL_VALUE 0 0.
17.690 1 NAVIGATION 0 2 10959186. -5945715. 0. 1.55455284314e+14 0 0
17.694 1 ATTITUDE 0.053285 -2.237875 -0.03497
17.700 1 DESIRED 0. 0.01 0. 0. 0. 655. 0. 20.
17.703 1 ESTIMATOR -17. 0.
17.706 1 IMU_GYRO -0.047852 0.008301 -0.008301
17.709 1 ATTITUDE 0.053228 -2.238032 -0.034968
17.712 1 WP_MOVED 16 348775.09375 5946191. 660. 12
17.716 1 IMU_ACCEL 0.003906 -9.833008 0.852539
17.721 1 GPS 0 1130805120 0 0 -17000 0 0 0 17250 12 5
17.935 1 DOWNLINK_STATUS 0 18 12327 562 2 514. 23. -7367.25
17.966 1 SVINFO 5 9 16 1 0 -91 0
17.970 1 NAVIGATION 0 2 10959186. -5945715. 0. 1.55455284314e+14 0 0
17.973 1 ATTITUDE 0.053251 -2.238075 -0.034982
17.980 1 DESIRED 0. 0.01 0. 0. 0. 655. 0. 20.
17.983 1 IMU_MAG 0.25293 0.84082 0.306152
17.986 1 ATTITUDE 0.053273 -2.238143 -0.034956
17.990 1 ATTITUDE 0.053379 -2.238441 -0.034973
17.996 1 DESIRED 0. 0.01 0. 0. 0. 655. 0. 20.
18.002 1 GPS 0 1130805120 0 0 -17000 0 0 0 17500 12 6
18.004 1 SVINFO 6 10 16 1 0 -91 0
18.006 1 CALIBRATION 0. 0
18.255 1 NAVIGATION 0 2 10959186. -5945715. 0. 1.55455284314e+14 0 0
18.258 1 ATTITUDE 0.053381 -2.238756 -0.034937
18.260 1 ESTIMATOR -17. 0.
18.265 1 NAVIGATION 0 2 10959186. -5945715. 0. 1.55455284314e+14 0 0
18.268 1 ATTITUDE 0.053394 -2.238441 -0.034932
18.275 1 DESIRED 0. 0.01 0. 0. 0. 655. 0. 20.
18.278 1 WP_MOVED 17 348944.6875 5946570. 660. 12
18.281 1 IMU_GYRO -0.047852 0.008301 -0.008301
18.285 1 BAT 54 70 0 0 1 17 0 0
18.291 1 GPS 0 1130805120 0 0 -17000 0 0 0 17750 12 7
18.293 1 SVINFO 7 11 16 1 0 -91 0
18.295 1 FBW_STATUS 0 49 0 70 0
18.543 1 NAVIGATION 0 2 10959186. -5945715. 0. 1.55455284314e+14 0 0
18.546 1 ATTITUDE 0.053381 -2.238542 -0.034971
18.549 1 ATTITUDE 0.053347 -2.238339 -0.034958
18.556 1 DESIRED 0. 0.01 0. 0. 0. 655. 0. 20.
18.558 1 PPRZ_MODE 0 0 0 0 0 17
18.561 1 ATTITUDE 0.05341 -2.238322 -0.034974
18.567 1 GPS 0 1130805120 0 0 -17000 0 0 0 18000 12 8
18.569 1 SVINFO 8 12 16 1 0 -91 0
18.572 1 IMU_ACCEL 0.013672 -9.80957 0.90918
18.577 1 NAVIGATION 0 2 10959186. -5945715. 0. 1.55455284314e+14 0 0
18.580 1 ATTITUDE 0.053357 -2.238477 -0.034963
18.812 1 DESIRED 0. 0.01 0. 0. 0. 655. 0. 20.
18.813 1 ESTIMATOR -17. 0.
18.817 1 ATTITUDE 0.05335 -2.238206 -0.034948
18.820 1 WP_MOVED 18 348975. 5946791.5 660. 12
18.826 1 GPS 0 1130805120 0 0 -17000 0 0 0 18250 12 9
18.828 1 SVINFO 9 13 16 1 0 -91 0
18.833 1 NAVIGATION 0 2 10959186. -5945715. 0. 1.55455284314e+14 0 0
18.836 1 ATTITUDE 0.053327 -2.238408 -0.034916
18.843 1 DESIRED 0. 0.01 0. 0. 0. 655. 0. 20.
18.846 1 IMU_GYRO -0.048828 0.008301 -0.007324
18.849 1 ATTITUDE 0.053333 -2.238647 -0.034945
18.936 1 DOWNLINK_STATUS 0 19 13328 607 2 1001. 45. -7367.25
19.099 1 ATTITUDE 0.053353 -2.238352 -0.034961
19.106 1 DESIRED 0. 0.01 0. 0. 0. 655. 0. 20.
19.112 1 GPS 0 1130805120 0 0 -17000 0 0 0 18500 12 10
19.114 1 SVINFO 10 14 16 1 0 -91 0
19.116 1 DL_VALUE 1 0.
19.118 1 STATE_FILTER_STATUS 3 0
19.122 1 NAVIGATION 0 2 10959186. -5945715. 0. 1.55455284314e+14 0 0
19.125 1 ATTITUDE 0.053343 -2.238499 -0.034952
19.128 1 ESTIMATOR -17. 0.
19.132 1 NAVIGATION 0 2 10959186. -5945715. 0. 1.55455284314e+14 0 0
19.138 1 IMU_MAG 0.250977 0.851074 0.310059
19.138 1 GPS_SOL 649527040 100000 9999 0
19.384 1 ATTITUDE 0.053402 -2.238758 -0.034976
19.391 1 DESIRED 0. 0.01 0. 0. 0. 655. 0. 20.
19.394 1 WP_MOVED 0 348907. 5945757. 660. 12
19.400 1 GPS 0 1130805120 0 0 -17000 0 0 0 18750 12 11
19.402 1 SVINFO 11 15 16 1 0 -91 0
19.407 1 NAVIGATION 0 2 10959186. -5945715. 0. 1.55455284314e+14 0 0
19.410 1 ATTITUDE 0.053395 -2.238718 -0.035002
19.413 1 IMU_ACCEL -0.018555 -9.842773 0.852539
19.417 1 BAT 54 70 0 0 1 19 0 0
19.420 1 ATTITUDE 0.053396 -2.23906 -0.035029
19.427 1 DESIRED 0. 0.01 0. 0. 0. 655. 0. 20.
19.672 1 IMU_GYRO -0.048828 0.008301 -0.007324
19.674 1 PPRZ_MODE 0 0 0 0 0 17
19.677 1 ATTITUDE 0.053392 -2.239179 -0.035018
19.683 1 GPS 0 1130805120 0 0 -17000 0 0 0 19000 12 12
19.686 1 SVINFO 12 16 16 1 0 -91 0
19.690 1 NAVIGATION 0 2 10959186. -5945715. 0. 1.55455284314e+14 0 0
19.693 1 ATTITUDE 0.053367 -2.239185 -0.034999
19.700 1 DESIRED 0. 0.01 0. 0. 0. 655. 0. 20.
19.702 1 ESTIMATOR -17. 0.
19.705 1 ATTITUDE 0.05335 -2.239377 -0.034996
19.709 1 WP_MOVED 1 348865. 5945715. 660. 12
19.715 1 GPS 0 1130805120 0 0 -17000 0 0 0 19250 12 13
19.937 1 DOWNLINK_STATUS 0 20 14094 642 2 766. 35. -7367.25
19.960 1 SVINFO 13 17 16 1 0 -91 0
19.965 1 NAVIGATION 0 2 10959186. -5945715. 0. 1.55455284314e+14 0 0
19.968 1 ATTITUDE 0.05337 -2.238977 -0.034996
19.975 1 DESIRED 0. 0.01 0. 0. 0. 655. 0. 20.
19.978 1 ATTITUDE 0.05333 -2.238998 -0.034978
19.980 1 NAVIGATION_REF 348865 5945715 12
19.983 1 ACTUATORS 1195,1559,1511,1511,1353
19.987 1 ATTITUDE 0.053222 -2.239174 -0.035013
19.992 1 GPS 0 1130805120 0 0 -17000 0 0 0 20000 12 16
19.995 1 SVINFO 0 3 16 1 0 -91 0
19.997 1 DL_VALUE 2 655.
20.001 1 NAVIGATION 0 2 10959186. -5945715. 0. 1.55455284314e+14 0 0
20.247 1 ATTITUDE 0.053133 -2.239258 -0.035064
20.253 1 DESIRED 0. 0.01 0. 0. 0. 655. 0. 20.
20.256 1 ESTIMATOR -17. 0.
20.259 1 IMU_GYRO -0.045654 0.008301 -0.007324
20.262 1 ATTITUDE 0.053093 -2.239577 -0.035067
20.266 1 WP_MOVED 3 348965.09375 5945786. 660. 12
20.280 1 ESTIMATOR -17. 0.
20.284 1 ALIVE 146,231,91,70,4,121,172,87,197,184,0,27,160,39,103,86
20.287 1 ATTITUDE 0.053103 -2.238763 -0.035173
20.533 1 WP_MOVED 5 348740. 5945760. 660. 12
20.536 1 IMU_ACCEL 0. -9.852539 0.890625
20.539 1 IMU_MAG 0.25293 0.849609 0.325684
20.545 1 GPS 0 1130805120 0 0 -17000 0 0 0 21250 12 5
20.548 1 SVINFO 5 10 16 1 0 -91 0
20.552 1 NAVIGATION 0 2 10959186. -5945715. 0. 1.55455284314e+14 0 0
20.561 1 ATTITUDE 0.053057 -2.240031 -0.035232
20.568 1 DESIRED 0.02 0.02 0. 0. 0. 655. 0. 20.
20.574 1 GPS 0 1130805120 0 0 -17000 0 0 0 21500 12 6
20.576 1 SVINFO 6 11 16 1 0 -91 0
20.938 1 DOWNLINK_STATUS 0 21 14755 673 4 661. 31. -12367.58
21.143 1 DL_VALUE 3 0.
21.147 1 NAVIGATION 0 2 10959186. -5945715. 0. 1.55455284314e+14 0 0
21.151 1 ATTITUDE 0.053 -2.240273 -0.035286
21.153 1 ESTIMATOR -17. 0.
21.158 1 NAVIGATION 0 2 10959186. -5945715. 0. 1.55455284314e+14 0 0
21.161 1 ATTITUDE 0.05297 -2.240535 -0.035292
21.167 1 DESIRED 0.02 0.02 0. 0. 0. 655. 0. 20.
21.171 1 WP_MOVED 6 348665. 5945815. 660. 12
21.173 1 CALIBRATION 0. 0
21.175 1 DOWNLINK 8 902 909
21.180 1 GPS 0 1130805120 0 0 -17000 0 0 0 21750 12 7
21.183 1 SVINFO 7 12 16 1 0 -91 0
21.185 1 FBW_STATUS 0 49 1 70 0
21.938 1 DOWNLINK_STATUS 0 22 15010 686 4 255. 13. -12367.58
22.112 1 NAVIGATION 0 2 10959186. -5945715. 0. 1.55455284314e+14 0 0
22.115 1 ATTITUDE 0.053037 -2.240997 -0.035276
22.118 1 ATTITUDE 0.053003 -2.241151 -0.035296
22.125 1 DESIRED 0.02 0.02 0. 0. 0. 655. 0. 20.
22.128 1 IMU_GYRO -0.051025 0.007324 -0.006348
22.130 1 PPRZ_MODE 1 0 0 0 0 21
22.133 1 ATTITUDE 0.052948 -2.241006 -0.035339
22.142 1 GPS 0 1130805120 0 0 -17000 0 0 0 22000 12 8
22.142 1 SVINFO 8 13 16 1 0 -91 0
22.143 1 IMU_ACCEL 0. -9.824219 0.880859
22.149 1 NAVIGATION 0 2 10959186. -5945715. 0. 1.55455284314e+14 0 0
22.151 1 ATTITUDE 0.052845 -2.241374 -0.035348
22.939 1 DOWNLINK_STATUS 0 23 15267 698 4 257. 12. -12367.58
23.101 1 DESIRED 0.02 0.02 0. 0. 0. 655. 0. 20.
23.102 1 ESTIMATOR -17. 0.
23.106 1 BAT 54 70 0 0 1 22 0 0
23.109 1 ATTITUDE 0.052746 -2.241696 -0.035363
23.113 1 WP_MOVED 7 349065. 5946015. 660. 12
23.118 1 GPS 0 1130805120 0 0 -17000 0 0 0 22250 12 9
23.121 1 SVINFO 9 14 16 1 0 -91 0
23.125 1 NAVIGATION 0 2 10959186. -5945715. 0. 1.55455284314e+14 0 0
23.129 1 ATTITUDE 0.052655 -2.241944 -0.035363
23.135 1 DESIRED 0.02 0.02 0. 0. 0. 655. 0. 20.
23.143 1 ATTITUDE 0.052546 -2.242236 -0.035355
23.940 1 DOWNLINK_STATUS 0 24 15525 709 4 258. 11. -12367.58
24.099 1 ATTITUDE 0.052507 -2.24241 -0.035346
24.106 1 DESIRED 0.02 0.02 0. 0. 0. 655. 0. 20.
24.111 1 GPS 0 1130805120 0 0 -17000 0 0 0 22500 12 10
24.114 1 SVINFO 10 15 16 1 0 -91 0
24.117 1 IMU_GYRO -0.048828 0.007324 -0.009521
24.122 1 NAVIGATION 0 2 10959186. -5945715. 0. 1.55455284314e+14 0 0
24.125 1 ATTITUDE 0.052465 -2.242391 -0.035391
24.127 1 ESTIMATOR -17. 0.
24.132 1 NAVIGATION 0 2 10959186. -5945715. 0. 1.55455284314e+14 0 0
24.135 1 GPS_SOL 649530880 100000 9999 0
24.138 1 ATTITUDE 0.052447 -2.242386 -0.035393
24.387 1 DESIRED 0.02 0.02 0. 0. 0. 655. 0. 20.
24.390 1 WP_MOVED 8 349447.90625 5946767.5 660. 12
24.396 1 GPS 0 1130805120 0 0 -17000 0 0 0 22750 12 11
24.398 1 SVINFO 11 16 16 1 0 -91 0
24.403 1 NAVIGATION 0 2 10959186. -5945715. 0. 1.55455284314e+14 0 0
24.406 1 ATTITUDE 0.052383 -2.242 -0.035413
24.409 1 IMU_ACCEL 0.023438 -9.833008 0.943359
24.412 1 ATTITUDE 0.052321 -2.242212 -0.035469
24.419 1 DESIRED 0.02 0.02 0. 0. 0. 655. 0. 20.
24.421 1 PPRZ_MODE 1 0 0 0 0 21
24.422 1 STATE_FILTER_STATUS 3 0
24.425 1 ATTITUDE 0.052311 -2.242482 -0.035469
24.674 1 GPS 0 1130805120 0 0 -17000 0 0 0 23000 12 12
24.676 1 SVINFO 12 17 16 1 0 -91 0
24.678 1 DL_VALUE 4 0.
24.683 1 NAVIGATION 0 2 10959186. -5945715. 0. 1.55455284314e+14 0 0
24.686 1 ATTITUDE 0.052309 -2.242754 -0.035487
24.693 1 DESIRED 0.02 0.02 0. 0. 0. 655. 0. 20.
24.695 1 ESTIMATOR -17. 0.
24.698 1 IMU_GYRO -0.048828 0.008301 -0.007324
24.701 1 ATTITUDE 0.052255 -2.243154 -0.035511
24.705 1 WP_MOVED 9 349369.3125 5945408. 660. 12
24.708 1 BAT 54 70 0 0 1 23 0 0
24.714 1 GPS 0 1130805120 0 0 -17000 0 0 0 23250 12 13
24.941 1 DOWNLINK_STATUS 0 25 16291 744 4 766. 35. -12367.58
24.959 1 SVINFO 13 18 16 1 0 -91 0
24.964 1 NAVIGATION 0 2 10959186. -5945715. 0. 1.55455284314e+14 0 0
24.967 1 ATTITUDE 0.05214 -2.243512 -0.03559
24.973 1 DESIRED 0.02 0.02 0. 0. 0. 655. 0. 20.
24.976 1 ATTITUDE 0.052092 -2.244113 -0.0356
24.980 1 ATTITUDE 0.052166 -2.244554 -0.035606
24.986 1 DESIRED 0.02 0.02 0. 0. 0. 655. 0. 20.
24.992 1 GPS 0 1130805120 0 0 -17000 0 0 0 23500 12 14
24.994 1 SVINFO 14 19 16 1 0 -91 0
24.998 1 ENERGY 7. 0. 0 0.
25.190 1 WIND_INFO 1 42 0. 0. 0.
25.245 1 NAVIGATION 0 2 10959186. -5945715. 0. 1.55455284314e+14 0 0
25.248 1 ATTITUDE 0.052203 -2.244775 -0.035577
25.250 1 ESTIMATOR -17. 0.
25.253 1 IMU_ACCEL -0.003906 -9.824219 0.866211
25.258 1 NAVIGATION 0 2 10959186. -5945715. 0. 1.55455284314e+14 0 0
25.261 1 ATTITUDE 0.052239 -2.244628 -0.035589
25.268 1 DESIRED 0.02 0.02 0. 0. 0. 655. 0. 20.
25.271 1 WP_MOVED 10 348852.40625 5945427. 660. 12
25.274 1 IMU_GYRO -0.046631 0.009521 -0.008301
25.280 1 GPS 0 1130805120 0 0 -17000 0 0 0 23750 12 15
25.283 1 SVINFO 15 20 16 1 0 -91 0
25.285 1 FBW_STATUS 0 47 1 70 0
25.889 1 NAVIGATION 0 2 10959186. -5945715. 0. 1.55455284314e+14 0 0
25.892 1 ATTITUDE 0.05218 -2.244924 -0.035641
25.895 1 IMU_MAG 0.250977 0.847656 0.327637
25.897 1 CALIBRATION 0. 0
25.900 1 ATTITUDE 0.052214 -2.245228 -0.035641
25.907 1 DESIRED 0.02 0.02 0. 0. 0. 655. 0. 20.
25.909 1 PPRZ_MODE 1 0 0 0 0 21
25.912 1 ATTITUDE 0.052169 -2.245005 -0.035649
25.918 1 GPS 0 1130805120 0 0 -17000 0 0 0 24000 12 16
25.920 1 SVINFO 0 3 16 1 0 -91 0
25.925 1 NAVIGATION 0 2 10959186. -5945715. 0. 1.55455284314e+14 0 0
25.928 1 ATTITUDE 0.052082 -2.244999 -0.035852
25.942 1 DOWNLINK_STATUS 0 26 17036 778 4 745. 34. -17367.92
26.499 1 DESIRED 0.02 0.02 0. 0. 0. 655. 0. 20.
26.500 1 ESTIMATOR -17. 0.
26.504 1 ATTITUDE 0.050184 -2.244835 -0.040446
26.507 1 WP_MOVED 11 348865. 5945714. 660. 12
26.514 1 GPS 0 1130805120 0 0 -17000 0 0 0 24250 12 1
26.515 1 SVINFO 1 6 16 1 0 -91 0
26.520 1 NAVIGATION 0 2 10959186. -5945715. 0. 1.55455284314e+14 0 0
26.523 1 ATTITUDE 0.049488 -2.244289 -0.040677
26.531 1 DESIRED 0.02 0.02 0. 0. 0. 655. 0. 20.
26.533 1 IMU_GYRO -0.045654 0.010498 0.000977
26.536 1 BAT 54 70 0 0 1 24 0 0
26.540 1 ATTITUDE 0.051086 -2.244807 -0.039194
26.943 1 DOWNLINK_STATUS 0 27 17312 790 4 276. 12. -17367.92
27.108 1 IMU_ACCEL -0.09082 -9.890625 0.732422
27.111 1 ATTITUDE 0.048878 -2.24432 -0.042013
27.118 1 DESIRED 0.02 0.02 0. 0. 0. 655. 0. 20.
27.123 1 GPS 0 1130805120 0 0 -17000 0 0 0 24500 12 2
27.126 1 SVINFO 2 7 16 1 0 -91 0
27.128 1 DL_VALUE 5 0.
27.131 1 COMMANDS 54,-757,-60,0,-252
27.134 1 ATTITUDE 0.045469 -2.242761 -0.044026
27.140 1 DESIRED 0.02 0.02 0. 0. 0. 655. 0. 20.
27.148 1 IMU_GYRO -0.049805 0.008301 0.001953
27.149 1 PPRZ_MODE 1 0 0 0 0 21
27.149 1 ACTUATORS 1195,1607,1462,1462,1353
27.751 1 ATTITUDE 0.045562 -2.243143 -0.043879
27.757 1 GPS 0 1130805120 0 0 -17000 0 0 0 25000 12 4
27.759 1 SVINFO 4 10 16 1 0 -91 0
27.764 1 NAVIGATION 0 2 10959186. -5945715. 0. 1.55455284314e+14 0 0
27.766 1 ATTITUDE 0.04591 -2.24348 -0.043611
27.779 1 NAVIGATION 0 2 10959186. -5945715. 0. 1.55455284314e+14 0 0
27.781 1 ATTITUDE 0.05305 -2.244207 -0.03808
27.784 1 ATTITUDE 0.053121 -2.244198 -0.038069
27.792 1 DESIRED 0.02 0.02 0. 0. 0. 655. 0. 20.
27.793 1 PPRZ_MODE 1 0 0 0 0 21
27.944 1 DOWNLINK_STATUS 0 28 17785 812 5 473. 22. -17367.92
28.395 1 CALIBRATION 0. 0
28.398 1 ATTITUDE 0.053166 -2.244287 -0.038052
28.404 1 GPS 0 1130805120 0 0 -17000 0 0 0 26000 12 8
28.406 1 SVINFO 8 14 16 1 0 -91 0
28.409 1 IMU_ACCEL 0.033203 -9.847656 0.847656
28.411 1 DL_VALUE 6 40.
28.415 1 ENERGY 7. 0. 0 0.
28.423 1 ATTITUDE 0.05356 -2.24262 -0.038052
28.426 1 IMU_ACCEL -0.008789 -9.842773 0.856445
28.428 1 DOWNLINK 9 912 1121
28.431 1 ATTITUDE 0.053616 -2.242669 -0.038058
28.438 1 DESIRED 0.02 0.02 0. 0. 0. 655. 0. 20.
28.945 1 DOWNLINK_STATUS 0 29 18013 824 6 228. 12. -17367.92
29.326 1 PPRZ_MODE 1 0 0 0 0 21
29.330 1 ATTITUDE 0.053631 -2.242854 -0.03808
29.335 1 GPS 0 1130805120 0 0 -17000 0 0 0 27000 12 12
29.338 1 SVINFO 12 18 16 1 0 -91 0
29.342 1 NAVIGATION 0 2 10959186. -5945715. 0. 1.55455284314e+14 0 0
29.345 1 ATTITUDE 0.053618 -2.242574 -0.038071
29.357 1 ATTITUDE 0.053191 -2.24269 -0.038032
29.360 1 ATTITUDE 0.053079 -2.242827 -0.038041
29.367 1 DESIRED 0.02 0.01 0. 0. 0. 655. 0. 20.
29.947 1 DOWNLINK_STATUS 0 30 18208 833 7 195. 9. -17367.92
29.996 1 IMU_GYRO -0.047852 0.008301 -0.008301
29.998 1 PPRZ_MODE 2 0 0 0 0 21
30.001 1 ATTITUDE 0.053003 -2.242972 -0.038023
30.007 1 GPS 0 1130805120 0 0 -17000 0 0 0 28000 12 16
30.009 1 SVINFO 0 3 16 1 0 -91 0
30.011 1 CALIBRATION 0. 0
30.016 1 NAVIGATION 0 2 10959186. -5945715. 0. 1.55455284314e+14 0 0
30.019 1 ATTITUDE 0.05291 -2.242746 -0.038039
30.026 1 DESIRED 0.02 0.01 0. 0. 0. 655. 0. 20.
30.028 1 ESTIMATOR -17. 0.
30.031 1 ATTITUDE 0.052902 -2.242915 -0.038025
30.035 1 WP_MOVED 0 348907. 5945757. 660. 12
30.284 1 GPS 0 1130805120 0 0 -17000 0 0 0 28250 12 1
30.286 1 SVINFO 1 6 16 1 0 -91 0
30.291 1 NAVIGATION 0 2 10959186. -5945715. 0. 1.55455284314e+14 0 0
30.294 1 ATTITUDE 0.052826 -2.243091 -0.038039
30.301 1 DESIRED 0.02 0.01 0. 0. 0. 655. 0. 20.
30.304 1 ATTITUDE 0.052802 -2.242876 -0.038246
30.307 1 IMU_ACCEL -0.013672 -9.852539 0.74707
30.310 1 NAVIGATION_REF 348865 5945715 12
30.313 1 ATTITUDE 0.049739 -2.241982 -0.040806
30.319 1 DESIRED 0.02 0.01 0. 0. 0. 655. 0. 20.
30.325 1 GPS 0 1130805120 0 0 -17000 0 0 0 28500 12 2
30.328 1 SVINFO 2 7 16 1 0 -91 0
30.573 1 IMU_GYRO -0.032959 0.011475 -0.066895
30.578 1 NAVIGATION 0 2 10959186. -5945715. 0. 1.55455284314e+14 0 0
30.581 1 ATTITUDE 0.048968 -2.24173 -0.044675
30.583 1 ESTIMATOR -17. 0.
30.588 1 NAVIGATION 0 2 10959186. -5945715. 0. 1.55455284314e+14 0 0
30.591 1 GPS_SOL 649537984 100000 9999 0
30.594 1 ATTITUDE 0.04841 -2.241274 -0.045586
30.601 1 DESIRED 0.02 0.01 0. 0. 0. 655. 0. 20.
30.604 1 WP_MOVED 1 348865. 5945715. 660. 12
30.608 1 BAT 0 70 0 0 1 28 0 0
30.614 1 GPS 0 1130805120 0 0 -17000 0 0 0 28750 12 3
30.947 1 DOWNLINK_STATUS 0 31 18980 868 7 772. 35. -22368.37
31.216 1 SVINFO 3 9 16 1 0 -91 0
31.221 1 NAVIGATION 0 2 10959186. -5945715. 0. 1.55455284314e+14 0 0
31.224 1 ATTITUDE 0.048547 -2.241334 -0.044827
31.227 1 ATTITUDE 0.054092 -2.243259 -0.039484
31.234 1 DESIRED 0.02 0.01 0. 0. 0. 655. 0. 20.
31.235 1 PPRZ_MODE 2 0 0 0 0 21
31.238 1 ATTITUDE 0.053227 -2.242688 -0.039062
31.244 1 GPS 0 1130805120 0 0 -17000 0 0 0 29000 12 4
31.246 1 SVINFO 4 11 16 1 0 -91 0
31.249 1 IMU_MAG 0.250977 0.844238 0.315918
31.251 1 DL_VALUE 8 0.
31.257 1 NAVIGATION 0 2 10959186. -5945715. 0. 1.55455284314e+14 0 0
31.259 1 ATTITUDE 0.053406 -2.242779 -0.039182
31.949 1 DOWNLINK_STATUS 0 32 19244 881 7 264. 13. -22368.37
32.749 1 DESIRED 0.02 0.01 0. 0. 0. 655. 0. 20.
32.751 1 ESTIMATOR -17. 0.
32.754 1 IMU_GYRO -0.052002 0.007324 -0.012695
32.758 1 ATTITUDE 0.051136 -2.242072 -0.041106
32.761 1 WP_MOVED 2 348895. 5945815. 660. 12
32.764 1 IMU_ACCEL 0.076172 -9.732422 1.019531
32.775 1 NAVIGATION 0 2 10959186. -5945715. 0. 1.55455284314e+14 0 0
32.778 1 ATTITUDE 0.052624 -2.242668 -0.04092
32.785 1 DESIRED 0.02 0.01 0. 0. 0. 655. 0. 20.
32.949 1 DOWNLINK_STATUS 0 33 19452 890 8 208. 9. -22368.37
33.415 1 WP_MOVED 3 348965.09375 5945786. 660. 12
33.417 1 IMU_GYRO -0.039307 0.012695 -0.001953
33.423 1 GPS 0 1130805120 0 0 -17000 0 0 0 29750 12 7
33.425 1 SVINFO 7 14 16 1 0 -91 0
33.428 1 FBW_STATUS 0 51 1 70 0
33.433 1 NAVIGATION 0 2 10959186. -5945715. 0. 1.55455284314e+14 0 0
33.442 1 WP_MOVED 4 348764.6875 5945795. 660. 12
33.448 1 GPS 0 1130805120 0 0 -17000 0 0 0 30250 12 9
33.450 1 SVINFO 9 16 16 1 0 -91 0
33.455 1 NAVIGATION 0 2 10959186. -5945715. 0. 1.55455284314e+14 0 0
33.458 1 ATTITUDE 0.054165 -2.243062 -0.038119
33.708 1 DESIRED 0.02 0.01 0. 0. 0. 655. 0. 20.
33.711 1 IMU_GYRO -0.051025 0.006348 -0.007324
33.714 1 IMU_MAG 0.25293 0.847656 0.327637
33.717 1 ATTITUDE 0.054158 -2.243197 -0.038153
33.720 1 ATTITUDE 0.055117 -2.24164 -0.038089
33.731 1 ATTITUDE 0.059031 -2.241469 -0.03763
33.734 1 IMU_ACCEL 0.038086 -9.87207 0.775391
33.737 1 ATTITUDE 0.057833 -2.241914 -0.038656
33.744 1 DESIRED 0.02 0.01 0. 0. 0. 655. 0. 20.
33.950 1 DOWNLINK_STATUS 0 34 19891 910 10 439. 20. -22368.37
33.989 1 IMU_GYRO -0.028564 0.008301 -0.047852
33.991 1 PPRZ_MODE 2 0 0 0 0 21
33.995 1 BAT 0 70 0 0 1 31 0 0
33.998 1 ATTITUDE 0.056382 -2.241544 -0.040945
34.004 1 GPS 0 1130805120 0 0 -17000 0 0 0 31000 12 12
34.006 1 SVINFO 12 20 16 1 0 -91 0
34.010 1 ENERGY 7. 0. 0 0.
34.025 1 GPS 0 1130805120 0 0 -17000 0 0 0 31500 12 14
34.028 1 SVINFO 14 22 16 1 0 -91 0
34.031 1 IMU_GYRO -0.045654 -0.027588 -0.012695
34.279 1 NAVIGATION 0 2 10959186. -5945715. 0. 1.55455284314e+14 0 0
34.282 1 ATTITUDE 0.049756 -2.251897 -0.043052
34.284 1 ESTIMATOR -17. 0.
34.287 1 IMU_ACCEL -0.133789 -9.829102 1.129883
34.292 1 NAVIGATION 0 2 10959186. -5945715. 0. 1.55455284314e+14 0 0
34.295 1 IMU_MAG 0.271973 0.916016 0.276855
34.308 1 DESIRED 0.02 0.01 0. 0. 0. 655. 0. 20.
34.309 1 ESTIMATOR -17. 0.
34.312 1 IMU_GYRO -0.170166 0.02124 -0.071289
34.316 1 ATTITUDE 0.08085 -2.265971 -0.059673
34.320 1 WP_MOVED 8 349447.90625 5946767.5 660. 12
34.565 1 CALIBRATION 0. 0
34.571 1 GPS 0 1130805120 0 0 -17000 0 0 0 32250 12 1
34.573 1 SVINFO 1 8 16 1 0 -91 0
34.578 1 NAVIGATION 0 2 10959186. -5945715. 0. 1.55455284314e+14 0 0
34.581 1 ATTITUDE 0.086271 -2.267436 -0.063154
34.594 1 GPS 0 1130805120 0 0 -17000 0 0 0 33000 12 4
34.597 1 SVINFO 4 11 16 1 0 -91 0
34.601 1 NAVIGATION 0 2 10959186. -5945715. 0. 1.55455284314e+14 0 0
34.605 1 ATTITUDE 0.11475 -2.234392 -0.069212
34.854 1 DESIRED 0.02 0.02 0. 0. 0. 655. 0. 20.
34.856 1 ESTIMATOR -17. 0.
34.860 1 BAT 0 70 0 0 1 33 0 0
34.863 1 ATTITUDE 0.116223 -2.224867 -0.07525
34.866 1 WP_MOVED 10 348852.40625 5945427. 660. 12
34.870 1 IMU_ACCEL 0.124023 -9.771484 0.25293
34.882 1 DESIRED 0.02 0.02 0. 0. 0. 655. 0. 20.
34.886 1 WP_MOVED 11 348865. 5945714. 660. 12
34.892 1 GPS 0 1130805120 0 0 -17000 0 0 0 33750 12 7
34.894 1 SVINFO 7 14 16 1 0 -91 0
34.950 1 DOWNLINK_STATUS 0 35 20747 950 14 856. 40. -22368.37
35.139 1 FBW_STATUS 0 46 1 70 0
35.145 1 NAVIGATION 0 2 10959186. -5945715. 0. 1.55455284314e+14 0 0
35.147 1 ATTITUDE 0.099245 -2.226887 -0.073006
35.150 1 ATTITUDE 0.099062 -2.227733 -0.072947
35.158 1 DESIRED 0.02 0.02 0. 0. 0. 655. 0. 20.
35.160 1 IMU_GYRO -0.052979 0.010498 -0.009521
35.163 1 ATTITUDE 0.099194 -2.228035 -0.07303
35.168 1 GPS 0 1130805120 0 0 -17000 0 0 0 34000 12 8
35.171 1 SVINFO 8 15 16 1 0 -91 0
35.175 1 IMU_ACCEL 0.402344 -9.852539 0.478516
35.180 1 NAVIGATION 0 2 10959186. -5945715. 0. 1.55455284314e+14 0 0
35.182 1 ATTITUDE 0.099198 -2.228573 -0.07305
35.190 1 WIND_INFO 1 42 0. 0. 0.
35.431 1 DESIRED 0.02 0.02 0. 0. 0. 655. 0. 20.
35.434 1 ESTIMATOR -17. 0.
35.437 1 ATTITUDE 0.099135 -2.229144 -0.073039
35.440 1 WP_MOVED 12 348655.1875 5945715. 660. 12
35.444 1 BAT 0 70 0 0 1 34 0 0
35.447 1 IMU_MAG 0.271973 0.985352 0.390625
35.453 1 GPS 0 1130805120 0 0 -17000 0 0 0 34250 12 9
35.455 1 SVINFO 9 16 16 1 0 -91 0
35.460 1 NAVIGATION 0 2 10959186. -5945715. 0. 1.55455284314e+14 0 0
35.463 1 ATTITUDE 0.09919 -2.229282 -0.073093
35.470 1 DESIRED 0.02 0.02 0. 0. 0. 655. 0. 20.
35.952 1 DOWNLINK_STATUS 0 36 21265 973 14 518. 23. -27369.24
36.426 1 CALIBRATION 0. 0
36.429 1 ATTITUDE 0.099193 -2.229892 -0.073134
36.432 1 ATTITUDE 0.099164 -2.230578 -0.073186
36.440 1 DESIRED 0.02 0.02 0. 0. 0. 655. 0. 20.
36.445 1 GPS 0 1130805120 0 0 -17000 0 0 0 34500 12 10
36.452 1 ATTITUDE 0.09915 -2.231485 -0.073231
36.460 1 DESIRED 0.02 0.02 0. 0. 0. 655. 0. 20.
36.461 1 PPRZ_MODE 2 0 0 0 0 21
36.464 1 ACTUATORS 1195,1637,1377,1377,1350
36.467 1 ATTITUDE 0.099147 -2.232013 -0.073261
36.953 1 DOWNLINK_STATUS 0 37 21486 983 15 221. 10. -27369.24
37.040 1 GPS 0 1130805120 0 0 -17000 0 0 0 35000 12 12
37.042 1 SVINFO 12 20 16 1 0 -91 0
37.044 1 DL_VALUE 1 0.
37.048 1 NAVIGATION 0 2 10959186. -5945715. 0. 1.55455284314e+14 0 0
37.052 1 ATTITUDE 0.099124 -2.232659 -0.073305
37.061 1 CALIBRATION 0. 0
37.064 1 ATTITUDE 0.09902 -2.23426 -0.07361
37.070 1 DESIRED 0.02 0.02 0. 0. 0. 655. 0. 20.
37.076 1 GPS 0 1130805120 0 0 -17000 0 0 0 36500 12 2
37.079 1 SVINFO 2 9 16 1 0 -91 0
37.953 1 DOWNLINK_STATUS 0 38 21702 993 16 216. 10. -27369.24
38.457 1 DL_VALUE 2 655.
38.461 1 NAVIGATION 0 2 10959186. -5945715. 0. 1.55455284314e+14 0 0
38.464 1 ATTITUDE 0.09896 -2.234909 -0.073681
38.467 1 ESTIMATOR -17. 0.
38.471 1 NAVIGATION 0 2 10959186. -5945715. 0. 1.55455284314e+14 0 0
38.474 1 GPS_SOL 649550016 100000 9999 0
38.478 1 ATTITUDE 0.098933 -2.235466 -0.073689
38.491 1 ESTIMATOR -17. 0.
38.494 1 ATTITUDE 0.09895 -2.236847 -0.0737
38.497 1 WP_MOVED 18 348975. 5946791.5 660. 12
38.500 1 IMU_ACCEL 0.373047 -9.847656 0.425781
38.749 1 GPS 0 1130805120 0 0 -17000 0 0 0 37250 12 5
38.751 1 SVINFO 5 12 16 1 0 -91 0
38.756 1 NAVIGATION 0 2 10959186. -5945715. 0. 1.55455284314e+14 0 0
38.759 1 ATTITUDE 0.098921 -2.237345 -0.07373
38.765 1 DESIRED 0.02 0.02 0. 0. 0. 655. 0. 20.
38.768 1 ATTITUDE 0.098894 -2.237696 -0.073763
38.771 1 NAVIGATION_REF 348865 5945715 12
38.774 1 ATTITUDE 0.098844 -2.238255 -0.073813
38.781 1 DESIRED 0.02 0.02 0. 0. 0. 655. 0. 20.
38.787 1 GPS 0 1130805120 0 0 -17000 0 0 0 37500 12 6
38.954 1 DOWNLINK_STATUS 0 39 22153 1014 17 451. 21. -27369.24
39.032 1 SVINFO 6 13 16 1 0 -91 0
39.035 1 IMU_GYRO -0.048828 0.008301 -0.007324
39.040 1 NAVIGATION 0 2 10959186. -5945715. 0. 1.55455284314e+14 0 0
39.043 1 ATTITUDE 0.098826 -2.238749 -0.073812
39.045 1 ESTIMATOR -17. 0.
39.051 1 NAVIGATION 0 2 10959186. -5945715. 0. 1.55455284314e+14 0 0
39.053 1 ATTITUDE 0.098798 -2.23893 -0.073814
39.059 1 DESIRED 0.02 0.02 0. 0. 0. 655. 0. 20.
39.063 1 WP_MOVED 0 348907. 5945757. 660. 12
39.069 1 GPS 0 1130805120 0 0 -17000 0 0 0 37750 12 7
39.071 1 SVINFO 7 14 16 1 0 -91 0
39.074 1 FBW_STATUS 0 50 1 70 0
39.322 1 NAVIGATION 0 2 10959186. -5945715. 0. 1.55455284314e+14 0 0
39.325 1 ATTITUDE 0.09884 -2.239515 -0.073796
39.328 1 ATTITUDE 0.098844 -2.240022 -0.073802
39.335 1 DESIRED 0.02 0.02 0. 0. 0. 655. 0. 20.
39.337 1 PPRZ_MODE 2 0 0 0 0 21
39.340 1 ATTITUDE 0.098814 -2.240149 -0.073808
39.345 1 GPS 0 1130805120 0 0 -17000 0 0 0 38000 12 8
39.348 1 SVINFO 8 15 16 1 0 -91 0
39.351 1 IMU_ACCEL 0.373047 -9.824219 0.450195
39.353 1 DL_VALUE 3 0.
39.358 1 NAVIGATION 0 2 10959186. -5945715. 0. 1.55455284314e+14 0 0
39.361 1 ATTITUDE 0.098747 -2.240576 -0.073864
39.609 1 DESIRED 0.02 0.02 0. 0. 0. 655. 0. 20.
39.611 1 ESTIMATOR -17. 0.
39.615 1 IMU_GYRO -0.048828 0.008301 -0.007324
39.618 1 IMU_MAG 0.263184 0.98877 0.392578
39.621 1 ATTITUDE 0.098721 -2.240995 -0.073885
39.624 1 WP_MOVED 1 348865. 5945715. 660. 12
39.630 1 GPS 0 1130805120 0 0 -17000 0 0 0 38250 12 9
39.632 1 SVINFO 9 17 16 1 0 -91 0
39.637 1 NAVIGATION 0 2 10959186. -5945715. 0. 1.55455284314e+14 0 0
39.640 1 ATTITUDE 0.098675 -2.241061 -0.073875
39.647 1 DESIRED 0.02 0.02 0. 0. 0. 655. 0. 20.
39.648 1 STATE_FILTER_STATUS 3 0
39.894 1 ATTITUDE 0.098674 -2.241538 -0.073937
39.897 1 ATTITUDE 0.098701 -2.242042 -0.073986
39.904 1 DESIRED 0.02 0.02 0. 0. 0. 655. 0. 20.
39.909 1 GPS 0 1130805120 0 0 -17000 0 0 0 38500 12 10
39.911 1 SVINFO 10 19 16 1 0 -91 0
39.913 1 CALIBRATION 0. 0
39.918 1 NAVIGATION 0 2 10959186. -5945715. 0. 1.55455284314e+14 0 0
39.921 1 ATTITUDE 0.098637 -2.242504 -0.074032
39.923 1 ESTIMATOR -17. 0.
39.928 1 NAVIGATION 0 2 10959186. -5945715. 0. 1.55455284314e+14 0 0
39.932 1 BAT 0 70 0 0 1 38 0 0
39.935 1 GPS_SOL 649553472 100000 9999 0
39.955 1 DOWNLINK_STATUS 0 40 23175 1062 17 1022. 48. -27369.24
40.181 1 ATTITUDE 0.098586 -2.243057 -0.07402
40.188 1 DESIRED 0.02 0.02 0. 0. 0. 655. 0. 20.
40.191 1 WP_MOVED 2 348895. 5945815. 660. 12
40.194 1 IMU_GYRO -0.048828 0.008301 -0.008301
40.200 1 GPS 0 1130805120 0 0 -17000 0 0 0 38750 12 11
40.207 1 ATTITUDE 0.098588 -2.244027 -0.074044
40.214 1 DESIRED 0.02 0.02 0. 0. 0. 655. 0. 20.
40.216 1 PPRZ_MODE 2 0 0 0 0 21
40.219 1 ATTITUDE 0.098577 -2.244659 -0.074079
40.467 1 GPS 0 1130805120 0 0 -17000 0 0 0 39000 12 12
40.470 1 SVINFO 12 21 16 1 0 -91 0
40.474 1 NAVIGATION 0 2 10959186. -5945715. 0. 1.55455284314e+14 0 0
40.477 1 ATTITUDE 0.098598 -2.245426 -0.074105
40.484 1 DESIRED 0.02 0.02 0. 0. 0. 655. 0. 20.
40.486 1 ESTIMATOR -17. 0.
40.489 1 ATTITUDE 0.098522 -2.246099 -0.074052
40.493 1 WP_MOVED 3 348965.09375 5945786. 660. 12
40.499 1 GPS 0 1130805120 0 0 -17000 0 0 0 39250 12 13
40.501 1 SVINFO 13 22 16 1 0 -91 0
40.506 1 NAVIGATION 0 2 10959186. -5945715. 0. 1.55455284314e+14 0 0
40.509 1 ATTITUDE 0.09853 -2.24668 -0.074057
40.956 1 DOWNLINK_STATUS 0 41 23660 1083 18 485. 21. -32370.38
41.540 1 DESIRED 0.02 0.02 0. 0. 0. 655. 0. 20.
41.543 1 IMU_GYRO -0.048828 0.008301 -0.008301
41.546 1 ATTITUDE 0.098488 -2.24723 -0.074121
41.549 1 IMU_MAG 0.259766 0.987305 0.530273
41.552 1 ATTITUDE 0.098472 -2.246603 -0.074109
41.567 1 DESIRED 0.02 0.02 0. 0. 0. 655. 0. 20.
41.570 1 ESTIMATOR -17. 0.
41.573 1 ATTITUDE 0.098345 -2.249128 -0.074414
41.576 1 WP_MOVED 5 348740. 5945760. 660. 12
41.957 1 DOWNLINK_STATUS 0 42 23860 1092 19 200. 9. -32370.38
42.180 1 GPS 0 1130805120 0 0 -17000 0 0 0 40250 12 1
42.182 1 SVINFO 1 9 16 1 0 -91 0
42.187 1 NAVIGATION 0 2 10959186. -5945715. 0. 1.55455284314e+14 0 0
42.190 1 ATTITUDE 0.098073 -2.249488 -0.074627
42.197 1 DESIRED 0.02 0.02 0. 0. 0. 655. 0. 20.
42.200 1 ATTITUDE 0.09695 -2.250402 -0.075363
42.215 1 IMU_MAG 0.265137 0.994141 0.392578
42.221 1 GPS 0 1130805120 0 0 -17000 0 0 0 40750 12 3
42.822 1 SVINFO 3 11 16 1 0 -91 0
42.827 1 NAVIGATION 0 2 10959186. -5945715. 0. 1.55455284314e+14 0 0
42.830 1 ATTITUDE 0.08785 -2.248191 -0.07417
42.834 1 BAT 0 70 0 0 1 41 0 0
42.837 1 ATTITUDE 0.088094 -2.248392 -0.074212
42.843 1 DESIRED 0.02 0.02 0. 0. 0. 655. 0. 20.
42.958 1 DOWNLINK_STATUS 0 43 24193 1106 20 333. 14. -32370.38
43.521 1 IMU_GYRO -0.048828 0.008301 -0.007324
43.524 1 ATTITUDE 0.066452 -2.250257 -0.083502
43.527 1 ATTITUDE 0.066472 -2.250153 -0.08353
43.534 1 DESIRED 0.02 0.01 0. 0. 0. 655. 0. 20.
43.539 1 GPS 0 1130805120 0 0 -17000 0 0 0 42500 12 10
43.542 1 SVINFO 10 20 16 1 0 -91 0
43.544 1 DL_VALUE 6 40.
43.548 1 NAVIGATION 0 2 10959186. -5945715. 0. 1.55455284314e+14 0 0
43.551 1 ATTITUDE 0.066505 -2.250473 -0.083633
43.554 1 ESTIMATOR -17. 0.
43.802 1 NAVIGATION 0 2 10959186. -5945715. 0. 1.55455284314e+14 0 0
43.804 1 GPS_SOL 649561024 100000 9999 0
43.807 1 ATTITUDE 0.066484 -2.250817 -0.083616
43.813 1 DESIRED 0.02 0.01 0. 0. 0. 655. 0. 20.
43.817 1 WP_MOVED 10 348852.40625 5945427. 660. 12
43.819 1 CALIBRATION 0. 0
43.820 1 STATE_FILTER_STATUS 3 0
43.826 1 GPS 0 1130805120 0 0 -17000 0 0 0 42750 12 11
43.829 1 SVINFO 11 21 16 1 0 -91 0
43.833 1 NAVIGATION 0 2 10959186. -5945715. 0. 1.55455284314e+14 0 0
43.836 1 ATTITUDE 0.066478 -2.25096 -0.083708
43.839 1 IMU_ACCEL 0.445312 -9.837891 0.722656
43.842 1 ATTITUDE 0.066508 -2.25144 -0.083786
43.959 1 DOWNLINK_STATUS 0 44 24667 1129 21 474. 23. -32370.38
44.093 1 DESIRED 0.02 0.01 0. 0. 0. 655. 0. 20.
44.096 1 IMU_GYRO -0.049805 0.008301 -0.008301
44.098 1 PPRZ_MODE 2 0 0 0 0 21
44.101 1 ATTITUDE 0.066597 -2.251819 -0.0838
44.107 1 GPS 0 1130805120 0 0 -17000 0 0 0 43000 12 12
44.109 1 SVINFO 12 22 16 1 0 -91 0
44.113 1 BAT 0 70 0 0 1 43 0 0
44.117 1 NAVIGATION 0 2 10959186. -5945715. 0. 1.55455284314e+14 0 0
44.121 1 ATTITUDE 0.066702 -2.251974 -0.083816
44.127 1 DESIRED 0.02 0.01 0. 0. 0. 655. 0. 20.
44.130 1 ESTIMATOR -17. 0.
44.375 1 ATTITUDE 0.066769 -2.252291 -0.083873
44.379 1 WP_MOVED 11 348865. 5945714. 660. 12
44.385 1 GPS 0 1130805120 0 0 -17000 0 0 0 43250 12 13
44.387 1 SVINFO 13 24 16 1 0 -91 0
44.392 1 NAVIGATION 0 2 10959186. -5945715. 0. 1.55455284314e+14 0 0
44.395 1 ATTITUDE 0.066792 -2.252449 -0.084066
44.401 1 DESIRED 0.02 0.01 0. 0. 0. 655. 0. 20.
44.404 1 IMU_MAG 0.247559 0.992188 0.449707
44.408 1 ATTITUDE 0.066809 -2.252775 -0.084182
44.411 1 ATTITUDE 0.066843 -2.253215 -0.084211
44.417 1 DESIRED 0.02 0.01 0. 0. 0. 655. 0. 20.
44.669 1 GPS 0 1130805120 0 0 -17000 0 0 0 43500 12 14
44.669 1 SVINFO 14 25 16 1 0 -91 0
44.672 1 IMU_GYRO -0.048828 0.007324 -0.008301
44.677 1 NAVIGATION 0 2 10959186. -5945715. 0. 1.55455284314e+14 0 0
44.683 1 ATTITUDE 0.066891 -2.253472 -0.084287
44.683 1 ESTIMATOR -17. 0.
44.685 1 IMU_ACCEL 0.46875 -9.824219 0.74707
44.689 1 NAVIGATION 0 2 10959186. -5945715. 0. 1.55455284314e+14 0 0
44.692 1 ATTITUDE 0.067163 -2.253816 -0.08444
44.700 1 DESIRED 0.02 0.01 0. 0. 0. 655. 0. 20.
44.702 1 WP_MOVED 12 348655.1875 5945715. 660. 12
44.951 1 GPS 0 1130805120 0 0 -17000 0 0 0 43750 12 15
44.954 1 SVINFO 15 26 16 1 0 -91 0
44.956 1 FBW_STATUS 0 46 1 70 0
44.959 1 DOWNLINK_STATUS 0 45 25481 1165 21 814. 36. -32370.38
44.961 1 NAVIGATION 0 2 10959186. -5945715. 0. 1.55455284314e+14 0 0
44.964 1 ATTITUDE 0.068072 -2.253507 -0.084815
44.967 1 ATTITUDE 0.072388 -2.253011 -0.086062
44.974 1 DESIRED 0.02 0.01 0. 0. 0. 655. 0. 20.
44.976 1 PPRZ_MODE 2 0 0 0 0 21
44.979 1 ATTITUDE 0.099391 -2.254311 -0.092493
44.985 1 GPS 0 1130805120 0 0 -17000 0 0 0 44000 12 16
44.987 1 SVINFO 0 3 16 1 0 -91 0
44.989 1 DL_VALUE 7 2.
45.190 1 WIND_INFO 1 42 0. 0. 0.
45.236 1 NAVIGATION 0 2 10959186. -5945715. 0. 1.55455284314e+14 0 0
45.239 1 ATTITUDE 0.145543 -2.259562 -0.095165
45.245 1 DESIRED 0.02 0.03 0. 0. 0. 655. 0. 20.
45.248 1 ESTIMATOR -17. 0.
45.251 1 IMU_GYRO -0.008301 0.013672 0.031738
45.255 1 BAT 0 70 0 0 1 44 0 0
45.258 1 ATTITUDE 0.145178 -2.259676 -0.091776
45.261 1 WP_MOVED 13 348241.40625 5945665. 660. 12
45.267 1 GPS 0 1130805120 0 0 -17000 0 0 0 44250 12 1
45.269 1 SVINFO 1 10 16 1 0 -91 0
45.274 1 NAVIGATION 0 2 10959186. -5945715. 0. 1.55455284314e+14 0 0
45.277 1 ATTITUDE 0.144599 -2.260428 -0.094555
45.848 1 DESIRED 0.02 0.03 0. 0. 0. 655. 0. 20.
45.851 1 ATTITUDE 0.144438 -2.260694 -0.094538
45.854 1 IMU_ACCEL 0.550781 -9.819336 -0.018555
45.858 1 ATTITUDE 0.144314 -2.260102 -0.09461
45.864 1 DESIRED 0.02 0.03 0. 0. 0. 655. 0. 20.
45.874 1 IMU_ACCEL 0.550781 -9.819336 -0.038086
45.878 1 BAT 0 70 0 0 1 45 0 0
45.884 1 GPS 0 1130805120 0 0 -17000 0 0 0 45250 12 5
45.886 1 SVINFO 5 15 16 1 0 -91 0
45.960 1 DOWNLINK_STATUS 0 46 26149 1195 22 668. 30. -37370.67
46.490 1 NAVIGATION 0 2 10959186. -5945715. 0. 1.55455284314e+14 0 0
46.493 1 ATTITUDE 0.144338 -2.260185 -0.095429
46.499 1 DESIRED 0.02 0.03 0. 0. 0. 655. 0. 20.
46.503 1 IMU_GYRO -0.049805 0.008301 -0.007324
46.506 1 ATTITUDE 0.144441 -2.260592 -0.095374
46.509 1 ATTITUDE 0.144422 -2.260999 -0.095399
46.522 1 IMU_GYRO -0.048828 0.008301 -0.009521
46.525 1 PPRZ_MODE 2 0 0 0 0 21
46.528 1 IMU_MAG 0.254883 0.980469 0.447754
46.531 1 ATTITUDE 0.144483 -2.261116 -0.095765
46.961 1 DOWNLINK_STATUS 0 47 26351 1205 23 202. 10. -37370.67
47.962 1 DOWNLINK_STATUS 0 48 26351 1205 23 0. 0. -37370.67
48.034 1 GPS 0 1130805120 0 0 -17000 0 0 0 46000 12 8
48.036 1 SVINFO 8 20 16 1 0 -91 0
48.039 1 IMU_ACCEL 0.550781 -9.819336 -0.038086
48.043 1 ENERGY 7. 0. 0 0.
48.047 1 NAVIGATION 0 2 10959186. -5945715. 0. 1.55455284314e+14 0 0
48.050 1 ATTITUDE 0.144512 -2.261469 -0.095722
48.067 1 GPS 0 1130805120 0 0 -17000 0 0 0 46500 12 10
48.069 1 SVINFO 10 22 16 1 0 -91 0
48.072 1 IMU_GYRO -0.049805 0.008301 -0.009521
48.319 1 NAVIGATION 0 2 10959186. -5945715. 0. 1.55455284314e+14 0 0
48.322 1 ATTITUDE 0.144541 -2.261739 -0.096174
48.324 1 ESTIMATOR -17. 0.
48.329 1 NAVIGATION 0 2 10959186. -5945715. 0. 1.55455284314e+14 0 0
48.332 1 GPS_SOL 649569280 100000 9999 0
48.335 1 ATTITUDE 0.144547 -2.262022 -0.096216
48.348 1 IMU_MAG 0.242676 0.978516 0.612793
48.349 1 DOWNLINK 15 901 1966
48.355 1 GPS 0 1130805120 0 0 -17000 0 0 0 47250 12 13
48.358 1 SVINFO 13 25 16 1 0 -91 0
48.605 1 NAVIGATION 0 2 10959186. -5945715. 0. 1.55455284314e+14 0 0
48.608 1 ATTITUDE 0.144702 -2.262778 -0.096656
48.615 1 DESIRED 0.02 0.03 0. 0. 0. 655. 0. 20.
48.618 1 ATTITUDE 0.144718 -2.263114 -0.096651
48.622 1 BAT 0 70 0 0 1 47 0 0
48.625 1 ATTITUDE 0.14472 -2.263297 -0.096701
48.631 1 DESIRED 0.02 0.03 0. 0. 0. 655. 0. 20.
48.637 1 GPS 0 1130805120 0 0 -17000 0 0 0 47500 12 14
48.640 1 SVINFO 14 26 16 1 0 -91 0
48.644 1 NAVIGATION 0 2 10959186. -5945715. 0. 1.55455284314e+14 0 0
48.647 1 ATTITUDE 0.14475 -2.263585 -0.096676
48.893 1 ESTIMATOR -17. 0.
48.896 1 IMU_ACCEL 0.554688 -9.829102 -0.02832
48.900 1 NAVIGATION 0 2 10959186. -5945715. 0. 1.55455284314e+14 0 0
48.904 1 ATTITUDE 0.144758 -2.26401 -0.09668
48.910 1 DESIRED 0.02 0.03 0. 0. 0. 655. 0. 20.
48.919 1 SVINFO 15 27 16 1 0 -91 0
48.921 1 FBW_STATUS 0 53 1 70 0
48.926 1 NAVIGATION 0 2 10959186. -5945715. 0. 1.55455284314e+14 0 0
48.929 1 ATTITUDE 0.144778 -2.264158 -0.096733
48.932 1 ATTITUDE 0.144788 -2.264442 -0.096741
48.963 1 DOWNLINK_STATUS 0 49 27213 1245 26 862. 40. -37370.67
49.181 1 DESIRED 0.02 0.03 0. 0. 0. 655. 0. 20.
49.183 1 PPRZ_MODE 2 0 0 0 0 21
49.186 1 ATTITUDE 0.14479 -2.264789 -0.096825
49.192 1 GPS 0 1130805120 0 0 -17000 0 0 0 48000 12 16
49.194 1 SVINFO 0 3 16 1 0 -91 0
49.199 1 NAVIGATION 0 2 10959186. -5945715. 0. 1.55455284314e+14 0 0
49.202 1 ATTITUDE 0.144782 -2.264786 -0.09686
49.209 1 DESIRED 0.02 0.03 0. 0. 0. 655. 0. 20.
49.211 1 ESTIMATOR -17. 0.
49.214 1 ATTITUDE 0.144799 -2.265087 -0.096808
49.218 1 WP_MOVED 2 348895. 5945815. 660. 12
49.466 1 GPS 0 1130805120 0 0 -17000 0 0 0 48250 12 1
49.469 1 SVINFO 1 12 16 1 0 -91 0
49.473 1 NAVIGATION 0 2 10959186. -5945715. 0. 1.55455284314e+14 0 0
49.476 1 ATTITUDE 0.144827 -2.26539 -0.096878
49.483 1 DESIRED 0.02 0.03 0. 0. 0. 655. 0. 20.
49.486 1 IMU_GYRO -0.049805 0.009521 -0.007324
49.489 1 ATTITUDE 0.144835 -2.265398 -0.09687
49.492 1 IMU_ACCEL 0.569336 -9.824219 -0.023438
49.495 1 ATTITUDE 0.144811 -2.265823 -0.096935
49.502 1 DESIRED 0.02 0.03 0. 0. 0. 655. 0. 20.
49.508 1 GPS 0 1130805120 0 0 -17000 0 0 0 48500 12 2
49.754 1 SVINFO 2 13 16 2 22 -91 0
49.758 1 BAT 0 70 0 0 1 48 0 0
49.762 1 NAVIGATION 0 2 10959186. -5945715. 0. 1.55455284314e+14 0 0
49.765 1 ATTITUDE 0.144819 -2.266252 -0.096936
49.768 1 ESTIMATOR -17. 0.
49.772 1 NAVIGATION 0 2 10959186. -5945715. 0. 1.55455284314e+14 0 0
49.775 1 GPS_SOL 649573632 100000 9999 0
49.778 1 ATTITUDE 0.144853 -2.266326 -0.097008
49.785 1 DESIRED 0.02 0.03 0. 0. 0. 655. 0. 20.
49.788 1 WP_MOVED 3 348965.09375 5945786. 660. 12
49.794 1 GPS 0 1130805120 0 0 -17000 0 0 0 48750 12 3
49.797 1 SVINFO 3 14 16 1 0 -91 0
49.964 1 DOWNLINK_STATUS 0 50 27993 1279 26 780. 34. -37370.67
50.044 1 NAVIGATION 0 2 10959186. -5945715. 0. 1.55455284314e+14 0 0
50.047 1 ATTITUDE 0.144874 -2.266649 -0.097044
50.050 1 ATTITUDE 0.144875 -2.267047 -0.097149
50.056 1 DESIRED 0.02 0.03 0. 0. 0. 655. 0. 20.
50.060 1 IMU_GYRO -0.048828 0.007324 -0.010498
50.062 1 PPRZ_MODE 2 0 0 0 0 21
50.065 1 ATTITUDE 0.144868 -2.267217 -0.097138
50.071 1 GPS 0 1130805120 0 0 -17000 0 0 0 49000 12 4
50.073 1 SVINFO 4 15 16 1 0 -91 0
50.075 1 CALIBRATION 0. 0
50.079 1 NAVIGATION 0 2 10959186. -5945715. 0. 1.55455284314e+14 0 0
50.083 1 ATTITUDE 0.144851 -2.267698 -0.097182
50.333 1 DESIRED 0.02 0.03 0. 0. 0. 655. 0. 20.
50.334 1 ESTIMATOR -17. 0.
50.337 1 ATTITUDE 0.144854 -2.268157 -0.097214
50.341 1 WP_MOVED 4 348764.6875 5945795. 660. 12
50.344 1 IMU_ACCEL 0.536133 -9.799805 -0.013672
50.349 1 GPS 0 1130805120 0 0 -17000 0 0 0 49250 12 5
50.357 1 SVINFO 6 17 16 1 0 -91 0
50.360 1 IMU_GYRO -0.049805 0.008301 -0.009521
50.365 1 NAVIGATION 0 2 10959186. -5945715. 0. 1.55455284314e+14 0 0
50.368 1 ATTITUDE 0.144892 -2.268734 -0.097321
50.370 1 ESTIMATOR -17. 0.
50.619 1 NAVIGATION 0 2 10959186. -5945715. 0. 1.55455284314e+14 0 0
50.622 1 BAT 0 70 0 0 1 49 0 0
50.625 1 ATTITUDE 0.144902 -2.269181 -0.097319
50.632 1 DESIRED 0.02 0.03 0. 0. 0. 655. 0. 20.
50.636 1 WP_MOVED 5 348740. 5945760. 660. 12
50.650 1 GPS 0 1130805120 0 0 -17000 0 0 0 50250 12 9
50.653 1 SVINFO 9 21 16 1 0 -91 0
50.657 1 NAVIGATION 0 2 10959186. -5945715. 0. 1.55455284314e+14 0 0
50.660 1 ATTITUDE 0.145002 -2.269506 -0.097479
50.964 1 DOWNLINK_STATUS 0 51 28688 1311 27 695. 32. -42370.9
51.589 1 DESIRED 0.02 0.03 0. 0. 0. 655. 0. 20.
51.591 1 ATTITUDE 0.145004 -2.269822 -0.097521
51.594 1 ATTITUDE 0.144926 -2.269589 -0.097616
51.602 1 DESIRED 0.02 0.03 0. 0. 0. 655. 0. 20.
51.614 1 DESIRED 0.02 0.01 0. 0. 0. 655. 0. 20.
51.617 1 WP_MOVED 9 349369.3125 5945408. 660. 12
51.623 1 GPS 0 1130805120 0 0 -17000 0 0 0 51750 12 15
51.625 1 SVINFO 15 28 16 1 0 -91 0
51.965 1 DOWNLINK_STATUS 0 52 28905 1319 28 217. 8. -42370.9
52.585 1 NAVIGATION 0 2 10959186. -5945715. 0. 1.55455284314e+14 0 0
52.588 1 FBW_STATUS 0 48 1 70 0
52.591 1 ATTITUDE 0.060577 -2.262186 -0.100174
52.595 1 BAT 0 70 0 0 1 52 0 0
52.598 1 ATTITUDE 0.060677 -2.262817 -0.100091
52.613 1 GPS 0 1130805120 0 0 -17000 0 0 0 52000 12 16
52.615 1 SVINFO 0 3 16 1 0 -91 0
52.620 1 NAVIGATION 0 2 10959186. -5945715. 0. 1.55455284314e+14 0 0
52.623 1 ATTITUDE 0.060803 -2.263457 -0.099875
52.966 1 DOWNLINK_STATUS 0 53 29094 1328 29 189. 9. -42370.9
53.257 1 DESIRED 0.02 0.01 0. 0. 0. 655. 0. 20.
53.259 1 ESTIMATOR -17. 0.
53.262 1 ATTITUDE 0.060945 -2.263708 -0.099675
53.266 1 WP_MOVED 10 348852.40625 5945427. 660. 12
53.272 1 GPS 0 1130805120 0 0 -17000 0 0 0 52250 12 1
53.274 1 SVINFO 1 13 16 1 0 -91 0
53.279 1 NAVIGATION 0 2 10959186. -5945715. 0. 1.55455284314e+14 0 0
53.282 1 ATTITUDE 0.061183 -2.2637 -0.099496
53.288 1 DESIRED 0.02 0.01 0. 0. 0. 655. 0. 20.
53.289 1 DOWNLINK 18 901 2174
53.293 1 ATTITUDE 0.061511 -2.263696 -0.098919
53.296 1 IMU_ACCEL 0.574219 -9.833008 0.775391
53.542 1 IMU_MAG 0.239258 1.009277 0.353516
53.545 1 ATTITUDE 0.062085 -2.263866 -0.098438
53.552 1 DESIRED 0.02 0.01 0. 0. 0. 655. 0. 20.
53.557 1 GPS 0 1130805120 0 0 -17000 0 0 0 52500 12 2
53.560 1 SVINFO 2 14 16 1 0 -91 0
53.568 1 ESTIMATOR -17. 0.
53.573 1 NAVIGATION 0 2 10959186. -5945715. 0. 1.55455284314e+14 0 0
53.576 1 GPS_SOL 649582976 100000 9999 0
53.579 1 ATTITUDE 0.063096 -2.263818 -0.098074
53.829 1 DESIRED 0.02 0.01 0. 0. 0. 655. 0. 20.
53.832 1 WP_MOVED 11 348865. 5945714. 660. 12
53.837 1 GPS 0 1130805120 0 0 -17000 0 0 0 52750 12 3
53.840 1 SVINFO 3 15 16 1 0 -91 0
53.844 1 NAVIGATION 0 2 10959186. -5945715. 0. 1.55455284314e+14 0 0
53.848 1 ATTITUDE 0.063008 -2.264068 -0.098531
53.851 1 ATTITUDE 0.062963 -2.264161 -0.098682
53.857 1 DESIRED 0.02 0.01 0. 0. 0. 655. 0. 20.
53.859 1 PPRZ_MODE 2 0 0 0 0 21
53.863 1 BAT 0 70 0 0 1 53 0 0
53.866 1 ATTITUDE 0.062941 -2.264619 -0.099583
53.872 1 GPS 0 1130805120 0 0 -17000 0 0 0 53000 12 4
53.967 1 DOWNLINK_STATUS 0 54 29845 1361 30 751. 33. -42370.9
54.117 1 SVINFO 4 16 16 1 0 -91 0
54.119 1 DL_VALUE 2 655.
54.124 1 NAVIGATION 0 2 10959186. -5945715. 0. 1.55455284314e+14 0 0
54.126 1 ATTITUDE 0.062891 -2.26501 -0.100839
54.134 1 DESIRED 0.02 0.01 0. 0. 0. 655. 0. 20.
54.135 1 ESTIMATOR -17. 0.
54.145 1 WP_MOVED 12 348655.1875 5945715. 660. 12
54.148 1 IMU_ACCEL 0.626953 -9.833008 0.813477
54.149 1 CALIBRATION 0. 0
54.155 1 GPS 0 1130805120 0 0 -17000 0 0 0 53250 12 5
54.157 1 SVINFO 5 17 16 1 0 -91 0
54.405 1 NAVIGATION 0 2 10959186. -5945715. 0. 1.55455284314e+14 0 0
54.408 1 ATTITUDE 0.063522 -2.266159 -0.109047
54.415 1 DESIRED 0.02 0.01 0. 0. 0. 655. 0. 20.
54.418 1 ATTITUDE 0.063839 -2.266813 -0.113784
54.421 1 ATTITUDE 0.063896 -2.26724 -0.116357
54.428 1 DESIRED 0.02 0.01 0. 0. 0. 655. 0. 20.
54.434 1 GPS 0 1130805120 0 0 -17000 0 0 0 53500 12 6
54.436 1 SVINFO 6 19 16 1 0 -91 0
54.440 1 ENERGY 7. 0. 0 0.
54.444 1 NAVIGATION 0 2 10959186. -5945715. 0. 1.55455284314e+14 0 0
54.447 1 ATTITUDE 0.06401 -2.267416 -0.117226
54.693 1 ESTIMATOR -17. 0.
54.697 1 NAVIGATION 0 2 10959186. -5945715. 0. 1.55455284314e+14 0 0
54.700 1 ATTITUDE 0.064222 -2.267622 -0.115462
54.707 1 DESIRED 0.02 0.01 0. 0. 0. 655. 0. 20.
54.710 1 WP_MOVED 13 348241.40625 5945665. 660. 12
54.713 1 IMU_GYRO -0.052002 0.014893 0.037109
54.717 1 IMU_MAG 0.228516 1.005859 0.392578
54.718 1 STATE_FILTER_STATUS 3 0
54.724 1 GPS 0 1130805120 0 0 -17000 0 0 0 53750 12 7
54.726 1 SVINFO 7 20 16 1 0 -91 0
54.729 1 FBW_STATUS 0 52 1 70 0
54.733 1 NAVIGATION 0 2 10959186. -5945715. 0. 1.55455284314e+14 0 0
54.968 1 DOWNLINK_STATUS 0 55 30578 1395 31 733. 34. -42370.9
54.980 1 ATTITUDE 0.064282 -2.267212 -0.108146
54.982 1 ATTITUDE 0.064657 -2.267972 -0.097747
54.989 1 DESIRED 0.02 0.01 0. 0. 0. 655. 0. 20.
54.991 1 PPRZ_MODE 2 0 0 0 0 21
54.995 1 ATTITUDE 0.065265 -2.268518 -0.096377
55.000 1 GPS 0 1130805120 0 0 -17000 0 0 0 54000 12 8
55.002 1 SVINFO 8 21 16 1 0 -91 0
55.005 1 IMU_ACCEL 0.765625 -9.900391 0.875977
55.010 1 BAT 0 70 0 0 1 54 0 0
55.014 1 NAVIGATION 0 2 10959186. -5945715. 0. 1.55455284314e+14 0 0
55.016 1 ATTITUDE 0.067819 -2.268804 -0.090703
55.190 1 WIND_INFO 1 42 0. 0. 0.
55.266 1 DESIRED 0.02 0.01 0. 0. 0. 655. 0. 20.
55.268 1 ESTIMATOR -17. 0.
55.271 1 ATTITUDE 0.072582 -2.271058 -0.080847
55.275 1 WP_MOVED 14 348242.3125 5945836.5 660. 12
55.281 1 GPS 0 1130805120 0 0 -17000 0 0 0 54250 12 9
55.283 1 SVINFO 9 22 16 1 0 -91 0
55.288 1 NAVIGATION 0 2 10959186. -5945715. 0. 1.55455284314e+14 0 0
55.291 1 ATTITUDE 0.070287 -2.270761 -0.07573
55.297 1 DESIRED 0.02 0.01 0. 0. 0. 655. 0. 20.
55.300 1 IMU_GYRO -0.051025 0.005127 -0.029785
55.304 1 ATTITUDE 0.066431 -2.270317 -0.082418
55.307 1 ATTITUDE 0.064357 -2.270126 -0.088169
55.913 1 DESIRED 0.02 0.01 0. 0. 0. 655. 0. 20.
55.918 1 GPS 0 1130805120 0 0 -17000 0 0 0 54500 12 10
55.921 1 SVINFO 10 23 16 1 0 -91 0
55.923 1 DL_VALUE 3 0.
55.927 1 NAVIGATION 0 2 10959186. -5945715. 0. 1.55455284314e+14 0 0
55.930 1 ATTITUDE 0.064695 -2.270523 -0.086527
55.939 1 SVINFO 13 26 16 1 0 -91 0
55.943 1 NAVIGATION 0 2 10959186. -5945715. 0. 1.55455284314e+14 0 0
55.947 1 ATTITUDE 0.065546 -2.270551 -0.083498
55.953 1 DESIRED 0.02 0.01 0. 0. 0. 655. 0. 20.
55.968 1 DOWNLINK_STATUS 0 56 31321 1428 32 743. 33. -47371.4
56.521 1 CALIBRATION 0. 0
56.525 1 ATTITUDE 0.065734 -2.27098 -0.082963
56.527 1 NAVIGATION_REF 348865 5945715 12
56.530 1 ATTITUDE 0.065776 -2.271377 -0.082659
56.537 1 DESIRED 0.02 0.01 0. 0. 0. 655. 0. 20.
56.550 1 SVINFO 1 13 16 1 0 -91 0
56.554 1 NAVIGATION 0 2 10959186. -5945715. 0. 1.55455284314e+14 0 0
56.557 1 ATTITUDE 0.068616 -2.271975 -0.079374
56.564 1 DESIRED 0.02 0.01 0. 0. 0. 655. 0. 20.
56.968 1 DOWNLINK_STATUS 0 57 31517 1437 33 196. 9. -47371.4
57.133 1 IMU_MAG 0.261719 0.995605 0.375
57.136 1 ATTITUDE 0.068623 -2.272195 -0.07902
57.140 1 IMU_ACCEL 0.382812 -9.847656 0.722656
57.143 1 ATTITUDE 0.068675 -2.272457 -0.078657
57.149 1 DESIRED 0.02 0.01 0. 0. 0. 655. 0. 20.
57.160 1 GPS 0 1130805120 0 0 -17000 0 0 0 57000 12 4
57.163 1 SVINFO 4 20 16 1 0 -91 0
57.167 1 NAVIGATION 0 2 10959186. -5945715. 0. 1.55455284314e+14 0 0
57.170 1 ATTITUDE 0.068417 -2.272537 -0.076875
57.742 1 DESIRED 0.02 0.01 0. 0. 0. 655. 0. 20.
57.744 1 ESTIMATOR -17. 0.
57.747 1 ATTITUDE 0.068375 -2.272791 -0.076513
57.751 1 WP_MOVED 1 348865. 5945715. 660. 12
57.754 1 IMU_ACCEL 0.344727 -9.857422 0.712891
57.760 1 GPS 0 1130805120 0 0 -17000 0 0 0 57250 12 5
57.762 1 SVINFO 5 21 16 1 0 -91 0
57.767 1 NAVIGATION 0 2 10959186. -5945715. 0. 1.55455284314e+14 0 0
57.770 1 ATTITUDE 0.068237 -2.273307 -0.076054
57.777 1 DESIRED 0.02 0.01 0. 0. 0. 655. 0. 20.
57.780 1 IMU_GYRO -0.047852 0.009521 -0.005127
57.783 1 BAT 0 70 0 0 1 57 0 0
57.969 1 DOWNLINK_STATUS 0 58 31994 1458 34 477. 21. -47371.4
58.795 1 ATTITUDE 0.068173 -2.273689 -0.075709
58.797 1 CALIBRATION 0. 0
58.799 1 DOWNLINK 18 905 2386
58.802 1 ATTITUDE 0.068069 -2.274105 -0.075327
58.808 1 DESIRED 0.02 0.01 0. 0. 0. 655. 0. 20.
58.814 1 GPS 0 1130805120 0 0 -17000 0 0 0 57500 12 6
58.817 1 SVINFO 6 21 16 1 0 -91 0
58.819 1 DL_VALUE 5 0.
58.823 1 NAVIGATION 0 2 10959186. -5945715. 0. 1.55455284314e+14 0 0
58.826 1 ATTITUDE 0.067959 -2.274235 -0.074967
58.828 1 ESTIMATOR -17. 0.
58.833 1 NAVIGATION 0 2 10959186. -5945715. 0. 1.55455284314e+14 0 0
58.835 1 IMU_MAG 0.268555 0.994141 0.34375
58.970 1 DOWNLINK_STATUS 0 59 32250 1471 34 256. 13. -47371.4
59.082 1 ATTITUDE 0.067912 -2.274505 -0.074731
59.089 1 DESIRED 0.02 0.01 0. 0. 0. 655. 0. 20.
59.092 1 WP_MOVED 2 348895. 5945815. 660. 12
59.098 1 GPS 0 1130805120 0 0 -17000 0 0 0 57750 12 7
59.100 1 SVINFO 7 22 16 1 0 -91 0
59.105 1 NAVIGATION 0 2 10959186. -5945715. 0. 1.55455284314e+14 0 0
59.108 1 FBW_STATUS 0 50 1 70 0
59.111 1 ATTITUDE 0.067884 -2.274928 -0.074454
59.114 1 ATTITUDE 0.067833 -2.274823 -0.074197
59.121 1 DESIRED 0.02 0.01 0. 0. 0. 655. 0. 20.
59.124 1 IMU_GYRO -0.047852 0.008301 -0.006348
59.368 1 PPRZ_MODE 2 0 0 0 0 21
59.371 1 ATTITUDE 0.06774 -2.275006 -0.073944
59.377 1 GPS 0 1130805120 0 0 -17000 0 0 0 58000 12 8
59.380 1 SVINFO 8 23 16 1 0 -91 0
59.383 1 IMU_ACCEL 0.334961 -9.833008 0.737305
59.387 1 NAVIGATION 0 2 10959186. -5945715. 0. 1.55455284314e+14 0 0
59.390 1 ATTITUDE 0.067814 -2.275277 -0.073527
59.397 1 DESIRED 0.02 0.01 0. 0. 0. 655. 0. 20.
59.400 1 ESTIMATOR -17. 0.
59.401 1 STATE_FILTER_STATUS 3 0
59.404 1 ATTITUDE 0.067644 -2.275501 -0.073051
59.408 1 WP_MOVED 3 348965.09375 5945786. 660. 12
59.657 1 GPS 0 1130805120 0 0 -17000 0 0 0 58250 12 9
59.659 1 SVINFO 9 25 16 1 0 -91 0
59.664 1 NAVIGATION 0 2 10959186. -5945715. 0. 1.55455284314e+14 0 0
59.667 1 ATTITUDE 0.067524 -2.27589 -0.072525
59.673 1 DESIRED 0.02 0.01 0. 0. 0. 655. 0. 20.
59.677 1 ATTITUDE 0.067444 -2.276061 -0.071834
59.680 1 BAT 0 70 0 0 1 58 0 0
59.688 1 ATTITUDE 0.067445 -2.276219 -0.070958
59.690 1 DESIRED 0.02 0.01 0. 0. 0. 655. 0. 20.
59.696 1 GPS 0 1130805120 0 0 -17000 0 0 0 58500 12 10
59.698 1 SVINFO 10 26 16 1 0 -91 0
59.944 1 IMU_GYRO -0.045654 0.010498 0.001953
59.948 1 NAVIGATION 0 2 10959186. -5945715. 0. 1.55455284314e+14 0 0
59.951 1 ATTITUDE 0.067338 -2.276497 -0.069679
59.954 1 ESTIMATOR -17. 0.
59.958 1 NAVIGATION 0 2 10959186. -5945715. 0. 1.55455284314e+14 0 0
59.961 1 GPS_SOL 649598400 100000 9999 0
59.964 1 ATTITUDE 0.066969 -2.276533 -0.067606
59.970 1 DOWNLINK_STATUS 0 60 33152 1512 34 902. 41. -47371.4
59.971 1 DESIRED 0.02 0.01 0. 0. 0. 655. 0. 20.
59.975 1 WP_MOVED 4 348764.6875 5945795. 660. 12
59.980 1 GPS 0 1130805120 0 0 -17000 0 0 0 58750 12 11
59.983 1 SVINFO 11 27 16 1 0 -91 0
60.231 1 NAVIGATION 0 2 10959186. -5945715. 0. 1.55455284314e+14 0 0
60.233 1 ATTITUDE 0.066065 -2.276576 -0.064128
60.236 1 IMU_ACCEL 0.244141 -9.833008 0.737305
60.239 1 ATTITUDE 0.064588 -2.277059 -0.058125
60.246 1 DESIRED 0.02 0.01 0. 0. 0. 655. 0. 20.
60.248 1 PPRZ_MODE 2 0 0 0 0 21
60.259 1 GPS 0 1130805120 0 0 -17000 0 0 0 59000 12 12
60.261 1 SVINFO 12 29 16 1 0 -91 0
60.263 1 DL_VALUE 6 40.
60.268 1 NAVIGATION 0 2 10959186. -5945715. 0. 1.55455284314e+14 0 0
60.271 1 ATTITUDE 0.061939 -2.277886 -0.040242
60.522 1 DESIRED 0.02 0.01 0. 0. 0. 655. 0. 20.
60.524 1 ESTIMATOR -17. 0.
60.527 1 IMU_GYRO -0.043457 0.006348 0.000977
60.530 1 ATTITUDE 0.061861 -2.278502 -0.040033
60.534 1 WP_MOVED 5 348740. 5945760. 660. 12
60.544 1 ESTIMATOR -17. 0.
60.547 1 IMU_ACCEL -0.033203 -9.837891 0.818359
60.552 1 NAVIGATION 0 2 10959186. -5945715. 0. 1.55455284314e+14 0 0
60.555 1 ATTITUDE 0.061969 -2.278058 -0.040065
60.971 1 DOWNLINK_STATUS 0 61 33673 1536 36 521. 24. -52371.9
61.160 1 DESIRED 0.02 0.01 0. 0. 0. 655. 0. 20.
61.163 1 WP_MOVED 6 348665. 5945815. 660. 12
61.166 1 IMU_GYRO -0.048828 0.007324 -0.008301
61.172 1 GPS 0 1130805120 0 0 -17000 0 0 0 59750 12 15
61.175 1 SVINFO 15 32 16 1 0 -91 0
61.177 1 FBW_STATUS 0 47 1 70 0
61.190 1 WP_MOVED 7 349065. 5946015. 660. 12
61.191 1 IMU_MAG 0.286133 0.980469 0.508789
61.197 1 GPS 0 1130805120 0 0 -17000 0 0 0 60250 12 1
61.199 1 SVINFO 1 16 16 1 0 -91 0
61.204 1 NAVIGATION 0 2 10959186. -5945715. 0. 1.55455284314e+14 0 0
61.869 1 ATTITUDE 0.059844 -2.277539 -0.047629
61.875 1 DESIRED 0.02 0.01 0. 0. 0. 655. 0. 20.
61.877 1 IMU_GYRO -0.02002 0.005127 -0.034912
61.879 1 STATE_FILTER_STATUS 3 0
61.882 1 ATTITUDE 0.058814 -2.278008 -0.051674
61.885 1 IMU_ACCEL 0.066406 -9.910156 0.905273
61.893 1 ATTITUDE 0.061713 -2.251726 -0.044107
61.901 1 DESIRED 0.02 0.01 0. 0. 0. 655. 0. 20.
61.903 1 IMU_GYRO -0.093506 0.084961 -0.072266
61.905 1 PPRZ_MODE 2 0 0 0 0 21
61.908 1 ATTITUDE 0.056582 -2.249681 -0.053048
61.972 1 DOWNLINK_STATUS 0 62 34145 1558 38 472. 22. -52371.9
62.157 1 GPS 0 1130805120 0 0 -17000 0 0 0 61000 12 4
62.160 1 SVINFO 4 20 16 1 0 -91 0
62.163 1 ENERGY 7. 0. 0 0.
62.168 1 NAVIGATION 0 2 10959186. -5945715. 0. 1.55455284314e+14 0 0
62.171 1 ATTITUDE 0.061414 -2.293584 -0.062333
62.190 1 DESIRED 0.02 0.01 0. 0. 0. 655. 0. 20.
62.190 1 GPS 0 1130805120 0 0 -17000 0 0 0 61500 12 6
62.193 1 SVINFO 6 22 16 1 0 -91 0
62.196 1 IMU_GYRO -0.052979 0.049805 0.008301
62.444 1 NAVIGATION 0 2 10959186. -5945715. 0. 1.55455284314e+14 0 0
62.447 1 ATTITUDE 0.069468 -2.285624 -0.06645
62.449 1 ESTIMATOR -17. 0.
62.454 1 NAVIGATION 0 2 10959186. -5945715. 0. 1.55455284314e+14 0 0
62.456 1 CALIBRATION 0. 0
62.459 1 ATTITUDE 0.069677 -2.286535 -0.065306
62.472 1 DESIRED 0.02 0.01 0. 0. 0. 655. 0. 20.
62.478 1 GPS 0 1130805120 0 0 -17000 0 0 0 62500 12 10
62.480 1 SVINFO 10 27 16 1 0 -91 0
62.482 1 STATE_FILTER_STATUS 3 0
62.484 1 DOWNLINK 21 899 2595
62.732 1 NAVIGATION 0 2 10959186. -5945715. 0. 1.55455284314e+14 0 0
62.735 1 ATTITUDE 0.069953 -2.290099 -0.064856
62.737 1 ESTIMATOR -17. 0.
62.742 1 NAVIGATION 0 2 10959186. -5945715. 0. 1.55455284314e+14 0 0
62.744 1 GPS_SOL 649609664 100000 9999 0
62.748 1 ATTITUDE 0.069929 -2.290822 -0.064875
62.758 1 SVINFO 11 28 16 1 0 -91 0
62.763 1 NAVIGATION 0 2 10959186. -5945715. 0. 1.55455284314e+14 0 0
62.766 1 ATTITUDE 0.06993 -2.291199 -0.064775
62.769 1 IMU_ACCEL 0.239258 -9.829102 0.708008
62.973 1 DOWNLINK_STATUS 0 63 34772 1588 41 627. 30. -52371.9
63.016 1 BAT 0 70 0 0 1 63 0 0
63.019 1 IMU_MAG 0.312012 0.941406 0.398438
63.022 1 ATTITUDE 0.069929 -2.291779 -0.064801
63.029 1 DESIRED 0.02 0.01 0. 0. 0. 655. 0. 20.
63.031 1 PPRZ_MODE 2 0 0 0 0 21
63.034 1 ATTITUDE 0.069905 -2.292477 -0.064839
63.045 1 ATTITUDE 0.069946 -2.293152 -0.064823
63.052 1 DESIRED 0.02 0.01 0. 0. 0. 655. 0. 20.
63.054 1 ESTIMATOR -17. 0.
63.057 1 ATTITUDE 0.069877 -2.293948 -0.064818
63.303 1 WP_MOVED 13 348241.40625 5945665. 660. 12
63.309 1 GPS 0 1130805120 0 0 -17000 0 0 0 63250 12 13
63.311 1 SVINFO 13 30 16 1 0 -91 0
63.316 1 NAVIGATION 0 2 10959186. -5945715. 0. 1.55455284314e+14 0 0
63.319 1 ATTITUDE 0.069881 -2.294756 -0.064843
63.331 1 ATTITUDE 0.069861 -2.295718 -0.064837
63.338 1 DESIRED 0.02 0.01 0. 0. 0. 655. 0. 20.
63.344 1 GPS 0 1130805120 0 0 -17000 0 0 0 63500 12 14
63.346 1 SVINFO 14 31 16 1 0 -91 0
63.590 1 DL_VALUE 9 1.
63.596 1 NAVIGATION 0 2 10959186. -5945715. 0. 1.55455284314e+14 0 0
63.598 1 ATTITUDE 0.06986 -2.296391 -0.064791
63.600 1 ESTIMATOR -17. 0.
63.603 1 IMU_ACCEL 0.267578 -9.842773 0.712891
63.609 1 NAVIGATION 0 2 10959186. -5945715. 0. 1.55455284314e+14 0 0
63.611 1 ATTITUDE 0.069859 -2.296626 -0.064829
63.619 1 DESIRED 0.02 0.01 0. 0. 0. 655. 0. 20.
63.621 1 WP_MOVED 14 348242.3125 5945836.5 660. 12
63.623 1 CALIBRATION 0. 0
63.629 1 GPS 0 1130805120 0 0 -17000 0 0 0 63750 12 15
63.631 1 SVINFO 15 32 16 1 0 -91 0
63.634 1 FBW_STATUS 0 50 1 70 0
63.882 1 NAVIGATION 0 2 10959186. -5945715. 0. 1.55455284314e+14 0 0
63.885 1 ATTITUDE 0.069863 -2.297293 -0.064835
63.888 1 ATTITUDE 0.069884 -2.298072 -0.064834
63.895 1 DESIRED 0.02 0.01 0. 0. 0. 655. 0. 20.
63.898 1 IMU_GYRO -0.047852 0.008301 -0.009521
63.900 1 PPRZ_MODE 2 0 0 0 0 21
63.903 1 BAT 0 70 0 0 1 64 0 0
63.907 1 ATTITUDE 0.069896 -2.298274 -0.064909
63.912 1 GPS 0 1130805120 0 0 -17000 0 0 0 64000 12 16
63.915 1 SVINFO 0 15 16 1 0 -91 0
63.919 1 NAVIGATION 0 2 10959186. -5945715. 0. 1.55455284314e+14 0 0
63.973 1 DOWNLINK_STATUS 0 64 35703 1631 43 931. 43. -52371.9
64.165 1 ATTITUDE 0.069873 -2.298842 -0.064937
64.171 1 DESIRED 0.02 0.01 0. 0. 0. 655. 0. 20.
64.174 1 ESTIMATOR -17. 0.
64.177 1 IMU_MAG 0.313477 0.946289 0.355469
64.180 1 ATTITUDE 0.069889 -2.299474 -0.06495
64.184 1 WP_MOVED 15 348610.09375 5946017. 660. 12
64.193 1 GPS 0 1130805120 0 0 -17000 0 0 0 64250 12 1
64.193 1 SVINFO 1 16 16 1 0 -91 0
64.196 1 NAVIGATION 0 2 10959186. -5945715. 0. 1.55455284314e+14 0 0
64.199 1 ATTITUDE 0.069896 -2.299843 -0.064926
64.206 1 DESIRED 0.02 0.01 0. 0. 0. 655. 0. 20.
64.453 1 ATTITUDE 0.069938 -2.300513 -0.064956
64.455 1 IMU_ACCEL 0.267578 -9.824219 0.722656
64.458 1 NAVIGATION_REF 348865 5945715 12
64.461 1 ATTITUDE 0.069963 -2.301078 -0.064964
64.469 1 DESIRED 0.02 0.01 0. 0. 0. 655. 0. 20.
64.473 1 GPS 0 1130805120 0 0 -17000 0 0 0 64500 12 2
64.480 1 ATTITUDE 0.069996 -2.302489 -0.064958
64.488 1 DESIRED 0.02 0.01 0. 0. 0. 655. 0. 20.
64.489 1 PPRZ_MODE 2 0 0 0 0 21
64.492 1 ACTUATORS 1195,1624,1423,1423,1350
64.495 1 ATTITUDE 0.069987 -2.30314 -0.064999
64.744 1 GPS 0 1130805120 0 0 -17000 0 0 0 65000 12 4
64.747 1 SVINFO 4 20 16 1 0 -91 0
64.751 1 BAT 0 70 0 0 1 65 0 0
64.752 1 DL_VALUE 10 0.
64.757 1 NAVIGATION 0 2 10959186. -5945715. 0. 1.55455284314e+14 0 0
64.760 1 ATTITUDE 0.069949 -2.303778 -0.064999
64.770 1 ATTITUDE 0.070008 -2.305374 -0.064907
64.772 1 ESTIMATOR -17. 0.
64.777 1 NAVIGATION 0 2 10959186. -5945715. 0. 1.55455284314e+14 0 0
64.780 1 ATTITUDE 0.069975 -2.306563 -0.064883
64.974 1 DOWNLINK_STATUS 0 65 36400 1663 45 697. 32. -52371.9
65.029 1 DESIRED 0.02 0.03 0. 0. 0. 655. 0. 20.
65.033 1 WP_MOVED 18 348975. 5946791.5 660. 12
65.036 1 IMU_GYRO -0.048828 0.007324 -0.010498
65.042 1 GPS 0 1130805120 0 0 -17000 0 0 0 65750 12 7
65.044 1 SVINFO 7 23 16 1 0 -91 0
65.047 1 FBW_STATUS 0 51 1 70 0
65.059 1 DESIRED 0.02 0.03 0. 0. 0. 655. 0. 20.
65.061 1 PPRZ_MODE 1 0 0 0 0 21
65.065 1 ATTITUDE 0.069967 -2.308123 -0.064964
65.070 1 GPS 0 1130805120 0 0 -17000 0 0 0 66000 12 8
65.199 1 WIND_INFO 1 42 0. 0. 0.
65.316 1 SVINFO 8 25 16 1 0 -91 0
65.319 1 IMU_ACCEL 0.25293 -9.852539 0.722656
65.322 1 ENERGY 7. 0. 0 0.
65.328 1 NAVIGATION 0 2 10959186. -5945715. 0. 1.55455284314e+14 0 0
65.330 1 ATTITUDE 0.070003 -2.308657 -0.064939
65.338 1 DESIRED 0.02 0.03 0. 0. 0. 655. 0. 20.
65.339 1 ESTIMATOR -17. 0.
65.343 1 BAT 54 70 0 0 1 66 0 0
65.348 1 ALIVE 146,231,91,70,4,121,172,87,197,184,0,27,160,39,103,86
65.350 1 ATTITUDE 0.070012 -2.308758 -0.064923
65.353 1 WP_MOVED 0 348907. 5945757. 660. 12
65.359 1 GPS 0 1130805120 0 0 -17000 0 0 0 66250 12 9
65.961 1 SVINFO 9 26 16 1 0 -91 0
65.966 1 NAVIGATION 0 2 10959186. -5945715. 0. 1.55455284314e+14 0 0
65.969 1 ATTITUDE 0.069989 -2.309175 -0.064901
65.975 1 DESIRED 0.02 0.03 0. 0. 0. 655. 0. 20.
65.975 1 DOWNLINK_STATUS 0 66 36998 1689 46 598. 26. -57372.94
65.979 1 IMU_GYRO -0.048828 0.007324 -0.008301
65.982 1 ATTITUDE 0.069989 -2.309754 -0.064912
65.985 1 ATTITUDE 0.069983 -2.310055 -0.064873
65.991 1 DESIRED 0.02 0.03 0. 0. 0. 655. 0. 20.
65.997 1 GPS 0 1130805120 0 0 -17000 0 0 0 66500 12 10
66.000 1 SVINFO 10 27 16 1 0 -91 0
66.002 1 DL_VALUE 0 0.
66.976 1 DOWNLINK_STATUS 0 67 37148 1696 46 150. 7. -57372.94
67.254 1 MARK 1 0. 0.
67.823 1 NAVIGATION 0 2 10959186. -5945715. 0. 1.55455284314e+14 0 0
67.826 1 ATTITUDE 0.069981 -2.310782 -0.064882
67.829 1 ESTIMATOR -17. 0.
67.833 1 NAVIGATION 0 2 10959186. -5945715. 0. 1.55455284314e+14 0 0
67.835 1 GPS_SOL 649621568 100000 9999 0
67.839 1 ATTITUDE 0.069966 -2.31138 -0.064868
67.846 1 DESIRED 0.02 0.03 0. 0. 0. 655. 0. 20.
67.849 1 WP_MOVED 1 348865. 5945715. 660. 12
67.852 1 IMU_MAG 0.306641 0.949707 0.524414
67.858 1 GPS 0 1130805120 0 0 -17000 0 0 0 66750 12 11
67.860 1 SVINFO 11 27 16 1 0 -91 0
67.865 1 NAVIGATION 0 2 10959186. -5945715. 0. 1.55455284314e+14 0 0
67.977 1 DOWNLINK_STATUS 0 68 37416 1708 46 268. 12. -57372.94
68.111 1 ATTITUDE 0.069946 -2.311823 -0.06488
68.114 1 IMU_ACCEL 0.25293 -9.837891 0.699219
68.117 1 ATTITUDE 0.069958 -2.312485 -0.064906
68.124 1 DESIRED 0.02 0.03 0. 0. 0. 655. 0. 20.
68.127 1 IMU_GYRO -0.049805 0.007324 -0.008301
68.129 1 PPRZ_MODE 1 0 0 0 0 21
68.139 1 GPS 0 1130805120 0 0 -17000 0 0 0 67000 12 12
68.141 1 SVINFO 12 28 16 1 0 -91 0
68.146 1 NAVIGATION 0 2 10959186. -5945715. 0. 1.55455284314e+14 0 0
68.149 1 ATTITUDE 0.069995 -2.313142 -0.064896
68.399 1 DESIRED 0.02 0.03 0. 0. 0. 655. 0. 20.
68.401 1 ESTIMATOR -17. 0.
68.404 1 ATTITUDE 0.070014 -2.313697 -0.064894
68.407 1 WP_MOVED 2 348895. 5945815. 660. 12
68.411 1 BAT 54 70 0 0 1 67 0 0
68.417 1 GPS 0 1130805120 0 0 -17000 0 0 0 67250 12 13
68.425 1 ATTITUDE 0.070054 -2.313788 -0.064892
68.431 1 DESIRED 0.02 0.03 0. 0. 0. 655. 0. 20.
68.435 1 ATTITUDE 0.070084 -2.314422 -0.064897
68.438 1 ATTITUDE 0.070125 -2.314996 -0.064903
68.688 1 DESIRED 0.02 0.03 0. 0. 0. 655. 0. 20.
68.698 1 GPS 0 1130805120 0 0 -17000 0 0 0 67500 12 14
68.698 1 SVINFO 14 31 16 1 0 -91 0
68.699 1 IMU_GYRO -0.049805 0.008301 -0.008301
68.704 1 NAVIGATION 0 2 10959186. -5945715. 0. 1.55455284314e+14 0 0
68.707 1 ATTITUDE 0.070131 -2.315315 -0.064886
68.708 1 ESTIMATOR -17. 0.
68.712 1 IMU_ACCEL 0.244141 -9.847656 0.699219
68.717 1 NAVIGATION 0 2 10959186. -5945715. 0. 1.55455284314e+14 0 0
68.718 1 DOWNLINK 22 914 2809
68.722 1 ATTITUDE 0.070158 -2.315808 -0.064864
68.971 1 DESIRED 0.02 0.03 0. 0. 0. 655. 0. 20.
68.974 1 WP_MOVED 3 348965.09375 5945786. 660. 12
68.978 1 DOWNLINK_STATUS 0 69 38157 1741 48 741. 33. -57372.94
68.980 1 GPS 0 1130805120 0 0 -17000 0 0 0 67750 12 15
68.982 1 SVINFO 15 32 16 1 0 -91 0
68.987 1 NAVIGATION 0 2 10959186. -5945715. 0. 1.55455284314e+14 0 0
68.989 1 FBW_STATUS 0 48 1 70 0
69.002 1 DESIRED 0.02 0.03 0. 0. 0. 655. 0. 20.
69.004 1 PPRZ_MODE 1 0 0 0 0 21
69.006 1 CALIBRATION 0. 0
69.009 1 ATTITUDE 0.070227 -2.31677 -0.06479
69.257 1 GPS 0 1130805120 0 0 -17000 0 0 0 68000 12 16
69.260 1 SVINFO 0 15 16 1 0 -91 0
69.263 1 IMU_MAG 0.303223 0.949707 0.384766
69.265 1 DL_VALUE 1 0.
69.269 1 NAVIGATION 0 2 10959186. -5945715. 0. 1.55455284314e+14 0 0
69.272 1 ATTITUDE 0.07019 -2.317172 -0.064777
69.279 1 DESIRED 0.02 0.03 0. 0. 0. 655. 0. 20.
69.555 1 BAT 54 70 0 0 1 68 0 0
69.558 1 ATTITUDE 0.070244 -2.318278 -0.064771
69.562 1 IMU_ACCEL 0.262695 -9.837891 0.689453
69.565 1 ATTITUDE 0.070289 -2.318419 -0.064794
69.571 1 DESIRED 0.02 0.03 0. 0. 0. 655. 0. 20.
69.577 1 GPS 0 1130805120 0 0 -17000 0 0 0 68500 12 2
69.579 1 SVINFO 2 16 16 1 0 -91 0
69.583 1 ENERGY 7. 0. 0 0.
69.587 1 NAVIGATION 0 2 10959186. -5945715. 0. 1.55455284314e+14 0 0
69.833 1 ATTITUDE 0.070295 -2.319057 -0.06477
69.836 1 ESTIMATOR -17. 0.
69.840 1 NAVIGATION 0 2 10959186. -5945715. 0. 1.55455284314e+14 0 0
69.843 1 GPS_SOL 649627840 100000 9999 0
69.846 1 ATTITUDE 0.070289 -2.319478 -0.064806
69.853 1 DESIRED 0.02 0.03 0. 0. 0. 655. 0. 20.
69.856 1 WP_MOVED 5 348740. 5945760. 660. 12
69.859 1 IMU_GYRO -0.048828 0.007324 -0.008301
69.865 1 GPS 0 1130805120 0 0 -17000 0 0 0 68750 12 3
69.868 1 SVINFO 3 18 16 1 0 -91 0
69.872 1 NAVIGATION 0 2 10959186. -5945715. 0. 1.55455284314e+14 0 0
69.875 1 ATTITUDE 0.070323 -2.319461 -0.064786
69.978 1 DOWNLINK_STATUS 0 70 38948 1777 50 791. 36. -57372.94
70.121 1 ATTITUDE 0.070351 -2.320296 -0.064807
70.128 1 DESIRED 0.02 0.03 0. 0. 0. 655. 0. 20.
70.130 1 PPRZ_MODE 1 0 0 0 0 21
70.133 1 ATTITUDE 0.070335 -2.320886 -0.064823
70.139 1 GPS 0 1130805120 0 0 -17000 0 0 0 69000 12 4
70.141 1 SVINFO 4 19 16 1 0 -91 0
70.146 1 NAVIGATION 0 2 10959186. -5945715. 0. 1.55455284314e+14 0 0
70.149 1 ATTITUDE 0.07035 -2.320975 -0.064821
70.156 1 DESIRED 0.02 0.03 0. 0. 0. 655. 0. 20.
70.158 1 ESTIMATOR -17. 0.
70.160 1 STATE_FILTER_STATUS 3 0
70.163 1 ATTITUDE 0.070346 -2.321507 -0.064836
70.410 1 WP_MOVED 6 348665. 5945815. 660. 12
70.413 1 IMU_ACCEL 0.257812 -9.847656 0.74707
70.419 1 GPS 0 1130805120 0 0 -17000 0 0 0 69250 12 5
70.421 1 SVINFO 5 20 16 1 0 -91 0
70.426 1 NAVIGATION 0 2 10959186. -5945715. 0. 1.55455284314e+14 0 0
70.429 1 ATTITUDE 0.070361 -2.321791 -0.06485
70.443 1 WP_MOVED 7 349065. 5946015. 660. 12
70.449 1 GPS 0 1130805120 0 0 -17000 0 0 0 69750 12 7
70.450 1 SVINFO 7 22 16 1 0 -91 0
70.700 1 FBW_STATUS 0 50 1 70 0
70.701 1 NAVIGATION 0 2 10959186. -5945715. 0. 1.55455284314e+14 0 0
70.704 1 ATTITUDE 0.070462 -2.323258 -0.064904
70.707 1 COMMANDS 54,-1505,1842,0,-266
70.710 1 ATTITUDE 0.070502 -2.32366 -0.064918
70.717 1 DESIRED 0.02 0.03 0. 0. 0. 655. 0. 20.
70.979 1 DOWNLINK_STATUS 0 71 39532 1804 51 584. 27. -62373.01
71.669 1 IMU_ACCEL 0.267578 -9.862305 0.722656
71.674 1 NAVIGATION 0 2 10959186. -5945715. 0. 1.55455284314e+14 0 0
71.677 1 BAT 54 70 0 0 1 71 0 0
71.680 1 ATTITUDE 0.070903 -2.325518 -0.064585
71.693 1 ATTITUDE 0.070925 -2.326086 -0.06451
71.701 1 ATTITUDE 0.070923 -2.326215 -0.064519
71.703 1 DESIRED 0.02 0.03 0. 0. 0. 655. 0. 20.
71.705 1 PPRZ_MODE 1 0 0 0 0 21
71.980 1 DOWNLINK_STATUS 0 72 39701 1812 53 169. 8. -62373.01
72.273 1 IMU_MAG 0.312012 0.942871 0.365234
72.276 1 ATTITUDE 0.07089 -2.326478 -0.064499
72.281 1 GPS 0 1130805120 0 0 -17000 0 0 0 72000 12 16
72.284 1 SVINFO 0 1 16 1 0 -91 0
72.288 1 NAVIGATION 0 2 10959186. -5945715. 0. 1.55455284314e+14 0 0
72.292 1 ATTITUDE 0.070868 -2.326266 -0.064532
72.298 1 DESIRED 0.02 0.03 0. 0. 0. 655. 0. 20.
72.301 1 ESTIMATOR -17. 0.
72.303 1 CALIBRATION 0. 0
72.306 1 ATTITUDE 0.070909 -2.326639 -0.064551
72.309 1 WP_MOVED 12 348655.1875 5945715. 660. 12
72.915 1 GPS 0 1130805120 0 0 -17000 0 0 0 72250 12 1
72.917 1 SVINFO 1 2 16 1 0 -91 0
72.922 1 NAVIGATION 0 2 10959186. -5945715. 0. 1.55455284314e+14 0 0
72.925 1 ATTITUDE 0.070895 -2.327079 -0.064495
72.932 1 DESIRED 0.02 0.03 0. 0. 0. 655. 0. 20.
72.935 1 IMU_GYRO -0.048828 0.008301 -0.008301
72.938 1 ATTITUDE 0.070892 -2.326926 -0.064507
72.941 1 IMU_ACCEL 0.262695 -9.862305 0.712891
72.944 1 ATTITUDE 0.070947 -2.327284 -0.064489
72.951 1 DESIRED 0.02 0.03 0. 0. 0. 655. 0. 20.
72.957 1 GPS 0 1130805120 0 0 -17000 0 0 0 72500 12 2
72.959 1 SVINFO 2 3 16 1 0 -91 0
72.981 1 DOWNLINK_STATUS 0 73 40215 1835 53 514. 23. -62373.01
73.526 1 DL_VALUE 4 0.
73.530 1 NAVIGATION 0 2 10959186. -5945715. 0. 1.55455284314e+14 0 0
73.533 1 ATTITUDE 0.07095 -2.327702 -0.06448
73.536 1 ESTIMATOR -17. 0.
73.540 1 NAVIGATION 0 2 10959186. -5945715. 0. 1.55455284314e+14 0 0
73.543 1 GPS_SOL 649640832 100000 9999 0
73.546 1 ATTITUDE 0.070924 -2.327948 -0.064484
73.553 1 DESIRED 0.02 0.03 0. 0. 0. 655. 0. 20.
73.556 1 WP_MOVED 13 348241.40625 5945665. 660. 12
73.560 1 BAT 54 70 0 0 1 72 0 0
73.562 1 DOWNLINK 23 0 3021
73.568 1 GPS 0 1130805120 0 0 -17000 0 0 0 72750 12 3
73.982 1 DOWNLINK_STATUS 0 74 40468 1847 53 253. 12. -62373.01
74.135 1 SVINFO 3 4 16 1 0 -91 0
74.139 1 NAVIGATION 0 2 10959186. -5945715. 0. 1.55455284314e+14 0 0
74.142 1 ATTITUDE 0.070911 -2.328285 -0.06446
74.145 1 ATTITUDE 0.070948 -2.328848 -0.064444
74.152 1 DESIRED 0.02 0.03 0. 0. 0. 655. 0. 20.
74.164 1 GPS 0 1130805120 0 0 -17000 0 0 0 73000 12 4
74.166 1 SVINFO 4 5 16 1 0 -91 0
74.171 1 NAVIGATION 0 2 10959186. -5945715. 0. 1.55455284314e+14 0 0
74.174 1 ATTITUDE 0.070966 -2.329653 -0.06437
74.424 1 DESIRED 0.02 0.03 0. 0. 0. 655. 0. 20.
74.425 1 ESTIMATOR -17. 0.
74.428 1 ATTITUDE 0.070981 -2.33009 -0.064312
74.432 1 WP_MOVED 14 348242.3125 5945836.5 660. 12
74.435 1 IMU_ACCEL 0.25293 -9.842773 0.717773
74.438 1 IMU_MAG 0.310059 0.942871 0.347656
74.444 1 GPS 0 1130805120 0 0 -17000 0 0 0 73250 12 5
74.446 1 SVINFO 5 15 16 1 0 -91 0
74.451 1 NAVIGATION 0 2 10959186. -5945715. 0. 1.55455284314e+14 0 0
74.454 1 ATTITUDE 0.070983 -2.330257 -0.064231
74.460 1 DESIRED 0.02 0.03 0. 0. 0. 655. 0. 20.
74.463 1 ATTITUDE 0.070956 -2.330639 -0.064198
74.710 1 NAVIGATION_REF 348865 5945715 12
74.713 1 ATTITUDE 0.07093 -2.33097 -0.064193
74.720 1 DESIRED 0.02 0.03 0. 0. 0. 655. 0. 20.
74.726 1 GPS 0 1130805120 0 0 -17000 0 0 0 73500 12 6
74.728 1 SVINFO 6 20 16 1 0 -91 0
74.731 1 IMU_GYRO -0.048828 0.007324 -0.008301
74.736 1 NAVIGATION 0 2 10959186. -5945715. 0. 1.55455284314e+14 0 0
74.738 1 ATTITUDE 0.070957 -2.330943 -0.064162
74.740 1 ESTIMATOR -17. 0.
74.745 1 NAVIGATION 0 2 10959186. -5945715. 0. 1.55455284314e+14 0 0
74.748 1 ATTITUDE 0.071021 -2.331361 -0.064137
74.983 1 DOWNLINK_STATUS 0 75 41184 1879 54 716. 32. -62373.01
74.998 1 DESIRED 0.02 0.03 0. 0. 0. 655. 0. 20.
75.002 1 WP_MOVED 15 348610.09375 5946017. 660. 12
75.007 1 GPS 0 1130805120 0 0 -17000 0 0 0 73750 12 7
75.010 1 SVINFO 7 22 16 1 0 -91 0
75.012 1 FBW_STATUS 0 50 1 70 0
75.017 1 NAVIGATION 0 2 10959186. -5945715. 0. 1.55455284314e+14 0 0
75.020 1 ATTITUDE 0.071044 -2.331651 -0.064151
75.024 1 BAT 54 70 0 0 1 74 0 0
75.027 1 ATTITUDE 0.071028 -2.331466 -0.064104
75.033 1 DESIRED 0.02 0.03 0. 0. 0. 655. 0. 20.
75.036 1 PPRZ_MODE 1 0 0 0 0 21
75.039 1 ATTITUDE 0.071053 -2.331683 -0.064135
75.193 1 WIND_INFO 1 42 0. 0. 0.
75.287 1 GPS 0 1130805120 0 0 -17000 0 0 0 74000 12 8
75.289 1 SVINFO 8 23 16 1 0 -91 0
75.292 1 IMU_ACCEL 0.257812 -9.829102 0.679688
75.294 1 DL_VALUE 5 0.
75.299 1 NAVIGATION 0 2 10959186. -5945715. 0. 1.55455284314e+14 0 0
75.302 1 ATTITUDE 0.071067 -2.331701 -0.064161
75.309 1 DESIRED 0.02 0.03 0. 0. 0. 655. 0. 20.
75.311 1 ESTIMATOR -17. 0.
75.314 1 IMU_GYRO -0.048828 0.008301 -0.008301
75.317 1 ATTITUDE 0.071082 -2.331702 -0.064159
75.321 1 WP_MOVED 16 348775.09375 5946191. 660. 12
75.323 1 CALIBRATION 0. 0
75.929 1 GPS 0 1130805120 0 0 -17000 0 0 0 74250 12 9
75.931 1 SVINFO 9 25 16 1 0 -91 0
75.936 1 NAVIGATION 0 2 10959186. -5945715. 0. 1.55455284314e+14 0 0
75.939 1 ATTITUDE 0.071106 -2.331996 -0.064177
75.945 1 DESIRED 0.02 0.03 0. 0. 0. 655. 0. 20.
75.949 1 ATTITUDE 0.071129 -2.332072 -0.064149
75.952 1 ATTITUDE 0.071163 -2.332387 -0.064145
75.958 1 DESIRED 0.02 0.03 0. 0. 0. 655. 0. 20.
75.964 1 GPS 0 1130805120 0 0 -17000 0 0 0 74500 12 10
75.966 1 SVINFO 10 26 16 1 0 -91 0
75.970 1 IMU_MAG 0.303223 0.944824 0.363281
75.983 1 DOWNLINK_STATUS 0 76 41962 1914 54 778. 35. -67373.8
76.984 1 DOWNLINK_STATUS 0 77 41962 1914 54 0. 0. -67373.8
77.473 1 NAVIGATION 0 2 10959186. -5945715. 0. 1.55455284314e+14 0 0
77.477 1 ATTITUDE 0.071155 -2.332733 -0.064148
77.479 1 ESTIMATOR -17. 0.
77.483 1 NAVIGATION 0 2 10959186. -5945715. 0. 1.55455284314e+14 0 0
77.486 1 GPS_SOL 649647680 100000 9999 0
77.490 1 ATTITUDE 0.071185 -2.332524 -0.064117
77.506 1 DESIRED 0.02 0.03 0. 0. 0. 655. 0. 20.
77.511 1 GPS 0 1130805120 0 0 -17000 0 0 0 75500 12 14
77.514 1 SVINFO 14 31 16 1 0 -91 0
77.759 1 DL_VALUE 6 40.
77.764 1 NAVIGATION 0 2 10959186. -5945715. 0. 1.55455284314e+14 0 0
77.767 1 ATTITUDE 0.071308 -2.334738 -0.063969
77.769 1 ESTIMATOR -17. 0.
77.773 1 IMU_ACCEL 0.244141 -9.852539 0.68457
77.777 1 NAVIGATION 0 2 10959186. -5945715. 0. 1.55455284314e+14 0 0
77.779 1 ATTITUDE 0.07134 -2.33445 -0.063979
77.791 1 SVINFO 0 1 16 1 0 -91 0
77.795 1 BAT 54 70 0 0 1 76 0 0
77.799 1 ENERGY 7. 0. 0 0.
77.985 1 DOWNLINK_STATUS 0 78 42352 1933 56 390. 19. -67373.8
78.047 1 NAVIGATION 0 2 10959186. -5945715. 0. 1.55455284314e+14 0 0
78.049 1 ATTITUDE 0.071291 -2.336148 -0.063966
78.057 1 DESIRED 0.02 0.03 0. 0. 0. 655. 0. 20.
78.058 1 ESTIMATOR -17. 0.
78.063 1 ALIVE 146,231,91,70,4,121,172,87,197,184,0,27,160,39,103,86
78.064 1 PPRZ_MODE 0 0 0 0 0 17
78.068 1 ATTITUDE 0.071263 -2.336493 -0.0639
78.345 1 SVINFO 3 5 16 1 0 -91 0
78.350 1 NAVIGATION 0 2 10959186. -5945715. 0. 1.55455284314e+14 0 0
78.353 1 ATTITUDE 0.071325 -2.337381 -0.063894
78.363 1 WP_MOVED 3 348965.09375 5945786. 660. 12
78.365 1 IMU_ACCEL 0.249023 -9.842773 0.737305
78.370 1 GPS 0 1130805120 0 0 -17000 0 0 0 77250 12 5
78.373 1 SVINFO 5 20 16 1 0 -91 0
78.378 1 NAVIGATION 0 2 10959186. -5945715. 0. 1.55455284314e+14 0 0
78.623 1 ATTITUDE 0.071323 -2.338948 -0.063775
78.630 1 DESIRED 0.02 0.03 0. 0. 0. 655. 0. 20.
78.633 1 ATTITUDE 0.071341 -2.339308 -0.063735
78.637 1 ATTITUDE 0.071416 -2.339764 -0.063763
78.646 1 DOWNLINK 25 904 3231
78.650 1 ATTITUDE 0.071373 -2.340509 -0.063666
78.657 1 DESIRED 0.02 0.03 0. 0. 0. 655. 0. 20.
78.658 1 PPRZ_MODE 0 0 0 0 0 17
78.659 1 STATE_FILTER_STATUS 3 0
78.662 1 ATTITUDE 0.071406 -2.340865 -0.063672
78.912 1 GPS 0 1130805120 0 0 -17000 0 0 0 78000 12 8
78.913 1 SVINFO 8 23 16 1 0 -91 0
78.916 1 IMU_ACCEL 0.244141 -9.833008 0.655273
78.922 1 NAVIGATION 0 2 10959186. -5945715. 0. 1.55455284314e+14 0 0
78.925 1 ATTITUDE 0.071407 -2.341413 -0.063716
78.931 1 DESIRED 0.02 0.03 0. 0. 0. 655. 0. 20.
78.933 1 ESTIMATOR -17. 0.
78.936 1 ATTITUDE 0.071389 -2.341203 -0.063699
78.940 1 WP_MOVED 5 348740. 5945760. 660. 12
78.943 1 BAT 54 70 0 0 1 78 0 0
78.949 1 GPS 0 1130805120 0 0 -17000 0 0 0 78250 12 9
78.985 1 DOWNLINK_STATUS 0 79 43121 1969 59 769. 36. -67373.8
79.195 1 SVINFO 9 25 16 1 0 -91 0
79.200 1 NAVIGATION 0 2 10959186. -5945715. 0. 1.55455284314e+14 0 0
79.202 1 ATTITUDE 0.071381 -2.34157 -0.063718
79.209 1 DESIRED 0.02 0.03 0. 0. 0. 655. 0. 20.
79.213 1 IMU_GYRO -0.049805 0.008301 -0.007324
79.215 1 ATTITUDE 0.071377 -2.341383 -0.0637
79.218 1 IMU_MAG 0.30127 0.948242 0.518555
79.220 1 CALIBRATION 0. 0
79.223 1 ATTITUDE 0.071398 -2.341491 -0.063681
79.231 1 DESIRED 0.02 0.03 0. 0. 0. 655. 0. 20.
79.236 1 GPS 0 1130805120 0 0 -17000 0 0 0 78500 12 10
79.238 1 SVINFO 10 26 16 1 0 -91 0
79.987 1 DOWNLINK_STATUS 0 80 43385 1981 59 264. 12. -67373.8
80.989 1 DOWNLINK_STATUS 0 81 43385 1981 59 0. 0. -72374.34
81.990 1 DOWNLINK_STATUS 0 82 43385 1981 59 0. 0. -72374.34
82.992 1 DOWNLINK_STATUS 0 83 43385 1981 59 0. 0. -72374.34
83.993 1 DOWNLINK_STATUS 0 84 43385 1981 59 0. 0. -72374.34
84.994 1 DOWNLINK_STATUS 0 85 43385 1981 59 0. 0. -72374.34
85.996 1 DOWNLINK_STATUS 0 86 43385 1981 59 0. 0. -77375.47
86.997 1 DOWNLINK_STATUS 0 87 43385 1981 59 0. 0. -77375.47
87.999 1 DOWNLINK_STATUS 0 88 43385 1981 59 0. 0. -77375.47
89.000 1 DOWNLINK_STATUS 0 89 43385 1981 59 0. 0. -77375.47
90.001 1 DOWNLINK_STATUS 0 90 43385 1981 59 0. 0. -77375.47
91.003 1 DOWNLINK_STATUS 0 91 43385 1981 59 0. 0. -82376.45
92.004 1 DOWNLINK_STATUS 0 92 43385 1981 59 0. 0. -82376.45
93.006 1 DOWNLINK_STATUS 0 93 43385 1981 59 0. 0. -82376.45
94.007 1 DOWNLINK_STATUS 0 94 43385 1981 59 0. 0. -82376.45
95.008 1 DOWNLINK_STATUS 0 95 43385 1981 59 0. 0. -82376.45
96.010 1 DOWNLINK_STATUS 0 96 43385 1981 59 0. 0. -87377.58
97.011 1 DOWNLINK_STATUS 0 97 43385 1981 59 0. 0. -87377.58
98.013 1 DOWNLINK_STATUS 0 98 43385 1981 59 0. 0. -87377.58
99.014 1 DOWNLINK_STATUS 0 99 43385 1981 59 0. 0. -87377.58
100.015 1 DOWNLINK_STATUS 0 100 43385 1981 59 0. 0. -87377.58
101.017 1 DOWNLINK_STATUS 0 101 43385 1981 59 0. 0. -92378.55
102.018 1 DOWNLINK_STATUS 0 102 43385 1981 59 0. 0. -92378.55
103.020 1 DOWNLINK_STATUS 0 103 43385 1981 59 0. 0. -92378.55
104.021 1 DOWNLINK_STATUS 0 104 43385 1981 59 0. 0. -92378.55
