3.378 1 ATTITUDE 0.074044 -0.157143 0.069999
3.478 1 ATTITUDE 0.074087 -0.157072 0.070021
3.515 1 NAVIGATION 0 2 0. 0. 0. 0. 0 0
3.578 1 ATTITUDE 0.074063 -0.156873 0.069988
3.678 1 ATTITUDE 0.074066 -0.156975 0.070009
3.766 1 FBW_STATUS 0 50 0 68 0
3.771 1 NAVIGATION 0 2 0. 0. 0. 0. 0 0
3.783 1 ATTITUDE 0.074009 -0.156944 0.070014
3.875 1 DOWNLINK_STATUS 0 4 1420 69 0 355. 17. 0.
3.886 1 ATTITUDE 0.074021 -0.157107 0.070016
3.892 1 GPS 0 0 0 0 0 0 0 0 0 0 1
3.984 1 ATTITUDE 0.074066 -0.15709 0.070025
3.987 1 ESTIMATOR 0. 0.
3.989 1 DOWNLINK 0 353 744
4.015 1 NAVIGATION 0 2 0. 0. 0. 0. 0 0
4.082 1 ATTITUDE 0.074089 -0.1572 0.069976
4.084 1 PPRZ_MODE 0 0 0 0 0 17
4.178 1 ATTITUDE 0.074093 -0.157278 0.06996
4.264 1 NAVIGATION 0 2 0. 0. 0. 0. 0 0
4.280 1 ATTITUDE 0.074104 -0.15752 0.06996
4.378 1 ATTITUDE 0.074145 -0.157445 0.069934
4.482 1 ATTITUDE 0.074138 -0.157584 0.069919
4.485 1 GPS_SOL 0 0 0 0
4.515 1 NAVIGATION 0 2 0. 0. 0. 0. 0 0
4.578 1 ATTITUDE 0.074141 -0.157633 0.069984
4.679 1 ATTITUDE 0.074098 -0.157551 0.069953
4.765 1 NAVIGATION 0 2 0. 0. 0. 0. 0 0
4.780 1 ATTITUDE 0.074108 -0.157698 0.070008
4.876 1 DOWNLINK_STATUS 0 5 1791 88 0 371. 19. 0.
4.886 1 ATTITUDE 0.074089 -0.157605 0.069988
4.892 1 GPS 0 0 0 0 0 0 0 0 0 0 1
4.978 1 ATTITUDE 0.074113 -0.157691 0.06996
5.015 1 NAVIGATION 0 2 0. 0. 0. 0. 0 0
5.078 1 ATTITUDE 0.074169 -0.15768 0.069932
5.181 1 ATTITUDE 0.074144 -0.157642 0.069948
5.184 1 ESTIMATOR 0. 0.
5.265 1 NAVIGATION 0 2 0. 0. 0. 0. 0 0
5.280 1 ATTITUDE 0.074162 -0.157669 0.069943
5.378 1 ATTITUDE 0.074128 -0.157686 0.069921
5.411 1 PONG 
5.479 1 ATTITUDE 0.074167 -0.157373 0.069914
5.515 1 NAVIGATION 0 2 0. 0. 0. 0. 0 0
5.579 1 ATTITUDE 0.074114 -0.157228 0.069932
5.679 1 ATTITUDE 0.074129 -0.157311 0.069932
5.766 1 FBW_STATUS 0 47 0 68 0
5.771 1 NAVIGATION 0 2 0. 0. 0. 0. 0 0
5.783 1 ATTITUDE 0.074109 -0.157348 0.069931
5.877 1 DOWNLINK_STATUS 0 6 2143 106 0 352. 18. 37.48
5.885 1 ATTITUDE 0.074137 -0.157512 0.069977
5.891 1 GPS 0 0 0 0 0 0 0 0 0 0 1
5.978 1 ATTITUDE 0.074159 -0.157611 0.069971
6.014 1 NAVIGATION 0 2 0. 0. 0. 0. 0 0
6.078 1 ATTITUDE 0.074171 -0.157575 0.06998
6.178 1 ATTITUDE 0.074231 -0.157658 0.069974
6.265 1 NAVIGATION 0 2 0. 0. 0. 0. 0 0
6.280 1 ATTITUDE 0.074156 -0.157517 0.069954
6.381 1 ATTITUDE 0.074176 -0.157694 0.069984
6.384 1 ESTIMATOR 0. 0.
6.478 1 ATTITUDE 0.074136 -0.157921 0.069996
6.515 1 NAVIGATION 0 2 0. 0. 0. 0. 0 0
6.579 1 ATTITUDE 0.074201 -0.157668 0.069945
6.679 1 ATTITUDE 0.074205 -0.157921 0.069941
6.765 1 NAVIGATION 0 2 0. 0. 0. 0. 0 0
6.779 1 ATTITUDE 0.074198 -0.158041 0.069937
6.862 1 COMMANDS 26,-2352,1274,-2352,-588,0
6.878 1 DOWNLINK_STATUS 0 7 2493 123 0 350. 17. 37.48
6.885 1 ATTITUDE 0.074186 -0.157863 0.069966
6.891 1 GPS 0 0 0 0 0 0 0 0 0 0 1
6.961 1 ACTUATORS 1270,1635,1465,1487,1351
6.978 1 ATTITUDE 0.074154 -0.157838 0.069963
7.015 1 NAVIGATION 0 2 0. 0. 0. 0. 0 0
7.078 1 ATTITUDE 0.074223 -0.157713 0.069936
7.178 1 ATTITUDE 0.074218 -0.157854 0.069972
7.265 1 NAVIGATION 0 2 0. 0. 0. 0. 0 0
7.280 1 ATTITUDE 0.074238 -0.15786 0.069991
7.379 1 ATTITUDE 0.074233 -0.157733 0.069964
7.479 1 ATTITUDE 0.074258 -0.157758 0.069951
7.515 1 NAVIGATION 0 2 0. 0. 0. 0. 0 0
7.582 1 ATTITUDE 0.07424 -0.157794 0.069927
7.583 1 ESTIMATOR 0. 0.
7.678 1 ATTITUDE 0.074285 -0.157802 0.069925
7.766 1 FBW_STATUS 0 50 0 68 0
7.770 1 NAVIGATION 0 2 0. 0. 0. 0. 0 0
7.783 1 ATTITUDE 0.074287 -0.157838 0.069913
7.879 1 DOWNLINK_STATUS 0 8 2856 141 0 363. 18. 37.48
7.885 1 ATTITUDE 0.074244 -0.157727 0.069923
7.891 1 GPS 0 0 0 0 0 0 0 0 0 0 1
7.978 1 ATTITUDE 0.074235 -0.157772 0.069904
8.015 1 NAVIGATION 0 2 0. 0. 0. 0. 0 0
8.078 1 ATTITUDE 0.074233 -0.157861 0.069914
8.178 1 ATTITUDE 0.074196 -0.157693 0.069941
8.265 1 NAVIGATION 0 2 0. 0. 0. 0. 0 0
8.280 1 ATTITUDE 0.074176 -0.157802 0.069969
8.379 1 ATTITUDE 0.074172 -0.157811 0.069932
8.479 1 ATTITUDE 0.07419 -0.157886 0.069911
8.515 1 NAVIGATION 0 2 0. 0. 0. 0. 0 0
8.579 1 ATTITUDE 0.074157 -0.157817 0.06994
8.678 1 ATTITUDE 0.074181 -0.157853 0.069958
8.764 1 NAVIGATION 0 2 0. 0. 0. 0. 0 0
8.781 1 ATTITUDE 0.07417 -0.15802 0.069939
8.783 1 ESTIMATOR 0. 0.
8.880 1 DOWNLINK_STATUS 0 9 3187 157 0 331. 16. 37.48
8.885 1 ATTITUDE 0.074211 -0.157796 0.069937
8.891 1 GPS 0 0 0 0 0 0 0 0 0 0 1
8.978 1 ATTITUDE 0.074178 -0.157843 0.069917
9.015 1 NAVIGATION 0 2 0. 0. 0. 0. 0 0
9.078 1 ATTITUDE 0.074179 -0.157735 0.069935
9.178 1 ATTITUDE 0.074188 -0.157736 0.069936
9.265 1 NAVIGATION 0 2 0. 0. 0. 0. 0 0
9.280 1 ATTITUDE 0.074158 -0.157558 0.069915
9.379 1 ATTITUDE 0.07413 -0.157701 0.069883
9.478 1 ATTITUDE 0.074148 -0.157615 0.069876
9.514 1 NAVIGATION 0 2 0. 0. 0. 0. 0 0
9.578 1 ATTITUDE 0.074158 -0.157654 0.069908
9.678 1 ATTITUDE 0.074153 -0.157702 0.069905
9.766 1 FBW_STATUS 0 50 0 68 0
9.770 1 NAVIGATION 0 2 0. 0. 0. 0. 0 0
9.783 1 ATTITUDE 0.074105 -0.157601 0.069882
9.881 1 DOWNLINK_STATUS 0 10 3519 173 0 332. 16. 37.48
9.885 1 ATTITUDE 0.074136 -0.157713 0.069912
9.891 1 GPS 0 0 0 0 0 0 0 0 0 0 1
9.981 1 ATTITUDE 0.074365 -0.15765 0.069853
9.984 1 ESTIMATOR 0. 0.
10.014 1 NAVIGATION 0 2 0. 0. 0. 0. 0 0
10.081 1 ATTITUDE 0.074293 -0.157863 0.069836
10.083 1 PPRZ_MODE 0 0 0 0 0 17
10.178 1 ATTITUDE 0.074265 -0.157985 0.069831
10.265 1 NAVIGATION 0 2 0. 0. 0. 0. 0 0
10.280 1 ATTITUDE 0.074205 -0.157942 0.069841
10.379 1 ATTITUDE 0.074147 -0.15783 0.069882
10.412 1 PONG 
10.478 1 ATTITUDE 0.074161 -0.158032 0.069842
10.514 1 NAVIGATION 0 2 0. 0. 0. 0. 0 0
10.578 1 ATTITUDE 0.07414 -0.158095 0.069834
10.678 1 ATTITUDE 0.074217 -0.158226 0.069836
10.764 1 NAVIGATION 0 2 0. 0. 0. 0. 0 0
10.779 1 ATTITUDE 0.074193 -0.158462 0.069843
10.882 1 DOWNLINK_STATUS 0 11 3868 191 0 349. 18. 38.5
10.885 1 ATTITUDE 0.074196 -0.158252 0.069847
10.891 1 GPS 0 0 0 0 0 0 0 0 0 0 1
10.978 1 ATTITUDE 0.074209 -0.158311 0.069815
11.014 1 NAVIGATION 0 2 0. 0. 0. 0. 0 0
11.079 1 ATTITUDE 0.074196 -0.158141 0.069842
11.181 1 ATTITUDE 0.074173 -0.158101 0.069877
11.184 1 ESTIMATOR 0. 0.
11.265 1 NAVIGATION 0 2 0. 0. 0. 0. 0 0
11.280 1 ATTITUDE 0.074067 -0.157794 0.069893
11.378 1 ATTITUDE 0.074077 -0.157662 0.06991
11.478 1 ATTITUDE 0.074059 -0.157779 0.069884
11.514 1 NAVIGATION 0 2 0. 0. 0. 0. 0 0
11.578 1 ATTITUDE 0.07486 -0.15789 0.069848
11.678 1 ATTITUDE 0.074354 -0.15801 0.069879
11.766 1 FBW_STATUS 0 47 0 68 0
11.770 1 NAVIGATION 0 2 0. 0. 0. 0. 0 0
11.783 1 ATTITUDE 0.073731 -0.15841 0.06996
11.862 1 COMMANDS 26,-2352,1274,-2352,-588,0
11.882 1 DOWNLINK_STATUS 0 12 4233 209 0 365. 18. 38.5
11.885 1 ATTITUDE 0.073221 -0.158484 0.06995
11.891 1 GPS 0 0 0 0 0 0 0 0 0 0 1
11.961 1 ACTUATORS 1270,1635,1465,1487,1351
11.978 1 ATTITUDE 0.073172 -0.158691 0.069897
12.015 1 NAVIGATION 0 2 0. 0. 0. 0. 0 0
12.079 1 ATTITUDE 0.073222 -0.158707 0.06984
12.178 1 ATTITUDE 0.073171 -0.158832 0.069817
12.264 1 NAVIGATION 0 2 0. 0. 0. 0. 0 0
12.279 1 ATTITUDE 0.073227 -0.158978 0.069816
12.381 1 ATTITUDE 0.073137 -0.159162 0.069807
12.383 1 ESTIMATOR 0. 0.
12.478 1 ATTITUDE 0.073139 -0.159159 0.069776
12.527 1 NAVIGATION 0 2 0. 0. 0. 0. 0 0
12.578 1 ATTITUDE 0.073176 -0.159137 0.069745
12.683 1 ATTITUDE 0.073135 -0.159335 0.069769
12.686 1 BAT 26 68 0 0 1 50 0 0
12.764 1 NAVIGATION 0 2 0. 0. 0. 0. 0 0
12.780 1 ATTITUDE 0.073099 -0.159542 0.069765
12.883 1 DOWNLINK_STATUS 0 13 4602 227 0 369. 18. 38.5
12.885 1 ATTITUDE 0.07315 -0.159729 0.069751
12.891 1 GPS 0 0 0 0 0 0 0 0 0 0 1
12.978 1 ATTITUDE 0.07316 -0.159725 0.069711
13.015 1 NAVIGATION 0 2 0. 0. 0. 0. 0 0
13.078 1 ATTITUDE 0.073096 -0.159662 0.069708
13.178 1 ATTITUDE 0.073054 -0.159729 0.06968
13.265 1 NAVIGATION 0 2 0. 0. 0. 0. 0 0
13.283 1 ATTITUDE 0.07303 -0.159618 0.069633
13.287 1 ALIVE 130,212,45,80,220,252,85,75,226,104,159,176,42,12,152,134
13.378 1 ATTITUDE 0.073022 -0.159598 0.069623
13.478 1 ATTITUDE 0.073073 -0.15973 0.069602
13.509 1 WIND_INFO 1 42 0. 0. 0.
13.514 1 NAVIGATION 0 2 0. 0. 0. 0. 0 0
13.581 1 ATTITUDE 0.073059 -0.159688 0.069595
13.584 1 ESTIMATOR 0. 0.
13.678 1 ATTITUDE 0.073011 -0.159786 0.069541
13.766 1 FBW_STATUS 0 47 0 68 0
13.770 1 NAVIGATION 0 2 0. 0. 0. 0. 0 0
13.783 1 ATTITUDE 0.073025 -0.159825 0.069549
13.884 1 DOWNLINK_STATUS 0 14 4971 245 0 369. 18. 38.5
13.885 1 ATTITUDE 0.073006 -0.159935 0.069503
13.891 1 GPS 0 0 0 0 0 0 0 0 0 0 1
13.978 1 ATTITUDE 0.072964 -0.16009 0.069513
14.014 1 NAVIGATION 0 2 0. 0. 0. 0. 0 0
14.078 1 ATTITUDE 0.073003 -0.160165 0.069503
14.178 1 ATTITUDE 0.072954 -0.160316 0.069455
14.264 1 NAVIGATION 0 2 0. 0. 0. 0. 0 0
14.279 1 ATTITUDE 0.072954 -0.16052 0.069419
14.380 1 ATTITUDE 0.072976 -0.160273 0.069414
14.382 1 DOWNLINK 0 352 925
14.478 1 ATTITUDE 0.072978 -0.160474 0.069401
14.514 1 NAVIGATION 0 2 0. 0. 0. 0. 0 0
14.578 1 ATTITUDE 0.072951 -0.160575 0.069356
14.678 1 ATTITUDE 0.07292 -0.160491 0.069344
14.765 1 NAVIGATION 0 2 0. 0. 0. 0. 0 0
14.780 1 ATTITUDE 0.072911 -0.16063 0.069314
14.783 1 ESTIMATOR 0. 0.
14.884 1 DOWNLINK_STATUS 0 15 5313 262 0 342. 17. 38.5
14.885 1 ATTITUDE 0.072907 -0.160672 0.069282
14.890 1 GPS 0 0 0 0 0 0 0 0 0 0 1
14.981 1 ATTITUDE 0.072936 -0.160766 0.069291
14.984 1 GPS_SOL 0 0 0 0
15.014 1 NAVIGATION 0 2 0. 0. 0. 0. 0 0
15.078 1 ATTITUDE 0.072964 -0.16066 0.069255
15.178 1 ATTITUDE 0.072944 -0.160752 0.069255
15.264 1 NAVIGATION 0 2 0. 0. 0. 0. 0 0
15.280 1 ATTITUDE 0.072924 -0.160879 0.069266
15.378 1 ATTITUDE 0.072969 -0.160996 0.069225
15.411 1 PONG 
15.478 1 ATTITUDE 0.07295 -0.160748 0.069218
15.515 1 NAVIGATION 0 2 0. 0. 0. 0. 0 0
15.577 1 ATTITUDE 0.072971 -0.160675 0.069184
15.677 1 ATTITUDE 0.072913 -0.160748 0.069164
15.765 1 FBW_STATUS 0 48 0 68 0
15.770 1 NAVIGATION 0 2 0. 0. 0. 0. 0 0
15.782 1 ATTITUDE 0.072866 -0.16065 0.069187
15.885 1 ATTITUDE 0.072888 -0.160656 0.069202
15.885 1 DOWNLINK_STATUS 0 16 5686 281 0 373. 19. 37.5
15.890 1 GPS 0 0 0 0 0 0 0 0 0 0 1
15.981 1 ATTITUDE 0.072165 -0.161341 0.06907
15.983 1 ESTIMATOR 0. 0.
16.014 1 NAVIGATION 0 2 0. 0. 0. 0. 0 0
16.080 1 ATTITUDE 0.073302 -0.161087 0.069048
16.083 1 PPRZ_MODE 0 0 0 0 0 17
16.178 1 ATTITUDE 0.073322 -0.161175 0.069157
16.264 1 NAVIGATION 0 2 0. 0. 0. 0. 0 0
16.280 1 ATTITUDE 0.073019 -0.161321 0.069165
16.378 1 ATTITUDE 0.073041 -0.161426 0.069129
16.477 1 ATTITUDE 0.073022 -0.161574 0.069127
16.515 1 NAVIGATION 0 2 0. 0. 0. 0. 0 0
16.577 1 ATTITUDE 0.072971 -0.161522 0.069101
16.677 1 ATTITUDE 0.07294 -0.161666 0.069062
16.764 1 NAVIGATION 0 2 0. 0. 0. 0. 0 0
16.779 1 ATTITUDE 0.072865 -0.161687 0.069077
16.861 1 COMMANDS 26,-2352,1274,-2352,-588,0
16.885 1 ATTITUDE 0.072907 -0.161574 0.069055
16.885 1 DOWNLINK_STATUS 0 17 6048 299 0 362. 18. 37.5
16.890 1 GPS 0 0 0 0 0 0 0 0 0 0 1
16.961 1 ACTUATORS 1271,1635,1465,1487,1351
16.978 1 ATTITUDE 0.072879 -0.161352 0.069017
17.014 1 NAVIGATION 0 2 0. 0. 0. 0. 0 0
17.078 1 ATTITUDE 0.072909 -0.161326 0.068979
17.181 1 ATTITUDE 0.072926 -0.161408 0.068975
17.183 1 ESTIMATOR 0. 0.
17.264 1 NAVIGATION 0 2 0. 0. 0. 0. 0 0
17.280 1 ATTITUDE 0.072787 -0.161298 0.068953
17.378 1 ATTITUDE 0.072854 -0.161015 0.068926
17.477 1 ATTITUDE 0.072826 -0.16104 0.068877
17.514 1 NAVIGATION 0 2 0. 0. 0. 0. 0 0
17.577 1 ATTITUDE 0.072801 -0.161012 0.068878
17.678 1 ATTITUDE 0.072728 -0.160943 0.068856
17.765 1 FBW_STATUS 0 48 0 68 0
17.770 1 NAVIGATION 0 2 0. 0. 0. 0. 0 0
17.782 1 ATTITUDE 0.072726 -0.161057 0.06885
17.885 1 ATTITUDE 0.072787 -0.16116 0.068861
17.886 1 DOWNLINK_STATUS 0 18 6411 317 0 363. 18. 37.5
17.890 1 GPS 0 0 0 0 0 0 0 0 0 0 1
17.978 1 ATTITUDE 0.072859 -0.161178 0.068879
18.014 1 NAVIGATION 0 2 0. 0. 0. 0. 0 0
18.078 1 ATTITUDE 0.072764 -0.161144 0.068901
18.178 1 ATTITUDE 0.072707 -0.161066 0.068898
18.264 1 NAVIGATION 0 2 0. 0. 0. 0. 0 0
18.279 1 ATTITUDE 0.072629 -0.16119 0.068914
18.380 1 ATTITUDE 0.072554 -0.161105 0.068927
18.383 1 ESTIMATOR 0. 0.
18.477 1 ATTITUDE 0.072558 -0.161281 0.068948
18.514 1 NAVIGATION 0 2 0. 0. 0. 0. 0 0
18.578 1 ATTITUDE 0.072545 -0.161278 0.068901
18.678 1 ATTITUDE 0.072523 -0.161307 0.068911
18.764 1 NAVIGATION 0 2 0. 0. 0. 0. 0 0
18.779 1 ATTITUDE 0.072525 -0.161313 0.068909
18.885 1 ATTITUDE 0.072482 -0.161389 0.068887
18.887 1 DOWNLINK_STATUS 0 19 6742 333 0 331. 16. 37.5
18.891 1 GPS 0 0 0 0 0 0 0 0 0 0 1
18.978 1 ATTITUDE 0.072445 -0.161453 0.068888
19.014 1 NAVIGATION 0 2 0. 0. 0. 0. 0 0
19.078 1 ATTITUDE 0.072461 -0.161586 0.068907
19.177 1 ATTITUDE 0.072397 -0.161756 0.068916
19.264 1 NAVIGATION 0 2 0. 0. 0. 0. 0 0
19.279 1 ATTITUDE 0.072412 -0.161684 0.068951
19.377 1 ATTITUDE 0.072389 -0.161796 0.068884
19.477 1 ATTITUDE 0.072365 -0.161758 0.068905
19.514 1 NAVIGATION 0 2 0. 0. 0. 0. 0 0
19.581 1 ATTITUDE 0.07247 -0.161505 0.068895
19.583 1 ESTIMATOR 0. 0.
19.678 1 ATTITUDE 0.072465 -0.161559 0.068857
19.765 1 FBW_STATUS 0 48 0 68 0
19.770 1 NAVIGATION 0 2 0. 0. 0. 0. 0 0
19.783 1 ATTITUDE 0.072412 -0.161507 0.068821
19.885 1 ATTITUDE 0.072368 -0.161693 0.068833
19.888 1 DOWNLINK_STATUS 0 20 7088 350 0 346. 17. 37.5
19.891 1 GPS 0 0 0 0 0 0 0 0 0 0 1
19.977 1 ATTITUDE 0.072321 -0.16184 0.068817
20.013 1 NAVIGATION 0 2 0. 0. 0. 0. 0 0
20.077 1 ATTITUDE 0.072281 -0.161907 0.068819
20.177 1 ATTITUDE 0.072283 -0.162004 0.068801
20.264 1 NAVIGATION 0 2 0. 0. 0. 0. 0 0
20.279 1 ATTITUDE 0.072335 -0.161998 0.068771
20.377 1 ATTITUDE 0.072378 -0.161975 0.068727
20.413 1 PONG 
20.478 1 ATTITUDE 0.072325 -0.162194 0.068751
20.514 1 NAVIGATION 0 2 0. 0. 0. 0. 0 0
20.578 1 ATTITUDE 0.072356 -0.162206 0.068707
20.678 1 ATTITUDE 0.072336 -0.162299 0.068759
20.764 1 NAVIGATION 0 2 0. 0. 0. 0. 0 0
20.781 1 ATTITUDE 0.072221 -0.162508 0.068765
20.782 1 ESTIMATOR 0. 0.
20.885 1 ATTITUDE 0.072307 -0.162362 0.068737
20.889 1 DOWNLINK_STATUS 0 21 7425 367 0 337. 17. 37.93
20.890 1 GPS 0 0 0 0 0 0 0 0 0 0 1
20.977 1 ATTITUDE 0.072242 -0.16243 0.068761
21.013 1 NAVIGATION 0 2 0. 0. 0. 0. 0 0
21.077 1 ATTITUDE 0.072165 -0.16239 0.068762
21.177 1 ATTITUDE 0.072231 -0.162213 0.068712
21.264 1 NAVIGATION 0 2 0. 0. 0. 0. 0 0
21.279 1 ATTITUDE 0.072286 -0.162327 0.068713
21.377 1 ATTITUDE 0.072431 -0.162349 0.068704
21.478 1 ATTITUDE 0.072434 -0.162186 0.068715
21.514 1 NAVIGATION 0 2 0. 0. 0. 0. 0 0
21.578 1 ATTITUDE 0.072355 -0.16222 0.068773
21.677 1 ATTITUDE 0.072317 -0.162114 0.068731
21.764 1 FBW_STATUS 0 45 0 68 0
21.769 1 NAVIGATION 0 2 0. 0. 0. 0. 0 0
21.782 1 ATTITUDE 0.072327 -0.162167 0.068752
21.860 1 COMMANDS 26,-2352,1274,-2352,-560,0
21.884 1 ATTITUDE 0.072324 -0.16222 0.068742
21.889 1 DOWNLINK_STATUS 0 22 7776 384 0 351. 17. 37.93
21.890 1 GPS 0 0 0 0 0 0 0 0 0 0 1
21.960 1 ACTUATORS 1271,1635,1465,1487,1351
21.980 1 ATTITUDE 0.07239 -0.162409 0.068754
21.983 1 ESTIMATOR 0. 0.
22.014 1 NAVIGATION 0 2 0. 0. 0. 0. 0 0
22.080 1 ATTITUDE 0.072378 -0.16173 0.068785
22.082 1 PPRZ_MODE 0 0 0 0 0 17
22.177 1 ATTITUDE 0.072372 -0.161885 0.068785
22.264 1 NAVIGATION 0 2 0. 0. 0. 0. 0 0
22.279 1 ATTITUDE 0.072388 -0.161735 0.068761
22.378 1 ATTITUDE 0.072434 -0.161791 0.06876
22.478 1 ATTITUDE 0.072471 -0.161864 0.068749
22.514 1 NAVIGATION 0 2 0. 0. 0. 0. 0 0
22.577 1 ATTITUDE 0.072375 -0.161934 0.068793
22.677 1 ATTITUDE 0.072403 -0.162085 0.068796
22.763 1 NAVIGATION 0 2 0. 0. 0. 0. 0 0
22.781 1 ATTITUDE 0.072349 -0.162103 0.068764
22.785 1 BAT 26 68 0 0 1 61 0 0
22.884 1 ATTITUDE 0.072309 -0.162213 0.068768
22.890 1 GPS 0 0 0 0 0 0 0 0 0 0 1
22.890 1 DOWNLINK_STATUS 0 23 8190 404 0 414. 20. 37.93
22.977 1 ATTITUDE 0.072383 -0.162237 0.068743
23.014 1 NAVIGATION 0 2 0. 0. 0. 0. 0 0
23.077 1 ATTITUDE 0.072364 -0.162019 0.068734
23.180 1 ATTITUDE 0.072331 -0.16206 0.068726
23.183 1 ESTIMATOR 0. 0.
23.264 1 NAVIGATION 0 2 0. 0. 0. 0. 0 0
23.279 1 ATTITUDE 0.072347 -0.162131 0.068672
23.378 1 ATTITUDE 0.072366 -0.161974 0.0687
23.482 1 ATTITUDE 0.072363 -0.162075 0.0687
23.487 1 ALIVE 130,212,45,80,220,252,85,75,226,104,159,176,42,12,152,134
23.509 1 WIND_INFO 1 42 0. 0. 0.
23.514 1 NAVIGATION 0 2 0. 0. 0. 0. 0 0
23.577 1 ATTITUDE 0.072331 -0.162195 0.068694
23.677 1 ATTITUDE 0.072405 -0.1622 0.068619
23.765 1 FBW_STATUS 0 48 0 68 0
23.769 1 NAVIGATION 0 2 0. 0. 0. 0. 0 0
23.782 1 ATTITUDE 0.072393 -0.162192 0.068623
23.884 1 ATTITUDE 0.072374 -0.162089 0.06864
23.890 1 GPS 0 0 0 0 0 0 0 0 0 0 1
23.890 1 DOWNLINK_STATUS 0 24 8559 422 0 369. 18. 37.93
23.977 1 ATTITUDE 0.072424 -0.162041 0.068622
24.014 1 NAVIGATION 0 2 0. 0. 0. 0. 0 0
24.078 1 ATTITUDE 0.072466 -0.162157 0.068645
24.178 1 ATTITUDE 0.072386 -0.162135 0.068672
24.264 1 NAVIGATION 0 2 0. 0. 0. 0. 0 0
24.279 1 ATTITUDE 0.072407 -0.162271 0.068639
24.380 1 ATTITUDE 0.072394 -0.16216 0.068615
24.382 1 ESTIMATOR 0. 0.
24.477 1 ATTITUDE 0.072433 -0.16232 0.068564
24.513 1 NAVIGATION 0 2 0. 0. 0. 0. 0 0
24.577 1 ATTITUDE 0.072402 -0.16224 0.068583
24.677 1 ATTITUDE 0.072344 -0.16245 0.06859
24.764 1 NAVIGATION 0 2 0. 0. 0. 0. 0 0
24.780 1 ATTITUDE 0.072451 -0.162542 0.068565
24.781 1 DOWNLINK 0 353 1107
24.884 1 ATTITUDE 0.072436 -0.162673 0.068608
24.890 1 GPS 0 0 0 0 0 0 0 0 0 0 1
24.891 1 DOWNLINK_STATUS 0 25 8901 439 0 342. 17. 37.93
24.978 1 ATTITUDE 0.072447 -0.162717 0.068595
25.014 1 NAVIGATION 0 2 0. 0. 0. 0. 0 0
25.078 1 ATTITUDE 0.072437 -0.162597 0.068617
25.177 1 ATTITUDE 0.072421 -0.162461 0.068651
25.264 1 NAVIGATION 0 2 0. 0. 0. 0. 0 0
25.278 1 ATTITUDE 0.072433 -0.162232 0.068623
25.377 1 ATTITUDE 0.072452 -0.162377 0.068642
25.413 1 PONG 
25.481 1 ATTITUDE 0.072448 -0.162159 0.068634
25.484 1 GPS_SOL 0 0 0 0
25.513 1 NAVIGATION 0 2 0. 0. 0. 0. 0 0
25.580 1 ATTITUDE 0.07243 -0.162154 0.06868
25.583 1 ESTIMATOR 0. 0.
25.677 1 ATTITUDE 0.072451 -0.161985 0.068701
25.765 1 FBW_STATUS 0 47 0 68 0
25.769 1 NAVIGATION 0 2 0. 0. 0. 0. 0 0
25.782 1 ATTITUDE 0.072391 -0.161907 0.068703
25.885 1 ATTITUDE 0.072395 -0.161923 0.068688
25.890 1 GPS 0 0 0 0 0 0 0 0 0 0 1
25.892 1 DOWNLINK_STATUS 0 26 9270 458 0 369. 19. 37.99
25.978 1 ATTITUDE 0.072384 -0.161863 0.068694
26.014 1 NAVIGATION 0 2 0. 0. 0. 0. 0 0
26.078 1 ATTITUDE 0.072363 -0.161765 0.068718
26.177 1 ATTITUDE 0.072331 -0.161926 0.068739
26.263 1 NAVIGATION 0 2 0. 0. 0. 0. 0 0
26.278 1 ATTITUDE 0.072326 -0.16201 0.068747
26.377 1 ATTITUDE 0.072302 -0.161888 0.06872
26.477 1 ATTITUDE 0.072292 -0.162009 0.068698
26.513 1 NAVIGATION 0 2 0. 0. 0. 0. 0 0
26.577 1 ATTITUDE 0.072342 -0.161978 0.06869
26.677 1 ATTITUDE 0.07236 -0.162041 0.068692
26.764 1 NAVIGATION 0 2 0. 0. 0. 0. 0 0
26.780 1 ATTITUDE 0.072381 -0.162187 0.068639
26.783 1 ESTIMATOR 0. 0.
26.861 1 COMMANDS 26,-2352,1274,-2352,-588,0
26.885 1 ATTITUDE 0.072382 -0.162126 0.068672
26.890 1 GPS 0 0 0 0 0 0 0 0 0 0 1
26.893 1 DOWNLINK_STATUS 0 27 9620 475 0 350. 17. 37.99
26.959 1 ACTUATORS 1270,1635,1465,1487,1351
26.977 1 ATTITUDE 0.072352 -0.161991 0.068641
27.013 1 NAVIGATION 0 2 0. 0. 0. 0. 0 0
27.077 1 ATTITUDE 0.07232 -0.161988 0.06865
27.177 1 ATTITUDE 0.072331 -0.161854 0.068677
27.263 1 NAVIGATION 0 2 0. 0. 0. 0. 0 0
27.278 1 ATTITUDE 0.072328 -0.161843 0.068687
27.377 1 ATTITUDE 0.072345 -0.161721 0.068732
27.477 1 ATTITUDE 0.072392 -0.161751 0.068704
27.514 1 NAVIGATION 0 2 0. 0. 0. 0. 0 0
27.577 1 ATTITUDE 0.072382 -0.161783 0.068694
27.677 1 ATTITUDE 0.072346 -0.161708 0.068669
27.764 1 FBW_STATUS 0 47 0 68 0
27.769 1 NAVIGATION 0 2 0. 0. 0. 0. 0 0
27.781 1 ATTITUDE 0.072382 -0.16181 0.068645
27.884 1 ATTITUDE 0.072466 -0.161623 0.068648
27.889 1 GPS 0 0 0 0 0 0 0 0 0 0 1
27.894 1 DOWNLINK_STATUS 0 28 9969 492 0 349. 17. 37.99
27.980 1 ATTITUDE 0.072442 -0.161719 0.068619
27.982 1 ESTIMATOR 0. 0.
28.013 1 NAVIGATION 0 2 0. 0. 0. 0. 0 0
28.079 1 ATTITUDE 0.072455 -0.161611 0.068641
28.081 1 PPRZ_MODE 0 0 0 0 0 17
28.177 1 ATTITUDE 0.072455 -0.161519 0.068659
28.263 1 NAVIGATION 0 2 0. 0. 0. 0. 0 0
28.279 1 ATTITUDE 0.072469 -0.161595 0.0687
28.377 1 ATTITUDE 0.072444 -0.161756 0.068629
28.477 1 ATTITUDE 0.072451 -0.161813 0.068663
28.514 1 NAVIGATION 0 2 0. 0. 0. 0. 0 0
28.577 1 ATTITUDE 0.072477 -0.161961 0.068669
28.676 1 ATTITUDE 0.072489 -0.162104 0.068654
28.763 1 NAVIGATION 0 2 0. 0. 0. 0. 0 0
28.778 1 ATTITUDE 0.072504 -0.161942 0.068656
28.884 1 ATTITUDE 0.072442 -0.162035 0.06866
28.889 1 GPS 0 0 0 0 0 0 0 0 0 0 1
28.895 1 DOWNLINK_STATUS 0 29 10312 509 0 343. 17. 37.99
28.977 1 ATTITUDE 0.072499 -0.162003 0.068681
29.013 1 NAVIGATION 0 2 0. 0. 0. 0. 0 0
29.077 1 ATTITUDE 0.072509 -0.162011 0.068702
29.180 1 ATTITUDE 0.072538 -0.162066 0.06869
29.182 1 ESTIMATOR 0. 0.
29.263 1 NAVIGATION 0 2 0. 0. 0. 0. 0 0
29.279 1 ATTITUDE 0.072466 -0.161861 0.068722
29.377 1 ATTITUDE 0.072485 -0.161798 0.068715
29.476 1 ATTITUDE 0.072457 -0.161848 0.068716
29.514 1 NAVIGATION 0 2 0. 0. 0. 0. 0 0
29.577 1 ATTITUDE 0.072452 -0.16175 0.068729
29.677 1 ATTITUDE 0.072511 -0.161806 0.068733
29.764 1 FBW_STATUS 0 51 0 68 0
29.769 1 NAVIGATION 0 2 0. 0. 0. 0. 0 0
29.781 1 ATTITUDE 0.072508 -0.161879 0.068755
29.884 1 ATTITUDE 0.07249 -0.161959 0.068701
29.889 1 GPS 0 0 0 0 0 0 0 0 0 0 1
29.895 1 DOWNLINK_STATUS 0 30 10658 526 0 346. 17. 37.99
29.977 1 ATTITUDE 0.072428 -0.162097 0.068693
30.013 1 NAVIGATION 0 2 0. 0. 0. 0. 0 0
30.077 1 ATTITUDE 0.072457 -0.162049 0.068681
30.177 1 ATTITUDE 0.072461 -0.162083 0.06871
30.263 1 NAVIGATION 0 2 0. 0. 0. 0. 0 0
30.279 1 ATTITUDE 0.072472 -0.162248 0.068728
30.380 1 ATTITUDE 0.07249 -0.162201 0.068741
30.382 1 ESTIMATOR 0. 0.
30.413 1 PONG 
30.476 1 ATTITUDE 0.072484 -0.162444 0.068744
30.514 1 NAVIGATION 0 2 0. 0. 0. 0. 0 0
30.576 1 ATTITUDE 0.072493 -0.162566 0.06874
30.677 1 ATTITUDE 0.07251 -0.162448 0.068701
30.763 1 NAVIGATION 0 2 0. 0. 0. 0. 0 0
30.778 1 ATTITUDE 0.072508 -0.16258 0.068734
30.884 1 ATTITUDE 0.072504 -0.162628 0.068751
30.890 1 GPS 0 0 0 0 0 0 0 0 0 0 1
30.896 1 DOWNLINK_STATUS 0 31 10995 543 0 337. 17. 37.52
30.977 1 ATTITUDE 0.072537 -0.162657 0.068768
31.013 1 NAVIGATION 0 2 0. 0. 0. 0. 0 0
31.077 1 ATTITUDE 0.072499 -0.16255 0.06878
31.177 1 ATTITUDE 0.072512 -0.162507 0.068815
31.264 1 NAVIGATION 0 2 0. 0. 0. 0. 0 0
31.278 1 ATTITUDE 0.072518 -0.162528 0.068816
31.376 1 ATTITUDE 0.072453 -0.162623 0.068818
31.476 1 ATTITUDE 0.072406 -0.16248 0.068819
31.513 1 NAVIGATION 0 2 0. 0. 0. 0. 0 0
31.579 1 ATTITUDE 0.072485 -0.16232 0.068864
31.582 1 ESTIMATOR 0. 0.
31.676 1 ATTITUDE 0.072507 -0.162343 0.068845
31.764 1 FBW_STATUS 0 50 0 68 0
31.769 1 NAVIGATION 0 2 0. 0. 0. 0. 0 0
31.781 1 ATTITUDE 0.072449 -0.162216 0.068866
31.860 1 COMMANDS 26,-2352,1274,-2352,-560,0
31.884 1 ATTITUDE 0.072372 -0.162364 0.068874
31.890 1 GPS 0 0 0 0 0 0 0 0 0 0 1
31.897 1 DOWNLINK_STATUS 0 32 11360 561 0 365. 18. 37.52
31.960 1 ACTUATORS 1270,1635,1465,1487,1351
31.977 1 ATTITUDE 0.072397 -0.162543 0.068864
32.013 1 NAVIGATION 0 2 0. 0. 0. 0. 0 0
32.077 1 ATTITUDE 0.072636 -0.162254 0.068837
32.177 1 ATTITUDE 0.072458 -0.162334 0.068828
32.263 1 NAVIGATION 0 2 0. 0. 0. 0. 0 0
32.278 1 ATTITUDE 0.072648 -0.162086 0.068776
32.382 1 ATTITUDE 0.072524 -0.162212 0.068809
32.476 1 ATTITUDE 0.072495 -0.162434 0.068829
32.513 1 NAVIGATION 0 2 0. 0. 0. 0. 0 0
32.577 1 ATTITUDE 0.07268 -0.162285 0.068814
32.677 1 ATTITUDE 0.07255 -0.162564 0.068793
32.763 1 NAVIGATION 0 2 0. 0. 0. 0. 0 0
32.782 1 ATTITUDE 0.072601 -0.162621 0.068779
32.782 1 ESTIMATOR 0. 0.
32.889 1 ATTITUDE 0.072515 -0.162424 0.068796
32.894 1 GPS 0 0 0 0 0 0 0 0 0 0 1
32.898 1 BAT 26 68 0 0 1 71 0 0
32.898 1 DOWNLINK_STATUS 0 33 11729 579 0 369. 18. 37.52
32.977 1 ATTITUDE 0.07243 -0.162399 0.068844
33.012 1 NAVIGATION 0 2 0. 0. 0. 0. 0 0
33.076 1 ATTITUDE 0.072446 -0.162385 0.06885
33.176 1 ATTITUDE 0.072446 -0.162454 0.068882
33.263 1 NAVIGATION 0 2 0. 0. 0. 0. 0 0
33.278 1 ATTITUDE 0.072493 -0.162532 0.068861
33.377 1 ATTITUDE 0.072466 -0.162318 0.068871
33.477 1 ATTITUDE 0.072428 -0.162384 0.068884
33.509 1 WIND_INFO 1 42 0. 0. 0.
33.513 1 NAVIGATION 0 2 0. 0. 0. 0. 0 0
33.577 1 ATTITUDE 0.072566 -0.161727 0.068874
33.682 1 ATTITUDE 0.072452 -0.161603 0.068899
33.686 1 ALIVE 130,212,45,80,220,252,85,75,226,104,159,176,42,12,152,134
33.765 1 FBW_STATUS 0 49 0 68 0
33.769 1 NAVIGATION 0 2 0. 0. 0. 0. 0 0
33.782 1 ATTITUDE 0.072397 -0.161375 0.068895
33.884 1 ATTITUDE 0.072418 -0.161356 0.068884
33.890 1 GPS 0 0 0 0 0 0 0 0 0 0 1
33.898 1 DOWNLINK_STATUS 0 34 12084 596 0 355. 17. 37.52
33.980 1 ATTITUDE 0.072413 -0.161535 0.06888
33.982 1 ESTIMATOR 0. 0.
34.013 1 NAVIGATION 0 2 0. 0. 0. 0. 0 0
34.079 1 ATTITUDE 0.072458 -0.161249 0.068865
34.081 1 PPRZ_MODE 0 0 0 0 0 17
34.176 1 ATTITUDE 0.072497 -0.161136 0.06888
34.263 1 NAVIGATION 0 2 0. 0. 0. 0. 0 0
34.278 1 ATTITUDE 0.072572 -0.161266 0.068863
34.376 1 ATTITUDE 0.0726 -0.161251 0.06887
34.477 1 ATTITUDE 0.072613 -0.161174 0.068904
34.513 1 NAVIGATION 0 2 0. 0. 0. 0. 0 0
34.577 1 ATTITUDE 0.072571 -0.161201 0.068914
34.677 1 ATTITUDE 0.072619 -0.161269 0.068934
34.763 1 NAVIGATION 0 2 0. 0. 0. 0. 0 0
34.778 1 ATTITUDE 0.072662 -0.161319 0.068974
34.883 1 ATTITUDE 0.072662 -0.161391 0.069001
34.889 1 GPS 0 0 0 0 0 0 0 0 0 0 1
34.899 1 DOWNLINK_STATUS 0 35 12427 613 0 343. 17. 37.52
34.976 1 ATTITUDE 0.072604 -0.161446 0.069021
35.012 1 NAVIGATION 0 2 0. 0. 0. 0. 0 0
35.076 1 ATTITUDE 0.072635 -0.161351 0.069038
35.182 1 ATTITUDE 0.072655 -0.161409 0.069034
35.184 1 ESTIMATOR 0. 0.
35.186 1 DOWNLINK 0 354 1289
35.263 1 NAVIGATION 0 2 0. 0. 0. 0. 0 0
35.278 1 ATTITUDE 0.072675 -0.161457 0.069058
35.377 1 ATTITUDE 0.072635 -0.161605 0.069067
35.415 1 PONG 
35.477 1 ATTITUDE 0.072749 -0.161288 0.069065
35.513 1 NAVIGATION 0 2 0. 0. 0. 0. 0 0
35.577 1 ATTITUDE 0.072731 -0.161121 0.069076
35.677 1 ATTITUDE 0.07271 -0.161173 0.069079
35.764 1 FBW_STATUS 0 49 0 68 0
35.768 1 NAVIGATION 0 2 0. 0. 0. 0. 0 0
35.781 1 ATTITUDE 0.07268 -0.161093 0.06905
35.883 1 ATTITUDE 0.072613 -0.161177 0.069078
35.889 1 GPS 0 0 0 0 0 0 0 0 0 0 1
35.900 1 DOWNLINK_STATUS 0 36 12790 632 0 363. 19. 37.84
35.980 1 ATTITUDE 0.072614 -0.161084 0.069085
35.983 1 GPS_SOL 0 0 0 0
36.013 1 NAVIGATION 0 2 0. 0. 0. 0. 0 0
36.076 1 ATTITUDE 0.072639 -0.161263 0.069106
36.176 1 ATTITUDE 0.072724 -0.161462 0.069076
36.263 1 NAVIGATION 0 2 0. 0. 0. 0. 0 0
36.278 1 ATTITUDE 0.072772 -0.161474 0.069062
36.380 1 ATTITUDE 0.072825 -0.161276 0.069066
36.382 1 ESTIMATOR 0. 0.
36.477 1 ATTITUDE 0.072767 -0.161449 0.069072
36.513 1 NAVIGATION 0 2 0. 0. 0. 0. 0 0
36.577 1 ATTITUDE 0.072745 -0.161406 0.069067
36.676 1 ATTITUDE 0.072776 -0.16145 0.069054
36.762 1 NAVIGATION 0 2 0. 0. 0. 0. 0 0
36.778 1 ATTITUDE 0.072788 -0.161665 0.069056
36.860 1 COMMANDS 26,-2352,1274,-2352,-560,0
36.883 1 ATTITUDE 0.072799 -0.161536 0.069068
36.889 1 GPS 0 0 0 0 0 0 0 0 0 0 1
36.901 1 DOWNLINK_STATUS 0 37 13157 650 0 367. 18. 37.84
36.959 1 ACTUATORS 1270,1635,1465,1487,1351
36.976 1 ATTITUDE 0.07285 -0.161376 0.069033
37.013 1 NAVIGATION 0 2 0. 0. 0. 0. 0 0
37.076 1 ATTITUDE 0.072868 -0.161351 0.069062
37.176 1 ATTITUDE 0.072852 -0.161195 0.069052
37.263 1 NAVIGATION 0 2 0. 0. 0. 0. 0 0
37.278 1 ATTITUDE 0.072854 -0.161293 0.069054
37.377 1 ATTITUDE 0.072825 -0.161296 0.069045
37.477 1 ATTITUDE 0.072795 -0.161198 0.069044
37.513 1 NAVIGATION 0 2 0. 0. 0. 0. 0 0
37.579 1 ATTITUDE 0.072808 -0.161053 0.069073
37.581 1 ESTIMATOR 0. 0.
37.676 1 ATTITUDE 0.072793 -0.160909 0.069068
37.763 1 FBW_STATUS 0 47 0 68 0
37.768 1 NAVIGATION 0 2 0. 0. 0. 0. 0 0
37.781 1 ATTITUDE 0.07279 -0.161001 0.069092
37.883 1 ATTITUDE 0.072763 -0.161079 0.069093
37.889 1 GPS 0 0 0 0 0 0 0 0 0 0 1
37.902 1 DOWNLINK_STATUS 0 38 13520 668 0 363. 18. 37.84
37.976 1 ATTITUDE 0.072726 -0.161178 0.069106
38.013 1 NAVIGATION 0 2 0. 0. 0. 0. 0 0
38.076 1 ATTITUDE 0.072784 -0.161386 0.069092
38.176 1 ATTITUDE 0.072794 -0.161569 0.069101
38.263 1 NAVIGATION 0 2 0. 0. 0. 0. 0 0
38.278 1 ATTITUDE 0.072785 -0.161464 0.069158
38.377 1 ATTITUDE 0.072805 -0.161604 0.069166
38.477 1 ATTITUDE 0.072787 -0.161579 0.069144
38.513 1 NAVIGATION 0 2 0. 0. 0. 0. 0 0
38.576 1 ATTITUDE 0.072828 -0.161553 0.069142
38.676 1 ATTITUDE 0.072833 -0.16166 0.069142
38.762 1 NAVIGATION 0 2 0. 0. 0. 0. 0 0
38.779 1 ATTITUDE 0.072838 -0.161668 0.069165
38.781 1 ESTIMATOR 0. 0.
38.883 1 ATTITUDE 0.072759 -0.16181 0.069197
38.889 1 GPS 0 0 0 0 0 0 0 0 0 0 1
38.902 1 DOWNLINK_STATUS 0 39 13851 684 0 331. 16. 37.84
38.976 1 ATTITUDE 0.072889 -0.161837 0.069202
39.013 1 NAVIGATION 0 2 0. 0. 0. 0. 0 0
39.076 1 ATTITUDE 0.072839 -0.161695 0.069224
39.176 1 ATTITUDE 0.072922 -0.161705 0.069238
39.263 1 NAVIGATION 0 2 0. 0. 0. 0. 0 0
39.278 1 ATTITUDE 0.072867 -0.161689 0.069231
39.377 1 ATTITUDE 0.072838 -0.161467 0.069244
39.476 1 ATTITUDE 0.072801 -0.161555 0.069226
39.512 1 NAVIGATION 0 2 0. 0. 0. 0. 0 0
39.576 1 ATTITUDE 0.072778 -0.16155 0.069235
39.676 1 ATTITUDE 0.072804 -0.161611 0.069241
39.764 1 FBW_STATUS 0 48 0 68 0
39.768 1 NAVIGATION 0 2 0. 0. 0. 0. 0 0
39.781 1 ATTITUDE 0.072759 -0.161652 0.069233
39.883 1 ATTITUDE 0.072741 -0.161554 0.069207
39.889 1 GPS 0 0 0 0 0 0 0 0 0 0 1
39.903 1 DOWNLINK_STATUS 0 40 14183 700 0 332. 16. 37.84
39.979 1 ATTITUDE 0.072733 -0.161513 0.069213
39.982 1 ESTIMATOR 0. 0.
40.013 1 NAVIGATION 0 2 0. 0. 0. 0. 0 0
40.079 1 ATTITUDE 0.072716 -0.161633 0.069213
40.081 1 PPRZ_MODE 0 0 0 0 0 17
40.176 1 ATTITUDE 0.072744 -0.161793 0.069237
40.263 1 NAVIGATION 0 2 0. 0. 0. 0. 0 0
40.277 1 ATTITUDE 0.072713 -0.162018 0.069327
40.376 1 ATTITUDE 0.072751 -0.162 0.069345
40.415 1 PONG 
40.476 1 ATTITUDE 0.072707 -0.162086 0.069365
40.512 1 NAVIGATION 0 2 0. 0. 0. 0. 0 0
40.576 1 ATTITUDE 0.07276 -0.16195 0.069375
40.676 1 ATTITUDE 0.07277 -0.162096 0.06935
40.762 1 NAVIGATION 0 2 0. 0. 0. 0. 0 0
40.778 1 ATTITUDE 0.072802 -0.162214 0.069356
40.883 1 ATTITUDE 0.072752 -0.162273 0.069343
40.889 1 GPS 0 0 0 0 0 0 0 0 0 0 1
40.904 1 DOWNLINK_STATUS 0 41 14532 718 0 349. 18. 37.65
40.976 1 ATTITUDE 0.072768 -0.162393 0.06935
41.013 1 NAVIGATION 0 2 0. 0. 0. 0. 0 0
41.076 1 ATTITUDE 0.072842 -0.162325 0.069384
41.179 1 ATTITUDE 0.072848 -0.16242 0.069396
41.181 1 ESTIMATOR 0. 0.
41.262 1 NAVIGATION 0 2 0. 0. 0. 0. 0 0
41.277 1 ATTITUDE 0.072869 -0.162482 0.069387
41.376 1 ATTITUDE 0.072908 -0.162522 0.069349
41.476 1 ATTITUDE 0.072909 -0.16257 0.069315
41.512 1 NAVIGATION 0 2 0. 0. 0. 0. 0 0
41.576 1 ATTITUDE 0.073021 -0.162384 0.069326
41.676 1 ATTITUDE 0.073333 -0.162371 0.069304
41.764 1 FBW_STATUS 0 49 0 68 0
41.768 1 NAVIGATION 0 2 0. 0. 0. 0. 0 0
41.781 1 ATTITUDE 0.075929 -0.161083 0.069697
41.860 1 COMMANDS 26,-2352,1274,-2352,-560,0
41.883 1 ATTITUDE 0.073709 -0.159766 0.069191
41.889 1 GPS 0 0 0 0 0 0 0 0 0 0 1
41.905 1 DOWNLINK_STATUS 0 42 14897 736 0 365. 18. 37.65
41.958 1 ACTUATORS 1271,1635,1465,1487,1351
41.976 1 ATTITUDE 0.071804 -0.160834 0.069249
42.013 1 NAVIGATION 0 2 0. 0. 0. 0. 0 0
42.076 1 ATTITUDE 0.072236 -0.160521 0.069205
42.176 1 ATTITUDE 0.072633 -0.160548 0.06917
42.262 1 NAVIGATION 0 2 0. 0. 0. 0. 0 0
42.277 1 ATTITUDE 0.071642 -0.161027 0.0693
42.379 1 ATTITUDE 0.072095 -0.160644 0.069273
42.381 1 ESTIMATOR 0. 0.
42.476 1 ATTITUDE 0.072335 -0.160458 0.069246
42.512 1 NAVIGATION 0 2 0. 0. 0. 0. 0 0
42.576 1 ATTITUDE 0.072033 -0.160587 0.06923
42.676 1 ATTITUDE 0.072051 -0.160691 0.069201
42.763 1 NAVIGATION 0 2 0. 0. 0. 0. 0 0
42.778 1 ATTITUDE 0.072025 -0.160821 0.069186
42.884 1 ATTITUDE 0.072013 -0.160457 0.069209
42.889 1 GPS 0 0 0 0 0 0 0 0 0 0 1
42.906 1 DOWNLINK_STATUS 0 43 15245 753 0 348. 17. 37.65
42.980 1 ATTITUDE 0.072047 -0.160809 0.069207
42.984 1 BAT 26 68 0 0 1 81 0 0
43.012 1 NAVIGATION 0 2 0. 0. 0. 0. 0 0
43.076 1 ATTITUDE 0.071976 -0.160727 0.069214
43.176 1 ATTITUDE 0.071982 -0.160594 0.069233
43.262 1 NAVIGATION 0 2 0. 0. 0. 0. 0 0
43.277 1 ATTITUDE 0.071978 -0.160661 0.069209
43.376 1 ATTITUDE 0.072036 -0.160524 0.069175
43.476 1 ATTITUDE 0.072031 -0.160523 0.069158
43.509 1 WIND_INFO 1 42 0. 0. 0.
43.512 1 NAVIGATION 0 2 0. 0. 0. 0. 0 0
43.579 1 ATTITUDE 0.071797 -0.160604 0.069172
43.581 1 ESTIMATOR 0. 0.
43.676 1 ATTITUDE 0.071774 -0.160581 0.069159
43.764 1 FBW_STATUS 0 49 0 68 0
43.768 1 NAVIGATION 0 2 0. 0. 0. 0. 0 0
43.781 1 ATTITUDE 0.071957 -0.160654 0.06913
43.887 1 ATTITUDE 0.071762 -0.160559 0.069177
43.893 1 GPS 0 0 0 0 0 0 0 0 0 0 1
43.898 1 ALIVE 130,212,45,80,220,252,85,75,226,104,159,176,42,12,152,134
43.907 1 DOWNLINK_STATUS 0 44 15635 772 0 390. 19. 37.65
43.976 1 ATTITUDE 0.071676 -0.160599 0.069215
44.012 1 NAVIGATION 0 2 0. 0. 0. 0. 0 0
44.076 1 ATTITUDE 0.071813 -0.16039 0.069229
44.176 1 ATTITUDE 0.071833 -0.16038 0.069238
44.262 1 NAVIGATION 0 2 0. 0. 0. 0. 0 0
44.277 1 ATTITUDE 0.071749 -0.160413 0.069234
44.376 1 ATTITUDE 0.071903 -0.160471 0.069218
44.476 1 ATTITUDE 0.071889 -0.160504 0.069266
44.513 1 NAVIGATION 0 2 0. 0. 0. 0. 0 0
44.576 1 ATTITUDE 0.071732 -0.160705 0.069313
44.675 1 ATTITUDE 0.071805 -0.160838 0.069318
44.762 1 NAVIGATION 0 2 0. 0. 0. 0. 0 0
44.779 1 ATTITUDE 0.071785 -0.160735 0.069354
44.781 1 ESTIMATOR 0. 0.
44.883 1 ATTITUDE 0.071807 -0.160772 0.069372
44.888 1 GPS 0 0 0 0 0 0 0 0 0 0 1
44.908 1 DOWNLINK_STATUS 0 45 15966 788 0 331. 16. 37.65
44.976 1 ATTITUDE 0.071758 -0.160708 0.069417
45.012 1 NAVIGATION 0 2 0. 0. 0. 0. 0 0
45.076 1 ATTITUDE 0.071739 -0.161175 0.069449
45.176 1 ATTITUDE 0.071816 -0.161269 0.069446
45.262 1 NAVIGATION 0 2 0. 0. 0. 0. 0 0
45.277 1 ATTITUDE 0.071675 -0.161282 0.069454
45.376 1 ATTITUDE 0.071816 -0.16107 0.069451
45.416 1 PONG 
45.475 1 ATTITUDE 0.071879 -0.160885 0.069443
45.512 1 NAVIGATION 0 2 0. 0. 0. 0. 0 0
45.578 1 ATTITUDE 0.071758 -0.160853 0.069463
45.580 1 DOWNLINK 0 351 1470
45.676 1 ATTITUDE 0.071769 -0.160874 0.06945
45.763 1 FBW_STATUS 0 53 0 68 0
45.768 1 NAVIGATION 0 2 0. 0. 0. 0. 0 0
45.780 1 ATTITUDE 0.071824 -0.160869 0.06946
45.883 1 ATTITUDE 0.071772 -0.161145 0.06947
45.888 1 GPS 0 0 0 0 0 0 0 0 0 0 1
45.908 1 DOWNLINK_STATUS 0 46 16315 806 0 349. 18. 38.29
45.979 1 ATTITUDE 0.071909 -0.161227 0.069463
45.981 1 ESTIMATOR 0. 0.
46.012 1 NAVIGATION 0 2 0. 0. 0. 0. 0 0
46.078 1 ATTITUDE 0.071751 -0.161305 0.069497
46.080 1 PPRZ_MODE 0 0 0 0 0 17
46.176 1 ATTITUDE 0.071846 -0.161382 0.069478
46.262 1 NAVIGATION 0 2 0. 0. 0. 0. 0 0
46.278 1 ATTITUDE 0.071876 -0.161481 0.069479
46.376 1 ATTITUDE 0.071647 -0.161392 0.069443
46.479 1 ATTITUDE 0.071931 -0.161475 0.069463
46.482 1 GPS_SOL 0 0 0 0
46.512 1 NAVIGATION 0 2 0. 0. 0. 0. 0 0
46.575 1 ATTITUDE 0.071838 -0.161721 0.069456
46.675 1 ATTITUDE 0.071861 -0.161674 0.069394
46.762 1 NAVIGATION 0 2 0. 0. 0. 0. 0 0
46.777 1 ATTITUDE 0.071951 -0.161911 0.069434
46.859 1 COMMANDS 26,-2352,1274,-2352,-560,0
46.883 1 ATTITUDE 0.071728 -0.161919 0.069477
46.888 1 GPS 0 0 0 0 0 0 0 0 0 0 1
46.910 1 DOWNLINK_STATUS 0 47 16694 825 0 379. 19. 38.29
46.959 1 ACTUATORS 1270,1635,1465,1487,1351
46.976 1 ATTITUDE 0.071873 -0.161943 0.069453
47.012 1 NAVIGATION 0 2 0. 0. 0. 0. 0 0
47.076 1 ATTITUDE 0.071778 -0.161895 0.069427
47.179 1 ATTITUDE 0.07173 -0.1619 0.069453
47.181 1 ESTIMATOR 0. 0.
47.262 1 NAVIGATION 0 2 0. 0. 0. 0. 0 0
47.277 1 ATTITUDE 0.071809 -0.161967 0.069448
47.375 1 ATTITUDE 0.071685 -0.162146 0.069417
47.475 1 ATTITUDE 0.071805 -0.162005 0.069434
47.512 1 NAVIGATION 0 2 0. 0. 0. 0. 0 0
47.576 1 ATTITUDE 0.07167 -0.162087 0.069426
47.676 1 ATTITUDE 0.071799 -0.162041 0.069409
47.763 1 FBW_STATUS 0 49 0 68 0
47.768 1 NAVIGATION 0 2 0. 0. 0. 0. 0 0
47.780 1 ATTITUDE 0.071578 -0.161914 0.069429
47.883 1 ATTITUDE 0.071652 -0.162035 0.069414
47.889 1 GPS 0 0 0 0 0 0 0 0 0 0 1
47.910 1 DOWNLINK_STATUS 0 48 17057 843 0 363. 18. 38.29
47.976 1 ATTITUDE 0.071747 -0.16213 0.069433
48.012 1 NAVIGATION 0 2 0. 0. 0. 0. 0 0
48.076 1 ATTITUDE 0.071632 -0.162131 0.069477
48.175 1 ATTITUDE 0.071698 -0.162232 0.069524
48.262 1 NAVIGATION 0 2 0. 0. 0. 0. 0 0
48.277 1 ATTITUDE 0.071712 -0.162164 0.069491
48.378 1 ATTITUDE 0.071697 -0.162247 0.069464
48.381 1 ESTIMATOR 0. 0.
48.475 1 ATTITUDE 0.071695 -0.16238 0.069457
48.512 1 NAVIGATION 0 2 0. 0. 0. 0. 0 0
48.576 1 ATTITUDE 0.071706 -0.162323 0.069439
48.676 1 ATTITUDE 0.071669 -0.162472 0.06946
48.762 1 NAVIGATION 0 2 0. 0. 0. 0. 0 0
48.777 1 ATTITUDE 0.071638 -0.162673 0.069423
48.883 1 ATTITUDE 0.071584 -0.162588 0.069448
48.889 1 GPS 0 0 0 0 0 0 0 0 0 0 1
48.911 1 DOWNLINK_STATUS 0 49 17388 859 0 331. 16. 38.29
48.975 1 ATTITUDE 0.071584 -0.162615 0.069436
49.012 1 NAVIGATION 0 2 0. 0. 0. 0. 0 0
49.075 1 ATTITUDE 0.071574 -0.162684 0.069408
49.175 1 ATTITUDE 0.071594 -0.162776 0.069426
49.262 1 NAVIGATION 0 2 0. 0. 0. 0. 0 0
49.277 1 ATTITUDE 0.071588 -0.162873 0.069395
49.375 1 ATTITUDE 0.071545 -0.162661 0.069415
49.476 1 ATTITUDE 0.071604 -0.162766 0.069429
49.512 1 NAVIGATION 0 2 0. 0. 0. 0. 0 0
49.579 1 ATTITUDE 0.071548 -0.162867 0.069437
49.581 1 ESTIMATOR 0. 0.
49.676 1 ATTITUDE 0.071522 -0.162925 0.069438
49.763 1 FBW_STATUS 0 45 0 68 0
49.768 1 NAVIGATION 0 2 0. 0. 0. 0. 0 0
49.781 1 ATTITUDE 0.071535 -0.162981 0.069447
49.883 1 ATTITUDE 0.071432 -0.162809 0.069431
49.889 1 GPS 0 0 0 0 0 0 0 0 0 0 1
49.912 1 DOWNLINK_STATUS 0 50 17734 876 0 346. 17. 38.29
49.975 1 ATTITUDE 0.071506 -0.162798 0.069448
50.011 1 NAVIGATION 0 2 0. 0. 0. 0. 0 0
50.075 1 ATTITUDE 0.071495 -0.162774 0.069426
50.175 1 ATTITUDE 0.071443 -0.162968 0.069457
50.262 1 NAVIGATION 0 2 0. 0. 0. 0. 0 0
50.277 1 ATTITUDE 0.071433 -0.16309 0.069414
50.375 1 ATTITUDE 0.071351 -0.163231 0.069427
50.417 1 PONG 
50.476 1 ATTITUDE 0.071485 -0.163198 0.069439
50.512 1 NAVIGATION 0 2 0. 0. 0. 0. 0 0
50.576 1 ATTITUDE 0.071475 -0.163176 0.069418
50.676 1 ATTITUDE 0.071473 -0.163377 0.069437
50.762 1 NAVIGATION 0 2 0. 0. 0. 0. 0 0
50.779 1 ATTITUDE 0.071613 -0.163165 0.06941
50.781 1 ESTIMATOR 0. 0.
50.883 1 ATTITUDE 0.071569 -0.16303 0.069362
50.888 1 GPS 0 0 0 0 0 0 0 0 0 0 1
50.913 1 DOWNLINK_STATUS 0 51 18071 893 0 337. 17. 37.75
50.976 1 ATTITUDE 0.071372 -0.163395 0.069382
51.012 1 NAVIGATION 0 2 0. 0. 0. 0. 0 0
51.075 1 ATTITUDE 0.071528 -0.163164 0.069402
51.176 1 ATTITUDE 0.071501 -0.163269 0.069381
51.262 1 NAVIGATION 0 2 0. 0. 0. 0. 0 0
51.277 1 ATTITUDE 0.071407 -0.163261 0.069426
51.377 1 ATTITUDE 0.071682 -0.162989 0.069377
51.476 1 ATTITUDE 0.071442 -0.163271 0.06935
51.512 1 NAVIGATION 0 2 0. 0. 0. 0. 0 0
51.575 1 ATTITUDE 0.071292 -0.162943 0.069349
51.675 1 ATTITUDE 0.071477 -0.163121 0.069294
51.763 1 FBW_STATUS 0 53 0 68 0
51.767 1 NAVIGATION 0 2 0. 0. 0. 0. 0 0
51.780 1 ATTITUDE 0.071531 -0.162961 0.069273
51.859 1 COMMANDS 26,-2352,1274,-2352,-560,0
51.882 1 ATTITUDE 0.07155 -0.162931 0.069314
51.888 1 GPS 0 0 0 0 0 0 0 0 0 0 1
51.914 1 DOWNLINK_STATUS 0 52 18422 910 0 351. 17. 37.75
51.958 1 ACTUATORS 1270,1635,1465,1487,1351
51.978 1 ATTITUDE 0.071446 -0.162961 0.069293
51.981 1 ESTIMATOR 0. 0.
52.012 1 NAVIGATION 0 2 0. 0. 0. 0. 0 0
52.078 1 ATTITUDE 0.071398 -0.162925 0.069294
52.080 1 PPRZ_MODE 0 0 0 0 0 17
52.176 1 ATTITUDE 0.071318 -0.163133 0.069324
52.262 1 NAVIGATION 0 2 0. 0. 0. 0. 0 0
52.277 1 ATTITUDE 0.071442 -0.163463 0.069276
52.377 1 ATTITUDE 0.071601 -0.163188 0.069271
52.475 1 ATTITUDE 0.07157 -0.163205 0.069229
52.511 1 NAVIGATION 0 2 0. 0. 0. 0. 0 0
52.575 1 ATTITUDE 0.071444 -0.163373 0.069204
52.675 1 ATTITUDE 0.071471 -0.163438 0.06919
52.762 1 NAVIGATION 0 2 0. 0. 0. 0. 0 0
52.777 1 ATTITUDE 0.071538 -0.163452 0.069174
52.882 1 ATTITUDE 0.071722 -0.163371 0.0692
52.888 1 GPS 0 0 0 0 0 0 0 0 0 0 1
52.914 1 DOWNLINK_STATUS 0 53 18782 928 0 360. 18. 37.75
52.975 1 ATTITUDE 0.071708 -0.163359 0.069233
53.012 1 NAVIGATION 0 2 0. 0. 0. 0. 0 0
53.080 1 ATTITUDE 0.071668 -0.163376 0.069217
53.084 1 BAT 26 68 0 0 1 91 0 0
53.179 1 ATTITUDE 0.071641 -0.163507 0.06926
53.181 1 ESTIMATOR 0. 0.
53.262 1 NAVIGATION 0 2 0. 0. 0. 0. 0 0
53.276 1 ATTITUDE 0.071645 -0.163555 0.069315
53.375 1 ATTITUDE 0.071676 -0.163302 0.069304
53.475 1 ATTITUDE 0.071656 -0.163097 0.06926
53.509 1 WIND_INFO 1 42 0. 0. 0.
53.511 1 NAVIGATION 0 2 0. 0. 0. 0. 0 0
53.575 1 ATTITUDE 0.071604 -0.162942 0.069226
53.675 1 ATTITUDE 0.071604 -0.16289 0.069219
53.763 1 FBW_STATUS 0 48 0 68 0
53.767 1 NAVIGATION 0 2 0. 0. 0. 0. 0 0
53.780 1 ATTITUDE 0.071546 -0.162904 0.069197
53.882 1 ATTITUDE 0.071406 -0.163061 0.06921
53.888 1 GPS 0 0 0 0 0 0 0 0 0 0 1
53.915 1 DOWNLINK_STATUS 0 54 19149 946 0 367. 18. 37.75
53.975 1 ATTITUDE 0.071601 -0.163146 0.069201
54.012 1 NAVIGATION 0 2 0. 0. 0. 0. 0 0
54.080 1 ATTITUDE 0.071558 -0.163251 0.069183
54.084 1 ALIVE 130,212,45,80,220,252,85,75,226,104,159,176,42,12,152,134
54.175 1 ATTITUDE 0.071478 -0.163269 0.069188
54.261 1 NAVIGATION 0 2 0. 0. 0. 0. 0 0
54.276 1 ATTITUDE 0.071332 -0.163227 0.069186
54.379 1 ATTITUDE 0.071651 -0.163325 0.069178
54.380 1 ESTIMATOR 0. 0.
54.475 1 ATTITUDE 0.071672 -0.163316 0.069208
54.511 1 NAVIGATION 0 2 0. 0. 0. 0. 0 0
54.575 1 ATTITUDE 0.071573 -0.163497 0.069201
54.675 1 ATTITUDE 0.071655 -0.163564 0.069176
54.762 1 NAVIGATION 0 2 0. 0. 0. 0. 0 0
54.777 1 ATTITUDE 0.071554 -0.16358 0.069162
54.882 1 ATTITUDE 0.071674 -0.163448 0.069135
54.888 1 GPS 0 0 0 0 0 0 0 0 0 0 1
54.916 1 DOWNLINK_STATUS 0 55 19503 963 0 354. 17. 37.75
54.976 1 ATTITUDE 0.071609 -0.163587 0.069155
55.012 1 NAVIGATION 0 2 0. 0. 0. 0. 0 0
55.075 1 ATTITUDE 0.071577 -0.163513 0.069219
55.175 1 ATTITUDE 0.071607 -0.163542 0.069221
55.261 1 NAVIGATION 0 2 0. 0. 0. 0. 0 0
55.276 1 ATTITUDE 0.071619 -0.163569 0.069267
55.375 1 ATTITUDE 0.071608 -0.163583 0.069243
55.417 1 PONG 
55.475 1 ATTITUDE 0.071683 -0.16356 0.069233
55.511 1 NAVIGATION 0 2 0. 0. 0. 0. 0 0
55.578 1 ATTITUDE 0.071523 -0.163602 0.0692
55.581 1 ESTIMATOR 0. 0.
55.675 1 ATTITUDE 0.071528 -0.163716 0.069176
55.763 1 FBW_STATUS 0 51 0 68 0
55.768 1 NAVIGATION 0 2 0. 0. 0. 0. 0 0
55.780 1 ATTITUDE 0.071623 -0.163741 0.069195
55.883 1 ATTITUDE 0.071649 -0.163864 0.069137
55.889 1 GPS 0 0 0 0 0 0 0 0 0 0 1
55.917 1 DOWNLINK_STATUS 0 56 19855 981 0 352. 18. 37.7
55.977 1 ATTITUDE 0.071618 -0.164043 0.069149
55.979 1 DOWNLINK 0 355 1653
56.012 1 NAVIGATION 0 2 0. 0. 0. 0. 0 0
56.075 1 ATTITUDE 0.071866 -0.164032 0.06911
56.175 1 ATTITUDE 0.071539 -0.164078 0.069157
56.261 1 NAVIGATION 0 2 0. 0. 0. 0. 0 0
56.276 1 ATTITUDE 0.071435 -0.164254 0.069155
56.375 1 ATTITUDE 0.071678 -0.16421 0.069123
56.475 1 ATTITUDE 0.071403 -0.164481 0.069126
56.511 1 NAVIGATION 0 2 0. 0. 0. 0. 0 0
56.575 1 ATTITUDE 0.071599 -0.164524 0.069121
56.675 1 ATTITUDE 0.071357 -0.164657 0.069172
56.762 1 NAVIGATION 0 2 0. 0. 0. 0. 0 0
56.777 1 ATTITUDE 0.071497 -0.164698 0.069101
56.780 1 ESTIMATOR 0. 0.
56.858 1 COMMANDS 26,-2352,1274,-2352,-588,0
56.882 1 ATTITUDE 0.071355 -0.164845 0.069124
56.887 1 GPS 0 0 0 0 0 0 0 0 0 0 1
56.918 1 DOWNLINK_STATUS 0 57 20216 999 0 361. 18. 37.7
56.958 1 ACTUATORS 1271,1635,1465,1487,1351
56.978 1 ATTITUDE 0.071455 -0.164631 0.069091
56.981 1 GPS_SOL 0 0 0 0
57.011 1 NAVIGATION 0 2 0. 0. 0. 0. 0 0
57.075 1 ATTITUDE 0.071446 -0.164349 0.069164
57.175 1 ATTITUDE 0.07144 -0.164404 0.069162
57.261 1 NAVIGATION 0 2 0. 0. 0. 0. 0 0
57.277 1 ATTITUDE 0.071247 -0.164329 0.06925
57.375 1 ATTITUDE 0.071451 -0.164321 0.069266
57.477 1 ATTITUDE 0.071481 -0.164424 0.069242
57.512 1 NAVIGATION 0 2 0. 0. 0. 0. 0 0
57.575 1 ATTITUDE 0.070954 -0.164454 0.069269
57.675 1 ATTITUDE 0.071411 -0.164221 0.069211
57.763 1 FBW_STATUS 0 49 0 68 0
57.768 1 NAVIGATION 0 2 0. 0. 0. 0. 0 0
57.780 1 ATTITUDE 0.071321 -0.164177 0.069224
57.883 1 ATTITUDE 0.071421 -0.164404 0.069208
57.887 1 GPS 0 0 0 0 0 0 0 0 0 0 1
57.918 1 DOWNLINK_STATUS 0 58 20582 1017 0 366. 18. 37.7
57.978 1 ATTITUDE 0.071562 -0.164432 0.069196
57.980 1 ESTIMATOR 0. 0.
58.011 1 NAVIGATION 0 2 0. 0. 0. 0. 0 0
58.078 1 ATTITUDE 0.07106 -0.164811 0.0692
58.080 1 PPRZ_MODE 0 0 0 0 0 17
58.175 1 ATTITUDE 0.071378 -0.164738 0.069164
58.261 1 NAVIGATION 0 2 0. 0. 0. 0. 0 0
58.277 1 ATTITUDE 0.071538 -0.164697 0.069157
58.374 1 ATTITUDE 0.071175 -0.164785 0.069186
58.474 1 ATTITUDE 0.07163 -0.164653 0.069124
58.512 1 NAVIGATION 0 2 0. 0. 0. 0. 0 0
58.575 1 ATTITUDE 0.071471 -0.164946 0.069092
58.675 1 ATTITUDE 0.071375 -0.165205 0.06908
58.761 1 NAVIGATION 0 2 0. 0. 0. 0. 0 0
58.776 1 ATTITUDE 0.071504 -0.165329 0.069072
58.884 1 ATTITUDE 0.071411 -0.165011 0.06908
58.887 1 GPS 0 0 0 0 0 0 0 0 0 0 1
58.919 1 DOWNLINK_STATUS 0 59 20925 1034 0 343. 17. 37.7
58.975 1 ATTITUDE 0.071401 -0.164888 0.069074
59.011 1 NAVIGATION 0 2 0. 0. 0. 0. 0 0
59.075 1 ATTITUDE 0.071408 -0.164878 0.069068
59.178 1 ATTITUDE 0.071682 -0.165411 0.069406
59.180 1 ESTIMATOR 0. 0.
59.261 1 NAVIGATION 0 2 0. 0. 0. 0. 0 0
59.277 1 ATTITUDE 0.071546 -0.165196 0.069471
59.375 1 ATTITUDE 0.066213 -0.167853 0.069802
59.920 1 DOWNLINK_STATUS 0 60 21081 1042 0 156. 8. 37.7
60.921 1 DOWNLINK_STATUS 0 61 21081 1042 0 0. 0. -4963.15
61.922 1 DOWNLINK_STATUS 0 62 21081 1042 0 0. 0. -4963.15
62.924 1 DOWNLINK_STATUS 0 63 21081 1042 0 0. 0. -4963.15
63.509 1 WIND_INFO 1 42 0. 0. 0.
63.924 1 DOWNLINK_STATUS 0 64 21081 1042 0 0. 0. -4963.15
64.925 1 DOWNLINK_STATUS 0 65 21081 1042 0 0. 0. -4963.15
65.927 1 DOWNLINK_STATUS 0 66 21081 1042 0 0. 0. -9963.87
66.928 1 DOWNLINK_STATUS 0 67 21081 1042 0 0. 0. -9963.87
67.929 1 DOWNLINK_STATUS 0 68 21081 1042 0 0. 0. -9963.87
68.931 1 DOWNLINK_STATUS 0 69 21081 1042 0 0. 0. -9963.87
69.932 1 DOWNLINK_STATUS 0 70 21081 1042 0 0. 0. -9963.87
70.933 1 DOWNLINK_STATUS 0 71 21081 1042 0 0. 0. -14964.37
71.934 1 DOWNLINK_STATUS 0 72 21081 1042 0 0. 0. -14964.37
72.934 1 DOWNLINK_STATUS 0 73 21081 1042 0 0. 0. -14964.37
73.509 1 WIND_INFO 1 42 0. 0. 0.
73.935 1 DOWNLINK_STATUS 0 74 21081 1042 0 0. 0. -14964.37
74.936 1 DOWNLINK_STATUS 0 75 21081 1042 0 0. 0. -14964.37
75.937 1 DOWNLINK_STATUS 0 76 21081 1042 0 0. 0. -19965.67
76.939 1 DOWNLINK_STATUS 0 77 21081 1042 0 0. 0. -19965.67
77.940 1 DOWNLINK_STATUS 0 78 21081 1042 0 0. 0. -19965.67
78.941 1 DOWNLINK_STATUS 0 79 21081 1042 0 0. 0. -19965.67
79.943 1 DOWNLINK_STATUS 0 80 21081 1042 0 0. 0. -19965.67
80.944 1 DOWNLINK_STATUS 0 81 21081 1042 0 0. 0. -24967.05
81.945 1 DOWNLINK_STATUS 0 82 21081 1042 0 0. 0. -24967.05
82.946 1 DOWNLINK_STATUS 0 83 21081 1042 0 0. 0. -24967.05
83.509 1 WIND_INFO 1 42 0. 0. 0.
83.946 1 DOWNLINK_STATUS 0 84 21081 1042 0 0. 0. -24967.05
84.948 1 DOWNLINK_STATUS 0 85 21081 1042 0 0. 0. -24967.05
85.949 1 DOWNLINK_STATUS 0 86 21081 1042 0 0. 0. -29967.73
86.950 1 DOWNLINK_STATUS 0 87 21081 1042 0 0. 0. -29967.73
87.951 1 DOWNLINK_STATUS 0 88 21081 1042 0 0. 0. -29967.73
88.952 1 DOWNLINK_STATUS 0 89 21081 1042 0 0. 0. -29967.73
89.954 1 DOWNLINK_STATUS 0 90 21081 1042 0 0. 0. -29967.73
90.955 1 DOWNLINK_STATUS 0 91 21081 1042 0 0. 0. -34968.16
91.956 1 DOWNLINK_STATUS 0 92 21081 1042 0 0. 0. -34968.16
92.958 1 DOWNLINK_STATUS 0 93 21081 1042 0 0. 0. -34968.16
93.509 1 WIND_INFO 1 42 0. 0. 0.
93.958 1 DOWNLINK_STATUS 0 94 21081 1042 0 0. 0. -34968.16
94.960 1 DOWNLINK_STATUS 0 95 21081 1042 0 0. 0. -34968.16
95.961 1 DOWNLINK_STATUS 0 96 21081 1042 0 0. 0. -39969.21
96.961 1 DOWNLINK_STATUS 0 97 21081 1042 0 0. 0. -39969.21
97.963 1 DOWNLINK_STATUS 0 98 21081 1042 0 0. 0. -39969.21
98.964 1 DOWNLINK_STATUS 0 99 21081 1042 0 0. 0. -39969.21
99.966 1 DOWNLINK_STATUS 0 100 21081 1042 0 0. 0. -39969.21
100.966 1 DOWNLINK_STATUS 0 101 21081 1042 0 0. 0. -44969.96
101.968 1 DOWNLINK_STATUS 0 102 21081 1042 0 0. 0. -44969.96
102.968 1 DOWNLINK_STATUS 0 103 21081 1042 0 0. 0. -44969.96
103.509 1 WIND_INFO 1 42 0. 0. 0.
103.969 1 DOWNLINK_STATUS 0 104 21081 1042 0 0. 0. -44969.96
104.971 1 DOWNLINK_STATUS 0 105 21081 1042 0 0. 0. -44969.96
105.971 1 DOWNLINK_STATUS 0 106 21081 1042 0 0. 0. -49971.2
106.973 1 DOWNLINK_STATUS 0 107 21081 1042 0 0. 0. -49971.2
107.974 1 DOWNLINK_STATUS 0 108 21081 1042 0 0. 0. -49971.2
108.975 1 DOWNLINK_STATUS 0 109 21081 1042 0 0. 0. -49971.2
109.977 1 DOWNLINK_STATUS 0 110 21081 1042 0 0. 0. -49971.2
110.978 1 DOWNLINK_STATUS 0 111 21081 1042 0 0. 0. -54972.13
111.979 1 DOWNLINK_STATUS 0 112 21081 1042 0 0. 0. -54972.13
112.981 1 DOWNLINK_STATUS 0 113 21081 1042 0 0. 0. -54972.13
113.509 1 WIND_INFO 1 42 0. 0. 0.
113.981 1 DOWNLINK_STATUS 0 114 21081 1042 0 0. 0. -54972.13
114.983 1 DOWNLINK_STATUS 0 115 21081 1042 0 0. 0. -54972.13
115.984 1 DOWNLINK_STATUS 0 116 21081 1042 0 0. 0. -59973.01
116.985 1 DOWNLINK_STATUS 0 117 21081 1042 0 0. 0. -59973.01
117.985 1 DOWNLINK_STATUS 0 118 21081 1042 0 0. 0. -59973.01
118.987 1 DOWNLINK_STATUS 0 119 21081 1042 0 0. 0. -59973.01
119.989 1 DOWNLINK_STATUS 0 120 21081 1042 0 0. 0. -59973.01
120.991 1 DOWNLINK_STATUS 0 121 21081 1042 0 0. 0. -64973.66
121.990 1 DOWNLINK_STATUS 0 122 21081 1042 0 0. 0. -64973.66
122.991 1 DOWNLINK_STATUS 0 123 21081 1042 0 0. 0. -64973.66
123.510 1 WIND_INFO 1 42 0. 0. 0.
123.992 1 DOWNLINK_STATUS 0 124 21081 1042 0 0. 0. -64973.66
124.993 1 DOWNLINK_STATUS 0 125 21081 1042 0 0. 0. -64973.66
125.994 1 DOWNLINK_STATUS 0 126 21081 1042 0 0. 0. -69973.93
126.995 1 DOWNLINK_STATUS 0 127 21081 1042 0 0. 0. -69973.93
127.997 1 DOWNLINK_STATUS 0 128 21081 1042 0 0. 0. -69973.93
128.998 1 DOWNLINK_STATUS 0 129 21081 1042 0 0. 0. -69973.93
129.999 1 DOWNLINK_STATUS 0 130 21081 1042 0 0. 0. -69973.93
131.001 1 DOWNLINK_STATUS 0 131 21081 1042 0 0. 0. -74974.67
132.001 1 DOWNLINK_STATUS 0 132 21081 1042 0 0. 0. -74974.67
133.003 1 DOWNLINK_STATUS 0 133 21081 1042 0 0. 0. -74974.67
133.510 1 WIND_INFO 1 42 0. 0. 0.
134.004 1 DOWNLINK_STATUS 0 134 21081 1042 0 0. 0. -74974.67
135.005 1 DOWNLINK_STATUS 0 135 21081 1042 0 0. 0. -74974.67
136.006 1 DOWNLINK_STATUS 0 136 21081 1042 0 0. 0. -79975.3
137.007 1 DOWNLINK_STATUS 0 137 21081 1042 0 0. 0. -79975.3
138.007 1 DOWNLINK_STATUS 0 138 21081 1042 0 0. 0. -79975.3
139.009 1 DOWNLINK_STATUS 0 139 21081 1042 0 0. 0. -79975.3
140.010 1 DOWNLINK_STATUS 0 140 21081 1042 0 0. 0. -79975.3
141.011 1 DOWNLINK_STATUS 0 141 21081 1042 0 0. 0. -84976.42
142.013 1 DOWNLINK_STATUS 0 142 21081 1042 0 0. 0. -84976.42
143.014 1 DOWNLINK_STATUS 0 143 21081 1042 0 0. 0. -84976.42
143.511 1 WIND_INFO 1 42 0. 0. 0.
144.017 1 DOWNLINK_STATUS 0 144 21081 1042 0 0. 0. -84976.42
145.017 1 DOWNLINK_STATUS 0 145 21081 1042 0 0. 0. -84976.42
146.018 1 DOWNLINK_STATUS 0 146 21081 1042 0 0. 0. -89977.44
147.020 1 DOWNLINK_STATUS 0 147 21081 1042 0 0. 0. -89977.44
148.024 1 DOWNLINK_STATUS 0 148 21081 1042 0 0. 0. -89977.44
149.022 1 DOWNLINK_STATUS 0 149 21081 1042 0 0. 0. -89977.44
150.024 1 DOWNLINK_STATUS 0 150 21081 1042 0 0. 0. -89977.44
151.025 1 DOWNLINK_STATUS 0 151 21081 1042 0 0. 0. -94978.02
152.026 1 DOWNLINK_STATUS 0 152 21081 1042 0 0. 0. -94978.02
153.027 1 DOWNLINK_STATUS 0 153 21081 1042 0 0. 0. -94978.02
153.511 1 WIND_INFO 1 42 0. 0. 0.
154.028 1 DOWNLINK_STATUS 0 154 21081 1042 0 0. 0. -94978.02
155.028 1 DOWNLINK_STATUS 0 155 21081 1042 0 0. 0. -94978.02
156.030 1 DOWNLINK_STATUS 0 156 21081 1042 0 0. 0. -99978.51
157.030 1 DOWNLINK_STATUS 0 157 21081 1042 0 0. 0. -99978.51
158.030 1 DOWNLINK_STATUS 0 158 21081 1042 0 0. 0. -99978.51
159.031 1 DOWNLINK_STATUS 0 159 21081 1042 0 0. 0. -99978.51
160.032 1 DOWNLINK_STATUS 0 160 21081 1042 0 0. 0. -99978.51
161.034 1 DOWNLINK_STATUS 0 161 21081 1042 0 0. 0. -104979.69
162.034 1 DOWNLINK_STATUS 0 162 21081 1042 0 0. 0. -104979.69
163.035 1 DOWNLINK_STATUS 0 163 21081 1042 0 0. 0. -104979.69
163.511 1 WIND_INFO 1 42 0. 0. 0.
164.036 1 DOWNLINK_STATUS 0 164 21081 1042 0 0. 0. -104979.69
165.037 1 DOWNLINK_STATUS 0 165 21081 1042 0 0. 0. -104979.69
166.038 1 DOWNLINK_STATUS 0 166 21081 1042 0 0. 0. -109980.44
167.040 1 DOWNLINK_STATUS 0 167 21081 1042 0 0. 0. -109980.44
168.040 1 DOWNLINK_STATUS 0 168 21081 1042 0 0. 0. -109980.44
169.042 1 DOWNLINK_STATUS 0 169 21081 1042 0 0. 0. -109980.44
170.043 1 DOWNLINK_STATUS 0 170 21081 1042 0 0. 0. -109980.44
171.044 1 DOWNLINK_STATUS 0 171 21081 1042 0 0. 0. -114981.37
172.045 1 DOWNLINK_STATUS 0 172 21081 1042 0 0. 0. -114981.37
173.046 1 DOWNLINK_STATUS 0 173 21081 1042 0 0. 0. -114981.37
173.511 1 WIND_INFO 1 42 0. 0. 0.
174.047 1 DOWNLINK_STATUS 0 174 21081 1042 0 0. 0. -114981.37
175.048 1 DOWNLINK_STATUS 0 175 21081 1042 0 0. 0. -114981.37
176.050 1 DOWNLINK_STATUS 0 176 21081 1042 0 0. 0. -119982.56
177.051 1 DOWNLINK_STATUS 0 177 21081 1042 0 0. 0. -119982.56
178.053 1 DOWNLINK_STATUS 0 178 21081 1042 0 0. 0. -119982.56
179.054 1 DOWNLINK_STATUS 0 179 21081 1042 0 0. 0. -119982.56
180.055 1 DOWNLINK_STATUS 0 180 21081 1042 0 0. 0. -119982.56
181.057 1 DOWNLINK_STATUS 0 181 21081 1042 0 0. 0. -124983.73
182.058 1 DOWNLINK_STATUS 0 182 21081 1042 0 0. 0. -124983.73
183.059 1 DOWNLINK_STATUS 0 183 21081 1042 0 0. 0. -124983.73
183.511 1 WIND_INFO 1 42 0. 0. 0.
184.061 1 DOWNLINK_STATUS 0 184 21081 1042 0 0. 0. -124983.73
185.062 1 DOWNLINK_STATUS 0 185 21081 1042 0 0. 0. -124983.73
186.064 1 DOWNLINK_STATUS 0 186 21081 1042 0 0. 0. -129984.61
187.065 1 DOWNLINK_STATUS 0 187 21081 1042 0 0. 0. -129984.61
188.066 1 DOWNLINK_STATUS 0 188 21081 1042 0 0. 0. -129984.61
189.068 1 DOWNLINK_STATUS 0 189 21081 1042 0 0. 0. -129984.61
190.069 1 DOWNLINK_STATUS 0 190 21081 1042 0 0. 0. -129984.61
191.070 1 DOWNLINK_STATUS 0 191 21081 1042 0 0. 0. -134985.41
192.072 1 DOWNLINK_STATUS 0 192 21081 1042 0 0. 0. -134985.41
193.073 1 DOWNLINK_STATUS 0 193 21081 1042 0 0. 0. -134985.41
193.511 1 WIND_INFO 1 42 0. 0. 0.
194.074 1 DOWNLINK_STATUS 0 194 21081 1042 0 0. 0. -134985.41
195.074 1 DOWNLINK_STATUS 0 195 21081 1042 0 0. 0. -134985.41
196.076 1 DOWNLINK_STATUS 0 196 21081 1042 0 0. 0. -139985.54
197.077 1 DOWNLINK_STATUS 0 197 21081 1042 0 0. 0. -139985.54
198.078 1 DOWNLINK_STATUS 0 198 21081 1042 0 0. 0. -139985.54
199.080 1 DOWNLINK_STATUS 0 199 21081 1042 0 0. 0. -139985.54
200.081 1 DOWNLINK_STATUS 0 200 21081 1042 0 0. 0. -139985.54
201.082 1 DOWNLINK_STATUS 0 201 21081 1042 0 0. 0. -144986.31
