4.935 1 PPRZ_MODE 2 0 0 0 0 6
4.941 1 GPS 0 1717368064 0 0 -17000 0 0 0 22250 14 7
4.943 1 SVINFO 7 13 16 1 0 -91 0
4.945 1 DL_VALUE 4 0.
4.947 1 DOWNLINK 0 561 186
5.037 1 DESIRED 0. 0.02 0. 0. 0. 235. 0. 12.
5.040 1 ATTITUDE 0.047051 -0.8403 -0.034543
5.043 1 ESTIMATOR -17. 0.
5.109 1 NAVIGATION 0 2 16621114. -5529002. 0. 3.06831289221e+14 0 0
5.129 1 PPRZ_MODE 2 0 0 0 0 6
5.132 1 BAT 0 69 0 0 1 7 0 0
5.135 1 GPS_SOL 649530624 100000 9999 0
5.231 1 DESIRED 0. 0.02 0. 0. 0. 235. 0. 12.
5.333 1 PPRZ_MODE 2 0 0 0 0 6
5.336 1 IMU_ACCEL 0.488281 -9.847656 0.368164
5.339 1 IMU_MAG -0.188965 -0.040527 0.158691
5.347 1 PONG 
5.369 1 NAVIGATION 0 2 16621114. -5529002. 0. 3.06831289221e+14 0 0
5.435 1 DESIRED 0. 0.02 0. 0. 0. 235. 0. 12.
5.437 1 IMU_GYRO -0.051025 0.012695 -0.011475
5.523 1 PPRZ_MODE 2 0 0 0 0 6
5.525 1 CALIBRATION 0. 0
5.610 1 FBW_STATUS 2 0 1 69 0
5.615 1 NAVIGATION 0 2 16621114. -5529002. 0. 3.06831289221e+14 0 0
5.632 1 DESIRED 0. 0.02 0. 0. 0. 235. 0. 12.
5.721 1 PPRZ_MODE 2 0 0 0 0 6
5.797 1 DOWNLINK_STATUS 0 6 3246 150 1 579. 28. 53.44
5.831 1 DESIRED 0. 0.02 0. 0. 0. 235. 0. 12.
5.859 1 NAVIGATION 0 2 16621114. -5529002. 0. 3.06831289221e+14 0 0
5.931 1 PPRZ_MODE 2 0 0 0 0 6
5.936 1 GPS 0 1717368064 0 0 -17000 0 0 0 23250 14 8
5.939 1 SVINFO 8 14 16 1 0 -91 0
6.037 1 DESIRED 0. 0.02 0. 0. 0. 235. 0. 12.
6.040 1 ATTITUDE 0.047776 -0.839162 -0.034711
6.041 1 STATE_FILTER_STATUS 3 0
6.109 1 NAVIGATION 0 2 16621114. -5529002. 0. 3.06831289221e+14 0 0
6.123 1 PPRZ_MODE 2 0 0 0 0 6
6.236 1 DESIRED 0. 0.02 0. 0. 0. 235. 0. 12.
6.238 1 BAT 0 69 0 0 1 8 0 0
6.324 1 PPRZ_MODE 2 0 0 0 0 6
6.327 1 IMU_ACCEL 0.521484 -9.824219 0.387695
6.359 1 NAVIGATION 0 2 16621114. -5529002. 0. 3.06831289221e+14 0 0
6.437 1 DESIRED 0. 0.02 0. 0. 0. 235. 0. 12.
6.440 1 IMU_GYRO -0.047852 0.008301 -0.010498
6.442 1 DL_VALUE 5 0.
6.521 1 PPRZ_MODE 2 0 0 0 0 6
6.609 1 NAVIGATION 0 2 16621114. -5529002. 0. 3.06831289221e+14 0 0
6.635 1 DESIRED 0. 0.02 0. 0. 0. 235. 0. 12.
6.638 1 IMU_MAG -0.187012 -0.04248 0.174805
6.720 1 PPRZ_MODE 2 0 0 0 0 6
6.798 1 DOWNLINK_STATUS 0 7 3760 173 1 514. 23. 53.44
6.831 1 DESIRED 0. 0.02 0. 0. 0. 235. 0. 12.
6.859 1 NAVIGATION 0 2 16621114. -5529002. 0. 3.06831289221e+14 0 0
6.931 1 PPRZ_MODE 2 0 0 0 0 6
6.936 1 GPS 0 1717368064 0 0 -17000 0 0 0 24250 14 9
6.939 1 SVINFO 9 15 16 1 0 -91 0
7.042 1 DESIRED 0. 0.02 0. 0. 0. 235. 0. 12.
7.045 1 ATTITUDE 0.048576 -0.838049 -0.034622
7.048 1 ESTIMATOR -17. 0.
7.051 1 ENERGY 6.9 0. 0 0.
7.110 1 NAVIGATION 0 2 16621114. -5529002. 0. 3.06831289221e+14 0 0
7.124 1 PPRZ_MODE 2 0 0 0 0 6
7.128 1 GPS_SOL 649532800 100000 9999 0
7.230 1 DESIRED 0. 0.02 0. 0. 0. 235. 0. 12.
7.329 1 PPRZ_MODE 2 0 0 0 0 6
7.332 1 IMU_ACCEL 0.612305 -9.804688 0.301758
7.336 1 BAT 0 69 0 0 1 9 0 0
7.359 1 NAVIGATION 0 2 16621114. -5529002. 0. 3.06831289221e+14 0 0
7.435 1 DESIRED 0. 0.02 0. 0. 0. 235. 0. 12.
7.438 1 IMU_GYRO -0.046631 0.008301 -0.009521
7.520 1 PPRZ_MODE 2 0 0 0 0 6
7.610 1 FBW_STATUS 2 0 1 69 0
7.615 1 NAVIGATION 0 2 16621114. -5529002. 0. 3.06831289221e+14 0 0
7.633 1 DESIRED 0. 0.02 0. 0. 0. 235. 0. 12.
7.634 1 CALIBRATION 0. 0
7.706 1 COMMANDS 0,-1039,563,0,0,0
7.721 1 PPRZ_MODE 2 0 0 0 0 6
7.798 1 DOWNLINK_STATUS 0 8 4332 199 1 572. 26. 53.44
7.806 1 ACTUATORS 1382,1635,1501,1462,1350
7.831 1 DESIRED 0. 0.02 0. 0. 0. 235. 0. 12.
7.859 1 NAVIGATION 0 2 16621114. -5529002. 0. 3.06831289221e+14 0 0
7.937 1 PPRZ_MODE 2 0 0 0 0 6
7.943 1 GPS 0 1717368064 0 0 -17000 0 0 0 25250 14 10
7.945 1 SVINFO 10 16 16 1 0 -91 0
7.948 1 IMU_MAG -0.19043 -0.039062 0.176758
7.949 1 DL_VALUE 6 80.
8.035 1 DESIRED 0. 0.02 0. 0. 0. 235. 0. 12.
8.037 1 ATTITUDE 0.049635 -0.835582 -0.03461
8.109 1 NAVIGATION 0 2 16621114. -5529002. 0. 3.06831289221e+14 0 0
8.123 1 PPRZ_MODE 2 0 0 0 0 6
8.232 1 DESIRED 0. 0.02 0. 0. 0. 235. 0. 12.
8.234 1 STATE_FILTER_STATUS 3 0
8.325 1 PPRZ_MODE 2 0 0 0 0 6
8.328 1 IMU_ACCEL 0.536133 -9.80957 0.349609
8.359 1 NAVIGATION 0 2 16621114. -5529002. 0. 3.06831289221e+14 0 0
8.439 1 DESIRED 0. 0.02 0. 0. 0. 235. 0. 12.
8.442 1 IMU_GYRO -0.049805 0.011475 -0.011475
8.446 1 BAT 0 69 0 0 1 10 0 0
8.520 1 PPRZ_MODE 2 0 0 0 0 6
8.609 1 NAVIGATION 0 2 16621114. -5529002. 0. 3.06831289221e+14 0 0
8.630 1 DESIRED 0. 0.02 0. 0. 0. 235. 0. 12.
8.721 1 PPRZ_MODE 2 0 0 0 0 6
8.799 1 DOWNLINK_STATUS 0 9 4863 223 1 531. 24. 53.44
8.831 1 DESIRED 0. 0.02 0. 0. 0. 235. 0. 12.
8.859 1 NAVIGATION 0 2 16621114. -5529002. 0. 3.06831289221e+14 0 0
8.933 1 PPRZ_MODE 2 0 0 0 0 6
8.939 1 GPS 0 1717368064 0 0 -17000 0 0 0 26250 14 11
8.941 1 SVINFO 11 17 16 1 0 -91 0
8.944 1 NAVIGATION_REF 552566 5529002 14
9.038 1 DESIRED 0. 0.02 0. 0. 0. 235. 0. 12.
9.040 1 ATTITUDE 0.050012 -0.833774 -0.034693
9.043 1 ESTIMATOR -17. 0.
9.109 1 NAVIGATION 0 2 16621114. -5529002. 0. 3.06831289221e+14 0 0
9.124 1 PPRZ_MODE 2 0 0 0 0 6
9.127 1 GPS_SOL 649535168 100000 9999 0
9.235 1 DESIRED 0. 0.02 0. 0. 0. 235. 0. 12.
9.238 1 IMU_MAG -0.188965 -0.04248 0.164551
9.324 1 PPRZ_MODE 2 0 0 0 0 6
9.327 1 IMU_ACCEL 0.53125 -9.829102 0.320312
9.360 1 NAVIGATION 0 2 16621114. -5529002. 0. 3.06831289221e+14 0 0
9.436 1 DESIRED 0. 0.02 0. 0. 0. 235. 0. 12.
9.439 1 IMU_GYRO -0.047852 0.011475 -0.010498
9.441 1 DL_VALUE 7 2.
9.529 1 PPRZ_MODE 2 0 0 0 0 6
9.533 1 BAT 0 69 0 0 1 11 0 0
9.536 1 ENERGY 6.9 0. 0 0.
9.610 1 FBW_STATUS 2 0 1 69 0
9.615 1 NAVIGATION 0 2 16621114. -5529002. 0. 3.06831289221e+14 0 0
9.636 1 DESIRED 0. 0.02 0. 0. 0. 235. 0. 12.
9.640 1 ALIVE 113,98,203,50,17,198,24,45,129,102,251,164,105,193,70,223
9.723 1 PPRZ_MODE 2 0 0 0 0 6
9.724 1 CALIBRATION 0. 0
9.800 1 DOWNLINK_STATUS 0 10 5483 252 1 620. 29. 53.44
9.830 1 DESIRED 0. 0.02 0. 0. 0. 235. 0. 12.
9.859 1 NAVIGATION 0 2 16621114. -5529002. 0. 3.06831289221e+14 0 0
9.930 1 PPRZ_MODE 2 0 0 0 0 6
9.936 1 GPS 0 1717368064 0 0 -17000 0 0 0 27250 14 12
9.939 1 SVINFO 12 19 16 1 0 -91 0
10.042 1 DESIRED 0. 0.02 0. 0. 0. 235. 0. 12.
10.046 1 ATTITUDE 0.050408 -0.832137 -0.034972
10.047 1 DOWNLINK 0 560 317
10.052 1 NAVIGATION 0 2 16621114. -5529002. 0. 3.06831289221e+14 0 0
10.109 1 NAVIGATION 0 2 16621114. -5529002. 0. 3.06831289221e+14 0 0
10.122 1 PPRZ_MODE 2 0 0 0 0 6
10.230 1 DESIRED 0. 0.02 0. 0. 0. 235. 0. 12.
10.332 1 PPRZ_MODE 2 0 0 0 0 6
10.335 1 IMU_ACCEL 0.545898 -9.790039 0.353516
10.347 1 PONG 
10.367 1 NAVIGATION 0 2 16621114. -5529002. 0. 3.06831289221e+14 0 0
10.436 1 DESIRED 0. 0.02 0. 0. 0. 235. 0. 12.
10.439 1 IMU_GYRO -0.047852 0.007324 -0.006348
10.441 1 STATE_FILTER_STATUS 3 0
10.525 1 PPRZ_MODE 2 0 0 0 0 6
10.528 1 IMU_MAG -0.193848 -0.037109 0.178711
10.609 1 NAVIGATION 0 2 16621114. -5529002. 0. 3.06831289221e+14 0 0
10.635 1 DESIRED 0. 0.02 0. 0. 0. 235. 0. 12.
10.638 1 BAT 0 69 0 0 1 13 0 0
10.720 1 PPRZ_MODE 2 0 0 0 0 6
10.801 1 DOWNLINK_STATUS 0 11 6029 277 1 546. 25. 52.3
10.830 1 DESIRED 0. 0.02 0. 0. 0. 235. 0. 12.
10.859 1 NAVIGATION 0 2 16621114. -5529002. 0. 3.06831289221e+14 0 0
10.933 1 PPRZ_MODE 2 0 0 0 0 6
10.939 1 GPS 0 1717368064 0 0 -17000 0 0 0 28250 14 13
10.941 1 SVINFO 13 20 16 1 0 -91 0
10.943 1 DL_VALUE 8 0.
11.038 1 DESIRED 0. 0.02 0. 0. 0. 235. 0. 12.
11.040 1 ATTITUDE 0.050846 -0.830388 -0.03532
11.042 1 ESTIMATOR -17. 0.
11.110 1 NAVIGATION 0 2 16621114. -5529002. 0. 3.06831289221e+14 0 0
11.124 1 PPRZ_MODE 2 0 0 0 0 6
11.127 1 GPS_SOL 649537664 100000 9999 0
11.230 1 DESIRED 0. 0.02 0. 0. 0. 235. 0. 12.
11.324 1 PPRZ_MODE 2 0 0 0 0 6
11.327 1 IMU_ACCEL 0.473633 -9.833008 0.368164
11.359 1 NAVIGATION 0 2 16621114. -5529002. 0. 3.06831289221e+14 0 0
11.434 1 DESIRED 0. 0.02 0. 0. 0. 235. 0. 12.
11.438 1 IMU_GYRO -0.046631 0.010498 -0.011475
11.520 1 PPRZ_MODE 2 0 0 0 0 6
11.610 1 FBW_STATUS 2 0 1 69 0
11.614 1 NAVIGATION 0 2 16621114. -5529002. 0. 3.06831289221e+14 0 0
11.631 1 DESIRED 0. 0.02 0. 0. 0. 235. 0. 12.
11.725 1 PPRZ_MODE 2 0 0 0 0 6
11.728 1 BAT 0 69 0 0 1 14 0 0
11.801 1 DOWNLINK_STATUS 0 12 6562 301 1 533. 24. 52.3
11.837 1 DESIRED 0. 0.02 0. 0. 0. 235. 0. 12.
11.840 1 IMU_MAG -0.195801 -0.039062 0.18457
11.842 1 CALIBRATION 0. 0
11.859 1 NAVIGATION 0 2 16621114. -5529002. 0. 3.06831289221e+14 0 0
11.931 1 PPRZ_MODE 2 0 0 0 0 6
11.936 1 GPS 0 1717368064 0 0 -17000 0 0 0 29250 14 14
11.939 1 SVINFO 14 21 16 1 0 -91 0
12.039 1 DESIRED 0. 0.02 0. 0. 0. 235. 0. 12.
12.041 1 ATTITUDE 0.051194 -0.829851 -0.035531
12.045 1 ENERGY 6.9 0. 0 0.
12.109 1 NAVIGATION 0 2 16621114. -5529002. 0. 3.06831289221e+14 0 0
12.123 1 PPRZ_MODE 2 0 0 0 0 6
12.230 1 DESIRED 0. 0.02 0. 0. 0. 235. 0. 12.
12.324 1 PPRZ_MODE 2 0 0 0 0 6
12.327 1 IMU_ACCEL 0.511719 -9.819336 0.373047
12.359 1 NAVIGATION 0 2 16621114. -5529002. 0. 3.06831289221e+14 0 0
12.437 1 DESIRED 0. 0.02 0. 0. 0. 235. 0. 12.
12.440 1 IMU_GYRO -0.047852 0.009521 -0.012695
12.441 1 DL_VALUE 9 1.
12.520 1 PPRZ_MODE 2 0 0 0 0 6
12.609 1 NAVIGATION 0 2 16621114. -5529002. 0. 3.06831289221e+14 0 0
12.632 1 DESIRED 0. 0.02 0. 0. 0. 235. 0. 12.
12.634 1 STATE_FILTER_STATUS 3 0
12.706 1 COMMANDS 0,-1084,554,0,0,0
12.721 1 PPRZ_MODE 2 0 0 0 0 6
12.802 1 DOWNLINK_STATUS 0 13 7105 326 1 543. 25. 52.3
12.806 1 ACTUATORS 1382,1636,1500,1461,1350
12.835 1 DESIRED 0. 0.02 0. 0. 0. 235. 0. 12.
12.838 1 BAT 0 69 0 0 1 15 0 0
12.859 1 NAVIGATION 0 2 16621114. -5529002. 0. 3.06831289221e+14 0 0
12.930 1 PPRZ_MODE 2 0 0 0 0 6
12.936 1 GPS 0 1717368064 0 0 -17000 0 0 0 30250 14 15
12.938 1 SVINFO 15 22 16 1 0 -91 0
13.037 1 DESIRED 0. 0.02 0. 0. 0. 235. 0. 12.
13.040 1 ATTITUDE 0.051488 -0.8294 -0.035609
13.043 1 ESTIMATOR -17. 0.
13.109 1 NAVIGATION 0 2 16621114. -5529002. 0. 3.06831289221e+14 0 0
13.128 1 PPRZ_MODE 2 0 0 0 0 6
13.131 1 IMU_MAG -0.185547 -0.04248 0.162598
13.134 1 GPS_SOL 649540352 100000 9999 0
13.231 1 DESIRED 0. 0.02 0. 0. 0. 235. 0. 12.
13.324 1 PPRZ_MODE 2 0 0 0 0 6
13.327 1 IMU_ACCEL 0.498047 -9.814453 0.368164
13.359 1 NAVIGATION 0 2 16621114. -5529002. 0. 3.06831289221e+14 0 0
13.434 1 DESIRED 0. 0.02 0. 0. 0. 235. 0. 12.
13.437 1 IMU_GYRO -0.046631 0.008301 -0.008301
13.520 1 PPRZ_MODE 2 0 0 0 0 6
13.612 1 NAVIGATION 0 2 16621114. -5529002. 0. 3.06831289221e+14 0 0
13.615 1 FBW_STATUS 2 0 1 69 0
13.632 1 DESIRED 0. 0.02 0. 0. 0. 235. 0. 12.
13.721 1 PPRZ_MODE 2 0 0 0 0 6
13.803 1 DOWNLINK_STATUS 0 14 7662 351 1 557. 25. 52.3
13.831 1 DESIRED 0. 0.02 0. 0. 0. 235. 0. 12.
13.858 1 NAVIGATION 0 2 16621114. -5529002. 0. 3.06831289221e+14 0 0
13.939 1 PPRZ_MODE 2 0 0 0 0 6
13.945 1 GPS 0 1717368064 0 0 -17000 0 0 0 31250 14 16
13.947 1 SVINFO 0 7 16 3 8 -91 0
13.951 1 BAT 0 69 0 0 1 16 0 0
13.953 1 DL_VALUE 10 0.
13.955 1 CALIBRATION 0. 0
14.034 1 DESIRED 0. 0.02 0. 0. 0. 235. 0. 12.
14.037 1 ATTITUDE 0.051734 -0.829429 -0.035714
14.109 1 NAVIGATION 0 2 16621114. -5529002. 0. 3.06831289221e+14 0 0
14.123 1 PPRZ_MODE 2 0 0 0 0 6
14.231 1 DESIRED 0. 0.02 0. 0. 0. 235. 0. 12.
14.324 1 PPRZ_MODE 2 0 0 0 0 6
14.327 1 IMU_ACCEL 0.498047 -9.799805 0.37793
14.358 1 NAVIGATION 0 2 16621114. -5529002. 0. 3.06831289221e+14 0 0
14.438 1 DESIRED 0. 0.02 0. 0. 0. 235. 0. 12.
14.441 1 IMU_GYRO -0.046631 0.009521 -0.010498
14.444 1 IMU_MAG -0.180176 -0.043945 0.168945
14.524 1 PPRZ_MODE 2 0 0 0 0 6
14.528 1 ENERGY 6.9 0. 0 0.
14.609 1 NAVIGATION 0 2 16621114. -5529002. 0. 3.06831289221e+14 0 0
14.635 1 DESIRED 0. 0.02 0. 0. 0. 235. 0. 12.
14.639 1 ALIVE 113,98,203,50,17,198,24,45,129,102,251,164,105,193,70,223
14.720 1 PPRZ_MODE 2 0 0 0 0 6
14.804 1 DOWNLINK_STATUS 0 15 8221 376 1 559. 25. 52.3
14.832 1 DESIRED 0. 0.02 0. 0. 0. 235. 0. 12.
14.833 1 STATE_FILTER_STATUS 3 0
14.858 1 NAVIGATION 0 2 16621114. -5529002. 0. 3.06831289221e+14 0 0
14.930 1 PPRZ_MODE 2 0 0 0 0 6
14.936 1 GPS 0 1717368064 0 0 -17000 0 0 0 32250 14 1
14.938 1 SVINFO 1 9 16 1 0 -91 0
15.042 1 DESIRED 0. 0.02 0. 0. 0. 235. 0. 12.
15.045 1 ATTITUDE 0.052081 -0.830444 -0.035976
15.049 1 BAT 0 69 0 0 1 17 0 0
15.051 1 ESTIMATOR -17. 0.
15.088 1 WIND_INFO 1 42 0. 0. 0.
15.109 1 NAVIGATION 0 2 16621114. -5529002. 0. 3.06831289221e+14 0 0
15.144 1 PPRZ_MODE 2 0 0 0 0 6
15.148 1 GPS_SOL 649543232 100000 9999 0
15.148 1 DOWNLINK 0 556 447
15.230 1 DESIRED 0. 0.02 0. 0. 0. 235. 0. 12.
15.333 1 PPRZ_MODE 2 0 0 0 0 6
15.336 1 IMU_ACCEL 0.498047 -9.814453 0.382812
15.348 1 PONG 
15.368 1 NAVIGATION 0 2 16621114. -5529002. 0. 3.06831289221e+14 0 0
15.436 1 DESIRED 0. 0.02 0. 0. 0. 235. 0. 12.
15.439 1 IMU_GYRO -0.047852 0.011475 -0.010498
15.441 1 DL_VALUE 0 0.
15.520 1 PPRZ_MODE 2 0 0 0 0 6
15.609 1 FBW_STATUS 2 0 1 69 0
15.615 1 NAVIGATION 0 2 16621114. -5529002. 0. 3.06831289221e+14 0 0
15.632 1 DESIRED 0. 0.02 0. 0. 0. 235. 0. 12.
15.724 1 PPRZ_MODE 2 0 0 0 0 6
15.727 1 IMU_MAG -0.188965 -0.040527 0.188477
15.805 1 DOWNLINK_STATUS 0 16 8798 404 1 577. 28. 52.42
15.830 1 DESIRED 0. 0.02 0. 0. 0. 235. 0. 12.
15.859 1 NAVIGATION 0 2 16621114. -5529002. 0. 3.06831289221e+14 0 0
15.930 1 PPRZ_MODE 2 0 0 0 0 6
15.936 1 GPS 0 1717368064 0 0 -17000 0 0 0 33250 14 2
15.938 1 SVINFO 2 11 16 1 0 -91 0
16.037 1 DESIRED 0. 0.02 0. 0. 0. 235. 0. 12.
16.039 1 ATTITUDE 0.052253 -0.82924 -0.036017
16.041 1 CALIBRATION 0. 0
16.108 1 NAVIGATION 0 2 16621114. -5529002. 0. 3.06831289221e+14 0 0
16.124 1 PPRZ_MODE 2 0 0 0 0 6
16.128 1 BAT 0 69 0 0 1 18 0 0
16.230 1 DESIRED 0. 0.02 0. 0. 0. 235. 0. 12.
16.324 1 PPRZ_MODE 2 0 0 0 0 6
16.327 1 IMU_ACCEL 0.50293 -9.819336 0.373047
16.359 1 NAVIGATION 0 2 16621114. -5529002. 0. 3.06831289221e+14 0 0
16.434 1 DESIRED 0. 0.02 0. 0. 0. 235. 0. 12.
16.436 1 IMU_GYRO -0.046631 0.009521 -0.010498
16.520 1 PPRZ_MODE 2 0 0 0 0 6
16.608 1 NAVIGATION 0 2 16621114. -5529002. 0. 3.06831289221e+14 0 0
16.630 1 DESIRED 0. 0.02 0. 0. 0. 235. 0. 12.
16.720 1 PPRZ_MODE 2 0 0 0 0 6
16.805 1 DOWNLINK_STATUS 0 17 9285 425 1 487. 21. 52.42
16.830 1 DESIRED 0. 0.02 0. 0. 0. 235. 0. 12.
16.859 1 NAVIGATION 0 2 16621114. -5529002. 0. 3.06831289221e+14 0 0
16.932 1 PPRZ_MODE 2 0 0 0 0 6
16.938 1 GPS 0 1717368064 0 0 -17000 0 0 0 34250 14 3
16.940 1 SVINFO 3 12 16 1 0 -91 0
16.942 1 DL_VALUE 1 0.
17.047 1 DESIRED 0. 0.02 0. 0. 0. 235. 0. 12.
17.050 1 ATTITUDE 0.052538 -0.829226 -0.036215
17.053 1 IMU_MAG -0.195801 -0.04248 0.182617
17.055 1 ESTIMATOR -17. 0.
17.057 1 STATE_FILTER_STATUS 3 0
17.060 1 ENERGY 6.9 0. 0 0.
17.108 1 NAVIGATION 0 2 16621114. -5529002. 0. 3.06831289221e+14 0 0
17.124 1 PPRZ_MODE 2 0 0 0 0 6
17.126 1 GPS_SOL 649546368 100000 9999 0
17.235 1 DESIRED 0. 0.02 0. 0. 0. 235. 0. 12.
17.238 1 BAT 0 69 0 0 1 19 0 0
17.323 1 PPRZ_MODE 2 0 0 0 0 6
17.326 1 IMU_ACCEL 0.483398 -9.837891 0.420898
17.358 1 NAVIGATION 0 2 16621114. -5529002. 0. 3.06831289221e+14 0 0
17.433 1 DESIRED 0. 0.02 0. 0. 0. 235. 0. 12.
17.437 1 IMU_GYRO -0.047852 0.010498 -0.010498
17.520 1 PPRZ_MODE 2 0 0 0 0 6
17.610 1 FBW_STATUS 2 0 1 69 0
17.614 1 NAVIGATION 0 2 16621114. -5529002. 0. 3.06831289221e+14 0 0
17.631 1 DESIRED 0. 0.02 0. 0. 0. 235. 0. 12.
17.706 1 COMMANDS 0,-1108,555,0,0,0
17.721 1 PPRZ_MODE 2 0 0 0 0 6
17.805 1 ACTUATORS 1382,1636,1499,1460,1350
17.806 1 DOWNLINK_STATUS 0 18 9901 454 1 616. 29. 52.42
17.830 1 DESIRED 0. 0.02 0. 0. 0. 235. 0. 12.
17.859 1 NAVIGATION 0 2 16621114. -5529002. 0. 3.06831289221e+14 0 0
17.933 1 PPRZ_MODE 2 0 0 0 0 6
17.939 1 GPS 0 1717368064 0 0 -17000 0 0 0 35250 14 4
17.941 1 SVINFO 4 13 16 1 0 -91 0
17.944 1 NAVIGATION_REF 552566 5529002 14
18.034 1 DESIRED 0. 0.02 0. 0. 0. 235. 0. 12.
18.037 1 ATTITUDE 0.052736 -0.828569 -0.036087
18.109 1 NAVIGATION 0 2 16621114. -5529002. 0. 3.06831289221e+14 0 0
18.123 1 PPRZ_MODE 2 0 0 0 0 6
18.125 1 CALIBRATION 0. 0
18.230 1 DESIRED 0. 0.02 0. 0. 0. 235. 0. 12.
18.332 1 PPRZ_MODE 2 0 0 0 0 6
18.335 1 IMU_ACCEL 0.516602 -9.804688 0.339844
18.338 1 BAT 0 69 0 0 1 20 0 0
18.342 1 IMU_MAG -0.188965 -0.040527 0.178711
18.358 1 NAVIGATION 0 2 16621114. -5529002. 0. 3.06831289221e+14 0 0
18.436 1 DESIRED 0. 0.02 0. 0. 0. 235. 0. 12.
18.439 1 IMU_GYRO -0.048828 0.010498 -0.010498
18.441 1 DL_VALUE 2 235.
18.520 1 PPRZ_MODE 2 0 0 0 0 6
18.609 1 NAVIGATION 0 2 16621114. -5529002. 0. 3.06831289221e+14 0 0
18.630 1 DESIRED 0. 0.02 0. 0. 0. 235. 0. 12.
18.719 1 PPRZ_MODE 2 0 0 0 0 6
18.806 1 DOWNLINK_STATUS 0 19 10432 478 1 531. 24. 52.42
18.830 1 DESIRED 0. 0.02 0. 0. 0. 235. 0. 12.
18.858 1 NAVIGATION 0 2 16621114. -5529002. 0. 3.06831289221e+14 0 0
18.930 1 PPRZ_MODE 2 0 0 0 0 6
18.936 1 GPS 0 1717368064 0 0 -17000 0 0 0 36250 14 5
18.938 1 SVINFO 5 14 16 1 0 -91 0
19.037 1 DESIRED 0. 0.02 0. 0. 0. 235. 0. 12.
19.040 1 ATTITUDE 0.052863 -0.827418 -0.03619
19.042 1 ESTIMATOR -17. 0.
19.109 1 NAVIGATION 0 2 16621114. -5529002. 0. 3.06831289221e+14 0 0
19.123 1 PPRZ_MODE 2 0 0 0 0 6
19.126 1 GPS_SOL 649549568 100000 9999 0
19.231 1 DESIRED 0. 0.02 0. 0. 0. 235. 0. 12.
19.233 1 STATE_FILTER_STATUS 3 0
19.324 1 PPRZ_MODE 2 0 0 0 0 6
19.327 1 IMU_ACCEL 0.478516 -9.829102 0.425781
19.358 1 NAVIGATION 0 2 16621114. -5529002. 0. 3.06831289221e+14 0 0
19.438 1 DESIRED 0. 0.02 0. 0. 0. 235. 0. 12.
19.442 1 IMU_GYRO -0.046631 0.009521 -0.010498
19.445 1 BAT 0 69 0 0 1 21 0 0
19.524 1 PPRZ_MODE 2 0 0 0 0 6
19.528 1 ENERGY 6.9 0. 0 0.
19.609 1 FBW_STATUS 2 0 1 69 0
19.614 1 NAVIGATION 0 2 16621114. -5529002. 0. 3.06831289221e+14 0 0
19.639 1 DESIRED 0. 0.02 0. 0. 0. 235. 0. 12.
19.642 1 IMU_MAG -0.192383 -0.04248 0.166992
19.645 1 ALIVE 113,98,203,50,17,198,24,45,129,102,251,164,105,193,70,223
19.719 1 PPRZ_MODE 2 0 0 0 0 6
19.807 1 DOWNLINK_STATUS 0 20 11024 505 1 592. 27. 52.42
19.830 1 DESIRED 0. 0.02 0. 0. 0. 235. 0. 12.
19.858 1 NAVIGATION 0 2 16621114. -5529002. 0. 3.06831289221e+14 0 0
19.932 1 PPRZ_MODE 2 0 0 0 0 6
19.938 1 GPS 0 1717368064 0 0 -17000 0 0 0 37250 14 6
19.940 1 SVINFO 6 15 16 1 0 -91 0
19.942 1 DL_VALUE 3 0.
20.040 1 DESIRED 0. 0.02 0. 0. 0. 235. 0. 12.
20.043 1 ATTITUDE 0.052577 -0.826546 -0.036327
20.047 1 NAVIGATION 0 2 16621114. -5529002. 0. 3.06831289221e+14 0 0
20.108 1 NAVIGATION 0 2 16621114. -5529002. 0. 3.06831289221e+14 0 0
20.124 1 PPRZ_MODE 2 0 0 0 0 6
20.127 1 WP_MOVED 2 552424.625 5528826.5 260. 14
20.234 1 DESIRED 0. 0.02 0. 0. 0. 235. 0. 12.
20.236 1 CALIBRATION 0. 0
20.238 1 DOWNLINK 0 558 577
20.334 1 PPRZ_MODE 2 0 0 0 0 6
20.337 1 IMU_ACCEL 0.488281 -9.837891 0.397461
20.349 1 PONG 
20.369 1 NAVIGATION 0 2 16621114. -5529002. 0. 3.06831289221e+14 0 0
20.434 1 DESIRED 0. 0.02 0. 0. 0. 235. 0. 12.
20.437 1 IMU_GYRO -0.046631 0.009521 -0.010498
20.524 1 PPRZ_MODE 2 0 0 0 0 6
20.527 1 BAT 0 69 0 0 1 22 0 0
20.608 1 NAVIGATION 0 2 16621114. -5529002. 0. 3.06831289221e+14 0 0
20.629 1 DESIRED 0. 0.02 0. 0. 0. 235. 0. 12.
20.720 1 PPRZ_MODE 2 0 0 0 0 6
20.808 1 DOWNLINK_STATUS 0 21 11585 531 1 561. 26. 52.51
20.830 1 DESIRED 0. 0.02 0. 0. 0. 235. 0. 12.
20.858 1 NAVIGATION 0 2 16621114. -5529002. 0. 3.06831289221e+14 0 0
20.934 1 PPRZ_MODE 2 0 0 0 0 6
20.940 1 GPS 0 1717368064 0 0 -17000 0 0 0 38250 14 7
20.942 1 SVINFO 7 16 16 1 0 -91 0
20.945 1 IMU_MAG -0.192383 -0.040527 0.178711
21.036 1 DESIRED 0. 0.02 0. 0. 0. 235. 0. 12.
21.039 1 ATTITUDE 0.052766 -0.826534 -0.03671
21.042 1 ESTIMATOR -17. 0.
21.108 1 NAVIGATION 0 2 16621114. -5529002. 0. 3.06831289221e+14 0 0
21.123 1 PPRZ_MODE 2 0 0 0 0 6
21.126 1 GPS_SOL 649553088 100000 9999 0
21.230 1 DESIRED 0. 0.02 0. 0. 0. 235. 0. 12.
21.324 1 PPRZ_MODE 2 0 0 0 0 6
21.327 1 IMU_ACCEL 0.521484 -9.885742 0.37793
21.359 1 NAVIGATION 0 2 16621114. -5529002. 0. 3.06831289221e+14 0 0
21.438 1 DESIRED 0. 0.02 0. 0. 0. 235. 0. 12.
21.440 1 IMU_GYRO -0.044678 0.012695 -0.011475
21.442 1 DL_VALUE 4 0.
21.444 1 STATE_FILTER_STATUS 3 0
21.519 1 PPRZ_MODE 2 0 0 0 0 6
21.609 1 FBW_STATUS 2 0 1 69 0
21.614 1 NAVIGATION 0 2 16621114. -5529002. 0. 3.06831289221e+14 0 0
21.634 1 DESIRED 0. 0.02 0. 0. 0. 235. 0. 12.
21.638 1 BAT 0 69 0 0 1 24 0 0
21.720 1 PPRZ_MODE 2 0 0 0 0 6
21.808 1 DOWNLINK_STATUS 0 22 12145 557 1 560. 26. 52.51
21.830 1 DESIRED 0. 0.02 0. 0. 0. 235. 0. 12.
21.858 1 NAVIGATION 0 2 16621114. -5529002. 0. 3.06831289221e+14 0 0
21.929 1 PPRZ_MODE 2 0 0 0 0 6
21.935 1 GPS 0 1717368064 0 0 -17000 0 0 0 39250 14 8
21.937 1 SVINFO 8 17 16 1 0 -91 0
22.037 1 DESIRED 0. 0.02 0. 0. 0. 235. 0. 12.
22.041 1 ATTITUDE 0.052891 -0.826211 -0.036782
22.044 1 ENERGY 6.9 0. 0 0.
22.108 1 NAVIGATION 0 2 16621114. -5529002. 0. 3.06831289221e+14 0 0
22.122 1 PPRZ_MODE 2 0 0 0 0 6
22.234 1 DESIRED 0. 0.02 0. 0. 0. 235. 0. 12.
22.237 1 IMU_MAG -0.183594 -0.037109 0.174805
22.326 1 PPRZ_MODE 2 0 0 0 0 6
22.329 1 IMU_ACCEL 0.498047 -9.833008 0.358398
22.331 1 CALIBRATION 0. 0
22.358 1 NAVIGATION 0 2 16621114. -5529002. 0. 3.06831289221e+14 0 0
22.434 1 DESIRED 0. 0.02 0. 0. 0. 235. 0. 12.
22.436 1 IMU_GYRO -0.047852 0.010498 -0.010498
22.519 1 PPRZ_MODE 2 0 0 0 0 6
22.608 1 NAVIGATION 0 2 16621114. -5529002. 0. 3.06831289221e+14 0 0
22.629 1 DESIRED 0. 0.02 0. 0. 0. 235. 0. 12.
22.705 1 COMMANDS 0,-1117,583,0,0,0
22.724 1 PPRZ_MODE 2 0 0 0 0 6
22.728 1 BAT 0 69 0 0 1 25 0 0
22.805 1 ACTUATORS 1382,1636,1498,1459,1350
22.809 1 DOWNLINK_STATUS 0 23 12706 582 1 561. 25. 52.51
22.830 1 DESIRED 0. 0.02 0. 0. 0. 235. 0. 12.
22.859 1 NAVIGATION 0 2 16621114. -5529002. 0. 3.06831289221e+14 0 0
22.931 1 PPRZ_MODE 2 0 0 0 0 6
22.937 1 GPS 0 1717368064 0 0 -17000 0 0 0 40250 14 9
22.940 1 SVINFO 9 18 16 1 0 -91 0
22.942 1 DL_VALUE 5 0.
23.036 1 DESIRED 0. 0.02 0. 0. 0. 235. 0. 12.
23.039 1 ATTITUDE 0.053424 -0.826331 -0.03674
23.042 1 ESTIMATOR -17. 0.
23.108 1 NAVIGATION 0 2 16621114. -5529002. 0. 3.06831289221e+14 0 0
23.123 1 PPRZ_MODE 2 0 0 0 0 6
23.126 1 GPS_SOL 649556672 100000 9999 0
23.230 1 DESIRED 0. 0.02 0. 0. 0. 235. 0. 12.
23.323 1 PPRZ_MODE 2 0 0 0 0 6
23.326 1 IMU_ACCEL 0.55957 -9.833008 0.358398
23.358 1 NAVIGATION 0 2 16621114. -5529002. 0. 3.06831289221e+14 0 0
23.434 1 DESIRED 0. 0.02 0. 0. 0. 235. 0. 12.
23.436 1 IMU_GYRO -0.043457 0.007324 -0.010498
23.523 1 PPRZ_MODE 2 0 0 0 0 6
23.526 1 IMU_MAG -0.192383 -0.04248 0.172852
23.611 1 NAVIGATION 0 2 16621114. -5529002. 0. 3.06831289221e+14 0 0
23.614 1 FBW_STATUS 2 0 1 69 0
23.631 1 DESIRED 0. 0.02 0. 0. 0. 235. 0. 12.
23.633 1 STATE_FILTER_STATUS 3 0
23.720 1 PPRZ_MODE 2 0 0 0 0 6
23.810 1 DOWNLINK_STATUS 0 24 13245 607 1 539. 25. 52.51
23.835 1 DESIRED 0. 0.02 0. 0. 0. 235. 0. 12.
23.837 1 BAT 0 69 0 0 1 26 0 0
23.858 1 NAVIGATION 0 2 16621114. -5529002. 0. 3.06831289221e+14 0 0
23.929 1 PPRZ_MODE 2 0 0 0 0 6
23.935 1 GPS 0 1717368064 0 0 -17000 0 0 0 41250 14 10
23.937 1 SVINFO 10 19 16 1 0 -91 0
24.033 1 DESIRED 0. 0.02 0. 0. 0. 235. 0. 12.
24.036 1 ATTITUDE 0.05386 -0.825981 -0.036493
24.108 1 NAVIGATION 0 2 16621114. -5529002. 0. 3.06831289221e+14 0 0
24.122 1 PPRZ_MODE 2 0 0 0 0 6
24.230 1 DESIRED 0. 0.02 0. 0. 0. 235. 0. 12.
24.323 1 PPRZ_MODE 2 0 0 0 0 6
24.326 1 IMU_ACCEL 0.493164 -9.80957 0.334961
24.359 1 NAVIGATION 0 2 16621114. -5529002. 0. 3.06831289221e+14 0 0
24.438 1 DESIRED 0. 0.02 0. 0. 0. 235. 0. 12.
24.441 1 IMU_GYRO -0.040283 0.006348 -0.010498
24.443 1 DL_VALUE 6 80.
24.445 1 CALIBRATION 0. 0
24.524 1 PPRZ_MODE 2 0 0 0 0 6
24.527 1 ENERGY 6.9 0. 0 0.
24.608 1 NAVIGATION 0 2 16621114. -5529002. 0. 3.06831289221e+14 0 0
24.635 1 DESIRED 0. 0.02 0. 0. 0. 235. 0. 12.
24.639 1 ALIVE 113,98,203,50,17,198,24,45,129,102,251,164,105,193,70,223
24.720 1 PPRZ_MODE 2 0 0 0 0 6
24.811 1 DOWNLINK_STATUS 0 25 13786 631 1 541. 24. 52.51
24.833 1 DESIRED 0. 0.02 0. 0. 0. 235. 0. 12.
24.836 1 IMU_MAG -0.187012 -0.040527 0.170898
24.858 1 NAVIGATION 0 2 16621114. -5529002. 0. 3.06831289221e+14 0 0
24.934 1 PPRZ_MODE 2 0 0 0 0 6
24.940 1 GPS 0 1717368064 0 0 -17000 0 0 0 42250 14 11
24.942 1 SVINFO 11 20 16 1 0 -91 0
24.946 1 BAT 0 69 0 0 1 27 0 0
25.036 1 DESIRED 0. 0.02 0. 0. 0. 235. 0. 12.
25.040 1 ATTITUDE 0.053722 -0.825936 -0.036638
25.042 1 ESTIMATOR -17. 0.
25.088 1 WIND_INFO 1 42 0. 0. 0.
25.108 1 NAVIGATION 0 2 16621114. -5529002. 0. 3.06831289221e+14 0 0
25.137 1 PPRZ_MODE 2 0 0 0 0 6
25.140 1 GPS_SOL 649560512 100000 9999 0
25.255 1 DESIRED 0. 0.02 0. 0. 0. 235. 0. 12.
25.334 1 PPRZ_MODE 2 0 0 0 0 6
25.337 1 IMU_ACCEL 0.488281 -9.790039 0.402344
25.339 1 DOWNLINK 0 547 705
25.349 1 PONG 
25.370 1 NAVIGATION 0 2 16621114. -5529002. 0. 3.06831289221e+14 0 0
25.433 1 DESIRED 0. 0.02 0. 0. 0. 235. 0. 12.
25.436 1 IMU_GYRO -0.049805 0.011475 -0.012695
25.519 1 PPRZ_MODE 2 0 0 0 0 6
25.610 1 FBW_STATUS 2 0 1 69 0
25.614 1 NAVIGATION 0 2 16621114. -5529002. 0. 3.06831289221e+14 0 0
25.631 1 DESIRED 0. 0.02 0. 0. 0. 235. 0. 12.
25.719 1 PPRZ_MODE 2 0 0 0 0 6
25.812 1 DOWNLINK_STATUS 0 26 14343 657 1 557. 26. 52.56
25.831 1 DESIRED 0. 0.02 0. 0. 0. 235. 0. 12.
25.833 1 STATE_FILTER_STATUS 3 0
25.858 1 NAVIGATION 0 2 16621114. -5529002. 0. 3.06831289221e+14 0 0
25.932 1 PPRZ_MODE 2 0 0 0 0 6
25.937 1 GPS 0 1717368064 0 0 -17000 0 0 0 43250 14 12
25.940 1 SVINFO 12 22 16 1 0 -91 0
25.942 1 DL_VALUE 7 2.
26.038 1 DESIRED 0. 0.02 0. 0. 0. 235. 0. 12.
26.041 1 ATTITUDE 0.053679 -0.823527 -0.036634
26.044 1 BAT 0 69 0 0 1 28 0 0
26.108 1 NAVIGATION 0 2 16621114. -5529002. 0. 3.06831289221e+14 0 0
26.123 1 PPRZ_MODE 2 0 0 0 0 6
26.127 1 IMU_MAG -0.192383 -0.04248 0.192383
26.230 1 DESIRED 0. 0.02 0. 0. 0. 235. 0. 12.
26.323 1 PPRZ_MODE 2 0 0 0 0 6
26.326 1 IMU_ACCEL 0.483398 -9.842773 0.353516
26.358 1 NAVIGATION 0 2 16621114. -5529002. 0. 3.06831289221e+14 0 0
26.433 1 DESIRED 0. 0.02 0. 0. 0. 235. 0. 12.
26.436 1 IMU_GYRO -0.046631 0.008301 -0.012695
26.522 1 PPRZ_MODE 2 0 0 0 0 6
26.524 1 CALIBRATION 0. 0
26.608 1 NAVIGATION 0 2 16621114. -5529002. 0. 3.06831289221e+14 0 0
26.630 1 DESIRED 0. 0.02 0. 0. 0. 235. 0. 12.
26.719 1 PPRZ_MODE 2 0 0 0 0 6
26.813 1 DOWNLINK_STATUS 0 27 14868 681 1 525. 24. 52.56
26.841 1 DESIRED 0. 0.02 0. 0. 0. 235. 0. 12.
26.864 1 NAVIGATION 0 2 16621114. -5529002. 0. 3.06831289221e+14 0 0
26.932 1 PPRZ_MODE 2 0 0 0 0 6
26.939 1 GPS 0 1717368064 0 0 -17000 0 0 0 44250 14 13
26.941 1 SVINFO 13 23 16 1 0 -91 0
26.943 1 NAVIGATION_REF 552566 5529002 14
27.040 1 DESIRED 0. 0.02 0. 0. 0. 235. 0. 12.
27.043 1 ATTITUDE 0.053739 -0.824179 -0.036586
27.046 1 ESTIMATOR -17. 0.
27.049 1 ENERGY 6.9 0. 0 0.
27.109 1 NAVIGATION 0 2 16621114. -5529002. 0. 3.06831289221e+14 0 0
27.127 1 PPRZ_MODE 2 0 0 0 0 6
27.130 1 BAT 0 69 0 0 1 29 0 0
27.133 1 GPS_SOL 649564480 100000 9999 0
27.229 1 DESIRED 0. 0.02 0. 0. 0. 235. 0. 12.
27.323 1 PPRZ_MODE 2 0 0 0 0 6
27.326 1 IMU_ACCEL 0.545898 -9.804688 0.382812
27.358 1 NAVIGATION 0 2 16621114. -5529002. 0. 3.06831289221e+14 0 0
27.439 1 DESIRED 0. 0.02 0. 0. 0. 235. 0. 12.
27.442 1 IMU_GYRO -0.046631 0.009521 -0.012695
27.446 1 IMU_MAG -0.195801 -0.040527 0.174805
27.447 1 DL_VALUE 8 0.
27.519 1 PPRZ_MODE 2 0 0 0 0 6
27.609 1 FBW_STATUS 2 0 1 69 0
27.614 1 NAVIGATION 0 2 16621114. -5529002. 0. 3.06831289221e+14 0 0
27.631 1 DESIRED 0. 0.02 0. 0. 0. 235. 0. 12.
27.710 1 COMMANDS 0,-1124,559,0,0,0
27.720 1 PPRZ_MODE 2 0 0 0 0 6
