63.707 2 NAVIGATION 0 1 10959186. -5945715. 0. 1.55455284314e+14 0 0
63.711 2 IMU_ACCEL -9.728516 -0.473633 -0.066406
63.713 2 ATTITUDE 0. 0. 0.
63.805 2 DL_VALUE 3 0.
63.813 2 DESIRED 0. 0. 0. 0. 0. 655. 0. 15.
63.815 2 ATTITUDE 0. 0. 0.
63.855 2 GPS 0 1130805120 0 0 -17000 0 0 0 5500 12 6
63.857 2 SVINFO 6 7 16 1 0 -91 0
63.905 2 BAT 0 166 0 0 0 5 0 0
63.909 2 WP_MOVED 4 348764.6875 5945795. 660. 12
63.912 2 ATTITUDE 0. 0. 0.
64.003 2 DOWNLINK_STATUS 0 64 2832 132 1 897. 43. 0.
64.006 2 ESTIMATOR 0. 0.
64.013 2 DESIRED 0. 0. 0. 0. 0. 655. 0. 15.
64.016 2 ATTITUDE 0. 0. 0.
64.109 2 GPS 0 1130805120 0 0 -17000 0 0 0 5750 12 7
64.111 2 SVINFO 7 8 16 1 0 -91 0
64.114 2 ATTITUDE 0. 0. 0.
64.208 2 IMU_GYRO -0.029785 0.015869 -0.046631
64.215 2 DESIRED 0. 0. 0. 0. 0. 655. 0. 15.
64.218 2 ATTITUDE 0.007411 1.619531 -0.048406
64.278 2 FBW_STATUS 2 0 1 166 0
64.296 2 ATTITUDE 0.007411 1.619531 -0.048406
64.355 2 GPS 0 1130805120 0 0 -17000 0 0 0 6000 12 8
64.358 2 SVINFO 8 9 16 1 0 -91 0
64.409 2 WP_MOVED 5 348740. 5945760. 660. 12
64.416 2 DESIRED 0. 0. 0. 0. 0. 655. 0. 15.
64.419 2 ATTITUDE 0.007544 1.619439 -0.048366
64.503 2 IMU_ACCEL -9.708984 -0.483398 -0.205078
64.506 2 ESTIMATOR 0. 0.
64.509 2 ATTITUDE 0.007329 1.619442 -0.048317
64.619 2 IMU_MAG 0. 0. 0.
64.624 2 GPS 0 1130805120 0 0 -17000 0 0 0 6250 12 9
64.627 2 SVINFO 9 10 16 1 0 -91 0
64.633 2 DESIRED 0. 0. 0. 0. 0. 655. 0. 15.
64.636 2 ATTITUDE 0.00759 1.619348 -0.048323
64.703 2 NAVIGATION 0 1 10959186. -5945715. 0. 1.55455284314e+14 0 0
64.707 2 ATTITUDE 0.007546 1.61935 -0.048365
64.809 2 IMU_GYRO -0.029785 0.016846 -0.046631
64.815 2 DESIRED 0. 0. 0. 0. 0. 655. 0. 15.
64.818 2 ATTITUDE 0.007632 1.619348 -0.048367
64.855 2 GPS 0 1130805120 0 0 -17000 0 0 0 6500 12 10
64.858 2 SVINFO 10 11 16 1 0 -91 0
64.901 2 WP_MOVED 6 348665. 5945815. 660. 12
64.904 2 ATTITUDE 0.007632 1.619348 -0.048367
65.003 2 DOWNLINK_STATUS 0 65 3571 165 1 739. 33. 0.
65.013 2 BAT 0 166 0 0 0 6 0 0
65.015 2 ESTIMATOR 0. 0.
65.022 2 DESIRED 0. 0. 0. 0. 0. 655. 0. 15.
65.025 2 ATTITUDE 0.007499 1.619441 -0.048408
65.109 2 GPS 0 1130805120 0 0 -17000 0 0 0 6750 12 11
65.112 2 SVINFO 11 12 16 1 0 -91 0
65.115 2 ATTITUDE 0.007499 1.619441 -0.048408
65.208 2 GPS_SOL 649520128 100000 9999 0
65.215 2 DESIRED 0. 0. 0. 0. 0. 655. 0. 15.
65.218 2 ATTITUDE 0.007546 1.61935 -0.048365
65.304 2 CALIBRATION 0. 0
65.305 2 DL_VALUE 4 0.
65.308 2 IMU_ACCEL -9.71875 -0.521484 -0.095703
65.311 2 ATTITUDE 0.007636 1.619258 -0.048281
65.356 2 GPS 0 1130805120 0 0 -17000 0 0 0 7000 12 12
65.357 2 SVINFO 12 13 16 1 0 -91 0
65.412 2 STATE_FILTER_STATUS 3 0
65.416 2 IMU_GYRO -0.02002 0.007324 -0.049805
65.419 2 WP_MOVED 7 349065. 5946015. 660. 12
65.427 2 DESIRED 0. 0. 0. 0. 0. 655. 0. 15.
65.429 2 ATTITUDE 0.007721 1.619258 -0.048369
65.500 2 ESTIMATOR 0. 0.
65.503 2 ATTITUDE 0.007544 1.619352 -0.048452
65.504 2 PONG 
65.617 2 GPS 0 1130805120 0 0 -17000 0 0 0 7250 12 13
65.619 2 SVINFO 13 14 16 1 0 -91 0
65.626 2 DESIRED 0. 0. 0. 0. 0. 655. 0. 15.
65.629 2 ATTITUDE 0.007584 1.619441 -0.048496
65.703 2 NAVIGATION 0 1 10959186. -5945715. 0. 1.55455284314e+14 0 0
65.706 2 ATTITUDE 0.007672 1.619437 -0.048412
65.808 2 DESIRED 0. 0. 0. 0. 0. 655. 0. 15.
65.811 2 ATTITUDE 0.007801 1.619435 -0.048458
65.855 2 GPS 0 1130805120 0 0 -17000 0 0 0 7500 12 14
65.858 2 SVINFO 14 15 16 1 0 -91 0
65.909 2 ENERGY 16.6 0. 0 0.
65.912 2 IMU_MAG 0. 0. 0.
65.916 2 WP_MOVED 0 348907. 5945757. 660. 12
65.919 2 ATTITUDE 0.007712 1.619526 -0.048457
66.003 2 DOWNLINK_STATUS 0 66 4372 203 1 801. 38. 50.62
66.011 2 IMU_GYRO -0.032959 0.016846 -0.044678
66.014 2 ESTIMATOR 0. 0.
66.020 2 DESIRED 0. 0. 0. 0. 0. 655. 0. 15.
66.024 2 ATTITUDE 0.007668 1.619527 -0.048499
66.115 2 BAT 0 166 0 0 0 8 0 0
66.119 2 IMU_ACCEL -9.699219 -0.473633 -0.081055
66.124 2 GPS 0 1130805120 0 0 -17000 0 0 0 7750 12 15
66.127 2 SVINFO 15 16 0 1 0 -91 0
66.130 2 ATTITUDE 0.007714 1.619437 -0.048456
66.208 2 DESIRED 0. 0. 0. 0. 0. 655. 0. 15.
66.211 2 ATTITUDE 0.007801 1.619435 -0.048458
66.278 2 FBW_STATUS 2 0 1 166 0
66.297 2 ATTITUDE 0.007756 1.619437 -0.0485
66.355 2 GPS 0 1130805120 0 0 -17000 0 0 0 8000 12 16
66.357 2 SVINFO 0 1 0 1 0 -91 0
66.409 2 WP_MOVED 1 348865. 5945715. 660. 12
66.416 2 DESIRED 0. 0. 0. 0. 0. 655. 0. 15.
66.419 2 ATTITUDE 0.007711 1.619441 -0.048542
66.499 2 ESTIMATOR 0. 0.
66.502 2 ATTITUDE 0.007754 1.619526 -0.048501
66.619 2 IMU_GYRO -0.028564 0.013672 -0.047852
66.625 2 GPS 0 1130805120 0 0 -17000 0 0 0 8250 12 1
66.627 2 SVINFO 1 2 16 1 0 -91 0
66.634 2 DESIRED 0. 0. 0. 0. 0. 655. 0. 15.
66.637 2 ATTITUDE 0.007754 1.619526 -0.048501
66.704 2 NAVIGATION 0 1 10959186. -5945715. 0. 1.55455284314e+14 0 0
66.706 2 ATTITUDE 0.007754 1.619526 -0.048501
66.805 2 DL_VALUE 5 0.
66.812 2 DESIRED 0. 0. 0. 0. 0. 655. 0. 15.
66.815 2 ATTITUDE 0.007801 1.619435 -0.048458
66.855 2 GPS 0 1130805120 0 0 -17000 0 0 0 8500 12 2
66.857 2 SVINFO 2 3 16 1 0 -91 0
66.904 2 IMU_ACCEL -9.732422 -0.498047 -0.162109
66.908 2 WP_MOVED 2 348895. 5945815. 660. 12
66.911 2 ATTITUDE 0.007801 1.619435 -0.048458
67.004 2 DOWNLINK_STATUS 0 67 5143 238 1 771. 35. 50.62
67.007 2 ESTIMATOR 0. 0.
67.013 2 DESIRED 0. 0. 0. 0. 0. 655. 0. 15.
67.016 2 ATTITUDE 0.007887 1.619434 -0.04846
67.110 2 NAVIGATION_REF 348865 5945715 12 605.
67.116 2 GPS 0 1130805120 0 0 -17000 0 0 0 8750 12 3
67.119 2 SVINFO 3 4 16 1 0 -91 0
67.122 2 ATTITUDE 0.007887 1.619434 -0.04846
67.220 2 GPS_SOL 649520832 100000 9999 0
67.223 2 IMU_MAG 0. 0. 0.
67.227 2 BAT 0 166 0 0 0 9 0 0
67.230 2 IMU_GYRO -0.029785 0.014893 -0.046631
67.236 2 DESIRED 0. 0. 0. 0. 0. 655. 0. 15.
67.239 2 ATTITUDE 0.007843 1.619522 -0.048417
67.296 2 ATTITUDE 0.007929 1.61952 -0.048419
67.355 2 GPS 0 1130805120 0 0 -17000 0 0 0 9000 12 4
67.358 2 SVINFO 4 5 16 1 0 -91 0
67.410 2 CALIBRATION 0. 0
67.413 2 WP_MOVED 3 348965.09375 5945786. 660. 12
67.420 2 DESIRED 0. 0. 0. 0. 0. 655. 0. 15.
67.423 2 ATTITUDE 0.007929 1.61952 -0.048419
67.499 2 ESTIMATOR 0. 0.
67.502 2 ATTITUDE 0.007929 1.61952 -0.048419
67.615 2 STATE_FILTER_STATUS 3 0
67.621 2 GPS 0 1130805120 0 0 -17000 0 0 0 9250 12 5
67.623 2 SVINFO 5 6 16 1 0 -91 0
67.630 2 DESIRED 0. 0. 0. 0. 0. 655. 0. 15.
67.633 2 ATTITUDE 0.007929 1.61952 -0.048419
67.707 2 NAVIGATION 0 1 10959186. -5945715. 0. 1.55455284314e+14 0 0
67.710 2 IMU_ACCEL -9.699219 -0.498047 -0.047852
67.713 2 ATTITUDE 0.007929 1.61952 -0.048419
67.812 2 IMU_GYRO -0.029785 0.014893 -0.045654
67.815 2 DESIRED 0. 0. 0. 0. 0. 655. 0. 15.
67.817 2 ATTITUDE 0.007929 1.61952 -0.048419
67.856 2 GPS 0 1130805120 0 0 -17000 0 0 0 9500 12 6
67.858 2 SVINFO 6 7 16 1 0 -91 0
67.901 2 WP_MOVED 4 348764.6875 5945795. 660. 12
67.904 2 ATTITUDE 0.007973 1.619519 -0.048377
68.004 2 DOWNLINK_STATUS 0 68 5944 275 1 801. 37. 50.62
68.006 2 ESTIMATOR 0. 0.
68.014 2 DESIRED 0. 0. 0. 0. 0. 655. 0. 15.
68.016 2 ATTITUDE 0.007973 1.619519 -0.048377
68.079 2 ACTUATORS |1000,1500,1470,1503,1503,1500|
68.109 2 GPS 0 1130805120 0 0 -17000 0 0 0 9750 12 7
68.111 2 SVINFO 7 8 16 1 0 -91 0
68.114 2 ATTITUDE 0.007973 1.619519 -0.048377
68.180 2 COMMANDS |0,-73,590,0,0,0|
68.209 2 DESIRED 0. 0. 0. 0. 0. 655. 0. 15.
68.211 2 ATTITUDE 0.008148 1.61934 -0.048466
68.278 2 FBW_STATUS 2 0 1 166 0
68.308 2 ENERGY 16.6 0. 0 0.
68.309 2 DL_VALUE 6 100.
68.313 2 BAT 0 166 0 0 0 10 0 0
68.316 2 ATTITUDE 0.00758 1.619531 -0.048583
68.355 2 GPS 0 1130805120 0 0 -17000 0 0 0 10000 12 8
68.357 2 SVINFO 8 9 16 1 0 -91 0
68.416 2 DOWNLINK 1 801 378
68.418 2 PPRZ_MODE 2 0 0 0 0 6
68.421 2 IMU_GYRO -0.031738 0.006348 -0.043457
68.425 2 WP_MOVED 5 348740. 5945760. 660. 12
68.431 2 DESIRED 0. 0. 0. 0. 0. 655. 0. 15.
68.434 2 ATTITUDE 0.007885 1.619522 -0.048461
68.513 2 ALIVE |215,59,16,148,212,187,92,254,242,168,16,68,167,171,91,170|
68.516 2 IMU_MAG 0. 0. 0.
68.519 2 IMU_ACCEL -9.742188 -0.473633 -0.02832
68.521 2 ESTIMATOR 0. 0.
68.524 2 ATTITUDE 0.007666 1.619616 -0.048499
68.617 2 GPS 0 1130805120 0 0 -17000 0 0 0 10250 12 9
68.620 2 SVINFO 9 10 16 1 0 -91 0
68.626 2 DESIRED 0. 0. 0. 0. 0. 655. 0. 15.
68.629 2 ATTITUDE 0.007887 1.619434 -0.04846
68.703 2 NAVIGATION 0 1 10959186. -5945715. 0. 1.55455284314e+14 0 0
68.706 2 ATTITUDE 0.007714 1.619524 -0.04837
68.808 2 DESIRED 0. 0. 0. 0. 0. 655. 0. 15.
68.811 2 ATTITUDE 0.007666 1.619702 -0.048413
68.855 2 GPS 0 1130805120 0 0 -17000 0 0 0 10500 12 10
68.858 2 SVINFO 10 11 16 1 0 -91 0
68.901 2 WP_MOVED 6 348665. 5945815. 660. 12
68.904 2 ATTITUDE 0.007797 1.619699 -0.048373
69.004 2 DOWNLINK_STATUS 0 69 6801 315 1 857. 40. 50.62
69.011 2 IMU_GYRO -0.016846 -0.009521 -0.049805
69.014 2 ESTIMATOR 0. 0.
69.020 2 DESIRED 0. 0. 0. 0. 0. 655. 0. 15.
69.024 2 ATTITUDE 0.007931 1.619519 -0.048332
69.109 2 GPS 0 1130805120 0 0 -17000 0 0 0 10750 12 11
69.112 2 SVINFO 11 12 16 1 0 -91 0
69.115 2 ATTITUDE 0.007446 1.619625 -0.048622
69.208 2 GPS_SOL 649521728 100000 9999 0
69.215 2 DESIRED 0. 0. 0. 0. 0. 655. 0. 15.
69.218 2 ATTITUDE 0.007575 1.619621 -0.04867
69.301 2 IMU_ACCEL -9.689453 -0.498047 -0.100586
69.304 2 ATTITUDE 0.007706 1.619531 -0.048716
69.355 2 GPS 0 1130805120 0 0 -17000 0 0 0 11000 12 12
69.357 2 SVINFO 12 13 16 1 0 -91 0
69.414 2 BAT 0 166 0 0 0 11 0 0
69.417 2 WP_MOVED 7 349065. 5946015. 660. 12
69.424 2 DESIRED 0. 0. 0. 0. 0. 655. 0. 15.
69.426 2 ATTITUDE 0.007708 1.619442 -0.048715
69.500 2 CALIBRATION 0. 0
69.502 2 ESTIMATOR 0. 0.
69.505 2 ATTITUDE 0.00775 1.619443 -0.04876
69.618 2 IMU_GYRO -0.029785 0.016846 -0.045654
69.624 2 GPS 0 1130805120 0 0 -17000 0 0 0 11250 12 13
69.626 2 SVINFO 13 14 16 1 0 -91 0
69.633 2 DESIRED 0. 0. 0. 0. 0. 655. 0. 15.
69.636 2 ATTITUDE 0.007792 1.619443 -0.048804
69.703 2 NAVIGATION 0 1 10959186. -5945715. 0. 1.55455284314e+14 0 0
69.706 2 ATTITUDE 0.007879 1.619441 -0.048806
69.811 2 STATE_FILTER_STATUS 3 0
69.813 2 DL_VALUE 7 2.
69.816 2 IMU_MAG 0. 0. 0.
69.822 2 DESIRED 0. 0. 0. 0. 0. 655. 0. 15.
69.825 2 ATTITUDE 0.007708 1.619269 -0.048887
69.855 2 GPS 0 1130805120 0 0 -17000 0 0 0 11500 12 14
69.857 2 SVINFO 14 15 16 1 0 -91 0
69.901 2 WP_MOVED 0 348907. 5945757. 660. 12
69.904 2 ATTITUDE 0.008445 1.619252 -0.048776
70.005 2 DOWNLINK_STATUS 0 70 7594 352 1 793. 37. 50.62
70.007 2 ESTIMATOR 0. 0.
70.013 2 DESIRED 0. 0. 0. 0. 0. 655. 0. 15.
70.016 2 ATTITUDE 0.008399 1.619255 -0.048904
70.110 2 IMU_ACCEL -9.728516 -0.392578 -0.023438
70.116 2 GPS 0 1130805120 0 0 -17000 0 0 0 11750 12 15
70.118 2 SVINFO 15 16 0 1 0 -91 0
70.121 2 ATTITUDE 0.008182 1.619434 -0.04877
70.208 2 IMU_GYRO -0.030762 0.014893 -0.044678
70.215 2 DESIRED 0. 0. 0. 0. 0. 655. 0. 15.
70.218 2 ATTITUDE 0.008401 1.61934 -0.048732
70.278 2 FBW_STATUS 2 0 1 166 0
70.296 2 ATTITUDE 0.008399 1.619429 -0.048732
70.354 2 GPS 0 1130805120 0 0 -17000 0 0 0 12000 12 16
70.357 2 SVINFO 0 1 0 1 0 -91 0
70.409 2 WP_MOVED 1 348865. 5945715. 660. 12
70.416 2 DESIRED 0. 0. 0. 0. 0. 655. 0. 15.
70.418 2 ATTITUDE 0.008789 1.61942 -0.048699
70.506 2 BAT 0 166 0 0 0 12 0 0
70.507 2 ESTIMATOR 0. 0.
70.510 2 ATTITUDE 0.008752 1.619157 -0.048652
70.512 2 PONG 
70.617 2 GPS 0 1130805120 0 0 -17000 0 0 0 12250 12 1
70.619 2 SVINFO 1 2 16 1 0 -91 0
70.626 2 DESIRED 0. 0. 0. 0. 0. 655. 0. 15.
70.629 2 ATTITUDE 0.008614 1.619512 -0.048695
70.706 2 ENERGY 16.6 0. 0 0.
70.710 2 NAVIGATION 0 1 10959186. -5945715. 0. 1.55455284314e+14 0 0
70.714 2 ATTITUDE 0.008831 1.61942 -0.048743
70.808 2 IMU_GYRO -0.023193 -0.006348 -0.051025
70.814 2 DESIRED 0. 0. 0. 0. 0. 655. 0. 15.
70.817 2 ATTITUDE 0.0094 1.61923 -0.048626
70.855 2 GPS 0 1130805120 0 0 -17000 0 0 0 12500 12 2
70.857 2 SVINFO 2 3 16 1 0 -91 0
70.904 2 IMU_ACCEL -9.737305 -0.397461 -0.013672
70.907 2 WP_MOVED 2 348895. 5945815. 660. 12
70.911 2 ATTITUDE 0.008957 1.619594 -0.048704
71.005 2 DOWNLINK_STATUS 0 71 8380 388 1 786. 36. 57.72
71.006 2 ESTIMATOR 0. 0.
71.013 2 DESIRED 0. 0. 0. 0. 0. 655. 0. 15.
71.016 2 ATTITUDE 0.009316 1.619143 -0.048536
71.110 2 IMU_MAG 0. 0. 0.
71.116 2 GPS 0 1130805120 0 0 -17000 0 0 0 12750 12 3
71.118 2 SVINFO 3 4 16 1 0 -91 0
71.121 2 ATTITUDE 0.009136 1.619412 -0.048621
71.208 2 GPS_SOL 649522880 100000 9999 0
71.214 2 DESIRED 0. 0. 0. 0. 0. 655. 0. 15.
71.217 2 ATTITUDE 0.008348 1.619956 -0.048518
71.297 2 DL_VALUE 8 0.
71.300 2 ATTITUDE 0.009565 1.619668 -0.048459
71.355 2 GPS 0 1130805120 0 0 -17000 0 0 0 13000 12 4
71.357 2 SVINFO 4 5 16 1 0 -91 0
71.412 2 IMU_GYRO -0.029785 0.011475 -0.045654
71.416 2 WP_MOVED 3 348965.09375 5945786. 660. 12
71.422 2 DESIRED 0. 0. 0. 0. 0. 655. 0. 15.
71.426 2 ATTITUDE 0.009437 1.619754 -0.048328
71.499 2 ESTIMATOR 0. 0.
71.502 2 ATTITUDE 0.009 1.619941 -0.048317
71.616 2 CALIBRATION 0. 0
71.620 2 BAT 0 166 0 0 0 13 0 0
71.626 2 GPS 0 1130805120 0 0 -17000 0 0 0 13250 12 5
71.628 2 SVINFO 5 6 16 1 0 -91 0
71.635 2 DESIRED 0. 0. 0. 0. 0. 655. 0. 15.
71.706 2 NAVIGATION 0 1 10959186. -5945715. 0. 1.55455284314e+14 0 0
71.709 2 IMU_ACCEL -9.776367 -0.46875 -0.056641
71.713 2 ATTITUDE 0.009442 1.619837 -0.048069
71.808 2 DESIRED 0. 0. 0. 0. 0. 655. 0. 15.
71.810 2 ATTITUDE 0.009357 1.619924 -0.047895
71.854 2 GPS 0 1130805120 0 0 -17000 0 0 0 13500 12 6
71.857 2 SVINFO 6 7 16 1 0 -91 0
71.900 2 WP_MOVED 4 348764.6875 5945795. 660. 12
71.903 2 ATTITUDE 0.0094 1.620011 -0.047853
72.006 2 DOWNLINK_STATUS 0 72 9128 422 1 748. 34. 57.72
72.011 2 STATE_FILTER_STATUS 3 0
72.014 2 IMU_GYRO -0.032959 0.015869 -0.045654
72.017 2 ESTIMATOR 0. 0.
72.023 2 DESIRED 0. 0. 0. 0. 0. 655. 0. 15.
72.026 2 ATTITUDE 0.008912 1.620031 -0.048315
72.108 2 GPS 0 1130805120 0 0 -17000 0 0 0 13750 12 7
72.111 2 SVINFO 7 8 16 1 0 -91 0
72.114 2 ATTITUDE 0.009351 1.619756 -0.048325
72.207 2 DESIRED 0. 0. 0. 0. 0. 655. 0. 15.
72.210 2 ATTITUDE 0.009442 1.619664 -0.048241
72.278 2 FBW_STATUS 2 0 1 166 0
72.296 2 ATTITUDE 0.009568 1.619577 -0.048459
72.355 2 GPS 0 1130805120 0 0 -17000 0 0 0 14000 12 8
72.357 2 SVINFO 8 9 16 1 0 -91 0
72.412 2 IMU_MAG 0. 0. 0.
72.416 2 WP_MOVED 5 348740. 5945760. 660. 12
72.422 2 DESIRED 0. 0. 0. 0. 0. 655. 0. 15.
72.425 2 ATTITUDE 0.009827 1.619572 -0.048466
72.503 2 IMU_ACCEL -9.483398 -0.37793 -0.569336
72.505 2 ESTIMATOR 0. 0.
72.508 2 ATTITUDE 0.009133 1.619589 -0.048534
72.618 2 IMU_GYRO -0.023193 0.023193 -0.045654
72.624 2 GPS 0 1130805120 0 0 -17000 0 0 0 14250 12 9
72.626 2 SVINFO 9 10 16 1 0 -91 0
72.633 2 DESIRED 0. 0. 0. 0. 0. 655. 0. 15.
72.636 2 ATTITUDE 0.009303 1.619761 -0.04854
72.707 2 BAT 0 166 0 0 0 14 0 0
72.711 2 NAVIGATION 0 1 10959186. -5945715. 0. 1.55455284314e+14 0 0
72.714 2 ATTITUDE 0.009699 1.619661 -0.048333
72.806 2 DL_VALUE 9 0.
72.812 2 DESIRED 0. 0. 0. 0. 0. 655. 0. 15.
72.814 2 ATTITUDE 0.009702 1.619746 -0.048074
72.855 2 GPS 0 1130805120 0 0 -17000 0 0 0 14500 12 10
72.858 2 SVINFO 10 11 16 1 0 -91 0
72.901 2 WP_MOVED 6 348665. 5945815. 660. 12
72.904 2 ATTITUDE 0.009484 1.619924 -0.048027
73.007 2 ESTIMATOR 0. 0.
73.007 2 DOWNLINK_STATUS 0 73 9922 459 1 794. 37. 57.72
73.013 2 DESIRED 0. 0. 0. 0. 0. 655. 0. 15.
73.017 2 ATTITUDE 0.009836 1.619826 -0.047863
73.080 2 ACTUATORS |1000,1500,1470,1503,1503,1500|
73.110 2 ENERGY 16.6 0. 0 0.
73.116 2 GPS 0 1130805120 0 0 -17000 0 0 0 14750 12 11
73.118 2 SVINFO 11 12 16 1 0 -91 0
73.121 2 ATTITUDE 0.009701 1.620006 -0.047904
73.179 2 COMMANDS |0,-24,572,0,0,0|
73.211 2 GPS_SOL 649524160 100000 9999 0
73.214 2 IMU_GYRO -0.041504 -0.024414 -0.062744
73.221 2 DESIRED 0. 0. 0. 0. 0. 655. 0. 15.
73.230 2 ATTITUDE 0.01418 1.615495 -0.047419
73.301 2 PPRZ_MODE 2 0 0 0 0 6
73.304 2 IMU_ACCEL -9.890625 -0.325195 0.272461
73.307 2 ATTITUDE 0.014341 1.611969 -0.04774
73.354 2 GPS 0 1130805120 0 0 -17000 0 0 0 15000 12 12
73.357 2 SVINFO 12 13 16 1 0 -91 0
73.408 2 WP_MOVED 7 349065. 5946015. 660. 12
73.415 2 DESIRED 0. 0. 0. 0. 0. 655. 0. 15.
73.418 2 ATTITUDE 0.013526 1.61004 -0.04771
73.500 2 DOWNLINK 2 795 565
73.502 2 ESTIMATOR 0. 0.
73.505 2 ATTITUDE 0.013306 1.610134 -0.047836
73.620 2 ALIVE |215,59,16,148,212,187,92,254,242,168,16,68,167,171,91,170|
73.626 2 GPS 0 1130805120 0 0 -17000 0 0 0 15250 12 13
73.628 2 SVINFO 13 14 16 1 0 -91 0
73.635 2 DESIRED 0. 0. 0. 0. 0. 655. 0. 15.
73.638 2 ATTITUDE 0.0137 1.60995 -0.047799
73.707 2 CALIBRATION 0. 0
73.710 2 IMU_MAG 0. 0. 0.
73.714 2 NAVIGATION 0 1 10959186. -5945715. 0. 1.55455284314e+14 0 0
73.717 2 ATTITUDE 0.013781 1.609953 -0.047973
73.813 2 BAT 0 166 0 0 0 15 0 0
73.816 2 IMU_GYRO -0.033936 0.019043 -0.047852
73.823 2 DESIRED 0. 0. 0. 0. 0. 655. 0. 15.
73.826 2 ATTITUDE 0.013297 1.610314 -0.048009
73.855 2 GPS 0 1130805120 0 0 -17000 0 0 0 15500 12 14
73.857 2 SVINFO 14 15 16 1 0 -91 0
73.901 2 WP_MOVED 0 348907. 5945757. 660. 12
73.904 2 ATTITUDE 0.013514 1.610223 -0.048143
73.940 2 WIND_INFO 2 42 0. 0. 0.
74.006 2 ESTIMATOR 0. 0.
74.007 2 DOWNLINK_STATUS 0 74 10799 500 1 877. 41. 57.72
74.013 2 DESIRED 0. 0. 0. 0. 0. 655. 0. 15.
74.016 2 ATTITUDE 0.013557 1.610137 -0.048186
74.110 2 IMU_ACCEL -9.699219 -0.430664 -0.003906
74.116 2 GPS 0 1130805120 0 0 -17000 0 0 0 15750 12 15
74.118 2 SVINFO 15 16 0 1 0 -91 0
74.121 2 ATTITUDE 0.013511 1.610227 -0.048229
74.205 2 STATE_FILTER_STATUS 3 0
74.211 2 DESIRED 0. 0. 0. 0. 0. 655. 0. 15.
74.214 2 ATTITUDE 0.013379 1.610318 -0.04827
74.277 2 FBW_STATUS 2 0 1 166 0
74.296 2 DL_VALUE 10 0.
74.301 2 ATTITUDE 0.013425 1.610228 -0.048227
74.355 2 GPS 0 1130805120 0 0 -17000 0 0 0 16000 12 16
74.357 2 SVINFO 0 1 0 1 0 -91 0
74.412 2 IMU_GYRO -0.029785 0.015869 -0.046631
74.415 2 WP_MOVED 1 348865. 5945715. 660. 12
74.423 2 DESIRED 0. 0. 0. 0. 0. 655. 0. 15.
74.425 2 ATTITUDE 0.013291 1.610321 -0.048355
74.499 2 ESTIMATOR 0. 0.
74.501 2 ATTITUDE 0.013333 1.610321 -0.048399
74.616 2 GPS 0 1130805120 0 0 -17000 0 0 0 16250 12 1
74.619 2 SVINFO 1 2 16 1 0 -91 0
74.626 2 DESIRED 0. 0. 0. 0. 0. 655. 0. 15.
74.628 2 ATTITUDE 0.013335 1.610233 -0.048311
74.703 2 NAVIGATION 0 1 10959186. -5945715. 0. 1.55455284314e+14 0 0
74.706 2 ATTITUDE 0.013289 1.610322 -0.048354
74.807 2 DESIRED 0. 0. 0. 0. 0. 655. 0. 15.
74.811 2 ATTITUDE 0.013375 1.610321 -0.048443
74.855 2 GPS 0 1130805120 0 0 -17000 0 0 0 16500 12 2
74.857 2 SVINFO 2 3 16 1 0 -91 0
74.909 2 BAT 0 166 0 0 0 16 0 0
74.912 2 IMU_ACCEL -9.723633 -0.483398 -0.138672
74.915 2 WP_MOVED 2 348895. 5945815. 660. 12
74.919 2 ATTITUDE 0.013243 1.610412 -0.048484
75.007 2 DOWNLINK_STATUS 0 75 11547 534 1 748. 34. 57.72
75.015 2 IMU_MAG 0. 0. 0.
75.018 2 IMU_GYRO -0.030762 0.018066 -0.045654
75.020 2 ESTIMATOR 0. 0.
75.027 2 DESIRED 0. 0. 0. 0. 0. 655. 0. 15.
75.030 2 ATTITUDE 0.013371 1.61041 -0.04853
75.108 2 GPS 0 1130805120 0 0 -17000 0 0 0 16750 12 3
75.111 2 SVINFO 3 4 16 1 0 -91 0
75.114 2 ATTITUDE 0.013327 1.610412 -0.048572
75.208 2 GPS_SOL 649525632 100000 9999 0
75.214 2 DESIRED 0. 0. 0. 0. 0. 655. 0. 15.
75.217 2 ATTITUDE 0.013283 1.610413 -0.048614
75.296 2 ATTITUDE 0.013286 1.610239 -0.048699
75.354 2 GPS 0 1130805120 0 0 -17000 0 0 0 17000 12 4
75.356 2 SVINFO 4 5 16 1 0 -91 0
75.408 2 WP_MOVED 3 348965.09375 5945786. 660. 12
75.416 2 DESIRED 0. 0. 0. 0. 0. 655. 0. 15.
75.418 2 ATTITUDE 0.012935 1.610423 -0.04878
75.504 2 ENERGY 16.6 0. 0 0.
75.507 2 ESTIMATOR 0. 0.
75.510 2 ATTITUDE 0.012974 1.610426 -0.04891
75.511 2 PONG 
75.617 2 IMU_GYRO -0.02002 0.016846 -0.045654
75.623 2 GPS 0 1130805120 0 0 -17000 0 0 0 17250 12 5
75.626 2 SVINFO 5 7 16 1 0 -91 0
75.632 2 DESIRED 0. 0. 0. 0. 0. 655. 0. 15.
75.635 2 ATTITUDE 0.013019 1.610423 -0.048868
75.706 2 NAVIGATION 0 1 10959186. -5945715. 0. 1.55455284314e+14 0 0
75.709 2 IMU_ACCEL -9.713867 -0.511719 -0.128906
75.712 2 ATTITUDE 0.012971 1.610514 -0.048998
75.807 2 CALIBRATION 0. 0
75.809 2 DL_VALUE 11 0.
75.816 2 DESIRED 0. 0. 0. 0. 0. 655. 0. 15.
75.819 2 ATTITUDE 0.012927 1.610431 -0.049125
75.854 2 GPS 0 1130805120 0 0 -17000 0 0 0 17500 12 6
75.857 2 SVINFO 6 8 16 1 0 -91 0
75.900 2 WP_MOVED 4 348764.6875 5945795. 660. 12
75.903 2 ATTITUDE 0.013546 1.610061 -0.048876
76.008 2 DOWNLINK_STATUS 0 76 12336 571 1 789. 37. 55.85
76.012 2 BAT 0 166 0 0 0 17 0 0
76.014 2 ESTIMATOR 0. 0.
76.021 2 DESIRED 0. 0. 0. 0. 0. 655. 0. 15.
76.024 2 ATTITUDE 0.013077 1.60972 -0.048994
76.110 2 NAVIGATION_REF 348865 5945715 12 605.
76.116 2 GPS 0 1130805120 0 0 -17000 0 0 0 17750 12 7
76.118 2 SVINFO 7 9 16 1 0 -91 0
76.121 2 ATTITUDE 0.013159 1.609981 -0.048911
76.208 2 IMU_GYRO -0.026367 -0.003174 -0.052002
76.214 2 DESIRED 0. 0. 0. 0. 0. 655. 0. 15.
76.217 2 ATTITUDE 0.013769 1.609792 -0.048835
76.278 2 FBW_STATUS 2 0 1 166 0
76.300 2 IMU_MAG 0. 0. 0.
76.303 2 ATTITUDE 0.013551 1.609799 -0.048961
76.355 2 GPS 0 1130805120 0 0 -17000 0 0 0 18000 12 8
76.357 2 SVINFO 8 10 16 1 0 -91 0
76.409 2 STATE_FILTER_STATUS 3 0
76.412 2 WP_MOVED 5 348740. 5945760. 660. 12
76.419 2 DESIRED 0. 0. 0. 0. 0. 655. 0. 15.
76.422 2 ATTITUDE 0.014255 1.605995 -0.048513
76.503 2 IMU_ACCEL -9.704102 -0.411133 -0.176758
76.505 2 ESTIMATOR 0. 0.
76.508 2 ATTITUDE 0.01431 1.602209 -0.048184
76.617 2 GPS 0 1130805120 0 0 -17000 0 0 0 18250 12 9
76.619 2 SVINFO 9 11 16 1 0 -91 0
76.626 2 DESIRED 0. 0. 0. 0. 0. 655. 0. 15.
76.628 2 ATTITUDE 0.014434 1.602554 -0.047973
76.703 2 NAVIGATION 0 1 10959186. -5945715. 0. 1.55455284314e+14 0 0
76.705 2 ATTITUDE 0.013864 1.602573 -0.048438
76.807 2 IMU_GYRO -0.019043 0.001953 -0.047852
76.814 2 DESIRED 0. 0. 0. 0. 0. 655. 0. 15.
76.817 2 ATTITUDE 0.014261 1.60213 -0.048571
76.854 2 GPS 0 1130805120 0 0 -17000 0 0 0 18500 12 10
76.856 2 SVINFO 10 12 16 1 0 -91 0
76.900 2 WP_MOVED 6 348665. 5945815. 660. 12
76.903 2 ATTITUDE 0.014083 1.60231 -0.048656
77.006 2 ESTIMATOR 0. 0.
77.008 2 DOWNLINK_STATUS 0 77 13138 608 1 802. 37. 55.85
77.012 2 DESIRED 0. 0. 0. 0. 0. 655. 0. 15.
77.016 2 ATTITUDE 0.014344 1.602218 -0.048659
77.110 2 BAT 0 166 0 0 0 19 0 0
77.116 2 GPS 0 1130805120 0 0 -17000 0 0 0 18750 12 11
77.118 2 SVINFO 11 13 16 1 0 -91 0
77.122 2 ATTITUDE 0.014088 1.602219 -0.048483
77.207 2 GPS_SOL 649527296 100000 9999 0
77.214 2 DESIRED 0. 0. 0. 0. 0. 655. 0. 15.
77.217 2 ATTITUDE 0.014345 1.602302 -0.048487
77.300 2 DL_VALUE 12 12000.
77.304 2 IMU_ACCEL -9.742188 -0.44043 -0.033203
77.307 2 ATTITUDE 0.01469 1.602212 -0.048665
77.354 2 GPS 0 1130805120 0 0 -17000 0 0 0 19000 12 12
77.357 2 SVINFO 12 14 16 1 0 -91 0
77.412 2 IMU_GYRO -0.028564 0.018066 -0.045654
77.415 2 WP_MOVED 7 349065. 5946015. 660. 12
77.422 2 DESIRED 0. 0. 0. 0. 0. 655. 0. 15.
77.425 2 ATTITUDE 0.014602 1.602215 -0.04875
77.498 2 ESTIMATOR 0. 0.
77.501 2 ATTITUDE 0.015211 1.602029 -0.048671
77.618 2 IMU_MAG 0. 0. 0.
77.623 2 GPS 0 1130805120 0 0 -17000 0 0 0 19250 12 13
77.626 2 SVINFO 13 16 0 1 0 -91 0
77.633 2 DESIRED 0. 0. 0. 0. 0. 655. 0. 15.
77.636 2 ATTITUDE 0.015075 1.602209 -0.048887
77.704 2 NAVIGATION 0 1 10959186. -5945715. 0. 1.55455284314e+14 0 0
77.706 2 ATTITUDE 0.014816 1.602213 -0.048796
77.807 2 DESIRED 0. 0. 0. 0. 0. 655. 0. 15.
77.811 2 ATTITUDE 0.014464 1.602398 -0.048964
77.855 2 GPS 0 1130805120 0 0 -17000 0 0 0 19500 12 14
77.857 2 SVINFO 14 17 16 1 0 -91 0
77.907 2 ENERGY 16.6 0. 0 0.
77.908 2 CALIBRATION 0. 0
77.912 2 WP_MOVED 0 348907. 5945757. 660. 12
77.914 2 ATTITUDE 0.014636 1.602395 -0.049054
78.008 2 DOWNLINK_STATUS 0 78 13910 643 1 772. 35. 55.85
78.010 2 IMU_GYRO -0.033936 0.012695 -0.046631
78.012 2 ESTIMATOR 0. 0.
78.020 2 DESIRED 0. 0. 0. 0. 0. 655. 0. 15.
78.022 2 ATTITUDE 0.015247 1.602208 -0.048976
78.078 2 ACTUATORS |1000,1500,1469,1508,1508,1500|
78.109 2 IMU_ACCEL -9.704102 -0.425781 -0.272461
78.114 2 GPS 0 1130805120 0 0 -17000 0 0 0 19750 12 15
78.117 2 SVINFO 15 18 16 1 0 -91 0
78.120 2 ATTITUDE 0.01393 1.602765 -0.049391
78.179 2 COMMANDS |0,-113,607,0,0,0|
78.209 2 PPRZ_MODE 2 0 0 0 0 6
78.213 2 BAT 0 166 0 0 0 20 0 0
78.219 2 DESIRED 0. 0. 0. 0. 0. 655. 0. 15.
78.223 2 ATTITUDE 0.013932 1.602849 -0.049132
78.277 2 FBW_STATUS 2 0 1 166 0
78.295 2 ATTITUDE 0.014146 1.602847 -0.049265
78.354 2 GPS 0 1130805120 0 0 -17000 0 0 0 20000 12 16
78.356 2 SVINFO 0 2 16 1 0 -91 0
78.408 2 WP_MOVED 1 348865. 5945715. 660. 12
78.415 2 DESIRED 0. 0. 0. 0. 0. 655. 0. 15.
78.418 2 ATTITUDE 0.014188 1.603104 -0.049053
78.498 2 ESTIMATOR 0. 0.
78.501 2 ATTITUDE 0.015076 1.602294 -0.048715
78.617 2 DOWNLINK 2 790 752
78.618 2 STATE_FILTER_STATUS 3 0
78.621 2 IMU_GYRO -0.032959 0.000977 -0.054199
78.627 2 GPS 0 1130805120 0 0 -17000 0 0 0 20250 12 1
78.630 2 SVINFO 1 5 16 1 0 -91 0
78.636 2 DESIRED 0. 0. 0. 0. 0. 655. 0. 15.
78.707 2 ALIVE |215,59,16,148,212,187,92,254,242,168,16,68,167,171,91,170|
78.711 2 NAVIGATION 0 1 10959186. -5945715. 0. 1.55455284314e+14 0 0
78.714 2 ATTITUDE 0.014438 1.601867 -0.048745
78.805 2 DL_VALUE 13 1.5
78.811 2 DESIRED 0. 0. 0. 0. 0. 655. 0. 15.
78.815 2 ATTITUDE 0.014343 1.602048 -0.048917
78.854 2 GPS 0 1130805120 0 0 -17000 0 0 0 20500 12 2
78.857 2 SVINFO 2 6 16 1 0 -91 0
78.907 2 IMU_MAG 0. 0. 0.
78.910 2 IMU_ACCEL -9.728516 -0.416016 -0.128906
78.914 2 WP_MOVED 2 348895. 5945815. 660. 12
78.917 2 ATTITUDE 0.014196 1.603095 -0.048534
79.006 2 ESTIMATOR 0. 0.
79.009 2 DOWNLINK_STATUS 0 79 14788 685 1 878. 42. 55.85
79.013 2 DESIRED 0. 0. 0. 0. 0. 655. 0. 15.
79.016 2 ATTITUDE 0.013994 1.604157 -0.048711
79.108 2 GPS 0 1130805120 0 0 -17000 0 0 0 20750 12 3
79.111 2 SVINFO 3 7 16 1 0 -91 0
79.114 2 ATTITUDE 0.014541 1.604676 -0.048854
79.211 2 GPS_SOL 649529152 100000 9999 0
79.214 2 IMU_GYRO -0.04248 0.024414 -0.045654
79.221 2 DESIRED 0. 0. 0. 0. 0. 655. 0. 15.
79.224 2 ATTITUDE 0.014886 1.604499 -0.049118
79.300 2 BAT 0 166 0 0 0 21 0 0
79.303 2 ATTITUDE 0.015466 1.604043 -0.048649
79.355 2 GPS 0 1130805120 0 0 -17000 0 0 0 21000 12 4
79.356 2 SVINFO 4 8 16 1 0 -91 0
79.408 2 WP_MOVED 3 348965.09375 5945786. 660. 12
79.415 2 DESIRED 0. 0. 0. 0. 0. 655. 0. 15.
79.417 2 ATTITUDE 0.014859 1.604141 -0.048639
79.497 2 ESTIMATOR 0. 0.
79.501 2 ATTITUDE 0.014994 1.604047 -0.048512
79.616 2 GPS 0 1130805120 0 0 -17000 0 0 0 21250 12 5
79.618 2 SVINFO 5 9 16 1 0 -91 0
79.625 2 DESIRED 0. 0. 0. 0. 0. 655. 0. 15.
79.628 2 ATTITUDE 0.015085 1.603699 -0.048683
79.706 2 NAVIGATION 0 1 10959186. -5945715. 0. 1.55455284314e+14 0 0
79.709 2 IMU_ACCEL -9.742188 -0.402344 -0.09082
79.712 2 ATTITUDE 0.014376 1.604414 -0.048763
79.807 2 IMU_GYRO -0.024414 0.014893 -0.052979
79.814 2 DESIRED 0. 0. 0. 0. 0. 655. 0. 15.
79.817 2 ATTITUDE 0.01481 1.604233 -0.048855
79.854 2 GPS 0 1130805120 0 0 -17000 0 0 0 21500 12 6
79.856 2 SVINFO 6 10 16 1 0 -91 0
79.900 2 WP_MOVED 4 348764.6875 5945795. 660. 12
79.903 2 ATTITUDE 0.015644 1.60352 -0.048992
80.008 2 CALIBRATION 0. 0
80.009 2 DOWNLINK_STATUS 0 80 15529 718 1 741. 33. 55.85
80.010 2 ESTIMATOR 0. 0.
80.017 2 DESIRED 0. 0. 0. 0. 0. 655. 0. 15.
80.020 2 ATTITUDE 0.014991 1.603623 -0.049198
80.108 2 GPS 0 1130805120 0 0 -17000 0 0 0 21750 12 7
80.111 2 SVINFO 7 11 16 1 0 -91 0
80.114 2 ATTITUDE 0.014987 1.603712 -0.049372
80.208 2 IMU_MAG 0. 0. 0.
80.214 2 DESIRED 0. 0. 0. 0. 0. 655. 0. 15.
80.217 2 ATTITUDE 0.014811 1.603804 -0.049457
80.278 2 FBW_STATUS 2 0 1 166 0
80.303 2 ENERGY 16.6 0. 0 0.
80.304 2 DL_VALUE 14 0.610865
80.308 2 ATTITUDE 0.015075 1.603624 -0.04946
