5.217 1 FBW_STATUS 2 0 1 68 0
5.221 1 NAVIGATION 0 2 -13.9 0.5 0. 192.8 0 0
5.234 1 ATTITUDE 0. 0. 0.
5.338 1 ATTITUDE 0. 0. 0.
5.344 1 GPS 0 33240212 593390144 0 669754 0 0 1789 427979500 12 4
5.347 1 SVINFO 4 5 16 1 0 -91 0
5.377 1 PONG 
5.428 1 ATTITUDE 0. 0. 0.
5.465 1 NAVIGATION 0 2 -13.9 0.5 0. 192.8 0 0
5.528 1 ATTITUDE 0. 0. 0.
5.629 1 ATTITUDE 0. 0. 0.
5.715 1 NAVIGATION 0 2 -13.9 0.5 0. 192.8 0 0
5.730 1 ATTITUDE 0. 0. 0.
5.829 1 ATTITUDE 0. 0. 0.
5.841 1 DOWNLINK_STATUS 0 6 958 49 1 958. 49. 38.
5.929 1 ATTITUDE 0. 0. 0.
5.965 1 NAVIGATION 0 2 -13.9 0.5 0. 192.8 0 0
6.029 1 ATTITUDE 0. 0. 0.
6.129 1 ATTITUDE 0. 0. 0.
6.216 1 NAVIGATION 0 2 -13.9 0.5 0. 192.8 0 0
6.232 1 ATTITUDE 0. 0. 0.
6.234 1 ESTIMATOR 669.754028 0.
6.312 1 COMMANDS 0,0,0,0,0,0
6.339 1 ATTITUDE 0. 0. 0.
6.345 1 GPS 0 33240212 593390144 0 669754 0 0 1789 427980500 12 5
6.347 1 SVINFO 5 6 16 1 0 -91 0
6.412 1 ACTUATORS 1250,1580,1550,1580,1350
6.429 1 ATTITUDE 0. 0. 0.
6.465 1 NAVIGATION 0 2 -13.9 0.5 0. 192.8 0 0
6.529 1 ATTITUDE 0. 0. 0.
6.629 1 ATTITUDE 0. 0. 0.
6.715 1 NAVIGATION 0 2 -13.9 0.5 0. 192.8 0 0
6.730 1 ATTITUDE 0. 0. 0.
6.829 1 ATTITUDE 0. 0. 0.
6.842 1 DOWNLINK_STATUS 0 7 1339 68 1 381. 19. 38.
6.929 1 ATTITUDE 0. 0. 0.
6.965 1 NAVIGATION 0 2 -13.9 0.5 0. 192.8 0 0
7.029 1 ATTITUDE 0. 0. 0.
7.129 1 ATTITUDE 0. 0. 0.
7.217 1 FBW_STATUS 2 0 1 68 0
7.221 1 NAVIGATION 0 2 -13.9 0.5 0. 192.8 0 0
7.233 1 ATTITUDE 0. 0. 0.
7.338 1 ATTITUDE 0.061988 0.904552 0.086831
7.344 1 GPS 0 33240212 593390144 0 669754 0 0 1789 427981500 12 6
7.346 1 SVINFO 6 7 12 1 0 67 111
7.431 1 ATTITUDE 0.060834 0.904102 0.086947
7.434 1 ESTIMATOR 669.754028 0.
7.464 1 NAVIGATION 0 2 -13.9 0.5 0. 192.8 0 0
7.531 1 ATTITUDE 0.06092 0.904036 0.086964
7.533 1 PPRZ_MODE 2 0 0 0 0 6
7.628 1 ATTITUDE 0.061289 0.904186 0.086876
7.715 1 NAVIGATION 0 2 -13.9 0.5 0. 192.8 0 0
7.730 1 ATTITUDE 0.061471 0.904177 0.086866
7.828 1 ATTITUDE 0.061492 0.904116 0.086826
7.843 1 DOWNLINK_STATUS 0 8 1711 87 1 372. 19. 38.
7.928 1 ATTITUDE 0.061364 0.903973 0.086886
7.965 1 NAVIGATION 0 2 -13.9 0.5 0. 192.8 0 0
8.028 1 ATTITUDE 0.061244 0.90392 0.086865
8.128 1 ATTITUDE 0.061305 0.903778 0.086829
8.215 1 NAVIGATION 0 2 -13.9 0.5 0. 192.8 0 0
8.230 1 ATTITUDE 0.061446 0.903753 0.086846
8.339 1 ATTITUDE 0.061424 0.903729 0.086829
8.344 1 GPS 0 33240212 593390144 0 669754 0 0 1789 427982500 12 7
8.347 1 SVINFO 7 8 12 1 0 80 301
8.429 1 ATTITUDE 0.062125 0.9038 0.086732
8.465 1 NAVIGATION 0 2 -13.9 0.5 0. 192.8 0 0
8.529 1 ATTITUDE 0.062363 0.903806 0.08671
8.632 1 ATTITUDE 0.061964 0.90362 0.086783
8.634 1 ESTIMATOR 669.754028 0.
8.715 1 NAVIGATION 0 2 -13.9 0.5 0. 192.8 0 0
8.730 1 ATTITUDE 0.061779 0.903483 0.086834
8.829 1 ATTITUDE 0.061982 0.903579 0.086761
8.843 1 DOWNLINK_STATUS 0 9 2056 104 1 345. 17. 38.
8.929 1 ATTITUDE 0.062292 0.903663 0.086747
8.965 1 NAVIGATION 0 2 -13.9 0.5 0. 192.8 0 0
9.029 1 ATTITUDE 0.062597 0.90368 0.086713
9.129 1 ATTITUDE 0.062688 0.903795 0.086684
9.216 1 FBW_STATUS 2 0 1 68 0
9.221 1 NAVIGATION 0 2 -13.9 0.5 0. 192.8 0 0
9.233 1 ATTITUDE 0.062758 0.903706 0.086739
9.339 1 ATTITUDE 0.062872 0.90376 0.086724
9.345 1 GPS 0 33240212 593390144 0 669754 0 0 1789 427983500 12 8
9.346 1 SVINFO 8 9 12 1 0 69 291
9.428 1 ATTITUDE 0.062859 0.90371 0.086771
9.465 1 NAVIGATION 0 2 -13.9 0.5 0. 192.8 0 0
9.528 1 ATTITUDE 0.062888 0.903731 0.086766
9.628 1 ATTITUDE 0.062954 0.903686 0.086698
9.715 1 NAVIGATION 0 2 -13.9 0.5 0. 192.8 0 0
9.730 1 ATTITUDE 0.063114 0.903615 0.086667
9.831 1 ATTITUDE 0.063151 0.9035 0.086646
9.834 1 ESTIMATOR 669.754028 0.
9.844 1 DOWNLINK_STATUS 0 10 2416 122 1 360. 18. 38.
9.928 1 ATTITUDE 0.063208 0.903358 0.086691
9.964 1 NAVIGATION 0 2 -13.9 0.5 0. 192.8 0 0
10.028 1 ATTITUDE 0.0633 0.903262 0.086744
10.128 1 ATTITUDE 0.063383 0.903185 0.086694
10.215 1 NAVIGATION 0 2 -13.9 0.5 0. 192.8 0 0
10.230 1 ATTITUDE 0.063483 0.903199 0.086734
10.338 1 ATTITUDE 0.063622 0.903157 0.086698
10.344 1 GPS 0 33240212 593390144 0 669754 0 0 1789 427984500 12 9
10.346 1 SVINFO 9 10 16 1 0 -91 0
10.378 1 PONG 
10.428 1 ATTITUDE 0.063695 0.903216 0.086646
10.464 1 NAVIGATION 0 2 -13.9 0.5 0. 192.8 0 0
10.528 1 ATTITUDE 0.063717 0.903105 0.086648
10.628 1 ATTITUDE 0.063818 0.903011 0.086625
10.715 1 NAVIGATION 0 2 -13.9 0.5 0. 192.8 0 0
10.730 1 ATTITUDE 0.063911 0.903053 0.086549
10.828 1 ATTITUDE 0.064024 0.90309 0.086602
10.844 1 DOWNLINK_STATUS 0 11 2753 139 1 337. 17. 38.01
10.929 1 ATTITUDE 0.064151 0.903063 0.086628
10.965 1 NAVIGATION 0 2 -13.9 0.5 0. 192.8 0 0
11.032 1 ATTITUDE 0.064227 0.903088 0.086632
11.034 1 ESTIMATOR 669.754028 0.
11.128 1 ATTITUDE 0.064232 0.90297 0.086632
11.216 1 FBW_STATUS 2 0 1 68 0
11.221 1 NAVIGATION 0 2 -13.9 0.5 0. 192.8 0 0
11.233 1 ATTITUDE 0.064304 0.902902 0.086624
11.312 1 COMMANDS 0,-1292,-588,0,0,0
11.339 1 ATTITUDE 0.064323 0.902772 0.086587
11.345 1 GPS 0 33240212 593390144 0 669754 0 0 1789 427985500 12 10
11.347 1 SVINFO 10 11 4 1 0 14 120
11.411 1 ACTUATORS 1250,1545,1503,1529,1350
11.429 1 ATTITUDE 0.064469 0.902707 0.086593
11.465 1 NAVIGATION 0 2 -13.9 0.5 0. 192.8 0 0
11.528 1 ATTITUDE 0.064491 0.902512 0.086628
11.628 1 ATTITUDE 0.064518 0.902464 0.086632
11.715 1 NAVIGATION 0 2 -13.9 0.5 0. 192.8 0 0
11.733 1 ATTITUDE 0.064544 0.902304 0.086611
11.737 1 BAT 0 68 0 0 1 10 0 0
11.828 1 ATTITUDE 0.064636 0.902339 0.086602
11.845 1 DOWNLINK_STATUS 0 12 3170 160 1 417. 21. 38.01
11.933 1 ATTITUDE 0.064781 0.902295 0.086601
11.937 1 ALIVE 205,211,1,191,78,87,94,154,156,92,43,53,71,129,7,72
11.964 1 NAVIGATION 0 2 -13.9 0.5 0. 192.8 0 0
12.028 1 ATTITUDE 0.064818 0.902276 0.086588
12.128 1 ATTITUDE 0.064897 0.902309 0.086544
12.214 1 NAVIGATION 0 2 -13.9 0.5 0. 192.8 0 0
12.233 1 ATTITUDE 0.065068 0.902294 0.086519
12.236 1 ESTIMATOR 669.754028 0.
12.238 1 DOWNLINK 0 365 209
12.338 1 ATTITUDE 0.065038 0.902199 0.086472
12.344 1 GPS 0 33240212 593390144 0 669754 0 0 1789 427986500 12 11
12.346 1 SVINFO 11 12 4 1 0 -62 244
12.432 1 ATTITUDE 0.065069 0.902196 0.086497
12.435 1 GPS_SOL 126315616 100000 9999 0
12.464 1 NAVIGATION 0 2 -13.9 0.5 0. 192.8 0 0
12.528 1 ATTITUDE 0.065071 0.902268 0.086559
12.628 1 ATTITUDE 0.065101 0.902197 0.086593
12.714 1 NAVIGATION 0 2 -13.9 0.5 0. 192.8 0 0
12.730 1 ATTITUDE 0.065205 0.90223 0.086627
12.828 1 ATTITUDE 0.065278 0.902104 0.086586
12.845 1 DOWNLINK_STATUS 0 13 3566 180 1 396. 20. 38.01
12.928 1 ATTITUDE 0.065312 0.901616 0.086579
12.964 1 NAVIGATION 0 2 -13.9 0.5 0. 192.8 0 0
13.028 1 ATTITUDE 0.06539 0.901633 0.086564
13.128 1 ATTITUDE 0.065383 0.901566 0.086566
13.216 1 FBW_STATUS 2 0 1 68 0
13.220 1 NAVIGATION 0 2 -13.9 0.5 0. 192.8 0 0
13.233 1 ATTITUDE 0.065439 0.901657 0.086526
13.338 1 ATTITUDE 0.065519 0.901666 0.086546
13.344 1 GPS 0 33240212 593390144 0 669754 0 0 1789 427987500 12 12
13.347 1 SVINFO 12 13 12 1 0 15 163
13.431 1 ATTITUDE 0.065562 0.901625 0.086521
13.434 1 ESTIMATOR 669.754028 0.
13.465 1 NAVIGATION 0 2 -13.9 0.5 0. 192.8 0 0
13.531 1 ATTITUDE 0.065602 0.901657 0.086515
13.533 1 PPRZ_MODE 2 0 0 0 0 6
13.628 1 ATTITUDE 0.065652 0.901593 0.086555
13.716 1 NAVIGATION 0 2 -13.9 0.5 0. 192.8 0 0
13.730 1 ATTITUDE 0.065651 0.90157 0.086535
13.829 1 ATTITUDE 0.065698 0.901515 0.086516
13.846 1 DOWNLINK_STATUS 0 14 3938 199 1 372. 19. 38.01
13.929 1 ATTITUDE 0.065741 0.901444 0.086497
13.965 1 NAVIGATION 0 2 -13.9 0.5 0. 192.8 0 0
14.028 1 ATTITUDE 0.065816 0.901432 0.086459
14.128 1 ATTITUDE 0.065816 0.901346 0.086417
14.215 1 NAVIGATION 0 2 -13.9 0.5 0. 192.8 0 0
14.230 1 ATTITUDE 0.065828 0.901393 0.086435
14.338 1 ATTITUDE 0.06586 0.901498 0.086443
14.343 1 GPS 0 33240212 593390144 0 669754 0 0 1789 427988500 12 13
14.346 1 SVINFO 13 15 4 1 0 3 326
14.428 1 ATTITUDE 0.065904 0.901638 0.086431
14.464 1 NAVIGATION 0 2 -13.9 0.5 0. 192.8 0 0
14.528 1 ATTITUDE 0.065967 0.901677 0.086441
14.631 1 ATTITUDE 0.066052 0.901634 0.086432
14.633 1 ESTIMATOR 669.754028 0.
14.714 1 NAVIGATION 0 2 -13.9 0.5 0. 192.8 0 0
14.729 1 ATTITUDE 0.066076 0.901765 0.086425
14.828 1 ATTITUDE 0.066064 0.901903 0.086408
14.847 1 DOWNLINK_STATUS 0 15 4283 216 1 345. 17. 38.01
14.928 1 ATTITUDE 0.066088 0.901862 0.08643
14.964 1 NAVIGATION 0 2 -13.9 0.5 0. 192.8 0 0
15.028 1 ATTITUDE 0.066142 0.901844 0.086437
15.128 1 ATTITUDE 0.066159 0.901884 0.086475
15.216 1 FBW_STATUS 2 0 1 68 0
15.220 1 NAVIGATION 0 2 -13.9 0.5 0. 192.8 0 0
15.233 1 ATTITUDE 0.066167 0.901758 0.086496
15.338 1 ATTITUDE 0.066199 0.901789 0.08652
15.344 1 GPS 0 33240212 593390144 0 669754 0 0 1789 427989500 12 14
15.346 1 SVINFO 14 19 12 1 0 43 74
15.353 1 PPRZ_MODE 0 0 0 0 0 17
15.387 1 PONG 
15.396 1 WIND_INFO 1 42 0. 0. 0.
15.438 1 ATTITUDE 0.066276 0.901989 0.086548
15.464 1 NAVIGATION 0 2 -13.9 0.5 0. 192.8 0 0
15.528 1 ATTITUDE 0.066286 0.901936 0.08653
15.628 1 ATTITUDE 0.066328 0.90184 0.086547
15.715 1 NAVIGATION 0 2 -13.9 0.5 0. 192.8 0 0
15.730 1 ATTITUDE 0.06635 0.901794 0.086578
15.831 1 ATTITUDE 0.066383 0.901872 0.086577
15.834 1 ESTIMATOR 669.754028 0.
15.847 1 DOWNLINK_STATUS 0 16 4661 236 1 378. 20. 46.04
15.928 1 ATTITUDE 0.066431 0.901899 0.086576
15.964 1 NAVIGATION 0 2 -13.9 0.5 0. 192.8 0 0
16.028 1 ATTITUDE 0.066478 0.901923 0.086586
16.128 1 ATTITUDE 0.066508 0.901906 0.086543
16.215 1 NAVIGATION 0 2 -13.9 0.5 0. 192.8 0 0
16.230 1 ATTITUDE 0.066588 0.901883 0.086548
16.312 1 COMMANDS 768,-2268,1232,-2268,-462,0
16.338 1 ATTITUDE 0.066657 0.901778 0.086569
16.344 1 GPS 0 33240212 593390144 0 669754 0 0 1789 427990500 12 15
16.347 1 SVINFO 15 28 12 1 0 47 235
16.410 1 ACTUATORS 1266,1633,1468,1491,1402
16.427 1 ATTITUDE 0.066737 0.901714 0.086524
16.464 1 NAVIGATION 0 2 -13.9 0.5 0. 192.8 0 0
16.527 1 ATTITUDE 0.066731 0.901773 0.086522
16.627 1 ATTITUDE 0.066747 0.901736 0.086499
16.714 1 NAVIGATION 0 2 -13.9 0.5 0. 192.8 0 0
16.729 1 ATTITUDE 0.066767 0.901735 0.086516
16.828 1 ATTITUDE 0.06679 0.901742 0.086558
16.848 1 DOWNLINK_STATUS 0 17 5028 254 1 367. 18. 46.04
16.928 1 ATTITUDE 0.066812 0.901726 0.086592
16.964 1 NAVIGATION 0 2 -13.9 0.5 0. 192.8 0 0
17.031 1 ATTITUDE 0.066834 0.901781 0.086619
17.033 1 ESTIMATOR 669.754028 0.
17.128 1 ATTITUDE 0.06685 0.901753 0.086637
17.215 1 FBW_STATUS 0 91 0 68 0
17.220 1 NAVIGATION 0 2 -13.9 0.5 0. 192.8 0 0
17.232 1 ATTITUDE 0.066863 0.901806 0.086671
17.338 1 ATTITUDE 0.066834 0.901858 0.086702
17.344 1 GPS 0 33240212 593390144 0 669754 0 0 1789 427991500 12 16
17.346 1 SVINFO 0 1 16 1 0 -91 0
17.428 1 ATTITUDE 0.066808 0.901891 0.086691
17.464 1 NAVIGATION 0 2 -13.9 0.5 0. 192.8 0 0
17.528 1 ATTITUDE 0.066858 0.901873 0.086718
17.628 1 ATTITUDE 0.066836 0.90184 0.086743
17.714 1 NAVIGATION 0 2 -13.9 0.5 0. 192.8 0 0
17.729 1 ATTITUDE 0.066872 0.901784 0.086737
17.828 1 ATTITUDE 0.066906 0.901831 0.086717
17.848 1 DOWNLINK_STATUS 0 18 5388 272 1 360. 18. 46.04
17.928 1 ATTITUDE 0.066912 0.901758 0.0867
17.964 1 NAVIGATION 0 2 -13.9 0.5 0. 192.8 0 0
18.028 1 ATTITUDE 0.06697 0.901734 0.086705
18.128 1 ATTITUDE 0.066996 0.901907 0.08669
18.214 1 NAVIGATION 0 2 -13.9 0.5 0. 192.8 0 0
18.231 1 ATTITUDE 0.06699 0.901854 0.086684
18.234 1 ESTIMATOR 669.754028 0.
18.338 1 ATTITUDE 0.067005 0.90188 0.086661
18.344 1 GPS 0 33240212 593390144 0 669754 0 0 1789 427992500 12 1
18.346 1 SVINFO 1 2 16 1 0 -91 0
18.428 1 ATTITUDE 0.067048 0.901984 0.086694
18.464 1 NAVIGATION 0 2 -13.9 0.5 0. 192.8 0 0
18.528 1 ATTITUDE 0.067045 0.902099 0.086682
18.627 1 ATTITUDE 0.067094 0.902278 0.086716
18.715 1 NAVIGATION 0 2 -13.9 0.5 0. 192.8 0 0
18.730 1 ATTITUDE 0.067082 0.902327 0.086723
18.827 1 ATTITUDE 0.067071 0.902366 0.086751
18.849 1 DOWNLINK_STATUS 0 19 5733 289 1 345. 17. 46.04
18.927 1 ATTITUDE 0.067096 0.902419 0.086764
18.964 1 NAVIGATION 0 2 -13.9 0.5 0. 192.8 0 0
19.027 1 ATTITUDE 0.067119 0.90243 0.086789
19.127 1 ATTITUDE 0.067072 0.902346 0.086797
19.215 1 FBW_STATUS 0 91 0 68 0
19.219 1 NAVIGATION 0 2 -13.9 0.5 0. 192.8 0 0
19.232 1 ATTITUDE 0.067065 0.902486 0.086859
19.338 1 ATTITUDE 0.067096 0.902482 0.086877
19.343 1 GPS 0 33240212 593390144 0 669754 0 0 1789 427993500 12 2
19.346 1 SVINFO 2 3 12 1 0 35 57
19.430 1 ATTITUDE 0.067144 0.902479 0.086927
19.433 1 ESTIMATOR 669.754028 0.
19.464 1 NAVIGATION 0 2 -13.9 0.5 0. 192.8 0 0
19.530 1 ATTITUDE 0.067176 0.902469 0.086934
19.532 1 PPRZ_MODE 0 0 0 0 0 17
19.628 1 ATTITUDE 0.067209 0.902425 0.086946
19.714 1 NAVIGATION 0 2 -13.9 0.5 0. 192.8 0 0
19.729 1 ATTITUDE 0.067221 0.902432 0.08696
19.828 1 ATTITUDE 0.067242 0.902466 0.08693
19.849 1 DOWNLINK_STATUS 0 20 6105 308 1 372. 19. 46.04
19.928 1 ATTITUDE 0.06725 0.902428 0.086905
19.964 1 NAVIGATION 0 2 -13.9 0.5 0. 192.8 0 0
20.028 1 ATTITUDE 0.067254 0.902547 0.086917
20.128 1 ATTITUDE 0.06726 0.902539 0.086903
20.214 1 NAVIGATION 0 2 -13.9 0.5 0. 192.8 0 0
20.229 1 ATTITUDE 0.067218 0.902566 0.086927
20.338 1 ATTITUDE 0.06725 0.902716 0.086939
20.344 1 GPS 0 33240212 593390144 0 669754 0 0 1789 427994500 12 3
20.346 1 SVINFO 3 4 16 1 0 -91 0
20.380 1 PONG 
20.428 1 ATTITUDE 0.067272 0.90269 0.086977
20.464 1 NAVIGATION 0 2 -13.9 0.5 0. 192.8 0 0
20.528 1 ATTITUDE 0.067304 0.902662 0.08699
20.631 1 ATTITUDE 0.06735 0.902766 0.086982
20.633 1 ESTIMATOR 669.754028 0.
20.714 1 NAVIGATION 0 2 -13.9 0.5 0. 192.8 0 0
20.728 1 ATTITUDE 0.067343 0.902787 0.086989
20.828 1 ATTITUDE 0.067368 0.902973 0.087006
20.850 1 DOWNLINK_STATUS 0 21 6456 326 1 351. 18. 38.02
20.927 1 ATTITUDE 0.067374 0.902976 0.086962
20.964 1 NAVIGATION 0 2 -13.9 0.5 0. 192.8 0 0
21.027 1 ATTITUDE 0.067379 0.902956 0.087009
21.127 1 ATTITUDE 0.067299 0.903049 0.087057
21.218 1 NAVIGATION 0 2 -13.9 0.5 0. 192.8 0 0
21.219 1 FBW_STATUS 0 91 0 68 0
21.233 1 ATTITUDE 0.067313 0.903083 0.087087
21.311 1 COMMANDS 768,-2268,1232,-2268,-462,0
21.337 1 ATTITUDE 0.067296 0.903256 0.087087
21.343 1 GPS 0 33240212 593390144 0 669754 0 0 1789 427995500 12 4
21.345 1 SVINFO 4 5 16 1 0 -91 0
21.410 1 ACTUATORS 1266,1633,1468,1491,1402
21.427 1 ATTITUDE 0.06733 0.903416 0.08709
21.463 1 NAVIGATION 0 2 -13.9 0.5 0. 192.8 0 0
21.527 1 ATTITUDE 0.067367 0.903486 0.087111
21.627 1 ATTITUDE 0.06736 0.903396 0.087128
21.714 1 NAVIGATION 0 2 -13.9 0.5 0. 192.8 0 0
21.729 1 ATTITUDE 0.067374 0.903339 0.087141
21.835 1 ATTITUDE 0.0674 0.903223 0.087134
21.837 1 ESTIMATOR 669.754028 0.
21.841 1 BAT 768 68 0 0 1 20 0 0
21.851 1 DOWNLINK_STATUS 0 22 6873 347 1 417. 21. 38.02
21.927 1 ATTITUDE 0.067418 0.903246 0.087119
21.964 1 NAVIGATION 0 2 -13.9 0.5 0. 192.8 0 0
22.027 1 ATTITUDE 0.067415 0.903272 0.087113
22.132 1 ATTITUDE 0.06741 0.903189 0.087155
22.136 1 ALIVE 205,211,1,191,78,87,94,154,156,92,43,53,71,129,7,72
22.214 1 NAVIGATION 0 2 -13.9 0.5 0. 192.8 0 0
22.229 1 ATTITUDE 0.067393 0.903209 0.087149
22.338 1 ATTITUDE 0.067416 0.903192 0.087199
22.343 1 GPS 0 33240212 593390144 0 669754 0 0 1789 427996500 12 5
22.346 1 SVINFO 5 6 16 1 0 -91 0
22.428 1 ATTITUDE 0.067393 0.903182 0.087171
22.464 1 NAVIGATION 0 2 -13.9 0.5 0. 192.8 0 0
22.528 1 ATTITUDE 0.067382 0.903222 0.087176
22.630 1 ATTITUDE 0.067386 0.903281 0.087164
22.632 1 DOWNLINK 0 368 402
22.714 1 NAVIGATION 0 2 -13.9 0.5 0. 192.8 0 0
22.729 1 ATTITUDE 0.0674 0.903323 0.087164
22.828 1 ATTITUDE 0.0674 0.903436 0.087173
22.851 1 DOWNLINK_STATUS 0 23 7238 365 1 365. 18. 38.02
22.931 1 ATTITUDE 0.067351 0.903437 0.087143
22.934 1 GPS_SOL 126356128 100000 9999 0
22.964 1 NAVIGATION 0 2 -13.9 0.5 0. 192.8 0 0
23.031 1 ATTITUDE 0.067314 0.903407 0.087128
23.033 1 ESTIMATOR 669.754028 0.
23.128 1 ATTITUDE 0.067241 0.903328 0.087133
23.215 1 FBW_STATUS 0 90 0 68 0
23.220 1 NAVIGATION 0 2 -13.9 0.5 0. 192.8 0 0
23.232 1 ATTITUDE 0.067277 0.903374 0.0871
23.338 1 ATTITUDE 0.067215 0.903337 0.087122
23.344 1 GPS 0 33240212 593390144 0 669754 0 0 1789 427997500 12 6
23.345 1 SVINFO 6 8 12 1 0 80 301
23.427 1 ATTITUDE 0.067238 0.903489 0.087089
23.464 1 NAVIGATION 0 2 -13.9 0.5 0. 192.8 0 0
23.527 1 ATTITUDE 0.067415 0.903516 0.08706
23.627 1 ATTITUDE 0.067437 0.903488 0.087061
23.713 1 NAVIGATION 0 2 -13.9 0.5 0. 192.8 0 0
23.730 1 ATTITUDE 0.067466 0.903549 0.087054
23.827 1 ATTITUDE 0.067252 0.903534 0.087094
23.852 1 DOWNLINK_STATUS 0 24 7615 384 1 377. 19. 38.02
23.927 1 ATTITUDE 0.067386 0.903523 0.087046
23.964 1 NAVIGATION 0 2 -13.9 0.5 0. 192.8 0 0
24.027 1 ATTITUDE 0.067742 0.903686 0.08704
24.127 1 ATTITUDE 0.067838 0.903725 0.087069
24.214 1 NAVIGATION 0 2 -13.9 0.5 0. 192.8 0 0
24.231 1 ATTITUDE 0.067367 0.903026 0.086972
24.233 1 ESTIMATOR 669.754028 0.
24.337 1 ATTITUDE 0.065942 0.902234 0.087318
24.343 1 GPS 0 33240212 593390144 0 669754 0 0 1789 427998500 12 7
24.345 1 SVINFO 7 9 12 2 20 69 291
24.427 1 ATTITUDE 0.066889 0.902633 0.087324
24.464 1 NAVIGATION 0 2 -13.9 0.5 0. 192.8 0 0
24.527 1 ATTITUDE 0.067426 0.903436 0.08714
24.627 1 ATTITUDE 0.067428 0.903563 0.087082
24.714 1 NAVIGATION 0 2 -13.9 0.5 0. 192.8 0 0
24.729 1 ATTITUDE 0.067433 0.903649 0.08712
24.827 1 ATTITUDE 0.067383 0.903679 0.087104
24.852 1 DOWNLINK_STATUS 0 25 7960 401 1 345. 17. 38.02
24.927 1 ATTITUDE 0.067372 0.90378 0.087064
24.964 1 NAVIGATION 0 2 -13.9 0.5 0. 192.8 0 0
25.028 1 ATTITUDE 0.067491 0.903858 0.087007
25.128 1 ATTITUDE 0.067299 0.903485 0.087
25.215 1 FBW_STATUS 0 90 0 68 0
25.220 1 NAVIGATION 0 2 -13.9 0.5 0. 192.8 0 0
25.232 1 ATTITUDE 0.067487 0.90412 0.087172
25.338 1 ATTITUDE 0.067204 0.903807 0.087195
25.344 1 GPS 0 33240212 593390144 0 669754 0 0 1789 427999500 12 8
25.346 1 SVINFO 8 10 16 1 0 -91 0
25.379 1 PONG 
25.396 1 WIND_INFO 1 42 0. 0. 0.
25.439 1 ATTITUDE 0.067238 0.903947 0.087191
25.441 1 ESTIMATOR 669.754028 0.
25.464 1 NAVIGATION 0 2 -13.9 0.5 0. 192.8 0 0
25.530 1 ATTITUDE 0.067552 0.904152 0.087136
25.532 1 PPRZ_MODE 0 0 0 0 0 17
25.627 1 ATTITUDE 0.067887 0.904246 0.087113
25.714 1 NAVIGATION 0 2 -13.9 0.5 0. 192.8 0 0
25.728 1 ATTITUDE 0.067815 0.904235 0.087112
25.828 1 ATTITUDE 0.067579 0.904106 0.087158
25.853 1 DOWNLINK_STATUS 0 26 8338 421 1 378. 20. 37.9
25.927 1 ATTITUDE 0.067415 0.903923 0.087176
25.963 1 NAVIGATION 0 2 -13.9 0.5 0. 192.8 0 0
26.029 1 ATTITUDE 0.067352 0.903919 0.087153
26.127 1 ATTITUDE 0.067493 0.903894 0.087095
26.213 1 NAVIGATION 0 2 -13.9 0.5 0. 192.8 0 0
26.229 1 ATTITUDE 0.067212 0.90383 0.087186
26.311 1 COMMANDS 768,-2268,1232,-2268,-490,0
26.337 1 ATTITUDE 0.06703 0.903842 0.087214
26.344 1 GPS 0 33240212 593390144 0 669754 0 0 1789 428000500 12 9
26.345 1 SVINFO 9 11 4 2 22 14 120
26.410 1 ACTUATORS 1267,1633,1468,1491,1402
26.427 1 ATTITUDE 0.067429 0.904016 0.087108
26.465 1 NAVIGATION 0 2 -13.9 0.5 0. 192.8 0 0
26.527 1 ATTITUDE 0.067354 0.904043 0.087199
26.630 1 ATTITUDE 0.067305 0.904039 0.087219
26.633 1 ESTIMATOR 669.754028 0.
26.714 1 NAVIGATION 0 2 -13.9 0.5 0. 192.8 0 0
26.729 1 ATTITUDE 0.06726 0.903964 0.087224
26.827 1 ATTITUDE 0.067331 0.904046 0.087254
26.854 1 DOWNLINK_STATUS 0 27 8719 440 1 381. 19. 37.9
26.928 1 ATTITUDE 0.06743 0.90409 0.087228
26.964 1 NAVIGATION 0 2 -13.9 0.5 0. 192.8 0 0
27.028 1 ATTITUDE 0.067476 0.904116 0.087202
27.128 1 ATTITUDE 0.067506 0.904208 0.087221
27.215 1 FBW_STATUS 0 91 0 68 0
27.220 1 NAVIGATION 0 2 -13.9 0.5 0. 192.8 0 0
27.232 1 ATTITUDE 0.067503 0.904179 0.087219
27.338 1 ATTITUDE 0.067496 0.904222 0.087231
27.343 1 GPS 0 33240212 593390144 0 669754 0 0 1789 428001500 12 10
27.346 1 SVINFO 10 12 4 1 0 -62 244
27.428 1 ATTITUDE 0.067502 0.904205 0.087302
27.464 1 NAVIGATION 0 2 -13.9 0.5 0. 192.8 0 0
27.527 1 ATTITUDE 0.067477 0.904127 0.087318
27.627 1 ATTITUDE 0.067418 0.904099 0.087296
27.713 1 NAVIGATION 0 2 -13.9 0.5 0. 192.8 0 0
27.728 1 ATTITUDE 0.067394 0.904032 0.087303
27.830 1 ATTITUDE 0.067339 0.903971 0.087324
27.832 1 ESTIMATOR 669.754028 0.
27.854 1 DOWNLINK_STATUS 0 28 9079 458 1 360. 18. 37.9
28.855 1 DOWNLINK_STATUS 0 29 9079 458 1 0. 0. 37.9
28.964 1 NAVIGATION 0 2 -13.9 0.5 0. 192.8 0 0
29.343 1 GPS 0 33240212 593390144 0 669754 0 0 1789 428003500 12 12
29.345 1 SVINFO 12 14 4 1 0 -68 25
29.627 1 ATTITUDE 0.067059 0.90351 0.087416
29.855 1 DOWNLINK_STATUS 0 30 9079 458 1 0. 0. 37.9
29.911 1 DOWNLINK_STATUS 0 2 91 4 9 91. 4. 0.
