11.528 1 IMU_ACCEL -1.436523 -9.737305 0.171875
11.531 1 ATTITUDE 0.070079 0.980855 0.110695
11.537 1 GPS 0 16602147 0 0 -17000 0 0 0 17000 31 4
11.539 1 SVINFO 4 8 16 1 0 -91 0
11.543 1 IMU_GYRO -0.049805 0.007324 -0.008301
11.547 1 NAVIGATION 0 2 -194263.5 -4813595. 0. 2.32084345979e+13 0 0
11.550 1 ATTITUDE 0.070111 0.980867 0.110626
11.557 1 DESIRED 0. 0.01 0. 0. 0. 235. 0. 20.
11.559 1 ESTIMATOR -17. 0.
11.562 1 GPS_SOL 649525824 100000 9999 0
11.565 1 IMU_MAG -2.751953 -2.435059 -4.583496
11.760 1 ATTITUDE 0.070113 0.980867 0.110628
11.764 1 WP_MOVED 11 360170.5 4813757.5 260. 31
11.767 1 BAT 0 68 0 0 1 17 0 0
11.772 1 DOWNLINK_STATUS 0 12 8727 392 0 821. 37. -2211.51
11.773 1 GPS 0 16602147 0 0 -17000 0 0 0 17250 31 5
11.776 1 SVINFO 5 10 16 1 0 -91 0
11.781 1 NAVIGATION 0 2 -194263.5 -4813595. 0. 2.32084345979e+13 0 0
11.784 1 ATTITUDE 0.070074 0.980883 0.110653
11.791 1 DESIRED 0. 0.01 0. 0. 0. 235. 0. 20.
11.979 1 ATTITUDE 0.070243 0.980938 0.110656
11.983 1 NAVIGATION 0 2 -194263.5 -4813595. 0. 2.32084345979e+13 0 0
11.985 1 ATTITUDE 0.070239 0.980948 0.11068
11.993 1 DESIRED 0. 0.01 0. 0. 0. 235. 0. 20.
11.999 1 GPS 0 16602147 0 0 -17000 0 0 0 17500 31 6
12.000 1 SVINFO 6 12 16 1 0 -91 0
12.002 1 DL_VALUE 0 0.
12.004 1 DOWNLINK 2 851 670
12.253 1 NAVIGATION 0 2 -194263.5 -4813595. 0. 2.32084345979e+13 0 0
12.257 1 ATTITUDE 0.070151 0.980851 0.110658
12.259 1 ESTIMATOR -17. 0.
12.262 1 ATTITUDE 0.070134 0.980887 0.110702
12.270 1 DESIRED 0. 0.01 0. 0. 0. 235. 0. 20.
12.272 1 WP_MOVED 0 360327. 4813637. 260. 31
12.278 1 GPS 0 16602147 0 0 -17000 0 0 0 17750 31 7
12.280 1 SVINFO 7 13 16 1 0 -91 0
12.283 1 FBW_STATUS 2 0 1 68 0
12.288 1 NAVIGATION 0 2 -194263.5 -4813595. 0. 2.32084345979e+13 0 0
12.291 1 ATTITUDE 0.070185 0.980963 0.11067
12.380 1 ATTITUDE 0.070152 0.980911 0.110692
12.386 1 DESIRED 0. 0.01 0. 0. 0. 235. 0. 20.
12.668 1 ATTITUDE 0.070121 0.98086 0.110697
12.674 1 GPS 0 16602147 0 0 -17000 0 0 0 18000 31 8
12.676 1 SVINFO 8 15 16 1 0 -91 0
12.678 1 CALIBRATION 0. 0
12.682 1 NAVIGATION 0 2 -194263.5 -4813595. 0. 2.32084345979e+13 0 0
12.686 1 ATTITUDE 0.070096 0.98087 0.11069
12.692 1 DESIRED 0. 0.01 0. 0. 0. 235. 0. 20.
12.695 1 ESTIMATOR -17. 0.
12.698 1 ATTITUDE 0.070076 0.980821 0.110749
12.701 1 WP_MOVED 1 360285. 4813595. 260. 31
12.707 1 GPS 0 16602147 0 0 -17000 0 0 0 18250 31 9
12.773 1 DOWNLINK_STATUS 0 13 9564 429 0 837. 37. -2211.51
12.952 1 SVINFO 9 16 16 1 0 -91 0
12.957 1 NAVIGATION 0 2 -194263.5 -4813595. 0. 2.32084345979e+13 0 0
12.960 1 ATTITUDE 0.070108 0.980832 0.110754
12.967 1 DESIRED 0. 0.01 0. 0. 0. 235. 0. 20.
12.970 1 BAT 0 68 0 0 1 18 0 0
12.973 1 ATTITUDE 0.070085 0.980839 0.110733
12.978 1 NAVIGATION 0 2 -194263.5 -4813595. 0. 2.32084345979e+13 0 0
12.981 1 ATTITUDE 0.070112 0.980777 0.110699
12.988 1 DESIRED 0. 0.01 0. 0. 0. 235. 0. 20.
12.993 1 GPS 0 16602147 0 0 -17000 0 0 0 18500 31 10
12.996 1 SVINFO 10 17 16 1 0 -91 0
13.215 1 PONG 
13.220 1 NAVIGATION 0 2 -194263.5 -4813595. 0. 2.32084345979e+13 0 0
13.223 1 ATTITUDE 0.071186 0.981166 0.110224
13.225 1 ESTIMATOR -17. 0.
13.228 1 ATTITUDE 0.069431 0.979374 0.110763
13.235 1 DESIRED 0. 0.01 0. 0. 0. 235. 0. 20.
13.239 1 WP_MOVED 2 360334.5 4813695. 260. 31
13.244 1 GPS 0 16602147 0 0 -17000 0 0 0 18750 31 11
13.247 1 SVINFO 11 18 16 1 0 -91 0
13.251 1 NAVIGATION 0 2 -194263.5 -4813595. 0. 2.32084345979e+13 0 0
13.254 1 ATTITUDE 0.068941 0.979061 0.111017
13.506 1 ATTITUDE 0.069577 0.979342 0.110922
13.513 1 DESIRED 0. 0.01 0. 0. 0. 235. 0. 20.
13.516 1 ATTITUDE 0.069714 0.979456 0.11066
13.522 1 GPS 0 16602147 0 0 -17000 0 0 0 19000 31 12
13.524 1 SVINFO 12 19 16 1 0 -91 0
13.526 1 DL_VALUE 1 0.
13.528 1 STATE_FILTER_STATUS 3 0
13.531 1 ENERGY 6.8 0. 0 0.
13.536 1 NAVIGATION 0 2 -194263.5 -4813595. 0. 2.32084345979e+13 0 0
13.539 1 ATTITUDE 0.06991 0.979845 0.110723
13.545 1 DESIRED 0. 0.01 0. 0. 0. 235. 0. 20.
13.774 1 DOWNLINK_STATUS 0 14 10302 462 0 738. 33. 2948.15
13.786 1 ESTIMATOR -17. 0.
13.788 1 GPS_SOL 649527488 100000 9999 0
13.792 1 ATTITUDE 0.070389 0.980325 0.110615
13.795 1 WP_MOVED 3 360295.09375 4813785. 260. 31
13.801 1 GPS 0 16602147 0 0 -17000 0 0 0 19250 31 13
13.803 1 SVINFO 13 20 16 1 0 -91 0
13.808 1 NAVIGATION 0 2 -194263.5 -4813595. 0. 2.32084345979e+13 0 0
13.811 1 ATTITUDE 0.070572 0.980544 0.110659
13.818 1 DESIRED 0. 0.01 0. 0. 0. 235. 0. 20.
13.820 1 ATTITUDE 0.070637 0.980536 0.110689
13.825 1 NAVIGATION 0 2 -194263.5 -4813595. 0. 2.32084345979e+13 0 0
13.828 1 BAT 0 68 0 0 1 19 0 0
14.010 1 ATTITUDE 0.070623 0.980546 0.110665
14.016 1 DESIRED 0. 0.01 0. 0. 0. 235. 0. 20.
14.022 1 GPS 0 16602147 0 0 -17000 0 0 0 19500 31 14
14.023 1 SVINFO 14 21 16 1 0 -91 0
14.029 1 NAVIGATION 0 2 -194263.5 -4813595. 0. 2.32084345979e+13 0 0
14.031 1 ATTITUDE 0.070667 0.980596 0.110659
14.034 1 ESTIMATOR -17. 0.
14.036 1 PPRZ_MODE 2 0 0 0 0 6
14.236 1 ATTITUDE 0.070739 0.980613 0.11071
14.243 1 DESIRED 0. 0.01 0. 0. 0. 235. 0. 20.
14.246 1 WP_MOVED 4 360417.3125 4813734. 260. 31
14.252 1 GPS 0 16602147 0 0 -17000 0 0 0 19750 31 15
14.254 1 SVINFO 15 22 16 1 0 -91 0
14.257 1 FBW_STATUS 2 0 1 68 0
14.262 1 NAVIGATION 0 2 -194263.5 -4813595. 0. 2.32084345979e+13 0 0
14.265 1 ATTITUDE 0.070723 0.980637 0.110694
14.523 1 COMMANDS 0,-2121,-1915,0,0
14.527 1 ATTITUDE 0.07069 0.980701 0.110695
14.534 1 DESIRED 0. 0.01 0. 0. 0. 235. 0. 20.
14.536 1 ACTUATORS 1200,1438,1390,1390,1350
14.539 1 ATTITUDE 0.070594 0.980637 0.110687
14.545 1 GPS 0 16602147 0 0 -17000 0 0 0 20000 31 16
14.547 1 SVINFO 0 4 16 1 0 -91 0
14.552 1 NAVIGATION 0 2 -194263.5 -4813595. 0. 2.32084345979e+13 0 0
14.555 1 ATTITUDE 0.070486 0.980557 0.110685
14.562 1 DESIRED 0. 0.01 0. 0. 0. 235. 0. 20.
14.564 1 ESTIMATOR -17. 0.
14.677 1 CALIBRATION 0. 0
14.680 1 ATTITUDE 0.070529 0.980641 0.110658
14.684 1 WP_MOVED 5 360422. 4813583.5 260. 31
14.690 1 GPS 0 16602147 0 0 -17000 0 0 0 20250 31 1
14.692 1 SVINFO 1 6 16 1 0 -91 0
14.775 1 DOWNLINK_STATUS 0 15 11267 506 0 965. 44. 2948.15
14.968 1 NAVIGATION 0 2 -194263.5 -4813595. 0. 2.32084345979e+13 0 0
14.971 1 ATTITUDE 0.070548 0.980664 0.110612
14.978 1 DESIRED 0. 0.01 0. 0. 0. 235. 0. 20.
14.981 1 NAVIGATION_REF 360285 4813595 31
14.984 1 ATTITUDE 0.070569 0.980715 0.110575
14.988 1 NAVIGATION 0 2 -194263.5 -4813595. 0. 2.32084345979e+13 0 0
14.991 1 ATTITUDE 0.070549 0.980745 0.110595
14.998 1 DESIRED 0. 0.01 0. 0. 0. 235. 0. 20.
15.004 1 GPS 0 16602147 0 0 -17000 0 0 0 20500 31 2
15.006 1 SVINFO 2 6 16 2 28 -91 0
15.235 1 BAT 0 68 0 0 1 20 0 0
15.239 1 NAVIGATION 0 2 -194263.5 -4813595. 0. 2.32084345979e+13 0 0
15.242 1 ATTITUDE 0.070462 0.980666 0.110587
15.245 1 ESTIMATOR -17. 0.
15.248 1 ATTITUDE 0.07053 0.980715 0.110533
15.254 1 DESIRED 0. 0.01 0. 0. 0. 235. 0. 20.
15.258 1 WP_MOVED 6 360165.8125 4813664.5 260. 31
15.264 1 GPS 0 16602147 0 0 -17000 0 0 0 20750 31 3
15.266 1 SVINFO 3 8 16 1 0 -91 0
15.271 1 NAVIGATION 0 2 -194263.5 -4813595. 0. 2.32084345979e+13 0 0
15.274 1 ATTITUDE 0.070613 0.980821 0.110483
15.465 1 ATTITUDE 0.070595 0.980775 0.110484
15.472 1 DESIRED 0. 0.01 0. 0. 0. 235. 0. 20.
15.475 1 ATTITUDE 0.070543 0.980709 0.11051
15.480 1 GPS 0 16602147 0 0 -17000 0 0 0 21000 31 4
15.483 1 SVINFO 4 9 16 1 0 -91 0
15.487 1 NAVIGATION 0 2 -194263.5 -4813595. 0. 2.32084345979e+13 0 0
15.491 1 ATTITUDE 0.070544 0.980668 0.110499
15.775 1 DOWNLINK_STATUS 0 16 11922 534 0 655. 28. -2051.89
16.101 1 DESIRED 0. 0.01 0. 0. 0. 235. 0. 20.
16.102 1 ESTIMATOR -17. 0.
16.105 1 GPS_SOL 649529344 100000 9999 0
16.108 1 ATTITUDE 0.070586 0.98072 0.110491
16.112 1 WP_MOVED 7 360559.40625 4813804.5 260. 31
16.113 1 STATE_FILTER_STATUS 3 0
16.119 1 GPS 0 16602147 0 0 -17000 0 0 0 21250 31 5
16.121 1 SVINFO 5 10 16 1 0 -91 0
16.126 1 NAVIGATION 0 2 -194263.5 -4813595. 0. 2.32084345979e+13 0 0
16.129 1 ATTITUDE 0.07064 0.980844 0.11047
16.136 1 DESIRED 0. 0.01 0. 0. 0. 235. 0. 20.
16.379 1 ATTITUDE 0.070586 0.98088 0.110503
16.383 1 NAVIGATION 0 2 -194263.5 -4813595. 0. 2.32084345979e+13 0 0
16.387 1 ATTITUDE 0.070461 0.980847 0.110464
16.393 1 DESIRED 0. 0.01 0. 0. 0. 235. 0. 20.
16.399 1 GPS 0 16602147 0 0 -17000 0 0 0 21500 31 6
16.401 1 SVINFO 6 11 16 1 0 -91 0
16.405 1 ENERGY 6.8 0. 0 0.
16.409 1 NAVIGATION 0 2 -194263.5 -4813595. 0. 2.32084345979e+13 0 0
16.413 1 ATTITUDE 0.070425 0.980854 0.110445
16.415 1 ESTIMATOR -17. 0.
16.419 1 BAT 0 68 0 0 1 21 0 0
16.626 1 ATTITUDE 0.070404 0.980854 0.110449
16.632 1 DESIRED 0. 0.01 0. 0. 0. 235. 0. 20.
16.636 1 WP_MOVED 8 360462.40625 4813640. 215. 31
16.640 1 ALIVE 127,143,36,92,227,135,101,193,8,38,3,159,15,71,29,142
16.645 1 GPS 0 16602147 0 0 -17000 0 0 0 21750 31 7
16.648 1 SVINFO 7 12 16 1 0 -91 0
16.650 1 FBW_STATUS 2 0 1 68 0
16.655 1 NAVIGATION 0 2 -194263.5 -4813595. 0. 2.32084345979e+13 0 0
16.658 1 ATTITUDE 0.070607 0.980957 0.110376
16.776 1 DOWNLINK_STATUS 0 17 12618 565 0 696. 31. -2051.89
16.913 1 ATTITUDE 0.070579 0.981022 0.110351
16.919 1 DESIRED 0. 0.01 0. 0. 0. 235. 0. 20.
16.922 1 IMU_ACCEL -1.416992 -9.694336 0.209961
16.926 1 ATTITUDE 0.070273 0.980774 0.110584
16.931 1 GPS 0 16602147 0 0 -17000 0 0 0 22000 31 8
16.934 1 SVINFO 8 15 16 1 0 -91 0
16.936 1 DL_VALUE 3 0.
16.939 1 IMU_GYRO -0.034912 -0.011475 -0.003174
16.943 1 NAVIGATION 0 2 -194263.5 -4813595. 0. 2.32084345979e+13 0 0
16.946 1 ATTITUDE 0.07083 0.980994 0.110333
16.953 1 DESIRED 0. 0.01 0. 0. 0. 235. 0. 20.
17.192 1 ESTIMATOR -17. 0.
17.195 1 IMU_MAG -2.753418 -2.435059 -4.583496
17.198 1 ATTITUDE 0.070626 0.981024 0.110427
17.201 1 WP_MOVED 9 360313.8125 4813652. 185. 31
17.203 1 CALIBRATION 0. 0
17.209 1 GPS 0 16602147 0 0 -17000 0 0 0 22250 31 9
17.212 1 SVINFO 9 16 16 1 0 -91 0
17.216 1 NAVIGATION 0 2 -194263.5 -4813595. 0. 2.32084345979e+13 0 0
17.219 1 ATTITUDE 0.070466 0.980905 0.110498
17.226 1 DESIRED 0. 0.01 0. 0. 0. 235. 0. 20.
17.229 1 ATTITUDE 0.070486 0.980842 0.110473
17.233 1 NAVIGATION 0 2 -194263.5 -4813595. 0. 2.32084345979e+13 0 0
17.379 1 ATTITUDE 0.070539 0.980817 0.110466
17.386 1 DESIRED 0. 0.01 0. 0. 0. 235. 0. 20.
17.392 1 GPS 0 16602147 0 0 -17000 0 0 0 22500 31 10
17.394 1 SVINFO 10 17 16 1 0 -91 0
17.398 1 NAVIGATION 0 2 -194263.5 -4813595. 0. 2.32084345979e+13 0 0
17.657 1 ATTITUDE 0.070622 0.980925 0.110472
17.659 1 ESTIMATOR -17. 0.
17.661 1 PPRZ_MODE 2 0 0 0 0 6
17.663 1 DOWNLINK 3 839 862
17.666 1 ATTITUDE 0.070593 0.980877 0.110482
17.673 1 DESIRED 0. 0.01 0. 0. 0. 235. 0. 20.
17.676 1 WP_MOVED 10 360453.8125 4813581. 260. 31
17.680 1 BAT 0 68 0 0 1 22 0 0
17.686 1 GPS 0 16602147 0 0 -17000 0 0 0 22750 31 11
17.688 1 SVINFO 11 18 16 1 0 -91 0
17.693 1 NAVIGATION 0 2 -194263.5 -4813595. 0. 2.32084345979e+13 0 0
17.696 1 ATTITUDE 0.070558 0.980897 0.110496
17.776 1 DOWNLINK_STATUS 0 18 13494 605 0 876. 40. -2051.89
17.927 1 ATTITUDE 0.070599 0.980987 0.110519
17.933 1 DESIRED 0. 0.01 0. 0. 0. 235. 0. 20.
17.936 1 ATTITUDE 0.070649 0.981066 0.110491
17.942 1 GPS 0 16602147 0 0 -17000 0 0 0 23000 31 12
17.944 1 SVINFO 12 19 16 1 0 -91 0
17.949 1 NAVIGATION 0 2 -194263.5 -4813595. 0. 2.32084345979e+13 0 0
17.952 1 ATTITUDE 0.070649 0.981083 0.110507
17.959 1 DESIRED 0. 0.01 0. 0. 0. 235. 0. 20.
17.961 1 ESTIMATOR -17. 0.
17.964 1 GPS_SOL 649531392 100000 9999 0
18.142 1 ATTITUDE 0.070698 0.981123 0.110526
18.146 1 WP_MOVED 11 360170.5 4813757.5 260. 31
18.152 1 GPS 0 16602147 0 0 -17000 0 0 0 23250 31 13
18.154 1 SVINFO 13 20 16 1 0 -91 0
18.159 1 NAVIGATION 0 2 -194263.5 -4813595. 0. 2.32084345979e+13 0 0
18.162 1 ATTITUDE 0.0707 0.981171 0.110548
18.169 1 DESIRED 0. 0.01 0. 0. 0. 235. 0. 20.
18.430 1 ATTITUDE 0.070691 0.981162 0.110536
18.435 1 NAVIGATION 0 2 -194263.5 -4813595. 0. 2.32084345979e+13 0 0
18.436 1 STATE_FILTER_STATUS 3 0
18.439 1 ATTITUDE 0.070675 0.981209 0.110553
18.446 1 DESIRED 0. 0.01 0. 0. 0. 235. 0. 20.
18.452 1 GPS 0 16602147 0 0 -17000 0 0 0 23500 31 14
18.454 1 SVINFO 14 21 16 1 0 -91 0
18.456 1 DL_VALUE 4 0.
18.460 1 NAVIGATION 0 2 -194263.5 -4813595. 0. 2.32084345979e+13 0 0
18.464 1 ATTITUDE 0.070745 0.981259 0.110585
18.466 1 ESTIMATOR -17. 0.
18.469 1 ATTITUDE 0.070734 0.981244 0.110574
18.718 1 DESIRED 0. 0.01 0. 0. 0. 235. 0. 20.
18.722 1 WP_MOVED 0 360327. 4813637. 260. 31
18.723 1 PONG 
18.729 1 GPS 0 16602147 0 0 -17000 0 0 0 23750 31 15
18.731 1 SVINFO 15 21 16 1 0 -91 0
18.734 1 FBW_STATUS 2 0 1 68 0
18.745 1 GPS 0 16602147 0 0 -17000 0 0 0 24000 31 16
18.747 1 SVINFO 0 4 16 1 0 -91 0
18.751 1 ENERGY 6.8 0. 0 0.
18.755 1 NAVIGATION 0 2 -194263.5 -4813595. 0. 2.32084345979e+13 0 0
18.759 1 ATTITUDE 0.070691 0.98126 0.110631
18.776 1 DOWNLINK_STATUS 0 19 14375 645 1 881. 40. 3456.35
19.008 1 DESIRED 0. 0.01 0. 0. 0. 235. 0. 20.
19.010 1 ESTIMATOR -17. 0.
19.017 1 ATTITUDE 0.070647 0.98122 0.110581
19.017 1 WP_MOVED 1 360285. 4813595. 260. 31
19.023 1 GPS 0 16602147 0 0 -17000 0 0 0 24250 31 1
19.031 1 ATTITUDE 0.070677 0.98121 0.110585
19.038 1 DESIRED 0. 0.01 0. 0. 0. 235. 0. 20.
19.040 1 CALIBRATION 0. 0
19.043 1 ATTITUDE 0.070693 0.981224 0.110528
19.290 1 NAVIGATION 0 2 -194263.5 -4813595. 0. 2.32084345979e+13 0 0
19.294 1 ATTITUDE 0.07069 0.98127 0.110521
19.300 1 DESIRED 0. 0.01 0. 0. 0. 235. 0. 20.
19.306 1 GPS 0 16602147 0 0 -17000 0 0 0 24500 31 2
19.308 1 SVINFO 2 7 16 1 0 -91 0
19.313 1 NAVIGATION 0 2 -194263.5 -4813595. 0. 2.32084345979e+13 0 0
19.316 1 ATTITUDE 0.070672 0.981261 0.110577
19.318 1 ESTIMATOR -17. 0.
19.322 1 ATTITUDE 0.070557 0.981275 0.110575
19.328 1 DESIRED 0. 0.01 0. 0. 0. 235. 0. 20.
19.332 1 WP_MOVED 2 360334.5 4813695. 260. 31
19.581 1 GPS 0 16602147 0 0 -17000 0 0 0 24750 31 3
19.583 1 SVINFO 3 8 16 1 0 -91 0
19.588 1 NAVIGATION 0 2 -194263.5 -4813595. 0. 2.32084345979e+13 0 0
19.591 1 ATTITUDE 0.070573 0.981317 0.110594
19.594 1 COMMANDS 0,-2121,-1919,0,0
19.597 1 ATTITUDE 0.070658 0.981388 0.110604
19.603 1 DESIRED 0. 0.01 0. 0. 0. 235. 0. 20.
19.607 1 BAT 0 68 0 0 1 25 0 0
19.610 1 ACTUATORS 1200,1440,1390,1390,1350
19.613 1 ATTITUDE 0.070616 0.981387 0.110621
19.619 1 GPS 0 16602147 0 0 -17000 0 0 0 25000 31 4
19.621 1 SVINFO 4 10 16 1 0 -91 0
19.777 1 DOWNLINK_STATUS 0 20 15113 677 2 738. 32. 3456.35
19.829 1 DL_VALUE 5 0.
19.833 1 NAVIGATION 0 2 -194263.5 -4813595. 0. 2.32084345979e+13 0 0
19.837 1 ATTITUDE 0.070622 0.981444 0.110675
19.843 1 DESIRED 0. 0.01 0. 0. 0. 235. 0. 20.
19.846 1 ESTIMATOR -17. 0.
19.849 1 GPS_SOL 649533568 100000 9999 0
19.852 1 ATTITUDE 0.070656 0.981453 0.110663
19.855 1 WP_MOVED 3 360295.09375 4813785. 260. 31
19.861 1 GPS 0 16602147 0 0 -17000 0 0 0 25250 31 5
19.863 1 SVINFO 5 11 16 1 0 -91 0
20.118 1 NAVIGATION 0 2 -194263.5 -4813595. 0. 2.32084345979e+13 0 0
20.120 1 ATTITUDE 0.070625 0.981375 0.110678
20.128 1 DESIRED 0. 0.01 0. 0. 0. 235. 0. 20.
20.130 1 ATTITUDE 0.070557 0.981329 0.110701
20.135 1 NAVIGATION 0 2 -194263.5 -4813595. 0. 2.32084345979e+13 0 0
20.138 1 ATTITUDE 0.070537 0.981344 0.110721
20.144 1 DESIRED 0. 0.01 0. 0. 0. 235. 0. 20.
20.150 1 GPS 0 16602147 0 0 -17000 0 0 0 25500 31 6
20.152 1 SVINFO 6 13 16 1 0 -91 0
20.158 1 NAVIGATION 0 2 -194263.5 -4813595. 0. 2.32084345979e+13 0 0
20.386 1 ATTITUDE 0.07054 0.981358 0.110702
20.389 1 ESTIMATOR -17. 0.
20.390 1 STATE_FILTER_STATUS 3 0
20.392 1 PPRZ_MODE 2 0 0 0 0 6
20.396 1 ATTITUDE 0.070535 0.981379 0.11071
20.402 1 DESIRED 0. 0.01 0. 0. 0. 235. 0. 20.
20.406 1 WP_MOVED 4 360417.3125 4813734. 260. 31
20.411 1 GPS 0 16602147 0 0 -17000 0 0 0 25750 31 7
20.414 1 SVINFO 7 15 16 1 0 -91 0
20.416 1 FBW_STATUS 2 0 1 68 0
20.421 1 NAVIGATION 0 2 -194263.5 -4813595. 0. 2.32084345979e+13 0 0
20.424 1 ATTITUDE 0.070524 0.981421 0.110707
20.778 1 DOWNLINK_STATUS 0 21 15812 709 2 699. 32. -1544.71
20.848 1 ATTITUDE 0.070526 0.98141 0.110695
20.854 1 DESIRED 0. 0.01 0. 0. 0. 235. 0. 20.
20.858 1 ATTITUDE 0.070472 0.981445 0.110687
20.863 1 GPS 0 16602147 0 0 -17000 0 0 0 26000 31 8
20.866 1 SVINFO 8 16 16 1 0 -91 0
20.869 1 BAT 0 68 0 0 1 26 0 0
21.459 1 NAVIGATION 0 2 -194263.5 -4813595. 0. 2.32084345979e+13 0 0
21.462 1 ATTITUDE 0.070477 0.981458 0.11069
21.469 1 DESIRED 0. 0.01 0. 0. 0. 235. 0. 20.
21.471 1 ESTIMATOR -17. 0.
21.474 1 ATTITUDE 0.070466 0.981451 0.11069
21.478 1 WP_MOVED 5 360422. 4813583.5 260. 31
21.483 1 GPS 0 16602147 0 0 -17000 0 0 0 26250 31 9
21.486 1 SVINFO 9 17 16 1 0 -91 0
21.490 1 NAVIGATION 0 2 -194263.5 -4813595. 0. 2.32084345979e+13 0 0
21.493 1 ATTITUDE 0.07049 0.981464 0.110671
21.747 1 WIND_INFO 1 42 0. 0. 0.
21.779 1 DOWNLINK_STATUS 0 22 16179 725 2 367. 16. -1544.71
22.432 1 DESIRED 0. 0.01 0. 0. 0. 235. 0. 20.
22.434 1 ATTITUDE 0.070479 0.981467 0.110664
22.439 1 NAVIGATION 0 2 -194263.5 -4813595. 0. 2.32084345979e+13 0 0
22.440 1 CALIBRATION 0. 0
22.444 1 ATTITUDE 0.07052 0.981505 0.110641
22.450 1 DESIRED 0. 0.01 0. 0. 0. 235. 0. 20.
22.456 1 GPS 0 16602147 0 0 -17000 0 0 0 26500 31 10
22.458 1 SVINFO 10 18 16 1 0 -91 0
22.460 1 DL_VALUE 6 40.
22.465 1 NAVIGATION 0 2 -194263.5 -4813595. 0. 2.32084345979e+13 0 0
22.468 1 ATTITUDE 0.070507 0.981488 0.110657
22.780 1 DOWNLINK_STATUS 0 23 16430 736 2 251. 11. -1544.71
23.036 1 ESTIMATOR -17. 0.
23.040 1 ATTITUDE 0.070507 0.981472 0.110643
23.046 1 DESIRED 0. 0.01 0. 0. 0. 235. 0. 20.
23.050 1 WP_MOVED 6 360165.8125 4813664.5 260. 31
23.054 1 ALIVE 127,143,36,92,227,135,101,193,8,38,3,159,15,71,29,142
23.059 1 GPS 0 16602147 0 0 -17000 0 0 0 26750 31 11
23.062 1 SVINFO 11 19 16 1 0 -91 0
23.066 1 NAVIGATION 0 2 -194263.5 -4813595. 0. 2.32084345979e+13 0 0
23.069 1 ATTITUDE 0.070478 0.981488 0.110632
23.327 1 ATTITUDE 0.070506 0.981512 0.110629
23.334 1 DESIRED 0. 0.01 0. 0. 0. 235. 0. 20.
23.337 1 IMU_ACCEL -1.431641 -9.78125 0.186523
23.340 1 ATTITUDE 0.070477 0.981538 0.110635
23.346 1 GPS 0 16602147 0 0 -17000 0 0 0 27000 31 12
23.348 1 SVINFO 12 20 16 1 0 -91 0
23.351 1 IMU_GYRO -0.049805 0.006348 -0.006348
23.356 1 NAVIGATION 0 2 -194263.5 -4813595. 0. 2.32084345979e+13 0 0
23.359 1 ATTITUDE 0.070495 0.981545 0.110677
23.365 1 DESIRED 0. 0.01 0. 0. 0. 235. 0. 20.
23.368 1 ESTIMATOR -17. 0.
23.615 1 BAT 0 68 0 0 1 27 0 0
23.618 1 GPS_SOL 649536064 100000 9999 0
23.621 1 IMU_MAG -2.751953 -2.433594 -4.558105
23.624 1 ATTITUDE 0.070477 0.981581 0.110704
23.627 1 WP_MOVED 7 360559.40625 4813804.5 260. 31
23.633 1 GPS 0 16602147 0 0 -17000 0 0 0 27250 31 13
23.636 1 SVINFO 13 21 16 1 0 -91 0
23.640 1 NAVIGATION 0 2 -194263.5 -4813595. 0. 2.32084345979e+13 0 0
23.643 1 ATTITUDE 0.070459 0.981573 0.110676
23.650 1 DESIRED 0. 0.01 0. 0. 0. 235. 0. 20.
23.653 1 ATTITUDE 0.070472 0.98159 0.110655
23.780 1 DOWNLINK_STATUS 0 24 17128 767 2 698. 31. -1544.71
23.901 1 NAVIGATION 0 2 -194263.5 -4813595. 0. 2.32084345979e+13 0 0
23.903 1 ATTITUDE 0.070512 0.981597 0.110685
23.911 1 DESIRED 0. 0.01 0. 0. 0. 235. 0. 20.
23.916 1 GPS 0 16602147 0 0 -17000 0 0 0 27500 31 14
23.918 1 SVINFO 14 24 16 1 0 -91 0
23.923 1 NAVIGATION 0 2 -194263.5 -4813595. 0. 2.32084345979e+13 0 0
23.925 1 ATTITUDE 0.070533 0.981677 0.110724
23.928 1 ESTIMATOR -17. 0.
23.931 1 ATTITUDE 0.070528 0.981653 0.110743
23.939 1 DESIRED 0. 0.01 0. 0. 0. 235. 0. 20.
23.941 1 WP_MOVED 8 360462.40625 4813640. 215. 31
23.943 1 DOWNLINK 4 838 1052
24.143 1 GPS 0 16602147 0 0 -17000 0 0 0 27750 31 15
24.146 1 SVINFO 15 25 16 1 0 -91 0
24.148 1 FBW_STATUS 2 0 1 68 0
24.153 1 NAVIGATION 0 2 -194263.5 -4813595. 0. 2.32084345979e+13 0 0
24.156 1 ATTITUDE 0.070531 0.981663 0.11072
24.158 1 STATE_FILTER_STATUS 3 0
24.161 1 ATTITUDE 0.070514 0.981674 0.110747
24.168 1 DESIRED 0. 0.01 0. 0. 0. 235. 0. 20.
24.170 1 ATTITUDE 0.07052 0.981691 0.110781
24.428 1 GPS 0 16602147 0 0 -17000 0 0 0 28000 31 16
24.431 1 SVINFO 0 7 16 1 0 -91 0
24.432 1 DL_VALUE 7 2.
24.437 1 NAVIGATION 0 2 -194263.5 -4813595. 0. 2.32084345979e+13 0 0
24.440 1 ATTITUDE 0.070526 0.981672 0.11076
24.447 1 DESIRED 0. 0.01 0. 0. 0. 235. 0. 20.
24.449 1 ESTIMATOR -17. 0.
24.452 1 ATTITUDE 0.070516 0.981669 0.110765
24.456 1 WP_MOVED 9 360313.8125 4813652. 185. 31
24.459 1 BAT 0 68 0 0 1 28 0 0
24.465 1 GPS 0 16602147 0 0 -17000 0 0 0 28250 31 1
24.468 1 SVINFO 1 8 16 1 0 -91 0
24.715 1 NAVIGATION 0 2 -194263.5 -4813595. 0. 2.32084345979e+13 0 0
24.718 1 ATTITUDE 0.070565 0.981764 0.110781
24.725 1 DESIRED 0. 0.01 0. 0. 0. 235. 0. 20.
24.728 1 ATTITUDE 0.07056 0.981729 0.110793
24.732 1 NAVIGATION 0 2 -194263.5 -4813595. 0. 2.32084345979e+13 0 0
24.735 1 ATTITUDE 0.070583 0.981711 0.110796
24.742 1 DESIRED 0. 0.01 0. 0. 0. 235. 0. 20.
24.748 1 GPS 0 16602147 0 0 -17000 0 0 0 28500 31 2
24.750 1 SVINFO 2 9 16 1 0 -91 0
24.752 1 CALIBRATION 0. 0
24.780 1 DOWNLINK_STATUS 0 25 18091 810 2 963. 43. -1544.71
24.999 1 NAVIGATION 0 2 -194263.5 -4813595. 0. 2.32084345979e+13 0 0
25.002 1 ATTITUDE 0.070559 0.98167 0.110786
25.005 1 ESTIMATOR -17. 0.
25.007 1 PPRZ_MODE 2 0 0 0 0 6
25.010 1 ATTITUDE 0.070498 0.98167 0.110758
25.017 1 DESIRED 0. 0.01 0. 0. 0. 235. 0. 20.
25.028 1 SVINFO 3 10 16 1 0 -91 0
25.032 1 NAVIGATION 0 2 -194263.5 -4813595. 0. 2.32084345979e+13 0 0
25.035 1 ATTITUDE 0.070491 0.981635 0.110777
25.039 1 ATTITUDE 0.070471 0.981645 0.110749
25.288 1 DESIRED 0. 0.01 0. 0. 0. 235. 0. 20.
25.291 1 ATTITUDE 0.070533 0.981701 0.110754
25.297 1 GPS 0 16602147 0 0 -17000 0 0 0 29000 31 4
25.300 1 SVINFO 4 11 16 1 0 -91 0
25.303 1 ENERGY 6.8 0. 0 0.
25.315 1 NAVIGATION 0 2 -194263.5 -4813595. 0. 2.32084345979e+13 0 0
25.318 1 ATTITUDE 0.070459 0.981674 0.110843
25.325 1 DESIRED 0. 0.01 0. 0. 0. 235. 0. 20.
25.781 1 DOWNLINK_STATUS 0 26 18498 828 4 407. 18. -6545.92
25.894 1 GPS 0 16602147 0 0 -17000 0 0 0 29500 31 6
25.897 1 SVINFO 6 13 16 1 0 -91 0
25.899 1 DL_VALUE 8 0.
25.904 1 NAVIGATION 0 2 -194263.5 -4813595. 0. 2.32084345979e+13 0 0
25.906 1 ATTITUDE 0.070469 0.981709 0.11086
25.909 1 ESTIMATOR -17. 0.
25.912 1 ATTITUDE 0.070482 0.981673 0.110891
25.925 1 NAVIGATION 0 2 -194263.5 -4813595. 0. 2.32084345979e+13 0 0
25.927 1 BAT 0 68 0 0 1 30 0 0
25.930 1 ATTITUDE 0.070408 0.981596 0.11091
25.938 1 DESIRED 0. 0.01 0. 0. 0. 235. 0. 20.
26.782 1 DOWNLINK_STATUS 0 27 18735 839 5 237. 11. -6545.92
26.830 1 GPS 0 16602147 0 0 -17000 0 0 0 30500 31 10
26.832 1 SVINFO 10 18 16 1 0 -91 0
26.837 1 NAVIGATION 0 2 -194263.5 -4813595. 0. 2.32084345979e+13 0 0
26.840 1 ATTITUDE 0.070414 0.98161 0.110909
26.842 1 ESTIMATOR -17. 0.
26.844 1 CALIBRATION 0. 0
26.847 1 ATTITUDE 0.07055 0.981773 0.110879
27.505 1 ESTIMATOR -17. 0.
27.508 1 GPS_SOL 649541440 100000 9999 0
27.511 1 ATTITUDE 0.070367 0.981774 0.110882
27.515 1 WP_MOVED 3 360295.09375 4813785. 260. 31
27.520 1 GPS 0 16602147 0 0 -17000 0 0 0 31250 31 13
27.523 1 SVINFO 13 21 16 1 0 -91 0
27.527 1 NAVIGATION 0 2 -194263.5 -4813595. 0. 2.32084345979e+13 0 0
27.530 1 ATTITUDE 0.070308 0.981793 0.110928
27.537 1 DESIRED 0. 0.01 0. 0. 0. 235. 0. 20.
27.540 1 ATTITUDE 0.070405 0.98198 0.110921
27.782 1 DOWNLINK_STATUS 0 28 19085 856 6 350. 17. -6545.92
27.788 1 NAVIGATION 0 2 -194263.5 -4813595. 0. 2.32084345979e+13 0 0
27.790 1 ATTITUDE 0.070482 0.982066 0.110925
27.798 1 DESIRED 0. 0.01 0. 0. 0. 235. 0. 20.
27.802 1 GPS 0 16602147 0 0 -17000 0 0 0 31500 31 14
27.805 1 SVINFO 14 24 16 1 0 -91 0
27.809 1 BAT 0 68 0 0 1 31 0 0
27.814 1 NAVIGATION 0 2 -194263.5 -4813595. 0. 2.32084345979e+13 0 0
27.816 1 ATTITUDE 0.070499 0.982058 0.110947
27.819 1 ESTIMATOR -17. 0.
27.821 1 PPRZ_MODE 2 0 0 0 0 6
27.824 1 ATTITUDE 0.070498 0.982025 0.110963
28.075 1 DESIRED 0. 0.01 0. 0. 0. 235. 0. 20.
28.077 1 WP_MOVED 4 360417.3125 4813734. 260. 31
28.081 1 ALIVE 127,143,36,92,227,135,101,193,8,38,3,159,15,71,29,142
28.087 1 GPS 0 16602147 0 0 -17000 0 0 0 31750 31 15
28.089 1 SVINFO 15 25 16 1 0 -91 0
28.092 1 FBW_STATUS 2 0 1 68 0
28.100 1 ATTITUDE 0.070473 0.982061 0.11095
28.107 1 DESIRED 0. 0.01 0. 0. 0. 235. 0. 20.
28.110 1 IMU_ACCEL -1.273438 -9.713867 0.25293
28.113 1 ATTITUDE 0.070444 0.982052 0.110964
28.362 1 GPS 0 16602147 0 0 -17000 0 0 0 32000 31 16
28.365 1 SVINFO 0 7 16 1 0 -91 0
28.368 1 IMU_GYRO -0.030762 -0.013672 -0.000977
28.372 1 NAVIGATION 0 2 -194263.5 -4813595. 0. 2.32084345979e+13 0 0
28.376 1 ATTITUDE 0.070294 0.981889 0.111014
28.382 1 DESIRED 0. 0.01 0. 0. 0. 235. 0. 20.
28.385 1 ESTIMATOR -17. 0.
28.388 1 IMU_MAG -2.749023 -2.433594 -4.558105
28.391 1 ATTITUDE 0.07024 0.981889 0.11107
28.394 1 WP_MOVED 5 360422. 4813583.5 260. 31
28.396 1 STATE_FILTER_STATUS 3 0
28.402 1 GPS 0 16602147 0 0 -17000 0 0 0 32250 31 1
28.404 1 SVINFO 1 8 16 1 0 -91 0
28.651 1 NAVIGATION 0 2 -194263.5 -4813595. 0. 2.32084345979e+13 0 0
28.655 1 ATTITUDE 0.070429 0.982065 0.111081
28.661 1 DESIRED 0. 0.01 0. 0. 0. 235. 0. 20.
28.664 1 ATTITUDE 0.070678 0.982407 0.11098
28.669 1 NAVIGATION 0 2 -194263.5 -4813595. 0. 2.32084345979e+13 0 0
28.672 1 ATTITUDE 0.070784 0.982548 0.110997
28.679 1 DESIRED 0. 0.01 0. 0. 0. 235. 0. 20.
28.684 1 GPS 0 16602147 0 0 -17000 0 0 0 32500 31 2
28.687 1 SVINFO 2 9 16 1 0 -91 0
28.689 1 DL_VALUE 10 0.
28.782 1 DOWNLINK_STATUS 0 29 20071 900 7 986. 44. -6545.92
28.932 1 NAVIGATION 0 2 -194263.5 -4813595. 0. 2.32084345979e+13 0 0
28.935 1 ATTITUDE 0.070751 0.982511 0.111046
28.937 1 ESTIMATOR -17. 0.
28.941 1 BAT 0 68 0 0 1 32 0 0
28.944 1 ATTITUDE 0.070771 0.982526 0.110954
28.951 1 DESIRED 0. 0.01 0. 0. 0. 235. 0. 20.
28.954 1 WP_MOVED 6 360165.8125 4813664.5 260. 31
28.956 1 CALIBRATION 0. 0
28.962 1 GPS 0 16602147 0 0 -17000 0 0 0 32750 31 3
28.964 1 SVINFO 3 10 16 1 0 -91 0
28.969 1 NAVIGATION 0 2 -194263.5 -4813595. 0. 2.32084345979e+13 0 0
28.972 1 ATTITUDE 0.070655 0.982438 0.111004
28.974 1 DOWNLINK 5 852 1248
29.203 1 ATTITUDE 0.070458 0.982311 0.111076
29.210 1 DESIRED 0. 0.01 0. 0. 0. 235. 0. 20.
29.213 1 ATTITUDE 0.070145 0.982047 0.111093
29.219 1 GPS 0 16602147 0 0 -17000 0 0 0 33000 31 4
29.221 1 SVINFO 4 11 16 1 0 -91 0
29.226 1 NAVIGATION 0 2 -194263.5 -4813595. 0. 2.32084345979e+13 0 0
29.229 1 ATTITUDE 0.070018 0.981965 0.111224
29.236 1 DESIRED 0. 0.01 0. 0. 0. 235. 0. 20.
29.238 1 ESTIMATOR -17. 0.
29.241 1 GPS_SOL 649544384 100000 9999 0
29.491 1 ATTITUDE 0.070133 0.982193 0.111158
29.494 1 WP_MOVED 7 360559.40625 4813804.5 260. 31
29.500 1 GPS 0 16602147 0 0 -17000 0 0 0 33250 31 5
29.502 1 SVINFO 5 12 16 1 0 -91 0
29.507 1 NAVIGATION 0 2 -194263.5 -4813595. 0. 2.32084345979e+13 0 0
29.510 1 ATTITUDE 0.070397 0.982555 0.111216
29.517 1 DESIRED 0. 0.01 0. 0. 0. 235. 0. 20.
29.520 1 ATTITUDE 0.070689 0.982863 0.111197
29.524 1 NAVIGATION 0 2 -194263.5 -4813595. 0. 2.32084345979e+13 0 0
29.529 1 ATTITUDE 0.070949 0.98308 0.11101
29.777 1 DESIRED 0. 0.01 0. 0. 0. 235. 0. 20.
29.782 1 GPS 0 16602147 0 0 -17000 0 0 0 33500 31 6
29.783 1 DOWNLINK_STATUS 0 30 20873 935 7 802. 35. -6545.92
29.784 1 SVINFO 6 13 16 1 0 -91 0
29.790 1 NAVIGATION 0 2 -194263.5 -4813595. 0. 2.32084345979e+13 0 0
29.792 1 ATTITUDE 0.070787 0.982864 0.111064
29.794 1 ESTIMATOR -17. 0.
29.804 1 ATTITUDE 0.070686 0.982703 0.11096
29.807 1 ATTITUDE 0.070439 0.982512 0.111093
29.815 1 DESIRED 0. 0.01 0. 0. 0. 235. 0. 20.
29.817 1 ATTITUDE 0.070194 0.982344 0.111082
30.066 1 GPS 0 16602147 0 0 -17000 0 0 0 34000 31 8
30.068 1 SVINFO 8 17 16 1 0 -91 0
30.070 1 DL_VALUE 0 0.
30.074 1 ENERGY 6.8 0. 0 0.
30.078 1 NAVIGATION 0 2 -194263.5 -4813595. 0. 2.32084345979e+13 0 0
30.081 1 ATTITUDE 0.070077 0.982276 0.111018
30.092 1 SVINFO 11 20 16 1 0 -91 0
30.097 1 NAVIGATION 0 2 -194263.5 -4813595. 0. 2.32084345979e+13 0 0
30.100 1 ATTITUDE 0.070339 0.982656 0.111064
30.104 1 BAT 0 68 0 0 1 35 0 0
30.105 1 CALIBRATION 0. 0
30.352 1 COMMANDS 0,-2118,-1931,0,0
30.355 1 ATTITUDE 0.070178 0.982496 0.1111
30.361 1 DESIRED 0. 0.01 0. 0. 0. 235. 0. 20.
30.364 1 ACTUATORS 1200,1438,1391,1391,1350
30.367 1 ATTITUDE 0.070126 0.982487 0.111076
30.379 1 NAVIGATION 0 2 -194263.5 -4813595. 0. 2.32084345979e+13 0 0
30.383 1 ATTITUDE 0.070194 0.982658 0.111135
30.389 1 DESIRED 0. 0.01 0. 0. 0. 235. 0. 20.
30.784 1 DOWNLINK_STATUS 0 31 21439 962 10 566. 27. -11546.25
31.008 1 GPS 0 16602147 0 0 -17000 0 0 0 35500 31 14
31.010 1 SVINFO 14 25 16 1 0 -91 0
31.012 1 DL_VALUE 1 0.
31.017 1 NAVIGATION 0 2 -194263.5 -4813595. 0. 2.32084345979e+13 0 0
31.020 1 ATTITUDE 0.070353 0.982807 0.111053
31.022 1 ESTIMATOR -17. 0.
31.025 1 ATTITUDE 0.070378 0.982774 0.11108
31.032 1 DESIRED 0. 0.01 0. 0. 0. 235. 0. 20.
31.035 1 WP_MOVED 0 360327. 4813637. 260. 31
31.041 1 GPS 0 16602147 0 0 -17000 0 0 0 35750 31 15
31.043 1 SVINFO 0 8 16 1 0 -91 0
31.046 1 FBW_STATUS 2 0 1 68 0
31.051 1 NAVIGATION 0 2 -194263.5 -4813595. 0. 2.32084345979e+13 0 0
31.297 1 ATTITUDE 0.070303 0.982685 0.111138
31.300 1 ATTITUDE 0.070396 0.982767 0.111108
31.306 1 DESIRED 0. 0.01 0. 0. 0. 235. 0. 20.
31.310 1 BAT 0 68 0 0 1 36 0 0
31.313 1 ATTITUDE 0.070522 0.982858 0.111021
31.319 1 GPS 0 16602147 0 0 -17000 0 0 0 36000 31 1
31.321 1 SVINFO 1 10 16 1 0 -91 0
31.326 1 NAVIGATION 0 2 -194263.5 -4813595. 0. 2.32084345979e+13 0 0
31.329 1 ATTITUDE 0.070399 0.982719 0.111079
31.336 1 DESIRED 0. 0.01 0. 0. 0. 235. 0. 20.
31.338 1 ESTIMATOR -17. 0.
31.583 1 ATTITUDE 0.070196 0.982574 0.111053
31.587 1 WP_MOVED 1 360285. 4813595. 260. 31
31.593 1 GPS 0 16602147 0 0 -17000 0 0 0 36250 31 2
31.595 1 SVINFO 2 11 16 1 0 -91 0
31.600 1 NAVIGATION 0 2 -194263.5 -4813595. 0. 2.32084345979e+13 0 0
31.603 1 ATTITUDE 0.070164 0.982533 0.111036
31.610 1 DESIRED 0. 0.01 0. 0. 0. 235. 0. 20.
31.612 1 ATTITUDE 0.070181 0.982607 0.111027
31.618 1 NAVIGATION 0 2 -194263.5 -4813595. 0. 2.32084345979e+13 0 0
31.620 1 ATTITUDE 0.070157 0.982603 0.111007
31.747 1 WIND_INFO 1 42 0. 0. 0.
31.784 1 DOWNLINK_STATUS 0 32 22204 996 10 765. 34. -11546.25
31.870 1 DESIRED 0. 0.01 0. 0. 0. 235. 0. 20.
31.875 1 GPS 0 16602147 0 0 -17000 0 0 0 36500 31 3
31.878 1 SVINFO 3 12 16 1 0 -91 0
31.881 1 ENERGY 6.8 0. 0 0.
31.886 1 NAVIGATION 0 2 -194263.5 -4813595. 0. 2.32084345979e+13 0 0
31.889 1 ATTITUDE 0.070233 0.98258 0.110991
31.891 1 ESTIMATOR -17. 0.
31.893 1 STATE_FILTER_STATUS 3 0
31.896 1 ATTITUDE 0.070305 0.982674 0.11096
31.902 1 DESIRED 0. 0.01 0. 0. 0. 235. 0. 20.
31.906 1 WP_MOVED 2 360334.5 4813695. 260. 31
31.910 1 ALIVE 127,143,36,92,227,135,101,193,8,38,3,159,15,71,29,142
32.785 1 DOWNLINK_STATUS 0 33 22475 1008 10 271. 12. -11546.25
32.905 1 GPS 0 16602147 0 0 -17000 0 0 0 36750 31 4
32.908 1 SVINFO 4 13 16 1 0 -91 0
32.912 1 NAVIGATION 0 2 -194263.5 -4813595. 0. 2.32084345979e+13 0 0
32.916 1 ATTITUDE 0.070378 0.982629 0.110958
32.919 1 ATTITUDE 0.07037 0.982636 0.11094
32.925 1 DESIRED 0. 0.01 0. 0. 0. 235. 0. 20.
32.927 1 CALIBRATION 0. 0
32.930 1 IMU_ACCEL -1.426758 -9.742188 0.201172
32.933 1 ATTITUDE 0.070373 0.982666 0.110923
32.939 1 GPS 0 16602147 0 0 -17000 0 0 0 37000 31 5
32.942 1 SVINFO 5 15 16 1 0 -91 0
32.945 1 BAT 0 68 0 0 1 37 0 0
32.947 1 DL_VALUE 2 235.
33.565 1 IMU_GYRO -0.051025 0.007324 -0.006348
33.570 1 NAVIGATION 0 2 -194263.5 -4813595. 0. 2.32084345979e+13 0 0
33.572 1 ATTITUDE 0.070389 0.982672 0.110951
33.580 1 DESIRED 0. 0.01 0. 0. 0. 235. 0. 20.
33.581 1 ESTIMATOR -17. 0.
33.584 1 GPS_SOL 649550912 100000 9999 0
33.587 1 IMU_MAG -2.751953 -2.437988 -4.570801
33.590 1 ATTITUDE 0.070343 0.982678 0.110917
33.594 1 WP_MOVED 3 360295.09375 4813785. 260. 31
33.599 1 GPS 0 16602147 0 0 -17000 0 0 0 37250 31 6
33.602 1 SVINFO 6 17 16 1 0 -91 0
33.786 1 DOWNLINK_STATUS 0 34 22982 1032 10 507. 24. -11546.25
33.849 1 NAVIGATION 0 2 -194263.5 -4813595. 0. 2.32084345979e+13 0 0
33.852 1 ATTITUDE 0.070371 0.982688 0.110954
33.859 1 DESIRED 0. 0.01 0. 0. 0. 235. 0. 20.
33.862 1 ATTITUDE 0.070378 0.982716 0.110947
33.866 1 NAVIGATION 0 2 -194263.5 -4813595. 0. 2.32084345979e+13 0 0
33.869 1 ATTITUDE 0.070349 0.982734 0.110915
33.876 1 DESIRED 0. 0.01 0. 0. 0. 235. 0. 20.
33.882 1 GPS 0 16602147 0 0 -17000 0 0 0 37500 31 7
33.884 1 SVINFO 7 18 16 1 0 -91 0
33.889 1 NAVIGATION 0 2 -194263.5 -4813595. 0. 2.32084345979e+13 0 0
33.892 1 ATTITUDE 0.070348 0.982753 0.11093
34.137 1 ESTIMATOR -17. 0.
34.139 1 PPRZ_MODE 2 0 0 0 0 6
34.142 1 ATTITUDE 0.070378 0.98269 0.110925
34.149 1 DESIRED 0. 0.01 0. 0. 0. 235. 0. 20.
34.152 1 WP_MOVED 4 360417.3125 4813734. 260. 31
34.158 1 GPS 0 16602147 0 0 -17000 0 0 0 37750 31 8
34.161 1 SVINFO 8 19 16 1 0 -91 0
34.163 1 FBW_STATUS 2 0 1 68 0
34.168 1 NAVIGATION 0 2 -194263.5 -4813595. 0. 2.32084345979e+13 0 0
34.171 1 ATTITUDE 0.070358 0.982683 0.110926
34.174 1 ATTITUDE 0.070346 0.982761 0.110942
34.406 1 DESIRED 0. 0.01 0. 0. 0. 235. 0. 20.
34.408 1 DOWNLINK 5 839 1439
34.411 1 ATTITUDE 0.070374 0.982696 0.110971
34.417 1 GPS 0 16602147 0 0 -17000 0 0 0 38000 31 9
34.419 1 SVINFO 9 20 16 1 0 -91 0
34.424 1 NAVIGATION 0 2 -194263.5 -4813595. 0. 2.32084345979e+13 0 0
34.427 1 ATTITUDE 0.070375 0.982728 0.110924
34.433 1 DESIRED 0. 0.01 0. 0. 0. 235. 0. 20.
34.436 1 ESTIMATOR -17. 0.
34.440 1 BAT 0 68 0 0 1 38 0 0
34.443 1 ATTITUDE 0.070315 0.982729 0.110914
34.446 1 WP_MOVED 5 360422. 4813583.5 260. 31
34.698 1 GPS 0 16602147 0 0 -17000 0 0 0 38250 31 10
34.701 1 SVINFO 10 21 16 1 0 -91 0
34.705 1 NAVIGATION 0 2 -194263.5 -4813595. 0. 2.32084345979e+13 0 0
34.708 1 ATTITUDE 0.070317 0.982733 0.110883
34.715 1 DESIRED 0. 0.01 0. 0. 0. 235. 0. 20.
34.718 1 NAVIGATION_REF 360285 4813595 31
34.721 1 ATTITUDE 0.070337 0.982687 0.110888
34.725 1 NAVIGATION 0 2 -194263.5 -4813595. 0. 2.32084345979e+13 0 0
34.728 1 ATTITUDE 0.07031 0.982648 0.110848
34.735 1 DESIRED 0. 0.01 0. 0. 0. 235. 0. 20.
34.786 1 DOWNLINK_STATUS 0 35 23994 1076 10 1012. 44. -11546.25
34.984 1 GPS 0 16602147 0 0 -17000 0 0 0 38500 31 11
34.987 1 SVINFO 11 24 16 1 0 -91 0
34.989 1 DL_VALUE 3 0.
34.993 1 NAVIGATION 0 2 -194263.5 -4813595. 0. 2.32084345979e+13 0 0
34.996 1 ATTITUDE 0.070298 0.982659 0.110839
34.999 1 ESTIMATOR -17. 0.
35.000 1 PONG 
35.012 1 DESIRED 0. 0.01 0. 0. 0. 235. 0. 20.
35.016 1 ATTITUDE 0.070314 0.982605 0.11091
35.021 1 GPS 0 16602147 0 0 -17000 0 0 0 39000 31 13
35.024 1 SVINFO 13 26 16 1 0 -91 0
35.269 1 CALIBRATION 0. 0
35.272 1 ENERGY 6.8 0. 0 0.
35.277 1 NAVIGATION 0 2 -194263.5 -4813595. 0. 2.32084345979e+13 0 0
35.279 1 ATTITUDE 0.070376 0.982736 0.110874
35.287 1 DESIRED 0. 0.01 0. 0. 0. 235. 0. 20.
35.288 1 ESTIMATOR -17. 0.
35.297 1 WP_MOVED 7 360559.40625 4813804.5 260. 31
35.300 1 BAT 0 68 0 0 1 39 0 0
35.307 1 GPS 0 16602147 0 0 -17000 0 0 0 39250 31 14
35.308 1 SVINFO 14 27 16 1 0 -91 0
35.787 1 DOWNLINK_STATUS 0 36 24434 1097 12 440. 21. -269.78
35.929 1 NAVIGATION 0 2 -194263.5 -4813595. 0. 2.32084345979e+13 0 0
35.932 1 ATTITUDE 0.070365 0.982725 0.110953
35.938 1 DESIRED 0. 0.01 0. 0. 0. 235. 0. 20.
35.942 1 ATTITUDE 0.070381 0.982808 0.110952
35.946 1 NAVIGATION 0 2 -194263.5 -4813595. 0. 2.32084345979e+13 0 0
35.949 1 ATTITUDE 0.07037 0.982821 0.110954
35.956 1 DESIRED 0. 0.01 0. 0. 0. 235. 0. 20.
35.962 1 GPS 0 16602147 0 0 -17000 0 0 0 39500 31 15
35.964 1 SVINFO 15 28 16 1 0 -91 0
35.968 1 NAVIGATION 0 2 -194263.5 -4813595. 0. 2.32084345979e+13 0 0
35.972 1 ATTITUDE 0.070353 0.982829 0.110957
36.217 1 ESTIMATOR -17. 0.
36.220 1 ATTITUDE 0.070361 0.982881 0.111002
36.227 1 DESIRED 0. 0.01 0. 0. 0. 235. 0. 20.
36.231 1 WP_MOVED 8 360462.40625 4813640. 215. 31
36.236 1 GPS 0 16602147 0 0 -17000 0 0 0 39750 31 16
36.245 1 NAVIGATION 0 2 -194263.5 -4813595. 0. 2.32084345979e+13 0 0
36.248 1 ATTITUDE 0.070395 0.982895 0.111084
36.251 1 COMMANDS 0,-2114,-1928,0,0
36.254 1 ATTITUDE 0.070427 0.982907 0.111067
36.504 1 DESIRED 0. 0.01 0. 0. 0. 235. 0. 20.
36.507 1 ACTUATORS 1200,1440,1390,1390,1350
36.511 1 ATTITUDE 0.070426 0.982972 0.111047
36.516 1 GPS 0 16602147 0 0 -17000 0 0 0 40000 31 1
36.519 1 SVINFO 1 12 16 1 0 -91 0
36.521 1 DL_VALUE 4 0.
36.525 1 NAVIGATION 0 2 -194263.5 -4813595. 0. 2.32084345979e+13 0 0
36.532 1 ATTITUDE 0.070499 0.982854 0.111038
36.539 1 DESIRED 0. 0.01 0. 0. 0. 235. 0. 20.
36.542 1 ATTITUDE 0.070494 0.982853 0.110997
36.548 1 GPS 0 16602147 0 0 -17000 0 0 0 41000 31 5
36.788 1 DOWNLINK_STATUS 0 37 25173 1128 14 739. 31. -269.78
36.793 1 SVINFO 5 17 16 1 0 -91 0
36.794 1 STATE_FILTER_STATUS 3 0
36.799 1 NAVIGATION 0 2 -194263.5 -4813595. 0. 2.32084345979e+13 0 0
36.802 1 ATTITUDE 0.070542 0.982919 0.111013
36.809 1 DESIRED 0. 0.01 0. 0. 0. 235. 0. 20.
36.811 1 ESTIMATOR -17. 0.
36.823 1 DESIRED 0. 0.01 0. 0. 0. 235. 0. 20.
36.829 1 GPS 0 16602147 0 0 -17000 0 0 0 41500 31 7
36.831 1 SVINFO 7 19 16 1 0 -91 0
36.833 1 DL_VALUE 5 0.
37.080 1 NAVIGATION 0 2 -194263.5 -4813595. 0. 2.32084345979e+13 0 0
37.083 1 ATTITUDE 0.070579 0.982889 0.111094
37.086 1 ESTIMATOR -17. 0.
37.089 1 ATTITUDE 0.070591 0.982923 0.111159
37.095 1 DESIRED 0. 0.01 0. 0. 0. 235. 0. 20.
37.099 1 WP_MOVED 0 360327. 4813637. 260. 31
37.108 1 SVINFO 8 20 16 1 0 -91 0
37.110 1 FBW_STATUS 2 0 1 68 0
37.115 1 NAVIGATION 0 2 -194263.5 -4813595. 0. 2.32084345979e+13 0 0
37.118 1 ATTITUDE 0.070591 0.982956 0.111172
37.122 1 ATTITUDE 0.07059 0.982956 0.111181
37.371 1 DESIRED 0. 0.01 0. 0. 0. 235. 0. 20.
37.373 1 IMU_ACCEL -1.426758 -9.704102 0.171875
37.376 1 ATTITUDE 0.07057 0.982971 0.111166
37.382 1 GPS 0 16602147 0 0 -17000 0 0 0 42000 31 9
37.384 1 SVINFO 9 21 16 1 0 -91 0
37.394 1 ATTITUDE 0.070598 0.982958 0.111159
37.402 1 DESIRED 0. 0.01 0. 0. 0. 235. 0. 20.
37.403 1 ESTIMATOR -17. 0.
37.406 1 IMU_MAG -2.751953 -2.428711 -4.561523
37.652 1 ATTITUDE 0.070621 0.982983 0.111155
37.656 1 WP_MOVED 1 360285. 4813595. 260. 31
37.661 1 GPS 0 16602147 0 0 -17000 0 0 0 42250 31 10
37.664 1 SVINFO 10 24 16 1 0 -91 0
37.668 1 NAVIGATION 0 2 -194263.5 -4813595. 0. 2.32084345979e+13 0 0
37.671 1 ATTITUDE 0.070618 0.983038 0.111187
37.678 1 DESIRED 0. 0.01 0. 0. 0. 235. 0. 20.
37.681 1 ATTITUDE 0.070588 0.982988 0.111229
37.686 1 NAVIGATION 0 2 -194263.5 -4813595. 0. 2.32084345979e+13 0 0
37.689 1 ATTITUDE 0.070546 0.982968 0.111276
37.695 1 DESIRED 0. 0.01 0. 0. 0. 235. 0. 20.
37.788 1 DOWNLINK_STATUS 0 38 26089 1169 17 916. 41. -269.78
37.944 1 GPS 0 16602147 0 0 -17000 0 0 0 42500 31 11
37.946 1 SVINFO 11 25 16 1 0 -91 0
37.950 1 BAT 0 68 0 0 1 42 0 0
37.954 1 NAVIGATION 0 2 -194263.5 -4813595. 0. 2.32084345979e+13 0 0
37.958 1 ATTITUDE 0.070645 0.983017 0.111299
37.960 1 ESTIMATOR -17. 0.
37.963 1 ATTITUDE 0.070687 0.983044 0.111296
37.970 1 DESIRED 0. 0.01 0. 0. 0. 235. 0. 20.
37.973 1 WP_MOVED 2 360334.5 4813695. 260. 31
37.979 1 GPS 0 16602147 0 0 -17000 0 0 0 42750 31 12
37.981 1 SVINFO 12 26 16 1 0 -91 0
38.229 1 NAVIGATION 0 2 -194263.5 -4813595. 0. 2.32084345979e+13 0 0
38.233 1 ATTITUDE 0.070665 0.983066 0.111329
38.236 1 ATTITUDE 0.070658 0.983093 0.111361
38.242 1 DESIRED 0. 0.01 0. 0. 0. 235. 0. 20.
38.245 1 ATTITUDE 0.070689 0.983081 0.111388
38.251 1 GPS 0 16602147 0 0 -17000 0 0 0 43000 31 13
38.254 1 SVINFO 13 27 16 1 0 -91 0
38.255 1 DL_VALUE 6 40.
38.257 1 DOWNLINK 6 837 1630
38.262 1 NAVIGATION 0 2 -194263.5 -4813595. 0. 2.32084345979e+13 0 0
38.265 1 ATTITUDE 0.07067 0.983105 0.111306
38.515 1 DESIRED 0. 0.01 0. 0. 0. 235. 0. 20.
38.517 1 ESTIMATOR -17. 0.
38.520 1 GPS_SOL 649561984 100000 9999 0
38.523 1 ATTITUDE 0.070682 0.983073 0.11134
38.527 1 WP_MOVED 3 360295.09375 4813785. 260. 31
38.529 1 CALIBRATION 0. 0
38.530 1 STATE_FILTER_STATUS 3 0
38.536 1 GPS 0 16602147 0 0 -17000 0 0 0 43250 31 14
38.540 1 SVINFO 14 28 16 1 0 -91 0
38.543 1 NAVIGATION 0 2 -194263.5 -4813595. 0. 2.32084345979e+13 0 0
38.546 1 ATTITUDE 0.070678 0.98307 0.111361
38.553 1 DESIRED 0. 0.01 0. 0. 0. 235. 0. 20.
38.556 1 ATTITUDE 0.07068 0.983063 0.111377
38.789 1 DOWNLINK_STATUS 0 39 26843 1204 17 754. 35. -269.78
38.803 1 NAVIGATION 0 2 -194263.5 -4813595. 0. 2.32084345979e+13 0 0
38.807 1 ATTITUDE 0.070642 0.983072 0.111406
38.813 1 DESIRED 0. 0.01 0. 0. 0. 235. 0. 20.
38.819 1 GPS 0 16602147 0 0 -17000 0 0 0 43500 31 15
38.821 1 SVINFO 15 29 16 1 0 -91 0
38.834 1 DESIRED 0. 0.01 0. 0. 0. 235. 0. 20.
38.837 1 ATTITUDE 0.070521 0.983035 0.111399
38.843 1 GPS 0 16602147 0 0 -17000 0 0 0 44000 31 1
38.845 1 SVINFO 1 12 16 1 0 -91 0
39.092 1 ENERGY 6.8 0. 0 0.
39.096 1 NAVIGATION 0 2 -194263.5 -4813595. 0. 2.32084345979e+13 0 0
39.099 1 ATTITUDE 0.070514 0.983053 0.111377
39.106 1 DESIRED 0. 0.01 0. 0. 0. 235. 0. 20.
39.108 1 ESTIMATOR -17. 0.
39.111 1 ATTITUDE 0.070494 0.983045 0.111367
39.114 1 WP_MOVED 5 360422. 4813583.5 260. 31
39.121 1 GPS 0 16602147 0 0 -17000 0 0 0 44250 31 2
39.122 1 SVINFO 2 13 16 1 0 -91 0
39.128 1 NAVIGATION 0 2 -194263.5 -4813595. 0. 2.32084345979e+13 0 0
39.130 1 ATTITUDE 0.070565 0.983074 0.111349
39.363 1 DESIRED 0. 0.01 0. 0. 0. 235. 0. 20.
39.366 1 ATTITUDE 0.070585 0.983135 0.11134
39.371 1 NAVIGATION 0 2 -194263.5 -4813595. 0. 2.32084345979e+13 0 0
39.374 1 ATTITUDE 0.070565 0.983074 0.111382
39.382 1 DESIRED 0. 0.01 0. 0. 0. 235. 0. 20.
39.386 1 GPS 0 16602147 0 0 -17000 0 0 0 44500 31 3
39.389 1 SVINFO 3 15 16 1 0 -91 0
39.391 1 DL_VALUE 7 2.
39.395 1 NAVIGATION 0 2 -194263.5 -4813595. 0. 2.32084345979e+13 0 0
39.398 1 ATTITUDE 0.070508 0.983069 0.111375
39.401 1 ESTIMATOR -17. 0.
39.651 1 ATTITUDE 0.070532 0.983116 0.111357
39.657 1 DESIRED 0. 0.01 0. 0. 0. 235. 0. 20.
39.661 1 WP_MOVED 6 360165.8125 4813664.5 260. 31
39.664 1 BAT 0 68 0 0 1 44 0 0
39.670 1 GPS 0 16602147 0 0 -17000 0 0 0 44750 31 4
39.673 1 SVINFO 4 16 16 1 0 -91 0
39.677 1 NAVIGATION 0 2 -194263.5 -4813595. 0. 2.32084345979e+13 0 0
39.680 1 ATTITUDE 0.070551 0.98312 0.111386
39.683 1 COMMANDS 0,-2114,-1953,0,0
39.686 1 ATTITUDE 0.070481 0.983117 0.111385
39.789 1 DOWNLINK_STATUS 0 40 27797 1245 18 954. 41. -269.78
39.936 1 DESIRED 0. 0.01 0. 0. 0. 235. 0. 20.
39.939 1 ACTUATORS 1200,1439,1390,1390,1350
39.943 1 ATTITUDE 0.070474 0.983142 0.111367
39.948 1 GPS 0 16602147 0 0 -17000 0 0 0 45000 31 5
39.951 1 SVINFO 5 17 16 1 0 -91 0
39.955 1 NAVIGATION 0 2 -194263.5 -4813595. 0. 2.32084345979e+13 0 0
39.958 1 ATTITUDE 0.070457 0.983135 0.111368
39.965 1 DESIRED 0. 0.01 0. 0. 0. 235. 0. 20.
39.967 1 ESTIMATOR -17. 0.
39.970 1 GPS_SOL 649566080 100000 9999 0
39.974 1 ATTITUDE 0.070451 0.983156 0.111393
39.977 1 WP_MOVED 7 360559.40625 4813804.5 260. 31
40.226 1 GPS 0 16602147 0 0 -17000 0 0 0 45250 31 6
40.228 1 SVINFO 6 18 16 1 0 -91 0
40.233 1 NAVIGATION 0 2 -194263.5 -4813595. 0. 2.32084345979e+13 0 0
40.236 1 ATTITUDE 0.070413 0.983167 0.111444
40.242 1 DESIRED 0. 0.01 0. 0. 0. 235. 0. 20.
40.244 1 CALIBRATION 0. 0
40.247 1 ATTITUDE 0.070388 0.983215 0.11138
40.252 1 NAVIGATION 0 2 -194263.5 -4813595. 0. 2.32084345979e+13 0 0
40.254 1 STATE_FILTER_STATUS 3 0
40.257 1 ATTITUDE 0.07041 0.983221 0.111373
40.263 1 DESIRED 0. 0.01 0. 0. 0. 235. 0. 20.
40.512 1 GPS 0 16602147 0 0 -17000 0 0 0 45500 31 7
40.514 1 SVINFO 7 19 16 1 0 -91 0
40.519 1 NAVIGATION 0 2 -194263.5 -4813595. 0. 2.32084345979e+13 0 0
40.522 1 ATTITUDE 0.070392 0.983183 0.111434
40.524 1 ESTIMATOR -17. 0.
40.527 1 ATTITUDE 0.070355 0.983136 0.111398
40.534 1 DESIRED 0. 0.01 0. 0. 0. 235. 0. 20.
40.537 1 WP_MOVED 8 360462.40625 4813640. 215. 31
40.544 1 GPS 0 16602147 0 0 -17000 0 0 0 45750 31 8
40.546 1 SVINFO 8 20 16 1 0 -91 0
40.548 1 FBW_STATUS 2 0 1 68 0
40.553 1 NAVIGATION 0 2 -194263.5 -4813595. 0. 2.32084345979e+13 0 0
40.790 1 DOWNLINK_STATUS 0 41 28586 1280 18 789. 35. -5270.2
41.167 1 ATTITUDE 0.070531 0.98327 0.111306
41.170 1 BAT 0 68 0 0 1 46 0 0
41.173 1 ATTITUDE 0.070417 0.983184 0.111379
41.181 1 DESIRED 0. 0.01 0. 0. 0. 235. 0. 20.
41.183 1 ATTITUDE 0.070431 0.983118 0.111422
41.189 1 GPS 0 16602147 0 0 -17000 0 0 0 46000 31 9
41.191 1 SVINFO 9 24 16 1 0 -91 0
41.193 1 DL_VALUE 8 0.
41.198 1 NAVIGATION 0 2 -194263.5 -4813595. 0. 2.32084345979e+13 0 0
41.201 1 ATTITUDE 0.070427 0.98316 0.111448
41.208 1 DESIRED 0. 0.01 0. 0. 0. 235. 0. 20.
41.210 1 ESTIMATOR -17. 0.
41.418 1 ATTITUDE 0.070307 0.983122 0.111487
41.421 1 WP_MOVED 9 360313.8125 4813652. 185. 31
41.427 1 GPS 0 16602147 0 0 -17000 0 0 0 46250 31 10
41.429 1 SVINFO 10 25 16 1 0 -91 0
41.434 1 NAVIGATION 0 2 -194263.5 -4813595. 0. 2.32084345979e+13 0 0
41.437 1 ATTITUDE 0.07036 0.983129 0.111459
41.443 1 DESIRED 0. 0.01 0. 0. 0. 235. 0. 20.
41.447 1 ATTITUDE 0.070445 0.983208 0.111473
41.654 1 NAVIGATION 0 2 -194263.5 -4813595. 0. 2.32084345979e+13 0 0
41.657 1 ATTITUDE 0.070474 0.983169 0.111472
41.663 1 DESIRED 0. 0.01 0. 0. 0. 235. 0. 20.
41.669 1 GPS 0 16602147 0 0 -17000 0 0 0 46500 31 11
41.672 1 SVINFO 11 26 16 1 0 -91 0
41.675 1 ENERGY 6.8 0. 0 0.
41.680 1 NAVIGATION 0 2 -194263.5 -4813595. 0. 2.32084345979e+13 0 0
41.683 1 ATTITUDE 0.070389 0.983094 0.111563
41.685 1 ESTIMATOR -17. 0.
41.687 1 PPRZ_MODE 2 0 0 0 0 6
41.747 1 WIND_INFO 1 42 0. 0. 0.
41.791 1 DOWNLINK_STATUS 0 42 29257 1310 18 671. 30. -5270.2
41.943 1 ATTITUDE 0.07048 0.983292 0.11143
41.950 1 DESIRED 0. 0.01 0. 0. 0. 235. 0. 20.
41.953 1 WP_MOVED 10 360453.8125 4813581. 260. 31
41.957 1 ALIVE 127,143,36,92,227,135,101,193,8,38,3,159,15,71,29,142
41.963 1 GPS 0 16602147 0 0 -17000 0 0 0 46750 31 12
41.965 1 SVINFO 12 27 16 1 0 -91 0
41.970 1 NAVIGATION 0 2 -194263.5 -4813595. 0. 2.32084345979e+13 0 0
41.973 1 ATTITUDE 0.070616 0.983362 0.111526
41.976 1 ATTITUDE 0.070831 0.983551 0.111443
41.983 1 DESIRED 0. 0.01 0. 0. 0. 235. 0. 20.
42.551 1 BAT 0 68 0 0 1 47 0 0
42.554 1 IMU_ACCEL -1.369141 -9.689453 0.119141
42.557 1 ATTITUDE 0.07066 0.983583 0.111562
42.563 1 GPS 0 16602147 0 0 -17000 0 0 0 47000 31 13
42.565 1 SVINFO 13 28 16 1 0 -91 0
42.568 1 IMU_GYRO -0.037109 -0.010498 -0.001953
42.573 1 NAVIGATION 0 2 -194263.5 -4813595. 0. 2.32084345979e+13 0 0
42.576 1 ATTITUDE 0.070543 0.983398 0.111525
42.582 1 DESIRED 0. 0.01 0. 0. 0. 235. 0. 20.
42.585 1 ESTIMATOR -17. 0.
42.588 1 GPS_SOL 649570368 100000 9999 0
42.591 1 IMU_MAG -2.751953 -2.432129 -4.569336
42.792 1 DOWNLINK_STATUS 0 43 29756 1332 18 499. 22. -5270.2
43.192 1 ATTITUDE 0.070406 0.983257 0.11163
43.195 1 WP_MOVED 11 360170.5 4813757.5 260. 31
43.201 1 GPS 0 16602147 0 0 -17000 0 0 0 47250 31 14
43.203 1 SVINFO 14 29 16 1 0 -91 0
43.209 1 NAVIGATION 0 2 -194263.5 -4813595. 0. 2.32084345979e+13 0 0
43.211 1 ATTITUDE 0.070341 0.983107 0.111773
43.218 1 DESIRED 0. 0.01 0. 0. 0. 235. 0. 20.
43.220 1 NAVIGATION_REF 360285 4813595 31
43.223 1 ATTITUDE 0.070366 0.983191 0.111538
43.229 1 NAVIGATION 0 2 -194263.5 -4813595. 0. 2.32084345979e+13 0 0
43.230 1 CALIBRATION 0. 0
43.233 1 ATTITUDE 0.070412 0.983292 0.11163
43.793 1 DOWNLINK_STATUS 0 44 30011 1344 18 255. 12. -5270.2
43.804 1 DESIRED 0. 0.01 0. 0. 0. 235. 0. 20.
43.810 1 GPS 0 16602147 0 0 -17000 0 0 0 47500 31 15
43.812 1 SVINFO 15 30 16 1 0 -91 0
43.814 1 DL_VALUE 9 1.
43.818 1 NAVIGATION 0 2 -194263.5 -4813595. 0. 2.32084345979e+13 0 0
43.822 1 ATTITUDE 0.070531 0.983383 0.111674
43.824 1 ESTIMATOR -17. 0.
43.826 1 STATE_FILTER_STATUS 3 0
43.829 1 ATTITUDE 0.0711 0.983734 0.111369
43.835 1 DESIRED 0. 0.01 0. 0. 0. 235. 0. 20.
43.839 1 WP_MOVED 0 360327. 4813637. 260. 31
44.410 1 GPS 0 16602147 0 0 -17000 0 0 0 47750 31 16
44.413 1 SVINFO 0 12 16 1 0 -91 0
44.415 1 FBW_STATUS 2 0 1 68 0
44.420 1 NAVIGATION 0 2 -194263.5 -4813595. 0. 2.32084345979e+13 0 0
44.423 1 ATTITUDE 0.070967 0.983772 0.111565
44.426 1 ATTITUDE 0.070828 0.983547 0.111565
44.433 1 DESIRED 0. 0.01 0. 0. 0. 235. 0. 20.
44.436 1 ATTITUDE 0.070055 0.982896 0.111595
44.442 1 GPS 0 16602147 0 0 -17000 0 0 0 48000 31 1
44.444 1 SVINFO 1 13 16 1 0 -91 0
44.448 1 BAT 0 68 0 0 1 48 0 0
44.452 1 NAVIGATION 0 2 -194263.5 -4813595. 0. 2.32084345979e+13 0 0
44.794 1 DOWNLINK_STATUS 0 45 30524 1367 18 513. 23. -5270.2
45.460 1 ATTITUDE 0.070031 0.982664 0.111678
45.467 1 DESIRED 0. 0.01 0. 0. 0. 235. 0. 20.
45.469 1 ESTIMATOR -17. 0.
45.471 1 DOWNLINK 6 858 1827
45.474 1 ATTITUDE 0.070341 0.982928 0.111477
45.478 1 WP_MOVED 1 360285. 4813595. 260. 31
45.484 1 GPS 0 16602147 0 0 -17000 0 0 0 48250 31 2
45.486 1 SVINFO 2 14 16 1 0 -91 0
45.491 1 NAVIGATION 0 2 -194263.5 -4813595. 0. 2.32084345979e+13 0 0
45.494 1 ATTITUDE 0.070326 0.98304 0.111503
45.500 1 DESIRED 0. 0.01 0. 0. 0. 235. 0. 20.
45.795 1 DOWNLINK_STATUS 0 46 30772 1378 18 248. 11. -10271.43
46.069 1 ATTITUDE 0.07022 0.983048 0.111737
46.074 1 NAVIGATION 0 2 -194263.5 -4813595. 0. 2.32084345979e+13 0 0
46.077 1 ATTITUDE 0.070157 0.983058 0.111569
46.084 1 DESIRED 0. 0.01 0. 0. 0. 235. 0. 20.
46.089 1 GPS 0 16602147 0 0 -17000 0 0 0 48500 31 3
46.092 1 SVINFO 3 15 16 1 0 -91 0
46.096 1 NAVIGATION 0 2 -194263.5 -4813595. 0. 2.32084345979e+13 0 0
46.099 1 ATTITUDE 0.070372 0.983343 0.111557
46.102 1 ESTIMATOR -17. 0.
46.105 1 ATTITUDE 0.070643 0.983661 0.11154
46.112 1 DESIRED 0. 0.01 0. 0. 0. 235. 0. 20.
46.681 1 WP_MOVED 2 360334.5 4813695. 260. 31
46.686 1 GPS 0 16602147 0 0 -17000 0 0 0 48750 31 4
46.689 1 SVINFO 4 16 16 1 0 -91 0
46.690 1 PONG 
46.694 1 NAVIGATION 0 2 -194263.5 -4813595. 0. 2.32084345979e+13 0 0
46.698 1 ATTITUDE 0.071048 0.983917 0.111376
46.701 1 ATTITUDE 0.07101 0.983847 0.111604
46.795 1 DOWNLINK_STATUS 0 47 31168 1396 18 396. 18. 1418.61
47.361 1 SVINFO 6 19 16 1 0 -91 0
47.365 1 NAVIGATION 0 2 -194263.5 -4813595. 0. 2.32084345979e+13 0 0
47.368 1 ATTITUDE 0.070242 0.9832 0.111458
47.382 1 NAVIGATION 0 2 -194263.5 -4813595. 0. 2.32084345979e+13 0 0
47.385 1 ATTITUDE 0.071241 0.984101 0.111165
47.391 1 DESIRED 0. 0.01 0. 0. 0. 235. 0. 20.
47.640 1 GPS 0 16602147 0 0 -17000 0 0 0 49500 31 7
47.642 1 SVINFO 7 20 16 1 0 -91 0
47.644 1 CALIBRATION 0. 0
47.649 1 NAVIGATION 0 2 -194263.5 -4813595. 0. 2.32084345979e+13 0 0
47.652 1 ATTITUDE 0.070587 0.983678 0.111431
47.654 1 ESTIMATOR -17. 0.
47.657 1 PPRZ_MODE 2 0 0 0 0 6
47.660 1 ATTITUDE 0.070381 0.983587 0.111525
47.666 1 DESIRED 0. 0.01 0. 0. 0. 235. 0. 20.
47.670 1 WP_MOVED 4 360417.3125 4813734. 260. 31
47.675 1 GPS 0 16602147 0 0 -17000 0 0 0 49750 31 8
47.678 1 SVINFO 8 21 16 1 0 -91 0
47.681 1 FBW_STATUS 2 0 1 68 0
47.796 1 DOWNLINK_STATUS 0 48 31574 1415 20 406. 19. 1418.61
47.928 1 NAVIGATION 0 2 -194263.5 -4813595. 0. 2.32084345979e+13 0 0
47.931 1 ATTITUDE 0.070451 0.983711 0.111481
47.933 1 STATE_FILTER_STATUS 3 0
47.936 1 COMMANDS 0,-2158,-1537,0,0
47.939 1 ATTITUDE 0.070649 0.983806 0.111493
47.946 1 DESIRED 0. 0.01 0. 0. 0. 235. 0. 20.
47.949 1 ACTUATORS 1200,1445,1388,1388,1350
47.952 1 ATTITUDE 0.07058 0.983748 0.111496
47.958 1 GPS 0 16602147 0 0 -17000 0 0 0 50000 31 9
47.960 1 SVINFO 9 24 16 1 0 -91 0
47.964 1 NAVIGATION 0 2 -194263.5 -4813595. 0. 2.32084345979e+13 0 0
47.968 1 ATTITUDE 0.070532 0.983592 0.111473
48.218 1 DESIRED 0. 0.01 0. 0. 0. 235. 0. 20.
48.220 1 ESTIMATOR -17. 0.
48.223 1 ATTITUDE 0.070243 0.983242 0.111503
48.227 1 WP_MOVED 5 360422. 4813583.5 260. 31
48.230 1 BAT 0 68 0 0 1 50 0 0
48.244 1 DESIRED 0. 0.01 0. 0. 0. 235. 0. 20.
48.250 1 GPS 0 16602147 0 0 -17000 0 0 0 50500 31 11
48.253 1 SVINFO 11 27 16 1 0 -91 0
48.255 1 DL_VALUE 0 0.
48.502 1 NAVIGATION 0 2 -194263.5 -4813595. 0. 2.32084345979e+13 0 0
48.506 1 ATTITUDE 0.070777 0.983901 0.111193
48.508 1 ESTIMATOR -17. 0.
48.511 1 ATTITUDE 0.070746 0.98389 0.11129
48.518 1 DESIRED 0. 0.01 0. 0. 0. 235. 0. 20.
48.521 1 WP_MOVED 6 360165.8125 4813664.5 260. 31
48.535 1 ESTIMATOR -17. 0.
48.538 1 GPS_SOL 649579456 100000 9999 0
48.541 1 ATTITUDE 0.070064 0.983671 0.11132
48.544 1 WP_MOVED 7 360559.40625 4813804.5 260. 31
48.793 1 GPS 0 16602147 0 0 -17000 0 0 0 51250 31 14
48.795 1 SVINFO 14 30 16 1 0 -91 0
48.796 1 DOWNLINK_STATUS 0 49 32283 1448 22 709. 33. 1418.61
48.800 1 NAVIGATION 0 2 -194263.5 -4813595. 0. 2.32084345979e+13 0 0
48.803 1 ATTITUDE 0.070366 0.983969 0.11119
48.809 1 DESIRED 0. 0.01 0. 0. 0. 235. 0. 20.
48.823 1 WP_MOVED 8 360462.40625 4813640. 215. 31
48.827 1 ALIVE 127,143,36,92,227,135,101,193,8,38,3,159,15,71,29,142
49.076 1 GPS 0 16602147 0 0 -17000 0 0 0 51750 31 16
49.078 1 SVINFO 0 13 16 1 0 -91 0
49.080 1 FBW_STATUS 2 0 1 68 0
49.086 1 NAVIGATION 0 2 -194263.5 -4813595. 0. 2.32084345979e+13 0 0
49.088 1 ATTITUDE 0.070466 0.984146 0.111197
49.091 1 ATTITUDE 0.07053 0.984343 0.111207
49.107 1 ATTITUDE 0.069969 0.983503 0.111229
49.112 1 NAVIGATION 0 2 -194263.5 -4813595. 0. 2.32084345979e+13 0 0
49.115 1 BAT 0 68 0 0 1 52 0 0
49.118 1 ATTITUDE 0.070053 0.983597 0.111131
49.369 1 DESIRED 0. 0.01 0. 0. 0. 235. 0. 20.
49.374 1 GPS 0 16602147 0 0 -17000 0 0 0 52500 31 3
49.377 1 SVINFO 3 16 16 1 0 -91 0
49.381 1 NAVIGATION 0 2 -194263.5 -4813595. 0. 2.32084345979e+13 0 0
49.384 1 ATTITUDE 0.070282 0.983894 0.111209
49.392 1 NAVIGATION 0 2 -194263.5 -4813595. 0. 2.32084345979e+13 0 0
49.395 1 ATTITUDE 0.070365 0.983919 0.111054
49.403 1 DESIRED 0. 0.01 0. 0. 0. 235. 0. 20.
49.651 1 GPS 0 16602147 0 0 -17000 0 0 0 53500 31 7
49.653 1 SVINFO 7 20 16 1 0 -91 0
49.657 1 BAT 0 68 0 0 1 53 0 0
49.661 1 NAVIGATION 0 2 -194263.5 -4813595. 0. 2.32084345979e+13 0 0
49.665 1 ATTITUDE 0.070487 0.983981 0.111108
49.667 1 ESTIMATOR -17. 0.
49.670 1 ATTITUDE 0.070674 0.984106 0.111096
49.683 1 SVINFO 9 24 16 1 0 -91 0
49.687 1 ENERGY 6.8 0. 0 0.
49.691 1 NAVIGATION 0 2 -194263.5 -4813595. 0. 2.32084345979e+13 0 0
49.695 1 ATTITUDE 0.070552 0.983552 0.1113
49.797 1 DOWNLINK_STATUS 0 50 33048 1482 26 765. 34. 1418.61
49.944 1 DESIRED 0. 0.01 0. 0. 0. 235. 0. 20.
49.947 1 ESTIMATOR -17. 0.
49.950 1 ATTITUDE 0.070518 0.983559 0.111188
49.954 1 WP_MOVED 1 360285. 4813595. 260. 31
49.955 1 STATE_FILTER_STATUS 3 0
49.966 1 ESTIMATOR -17. 0.
49.969 1 BAT 0 68 0 0 1 54 0 0
49.972 1 ATTITUDE 0.070627 0.983628 0.111219
49.979 1 DESIRED 0. 0.01 0. 0. 0. 235. 0. 20.
49.982 1 WP_MOVED 2 360334.5 4813695. 260. 31
50.232 1 GPS 0 16602147 0 0 -17000 0 0 0 54750 31 12
50.234 1 SVINFO 12 29 16 1 0 -91 0
50.239 1 NAVIGATION 0 2 -194263.5 -4813595. 0. 2.32084345979e+13 0 0
50.242 1 ATTITUDE 0.070497 0.98346 0.111324
50.245 1 COMMANDS 0,-2110,-2074,0,0
50.248 1 ATTITUDE 0.070643 0.983314 0.111262
50.524 1 ATTITUDE 0.070883 0.983366 0.111378
50.531 1 DESIRED 0. 0.01 0. 0. 0. 235. 0. 20.
50.543 1 ATTITUDE 0.071158 0.983583 0.111107
50.545 1 ESTIMATOR -17. 0.
50.548 1 PPRZ_MODE 2 0 0 0 0 6
50.555 1 ATTITUDE 0.070999 0.983709 0.111216
50.557 1 DESIRED 0. 0.01 0. 0. 0. 235. 0. 20.
50.797 1 DOWNLINK_STATUS 0 51 33540 1505 29 492. 23. -3582.18
51.125 1 WP_MOVED 4 360417.3125 4813734. 260. 31
51.128 1 BAT 0 68 0 0 1 55 0 0
51.134 1 GPS 0 16602147 0 0 -17000 0 0 0 55750 31 16
51.136 1 SVINFO 0 1 16 1 0 -91 0
51.139 1 FBW_STATUS 2 0 1 68 0
51.144 1 NAVIGATION 0 2 -194263.5 -4813595. 0. 2.32084345979e+13 0 0
51.744 1 DESIRED 0. 0.01 0. 0. 0. 235. 0. 20.
51.747 1 ESTIMATOR -17. 0.
51.748 1 WIND_INFO 1 42 0. 0. 0.
51.750 1 ATTITUDE 0.070817 0.983555 0.111201
51.754 1 WP_MOVED 5 360422. 4813583.5 260. 31
51.759 1 GPS 0 16602147 0 0 -17000 0 0 0 56250 31 2
51.762 1 SVINFO 2 15 16 1 0 -91 0
51.766 1 NAVIGATION 0 2 -194263.5 -4813595. 0. 2.32084345979e+13 0 0
51.769 1 ATTITUDE 0.070595 0.983172 0.111093
51.776 1 DESIRED 0. 0.01 0. 0. 0. 235. 0. 20.
51.798 1 DOWNLINK_STATUS 0 52 33888 1520 30 348. 15. -3582.18
52.317 1 NAVIGATION_REF 360285 4813595 31
52.320 1 ATTITUDE 0.070735 0.983289 0.111173
52.325 1 NAVIGATION 0 2 -194263.5 -4813595. 0. 2.32084345979e+13 0 0
52.326 1 STATE_FILTER_STATUS 3 0
52.330 1 ATTITUDE 0.070592 0.983206 0.111016
52.336 1 DESIRED 0. 0.01 0. 0. 0. 235. 0. 20.
52.342 1 GPS 0 16602147 0 0 -17000 0 0 0 56500 31 3
52.344 1 SVINFO 3 17 16 1 0 -91 0
52.346 1 DL_VALUE 4 0.
52.351 1 NAVIGATION 0 2 -194263.5 -4813595. 0. 2.32084345979e+13 0 0
52.354 1 ATTITUDE 0.070489 0.983133 0.111213
52.356 1 ESTIMATOR -17. 0.
52.799 1 DOWNLINK_STATUS 0 53 34128 1532 30 240. 12. -3582.18
52.928 1 ATTITUDE 0.071218 0.983476 0.110887
52.934 1 DESIRED 0. 0.01 0. 0. 0. 235. 0. 20.
52.938 1 WP_MOVED 6 360165.8125 4813664.5 260. 31
52.942 1 ALIVE 127,143,36,92,227,135,101,193,8,38,3,159,15,71,29,142
52.947 1 GPS 0 16602147 0 0 -17000 0 0 0 56750 31 4
52.949 1 SVINFO 4 18 16 1 0 -91 0
52.954 1 NAVIGATION 0 2 -194263.5 -4813595. 0. 2.32084345979e+13 0 0
52.958 1 ATTITUDE 0.069859 0.983 0.113111
52.961 1 BAT 0 68 0 0 1 57 0 0
52.963 1 ATTITUDE 0.068979 0.982152 0.119956
53.536 1 DESIRED 0. 0.01 0. 0. 0. 235. 0. 20.
53.539 1 IMU_ACCEL -1.919922 -9.608398 0.008789
53.543 1 ATTITUDE 0.078518 0.981687 0.115425
53.548 1 GPS 0 16602147 0 0 -17000 0 0 0 57000 31 5
53.551 1 SVINFO 5 19 16 1 0 -91 0
53.558 1 IMU_GYRO -0.052979 0.046631 0.003174
53.558 1 NAVIGATION 0 2 -194263.5 -4813595. 0. 2.32084345979e+13 0 0
53.561 1 ATTITUDE 0.075684 0.981645 0.117351
53.569 1 DESIRED 0. 0.02 0. 0. 0. 235. 0. 20.
53.571 1 ESTIMATOR -17. 0.
53.573 1 GPS_SOL 649594368 100000 9999 0
53.577 1 IMU_MAG -2.745605 -2.433594 -4.586914
53.799 1 DOWNLINK_STATUS 0 54 34627 1554 30 499. 22. -3582.18
54.184 1 ATTITUDE 0.072982 0.981227 0.118517
54.187 1 WP_MOVED 7 360559.40625 4813804.5 260. 31
54.193 1 GPS 0 16602147 0 0 -17000 0 0 0 57250 31 6
54.196 1 SVINFO 6 20 16 1 0 -91 0
54.200 1 NAVIGATION 0 2 -194263.5 -4813595. 0. 2.32084345979e+13 0 0
54.203 1 ATTITUDE 0.075297 0.981609 0.117484
54.210 1 DESIRED 0. 0.02 0. 0. 0. 235. 0. 20.
54.213 1 ATTITUDE 0.073519 0.981746 0.11831
54.218 1 NAVIGATION 0 2 -194263.5 -4813595. 0. 2.32084345979e+13 0 0
54.221 1 ATTITUDE 0.073479 0.982101 0.118521
54.227 1 DESIRED 0. 0.01 0. 0. 0. 235. 0. 20.
54.801 1 DOWNLINK_STATUS 0 55 34894 1565 30 267. 11. -3582.18
54.833 1 GPS 0 16602147 0 0 -17000 0 0 0 57500 31 7
54.835 1 SVINFO 7 21 16 1 0 -91 0
54.840 1 NAVIGATION 0 2 -194263.5 -4813595. 0. 2.32084345979e+13 0 0
54.843 1 ATTITUDE 0.073716 0.982213 0.118364
54.844 1 ESTIMATOR -17. 0.
54.848 1 ATTITUDE 0.072022 0.981729 0.11877
54.855 1 DESIRED 0. 0.01 0. 0. 0. 235. 0. 20.
54.858 1 WP_MOVED 8 360462.40625 4813640. 215. 31
54.864 1 GPS 0 16602147 0 0 -17000 0 0 0 57750 31 8
54.866 1 SVINFO 8 24 16 1 0 -91 0
54.868 1 FBW_STATUS 2 0 1 68 0
55.802 1 DOWNLINK_STATUS 0 56 35137 1576 30 243. 11. -8583.25
56.420 1 NAVIGATION 0 2 -194263.5 -4813595. 0. 2.32084345979e+13 0 0
56.423 1 ATTITUDE 0.071135 0.981584 0.119255
56.426 1 ATTITUDE 0.071139 0.981794 0.119335
56.432 1 DESIRED 0. 0.01 0. 0. 0. 235. 0. 20.
56.436 1 BAT 0 68 0 0 1 58 0 0
56.438 1 CALIBRATION 0. 0
56.441 1 ATTITUDE 0.071006 0.982061 0.119521
56.447 1 GPS 0 16602147 0 0 -17000 0 0 0 58000 31 9
56.449 1 SVINFO 9 25 16 1 0 -91 0
56.451 1 DL_VALUE 5 0.
56.456 1 NAVIGATION 0 2 -194263.5 -4813595. 0. 2.32084345979e+13 0 0
56.459 1 ATTITUDE 0.069165 0.981843 0.12049
56.700 1 DESIRED 0. 0.01 0. 0. 0. 235. 0. 20.
56.702 1 ESTIMATOR -17. 0.
56.706 1 ATTITUDE 0.071291 0.982107 0.119002
56.709 1 WP_MOVED 9 360313.8125 4813652. 185. 31
56.715 1 GPS 0 16602147 0 0 -17000 0 0 0 58250 31 10
56.717 1 SVINFO 10 27 16 1 0 -91 0
56.722 1 NAVIGATION 0 2 -194263.5 -4813595. 0. 2.32084345979e+13 0 0
56.725 1 ATTITUDE 0.07239 0.982249 0.118254
56.731 1 DESIRED 0. 0.01 0. 0. 0. 235. 0. 20.
56.733 1 DOWNLINK 8 853 2211
56.737 1 ATTITUDE 0.073118 0.982633 0.1178
56.803 1 DOWNLINK_STATUS 0 57 35637 1599 30 500. 23. -8583.25
56.985 1 NAVIGATION 0 2 -194263.5 -4813595. 0. 2.32084345979e+13 0 0
56.988 1 ATTITUDE 0.07369 0.982567 0.117364
56.995 1 DESIRED 0. 0.01 0. 0. 0. 235. 0. 20.
57.001 1 GPS 0 16602147 0 0 -17000 0 0 0 58500 31 11
57.002 1 SVINFO 11 28 16 1 0 -91 0
57.008 1 NAVIGATION 0 2 -194263.5 -4813595. 0. 2.32084345979e+13 0 0
57.010 1 ATTITUDE 0.072805 0.982602 0.117301
57.012 1 ESTIMATOR -17. 0.
57.014 1 STATE_FILTER_STATUS 3 0
57.016 1 PPRZ_MODE 2 0 0 0 0 6
57.019 1 ATTITUDE 0.07023 0.982941 0.114602
57.027 1 DESIRED 0. 0.01 0. 0. 0. 235. 0. 20.
57.272 1 WP_MOVED 10 360453.8125 4813581. 260. 31
57.278 1 GPS 0 16602147 0 0 -17000 0 0 0 58750 31 12
57.280 1 SVINFO 12 29 16 1 0 -91 0
57.285 1 NAVIGATION 0 2 -194263.5 -4813595. 0. 2.32084345979e+13 0 0
57.288 1 ATTITUDE 0.070135 0.983441 0.114086
57.291 1 ATTITUDE 0.076127 0.984593 0.113987
57.303 1 ATTITUDE 0.059113 0.98146 0.126314
57.310 1 DESIRED 0. 0.01 0. 0. 0. 235. 0. 20.
57.312 1 ESTIMATOR -17. 0.
57.315 1 GPS_SOL 649599744 100000 9999 0
57.565 1 ATTITUDE 0.043721 0.978925 0.13724
57.565 1 WP_MOVED 11 360170.5 4813757.5 260. 31
57.570 1 GPS 0 16602147 0 0 -17000 0 0 0 59250 31 14
57.572 1 SVINFO 14 31 16 1 0 -91 0
57.577 1 NAVIGATION 0 2 -194263.5 -4813595. 0. 2.32084345979e+13 0 0
57.589 1 DESIRED 0. 0.02 0. 0. 0. 235. 0. 20.
57.593 1 WP_MOVED 0 360327. 4813637. 260. 31
57.598 1 GPS 0 16602147 0 0 -17000 0 0 0 59750 31 16
57.601 1 SVINFO 0 1 16 1 0 -91 0
57.803 1 DOWNLINK_STATUS 0 58 36333 1630 32 696. 31. -8583.25
57.847 1 FBW_STATUS 2 0 1 68 0
57.851 1 NAVIGATION 0 2 -194263.5 -4813595. 0. 2.32084345979e+13 0 0
57.854 1 ATTITUDE -0.121097 0.943799 0.248898
57.857 1 COMMANDS 0,4816,-6999,0,0
57.860 1 ATTITUDE -0.1565 0.933737 0.271119
57.867 1 DESIRED 0. 0.03 0. 0. 0. 235. 0. 20.
58.144 1 ATTITUDE -0.298491 0.894001 0.356973
58.150 1 DESIRED 0. 0.06 0. 0. 0. 235. 0. 20.
58.165 1 DESIRED 0. 0.07 0. 0. 0. 235. 0. 20.
58.168 1 ATTITUDE -0.340676 0.885692 0.381607
58.173 1 GPS 0 16602147 0 0 -17000 0 0 0 61000 31 5
58.176 1 SVINFO 5 19 16 2 22 -91 0
58.421 1 DL_VALUE 7 2.
58.426 1 NAVIGATION 0 2 -194263.5 -4813595. 0. 2.32084345979e+13 0 0
58.429 1 ATTITUDE -0.340847 0.887122 0.381944
58.436 1 DESIRED 0. 0.07 0. 0. 0. 235. 0. 20.
58.438 1 ESTIMATOR -17. 0.
58.441 1 GPS_SOL 649605376 100000 9999 0
58.453 1 DESIRED 0. 0.07 0. 0. 0. 235. 0. 20.
58.458 1 GPS 0 16602147 0 0 -17000 0 0 0 61500 31 7
58.461 1 SVINFO 7 21 16 1 0 -91 0
58.464 1 ENERGY 6.8 0. 0 0.
58.711 1 NAVIGATION 0 2 -194263.5 -4813595. 0. 2.32084345979e+13 0 0
58.714 1 ATTITUDE -0.337945 0.895834 0.381763
58.717 1 ESTIMATOR -17. 0.
58.719 1 PPRZ_MODE 2 0 0 0 0 6
58.722 1 ATTITUDE -0.338505 0.89709 0.382321
58.729 1 DESIRED 0. 0.07 0. 0. 0. 235. 0. 20.
58.739 1 DESIRED 0. 0.07 0. 0. 0. 235. 0. 20.
58.742 1 ESTIMATOR -17. 0.
58.743 1 CALIBRATION 0. 0
58.747 1 IMU_MAG -2.615723 -2.646973 -4.652344
58.750 1 ATTITUDE -0.335916 0.905419 0.382275
58.804 1 DOWNLINK_STATUS 0 59 37078 1663 36 745. 33. -8583.25
58.995 1 WP_MOVED 5 360422. 4813583.5 260. 31
59.001 1 GPS 0 16602147 0 0 -17000 0 0 0 62250 31 10
59.004 1 SVINFO 10 27 16 1 0 -91 0
59.009 1 NAVIGATION 0 2 -194263.5 -4813595. 0. 2.32084345979e+13 0 0
59.011 1 ATTITUDE -0.335112 0.907213 0.382112
59.024 1 SVINFO 12 29 16 1 0 -91 0
59.030 1 NAVIGATION 0 2 -194263.5 -4813595. 0. 2.32084345979e+13 0 0
59.032 1 ATTITUDE -0.314515 0.922054 0.37208
59.035 1 ATTITUDE -0.313631 0.923632 0.37171
59.286 1 DESIRED 0. 0.06 0. 0. 0. 235. 0. 20.
59.288 1 ATTITUDE -0.313125 0.925171 0.371633
59.294 1 GPS 0 16602147 0 0 -17000 0 0 0 63000 31 13
59.296 1 SVINFO 13 30 16 1 0 -91 0
59.298 1 STATE_FILTER_STATUS 3 0
59.302 1 NAVIGATION 0 2 -194263.5 -4813595. 0. 2.32084345979e+13 0 0
59.311 1 NAVIGATION 0 2 -194263.5 -4813595. 0. 2.32084345979e+13 0 0
59.314 1 ATTITUDE -0.316877 0.942956 0.376688
59.321 1 DESIRED 0. 0.06 0. 0. 0. 235. 0. 20.
59.570 1 GPS 0 16602147 0 0 -17000 0 0 0 64500 31 3
59.572 1 SVINFO 3 14 16 1 0 -91 0
59.576 1 BAT 0 68 0 0 1 64 0 0
59.580 1 NAVIGATION 0 2 -194263.5 -4813595. 0. 2.32084345979e+13 0 0
59.584 1 ATTITUDE -0.299261 0.950507 0.36683
59.586 1 ESTIMATOR -17. 0.
59.588 1 PPRZ_MODE 2 0 0 0 0 6
59.591 1 ATTITUDE -0.244617 0.970894 0.335627
59.598 1 DESIRED 0. 0.05 0. 0. 0. 235. 0. 20.
59.601 1 WP_MOVED 10 360453.8125 4813581. 260. 31
59.607 1 GPS 0 16602147 0 0 -17000 0 0 0 64750 31 4
59.609 1 SVINFO 4 15 16 1 0 -91 0
59.804 1 DOWNLINK_STATUS 0 60 37746 1693 38 668. 30. -8583.25
59.856 1 NAVIGATION 0 2 -194263.5 -4813595. 0. 2.32084345979e+13 0 0
59.860 1 ATTITUDE -0.123728 1.009059 0.260553
59.863 1 COMMANDS 0,-1577,8711,0,0
59.866 1 ATTITUDE 0.029331 1.043651 0.160799
59.872 1 DESIRED 0. 0.01 0. 0. 0. 235. 0. 20.
59.875 1 ACTUATORS 1200,1509,1405,1405,1350
59.878 1 ATTITUDE 0.068837 1.050127 0.134069
59.884 1 GPS 0 16602147 0 0 -17000 0 0 0 65000 31 5
59.886 1 SVINFO 5 19 16 1 0 -91 0
59.891 1 NAVIGATION 0 2 -194263.5 -4813595. 0. 2.32084345979e+13 0 0
59.894 1 ATTITUDE 0.073199 1.050274 0.124715
60.143 1 DESIRED 0. 0.01 0. 0. 0. 235. 0. 20.
60.146 1 ESTIMATOR -17. 0.
60.149 1 GPS_SOL 649617024 100000 9999 0
60.152 1 ATTITUDE 0.072322 1.050653 0.122607
60.155 1 WP_MOVED 11 360170.5 4813757.5 260. 31
60.157 1 STATE_FILTER_STATUS 3 0
60.162 1 GPS 0 16602147 0 0 -17000 0 0 0 65250 31 6
60.165 1 SVINFO 6 20 16 1 0 -91 0
60.169 1 NAVIGATION 0 2 -194263.5 -4813595. 0. 2.32084345979e+13 0 0
60.173 1 ATTITUDE 0.072397 1.050448 0.12211
60.179 1 DESIRED 0. 0.01 0. 0. 0. 235. 0. 20.
60.182 1 NAVIGATION_REF 360285 4813595 31
60.185 1 ATTITUDE 0.072878 1.050126 0.122052
60.432 1 NAVIGATION 0 2 -194263.5 -4813595. 0. 2.32084345979e+13 0 0
60.435 1 ATTITUDE 0.071386 1.049293 0.121906
60.442 1 DESIRED 0. 0.01 0. 0. 0. 235. 0. 20.
60.447 1 GPS 0 16602147 0 0 -17000 0 0 0 65500 31 7
60.450 1 SVINFO 7 21 16 1 0 -91 0
60.452 1 DL_VALUE 10 0.
60.456 1 NAVIGATION 0 2 -194263.5 -4813595. 0. 2.32084345979e+13 0 0
60.459 1 ATTITUDE 0.072945 1.049178 0.123314
60.462 1 ESTIMATOR -17. 0.
60.466 1 BAT 0 68 0 0 1 65 0 0
60.469 1 ATTITUDE 0.073375 1.04876 0.122515
60.805 1 DOWNLINK_STATUS 0 61 38504 1728 38 758. 35. -13584.21
61.464 1 DESIRED 0. 0.01 0. 0. 0. 235. 0. 20.
61.467 1 WP_MOVED 0 360327. 4813637. 260. 31
61.473 1 GPS 0 16602147 0 0 -17000 0 0 0 65750 31 8
61.475 1 SVINFO 8 24 16 1 0 -91 0
61.478 1 FBW_STATUS 2 0 1 68 0
61.483 1 NAVIGATION 0 2 -194263.5 -4813595. 0. 2.32084345979e+13 0 0
61.486 1 ATTITUDE 0.072864 1.047429 0.128018
61.489 1 ATTITUDE 0.074837 1.045753 0.128077
61.495 1 DESIRED 0. 0.01 0. 0. 0. 235. 0. 20.
61.498 1 ATTITUDE 0.069979 1.044051 0.133774
61.504 1 GPS 0 16602147 0 0 -17000 0 0 0 66000 31 9
61.507 1 SVINFO 9 25 16 1 0 -91 0
61.748 1 WIND_INFO 1 42 0. 0. 0.
61.756 1 NAVIGATION 0 2 -194263.5 -4813595. 0. 2.32084345979e+13 0 0
61.759 1 ATTITUDE 0.062651 1.042587 0.142578
61.765 1 DESIRED 0. 0.01 0. 0. 0. 235. 0. 20.
61.768 1 ESTIMATOR -17. 0.
61.771 1 ATTITUDE 0.060049 1.039696 0.14949
61.774 1 WP_MOVED 1 360285. 4813595. 260. 31
61.780 1 GPS 0 16602147 0 0 -17000 0 0 0 66250 31 10
61.782 1 SVINFO 10 27 16 1 0 -91 0
61.787 1 NAVIGATION 0 2 -194263.5 -4813595. 0. 2.32084345979e+13 0 0
61.790 1 ATTITUDE 0.063696 1.039286 0.152616
61.805 1 DOWNLINK_STATUS 0 62 39014 1750 38 510. 22. -13584.21
62.303 1 DESIRED 0. 0.01 0. 0. 0. 235. 0. 20.
62.305 1 CALIBRATION 0. 0
62.308 1 ATTITUDE 0.065903 1.03724 0.15521
62.312 1 NAVIGATION 0 2 -194263.5 -4813595. 0. 2.32084345979e+13 0 0
62.315 1 ATTITUDE 0.061029 1.03072 0.162256
62.322 1 DESIRED 0. 0.01 0. 0. 0. 235. 0. 20.
62.328 1 GPS 0 16602147 0 0 -17000 0 0 0 66500 31 11
62.330 1 SVINFO 11 28 16 1 0 -91 0
62.333 1 ENERGY 6.8 0. 0 0.
62.338 1 NAVIGATION 0 2 -194263.5 -4813595. 0. 2.32084345979e+13 0 0
62.806 1 DOWNLINK_STATUS 0 63 39256 1760 38 242. 10. -13584.21
62.879 1 ATTITUDE 0.057807 1.026573 0.165161
62.881 1 ESTIMATOR -17. 0.
62.884 1 ATTITUDE 0.054027 1.025418 0.168363
62.891 1 DESIRED 0. 0.01 0. 0. 0. 235. 0. 20.
62.895 1 WP_MOVED 2 360334.5 4813695. 260. 31
62.898 1 BAT 0 68 0 0 1 66 0 0
62.902 1 ALIVE 127,143,36,92,227,135,101,193,8,38,3,159,15,71,29,142
62.908 1 GPS 0 16602147 0 0 -17000 0 0 0 66750 31 12
62.910 1 SVINFO 12 29 16 1 0 -91 0
62.915 1 NAVIGATION 0 2 -194263.5 -4813595. 0. 2.32084345979e+13 0 0
62.918 1 ATTITUDE 0.054372 1.022693 0.171122
63.808 1 DOWNLINK_STATUS 0 64 39499 1771 38 243. 11. -13584.21
63.811 1 ATTITUDE 0.052584 1.019399 0.177944
63.817 1 DESIRED 0. 0.01 0. 0. 0. 235. 0. 20.
63.821 1 IMU_ACCEL -1.963867 -9.631836 0.344727
63.824 1 ATTITUDE 0.046303 1.015222 0.190062
63.829 1 GPS 0 16602147 0 0 -17000 0 0 0 67000 31 13
63.832 1 SVINFO 13 30 16 1 0 -91 0
63.834 1 DL_VALUE 0 0.
63.837 1 IMU_GYRO 0.003174 -0.036133 0.19043
63.841 1 NAVIGATION 0 2 -194263.5 -4813595. 0. 2.32084345979e+13 0 0
63.845 1 ATTITUDE 0.040963 1.010199 0.214752
63.851 1 DESIRED 0. 0.01 0. 0. 0. 235. 0. 20.
64.469 1 ESTIMATOR -17. 0.
64.472 1 GPS_SOL 649623104 100000 9999 0
64.475 1 IMU_MAG -2.674316 -2.436523 -4.626465
64.478 1 ATTITUDE 0.042671 1.003636 0.242727
64.481 1 WP_MOVED 3 360295.09375 4813785. 260. 31
64.487 1 GPS 0 16602147 0 0 -17000 0 0 0 67250 31 14
64.489 1 SVINFO 14 31 16 1 0 -91 0
64.494 1 NAVIGATION 0 2 -194263.5 -4813595. 0. 2.32084345979e+13 0 0
64.497 1 ATTITUDE 0.062358 0.998032 0.264478
64.504 1 DESIRED 0. 0.01 0. 0. 0. 235. 0. 20.
64.507 1 ATTITUDE 0.082878 1.001459 0.287216
64.511 1 NAVIGATION 0 2 -194263.5 -4813595. 0. 2.32084345979e+13 0 0
64.756 1 STATE_FILTER_STATUS 3 0
64.759 1 ATTITUDE 0.091041 1.015641 0.319358
64.766 1 DESIRED 0. 0.02 0. 0. 0. 235. 0. 20.
64.772 1 GPS 0 16602147 0 0 -17000 0 0 0 67500 31 15
64.774 1 SVINFO 15 32 16 1 0 -91 0
64.779 1 NAVIGATION 0 2 -194263.5 -4813595. 0. 2.32084345979e+13 0 0
64.782 1 ATTITUDE 0.092676 1.030564 0.34597
64.784 1 ESTIMATOR -17. 0.
64.786 1 PPRZ_MODE 2 0 0 0 0 6
64.790 1 ATTITUDE 0.087481 1.036116 0.360459
64.796 1 DESIRED 0. 0.02 0. 0. 0. 235. 0. 20.
64.800 1 WP_MOVED 4 360417.3125 4813734. 260. 31
64.808 1 DOWNLINK_STATUS 0 65 40267 1806 38 768. 35. -13584.21
65.048 1 GPS 0 16602147 0 0 -17000 0 0 0 67750 31 16
65.050 1 SVINFO 0 1 16 1 0 -91 0
65.052 1 FBW_STATUS 2 0 1 68 0
65.058 1 NAVIGATION 0 2 -194263.5 -4813595. 0. 2.32084345979e+13 0 0
65.061 1 ATTITUDE 0.083947 1.026346 0.360538
65.063 1 BAT 0 68 0 0 1 68 0 0
65.068 1 ATTITUDE 0.079381 1.006921 0.352537
65.074 1 DESIRED 0. 0.02 0. 0. 0. 235. 0. 20.
65.077 1 ATTITUDE 0.070163 0.986292 0.34473
65.082 1 GPS 0 16602147 0 0 -17000 0 0 0 68000 31 1
65.084 1 SVINFO 1 4 16 1 0 -91 0
65.331 1 NAVIGATION 0 2 -194263.5 -4813595. 0. 2.32084345979e+13 0 0
65.334 1 ATTITUDE 0.057992 0.969491 0.338734
65.342 1 DESIRED 0. 0.01 0. 0. 0. 235. 0. 20.
65.343 1 ESTIMATOR -17. 0.
65.347 1 ATTITUDE 0.05006 0.956736 0.33277
65.350 1 WP_MOVED 5 360422. 4813583.5 260. 31
65.356 1 GPS 0 16602147 0 0 -17000 0 0 0 68250 31 2
65.358 1 SVINFO 2 5 16 1 0 -91 0
65.363 1 NAVIGATION 0 2 -194263.5 -4813595. 0. 2.32084345979e+13 0 0
65.366 1 ATTITUDE 0.046056 0.950253 0.32799
65.372 1 DESIRED 0. 0.01 0. 0. 0. 235. 0. 20.
65.809 1 DOWNLINK_STATUS 0 66 40778 1828 38 511. 22. -18584.98
66.810 1 DOWNLINK_STATUS 0 67 40778 1828 38 0. 0. -18584.98
66.825 1 ATTITUDE 0.047892 0.951806 0.331228
66.830 1 NAVIGATION 0 2 -194263.5 -4813595. 0. 2.32084345979e+13 0 0
66.831 1 CALIBRATION 0. 0
66.835 1 ATTITUDE 0.060146 0.961785 0.348847
66.841 1 DESIRED 0. 0.01 0. 0. 0. 235. 0. 20.
66.847 1 GPS 0 16602147 0 0 -17000 0 0 0 68500 31 3
66.848 1 SVINFO 3 6 16 1 0 -91 0
66.850 1 DL_VALUE 1 0.
66.852 1 DOWNLINK 8 852 2597
66.858 1 NAVIGATION 0 2 -194263.5 -4813595. 0. 2.32084345979e+13 0 0
66.861 1 ATTITUDE 0.078738 0.980102 0.374709
66.862 1 ESTIMATOR -17. 0.
66.866 1 ATTITUDE 0.098124 1.006151 0.397187
67.116 1 DESIRED 0. 0.02 0. 0. 0. 235. 0. 20.
67.119 1 WP_MOVED 6 360165.8125 4813664.5 260. 31
67.125 1 GPS 0 16602147 0 0 -17000 0 0 0 68750 31 4
67.127 1 SVINFO 4 14 16 1 0 -91 0
67.139 1 NAVIGATION 0 2 -194263.5 -4813595. 0. 2.32084345979e+13 0 0
67.141 1 ATTITUDE 0.132638 1.059359 0.434253
67.149 1 DESIRED 0. 0.03 0. 0. 0. 235. 0. 20.
67.397 1 GPS 0 16602147 0 0 -17000 0 0 0 69500 31 7
67.399 1 SVINFO 7 20 16 1 0 -91 0
67.404 1 NAVIGATION 0 2 -194263.5 -4813595. 0. 2.32084345979e+13 0 0
67.407 1 ATTITUDE 0.135694 1.062936 0.442533
67.409 1 ESTIMATOR -17. 0.
67.411 1 STATE_FILTER_STATUS 3 0
67.414 1 ATTITUDE 0.139045 1.062047 0.450639
67.421 1 DESIRED 0. 0.03 0. 0. 0. 235. 0. 20.
67.424 1 WP_MOVED 8 360462.40625 4813640. 215. 31
67.430 1 GPS 0 16602147 0 0 -17000 0 0 0 69750 31 8
67.432 1 SVINFO 8 24 16 1 0 -91 0
67.435 1 FBW_STATUS 2 0 1 68 0
67.439 1 NAVIGATION 0 2 -194263.5 -4813595. 0. 2.32084345979e+13 0 0
67.686 1 ATTITUDE 0.142188 1.061674 0.459805
67.689 1 COMMANDS 0,-4455,-9600,0,0
67.692 1 ATTITUDE 0.147119 1.064223 0.469048
67.698 1 DESIRED 0. 0.03 0. 0. 0. 235. 0. 20.
67.701 1 ACTUATORS 1200,1000,1263,1263,1350
67.704 1 ATTITUDE 0.152045 1.06972 0.476584
67.718 1 GPS 0 16602147 0 0 -17000 0 0 0 70250 31 10
67.721 1 SVINFO 10 27 16 1 0 -91 0
67.725 1 NAVIGATION 0 2 -194263.5 -4813595. 0. 2.32084345979e+13 0 0
67.728 1 ATTITUDE 0.159384 1.080594 0.482607
67.811 1 DOWNLINK_STATUS 0 68 41716 1871 40 938. 43. -18584.98
67.978 1 DESIRED 0. 0.03 0. 0. 0. 235. 0. 20.
67.981 1 ATTITUDE 0.160849 1.08289 0.483516
67.986 1 NAVIGATION 0 2 -194263.5 -4813595. 0. 2.32084345979e+13 0 0
67.989 1 ATTITUDE 0.160855 1.084927 0.485575
68.001 1 ATTITUDE 0.167811 1.093292 0.49144
68.004 1 ATTITUDE 0.169244 1.097743 0.494044
68.011 1 DESIRED 0. 0.03 0. 0. 0. 235. 0. 20.
68.014 1 ATTITUDE 0.171321 1.101585 0.495568
68.263 1 GPS 0 16602147 0 0 -17000 0 0 0 71000 31 13
68.265 1 SVINFO 13 30 16 1 0 -91 0
68.270 1 NAVIGATION 0 2 -194263.5 -4813595. 0. 2.32084345979e+13 0 0
68.273 1 ATTITUDE 0.172318 1.104685 0.497395
68.279 1 DESIRED 0. 0.03 0. 0. 0. 235. 0. 20.
68.289 1 DESIRED 0. 0.03 0. 0. 0. 235. 0. 20.
68.292 1 WP_MOVED 0 360327. 4813637. 260. 31
68.296 1 ALIVE 127,143,36,92,227,135,101,193,8,38,3,159,15,71,29,142
68.302 1 GPS 0 16602147 0 0 -17000 0 0 0 71750 31 16
68.547 1 SVINFO 0 1 16 1 0 -91 0
68.549 1 FBW_STATUS 2 0 1 68 0
68.554 1 NAVIGATION 0 2 -194263.5 -4813595. 0. 2.32084345979e+13 0 0
68.557 1 ATTITUDE 0.128508 1.13859 0.40642
68.559 1 STATE_FILTER_STATUS 3 0
68.562 1 ATTITUDE 0.089799 1.108369 0.375638
68.578 1 NAVIGATION 0 2 -194263.5 -4813595. 0. 2.32084345979e+13 0 0
68.579 1 ATTITUDE 0.027178 0.927588 0.377972
68.585 1 DESIRED 0. 0.01 0. 0. 0. 235. 0. 20.
68.811 1 DOWNLINK_STATUS 0 69 42333 1897 43 617. 26. -18584.98
68.834 1 GPS 0 16602147 0 0 -17000 0 0 0 72500 31 3
68.836 1 SVINFO 3 6 16 1 0 -91 0
68.841 1 NAVIGATION 0 2 -194263.5 -4813595. 0. 2.32084345979e+13 0 0
68.844 1 ATTITUDE 0.031329 0.945019 0.39963
68.846 1 ESTIMATOR -17. 0.
68.847 1 CALIBRATION 0. 0
68.851 1 ATTITUDE 0.047072 0.970908 0.432356
68.858 1 DESIRED 0. 0.01 0. 0. 0. 235. 0. 20.
68.862 1 WP_MOVED 2 360334.5 4813695. 260. 31
68.867 1 GPS 0 16602147 0 0 -17000 0 0 0 72750 31 4
68.870 1 SVINFO 4 8 16 1 0 -91 0
68.874 1 NAVIGATION 0 2 -194263.5 -4813595. 0. 2.32084345979e+13 0 0
68.877 1 ATTITUDE 0.064374 0.999529 0.455927
69.124 1 ATTITUDE 0.078587 1.023962 0.466436
69.130 1 DESIRED 0. 0.02 0. 0. 0. 235. 0. 20.
69.132 1 ATTITUDE 0.087173 1.04002 0.469002
69.139 1 GPS 0 16602147 0 0 -17000 0 0 0 73000 31 5
69.140 1 SVINFO 5 15 16 1 0 -91 0
69.142 1 DL_VALUE 4 0.
69.148 1 NAVIGATION 0 2 -194263.5 -4813595. 0. 2.32084345979e+13 0 0
69.150 1 ATTITUDE 0.09082 1.045131 0.472983
69.158 1 DESIRED 0. 0.02 0. 0. 0. 235. 0. 20.
69.159 1 ESTIMATOR -17. 0.
69.162 1 GPS_SOL 649642560 100000 9999 0
69.408 1 ATTITUDE 0.09463 1.042496 0.478361
69.411 1 WP_MOVED 3 360295.09375 4813785. 260. 31
69.417 1 GPS 0 16602147 0 0 -17000 0 0 0 73250 31 6
69.419 1 SVINFO 6 22 16 1 0 -91 0
69.424 1 NAVIGATION 0 2 -194263.5 -4813595. 0. 2.32084345979e+13 0 0
69.427 1 ATTITUDE 0.095376 1.040818 0.480455
69.434 1 DESIRED 0. 0.02 0. 0. 0. 235. 0. 20.
69.437 1 BAT 0 68 0 0 1 73 0 0
69.440 1 ATTITUDE 0.093497 1.044742 0.479862
69.445 1 NAVIGATION 0 2 -194263.5 -4813595. 0. 2.32084345979e+13 0 0
69.448 1 ATTITUDE 0.094531 1.050914 0.480668
69.698 1 DESIRED 0. 0.02 0. 0. 0. 235. 0. 20.
69.703 1 GPS 0 16602147 0 0 -17000 0 0 0 73500 31 7
69.706 1 SVINFO 7 23 16 1 0 -91 0
69.710 1 NAVIGATION 0 2 -194263.5 -4813595. 0. 2.32084345979e+13 0 0
69.713 1 ATTITUDE 0.100353 1.057407 0.484695
69.716 1 ESTIMATOR -17. 0.
69.725 1 SVINFO 12 29 16 1 0 -91 0
69.729 1 NAVIGATION 0 2 -194263.5 -4813595. 0. 2.32084345979e+13 0 0
69.732 1 ATTITUDE 0.097455 1.092356 0.418399
69.735 1 COMMANDS 0,-2908,-7435,0,0
69.738 1 ATTITUDE 0.096931 1.096521 0.415367
69.811 1 DOWNLINK_STATUS 0 70 43347 1943 44 1014. 46. -18584.98
69.987 1 DESIRED 0. 0.02 0. 0. 0. 235. 0. 20.
69.990 1 ACTUATORS 1200,1038,1364,1364,1350
69.993 1 ATTITUDE 0.089349 1.099801 0.418871
69.999 1 GPS 0 16602147 0 0 -17000 0 0 0 75000 31 13
70.001 1 SVINFO 13 30 16 1 0 -91 0
70.006 1 NAVIGATION 0 2 -194263.5 -4813595. 0. 2.32084345979e+13 0 0
70.009 1 ATTITUDE 0.086267 1.096867 0.427242
70.016 1 DESIRED 0. 0.02 0. 0. 0. 235. 0. 20.
70.018 1 ESTIMATOR -17. 0.
70.021 1 GPS_SOL 649649408 100000 9999 0
70.024 1 ATTITUDE 0.085202 1.089248 0.415001
70.271 1 WP_MOVED 7 360559.40625 4813804.5 260. 31
70.276 1 GPS 0 16602147 0 0 -17000 0 0 0 75250 31 14
70.279 1 SVINFO 14 31 16 1 0 -91 0
70.283 1 NAVIGATION 0 2 -194263.5 -4813595. 0. 2.32084345979e+13 0 0
70.286 1 ATTITUDE 0.072485 1.079953 0.381827
70.293 1 DESIRED 0. 0.01 0. 0. 0. 235. 0. 20.
70.296 1 ATTITUDE 0.047127 1.066659 0.341734
70.301 1 NAVIGATION 0 2 -194263.5 -4813595. 0. 2.32084345979e+13 0 0
70.304 1 ATTITUDE 0.019226 1.047565 0.291067
70.310 1 DESIRED 0. 0. 0. 0. 0. 235. 0. 20.
70.813 1 DOWNLINK_STATUS 0 71 43847 1964 44 500. 21. -23585.08
71.305 1 GPS 0 16602147 0 0 -17000 0 0 0 75500 31 15
71.308 1 SVINFO 15 32 16 1 0 -91 0
71.311 1 BAT 0 68 0 0 1 75 0 0
71.316 1 NAVIGATION 0 2 -194263.5 -4813595. 0. 2.32084345979e+13 0 0
71.319 1 ATTITUDE 0.029124 1.045994 0.242034
71.321 1 ESTIMATOR -17. 0.
71.324 1 ATTITUDE 0.057892 1.066918 0.220941
71.332 1 DESIRED 0. 0.01 0. 0. 0. 235. 0. 20.
71.335 1 WP_MOVED 8 360462.40625 4813640. 215. 31
71.340 1 GPS 0 16602147 0 0 -17000 0 0 0 75750 31 16
71.343 1 SVINFO 0 1 16 1 0 -91 0
71.345 1 FBW_STATUS 2 0 1 68 0
71.593 1 NAVIGATION 0 2 -194263.5 -4813595. 0. 2.32084345979e+13 0 0
71.596 1 ATTITUDE 0.102023 1.083641 0.179933
71.600 1 ATTITUDE 0.139884 1.092929 0.14791
71.606 1 DESIRED 0. 0.03 0. 0. 0. 235. 0. 20.
71.609 1 ATTITUDE 0.13705 1.088162 0.148572
71.615 1 GPS 0 16602147 0 0 -17000 0 0 0 76000 31 1
71.617 1 SVINFO 1 4 16 1 0 -91 0
71.619 1 DL_VALUE 6 40.
71.624 1 NAVIGATION 0 2 -194263.5 -4813595. 0. 2.32084345979e+13 0 0
71.627 1 ATTITUDE 0.135575 1.087738 0.148881
71.634 1 DESIRED 0. 0.03 0. 0. 0. 235. 0. 20.
71.748 1 WIND_INFO 1 42 0. 0. 0.
71.813 1 DOWNLINK_STATUS 0 72 44369 1987 44 522. 23. -23585.08
71.858 1 ESTIMATOR -17. 0.
71.861 1 ATTITUDE 0.136178 1.086989 0.148163
71.864 1 WP_MOVED 9 360313.8125 4813652. 185. 31
71.866 1 STATE_FILTER_STATUS 3 0
71.872 1 GPS 0 16602147 0 0 -17000 0 0 0 76250 31 2
71.874 1 SVINFO 2 5 16 1 0 -91 0
71.879 1 NAVIGATION 0 2 -194263.5 -4813595. 0. 2.32084345979e+13 0 0
71.882 1 ATTITUDE 0.13555 1.086628 0.147962
71.888 1 DESIRED 0. 0.03 0. 0. 0. 235. 0. 20.
71.891 1 ATTITUDE 0.135543 1.086279 0.147429
71.896 1 NAVIGATION 0 2 -194263.5 -4813595. 0. 2.32084345979e+13 0 0
72.814 1 DOWNLINK_STATUS 0 73 44603 1998 44 234. 11. -23585.08
73.814 1 DOWNLINK_STATUS 0 74 44603 1998 44 0. 0. -23585.08
74.815 1 DOWNLINK_STATUS 0 75 44603 1998 44 0. 0. -23585.08
75.816 1 DOWNLINK_STATUS 0 76 44603 1998 44 0. 0. -28585.92
76.818 1 DOWNLINK_STATUS 0 77 44603 1998 44 0. 0. -28585.92
