2.926 1 GPS 3 33240350 593388928 0 693885 23 -22 1789 426669500 12 4
3.013 1 ATTITUDE 0. 0. 0.
3.049 1 NAVIGATION 1 1 -13.3 -9. 0. 257.4 0 0
3.050 1 DOWNLINK_STATUS 0 3 717 35 1 717. 35. 0.
3.113 1 ATTITUDE 0. 0. 0.
3.213 1 ATTITUDE 0. 0. 0.
3.300 1 NAVIGATION 1 1 -13.2 -5.5 0. 203.3 0 0
3.314 1 ATTITUDE 0. 0. 0.
3.413 1 ATTITUDE 0. 0. 0.
3.513 1 ATTITUDE 0. 0. 0.
3.549 1 NAVIGATION 1 1 -14. -3. 0. 204.1 0 0
3.613 1 ATTITUDE 0. 0. 0.
3.713 1 ATTITUDE 0. 0. 0.
3.799 1 NAVIGATION 1 1 -13.9 -1. 0. 194.4 0 0
3.816 1 ATTITUDE 0. 0. 0.
3.818 1 ESTIMATOR 687.575989 -0.57
3.897 1 COMMANDS 8692,-2352,1260,-2352,-560,0
3.920 1 ATTITUDE 0. 0. 0.
3.926 1 GPS 3 33240210 593390016 0 687576 8 -57 1789 426670500 12 5
3.995 1 ACTUATORS 1270,1635,1465,1487,1939
4.012 1 ATTITUDE 0. 0. 0.
4.049 1 NAVIGATION 1 1 -13.9 0. 0. 192.5 0 0
4.051 1 DOWNLINK_STATUS 0 4 1084 53 1 367. 18. 0.
4.112 1 ATTITUDE 0. 0. 0.
4.212 1 ATTITUDE 0. 0. 0.
4.299 1 NAVIGATION 1 1 -13.8 1.5 0. 193. 0 0
4.314 1 ATTITUDE 0. 0. 0.
4.413 1 ATTITUDE 0. 0. 0.
4.513 1 ATTITUDE 0. 0. 0.
4.549 1 NAVIGATION 1 1 -13.8 1.5 0. 193. 0 0
4.613 1 ATTITUDE 0. 0. 0.
4.712 1 ATTITUDE 0. 0. 0.
4.800 1 FBW_STATUS 0 47 0 68 0
4.805 1 NAVIGATION 1 1 -13.8 2.5 0. 196.2 0 0
4.817 1 ATTITUDE 0. 0. 0.
4.922 1 ATTITUDE 0.083264 0.455804 0.090759
4.928 1 GPS 3 33240222 593390336 0 687441 61 -74 1789 426671500 12 6
4.931 1 SVINFO 6 7 13 6 34 77 101
5.015 1 ATTITUDE 0.083259 0.455312 0.09079
5.018 1 ESTIMATOR 687.690002 -0.9
5.049 1 NAVIGATION 1 1 -13.8 2.5 0. 196.2 0 0
5.052 1 DOWNLINK_STATUS 0 5 1444 71 1 360. 18. 0.
5.115 1 ATTITUDE 0.083327 0.454828 0.090842
5.117 1 PPRZ_MODE 0 0 0 0 0 17
5.213 1 ATTITUDE 0.08347 0.454265 0.090841
5.299 1 NAVIGATION 1 1 -13.8 2.5 0. 196.2 0 0
5.314 1 ATTITUDE 0.083412 0.453979 0.090882
5.413 1 ATTITUDE 0.083488 0.453932 0.090865
5.512 1 ATTITUDE 0.083606 0.453638 0.090857
5.549 1 NAVIGATION 1 1 -13.8 2.5 0. 196.2 0 0
5.586 1 PONG 
5.612 1 ATTITUDE 0.08362 0.454059 0.09084
5.712 1 ATTITUDE 0.083579 0.454068 0.090817
5.799 1 NAVIGATION 1 1 -13.8 2.5 0. 196.2 0 0
5.814 1 ATTITUDE 0.083593 0.454095 0.090816
5.923 1 ATTITUDE 0.083684 0.454982 0.090795
5.929 1 GPS 3 33240222 593390336 0 686797 45 -59 1789 426672500 12 7
5.931 1 SVINFO 7 8 13 6 34 70 291
6.013 1 ATTITUDE 0.083646 0.454977 0.090842
6.049 1 NAVIGATION 1 1 -13.8 3.5 0. 201.3 0 0
6.052 1 DOWNLINK_STATUS 0 6 1793 89 1 349. 18. 38.01
6.113 1 ATTITUDE 0.083613 0.455007 0.090823
6.216 1 ATTITUDE 0.083756 0.454447 0.090815
6.218 1 ESTIMATOR 686.031006 -0.81
6.300 1 NAVIGATION 1 1 -13.8 3.5 0. 201.3 0 0
6.314 1 ATTITUDE 0.08371 0.45377 0.090839
6.412 1 ATTITUDE 0.083788 0.453572 0.090804
6.512 1 ATTITUDE 0.083827 0.452954 0.090852
6.549 1 NAVIGATION 1 1 -13.8 3.5 0. 201.3 0 0
6.613 1 ATTITUDE 0.083801 0.453047 0.090854
6.713 1 ATTITUDE 0.083821 0.452863 0.090843
6.800 1 FBW_STATUS 0 49 0 68 0
6.805 1 NAVIGATION 1 1 -13.8 3.5 0. 201.3 0 0
6.817 1 ATTITUDE 0.083927 0.452579 0.090837
6.923 1 ATTITUDE 0.083974 0.452455 0.090863
6.929 1 GPS 3 33240224 593390464 0 685961 16 -65 1789 426673500 12 8
6.931 1 SVINFO 8 9 13 6 34 59 289
7.013 1 ATTITUDE 0.084025 0.4522 0.090826
7.049 1 NAVIGATION 1 1 -13.8 3.5 0. 201.3 0 0
7.053 1 DOWNLINK_STATUS 0 7 2153 107 1 360. 18. 38.01
7.112 1 ATTITUDE 0.084025 0.451527 0.090867
7.212 1 ATTITUDE 0.083917 0.451366 0.090904
7.299 1 NAVIGATION 1 1 -13.8 3.5 0. 201.3 0 0
7.314 1 ATTITUDE 0.083916 0.450941 0.090954
7.416 1 ATTITUDE 0.083937 0.451694 0.090941
7.418 1 ESTIMATOR 686.06897 -0.57
7.513 1 ATTITUDE 0.083886 0.45099 0.090945
7.549 1 NAVIGATION 1 1 -13.8 3.5 0. 201.3 0 0
7.613 1 ATTITUDE 0.083977 0.450373 0.090968
7.713 1 ATTITUDE 0.083999 0.450271 0.09099
7.799 1 NAVIGATION 1 1 -13.8 3.5 0. 201.3 0 0
7.815 1 ATTITUDE 0.083952 0.449636 0.09097
7.919 1 ATTITUDE 0.083977 0.449922 0.091018
7.925 1 GPS 3 33240224 593390464 0 686110 13 -52 1789 426674500 12 9
8.012 1 ATTITUDE 0.084087 0.44981 0.091007
8.049 1 NAVIGATION 1 1 -13.8 3.5 0. 201.3 0 0
8.054 1 DOWNLINK_STATUS 0 8 2484 123 1 331. 16. 38.01
8.112 1 ATTITUDE 0.084051 0.450234 0.09101
8.212 1 ATTITUDE 0.084145 0.450451 0.090987
8.299 1 NAVIGATION 1 1 -13.8 3.5 0. 201.3 0 0
8.314 1 ATTITUDE 0.084179 0.45002 0.09097
8.413 1 ATTITUDE 0.08418 0.449709 0.090999
8.513 1 ATTITUDE 0.084236 0.450039 0.090968
8.549 1 NAVIGATION 1 1 -13.8 3.5 0. 201.3 0 0
8.615 1 ATTITUDE 0.084218 0.450392 0.090988
8.617 1 ESTIMATOR 685.29303 -0.56
8.712 1 ATTITUDE 0.084271 0.450378 0.090981
8.800 1 FBW_STATUS 0 50 0 68 0
8.804 1 NAVIGATION 1 1 -13.8 3.5 0. 201.3 0 0
8.817 1 ATTITUDE 0.084351 0.450198 0.090992
8.896 1 COMMANDS 8692,-2352,1246,-2352,-588,0
8.922 1 ATTITUDE 0.084451 0.450075 0.090995
8.928 1 GPS 3 33240224 593390464 0 685012 14 -31 1789 426675500 12 10
8.931 1 SVINFO 10 11 4 3 15 7 126
8.995 1 ACTUATORS 1270,1635,1465,1487,1938
9.013 1 ATTITUDE 0.0845 0.449999 0.091005
9.049 1 NAVIGATION 1 1 -13.8 3.5 0. 201.3 0 0
9.054 1 DOWNLINK_STATUS 0 9 2880 143 1 396. 20. 38.01
9.113 1 ATTITUDE 0.084491 0.450411 0.09102
9.213 1 ATTITUDE 0.084514 0.449763 0.091007
9.299 1 NAVIGATION 1 1 -13.8 3.5 0. 201.3 0 0
9.317 1 ATTITUDE 0.084544 0.449553 0.091041
9.320 1 BAT 8692 68 0 0 1 9 0 0
9.412 1 ATTITUDE 0.084557 0.449734 0.091029
9.517 1 ATTITUDE 0.08463 0.449119 0.091004
9.521 1 ALIVE 203,67,147,98,198,93,218,3,125,189,35,233,55,114,181,190
9.548 1 NAVIGATION 1 1 -13.8 3.5 0. 201.3 0 0
9.612 1 ATTITUDE 0.084702 0.449439 0.090967
9.712 1 ATTITUDE 0.084777 0.448868 0.090977
9.800 1 NAVIGATION 1 3 1.2 0.5 0. 201.3 0 0
9.818 1 ATTITUDE 0.08479 0.448576 0.090976
9.820 1 ESTIMATOR 683.718994 -0.56
9.822 1 DOWNLINK 0 359 204
9.923 1 ATTITUDE 0.084784 0.449084 0.090954
9.928 1 GPS 3 33240224 593390464 0 683719 24 -38 1789 426676500 12 11
9.931 1 SVINFO 11 13 13 4 28 25 162
10.016 1 ATTITUDE 0.084781 0.448846 0.090936
10.019 1 GPS_SOL 1574 91 381 7
10.049 1 NAVIGATION 2 0 1.2 1.5 0. 3.8 0 0
10.055 1 DOWNLINK_STATUS 0 10 3297 164 1 417. 21. 38.01
10.112 1 ATTITUDE 0.084767 0.449111 0.090962
10.212 1 ATTITUDE 0.084764 0.448938 0.090982
10.299 1 NAVIGATION 2 1 1.2 1.5 0. 3.8 0 0
10.314 1 ATTITUDE 0.084797 0.449059 0.090982
10.412 1 ATTITUDE 0.084831 0.449124 0.091012
10.512 1 ATTITUDE 0.084817 0.448989 0.091026
10.549 1 NAVIGATION 2 1 1.2 1.5 0. 3.8 0 0
10.587 1 PONG 
10.612 1 ATTITUDE 0.084831 0.449345 0.090988
10.712 1 ATTITUDE 0.084893 0.449884 0.090925
10.800 1 FBW_STATUS 0 51 0 68 0
10.805 1 NAVIGATION 2 1 1.2 1.5 0. 3.8 0 0
10.817 1 ATTITUDE 0.084868 0.450021 0.090924
10.920 1 ATTITUDE 0.084898 0.449772 0.090943
10.926 1 GPS 3 33240224 593390528 0 682608 17 -39 1789 426677500 12 12
11.015 1 ATTITUDE 0.084934 0.450198 0.090969
11.017 1 ESTIMATOR 682.356018 -0.39
11.048 1 NAVIGATION 2 1 1.2 1.5 0. 3.8 0 0
11.056 1 DOWNLINK_STATUS 0 11 3649 182 1 352. 18. 37.74
11.115 1 ATTITUDE 0.084961 0.449889 0.09097
11.117 1 PPRZ_MODE 0 1 2 0 0 17
11.212 1 ATTITUDE 0.084954 0.44926 0.091001
11.300 1 NAVIGATION 2 1 1.2 1.5 0. 3.8 0 0
11.314 1 ATTITUDE 0.084949 0.448824 0.090994
11.412 1 ATTITUDE 0.084949 0.449122 0.090981
11.512 1 ATTITUDE 0.085018 0.448773 0.090967
11.549 1 NAVIGATION 2 1 1.2 1.5 0. 3.8 0 0
11.613 1 ATTITUDE 0.085036 0.448899 0.091009
11.712 1 ATTITUDE 0.084958 0.448503 0.091073
11.798 1 NAVIGATION 2 1 1.2 1.5 0. 3.8 0 0
11.813 1 ATTITUDE 0.085048 0.447955 0.091048
11.922 1 ATTITUDE 0.085053 0.448545 0.091048
11.928 1 GPS 3 33240224 593390528 0 681439 20 -23 1789 426678500 12 13
11.930 1 SVINFO 13 19 13 6 37 44 89
12.012 1 ATTITUDE 0.085101 0.448403 0.091044
12.049 1 NAVIGATION 2 1 1.2 1.5 0. 3.8 0 0
12.056 1 DOWNLINK_STATUS 0 12 3992 199 1 343. 17. 37.74
12.112 1 ATTITUDE 0.085112 0.449036 0.091035
12.215 1 ATTITUDE 0.085141 0.449098 0.091067
12.218 1 ESTIMATOR 680.844971 -0.35
12.299 1 NAVIGATION 2 1 0.8 1.5 0. 2.9 0 0
12.314 1 ATTITUDE 0.085117 0.449438 0.091084
12.413 1 ATTITUDE 0.085187 0.449964 0.091093
12.512 1 ATTITUDE 0.085096 0.449532 0.091084
12.548 1 NAVIGATION 2 1 1.2 1.5 0. 3.8 0 0
12.612 1 ATTITUDE 0.084604 0.449667 0.091164
12.712 1 ATTITUDE 0.08471 0.449981 0.091056
12.801 1 FBW_STATUS 0 50 0 68 0
12.804 1 NAVIGATION 2 1 1.2 1.5 0. 3.8 0 0
12.817 1 ATTITUDE 0.084786 0.449616 0.091041
12.919 1 ATTITUDE 0.084789 0.449601 0.091054
12.925 1 GPS 3 33240224 593390528 0 680654 9 -36 1789 426679500 12 14
12.986 1 WIND_INFO 1 42 0. 0. 0.
13.032 1 ATTITUDE 0.085076 0.449074 0.090989
13.057 1 DOWNLINK_STATUS 0 13 4312 215 1 320. 16. 37.74
13.069 1 NAVIGATION 2 1 1.2 1.5 0. 3.8 0 0
13.112 1 ATTITUDE 0.085006 0.449445 0.091042
13.212 1 ATTITUDE 0.084994 0.449239 0.091023
13.298 1 NAVIGATION 2 1 1.2 1.5 0. 3.8 0 0
13.313 1 ATTITUDE 0.085129 0.44866 0.091034
13.415 1 ATTITUDE 0.085116 0.448508 0.090999
13.417 1 ESTIMATOR 680.528992 -0.18
13.512 1 ATTITUDE 0.085117 0.448025 0.090966
13.548 1 NAVIGATION 2 1 1.2 1.5 0. 3.8 0 0
13.612 1 ATTITUDE 0.085119 0.448566 0.091003
13.712 1 ATTITUDE 0.085029 0.44858 0.091005
13.799 1 NAVIGATION 2 1 1.2 1.5 0. 3.8 0 0
13.814 1 ATTITUDE 0.085172 0.448045 0.090965
13.896 1 COMMANDS 8692,-2352,1246,-2352,-560,0
13.922 1 ATTITUDE 0.08515 0.447691 0.091012
13.928 1 GPS 3 33240224 593390528 0 680409 20 -25 1789 426680500 12 15
13.931 1 SVINFO 15 28 13 4 30 38 230
13.994 1 ACTUATORS 1271,1635,1465,1487,1938
14.012 1 ATTITUDE 0.085168 0.447366 0.090938
14.048 1 NAVIGATION 2 1 1.2 1.5 0. 3.8 0 0
14.058 1 DOWNLINK_STATUS 0 14 4719 235 1 407. 20. 37.74
14.112 1 ATTITUDE 0.085177 0.447675 0.090938
14.213 1 ATTITUDE 0.085213 0.447771 0.090956
14.298 1 NAVIGATION 2 1 1.2 1.5 0. 3.8 0 0
14.314 1 ATTITUDE 0.085243 0.447799 0.090979
14.412 1 ATTITUDE 0.085349 0.447752 0.090968
14.512 1 ATTITUDE 0.08537 0.44794 0.090973
14.549 1 NAVIGATION 2 1 1.2 1.5 0. 3.8 0 0
14.615 1 ATTITUDE 0.085351 0.447922 0.091004
14.618 1 ESTIMATOR 680.403015 0.02
14.713 1 ATTITUDE 0.085355 0.447893 0.090985
14.799 1 FBW_STATUS 0 47 0 68 0
14.805 1 NAVIGATION 2 1 1.2 1.5 0. 3.8 0 0
14.816 1 ATTITUDE 0.085387 0.448257 0.090995
14.919 1 ATTITUDE 0.085393 0.448125 0.090965
14.925 1 GPS 3 33240224 593390528 0 680269 6 -13 1789 426681500 12 16
15.012 1 ATTITUDE 0.085372 0.447997 0.090959
15.048 1 NAVIGATION 2 1 0.8 1.5 0. 2.9 0 0
15.059 1 DOWNLINK_STATUS 0 15 5065 252 1 346. 17. 37.74
15.112 1 ATTITUDE 0.085264 0.448494 0.090953
15.212 1 ATTITUDE 0.085286 0.448349 0.090949
15.299 1 NAVIGATION 2 1 0.8 1.5 0. 2.9 0 0
15.314 1 ATTITUDE 0.085363 0.447971 0.090946
15.412 1 ATTITUDE 0.085343 0.447577 0.090972
15.512 1 ATTITUDE 0.085373 0.446798 0.091006
15.549 1 NAVIGATION 2 1 0.8 1.5 0. 2.9 0 0
15.587 1 PONG 
15.612 1 ATTITUDE 0.085382 0.447233 0.090979
15.712 1 ATTITUDE 0.085384 0.447776 0.09101
15.798 1 NAVIGATION 2 1 0.8 1.5 0. 2.9 0 0
15.815 1 ATTITUDE 0.085462 0.447606 0.091018
15.817 1 ESTIMATOR 679.874023 -0.03
15.919 1 ATTITUDE 0.085404 0.448351 0.091088
15.925 1 GPS 3 33240182 593390528 0 679874 8 -3 1789 426682500 12 17
16.012 1 ATTITUDE 0.085396 0.448389 0.091073
16.048 1 NAVIGATION 2 1 0.8 1.5 0. 2.9 0 0
16.059 1 DOWNLINK_STATUS 0 16 5402 269 1 337. 17. 37.63
16.112 1 ATTITUDE 0.08536 0.448981 0.091038
16.212 1 ATTITUDE 0.085377 0.448846 0.09111
16.299 1 NAVIGATION 2 1 0.8 1.5 0. 2.9 0 0
16.314 1 ATTITUDE 0.085362 0.44878 0.091075
16.412 1 ATTITUDE 0.085408 0.449299 0.091043
16.512 1 ATTITUDE 0.085373 0.449035 0.091021
16.548 1 NAVIGATION 2 1 0.8 1.5 0. 2.9 0 0
16.612 1 ATTITUDE 0.085416 0.448809 0.090993
16.712 1 ATTITUDE 0.085444 0.448481 0.091007
16.800 1 FBW_STATUS 0 47 0 68 0
16.804 1 NAVIGATION 2 1 0.8 1.5 0. 2.9 0 0
16.817 1 ATTITUDE 0.0854 0.448132 0.091007
16.919 1 ATTITUDE 0.085356 0.448426 0.091052
16.925 1 GPS 3 33240182 593390528 0 679464 30 3 1789 426683500 12 18
17.015 1 ATTITUDE 0.085378 0.448032 0.091037
17.018 1 ESTIMATOR 679.299988 0.08
17.049 1 NAVIGATION 2 1 0.8 1.5 0. 2.9 0 0
17.060 1 DOWNLINK_STATUS 0 17 5748 286 1 346. 17. 37.63
17.115 1 ATTITUDE 0.085364 0.447806 0.091064
17.116 1 PPRZ_MODE 0 1 2 0 0 17
17.211 1 ATTITUDE 0.088392 0.449021 0.090805
17.298 1 NAVIGATION 2 1 0.8 1.5 0. 2.9 0 0
17.313 1 ATTITUDE 0.085015 0.446886 0.091042
17.412 1 ATTITUDE 0.085595 0.44737 0.09099
18.061 1 DOWNLINK_STATUS 0 18 5858 292 1 110. 6. 37.63
19.063 1 DOWNLINK_STATUS 0 19 5858 292 1 0. 0. 37.63
20.064 1 DOWNLINK_STATUS 0 20 5858 292 1 0. 0. 37.63
