6.047 1 PPRZ_MODE 2 0 0 0 0 6
6.053 1 GPS 0 11388012 660057024 0 15832435 0 0 1790 507445500 14 16
6.056 1 SVINFO 0 3 16 4 27 -91 0
6.161 1 DESIRED 0. 0.06 0. 0. 0. 235. 0. 12.
6.164 1 ATTITUDE 0.155203 -1.724724 -0.011251
6.167 1 IMU_MAG -0.022461 1.119629 0.465332
6.171 1 NAVIGATION 0 2 -438685.9 1071568. 0. 1.34070324429e+12 0 0
6.226 1 NAVIGATION 0 2 -343741.3 1057868. 0. 1.23724287181e+12 0 0
6.240 1 PPRZ_MODE 2 0 0 0 0 6
6.350 1 DESIRED 0. 0.06 0. 0. 0. 235. 0. 12.
6.351 1 STATE_FILTER_STATUS 3 0
6.442 1 PPRZ_MODE 2 0 0 0 0 6
6.445 1 IMU_ACCEL 0.257812 -9.761719 -0.669922
6.476 1 NAVIGATION 0 2 -343667.9 1058001. 0. 1.23747382067e+12 0 0
6.561 1 DESIRED 0. 0.06 0. 0. 0. 235. 0. 12.
6.564 1 IMU_GYRO -0.04248 0.012695 -0.006348
6.568 1 BAT 0 70 0 0 1 32 0 0
6.570 1 DL_VALUE 10 0.
6.572 1 DOWNLINK 0 566 836
6.638 1 PPRZ_MODE 2 0 0 0 0 6
6.727 1 NAVIGATION 0 2 -438456.1 1071959.5 0. 1.34134090957e+12 0 0
6.748 1 DESIRED 0. 0.06 0. 0. 0. 235. 0. 12.
6.840 1 DOWNLINK_STATUS 0 7 3874 176 0 539. 24. 37.61
6.841 1 PPRZ_MODE 2 0 0 0 0 6
6.843 1 CALIBRATION 0. 0
6.949 1 DESIRED 0. 0.06 0. 0. 0. 235. 0. 12.
6.977 1 NAVIGATION 0 2 -438378.9 1072091. 0. 1.34155521229e+12 0 0
7.048 1 PPRZ_MODE 2 0 0 0 0 6
7.054 1 GPS 0 11418706 660109312 0 15834070 0 0 1790 507446500 14 1
7.056 1 SVINFO 1 7 16 6 32 -91 0
7.156 1 DESIRED 0. 0.06 0. 0. 0. 235. 0. 12.
7.158 1 ATTITUDE 0.155972 -1.726591 -0.011372
7.160 1 ESTIMATOR 15834.070312 0.
7.226 1 NAVIGATION 0 2 -438302.6 1072220.5 0. 1.34176584499e+12 0 0
7.241 1 PPRZ_MODE 2 0 0 0 0 6
7.244 1 GPS_SOL 649544448 100001 9999 0
7.348 1 DESIRED 0. 0.06 0. 0. 0. 235. 0. 12.
7.445 1 PPRZ_MODE 2 0 0 0 0 6
7.449 1 IMU_ACCEL 0.239258 -9.728516 -0.689453
7.452 1 IMU_MAG 0.023926 1.129883 0.441895
7.477 1 NAVIGATION 0 2 -438225.4 1072352. 0. 1.34198040986e+12 0 0
7.552 1 DESIRED 0. 0.06 0. 0. 0. 235. 0. 12.
7.555 1 IMU_GYRO -0.060547 0.011475 -0.008301
7.643 1 PPRZ_MODE 2 0 0 0 0 6
7.646 1 BAT 0 70 0 0 1 33 0 0
7.728 1 FBW_STATUS 2 0 1 70 0
7.733 1 NAVIGATION 0 2 -438148.4 1072483. 0. 1.34219392614e+12 0 0
7.750 1 DESIRED 0. 0.06 0. 0. 0. 235. 0. 12.
7.838 1 PPRZ_MODE 2 0 0 0 0 6
7.840 1 DOWNLINK_STATUS 0 8 4437 202 0 563. 26. 37.61
7.949 1 DESIRED 0. 0.06 0. 0. 0. 235. 0. 12.
7.977 1 NAVIGATION 0 2 -438072.1 1072613.5 0. 1.34240678707e+12 0 0
8.050 1 PPRZ_MODE 2 0 0 0 0 6
8.056 1 GPS 0 11449391 660161536 0 15835705 0 0 1790 507447500 14 2
8.058 1 SVINFO 2 8 12 7 32 -91 0
8.060 1 DL_VALUE 0 0.
8.156 1 DESIRED 0. 0.06 0. 0. 0. 235. 0. 12.
8.159 1 ATTITUDE 0.157199 -1.728835 -0.011492
8.162 1 ENERGY 7. 0. 0 0.
8.226 1 NAVIGATION 0 2 -448386.3 1074259. 0. 1.35508262912e+12 0 0
8.240 1 PPRZ_MODE 2 0 0 0 0 6
8.348 1 DESIRED 0. 0.06 0. 0. 0. 235. 0. 12.
8.442 1 PPRZ_MODE 2 0 0 0 0 6
8.445 1 IMU_ACCEL 0.282227 -9.742188 -0.704102
8.477 1 NAVIGATION 0 2 -368861.3 1062813.5 0. 1.265631232e+12 0 0
8.554 1 DESIRED 0. 0.06 0. 0. 0. 235. 0. 12.
8.557 1 IMU_GYRO -0.045654 0.013672 -0.006348
8.559 1 STATE_FILTER_STATUS 3 0
8.638 1 PPRZ_MODE 2 0 0 0 0 6
8.727 1 NAVIGATION 0 2 -363007.4 1062103.5 0. 1.25983824282e+12 0 0
8.757 1 DESIRED 0. 0.06 0. 0. 0. 235. 0. 12.
8.759 1 BAT 0 70 0 0 1 35 0 0
8.762 1 IMU_MAG -0.020508 1.116211 0.453613
8.823 1 COMMANDS 0,-3302,719,0,0,0
8.838 1 PPRZ_MODE 2 0 0 0 0 6
8.841 1 DOWNLINK_STATUS 0 9 4990 227 0 553. 25. 37.61
8.923 1 ACTUATORS 1382,1644,1421,1392,1350
8.951 1 DESIRED 0. 0.06 0. 0. 0. 235. 0. 12.
8.952 1 CALIBRATION 0. 0
8.976 1 NAVIGATION 0 2 -362932.9 1062236.5 0. 1.26006670131e+12 0 0
9.048 1 PPRZ_MODE 2 0 0 0 0 6
9.053 1 GPS 0 18963306 659123840 0 15826996 0 0 1790 507448500 14 3
9.056 1 SVINFO 3 9 16 3 27 -91 0
9.155 1 DESIRED 0. 0.06 0. 0. 0. 235. 0. 12.
9.158 1 ATTITUDE 0.156497 -1.729558 -0.011517
9.160 1 ESTIMATOR 15826.996094 0.
9.227 1 NAVIGATION 0 2 -448077.7 1074780. 0. 1.35592568422e+12 0 0
9.242 1 PPRZ_MODE 2 0 0 0 0 6
9.245 1 GPS_SOL 649547584 100001 9999 0
9.348 1 DESIRED 0. 0.06 0. 0. 0. 235. 0. 12.
9.442 1 PPRZ_MODE 2 0 0 0 0 6
9.445 1 IMU_ACCEL 0.287109 -9.761719 -0.674805
9.477 1 NAVIGATION 0 2 -437611.6 1073396. 0. 1.34368290406e+12 0 0
9.555 1 DESIRED 0. 0.06 0. 0. 0. 235. 0. 12.
9.558 1 IMU_GYRO -0.052002 0.012695 -0.005127
9.559 1 DL_VALUE 1 0.
9.637 1 PPRZ_MODE 2 0 0 0 0 6
9.727 1 FBW_STATUS 2 0 1 70 0
9.732 1 NAVIGATION 0 2 -723103. 1115220.5 0. 1.76659470746e+12 0 0
9.749 1 DESIRED 0. 0.06 0. 0. 0. 235. 0. 12.
9.841 1 DOWNLINK_STATUS 0 10 5518 251 0 528. 24. 37.61
9.842 1 PPRZ_MODE 2 0 0 0 0 6
9.846 1 BAT 0 70 0 0 1 36 0 0
9.948 1 DESIRED 0. 0.06 0. 0. 0. 235. 0. 12.
9.976 1 NAVIGATION 0 2 -240399.1 1044985. 0. 1.14978534195e+12 0 0
10.051 1 PPRZ_MODE 2 0 0 0 0 6
10.057 1 GPS 0 31216694 657398720 0 15802125 0 0 1790 507449500 14 4
10.060 1 SVINFO 4 10 16 1 0 -91 0
10.063 1 IMU_MAG -0.022461 1.116211 0.437988
10.152 1 DESIRED 0. 0.06 0. 0. 0. 235. 0. 12.
10.155 1 ATTITUDE 0.158 -1.729485 -0.011442
10.227 1 NAVIGATION 0 2 -342563.9 1059985.5 0. 1.24091931034e+12 0 0
10.241 1 PPRZ_MODE 2 0 0 0 0 6
10.348 1 DESIRED 0. 0.06 0. 0. 0. 235. 0. 12.
10.378 1 PONG 
10.441 1 PPRZ_MODE 2 0 0 0 0 6
10.445 1 IMU_ACCEL 0.272461 -9.728516 -0.704102
10.477 1 NAVIGATION 0 2 -342489.8 1060118.5 0. 1.24115039027e+12 0 0
10.552 1 DESIRED 0. 0.06 0. 0. 0. 235. 0. 12.
10.554 1 IMU_GYRO -0.055176 0.011475 -0.007324
10.642 1 PPRZ_MODE 2 0 0 0 0 6
10.645 1 ENERGY 7. 0. 0 0.
10.726 1 NAVIGATION 0 2 -342416.9 1060249. 0. 1.2413772759e+12 0 0
10.755 1 DESIRED 0. 0.06 0. 0. 0. 235. 0. 12.
10.756 1 STATE_FILTER_STATUS 3 0
10.760 1 ALIVE 83,182,3,227,55,75,210,202,135,71,236,77,5,53,10,94
10.838 1 PPRZ_MODE 2 0 0 0 0 6
10.842 1 DOWNLINK_STATUS 0 11 6082 277 0 564. 26. 38.45
10.952 1 DESIRED 0. 0.06 0. 0. 0. 235. 0. 12.
10.956 1 BAT 0 70 0 0 1 37 0 0
10.976 1 NAVIGATION 0 2 -362339.1 1063290. 0. 1.26187523277e+12 0 0
11.052 1 PPRZ_MODE 2 0 0 0 0 6
11.058 1 GPS 0 19022696 659229184 0 15830265 0 0 1790 507450500 14 5
11.061 1 SVINFO 5 11 16 1 0 -91 0
11.063 1 DL_VALUE 2 235.
11.064 1 CALIBRATION 0. 0
11.155 1 DESIRED 0. 0.06 0. 0. 0. 235. 0. 12.
11.158 1 ATTITUDE 0.158561 -1.729348 -0.011504
11.160 1 ESTIMATOR 15830.264648 0.
11.227 1 NAVIGATION 0 2 -440797.3 1074851. 0. 1.34960696525e+12 0 0
11.242 1 PPRZ_MODE 2 0 0 0 0 6
11.244 1 GPS_SOL 649550976 100001 9999 0
11.352 1 DESIRED 0. 0.06 0. 0. 0. 235. 0. 12.
11.354 1 IMU_MAG -0.020508 1.116211 0.432129
11.441 1 PPRZ_MODE 2 0 0 0 0 6
11.444 1 IMU_ACCEL 0.249023 -9.74707 -0.689453
11.476 1 NAVIGATION 0 2 -440720.9 1074981.5 0. 1.34982021939e+12 0 0
11.551 1 DESIRED 0. 0.06 0. 0. 0. 235. 0. 12.
11.554 1 IMU_GYRO -0.049805 0.012695 -0.007324
11.640 1 PPRZ_MODE 2 0 0 0 0 6
11.642 1 DOWNLINK 0 542 963
11.727 1 FBW_STATUS 2 0 1 70 0
11.732 1 NAVIGATION 0 2 -440644.2 1075111.5 0. 1.35003203174e+12 0 0
11.749 1 DESIRED 0. 0.06 0. 0. 0. 235. 0. 12.
11.838 1 PPRZ_MODE 2 0 0 0 0 6
11.842 1 DOWNLINK_STATUS 0 12 6655 304 0 573. 27. 38.45
11.948 1 DESIRED 0. 0.06 0. 0. 0. 235. 0. 12.
11.977 1 NAVIGATION 0 2 -349205.8 1061951.5 0. 1.24968566784e+12 0 0
12.056 1 PPRZ_MODE 2 0 0 0 0 6
12.061 1 GPS 0 20336022 659095360 0 15829676 0 0 1790 507451500 14 6
12.064 1 SVINFO 6 12 16 1 0 -91 0
12.068 1 BAT 0 70 0 0 1 38 0 0
12.070 1 NAVIGATION_REF 552566 5529002 14
12.152 1 DESIRED 0. 0.06 0. 0. 0. 235. 0. 12.
12.155 1 ATTITUDE 0.158653 -1.728456 -0.011646
12.227 1 NAVIGATION 0 2 -634317. 1103624. 0. 1.6203439145e+12 0 0
12.240 1 PPRZ_MODE 2 0 0 0 0 6
12.348 1 DESIRED 0. 0.06 0. 0. 0. 235. 0. 12.
12.441 1 PPRZ_MODE 2 0 0 0 0 6
12.444 1 IMU_ACCEL 0.244141 -9.737305 -0.704102
12.476 1 NAVIGATION 0 2 -436691.2 1074961. 0. 1.34624024986e+12 0 0
12.554 1 DESIRED 0. 0.06 0. 0. 0. 235. 0. 12.
12.557 1 IMU_GYRO -0.041504 0.012695 -0.007324
12.559 1 DL_VALUE 3 0.
12.642 1 PPRZ_MODE 2 0 0 0 0 6
12.645 1 IMU_MAG -0.019043 1.114746 0.449707
12.726 1 NAVIGATION 0 2 -163210.1 1035366.5 0. 1.09862138675e+12 0 0
12.748 1 DESIRED 0. 0.06 0. 0. 0. 235. 0. 12.
12.838 1 PPRZ_MODE 2 0 0 0 0 6
12.843 1 DOWNLINK_STATUS 0 13 7175 327 0 520. 23. 38.45
12.950 1 DESIRED 0. 0.06 0. 0. 0. 235. 0. 12.
12.950 1 STATE_FILTER_STATUS 3 0
12.977 1 NAVIGATION 0 2 -535245.9 1089594. 0. 1.47370331341e+12 0 0
13.047 1 PPRZ_MODE 2 0 0 0 0 6
13.054 1 GPS 0 1732009 661859584 0 15850684 0 0 1790 507452501 14 7
13.056 1 SVINFO 7 13 16 1 0 -91 0
13.166 1 DESIRED 0. 0.06 0. 0. 0. 235. 0. 12.
13.168 1 ATTITUDE 0.158564 -1.729258 -0.011575
13.172 1 BAT 0 70 0 0 1 39 0 0
13.174 1 ESTIMATOR 15850.683594 0.
13.176 1 CALIBRATION 0. 0
13.180 1 ENERGY 7. 0. 0 0.
13.226 1 NAVIGATION 0 2 -176321.2 1037558. 0. 1.10761567846e+12 0 0
13.241 1 PPRZ_MODE 2 0 0 0 0 6
13.244 1 GPS_SOL 649554432 100001 9999 0
13.347 1 DESIRED 0. 0.06 0. 0. 0. 235. 0. 12.
13.441 1 PPRZ_MODE 2 0 0 0 0 6
13.444 1 IMU_ACCEL 0.25293 -9.74707 -0.742188
13.476 1 NAVIGATION 0 2 -250546.3 1048477. 0. 1.16207740518e+12 0 0
13.551 1 DESIRED 0. 0.06 0. 0. 0. 235. 0. 12.
13.555 1 IMU_GYRO -0.05835 0.012695 -0.007324
13.638 1 PPRZ_MODE 2 0 0 0 0 6
13.728 1 FBW_STATUS 2 0 1 70 0
13.732 1 NAVIGATION 0 2 -148678.2 1033839. 0. 1.09092831232e+12 0 0
13.749 1 DESIRED 0. 0.07 0. 0. 0. 235. 0. 12.
13.824 1 COMMANDS 0,-3395,718,0,0,0
13.839 1 PPRZ_MODE 2 0 0 0 0 6
13.844 1 DOWNLINK_STATUS 0 14 7756 354 0 581. 27. 38.45
13.923 1 ACTUATORS 1382,1646,1417,1389,1350
13.952 1 DESIRED 0. 0.07 0. 0. 0. 235. 0. 12.
13.955 1 IMU_MAG 0.060547 1.146973 0.490723
13.977 1 NAVIGATION 0 2 -333732.2 1060846.5 0. 1.2367724544e+12 0 0
14.050 1 PPRZ_MODE 2 0 0 0 0 6
14.055 1 GPS 0 21883382 658984832 0 15830201 0 0 1790 507453500 14 8
14.058 1 SVINFO 8 14 16 1 0 -91 0
14.060 1 DL_VALUE 4 0.
14.151 1 DESIRED 0. 0.07 0. 0. 0. 235. 0. 12.
14.154 1 ATTITUDE 0.165461 -1.731516 -0.011504
14.226 1 NAVIGATION 0 2 -61472.6 1021484.5 0. 1.04720944333e+12 0 0
14.242 1 PPRZ_MODE 2 0 0 0 0 6
14.245 1 BAT 0 70 0 0 1 40 0 0
14.347 1 DESIRED 0. 0.07 0. 0. 0. 235. 0. 12.
14.441 1 PPRZ_MODE 2 0 0 0 0 6
14.444 1 IMU_ACCEL 0.196289 -9.646484 -0.742188
14.476 1 NAVIGATION 0 2 -148476.6 1034246.5 0. 1.09171113984e+12 0 0
14.551 1 DESIRED 0. 0.06 0. 0. 0. 235. 0. 12.
14.555 1 IMU_GYRO -0.039307 0.016846 -0.006348
14.638 1 PPRZ_MODE 2 0 0 0 0 6
14.726 1 NAVIGATION 0 2 -239063. 1047532.5 0. 1.15447549133e+12 0 0
14.748 1 DESIRED 0. 0.07 0. 0. 0. 235. 0. 12.
14.837 1 PPRZ_MODE 2 0 0 0 0 6
14.845 1 DOWNLINK_STATUS 0 15 8278 377 0 522. 23. 38.45
14.948 1 DESIRED 0. 0.06 0. 0. 0. 235. 0. 12.
14.976 1 NAVIGATION 0 2 -148341.8 1034517.5 0. 1.09223175782e+12 0 0
15.047 1 PPRZ_MODE 2 0 0 0 0 6
15.053 1 GPS 0 40422420 656351936 0 15782963 0 0 1790 507454500 14 9
15.055 1 SVINFO 9 15 0 1 0 -91 0
15.156 1 DESIRED 0. 0.07 0. 0. 0. 235. 0. 12.
15.159 1 ATTITUDE 0.163909 -1.733219 -0.011585
15.162 1 ESTIMATOR 15782.962891 0.
15.163 1 STATE_FILTER_STATUS 3 0
15.226 1 NAVIGATION 0 2 22450. 1009910. 0. 1.02042219315e+12 0 0
15.247 1 PPRZ_MODE 2 0 0 0 0 6
15.250 1 IMU_MAG -0.019043 1.111328 0.445801
15.253 1 GPS_SOL 649558144 100001 9999 0
15.255 1 CALIBRATION 0. 0
15.352 1 DESIRED 0. 0.07 0. 0. 0. 235. 0. 12.
15.356 1 BAT 0 70 0 0 1 41 0 0
15.381 1 PONG 
15.441 1 PPRZ_MODE 2 0 0 0 0 6
15.445 1 IMU_ACCEL 0.249023 -9.732422 -0.794922
15.476 1 NAVIGATION 0 2 -148206.9 1034789.5 0. 1.09275460403e+12 0 0
15.554 1 DESIRED 0. 0.06 0. 0. 0. 235. 0. 12.
15.557 1 IMU_GYRO -0.034912 0.011475 -0.006348
15.559 1 DL_VALUE 5 0.
15.642 1 PPRZ_MODE 2 0 0 0 0 6
15.645 1 ENERGY 7. 0. 0 0.
15.728 1 FBW_STATUS 2 0 1 70 0
15.732 1 NAVIGATION 0 2 -148140.3 1034926.5 0. 1.09301845197e+12 0 0
15.753 1 DESIRED 0. 0.07 0. 0. 0. 235. 0. 12.
15.757 1 ALIVE 83,182,3,227,55,75,210,202,135,71,236,77,5,53,10,94
15.837 1 PPRZ_MODE 2 0 0 0 0 6
15.846 1 DOWNLINK_STATUS 0 16 8898 407 0 620. 30. 40.5
15.948 1 DESIRED 0. 0.06 0. 0. 0. 235. 0. 12.
15.976 1 NAVIGATION 0 2 -148072.5 1035060.5 0. 1.09327568077e+12 0 0
16.047 1 PPRZ_MODE 2 0 0 0 0 6
16.053 1 GPS 0 40449348 656406272 0 15784603 0 0 1790 507455500 14 10
16.055 1 SVINFO 10 16 16 6 30 -91 0
16.157 1 DESIRED 0. 0.07 0. 0. 0. 235. 0. 12.
16.160 1 ATTITUDE 0.162726 -1.73315 -0.011515
16.164 1 NAVIGATION 0 2 -148072.5 1035060.5 0. 1.09327568077e+12 0 0
16.226 1 NAVIGATION 0 2 -148005.1 1035197. 0. 1.09353834906e+12 0 0
16.242 1 PPRZ_MODE 2 0 0 0 0 6
16.245 1 WP_MOVED 3 552665.875 5529094.5 260. 14
16.348 1 DESIRED 0. 0.06 0. 0. 0. 235. 0. 12.
16.446 1 PPRZ_MODE 2 0 0 0 0 6
16.449 1 IMU_ACCEL 0.267578 -9.728516 -0.775391
16.453 1 BAT 0 70 0 0 1 42 0 0
16.476 1 NAVIGATION 0 2 -238571.1 1048470.5 0. 1.15620655923e+12 0 0
16.555 1 DESIRED 0. 0.06 0. 0. 0. 235. 0. 12.
16.558 1 IMU_GYRO -0.011475 0.013672 -0.007324
16.561 1 IMU_MAG -0.022461 1.116211 0.443848
16.638 1 PPRZ_MODE 2 0 0 0 0 6
16.726 1 NAVIGATION 0 2 849890. 207932. 0. 765548756992. 0 0
16.750 1 DESIRED 0. 0.06 0. 0. 0. 235. 0. 12.
16.751 1 DOWNLINK 0 563 1093
16.837 1 PPRZ_MODE 2 0 0 0 0 6
16.847 1 DOWNLINK_STATUS 0 17 9449 431 0 551. 24. 40.5
16.947 1 DESIRED 0. 0.06 0. 0. 0. 235. 0. 12.
16.976 1 NAVIGATION 0 2 966262.4 160362. 0. 959378948096. 0 0
17.050 1 PPRZ_MODE 2 0 0 0 0 6
17.055 1 GPS 0 151882832 568936384 0 12712684 0 0 1790 507456498 14 11
17.058 1 SVINFO 11 19 16 1 0 -91 0
17.060 1 DL_VALUE 6 80.
17.154 1 DESIRED 0. 0.06 0. 0. 0. 235. 0. 12.
17.157 1 ATTITUDE 0.16223 -1.73256 -0.011212
17.160 1 ESTIMATOR 12712.683594 0.
17.226 1 NAVIGATION 0 2 919379.5 156925. 0. 869884166144. 0 0
17.241 1 PPRZ_MODE 2 0 0 0 0 6
17.244 1 GPS_SOL 649562048 100001 9999 0
17.352 1 DESIRED 0. 0.06 0. 0. 0. 235. 0. 12.
17.354 1 CALIBRATION 0. 0
17.355 1 STATE_FILTER_STATUS 3 0
17.441 1 PPRZ_MODE 2 0 0 0 0 6
17.445 1 IMU_ACCEL 0.262695 -9.71875 -0.765625
17.476 1 NAVIGATION 0 2 888179.9 183808. 0. 822648897536. 0 0
17.556 1 DESIRED 0. 0.06 0. 0. 0. 235. 0. 12.
17.559 1 IMU_GYRO -0.034912 0.013672 -0.005127
17.562 1 BAT 0 70 0 0 1 43 0 0
17.637 1 PPRZ_MODE 2 0 0 0 0 6
17.730 1 NAVIGATION 0 2 966379.2 160865.5 0. 959766593536. 0 0
17.731 1 FBW_STATUS 2 0 1 70 0
17.749 1 DESIRED 0. 0.07 0. 0. 0. 235. 0. 12.
17.841 1 PPRZ_MODE 2 0 0 0 0 6
17.844 1 IMU_MAG -0.01709 1.119629 0.439941
17.847 1 DOWNLINK_STATUS 0 18 10020 458 0 571. 27. 40.5
17.947 1 DESIRED 0. 0.06 0. 0. 0. 235. 0. 12.
17.976 1 NAVIGATION 0 2 801205.2 205844.5 0. 684301811712. 0 0
18.047 1 PPRZ_MODE 2 0 0 0 0 6
18.053 1 GPS 0 135377120 573484672 0 12954989 0 0 1790 507457500 14 12
18.055 1 SVINFO 12 27 12 7 33 -91 0
18.156 1 DESIRED 0. 0.06 0. 0. 0. 235. 0. 12.
18.159 1 ATTITUDE 0.162095 -1.731237 -0.01102
18.162 1 ENERGY 7. 0. 0 0.
18.226 1 NAVIGATION 0 2 881167.2 182545.5 0. 809778544640. 0 0
18.239 1 PPRZ_MODE 2 0 0 0 0 6
18.348 1 DESIRED 0. 0.06 0. 0. 0. 235. 0. 12.
18.441 1 PPRZ_MODE 2 0 0 0 0 6
18.445 1 IMU_ACCEL 0.267578 -9.732422 -0.755859
18.476 1 NAVIGATION 0 2 797816.5 203542. 0. 677940559872. 0 0
18.554 1 DESIRED 0. 0.07 0. 0. 0. 235. 0. 12.
18.556 1 IMU_GYRO -0.04248 0.012695 -0.005127
18.558 1 DL_VALUE 7 2.
18.641 1 PPRZ_MODE 2 0 0 0 0 6
18.645 1 BAT 0 70 0 0 1 44 0 0
18.725 1 NAVIGATION 0 2 814025.6 232577. 0. 716729745408. 0 0
18.747 1 DESIRED 0. 0.07 0. 0. 0. 235. 0. 12.
18.823 1 COMMANDS 0,-3418,764,0,0,0
18.838 1 PPRZ_MODE 2 0 0 0 0 6
18.849 1 DOWNLINK_STATUS 0 19 10546 481 0 526. 23. 40.5
18.922 1 ACTUATORS 1382,1646,1417,1389,1350
