5.093 1 ATTITUDE -0.014308 -2.539574 0.026683
5.104 1 DOWNLINK 0 336 185
5.131 1 NAVIGATION 0 2 0. 0. 0. 0. 0 0
5.219 1 ATTITUDE -0.014197 -2.540479 0.026668
5.238 1 ATTITUDE -0.014084 -2.541189 0.02666
5.361 1 GPS 0 0 0 0 0 0 0 0 0 0 1
5.378 1 GPS_SOL 0 0 0 0
5.397 1 ATTITUDE -0.013994 -2.542248 0.026648
5.424 1 NAVIGATION 0 2 0. 0. 0. 0. 0 0
5.468 1 ATTITUDE -0.013883 -2.543423 0.026651
5.787 1 ATTITUDE -0.013761 -2.544643 0.026645
5.891 1 NAVIGATION 0 2 0. 0. 0. 0. 0 0
5.909 1 ATTITUDE -0.013691 -2.545603 0.026692
5.924 1 DOWNLINK_STATUS 0 6 513 25 0 283. 14. -1.39698885076e+12
5.974 1 ATTITUDE -0.013702 -2.546508 0.026697
6.126 1 ATTITUDE -0.013646 -2.546884 0.026675
6.132 1 PONG 
6.159 1 NAVIGATION 0 2 0. 0. 0. 0. 0 0
6.178 1 ATTITUDE -0.013666 -2.547742 0.026723
6.223 1 ATTITUDE -0.01365 -2.548824 0.026742
6.391 1 FBW_STATUS 2 0 1 69 0
6.418 1 NAVIGATION 0 2 0. 0. 0. 0. 0 0
6.436 1 ATTITUDE -0.01366 -2.549895 0.02675
6.455 1 ATTITUDE -0.013632 -2.550677 0.026714
6.489 1 GPS 0 0 0 0 0 0 0 0 0 0 1
6.550 1 ATTITUDE -0.013598 -2.55127 0.026716
6.562 1 PPRZ_MODE 2 0 0 0 0 6
6.589 1 NAVIGATION 0 2 0. 0. 0. 0. 0 0
6.608 1 ATTITUDE -0.013563 -2.551949 0.026718
6.626 1 ATTITUDE -0.013542 -2.553123 0.026694
6.675 1 NAVIGATION 0 2 0. 0. 0. 0. 0 0
6.693 1 ATTITUDE -0.013492 -2.554004 0.0267
6.764 1 ATTITUDE -0.013517 -2.555117 0.026744
6.877 1 ATTITUDE -0.01354 -2.556135 0.026695
6.904 1 NAVIGATION 0 2 0. 0. 0. 0. 0 0
6.925 1 DOWNLINK_STATUS 0 7 925 46 0 412. 21. 710.19
6.988 1 ATTITUDE -0.013537 -2.556864 0.026683
7.089 1 ATTITUDE -0.013517 -2.557707 0.026662
7.116 1 NAVIGATION 0 2 0. 0. 0. 0. 0 0
7.209 1 ATTITUDE -0.013509 -2.558363 0.026701
7.228 1 ATTITUDE -0.013508 -2.559132 0.026719
7.342 1 GPS 0 0 0 0 0 0 0 0 0 0 1
7.361 1 ATTITUDE -0.013526 -2.559927 0.026711
7.430 1 NAVIGATION 0 2 0. 0. 0. 0. 0 0
7.449 1 ATTITUDE -0.013562 -2.560711 0.026711
7.542 1 ATTITUDE -0.013576 -2.562064 0.02669
7.668 1 NAVIGATION 0 2 0. 0. 0. 0. 0 0
7.686 1 ATTITUDE -0.013612 -2.563024 0.026693
7.756 1 ATTITUDE -0.013628 -2.564219 0.026701
7.875 1 ATTITUDE -0.01361 -2.565264 0.026679
7.902 1 NAVIGATION 0 2 0. 0. 0. 0. 0 0
7.925 1 DOWNLINK_STATUS 0 8 1242 61 0 317. 15. 710.19
7.979 1 ATTITUDE -0.013622 -2.566094 0.026692
8.082 1 ATTITUDE -0.013649 -2.567008 0.026704
8.097 1 FBW_STATUS 2 0 1 69 0
8.210 1 NAVIGATION 0 2 0. 0. 0. 0. 0 0
8.228 1 ATTITUDE -0.013603 -2.567942 0.026753
8.247 1 ATTITUDE -0.013609 -2.568542 0.026742
8.357 1 GPS 0 0 0 0 0 0 0 0 0 0 1
8.376 1 ATTITUDE -0.013607 -2.569118 0.026745
8.439 1 NAVIGATION 0 2 0. 0. 0. 0. 0 0
8.457 1 ATTITUDE -0.013591 -2.570132 0.026729
8.554 1 ATTITUDE -0.013569 -2.571111 0.026756
8.670 1 NAVIGATION 0 2 0. 0. 0. 0. 0 0
8.689 1 ATTITUDE -0.013554 -2.571744 0.026764
8.766 1 ATTITUDE -0.013518 -2.572346 0.026731
8.879 1 ATTITUDE -0.013499 -2.572902 0.026662
8.906 1 NAVIGATION 0 2 0. 0. 0. 0. 0 0
8.926 1 DOWNLINK_STATUS 0 9 1574 77 0 332. 16. 710.19
8.989 1 ATTITUDE -0.013506 -2.573879 0.026694
9.008 1 ATTITUDE -0.013468 -2.574367 0.0267
9.116 1 NAVIGATION 0 2 0. 0. 0. 0. 0 0
9.222 1 ATTITUDE -0.013452 -2.575139 0.026732
9.240 1 COMMANDS 0,265,-223,0,0
9.259 1 ATTITUDE -0.013454 -2.575939 0.02678
9.368 1 GPS 0 0 0 0 0 0 0 0 0 0 1
9.385 1 ACTUATORS 1250,1567,1556,1586,1350
9.404 1 ATTITUDE -0.013415 -2.576564 0.02675
9.431 1 NAVIGATION 0 2 0. 0. 0. 0. 0 0
9.487 1 ATTITUDE -0.013403 -2.577624 0.026708
9.590 1 ATTITUDE -0.013389 -2.578431 0.026733
9.617 1 NAVIGATION 0 2 0. 0. 0. 0. 0 0
9.692 1 ATTITUDE -0.013358 -2.579324 0.026719
9.711 1 ATTITUDE -0.013311 -2.579993 0.026754
9.811 1 ATTITUDE -0.013293 -2.580615 0.026807
9.920 1 NAVIGATION 0 2 0. 0. 0. 0. 0 0
9.927 1 DOWNLINK_STATUS 0 10 1925 94 0 351. 17. 710.19
9.939 1 ATTITUDE -0.013249 -2.58123 0.026831
10.017 1 ATTITUDE -0.013188 -2.582131 0.026831
10.143 1 FBW_STATUS 2 0 1 69 0
10.170 1 NAVIGATION 0 2 0. 0. 0. 0. 0 0
10.189 1 ATTITUDE -0.013182 -2.583048 0.026849
10.270 1 ATTITUDE -0.013128 -2.583605 0.026843
10.305 1 GPS 0 0 0 0 0 0 0 0 0 0 1
10.394 1 ATTITUDE -0.013029 -2.58449 0.02685
10.421 1 NAVIGATION 0 2 0. 0. 0. 0. 0 0
10.493 1 ATTITUDE -0.012977 -2.584985 0.026811
10.512 1 ATTITUDE -0.012898 -2.58568 0.026781
10.927 1 DOWNLINK_STATUS 0 11 2151 105 0 226. 11. -4290.82
11.084 1 NAVIGATION 0 2 0. 0. 0. 0. 0 0
11.103 1 ATTITUDE -0.012847 -2.586135 0.026761
11.339 1 ATTITUDE -0.012739 -2.586575 0.026782
11.464 1 ATTITUDE -0.012679 -2.587249 0.026745
11.491 1 NAVIGATION 0 2 0. 0. 0. 0. 0 0
11.671 1 ATTITUDE -0.012654 -2.587591 0.026746
11.777 1 ATTITUDE -0.012531 -2.587981 0.026741
11.927 1 DOWNLINK_STATUS 0 12 2293 112 0 142. 7. -4290.82
12.075 1 NAVIGATION 0 2 0. 0. 0. 0. 0 0
12.093 1 ATTITUDE -0.012385 -2.588359 0.026701
12.365 1 ATTITUDE -0.012269 -2.588894 0.026684
12.401 1 GPS 0 0 0 0 0 0 0 0 0 0 1
12.580 1 ATTITUDE -0.012154 -2.589462 0.026731
12.702 1 NAVIGATION 0 2 0. 0. 0. 0. 0 0
12.791 1 ATTITUDE -0.012042 -2.589454 0.026811
12.928 1 DOWNLINK_STATUS 0 13 2450 119 0 157. 7. -4290.82
13.046 1 ATTITUDE -0.011992 -2.590322 0.026815
13.354 1 NAVIGATION 0 2 0. 0. 0. 0. 0 0
13.373 1 ATTITUDE -0.01188 -2.591038 0.026843
13.472 1 ATTITUDE -0.011788 -2.591634 0.026845
13.571 1 ATTITUDE -0.011709 -2.59209 0.026824
13.598 1 NAVIGATION 0 2 0. 0. 0. 0. 0 0
13.724 1 ATTITUDE -0.011612 -2.592653 0.026812
13.743 1 ATTITUDE -0.011534 -2.593505 0.026816
13.759 1 FBW_STATUS 2 0 1 69 0
13.786 1 NAVIGATION 0 2 0. 0. 0. 0. 0 0
13.804 1 ATTITUDE -0.01142 -2.593975 0.026866
13.926 1 ATTITUDE -0.01129 -2.594447 0.026876
13.929 1 DOWNLINK_STATUS 0 14 2687 131 0 237. 12. -4290.82
13.961 1 GPS 0 0 0 0 0 0 0 0 0 0 1
13.979 1 ATTITUDE -0.011161 -2.594864 0.026847
13.991 1 PPRZ_MODE 2 0 0 0 0 6
14.019 1 NAVIGATION 0 2 0. 0. 0. 0. 0 0
14.037 1 ATTITUDE -0.011027 -2.594796 0.026849
14.056 1 ATTITUDE -0.010976 -2.595275 0.026916
14.083 1 NAVIGATION 0 2 0. 0. 0. 0. 0 0
14.101 1 ATTITUDE -0.010923 -2.59588 0.026932
14.120 1 ATTITUDE -0.010844 -2.596042 0.026946
14.160 1 ATTITUDE -0.010759 -2.596627 0.026946
14.286 1 NAVIGATION 0 2 0. 0. 0. 0. 0 0
14.305 1 ATTITUDE -0.010719 -2.597256 0.026916
14.410 1 ATTITUDE -0.010631 -2.59781 0.026911
14.437 1 NAVIGATION 0 2 0. 0. 0. 0. 0 0
14.455 1 ATTITUDE -0.010566 -2.598045 0.02691
14.588 1 ATTITUDE -0.010485 -2.598805 0.026938
14.622 1 GPS 0 0 0 0 0 0 0 0 0 0 1
14.641 1 ATTITUDE -0.010452 -2.599563 0.026956
14.668 1 NAVIGATION 0 2 0. 0. 0. 0. 0 0
14.687 1 ATTITUDE -0.010379 -2.599263 0.026942
14.692 1 PONG 
14.711 1 ATTITUDE -0.01031 -2.600029 0.026923
14.799 1 NAVIGATION 0 2 0. 0. 0. 0. 0 0
14.816 1 ATTITUDE -0.010293 -2.600686 0.026944
14.835 1 ATTITUDE -0.010273 -2.601196 0.026935
14.929 1 DOWNLINK_STATUS 0 15 3197 156 0 510. 25. 4269.83
14.933 1 ATTITUDE -0.010282 -2.601876 0.026921
14.960 1 NAVIGATION 0 2 0. 0. 0. 0. 0 0
15.045 1 ATTITUDE -0.010266 -2.602631 0.026936
15.063 1 ATTITUDE -0.010277 -2.603371 0.026881
15.185 1 FBW_STATUS 2 0 1 69 0
15.212 1 NAVIGATION 0 2 0. 0. 0. 0. 0 0
15.231 1 ATTITUDE -0.010299 -2.604116 0.026883
15.248 1 COMMANDS 0,205,-230,0,0
15.268 1 WIND_INFO 1 42 0. 0. 0.
15.321 1 ATTITUDE -0.010308 -2.604916 0.026862
15.355 1 GPS 0 0 0 0 0 0 0 0 0 0 1
15.883 1 ACTUATORS 1250,1567,1555,1584,1350
15.901 1 ATTITUDE -0.010326 -2.605339 0.026869
15.929 1 NAVIGATION 0 2 0. 0. 0. 0. 0 0
15.930 1 DOWNLINK_STATUS 0 16 3465 169 0 268. 13. -730.97
15.983 1 ATTITUDE -0.010379 -2.605829 0.026856
16.001 1 ATTITUDE -0.010369 -2.606304 0.026822
16.155 1 NAVIGATION 0 2 0. 0. 0. 0. 0 0
16.173 1 ATTITUDE -0.010361 -2.606832 0.026795
16.195 1 BAT 0 69 0 0 1 20 0 0
16.214 1 ATTITUDE -0.010392 -2.607641 0.026865
16.249 1 ATTITUDE -0.010398 -2.607945 0.026845
16.380 1 NAVIGATION 0 2 0. 0. 0. 0. 0 0
16.400 1 ATTITUDE -0.010414 -2.608389 0.026824
16.423 1 ALIVE 41,104,77,226,144,103,96,68,133,86,243,163,1,204,72,112
16.476 1 ATTITUDE -0.010467 -2.608946 0.026833
16.603 1 NAVIGATION 0 2 0. 0. 0. 0. 0 0
16.621 1 ATTITUDE -0.0105 -2.609351 0.026869
16.733 1 ATTITUDE -0.010532 -2.610257 0.026819
16.767 1 GPS 0 0 0 0 0 0 0 0 0 0 1
16.786 1 ATTITUDE -0.010564 -2.61073 0.02685
16.868 1 NAVIGATION 0 2 0. 0. 0. 0. 0 0
16.887 1 ATTITUDE -0.010624 -2.611423 0.026838
16.898 1 DOWNLINK 0 344 359
16.931 1 DOWNLINK_STATUS 0 17 3855 188 0 390. 19. -730.97
17.089 1 ATTITUDE -0.010538 -2.612127 0.02683
17.116 1 NAVIGATION 0 2 0. 0. 0. 0. 0 0
17.135 1 ATTITUDE -0.010577 -2.612989 0.026788
17.154 1 ATTITUDE -0.010648 -2.612727 0.026849
17.170 1 GPS_SOL 0 0 0 0
17.190 1 ATTITUDE -0.010653 -2.613442 0.026867
17.217 1 NAVIGATION 0 2 0. 0. 0. 0. 0 0
17.235 1 ATTITUDE -0.010697 -2.613486 0.026825
17.241 1 PONG 
17.260 1 ATTITUDE -0.010698 -2.614213 0.026852
17.276 1 FBW_STATUS 2 0 1 69 0
17.303 1 NAVIGATION 0 2 0. 0. 0. 0. 0 0
17.321 1 ATTITUDE -0.01082 -2.614688 0.026778
17.340 1 ATTITUDE -0.010906 -2.61497 0.026787
17.374 1 GPS 0 0 0 0 0 0 0 0 0 0 1
17.393 1 ATTITUDE -0.010901 -2.615736 0.026773
17.420 1 NAVIGATION 0 2 0. 0. 0. 0. 0 0
17.488 1 ATTITUDE -0.010953 -2.616274 0.026767
17.578 1 ATTITUDE -0.010932 -2.616889 0.026722
17.605 1 NAVIGATION 0 2 0. 0. 0. 0. 0 0
17.700 1 ATTITUDE -0.01104 -2.617497 0.026637
17.719 1 ATTITUDE -0.011111 -2.617836 0.026594
17.821 1 ATTITUDE -0.011111 -2.618392 0.026518
17.848 1 NAVIGATION 0 2 0. 0. 0. 0. 0 0
17.919 1 ATTITUDE -0.011129 -2.619055 0.02649
17.932 1 DOWNLINK_STATUS 0 18 4352 213 0 497. 25. 1817.91
18.070 1 ATTITUDE -0.011111 -2.619839 0.026513
18.097 1 NAVIGATION 0 2 0. 0. 0. 0. 0 0
18.116 1 ATTITUDE -0.011171 -2.62036 0.026444
18.135 1 ATTITUDE -0.011194 -2.621104 0.026495
18.217 1 GPS 0 0 0 0 0 0 0 0 0 0 1
18.236 1 ATTITUDE -0.011203 -2.621699 0.026496
18.263 1 NAVIGATION 0 2 0. 0. 0. 0. 0 0
18.317 1 ATTITUDE -0.011189 -2.622653 0.0265
18.417 1 ATTITUDE -0.011205 -2.623028 0.026474
18.444 1 NAVIGATION 0 2 0. 0. 0. 0. 0 0
18.520 1 ATTITUDE -0.01121 -2.623706 0.026446
18.538 1 ATTITUDE -0.01122 -2.624046 0.02643
18.636 1 ATTITUDE -0.01126 -2.624515 0.026394
18.748 1 NAVIGATION 0 2 0. 0. 0. 0. 0 0
18.767 1 ATTITUDE -0.011275 -2.624833 0.026308
18.843 1 ATTITUDE -0.011289 -2.625591 0.026304
18.932 1 DOWNLINK_STATUS 0 19 4687 229 0 335. 16. 1817.91
18.976 1 FBW_STATUS 2 0 1 69 0
19.003 1 NAVIGATION 0 2 0. 0. 0. 0. 0 0
19.021 1 ATTITUDE -0.011319 -2.626273 0.026271
19.123 1 ATTITUDE -0.011293 -2.627098 0.026308
19.158 1 GPS 0 0 0 0 0 0 0 0 0 0 1
19.176 1 ATTITUDE -0.011263 -2.627468 0.0263
19.189 1 PPRZ_MODE 2 0 0 0 0 6
19.234 1 NAVIGATION 0 2 0. 0. 0. 0. 0 0
19.253 1 ATTITUDE -0.011291 -2.627758 0.026223
19.336 1 ATTITUDE -0.011286 -2.628001 0.026164
19.462 1 NAVIGATION 0 2 0. 0. 0. 0. 0 0
19.480 1 ATTITUDE -0.011254 -2.628393 0.026152
19.550 1 ATTITUDE -0.011237 -2.628674 0.026125
19.666 1 ATTITUDE -0.011228 -2.629395 0.026093
19.694 1 NAVIGATION 0 2 0. 0. 0. 0. 0 0
19.763 1 ATTITUDE -0.011214 -2.629896 0.025999
19.885 1 ATTITUDE -0.011143 -2.63017 0.025965
19.912 1 NAVIGATION 0 2 0. 0. 0. 0. 0 0
19.933 1 DOWNLINK_STATUS 0 20 5057 247 0 370. 18. 1817.91
20.025 1 ATTITUDE -0.011075 -2.630565 0.025923
20.043 1 COMMANDS 0,220,-210,0,0
20.061 1 ATTITUDE -0.01106 -2.631166 0.025889
20.096 1 GPS 0 0 0 0 0 0 0 0 0 0 1
20.162 1 ACTUATORS 1250,1568,1555,1585,1350
20.181 1 ATTITUDE -0.011042 -2.631427 0.025901
20.208 1 NAVIGATION 0 2 0. 0. 0. 0. 0 0
20.260 1 ATTITUDE -0.011006 -2.631898 0.025866
20.362 1 ATTITUDE -0.010943 -2.632415 0.025814
20.477 1 NAVIGATION 0 2 0. 0. 0. 0. 0 0
20.495 1 ATTITUDE -0.010868 -2.632992 0.025774
20.845 1 ATTITUDE -0.010791 -2.633368 0.025763
20.934 1 DOWNLINK_STATUS 0 21 5302 259 0 245. 12. -3182.96
21.105 1 ATTITUDE -0.010715 -2.634136 0.025736
21.132 1 NAVIGATION 0 2 0. 0. 0. 0. 0 0
21.399 1 ATTITUDE -0.010665 -2.634464 0.025698
21.418 1 ATTITUDE -0.010636 -2.634959 0.025628
21.691 1 FBW_STATUS 2 0 1 69 0
21.718 1 NAVIGATION 0 2 0. 0. 0. 0. 0 0
21.737 1 ATTITUDE -0.010535 -2.635553 0.025602
21.818 1 ATTITUDE -0.01048 -2.63589 0.025556
21.852 1 GPS 0 0 0 0 0 0 0 0 0 0 1
21.935 1 DOWNLINK_STATUS 0 22 5492 268 0 190. 9. -3182.96
22.122 1 ATTITUDE -0.010439 -2.63645 0.025574
22.150 1 NAVIGATION 0 2 0. 0. 0. 0. 0 0
22.351 1 ATTITUDE -0.010366 -2.63686 0.025579
22.471 1 ATTITUDE -0.010311 -2.637264 0.025563
22.498 1 NAVIGATION 0 2 0. 0. 0. 0. 0 0
22.786 1 ATTITUDE -0.010282 -2.637568 0.025545
22.913 1 ATTITUDE -0.010202 -2.637776 0.025524
22.930 1 ATTITUDE -0.010158 -2.637807 0.025479
22.935 1 DOWNLINK_STATUS 0 23 5652 276 0 160. 8. -3182.96
22.958 1 NAVIGATION 0 2 0. 0. 0. 0. 0 0
22.977 1 ATTITUDE -0.010075 -2.63791 0.025451
23.092 1 ATTITUDE -0.010038 -2.638297 0.025461
23.119 1 NAVIGATION 0 2 0. 0. 0. 0. 0 0
23.137 1 ATTITUDE -0.009942 -2.63864 0.025477
23.156 1 ATTITUDE -0.009879 -2.63866 0.025484
23.232 1 GPS 0 0 0 0 0 0 0 0 0 0 1
23.251 1 ATTITUDE -0.009832 -2.63921 0.025446
23.278 1 NAVIGATION 0 2 0. 0. 0. 0. 0 0
23.297 1 ATTITUDE -0.009798 -2.639584 0.025464
23.315 1 ATTITUDE -0.00975 -2.639463 0.025457
23.399 1 NAVIGATION 0 2 0. 0. 0. 0. 0 0
23.418 1 ATTITUDE -0.009727 -2.6403 0.025453
23.436 1 ATTITUDE -0.009723 -2.640802 0.025449
23.455 1 ATTITUDE -0.009726 -2.640954 0.025461
23.517 1 NAVIGATION 0 2 0. 0. 0. 0. 0 0
23.535 1 ATTITUDE -0.00974 -2.641433 0.025403
23.693 1 ATTITUDE -0.009733 -2.642239 0.025461
23.709 1 FBW_STATUS 2 0 1 69 0
23.736 1 NAVIGATION 0 2 0. 0. 0. 0. 0 0
23.753 1 ATTITUDE -0.00979 -2.64278 0.025421
23.772 1 ATTITUDE -0.009799 -2.642233 0.025442
23.807 1 GPS 0 0 0 0 0 0 0 0 0 0 1
23.825 1 ATTITUDE -0.009845 -2.642533 0.025436
23.852 1 NAVIGATION 0 2 0. 0. 0. 0. 0 0
23.871 1 ATTITUDE -0.009898 -2.642576 0.025412
23.936 1 DOWNLINK_STATUS 0 24 6203 302 0 551. 26. -3182.96
23.940 1 ATTITUDE -0.009919 -2.643006 0.025429
24.090 1 NAVIGATION 0 2 0. 0. 0. 0. 0 0
24.108 1 ATTITUDE -0.009959 -2.643365 0.025449
24.126 1 ATTITUDE -0.009986 -2.644049 0.025389
24.145 1 ATTITUDE -0.010014 -2.643676 0.025404
24.151 1 PONG 
24.178 1 NAVIGATION 0 2 0. 0. 0. 0. 0 0
24.197 1 ATTITUDE -0.010039 -2.643772 0.025383
24.216 1 ATTITUDE -0.010077 -2.643956 0.025389
24.353 1 NAVIGATION 0 2 0. 0. 0. 0. 0 0
24.371 1 ATTITUDE -0.010112 -2.644344 0.025312
24.390 1 ATTITUDE -0.010163 -2.645103 0.025288
24.486 1 GPS 0 0 0 0 0 0 0 0 0 0 1
24.504 1 ATTITUDE -0.010228 -2.645662 0.025236
24.532 1 NAVIGATION 0 2 0. 0. 0. 0. 0 0
24.592 1 ATTITUDE -0.010254 -2.646369 0.025229
24.610 1 ATTITUDE -0.010351 -2.646952 0.025232
24.717 1 NAVIGATION 0 2 0. 0. 0. 0. 0 0
24.735 1 ATTITUDE -0.010411 -2.647493 0.025213
24.820 1 ATTITUDE -0.010373 -2.647967 0.025188
24.839 1 ATTITUDE -0.010357 -2.648782 0.025196
24.937 1 DOWNLINK_STATUS 0 25 6624 323 0 421. 21. 3726.56
24.946 1 NAVIGATION 0 2 0. 0. 0. 0. 0 0
24.965 1 ATTITUDE -0.010408 -2.64918 0.025208
25.035 1 ATTITUDE -0.010442 -2.649648 0.025152
25.209 1 FBW_STATUS 2 0 1 69 0
25.236 1 NAVIGATION 0 2 0. 0. 0. 0. 0 0
25.255 1 ATTITUDE -0.010509 -2.650011 0.025125
25.268 1 WIND_INFO 1 42 0. 0. 0.
25.273 1 COMMANDS 0,210,-215,0,0
25.291 1 ATTITUDE -0.010575 -2.650137 0.025118
25.337 1 GPS 0 0 0 0 0 0 0 0 0 0 1
25.354 1 ACTUATORS 1250,1568,1555,1584,1350
25.373 1 ATTITUDE -0.010619 -2.650498 0.025146
25.385 1 PPRZ_MODE 2 0 0 0 0 6
25.912 1 NAVIGATION 0 2 0. 0. 0. 0. 0 0
25.931 1 ATTITUDE -0.010635 -2.650749 0.025098
25.938 1 DOWNLINK_STATUS 0 26 6904 337 0 280. 14. -1274.3
26.035 1 ATTITUDE -0.010704 -2.651297 0.025119
26.062 1 NAVIGATION 0 2 0. 0. 0. 0. 0 0
26.141 1 ATTITUDE -0.010726 -2.651413 0.025082
26.159 1 ATTITUDE -0.010773 -2.65153 0.025025
26.256 1 BAT 0 69 0 0 1 30 0 0
26.274 1 ATTITUDE -0.010815 -2.651786 0.024965
26.367 1 NAVIGATION 0 2 0. 0. 0. 0. 0 0
26.386 1 ATTITUDE -0.010867 -2.652015 0.024928
26.468 1 ATTITUDE -0.010858 -2.652285 0.024951
26.612 1 NAVIGATION 0 2 0. 0. 0. 0. 0 0
26.631 1 ATTITUDE -0.010923 -2.652874 0.024975
26.655 1 ALIVE 41,104,77,226,144,103,96,68,133,86,243,163,1,204,72,112
26.754 1 ATTITUDE -0.010924 -2.65321 0.024956
26.789 1 GPS 0 0 0 0 0 0 0 0 0 0 1
26.807 1 ATTITUDE -0.010967 -2.653582 0.024929
26.851 1 NAVIGATION 0 2 0. 0. 0. 0. 0 0
26.870 1 ATTITUDE -0.01098 -2.653734 0.024907
26.939 1 DOWNLINK_STATUS 0 27 7265 354 0 361. 17. -1274.3
27.083 1 ATTITUDE -0.011006 -2.654319 0.024846
27.110 1 NAVIGATION 0 2 0. 0. 0. 0. 0 0
27.128 1 ATTITUDE -0.011066 -2.654831 0.024827
27.147 1 ATTITUDE -0.011079 -2.654514 0.024827
27.166 1 ATTITUDE -0.011117 -2.654357 0.024796
27.177 1 DOWNLINK 0 338 531
27.204 1 NAVIGATION 0 2 0. 0. 0. 0. 0 0
27.223 1 ATTITUDE -0.011101 -2.653795 0.024749
27.229 1 PONG 
27.248 1 ATTITUDE -0.01109 -2.653702 0.024738
27.263 1 FBW_STATUS 2 0 1 69 0
27.290 1 NAVIGATION 0 2 0. 0. 0. 0. 0 0
27.309 1 ATTITUDE -0.011096 -2.654392 0.024781
27.350 1 ATTITUDE -0.011103 -2.654939 0.024784
27.384 1 GPS 0 0 0 0 0 0 0 0 0 0 1
27.402 1 GPS_SOL 0 0 0 0
27.469 1 ATTITUDE -0.011149 -2.655325 0.024728
27.496 1 NAVIGATION 0 2 0. 0. 0. 0. 0 0
27.572 1 ATTITUDE -0.011187 -2.655324 0.024712
27.670 1 ATTITUDE -0.011204 -2.655612 0.024689
27.782 1 NAVIGATION 0 2 0. 0. 0. 0. 0 0
27.801 1 ATTITUDE -0.011234 -2.65558 0.024719
27.818 1 ATTITUDE -0.011227 -2.655807 0.024698
27.913 1 ATTITUDE -0.011261 -2.65604 0.024737
27.939 1 DOWNLINK_STATUS 0 28 7729 378 0 464. 24. 1803.85
27.940 1 NAVIGATION 0 2 0. 0. 0. 0. 0 0
28.010 1 ATTITUDE -0.01124 -2.656449 0.024759
28.157 1 ATTITUDE -0.011231 -2.656718 0.02473
28.184 1 NAVIGATION 0 2 0. 0. 0. 0. 0 0
28.203 1 ATTITUDE -0.011257 -2.656661 0.024695
28.221 1 ATTITUDE -0.011175 -2.657348 0.024642
28.306 1 GPS 0 0 0 0 0 0 0 0 0 0 1
28.324 1 ATTITUDE -0.011105 -2.657522 0.024601
28.387 1 NAVIGATION 0 2 0. 0. 0. 0. 0 0
28.406 1 ATTITUDE -0.011045 -2.657874 0.024623
28.511 1 ATTITUDE -0.010967 -2.658467 0.024624
28.604 1 NAVIGATION 0 2 0. 0. 0. 0. 0 0
28.622 1 ATTITUDE -0.010891 -2.65898 0.024639
28.710 1 ATTITUDE -0.010763 -2.659137 0.024666
28.822 1 ATTITUDE -0.010657 -2.659209 0.024691
28.849 1 NAVIGATION 0 2 0. 0. 0. 0. 0 0
28.868 1 ATTITUDE -0.010563 -2.659317 0.024679
28.937 1 ATTITUDE -0.010502 -2.659722 0.024664
28.940 1 DOWNLINK_STATUS 0 29 8108 396 0 379. 18. 1803.85
29.064 1 FBW_STATUS 2 0 1 69 0
29.091 1 NAVIGATION 0 2 0. 0. 0. 0. 0 0
29.110 1 ATTITUDE -0.010404 -2.659871 0.024693
29.190 1 ATTITUDE -0.010321 -2.660081 0.024723
29.224 1 GPS 0 0 0 0 0 0 0 0 0 0 1
29.322 1 ATTITUDE -0.010255 -2.660436 0.024687
29.349 1 NAVIGATION 0 2 0. 0. 0. 0. 0 0
29.368 1 ATTITUDE -0.01016 -2.66058 0.024758
29.417 1 ATTITUDE -0.010092 -2.660852 0.024765
29.543 1 NAVIGATION 0 2 0. 0. 0. 0. 0 0
29.561 1 ATTITUDE -0.010075 -2.66111 0.024766
29.631 1 ATTITUDE -0.009982 -2.660996 0.024758
29.748 1 ATTITUDE -0.009964 -2.661117 0.024766
29.829 1 NAVIGATION 0 2 0. 0. 0. 0. 0 0
29.847 1 ATTITUDE -0.009892 -2.661308 0.024762
29.941 1 DOWNLINK_STATUS 0 30 8422 411 0 314. 15. 1803.85
29.943 1 ATTITUDE -0.00983 -2.661612 0.024812
30.086 1 NAVIGATION 0 2 0. 0. 0. 0. 0 0
30.105 1 ATTITUDE -0.009789 -2.661872 0.02479
30.122 1 COMMANDS 0,192,-220,0,0
30.224 1 ATTITUDE -0.009688 -2.662092 0.024794
30.257 1 GPS 0 0 0 0 0 0 0 0 0 0 1
30.276 1 ACTUATORS 1250,1568,1555,1584,1350
30.293 1 ATTITUDE -0.009652 -2.662192 0.024822
30.353 1 NAVIGATION 0 2 0. 0. 0. 0. 0 0
30.371 1 ATTITUDE -0.009588 -2.662548 0.024858
30.441 1 ATTITUDE -0.009483 -2.662684 0.024861
30.941 1 DOWNLINK_STATUS 0 31 8649 422 0 227. 11. -3196.76
31.243 1 NAVIGATION 0 2 0. 0. 0. 0. 0 0
31.262 1 ATTITUDE -0.009444 -2.66291 0.024922
31.332 1 ATTITUDE -0.009388 -2.663486 0.024948
31.451 1 ATTITUDE -0.009306 -2.663783 0.025023
31.478 1 NAVIGATION 0 2 0. 0. 0. 0. 0 0
31.552 1 ATTITUDE -0.009356 -2.664288 0.024999
31.645 1 ATTITUDE -0.009347 -2.664782 0.025069
31.784 1 FBW_STATUS 2 0 1 69 0
31.811 1 NAVIGATION 0 2 0. 0. 0. 0. 0 0
31.830 1 ATTITUDE -0.00938 -2.665207 0.025082
31.928 1 ATTITUDE -0.009419 -2.665288 0.025059
31.942 1 DOWNLINK_STATUS 0 32 8868 433 0 219. 11. -3196.76
31.962 1 GPS 0 0 0 0 0 0 0 0 0 0 1
31.982 1 ATTITUDE -0.009423 -2.665359 0.025017
31.993 1 PPRZ_MODE 2 0 0 0 0 6
32.020 1 NAVIGATION 0 2 0. 0. 0. 0. 0 0
32.040 1 ATTITUDE -0.009442 -2.665488 0.025046
32.138 1 ATTITUDE -0.009472 -2.665671 0.02506
32.434 1 NAVIGATION 0 2 0. 0. 0. 0. 0 0
32.453 1 ATTITUDE -0.009501 -2.665772 0.025073
32.471 1 ATTITUDE -0.009529 -2.665991 0.025063
32.490 1 ATTITUDE -0.009553 -2.665636 0.025037
32.517 1 NAVIGATION 0 2 0. 0. 0. 0. 0 0
32.536 1 ATTITUDE -0.00964 -2.665493 0.025044
32.554 1 ATTITUDE -0.00969 -2.66522 0.025003
32.581 1 NAVIGATION 0 2 0. 0. 0. 0. 0 0
32.600 1 ATTITUDE -0.009747 -2.664932 0.02497
32.619 1 ATTITUDE -0.009781 -2.664068 0.02495
32.653 1 GPS 0 0 0 0 0 0 0 0 0 0 1
32.658 1 PONG 
32.678 1 ATTITUDE -0.009821 -2.663653 0.024958
32.705 1 NAVIGATION 0 2 0. 0. 0. 0. 0 0
32.750 1 ATTITUDE -0.00994 -2.663895 0.024933
32.769 1 ATTITUDE -0.009965 -2.664081 0.024897
32.797 1 NAVIGATION 0 2 0. 0. 0. 0. 0 0
32.815 1 ATTITUDE -0.010004 -2.664449 0.02491
32.858 1 ATTITUDE -0.010076 -2.664804 0.024924
32.942 1 DOWNLINK_STATUS 0 33 9378 458 0 510. 25. 2232.7
32.990 1 ATTITUDE -0.010128 -2.664939 0.024932
33.017 1 NAVIGATION 0 2 0. 0. 0. 0. 0 0
33.036 1 ATTITUDE -0.010188 -2.665238 0.024944
33.087 1 ATTITUDE -0.010241 -2.665564 0.024941
33.214 1 FBW_STATUS 2 0 1 69 0
33.241 1 NAVIGATION 0 2 0. 0. 0. 0. 0 0
33.260 1 ATTITUDE -0.010266 -2.666122 0.024931
33.341 1 ATTITUDE -0.010353 -2.666051 0.024936
33.375 1 GPS 0 0 0 0 0 0 0 0 0 0 1
33.488 1 ATTITUDE -0.010381 -2.666243 0.024923
33.515 1 NAVIGATION 0 2 0. 0. 0. 0. 0 0
33.533 1 ATTITUDE -0.010435 -2.666365 0.024874
33.554 1 ATTITUDE -0.010518 -2.666733 0.024837
33.613 1 NAVIGATION 0 2 0. 0. 0. 0. 0 0
33.631 1 ATTITUDE -0.010554 -2.666944 0.02481
33.701 1 ATTITUDE -0.010601 -2.667108 0.024705
33.819 1 ATTITUDE -0.01065 -2.667176 0.024659
33.846 1 NAVIGATION 0 2 0. 0. 0. 0. 0 0
33.916 1 ATTITUDE -0.010668 -2.666997 0.024635
33.943 1 DOWNLINK_STATUS 0 34 9772 477 0 394. 19. 2232.7
34.047 1 ATTITUDE -0.010686 -2.667097 0.024638
34.074 1 NAVIGATION 0 2 0. 0. 0. 0. 0 0
34.132 1 ATTITUDE -0.010679 -2.667256 0.024621
34.151 1 ATTITUDE -0.01072 -2.667419 0.024603
34.294 1 GPS 0 0 0 0 0 0 0 0 0 0 1
34.313 1 ATTITUDE -0.010783 -2.667906 0.024602
34.373 1 NAVIGATION 0 2 0. 0. 0. 0. 0 0
34.392 1 ATTITUDE -0.010784 -2.667997 0.02457
34.515 1 ATTITUDE -0.010809 -2.66827 0.024568
34.543 1 NAVIGATION 0 2 0. 0. 0. 0. 0 0
34.601 1 ATTITUDE -0.010797 -2.668592 0.024547
34.619 1 ATTITUDE -0.010817 -2.668663 0.024564
34.717 1 ATTITUDE -0.010887 -2.668766 0.024512
34.832 1 NAVIGATION 0 2 0. 0. 0. 0. 0 0
34.851 1 ATTITUDE -0.010969 -2.668725 0.024473
34.927 1 ATTITUDE -0.01096 -2.668874 0.024402
34.943 1 DOWNLINK_STATUS 0 35 10107 493 0 335. 16. 2232.7
35.056 1 FBW_STATUS 2 0 1 69 0
35.083 1 NAVIGATION 0 2 0. 0. 0. 0. 0 0
35.101 1 ATTITUDE -0.011021 -2.669298 0.024382
35.194 1 COMMANDS 0,219,-199,0,0
35.213 1 ATTITUDE -0.011024 -2.669555 0.024422
35.247 1 GPS 0 0 0 0 0 0 0 0 0 0 1
35.268 1 WIND_INFO 1 42 0. 0. 0.
35.333 1 ACTUATORS 1250,1568,1555,1585,1350
35.352 1 ATTITUDE -0.011035 -2.669358 0.024409
35.380 1 NAVIGATION 0 2 0. 0. 0. 0. 0 0
35.398 1 ATTITUDE -0.01107 -2.669267 0.024343
35.944 1 DOWNLINK_STATUS 0 36 10313 503 0 206. 10. -2768.08
36.209 1 ATTITUDE -0.011039 -2.669234 0.024287
36.335 1 NAVIGATION 0 2 0. 0. 0. 0. 0 0
36.354 1 ATTITUDE -0.011089 -2.669106 0.024273
36.424 1 ATTITUDE -0.011045 -2.669008 0.02427
36.572 1 ATTITUDE -0.011041 -2.668872 0.024286
36.594 1 BAT 0 69 0 0 1 40 0 0
36.621 1 NAVIGATION 0 2 0. 0. 0. 0. 0 0
36.640 1 ATTITUDE -0.011048 -2.668899 0.02425
36.669 1 ATTITUDE -0.011054 -2.669074 0.024254
36.795 1 NAVIGATION 0 2 0. 0. 0. 0. 0 0
36.814 1 ATTITUDE -0.011049 -2.669113 0.024211
36.935 1 ATTITUDE -0.011001 -2.669607 0.024179
36.945 1 DOWNLINK_STATUS 0 37 10556 515 0 243. 12. -2768.08
36.969 1 GPS 0 0 0 0 0 0 0 0 0 0 1
36.988 1 ATTITUDE -0.010962 -2.669659 0.02417
37.050 1 ALIVE 41,104,77,226,144,103,96,68,133,86,243,163,1,204,72,112
37.076 1 NAVIGATION 0 2 0. 0. 0. 0. 0 0
37.095 1 ATTITUDE -0.010927 -2.669565 0.024162
37.157 1 ATTITUDE -0.010899 -2.670082 0.02417
37.453 1 NAVIGATION 0 2 0. 0. 0. 0. 0 0
37.471 1 ATTITUDE -0.010772 -2.670281 0.024183
37.490 1 ATTITUDE -0.010702 -2.669713 0.024166
37.509 1 ATTITUDE -0.010628 -2.669469 0.024159
37.536 1 NAVIGATION 0 2 0. 0. 0. 0. 0 0
37.560 1 ATTITUDE -0.010523 -2.66854 0.024134
37.573 1 ATTITUDE -0.010483 -2.669113 0.024156
37.589 1 FBW_STATUS 2 0 1 69 0
37.616 1 NAVIGATION 0 2 0. 0. 0. 0. 0 0
37.634 1 ATTITUDE -0.010376 -2.668236 0.024123
37.641 1 PONG 
37.659 1 ATTITUDE -0.010353 -2.667575 0.024135
37.694 1 GPS 0 0 0 0 0 0 0 0 0 0 1
37.704 1 DOWNLINK 0 344 706
37.724 1 ATTITUDE -0.010299 -2.666804 0.024125
37.735 1 PPRZ_MODE 2 0 0 0 0 6
37.763 1 NAVIGATION 0 2 0. 0. 0. 0. 0 0
37.781 1 ATTITUDE -0.010261 -2.66669 0.024113
37.800 1 ATTITUDE -0.010217 -2.666785 0.024079
37.827 1 NAVIGATION 0 2 0. 0. 0. 0. 0 0
37.845 1 ATTITUDE -0.010202 -2.666919 0.024111
37.916 1 ATTITUDE -0.010146 -2.66721 0.024094
37.934 1 GPS_SOL 0 0 0 0
37.945 1 DOWNLINK_STATUS 0 38 11132 544 0 576. 29. 2214.02
38.046 1 ATTITUDE -0.010143 -2.667365 0.024078
38.073 1 NAVIGATION 0 2 0. 0. 0. 0. 0 0
38.092 1 ATTITUDE -0.010117 -2.667278 0.024091
38.150 1 ATTITUDE -0.010084 -2.667178 0.024079
38.276 1 NAVIGATION 0 2 0. 0. 0. 0. 0 0
38.294 1 ATTITUDE -0.010022 -2.667483 0.024071
38.391 1 ATTITUDE -0.009984 -2.667665 0.024088
38.425 1 GPS 0 0 0 0 0 0 0 0 0 0 1
38.536 1 ATTITUDE -0.00996 -2.667791 0.024147
38.564 1 NAVIGATION 0 2 0. 0. 0. 0. 0 0
38.583 1 ATTITUDE -0.009926 -2.668137 0.024174
38.602 1 ATTITUDE -0.009791 -2.668707 0.024121
38.677 1 NAVIGATION 0 2 0. 0. 0. 0. 0 0
38.696 1 ATTITUDE -0.009746 -2.669215 0.024142
38.714 1 ATTITUDE -0.009665 -2.669302 0.024191
38.766 1 ATTITUDE -0.009714 -2.669461 0.024147
38.892 1 NAVIGATION 0 2 0. 0. 0. 0. 0 0
38.910 1 ATTITUDE -0.009664 -2.669748 0.024156
38.946 1 DOWNLINK_STATUS 0 39 11511 562 0 379. 18. 2214.02
38.980 1 ATTITUDE -0.009589 -2.669935 0.024105
39.107 1 FBW_STATUS 2 0 1 69 0
39.134 1 NAVIGATION 0 2 0. 0. 0. 0. 0 0
39.152 1 ATTITUDE -0.009592 -2.670215 0.024099
39.234 1 ATTITUDE -0.009604 -2.670515 0.024056
39.268 1 GPS 0 0 0 0 0 0 0 0 0 0 1
39.354 1 ATTITUDE -0.009638 -2.67066 0.02402
39.382 1 NAVIGATION 0 2 0. 0. 0. 0. 0 0
39.456 1 ATTITUDE -0.009673 -2.670437 0.024068
39.475 1 ATTITUDE -0.009678 -2.670753 0.024043
39.587 1 NAVIGATION 0 2 0. 0. 0. 0. 0 0
39.606 1 ATTITUDE -0.009718 -2.67077 0.023982
39.681 1 ATTITUDE -0.009748 -2.671053 0.02396
39.789 1 ATTITUDE -0.009808 -2.67109 0.023919
39.816 1 NAVIGATION 0 2 0. 0. 0. 0. 0 0
39.901 1 ATTITUDE -0.009842 -2.670821 0.023897
39.919 1 ATTITUDE -0.009868 -2.670956 0.023928
39.947 1 DOWNLINK_STATUS 0 40 11861 579 0 350. 17. 2214.02
40.081 1 NAVIGATION 0 2 0. 0. 0. 0. 0 0
40.100 1 ATTITUDE -0.009887 -2.670832 0.023924
40.117 1 COMMANDS 0,191,-208,0,0
40.136 1 ATTITUDE -0.009862 -2.670846 0.023902
40.196 1 GPS 0 0 0 0 0 0 0 0 0 0 1
40.213 1 ACTUATORS 1250,1568,1555,1584,1350
40.232 1 ATTITUDE -0.009883 -2.671127 0.023927
40.259 1 NAVIGATION 0 2 0. 0. 0. 0. 0 0
40.306 1 ATTITUDE -0.009924 -2.671247 0.02393
40.416 1 ATTITUDE -0.009962 -2.671631 0.023924
40.527 1 NAVIGATION 0 2 0. 0. 0. 0. 0 0
40.545 1 ATTITUDE -0.009993 -2.671912 0.023914
40.748 1 ATTITUDE -0.010016 -2.672135 0.02392
40.767 1 ATTITUDE -0.010029 -2.6722 0.023914
40.948 1 DOWNLINK_STATUS 0 41 12150 593 0 289. 14. -2786.12
41.104 1 NAVIGATION 0 2 0. 0. 0. 0. 0 0
41.122 1 ATTITUDE -0.010035 -2.672302 0.023899
41.192 1 ATTITUDE -0.010068 -2.672539 0.023892
41.328 1 FBW_STATUS 2 0 1 69 0
41.355 1 NAVIGATION 0 2 0. 0. 0. 0. 0 0
41.374 1 ATTITUDE -0.010098 -2.672672 0.023881
41.459 1 ATTITUDE -0.010162 -2.672779 0.023922
41.493 1 GPS 0 0 0 0 0 0 0 0 0 0 1
41.512 1 ATTITUDE -0.010185 -2.672721 0.023968
41.573 1 NAVIGATION 0 2 0. 0. 0. 0. 0 0
41.592 1 ATTITUDE -0.010219 -2.672625 0.02399
41.676 1 ATTITUDE -0.010288 -2.672548 0.023977
41.802 1 NAVIGATION 0 2 0. 0. 0. 0. 0 0
41.820 1 ATTITUDE -0.010346 -2.672451 0.023959
41.889 1 ATTITUDE -0.010375 -2.672435 0.023939
41.948 1 DOWNLINK_STATUS 0 42 12464 608 0 314. 15. -2786.12
42.010 1 ATTITUDE -0.010425 -2.672242 0.023977
42.037 1 NAVIGATION 0 2 0. 0. 0. 0. 0 0
42.181 1 ATTITUDE -0.010439 -2.672063 0.023982
42.199 1 ATTITUDE -0.010423 -2.671906 0.023994
42.226 1 NAVIGATION 0 2 0. 0. 0. 0. 0 0
42.245 1 ATTITUDE -0.01042 -2.671494 0.023997
42.251 1 PONG 
42.270 1 ATTITUDE -0.010481 -2.671465 0.023969
42.304 1 GPS 0 0 0 0 0 0 0 0 0 0 1
42.323 1 ATTITUDE -0.010527 -2.671329 0.023976
42.423 1 NAVIGATION 0 2 0. 0. 0. 0. 0 0
42.442 1 ATTITUDE -0.010562 -2.67147 0.023981
42.531 1 ATTITUDE -0.010581 -2.671865 0.023948
42.624 1 NAVIGATION 0 2 0. 0. 0. 0. 0 0
42.643 1 ATTITUDE -0.010613 -2.672239 0.023897
42.720 1 ATTITUDE -0.010653 -2.672515 0.023927
42.842 1 ATTITUDE -0.010668 -2.67269 0.023909
42.869 1 NAVIGATION 0 2 0. 0. 0. 0. 0 0
42.888 1 ATTITUDE -0.010679 -2.67288 0.023888
42.948 1 DOWNLINK_STATUS 0 43 12849 627 0 385. 19. 1824.09
42.954 1 ATTITUDE -0.01071 -2.673044 0.023863
43.081 1 FBW_STATUS 2 0 1 69 0
43.108 1 NAVIGATION 0 2 0. 0. 0. 0. 0 0
43.127 1 ATTITUDE -0.010716 -2.673165 0.023861
43.226 1 ATTITUDE -0.010689 -2.67324 0.023843
43.261 1 GPS 0 0 0 0 0 0 0 0 0 0 1
43.279 1 ATTITUDE -0.010701 -2.673405 0.023854
43.338 1 PPRZ_MODE 2 0 0 0 0 6
43.365 1 NAVIGATION 0 2 0. 0. 0. 0. 0 0
43.384 1 ATTITUDE -0.010679 -2.673402 0.023883
43.447 1 ATTITUDE -0.010707 -2.673406 0.023868
43.574 1 NAVIGATION 0 2 0. 0. 0. 0. 0 0
43.592 1 ATTITUDE -0.010724 -2.673119 0.02387
43.661 1 ATTITUDE -0.010725 -2.673131 0.023891
43.779 1 ATTITUDE -0.010762 -2.673134 0.023912
43.806 1 NAVIGATION 0 2 0. 0. 0. 0. 0 0
43.876 1 ATTITUDE -0.010771 -2.672598 0.023953
43.949 1 DOWNLINK_STATUS 0 44 13193 644 0 344. 17. 1824.09
43.981 1 ATTITUDE -0.010754 -2.672655 0.024021
44.108 1 NAVIGATION 0 2 0. 0. 0. 0. 0 0
44.127 1 ATTITUDE -0.010771 -2.672667 0.024039
44.146 1 ATTITUDE -0.010746 -2.672448 0.024059
44.261 1 GPS 0 0 0 0 0 0 0 0 0 0 1
44.280 1 ATTITUDE -0.010708 -2.672633 0.024059
44.307 1 NAVIGATION 0 2 0. 0. 0. 0. 0 0
44.348 1 ATTITUDE -0.010693 -2.672746 0.024089
44.445 1 ATTITUDE -0.010668 -2.673074 0.024153
44.571 1 NAVIGATION 0 2 0. 0. 0. 0. 0 0
44.590 1 ATTITUDE -0.010546 -2.673113 0.024162
44.655 1 ATTITUDE -0.010443 -2.672956 0.02413
44.791 1 ATTITUDE -0.010398 -2.672963 0.024133
44.818 1 NAVIGATION 0 2 0. 0. 0. 0. 0 0
44.869 1 ATTITUDE -0.010341 -2.673154 0.024116
44.950 1 DOWNLINK_STATUS 0 45 13510 659 0 317. 15. 1824.09
44.985 1 ATTITUDE -0.010277 -2.673066 0.024029
45.012 1 NAVIGATION 0 2 0. 0. 0. 0. 0 0
45.139 1 FBW_STATUS 2 0 1 69 0
45.157 1 ATTITUDE -0.010257 -2.673021 0.02409
45.174 1 COMMANDS 0,203,-207,0,0
45.194 1 ATTITUDE -0.01017 -2.672731 0.024109
45.268 1 WIND_INFO 1 42 0. 0. 0.
45.273 1 GPS 0 0 0 0 0 0 0 0 0 0 1
45.291 1 ACTUATORS 1250,1568,1555,1584,1350
45.310 1 ATTITUDE -0.010073 -2.672755 0.024168
45.337 1 NAVIGATION 0 2 0. 0. 0. 0. 0 0
45.384 1 ATTITUDE -0.010041 -2.672971 0.024138
45.783 1 ATTITUDE -0.009984 -2.672864 0.024107
45.951 1 DOWNLINK_STATUS 0 46 13752 671 0 242. 12. -3176.83
46.068 1 NAVIGATION 0 2 0. 0. 0. 0. 0 0
46.084 1 ATTITUDE -0.009961 -2.672721 0.024101
46.277 1 ATTITUDE -0.009875 -2.672725 0.024093
46.808 1 ATTITUDE -0.00979 -2.672525 0.024044
46.835 1 NAVIGATION 0 2 0. 0. 0. 0. 0 0
46.853 1 ATTITUDE -0.009722 -2.67227 0.024009
46.952 1 DOWNLINK_STATUS 0 47 13876 677 0 124. 6. -3176.83
47.077 1 BAT 0 69 0 0 1 50 0 0
47.096 1 ATTITUDE -0.009676 -2.672213 0.024012
47.211 1 NAVIGATION 0 2 0. 0. 0. 0. 0 0
47.230 1 ATTITUDE -0.009645 -2.672199 0.024036
47.677 1 ATTITUDE -0.009583 -2.672106 0.024096
47.712 1 GPS 0 0 0 0 0 0 0 0 0 0 1
47.953 1 DOWNLINK_STATUS 0 48 14010 683 0 134. 6. -3176.83
47.976 1 ATTITUDE -0.00951 -2.672561 0.024115
48.003 1 NAVIGATION 0 2 0. 0. 0. 0. 0 0
48.022 1 ATTITUDE -0.00945 -2.672513 0.024117
48.121 1 ATTITUDE -0.00937 -2.672772 0.024106
48.145 1 ALIVE 41,104,77,226,144,103,96,68,133,86,243,163,1,204,72,112
48.172 1 NAVIGATION 0 2 0. 0. 0. 0. 0 0
48.448 1 ATTITUDE -0.009325 -2.67272 0.024089
48.467 1 ATTITUDE -0.009285 -2.672422 0.024048
48.486 1 ATTITUDE -0.009206 -2.672631 0.024042
48.513 1 NAVIGATION 0 2 0. 0. 0. 0. 0 0
48.532 1 ATTITUDE -0.00918 -2.672174 0.024076
48.851 1 ATTITUDE -0.009107 -2.672596 0.024078
48.866 1 FBW_STATUS 2 0 1 69 0
48.893 1 NAVIGATION 0 2 0. 0. 0. 0. 0 0
48.912 1 ATTITUDE -0.009074 -2.672433 0.024091
48.953 1 DOWNLINK_STATUS 0 49 14314 698 0 304. 15. -3176.83
49.023 1 ATTITUDE -0.009066 -2.672433 0.024066
49.058 1 GPS 0 0 0 0 0 0 0 0 0 0 1
49.076 1 ATTITUDE -0.00906 -2.672124 0.024095
49.103 1 NAVIGATION 0 2 0. 0. 0. 0. 0 0
49.122 1 ATTITUDE -0.009026 -2.671641 0.024088
49.228 1 ATTITUDE -0.00902 -2.671514 0.024106
49.255 1 NAVIGATION 0 2 0. 0. 0. 0. 0 0
49.274 1 ATTITUDE -0.009041 -2.671461 0.024102
49.284 1 DOWNLINK 0 340 878
49.304 1 ATTITUDE -0.009092 -2.670727 0.024093
49.322 1 ATTITUDE -0.009176 -2.670738 0.024072
49.349 1 NAVIGATION 0 2 0. 0. 0. 0. 0 0
49.369 1 ATTITUDE -0.009215 -2.670334 0.024024
49.386 1 ATTITUDE -0.009243 -2.670426 0.024003
49.414 1 NAVIGATION 0 2 0. 0. 0. 0. 0 0
49.432 1 ATTITUDE -0.009254 -2.670288 0.023989
49.451 1 ATTITUDE -0.009321 -2.669739 0.024
49.528 1 GPS 0 0 0 0 0 0 0 0 0 0 1
49.546 1 GPS_SOL 0 0 0 0
49.565 1 ATTITUDE -0.009348 -2.669757 0.023954
49.706 1 NAVIGATION 0 2 0. 0. 0. 0. 0 0
49.725 1 ATTITUDE -0.009369 -2.669875 0.023957
49.744 1 ATTITUDE -0.009378 -2.6701 0.023927
49.771 1 NAVIGATION 0 2 0. 0. 0. 0. 0 0
49.789 1 ATTITUDE -0.009429 -2.669743 0.023961
49.808 1 ATTITUDE -0.00948 -2.669884 0.023966
49.849 1 ATTITUDE -0.009564 -2.6698 0.023949
49.876 1 NAVIGATION 0 2 0. 0. 0. 0. 0 0
49.895 1 ATTITUDE -0.009656 -2.669928 0.02394
49.913 1 ATTITUDE -0.009676 -2.66987 0.02389
49.929 1 FBW_STATUS 2 0 1 69 0
49.953 1 DOWNLINK_STATUS 0 50 14947 729 0 633. 31. -3176.83
50.003 1 NAVIGATION 0 2 0. 0. 0. 0. 0 0
50.022 1 ATTITUDE -0.009727 -2.670089 0.02385
50.041 1 ATTITUDE -0.009819 -2.670163 0.023838
50.075 1 GPS 0 0 0 0 0 0 0 0 0 0 1
50.180 1 ATTITUDE -0.009864 -2.670066 0.023849
50.191 1 PPRZ_MODE 2 0 0 0 0 6
50.219 1 NAVIGATION 0 2 0. 0. 0. 0. 0 0
50.237 1 ATTITUDE -0.009909 -2.670263 0.023801
50.255 1 ATTITUDE -0.009887 -2.669606 0.023823
50.348 1 NAVIGATION 0 2 0. 0. 0. 0. 0 0
50.366 1 ATTITUDE -0.009948 -2.669876 0.023794
50.385 1 ATTITUDE -0.010007 -2.669899 0.023783
50.404 1 ATTITUDE -0.010023 -2.669631 0.023721
50.431 1 NAVIGATION 0 2 0. 0. 0. 0. 0 0
50.437 1 PONG 
50.456 1 ATTITUDE -0.010136 -2.668965 0.023709
50.486 1 ATTITUDE -0.010224 -2.669204 0.023693
50.513 1 NAVIGATION 0 2 0. 0. 0. 0. 0 0
50.532 1 ATTITUDE -0.010243 -2.669136 0.023662
50.892 1 COMMANDS 0,204,-192,0,0
50.910 1 ATTITUDE -0.010287 -2.669286 0.02364
50.945 1 GPS 0 0 0 0 0 0 0 0 0 0 1
50.954 1 DOWNLINK_STATUS 0 51 15394 751 0 447. 22. 9.27
50.962 1 ACTUATORS 1250,1569,1555,1584,1350
50.981 1 ATTITUDE -0.010351 -2.669648 0.023575
51.008 1 NAVIGATION 0 2 0. 0. 0. 0. 0 0
51.182 1 ATTITUDE -0.010409 -2.669817 0.023526
51.470 1 ATTITUDE -0.010455 -2.670235 0.023506
51.497 1 NAVIGATION 0 2 0. 0. 0. 0. 0 0
51.516 1 ATTITUDE -0.010504 -2.670182 0.023491
51.799 1 ATTITUDE -0.010542 -2.6701 0.023464
51.817 1 ATTITUDE -0.010599 -2.670521 0.023438
51.954 1 DOWNLINK_STATUS 0 52 15571 760 0 177. 9. 9.27
52.432 1 NAVIGATION 0 2 0. 0. 0. 0. 0 0
52.451 1 ATTITUDE -0.010618 -2.670368 0.023375
52.575 1 ATTITUDE -0.010596 -2.670721 0.023332
52.587 1 FBW_STATUS 2 0 1 69 0
52.614 1 NAVIGATION 0 2 0. 0. 0. 0. 0 0
52.633 1 ATTITUDE -0.01062 -2.671007 0.023266
52.714 1 ATTITUDE -0.010688 -2.671167 0.023197
52.747 1 GPS 0 0 0 0 0 0 0 0 0 0 1
52.767 1 ATTITUDE -0.010744 -2.671244 0.023182
52.839 1 NAVIGATION 0 2 0. 0. 0. 0. 0 0
52.858 1 ATTITUDE -0.010776 -2.670899 0.023123
52.954 1 DOWNLINK_STATUS 0 53 15805 771 0 234. 11. 9.27
52.960 1 ATTITUDE -0.010834 -2.671019 0.023112
52.987 1 NAVIGATION 0 2 0. 0. 0. 0. 0 0
53.108 1 ATTITUDE -0.010826 -2.67099 0.023102
53.127 1 ATTITUDE -0.010798 -2.670884 0.023049
53.145 1 ATTITUDE -0.010802 -2.671036 0.023043
53.172 1 NAVIGATION 0 2 0. 0. 0. 0. 0 0
53.191 1 ATTITUDE -0.010846 -2.67039 0.023072
53.210 1 ATTITUDE -0.010863 -2.670589 0.02302
53.305 1 NAVIGATION 0 2 0. 0. 0. 0. 0 0
53.324 1 ATTITUDE -0.010879 -2.670521 0.02299
53.342 1 ATTITUDE -0.010891 -2.670276 0.022977
53.377 1 GPS 0 0 0 0 0 0 0 0 0 0 1
53.395 1 ATTITUDE -0.010916 -2.669868 0.022913
53.470 1 NAVIGATION 0 2 0. 0. 0. 0. 0 0
53.489 1 ATTITUDE -0.010973 -2.669969 0.02291
53.508 1 ATTITUDE -0.011023 -2.669814 0.022898
53.535 1 NAVIGATION 0 2 0. 0. 0. 0. 0 0
53.593 1 ATTITUDE -0.011023 -2.66956 0.022901
53.612 1 ATTITUDE -0.011068 -2.669418 0.022873
53.630 1 ATTITUDE -0.011093 -2.669317 0.022836
53.658 1 NAVIGATION 0 2 0. 0. 0. 0. 0 0
53.677 1 ATTITUDE -0.011018 -2.669022 0.022838
53.863 1 ATTITUDE -0.010949 -2.669119 0.022852
53.879 1 FBW_STATUS 2 0 1 69 0
53.906 1 NAVIGATION 0 2 0. 0. 0. 0. 0 0
53.924 1 ATTITUDE -0.010899 -2.669046 0.022825
53.943 1 ATTITUDE -0.01082 -2.668992 0.022873
53.955 1 DOWNLINK_STATUS 0 54 16359 798 0 554. 27. 9.27
53.977 1 GPS 0 0 0 0 0 0 0 0 0 0 1
53.996 1 ATTITUDE -0.010739 -2.667795 0.022855
54.023 1 NAVIGATION 0 2 0. 0. 0. 0. 0 0
54.042 1 ATTITUDE -0.010689 -2.668014 0.022831
54.048 1 PONG 
54.067 1 ATTITUDE -0.010618 -2.667156 0.0229
54.094 1 NAVIGATION 0 2 0. 0. 0. 0. 0 0
54.113 1 ATTITUDE -0.010526 -2.667087 0.022908
54.131 1 ATTITUDE -0.010474 -2.667025 0.022875
54.150 1 ATTITUDE -0.010438 -2.667076 0.02293
54.198 1 NAVIGATION 0 2 0. 0. 0. 0. 0 0
54.217 1 ATTITUDE -0.010384 -2.667099 0.022977
54.319 1 ATTITUDE -0.010314 -2.667201 0.022967
54.457 1 NAVIGATION 0 2 0. 0. 0. 0. 0 0
54.475 1 ATTITUDE -0.01022 -2.667215 0.02302
54.493 1 ATTITUDE -0.010192 -2.667197 0.023
54.529 1 GPS 0 0 0 0 0 0 0 0 0 0 1
54.597 1 ATTITUDE -0.010171 -2.667372 0.02302
54.624 1 NAVIGATION 0 2 0. 0. 0. 0. 0 0
54.642 1 ATTITUDE -0.010154 -2.66775 0.022975
54.707 1 ATTITUDE -0.010048 -2.667918 0.022953
54.817 1 NAVIGATION 0 2 0. 0. 0. 0. 0 0
54.836 1 ATTITUDE -0.009999 -2.668319 0.022966
54.855 1 ATTITUDE -0.009943 -2.668265 0.023003
54.956 1 DOWNLINK_STATUS 0 55 16857 822 0 498. 24. 3620.06
54.961 1 ATTITUDE -0.009918 -2.668284 0.023054
54.988 1 NAVIGATION 0 2 0. 0. 0. 0. 0 0
55.007 1 ATTITUDE -0.009887 -2.668559 0.023022
55.091 1 ATTITUDE -0.009854 -2.668949 0.023057
55.107 1 FBW_STATUS 2 0 1 69 0
55.134 1 NAVIGATION 0 2 0. 0. 0. 0. 0 0
55.230 1 ATTITUDE -0.009783 -2.668904 0.023055
55.248 1 COMMANDS 0,189,-199,0,0
55.267 1 ATTITUDE -0.009733 -2.668753 0.023069
55.268 1 WIND_INFO 1 42 0. 0. 0.
55.362 1 GPS 0 0 0 0 0 0 0 0 0 0 1
55.379 1 ACTUATORS 1250,1569,1554,1584,1350
55.398 1 ATTITUDE -0.009627 -2.668618 0.023035
55.410 1 PPRZ_MODE 2 0 0 0 0 6
55.612 1 NAVIGATION 0 2 0. 0. 0. 0. 0 0
55.631 1 ATTITUDE -0.009576 -2.668314 0.023028
55.957 1 DOWNLINK_STATUS 0 56 17155 837 0 298. 15. -1380.24
56.210 1 ATTITUDE -0.009565 -2.668126 0.022999
56.314 1 NAVIGATION 0 2 0. 0. 0. 0. 0 0
56.333 1 ATTITUDE -0.009535 -2.668235 0.023011
56.351 1 ATTITUDE -0.009582 -2.667931 0.023031
56.434 1 ATTITUDE -0.009559 -2.668111 0.023098
56.535 1 NAVIGATION 0 2 0. 0. 0. 0. 0 0
56.554 1 ATTITUDE -0.009569 -2.668036 0.023049
56.667 1 ATTITUDE -0.009612 -2.667881 0.023038
56.689 1 BAT 0 69 0 0 1 60 0 0
56.789 1 NAVIGATION 0 2 0. 0. 0. 0. 0 0
56.808 1 ATTITUDE -0.009603 -2.668121 0.023029
56.827 1 ATTITUDE -0.009609 -2.668196 0.022999
56.931 1 GPS 0 0 0 0 0 0 0 0 0 0 1
56.950 1 ATTITUDE -0.009617 -2.668271 0.022988
56.957 1 DOWNLINK_STATUS 0 57 17449 851 0 294. 14. -1380.24
56.977 1 NAVIGATION 0 2 0. 0. 0. 0. 0 0
57.036 1 ATTITUDE -0.009649 -2.66859 0.023015
57.179 1 ATTITUDE -0.0097 -2.668769 0.023001
57.206 1 NAVIGATION 0 2 0. 0. 0. 0. 0 0
57.225 1 ATTITUDE -0.009731 -2.668798 0.02299
57.243 1 ATTITUDE -0.00974 -2.668436 0.022954
57.267 1 ALIVE 41,104,77,226,144,103,96,68,133,86,243,163,1,204,72,112
57.459 1 ATTITUDE -0.009783 -2.668423 0.022936
57.486 1 NAVIGATION 0 2 0. 0. 0. 0. 0 0
57.504 1 ATTITUDE -0.009837 -2.668632 0.022944
57.523 1 ATTITUDE -0.009865 -2.667621 0.022917
57.539 1 FBW_STATUS 2 0 1 69 0
57.566 1 NAVIGATION 0 2 0. 0. 0. 0. 0 0
57.584 1 ATTITUDE -0.009874 -2.667318 0.022889
57.603 1 ATTITUDE -0.009941 -2.667076 0.022875
57.637 1 GPS 0 0 0 0 0 0 0 0 0 0 1
57.644 1 PONG 
57.662 1 ATTITUDE -0.010002 -2.666616 0.022872
57.689 1 NAVIGATION 0 2 0. 0. 0. 0. 0 0
57.708 1 ATTITUDE -0.010046 -2.666588 0.02282
57.727 1 ATTITUDE -0.010102 -2.666673 0.022818
57.787 1 NAVIGATION 0 2 0. 0. 0. 0. 0 0
57.805 1 ATTITUDE -0.01012 -2.666346 0.022827
57.880 1 ATTITUDE -0.010147 -2.666313 0.022791
57.958 1 DOWNLINK_STATUS 0 58 17934 875 0 485. 24. 2215.71
58.000 1 ATTITUDE -0.010203 -2.666027 0.022774
58.027 1 NAVIGATION 0 2 0. 0. 0. 0. 0 0
58.046 1 ATTITUDE -0.010267 -2.665743 0.022759
58.112 1 ATTITUDE -0.0103 -2.665826 0.022786
58.124 1 DOWNLINK 0 338 1051
58.239 1 NAVIGATION 0 2 0. 0. 0. 0. 0 0
58.258 1 ATTITUDE -0.010343 -2.665771 0.022813
58.369 1 ATTITUDE -0.010385 -2.665665 0.02281
58.403 1 GPS 0 0 0 0 0 0 0 0 0 0 1
58.422 1 ATTITUDE -0.010454 -2.665776 0.022801
58.521 1 NAVIGATION 0 2 0. 0. 0. 0. 0 0
58.540 1 ATTITUDE -0.010469 -2.665557 0.0228
58.559 1 ATTITUDE -0.010517 -2.665866 0.022844
58.614 1 NAVIGATION 0 2 0. 0. 0. 0. 0 0
58.631 1 ATTITUDE -0.010551 -2.666097 0.022853
58.725 1 ATTITUDE -0.010594 -2.666206 0.022823
58.742 1 GPS_SOL 0 0 0 0
58.860 1 ATTITUDE -0.010635 -2.666336 0.02279
58.887 1 NAVIGATION 0 2 0. 0. 0. 0. 0 0
58.940 1 ATTITUDE -0.010655 -2.666438 0.02277
58.958 1 ATTITUDE -0.010678 -2.666484 0.02274
58.959 1 DOWNLINK_STATUS 0 59 18359 896 0 425. 21. 2215.71
59.084 1 FBW_STATUS 2 0 1 69 0
59.110 1 NAVIGATION 0 2 0. 0. 0. 0. 0 0
59.129 1 ATTITUDE -0.010698 -2.666631 0.022732
59.209 1 ATTITUDE -0.010732 -2.666621 0.022734
59.310 1 GPS 0 0 0 0 0 0 0 0 0 0 1
59.329 1 ATTITUDE -0.010785 -2.666468 0.022757
59.356 1 NAVIGATION 0 2 0. 0. 0. 0. 0 0
59.430 1 ATTITUDE -0.01071 -2.666509 0.022727
59.548 1 ATTITUDE -0.010791 -2.666655 0.02271
59.575 1 NAVIGATION 0 2 0. 0. 0. 0. 0 0
59.594 1 ATTITUDE -0.010743 -2.666666 0.022727
59.654 1 ATTITUDE -0.010774 -2.666312 0.022695
59.772 1 ATTITUDE -0.010754 -2.666245 0.0227
59.799 1 NAVIGATION 0 2 0. 0. 0. 0. 0 0
59.869 1 ATTITUDE -0.010758 -2.666123 0.022676
59.959 1 DOWNLINK_STATUS 0 60 18673 911 0 314. 15. 2215.71
59.977 1 ATTITUDE -0.010793 -2.666223 0.022662
60.112 1 NAVIGATION 0 2 0. 0. 0. 0. 0 0
60.131 1 ATTITUDE -0.010791 -2.66594 0.022695
60.148 1 COMMANDS 0,213,-185,0,0
60.167 1 ATTITUDE -0.010773 -2.665972 0.022664
60.270 1 GPS 0 0 0 0 0 0 0 0 0 0 1
60.287 1 ACTUATORS 1250,1570,1555,1584,1350
60.307 1 ATTITUDE -0.010733 -2.665954 0.022695
60.360 1 NAVIGATION 0 2 0. 0. 0. 0. 0 0
60.378 1 ATTITUDE -0.01075 -2.666042 0.022703
60.463 1 ATTITUDE -0.010705 -2.666078 0.02269
60.803 1 NAVIGATION 0 2 0. 0. 0. 0. 0 0
60.821 1 ATTITUDE -0.010721 -2.666211 0.022671
60.892 1 ATTITUDE -0.010729 -2.666194 0.0227
60.960 1 DOWNLINK_STATUS 0 61 18962 925 0 289. 14. -2785.01
61.019 1 ATTITUDE -0.010758 -2.666013 0.022765
61.046 1 NAVIGATION 0 2 0. 0. 0. 0. 0 0
61.101 1 ATTITUDE -0.010715 -2.66591 0.02278
61.219 1 ATTITUDE -0.010643 -2.666043 0.022799
61.234 1 FBW_STATUS 2 0 1 69 0
61.364 1 NAVIGATION 0 2 0. 0. 0. 0. 0 0
61.383 1 ATTITUDE -0.010622 -2.666174 0.022791
61.402 1 ATTITUDE -0.01054 -2.666201 0.022758
61.436 1 GPS 0 0 0 0 0 0 0 0 0 0 1
61.502 1 ATTITUDE -0.010442 -2.66609 0.022754
61.514 1 PPRZ_MODE 2 0 0 0 0 6
61.541 1 NAVIGATION 0 2 0. 0. 0. 0. 0 0
61.601 1 ATTITUDE -0.010395 -2.666126 0.022778
61.704 1 ATTITUDE -0.010317 -2.665833 0.022838
61.869 1 NAVIGATION 0 2 0. 0. 0. 0. 0 0
61.887 1 ATTITUDE -0.010222 -2.665478 0.022873
61.906 1 ATTITUDE -0.010145 -2.665173 0.022872
61.926 1 ATTITUDE -0.010074 -2.664681 0.022898
61.931 1 PONG 
61.958 1 NAVIGATION 0 2 0. 0. 0. 0. 0 0
61.960 1 DOWNLINK_STATUS 0 62 19356 945 0 394. 20. 1502.55
61.977 1 ATTITUDE -0.009976 -2.664427 0.022927
61.995 1 ATTITUDE -0.009966 -2.664483 0.022915
62.104 1 NAVIGATION 0 2 0. 0. 0. 0. 0 0
62.122 1 ATTITUDE -0.009896 -2.664385 0.022917
62.255 1 ATTITUDE -0.009792 -2.664248 0.022919
62.289 1 GPS 0 0 0 0 0 0 0 0 0 0 1
62.308 1 ATTITUDE -0.009725 -2.664042 0.022959
62.335 1 NAVIGATION 0 2 0. 0. 0. 0. 0 0
62.362 1 ATTITUDE -0.009659 -2.664165 0.022982
62.471 1 ATTITUDE -0.009591 -2.664542 0.02297
62.498 1 NAVIGATION 0 2 0. 0. 0. 0. 0 0
62.516 1 ATTITUDE -0.00951 -2.66446 0.023
62.581 1 ATTITUDE -0.00947 -2.664798 0.023026
62.690 1 ATTITUDE -0.009421 -2.664947 0.02305
62.802 1 NAVIGATION 0 2 0. 0. 0. 0. 0 0
62.820 1 ATTITUDE -0.009384 -2.664938 0.023086
62.839 1 ATTITUDE -0.009292 -2.665327 0.023072
62.961 1 DOWNLINK_STATUS 0 63 19709 962 0 353. 17. 1502.55
62.975 1 NAVIGATION 0 2 0. 0. 0. 0. 0 0
62.990 1 FBW_STATUS 2 0 1 69 0
63.009 1 ATTITUDE -0.00919 -2.665686 0.023093
63.028 1 ATTITUDE -0.009128 -2.665829 0.023135
63.095 1 GPS 0 0 0 0 0 0 0 0 0 0 1
63.114 1 ATTITUDE -0.009091 -2.6658 0.023156
63.141 1 NAVIGATION 0 2 0. 0. 0. 0. 0 0
63.196 1 ATTITUDE -0.009029 -2.665915 0.023194
63.321 1 ATTITUDE -0.008947 -2.665867 0.023233
63.348 1 NAVIGATION 0 2 0. 0. 0. 0. 0 0
63.411 1 ATTITUDE -0.008932 -2.665657 0.023242
63.430 1 ATTITUDE -0.008865 -2.665585 0.023308
63.521 1 ATTITUDE -0.008832 -2.665417 0.023337
63.647 1 NAVIGATION 0 2 0. 0. 0. 0. 0 0
63.665 1 ATTITUDE -0.00882 -2.66543 0.023394
63.753 1 ATTITUDE -0.008805 -2.665244 0.02343
63.866 1 NAVIGATION 0 2 0. 0. 0. 0. 0 0
63.885 1 ATTITUDE -0.008852 -2.665507 0.023401
63.904 1 ATTITUDE -0.008929 -2.665852 0.023445
63.962 1 DOWNLINK_STATUS 0 64 20103 981 0 394. 19. 1502.55
63.989 1 GPS 0 0 0 0 0 0 0 0 0 0 1
64.008 1 ATTITUDE -0.008921 -2.665715 0.023433
64.113 1 NAVIGATION 0 2 0. 0. 0. 0. 0 0
64.131 1 ATTITUDE -0.008955 -2.666032 0.023412
64.205 1 ATTITUDE -0.008999 -2.666137 0.023422
64.332 1 NAVIGATION 0 2 0. 0. 0. 0. 0 0
64.350 1 ATTITUDE -0.009021 -2.665957 0.02342
64.421 1 ATTITUDE -0.009077 -2.665958 0.023399
64.538 1 ATTITUDE -0.009086 -2.666044 0.02341
64.565 1 NAVIGATION 0 2 0. 0. 0. 0. 0 0
64.649 1 ATTITUDE -0.009116 -2.666195 0.023383
64.667 1 ATTITUDE -0.009187 -2.666322 0.023323
64.825 1 FBW_STATUS 2 0 1 69 0
64.852 1 NAVIGATION 0 2 0. 0. 0. 0. 0 0
64.871 1 ATTITUDE -0.009247 -2.666202 0.023324
64.888 1 COMMANDS 0,183,-190,0,0
64.907 1 ATTITUDE -0.009294 -2.66612 0.023274
64.941 1 GPS 0 0 0 0 0 0 0 0 0 0 1
64.959 1 ACTUATORS 1250,1569,1554,1584,1350
64.963 1 DOWNLINK_STATUS 0 65 20502 1000 0 399. 19. 1502.55
64.978 1 ATTITUDE -0.009333 -2.665979 0.023301
65.057 1 NAVIGATION 0 2 0. 0. 0. 0. 0 0
65.076 1 ATTITUDE -0.009413 -2.66582 0.023309
65.158 1 ATTITUDE -0.00951 -2.665892 0.023258
65.268 1 WIND_INFO 1 42 0. 0. 0.
65.284 1 NAVIGATION 0 2 0. 0. 0. 0. 0 0
65.302 1 ATTITUDE -0.009568 -2.666026 0.02325
65.372 1 ATTITUDE -0.009646 -2.665962 0.023195
65.964 1 DOWNLINK_STATUS 0 66 20644 1007 0 142. 7. -3498.48
65.983 1 ATTITUDE -0.009671 -2.665898 0.023221
66.010 1 NAVIGATION 0 2 0. 0. 0. 0. 0 0
66.027 1 ATTITUDE -0.009732 -2.66582 0.023194
66.089 1 ATTITUDE -0.00983 -2.665769 0.023173
66.213 1 NAVIGATION 0 2 0. 0. 0. 0. 0 0
66.231 1 ATTITUDE -0.009914 -2.66588 0.023129
66.253 1 BAT 0 69 0 0 1 71 0 0
66.335 1 ATTITUDE -0.009975 -2.665837 0.023147
66.369 1 GPS 0 0 0 0 0 0 0 0 0 0 1
66.466 1 ATTITUDE -0.010042 -2.665681 0.023158
66.493 1 NAVIGATION 0 2 0. 0. 0. 0. 0 0
66.544 1 ATTITUDE -0.010092 -2.665757 0.023133
66.670 1 ATTITUDE -0.010178 -2.665842 0.023124
66.697 1 NAVIGATION 0 2 0. 0. 0. 0. 0 0
66.715 1 ATTITUDE -0.010237 -2.665774 0.023094
66.779 1 ATTITUDE -0.01027 -2.665637 0.023086
66.895 1 ATTITUDE -0.01032 -2.665087 0.023044
66.923 1 NAVIGATION 0 2 0. 0. 0. 0. 0 0
66.964 1 DOWNLINK_STATUS 0 67 21026 1025 0 382. 18. -3498.48
67.060 1 ATTITUDE -0.010396 -2.665399 0.023005
67.084 1 ALIVE 41,104,77,226,144,103,96,68,133,86,243,163,1,204,72,112
67.090 1 PONG 
67.109 1 ATTITUDE -0.010468 -2.664286 0.022976
67.124 1 FBW_STATUS 2 0 1 69 0
67.164 1 NAVIGATION 0 2 0. 0. 0. 0. 0 0
67.183 1 ATTITUDE -0.010472 -2.66463 0.02294
67.202 1 ATTITUDE -0.010484 -2.66434 0.022915
67.332 1 GPS 0 0 0 0 0 0 0 0 0 0 1
67.350 1 ATTITUDE -0.010515 -2.664451 0.022909
67.363 1 PPRZ_MODE 2 0 0 0 0 6
67.414 1 NAVIGATION 0 2 0. 0. 0. 0. 0 0
67.432 1 ATTITUDE -0.010585 -2.664132 0.022882
67.541 1 ATTITUDE -0.010619 -2.664289 0.022853
67.627 1 NAVIGATION 0 2 0. 0. 0. 0. 0 0
67.646 1 ATTITUDE -0.010651 -2.66419 0.022886
67.753 1 ATTITUDE -0.010695 -2.664222 0.022856
67.771 1 ATTITUDE -0.010709 -2.664309 0.022828
67.878 1 NAVIGATION 0 2 0. 0. 0. 0. 0 0
67.897 1 ATTITUDE -0.010765 -2.664294 0.022776
67.965 1 DOWNLINK_STATUS 0 68 21417 1045 0 391. 20. 1660.44
67.967 1 ATTITUDE -0.01078 -2.664242 0.022786
68.094 1 NAVIGATION 0 2 0. 0. 0. 0. 0 0
68.112 1 ATTITUDE -0.010771 -2.66402 0.022801
68.222 1 ATTITUDE -0.010799 -2.664272 0.022793
68.256 1 GPS 0 0 0 0 0 0 0 0 0 0 1
68.275 1 ATTITUDE -0.010777 -2.66425 0.022802
68.358 1 NAVIGATION 0 2 0. 0. 0. 0. 0 0
68.377 1 ATTITUDE -0.010786 -2.664263 0.022835
68.388 1 DOWNLINK 0 344 1225
68.447 1 ATTITUDE -0.0108 -2.664239 0.022824
68.573 1 NAVIGATION 0 2 0. 0. 0. 0. 0 0
68.592 1 ATTITUDE -0.010784 -2.664309 0.022769
68.661 1 ATTITUDE -0.010774 -2.664696 0.022795
68.778 1 ATTITUDE -0.010794 -2.66468 0.022823
68.805 1 NAVIGATION 0 2 0. 0. 0. 0. 0 0
68.884 1 ATTITUDE -0.010849 -2.664531 0.022836
68.966 1 DOWNLINK_STATUS 0 69 21745 1061 0 328. 16. 1660.44
68.980 1 ATTITUDE -0.010824 -2.664515 0.022821
68.996 1 FBW_STATUS 2 0 1 69 0
69.122 1 NAVIGATION 0 2 0. 0. 0. 0. 0 0
69.141 1 ATTITUDE -0.01082 -2.664563 0.022782
69.159 1 ATTITUDE -0.010843 -2.664453 0.022766
69.282 1 GPS 0 0 0 0 0 0 0 0 0 0 1
69.300 1 GPS_SOL 0 0 0 0
69.318 1 ATTITUDE -0.010844 -2.664291 0.022801
69.345 1 NAVIGATION 0 2 0. 0. 0. 0. 0 0
69.371 1 ATTITUDE -0.010857 -2.664133 0.022772
69.470 1 ATTITUDE -0.010834 -2.664249 0.022751
69.593 1 NAVIGATION 0 2 0. 0. 0. 0. 0 0
69.611 1 ATTITUDE -0.010854 -2.664036 0.022745
69.678 1 ATTITUDE -0.010733 -2.663698 0.022742
69.813 1 ATTITUDE -0.010672 -2.663463 0.022777
69.840 1 NAVIGATION 0 2 0. 0. 0. 0. 0 0
69.858 1 ATTITUDE -0.010617 -2.663327 0.022777
69.911 1 ATTITUDE -0.010573 -2.663069 0.022744
69.967 1 DOWNLINK_STATUS 0 70 22112 1079 0 367. 18. 1660.44
70.038 1 NAVIGATION 0 2 0. 0. 0. 0. 0 0
70.056 1 ATTITUDE -0.010492 -2.663213 0.022781
70.165 1 COMMANDS 0,207,-185,0,0
70.184 1 ATTITUDE -0.01044 -2.663265 0.022822
70.218 1 GPS 0 0 0 0 0 0 0 0 0 0 1
70.306 1 ACTUATORS 1250,1569,1555,1584,1350
70.325 1 ATTITUDE -0.01036 -2.663132 0.022851
70.352 1 NAVIGATION 0 2 0. 0. 0. 0. 0 0
70.388 1 ATTITUDE -0.01028 -2.663418 0.022825
70.502 1 ATTITUDE -0.010225 -2.663481 0.022831
70.529 1 NAVIGATION 0 2 0. 0. 0. 0. 0 0
70.968 1 DOWNLINK_STATUS 0 71 22347 1090 0 235. 11. -3339.79
71.331 1 ATTITUDE -0.010137 -2.663527 0.022808
71.350 1 ATTITUDE -0.010123 -2.663337 0.022829
71.429 1 ATTITUDE -0.010044 -2.66339 0.022823
71.555 1 NAVIGATION 0 2 0. 0. 0. 0. 0 0
71.574 1 ATTITUDE -0.009959 -2.663673 0.022816
71.643 1 ATTITUDE -0.009887 -2.663584 0.022796
71.770 1 FBW_STATUS 2 0 1 69 0
71.797 1 NAVIGATION 0 2 0. 0. 0. 0. 0 0
71.815 1 ATTITUDE -0.009829 -2.663653 0.022811
71.900 1 ATTITUDE -0.009782 -2.663608 0.022871
71.934 1 GPS 0 0 0 0 0 0 0 0 0 0 1
71.969 1 DOWNLINK_STATUS 0 72 22573 1101 0 226. 11. -3339.79
72.021 1 ATTITUDE -0.009736 -2.663422 0.02283
72.048 1 NAVIGATION 0 2 0. 0. 0. 0. 0 0
72.067 1 ATTITUDE -0.009693 -2.663085 0.022832
72.124 1 ATTITUDE -0.009614 -2.663081 0.022844
72.251 1 NAVIGATION 0 2 0. 0. 0. 0. 0 0
72.269 1 ATTITUDE -0.009558 -2.663298 0.022859
72.530 1 ATTITUDE -0.009508 -2.663027 0.02288
72.549 1 ATTITUDE -0.00947 -2.662983 0.022873
72.576 1 NAVIGATION 0 2 0. 0. 0. 0. 0 0
72.596 1 ATTITUDE -0.009432 -2.662569 0.022903
72.613 1 ATTITUDE -0.009372 -2.661856 0.022875
72.640 1 NAVIGATION 0 2 0. 0. 0. 0. 0 0
72.659 1 ATTITUDE -0.009379 -2.661896 0.022826
72.677 1 ATTITUDE -0.00928 -2.660855 0.022821
72.711 1 GPS 0 0 0 0 0 0 0 0 0 0 1
72.717 1 PONG 
72.736 1 ATTITUDE -0.009242 -2.660081 0.022847
72.764 1 NAVIGATION 0 2 0. 0. 0. 0. 0 0
72.781 1 ATTITUDE -0.009204 -2.659056 0.022836
72.800 1 ATTITUDE -0.009223 -2.659095 0.022848
72.827 1 NAVIGATION 0 2 0. 0. 0. 0. 0 0
72.846 1 ATTITUDE -0.009229 -2.659146 0.022825
72.864 1 ATTITUDE -0.009262 -2.659203 0.02285
72.969 1 DOWNLINK_STATUS 0 73 23038 1124 0 465. 23. 2287.41
72.972 1 ATTITUDE -0.009267 -2.659153 0.02284
72.999 1 NAVIGATION 0 2 0. 0. 0. 0. 0 0
73.061 1 ATTITUDE -0.009297 -2.659262 0.022841
73.079 1 ATTITUDE -0.00929 -2.659394 0.022904
73.200 1 FBW_STATUS 2 0 1 69 0
73.227 1 NAVIGATION 0 2 0. 0. 0. 0. 0 0
73.246 1 ATTITUDE -0.009313 -2.659343 0.022839
73.326 1 ATTITUDE -0.009364 -2.659304 0.022806
73.361 1 GPS 0 0 0 0 0 0 0 0 0 0 1
73.454 1 ATTITUDE -0.009408 -2.65921 0.022797
73.466 1 PPRZ_MODE 2 0 0 0 0 6
73.493 1 NAVIGATION 0 2 0. 0. 0. 0. 0 0
73.599 1 ATTITUDE -0.009423 -2.659225 0.022785
73.619 1 ATTITUDE -0.009428 -2.659235 0.022839
73.645 1 NAVIGATION 0 2 0. 0. 0. 0. 0 0
73.664 1 ATTITUDE -0.009436 -2.659493 0.022885
73.696 1 ATTITUDE -0.009493 -2.659496 0.022856
73.815 1 ATTITUDE -0.009554 -2.659283 0.022818
73.842 1 NAVIGATION 0 2 0. 0. 0. 0. 0 0
73.912 1 ATTITUDE -0.009618 -2.659253 0.02289
73.970 1 DOWNLINK_STATUS 0 74 23444 1144 0 406. 20. 2287.41
74.031 1 ATTITUDE -0.009648 -2.659404 0.022867
74.058 1 NAVIGATION 0 2 0. 0. 0. 0. 0 0
74.135 1 ATTITUDE -0.00969 -2.659441 0.022878
74.259 1 ATTITUDE -0.009781 -2.659431 0.022873
74.293 1 GPS 0 0 0 0 0 0 0 0 0 0 1
74.312 1 ATTITUDE -0.009822 -2.659473 0.022842
74.381 1 NAVIGATION 0 2 0. 0. 0. 0. 0 0
74.398 1 ATTITUDE -0.009828 -2.659626 0.022866
74.487 1 ATTITUDE -0.00982 -2.65979 0.022875
74.610 1 NAVIGATION 0 2 0. 0. 0. 0. 0 0
74.628 1 ATTITUDE -0.009869 -2.659922 0.022838
74.647 1 ATTITUDE -0.009935 -2.660097 0.022828
74.712 1 ATTITUDE -0.010044 -2.66004 0.022814
74.831 1 NAVIGATION 0 2 0. 0. 0. 0. 0 0
74.850 1 ATTITUDE -0.010039 -2.660321 0.022834
74.923 1 ATTITUDE -0.010079 -2.660283 0.022825
74.971 1 DOWNLINK_STATUS 0 75 23779 1160 0 335. 16. 2287.41
75.050 1 FBW_STATUS 2 0 1 69 0
75.077 1 NAVIGATION 0 2 0. 0. 0. 0. 0 0
75.098 1 ATTITUDE -0.010123 -2.660442 0.022791
75.189 1 COMMANDS 0,203,-175,0,0
75.207 1 ATTITUDE -0.010178 -2.660418 0.02279
75.242 1 GPS 0 0 0 0 0 0 0 0 0 0 1
75.268 1 WIND_INFO 1 42 0. 0. 0.
75.330 1 ACTUATORS 1250,1570,1555,1584,1350
75.349 1 ATTITUDE -0.010235 -2.660365 0.022758
75.376 1 NAVIGATION 0 2 0. 0. 0. 0. 0 0
75.972 1 DOWNLINK_STATUS 0 76 23967 1169 0 188. 9. -2713.53
76.527 1 ATTITUDE -0.010225 -2.66015 0.022815
76.546 1 ATTITUDE -0.010263 -2.659971 0.022801
76.681 1 NAVIGATION 0 2 0. 0. 0. 0. 0 0
76.700 1 ATTITUDE -0.010278 -2.659838 0.022784
76.718 1 ATTITUDE -0.010352 -2.659549 0.022751
76.786 1 ATTITUDE -0.01041 -2.65927 0.022768
76.877 1 NAVIGATION 0 2 0. 0. 0. 0. 0 0
76.896 1 ATTITUDE -0.010441 -2.659235 0.022799
76.973 1 DOWNLINK_STATUS 0 77 24127 1177 0 160. 8. -2713.53
76.986 1 ATTITUDE -0.010454 -2.659193 0.02275
77.111 1 NAVIGATION 0 2 0. 0. 0. 0. 0 0
77.130 1 ATTITUDE -0.010454 -2.659059 0.022807
77.257 1 ATTITUDE -0.010479 -2.659329 0.022792
77.291 1 GPS 0 0 0 0 0 0 0 0 0 0 1
77.313 1 BAT 0 69 0 0 1 81 0 0
77.332 1 ATTITUDE -0.010491 -2.659239 0.022763
77.383 1 NAVIGATION 0 2 0. 0. 0. 0. 0 0
77.401 1 ATTITUDE -0.010479 -2.659302 0.022745
77.472 1 ATTITUDE -0.010486 -2.659371 0.022745
77.768 1 NAVIGATION 0 2 0. 0. 0. 0. 0 0
77.787 1 ATTITUDE -0.010506 -2.659441 0.022732
77.805 1 ATTITUDE -0.010468 -2.659111 0.022771
77.823 1 ATTITUDE -0.010467 -2.658533 0.022743
77.850 1 NAVIGATION 0 2 0. 0. 0. 0. 0 0
77.869 1 ATTITUDE -0.010479 -2.65857 0.022718
77.888 1 ATTITUDE -0.010547 -2.657545 0.022717
77.903 1 FBW_STATUS 2 0 1 69 0
77.930 1 NAVIGATION 0 2 0. 0. 0. 0. 0 0
77.949 1 ATTITUDE -0.010545 -2.656558 0.022696
77.973 1 ALIVE 41,104,77,226,144,103,96,68,133,86,243,163,1,204,72,112
77.974 1 DOWNLINK_STATUS 0 78 24565 1198 0 438. 21. -2713.53
77.991 1 ATTITUDE -0.010557 -2.655442 0.022671
78.026 1 GPS 0 0 0 0 0 0 0 0 0 0 1
78.044 1 ATTITUDE -0.010536 -2.655456 0.022707
78.071 1 NAVIGATION 0 2 0. 0. 0. 0. 0 0
78.090 1 ATTITUDE -0.010576 -2.654874 0.022719
78.109 1 ATTITUDE -0.010566 -2.65414 0.022735
78.136 1 NAVIGATION 0 2 0. 0. 0. 0. 0 0
78.175 1 ATTITUDE -0.010543 -2.652676 0.022694
78.202 1 NAVIGATION 0 2 0. 0. 0. 0. 0 0
78.221 1 ATTITUDE -0.010487 -2.652633 0.022685
78.240 1 ATTITUDE -0.01047 -2.652423 0.022698
78.348 1 NAVIGATION 0 2 0. 0. 0. 0. 0 0
78.366 1 ATTITUDE -0.01041 -2.652268 0.022743
78.386 1 ATTITUDE -0.010323 -2.652123 0.022815
78.455 1 GPS 0 0 0 0 0 0 0 0 0 0 1
78.474 1 ATTITUDE -0.010232 -2.65244 0.022841
78.501 1 NAVIGATION 0 2 0. 0. 0. 0. 0 0
78.574 1 ATTITUDE -0.010154 -2.652713 0.022818
78.665 1 ATTITUDE -0.010048 -2.652654 0.0228
78.691 1 NAVIGATION 0 2 0. 0. 0. 0. 0 0
78.831 1 ATTITUDE -0.00996 -2.652847 0.022829
78.849 1 ATTITUDE -0.009897 -2.65293 0.022842
78.868 1 ATTITUDE -0.009791 -2.653296 0.02283
78.880 1 DOWNLINK 0 337 1396
78.907 1 NAVIGATION 0 2 0. 0. 0. 0. 0 0
78.964 1 ATTITUDE -0.009744 -2.653621 0.02291
78.974 1 DOWNLINK_STATUS 0 79 25112 1224 1 547. 26. -2713.53
78.983 1 ATTITUDE -0.009684 -2.65354 0.022899
78.999 1 FBW_STATUS 2 0 1 69 0
79.095 1 NAVIGATION 0 2 0. 0. 0. 0. 0 0
79.114 1 ATTITUDE -0.009629 -2.653855 0.022902
79.133 1 ATTITUDE -0.00955 -2.653595 0.022892
79.222 1 GPS 0 0 0 0 0 0 0 0 0 0 1
79.241 1 ATTITUDE -0.009567 -2.653545 0.022901
79.321 1 PPRZ_MODE 2 0 0 0 0 6
79.348 1 NAVIGATION 0 2 0. 0. 0. 0. 0 0
79.367 1 ATTITUDE -0.009511 -2.653507 0.02292
79.453 1 ATTITUDE -0.009438 -2.653691 0.023
79.548 1 NAVIGATION 0 2 0. 0. 0. 0. 0 0
79.566 1 ATTITUDE -0.00936 -2.653693 0.023058
79.663 1 ATTITUDE -0.009247 -2.653409 0.023084
79.681 1 GPS_SOL 0 0 0 0
79.699 1 ATTITUDE -0.009184 -2.653397 0.023143
79.802 1 NAVIGATION 0 2 0. 0. 0. 0. 0 0
79.821 1 ATTITUDE -0.009108 -2.653506 0.02314
79.908 1 ATTITUDE -0.009036 -2.653576 0.023109
79.975 1 DOWNLINK_STATUS 0 80 25491 1243 1 379. 19. -2713.53
80.038 1 NAVIGATION 0 2 0. 0. 0. 0. 0 0
80.057 1 ATTITUDE -0.008976 -2.653465 0.023173
80.074 1 COMMANDS 0,176,-199,0,0
80.093 1 ATTITUDE -0.008877 -2.653246 0.023185
80.191 1 GPS 0 0 0 0 0 0 0 0 0 0 1
80.209 1 ACTUATORS 1250,1568,1554,1583,1350
80.227 1 ATTITUDE -0.008847 -2.653494 0.023208
80.274 1 NAVIGATION 0 2 0. 0. 0. 0. 0 0
80.292 1 ATTITUDE -0.008775 -2.653545 0.023208
80.394 1 ATTITUDE -0.008713 -2.653876 0.023225
80.508 1 NAVIGATION 0 2 0. 0. 0. 0. 0 0
80.526 1 ATTITUDE -0.008649 -2.654033 0.023221
80.825 1 ATTITUDE -0.008571 -2.654311 0.023213
80.930 1 ATTITUDE -0.008503 -2.654184 0.023229
80.957 1 NAVIGATION 0 2 0. 0. 0. 0. 0 0
80.976 1 ATTITUDE -0.008448 -2.654059 0.023282
80.976 1 DOWNLINK_STATUS 0 81 25824 1259 1 333. 16. -7713.64
81.045 1 ATTITUDE -0.008487 -2.653948 0.023304
81.171 1 FBW_STATUS 2 0 1 69 0
81.198 1 NAVIGATION 0 2 0. 0. 0. 0. 0 0
81.217 1 ATTITUDE -0.008494 -2.653959 0.023317
81.312 1 ATTITUDE -0.008514 -2.654095 0.023356
81.346 1 GPS 0 0 0 0 0 0 0 0 0 0 1
81.365 1 ATTITUDE -0.008535 -2.654 0.023396
81.437 1 NAVIGATION 0 2 0. 0. 0. 0. 0 0
81.455 1 ATTITUDE -0.00859 -2.653979 0.02343
81.526 1 ATTITUDE -0.008639 -2.653894 0.023446
81.652 1 NAVIGATION 0 2 0. 0. 0. 0. 0 0
81.670 1 ATTITUDE -0.008645 -2.653577 0.023424
81.741 1 ATTITUDE -0.008639 -2.653482 0.023408
81.878 1 ATTITUDE -0.008693 -2.653486 0.023384
81.905 1 NAVIGATION 0 2 0. 0. 0. 0. 0 0
81.910 1 PONG 
81.930 1 ATTITUDE -0.008697 -2.652729 0.023387
81.977 1 DOWNLINK_STATUS 0 82 26162 1276 1 338. 17. 1479.4
81.979 1 ATTITUDE -0.008753 -2.652748 0.023399
82.094 1 NAVIGATION 0 2 0. 0. 0. 0. 0 0
82.113 1 ATTITUDE -0.008772 -2.652721 0.023431
82.228 1 ATTITUDE -0.008843 -2.652504 0.023439
82.263 1 GPS 0 0 0 0 0 0 0 0 0 0 1
82.333 1 ATTITUDE -0.008894 -2.652328 0.023405
82.380 1 NAVIGATION 0 2 0. 0. 0. 0. 0 0
82.381 1 ATTITUDE -0.00892 -2.652365 0.023381
82.446 1 ATTITUDE -0.008986 -2.652284 0.02334
82.572 1 NAVIGATION 0 2 0. 0. 0. 0. 0 0
82.590 1 ATTITUDE -0.009037 -2.652378 0.023355
82.660 1 ATTITUDE -0.009097 -2.652246 0.023334
82.778 1 ATTITUDE -0.009139 -2.652599 0.023352
82.805 1 NAVIGATION 0 2 0. 0. 0. 0. 0 0
82.888 1 ATTITUDE -0.009186 -2.652723 0.023322
82.907 1 ATTITUDE -0.009263 -2.653023 0.023325
82.977 1 DOWNLINK_STATUS 0 83 26497 1292 1 335. 16. 1479.4
82.997 1 FBW_STATUS 2 0 1 69 0
83.114 1 NAVIGATION 0 2 0. 0. 0. 0. 0 0
83.133 1 ATTITUDE -0.009304 -2.652986 0.023279
83.151 1 ATTITUDE -0.009345 -2.652697 0.023278
83.260 1 GPS 0 0 0 0 0 0 0 0 0 0 1
83.278 1 ATTITUDE -0.009409 -2.65271 0.02329
83.305 1 NAVIGATION 0 2 0. 0. 0. 0. 0 0
83.357 1 ATTITUDE -0.00946 -2.652703 0.023229
83.456 1 ATTITUDE -0.009517 -2.652609 0.023197
83.580 1 NAVIGATION 0 2 0. 0. 0. 0. 0 0
83.599 1 ATTITUDE -0.009573 -2.65235 0.023203
83.664 1 ATTITUDE -0.009604 -2.652118 0.023162
83.799 1 ATTITUDE -0.009611 -2.651741 0.023133
83.826 1 NAVIGATION 0 2 0. 0. 0. 0. 0 0
83.844 1 ATTITUDE -0.009661 -2.651618 0.023085
83.896 1 ATTITUDE -0.009703 -2.651419 0.023057
83.978 1 DOWNLINK_STATUS 0 84 26829 1308 1 332. 16. 1479.4
84.023 1 NAVIGATION 0 2 0. 0. 0. 0. 0 0
84.041 1 ATTITUDE -0.00973 -2.651333 0.023004
84.138 1 ATTITUDE -0.009809 -2.651161 0.023036
84.173 1 GPS 0 0 0 0 0 0 0 0 0 0 1
84.257 1 ATTITUDE -0.009836 -2.651212 0.023032
84.284 1 NAVIGATION 0 2 0. 0. 0. 0. 0 0
84.352 1 ATTITUDE -0.00986 -2.651482 0.023045
84.459 1 ATTITUDE -0.009876 -2.651471 0.023001
84.574 1 NAVIGATION 0 2 0. 0. 0. 0. 0 0
84.592 1 ATTITUDE -0.009919 -2.651521 0.023034
84.656 1 ATTITUDE -0.009946 -2.651348 0.023025
84.788 1 ATTITUDE -0.01002 -2.65144 0.022977
84.815 1 NAVIGATION 0 2 0. 0. 0. 0. 0 0
84.834 1 ATTITUDE -0.010049 -2.651425 0.022951
84.894 1 ATTITUDE -0.010051 -2.651315 0.022945
84.979 1 DOWNLINK_STATUS 0 85 27146 1323 1 317. 15. 1479.4
85.022 1 FBW_STATUS 2 0 1 69 0
85.049 1 NAVIGATION 0 2 0. 0. 0. 0. 0 0
85.067 1 ATTITUDE -0.010065 -2.651192 0.022951
85.161 1 COMMANDS 0,201,-192,0,0
85.180 1 ATTITUDE -0.010081 -2.650894 0.022942
85.214 1 GPS 0 0 0 0 0 0 0 0 0 0 1
85.268 1 WIND_INFO 1 42 0. 0. 0.
85.301 1 ACTUATORS 1250,1569,1555,1584,1350
85.320 1 ATTITUDE -0.010117 -2.650953 0.022914
85.332 1 PPRZ_MODE 2 0 0 0 0 6
85.359 1 NAVIGATION 0 2 0. 0. 0. 0. 0 0
85.697 1 ATTITUDE -0.010162 -2.65079 0.02288
85.808 1 ATTITUDE -0.01014 -2.650475 0.022817
85.980 1 DOWNLINK_STATUS 0 86 27382 1335 1 236. 12. -3521.36
86.071 1 NAVIGATION 0 2 0. 0. 0. 0. 0 0
86.089 1 ATTITUDE -0.010168 -2.650187 0.022796
86.108 1 ATTITUDE -0.010173 -2.64986 0.022775
86.212 1 ATTITUDE -0.010152 -2.65009 0.022739
86.239 1 NAVIGATION 0 2 0. 0. 0. 0. 0 0
86.257 1 ATTITUDE -0.010159 -2.650036 0.022748
86.710 1 ATTITUDE -0.01017 -2.649757 0.022735
86.836 1 NAVIGATION 0 2 0. 0. 0. 0. 0 0
86.853 1 ATTITUDE -0.01018 -2.649525 0.022681
86.980 1 DOWNLINK_STATUS 0 87 27568 1344 1 186. 9. -3521.36
87.503 1 ATTITUDE -0.01018 -2.649483 0.022711
87.538 1 GPS 0 0 0 0 0 0 0 0 0 0 1
87.647 1 ATTITUDE -0.010148 -2.649846 0.022695
87.668 1 BAT 0 69 0 0 1 91 0 0
87.696 1 NAVIGATION 0 2 0. 0. 0. 0. 0 0
87.713 1 ATTITUDE -0.010187 -2.650133 0.022658
87.913 1 ATTITUDE -0.010208 -2.650075 0.022626
87.981 1 DOWNLINK_STATUS 0 88 27720 1351 1 152. 7. -3521.36
88.073 1 NAVIGATION 0 2 0. 0. 0. 0. 0 0
88.091 1 ATTITUDE -0.010216 -2.649596 0.022667
88.110 1 ATTITUDE -0.010116 -2.649239 0.022668
88.129 1 ATTITUDE -0.010026 -2.648691 0.022669
88.577 1 NAVIGATION 0 2 0. 0. 0. 0. 0 0
88.596 1 ATTITUDE -0.009981 -2.648674 0.022679
88.736 1 ATTITUDE -0.009939 -2.648552 0.022705
88.751 1 FBW_STATUS 2 0 1 69 0
88.778 1 NAVIGATION 0 2 0. 0. 0. 0. 0 0
88.797 1 ATTITUDE -0.009903 -2.648687 0.022683
88.816 1 ATTITUDE -0.009845 -2.648448 0.022633
88.895 1 GPS 0 0 0 0 0 0 0 0 0 0 1
88.914 1 ATTITUDE -0.009803 -2.648139 0.022647
88.938 1 ALIVE 41,104,77,226,144,103,96,68,133,86,243,163,1,204,72,112
88.981 1 DOWNLINK_STATUS 0 89 28013 1365 1 293. 14. -3521.36
89.083 1 NAVIGATION 0 2 0. 0. 0. 0. 0 0
89.102 1 ATTITUDE -0.009694 -2.64791 0.022681
89.121 1 ATTITUDE -0.009614 -2.647675 0.022724
89.148 1 NAVIGATION 0 2 0. 0. 0. 0. 0 0
89.166 1 ATTITUDE -0.009526 -2.646948 0.022793
89.185 1 ATTITUDE -0.009508 -2.646155 0.022764
89.204 1 ATTITUDE -0.009449 -2.645052 0.022777
89.231 1 NAVIGATION 0 2 0. 0. 0. 0. 0 0
89.249 1 ATTITUDE -0.009365 -2.645121 0.022764
89.462 1 ATTITUDE -0.009354 -2.645172 0.02277
89.488 1 NAVIGATION 0 2 0. 0. 0. 0. 0 0
89.507 1 ATTITUDE -0.009299 -2.645332 0.022809
89.526 1 ATTITUDE -0.009232 -2.644551 0.022828
89.560 1 GPS 0 0 0 0 0 0 0 0 0 0 1
89.579 1 ATTITUDE -0.0092 -2.644865 0.022859
89.606 1 NAVIGATION 0 2 0. 0. 0. 0. 0 0
89.625 1 ATTITUDE -0.009153 -2.643832 0.022858
89.643 1 ATTITUDE -0.009124 -2.644221 0.022854
89.670 1 NAVIGATION 0 2 0. 0. 0. 0. 0 0
89.689 1 ATTITUDE -0.009031 -2.643702 0.022883
89.708 1 ATTITUDE -0.008992 -2.643782 0.022889
89.726 1 ATTITUDE -0.008951 -2.644255 0.022931
89.753 1 NAVIGATION 0 2 0. 0. 0. 0. 0 0
89.772 1 ATTITUDE -0.008884 -2.644378 0.022908
89.791 1 ATTITUDE -0.008804 -2.643423 0.022999
89.836 1 FBW_STATUS 2 0 1 69 0
89.863 1 NAVIGATION 0 2 0. 0. 0. 0. 0 0
89.882 1 ATTITUDE -0.008753 -2.643462 0.022987
89.982 1 DOWNLINK_STATUS 0 90 28593 1393 1 580. 28. -3521.36
90.078 1 ATTITUDE -0.00866 -2.643594 0.022966
90.113 1 GPS 0 0 0 0 0 0 0 0 0 0 1
90.124 1 DOWNLINK 0 344 1570
90.142 1 ATTITUDE -0.008668 -2.643558 0.022964
90.169 1 NAVIGATION 0 2 0. 0. 0. 0. 0 0
90.188 1 ATTITUDE -0.008629 -2.643183 0.022952
90.207 1 ATTITUDE -0.008626 -2.64319 0.022924
90.212 1 PONG 
90.240 1 NAVIGATION 0 2 0. 0. 0. 0. 0 0
90.258 1 ATTITUDE -0.008674 -2.642363 0.02296
90.277 1 ATTITUDE -0.008678 -2.642056 0.02295
90.295 1 ATTITUDE -0.008746 -2.64188 0.022972
90.322 1 NAVIGATION 0 2 0. 0. 0. 0. 0 0
90.341 1 ATTITUDE -0.008716 -2.641895 0.022998
90.360 1 ATTITUDE -0.008725 -2.641875 0.02297
90.475 1 NAVIGATION 0 2 0. 0. 0. 0. 0 0
90.493 1 ATTITUDE -0.008783 -2.641674 0.022964
90.511 1 COMMANDS 0,175,-187,0,0
90.529 1 ATTITUDE -0.008822 -2.641967 0.022944
90.867 1 GPS 0 0 0 0 0 0 0 0 0 0 1
90.885 1 GPS_SOL 0 0 0 0
90.902 1 ACTUATORS 1250,1569,1554,1584,1350
90.921 1 ATTITUDE -0.008878 -2.641881 0.022908
90.983 1 DOWNLINK_STATUS 0 91 29047 1416 1 454. 23. -220.42
91.015 1 NAVIGATION 0 2 0. 0. 0. 0. 0 0
91.033 1 ATTITUDE -0.008932 -2.64184 0.022883
91.052 1 ATTITUDE -0.008886 -2.642112 0.022881
91.098 1 NAVIGATION 0 2 0. 0. 0. 0. 0 0
91.116 1 ATTITUDE -0.008849 -2.642452 0.022868
91.229 1 ATTITUDE -0.008927 -2.642733 0.022887
91.248 1 ATTITUDE -0.008921 -2.64283 0.02289
91.332 1 NAVIGATION 0 2 0. 0. 0. 0. 0 0
91.351 1 ATTITUDE -0.008971 -2.64305 0.022863
91.502 1 ATTITUDE -0.008989 -2.643187 0.022854
91.517 1 FBW_STATUS 2 0 1 69 0
91.544 1 NAVIGATION 0 2 0. 0. 0. 0. 0 0
91.563 1 ATTITUDE -0.008991 -2.64333 0.022844
91.582 1 ATTITUDE -0.009003 -2.6436 0.022829
91.647 1 GPS 0 0 0 0 0 0 0 0 0 0 1
91.666 1 ATTITUDE -0.009022 -2.643358 0.022836
91.679 1 PPRZ_MODE 2 0 0 0 0 6
91.744 1 NAVIGATION 0 2 0. 0. 0. 0. 0 0
91.762 1 ATTITUDE -0.009114 -2.643284 0.022821
91.864 1 ATTITUDE -0.009131 -2.64317 0.022778
