5.791 1 PPRZ_MODE 1 3 3 2 0 21
5.797 1 GPS 0 1717368064 0 0 -17000 0 0 0 39000 14 6
5.800 1 SVINFO 6 20 16 1 0 -91 0
5.802 1 DL_VALUE 3 0.
5.889 1 DOWNLINK_STATUS 0 6 3330 152 0 609. 29. 37.78
5.899 1 DESIRED 0.03 0.17 5. -89. -271. 260. 3. 12.
5.902 1 ATTITUDE 0.162879 -1.374871 -0.021087
5.906 1 NAVIGATION 5 0 16621114. -5529002. 0. 3.06831289221e+14 0 0
5.968 1 NAVIGATION 5 0 16621114. -5529002. 0. 3.06831289221e+14 0 0
5.983 1 PPRZ_MODE 1 3 3 2 0 21
5.987 1 WP_MOVED 2 552424.625 5528826.5 260. 14
6.094 1 DESIRED 0.03 0.17 5. -89. -271. 260. 3. 12.
6.096 1 CALIBRATION -105. 0
6.098 1 DOWNLINK 0 558 576
6.132 1 CIRCLE -141.399994 -175.5 80.
6.183 1 PPRZ_MODE 1 3 3 2 0 21
6.186 1 IMU_ACCEL 0.420898 -9.74707 -0.669922
6.218 1 NAVIGATION 5 0 16621114. -5529002. 0. 3.06831289221e+14 0 0
6.293 1 DESIRED 0.03 0.17 5. -89. -271. 260. 3. 12.
6.296 1 IMU_GYRO -0.047852 0.010498 -0.009521
6.384 1 PPRZ_MODE 1 3 3 2 0 21
6.388 1 BAT 1946 69 0 0 1 11 11 0
6.468 1 NAVIGATION 5 0 16621114. -5529002. 0. 3.06831289221e+14 0 0
6.490 1 DESIRED 0.03 0.17 5. -89. -271. 260. 3. 12.
6.579 1 PPRZ_MODE 1 3 3 2 0 21
6.690 1 DESIRED 0.03 -0.1 5. -89. -271. 260. 3. 12.
6.718 1 NAVIGATION 5 0 16621114. -5529002. 0. 3.06831289221e+14 0 0
6.793 1 PPRZ_MODE 1 3 3 2 0 21
6.799 1 GPS 0 1717368064 0 0 -17000 0 0 0 40000 14 7
6.801 1 SVINFO 7 21 16 1 0 -91 0
6.804 1 IMU_MAG -0.095215 0.028809 0.418457
6.890 1 DOWNLINK_STATUS 0 7 3910 178 0 580. 26. 37.78
6.896 1 DESIRED 0.01 0.31 5. -89. -271. 260. 3. 12.
6.899 1 ATTITUDE 0.163321 -1.375324 -0.021063
6.902 1 ESTIMATOR -17. 0.
6.968 1 NAVIGATION 5 0 16621114. -5529002. 0. 3.06831289221e+14 0 0
6.983 1 PPRZ_MODE 1 3 3 2 0 21
6.986 1 GPS_SOL 649556224 100000 9999 0
7.089 1 DESIRED -0.16 0.07 5. -89. -271. 260. 3. 12.
7.183 1 PPRZ_MODE 1 3 3 2 0 21
7.186 1 IMU_ACCEL 0.344727 -9.78125 -0.674805
7.218 1 NAVIGATION 5 0 16621114. -5529002. 0. 3.06831289221e+14 0 0
7.298 1 DESIRED 0.14 -0.13 5. -89. -271. 260. 3. 12.
7.301 1 IMU_GYRO -0.047852 0.012695 -0.009521
7.303 1 DL_VALUE 4 0.
7.304 1 STATE_FILTER_STATUS 3 0
7.379 1 PPRZ_MODE 1 3 3 2 0 21
7.469 1 FBW_STATUS 0 49 1 69 0
7.474 1 NAVIGATION 5 0 16621114. -5529002. 0. 3.06831289221e+14 0 0
7.494 1 DESIRED 0.11 0.2 5. -89. -271. 260. 3. 12.
7.498 1 BAT 341 69 0 0 1 13 13 0
7.579 1 PPRZ_MODE 1 3 3 2 0 21
7.690 1 DESIRED 0.03 0.39 5. -89. -271. 260. 3. 12.
7.718 1 NAVIGATION 5 0 16621114. -5529002. 0. 3.06831289221e+14 0 0
7.789 1 PPRZ_MODE 1 3 3 2 0 21
7.795 1 GPS 0 1717368064 0 0 -17000 0 0 0 41000 14 8
7.797 1 SVINFO 8 23 16 1 0 -91 0
7.891 1 DOWNLINK_STATUS 0 8 4452 203 0 542. 25. 37.78
7.897 1 DESIRED 0.03 0.17 5. -89. -271. 260. 3. 12.
7.900 1 ATTITUDE 0.163791 -1.378228 -0.021165
7.904 1 ENERGY 6.9 0. 0 0.
7.968 1 NAVIGATION 5 0 16621114. -5529002. 0. 3.06831289221e+14 0 0
7.982 1 PPRZ_MODE 1 3 3 2 0 21
8.093 1 DESIRED 0.03 0.17 5. -89. -271. 260. 3. 12.
8.096 1 IMU_MAG -0.131348 0.008301 0.437988
8.185 1 PPRZ_MODE 1 3 3 2 0 21
8.189 1 IMU_ACCEL 0.325195 -9.74707 -0.712891
8.190 1 CALIBRATION -105. 0
8.218 1 NAVIGATION 5 0 16621114. -5529002. 0. 3.06831289221e+14 0 0
8.293 1 DESIRED 0.03 0.17 5. -89. -271. 260. 3. 12.
8.296 1 IMU_GYRO -0.047852 0.012695 -0.006348
8.379 1 PPRZ_MODE 1 3 3 2 0 21
8.469 1 NAVIGATION 5 0 16621114. -5529002. 0. 3.06831289221e+14 0 0
8.490 1 DESIRED 0.03 0.17 5. -89. -271. 260. 3. 12.
8.564 1 COMMANDS 341,-2806,1948,0,616,0
8.583 1 PPRZ_MODE 1 3 3 2 0 21
8.587 1 BAT 341 69 0 0 1 14 14 0
8.664 1 ACTUATORS 1345,1692,1439,1408,1373
8.689 1 DESIRED 0.03 0.17 5. -89. -271. 260. 3. 12.
8.718 1 NAVIGATION 5 0 16621114. -5529002. 0. 3.06831289221e+14 0 0
8.791 1 PPRZ_MODE 1 3 3 2 0 21
8.797 1 GPS 0 1717368064 0 0 -17000 0 0 0 42000 14 9
8.799 1 SVINFO 9 24 16 1 0 -91 0
8.801 1 DL_VALUE 5 0.
8.891 1 DOWNLINK_STATUS 0 9 5024 229 0 572. 26. 37.78
8.896 1 DESIRED 0.03 0.17 5. -89. -271. 260. 3. 12.
8.899 1 ATTITUDE 0.163916 -1.377787 -0.021331
8.901 1 ESTIMATOR -17. 0.
8.968 1 NAVIGATION 5 0 16621114. -5529002. 0. 3.06831289221e+14 0 0
8.983 1 PPRZ_MODE 1 3 3 2 0 21
8.986 1 GPS_SOL 649560064 100000 9999 0
9.089 1 DESIRED 0.03 0.17 5. -89. -271. 260. 3. 12.
9.183 1 PPRZ_MODE 1 3 3 2 0 21
9.186 1 IMU_ACCEL 0.349609 -9.732422 -0.732422
9.218 1 NAVIGATION 5 0 16621114. -5529002. 0. 3.06831289221e+14 0 0
9.293 1 DESIRED 0.03 0.17 5. -89. -271. 260. 3. 12.
9.296 1 IMU_GYRO -0.046631 0.012695 -0.010498
9.383 1 PPRZ_MODE 1 3 3 2 0 21
9.386 1 IMU_MAG -0.131348 0.011719 0.410156
9.469 1 FBW_STATUS 0 46 1 69 0
9.474 1 NAVIGATION 5 0 16621114. -5529002. 0. 3.06831289221e+14 0 0
9.491 1 DESIRED 0.03 0.17 5. -89. -271. 260. 3. 12.
9.492 1 STATE_FILTER_STATUS 3 0
9.578 1 PPRZ_MODE 1 3 3 2 0 21
9.704 1 DESIRED 0.03 0.17 5. -89. -271. 260. 3. 12.
9.704 1 BAT 341 69 0 0 1 15 15 0
9.718 1 NAVIGATION 5 0 16621114. -5529002. 0. 3.06831289221e+14 0 0
9.789 1 PPRZ_MODE 1 3 3 2 0 21
9.795 1 GPS 0 1717368064 0 0 -17000 0 0 0 43000 14 10
9.797 1 SVINFO 10 25 16 1 0 -91 0
9.891 1 DOWNLINK_STATUS 0 10 5573 254 0 549. 25. 37.78
9.893 1 DESIRED 0.03 0.17 5. -89. -271. 260. 3. 12.
9.896 1 ATTITUDE 0.16408 -1.376842 -0.021644
9.968 1 NAVIGATION 5 0 16621114. -5529002. 0. 3.06831289221e+14 0 0
9.982 1 PPRZ_MODE 1 3 3 2 0 21
10.089 1 DESIRED 0.03 0.17 5. -89. -271. 260. 3. 12.
10.183 1 PPRZ_MODE 1 3 3 2 0 21
10.186 1 IMU_ACCEL 0.344727 -9.761719 -0.704102
10.218 1 NAVIGATION 5 0 16621114. -5529002. 0. 3.06831289221e+14 0 0
10.298 1 DESIRED 0.03 0.17 5. -89. -271. 260. 3. 12.
10.301 1 IMU_GYRO -0.047852 0.010498 -0.010498
10.303 1 DL_VALUE 6 80.
10.305 1 CALIBRATION -105. 0
10.384 1 PPRZ_MODE 1 3 3 2 0 21
10.387 1 ENERGY 6.9 0. 0 0.
10.425 1 PONG 
10.468 1 NAVIGATION 5 0 16621114. -5529002. 0. 3.06831289221e+14 0 0
10.494 1 DESIRED 0.03 0.17 5. -89. -271. 260. 3. 12.
10.498 1 ALIVE 90,166,14,152,178,1,34,42,192,255,253,184,175,152,131,179
10.579 1 PPRZ_MODE 1 3 3 2 0 21
10.693 1 DESIRED 0.03 0.17 5. -89. -271. 260. 3. 12.
10.696 1 IMU_MAG -0.133301 0.015137 0.408203
10.718 1 NAVIGATION 5 0 16621114. -5529002. 0. 3.06831289221e+14 0 0
10.793 1 PPRZ_MODE 1 3 3 2 0 21
10.799 1 GPS 0 1717368064 0 0 -17000 0 0 0 44000 14 11
10.801 1 SVINFO 11 27 16 1 0 -91 0
10.805 1 BAT 341 69 0 0 1 16 16 0
10.892 1 DOWNLINK_STATUS 0 11 6138 280 0 565. 26. 37.76
10.896 1 DESIRED 0.03 0.17 5. -89. -271. 260. 3. 12.
10.899 1 ATTITUDE 0.164394 -1.376661 -0.021657
10.901 1 ESTIMATOR -17. 0.
10.968 1 NAVIGATION 5 0 16621114. -5529002. 0. 3.06831289221e+14 0 0
10.983 1 PPRZ_MODE 1 3 3 2 0 21
10.986 1 GPS_SOL 649564032 100000 9999 0
11.089 1 DESIRED 0.03 0.17 5. -89. -271. 260. 3. 12.
11.185 1 PPRZ_MODE 1 3 3 2 0 21
11.189 1 IMU_ACCEL 0.382812 -9.771484 -0.74707
11.190 1 DOWNLINK 0 551 705
11.218 1 NAVIGATION 5 0 16621114. -5529002. 0. 3.06831289221e+14 0 0
11.293 1 DESIRED 0.03 0.17 5. -89. -271. 260. 3. 12.
11.296 1 IMU_GYRO -0.045654 0.010498 -0.009521
11.379 1 PPRZ_MODE 1 3 3 2 0 21
11.468 1 FBW_STATUS 0 47 1 69 0
11.474 1 NAVIGATION 5 0 16621114. -5529002. 0. 3.06831289221e+14 0 0
11.491 1 DESIRED 0.03 0.17 5. -89. -271. 260. 3. 12.
11.578 1 PPRZ_MODE 1 3 3 2 0 21
11.692 1 DESIRED 0.03 0.17 5. -89. -271. 260. 3. 12.
11.692 1 STATE_FILTER_STATUS 3 0
11.718 1 NAVIGATION 5 0 16621114. -5529002. 0. 3.06831289221e+14 0 0
11.791 1 PPRZ_MODE 1 3 3 2 0 21
11.797 1 GPS 0 1717368064 0 0 -17000 0 0 0 45000 14 12
11.799 1 SVINFO 12 28 16 1 0 -91 0
11.801 1 DL_VALUE 7 1.
11.892 1 DOWNLINK_STATUS 0 12 6670 305 0 532. 25. 37.76
11.897 1 DESIRED 0.03 0.17 5. -89. -271. 260. 3. 12.
11.900 1 ATTITUDE 0.164602 -1.376385 -0.021801
11.904 1 BAT 341 69 0 0 1 17 17 0
11.968 1 NAVIGATION 5 0 16621114. -5529002. 0. 3.06831289221e+14 0 0
11.983 1 PPRZ_MODE 1 3 3 2 0 21
11.986 1 IMU_MAG -0.135254 0.018555 0.441895
12.089 1 DESIRED 0.03 0.17 5. -89. -271. 260. 3. 12.
12.183 1 PPRZ_MODE 1 3 3 2 0 21
12.186 1 IMU_ACCEL 0.373047 -9.751953 -0.708008
12.218 1 NAVIGATION 5 0 16621114. -5529002. 0. 3.06831289221e+14 0 0
12.293 1 DESIRED 0.03 0.17 5. -89. -271. 260. 3. 12.
12.296 1 IMU_GYRO -0.046631 0.010498 -0.010498
12.381 1 PPRZ_MODE 1 3 3 2 0 21
12.383 1 CALIBRATION -105. 0
12.468 1 NAVIGATION 5 0 16621114. -5529002. 0. 3.06831289221e+14 0 0
12.489 1 DESIRED 0.03 0.17 5. -89. -271. 260. 3. 12.
12.578 1 PPRZ_MODE 1 3 3 2 0 21
12.690 1 DESIRED 0.03 0.17 5. -89. -271. 260. 3. 12.
12.718 1 NAVIGATION 5 0 16621114. -5529002. 0. 3.06831289221e+14 0 0
12.792 1 PPRZ_MODE 1 3 3 2 0 21
12.798 1 GPS 0 1717368064 0 0 -17000 0 0 0 46000 14 13
12.800 1 SVINFO 13 29 16 1 0 -91 0
12.803 1 NAVIGATION_REF 552566 5529002 14
12.892 1 DOWNLINK_STATUS 0 13 7190 328 0 520. 23. 37.76
12.900 1 DESIRED 0.03 0.17 5. -89. -271. 260. 3. 12.
12.903 1 ATTITUDE 0.164761 -1.376292 -0.021948
12.906 1 ESTIMATOR -17. 0.
12.909 1 ENERGY 6.9 0. 0 0.
12.968 1 NAVIGATION 5 0 16621114. -5529002. 0. 3.06831289221e+14 0 0
12.987 1 PPRZ_MODE 1 3 3 2 0 21
12.991 1 BAT 341 69 0 0 1 18 18 0
12.994 1 GPS_SOL 649568192 100000 9999 0
13.089 1 DESIRED 0.03 0.17 5. -89. -271. 260. 3. 12.
13.183 1 PPRZ_MODE 1 3 3 2 0 21
13.186 1 IMU_ACCEL 0.382812 -9.756836 -0.727539
13.218 1 NAVIGATION 5 0 16621114. -5529002. 0. 3.06831289221e+14 0 0
13.299 1 DESIRED 0.03 0.17 5. -89. -271. 260. 3. 12.
13.302 1 IMU_GYRO -0.046631 0.009521 -0.009521
13.306 1 IMU_MAG -0.133301 0.011719 0.410156
13.307 1 DL_VALUE 8 0.
13.379 1 PPRZ_MODE 1 3 3 2 0 21
13.468 1 FBW_STATUS 0 63 1 69 0
13.474 1 NAVIGATION 5 0 16621114. -5529002. 0. 3.06831289221e+14 0 0
13.491 1 DESIRED 0.03 0.17 5. -89. -271. 260. 3. 12.
13.564 1 COMMANDS 341,-2842,1962,0,616,0
13.579 1 PPRZ_MODE 1 3 3 2 0 21
13.664 1 ACTUATORS 1345,1692,1438,1407,1373
13.689 1 DESIRED 0.03 0.17 5. -89. -271. 260. 3. 12.
13.718 1 NAVIGATION 5 0 16621114. -5529002. 0. 3.06831289221e+14 0 0
13.789 1 PPRZ_MODE 1 3 3 2 0 21
13.794 1 GPS 0 1717368064 0 0 -17000 0 0 0 47000 14 14
13.797 1 SVINFO 14 31 16 1 0 -91 0
13.893 1 DOWNLINK_STATUS 0 14 7797 356 0 607. 28. 37.76
13.895 1 DESIRED 0.03 0.17 5. -89. -271. 260. 3. 12.
13.898 1 ATTITUDE 0.165001 -1.375649 -0.022039
13.899 1 STATE_FILTER_STATUS 3 0
13.968 1 NAVIGATION 5 0 16621114. -5529002. 0. 3.06831289221e+14 0 0
13.982 1 PPRZ_MODE 1 3 3 2 0 21
14.093 1 DESIRED 0.03 0.17 5. -89. -271. 260. 3. 12.
14.097 1 BAT 341 69 0 0 1 19 19 0
14.183 1 PPRZ_MODE 1 3 3 2 0 21
14.186 1 IMU_ACCEL 0.363281 -9.756836 -0.708008
14.218 1 NAVIGATION 5 0 16621114. -5529002. 0. 3.06831289221e+14 0 0
14.293 1 DESIRED 0.03 0.17 5. -89. -271. 260. 3. 12.
14.296 1 IMU_GYRO -0.045654 0.010498 -0.008301
14.379 1 PPRZ_MODE 1 3 3 2 0 21
14.468 1 NAVIGATION 5 0 16621114. -5529002. 0. 3.06831289221e+14 0 0
14.492 1 DESIRED 0.03 0.17 5. -89. -271. 260. 3. 12.
14.493 1 CALIBRATION -105. 0
14.582 1 PPRZ_MODE 1 3 3 2 0 21
14.585 1 IMU_MAG -0.14209 0.009766 0.42041
14.688 1 DESIRED 0.03 0.17 5. -89. -271. 260. 3. 12.
14.717 1 NAVIGATION 5 0 16621114. -5529002. 0. 3.06831289221e+14 0 0
14.791 1 PPRZ_MODE 1 3 3 2 0 21
14.797 1 GPS 0 1717368064 0 0 -17000 0 0 0 48000 14 15
14.799 1 SVINFO 15 32 16 1 0 -91 0
14.801 1 DL_VALUE 9 1.
14.893 1 DOWNLINK_STATUS 0 15 8322 380 0 525. 24. 37.76
14.896 1 DESIRED 0.03 0.17 5. -89. -271. 260. 3. 12.
14.899 1 ATTITUDE 0.165238 -1.375081 -0.02214
14.901 1 ESTIMATOR -17. 0.
14.968 1 NAVIGATION 5 0 16621114. -5529002. 0. 3.06831289221e+14 0 0
14.982 1 PPRZ_MODE 1 3 3 2 0 21
14.985 1 GPS_SOL 649572544 100000 9999 0
15.089 1 DESIRED 0.03 0.17 5. -89. -271. 260. 3. 12.
15.187 1 PPRZ_MODE 1 3 3 2 0 21
15.190 1 IMU_ACCEL 0.411133 -9.78125 -0.770508
15.194 1 BAT 341 69 0 0 1 20 20 0
15.218 1 NAVIGATION 5 0 16621114. -5529002. 0. 3.06831289221e+14 0 0
15.293 1 DESIRED 0.03 0.17 5. -89. -271. 260. 3. 12.
15.296 1 IMU_GYRO -0.047852 0.011475 -0.009521
15.383 1 PPRZ_MODE 1 3 3 2 0 21
15.387 1 ENERGY 6.9 0. 0 0.
15.426 1 PONG 
15.468 1 FBW_STATUS 0 78 1 69 0
15.474 1 NAVIGATION 5 0 16621114. -5529002. 0. 3.06831289221e+14 0 0
15.494 1 DESIRED 0.03 0.17 5. -89. -271. 260. 3. 12.
15.498 1 ALIVE 90,166,14,152,178,1,34,42,192,255,253,184,175,152,131,179
15.578 1 PPRZ_MODE 1 3 3 2 0 21
15.688 1 DESIRED 0.03 0.17 5. -89. -271. 260. 3. 12.
15.717 1 NAVIGATION 5 0 16621114. -5529002. 0. 3.06831289221e+14 0 0
15.789 1 PPRZ_MODE 1 3 3 2 0 21
15.794 1 GPS 0 1717368064 0 0 -17000 0 0 0 49000 14 16
15.797 1 SVINFO 0 15 16 1 0 -91 0
15.894 1 DOWNLINK_STATUS 0 16 8893 406 0 571. 26. 37.67
15.902 1 DESIRED 0.03 0.17 5. -89. -271. 260. 3. 12.
15.905 1 ATTITUDE 0.16536 -1.374397 -0.022327
15.908 1 IMU_MAG -0.138672 0.015137 0.437988
15.913 1 NAVIGATION 5 0 16621114. -5529002. 0. 3.06831289221e+14 0 0
15.968 1 NAVIGATION 5 0 16621114. -5529002. 0. 3.06831289221e+14 0 0
15.982 1 PPRZ_MODE 1 3 3 2 0 21
15.989 1 WIND_INFO 1 42 0. 0. 0.
16.091 1 DESIRED 0.03 0.17 5. -89. -271. 260. 3. 12.
16.092 1 STATE_FILTER_STATUS 3 0
16.183 1 PPRZ_MODE 1 3 3 2 0 21
16.186 1 IMU_ACCEL 0.387695 -9.790039 -0.699219
16.218 1 NAVIGATION 5 0 16621114. -5529002. 0. 3.06831289221e+14 0 0
16.302 1 DESIRED 0.03 0.17 5. -89. -271. 260. 3. 12.
16.305 1 IMU_GYRO -0.045654 0.010498 -0.010498
16.309 1 BAT 341 69 0 0 1 21 21 0
16.310 1 DL_VALUE 10 0.
16.312 1 DOWNLINK 0 566 837
16.378 1 PPRZ_MODE 1 3 3 2 0 21
16.467 1 NAVIGATION 5 0 16621114. -5529002. 0. 3.06831289221e+14 0 0
16.489 1 DESIRED 0.03 0.17 5. -89. -271. 260. 3. 12.
16.581 1 PPRZ_MODE 1 3 3 2 0 21
16.583 1 CALIBRATION -105. 0
16.688 1 DESIRED 0.03 0.17 5. -89. -271. 260. 3. 12.
16.717 1 NAVIGATION 5 0 16621114. -5529002. 0. 3.06831289221e+14 0 0
16.789 1 PPRZ_MODE 1 3 3 2 0 21
16.794 1 GPS 0 1717368064 0 0 -17000 0 0 0 50000 14 1
16.797 1 SVINFO 1 16 16 1 0 -91 0
16.894 1 DOWNLINK_STATUS 0 17 9455 432 0 562. 26. 37.67
16.896 1 DESIRED 0.03 0.17 5. -89. -271. 260. 3. 12.
16.899 1 ATTITUDE 0.165389 -1.373906 -0.022435
16.901 1 ESTIMATOR -17. 0.
16.968 1 NAVIGATION 5 0 16621114. -5529002. 0. 3.06831289221e+14 0 0
16.982 1 PPRZ_MODE 1 3 3 2 0 21
16.985 1 GPS_SOL 649577088 100000 9999 0
17.089 1 DESIRED 0.03 0.17 5. -89. -271. 260. 3. 12.
17.186 1 PPRZ_MODE 1 3 3 2 0 21
17.190 1 IMU_ACCEL 0.402344 -9.737305 -0.68457
17.193 1 IMU_MAG -0.14209 0.015137 0.416504
17.218 1 NAVIGATION 5 0 16621114. -5529002. 0. 3.06831289221e+14 0 0
17.293 1 DESIRED 0.03 0.17 5. -89. -271. 260. 3. 12.
17.296 1 IMU_GYRO -0.048828 0.012695 -0.009521
17.382 1 PPRZ_MODE 1 3 3 2 0 21
17.386 1 BAT 341 69 0 0 1 22 22 0
17.468 1 FBW_STATUS 0 50 1 69 0
17.473 1 NAVIGATION 5 0 16621114. -5529002. 0. 3.06831289221e+14 0 0
17.490 1 DESIRED 0.03 0.17 5. -89. -271. 260. 3. 12.
17.578 1 PPRZ_MODE 1 3 3 2 0 21
17.688 1 DESIRED 0.03 0.17 5. -89. -271. 260. 3. 12.
17.717 1 NAVIGATION 5 0 16621114. -5529002. 0. 3.06831289221e+14 0 0
17.791 1 PPRZ_MODE 1 3 3 2 0 21
17.797 1 GPS 0 1717368064 0 0 -17000 0 0 0 51000 14 2
17.799 1 SVINFO 2 17 16 1 0 -91 0
17.801 1 DL_VALUE 0 0.
17.894 1 DOWNLINK_STATUS 0 18 10006 457 0 551. 25. 37.67
17.897 1 DESIRED 0.03 0.17 5. -89. -271. 260. 3. 12.
17.900 1 ATTITUDE 0.1656 -1.373286 -0.022542
17.903 1 ENERGY 6.9 0. 0 0.
17.968 1 NAVIGATION 5 0 16621114. -5529002. 0. 3.06831289221e+14 0 0
17.981 1 PPRZ_MODE 1 3 3 2 0 21
18.089 1 DESIRED 0.03 0.17 5. -89. -271. 260. 3. 12.
18.183 1 PPRZ_MODE 1 3 3 2 0 21
18.186 1 IMU_ACCEL 0.368164 -9.761719 -0.74707
18.218 1 NAVIGATION 5 0 16621114. -5529002. 0. 3.06831289221e+14 0 0
18.295 1 DESIRED 0.03 0.17 5. -89. -271. 260. 3. 12.
18.298 1 IMU_GYRO -0.049805 0.009521 -0.00415
18.299 1 STATE_FILTER_STATUS 3 0
18.378 1 PPRZ_MODE 1 3 3 2 0 21
18.467 1 NAVIGATION 5 0 16621114. -5529002. 0. 3.06831289221e+14 0 0
18.497 1 DESIRED 0.03 0.17 5. -89. -271. 260. 3. 12.
18.500 1 BAT 341 69 0 0 1 24 24 0
18.503 1 IMU_MAG -0.136719 0.013184 0.42627
18.564 1 COMMANDS 341,-2880,1951,0,616,0
18.579 1 PPRZ_MODE 1 3 3 2 0 21
18.663 1 ACTUATORS 1347,1693,1436,1406,1373
18.691 1 DESIRED 0.03 0.17 5. -89. -271. 260. 3. 12.
18.693 1 CALIBRATION -105. 0
18.717 1 NAVIGATION 5 0 16621114. -5529002. 0. 3.06831289221e+14 0 0
18.789 1 PPRZ_MODE 1 3 3 2 0 21
18.794 1 GPS 0 1717368064 0 0 -17000 0 0 0 52000 14 3
18.797 1 SVINFO 3 20 16 1 0 -91 0
18.805 1 PPRZ_MODE 0 3 3 2 0 17
18.894 1 DOWNLINK_STATUS 0 19 10588 484 0 582. 27. 37.67
18.895 1 DESIRED 0.03 0.17 5. -89. -271. 260. 3. 12.
18.899 1 ATTITUDE 0.166128 -1.373328 -0.022202
18.901 1 ESTIMATOR -17. 0.
18.968 1 NAVIGATION 5 0 16621114. -5529002. 0. 3.06831289221e+14 0 0
18.982 1 PPRZ_MODE 0 3 3 2 0 17
18.985 1 GPS_SOL 649581824 100000 9999 0
19.089 1 DESIRED 0.03 0.17 5. -89. -271. 260. 3. 12.
19.183 1 PPRZ_MODE 0 3 3 2 0 17
19.186 1 IMU_ACCEL 0.325195 -9.78125 -0.655273
19.218 1 NAVIGATION 5 0 16621114. -5529002. 0. 3.06831289221e+14 0 0
19.295 1 DESIRED 0.03 0.17 5. -89. -271. 260. 3. 12.
19.297 1 IMU_GYRO -0.047852 0.010498 -0.009521
19.299 1 DL_VALUE 1 0.
19.378 1 PPRZ_MODE 0 3 3 2 0 17
19.470 1 NAVIGATION 5 0 16621114. -5529002. 0. 3.06831289221e+14 0 0
19.473 1 FBW_STATUS 0 52 0 69 0
19.490 1 DESIRED 0.03 0.17 5. -89. -271. 260. 3. 12.
19.583 1 PPRZ_MODE 0 3 3 2 0 17
19.586 1 BAT 341 69 0 0 1 25 25 0
19.688 1 DESIRED 0.03 0.17 5. -89. -271. 260. 3. 12.
19.717 1 NAVIGATION 5 0 16621114. -5529002. 0. 3.06831289221e+14 0 0
19.792 1 PPRZ_MODE 0 3 3 2 0 17
19.798 1 GPS 0 1717368064 0 0 -17000 0 0 0 53000 14 4
19.800 1 SVINFO 4 21 16 1 0 -91 0
19.804 1 IMU_MAG -0.14209 0.015137 0.424316
19.892 1 DESIRED 0.03 0.17 5. -89. -271. 260. 3. 12.
19.895 1 DOWNLINK_STATUS 0 20 11177 510 0 589. 26. 37.67
19.896 1 ATTITUDE 0.166184 -1.374026 -0.022402
19.967 1 NAVIGATION 5 0 16621114. -5529002. 0. 3.06831289221e+14 0 0
19.981 1 PPRZ_MODE 0 3 3 2 0 17
20.089 1 DESIRED 0.03 0.17 5. -89. -271. 260. 3. 12.
20.183 1 PPRZ_MODE 0 3 3 2 0 17
20.186 1 IMU_ACCEL 0.402344 -9.771484 -0.742188
20.218 1 NAVIGATION 5 0 16621114. -5529002. 0. 3.06831289221e+14 0 0
20.292 1 DESIRED 0.03 0.17 5. -89. -271. 260. 3. 12.
20.295 1 IMU_GYRO -0.045654 0.010498 -0.009521
20.382 1 PPRZ_MODE 0 3 3 2 0 17
20.386 1 ENERGY 6.9 0. 0 0.
20.426 1 PONG 
20.467 1 NAVIGATION 5 0 16621114. -5529002. 0. 3.06831289221e+14 0 0
20.495 1 DESIRED 0.03 0.17 5. -89. -271. 260. 3. 12.
20.497 1 STATE_FILTER_STATUS 3 0
20.501 1 ALIVE 90,166,14,152,178,1,34,42,192,255,253,184,175,152,131,179
20.578 1 PPRZ_MODE 0 3 3 2 0 17
20.693 1 DESIRED 0.03 0.17 5. -89. -271. 260. 3. 12.
20.696 1 BAT 26 69 0 0 1 26 26 0
20.717 1 NAVIGATION 5 0 16621114. -5529002. 0. 3.06831289221e+14 0 0
20.793 1 PPRZ_MODE 0 3 3 2 0 17
20.799 1 GPS 0 1717368064 0 0 -17000 0 0 0 54000 14 5
20.801 1 SVINFO 5 22 16 1 0 -91 0
20.803 1 DL_VALUE 2 260.
20.805 1 CALIBRATION -105. 0
20.895 1 DESIRED 0.03 0.17 5. -89. -271. 260. 3. 12.
20.895 1 DOWNLINK_STATUS 0 21 11733 536 0 556. 26. 37.74
20.898 1 ATTITUDE 0.16662 -1.373995 -0.022518
20.901 1 ESTIMATOR -17. 0.
20.967 1 NAVIGATION 5 0 16621114. -5529002. 0. 3.06831289221e+14 0 0
20.982 1 PPRZ_MODE 0 3 3 2 0 17
20.985 1 GPS_SOL 649586688 100000 9999 0
21.093 1 DESIRED 0.03 0.17 5. -89. -271. 260. 3. 12.
21.096 1 IMU_MAG -0.135254 0.008301 0.402344
21.182 1 PPRZ_MODE 0 3 3 2 0 17
21.186 1 IMU_ACCEL 0.358398 -9.785156 -0.727539
21.218 1 NAVIGATION 5 0 16621114. -5529002. 0. 3.06831289221e+14 0 0
21.293 1 DESIRED 0.03 0.17 5. -89. -271. 260. 3. 12.
21.296 1 IMU_GYRO -0.047852 0.011475 -0.009521
21.380 1 PPRZ_MODE 0 3 3 2 0 17
21.382 1 DOWNLINK 0 544 965
21.468 1 FBW_STATUS 0 88 0 69 0
21.472 1 NAVIGATION 5 0 16621114. -5529002. 0. 3.06831289221e+14 0 0
21.490 1 DESIRED 0.03 0.17 5. -89. -271. 260. 3. 12.
21.578 1 PPRZ_MODE 0 3 3 2 0 17
21.688 1 DESIRED 0.03 0.17 5. -89. -271. 260. 3. 12.
21.717 1 NAVIGATION 5 0 16621114. -5529002. 0. 3.06831289221e+14 0 0
21.796 1 PPRZ_MODE 0 3 3 2 0 17
21.802 1 GPS 0 1717368064 0 0 -17000 0 0 0 55000 14 6
21.804 1 SVINFO 6 23 16 1 0 -91 0
21.808 1 BAT 1174 69 0 0 1 27 27 0
21.810 1 NAVIGATION_REF 552566 5529002 14
21.892 1 DESIRED 0.03 0.17 5. -89. -271. 260. 3. 12.
21.895 1 ATTITUDE 0.166676 -1.374072 -0.022804
21.896 1 DOWNLINK_STATUS 0 22 12317 563 0 584. 27. 37.74
21.967 1 NAVIGATION 5 0 16621114. -5529002. 0. 3.06831289221e+14 0 0
21.981 1 PPRZ_MODE 0 3 3 2 0 17
22.089 1 DESIRED 0.03 0.17 5. -89. -271. 260. 3. 12.
22.182 1 PPRZ_MODE 0 3 3 2 0 17
22.186 1 IMU_ACCEL 0.458984 -9.814453 -0.737305
22.218 1 NAVIGATION 5 0 16621114. -5529002. 0. 3.06831289221e+14 0 0
22.295 1 DESIRED 0.03 0.17 5. -89. -271. 260. 3. 12.
22.297 1 IMU_GYRO -0.044678 0.008301 -0.006348
22.299 1 DL_VALUE 3 0.
22.382 1 PPRZ_MODE 0 3 3 2 0 17
22.385 1 IMU_MAG -0.135254 0.009766 0.428223
22.467 1 NAVIGATION 5 0 16621114. -5529002. 0. 3.06831289221e+14 0 0
22.488 1 DESIRED 0.03 0.17 5. -89. -271. 260. 3. 12.
22.578 1 PPRZ_MODE 0 3 3 2 0 17
22.690 1 DESIRED 0.03 0.17 5. -89. -271. 260. 3. 12.
22.691 1 STATE_FILTER_STATUS 3 0
22.717 1 NAVIGATION 5 0 16621114. -5529002. 0. 3.06831289221e+14 0 0
22.788 1 PPRZ_MODE 0 3 3 2 0 17
22.794 1 GPS 0 1717368064 0 0 -17000 0 0 0 56000 14 7
22.796 1 SVINFO 7 24 16 1 0 -91 0
22.897 1 DOWNLINK_STATUS 0 23 12754 583 0 437. 20. 37.74
22.906 1 DESIRED 0.03 0.17 5. -89. -271. 260. 3. 12.
22.910 1 ATTITUDE 0.166957 -1.374973 -0.022942
22.913 1 BAT 1174 69 0 0 1 28 28 0
22.916 1 ESTIMATOR -17. 0.
22.918 1 CALIBRATION -105. 0
22.921 1 ENERGY 6.9 0. 0 0.
22.967 1 NAVIGATION 5 0 16621114. -5529002. 0. 3.06831289221e+14 0 0
22.982 1 PPRZ_MODE 0 3 3 2 0 17
22.985 1 GPS_SOL 649591808 100000 9999 0
23.089 1 DESIRED 0.03 0.17 5. -89. -271. 260. 3. 12.
23.182 1 PPRZ_MODE 0 3 3 2 0 17
23.186 1 IMU_ACCEL 0.353516 -9.814453 -0.689453
23.218 1 NAVIGATION 5 0 16621114. -5529002. 0. 3.06831289221e+14 0 0
23.292 1 DESIRED 0.03 0.17 5. -89. -271. 260. 3. 12.
23.295 1 IMU_GYRO -0.044678 0.010498 -0.008301
23.378 1 PPRZ_MODE 0 3 3 2 0 17
23.468 1 FBW_STATUS 0 52 0 69 0
23.472 1 NAVIGATION 5 0 16621114. -5529002. 0. 3.06831289221e+14 0 0
23.489 1 DESIRED 0.03 0.17 5. -89. -271. 260. 3. 12.
23.564 1 COMMANDS 1174,9758,2226,9758,560,0
23.579 1 PPRZ_MODE 0 3 3 2 0 17
23.663 1 ACTUATORS 1349,1714,1443,1411,1429
23.692 1 DESIRED 0.03 0.17 5. -89. -271. 260. 3. 12.
23.695 1 IMU_MAG -0.140137 0.013184 0.441895
23.717 1 NAVIGATION 5 0 16621114. -5529002. 0. 3.06831289221e+14 0 0
23.791 1 PPRZ_MODE 0 3 3 2 0 17
23.796 1 GPS 0 1717368064 0 0 -17000 0 0 0 57000 14 8
23.799 1 SVINFO 8 25 16 1 0 -91 0
23.801 1 DL_VALUE 4 0.
23.892 1 DESIRED 0.03 0.17 5. -89. -271. 260. 3. 12.
23.895 1 ATTITUDE 0.16682 -1.377027 -0.022971
23.898 1 DOWNLINK_STATUS 0 24 13428 614 0 674. 31. 37.74
23.967 1 NAVIGATION 5 0 16621114. -5529002. 0. 3.06831289221e+14 0 0
23.983 1 PPRZ_MODE 0 3 3 2 0 17
23.986 1 BAT 1174 69 0 0 1 29 29 0
24.089 1 DESIRED 0.03 0.17 5. -89. -271. 260. 3. 12.
24.181 1 PPRZ_MODE 0 3 3 2 0 17
24.185 1 IMU_ACCEL 0.387695 -9.804688 -0.74707
24.218 1 NAVIGATION 5 0 16621114. -5529002. 0. 3.06831289221e+14 0 0
24.293 1 DESIRED 0.03 0.17 5. -89. -271. 260. 3. 12.
24.295 1 IMU_GYRO -0.048828 0.010498 -0.008301
24.378 1 PPRZ_MODE 0 3 3 2 0 17
24.467 1 NAVIGATION 5 0 16621114. -5529002. 0. 3.06831289221e+14 0 0
24.488 1 DESIRED 0.03 0.17 5. -89. -271. 260. 3. 12.
24.578 1 PPRZ_MODE 0 3 3 2 0 17
24.688 1 DESIRED 0.03 0.17 5. -89. -271. 260. 3. 12.
24.717 1 NAVIGATION 5 0 16621114. -5529002. 0. 3.06831289221e+14 0 0
24.788 1 PPRZ_MODE 0 3 3 2 0 17
24.794 1 GPS 0 1717368064 0 0 -17000 0 0 0 58000 14 9
24.796 1 SVINFO 9 26 16 1 0 -91 0
24.897 1 DESIRED 0.03 0.17 5. -89. -271. 260. 3. 12.
24.899 1 DOWNLINK_STATUS 0 25 13886 633 0 458. 19. 37.74
24.900 1 ATTITUDE 0.167019 -1.377236 -0.023106
24.902 1 ESTIMATOR -17. 0.
24.904 1 STATE_FILTER_STATUS 3 0
24.967 1 NAVIGATION 5 0 16621114. -5529002. 0. 3.06831289221e+14 0 0
24.988 1 PPRZ_MODE 0 3 3 2 0 17
24.991 1 IMU_MAG -0.138672 0.011719 0.432129
24.994 1 GPS_SOL 649597056 100000 9999 0
24.996 1 CALIBRATION -105. 0
25.093 1 DESIRED 0.03 0.17 5. -89. -271. 260. 3. 12.
25.097 1 BAT 1174 69 0 0 1 30 30 0
25.182 1 PPRZ_MODE 0 3 3 2 0 17
25.185 1 IMU_ACCEL 0.420898 -9.771484 -0.722656
25.217 1 NAVIGATION 5 0 16621114. -5529002. 0. 3.06831289221e+14 0 0
25.295 1 DESIRED 0.03 0.17 5. -89. -271. 260. 3. 12.
25.297 1 IMU_GYRO -0.048828 0.010498 -0.010498
25.299 1 DL_VALUE 5 0.
25.382 1 PPRZ_MODE 0 3 3 2 0 17
25.385 1 ENERGY 6.9 0. 0 0.
25.427 1 PONG 
25.468 1 FBW_STATUS 0 50 0 69 0
25.472 1 NAVIGATION 5 0 16621114. -5529002. 0. 3.06831289221e+14 0 0
25.493 1 DESIRED 0.03 0.17 5. -89. -271. 260. 3. 12.
25.497 1 ALIVE 90,166,14,152,178,1,34,42,192,255,253,184,175,152,131,179
25.578 1 PPRZ_MODE 0 3 3 2 0 17
25.688 1 DESIRED 0.03 0.17 5. -89. -271. 260. 3. 12.
25.717 1 NAVIGATION 5 0 16621114. -5529002. 0. 3.06831289221e+14 0 0
25.788 1 PPRZ_MODE 0 3 3 2 0 17
25.794 1 GPS 0 1717368064 0 0 -17000 0 0 0 59000 14 10
25.796 1 SVINFO 10 27 16 1 0 -91 0
25.898 1 DESIRED 0.03 0.17 5. -89. -271. 260. 3. 12.
25.900 1 DOWNLINK_STATUS 0 26 14506 663 0 620. 30. 37.74
25.901 1 ATTITUDE 0.167016 -1.377575 -0.023378
25.905 1 NAVIGATION 5 0 16621114. -5529002. 0. 3.06831289221e+14 0 0
25.967 1 NAVIGATION 5 0 16621114. -5529002. 0. 3.06831289221e+14 0 0
25.983 1 PPRZ_MODE 0 3 3 2 0 17
25.986 1 WP_MOVED 3 552665.875 5529094.5 260. 14
25.989 1 WIND_INFO 1 42 0. 0. 0.
26.088 1 DESIRED 0.03 0.17 5. -89. -271. 260. 3. 12.
26.190 1 PPRZ_MODE 0 3 3 2 0 17
26.193 1 IMU_ACCEL 0.44043 -9.776367 -0.837891
26.196 1 BAT 1174 69 0 0 1 31 31 0
26.200 1 CIRCLE -141.399994 -175.5 80.
26.218 1 NAVIGATION 5 0 16621114. -5529002. 0. 3.06831289221e+14 0 0
26.296 1 DESIRED 0.03 0.17 5. -89. -271. 260. 3. 12.
26.298 1 IMU_GYRO -0.045654 0.009521 -0.008301
26.302 1 IMU_MAG -0.135254 0.013184 0.418457
26.378 1 PPRZ_MODE 0 3 3 2 0 17
26.467 1 NAVIGATION 5 0 16621114. -5529002. 0. 3.06831289221e+14 0 0
26.490 1 DESIRED 0.03 0.17 5. -89. -271. 260. 3. 12.
26.492 1 DOWNLINK 0 566 1096
26.578 1 PPRZ_MODE 0 3 3 2 0 17
26.688 1 DESIRED 0.03 0.17 5. -89. -271. 260. 3. 12.
26.717 1 NAVIGATION 5 0 16621114. -5529002. 0. 3.06831289221e+14 0 0
26.790 1 PPRZ_MODE 0 3 3 2 0 17
26.796 1 GPS 0 1717368064 0 0 -17000 0 0 0 60000 14 11
26.798 1 SVINFO 11 28 16 1 0 -91 0
26.800 1 DL_VALUE 6 80.
26.895 1 DESIRED 0.03 0.17 5. -89. -271. 260. 3. 12.
26.898 1 ATTITUDE 0.167048 -1.378454 -0.023535
26.900 1 DOWNLINK_STATUS 0 27 15104 690 0 598. 27. 37.74
26.901 1 ESTIMATOR -17. 0.
26.967 1 NAVIGATION 5 0 16621114. -5529002. 0. 3.06831289221e+14 0 0
26.981 1 PPRZ_MODE 0 3 3 2 0 17
26.985 1 GPS_SOL 649602560 100000 9999 0
27.093 1 DESIRED 0.03 0.17 5. -89. -271. 260. 3. 12.
27.095 1 CALIBRATION -105. 0
27.095 1 STATE_FILTER_STATUS 3 0
27.181 1 PPRZ_MODE 0 3 3 2 0 17
27.184 1 IMU_ACCEL 0.37793 -9.766602 -0.689453
27.216 1 NAVIGATION 5 0 16621114. -5529002. 0. 3.06831289221e+14 0 0
27.297 1 DESIRED 0.03 0.17 5. -89. -271. 260. 3. 12.
27.299 1 IMU_GYRO -0.051025 0.012695 -0.008301
27.303 1 BAT 1174 69 0 0 1 32 32 0
27.378 1 PPRZ_MODE 0 3 3 2 0 17
27.468 1 FBW_STATUS 0 68 0 69 0
27.472 1 NAVIGATION 5 0 16621114. -5529002. 0. 3.06831289221e+14 0 0
27.489 1 DESIRED 0.03 0.17 5. -89. -271. 260. 3. 12.
27.582 1 PPRZ_MODE 0 3 3 2 0 17
27.585 1 IMU_MAG -0.098633 0.028809 0.436035
27.688 1 DESIRED 0.03 0.17 5. -89. -271. 260. 3. 12.
27.717 1 NAVIGATION 5 0 16621114. -5529002. 0. 3.06831289221e+14 0 0
27.788 1 PPRZ_MODE 0 3 3 2 0 17
27.794 1 GPS 0 1717368064 0 0 -17000 0 0 0 61000 14 12
27.796 1 SVINFO 12 29 16 1 0 -91 0
27.896 1 DESIRED 0.03 0.17 5. -89. -271. 260. 3. 12.
27.899 1 ATTITUDE 0.167052 -1.378982 -0.023797
27.900 1 DOWNLINK_STATUS 0 28 15664 716 0 560. 26. 37.74
27.903 1 ENERGY 6.9 0. 0 0.
27.967 1 NAVIGATION 5 0 16621114. -5529002. 0. 3.06831289221e+14 0 0
27.981 1 PPRZ_MODE 0 3 3 2 0 17
28.088 1 DESIRED 0.03 0.17 5. -89. -271. 260. 3. 12.
28.181 1 PPRZ_MODE 0 3 3 2 0 17
28.184 1 IMU_ACCEL 0.349609 -9.804688 -0.818359
28.216 1 NAVIGATION 5 0 16621114. -5529002. 0. 3.06831289221e+14 0 0
28.294 1 DESIRED 0.03 0.17 5. -89. -271. 260. 3. 12.
28.297 1 IMU_GYRO -0.04248 0.009521 -0.011475
28.299 1 DL_VALUE 7 0.
28.382 1 PPRZ_MODE 0 3 3 2 0 17
28.386 1 BAT 1174 69 0 0 1 33 33 0
28.467 1 NAVIGATION 5 0 16621114. -5529002. 0. 3.06831289221e+14 0 0
28.488 1 DESIRED 0.03 0.17 5. -89. -271. 260. 3. 12.
28.564 1 COMMANDS 1174,602,2366,602,560,0
28.579 1 PPRZ_MODE 0 3 3 2 0 17
28.663 1 ACTUATORS 1349,1709,1553,1511,1429
28.688 1 DESIRED 0.03 0.17 5. -89. -271. 260. 3. 12.
28.717 1 NAVIGATION 5 0 16621114. -5529002. 0. 3.06831289221e+14 0 0
28.788 1 PPRZ_MODE 0 3 3 2 0 17
28.794 1 GPS 0 1717368064 0 0 -17000 0 0 0 62000 14 13
28.796 1 SVINFO 13 30 16 1 0 -91 0
28.899 1 DESIRED 0.03 0.17 5. -89. -271. 260. 3. 12.
28.901 1 DOWNLINK_STATUS 0 29 16189 739 0 525. 23. 37.74
28.902 1 ATTITUDE 0.167278 -1.379374 -0.023889
28.905 1 IMU_MAG -0.140137 0.009766 0.414062
28.908 1 ESTIMATOR -17. 0.
28.967 1 NAVIGATION 5 0 16621114. -5529002. 0. 3.06831289221e+14 0 0
28.981 1 PPRZ_MODE 0 3 3 2 0 17
28.984 1 GPS_SOL 649608128 100000 9999 0
29.088 1 DESIRED 0.03 0.17 5. -89. -271. 260. 3. 12.
29.184 1 PPRZ_MODE 0 3 3 2 0 17
29.187 1 IMU_ACCEL 0.387695 -9.776367 -0.717773
29.189 1 CALIBRATION -105. 0
29.217 1 NAVIGATION 5 0 16621114. -5529002. 0. 3.06831289221e+14 0 0
29.293 1 DESIRED 0.03 0.17 5. -89. -271. 260. 3. 12.
29.296 1 IMU_GYRO -0.046631 0.010498 -0.009521
29.298 1 STATE_FILTER_STATUS 3 0
29.378 1 PPRZ_MODE 0 3 3 2 0 17
29.468 1 FBW_STATUS 0 91 0 69 0
29.472 1 NAVIGATION 5 0 16621114. -5529002. 0. 3.06831289221e+14 0 0
29.492 1 DESIRED 0.03 0.17 5. -89. -271. 260. 3. 12.
29.496 1 BAT 1174 69 0 0 1 35 35 0
29.578 1 PPRZ_MODE 0 3 3 2 0 17
29.688 1 DESIRED 0.03 0.17 5. -89. -271. 260. 3. 12.
29.717 1 NAVIGATION 5 0 16621114. -5529002. 0. 3.06831289221e+14 0 0
29.790 1 PPRZ_MODE 0 3 3 2 0 17
29.796 1 GPS 0 1717368064 0 0 -17000 0 0 0 63000 14 14
29.798 1 SVINFO 14 30 16 1 0 -91 0
29.800 1 DL_VALUE 8 0.
29.892 1 DESIRED 0.03 0.17 5. -89. -271. 260. 3. 12.
29.895 1 ATTITUDE 0.167287 -1.378962 -0.023861
29.901 1 DOWNLINK_STATUS 0 30 16778 767 0 589. 28. 37.74
29.967 1 NAVIGATION 5 0 16621114. -5529002. 0. 3.06831289221e+14 0 0
29.981 1 PPRZ_MODE 0 3 3 2 0 17
30.088 1 DESIRED 0.03 0.17 5. -89. -271. 260. 3. 12.
30.185 1 PPRZ_MODE 0 3 3 2 0 17
30.188 1 IMU_ACCEL 0.368164 -9.74707 -0.74707
30.191 1 IMU_MAG -0.136719 0.013184 0.424316
30.216 1 NAVIGATION 5 0 16621114. -5529002. 0. 3.06831289221e+14 0 0
30.293 1 DESIRED 0.03 0.17 5. -89. -271. 260. 3. 12.
30.295 1 IMU_GYRO -0.047852 0.011475 -0.009521
30.382 1 PPRZ_MODE 0 3 3 2 0 17
30.385 1 ENERGY 6.9 0. 0 0.
30.428 1 PONG 
30.467 1 NAVIGATION 5 0 16621114. -5529002. 0. 3.06831289221e+14 0 0
30.493 1 DESIRED 0.03 0.17 5. -89. -271. 260. 3. 12.
30.497 1 ALIVE 90,166,14,152,178,1,34,42,192,255,253,184,175,152,131,179
30.582 1 PPRZ_MODE 0 3 3 2 0 17
30.586 1 BAT 1174 69 0 0 1 36 36 0
30.688 1 DESIRED 0.03 0.17 5. -89. -271. 260. 3. 12.
30.717 1 NAVIGATION 5 0 16621114. -5529002. 0. 3.06831289221e+14 0 0
30.791 1 PPRZ_MODE 0 3 3 2 0 17
30.797 1 GPS 0 1717368064 0 0 -17000 0 0 0 64000 14 15
30.799 1 SVINFO 15 32 16 1 0 -91 0
30.802 1 NAVIGATION_REF 552566 5529002 14
30.895 1 DESIRED 0.03 0.17 5. -89. -271. 260. 3. 12.
30.898 1 ATTITUDE 0.167585 -1.378634 -0.02392
30.901 1 ESTIMATOR -17. 0.
30.902 1 DOWNLINK_STATUS 0 31 17350 793 0 572. 26. 37.74
30.967 1 NAVIGATION 5 0 16621114. -5529002. 0. 3.06831289221e+14 0 0
30.981 1 PPRZ_MODE 0 3 3 2 0 17
30.984 1 GPS_SOL 649614016 100000 9999 0
31.088 1 DESIRED 0.03 0.17 5. -89. -271. 260. 3. 12.
31.181 1 PPRZ_MODE 0 3 3 2 0 17
31.184 1 IMU_ACCEL 0.483398 -9.857422 -0.790039
31.216 1 NAVIGATION 5 0 16621114. -5529002. 0. 3.06831289221e+14 0 0
31.296 1 DESIRED 0.03 0.17 5. -89. -271. 260. 3. 12.
31.299 1 IMU_GYRO -0.048828 0.010498 -0.007324
31.301 1 DL_VALUE 9 1.
31.303 1 CALIBRATION -105. 0
31.348 1 BLOCK 3 1
31.385 1 PPRZ_MODE 0 3 3 2 0 17
31.405 1 NAVIGATION 3 0 16621114. -5529002. 0. 3.06831289221e+14 0 0
31.467 1 FBW_STATUS 0 91 0 69 0
31.472 1 NAVIGATION 3 1 16621114. -5529002. 0. 3.06831289221e+14 0 0
31.493 1 DESIRED 0.03 0.17 5. -89. -271. 260. 3. 12.
31.497 1 IMU_MAG -0.138672 0.013184 0.42041
31.498 1 STATE_FILTER_STATUS 3 0
31.580 1 PPRZ_MODE 0 3 3 2 0 17
31.582 1 DOWNLINK 0 557 1228
31.692 1 DESIRED 0.03 0.17 5. -89. -271. 260. 3. 12.
31.696 1 BAT 1174 69 0 0 1 1 0 0
31.717 1 NAVIGATION 3 1 16621114. -5529002. 0. 3.06831289221e+14 0 0
31.787 1 PPRZ_MODE 0 1 2 2 0 17
31.794 1 GPS 0 1717368064 0 0 -17000 0 0 0 65000 14 16
31.796 1 SVINFO 0 2 16 1 0 -91 0
31.892 1 DESIRED 34.91 0.17 5. -89. -271. 260. 3. 12.
31.895 1 ATTITUDE 0.167996 -1.378237 -0.023789
31.903 1 DOWNLINK_STATUS 0 32 17944 821 0 594. 28. 37.74
31.967 1 NAVIGATION 3 1 16621114. -5529002. 0. 3.06831289221e+14 0 0
31.980 1 PPRZ_MODE 0 1 2 2 0 17
32.088 1 DESIRED 34.91 0.17 5. -89. -271. 260. 3. 12.
32.181 1 PPRZ_MODE 0 1 2 2 0 17
32.184 1 IMU_ACCEL 0.382812 -9.751953 -0.732422
32.216 1 NAVIGATION 3 1 16621114. -5529002. 0. 3.06831289221e+14 0 0
32.291 1 DESIRED 34.91 0.17 5. -89. -271. 260. 3. 12.
32.294 1 IMU_GYRO -0.047852 0.010498 -0.010498
32.377 1 PPRZ_MODE 0 1 2 2 0 17
32.466 1 NAVIGATION 3 1 16621114. -5529002. 0. 3.06831289221e+14 0 0
32.488 1 DESIRED 34.91 0.17 5. -89. -271. 260. 3. 12.
32.578 1 PPRZ_MODE 0 1 2 2 0 17
32.688 1 DESIRED 34.91 0.17 5. -89. -271. 260. 3. 12.
32.716 1 NAVIGATION 3 1 16621114. -5529002. 0. 3.06831289221e+14 0 0
32.799 1 PPRZ_MODE 0 1 2 2 0 17
32.804 1 GPS 0 1717368064 0 0 -17000 0 0 0 66000 14 1
32.806 1 SVINFO 1 3 16 1 0 -91 0
32.809 1 BAT 1174 69 0 0 1 2 1 0
32.814 1 IMU_MAG -0.138672 0.013184 0.42627
32.814 1 DL_VALUE 10 0.
32.899 1 DESIRED 34.91 0.17 5. -89. -271. 260. 3. 12.
32.902 1 ATTITUDE 0.16811 -1.377948 -0.023949
32.904 1 DOWNLINK_STATUS 0 33 18449 843 0 505. 22. 37.74
32.904 1 ESTIMATOR -17. 0.
32.908 1 ENERGY 6.9 0. 0 0.
32.967 1 NAVIGATION 3 1 16621114. -5529002. 0. 3.06831289221e+14 0 0
32.981 1 PPRZ_MODE 0 1 2 2 0 17
32.984 1 GPS_SOL 649619968 100000 9999 0
33.087 1 DESIRED 34.91 0.17 5. -89. -271. 260. 3. 12.
33.181 1 PPRZ_MODE 0 1 2 2 0 17
33.184 1 IMU_ACCEL 0.349609 -9.766602 -0.699219
33.216 1 NAVIGATION 3 1 16621114. -5529002. 0. 3.06831289221e+14 0 0
33.291 1 DESIRED 34.91 0.17 5. -89. -271. 260. 3. 12.
33.294 1 IMU_GYRO -0.048828 0.011475 -0.010498
33.380 1 PPRZ_MODE 0 1 2 2 0 17
33.382 1 CALIBRATION -105. 0
33.467 1 FBW_STATUS 0 91 0 69 0
33.472 1 NAVIGATION 3 1 16621114. -5529002. 0. 3.06831289221e+14 0 0
33.489 1 DESIRED 34.91 0.17 5. -89. -271. 260. 3. 12.
33.564 1 COMMANDS 1174,588,2366,588,574,0
33.579 1 PPRZ_MODE 0 1 2 2 0 17
33.663 1 ACTUATORS 1348,1709,1553,1511,1429
33.690 1 DESIRED 34.91 0.17 5. -89. -271. 260. 3. 12.
33.691 1 STATE_FILTER_STATUS 3 0
33.716 1 NAVIGATION 3 1 16621114. -5529002. 0. 3.06831289221e+14 0 0
33.788 1 PPRZ_MODE 0 1 2 2 0 17
33.794 1 GPS 0 1717368064 0 0 -17000 0 0 0 67000 14 2
33.796 1 SVINFO 2 4 16 1 0 -91 0
33.896 1 DESIRED 34.91 0.17 5. -89. -271. 260. 3. 12.
33.898 1 ATTITUDE 0.168188 -1.378182 -0.023995
33.902 1 BAT 1174 69 0 0 1 3 2 0
33.904 1 DOWNLINK_STATUS 0 34 19047 871 0 598. 28. 37.74
33.967 1 NAVIGATION 3 1 16621114. -5529002. 0. 3.06831289221e+14 0 0
33.980 1 PPRZ_MODE 0 1 2 2 0 17
34.091 1 DESIRED 34.91 0.17 5. -89. -271. 260. 3. 12.
34.094 1 IMU_MAG -0.135254 0.015137 0.428223
34.181 1 PPRZ_MODE 0 1 2 2 0 17
34.184 1 IMU_ACCEL 0.392578 -9.776367 -0.722656
34.216 1 NAVIGATION 3 1 16621114. -5529002. 0. 3.06831289221e+14 0 0
34.294 1 DESIRED 34.91 0.17 5. -89. -271. 260. 3. 12.
34.297 1 IMU_GYRO -0.046631 0.010498 -0.009521
34.299 1 DL_VALUE 0 0.
34.378 1 PPRZ_MODE 0 1 2 2 0 17
34.466 1 NAVIGATION 3 1 16621114. -5529002. 0. 3.06831289221e+14 0 0
34.488 1 DESIRED 34.91 0.17 5. -89. -271. 260. 3. 12.
34.578 1 PPRZ_MODE 0 1 2 2 0 17
34.688 1 DESIRED 34.91 0.17 5. -89. -271. 260. 3. 12.
34.716 1 NAVIGATION 3 1 16621114. -5529002. 0. 3.06831289221e+14 0 0
34.788 1 PPRZ_MODE 0 1 2 2 0 17
34.794 1 GPS 0 1717368064 0 0 -17000 0 0 0 68000 14 3
34.796 1 SVINFO 3 5 16 1 0 -91 0
34.894 1 DESIRED 34.91 0.17 5. -89. -271. 260. 3. 12.
34.897 1 ATTITUDE 0.167894 -1.378954 -0.02406
34.899 1 ESTIMATOR -17. 0.
34.905 1 DOWNLINK_STATUS 0 35 19545 893 0 498. 22. 37.74
34.966 1 NAVIGATION 3 1 16621114. -5529002. 0. 3.06831289221e+14 0 0
34.985 1 PPRZ_MODE 0 1 2 2 0 17
34.989 1 BAT 1174 69 0 0 1 4 3 0
34.992 1 GPS_SOL 649626176 100000 9999 0
35.087 1 DESIRED 34.91 0.17 5. -89. -271. 260. 3. 12.
35.181 1 PPRZ_MODE 0 1 2 2 0 17
35.184 1 IMU_ACCEL 0.425781 -9.756836 -0.790039
35.216 1 NAVIGATION 3 1 16621114. -5529002. 0. 3.06831289221e+14 0 0
35.291 1 DESIRED 34.91 0.17 5. -89. -271. 260. 3. 12.
35.294 1 IMU_GYRO -0.045654 0.009521 -0.009521
35.386 1 PPRZ_MODE 0 1 2 2 0 17
35.389 1 IMU_MAG -0.135254 0.013184 0.414062
35.392 1 ENERGY 6.9 0. 0 0.
35.429 1 PONG 
35.467 1 FBW_STATUS 0 69 0 69 0
35.472 1 NAVIGATION 3 1 16621114. -5529002. 0. 3.06831289221e+14 0 0
35.495 1 DESIRED 34.91 0.17 5. -89. -271. 260. 3. 12.
35.497 1 CALIBRATION -105. 0
35.501 1 ALIVE 90,166,14,152,178,1,34,42,192,255,253,184,175,152,131,179
35.578 1 PPRZ_MODE 0 1 2 2 0 17
35.688 1 DESIRED 34.91 0.17 5. -89. -271. 260. 3. 12.
35.716 1 NAVIGATION 3 1 16621114. -5529002. 0. 3.06831289221e+14 0 0
35.789 1 PPRZ_MODE 0 1 2 2 0 17
35.795 1 GPS 0 1717368064 0 0 -17000 0 0 0 69000 14 4
35.797 1 SVINFO 4 6 16 1 0 -91 0
35.799 1 DL_VALUE 1 0.
35.898 1 DESIRED 34.91 0.17 5. -89. -271. 260. 3. 12.
35.902 1 ATTITUDE 0.167624 -1.379528 -0.024097
35.903 1 STATE_FILTER_STATUS 3 0
35.905 1 DOWNLINK_STATUS 0 36 20151 922 0 606. 29. 37.91
35.908 1 NAVIGATION 3 1 16621114. -5529002. 0. 3.06831289221e+14 0 0
35.966 1 NAVIGATION 3 1 16621114. -5529002. 0. 3.06831289221e+14 0 0
35.980 1 PPRZ_MODE 0 1 2 2 0 17
35.989 1 WIND_INFO 1 42 0. 0. 0.
36.092 1 DESIRED 34.91 0.17 5. -89. -271. 260. 3. 12.
36.095 1 BAT 138 69 0 0 1 5 4 0
36.181 1 PPRZ_MODE 0 1 2 2 0 17
36.184 1 IMU_ACCEL 0.420898 -9.74707 -0.775391
36.216 1 NAVIGATION 3 1 16621114. -5529002. 0. 3.06831289221e+14 0 0
36.291 1 DESIRED 34.91 0.17 5. -89. -271. 260. 3. 12.
36.294 1 IMU_GYRO -0.046631 0.011475 -0.009521
36.377 1 PPRZ_MODE 0 1 2 2 0 17
36.466 1 NAVIGATION 3 1 16621114. -5529002. 0. 3.06831289221e+14 0 0
36.488 1 DESIRED 34.91 0.17 5. -89. -271. 260. 3. 12.
36.578 1 PPRZ_MODE 0 1 2 2 0 17
36.694 1 DESIRED 34.91 0.17 5. -89. -271. 260. 3. 12.
36.697 1 IMU_MAG -0.140137 0.015137 0.418457
36.698 1 DOWNLINK 0 548 1354
36.716 1 NAVIGATION 3 1 16621114. -5529002. 0. 3.06831289221e+14 0 0
36.787 1 PPRZ_MODE 0 1 2 2 0 17
36.793 1 GPS 0 1717368064 0 0 -17000 0 0 0 70000 14 5
36.795 1 SVINFO 5 7 16 1 0 -91 0
36.894 1 DESIRED 34.91 0.17 5. -89. -271. 260. 3. 12.
36.897 1 ATTITUDE 0.167506 -1.380738 -0.024265
36.899 1 ESTIMATOR -17. 0.
36.906 1 DOWNLINK_STATUS 0 37 20696 946 0 545. 24. 37.91
36.966 1 NAVIGATION 3 1 16621114. -5529002. 0. 3.06831289221e+14 0 0
36.981 1 PPRZ_MODE 0 1 2 2 0 17
36.984 1 GPS_SOL 649632576 100000 9999 0
37.087 1 DESIRED 34.91 0.17 5. -89. -271. 260. 3. 12.
37.186 1 PPRZ_MODE 0 1 2 2 0 17
37.189 1 IMU_ACCEL 0.37793 -9.776367 -0.717773
37.192 1 BAT 138 69 0 0 1 6 5 0
37.216 1 NAVIGATION 3 1 16621114. -5529002. 0. 3.06831289221e+14 0 0
37.294 1 DESIRED 34.91 0.17 5. -89. -271. 260. 3. 12.
37.297 1 IMU_GYRO -0.047852 0.010498 -0.009521
37.299 1 DL_VALUE 2 260.
37.377 1 PPRZ_MODE 0 1 2 2 0 17
37.469 1 NAVIGATION 3 1 16621114. -5529002. 0. 3.06831289221e+14 0 0
37.472 1 FBW_STATUS 0 48 0 69 0
37.489 1 DESIRED 34.91 0.17 5. -89. -271. 260. 3. 12.
37.580 1 PPRZ_MODE 0 1 2 2 0 17
37.582 1 CALIBRATION -105. 0
37.688 1 DESIRED 34.91 0.17 5. -89. -271. 260. 3. 12.
37.716 1 NAVIGATION 3 1 16621114. -5529002. 0. 3.06831289221e+14 0 0
37.788 1 PPRZ_MODE 0 1 2 2 0 17
37.793 1 GPS 0 1717368064 0 0 -17000 0 0 0 71000 14 6
37.795 1 SVINFO 6 8 16 1 0 -91 0
37.895 1 DESIRED 34.91 0.17 5. -89. -271. 260. 3. 12.
37.898 1 ATTITUDE 0.167694 -1.381549 -0.024511
37.902 1 ENERGY 6.9 0. 0 0.
37.907 1 DOWNLINK_STATUS 0 38 21246 971 0 550. 25. 37.91
37.965 1 NAVIGATION 3 1 16621114. -5529002. 0. 3.06831289221e+14 0 0
37.981 1 PPRZ_MODE 0 1 2 2 0 17
37.984 1 IMU_MAG -0.133301 0.013184 0.430176
38.089 1 DESIRED 34.91 0.17 5. -89. -271. 260. 3. 12.
38.091 1 STATE_FILTER_STATUS 3 0
38.181 1 PPRZ_MODE 0 1 2 2 0 17
38.184 1 IMU_ACCEL 0.358398 -9.766602 -0.737305
38.216 1 NAVIGATION 3 1 16621114. -5529002. 0. 3.06831289221e+14 0 0
38.296 1 DESIRED 34.91 0.17 5. -89. -271. 260. 3. 12.
38.299 1 IMU_GYRO -0.047852 0.010498 -0.009521
38.302 1 BAT 138 69 0 0 1 7 6 0
38.377 1 PPRZ_MODE 0 1 2 2 0 17
38.466 1 NAVIGATION 3 1 16621114. -5529002. 0. 3.06831289221e+14 0 0
38.487 1 DESIRED 34.91 0.17 5. -89. -271. 260. 3. 12.
38.563 1 COMMANDS 404,588,2366,588,-7224,0
38.578 1 PPRZ_MODE 0 1 2 2 0 17
38.663 1 ACTUATORS 1539,1709,1553,1511,1377
38.688 1 DESIRED 34.91 0.17 5. -89. -271. 260. 3. 12.
38.716 1 NAVIGATION 3 1 16621114. -5529002. 0. 3.06831289221e+14 0 0
38.790 1 PPRZ_MODE 0 1 2 2 0 17
38.796 1 GPS 0 1717368064 0 0 -17000 0 0 0 72000 14 7
38.797 1 SVINFO 7 9 16 1 0 -91 0
38.799 1 DL_VALUE 3 0.
38.895 1 DESIRED 34.91 0.17 5. -89. -271. 260. 3. 12.
38.897 1 ATTITUDE 0.167874 -1.381547 -0.02469
38.899 1 ESTIMATOR -17. 0.
38.908 1 DOWNLINK_STATUS 0 39 21810 997 0 564. 26. 37.91
38.965 1 NAVIGATION 3 1 16621114. -5529002. 0. 3.06831289221e+14 0 0
38.981 1 PPRZ_MODE 0 1 2 2 0 17
38.983 1 GPS_SOL 649639168 100000 9999 0
39.087 1 DESIRED 34.91 0.17 5. -89. -271. 260. 3. 12.
39.181 1 PPRZ_MODE 0 1 2 2 0 17
39.184 1 IMU_ACCEL 0.349609 -9.766602 -0.732422
39.216 1 NAVIGATION 3 1 16621114. -5529002. 0. 3.06831289221e+14 0 0
39.295 1 DESIRED 34.91 0.17 5. -89. -271. 260. 3. 12.
39.298 1 IMU_GYRO -0.047852 0.009521 -0.009521
39.301 1 IMU_MAG -0.138672 0.011719 0.408203
39.382 1 PPRZ_MODE 0 1 2 2 0 17
39.385 1 BAT 404 69 0 0 1 8 7 0
39.467 1 FBW_STATUS 0 91 0 69 0
39.472 1 NAVIGATION 3 1 16621114. -5529002. 0. 3.06831289221e+14 0 0
39.489 1 DESIRED 34.91 0.17 5. -89. -271. 260. 3. 12.
39.578 1 PPRZ_MODE 0 1 2 2 0 17
39.690 1 DESIRED 34.91 0.17 5. -89. -271. 260. 3. 12.
39.691 1 CALIBRATION -105. 0
39.716 1 NAVIGATION 3 1 16621114. -5529002. 0. 3.06831289221e+14 0 0
39.790 1 PPRZ_MODE 0 1 2 2 0 17
39.797 1 GPS 0 1717368064 0 0 -17000 0 0 0 73000 14 8
39.798 1 SVINFO 8 10 16 1 0 -91 0
39.801 1 NAVIGATION_REF 552566 5529002 14
39.892 1 DESIRED 34.91 0.17 5. -89. -271. 260. 3. 12.
39.894 1 ATTITUDE 0.167914 -1.381309 -0.02495
39.908 1 DOWNLINK_STATUS 0 40 22362 1022 0 552. 25. 37.91
39.965 1 NAVIGATION 3 1 16621114. -5529002. 0. 3.06831289221e+14 0 0
39.979 1 PPRZ_MODE 0 1 2 2 0 17
40.087 1 DESIRED 34.91 0.17 5. -89. -271. 260. 3. 12.
40.181 1 PPRZ_MODE 0 1 2 2 0 17
40.184 1 IMU_ACCEL 0.353516 -9.790039 -0.737305
40.216 1 NAVIGATION 3 1 16621114. -5529002. 0. 3.06831289221e+14 0 0
40.295 1 DESIRED 34.91 0.17 5. -89. -271. 260. 3. 12.
40.298 1 IMU_GYRO -0.047852 0.009521 -0.009521
40.300 1 DL_VALUE 4 0.
40.302 1 STATE_FILTER_STATUS 3 0
40.381 1 PPRZ_MODE 0 1 2 2 0 17
40.385 1 ENERGY 6.9 0. 0 0.
40.429 1 PONG 
40.466 1 NAVIGATION 3 1 16621114. -5529002. 0. 3.06831289221e+14 0 0
40.497 1 DESIRED 34.91 0.17 5. -89. -271. 260. 3. 12.
40.500 1 BAT 565 69 0 0 1 10 9 0
40.504 1 ALIVE 90,166,14,152,178,1,34,42,192,255,253,184,175,152,131,179
40.581 1 PPRZ_MODE 0 1 2 2 0 17
40.584 1 IMU_MAG -0.138672 0.013184 0.414062
40.687 1 DESIRED 34.91 0.17 5. -89. -271. 260. 3. 12.
40.716 1 NAVIGATION 3 1 16621114. -5529002. 0. 3.06831289221e+14 0 0
40.788 1 PPRZ_MODE 0 1 2 2 0 17
40.793 1 GPS 0 1717368064 0 0 -17000 0 0 0 74000 14 9
40.795 1 SVINFO 9 12 16 1 0 -91 0
40.895 1 DESIRED 34.91 0.17 5. -89. -271. 260. 3. 12.
40.897 1 ATTITUDE 0.167892 -1.381512 -0.024901
40.899 1 ESTIMATOR -17. 0.
40.909 1 DOWNLINK_STATUS 0 41 22939 1049 0 577. 27. 37.63
40.965 1 NAVIGATION 3 1 16621114. -5529002. 0. 3.06831289221e+14 0 0
40.980 1 PPRZ_MODE 0 1 2 2 0 17
40.983 1 GPS_SOL 649645952 100000 9999 0
41.087 1 DESIRED 34.91 0.17 5. -89. -271. 260. 3. 12.
41.181 1 PPRZ_MODE 0 1 2 2 0 17
41.184 1 IMU_ACCEL 0.382812 -9.771484 -0.765625
41.215 1 NAVIGATION 3 1 16621114. -5529002. 0. 3.06831289221e+14 0 0
41.291 1 DESIRED 34.91 0.17 5. -89. -271. 260. 3. 12.
41.294 1 IMU_GYRO -0.047852 0.010498 -0.009521
41.377 1 PPRZ_MODE 0 1 2 2 0 17
41.469 1 NAVIGATION 3 1 16621114. -5529002. 0. 3.06831289221e+14 0 0
41.472 1 FBW_STATUS 0 91 0 69 0
41.489 1 DESIRED 34.91 0.17 5. -89. -271. 260. 3. 12.
41.582 1 PPRZ_MODE 0 1 2 2 0 17
41.586 1 BAT 558 69 0 0 1 11 10 0
41.688 1 DESIRED 34.91 0.17 5. -89. -271. 260. 3. 12.
41.716 1 NAVIGATION 3 1 16621114. -5529002. 0. 3.06831289221e+14 0 0
41.795 1 PPRZ_MODE 0 1 2 2 0 17
41.800 1 GPS 0 1717368064 0 0 -17000 0 0 0 75000 14 10
41.802 1 SVINFO 10 20 16 1 0 -91 0
41.804 1 DL_VALUE 5 0.
41.806 1 CALIBRATION -105. 0
41.808 1 DOWNLINK 0 565 1487
41.894 1 DESIRED 34.91 0.17 5. -89. -271. 260. 3. 12.
41.898 1 ATTITUDE 0.16791 -1.382413 -0.025041
41.901 1 IMU_MAG -0.12793 0.016602 0.430176
41.910 1 DOWNLINK_STATUS 0 42 23498 1075 0 559. 26. 37.63
41.965 1 NAVIGATION 3 1 16621114. -5529002. 0. 3.06831289221e+14 0 0
41.979 1 PPRZ_MODE 0 1 2 2 0 17
42.087 1 DESIRED 34.91 0.17 5. -89. -271. 260. 3. 12.
42.181 1 PPRZ_MODE 0 1 2 2 0 17
42.184 1 IMU_ACCEL 0.31543 -9.766602 -0.669922
42.215 1 NAVIGATION 3 1 16621114. -5529002. 0. 3.06831289221e+14 0 0
42.291 1 DESIRED 34.91 0.17 5. -89. -271. 260. 3. 12.
42.294 1 IMU_GYRO -0.051025 0.013672 -0.008301
42.377 1 PPRZ_MODE 0 1 2 2 0 17
42.466 1 NAVIGATION 3 1 16621114. -5529002. 0. 3.06831289221e+14 0 0
42.489 1 DESIRED 34.91 0.17 5. -89. -271. 260. 3. 12.
42.491 1 STATE_FILTER_STATUS 3 0
42.577 1 PPRZ_MODE 0 1 2 2 0 17
42.692 1 DESIRED 34.91 0.17 5. -89. -271. 260. 3. 12.
42.695 1 BAT 1082 69 0 0 1 12 11 0
42.716 1 NAVIGATION 3 1 16621114. -5529002. 0. 3.06831289221e+14 0 0
42.786 1 PPRZ_MODE 0 1 2 2 0 17
42.793 1 GPS 0 1717368064 0 0 -17000 0 0 0 76000 14 11
42.795 1 SVINFO 11 20 16 1 0 -91 0
42.899 1 DESIRED 34.91 0.17 5. -89. -271. 260. 3. 12.
42.901 1 ATTITUDE 0.167721 -1.384054 -0.025059
42.903 1 ESTIMATOR -17. 0.
42.907 1 ENERGY 6.9 0. 0 0.
42.910 1 DOWNLINK_STATUS 0 43 24017 1098 0 519. 23. 37.63
42.965 1 NAVIGATION 3 1 16621114. -5529002. 0. 3.06831289221e+14 0 0
42.980 1 PPRZ_MODE 0 1 2 2 0 17
42.983 1 GPS_SOL 649652928 100000 9999 0
43.087 1 DESIRED 34.91 0.17 5. -89. -271. 260. 3. 12.
43.184 1 PPRZ_MODE 0 1 2 2 0 17
43.188 1 IMU_ACCEL 0.320312 -9.766602 -0.694336
43.191 1 IMU_MAG -0.138672 0.011719 0.414062
43.215 1 NAVIGATION 3 1 16621114. -5529002. 0. 3.06831289221e+14 0 0
43.293 1 DESIRED 34.91 0.17 5. -89. -271. 260. 3. 12.
43.296 1 IMU_GYRO -0.047852 0.012695 -0.009521
43.298 1 DL_VALUE 6 80.
43.377 1 PPRZ_MODE 0 1 2 2 0 17
43.467 1 FBW_STATUS 0 91 0 69 0
43.471 1 NAVIGATION 3 1 16621114. -5529002. 0. 3.06831289221e+14 0 0
43.488 1 DESIRED 34.91 0.17 5. -89. -271. 260. 3. 12.
43.563 1 COMMANDS 1853,588,2366,588,490,0
43.578 1 PPRZ_MODE 0 1 2 2 0 17
43.663 1 ACTUATORS 1402,1709,1553,1511,1475
43.687 1 DESIRED 34.91 0.17 5. -89. -271. 260. 3. 12.
43.716 1 NAVIGATION 3 1 16621114. -5529002. 0. 3.06831289221e+14 0 0
43.791 1 PPRZ_MODE 0 1 2 2 0 17
43.798 1 GPS 0 1717368064 0 0 -17000 0 0 0 77000 14 12
43.799 1 SVINFO 12 23 16 1 0 -91 0
43.803 1 BAT 1853 69 0 0 1 13 12 0
43.894 1 DESIRED 34.91 0.17 5. -89. -271. 260. 3. 12.
43.896 1 ATTITUDE 0.167596 -1.385003 -0.025021
43.898 1 CALIBRATION -105. 0
43.911 1 DOWNLINK_STATUS 0 44 24601 1125 0 584. 27. 37.63
43.965 1 NAVIGATION 3 1 16621114. -5529002. 0. 3.06831289221e+14 0 0
43.979 1 PPRZ_MODE 0 1 2 2 0 17
44.087 1 DESIRED 34.91 0.17 5. -89. -271. 260. 3. 12.
44.181 1 PPRZ_MODE 0 1 2 2 0 17
44.184 1 IMU_ACCEL 0.397461 -9.785156 -0.765625
44.215 1 NAVIGATION 3 1 16621114. -5529002. 0. 3.06831289221e+14 0 0
44.291 1 DESIRED 34.91 0.17 5. -89. -271. 260. 3. 12.
44.294 1 IMU_GYRO -0.046631 0.010498 -0.009521
44.377 1 PPRZ_MODE 0 1 2 2 0 17
44.466 1 NAVIGATION 3 1 16621114. -5529002. 0. 3.06831289221e+14 0 0
44.491 1 DESIRED 34.91 0.17 5. -89. -271. 260. 3. 12.
44.494 1 IMU_MAG -0.136719 0.011719 0.428223
44.577 1 PPRZ_MODE 0 1 2 2 0 17
44.689 1 DESIRED 34.91 0.17 5. -89. -271. 260. 3. 12.
44.690 1 STATE_FILTER_STATUS 3 0
44.716 1 NAVIGATION 3 1 16621114. -5529002. 0. 3.06831289221e+14 0 0
44.790 1 PPRZ_MODE 0 1 2 2 0 17
44.795 1 GPS 0 1717368064 0 0 -17000 0 0 0 78000 14 13
44.797 1 SVINFO 13 26 16 1 0 -91 0
44.799 1 DL_VALUE 7 0.
44.899 1 DESIRED 34.91 0.17 5. -89. -271. 260. 3. 12.
44.901 1 ATTITUDE 0.167691 -1.386317 -0.025011
44.905 1 BAT 1846 69 0 0 1 14 13 0
44.907 1 ESTIMATOR -17. 0.
44.912 1 DOWNLINK_STATUS 0 45 25129 1149 0 528. 24. 37.63
44.965 1 NAVIGATION 3 1 16621114. -5529002. 0. 3.06831289221e+14 0 0
44.980 1 PPRZ_MODE 0 1 2 2 0 17
44.983 1 GPS_SOL 649660032 100000 9999 0
45.087 1 DESIRED 34.91 0.17 5. -89. -271. 260. 3. 12.
45.181 1 PPRZ_MODE 0 1 2 2 0 17
45.184 1 IMU_ACCEL 0.373047 -9.776367 -0.712891
45.215 1 NAVIGATION 3 1 16621114. -5529002. 0. 3.06831289221e+14 0 0
45.291 1 DESIRED 34.91 0.17 5. -89. -271. 260. 3. 12.
45.294 1 IMU_GYRO -0.047852 0.010498 -0.010498
45.381 1 PPRZ_MODE 0 1 2 2 0 17
45.385 1 ENERGY 6.9 0. 0 0.
45.431 1 PONG 
45.469 1 NAVIGATION 3 1 16621114. -5529002. 0. 3.06831289221e+14 0 0
45.471 1 FBW_STATUS 0 91 0 69 0
45.492 1 DESIRED 34.91 0.17 5. -89. -271. 260. 3. 12.
45.496 1 ALIVE 90,166,14,152,178,1,34,42,192,255,253,184,175,152,131,179
45.577 1 PPRZ_MODE 0 1 2 2 0 17
45.687 1 DESIRED 34.91 0.17 5. -89. -271. 260. 3. 12.
45.716 1 NAVIGATION 3 1 16621114. -5529002. 0. 3.06831289221e+14 0 0
45.791 1 PPRZ_MODE 0 1 2 2 0 17
45.797 1 GPS 0 1717368064 0 0 -17000 0 0 0 79000 14 14
45.798 1 SVINFO 14 26 16 1 0 -91 0
45.801 1 IMU_MAG -0.133301 0.016602 0.42627
45.897 1 DESIRED 34.91 0.17 5. -89. -271. 260. 3. 12.
45.899 1 ATTITUDE 0.168062 -1.386455 -0.024731
45.903 1 NAVIGATION 3 1 16621114. -5529002. 0. 3.06831289221e+14 0 0
45.912 1 DOWNLINK_STATUS 0 46 25709 1175 0 580. 26. 38.67
45.965 1 NAVIGATION 3 1 16621114. -5529002. 0. 3.06831289221e+14 0 0
45.988 1 PPRZ_MODE 0 1 2 2 0 17
45.989 1 WIND_INFO 1 42 0. 0. 0.
45.991 1 BAT 1776 69 0 0 1 15 14 0
45.993 1 CALIBRATION -105. 0
45.997 1 WP_MOVED 4 552593.625 5529099.5 260. 14
46.087 1 DESIRED 34.91 0.17 5. -89. -271. 260. 3. 12.
46.180 1 PPRZ_MODE 0 1 2 2 0 17
46.184 1 IMU_ACCEL 0.353516 -9.766602 -0.770508
46.215 1 NAVIGATION 3 1 16621114. -5529002. 0. 3.06831289221e+14 0 0
46.293 1 DESIRED 34.91 0.17 5. -89. -271. 260. 3. 12.
46.296 1 IMU_GYRO -0.039307 0.005127 -0.008301
46.298 1 DL_VALUE 8 0.
46.377 1 PPRZ_MODE 0 1 2 2 0 17
46.465 1 NAVIGATION 3 1 16621114. -5529002. 0. 3.06831289221e+14 0 0
46.487 1 DESIRED 34.91 0.17 5. -89. -271. 260. 3. 12.
46.577 1 PPRZ_MODE 0 1 2 2 0 17
46.687 1 DESIRED 34.91 0.17 5. -89. -271. 260. 3. 12.
46.716 1 NAVIGATION 3 1 16621114. -5529002. 0. 3.06831289221e+14 0 0
46.787 1 PPRZ_MODE 0 1 2 2 0 17
46.792 1 GPS 0 1717368064 0 0 -17000 0 0 0 80000 14 15
46.795 1 SVINFO 15 30 16 1 0 -91 0
46.898 1 DESIRED 34.91 0.17 5. -89. -271. 260. 3. 12.
46.901 1 ATTITUDE 0.168301 -1.38582 -0.024577
46.903 1 ESTIMATOR -17. 0.
46.905 1 STATE_FILTER_STATUS 3 0
46.906 1 DOWNLINK 0 556 1616
46.913 1 DOWNLINK_STATUS 0 47 26261 1201 0 552. 26. 38.67
46.965 1 NAVIGATION 3 1 16621114. -5529002. 0. 3.06831289221e+14 0 0
46.980 1 PPRZ_MODE 0 1 2 2 0 17
46.983 1 GPS_SOL 649667328 100000 9999 0
47.095 1 DESIRED 34.91 0.17 5. -89. -271. 260. 3. 12.
47.099 1 BAT 1776 69 0 0 1 16 15 0
47.102 1 IMU_MAG -0.133301 0.009766 0.418457
47.180 1 PPRZ_MODE 0 1 2 2 0 17
47.184 1 IMU_ACCEL 0.349609 -9.74707 -0.722656
47.215 1 NAVIGATION 3 1 16621114. -5529002. 0. 3.06831289221e+14 0 0
47.291 1 DESIRED 34.91 0.17 5. -89. -271. 260. 3. 12.
47.294 1 IMU_GYRO -0.04248 0.008301 -0.010498
47.377 1 PPRZ_MODE 0 1 2 2 0 17
47.467 1 FBW_STATUS 0 91 0 69 0
47.471 1 NAVIGATION 3 1 16621114. -5529002. 0. 3.06831289221e+14 0 0
47.488 1 DESIRED 34.91 0.17 5. -89. -271. 260. 3. 12.
47.576 1 PPRZ_MODE 0 1 2 2 0 17
47.687 1 DESIRED 34.91 0.17 5. -89. -271. 260. 3. 12.
47.716 1 NAVIGATION 3 1 16621114. -5529002. 0. 3.06831289221e+14 0 0
47.790 1 PPRZ_MODE 0 1 2 2 0 17
47.795 1 GPS 0 1717368064 0 0 -17000 0 0 0 81000 14 16
47.797 1 SVINFO 0 1 16 1 0 -91 0
47.799 1 DL_VALUE 9 1.
47.895 1 DESIRED 34.91 0.17 5. -89. -271. 260. 3. 12.
47.898 1 ATTITUDE 0.168327 -1.385015 -0.024686
47.901 1 ENERGY 6.9 0. 0 0.
47.914 1 DOWNLINK_STATUS 0 48 26818 1226 0 557. 25. 38.67
47.965 1 NAVIGATION 3 1 16621114. -5529002. 0. 3.06831289221e+14 0 0
47.979 1 PPRZ_MODE 0 1 2 2 0 17
48.089 1 DESIRED 34.91 0.17 5. -89. -271. 260. 3. 12.
48.091 1 CALIBRATION -105. 0
48.185 1 PPRZ_MODE 0 1 2 2 0 17
48.188 1 IMU_ACCEL 0.387695 -9.560547 -0.665039
48.192 1 BAT 1762 69 0 0 1 17 16 0
48.215 1 NAVIGATION 3 1 16621114. -5529002. 0. 3.06831289221e+14 0 0
48.291 1 DESIRED 34.91 0.17 5. -89. -271. 260. 3. 12.
48.294 1 IMU_GYRO -0.043457 0.009521 -0.010498
48.380 1 PPRZ_MODE 0 1 2 2 0 17
48.384 1 IMU_MAG -0.140137 0.015137 0.445801
48.465 1 NAVIGATION 3 1 16621114. -5529002. 0. 3.06831289221e+14 0 0
48.487 1 DESIRED 34.91 0.17 5. -89. -271. 260. 3. 12.
48.563 1 COMMANDS 1762,588,2380,588,560,0
48.578 1 PPRZ_MODE 0 1 2 2 0 17
48.662 1 ACTUATORS 1349,1709,1553,1511,1469
48.687 1 DESIRED 34.91 0.17 5. -89. -271. 260. 3. 12.
48.716 1 NAVIGATION 3 1 16621114. -5529002. 0. 3.06831289221e+14 0 0
48.789 1 PPRZ_MODE 0 1 2 2 0 17
48.796 1 GPS 0 1717368064 0 0 -17000 0 0 0 82000 14 1
48.798 1 SVINFO 1 2 16 1 0 -91 0
48.800 1 NAVIGATION_REF 552566 5529002 14
48.894 1 DESIRED 34.91 0.17 5. -89. -271. 260. 3. 12.
48.896 1 ATTITUDE 0.168629 -1.38439 -0.024558
48.899 1 ESTIMATOR -17. 0.
48.914 1 DOWNLINK_STATUS 0 49 27388 1252 0 570. 26. 38.67
48.965 1 NAVIGATION 3 1 16621114. -5529002. 0. 3.06831289221e+14 0 0
48.980 1 PPRZ_MODE 0 1 2 2 0 17
48.983 1 GPS_SOL 649674816 100000 9999 0
49.088 1 DESIRED 34.91 0.17 5. -89. -271. 260. 3. 12.
49.090 1 STATE_FILTER_STATUS 3 0
49.180 1 PPRZ_MODE 0 1 2 2 0 17
49.183 1 IMU_ACCEL 0.402344 -9.723633 -0.732422
49.215 1 NAVIGATION 3 1 16621114. -5529002. 0. 3.06831289221e+14 0 0
49.297 1 DESIRED 34.91 0.17 5. -89. -271. 260. 3. 12.
49.300 1 IMU_GYRO -0.037109 0.014893 -0.008301
49.304 1 BAT 1762 69 0 0 1 18 17 0
49.306 1 DL_VALUE 10 0.
49.377 1 PPRZ_MODE 0 1 2 2 0 17
49.467 1 FBW_STATUS 0 49 0 69 0
49.471 1 NAVIGATION 3 1 16621114. -5529002. 0. 3.06831289221e+14 0 0
49.488 1 DESIRED 34.91 0.18 5. -89. -271. 260. 3. 12.
49.576 1 PPRZ_MODE 0 1 2 2 0 17
49.691 1 DESIRED 34.91 0.18 5. -89. -271. 260. 3. 12.
49.693 1 IMU_MAG -0.136719 0.011719 0.42627
49.714 1 NAVIGATION 3 1 16621114. -5529002. 0. 3.06831289221e+14 0 0
49.786 1 PPRZ_MODE 0 1 2 2 0 17
49.793 1 GPS 0 1717368064 0 0 -17000 0 0 0 83000 14 2
49.795 1 SVINFO 2 4 16 1 0 -91 0
49.914 1 DOWNLINK_STATUS 0 50 27878 1275 0 490. 23. 38.67
50.915 1 DOWNLINK_STATUS 0 51 27878 1275 0 0. 0. -4961.89
51.915 1 DOWNLINK_STATUS 0 52 27878 1275 0 0. 0. -4961.89
52.916 1 DOWNLINK_STATUS 0 53 27878 1275 0 0. 0. -4961.89
53.917 1 DOWNLINK_STATUS 0 54 27878 1275 0 0. 0. -4961.89
54.918 1 DOWNLINK_STATUS 0 55 27878 1275 0 0. 0. -4961.89
54.983 1 PPRZ_MODE 0 0 0 0 0 17
54.990 1 GPS 0 1717368064 0 0 -17000 0 0 0 250 14 0
55.006 1 DESIRED 0. 0. 0. 0. 0. 235. 0. 12.
55.009 1 ATTITUDE 0. 0. 0.
55.021 1 NAVIGATION 0 2 16621114. -5529002. 0. 3.06831289221e+14 0 0
55.034 1 PPRZ_MODE 0 0 0 0 0 17
55.057 1 DESIRED 0. 0. 0. 0. 0. 235. 0. 12.
55.069 1 PPRZ_MODE 0 0 0 0 0 17
55.072 1 IMU_ACCEL 0.420898 -9.761719 -0.655273
55.089 1 NAVIGATION 0 2 16621114. -5529002. 0. 3.06831289221e+14 0 0
55.108 1 DESIRED 0. 0. 0. 0. 0. 235. 0. 12.
55.111 1 IMU_GYRO -0.046631 0.010498 -0.010498
55.121 1 PPRZ_MODE 0 0 0 0 0 17
55.125 1 BAT 1762 69 0 0 1 0 0 0
55.149 1 NAVIGATION 0 2 16621114. -5529002. 0. 3.06831289221e+14 0 0
55.156 1 DESIRED 0. 0. 0. 0. 0. 235. 0. 12.
55.158 1 PPRZ_MODE 0 0 0 0 0 17
55.165 1 DESIRED 0. 0. 0. 0. 0. 235. 0. 12.
55.168 1 IMU_MAG -0.180176 0.039062 0.339844
55.172 1 NAVIGATION 0 2 16621114. -5529002. 0. 3.06831289221e+14 0 0
55.174 1 PPRZ_MODE 0 0 0 0 0 17
55.180 1 GPS 0 1717368064 0 0 -17000 0 0 0 1250 14 1
55.183 1 SVINFO 1 2 16 1 0 -91 0
55.185 1 DL_VALUE 0 0.
55.191 1 DESIRED 0. 0. 0. 0. 0. 235. 0. 12.
55.194 1 ATTITUDE 0. 0. 0.
55.197 1 ESTIMATOR -17. 0.
55.201 1 NAVIGATION 0 2 16621114. -5529002. 0. 3.06831289221e+14 0 0
55.203 1 PPRZ_MODE 0 0 0 0 0 17
55.206 1 GPS_SOL 649519040 100000 9999 0
55.217 1 IMU_ACCEL 0.397461 -9.761719 -0.626953
55.219 1 CALIBRATION 0. 0
55.223 1 NAVIGATION 0 2 16621114. -5529002. 0. 3.06831289221e+14 0 0
55.230 1 DESIRED 0. 0. 0. 0. 0. 235. 0. 12.
55.233 1 IMU_GYRO -0.048828 0.010498 -0.011475
55.236 1 IMU_MAG -0.180176 0.032227 0.219727
55.273 1 PPRZ_MODE 0 0 0 0 0 17
