5.078 1 ATTITUDE 0. 0. 0.
5.081 1 WP_MOVED 1 360285. 4813715. 250. 31
5.085 1 IMU_ACCEL 0.454102 -9.819336 0.483398
5.088 1 BAT 880 100 0 0 0 1 1 0
5.094 1 GPS 0 16602147 0 0 -17000 0 0 0 1250 31 5
5.095 1 SVINFO 5 6 16 1 0 -91 0
5.101 1 NAVIGATION 0 0 -194263.5 -4813595. 2.32095901286e+13 2.32095901286e+13 0 0
5.104 1 ATTITUDE 0. 0. 0.
5.110 1 DESIRED 0. 0. 0. -42. 82. 210. 6. 20.
5.112 1 DOWNLINK 0 285 69
5.115 1 ATTITUDE 0. 0. 0.
5.117 1 NAVIGATION_REF 360285 4813595 31
5.278 1 ATTITUDE 0. 0. 0.
5.284 1 DESIRED 0. 0. 0. -42. 82. 210. 6. 20.
5.290 1 GPS 0 16602147 0 0 -17000 0 0 0 1500 31 6
5.292 1 SVINFO 6 7 16 1 0 -91 0
5.296 1 IMU_GYRO -0.045654 0.009521 -0.008301
5.300 1 NAVIGATION 0 0 -194263.5 -4813595. 2.32095901286e+13 2.32095901286e+13 0 0
5.565 1 ATTITUDE 0. 0. 0.
5.567 1 ESTIMATOR -17. 0.
5.573 1 NAVIGATION 0 0 -194263.5 -4813595. 2.32095901286e+13 2.32095901286e+13 0 0
5.575 1 ATTITUDE 0. 0. 0.
5.583 1 DESIRED 0. 0. 0. -42. 82. 210. 6. 20.
5.585 1 WP_MOVED 0 360327. 4813637. 250. 31
5.588 1 IMU_MAG -2.677734 -2.313477 -3.944336
5.595 1 GPS 0 16602147 0 0 -17000 0 0 0 1750 31 7
5.597 1 SVINFO 7 8 16 1 0 -91 0
5.599 1 FBW_STATUS 0 48 0 100 0
5.604 1 NAVIGATION 0 0 -194263.5 -4813595. 2.32095901286e+13 2.32095901286e+13 0 0
6.019 1 DOWNLINK_STATUS 0 6 1703 78 0 637. 29. -1.39480894256e+12
6.308 1 ATTITUDE 0. 0. 0.
6.524 1 ATTITUDE 0. 0. 0.
6.531 1 DESIRED 0. 0. 0. -42. 82. 210. 6. 20.
6.532 1 PPRZ_MODE 0 3 3 2 0 17
6.536 1 ATTITUDE 0. 0. 0.
6.542 1 GPS 0 16602147 0 0 -17000 0 0 0 2000 31 8
6.543 1 SVINFO 8 9 16 1 0 -91 0
6.548 1 IMU_ACCEL 0.516602 -9.833008 0.463867
6.549 1 DL_VALUE 1 0.
6.813 1 NAVIGATION 0 0 -194263.5 -4813595. 2.32095901286e+13 2.32095901286e+13 0 0
6.816 1 ATTITUDE 0. 0. 0.
6.823 1 DESIRED 0. 0. 0. -42. 82. 210. 6. 20.
6.825 1 ESTIMATOR -17. 0.
6.828 1 IMU_GYRO -0.046631 0.010498 -0.006348
6.831 1 CIRCLE 0. 120. 40.
6.834 1 ATTITUDE 0. 0. 0.
6.838 1 WP_MOVED 1 360285. 4813715. 250. 31
6.844 1 GPS 0 16602147 0 0 -17000 0 0 0 2250 31 9
6.846 1 SVINFO 9 10 16 1 0 -91 0
6.851 1 NAVIGATION 0 0 -194263.5 -4813595. 2.32095901286e+13 2.32095901286e+13 0 0
6.943 1 ATTITUDE 0. 0. 0.
6.950 1 DESIRED 0. 0. 0. -42. 82. 210. 6. 20.
6.953 1 BAT 887 100 0 0 0 2 2 0
7.020 1 DOWNLINK_STATUS 0 7 2203 101 0 500. 23. -1.39480894256e+12
7.041 1 ATTITUDE 0. 0. 0.
7.227 1 ATTITUDE 0. 0. 0.
7.234 1 DESIRED 0. 0. 0. -42. 82. 210. 6. 20.
7.239 1 GPS 0 16602147 0 0 -17000 0 0 0 2500 31 10
7.242 1 SVINFO 10 11 16 1 0 -91 0
7.246 1 NAVIGATION 0 0 -194263.5 -4813595. 2.32095901286e+13 2.32095901286e+13 0 0
7.369 1 ATTITUDE 0. 0. 0.
7.372 1 ESTIMATOR -17. 0.
7.376 1 NAVIGATION 0 0 -194263.5 -4813595. 2.32095901286e+13 2.32095901286e+13 0 0
7.379 1 GPS_SOL 649519232 100000 9999 0
7.526 1 ATTITUDE 0. 0. 0.
7.533 1 DESIRED 0. 0. 0. -42. 82. 210. 6. 20.
7.537 1 WP_MOVED 0 360327. 4813637. 250. 31
7.539 1 IMU_GYRO -0.046631 0.010498 -0.007324
7.649 1 GPS 0 16602147 0 0 -17000 0 0 0 2750 31 11
7.651 1 SVINFO 11 12 16 1 0 -91 0
7.936 1 NAVIGATION 0 0 -194263.5 -4813595. 2.32095901286e+13 2.32095901286e+13 0 0
7.939 1 ATTITUDE 0. 0. 0.
7.941 1 IMU_ACCEL 0.463867 -9.814453 0.50293
7.943 1 CALIBRATION 0. 0
7.946 1 ATTITUDE 0. 0. 0.
7.954 1 DESIRED 0. 0. 0. -42. 82. 210. 6. 20.
7.955 1 PPRZ_MODE 0 3 3 2 0 17
7.956 1 PONG 
7.959 1 ATTITUDE 0. 0. 0.
7.965 1 GPS 0 16602147 0 0 -17000 0 0 0 3000 31 12
7.967 1 SVINFO 12 13 16 1 0 -91 0
7.970 1 IMU_MAG -2.688477 -2.313477 -3.964844
7.975 1 NAVIGATION 0 0 -194263.5 -4813595. 2.32095901286e+13 2.32095901286e+13 0 0
8.021 1 DOWNLINK_STATUS 0 8 2822 130 0 619. 29. 2441.94
8.162 1 ATTITUDE 0. 0. 0.
8.168 1 DESIRED 0. 0. 0. -42. 82. 210. 6. 20.
8.171 1 ESTIMATOR -17. 0.
8.172 1 STATE_FILTER_STATUS 2 0
8.175 1 CIRCLE 0. 120. 40.
8.179 1 ATTITUDE 0. 0. 0.
8.182 1 WP_MOVED 1 360285. 4813715. 250. 31
8.188 1 GPS 0 16602147 0 0 -17000 0 0 0 3250 31 13
8.190 1 SVINFO 13 14 16 1 0 -91 0
8.451 1 NAVIGATION 0 0 -194263.5 -4813595. 2.32095901286e+13 2.32095901286e+13 0 0
8.453 1 ATTITUDE 0. 0. 0.
8.460 1 DESIRED 0. 0. 0. -42. 82. 210. 6. 20.
8.463 1 IMU_GYRO -0.046631 0.010498 -0.006348
8.466 1 ATTITUDE 0. 0. 0.
8.470 1 BAT 880 100 0 0 0 3 3 0
8.473 1 ATTITUDE 0. 0. 0.
8.479 1 DESIRED 0. 0. 0. -42. 82. 210. 6. 20.
8.485 1 GPS 0 16602147 0 0 -17000 0 0 0 3500 31 14
8.487 1 SVINFO 14 15 16 1 0 -91 0
8.489 1 DL_VALUE 2 210.
8.611 1 NAVIGATION 0 0 -194263.5 -4813595. 2.32095901286e+13 2.32095901286e+13 0 0
8.614 1 ATTITUDE 0. 0. 0.
8.616 1 ESTIMATOR -17. 0.
8.619 1 IMU_ACCEL 0.473633 -9.776367 0.493164
8.624 1 NAVIGATION 0 0 -194263.5 -4813595. 2.32095901286e+13 2.32095901286e+13 0 0
8.823 1 ATTITUDE 0. 0. 0.
8.830 1 DESIRED 0. 0. 0. -42. 82. 210. 6. 20.
8.833 1 WP_MOVED 0 360327. 4813637. 250. 31
8.839 1 GPS 0 16602147 0 0 -17000 0 0 0 3750 31 15
8.842 1 SVINFO 15 16 16 1 0 -91 0
8.843 1 FBW_STATUS 0 48 0 101 0
8.849 1 NAVIGATION 0 0 -194263.5 -4813595. 2.32095901286e+13 2.32095901286e+13 0 0
8.988 1 ATTITUDE 0. 0. 0.
8.991 1 ATTITUDE 0. 0. 0.
8.998 1 DESIRED 0. 0. 0. -42. 82. 210. 6. 20.
9.001 1 IMU_GYRO -0.046631 0.010498 -0.006348
9.003 1 PPRZ_MODE 0 3 3 2 0 17
9.021 1 DOWNLINK_STATUS 0 9 3627 167 0 805. 37. 2441.94
9.200 1 ATTITUDE 0. 0. 0.
9.206 1 GPS 0 16602147 0 0 -17000 0 0 0 4000 31 16
9.208 1 SVINFO 0 1 16 1 0 -91 0
9.213 1 NAVIGATION 0 0 -194263.5 -4813595. 2.32095901286e+13 2.32095901286e+13 0 0
9.216 1 ATTITUDE 0. 0. 0.
9.222 1 DESIRED 0. 0. 0. -42. 82. 210. 6. 20.
9.225 1 ESTIMATOR -17. 0.
9.365 1 ATTITUDE 0. 0. 0.
9.368 1 WP_MOVED 1 360285. 4813715. 250. 31
9.371 1 CIRCLE 0. 120. 40.
9.377 1 GPS 0 16602147 0 0 -17000 0 0 0 4250 31 1
9.379 1 SVINFO 1 2 16 1 0 -91 0
9.536 1 NAVIGATION 0 0 -194263.5 -4813595. 2.32095901286e+13 2.32095901286e+13 0 0
9.540 1 ATTITUDE 0. 0. 0.
9.546 1 DESIRED 0. 0. 0. -42. 82. 210. 6. 20.
9.549 1 IMU_MAG -2.696289 -2.318359 -3.812012
9.815 1 ATTITUDE 0. 0. 0.
9.818 1 IMU_ACCEL 0.488281 -9.814453 0.50293
9.821 1 ATTITUDE 0. 0. 0.
9.829 1 DESIRED 0. 0. 0. -42. 82. 210. 6. 20.
9.833 1 GPS 0 16602147 0 0 -17000 0 0 0 4500 31 2
9.836 1 SVINFO 2 3 16 1 0 -91 0
9.839 1 IMU_GYRO -0.046631 0.009521 -0.008301
9.844 1 NAVIGATION 0 0 -194263.5 -4813595. 2.32095901286e+13 2.32095901286e+13 0 0
9.847 1 ATTITUDE 0. 0. 0.
9.849 1 ESTIMATOR -17. 0.
9.855 1 NAVIGATION 0 0 -194263.5 -4813595. 2.32095901286e+13 2.32095901286e+13 0 0
9.856 1 GPS_SOL 649519552 100000 9999 0
10.022 1 DOWNLINK_STATUS 0 10 4249 195 0 622. 28. 2441.94
10.104 1 ATTITUDE 0. 0. 0.
10.111 1 DESIRED 0. 0. 0. -42. 82. 210. 6. 20.
10.115 1 WP_MOVED 0 360327. 4813637. 250. 31
10.120 1 GPS 0 16602147 0 0 -17000 0 0 0 4750 31 3
10.123 1 SVINFO 3 4 16 1 0 -91 0
10.127 1 NAVIGATION 0 0 -194263.5 -4813595. 2.32095901286e+13 2.32095901286e+13 0 0
10.130 1 ATTITUDE 0. 0. 0.
10.133 1 COMMANDS 887,224,196,0,-294
10.136 1 ATTITUDE 0. 0. 0.
10.143 1 DESIRED 0. 0. 0. -42. 82. 210. 6. 20.
10.145 1 PPRZ_MODE 0 3 3 2 0 17
10.370 1 CALIBRATION 0. 0
10.373 1 ACTUATORS 1194,1559,1511,1511,1409
10.376 1 ATTITUDE 0. 0. 0.
10.382 1 GPS 0 16602147 0 0 -17000 0 0 0 5000 31 4
10.385 1 SVINFO 4 5 16 1 0 -91 0
10.386 1 DL_VALUE 3 0.
10.391 1 NAVIGATION 0 0 -194263.5 -4813595. 2.32095901286e+13 2.32095901286e+13 0 0
10.394 1 ATTITUDE 0. 0. 0.
10.401 1 DESIRED 0. 0. 0. -42. 82. 210. 6. 20.
10.403 1 ESTIMATOR -17. 0.
10.406 1 IMU_GYRO -0.045654 0.010498 -0.007324
10.409 1 ATTITUDE 0. 0. 0.
10.611 1 WP_MOVED 1 360285. 4813715. 250. 31
10.614 1 IMU_ACCEL 0.488281 -9.794922 0.583984
10.620 1 GPS 0 16602147 0 0 -17000 0 0 0 5250 31 5
10.622 1 SVINFO 5 6 16 1 0 -91 0
10.625 1 CIRCLE 0. 120. 40.
10.630 1 NAVIGATION 0 0 -194263.5 -4813595. 2.32095901286e+13 2.32095901286e+13 0 0
10.633 1 ATTITUDE 0. 0. 0.
10.640 1 DESIRED 0. 0. 0. -42. 82. 210. 6. 20.
10.641 1 STATE_FILTER_STATUS 2 0
11.022 1 DOWNLINK_STATUS 0 11 4931 227 0 682. 32. -2559.18
11.045 1 ATTITUDE 0. 0. 0.
11.048 1 ATTITUDE 0. 0. 0.
11.055 1 DESIRED 0. 0. 0. -42. 82. 210. 6. 20.
11.060 1 GPS 0 16602147 0 0 -17000 0 0 0 5500 31 6
11.063 1 SVINFO 6 7 16 1 0 -91 0
11.067 1 NAVIGATION 0 0 -194263.5 -4813595. 2.32095901286e+13 2.32095901286e+13 0 0
11.595 1 ATTITUDE 0. 0. 0.
11.597 1 ESTIMATOR -17. 0.
11.602 1 NAVIGATION 0 0 -194263.5 -4813595. 2.32095901286e+13 2.32095901286e+13 0 0
11.606 1 BAT 880 100 0 0 0 5 5 0
11.608 1 IMU_MAG -2.693359 -2.316895 -3.821289
11.612 1 ATTITUDE 0. 0. 0.
11.618 1 DESIRED 0. 0. 0. -42. 82. 210. 6. 20.
11.622 1 WP_MOVED 0 360327. 4813637. 250. 31
11.625 1 IMU_GYRO -0.045654 0.010498 -0.007324
11.819 1 GPS 0 16602147 0 0 -17000 0 0 0 5750 31 7
11.821 1 SVINFO 7 8 16 1 0 -91 0
11.824 1 FBW_STATUS 0 49 0 100 0
11.828 1 NAVIGATION 0 0 -194263.5 -4813595. 2.32095901286e+13 2.32095901286e+13 0 0
11.832 1 ATTITUDE 0. 0. 0.
11.835 1 ATTITUDE 0.035537 0.860404 -0.084396
11.841 1 DESIRED 0. 0.01 0. -42. 82. 210. 6. 20.
11.843 1 PPRZ_MODE 0 3 3 2 0 17
12.023 1 DOWNLINK_STATUS 0 12 5443 250 0 512. 23. -2559.18
12.077 1 ATTITUDE 0.035563 0.860366 -0.084395
12.083 1 GPS 0 16602147 0 0 -17000 0 0 0 6000 31 8
12.085 1 SVINFO 8 9 16 1 0 -91 0
12.088 1 IMU_ACCEL 0.506836 -9.824219 0.506836
12.091 1 ENERGY 10. 0. 0 0.
12.096 1 NAVIGATION 0 0 -194263.5 -4813595. 2.32095901286e+13 2.32095901286e+13 0 0
12.099 1 ATTITUDE 0.035567 0.860373 -0.084393
12.106 1 DESIRED 0. 0.01 0. -42. 82. 210. 6. 20.
12.107 1 ESTIMATOR -17. 0.
12.112 1 ALIVE 16,159,191,5,134,69,199,24,6,50,2,0,189,197,80,196
12.248 1 ATTITUDE 0.035607 0.860355 -0.084404
12.251 1 WP_MOVED 1 360285. 4813715. 250. 31
12.257 1 GPS 0 16602147 0 0 -17000 0 0 0 6250 31 9
12.259 1 SVINFO 9 10 16 1 0 -91 0
12.264 1 NAVIGATION 0 0 -194263.5 -4813595. 2.32095901286e+13 2.32095901286e+13 0 0
12.535 1 ATTITUDE 0.035648 0.860353 -0.084372
12.542 1 DESIRED 0. 0.01 0. -42. 82. 210. 6. 20.
12.545 1 IMU_GYRO -0.046631 0.010498 -0.007324
12.547 1 CIRCLE 0. 120. 40.
12.551 1 ATTITUDE 0.035683 0.860274 -0.084352
12.552 1 DOWNLINK 2 904 281
12.556 1 ATTITUDE 0.035648 0.860249 -0.084356
12.563 1 DESIRED 0. 0.01 0. -42. 82. 210. 6. 20.
12.568 1 GPS 0 16602147 0 0 -17000 0 0 0 6500 31 10
12.570 1 SVINFO 10 11 16 1 0 -91 0
12.572 1 DL_VALUE 4 0.
12.820 1 NAVIGATION 0 0 -194263.5 -4813595. 2.32095901286e+13 2.32095901286e+13 0 0
12.823 1 ATTITUDE 0.035637 0.8602 -0.08435
12.826 1 ESTIMATOR -17. 0.
12.830 1 NAVIGATION 0 0 -194263.5 -4813595. 2.32095901286e+13 2.32095901286e+13 0 0
12.833 1 GPS_SOL 649520064 100000 9999 0
12.836 1 ATTITUDE 0.035653 0.860212 -0.08438
12.843 1 DESIRED 0. 0.01 0. -42. 82. 210. 6. 20.
12.846 1 WP_MOVED 0 360327. 4813637. 250. 31
12.850 1 BAT 880 100 0 0 0 6 6 0
12.856 1 GPS 0 16602147 0 0 -17000 0 0 0 6750 31 11
12.858 1 SVINFO 11 12 16 1 0 -91 0
12.863 1 NAVIGATION 0 0 -194263.5 -4813595. 2.32095901286e+13 2.32095901286e+13 0 0
13.024 1 DOWNLINK_STATUS 0 13 6282 288 0 839. 38. -2559.18
13.109 1 ATTITUDE 0.035641 0.860232 -0.084355
13.112 1 IMU_ACCEL 0.450195 -9.819336 0.473633
13.115 1 ATTITUDE 0.035661 0.860256 -0.084303
13.121 1 DESIRED 0. 0.01 0. -42. 82. 210. 6. 20.
13.125 1 IMU_GYRO -0.046631 0.010498 -0.008301
13.127 1 PPRZ_MODE 0 3 3 2 0 17
13.130 1 IMU_MAG -2.682129 -2.316895 -3.98877
13.133 1 ATTITUDE 0.035628 0.860208 -0.084346
13.139 1 GPS 0 16602147 0 0 -17000 0 0 0 7000 31 12
13.141 1 SVINFO 12 13 16 1 0 -91 0
13.143 1 CALIBRATION 0. 0
13.147 1 NAVIGATION 0 0 -194263.5 -4813595. 2.32095901286e+13 2.32095901286e+13 0 0
13.151 1 ATTITUDE 0.035716 0.86023 -0.084337
13.384 1 DESIRED 0. 0.01 0. -42. 82. 210. 6. 20.
13.386 1 ESTIMATOR -17. 0.
13.390 1 ATTITUDE 0.035734 0.860227 -0.084312
13.393 1 WP_MOVED 1 360285. 4813715. 250. 31
13.399 1 GPS 0 16602147 0 0 -17000 0 0 0 7250 31 13
13.401 1 SVINFO 13 14 16 1 0 -91 0
13.406 1 NAVIGATION 0 0 -194263.5 -4813595. 2.32095901286e+13 2.32095901286e+13 0 0
13.409 1 ATTITUDE 0.035676 0.860259 -0.084343
13.415 1 DESIRED 0. 0.01 0. -42. 82. 210. 6. 20.
13.419 1 CIRCLE 0. 120. 40.
13.668 1 ATTITUDE 0.035684 0.86023 -0.084421
13.671 1 ATTITUDE 0.035645 0.860259 -0.084406
13.678 1 DESIRED 0. 0.01 0. -42. 82. 210. 6. 20.
13.684 1 GPS 0 16602147 0 0 -17000 0 0 0 7500 31 14
13.686 1 SVINFO 14 15 16 1 0 -91 0
13.689 1 IMU_GYRO -0.046631 0.010498 -0.007324
13.694 1 NAVIGATION 0 0 -194263.5 -4813595. 2.32095901286e+13 2.32095901286e+13 0 0
13.697 1 ATTITUDE 0.035625 0.860262 -0.084391
13.699 1 ESTIMATOR -17. 0.
13.702 1 IMU_ACCEL 0.483398 -9.837891 0.53125
13.707 1 NAVIGATION 0 0 -194263.5 -4813595. 2.32095901286e+13 2.32095901286e+13 0 0
13.953 1 ATTITUDE 0.035638 0.86024 -0.08441
13.959 1 DESIRED 0. 0.01 0. -42. 82. 210. 6. 20.
13.962 1 WP_MOVED 0 360327. 4813637. 250. 31
13.967 1 GPS 0 16602147 0 0 -17000 0 0 0 7750 31 15
13.970 1 SVINFO 15 16 16 1 0 -91 0
13.972 1 FBW_STATUS 0 49 0 100 0
13.983 1 ATTITUDE 0.035674 0.860265 -0.084445
13.991 1 DESIRED 0. 0.01 0. -42. 82. 210. 6. 20.
13.992 1 PPRZ_MODE 0 3 3 2 0 17
13.995 1 ATTITUDE 0.035678 0.86025 -0.084464
14.025 1 DOWNLINK_STATUS 0 14 7244 332 1 962. 44. -2559.18
14.244 1 GPS 0 16602147 0 0 -17000 0 0 0 8000 31 16
14.246 1 SVINFO 0 1 16 1 0 -91 0
14.248 1 DL_VALUE 5 0.
14.253 1 NAVIGATION 0 0 -194263.5 -4813595. 2.32095901286e+13 2.32095901286e+13 0 0
14.256 1 ATTITUDE 0.035695 0.860171 -0.08449
14.267 1 IMU_ACCEL 0.478516 -9.833008 0.569336
14.270 1 CIRCLE 0. 120. 40.
14.273 1 ATTITUDE 0.035668 0.860012 -0.084491
14.280 1 DESIRED 0. 0.01 0. -42. 82. 210. 6. 20.
14.529 1 GPS 0 16602147 0 0 -17000 0 0 0 8500 31 2
14.531 1 SVINFO 2 3 16 1 0 -91 0
14.535 1 ENERGY 10. 0. 0 0.
14.539 1 NAVIGATION 0 0 -194263.5 -4813595. 2.32095901286e+13 2.32095901286e+13 0 0
14.544 1 ATTITUDE 0.03564 0.859966 -0.084499
14.545 1 ESTIMATOR -17. 0.
14.549 1 NAVIGATION 0 0 -194263.5 -4813595. 2.32095901286e+13 2.32095901286e+13 0 0
14.552 1 GPS_SOL 649520768 100000 9999 0
14.555 1 ATTITUDE 0.035658 0.859972 -0.084541
14.562 1 DESIRED 0. 0.01 0. -42. 82. 210. 6. 20.
14.565 1 WP_MOVED 0 360327. 4813637. 250. 31
14.568 1 IMU_GYRO -0.045654 0.010498 -0.007324
14.758 1 GPS 0 16602147 0 0 -17000 0 0 0 8750 31 3
14.760 1 SVINFO 3 4 16 1 0 -91 0
14.765 1 NAVIGATION 0 0 -194263.5 -4813595. 2.32095901286e+13 2.32095901286e+13 0 0
14.768 1 ATTITUDE 0.035639 0.859994 -0.084539
14.771 1 ATTITUDE 0.035562 0.860022 -0.084554
14.778 1 DESIRED 0. 0.01 0. -42. 82. 210. 6. 20.
14.780 1 PPRZ_MODE 0 3 3 2 0 17
14.783 1 BAT 887 100 0 0 0 9 9 0
15.025 1 DOWNLINK_STATUS 0 15 7880 361 2 636. 29. -2559.18
15.042 1 ATTITUDE 0.035564 0.860029 -0.084551
15.048 1 GPS 0 16602147 0 0 -17000 0 0 0 9000 31 4
15.050 1 SVINFO 4 5 16 1 0 -91 0
15.055 1 NAVIGATION 0 0 -194263.5 -4813595. 2.32095901286e+13 2.32095901286e+13 0 0
15.058 1 ATTITUDE 0.035542 0.859963 -0.084587
15.064 1 DESIRED 0. 0.01 0. -42. 82. 210. 6. 20.
15.067 1 ESTIMATOR -17. 0.
15.069 1 CALIBRATION 0. 0
15.072 1 ATTITUDE 0.035562 0.859955 -0.084604
15.075 1 WP_MOVED 1 360285. 4813715. 250. 31
15.078 1 IMU_ACCEL 0.46875 -9.819336 0.498047
15.084 1 GPS 0 16602147 0 0 -17000 0 0 0 9250 31 5
15.217 1 WIND_INFO 1 42 0. 0. 0.
15.329 1 SVINFO 5 6 16 1 0 -91 0
15.334 1 NAVIGATION 0 0 -194263.5 -4813595. 2.32095901286e+13 2.32095901286e+13 0 0
15.336 1 ATTITUDE 0.035557 0.859966 -0.08459
15.344 1 DESIRED 0. 0.01 0. -42. 82. 210. 6. 20.
15.346 1 IMU_GYRO -0.045654 0.010498 -0.007324
15.349 1 ATTITUDE 0.035517 0.860007 -0.084609
15.352 1 CIRCLE 0. 120. 40.
15.356 1 ATTITUDE 0.035471 0.860021 -0.0846
15.363 1 DESIRED 0. 0.01 0. -42. 82. 210. 6. 20.
15.368 1 GPS 0 16602147 0 0 -17000 0 0 0 9500 31 6
15.370 1 SVINFO 6 7 16 1 0 -91 0
15.939 1 IMU_MAG -2.687012 -2.316895 -3.968262
15.943 1 NAVIGATION 0 0 -194263.5 -4813595. 2.32095901286e+13 2.32095901286e+13 0 0
15.946 1 ATTITUDE 0.03545 0.860047 -0.084582
15.949 1 ESTIMATOR -17. 0.
15.953 1 NAVIGATION 0 0 -194263.5 -4813595. 2.32095901286e+13 2.32095901286e+13 0 0
15.956 1 ATTITUDE 0.035457 0.860032 -0.084588
15.963 1 DESIRED 0. 0.01 0. -42. 82. 210. 6. 20.
15.966 1 WP_MOVED 0 360327. 4813637. 250. 31
15.968 1 STATE_FILTER_STATUS 3 0
15.974 1 GPS 0 16602147 0 0 -17000 0 0 0 9750 31 7
15.976 1 SVINFO 7 8 16 1 0 -91 0
15.981 1 NAVIGATION 0 0 -194263.5 -4813595. 2.32095901286e+13 2.32095901286e+13 0 0
16.025 1 DOWNLINK_STATUS 0 16 8654 396 2 774. 35. -7560.06
16.582 1 FBW_STATUS 0 52 0 100 0
16.585 1 ATTITUDE 0.035462 0.860049 -0.084597
16.588 1 COMMANDS 880,224,196,0,-294
16.591 1 ATTITUDE 0.035437 0.860013 -0.084583
16.598 1 DESIRED 0. 0.01 0. -42. 82. 210. 6. 20.
16.601 1 IMU_GYRO -0.045654 0.010498 -0.007324
16.602 1 PPRZ_MODE 0 3 3 2 0 17
16.606 1 ACTUATORS 1194,1559,1511,1511,1409
16.609 1 ATTITUDE 0.035419 0.859997 -0.084576
16.615 1 GPS 0 16602147 0 0 -17000 0 0 0 10000 31 8
16.617 1 SVINFO 8 9 16 1 0 -91 0
16.621 1 IMU_ACCEL 0.493164 -9.814453 0.516602
16.624 1 BAT 880 100 0 0 0 10 10 0
17.026 1 DOWNLINK_STATUS 0 17 8911 409 2 257. 13. -7560.06
17.678 1 NAVIGATION 0 0 -194263.5 -4813595. 2.32095901286e+13 2.32095901286e+13 0 0
17.680 1 ATTITUDE 0.035384 0.859999 -0.084591
17.687 1 DESIRED 0. 0.01 0. -42. 82. 210. 6. 20.
17.689 1 ESTIMATOR -17. 0.
17.692 1 ATTITUDE 0.035356 0.859946 -0.084598
17.695 1 WP_MOVED 1 360285. 4813715. 250. 31
17.701 1 GPS 0 16602147 0 0 -17000 0 0 0 10250 31 9
17.704 1 SVINFO 9 10 16 1 0 -91 0
17.708 1 NAVIGATION 0 0 -194263.5 -4813595. 2.32095901286e+13 2.32095901286e+13 0 0
17.711 1 ATTITUDE 0.035317 0.859929 -0.084581
17.718 1 DESIRED 0. 0.01 0. -42. 82. 210. 6. 20.
17.964 1 ATTITUDE 0.035399 0.8599 -0.084603
17.967 1 NAVIGATION_REF 360285 4813595 31
17.970 1 ATTITUDE 0.035384 0.859814 -0.084663
17.976 1 DESIRED 0. 0.01 0. -42. 82. 210. 6. 20.
17.982 1 GPS 0 16602147 0 0 -17000 0 0 0 10500 31 10
17.985 1 SVINFO 10 11 16 1 0 -91 0
17.988 1 IMU_GYRO -0.045654 0.010498 -0.007324
17.992 1 NAVIGATION 0 0 -194263.5 -4813595. 2.32095901286e+13 2.32095901286e+13 0 0
17.995 1 ATTITUDE 0.035389 0.859788 -0.084685
17.998 1 ESTIMATOR -17. 0.
18.002 1 NAVIGATION 0 0 -194263.5 -4813595. 2.32095901286e+13 2.32095901286e+13 0 0
18.005 1 GPS_SOL 649521664 100000 9999 0
18.027 1 DOWNLINK_STATUS 0 18 9429 432 2 518. 23. -7560.06
18.251 1 ATTITUDE 0.035351 0.859792 -0.084725
18.257 1 DESIRED 0. 0.01 0. -42. 82. 210. 6. 20.
18.261 1 WP_MOVED 0 360327. 4813637. 250. 31
18.266 1 GPS 0 16602147 0 0 -17000 0 0 0 10750 31 11
18.269 1 SVINFO 11 12 16 1 0 -91 0
18.273 1 NAVIGATION 0 0 -194263.5 -4813595. 2.32095901286e+13 2.32095901286e+13 0 0
18.276 1 ATTITUDE 0.035389 0.859741 -0.084729
18.280 1 IMU_ACCEL 0.493164 -9.824219 0.511719
18.283 1 IMU_MAG -2.687012 -2.319824 -3.966797
18.286 1 ATTITUDE 0.035407 0.859724 -0.084741
18.536 1 DESIRED 0. 0.01 0. -42. 82. 210. 6. 20.
18.537 1 PPRZ_MODE 0 3 3 2 0 17
18.540 1 ATTITUDE 0.03536 0.859781 -0.084761
18.546 1 GPS 0 16602147 0 0 -17000 0 0 0 11000 31 12
18.551 1 SVINFO 12 14 16 1 0 -91 0
18.551 1 DL_VALUE 7 0.
18.555 1 ENERGY 10.1 0. 0 0.
18.559 1 NAVIGATION 0 0 -194263.5 -4813595. 2.32095901286e+13 2.32095901286e+13 0 0
18.562 1 ATTITUDE 0.035385 0.859781 -0.084787
18.569 1 DESIRED 0. 0.01 0. -42. 82. 210. 6. 20.
18.570 1 ESTIMATOR -17. 0.
18.574 1 IMU_GYRO -0.045654 0.010498 -0.007324
18.577 1 BAT 880 100 0 0 0 11 11 0
18.824 1 ATTITUDE 0.035338 0.859812 -0.08481
18.827 1 WP_MOVED 1 360285. 4813715. 250. 31
18.829 1 CALIBRATION 0. 0
18.835 1 GPS 0 16602147 0 0 -17000 0 0 0 11250 31 13
18.837 1 SVINFO 13 15 16 1 0 -91 0
18.842 1 NAVIGATION 0 0 -194263.5 -4813595. 2.32095901286e+13 2.32095901286e+13 0 0
18.845 1 ATTITUDE 0.035354 0.859816 -0.084805
18.852 1 DESIRED 0. 0.01 0. -42. 82. 210. 6. 20.
18.855 1 ATTITUDE 0.035369 0.859806 -0.084784
18.858 1 ATTITUDE 0.035362 0.859833 -0.084791
18.865 1 DESIRED 0. 0.01 0. -42. 82. 210. 6. 20.
19.028 1 DOWNLINK_STATUS 0 19 10183 466 2 754. 34. -7560.06
19.113 1 GPS 0 16602147 0 0 -17000 0 0 0 11500 31 14
19.115 1 SVINFO 14 16 16 1 0 -91 0
19.117 1 DOWNLINK 6 919 495
19.122 1 NAVIGATION 0 0 -194263.5 -4813595. 2.32095901286e+13 2.32095901286e+13 0 0
19.125 1 CIRCLE 0. 120. 40.
19.128 1 ATTITUDE 0.035365 0.859796 -0.084784
19.131 1 ESTIMATOR -17. 0.
19.134 1 IMU_ACCEL 0.483398 -9.842773 0.483398
19.138 1 NAVIGATION 0 0 -194263.5 -4813595. 2.32095901286e+13 2.32095901286e+13 0 0
19.141 1 ATTITUDE 0.035378 0.859783 -0.084802
19.148 1 DESIRED 0. 0.01 0. -42. 82. 210. 6. 20.
19.151 1 WP_MOVED 0 360327. 4813637. 250. 31
19.398 1 IMU_GYRO -0.046631 0.009521 -0.008301
19.404 1 GPS 0 16602147 0 0 -17000 0 0 0 11750 31 15
19.406 1 SVINFO 15 17 16 1 0 -91 0
19.408 1 FBW_STATUS 0 48 0 100 0
19.414 1 NAVIGATION 0 0 -194263.5 -4813595. 2.32095901286e+13 2.32095901286e+13 0 0
19.417 1 ATTITUDE 0.035367 0.859764 -0.08483
19.420 1 ATTITUDE 0.035378 0.859766 -0.08483
19.426 1 DESIRED 0. 0.01 0. -42. 82. 210. 6. 20.
19.429 1 PPRZ_MODE 0 3 3 2 0 17
19.430 1 STATE_FILTER_STATUS 3 0
19.433 1 ATTITUDE 0.035385 0.859763 -0.084822
19.439 1 GPS 0 16602147 0 0 -17000 0 0 0 12000 31 16
19.441 1 SVINFO 0 2 16 1 0 -91 0
19.688 1 NAVIGATION 0 0 -194263.5 -4813595. 2.32095901286e+13 2.32095901286e+13 0 0
19.691 1 ATTITUDE 0.035365 0.859735 -0.084844
19.698 1 DESIRED 0. 0.01 0. -42. 82. 210. 6. 20.
19.700 1 ESTIMATOR -17. 0.
19.704 1 IMU_MAG -2.693359 -2.322754 -3.83252
19.707 1 ATTITUDE 0.035381 0.859721 -0.084802
19.710 1 WP_MOVED 1 360285. 4813715. 250. 31
19.714 1 BAT 880 100 0 0 0 12 12 0
19.720 1 GPS 0 16602147 0 0 -17000 0 0 0 12250 31 1
19.722 1 SVINFO 1 3 16 1 0 -91 0
19.727 1 NAVIGATION 0 0 -194263.5 -4813595. 2.32095901286e+13 2.32095901286e+13 0 0
19.972 1 ATTITUDE 0.035394 0.859683 -0.084835
19.979 1 DESIRED 0. 0.01 0. -42. 82. 210. 6. 20.
19.982 1 IMU_GYRO -0.046631 0.009521 -0.007324
19.985 1 ATTITUDE 0.035387 0.859662 -0.084812
19.988 1 IMU_ACCEL 0.478516 -9.804688 0.483398
19.991 1 ATTITUDE 0.035386 0.85964 -0.084812
20.007 1 WP_MOVED 0 360327. 4813637. 250. 31
20.013 1 GPS 0 16602147 0 0 -17000 0 0 0 12750 31 3
20.015 1 SVINFO 3 5 16 1 0 -91 0
20.028 1 DOWNLINK_STATUS 0 20 11144 511 3 961. 45. -7560.06
20.263 1 NAVIGATION 0 0 -194263.5 -4813595. 2.32095901286e+13 2.32095901286e+13 0 0
20.266 1 ATTITUDE 0.035404 0.859617 -0.084885
20.269 1 ATTITUDE 0.035407 0.859637 -0.084867
20.276 1 DESIRED 0. 0.01 0. -42. 82. 210. 6. 20.
20.279 1 IMU_GYRO -0.045654 0.010498 -0.007324
20.281 1 PPRZ_MODE 0 3 3 2 0 17
20.288 1 IMU_MAG -2.685547 -2.316895 -3.974609
20.291 1 ATTITUDE 0.035465 0.859574 -0.084979
20.297 1 DESIRED 0. 0.01 0. -42. 82. 210. 6. 20.
20.303 1 GPS 0 16602147 0 0 -17000 0 0 0 13500 31 6
20.548 1 SVINFO 6 9 16 1 0 -91 0
20.553 1 IMU_GYRO -0.045654 0.009521 -0.008301
20.555 1 NAVIGATION 0 0 -194263.5 -4813595. 2.32095901286e+13 2.32095901286e+13 0 0
20.558 1 ATTITUDE 0.035481 0.859581 -0.085002
20.561 1 ESTIMATOR -17. 0.
20.565 1 NAVIGATION 0 0 -194263.5 -4813595. 2.32095901286e+13 2.32095901286e+13 0 0
20.578 1 DESIRED 0. 0.01 0. -42. 82. 210. 6. 20.
20.583 1 GPS 0 16602147 0 0 -17000 0 0 0 14500 31 10
20.586 1 SVINFO 10 13 16 1 0 -91 0
20.590 1 NAVIGATION 0 0 -194263.5 -4813595. 2.32095901286e+13 2.32095901286e+13 0 0
21.029 1 DOWNLINK_STATUS 0 21 11608 531 5 464. 20. -12560.34
21.158 1 ATTITUDE 0.035435 0.859312 -0.085234
21.161 1 ESTIMATOR -17. 0.
21.165 1 NAVIGATION 0 0 -194263.5 -4813595. 2.32095901286e+13 2.32095901286e+13 0 0
21.168 1 GPS_SOL 649523968 100000 9999 0
21.172 1 ATTITUDE 0.035426 0.859337 -0.085288
21.186 1 SVINFO 11 14 16 1 0 -91 0
21.190 1 NAVIGATION 0 0 -194263.5 -4813595. 2.32095901286e+13 2.32095901286e+13 0 0
21.193 1 ATTITUDE 0.035408 0.859344 -0.085313
21.197 1 IMU_ACCEL 0.488281 -9.829102 0.506836
21.200 1 COMMANDS 880,224,196,0,-308
21.768 1 ATTITUDE 0.035421 0.859344 -0.085349
21.774 1 DESIRED 0. 0.01 0. -42. 82. 210. 6. 20.
21.776 1 PPRZ_MODE 0 3 3 2 0 17
21.779 1 ACTUATORS 1194,1559,1511,1511,1409
21.782 1 ATTITUDE 0.035437 0.859354 -0.085359
21.787 1 GPS 0 16602147 0 0 -17000 0 0 0 15000 31 12
21.790 1 SVINFO 12 15 16 1 0 -91 0
21.795 1 NAVIGATION 0 0 -194263.5 -4813595. 2.32095901286e+13 2.32095901286e+13 0 0
21.797 1 ATTITUDE 0.035456 0.859323 -0.085373
21.805 1 DESIRED 0. 0.01 0. -42. 82. 210. 6. 20.
21.807 1 ESTIMATOR -17. 0.
22.030 1 DOWNLINK_STATUS 0 22 12040 552 6 432. 21. -12560.34
22.437 1 ATTITUDE 0.035477 0.859343 -0.085361
22.440 1 WP_MOVED 1 360285. 4813715. 250. 31
22.446 1 GPS 0 16602147 0 0 -17000 0 0 0 15250 31 13
22.448 1 SVINFO 13 16 16 1 0 -91 0
22.453 1 NAVIGATION 0 0 -194263.5 -4813595. 2.32095901286e+13 2.32095901286e+13 0 0
22.456 1 ATTITUDE 0.035493 0.859319 -0.085367
22.463 1 DESIRED 0. 0.01 0. -42. 82. 210. 6. 20.
22.466 1 IMU_GYRO -0.046631 0.010498 -0.008301
22.469 1 ATTITUDE 0.035553 0.859303 -0.08535
22.471 1 CALIBRATION 0. 0
22.474 1 ATTITUDE 0.035571 0.859351 -0.085333
22.724 1 DESIRED 0. 0.01 0. -42. 82. 210. 6. 20.
22.729 1 GPS 0 16602147 0 0 -17000 0 0 0 15500 31 14
22.731 1 SVINFO 14 17 16 1 0 -91 0
22.735 1 BAT 887 100 0 0 0 15 15 0
22.739 1 NAVIGATION 0 0 -194263.5 -4813595. 2.32095901286e+13 2.32095901286e+13 0 0
22.743 1 ATTITUDE 0.035604 0.859347 -0.085313
22.745 1 ESTIMATOR -17. 0.
22.748 1 IMU_ACCEL 0.50293 -9.837891 0.541016
22.753 1 NAVIGATION 0 0 -194263.5 -4813595. 2.32095901286e+13 2.32095901286e+13 0 0
22.756 1 ATTITUDE 0.0356 0.859302 -0.08534
22.762 1 DESIRED 0. 0.01 0. -42. 82. 210. 6. 20.
22.766 1 WP_MOVED 0 360327. 4813637. 250. 31
23.015 1 GPS 0 16602147 0 0 -17000 0 0 0 15750 31 15
23.017 1 SVINFO 15 18 16 1 0 -91 0
23.020 1 CIRCLE 0. 120. 40.
23.023 1 FBW_STATUS 0 50 0 100 0
23.027 1 NAVIGATION 0 0 -194263.5 -4813595. 2.32095901286e+13 2.32095901286e+13 0 0
23.030 1 ATTITUDE 0.035634 0.859314 -0.085346
23.030 1 DOWNLINK_STATUS 0 23 12680 581 6 640. 29. -12560.34
23.034 1 ATTITUDE 0.035635 0.859258 -0.085329
23.040 1 DESIRED 0. 0.01 0. -42. 82. 210. 6. 20.
23.043 1 IMU_GYRO -0.046631 0.011475 -0.008301
23.045 1 PPRZ_MODE 0 3 3 2 0 17
23.049 1 ATTITUDE 0.035666 0.859268 -0.085354
23.054 1 GPS 0 16602147 0 0 -17000 0 0 0 16000 31 16
23.299 1 SVINFO 0 3 16 1 0 -91 0
23.302 1 IMU_MAG -2.685547 -2.319824 -3.973145
23.306 1 ENERGY 9.9 0. 0 0.
23.310 1 NAVIGATION 0 0 -194263.5 -4813595. 2.32095901286e+13 2.32095901286e+13 0 0
23.313 1 ATTITUDE 0.035647 0.859297 -0.085391
23.326 1 WP_MOVED 1 360285. 4813715. 250. 31
23.332 1 GPS 0 16602147 0 0 -17000 0 0 0 16250 31 1
23.334 1 SVINFO 1 4 16 1 0 -91 0
23.339 1 NAVIGATION 0 0 -194263.5 -4813595. 2.32095901286e+13 2.32095901286e+13 0 0
23.342 1 ATTITUDE 0.035685 0.859242 -0.085365
23.592 1 DESIRED 0. 0.01 0. -42. 82. 210. 6. 20.
23.592 1 STATE_FILTER_STATUS 3 0
23.597 1 ATTITUDE 0.035661 0.859271 -0.085364
23.600 1 IMU_ACCEL 0.493164 -9.814453 0.516602
23.603 1 ATTITUDE 0.035649 0.859277 -0.085384
23.609 1 DESIRED 0. 0.01 0. -42. 82. 210. 6. 20.
23.615 1 GPS 0 16602147 0 0 -17000 0 0 0 16500 31 2
23.618 1 SVINFO 2 5 16 1 0 -91 0
23.621 1 IMU_GYRO -0.045654 0.011475 -0.008301
23.625 1 NAVIGATION 0 0 -194263.5 -4813595. 2.32095901286e+13 2.32095901286e+13 0 0
23.627 1 ATTITUDE 0.035669 0.859287 -0.085408
23.873 1 ESTIMATOR -17. 0.
23.878 1 NAVIGATION 0 0 -194263.5 -4813595. 2.32095901286e+13 2.32095901286e+13 0 0
23.881 1 BAT 887 100 0 0 0 16 16 0
23.884 1 GPS_SOL 649525440 100000 9999 0
23.886 1 DOWNLINK 9 925 712
23.889 1 ATTITUDE 0.035699 0.859299 -0.085381
23.902 1 SVINFO 3 6 16 1 0 -91 0
23.907 1 NAVIGATION 0 0 -194263.5 -4813595. 2.32095901286e+13 2.32095901286e+13 0 0
23.910 1 ATTITUDE 0.035704 0.859248 -0.085374
23.913 1 CIRCLE 0. 120. 40.
23.916 1 ATTITUDE 0.0357 0.859244 -0.085392
24.030 1 DOWNLINK_STATUS 0 24 13473 619 8 793. 38. -12560.34
24.166 1 DESIRED 0. 0.01 0. -42. 82. 210. 6. 20.
24.167 1 PPRZ_MODE 0 3 3 2 0 17
24.170 1 ATTITUDE 0.035682 0.859252 -0.085445
24.176 1 GPS 0 16602147 0 0 -17000 0 0 0 17000 31 4
24.178 1 SVINFO 4 7 16 1 0 -91 0
24.180 1 DL_VALUE 0 0.
24.185 1 NAVIGATION 0 0 -194263.5 -4813595. 2.32095901286e+13 2.32095901286e+13 0 0
24.188 1 ATTITUDE 0.035711 0.859195 -0.085478
24.194 1 DESIRED 0. 0.01 0. -42. 82. 210. 6. 20.
24.197 1 ESTIMATOR -17. 0.
24.200 1 IMU_GYRO -0.044678 0.009521 -0.008301
24.203 1 ATTITUDE 0.03571 0.859136 -0.085511
24.450 1 WP_MOVED 1 360285. 4813715. 250. 31
24.453 1 IMU_ACCEL 0.478516 -9.814453 0.541016
24.459 1 GPS 0 16602147 0 0 -17000 0 0 0 17250 31 5
24.461 1 SVINFO 5 8 16 1 0 -91 0
24.466 1 NAVIGATION 0 0 -194263.5 -4813595. 2.32095901286e+13 2.32095901286e+13 0 0
24.477 1 IMU_MAG -2.682129 -2.314941 -3.98877
24.481 1 ATTITUDE 0.03575 0.859125 -0.085558
24.484 1 ATTITUDE 0.035762 0.859148 -0.085521
24.490 1 DESIRED 0. 0.01 0. -42. 82. 210. 6. 20.
24.739 1 GPS 0 16602147 0 0 -17000 0 0 0 17500 31 6
24.741 1 SVINFO 6 9 16 1 0 -91 0
24.743 1 CALIBRATION 0. 0
24.748 1 NAVIGATION 0 0 -194263.5 -4813595. 2.32095901286e+13 2.32095901286e+13 0 0
24.751 1 ATTITUDE 0.035781 0.859129 -0.085546
24.753 1 ESTIMATOR -17. 0.
24.765 1 GPS 0 16602147 0 0 -17000 0 0 0 18000 31 8
24.768 1 SVINFO 8 11 16 1 0 -91 0
24.771 1 IMU_ACCEL 0.478516 -9.829102 0.53125
24.775 1 NAVIGATION 0 0 -194263.5 -4813595. 2.32095901286e+13 2.32095901286e+13 0 0
24.778 1 ATTITUDE 0.035942 0.858994 -0.085653
25.028 1 DESIRED 0. 0.01 0. -42. 82. 210. 6. 20.
25.030 1 ESTIMATOR -17. 0.
25.031 1 DOWNLINK_STATUS 0 25 14211 653 10 738. 34. -12560.34
25.033 1 ATTITUDE 0.035906 0.858972 -0.085609
25.036 1 WP_MOVED 1 360285. 4813715. 250. 31
25.042 1 GPS 0 16602147 0 0 -17000 0 0 0 18250 31 9
25.051 1 ATTITUDE 0.035904 0.858912 -0.085629
25.053 1 ESTIMATOR -17. 0.
25.059 1 NAVIGATION 0 0 -194263.5 -4813595. 2.32095901286e+13 2.32095901286e+13 0 0
25.061 1 IMU_MAG -2.687012 -2.316895 -3.958496
25.064 1 GPS_SOL 649527040 100000 9999 0
25.217 1 WIND_INFO 1 42 0. 0. 0.
25.310 1 ATTITUDE 0.035939 0.858919 -0.085642
25.317 1 DESIRED 0. 0.01 0. -42. 82. 210. 6. 20.
25.320 1 WP_MOVED 0 360327. 4813637. 250. 31
25.326 1 GPS 0 16602147 0 0 -17000 0 0 0 18750 31 11
25.328 1 SVINFO 11 14 16 1 0 -91 0
25.338 1 WP_MOVED 1 360285. 4813715. 250. 31
25.343 1 GPS 0 16602147 0 0 -17000 0 0 0 19250 31 13
25.346 1 SVINFO 13 16 16 1 0 -91 0
25.350 1 NAVIGATION 0 0 -194263.5 -4813595. 2.32095901286e+13 2.32095901286e+13 0 0
25.353 1 ATTITUDE 0.035953 0.858851 -0.085633
26.032 1 DOWNLINK_STATUS 0 26 14609 671 12 398. 18. -17560.6
26.396 1 DESIRED 0. 0.01 0. -42. 82. 210. 6. 20.
26.399 1 ATTITUDE 0.035954 0.858903 -0.085604
26.402 1 NAVIGATION_REF 360285 4813595 31
26.404 1 ATTITUDE 0.035978 0.858894 -0.08563
26.412 1 DESIRED 0. 0.01 0. -42. 82. 210. 6. 20.
26.416 1 GPS 0 16602147 0 0 -17000 0 0 0 19500 31 14
26.419 1 SVINFO 14 17 16 1 0 -91 0
26.422 1 IMU_GYRO -0.045654 0.010498 -0.007324
26.427 1 NAVIGATION 0 0 -194263.5 -4813595. 2.32095901286e+13 2.32095901286e+13 0 0
26.430 1 ATTITUDE 0.035995 0.858891 -0.085603
26.432 1 ESTIMATOR -17. 0.
26.678 1 IMU_ACCEL 0.488281 -9.857422 0.488281
26.683 1 NAVIGATION 0 0 -194263.5 -4813595. 2.32095901286e+13 2.32095901286e+13 0 0
26.684 1 CALIBRATION 0. 0
26.688 1 ATTITUDE 0.036004 0.858903 -0.085627
26.694 1 DESIRED 0. 0.01 0. -42. 82. 210. 6. 20.
26.698 1 WP_MOVED 0 360327. 4813637. 250. 31
26.708 1 ATTITUDE 0.036019 0.85893 -0.085643
26.711 1 COMMANDS 880,224,196,0,-294
26.714 1 ATTITUDE 0.036073 0.858905 -0.085616
26.964 1 DESIRED 0. 0.01 0. -42. 82. 210. 6. 20.
26.966 1 PPRZ_MODE 0 3 3 2 0 17
26.970 1 BAT 880 100 0 0 0 20 20 0
26.973 1 IMU_MAG -2.665039 -2.30127 -3.963379
26.976 1 CIRCLE 0. 120. 40.
26.979 1 ACTUATORS 1194,1559,1511,1511,1409
26.982 1 ATTITUDE 0.036082 0.858893 -0.085595
26.995 1 DESIRED 0. 0.01 0. -42. 82. 210. 6. 20.
26.998 1 ESTIMATOR -17. 0.
27.001 1 IMU_GYRO -0.045654 0.009521 -0.007324
27.004 1 ATTITUDE 0.036104 0.858892 -0.085634
27.007 1 WP_MOVED 1 360285. 4813715. 250. 31
27.032 1 DOWNLINK_STATUS 0 27 15293 703 14 684. 32. -17560.6
27.257 1 GPS 0 16602147 0 0 -17000 0 0 0 20250 31 1
27.258 1 SVINFO 1 4 16 3 24 -91 0
27.264 1 NAVIGATION 0 0 -194263.5 -4813595. 2.32095901286e+13 2.32095901286e+13 0 0
27.266 1 ATTITUDE 0.036109 0.858889 -0.085642
27.273 1 DESIRED 0. 0.01 0. -42. 82. 210. 6. 20.
27.276 1 ATTITUDE 0.036201 0.858815 -0.085642
27.279 1 IMU_ACCEL 0.445312 -9.819336 0.483398
27.282 1 ATTITUDE 0.036223 0.858813 -0.08565
27.289 1 DESIRED 0. 0.01 0. -42. 82. 210. 6. 20.
27.295 1 GPS 0 16602147 0 0 -17000 0 0 0 20500 31 2
27.540 1 SVINFO 2 5 16 1 0 -91 0
27.544 1 NAVIGATION 0 0 -194263.5 -4813595. 2.32095901286e+13 2.32095901286e+13 0 0
27.547 1 ATTITUDE 0.036283 0.858826 -0.085675
27.550 1 ESTIMATOR -17. 0.
27.554 1 NAVIGATION 0 0 -194263.5 -4813595. 2.32095901286e+13 2.32095901286e+13 0 0
27.557 1 GPS_SOL 649528832 100000 9999 0
27.563 1 ATTITUDE 0.036291 0.858829 -0.085705
27.567 1 DESIRED 0. 0.01 0. -42. 82. 210. 6. 20.
27.570 1 WP_MOVED 0 360327. 4813637. 250. 31
27.574 1 IMU_GYRO -0.046631 0.009521 -0.007324
27.575 1 STATE_FILTER_STATUS 3 0
27.581 1 GPS 0 16602147 0 0 -17000 0 0 0 20750 31 3
27.825 1 SVINFO 3 6 16 2 25 -91 0
27.831 1 NAVIGATION 0 0 -194263.5 -4813595. 2.32095901286e+13 2.32095901286e+13 0 0
27.833 1 ATTITUDE 0.036319 0.85883 -0.085715
27.836 1 ATTITUDE 0.036346 0.858868 -0.085727
27.843 1 DESIRED 0. 0.01 0. -42. 82. 210. 6. 20.
27.845 1 PPRZ_MODE 0 3 3 2 0 17
27.848 1 ATTITUDE 0.036368 0.858839 -0.085698
27.854 1 GPS 0 16602147 0 0 -17000 0 0 0 21000 31 4
27.856 1 SVINFO 4 7 16 1 0 -91 0
27.859 1 CIRCLE 0. 120. 40.
27.863 1 BAT 880 100 0 0 0 21 21 0
27.867 1 ENERGY 10. 0. 0 0.
28.032 1 DOWNLINK_STATUS 0 28 16048 737 14 755. 34. -17560.6
28.115 1 NAVIGATION 0 0 -194263.5 -4813595. 2.32095901286e+13 2.32095901286e+13 0 0
28.118 1 ATTITUDE 0.036333 0.858911 -0.085694
28.125 1 DESIRED 0. 0.01 0. -42. 82. 210. 6. 20.
28.127 1 ESTIMATOR -17. 0.
28.131 1 ALIVE 16,159,191,5,134,69,199,24,6,50,2,0,189,197,80,196
28.134 1 ATTITUDE 0.036397 0.858932 -0.085741
28.143 1 IMU_MAG -2.682129 -2.316895 -3.971191
28.148 1 GPS 0 16602147 0 0 -17000 0 0 0 21250 31 5
28.150 1 SVINFO 5 8 16 1 0 -91 0
28.155 1 NAVIGATION 0 0 -194263.5 -4813595. 2.32095901286e+13 2.32095901286e+13 0 0
28.401 1 ATTITUDE 0.036427 0.858851 -0.085734
28.408 1 DESIRED 0. 0.01 0. -42. 82. 210. 6. 20.
28.411 1 IMU_GYRO -0.045654 0.011475 -0.007324
28.414 1 ATTITUDE 0.036428 0.858847 -0.085758
28.417 1 ATTITUDE 0.036458 0.858859 -0.085709
28.424 1 DESIRED 0. 0.01 0. -42. 82. 210. 6. 20.
28.429 1 GPS 0 16602147 0 0 -17000 0 0 0 21500 31 6
28.432 1 SVINFO 6 9 16 1 0 -91 0
28.434 1 DL_VALUE 3 0.
28.438 1 NAVIGATION 0 0 -194263.5 -4813595. 2.32095901286e+13 2.32095901286e+13 0 0
28.441 1 ATTITUDE 0.036462 0.858834 -0.085717
28.444 1 ESTIMATOR -17. 0.
28.692 1 NAVIGATION 0 0 -194263.5 -4813595. 2.32095901286e+13 2.32095901286e+13 0 0
28.694 1 ATTITUDE 0.036483 0.858845 -0.085722
28.700 1 DESIRED 0. 0.01 0. -42. 82. 210. 6. 20.
28.704 1 WP_MOVED 0 360327. 4813637. 250. 31
28.706 1 CALIBRATION 0. 0
28.708 1 DOWNLINK 10 918 927
28.719 1 ATTITUDE 0.036489 0.858776 -0.085724
28.722 1 ATTITUDE 0.036513 0.858771 -0.085728
28.729 1 DESIRED 0. 0.01 0. -42. 82. 210. 6. 20.
28.975 1 IMU_GYRO -0.045654 0.010498 -0.007324
28.977 1 PPRZ_MODE 0 3 3 2 0 17
28.980 1 ATTITUDE 0.03647 0.858782 -0.085716
28.986 1 GPS 0 16602147 0 0 -17000 0 0 0 22000 31 8
28.988 1 SVINFO 8 12 16 1 0 -91 0
28.991 1 IMU_ACCEL 0.506836 -9.829102 0.473633
28.996 1 NAVIGATION 0 0 -194263.5 -4813595. 2.32095901286e+13 2.32095901286e+13 0 0
29.006 1 DESIRED 0. 0.01 0. -42. 82. 210. 6. 20.
29.008 1 ESTIMATOR -17. 0.
29.012 1 BAT 887 100 0 0 0 22 22 0
29.015 1 ATTITUDE 0.036496 0.858771 -0.085691
29.019 1 WP_MOVED 1 360285. 4813715. 250. 31
29.033 1 DOWNLINK_STATUS 0 29 16988 780 17 940. 43. -17560.6
29.266 1 GPS 0 16602147 0 0 -17000 0 0 0 22250 31 9
29.269 1 SVINFO 9 13 16 1 0 -91 0
29.273 1 NAVIGATION 0 0 -194263.5 -4813595. 2.32095901286e+13 2.32095901286e+13 0 0
29.276 1 ATTITUDE 0.036528 0.858789 -0.085696
29.289 1 WP_MOVED 1 360285. 4813715. 250. 31
29.293 1 BAT 880 100 0 0 0 23 23 0
29.299 1 GPS 0 16602147 0 0 -17000 0 0 0 23250 31 13
29.301 1 SVINFO 13 17 16 1 0 -91 0
29.549 1 NAVIGATION 0 0 -194263.5 -4813595. 2.32095901286e+13 2.32095901286e+13 0 0
29.552 1 ATTITUDE 0.036913 0.858457 -0.085747
29.559 1 DESIRED 0. 0.01 0. -42. 82. 210. 6. 20.
29.564 1 ATTITUDE 0.036917 0.858507 -0.085701
29.565 1 ATTITUDE 0.036945 0.858486 -0.085712
29.572 1 DESIRED 0. 0.01 0. -42. 82. 210. 6. 20.
29.577 1 GPS 0 16602147 0 0 -17000 0 0 0 23500 31 14
29.579 1 SVINFO 14 18 16 1 0 -91 0
29.583 1 ENERGY 10. 0. 0 0.
29.588 1 NAVIGATION 0 0 -194263.5 -4813595. 2.32095901286e+13 2.32095901286e+13 0 0
29.591 1 ATTITUDE 0.036973 0.858476 -0.085718
29.835 1 ESTIMATOR -17. 0.
29.838 1 IMU_ACCEL 0.483398 -9.842773 0.521484
29.843 1 NAVIGATION 0 0 -194263.5 -4813595. 2.32095901286e+13 2.32095901286e+13 0 0
29.846 1 ATTITUDE 0.036978 0.858498 -0.085724
29.852 1 DESIRED 0. 0.01 0. -42. 82. 210. 6. 20.
29.856 1 WP_MOVED 0 360327. 4813637. 250. 31
29.865 1 SVINFO 15 19 16 1 0 -91 0
29.868 1 FBW_STATUS 0 50 0 100 0
29.872 1 NAVIGATION 0 0 -194263.5 -4813595. 2.32095901286e+13 2.32095901286e+13 0 0
29.875 1 ATTITUDE 0.036977 0.858511 -0.085679
29.878 1 IMU_MAG -2.682129 -2.316895 -3.957031
30.035 1 DOWNLINK_STATUS 0 30 17659 810 19 671. 30. -17560.6
30.122 1 CALIBRATION 0. 0
30.126 1 ATTITUDE 0.036979 0.858494 -0.085667
30.133 1 DESIRED 0. 0.01 0. -42. 82. 210. 6. 20.
30.134 1 PPRZ_MODE 0 3 3 2 0 17
30.137 1 ATTITUDE 0.037016 0.858482 -0.085674
30.143 1 GPS 0 16602147 0 0 -17000 0 0 0 24000 31 16
30.152 1 ATTITUDE 0.037067 0.858502 -0.085675
30.159 1 DESIRED 0. 0.01 0. -42. 82. 210. 6. 20.
30.161 1 ESTIMATOR -17. 0.
30.164 1 CIRCLE 0. 120. 40.
30.411 1 ATTITUDE 0.037049 0.858523 -0.085709
30.415 1 WP_MOVED 1 360285. 4813715. 250. 31
30.420 1 GPS 0 16602147 0 0 -17000 0 0 0 24250 31 1
30.423 1 SVINFO 1 5 16 1 0 -91 0
30.427 1 NAVIGATION 0 0 -194263.5 -4813595. 2.32095901286e+13 2.32095901286e+13 0 0
30.430 1 ATTITUDE 0.037005 0.858546 -0.085718
30.437 1 DESIRED 0. 0.01 0. -42. 82. 210. 6. 20.
30.440 1 IMU_GYRO -0.045654 0.010498 -0.007324
30.444 1 BAT 880 101 0 0 0 24 24 0
30.447 1 ATTITUDE 0.037008 0.858529 -0.08575
30.450 1 IMU_ACCEL 0.50293 -9.824219 0.498047
30.453 1 ATTITUDE 0.037046 0.85851 -0.085765
30.702 1 DESIRED 0. 0.01 0. -42. 82. 210. 6. 20.
30.708 1 GPS 0 16602147 0 0 -17000 0 0 0 24500 31 2
30.710 1 SVINFO 2 6 16 1 0 -91 0
30.712 1 DL_VALUE 5 0.
30.717 1 NAVIGATION 0 0 -194263.5 -4813595. 2.32095901286e+13 2.32095901286e+13 0 0
30.720 1 ATTITUDE 0.037035 0.858501 -0.085769
30.722 1 ESTIMATOR -17. 0.
30.727 1 NAVIGATION 0 0 -194263.5 -4813595. 2.32095901286e+13 2.32095901286e+13 0 0
30.730 1 GPS_SOL 649533056 100000 9999 0
30.733 1 ATTITUDE 0.037055 0.858466 -0.085758
30.740 1 DESIRED 0. 0.01 0. -42. 82. 210. 6. 20.
31.036 1 DOWNLINK_STATUS 0 31 18390 843 20 731. 33. -22561.27
31.356 1 WP_MOVED 0 360327. 4813637. 250. 31
31.362 1 GPS 0 16602147 0 0 -17000 0 0 0 24750 31 3
31.364 1 SVINFO 3 7 16 1 0 -91 0
31.369 1 NAVIGATION 0 0 -194263.5 -4813595. 2.32095901286e+13 2.32095901286e+13 0 0
31.372 1 ATTITUDE 0.037056 0.858443 -0.085768
31.375 1 COMMANDS 880,224,196,0,-294
31.378 1 ATTITUDE 0.037096 0.858471 -0.085798
31.385 1 DESIRED 0. 0.01 0. -42. 82. 210. 6. 20.
31.388 1 IMU_GYRO -0.046631 0.010498 -0.008301
31.390 1 PPRZ_MODE 0 3 3 2 0 17
31.393 1 ACTUATORS 1194,1559,1511,1511,1409
31.396 1 ATTITUDE 0.037125 0.858446 -0.085805
31.644 1 GPS 0 16602147 0 0 -17000 0 0 0 25000 31 4
31.646 1 SVINFO 4 8 16 1 0 -91 0
31.651 1 NAVIGATION 0 0 -194263.5 -4813595. 2.32095901286e+13 2.32095901286e+13 0 0
31.654 1 ATTITUDE 0.037135 0.858462 -0.085818
31.661 1 DESIRED 0. 0.01 0. -42. 82. 210. 6. 20.
31.670 1 WP_MOVED 1 360285. 4813715. 250. 31
31.673 1 IMU_ACCEL 0.506836 -9.819336 0.50293
31.676 1 CIRCLE 0. 120. 40.
31.682 1 GPS 0 16602147 0 0 -17000 0 0 0 25250 31 5
31.684 1 SVINFO 5 9 16 1 0 -91 0
31.933 1 NAVIGATION 0 0 -194263.5 -4813595. 2.32095901286e+13 2.32095901286e+13 0 0
31.936 1 ATTITUDE 0.037194 0.858406 -0.085783
31.942 1 DESIRED 0. 0.01 0. -42. 82. 210. 6. 20.
31.944 1 ATTITUDE 0.037201 0.858425 -0.085791
31.948 1 BAT 887 100 0 0 0 25 25 0
31.951 1 ATTITUDE 0.03726 0.858445 -0.085792
31.959 1 DESIRED 0. 0.01 0. -42. 82. 210. 6. 20.
31.964 1 GPS 0 16602147 0 0 -17000 0 0 0 25500 31 6
31.966 1 SVINFO 6 10 16 1 0 -91 0
31.969 1 IMU_GYRO -0.044678 0.008301 -0.008301
32.036 1 DOWNLINK_STATUS 0 32 19113 875 21 723. 32. -22561.27
32.218 1 NAVIGATION 0 0 -194263.5 -4813595. 2.32095901286e+13 2.32095901286e+13 0 0
32.221 1 ATTITUDE 0.037294 0.85851 -0.085863
32.223 1 ESTIMATOR -17. 0.
32.228 1 NAVIGATION 0 0 -194263.5 -4813595. 2.32095901286e+13 2.32095901286e+13 0 0
32.231 1 ATTITUDE 0.037303 0.858566 -0.085849
32.237 1 DESIRED 0. 0.01 0. -42. 82. 210. 6. 20.
32.247 1 SVINFO 7 11 16 1 0 -91 0
32.250 1 FBW_STATUS 0 51 0 100 0
32.254 1 NAVIGATION 0 0 -194263.5 -4813595. 2.32095901286e+13 2.32095901286e+13 0 0
32.257 1 ATTITUDE 0.037295 0.858459 -0.085858
32.260 1 ATTITUDE 0.037352 0.8584 -0.085881
32.510 1 DESIRED 0. 0.01 0. -42. 82. 210. 6. 20.
32.512 1 PPRZ_MODE 0 3 3 2 0 17
32.514 1 CALIBRATION 0. 0
32.517 1 ATTITUDE 0.037403 0.858397 -0.085895
32.522 1 GPS 0 16602147 0 0 -17000 0 0 0 26000 31 8
32.525 1 SVINFO 8 12 16 1 0 -91 0
32.534 1 ATTITUDE 0.03741 0.858354 -0.085934
32.540 1 DESIRED 0. 0.01 0. -42. 82. 210. 6. 20.
32.543 1 ESTIMATOR -17. 0.
32.546 1 IMU_GYRO -0.046631 0.009521 -0.008301
32.793 1 ALIVE 16,159,191,5,134,69,199,24,6,50,2,0,189,197,80,196
32.795 1 ATTITUDE 0.037481 0.858352 -0.085961
32.799 1 WP_MOVED 1 360285. 4813715. 250. 31
32.805 1 GPS 0 16602147 0 0 -17000 0 0 0 26250 31 9
32.807 1 SVINFO 9 13 16 1 0 -91 0
32.810 1 CIRCLE 0. 120. 40.
32.819 1 ATTITUDE 0.037527 0.858346 -0.086018
32.822 1 IMU_MAG -2.679199 -2.318359 -3.942871
32.825 1 ATTITUDE 0.037575 0.858354 -0.086026
32.832 1 DESIRED 0. 0.01 0. -42. 82. 210. 6. 20.
33.037 1 DOWNLINK_STATUS 0 33 19776 906 24 663. 31. -22561.27
33.081 1 GPS 0 16602147 0 0 -17000 0 0 0 26500 31 10
33.083 1 SVINFO 10 15 16 1 0 -91 0
33.087 1 BAT 880 100 0 0 0 26 26 0
33.092 1 NAVIGATION 0 0 -194263.5 -4813595. 2.32095901286e+13 2.32095901286e+13 0 0
33.095 1 ATTITUDE 0.037624 0.85833 -0.086039
33.097 1 ESTIMATOR -17. 0.
33.102 1 NAVIGATION 0 0 -194263.5 -4813595. 2.32095901286e+13 2.32095901286e+13 0 0
33.105 1 GPS_SOL 649535424 100000 9999 0
33.108 1 ATTITUDE 0.037558 0.858382 -0.086051
33.114 1 DESIRED 0. 0.01 0. -42. 82. 210. 6. 20.
33.118 1 WP_MOVED 0 360327. 4813637. 250. 31
33.121 1 IMU_GYRO -0.045654 0.010498 -0.007324
33.370 1 GPS 0 16602147 0 0 -17000 0 0 0 26750 31 11
33.372 1 SVINFO 11 16 16 1 0 -91 0
33.376 1 NAVIGATION 0 0 -194263.5 -4813595. 2.32095901286e+13 2.32095901286e+13 0 0
33.380 1 ATTITUDE 0.037516 0.858337 -0.086054
33.383 1 IMU_ACCEL 0.483398 -9.819336 0.550781
33.385 1 DOWNLINK 11 931 1145
33.388 1 ATTITUDE 0.037536 0.858333 -0.086049
33.394 1 DESIRED 0. 0.01 0. -42. 82. 210. 6. 20.
33.396 1 PPRZ_MODE 0 3 3 2 0 17
33.400 1 ATTITUDE 0.03754 0.858318 -0.086063
33.405 1 GPS 0 16602147 0 0 -17000 0 0 0 27000 31 12
33.408 1 SVINFO 12 17 16 1 0 -91 0
33.656 1 NAVIGATION 0 0 -194263.5 -4813595. 2.32095901286e+13 2.32095901286e+13 0 0
33.659 1 ATTITUDE 0.037522 0.858343 -0.086096
33.666 1 DESIRED 0. 0.01 0. -42. 82. 210. 6. 20.
33.667 1 ESTIMATOR -17. 0.
33.670 1 ATTITUDE 0.037538 0.858352 -0.086097
33.675 1 WP_MOVED 1 360285. 4813715. 250. 31
33.680 1 GPS 0 16602147 0 0 -17000 0 0 0 27250 31 13
33.682 1 SVINFO 13 18 16 1 0 -91 0
33.687 1 NAVIGATION 0 0 -194263.5 -4813595. 2.32095901286e+13 2.32095901286e+13 0 0
33.690 1 ATTITUDE 0.037536 0.858336 -0.08609
33.697 1 DESIRED 0. 0.01 0. -42. 82. 210. 6. 20.
33.943 1 IMU_GYRO -0.047852 0.010498 -0.008301
33.946 1 CIRCLE 0. 120. 40.
33.948 1 STATE_FILTER_STATUS 3 0
33.951 1 ATTITUDE 0.037594 0.858366 -0.08611
33.954 1 ATTITUDE 0.03765 0.858305 -0.086138
33.961 1 DESIRED 0. 0.01 0. -42. 82. 210. 6. 20.
33.967 1 GPS 0 16602147 0 0 -17000 0 0 0 27500 31 14
33.969 1 SVINFO 14 19 16 1 0 -91 0
33.971 1 DL_VALUE 7 0.
33.975 1 NAVIGATION 0 0 -194263.5 -4813595. 2.32095901286e+13 2.32095901286e+13 0 0
33.979 1 ATTITUDE 0.03764 0.858294 -0.086163
33.981 1 ESTIMATOR -17. 0.
33.984 1 IMU_ACCEL 0.478516 -9.842773 0.488281
34.037 1 DOWNLINK_STATUS 0 34 20808 954 24 1032. 48. -22561.27
35.038 1 DOWNLINK_STATUS 0 35 20808 954 24 0. 0. -22561.27
35.217 1 WIND_INFO 1 42 0. 0. 0.
