8.168 1 NAVIGATION 0 2 0. 0. 0. 0. 0 0
8.171 1 ATTITUDE 1.653603 3.01356 -0.068361
8.303 1 ATTITUDE 1.653574 3.013636 -0.068344
8.309 1 GPS 0 0 0 0 0 0 0 0 0 0 1
8.312 1 GPS_SOL 0 0 0 0
8.435 1 ATTITUDE 1.653562 3.013679 -0.068345
8.440 1 NAVIGATION 0 2 0. 0. 0. 0. 0 0
8.443 1 ATTITUDE 1.653599 3.013729 -0.068324
8.532 1 ATTITUDE 1.653599 3.013796 -0.068402
8.652 1 NAVIGATION 0 2 0. 0. 0. 0. 0 0
8.655 1 ATTITUDE 1.653667 3.013801 -0.068429
8.774 1 ATTITUDE 1.653672 3.013808 -0.068446
8.779 1 GPS 0 0 0 0 0 0 0 0 0 0 1
8.891 1 ATTITUDE 1.653728 3.01389 -0.068443
8.896 1 NAVIGATION 0 2 0. 0. 0. 0. 0 0
8.935 1 DOWNLINK_STATUS 0 9 691 32 0 422. 20. 0.
8.998 1 ATTITUDE 1.65371 3.013873 -0.06849
9.130 1 ATTITUDE 1.653709 3.013894 -0.068541
9.132 1 FBW_STATUS 0 50 0 91 0
9.137 1 NAVIGATION 0 2 0. 0. 0. 0. 0 0
9.140 1 ATTITUDE 1.653705 3.013996 -0.068564
9.255 1 ATTITUDE 1.653737 3.01403 -0.068602
9.261 1 GPS 0 0 0 0 0 0 0 0 0 0 1
9.383 1 ATTITUDE 1.653758 3.014076 -0.068625
9.385 1 PPRZ_MODE 0 0 0 0 0 17
9.390 1 NAVIGATION 0 2 0. 0. 0. 0. 0 0
9.480 1 ATTITUDE 1.653746 3.01412 -0.06863
9.598 1 ATTITUDE 1.653699 3.014098 -0.068667
9.602 1 NAVIGATION 0 2 0. 0. 0. 0. 0 0
9.734 1 ATTITUDE 1.653699 3.014149 -0.068671
9.737 1 ATTITUDE 1.653668 3.014143 -0.068692
9.851 1 GPS 0 0 0 0 0 0 0 0 0 0 1
9.854 1 ATTITUDE 1.653662 3.014143 -0.068696
9.858 1 NAVIGATION 0 2 0. 0. 0. 0. 0 0
9.935 1 DOWNLINK_STATUS 0 10 1068 50 0 377. 18. 0.
9.951 1 ATTITUDE 1.653643 3.014154 -0.068728
10.048 1 ATTITUDE 1.653691 3.014143 -0.068813
10.168 1 NAVIGATION 0 2 0. 0. 0. 0. 0 0
10.170 1 ATTITUDE 1.653727 3.01421 -0.068843
10.289 1 ATTITUDE 1.653713 3.014204 -0.06888
10.295 1 GPS 0 0 0 0 0 0 0 0 0 0 1
10.409 1 ATTITUDE 1.653736 3.014235 -0.068897
10.414 1 NAVIGATION 0 2 0. 0. 0. 0. 0 0
10.758 1 ATTITUDE 1.65375 3.014246 -0.068964
10.761 1 ATTITUDE 1.653726 3.014266 -0.069008
10.878 1 NAVIGATION 0 2 0. 0. 0. 0. 0 0
10.881 1 ATTITUDE 1.653728 3.01429 -0.068998
10.935 1 DOWNLINK_STATUS 0 11 1323 62 0 255. 12. -1.39588328899e+12
11.000 1 ATTITUDE 1.653764 3.014296 -0.069017
11.006 1 GPS 0 0 0 0 0 0 0 0 0 0 1
11.121 1 PONG 
11.124 1 ATTITUDE 1.653767 3.014321 -0.069034
11.128 1 NAVIGATION 0 2 0. 0. 0. 0. 0 0
11.220 1 ATTITUDE 1.653714 3.014353 -0.069007
11.364 1 ATTITUDE 1.653711 3.014402 -0.068992
11.366 1 FBW_STATUS 0 49 0 91 0
11.371 1 NAVIGATION 0 2 0. 0. 0. 0. 0 0
11.374 1 ATTITUDE 1.653719 3.014434 -0.069082
11.487 1 ATTITUDE 1.653784 3.014463 -0.069091
11.493 1 GPS 0 0 0 0 0 0 0 0 0 0 1
11.585 1 ATTITUDE 1.653784 3.014481 -0.069053
11.704 1 NAVIGATION 0 2 0. 0. 0. 0. 0 0
11.707 1 ATTITUDE 1.653804 3.014518 -0.069078
11.821 1 ATTITUDE 1.653825 3.014541 -0.069128
11.825 1 NAVIGATION 0 2 0. 0. 0. 0. 0 0
11.918 1 ATTITUDE 1.65386 3.014553 -0.069185
11.936 1 DOWNLINK_STATUS 0 12 1694 80 0 371. 18. 689.17
12.055 1 ATTITUDE 1.653876 3.014572 -0.069187
12.061 1 GPS 0 0 0 0 0 0 0 0 0 0 1
12.064 1 ATTITUDE 1.653886 3.014585 -0.069188
12.175 1 NAVIGATION 0 2 0. 0. 0. 0. 0 0
12.178 1 ATTITUDE 1.653892 3.014597 -0.069208
12.271 1 ATTITUDE 1.653932 3.014608 -0.069256
12.391 1 NAVIGATION 0 2 0. 0. 0. 0. 0 0
12.394 1 ATTITUDE 1.653954 3.014654 -0.069283
12.533 1 COMMANDS 26,196,210,-9548,266
12.535 1 ATTITUDE 1.653949 3.014667 -0.069279
12.541 1 GPS 0 0 0 0 0 0 0 0 0 0 1
12.654 1 ACTUATORS 1238,1608,1394,1690,1351
12.658 1 ATTITUDE 1.653974 3.014708 -0.069218
12.662 1 NAVIGATION 0 2 0. 0. 0. 0. 0 0
12.755 1 ATTITUDE 1.653966 3.014732 -0.06922
12.886 1 ATTITUDE 1.653963 3.014748 -0.069219
12.890 1 NAVIGATION 0 2 0. 0. 0. 0. 0 0
12.893 1 ATTITUDE 1.654004 3.014766 -0.069268
12.937 1 DOWNLINK_STATUS 0 13 2078 98 0 384. 18. 689.17
13.009 1 ATTITUDE 1.654032 3.014798 -0.069317
13.014 1 GPS 0 0 0 0 0 0 0 0 0 0 1
13.127 1 ATTITUDE 1.654034 3.014846 -0.069293
13.131 1 NAVIGATION 0 2 0. 0. 0. 0. 0 0
13.224 1 ATTITUDE 1.6541 3.014866 -0.069355
13.367 1 ATTITUDE 1.654051 3.014916 -0.069354
13.370 1 FBW_STATUS 0 49 0 91 0
13.374 1 NAVIGATION 0 2 0. 0. 0. 0. 0 0
13.378 1 ATTITUDE 1.654013 3.014953 -0.069377
13.490 1 ATTITUDE 1.654017 3.01501 -0.069347
13.496 1 GPS 0 0 0 0 0 0 0 0 0 0 1
13.593 1 ATTITUDE 1.654046 3.015035 -0.069393
13.705 1 NAVIGATION 0 2 0. 0. 0. 0. 0 0
13.709 1 ATTITUDE 1.65409 3.01503 -0.069378
13.828 1 ATTITUDE 1.654159 3.015018 -0.06939
13.834 1 NAVIGATION 0 2 0. 0. 0. 0. 0 0
13.937 1 ATTITUDE 1.654167 3.015046 -0.069382
13.938 1 DOWNLINK_STATUS 0 14 2443 115 0 365. 17. 689.17
13.940 1 ATTITUDE 1.654195 3.015051 -0.069424
14.058 1 GPS 0 0 0 0 0 0 0 0 0 0 1
14.061 1 ATTITUDE 1.654218 3.015119 -0.069453
14.176 1 NAVIGATION 0 2 0. 0. 0. 0. 0 0
14.179 1 ATTITUDE 1.654213 3.015099 -0.069503
14.272 1 ATTITUDE 1.654265 3.015104 -0.0695
14.391 1 NAVIGATION 0 2 0. 0. 0. 0. 0 0
14.394 1 ATTITUDE 1.654316 3.015111 -0.069521
14.512 1 ATTITUDE 1.654303 3.015131 -0.069523
14.518 1 GPS 0 0 0 0 0 0 0 0 0 0 1
14.630 1 ATTITUDE 1.654322 3.01516 -0.069572
14.635 1 NAVIGATION 0 2 0. 0. 0. 0. 0 0
14.728 1 ATTITUDE 1.654335 3.015168 -0.069559
14.858 1 ATTITUDE 1.654312 3.015205 -0.069565
14.864 1 NAVIGATION 0 2 0. 0. 0. 0. 0 0
14.866 1 ATTITUDE 1.654335 3.015199 -0.069587
14.938 1 DOWNLINK_STATUS 0 15 2793 131 0 350. 16. 689.17
14.983 1 ATTITUDE 1.654297 3.015208 -0.069616
14.989 1 GPS 0 0 0 0 0 0 0 0 0 0 1
15.100 1 ATTITUDE 1.654329 3.015278 -0.06963
15.105 1 NAVIGATION 0 2 0. 0. 0. 0. 0 0
15.197 1 ATTITUDE 1.654299 3.01533 -0.069593
15.327 1 ATTITUDE 1.654331 3.015331 -0.069595
15.329 1 FBW_STATUS 0 46 0 91 0
15.334 1 NAVIGATION 0 2 0. 0. 0. 0. 0 0
15.464 1 ATTITUDE 1.654303 3.015376 -0.069628
15.467 1 ATTITUDE 1.654282 3.015372 -0.069703
15.473 1 GPS 0 0 0 0 0 0 0 0 0 0 1
15.712 1 ATTITUDE 1.654296 3.015371 -0.069704
15.714 1 PPRZ_MODE 0 0 0 0 0 17
15.939 1 DOWNLINK_STATUS 0 16 3064 144 0 271. 13. -4311.85
16.528 1 NAVIGATION 0 2 0. 0. 0. 0. 0 0
16.531 1 ATTITUDE 1.654299 3.015407 -0.069734
16.624 1 ATTITUDE 1.654385 3.015453 -0.069779
16.742 1 NAVIGATION 0 2 0. 0. 0. 0. 0 0
16.746 1 ATTITUDE 1.654369 3.015485 -0.069806
16.864 1 ATTITUDE 1.654377 3.015533 -0.069782
16.870 1 GPS 0 0 0 0 0 0 0 0 0 0 1
16.939 1 DOWNLINK_STATUS 0 17 3221 151 0 157. 7. -4311.85
16.962 1 ATTITUDE 1.654405 3.015523 -0.069777
17.081 1 NAVIGATION 0 2 0. 0. 0. 0. 0 0
17.084 1 ATTITUDE 1.654421 3.015523 -0.069794
17.176 1 ATTITUDE 1.654509 3.015491 -0.069891
17.295 1 NAVIGATION 0 2 0. 0. 0. 0. 0 0
17.297 1 ATTITUDE 1.654548 3.015491 -0.069879
17.430 1 ATTITUDE 1.654609 3.015507 -0.069837
17.436 1 GPS 0 0 0 0 0 0 0 0 0 0 1
17.439 1 ATTITUDE 1.654634 3.015564 -0.069934
17.604 1 NAVIGATION 0 2 0. 0. 0. 0. 0 0
17.607 1 ATTITUDE 1.654644 3.015651 -0.06995
17.608 1 PONG 
17.611 1 ATTITUDE 1.654649 3.015642 -0.069927
17.616 1 NAVIGATION 0 2 0. 0. 0. 0. 0 0
17.619 1 ATTITUDE 1.654649 3.015697 -0.069894
17.726 1 ATTITUDE 1.654677 3.01579 -0.06994
17.732 1 GPS 0 0 0 0 0 0 0 0 0 0 1
17.843 1 ATTITUDE 1.654747 3.015855 -0.069997
17.848 1 NAVIGATION 0 2 0. 0. 0. 0. 0 0
17.940 1 DOWNLINK_STATUS 0 18 3621 170 0 400. 19. 2175.62
17.941 1 ATTITUDE 1.654779 3.015872 -0.070024
18.037 1 ATTITUDE 1.654754 3.015958 -0.070076
18.180 1 FBW_STATUS 0 48 0 91 0
18.185 1 NAVIGATION 0 2 0. 0. 0. 0. 0 0
18.188 1 ATTITUDE 1.654717 3.016003 -0.070022
18.191 1 COMMANDS 26,196,210,-9548,266
18.297 1 WIND_INFO 1 42 0. 0. 0.
18.317 1 ATTITUDE 1.654776 3.016031 -0.070031
18.323 1 GPS 0 0 0 0 0 0 0 0 0 0 1
18.325 1 ACTUATORS 1238,1608,1395,1690,1351
18.684 1 ATTITUDE 1.654725 3.01607 -0.070057
18.689 1 NAVIGATION 0 2 0. 0. 0. 0. 0 0
18.692 1 ATTITUDE 1.654695 3.016119 -0.070058
18.781 1 ATTITUDE 1.654706 3.016161 -0.07007
18.941 1 DOWNLINK_STATUS 0 19 3881 183 0 260. 13. 2175.62
18.958 1 NAVIGATION 0 2 0. 0. 0. 0. 0 0
18.962 1 ATTITUDE 1.65471 3.01619 -0.070053
18.965 1 BAT 26 91 0 0 1 20 0 0
18.968 1 ATTITUDE 1.65472 3.016265 -0.070072
18.974 1 GPS 0 0 0 0 0 0 0 0 0 0 1
19.075 1 ATTITUDE 1.654714 3.0163 -0.070128
19.188 1 NAVIGATION 0 2 0. 0. 0. 0. 0 0
19.191 1 ATTITUDE 1.654696 3.016306 -0.070169
19.195 1 ALIVE 83,55,125,127,85,82,170,93,238,61,2,10,204,87,5,205
19.287 1 ATTITUDE 1.654758 3.016316 -0.070232
19.406 1 NAVIGATION 0 2 0. 0. 0. 0. 0 0
19.410 1 ATTITUDE 1.65473 3.016387 -0.070259
19.529 1 ATTITUDE 1.654705 3.016438 -0.070266
19.535 1 GPS 0 0 0 0 0 0 0 0 0 0 1
19.669 1 ATTITUDE 1.654741 3.016498 -0.070256
19.674 1 NAVIGATION 0 2 0. 0. 0. 0. 0 0
19.677 1 ATTITUDE 1.654728 3.016523 -0.070229
19.679 1 DOWNLINK 0 375 381
19.856 1 ATTITUDE 1.654783 3.0166 -0.070246
19.861 1 NAVIGATION 0 2 0. 0. 0. 0. 0 0
19.864 1 ATTITUDE 1.654782 3.016635 -0.070278
19.867 1 ATTITUDE 1.654784 3.016619 -0.07029
19.873 1 GPS 0 0 0 0 0 0 0 0 0 0 1
19.876 1 GPS_SOL 0 0 0 0
19.941 1 DOWNLINK_STATUS 0 20 4398 207 0 517. 24. 2175.62
19.975 1 ATTITUDE 1.65481 3.016679 -0.070324
19.979 1 NAVIGATION 0 2 0. 0. 0. 0. 0 0
20.086 1 ATTITUDE 1.654799 3.016729 -0.070326
20.089 1 ATTITUDE 1.654823 3.016763 -0.07033
20.215 1 FBW_STATUS 0 50 0 91 0
20.220 1 NAVIGATION 0 2 0. 0. 0. 0. 0 0
20.223 1 ATTITUDE 1.654818 3.016701 -0.070369
20.346 1 ATTITUDE 1.654851 3.016767 -0.070377
20.351 1 GPS 0 0 0 0 0 0 0 0 0 0 1
20.456 1 ATTITUDE 1.654901 3.016812 -0.070374
20.460 1 NAVIGATION 0 2 0. 0. 0. 0. 0 0
20.943 1 DOWNLINK_STATUS 0 21 4632 218 0 234. 11. -2824.78
21.006 1 ATTITUDE 1.654873 3.016858 -0.070354
21.009 1 ATTITUDE 1.654884 3.016885 -0.070379
21.124 1 NAVIGATION 0 2 0. 0. 0. 0. 0 0
21.127 1 ATTITUDE 1.654846 3.016896 -0.070407
21.246 1 ATTITUDE 1.654841 3.016918 -0.070412
21.252 1 GPS 0 0 0 0 0 0 0 0 0 0 1
21.378 1 ATTITUDE 1.654853 3.016938 -0.070385
21.383 1 NAVIGATION 0 2 0. 0. 0. 0. 0 0
21.386 1 ATTITUDE 1.654822 3.01696 -0.070403
21.491 1 ATTITUDE 1.654813 3.016977 -0.070454
21.590 1 NAVIGATION 0 2 0. 0. 0. 0. 0 0
21.594 1 ATTITUDE 1.65482 3.017028 -0.070448
21.730 1 ATTITUDE 1.654791 3.017064 -0.07043
21.736 1 GPS 0 0 0 0 0 0 0 0 0 0 1
21.738 1 ATTITUDE 1.654796 3.017096 -0.070465
21.849 1 NAVIGATION 0 2 0. 0. 0. 0. 0 0
21.851 1 ATTITUDE 1.654778 3.017143 -0.070423
21.944 1 DOWNLINK_STATUS 0 22 5000 235 0 368. 17. -2824.78
21.944 1 ATTITUDE 1.654812 3.01717 -0.070445
22.221 1 NAVIGATION 0 2 0. 0. 0. 0. 0 0
22.224 1 ATTITUDE 1.654803 3.017243 -0.070473
22.227 1 ATTITUDE 1.654812 3.017281 -0.070408
22.233 1 GPS 0 0 0 0 0 0 0 0 0 0 1
22.236 1 ATTITUDE 1.654745 3.017285 -0.070375
22.240 1 NAVIGATION 0 2 0. 0. 0. 0. 0 0
22.243 1 ATTITUDE 1.654747 3.017327 -0.070328
22.247 1 ATTITUDE 1.654735 3.017306 -0.070391
22.248 1 PONG 
22.250 1 FBW_STATUS 0 48 0 91 0
22.255 1 NAVIGATION 0 2 0. 0. 0. 0. 0 0
22.258 1 ATTITUDE 1.654728 3.017338 -0.07043
22.343 1 ATTITUDE 1.654733 3.017374 -0.070489
22.348 1 GPS 0 0 0 0 0 0 0 0 0 0 1
22.470 1 ATTITUDE 1.65469 3.017392 -0.07047
22.472 1 PPRZ_MODE 0 0 0 0 0 17
22.476 1 NAVIGATION 0 2 0. 0. 0. 0. 0 0
22.566 1 ATTITUDE 1.654585 3.017441 -0.070394
22.696 1 ATTITUDE 1.6546 3.017459 -0.070335
22.701 1 NAVIGATION 0 2 0. 0. 0. 0. 0 0
22.798 1 ATTITUDE 1.654639 3.017453 -0.070363
22.801 1 ATTITUDE 1.654663 3.017421 -0.070391
22.940 1 GPS 0 0 0 0 0 0 0 0 0 0 1
22.944 1 ATTITUDE 1.65473 3.017449 -0.070416
22.944 1 DOWNLINK_STATUS 0 23 5514 260 0 514. 25. 1815.27
22.948 1 NAVIGATION 0 2 0. 0. 0. 0. 0 0
23.037 1 ATTITUDE 1.65475 3.017462 -0.070395
23.134 1 ATTITUDE 1.654775 3.017459 -0.070393
23.334 1 NAVIGATION 0 2 0. 0. 0. 0. 0 0
23.337 1 ATTITUDE 1.654727 3.017489 -0.070369
23.340 1 COMMANDS 26,224,210,-9548,266
23.343 1 ATTITUDE 1.654719 3.017557 -0.070347
23.349 1 GPS 0 0 0 0 0 0 0 0 0 0 1
23.352 1 ACTUATORS 1238,1608,1394,1690,1351
23.355 1 ATTITUDE 1.654733 3.017613 -0.070385
23.452 1 NAVIGATION 0 2 0. 0. 0. 0. 0 0
23.456 1 ATTITUDE 1.654653 3.017649 -0.070362
23.549 1 ATTITUDE 1.654678 3.017682 -0.070378
23.668 1 NAVIGATION 0 2 0. 0. 0. 0. 0 0
23.671 1 ATTITUDE 1.65469 3.01772 -0.070336
23.804 1 ATTITUDE 1.65469 3.017707 -0.070353
23.809 1 GPS 0 0 0 0 0 0 0 0 0 0 1
23.813 1 ATTITUDE 1.65469 3.017729 -0.070336
23.923 1 NAVIGATION 0 2 0. 0. 0. 0. 0 0
23.926 1 ATTITUDE 1.654722 3.017735 -0.070346
23.944 1 DOWNLINK_STATUS 0 24 5942 280 0 428. 20. 1815.27
24.018 1 ATTITUDE 1.654763 3.017795 -0.070336
24.149 1 NAVIGATION 0 2 0. 0. 0. 0. 0 0
24.151 1 FBW_STATUS 0 50 0 91 0
24.155 1 ATTITUDE 1.654766 3.017808 -0.070314
24.270 1 ATTITUDE 1.65474 3.017818 -0.070293
24.277 1 GPS 0 0 0 0 0 0 0 0 0 0 1
24.402 1 ATTITUDE 1.654776 3.017841 -0.070325
24.407 1 NAVIGATION 0 2 0. 0. 0. 0. 0 0
24.410 1 ATTITUDE 1.654802 3.017868 -0.070334
24.500 1 ATTITUDE 1.654826 3.017863 -0.070315
24.619 1 NAVIGATION 0 2 0. 0. 0. 0. 0 0
24.622 1 ATTITUDE 1.654826 3.017875 -0.070327
24.741 1 ATTITUDE 1.654819 3.017928 -0.070338
24.746 1 GPS 0 0 0 0 0 0 0 0 0 0 1
24.873 1 ATTITUDE 1.654828 3.017972 -0.070368
24.878 1 NAVIGATION 0 2 0. 0. 0. 0. 0 0
24.881 1 ATTITUDE 1.654782 3.017996 -0.070347
24.945 1 DOWNLINK_STATUS 0 25 6307 297 0 365. 17. 1815.27
24.970 1 ATTITUDE 1.654782 3.018041 -0.070307
25.089 1 NAVIGATION 0 2 0. 0. 0. 0. 0 0
25.092 1 ATTITUDE 1.654789 3.018067 -0.07026
25.212 1 ATTITUDE 1.654773 3.018107 -0.070239
25.217 1 GPS 0 0 0 0 0 0 0 0 0 0 1
25.330 1 ATTITUDE 1.654832 3.018128 -0.07027
25.334 1 NAVIGATION 0 2 0. 0. 0. 0. 0 0
25.441 1 ATTITUDE 1.654818 3.018192 -0.070245
25.444 1 ATTITUDE 1.654802 3.018256 -0.070261
25.806 1 NAVIGATION 0 2 0. 0. 0. 0. 0 0
25.809 1 ATTITUDE 1.654826 3.01826 -0.070292
25.928 1 ATTITUDE 1.65481 3.018297 -0.070311
25.934 1 GPS 0 0 0 0 0 0 0 0 0 0 1
25.944 1 DOWNLINK_STATUS 0 26 6595 310 0 288. 13. -3185.68
26.046 1 ATTITUDE 1.654819 3.018381 -0.070347
26.051 1 NAVIGATION 0 2 0. 0. 0. 0. 0 0
26.144 1 ATTITUDE 1.654811 3.018456 -0.070284
26.241 1 ATTITUDE 1.654815 3.018488 -0.070249
26.371 1 FBW_STATUS 0 47 0 91 0
26.375 1 NAVIGATION 0 2 0. 0. 0. 0. 0 0
26.378 1 ATTITUDE 1.654796 3.018528 -0.070301
26.509 1 ATTITUDE 1.654817 3.018549 -0.070308
26.514 1 GPS 0 0 0 0 0 0 0 0 0 0 1
26.517 1 ATTITUDE 1.65482 3.018576 -0.070274
26.627 1 NAVIGATION 0 2 0. 0. 0. 0. 0 0
26.630 1 ATTITUDE 1.654838 3.018574 -0.070333
26.723 1 ATTITUDE 1.654825 3.018605 -0.070346
26.938 1 NAVIGATION 0 2 0. 0. 0. 0. 0 0
26.941 1 ATTITUDE 1.65481 3.018634 -0.070339
26.944 1 ATTITUDE 1.654817 3.018644 -0.070325
26.945 1 DOWNLINK_STATUS 0 27 6927 326 0 332. 16. -3185.68
26.950 1 GPS 0 0 0 0 0 0 0 0 0 0 1
26.953 1 ATTITUDE 1.654812 3.018635 -0.070347
26.954 1 PONG 
26.959 1 NAVIGATION 0 2 0. 0. 0. 0. 0 0
26.962 1 ATTITUDE 1.654812 3.018609 -0.070361
27.034 1 ATTITUDE 1.654797 3.018628 -0.070419
27.153 1 NAVIGATION 0 2 0. 0. 0. 0. 0 0
27.156 1 ATTITUDE 1.654773 3.018649 -0.070384
27.275 1 ATTITUDE 1.654818 3.01864 -0.070358
27.281 1 GPS 0 0 0 0 0 0 0 0 0 0 1
27.393 1 ATTITUDE 1.654818 3.018704 -0.070332
27.398 1 NAVIGATION 0 2 0. 0. 0. 0. 0 0
27.490 1 ATTITUDE 1.654795 3.018749 -0.070317
27.623 1 ATTITUDE 1.654833 3.018786 -0.070337
27.628 1 NAVIGATION 0 2 0. 0. 0. 0. 0 0
27.630 1 ATTITUDE 1.654811 3.01883 -0.070319
27.745 1 ATTITUDE 1.654766 3.018869 -0.070368
27.751 1 GPS 0 0 0 0 0 0 0 0 0 0 1
27.852 1 ATTITUDE 1.654838 3.018886 -0.07041
27.946 1 DOWNLINK_STATUS 0 28 7334 345 0 407. 19. 1520.21
27.974 1 NAVIGATION 0 2 0. 0. 0. 0. 0 0
27.977 1 ATTITUDE 1.654888 3.018918 -0.070398
27.980 1 ATTITUDE 1.654867 3.018894 -0.070416
28.104 1 FBW_STATUS 0 51 0 91 0
28.108 1 NAVIGATION 0 2 0. 0. 0. 0. 0 0
28.111 1 ATTITUDE 1.654896 3.018925 -0.070401
28.241 1 COMMANDS 26,196,210,-9548,252
28.244 1 ATTITUDE 1.654949 3.018935 -0.070417
28.250 1 GPS 0 0 0 0 0 0 0 0 0 0 1
28.297 1 WIND_INFO 1 42 0. 0. 0.
28.382 1 ACTUATORS 1238,1608,1394,1690,1351
28.385 1 ATTITUDE 1.654957 3.018938 -0.070395
28.387 1 PPRZ_MODE 0 0 0 0 0 17
28.391 1 NAVIGATION 0 2 0. 0. 0. 0. 0 0
28.639 1 ATTITUDE 1.654968 3.018938 -0.07043
28.643 1 ATTITUDE 1.654976 3.018928 -0.070405
28.946 1 DOWNLINK_STATUS 0 29 7632 360 0 298. 15. 1520.21
29.123 1 NAVIGATION 0 2 0. 0. 0. 0. 0 0
29.262 1 ATTITUDE 1.654928 3.018945 -0.070449
29.265 1 ATTITUDE 1.654941 3.018952 -0.070474
29.271 1 GPS 0 0 0 0 0 0 0 0 0 0 1
29.275 1 BAT 26 91 0 0 1 30 0 0
29.569 1 ATTITUDE 1.654963 3.018917 -0.070483
29.574 1 NAVIGATION 0 2 0. 0. 0. 0. 0 0
29.666 1 ATTITUDE 1.654952 3.019021 -0.070478
29.931 1 ATTITUDE 1.654908 3.019066 -0.0705
29.947 1 DOWNLINK_STATUS 0 30 7828 369 0 196. 9. 1520.21
30.355 1 NAVIGATION 0 2 0. 0. 0. 0. 0 0
30.358 1 ATTITUDE 1.654901 3.019078 -0.070548
30.362 1 ALIVE 83,55,125,127,85,82,170,93,238,61,2,10,204,87,5,205
30.365 1 ATTITUDE 1.654894 3.019121 -0.070526
30.371 1 GPS 0 0 0 0 0 0 0 0 0 0 1
30.475 1 ATTITUDE 1.654933 3.019135 -0.070538
30.480 1 NAVIGATION 0 2 0. 0. 0. 0. 0 0
30.941 1 ATTITUDE 1.654955 3.019186 -0.070517
30.947 1 DOWNLINK_STATUS 0 31 8008 377 0 180. 8. -3480.53
31.113 1 ATTITUDE 1.654982 3.019197 -0.070538
31.118 1 NAVIGATION 0 2 0. 0. 0. 0. 0 0
31.120 1 ATTITUDE 1.654976 3.019223 -0.070496
31.123 1 ATTITUDE 1.65499 3.019204 -0.070489
31.129 1 GPS 0 0 0 0 0 0 0 0 0 0 1
31.369 1 ATTITUDE 1.654982 3.019221 -0.070505
31.371 1 DOWNLINK 0 373 564
31.376 1 NAVIGATION 0 2 0. 0. 0. 0. 0 0
31.379 1 ATTITUDE 1.654961 3.019222 -0.07059
31.382 1 ATTITUDE 1.65498 3.019234 -0.070667
31.385 1 FBW_STATUS 0 52 0 91 0
31.389 1 NAVIGATION 0 2 0. 0. 0. 0. 0 0
31.392 1 ATTITUDE 1.654967 3.019252 -0.07067
31.395 1 ATTITUDE 1.654994 3.019247 -0.07065
31.401 1 GPS 0 0 0 0 0 0 0 0 0 0 1
31.404 1 GPS_SOL 0 0 0 0
31.487 1 ATTITUDE 1.655005 3.019327 -0.07067
31.492 1 NAVIGATION 0 2 0. 0. 0. 0. 0 0
31.634 1 ATTITUDE 1.65502 3.019337 -0.070661
31.637 1 ATTITUDE 1.655064 3.019388 -0.070706
31.642 1 NAVIGATION 0 2 0. 0. 0. 0. 0 0
31.645 1 ATTITUDE 1.655072 3.019382 -0.070676
31.757 1 ATTITUDE 1.655019 3.019378 -0.070651
31.762 1 GPS 0 0 0 0 0 0 0 0 0 0 1
31.903 1 ATTITUDE 1.654987 3.019397 -0.070611
31.907 1 NAVIGATION 0 2 0. 0. 0. 0. 0 0
31.910 1 ATTITUDE 1.654953 3.019361 -0.070593
31.913 1 ATTITUDE 1.654966 3.019343 -0.070632
31.947 1 DOWNLINK_STATUS 0 32 8594 405 0 586. 28. -3480.53
32.112 1 NAVIGATION 0 2 0. 0. 0. 0. 0 0
32.115 1 ATTITUDE 1.654953 3.019348 -0.070596
32.119 1 ATTITUDE 1.654935 3.019386 -0.070585
32.124 1 GPS 0 0 0 0 0 0 0 0 0 0 1
32.127 1 ATTITUDE 1.654976 3.019366 -0.07061
32.132 1 NAVIGATION 0 2 0. 0. 0. 0. 0 0
32.135 1 ATTITUDE 1.654988 3.019399 -0.070575
32.229 1 ATTITUDE 1.655019 3.019381 -0.070624
32.234 1 NAVIGATION 0 2 0. 0. 0. 0. 0 0
32.435 1 ATTITUDE 1.655004 3.019383 -0.070638
32.438 1 ATTITUDE 1.654989 3.019432 -0.070625
32.445 1 GPS 0 0 0 0 0 0 0 0 0 0 1
32.447 1 ATTITUDE 1.654983 3.019416 -0.070578
32.453 1 NAVIGATION 0 2 0. 0. 0. 0. 0 0
32.455 1 ATTITUDE 1.654959 3.019483 -0.070607
32.456 1 PONG 
32.459 1 ATTITUDE 1.654934 3.019476 -0.070591
32.606 1 FBW_STATUS 0 49 0 91 0
32.611 1 NAVIGATION 0 2 0. 0. 0. 0. 0 0
32.613 1 ATTITUDE 1.654951 3.019445 -0.070588
32.616 1 ATTITUDE 1.654953 3.019493 -0.070592
32.622 1 GPS 0 0 0 0 0 0 0 0 0 0 1
32.739 1 ATTITUDE 1.654986 3.019546 -0.070575
32.744 1 NAVIGATION 0 2 0. 0. 0. 0. 0 0
32.747 1 ATTITUDE 1.654977 3.019563 -0.070551
32.857 1 ATTITUDE 1.654993 3.019593 -0.070552
32.862 1 NAVIGATION 0 2 0. 0. 0. 0. 0 0
32.947 1 DOWNLINK_STATUS 0 33 9166 432 0 572. 27. 2021.79
32.994 1 ATTITUDE 1.655014 3.019582 -0.07051
32.997 1 ATTITUDE 1.654998 3.019594 -0.070479
33.003 1 GPS 0 0 0 0 0 0 0 0 0 0 1
33.112 1 ATTITUDE 1.655042 3.019591 -0.070522
33.117 1 NAVIGATION 0 2 0. 0. 0. 0. 0 0
33.224 1 ATTITUDE 1.655041 3.019595 -0.070478
33.227 1 ATTITUDE 1.65507 3.01962 -0.070472
33.398 1 NAVIGATION 0 2 0. 0. 0. 0. 0 0
33.401 1 ATTITUDE 1.655091 3.019605 -0.070423
33.403 1 COMMANDS 26,224,196,-9548,266
33.407 1 ATTITUDE 1.655082 3.019617 -0.070402
33.413 1 GPS 0 0 0 0 0 0 0 0 0 0 1
33.527 1 ACTUATORS 1238,1608,1394,1690,1351
33.530 1 ATTITUDE 1.655031 3.019581 -0.070392
33.535 1 NAVIGATION 0 2 0. 0. 0. 0. 0 0
33.639 1 ATTITUDE 1.655045 3.019571 -0.070369
33.642 1 ATTITUDE 1.65505 3.019599 -0.070369
33.799 1 NAVIGATION 0 2 0. 0. 0. 0. 0 0
33.802 1 ATTITUDE 1.655032 3.019647 -0.070378
33.806 1 ATTITUDE 1.65501 3.019656 -0.070362
33.811 1 GPS 0 0 0 0 0 0 0 0 0 0 1
33.916 1 ATTITUDE 1.654993 3.019645 -0.070322
33.921 1 NAVIGATION 0 2 0. 0. 0. 0. 0 0
33.949 1 DOWNLINK_STATUS 0 34 9663 455 0 497. 23. 2021.79
34.013 1 ATTITUDE 1.654987 3.019685 -0.070348
34.157 1 ATTITUDE 1.654985 3.019604 -0.070392
34.159 1 FBW_STATUS 0 51 0 91 0
34.164 1 NAVIGATION 0 2 0. 0. 0. 0. 0 0
34.167 1 ATTITUDE 1.65506 3.019643 -0.07043
34.280 1 ATTITUDE 1.655054 3.019598 -0.070418
34.286 1 GPS 0 0 0 0 0 0 0 0 0 0 1
34.401 1 ATTITUDE 1.655018 3.019578 -0.07045
34.403 1 PPRZ_MODE 0 0 0 0 0 17
34.518 1 NAVIGATION 0 2 0. 0. 0. 0. 0 0
34.521 1 ATTITUDE 1.65499 3.019591 -0.07042
34.524 1 ATTITUDE 1.65499 3.019609 -0.070448
34.638 1 NAVIGATION 0 2 0. 0. 0. 0. 0 0
34.641 1 ATTITUDE 1.654992 3.019616 -0.070453
34.759 1 ATTITUDE 1.655019 3.019649 -0.070485
34.764 1 GPS 0 0 0 0 0 0 0 0 0 0 1
34.899 1 PPRZ_MODE 1 0 0 0 0 21
34.902 1 ATTITUDE 1.655016 3.019691 -0.070453
34.907 1 NAVIGATION 0 2 0. 0. 0. 0. 0 0
34.910 1 ATTITUDE 1.655003 3.019717 -0.070413
34.949 1 DOWNLINK_STATUS 0 35 10070 475 0 407. 20. 2021.79
34.997 1 ATTITUDE 1.65503 3.019696 -0.070409
35.116 1 NAVIGATION 0 2 0. 0. 0. 0. 0 0
35.119 1 ATTITUDE 1.655039 3.019732 -0.070423
35.238 1 ATTITUDE 1.655031 3.019782 -0.070447
35.244 1 GPS 0 0 0 0 0 0 0 0 0 0 1
35.356 1 ATTITUDE 1.655008 3.019863 -0.070431
35.360 1 NAVIGATION 0 2 0. 0. 0. 0. 0 0
35.467 1 ATTITUDE 1.65504 3.01984 -0.0704
35.470 1 ATTITUDE 1.655015 3.019844 -0.070392
35.798 1 NAVIGATION 0 2 0. 0. 0. 0. 0 0
35.801 1 ATTITUDE 1.65503 3.019862 -0.07039
35.920 1 ATTITUDE 1.655012 3.019902 -0.070427
35.925 1 GPS 0 0 0 0 0 0 0 0 0 0 1
35.950 1 DOWNLINK_STATUS 0 36 10358 488 0 288. 13. -2978.69
36.037 1 ATTITUDE 1.65507 3.019914 -0.070421
36.042 1 NAVIGATION 0 2 0. 0. 0. 0. 0 0
36.149 1 ATTITUDE 1.65503 3.019934 -0.070386
36.152 1 ATTITUDE 1.655044 3.019965 -0.070387
36.278 1 FBW_STATUS 0 53 1 91 0
36.283 1 NAVIGATION 0 2 0. 0. 0. 0. 0 0
36.286 1 ATTITUDE 1.655009 3.019972 -0.070369
36.402 1 ATTITUDE 1.655007 3.019957 -0.070319
36.408 1 GPS 0 0 0 0 0 0 0 0 0 0 1
36.520 1 ATTITUDE 1.655065 3.019912 -0.070328
36.524 1 NAVIGATION 0 2 0. 0. 0. 0. 0 0
36.617 1 ATTITUDE 1.655041 3.01993 -0.070308
36.714 1 ATTITUDE 1.655028 3.019969 -0.070282
36.937 1 NAVIGATION 0 2 0. 0. 0. 0. 0 0
36.940 1 ATTITUDE 1.655114 3.019999 -0.070327
36.943 1 ATTITUDE 1.655169 3.019979 -0.070319
36.949 1 GPS 0 0 0 0 0 0 0 0 0 0 1
36.950 1 PONG 
36.950 1 DOWNLINK_STATUS 0 37 10729 506 0 371. 18. 1515.25
36.953 1 ATTITUDE 1.655204 3.019914 -0.070324
36.955 1 PPRZ_MODE 0 0 0 0 0 17
36.959 1 NAVIGATION 0 2 0. 0. 0. 0. 0 0
36.963 1 ATTITUDE 1.655179 3.019887 -0.070282
37.033 1 ATTITUDE 1.655179 3.019915 -0.070255
37.152 1 NAVIGATION 0 2 0. 0. 0. 0. 0 0
37.155 1 ATTITUDE 1.655126 3.019891 -0.070174
37.274 1 ATTITUDE 1.655123 3.01985 -0.070178
37.280 1 GPS 0 0 0 0 0 0 0 0 0 0 1
37.392 1 ATTITUDE 1.655131 3.019872 -0.07021
37.397 1 NAVIGATION 0 2 0. 0. 0. 0. 0 0
37.504 1 ATTITUDE 1.655131 3.019932 -0.070237
37.507 1 ATTITUDE 1.655092 3.01993 -0.070296
37.624 1 NAVIGATION 0 2 0. 0. 0. 0. 0 0
37.627 1 ATTITUDE 1.655143 3.019927 -0.070246
37.745 1 ATTITUDE 1.655063 3.019922 -0.070203
37.751 1 GPS 0 0 0 0 0 0 0 0 0 0 1
37.841 1 ATTITUDE 1.655046 3.019916 -0.070217
37.951 1 DOWNLINK_STATUS 0 38 11109 524 0 380. 18. 1515.25
37.975 1 NAVIGATION 0 2 0. 0. 0. 0. 0 0
37.978 1 ATTITUDE 1.655037 3.019899 -0.070222
37.981 1 ATTITUDE 1.655072 3.019926 -0.070207
38.103 1 FBW_STATUS 0 49 0 91 0
38.107 1 NAVIGATION 0 2 0. 0. 0. 0. 0 0
38.110 1 ATTITUDE 1.655039 3.019979 -0.070207
38.241 1 COMMANDS 26,266,252,-9548,266
38.244 1 ATTITUDE 1.655006 3.020004 -0.070222
38.249 1 GPS 0 0 0 0 0 0 0 0 0 0 1
38.297 1 WIND_INFO 1 42 0. 0. 0.
38.372 1 ACTUATORS 1238,1610,1397,1691,1351
38.375 1 ATTITUDE 1.655006 3.019984 -0.070217
38.380 1 NAVIGATION 0 2 0. 0. 0. 0. 0 0
38.753 1 ATTITUDE 1.654963 3.020034 -0.07017
38.756 1 ATTITUDE 1.654952 3.020043 -0.070167
38.872 1 NAVIGATION 0 2 0. 0. 0. 0. 0 0
38.875 1 ATTITUDE 1.654935 3.019989 -0.070175
38.952 1 DOWNLINK_STATUS 0 39 11439 540 0 330. 16. 1515.25
38.993 1 ATTITUDE 1.654931 3.019977 -0.070122
38.999 1 GPS 0 0 0 0 0 0 0 0 0 0 1
39.127 1 ATTITUDE 1.654937 3.019975 -0.070104
39.131 1 BAT 26 91 0 0 1 40 0 0
39.136 1 NAVIGATION 0 2 0. 0. 0. 0. 0 0
39.224 1 ATTITUDE 1.654908 3.019954 -0.07012
39.336 1 ATTITUDE 1.654907 3.019894 -0.070124
39.476 1 NAVIGATION 0 2 0. 0. 0. 0. 0 0
39.479 1 ATTITUDE 1.654867 3.019892 -0.070093
39.483 1 ATTITUDE 1.654879 3.019903 -0.070119
39.488 1 GPS 0 0 0 0 0 0 0 0 0 0 1
39.615 1 ATTITUDE 1.654889 3.01991 -0.070143
39.619 1 ALIVE 83,55,125,127,85,82,170,93,238,61,2,10,204,87,5,205
39.624 1 NAVIGATION 0 2 0. 0. 0. 0. 0 0
39.712 1 ATTITUDE 1.654874 3.019922 -0.070104
39.930 1 ATTITUDE 1.65487 3.019949 -0.070041
39.934 1 NAVIGATION 0 2 0. 0. 0. 0. 0 0
39.937 1 ATTITUDE 1.654878 3.019956 -0.070021
39.939 1 PPRZ_MODE 1 0 0 0 0 21
39.943 1 ATTITUDE 1.654892 3.019932 -0.069974
39.948 1 GPS 0 0 0 0 0 0 0 0 0 0 1
39.952 1 ATTITUDE 1.654879 3.019956 -0.069955
39.953 1 DOWNLINK_STATUS 0 40 11914 562 0 475. 22. 1515.25
39.956 1 NAVIGATION 0 2 0. 0. 0. 0. 0 0
40.026 1 ATTITUDE 1.654818 3.019982 -0.069939
40.171 1 ATTITUDE 1.654813 3.019949 -0.06996
40.174 1 FBW_STATUS 0 50 1 91 0
40.178 1 NAVIGATION 0 2 0. 0. 0. 0. 0 0
40.181 1 ATTITUDE 1.654859 3.020003 -0.069967
40.303 1 ATTITUDE 1.654854 3.019997 -0.069965
40.309 1 GPS 0 0 0 0 0 0 0 0 0 0 1
40.311 1 DOWNLINK 0 379 751
40.425 1 ATTITUDE 1.654844 3.020002 -0.069988
40.428 1 PPRZ_MODE 1 0 0 0 0 21
40.954 1 DOWNLINK_STATUS 0 41 12127 573 0 213. 11. -3484.93
41.209 1 NAVIGATION 0 2 0. 0. 0. 0. 0 0
41.211 1 ATTITUDE 1.654856 3.02 -0.069971
41.328 1 ATTITUDE 1.65484 3.019991 -0.069942
41.332 1 NAVIGATION 0 2 0. 0. 0. 0. 0 0
41.479 1 ATTITUDE 1.654819 3.019969 -0.069909
41.482 1 ATTITUDE 1.654827 3.019947 -0.069879
41.488 1 GPS 0 0 0 0 0 0 0 0 0 0 1
41.491 1 GPS_SOL 0 0 0 0
41.576 1 ATTITUDE 1.654828 3.019928 -0.069856
41.709 1 NAVIGATION 0 2 0. 0. 0. 0. 0 0
41.712 1 ATTITUDE 1.654838 3.019903 -0.069883
41.715 1 ATTITUDE 1.654814 3.019881 -0.069814
41.827 1 NAVIGATION 0 2 0. 0. 0. 0. 0 0
41.830 1 ATTITUDE 1.654825 3.019833 -0.069787
41.949 1 ATTITUDE 1.654791 3.019859 -0.069764
41.955 1 GPS 0 0 0 0 0 0 0 0 0 0 1
41.955 1 DOWNLINK_STATUS 0 42 12476 589 0 349. 16. -3484.93
42.082 1 ATTITUDE 1.654717 3.01991 -0.069744
42.086 1 NAVIGATION 0 2 0. 0. 0. 0. 0 0
42.090 1 ATTITUDE 1.654689 3.01988 -0.069758
42.179 1 ATTITUDE 1.654663 3.019899 -0.069745
42.467 1 NAVIGATION 0 2 0. 0. 0. 0. 0 0
42.470 1 ATTITUDE 1.654675 3.019883 -0.069714
42.473 1 ATTITUDE 1.654672 3.019829 -0.069681
42.479 1 GPS 0 0 0 0 0 0 0 0 0 0 1
42.482 1 ATTITUDE 1.654644 3.019824 -0.069626
42.487 1 NAVIGATION 0 2 0. 0. 0. 0. 0 0
42.490 1 ATTITUDE 1.65463 3.019738 -0.069627
42.493 1 ATTITUDE 1.654628 3.019769 -0.06956
42.495 1 PPRZ_MODE 2 0 0 0 0 21
42.500 1 NAVIGATION 0 2 0. 0. 0. 0. 0 0
42.502 1 FBW_STATUS 0 48 1 91 0
42.505 1 ATTITUDE 1.654597 3.019783 -0.069528
42.633 1 ATTITUDE 1.654594 3.019792 -0.069524
42.639 1 GPS 0 0 0 0 0 0 0 0 0 0 1
42.640 1 PONG 
42.643 1 ATTITUDE 1.654631 3.019761 -0.069521
42.648 1 NAVIGATION 0 2 0. 0. 0. 0. 0 0
42.651 1 ATTITUDE 1.654673 3.019724 -0.069539
42.753 1 ATTITUDE 1.654638 3.019683 -0.069492
42.758 1 NAVIGATION 0 2 0. 0. 0. 0. 0 0
42.850 1 ATTITUDE 1.654613 3.019721 -0.069468
42.955 1 DOWNLINK_STATUS 0 43 12983 614 0 507. 25. 2204.81
42.988 1 ATTITUDE 1.654564 3.019719 -0.069515
42.994 1 GPS 0 0 0 0 0 0 0 0 0 0 1
42.997 1 ATTITUDE 1.654522 3.019713 -0.069505
43.107 1 NAVIGATION 0 2 0. 0. 0. 0. 0 0
43.110 1 ATTITUDE 1.654548 3.019747 -0.069471
43.203 1 ATTITUDE 1.654539 3.019772 -0.069488
43.336 1 NAVIGATION 0 2 0. 0. 0. 0. 0 0
43.338 1 ATTITUDE 1.654504 3.019835 -0.06949
43.341 1 COMMANDS 0,-9600,8001,0,266
43.471 1 ATTITUDE 1.654505 3.019843 -0.06948
43.476 1 GPS 0 0 0 0 0 0 0 0 0 0 1
43.479 1 ACTUATORS 1238,1933,1200,1200,1350
43.618 1 ATTITUDE 1.654513 3.019844 -0.069414
43.622 1 NAVIGATION 0 2 0. 0. 0. 0. 0 0
43.625 1 ATTITUDE 1.654521 3.01984 -0.069376
43.628 1 ATTITUDE 1.654533 3.019864 -0.069329
43.778 1 NAVIGATION 0 2 0. 0. 0. 0. 0 0
43.781 1 ATTITUDE 1.654532 3.019878 -0.069322
43.784 1 ATTITUDE 1.654522 3.019868 -0.069293
43.790 1 GPS 0 0 0 0 0 0 0 0 0 0 1
43.895 1 ATTITUDE 1.654573 3.019838 -0.069318
43.899 1 NAVIGATION 0 2 0. 0. 0. 0. 0 0
43.956 1 DOWNLINK_STATUS 0 44 13462 636 0 479. 22. 2204.81
43.992 1 ATTITUDE 1.65456 3.019837 -0.069279
44.126 1 ATTITUDE 1.6546 3.019796 -0.069227
44.129 1 FBW_STATUS 0 50 1 91 0
44.133 1 NAVIGATION 0 2 0. 0. 0. 0. 0 0
44.259 1 ATTITUDE 1.6546 3.019802 -0.069197
44.263 1 ATTITUDE 1.654577 3.019814 -0.069194
44.268 1 GPS 0 0 0 0 0 0 0 0 0 0 1
44.357 1 ATTITUDE 1.654523 3.019856 -0.06918
44.477 1 NAVIGATION 0 2 0. 0. 0. 0. 0 0
44.479 1 ATTITUDE 1.654528 3.019825 -0.069118
44.576 1 ATTITUDE 1.654498 3.01981 -0.069113
44.731 1 NAVIGATION 0 2 0. 0. 0. 0. 0 0
44.734 1 ATTITUDE 1.654541 3.019799 -0.069104
44.737 1 ATTITUDE 1.654516 3.019794 -0.069083
44.743 1 GPS 0 0 0 0 0 0 0 0 0 0 1
44.848 1 ATTITUDE 1.654528 3.019782 -0.069085
44.853 1 NAVIGATION 0 2 0. 0. 0. 0. 0 0
44.957 1 DOWNLINK_STATUS 0 45 13827 653 0 365. 17. 2204.81
44.970 1 ATTITUDE 1.654524 3.019777 -0.069108
44.972 1 PPRZ_MODE 1 0 0 0 0 21
44.975 1 ATTITUDE 1.654561 3.019769 -0.069052
45.096 1 PPRZ_MODE 0 0 0 0 0 17
45.100 1 NAVIGATION 0 2 0. 0. 0. 0. 0 0
45.103 1 ATTITUDE 1.654539 3.019738 -0.068989
45.220 1 ATTITUDE 1.654499 3.019753 -0.068943
45.226 1 GPS 0 0 0 0 0 0 0 0 0 0 1
45.338 1 ATTITUDE 1.654469 3.019759 -0.068852
45.342 1 NAVIGATION 0 2 0. 0. 0. 0. 0 0
45.435 1 ATTITUDE 1.654476 3.019804 -0.068838
45.806 1 ATTITUDE 1.654467 3.019789 -0.068812
45.810 1 NAVIGATION 0 2 0. 0. 0. 0. 0 0
45.903 1 ATTITUDE 1.654443 3.019835 -0.068798
45.957 1 DOWNLINK_STATUS 0 46 14106 667 0 279. 14. -2795.92
46.061 1 ATTITUDE 1.654415 3.019828 -0.06875
46.067 1 GPS 0 0 0 0 0 0 0 0 0 0 1
46.070 1 ATTITUDE 1.65439 3.019851 -0.068721
46.075 1 NAVIGATION 0 2 0. 0. 0. 0. 0 0
46.158 1 ATTITUDE 1.654355 3.019851 -0.068724
46.255 1 ATTITUDE 1.654283 3.019876 -0.068733
46.426 1 FBW_STATUS 0 53 0 91 0
46.430 1 NAVIGATION 0 2 0. 0. 0. 0. 0 0
46.433 1 ATTITUDE 1.654244 3.019876 -0.068717
46.436 1 ATTITUDE 1.654245 3.01986 -0.068712
46.442 1 GPS 0 0 0 0 0 0 0 0 0 0 1
46.533 1 ATTITUDE 1.654285 3.019842 -0.068656
46.535 1 PPRZ_MODE 0 0 0 0 0 17
46.653 1 NAVIGATION 0 2 0. 0. 0. 0. 0 0
46.656 1 ATTITUDE 1.654399 3.019867 -0.068718
46.748 1 ATTITUDE 1.654293 3.019873 -0.068683
46.957 1 DOWNLINK_STATUS 0 47 14439 683 0 333. 16. -2795.92
46.962 1 NAVIGATION 0 2 0. 0. 0. 0. 0 0
46.965 1 ATTITUDE 1.654345 3.019852 -0.06866
46.968 1 ATTITUDE 1.654366 3.019849 -0.068622
46.973 1 GPS 0 0 0 0 0 0 0 0 0 0 1
46.977 1 ATTITUDE 1.654313 3.019792 -0.068571
46.978 1 PONG 
46.982 1 NAVIGATION 0 2 0. 0. 0. 0. 0 0
46.985 1 ATTITUDE 1.65435 3.019776 -0.068552
47.057 1 ATTITUDE 1.654364 3.019766 -0.068557
47.177 1 NAVIGATION 0 2 0. 0. 0. 0. 0 0
47.180 1 ATTITUDE 1.654373 3.019768 -0.068488
47.299 1 ATTITUDE 1.654384 3.019769 -0.068466
47.305 1 GPS 0 0 0 0 0 0 0 0 0 0 1
47.417 1 ATTITUDE 1.654434 3.019735 -0.068496
47.422 1 NAVIGATION 0 2 0. 0. 0. 0. 0 0
47.529 1 ATTITUDE 1.654457 3.01971 -0.068462
47.532 1 ATTITUDE 1.654433 3.019705 -0.06846
47.648 1 NAVIGATION 0 2 0. 0. 0. 0. 0 0
47.651 1 ATTITUDE 1.654445 3.019725 -0.068437
47.771 1 ATTITUDE 1.654463 3.019712 -0.068461
47.777 1 GPS 0 0 0 0 0 0 0 0 0 0 1
47.889 1 ATTITUDE 1.654422 3.019751 -0.06844
47.894 1 NAVIGATION 0 2 0. 0. 0. 0. 0 0
47.958 1 DOWNLINK_STATUS 0 48 14934 706 0 495. 23. 1542.41
48.000 1 ATTITUDE 1.65443 3.019775 -0.068442
48.004 1 ATTITUDE 1.654447 3.019824 -0.068445
48.131 1 NAVIGATION 0 2 0. 0. 0. 0. 0 0
48.134 1 FBW_STATUS 0 50 0 91 0
48.137 1 ATTITUDE 1.654444 3.019844 -0.0684
48.279 1 COMMANDS 26,224,224,-9548,266
48.282 1 ATTITUDE 1.65444 3.019802 -0.06839
48.288 1 GPS 0 0 0 0 0 0 0 0 0 0 1
48.291 1 ACTUATORS 1238,1609,1395,1690,1351
48.297 1 WIND_INFO 1 42 0. 0. 0.
48.411 1 ATTITUDE 1.654463 3.019809 -0.068386
48.416 1 NAVIGATION 0 2 0. 0. 0. 0. 0 0
48.419 1 ATTITUDE 1.654463 3.019819 -0.068352
48.744 1 ATTITUDE 1.654503 3.019771 -0.068366
48.863 1 NAVIGATION 0 2 0. 0. 0. 0. 0 0
48.866 1 ATTITUDE 1.654638 3.019706 -0.068399
48.959 1 DOWNLINK_STATUS 0 49 15238 721 0 304. 15. 1542.41
48.984 1 ATTITUDE 1.654632 3.019649 -0.068397
48.990 1 GPS 0 0 0 0 0 0 0 0 0 0 1
49.102 1 ATTITUDE 1.654612 3.019629 -0.068373
49.106 1 NAVIGATION 0 2 0. 0. 0. 0. 0 0
49.227 1 ATTITUDE 1.654593 3.019602 -0.06837
49.231 1 BAT 26 91 0 0 1 50 0 0
49.343 1 ATTITUDE 1.654574 3.019634 -0.068356
49.349 1 NAVIGATION 0 2 0. 0. 0. 0. 0 0
49.351 1 ATTITUDE 1.654577 3.019628 -0.068343
49.470 1 ATTITUDE 1.654568 3.01967 -0.068324
49.476 1 GPS 0 0 0 0 0 0 0 0 0 0 1
49.588 1 ATTITUDE 1.654584 3.01968 -0.068319
49.592 1 NAVIGATION 0 2 0. 0. 0. 0. 0 0
49.718 1 ATTITUDE 1.654131 3.019729 -0.067495
49.721 1 ATTITUDE 1.655944 3.019659 -0.069811
49.725 1 ALIVE 83,55,125,127,85,82,170,93,238,61,2,10,204,87,5,205
49.913 1 NAVIGATION 0 2 0. 0. 0. 0. 0 0
49.916 1 ATTITUDE 1.654604 3.019755 -0.069281
49.919 1 ATTITUDE 1.65829 3.01906 -0.076384
49.925 1 GPS 0 0 0 0 0 0 0 0 0 0 1
49.928 1 ATTITUDE 1.660614 3.007129 -0.092662
49.933 1 NAVIGATION 0 2 0. 0. 0. 0. 0 0
49.959 1 DOWNLINK_STATUS 0 50 15727 743 0 489. 22. 1542.41
50.008 1 ATTITUDE 1.659824 2.999778 -0.111162
50.139 1 ATTITUDE 1.654249 2.993956 -0.123256
50.141 1 FBW_STATUS 0 48 0 91 0
50.146 1 NAVIGATION 0 2 0. 0. 0. 0. 0 0
50.276 1 ATTITUDE 1.64487 2.991488 -0.128105
50.279 1 ATTITUDE 1.631413 2.98801 -0.140268
50.285 1 GPS 0 0 0 0 0 0 0 0 0 0 1
50.394 1 ATTITUDE 1.595584 2.985637 -0.138913
50.398 1 NAVIGATION 0 2 0. 0. 0. 0. 0 0
50.489 1 ATTITUDE 1.591854 2.984646 -0.141254
50.724 1 ATTITUDE 1.594542 2.983701 -0.134641
50.961 1 DOWNLINK_STATUS 0 51 15953 754 0 226. 11. -3458.47
51.103 1 NAVIGATION 0 2 0. 0. 0. 0. 0 0
51.106 1 ATTITUDE 1.583752 2.979806 -0.142991
51.108 1 DOWNLINK 0 376 937
51.229 1 ATTITUDE 1.567448 2.978451 -0.14404
51.235 1 GPS 0 0 0 0 0 0 0 0 0 0 1
51.238 1 ATTITUDE 1.553365 2.976522 -0.144118
51.365 1 NAVIGATION 0 2 0. 0. 0. 0. 0 0
51.368 1 ATTITUDE 1.543723 2.97318 -0.147708
51.371 1 ATTITUDE 1.535572 2.966935 -0.150781
51.482 1 NAVIGATION 0 2 0. 0. 0. 0. 0 0
51.485 1 ATTITUDE 1.523164 2.9556 -0.160493
51.618 1 ATTITUDE 1.511756 2.94995 -0.161741
51.624 1 GPS 0 0 0 0 0 0 0 0 0 0 1
51.626 1 GPS_SOL 0 0 0 0
51.735 1 ATTITUDE 1.493289 2.945825 -0.15641
51.739 1 NAVIGATION 0 2 0. 0. 0. 0. 0 0
51.846 1 ATTITUDE 1.454886 2.940035 -0.140188
51.849 1 ATTITUDE 1.425998 2.932814 -0.12688
51.961 1 DOWNLINK_STATUS 0 52 16331 772 0 378. 18. -3458.47
51.965 1 NAVIGATION 0 2 0. 0. 0. 0. 0 0
51.969 1 ATTITUDE 1.410865 2.929481 -0.120152
52.123 1 ATTITUDE 1.389981 2.929217 -0.114813
52.129 1 GPS 0 0 0 0 0 0 0 0 0 0 1
52.132 1 ATTITUDE 1.346744 2.931333 -0.107073
52.136 1 NAVIGATION 0 2 0. 0. 0. 0. 0 0
52.327 1 ATTITUDE 1.306458 2.932854 -0.106127
52.331 1 ATTITUDE 1.255427 2.93546 -0.101091
52.335 1 NAVIGATION 0 2 0. 0. 0. 0. 0 0
52.338 1 FBW_STATUS 0 52 0 91 0
52.339 1 PONG 
52.342 1 ATTITUDE 1.184379 2.936019 -0.097091
52.345 1 ATTITUDE 1.103913 2.942063 -0.088413
52.351 1 GPS 0 0 0 0 0 0 0 0 0 0 1
52.456 1 ATTITUDE 1.013607 2.942251 -0.086871
52.458 1 PPRZ_MODE 0 0 0 0 0 17
52.462 1 NAVIGATION 0 2 0. 0. 0. 0. 0 0
52.553 1 ATTITUDE 0.930468 2.941622 -0.088266
52.671 1 ATTITUDE 0.872492 2.944472 -0.090786
52.675 1 NAVIGATION 0 2 0. 0. 0. 0. 0 0
52.809 1 ATTITUDE 0.795098 2.950558 -0.084932
52.812 1 ATTITUDE 0.716134 2.958415 -0.075321
52.818 1 GPS 0 0 0 0 0 0 0 0 0 0 1
52.926 1 ATTITUDE 0.609582 2.957738 -0.075397
52.931 1 NAVIGATION 0 2 0. 0. 0. 0. 0 0
52.961 1 DOWNLINK_STATUS 0 53 16853 797 0 522. 25. 1902.05
53.022 1 ATTITUDE 0.480206 2.961614 -0.08803
53.119 1 ATTITUDE 0.391399 2.964755 -0.102204
53.293 1 NAVIGATION 0 2 0. 0. 0. 0. 0 0
53.296 1 ATTITUDE 0.3216 2.966034 -0.090511
53.299 1 COMMANDS 26,224,224,-9548,266
53.302 1 ATTITUDE 0.252635 2.965946 -0.069128
53.308 1 GPS 0 0 0 0 0 0 0 0 0 0 1
53.438 1 ACTUATORS 1238,1609,1395,1690,1351
53.441 1 ATTITUDE 0.193864 2.965971 -0.061891
53.445 1 NAVIGATION 0 2 0. 0. 0. 0. 0 0
53.448 1 ATTITUDE 0.130561 2.962542 -0.073198
53.535 1 ATTITUDE 0.073973 2.971053 -0.06885
53.654 1 NAVIGATION 0 2 0. 0. 0. 0. 0 0
53.657 1 ATTITUDE 0.050886 2.96577 -0.058758
53.776 1 ATTITUDE 0.037056 2.962844 -0.060639
53.782 1 GPS 0 0 0 0 0 0 0 0 0 0 1
53.908 1 ATTITUDE 0.021187 2.978009 -0.064792
53.913 1 NAVIGATION 0 2 0. 0. 0. 0. 0 0
53.916 1 ATTITUDE 0.005482 3.00031 -0.060316
53.961 1 DOWNLINK_STATUS 0 54 17255 816 0 402. 19. 1902.05
54.006 1 ATTITUDE -0.001968 3.020187 -0.050459
54.135 1 FBW_STATUS 0 51 0 91 0
54.140 1 NAVIGATION 0 2 0. 0. 0. 0. 0 0
54.142 1 ATTITUDE 0.00332 3.033176 -0.048109
54.259 1 ATTITUDE 0.038948 3.040975 -0.045727
54.265 1 GPS 0 0 0 0 0 0 0 0 0 0 1
54.391 1 ATTITUDE 0.045311 3.042041 -0.044612
54.396 1 NAVIGATION 0 2 0. 0. 0. 0. 0 0
54.399 1 ATTITUDE 0.007227 3.047356 -0.055626
54.489 1 ATTITUDE 0.013332 3.045072 -0.05562
54.607 1 NAVIGATION 0 2 0. 0. 0. 0. 0 0
54.611 1 ATTITUDE 0.024797 3.049394 -0.058445
54.729 1 ATTITUDE 0.020662 3.047035 -0.075574
54.735 1 GPS 0 0 0 0 0 0 0 0 0 0 1
54.847 1 ATTITUDE 0.015033 3.035833 -0.099353
54.851 1 NAVIGATION 0 2 0. 0. 0. 0. 0 0
54.959 1 ATTITUDE 0.011375 3.035662 -0.099326
54.962 1 ATTITUDE 0.021066 3.039135 -0.099261
54.962 1 DOWNLINK_STATUS 0 55 17638 834 0 383. 18. 1902.05
55.077 1 NAVIGATION 0 2 0. 0. 0. 0. 0 0
55.080 1 ATTITUDE 0.006557 3.037718 -0.099827
55.198 1 ATTITUDE 0.002821 3.038499 -0.099982
55.203 1 GPS 0 0 0 0 0 0 0 0 0 0 1
55.315 1 ATTITUDE 0.00645 3.040397 -0.099848
55.319 1 NAVIGATION 0 2 0. 0. 0. 0. 0 0
55.426 1 ATTITUDE 0.004468 3.044437 -0.099941
55.429 1 ATTITUDE -0.002732 3.052992 -0.100286
55.773 1 NAVIGATION 0 2 0. 0. 0. 0. 0 0
55.893 1 ATTITUDE -0.000514 3.055655 -0.100254
55.896 1 ATTITUDE 0.001024 3.057929 -0.100056
55.902 1 GPS 0 0 0 0 0 0 0 0 0 0 1
55.962 1 DOWNLINK_STATUS 0 56 17908 846 0 270. 12. -3098.58
56.014 1 ATTITUDE -0.008049 3.067054 -0.100558
56.019 1 NAVIGATION 0 2 0. 0. 0. 0. 0 0
56.111 1 ATTITUDE -0.007232 3.073493 -0.101036
56.207 1 ATTITUDE -0.000862 3.072895 -0.100879
56.338 1 NAVIGATION 0 2 0. 0. 0. 0. 0 0
56.340 1 FBW_STATUS 0 52 0 91 0
56.343 1 ATTITUDE 0.002439 3.074923 -0.100645
56.473 1 ATTITUDE 0.000472 3.080208 -0.101044
56.479 1 GPS 0 0 0 0 0 0 0 0 0 0 1
56.482 1 ATTITUDE 0.003712 3.085487 -0.100374
56.593 1 NAVIGATION 0 2 0. 0. 0. 0. 0 0
56.596 1 ATTITUDE 0.011759 3.087735 -0.087053
56.687 1 ATTITUDE 0.022256 3.090649 -0.071959
56.887 1 NAVIGATION 0 2 0. 0. 0. 0. 0 0
56.890 1 ATTITUDE 0.031455 3.088967 -0.062784
56.894 1 ATTITUDE 0.035161 3.087381 -0.053301
56.899 1 GPS 0 0 0 0 0 0 0 0 0 0 1
56.900 1 PONG 
56.903 1 ATTITUDE 0.037122 3.089388 -0.043489
56.908 1 NAVIGATION 0 2 0. 0. 0. 0. 0 0
56.962 1 DOWNLINK_STATUS 0 57 18323 866 0 415. 20. 1462.52
56.998 1 ATTITUDE 0.038572 3.087826 -0.037388
57.001 1 ATTITUDE 0.042893 3.087218 -0.029504
57.117 1 NAVIGATION 0 2 0. 0. 0. 0. 0 0
57.120 1 ATTITUDE 0.043398 3.092693 -0.017386
57.238 1 ATTITUDE 0.0431 3.096308 -0.010192
57.244 1 GPS 0 0 0 0 0 0 0 0 0 0 1
57.335 1 ATTITUDE 0.042017 3.096859 -0.010405
57.454 1 NAVIGATION 0 2 0. 0. 0. 0. 0 0
57.457 1 ATTITUDE 0.042122 3.098577 -0.010058
57.570 1 ATTITUDE 0.04179 3.100239 -0.010065
57.576 1 NAVIGATION 0 2 0. 0. 0. 0. 0 0
57.690 1 ATTITUDE 0.040688 3.101665 -0.010889
57.693 1 ATTITUDE 0.03874 3.104237 -0.012535
57.798 1 GPS 0 0 0 0 0 0 0 0 0 0 1
57.923 1 ATTITUDE 0.03774 3.105594 -0.013535
57.927 1 NAVIGATION 0 2 0. 0. 0. 0. 0 0
57.930 1 ATTITUDE 0.038409 3.107593 -0.014473
57.963 1 DOWNLINK_STATUS 0 58 18691 883 0 368. 17. 1462.52
58.067 1 ATTITUDE 0.038392 3.109585 -0.015501
58.071 1 NAVIGATION 0 2 0. 0. 0. 0. 0 0
58.074 1 FBW_STATUS 0 49 0 91 0
58.077 1 ATTITUDE 0.033187 3.112034 -0.024431
58.204 1 COMMANDS 26,224,224,-9548,266
58.207 1 ATTITUDE 0.02726 3.110935 -0.044298
58.212 1 GPS 0 0 0 0 0 0 0 0 0 0 1
58.297 1 WIND_INFO 1 42 0. 0. 0.
58.344 1 ACTUATORS 1238,1609,1395,1690,1351
58.347 1 ATTITUDE 0.02572 3.111649 -0.059619
58.349 1 PPRZ_MODE 0 0 0 0 0 17
58.354 1 NAVIGATION 0 2 0. 0. 0. 0. 0 0
58.573 1 ATTITUDE 0.021424 3.112454 -0.069674
58.835 1 ATTITUDE 0.000379 3.106802 -0.101781
58.964 1 DOWNLINK_STATUS 0 59 18945 896 0 254. 13. 1462.52
59.107 1 NAVIGATION 0 2 0. 0. 0. 0. 0 0
59.110 1 ATTITUDE -0.007475 3.112382 -0.103924
59.450 1 ATTITUDE -0.007202 3.11433 -0.10359
59.455 1 GPS 0 0 0 0 0 0 0 0 0 0 1
59.458 1 ATTITUDE -0.005952 3.11346 -0.103472
59.722 1 NAVIGATION 0 2 0. 0. 0. 0. 0 0
59.725 1 ATTITUDE -0.003411 3.113646 -0.103324
59.835 1 ATTITUDE -0.002772 3.115214 -0.10341
59.837 1 BAT 26 91 0 0 1 60 0 0
59.965 1 DOWNLINK_STATUS 0 60 19141 905 0 196. 9. 1462.52
60.424 1 NAVIGATION 0 2 0. 0. 0. 0. 0 0
60.427 1 ATTITUDE -0.002715 3.116768 -0.103459
60.966 1 DOWNLINK_STATUS 0 61 19185 907 0 44. 2. -3538.28
61.247 1 ATTITUDE -0.002479 3.11804 -0.10346
61.253 1 GPS 0 0 0 0 0 0 0 0 0 0 1
61.256 1 ATTITUDE -0.001804 3.118716 -0.103497
61.366 1 NAVIGATION 0 2 0. 0. 0. 0. 0 0
61.369 1 ATTITUDE -0.000816 3.119914 -0.103454
61.497 1 ATTITUDE -0.002155 3.120375 -0.103648
61.501 1 NAVIGATION 0 2 0. 0. 0. 0. 0 0
61.504 1 ATTITUDE -0.008925 3.118484 -0.10454
61.689 1 ATTITUDE 0.016967 3.129488 -0.10399
61.694 1 GPS 0 0 0 0 0 0 0 0 0 0 1
61.698 1 ALIVE 83,55,125,127,85,82,170,93,238,61,2,10,204,87,5,205
61.701 1 ATTITUDE 0.062964 3.141218 -0.10239
61.706 1 NAVIGATION 0 2 0. 0. 0. 0. 0 0
61.709 1 ATTITUDE 0.131721 -3.133009 -0.100746
61.873 1 ATTITUDE 0.246575 -3.115725 -0.097616
61.876 1 FBW_STATUS 0 50 0 91 0
61.881 1 NAVIGATION 0 2 0. 0. 0. 0. 0 0
61.884 1 ATTITUDE 0.365713 -3.098103 -0.090849
61.887 1 ATTITUDE 0.55375 -3.101652 -0.100191
61.893 1 GPS 0 0 0 0 0 0 0 0 0 0 1
61.966 1 DOWNLINK_STATUS 0 62 19624 927 0 439. 20. -3538.28
62.019 1 ATTITUDE 0.743613 -3.103452 -0.10588
62.024 1 NAVIGATION 0 2 0. 0. 0. 0. 0 0
62.026 1 ATTITUDE 1.004254 -3.067558 -0.064518
62.029 1 ATTITUDE 1.231597 -3.013156 0.004682
62.198 1 NAVIGATION 0 2 0. 0. 0. 0. 0 0
62.200 1 ATTITUDE 1.305836 -2.976806 0.011141
62.204 1 ATTITUDE 1.386189 -2.984659 -0.015471
62.209 1 GPS 0 0 0 0 0 0 0 0 0 0 1
62.212 1 ATTITUDE 1.453833 -3.016095 -0.030755
62.309 1 NAVIGATION 0 2 0. 0. 0. 0. 0 0
62.312 1 ATTITUDE 1.468856 -3.067688 -0.035169
62.554 1 ATTITUDE 1.497481 -3.113679 -0.04565
62.556 1 DOWNLINK 0 373 1120
62.561 1 NAVIGATION 0 2 0. 0. 0. 0. 0 0
62.564 1 ATTITUDE 1.539452 -3.127005 -0.07722
62.567 1 ATTITUDE 1.594672 -3.131383 -0.080507
62.573 1 GPS 0 0 0 0 0 0 0 0 0 0 1
62.576 1 ATTITUDE 1.621037 -3.125881 -0.070459
62.580 1 NAVIGATION 0 2 0. 0. 0. 0. 0 0
62.583 1 ATTITUDE 1.631804 -3.13104 -0.082541
62.587 1 ATTITUDE 1.631839 3.115661 -0.071212
62.843 1 NAVIGATION 0 2 0. 0. 0. 0. 0 0
62.846 1 ATTITUDE 1.632642 3.110712 -0.068031
62.850 1 ATTITUDE 1.632656 3.110013 -0.067545
62.855 1 GPS 0 0 0 0 0 0 0 0 0 0 1
62.858 1 GPS_SOL 0 0 0 0
62.861 1 ATTITUDE 1.63234 3.109318 -0.067232
62.866 1 NAVIGATION 0 2 0. 0. 0. 0. 0 0
62.869 1 ATTITUDE 1.632282 3.108608 -0.06708
62.872 1 ATTITUDE 1.632209 3.107871 -0.066972
62.875 1 FBW_STATUS 0 52 0 91 0
62.879 1 NAVIGATION 0 2 0. 0. 0. 0. 0 0
62.882 1 ATTITUDE 1.632184 3.107132 -0.066883
62.967 1 DOWNLINK_STATUS 0 63 20316 960 0 692. 33. -3538.28
63.012 1 PONG 
63.016 1 ATTITUDE 1.632211 3.106424 -0.066889
63.021 1 GPS 0 0 0 0 0 0 0 0 0 0 1
63.024 1 ATTITUDE 1.632247 3.105678 -0.066922
63.029 1 NAVIGATION 0 2 0. 0. 0. 0. 0 0
63.032 1 ATTITUDE 1.632242 3.104915 -0.066871
63.148 1 ATTITUDE 1.632221 3.104167 -0.066875
63.152 1 NAVIGATION 0 2 0. 0. 0. 0. 0 0
63.155 1 ATTITUDE 1.63219 3.103502 -0.066882
63.283 1 ATTITUDE 1.632169 3.102778 -0.06687
63.289 1 GPS 0 0 0 0 0 0 0 0 0 0 1
63.399 1 ATTITUDE 1.632155 3.102076 -0.066831
63.405 1 NAVIGATION 0 2 0. 0. 0. 0. 0 0
63.408 1 ATTITUDE 1.632124 3.101366 -0.06678
63.534 1 ATTITUDE 1.632102 3.100666 -0.066779
63.539 1 NAVIGATION 0 2 0. 0. 0. 0. 0 0
63.541 1 ATTITUDE 1.632088 3.100008 -0.066817
63.698 1 COMMANDS 26,224,224,-9548,266
63.701 1 ATTITUDE 1.632105 3.099324 -0.066823
63.707 1 GPS 0 0 0 0 0 0 0 0 0 0 1
63.710 1 ACTUATORS 1238,1609,1395,1690,1351
63.713 1 ATTITUDE 1.63212 3.098674 -0.066796
63.818 1 NAVIGATION 0 2 0. 0. 0. 0. 0 0
63.821 1 ATTITUDE 1.632137 3.097995 -0.066807
63.949 1 ATTITUDE 1.632107 3.097359 -0.066799
63.953 1 NAVIGATION 0 2 0. 0. 0. 0. 0 0
63.956 1 ATTITUDE 1.632102 3.09674 -0.066775
63.968 1 DOWNLINK_STATUS 0 64 20881 987 0 565. 27. 2573.6
64.122 1 ATTITUDE 1.632084 3.096114 -0.066783
64.127 1 GPS 0 0 0 0 0 0 0 0 0 0 1
64.131 1 ATTITUDE 1.632087 3.095499 -0.066769
64.135 1 NAVIGATION 0 2 0. 0. 0. 0. 0 0
64.138 1 ATTITUDE 1.632086 3.094865 -0.066765
64.266 1 ATTITUDE 1.632081 3.094257 -0.066805
64.269 1 FBW_STATUS 0 46 0 91 0
64.273 1 NAVIGATION 0 2 0. 0. 0. 0. 0 0
64.276 1 ATTITUDE 1.632082 3.093611 -0.066773
64.969 1 DOWNLINK_STATUS 0 65 21071 996 0 190. 9. 2573.6
65.971 1 DOWNLINK_STATUS 0 66 21071 996 0 0. 0. -2427.92
66.972 1 DOWNLINK_STATUS 0 67 21071 996 0 0. 0. -2427.92
67.973 1 DOWNLINK_STATUS 0 68 21071 996 0 0. 0. -2427.92
68.975 1 DOWNLINK_STATUS 0 69 21071 996 0 0. 0. -2427.92
69.976 1 DOWNLINK_STATUS 0 70 21071 996 0 0. 0. -2427.92
70.978 1 DOWNLINK_STATUS 0 71 21071 996 0 0. 0. -7429.
71.979 1 DOWNLINK_STATUS 0 72 21071 996 0 0. 0. -7429.
72.981 1 DOWNLINK_STATUS 0 73 21071 996 0 0. 0. -7429.
73.982 1 DOWNLINK_STATUS 0 74 21071 996 0 0. 0. -7429.
74.984 1 DOWNLINK_STATUS 0 75 21071 996 0 0. 0. -7429.
