1.994 2 NAVIGATION 0 1 0. 0. 0. 0. 0 0
1.998 2 ATTITUDE 0. 0. 0.
2.094 2 GPS 0 0 0 0 0 0 0 0 0 0 1
2.288 2 WP_MOVED 1 348865. 5945715. 660. 12
2.343 2 GPS 0 0 0 0 0 0 0 0 0 0 1
2.370 2 FBW_STATUS 0 48 0 70 2
2.388 2 DL_VALUE 2 655.
2.390 2 ESTIMATOR 0. 0.
2.488 2 ATTITUDE 0. 0. 0.
2.593 2 GPS 0 0 0 0 0 0 0 0 0 0 1
2.754 2 DOWNLINK_STATUS 0 3 1030 47 1 712. 32. 0.
2.788 2 WP_MOVED 2 348895. 5945815. 660. 12
2.843 2 GPS 0 0 0 0 0 0 0 0 0 0 1
2.898 2 IMU_GYRO -0.027588 0.02002 -0.048828
2.905 2 DESIRED 0. 0. 0. 0. 0. 655. 0. 15.
2.907 2 ESTIMATOR 0. 0.
2.998 2 BAT 40 70 0 0 0 4 0 0
3.002 2 NAVIGATION 0 1 0. 0. 0. 0. 0 0
3.005 2 ATTITUDE 0. 0. 0.
3.093 2 GPS 0 0 0 0 0 0 0 0 0 0 1
3.171 2 ACTUATORS |1004,1003,1500,1500,1500,1500|
3.271 2 COMMANDS |40,14,-14,0,-14,-9548|
3.293 2 CALIBRATION 0. 0
3.296 2 GPS_SOL 0 0 0 0
3.299 2 WP_MOVED 3 348965.09375 5945786. 660. 12
3.343 2 GPS 0 0 0 0 0 0 0 0 0 0 1
3.388 2 DOWNLINK 0 402 97
3.390 2 ESTIMATOR 0. 0.
3.488 2 STATE_FILTER_STATUS 2 0
3.491 2 ATTITUDE 0. 0. 0.
3.593 2 GPS 0 0 0 0 0 0 0 0 0 0 1
3.684 2 PPRZ_MODE 0 0 0 0 0 17
3.755 2 DOWNLINK_STATUS 0 4 1467 68 1 437. 21. 0.
3.793 2 ALIVE |174,142,123,70,131,86,36,156,177,143,110,20,66,194,131,7|
3.797 2 WP_MOVED 4 348764.6875 5945795. 660. 12
3.843 2 GPS 0 0 0 0 0 0 0 0 0 0 1
3.893 2 ENERGY 7. 0.002 0 0.014
3.895 2 DL_VALUE 3 0.
3.897 2 ESTIMATOR 0. 0.
3.945 2 DESIRED 0. 0. 0. 0. 0. 655. 0. 15.
3.997 2 IMU_GYRO -0.031738 0.025391 -0.049805
4.001 2 NAVIGATION 0 1 0. 0. 0. 0. 0 0
4.004 2 ATTITUDE 0. 0. 0.
4.095 2 BAT 40 70 0 0 1 5 0 0
4.101 2 GPS 0 0 0 0 0 0 0 0 0 0 1
4.288 2 WP_MOVED 5 348740. 5945760. 660. 12
4.343 2 GPS 0 0 0 0 0 0 0 0 0 0 1
4.370 2 FBW_STATUS 0 53 0 70 2
4.386 2 ESTIMATOR 0. 0.
4.488 2 ATTITUDE -0.278676 -1.577082 -0.008956
4.594 2 GPS 0 0 0 0 0 0 0 0 0 0 1
4.755 2 DOWNLINK_STATUS 0 5 1875 86 1 408. 18. 0.
4.788 2 WP_MOVED 6 348665. 5945815. 660. 12
4.843 2 GPS 0 0 0 0 0 0 0 0 0 0 1
4.886 2 ESTIMATOR 0. 0.
5.004 2 DESIRED 0. 0.03 0. 0. 0. 655. 0. 15.
5.009 2 NAVIGATION 0 1 0. 0. 0. 0. 0 0
5.012 2 ATTITUDE -0.278715 -1.576996 -0.008992
5.094 2 IMU_GYRO -0.028564 0.019043 -0.049805
5.100 2 GPS 0 0 0 0 0 0 0 0 0 0 1
5.189 2 BAT 40 70 0 0 1 7 0 0
5.292 2 GPS_SOL 0 0 0 0
5.295 2 WP_MOVED 7 349065. 5946015. 660. 12
5.306 2 PONG 
5.343 2 GPS 0 0 0 0 0 0 0 0 0 0 1
5.390 2 CALIBRATION 0. 0
5.392 2 DL_VALUE 4 0.
5.395 2 ESTIMATOR 0. 0.
5.488 2 ATTITUDE -0.278675 -1.577168 -0.008968
5.593 2 GPS 0 0 0 0 0 0 0 0 0 0 1
5.756 2 DOWNLINK_STATUS 0 6 2259 104 1 384. 18. 52.56
5.789 2 WP_MOVED 0 348907. 5945757. 660. 12
5.843 2 GPS 0 0 0 0 0 0 0 0 0 0 1
5.886 2 ESTIMATOR 0. 0.
5.994 2 NAVIGATION 0 1 0. 0. 0. 0. 0 0
5.997 2 ATTITUDE -0.278803 -1.577019 -0.008907
6.045 2 DESIRED 0. 0.03 0. 0. 0. 655. 0. 15.
6.093 2 GPS 0 0 0 0 0 0 0 0 0 0 1
6.188 2 IMU_GYRO -0.028564 0.019043 -0.047852
6.293 2 BAT 40 70 0 0 1 8 0 0
6.296 2 WP_MOVED 1 348865. 5945715. 660. 12
6.343 2 GPS 0 0 0 0 0 0 0 0 0 0 1
6.369 2 FBW_STATUS 0 49 0 70 2
6.391 2 ENERGY 7. 0.002 0 0.014
6.393 2 ESTIMATOR 0. 0.
6.489 2 ATTITUDE -0.278892 -1.577031 -0.008908
6.593 2 GPS 0 0 0 0 0 0 0 0 0 0 1
6.757 2 DOWNLINK_STATUS 0 7 2633 120 1 374. 16. 52.56
6.788 2 WP_MOVED 2 348895. 5945815. 660. 12
6.843 2 GPS 0 0 0 0 0 0 0 0 0 0 1
6.888 2 DL_VALUE 5 0.
6.890 2 ESTIMATOR 0. 0.
6.994 2 NAVIGATION 0 1 0. 0. 0. 0. 0 0
6.997 2 ATTITUDE -0.278893 -1.576957 -0.00881
7.102 2 DESIRED 0. 0.03 0. 0. 0. 655. 0. 15.
7.108 2 GPS 0 0 0 0 0 0 0 0 0 0 1
7.188 2 NAVIGATION_REF 348865 5945715 12 605.
7.294 2 GPS_SOL 0 0 0 0
7.297 2 IMU_GYRO -0.031738 0.028564 -0.048828
7.301 2 WP_MOVED 3 348965.09375 5945786. 660. 12
7.342 2 GPS 0 0 0 0 0 0 0 0 0 0 1
7.391 2 BAT 474 70 4 0 1 9 0 0
7.393 2 ESTIMATOR 0. 0.
7.488 2 CALIBRATION 0. 0
7.492 2 ATTITUDE -0.27902 -1.576894 -0.008762
7.593 2 GPS 0 0 0 0 0 0 0 0 0 0 1
7.758 2 DOWNLINK_STATUS 0 8 3030 138 1 397. 18. 52.56
7.788 2 WP_MOVED 4 348764.6875 5945795. 660. 12
7.843 2 GPS 0 0 0 0 0 0 0 0 0 0 1
7.886 2 ESTIMATOR 0. 0.
7.994 2 NAVIGATION 0 1 0. 0. 0. 0. 0 0
7.997 2 ATTITUDE -0.279109 -1.576918 -0.008677
8.093 2 GPS 0 0 0 0 0 0 0 0 0 0 1
8.145 2 DESIRED 0. 0.03 0. 0. 0. 655. 0. 15.
8.171 2 ACTUATORS |1017,1003,1500,1500,1500,1499|
8.270 2 COMMANDS |54,14,-14,0,-28,-9548|
8.287 2 WP_MOVED 5 348740. 5945760. 660. 12
8.342 2 GPS 0 0 0 0 0 0 0 0 0 0 1
8.369 2 FBW_STATUS 0 50 0 70 3
8.391 2 DL_VALUE 6 100.
8.394 2 IMU_GYRO -0.027588 0.018066 -0.048828
8.396 2 ESTIMATOR 0. 0.
8.494 2 DOWNLINK 0 390 188
8.496 2 STATE_FILTER_STATUS 3 0
8.500 2 BAT 40 70 0 0 1 10 0 0
8.503 2 ATTITUDE -0.279198 -1.576929 -0.008677
8.593 2 GPS 0 0 0 0 0 0 0 0 0 0 1
8.685 2 PPRZ_MODE 0 0 0 0 0 17
8.758 2 DOWNLINK_STATUS 0 9 3465 159 1 435. 21. 52.56
8.793 2 ALIVE |174,142,123,70,131,86,36,156,177,143,110,20,66,194,131,7|
8.797 2 WP_MOVED 6 348665. 5945815. 660. 12
8.843 2 GPS 0 0 0 0 0 0 0 0 0 0 1
8.891 2 ENERGY 7. 0.063 0 0.441
8.893 2 ESTIMATOR 0. 0.
8.994 2 NAVIGATION 0 1 0. 0. 0. 0. 0 0
8.998 2 ATTITUDE -0.279109 -1.576929 -0.008591
9.093 2 GPS 0 0 0 0 0 0 0 0 0 0 1
9.195 2 DESIRED 0. 0.03 0. 0. 0. 655. 0. 15.
9.291 2 GPS_SOL 0 0 0 0
9.294 2 WP_MOVED 7 349065. 5946015. 660. 12
9.343 2 GPS 0 0 0 0 0 0 0 0 0 0 1
9.385 2 ESTIMATOR 0. 0.
9.491 2 IMU_GYRO -0.024414 0.016846 -0.047852
9.495 2 ATTITUDE -0.279198 -1.576855 -0.008579
9.596 2 CALIBRATION 0. 0
9.599 2 BAT 1804 70 22 0 1 11 0 0
9.605 2 GPS 0 0 0 0 0 0 0 0 0 0 1
9.759 2 DOWNLINK_STATUS 0 10 3875 177 1 410. 18. 52.56
9.788 2 WP_MOVED 0 348907. 5945757. 660. 12
9.843 2 GPS 0 0 0 0 0 0 0 0 0 0 1
9.888 2 DL_VALUE 7 0.
9.890 2 ESTIMATOR 0. 0.
9.995 2 NAVIGATION 0 1 0. 0. 0. 0. 0 0
9.997 2 ATTITUDE -0.27911 -1.576672 -0.008555
10.094 2 GPS 0 0 0 0 0 0 0 0 0 0 1
10.245 2 DESIRED 0. 0.03 0. 0. 0. 655. 0. 15.
10.292 2 WP_MOVED 1 348865. 5945715. 660. 12
10.305 2 PONG 
10.343 2 GPS 0 0 0 0 0 0 0 0 0 0 1
10.369 2 FBW_STATUS 0 49 0 70 277
10.385 2 ESTIMATOR 0. 0.
10.487 2 ATTITUDE -0.279071 -1.576929 -0.008542
10.594 2 IMU_GYRO -0.028564 0.024414 -0.048828
10.600 2 GPS 0 0 0 0 0 0 0 0 0 0 1
10.688 2 BAT 2126 70 27 0 1 12 0 0
10.760 2 DOWNLINK_STATUS 0 11 4246 194 1 371. 17. 51.51
10.788 2 WP_MOVED 2 348895. 5945815. 660. 12
10.843 2 GPS 0 0 0 0 0 0 0 0 0 0 1
10.886 2 ESTIMATOR 0. 0.
10.998 2 NAVIGATION 0 1 0. 0. 0. 0. 0 0
10.998 2 ATTITUDE -0.279072 -1.576758 -0.008518
11.092 2 GPS 0 0 0 0 0 0 0 0 0 0 1
11.299 2 GPS_SOL 0 0 0 0
11.305 2 DESIRED 0. 0.03 0. 0. 0. 655. 0. 15.
11.309 2 WP_MOVED 3 348965.09375 5945786. 660. 12
11.342 2 GPS 0 0 0 0 0 0 0 0 0 0 1
11.393 2 ENERGY 7. 0.277 0 1.939
11.395 2 DL_VALUE 8 0.
11.397 2 ESTIMATOR 0. 0.
11.487 2 ATTITUDE -0.27916 -1.576867 -0.008445
11.593 2 GPS 0 0 0 0 0 0 0 0 0 0 1
11.688 2 CALIBRATION 0. 0
11.692 2 IMU_GYRO -0.028564 0.02124 -0.048828
11.761 2 DOWNLINK_STATUS 0 12 4623 211 1 377. 17. 51.51
11.793 2 BAT 2126 70 27 0 1 13 0 0
11.796 2 WP_MOVED 4 348764.6875 5945795. 660. 12
11.843 2 GPS 0 0 0 0 0 0 0 0 0 0 1
11.885 2 ESTIMATOR 0. 0.
11.993 2 NAVIGATION 0 1 0. 0. 0. 0. 0 0
12.000 2 ATTITUDE -0.27916 -1.576867 -0.008445
12.092 2 GPS 0 0 0 0 0 0 0 0 0 0 1
12.248 2 WIND_INFO 2 42 0. 0. 0.
12.290 2 WP_MOVED 5 348740. 5945760. 660. 12
12.351 2 DESIRED 0. 0.03 0. 0. 0. 655. 0. 15.
12.357 2 GPS 0 0 0 0 0 0 0 0 0 0 1
12.369 2 FBW_STATUS 0 48 0 70 277
12.385 2 ESTIMATOR 0. 0.
12.487 2 ATTITUDE -0.279338 -1.57689 -0.008446
12.593 2 GPS 0 0 0 0 0 0 0 0 0 0 1
12.762 2 DOWNLINK_STATUS 0 13 4959 225 1 336. 14. 51.51
12.792 2 IMU_GYRO -0.028564 0.02002 -0.048828
12.795 2 WP_MOVED 6 348665. 5945815. 660. 12
12.842 2 GPS 0 0 0 0 0 0 0 0 0 0 1
12.891 2 DL_VALUE 9 1.
12.895 2 BAT 2126 70 27 0 1 14 0 0
12.897 2 ESTIMATOR 0. 0.
12.993 2 NAVIGATION 0 1 0. 0. 0. 0. 0 0
13.000 2 ATTITUDE -0.279249 -1.576781 -0.008519
13.092 2 GPS 0 0 0 0 0 0 0 0 0 0 1
13.170 2 ACTUATORS |1222,1003,1500,1500,1500,1499|
13.270 2 COMMANDS |2140,14,-14,0,-56,-9548|
13.291 2 GPS_SOL 0 0 0 0
13.294 2 WP_MOVED 7 349065. 5946015. 660. 12
13.343 2 GPS 0 0 0 0 0 0 0 0 0 0 1
13.398 2 DESIRED 0. 0.03 0. 0. 0. 655. 0. 15.
13.400 2 ESTIMATOR 0. 0.
13.487 2 STATE_FILTER_STATUS 3 0
13.491 2 ATTITUDE -0.279287 -1.576769 -0.008653
13.591 2 DOWNLINK 0 388 278
13.597 2 GPS 0 0 0 0 0 0 0 0 0 0 1
13.684 2 PPRZ_MODE 0 0 0 0 0 17
13.763 2 DOWNLINK_STATUS 0 14 5396 246 1 437. 21. 51.51
13.795 2 ALIVE |174,142,123,70,131,86,36,156,177,143,110,20,66,194,131,7|
13.797 2 CALIBRATION 0. 0
13.800 2 WP_MOVED 0 348907. 5945757. 660. 12
13.842 2 GPS 0 0 0 0 0 0 0 0 0 0 1
13.894 2 ENERGY 7. 0.275 0 1.925
13.897 2 IMU_GYRO -0.028564 0.02124 -0.048828
13.900 2 ESTIMATOR 0. 0.
14.003 2 BAT 2119 70 27 0 1 15 0 0
14.004 2 NAVIGATION 0 1 0. 0. 0. 0. 0 0
14.005 2 ATTITUDE -0.279287 -1.576832 -0.008836
14.092 2 GPS 0 0 0 0 0 0 0 0 0 0 1
14.288 2 WP_MOVED 1 348865. 5945715. 660. 12
14.343 2 GPS 0 0 0 0 0 0 0 0 0 0 1
14.369 2 FBW_STATUS 0 53 0 70 279
14.387 2 DL_VALUE 10 0.
14.390 2 ESTIMATOR 0. 0.
14.445 2 DESIRED 0. 0.03 0. 0. 0. 655. 0. 15.
14.486 2 ATTITUDE -0.279248 -1.576906 -0.008885
14.593 2 GPS 0 0 0 0 0 0 0 0 0 0 1
14.764 2 DOWNLINK_STATUS 0 15 5815 265 1 419. 19. 51.51
14.787 2 WP_MOVED 2 348895. 5945815. 660. 12
14.842 2 GPS 0 0 0 0 0 0 0 0 0 0 1
14.885 2 ESTIMATOR 0. 0.
14.996 2 IMU_GYRO -0.028564 0.02124 -0.048828
15.003 2 NAVIGATION 0 1 0. 0. 0. 0. 0 0
15.004 2 ATTITUDE -0.279375 -1.576992 -0.009031
15.095 2 BAT 2126 70 27 0 1 16 0 0
15.101 2 GPS 0 0 0 0 0 0 0 0 0 0 1
15.293 2 GPS_SOL 0 0 0 0
15.297 2 WP_MOVED 3 348965.09375 5945786. 660. 12
15.306 2 PONG 
15.343 2 GPS 0 0 0 0 0 0 0 0 0 0 1
15.385 2 ESTIMATOR 0. 0.
15.498 2 DESIRED 0. 0.03 0. 0. 0. 655. 0. 15.
15.504 2 ATTITUDE -0.279336 -1.577066 -0.00908
15.592 2 GPS 0 0 0 0 0 0 0 0 0 0 1
15.765 2 DOWNLINK_STATUS 0 16 6177 281 1 362. 16. 52.33
15.787 2 WP_MOVED 4 348764.6875 5945795. 660. 12
15.842 2 GPS 0 0 0 0 0 0 0 0 0 0 1
15.889 2 CALIBRATION 0. 0
15.891 2 DL_VALUE 11 0.
15.894 2 ESTIMATOR 0. 0.
15.994 2 NAVIGATION 0 1 0. 0. 0. 0. 0 0
15.997 2 ATTITUDE -0.279286 -1.576882 -0.009105
16.094 2 IMU_GYRO -0.033936 0.031738 -0.048828
16.100 2 GPS 0 0 0 0 0 0 0 0 0 0 1
16.192 2 NAVIGATION_REF 348865 5945715 12 605.
16.196 2 BAT 1618 70 27 0 1 18 0 0
16.288 2 WP_MOVED 5 348740. 5945760. 660. 12
16.342 2 GPS 0 0 0 0 0 0 0 0 0 0 1
16.368 2 FBW_STATUS 0 48 0 70 109
16.390 2 ENERGY 7. 0.091 0 0.637
16.392 2 ESTIMATOR 0. 0.
16.486 2 ATTITUDE -0.279159 -1.576945 -0.009153
16.544 2 DESIRED 0. 0.03 0. 0. 0. 655. 0. 15.
16.592 2 GPS 0 0 0 0 0 0 0 0 0 0 1
16.766 2 DOWNLINK_STATUS 0 17 6592 300 1 415. 19. 52.33
16.787 2 WP_MOVED 6 348665. 5945815. 660. 12
16.842 2 GPS 0 0 0 0 0 0 0 0 0 0 1
16.885 2 ESTIMATOR 0. 0.
16.994 2 NAVIGATION 0 1 0. 0. 0. 0. 0 0
16.997 2 ATTITUDE -0.27912 -1.576945 -0.009104
17.093 2 GPS 0 0 0 0 0 0 0 0 0 0 1
17.186 2 IMU_GYRO -0.029785 0.023193 -0.049805
17.295 2 GPS_SOL 0 0 0 0
17.298 2 BAT 40 70 0 0 1 19 0 0
17.302 2 WP_MOVED 7 349065. 5946015. 660. 12
17.342 2 GPS 0 0 0 0 0 0 0 0 0 0 1
17.387 2 DL_VALUE 12 12000.
17.389 2 ESTIMATOR 0. 0.
17.486 2 ATTITUDE -0.279198 -1.576774 -0.009178
17.601 2 DESIRED 0. 0.03 0. 0. 0. 655. 0. 15.
17.607 2 GPS 0 0 0 0 0 0 0 0 0 0 1
17.766 2 DOWNLINK_STATUS 0 18 6959 316 1 367. 16. 52.33
17.787 2 WP_MOVED 0 348907. 5945757. 660. 12
17.842 2 GPS 0 0 0 0 0 0 0 0 0 0 1
17.885 2 ESTIMATOR 0. 0.
17.993 2 CALIBRATION 0. 0
17.998 2 NAVIGATION 0 1 0. 0. 0. 0. 0 0
18.000 2 ATTITUDE -0.27916 -1.576687 -0.009117
18.093 2 GPS 0 0 0 0 0 0 0 0 0 0 1
18.170 2 ACTUATORS |1112,1003,1500,1500,1500,1500|
18.270 2 COMMANDS |1426,14,-14,0,-14,-9548|
18.290 2 IMU_GYRO -0.027588 0.018066 -0.048828
18.294 2 WP_MOVED 1 348865. 5945715. 660. 12
18.342 2 GPS 0 0 0 0 0 0 0 0 0 0 1
18.368 2 FBW_STATUS 0 52 0 70 170
18.390 2 BAT 1494 70 29 0 1 20 0 0
18.393 2 ESTIMATOR 0. 0.
18.487 2 STATE_FILTER_STATUS 3 0
18.490 2 ATTITUDE -0.27911 -1.576602 -0.009068
18.592 2 GPS 0 0 0 0 0 0 0 0 0 0 1
18.644 2 DESIRED 0. 0.03 0. 0. 0. 655. 0. 15.
18.686 2 DOWNLINK 0 398 370
18.688 2 PPRZ_MODE 0 0 0 0 0 17
18.767 2 DOWNLINK_STATUS 0 19 7394 337 1 435. 21. 52.33
18.793 2 ALIVE |174,142,123,70,131,86,36,156,177,143,110,20,66,194,131,7|
18.796 2 WP_MOVED 2 348895. 5945815. 660. 12
18.843 2 GPS 0 0 0 0 0 0 0 0 0 0 1
18.893 2 ENERGY 7. 0.001 0 0.007
18.894 2 DL_VALUE 13 1.5
18.896 2 ESTIMATOR 0. 0.
18.993 2 NAVIGATION 0 1 0. 0. 0. 0. 0 0
18.996 2 ATTITUDE -0.279199 -1.576516 -0.009142
19.092 2 GPS 0 0 0 0 0 0 0 0 0 0 1
19.290 2 GPS_SOL 0 0 0 0
19.294 2 WP_MOVED 3 348965.09375 5945786. 660. 12
19.342 2 GPS 0 0 0 0 0 0 0 0 0 0 1
19.389 2 IMU_GYRO -0.025391 0.012695 -0.048828
19.392 2 ESTIMATOR 0. 0.
19.492 2 BAT 1586 70 0 0 1 21 0 0
19.495 2 ATTITUDE -0.278894 -1.576469 -0.009177
19.592 2 GPS 0 0 0 0 0 0 0 0 0 0 1
19.695 2 DESIRED 0. 0.03 0. 0. 0. 655. 0. 15.
19.768 2 DOWNLINK_STATUS 0 20 7804 355 1 410. 18. 52.33
19.788 2 WP_MOVED 4 348764.6875 5945795. 660. 12
19.843 2 GPS 0 0 0 0 0 0 0 0 0 0 1
19.884 2 ESTIMATOR 0. 0.
19.993 2 NAVIGATION 0 1 0. 0. 0. 0. 0 0
19.996 2 ATTITUDE -0.279287 -1.576699 -0.009166
20.090 2 CALIBRATION 0. 0
20.096 2 GPS 0 0 0 0 0 0 0 0 0 0 1
20.293 2 WP_MOVED 5 348740. 5945760. 660. 12
20.307 2 PONG 
20.342 2 GPS 0 0 0 0 0 0 0 0 0 0 1
20.368 2 FBW_STATUS 0 51 0 70 3
20.386 2 DL_VALUE 14 0.610865
20.389 2 ESTIMATOR 0. 0.
20.490 2 IMU_GYRO -0.029785 0.02002 -0.049805
20.493 2 ATTITUDE -0.278855 -1.576567 -0.009055
20.595 2 BAT 1090 70 12 0 1 22 0 0
20.601 2 GPS 0 0 0 0 0 0 0 0 0 0 1
20.744 2 DESIRED 0. 0.03 0. 0. 0. 655. 0. 15.
20.769 2 DOWNLINK_STATUS 0 21 8186 373 1 382. 18. 52.45
20.788 2 WP_MOVED 6 348665. 5945815. 660. 12
20.841 2 GPS 0 0 0 0 0 0 0 0 0 0 1
20.884 2 ESTIMATOR 0. 0.
20.993 2 NAVIGATION 0 1 0. 0. 0. 0. 0 0
20.996 2 ATTITUDE -0.279021 -1.57659 -0.009068
21.092 2 GPS 0 0 0 0 0 0 0 0 0 0 1
21.290 2 GPS_SOL 0 0 0 0
21.294 2 WP_MOVED 7 349065. 5946015. 660. 12
21.342 2 GPS 0 0 0 0 0 0 0 0 0 0 1
21.390 2 ENERGY 7. 0.002 0 0.014
21.392 2 ESTIMATOR 0. 0.
21.486 2 ATTITUDE -0.278894 -1.576481 -0.009092
21.594 2 IMU_GYRO -0.024414 0.016846 -0.047852
21.599 2 GPS 0 0 0 0 0 0 0 0 0 0 1
21.687 2 BAT 40 70 0 0 1 23 0 0
21.770 2 DOWNLINK_STATUS 0 22 8524 388 1 338. 15. 52.45
21.798 2 DESIRED 0. 0.03 0. 0. 0. 655. 0. 15.
21.801 2 WP_MOVED 0 348907. 5945757. 660. 12
21.842 2 GPS 0 0 0 0 0 0 0 0 0 0 1
21.886 2 DL_VALUE 15 7500.
21.889 2 ESTIMATOR 0. 0.
21.993 2 NAVIGATION 0 1 0. 0. 0. 0. 0 0
21.996 2 ATTITUDE -0.278856 -1.576395 -0.009031
22.092 2 GPS 0 0 0 0 0 0 0 0 0 0 1
22.183 2 CALIBRATION 0. 0
22.248 2 WIND_INFO 2 42 0. 0. 0.
22.290 2 WP_MOVED 1 348865. 5945715. 660. 12
22.342 2 GPS 0 0 0 0 0 0 0 0 0 0 1
22.369 2 FBW_STATUS 0 51 0 70 131
22.385 2 ESTIMATOR 0. 0.
22.486 2 ATTITUDE -0.278856 -1.576407 -0.008946
22.592 2 GPS 0 0 0 0 0 0 0 0 0 0 1
22.686 2 IMU_GYRO -0.029785 0.02124 -0.048828
22.771 2 DOWNLINK_STATUS 0 23 8879 404 1 355. 16. 52.45
22.791 2 BAT 40 70 0 0 1 24 0 0
22.795 2 WP_MOVED 2 348895. 5945815. 660. 12
22.851 2 DESIRED 0. 0.03 0. 0. 0. 655. 0. 15.
22.856 2 GPS 0 0 0 0 0 0 0 0 0 0 1
22.884 2 ESTIMATOR 0. 0.
22.993 2 NAVIGATION 0 1 0. 0. 0. 0. 0 0
22.996 2 ATTITUDE -0.278806 -1.576321 -0.008897
23.092 2 GPS 0 0 0 0 0 0 0 0 0 0 1
23.170 2 ACTUATORS |1004,1003,1500,1500,1500,1500|
23.270 2 COMMANDS |40,14,-14,0,-14,-9548|
23.290 2 GPS_SOL 0 0 0 0
23.294 2 WP_MOVED 3 348965.09375 5945786. 660. 12
23.342 2 GPS 0 0 0 0 0 0 0 0 0 0 1
23.387 2 DL_VALUE 16 1250.
23.389 2 ESTIMATOR 0. 0.
23.486 2 STATE_FILTER_STATUS 3 0
23.489 2 ATTITUDE -0.278729 -1.576395 -0.008897
23.592 2 GPS 0 0 0 0 0 0 0 0 0 0 1
23.683 2 PPRZ_MODE 0 0 0 0 0 17
23.772 2 DOWNLINK_STATUS 0 24 9287 423 1 408. 19. 52.45
23.796 2 DOWNLINK 0 375 458
23.800 2 ALIVE |174,142,123,70,131,86,36,156,177,143,110,20,66,194,131,7|
23.803 2 IMU_GYRO -0.029785 0.02124 -0.048828
23.807 2 WP_MOVED 4 348764.6875 5945795. 660. 12
23.842 2 GPS 0 0 0 0 0 0 0 0 0 0 1
23.902 2 ENERGY 7. 0.002 0 0.014
23.906 2 BAT 40 70 0 0 1 25 0 0
23.912 2 DESIRED 0. 0.03 0. 0. 0. 655. 0. 15.
23.915 2 ESTIMATOR 0. 0.
23.993 2 NAVIGATION 0 1 0. 0. 0. 0. 0 0
23.996 2 ATTITUDE -0.278552 -1.576286 -0.008884
24.092 2 GPS 0 0 0 0 0 0 0 0 0 0 1
24.288 2 CALIBRATION 0. 0
24.291 2 WP_MOVED 5 348740. 5945760. 660. 12
24.342 2 GPS 0 0 0 0 0 0 0 0 0 0 1
24.367 2 FBW_STATUS 0 52 0 70 2
24.384 2 ESTIMATOR 0. 0.
24.485 2 ATTITUDE -0.27859 -1.576286 -0.008933
24.592 2 GPS 0 0 0 0 0 0 0 0 0 0 1
24.773 2 DOWNLINK_STATUS 0 25 9706 442 1 419. 19. 52.45
24.787 2 WP_MOVED 6 348665. 5945815. 660. 12
24.842 2 GPS 0 0 0 0 0 0 0 0 0 0 1
24.890 2 DL_VALUE 17 0.45
24.893 2 IMU_GYRO -0.027588 0.019043 -0.048828
24.896 2 ESTIMATOR 0. 0.
24.944 2 DESIRED 0. 0.03 0. 0. 0. 655. 0. 15.
24.996 2 BAT 950 70 14 0 1 26 0 0
25.001 2 NAVIGATION 0 1 0. 0. 0. 0. 0 0
25.004 2 ATTITUDE -0.278552 -1.576286 -0.008884
25.092 2 GPS 0 0 0 0 0 0 0 0 0 0 1
25.187 2 NAVIGATION_REF 348865 5945715 12 605.
25.294 2 GPS_SOL 0 0 0 0
25.297 2 WP_MOVED 7 349065. 5946015. 660. 12
25.307 2 PONG 
25.342 2 GPS 0 0 0 0 0 0 0 0 0 0 1
25.384 2 ESTIMATOR 0. 0.
25.486 2 ATTITUDE -0.27859 -1.576212 -0.008835
25.591 2 GPS 0 0 0 0 0 0 0 0 0 0 1
25.774 2 DOWNLINK_STATUS 0 26 10098 460 1 392. 18. 52.67
25.787 2 WP_MOVED 0 348907. 5945757. 660. 12
25.842 2 GPS 0 0 0 0 0 0 0 0 0 0 1
25.885 2 ESTIMATOR 0. 0.
26.004 2 IMU_GYRO -0.028564 0.019043 -0.047852
26.014 2 DESIRED 0. 0.03 0. 0. 0. 655. 0. 15.
26.015 2 NAVIGATION 0 1 0. 0. 0. 0. 0 0
26.018 2 ATTITUDE -0.27873 -1.576138 -0.008861
26.094 2 BAT 40 70 0 0 1 27 0 0
26.100 2 GPS 0 0 0 0 0 0 0 0 0 0 1
26.287 2 WP_MOVED 1 348865. 5945715. 660. 12
26.341 2 GPS 0 0 0 0 0 0 0 0 0 0 1
26.367 2 FBW_STATUS 0 50 0 70 2
26.394 2 ENERGY 7. 0.002 0 0.014
26.396 2 CALIBRATION 0. 0
26.398 2 DL_VALUE 18 0.03
26.400 2 ESTIMATOR 0. 0.
26.486 2 ATTITUDE -0.278985 -1.576087 -0.008861
26.591 2 GPS 0 0 0 0 0 0 0 0 0 0 1
26.775 2 DOWNLINK_STATUS 0 27 10494 478 1 396. 18. 52.67
26.787 2 WP_MOVED 2 348895. 5945815. 660. 12
26.842 2 GPS 0 0 0 0 0 0 0 0 0 0 1
26.885 2 ESTIMATOR 0. 0.
26.993 2 NAVIGATION 0 1 0. 0. 0. 0. 0 0
26.996 2 ATTITUDE -0.278985 -1.576087 -0.008861
27.044 2 DESIRED 0. 0.03 0. 0. 0. 655. 0. 15.
27.093 2 IMU_GYRO -0.029785 0.02124 -0.048828
27.099 2 GPS 0 0 0 0 0 0 0 0 0 0 1
27.188 2 BAT 40 70 0 0 1 29 0 0
27.289 2 GPS_SOL 0 0 0 0
27.293 2 WP_MOVED 3 348965.09375 5945786. 660. 12
27.341 2 GPS 0 0 0 0 0 0 0 0 0 0 1
27.384 2 ESTIMATOR 0. 0.
27.486 2 ATTITUDE -0.278946 -1.576075 -0.008898
27.592 2 GPS 0 0 0 0 0 0 0 0 0 0 1
27.776 2 DOWNLINK_STATUS 0 28 10850 493 1 356. 15. 52.67
27.787 2 WP_MOVED 4 348764.6875 5945795. 660. 12
27.842 2 GPS 0 0 0 0 0 0 0 0 0 0 1
27.886 2 DL_VALUE 19 0.15
27.889 2 ESTIMATOR 0. 0.
27.993 2 NAVIGATION 0 1 0. 0. 0. 0. 0 0
27.996 2 ATTITUDE -0.278946 -1.576075 -0.008898
28.101 2 DESIRED 0. 0.03 0. 0. 0. 655. 0. 15.
28.106 2 GPS 0 0 0 0 0 0 0 0 0 0 1
28.169 2 ACTUATORS |1004,1003,1500,1500,1500,1500|
28.185 2 IMU_GYRO -0.027588 0.016846 -0.048828
28.269 2 COMMANDS |40,14,-14,0,-14,-9548|
28.291 2 BAT 40 70 0 0 1 30 0 0
28.295 2 WP_MOVED 5 348740. 5945760. 660. 12
28.341 2 GPS 0 0 0 0 0 0 0 0 0 0 1
28.368 2 FBW_STATUS 0 48 0 70 2
28.384 2 ESTIMATOR 0. 0.
28.492 2 STATE_FILTER_STATUS 3 0
28.492 2 CALIBRATION 0. 0
28.500 2 ATTITUDE -0.279035 -1.576087 -0.008898
28.592 2 GPS 0 0 0 0 0 0 0 0 0 0 1
28.684 2 PPRZ_MODE 0 0 0 0 0 17
28.776 2 DOWNLINK_STATUS 0 29 11285 514 1 435. 21. 52.67
28.792 2 ALIVE |174,142,123,70,131,86,36,156,177,143,110,20,66,194,131,7|
28.796 2 WP_MOVED 6 348665. 5945815. 660. 12
28.842 2 GPS 0 0 0 0 0 0 0 0 0 0 1
28.891 2 DOWNLINK 0 406 552
28.894 2 ENERGY 7. 0.002 0 0.014
28.897 2 ESTIMATOR 0. 0.
28.993 2 NAVIGATION 0 1 0. 0. 0. 0. 0 0
28.995 2 ATTITUDE -0.278985 -1.57599 -0.008935
29.092 2 GPS 0 0 0 0 0 0 0 0 0 0 1
29.144 2 DESIRED 0. 0.03 0. 0. 0. 655. 0. 15.
29.293 2 GPS_SOL 0 0 0 0
29.296 2 IMU_GYRO -0.028564 0.02124 -0.049805
29.300 2 WP_MOVED 7 349065. 5946015. 660. 12
29.341 2 GPS 0 0 0 0 0 0 0 0 0 0 1
29.391 2 DL_VALUE 20 0.01
29.394 2 BAT 40 70 0 0 1 31 0 0
29.397 2 ESTIMATOR 0. 0.
29.486 2 ATTITUDE -0.278769 -1.575869 -0.008959
29.592 2 GPS 0 0 0 0 0 0 0 0 0 0 1
29.778 2 DOWNLINK_STATUS 0 30 11706 533 1 421. 19. 52.67
29.787 2 WP_MOVED 0 348907. 5945757. 660. 12
29.842 2 GPS 0 0 0 0 0 0 0 0 0 0 1
29.885 2 ESTIMATOR 0. 0.
29.993 2 NAVIGATION 0 1 0. 0. 0. 0. 0 0
29.996 2 ATTITUDE -0.278731 -1.575857 -0.008996
30.091 2 GPS 0 0 0 0 0 0 0 0 0 0 1
30.193 2 DESIRED 0. 0.03 0. 0. 0. 655. 0. 15.
30.294 2 WP_MOVED 1 348865. 5945715. 660. 12
30.308 2 PONG 
30.341 2 GPS 0 0 0 0 0 0 0 0 0 0 1
30.368 2 FBW_STATUS 0 51 0 70 2
30.389 2 IMU_GYRO -0.028564 0.02002 -0.048828
30.391 2 ESTIMATOR 0. 0.
30.491 2 BAT 40 70 0 0 1 32 0 0
30.494 2 ATTITUDE -0.278769 -1.575772 -0.009033
30.590 2 CALIBRATION 0. 0
30.596 2 GPS 0 0 0 0 0 0 0 0 0 0 1
30.778 2 DOWNLINK_STATUS 0 31 12077 550 1 371. 17. 52.38
30.787 2 WP_MOVED 2 348895. 5945815. 660. 12
30.842 2 GPS 0 0 0 0 0 0 0 0 0 0 1
30.885 2 DL_VALUE 21 0.1
30.888 2 ESTIMATOR 0. 0.
30.992 2 NAVIGATION 0 1 0. 0. 0. 0. 0 0
30.995 2 ATTITUDE -0.278642 -1.57576 -0.008984
31.091 2 GPS 0 0 0 0 0 0 0 0 0 0 1
31.243 2 DESIRED 0. 0.03 0. 0. 0. 655. 0. 15.
31.290 2 GPS_SOL 0 0 0 0
31.293 2 WP_MOVED 3 348965.09375 5945786. 660. 12
31.341 2 GPS 0 0 0 0 0 0 0 0 0 0 1
31.390 2 ENERGY 7. 0.002 0 0.014
31.392 2 ESTIMATOR 0. 0.
31.490 2 IMU_GYRO -0.028564 0.02124 -0.048828
31.493 2 ATTITUDE -0.278681 -1.575686 -0.008935
31.594 2 BAT 40 70 0 0 1 33 0 0
31.600 2 GPS 0 0 0 0 0 0 0 0 0 0 1
31.779 2 DOWNLINK_STATUS 0 32 12464 567 1 387. 17. 52.38
31.786 2 WP_MOVED 4 348764.6875 5945795. 660. 12
31.841 2 GPS 0 0 0 0 0 0 0 0 0 0 1
31.884 2 ESTIMATOR 0. 0.
31.992 2 NAVIGATION 0 1 0. 0. 0. 0. 0 0
31.995 2 ATTITUDE -0.278515 -1.575651 -0.009008
32.091 2 GPS 0 0 0 0 0 0 0 0 0 0 1
32.248 2 WIND_INFO 2 42 0. 0. 0.
32.298 2 DESIRED 0. 0.03 0. 0. 0. 655. 0. 15.
32.301 2 WP_MOVED 5 348740. 5945760. 660. 12
32.341 2 GPS 0 0 0 0 0 0 0 0 0 0 1
32.368 2 FBW_STATUS 0 48 0 70 2
32.386 2 DL_VALUE 22 0.
32.389 2 ESTIMATOR 0. 0.
32.486 2 ATTITUDE -0.278427 -1.575639 -0.009008
32.593 2 IMU_GYRO -0.029785 0.022217 -0.048828
32.599 2 GPS 0 0 0 0 0 0 0 0 0 0 1
32.687 2 CALIBRATION 0. 0
32.691 2 BAT 40 70 0 0 1 34 0 0
32.780 2 DOWNLINK_STATUS 0 33 12840 584 1 376. 17. 52.38
32.786 2 WP_MOVED 6 348665. 5945815. 660. 12
32.841 2 GPS 0 0 0 0 0 0 0 0 0 0 1
32.884 2 ESTIMATOR 0. 0.
32.993 2 NAVIGATION 0 1 0. 0. 0. 0. 0 0
32.996 2 ATTITUDE -0.278427 -1.575639 -0.009008
33.091 2 GPS 0 0 0 0 0 0 0 0 0 0 1
33.170 2 ACTUATORS |1004,1003,1500,1500,1500,1500|
33.269 2 COMMANDS |40,14,-14,0,-14,-9548|
33.290 2 GPS_SOL 0 0 0 0
33.293 2 WP_MOVED 7 349065. 5946015. 660. 12
33.351 2 DESIRED 0. 0.03 0. 0. 0. 655. 0. 15.
33.356 2 GPS 0 0 0 0 0 0 0 0 0 0 1
33.384 2 ESTIMATOR 0. 0.
33.485 2 STATE_FILTER_STATUS 3 0
33.488 2 ATTITUDE -0.278415 -1.575468 -0.008995
33.591 2 GPS 0 0 0 0 0 0 0 0 0 0 1
33.687 2 PPRZ_MODE 0 0 0 0 0 17
33.690 2 IMU_GYRO -0.028564 0.02002 -0.048828
33.781 2 DOWNLINK_STATUS 0 34 13234 602 1 394. 18. 52.38
33.796 2 ALIVE |174,142,123,70,131,86,36,156,177,143,110,20,66,194,131,7|
33.800 2 BAT 40 70 0 0 1 35 0 0
33.803 2 WP_MOVED 0 348907. 5945757. 660. 12
33.841 2 GPS 0 0 0 0 0 0 0 0 0 0 1
33.891 2 ENERGY 7. 0.002 0 0.014
33.893 2 DL_VALUE 23 0.05
33.896 2 ESTIMATOR 0. 0.
33.992 2 DOWNLINK 0 395 644
33.997 2 NAVIGATION 0 1 0. 0. 0. 0. 0 0
34.000 2 ATTITUDE -0.278427 -1.575468 -0.008984
34.091 2 GPS 0 0 0 0 0 0 0 0 0 0 1
34.186 2 NAVIGATION_REF 348865 5945715 12 605.
34.287 2 WP_MOVED 1 348865. 5945715. 660. 12
34.342 2 GPS 0 0 0 0 0 0 0 0 0 0 1
34.367 2 FBW_STATUS 0 50 0 70 2
34.397 2 DESIRED 0. 0.03 0. 0. 0. 655. 0. 15.
34.398 2 ESTIMATOR 0. 0.
34.485 2 ATTITUDE -0.278516 -1.575405 -0.008887
34.591 2 GPS 0 0 0 0 0 0 0 0 0 0 1
34.781 2 DOWNLINK_STATUS 0 35 13654 621 1 420. 19. 52.38
34.791 2 CALIBRATION 0. 0
34.794 2 IMU_GYRO -0.029785 0.022217 -0.048828
34.797 2 WP_MOVED 2 348895. 5945815. 660. 12
34.841 2 GPS 0 0 0 0 0 0 0 0 0 0 1
34.890 2 BAT 40 70 0 0 1 36 0 0
34.892 2 ESTIMATOR 0. 0.
34.992 2 NAVIGATION 0 1 0. 0. 0. 0. 0 0
34.995 2 ATTITUDE -0.278505 -1.575234 -0.008874
35.093 2 GPS 0 0 0 0 0 0 0 0 0 0 1
35.296 2 GPS_SOL 0 0 0 0
35.299 2 WP_MOVED 3 348965.09375 5945786. 660. 12
35.309 2 PONG 
35.342 2 GPS 0 0 0 0 0 0 0 0 0 0 1
35.385 2 DL_VALUE 24 0.
35.388 2 ESTIMATOR 0. 0.
35.443 2 DESIRED 0. 0.03 0. 0. 0. 655. 0. 15.
35.485 2 ATTITUDE -0.278644 -1.575257 -0.008826
35.591 2 GPS 0 0 0 0 0 0 0 0 0 0 1
35.782 2 DOWNLINK_STATUS 0 36 14038 639 1 384. 18. 53.02
35.786 2 WP_MOVED 4 348764.6875 5945795. 660. 12
35.841 2 GPS 0 0 0 0 0 0 0 0 0 0 1
35.888 2 IMU_GYRO -0.029785 0.02124 -0.048828
35.891 2 ESTIMATOR 0. 0.
35.996 2 BAT 40 70 0 0 1 37 0 0
36.001 2 NAVIGATION 0 1 0. 0. 0. 0. 0 0
36.004 2 ATTITUDE -0.278683 -1.575183 -0.008777
36.091 2 GPS 0 0 0 0 0 0 0 0 0 0 1
36.287 2 WP_MOVED 5 348740. 5945760. 660. 12
36.341 2 GPS 0 0 0 0 0 0 0 0 0 0 1
36.367 2 FBW_STATUS 0 47 0 70 2
36.389 2 ENERGY 7. 0.002 0 0.014
36.391 2 ESTIMATOR 0. 0.
36.497 2 DESIRED 0. 0.03 0. 0. 0. 655. 0. 15.
36.500 2 ATTITUDE -0.278722 -1.575012 -0.008802
36.591 2 GPS 0 0 0 0 0 0 0 0 0 0 1
36.783 2 DOWNLINK_STATUS 0 37 14412 655 1 374. 16. 53.02
36.786 2 WP_MOVED 6 348665. 5945815. 660. 12
36.841 2 GPS 0 0 0 0 0 0 0 0 0 0 1
36.888 2 CALIBRATION 0. 0
36.890 2 DL_VALUE 25 1.000074
36.892 2 ESTIMATOR 0. 0.
36.995 2 IMU_GYRO -0.027588 0.022217 -0.048828
37.000 2 NAVIGATION 0 1 0. 0. 0. 0. 0 0
37.002 2 ATTITUDE -0.278645 -1.575 -0.00879
37.094 2 BAT 40 70 0 0 1 38 0 0
37.100 2 GPS 0 0 0 0 0 0 0 0 0 0 1
37.289 2 GPS_SOL 0 0 0 0
37.292 2 WP_MOVED 7 349065. 5946015. 660. 12
37.341 2 GPS 0 0 0 0 0 0 0 0 0 0 1
37.383 2 ESTIMATOR 0. 0.
37.485 2 ATTITUDE -0.278646 -1.574914 -0.008778
37.543 2 DESIRED 0. 0.03 0. 0. 0. 655. 0. 15.
37.591 2 GPS 0 0 0 0 0 0 0 0 0 0 1
37.783 2 DOWNLINK_STATUS 0 38 14790 672 1 378. 17. 53.02
37.786 2 WP_MOVED 0 348907. 5945757. 660. 12
37.841 2 GPS 0 0 0 0 0 0 0 0 0 0 1
37.884 2 ESTIMATOR 0. 0.
37.993 2 NAVIGATION 0 1 0. 0. 0. 0. 0 0
37.995 2 ATTITUDE -0.278646 -1.574828 -0.008766
38.092 2 IMU_GYRO -0.028564 0.02124 -0.047852
38.097 2 GPS 0 0 0 0 0 0 0 0 0 0 1
38.168 2 ACTUATORS |1004,1003,1500,1500,1500,1500|
38.186 2 BAT 40 70 0 0 1 40 0 0
38.268 2 COMMANDS |40,14,-14,0,0,-9548|
38.286 2 WP_MOVED 1 348865. 5945715. 660. 12
38.341 2 GPS 0 0 0 0 0 0 0 0 0 0 1
38.367 2 FBW_STATUS 0 51 0 70 2
38.385 2 DL_VALUE 26 0.298451
38.388 2 ESTIMATOR 0. 0.
38.485 2 STATE_FILTER_STATUS 3 0
38.489 2 ATTITUDE -0.278774 -1.574754 -0.008803
38.600 2 DESIRED 0. 0.03 0. 0. 0. 655. 0. 15.
38.614 2 GPS 0 0 0 0 0 0 0 0 0 0 1
38.683 2 PPRZ_MODE 0 0 0 0 0 17
38.783 2 DOWNLINK_STATUS 0 39 15214 692 1 424. 20. 53.02
38.792 2 ALIVE |174,142,123,70,131,86,36,156,177,143,110,20,66,194,131,7|
38.795 2 WP_MOVED 2 348895. 5945815. 660. 12
38.841 2 GPS 0 0 0 0 0 0 0 0 0 0 1
38.890 2 ENERGY 7. 0.002 0 0.014
38.892 2 ESTIMATOR 0. 0.
38.992 2 CALIBRATION 0. 0
38.997 2 NAVIGATION 0 1 0. 0. 0. 0. 0 0
39.000 2 ATTITUDE -0.278812 -1.574681 -0.008754
39.089 2 DOWNLINK 0 392 735
39.095 2 GPS 0 0 0 0 0 0 0 0 0 0 1
39.185 2 IMU_GYRO -0.028564 0.02002 -0.048828
39.293 2 GPS_SOL 0 0 0 0
39.297 2 BAT 40 70 0 0 1 41 0 0
39.300 2 WP_MOVED 3 348965.09375 5945786. 660. 12
39.341 2 GPS 0 0 0 0 0 0 0 0 0 0 1
39.384 2 ESTIMATOR 0. 0.
39.485 2 ATTITUDE -0.278735 -1.574669 -0.008742
39.591 2 GPS 0 0 0 0 0 0 0 0 0 0 1
39.643 2 DESIRED 0. 0.03 0. 0. 0. 655. 0. 15.
39.784 2 DOWNLINK_STATUS 0 40 15635 711 1 421. 19. 53.02
39.786 2 WP_MOVED 4 348764.6875 5945795. 660. 12
39.841 2 GPS 0 0 0 0 0 0 0 0 0 0 1
39.886 2 DL_VALUE 27 1.
39.887 2 ESTIMATOR 0. 0.
39.991 2 NAVIGATION 0 1 0. 0. 0. 0. 0 0
39.995 2 ATTITUDE -0.278685 -1.574571 -0.008779
40.091 2 GPS 0 0 0 0 0 0 0 0 0 0 1
40.330 2 IMU_GYRO -0.029785 0.02124 -0.048828
40.334 2 WP_MOVED 5 348740. 5945760. 660. 12
40.397 2 GPS 0 0 0 0 0 0 0 0 0 0 1
40.410 2 FBW_STATUS 0 51 0 70 2
40.425 2 PONG 
40.444 2 BAT 40 70 0 0 1 42 0 0
40.447 2 ESTIMATOR 0. 0.
40.485 2 ATTITUDE -0.278647 -1.57456 -0.008816
40.591 2 GPS 0 0 0 0 0 0 0 0 0 0 1
40.693 2 DESIRED 0. 0.03 0. 0. 0. 655. 0. 15.
40.785 2 DOWNLINK_STATUS 0 41 16006 728 1 371. 17. 160.31
40.785 2 WP_MOVED 6 348665. 5945815. 660. 12
40.840 2 GPS 0 0 0 0 0 0 0 0 0 0 1
40.883 2 ESTIMATOR 0. 0.
40.992 2 NAVIGATION 0 1 0. 0. 0. 0. 0 0
40.995 2 ATTITUDE -0.278724 -1.574486 -0.008816
41.089 2 CALIBRATION 0. 0
41.095 2 GPS 0 0 0 0 0 0 0 0 0 0 1
41.289 2 GPS_SOL 0 0 0 0
41.292 2 WP_MOVED 7 349065. 5946015. 660. 12
41.341 2 GPS 0 0 0 0 0 0 0 0 0 0 1
41.395 2 ENERGY 7. 0.002 0 0.014
41.397 2 DL_VALUE 28 0.
41.400 2 IMU_GYRO -0.030762 0.025391 -0.047852
41.403 2 ESTIMATOR 0. 0.
41.490 2 BAT 40 70 0 0 1 43 0 0
41.493 2 ATTITUDE -0.278775 -1.574486 -0.008853
41.591 2 GPS 0 0 0 0 0 0 0 0 0 0 1
41.743 2 DESIRED 0. 0.03 0. 0. 0. 655. 0. 15.
41.785 2 DOWNLINK_STATUS 0 42 16404 746 1 398. 18. 160.31
41.786 2 WP_MOVED 0 348907. 5945757. 660. 12
41.840 2 GPS 0 0 0 0 0 0 0 0 0 0 1
41.883 2 ESTIMATOR 0. 0.
41.992 2 NAVIGATION 0 1 0. 0. 0. 0. 0 0
41.995 2 ATTITUDE -0.278736 -1.574377 -0.008963
42.090 2 GPS 0 0 0 0 0 0 0 0 0 0 1
42.286 2 WP_MOVED 1 348865. 5945715. 660. 12
42.341 2 GPS 0 0 0 0 0 0 0 0 0 0 1
42.367 2 FBW_STATUS 0 52 0 70 2
42.384 2 ESTIMATOR 0. 0.
42.489 2 IMU_GYRO -0.028564 0.02124 -0.048828
42.492 2 ATTITUDE -0.278814 -1.574217 -0.008951
42.594 2 BAT 40 70 0 0 1 44 0 0
42.599 2 GPS 0 0 0 0 0 0 0 0 0 0 1
42.785 2 DOWNLINK_STATUS 0 43 16720 760 1 316. 14. 160.31
42.797 2 DESIRED 0. 0.03 0. 0. 0. 655. 0. 15.
42.800 2 WP_MOVED 2 348895. 5945815. 660. 12
42.840 2 GPS 0 0 0 0 0 0 0 0 0 0 1
42.885 2 DL_VALUE 29 100.
42.888 2 ESTIMATOR 0. 0.
42.992 2 NAVIGATION 0 1 0. 0. 0. 0. 0 0
42.995 2 ATTITUDE -0.278864 -1.574314 -0.008914
43.091 2 GPS 0 0 0 0 0 0 0 0 0 0 1
43.168 2 ACTUATORS |1004,1003,1500,1500,1500,1500|
43.188 2 NAVIGATION_REF 348865 5945715 12 605.
43.190 2 CALIBRATION 0. 0
43.269 2 COMMANDS |40,14,-14,0,-14,-9548|
43.289 2 GPS_SOL 0 0 0 0
43.293 2 WP_MOVED 3 348965.09375 5945786. 660. 12
43.341 2 GPS 0 0 0 0 0 0 0 0 0 0 1
43.384 2 ESTIMATOR 0. 0.
43.486 2 STATE_FILTER_STATUS 3 0
43.489 2 ATTITUDE -0.278814 -1.574217 -0.008951
43.593 2 IMU_GYRO -0.029785 0.02124 -0.048828
43.598 2 GPS 0 0 0 0 0 0 0 0 0 0 1
43.687 2 PPRZ_MODE 0 0 0 0 0 17
43.692 2 BAT 40 70 0 0 1 45 0 0
43.786 2 DOWNLINK_STATUS 0 44 17176 782 1 456. 22. 160.31
43.792 2 ALIVE |174,142,123,70,131,86,36,156,177,143,110,20,66,194,131,7|
43.794 2 WP_MOVED 4 348764.6875 5945795. 660. 12
43.850 2 DESIRED 0. 0.03 0. 0. 0. 655. 0. 15.
43.855 2 GPS 0 0 0 0 0 0 0 0 0 0 1
43.888 2 ENERGY 7. 0.002 0 0.014
43.891 2 ESTIMATOR 0. 0.
43.992 2 NAVIGATION 0 1 0. 0. 0. 0. 0 0
43.995 2 ATTITUDE -0.27856 -1.57417 -0.009024
44.091 2 GPS 0 0 0 0 0 0 0 0 0 0 1
44.182 2 DOWNLINK 0 396 826
44.285 2 WP_MOVED 5 348740. 5945760. 660. 12
44.340 2 GPS 0 0 0 0 0 0 0 0 0 0 1
44.366 2 FBW_STATUS 0 48 0 70 2
44.385 2 DL_VALUE 30 0.
44.387 2 ESTIMATOR 0. 0.
44.485 2 ATTITUDE -0.27861 -1.574182 -0.008976
44.590 2 GPS 0 0 0 0 0 0 0 0 0 0 1
44.685 2 IMU_GYRO -0.029785 0.022217 -0.048828
44.786 2 DOWNLINK_STATUS 0 45 17574 800 1 398. 18. 160.31
44.790 2 BAT 40 70 0 0 1 46 0 0
44.794 2 WP_MOVED 6 348665. 5945815. 660. 12
44.841 2 GPS 0 0 0 0 0 0 0 0 0 0 1
44.896 2 DESIRED 0. 0.03 0. 0. 0. 655. 0. 15.
44.898 2 ESTIMATOR 0. 0.
44.992 2 NAVIGATION 0 1 0. 0. 0. 0. 0 0
44.995 2 ATTITUDE -0.278599 -1.574022 -0.008878
