2.404 2 NAVIGATION 0 1 0. 0. 0. 0. 0 0
2.407 2 IMU_ACCEL -9.723633 -0.124023 -0.023438
2.410 2 ATTITUDE 0. 0. 0.
2.502 2 DL_VALUE 3 0.
2.509 2 DESIRED 0. -0. 0. 0. 0. 655. 0. 12.
2.512 2 ATTITUDE 0. 0. 0.
2.549 2 GPS 0 0 0 0 0 0 0 0 0 0 1
2.602 2 BAT 40 12 0 0 1 5 0 0
2.606 2 WP_MOVED 4 348764.6875 5945795. 660. 12
2.609 2 ATTITUDE 0. 0. 0.
2.704 2 ESTIMATOR 0. 0.
2.710 2 DESIRED 0. -0. 0. 0. 0. 655. 0. 12.
2.713 2 ATTITUDE 0. 0. 0.
2.750 2 DOWNLINK_STATUS 0 3 2790 127 1 823. 38. 0.
2.803 2 GPS 0 0 0 0 0 0 0 0 0 0 1
2.806 2 ATTITUDE 0. 0. 0.
2.905 2 IMU_GYRO -0.026367 0.016846 -0.049805
2.912 2 DESIRED 0. 1.12 0. 0. 0. 655. 0. 12.
2.915 2 ATTITUDE -2.790322 -1.293101 1.56686
2.975 2 FBW_STATUS 2 0 1 12 0
2.994 2 ATTITUDE -2.764056 -1.266813 1.56689
3.049 2 GPS 0 0 0 0 0 0 0 0 0 0 1
3.105 2 WP_MOVED 5 348740. 5945760. 660. 12
3.112 2 DESIRED 0. 1.13 0. 0. 0. 655. 0. 12.
3.115 2 ATTITUDE -2.815912 -1.318829 1.566952
3.200 2 IMU_ACCEL -9.804688 -0.133789 0.114258
3.202 2 ESTIMATOR 0. 0.
3.205 2 ATTITUDE -2.725749 -1.228475 1.56683
3.312 2 IMU_MAG 0. 0. 0.
3.317 2 GPS 0 0 0 0 0 0 0 0 0 0 1
3.324 2 DESIRED 0. 1.11 0. 0. 0. 655. 0. 12.
3.328 2 ATTITUDE -2.750377 -1.253361 1.566875
3.400 2 NAVIGATION 0 1 0. 0. 0. 0. 0 0
3.403 2 ATTITUDE -2.733681 -1.236466 1.56677
3.505 2 IMU_GYRO -0.034912 0.011475 -0.049805
3.512 2 DESIRED 0. 1.04 0. 0. 0. 655. 0. 12.
3.515 2 ATTITUDE -2.605541 -1.108191 1.56661
3.549 2 GPS 0 0 0 0 0 0 0 0 0 0 1
3.598 2 WP_MOVED 6 348665. 5945815. 660. 12
3.601 2 ATTITUDE -2.709561 -1.21236 1.56686
3.709 2 BAT 40 12 0 0 1 6 0 0
3.712 2 ESTIMATOR 0. 0.
3.718 2 DESIRED 0. 1.12 0. 0. 0. 655. 0. 12.
3.721 2 ATTITUDE -2.790447 -1.293269 1.56703
3.750 2 DOWNLINK_STATUS 0 4 3494 157 1 704. 30. 0.
3.803 2 GPS 0 0 0 0 0 0 0 0 0 0 1
3.806 2 ATTITUDE -2.726954 -1.229721 1.566967
3.904 2 GPS_SOL 0 0 0 0
3.910 2 DESIRED 0. 1.06 0. 0. 0. 655. 0. 12.
3.914 2 ATTITUDE -2.650181 -1.152946 1.56683
4.001 2 CALIBRATION 0. 0
4.001 2 DL_VALUE 4 0.
4.006 2 IMU_ACCEL -9.68457 -0.085938 0.033203
4.009 2 ATTITUDE -2.589453 -1.092179 1.566711
4.049 2 GPS 0 0 0 0 0 0 0 0 0 0 1
4.110 2 STATE_FILTER_STATUS 3 0
4.113 2 IMU_GYRO -0.032959 0.018066 -0.048828
4.117 2 WP_MOVED 7 349065. 5946015. 660. 12
4.123 2 DESIRED 0. 1.08 0. 0. 0. 655. 0. 12.
4.126 2 ATTITUDE -2.703499 -1.206424 1.56689
4.196 2 ESTIMATOR 0. 0.
4.199 2 ATTITUDE -2.568554 -1.071396 1.566624
4.311 2 GPS 0 0 0 0 0 0 0 0 0 0 1
4.318 2 DESIRED 0. 1.01 0. 0. 0. 655. 0. 12.
4.321 2 ATTITUDE -2.520967 -1.023616 1.56647
4.401 2 NAVIGATION 0 1 0. 0. 0. 0. 0 0
4.404 2 ATTITUDE -2.625522 -1.128468 1.566653
4.505 2 DESIRED 0. 1.02 0. 0. 0. 655. 0. 12.
4.507 2 ATTITUDE -2.563382 -1.066249 1.566554
4.548 2 GPS 0 0 0 0 0 0 0 0 0 0 1
4.605 2 ENERGY 1.2 0. 0 0.
4.608 2 IMU_MAG 0. 0. 0.
4.612 2 WP_MOVED 0 348907. 5945757. 660. 12
4.615 2 ATTITUDE -2.586869 -1.089721 1.566624
4.708 2 IMU_GYRO -0.029785 0.011475 -0.048828
4.710 2 ESTIMATOR 0. 0.
4.717 2 DESIRED 0. 1. 0. 0. 0. 655. 0. 12.
4.720 2 ATTITUDE -2.512541 -1.015412 1.566429
4.751 2 DOWNLINK_STATUS 0 5 4230 190 1 736. 33. 0.
4.809 2 BAT 40 12 0 0 1 8 0 0
4.812 2 IMU_ACCEL -9.766602 -0.143555 -0.013672
4.818 2 GPS 0 0 0 0 0 0 0 0 0 0 1
4.821 2 ATTITUDE -2.511597 -1.014428 1.566375
4.905 2 DESIRED 0. 1.06 0. 0. 0. 655. 0. 12.
4.908 2 ATTITUDE -2.654743 -1.157716 1.566755
4.975 2 FBW_STATUS 2 0 1 12 0
4.993 2 ATTITUDE -2.57846 -1.081325 1.566596
5.049 2 GPS 0 0 0 0 0 0 0 0 0 0 1
5.106 2 WP_MOVED 1 348865. 5945715. 660. 12
5.112 2 DESIRED 0. 1.03 0. 0. 0. 655. 0. 12.
5.116 2 ATTITUDE -2.58318 -1.08608 1.566639
5.195 2 ESTIMATOR 0. 0.
5.199 2 ATTITUDE -2.546339 -1.049158 1.566512
5.314 2 IMU_GYRO -0.031738 0.015869 -0.051025
5.319 2 GPS 0 0 0 0 0 0 0 0 0 0 1
5.326 2 DESIRED 0. 1.01 0. 0. 0. 655. 0. 12.
5.329 2 ATTITUDE -2.528824 -1.031696 1.566484
5.330 2 PONG 
5.400 2 NAVIGATION 0 1 0. 0. 0. 0. 0 0
5.403 2 ATTITUDE -2.53394 -1.036818 1.566512
5.503 2 DL_VALUE 5 0.
5.509 2 DESIRED 0. 1.03 0. 0. 0. 655. 0. 12.
5.512 2 ATTITUDE -2.566348 -1.069258 1.56674
5.549 2 GPS 0 0 0 0 0 0 0 0 0 0 1
5.602 2 IMU_ACCEL -9.675781 -0.114258 0.066406
5.605 2 WP_MOVED 2 348895. 5945815. 660. 12
5.608 2 ATTITUDE -2.500301 -1.003157 1.566697
5.704 2 ESTIMATOR 0. 0.
5.710 2 DESIRED 0. 1.04 0. 0. 0. 655. 0. 12.
5.713 2 ATTITUDE -2.594469 -1.09748 1.566998
5.751 2 DOWNLINK_STATUS 0 6 4933 221 1 703. 31. 79.5
5.805 2 NAVIGATION_REF 348865 5945715 12 605.
5.810 2 GPS 0 0 0 0 0 0 0 0 0 0 1
5.813 2 ATTITUDE -2.518536 -1.021385 1.56683
5.912 2 GPS_SOL 0 0 0 0
5.916 2 IMU_MAG 0. 0. 0.
5.919 2 BAT 40 12 0 0 1 9 0 0
5.922 2 IMU_GYRO -0.030762 0.016846 -0.049805
5.929 2 DESIRED 0. 0.98 0. 0. 0. 655. 0. 12.
5.993 2 ATTITUDE -2.49999 -1.002789 1.56686
6.048 2 GPS 0 0 0 0 0 0 0 0 0 0 1
6.106 2 CALIBRATION 0. 0
6.110 2 WP_MOVED 3 348965.09375 5945786. 660. 12
6.116 2 DESIRED 0. 1. 0. 0. 0. 655. 0. 12.
6.119 2 ATTITUDE -2.508329 -1.01113 1.566875
6.195 2 ESTIMATOR 0. 0.
6.198 2 ATTITUDE -2.409733 -0.912463 1.566582
6.308 2 STATE_FILTER_STATUS 3 0
6.314 2 GPS 0 0 0 0 0 0 0 0 0 0 1
6.321 2 DESIRED 0. 0.94 0. 0. 0. 655. 0. 12.
6.324 2 ATTITUDE -2.345925 -0.848536 1.566295
6.404 2 NAVIGATION 0 1 0. 0. 0. 0. 0 0
6.407 2 IMU_ACCEL -9.867188 -0.143555 0.042969
6.410 2 ATTITUDE -2.443023 -0.945814 1.566697
6.505 2 IMU_GYRO -0.032959 0.010498 -0.051025
6.511 2 DESIRED 0. 0.96 0. 0. 0. 655. 0. 12.
6.514 2 ATTITUDE -2.398418 -0.901132 1.566512
6.549 2 GPS 0 0 0 0 0 0 0 0 0 0 1
6.598 2 WP_MOVED 4 348764.6875 5945795. 660. 12
6.601 2 ATTITUDE -2.362305 -0.864979 1.566429
6.703 2 ESTIMATOR 0. 0.
6.710 2 DESIRED 0. 0.96 0. 0. 0. 655. 0. 12.
6.713 2 ATTITUDE -2.411778 -0.914459 1.566653
6.752 2 DOWNLINK_STATUS 0 7 5660 253 1 727. 32. 79.5
6.777 2 ACTUATORS |1352,1874,1800,1231,1381,1003|
6.803 2 GPS 0 0 0 0 0 0 0 0 0 0 1
6.806 2 ATTITUDE -2.402701 -0.905375 1.566711
6.877 2 COMMANDS |40,9600,-3794,0,28,-9548|
6.905 2 DESIRED 0. 0.93 0. 0. 0. 655. 0. 12.
6.908 2 ATTITUDE -2.308607 -0.811261 1.566375
6.975 2 FBW_STATUS 2 0 1 12 0
7.005 2 ENERGY 1.2 0. 0 0.
7.007 2 DL_VALUE 6 80.
7.010 2 BAT 40 12 0 0 1 10 0 0
7.013 2 ATTITUDE -2.338723 -0.841444 1.566429
7.049 2 GPS 0 0 0 0 0 0 0 0 0 0 1
7.112 2 DOWNLINK 1 740 341
7.114 2 PPRZ_MODE 1 0 0 0 0 6
7.118 2 IMU_GYRO -0.028564 0.023193 -0.049805
7.121 2 WP_MOVED 5 348740. 5945760. 660. 12
7.128 2 DESIRED 0. 0.93 0. 0. 0. 655. 0. 12.
7.131 2 ATTITUDE -2.315546 -0.818186 1.566456
7.210 2 ALIVE |78,41,157,168,205,132,47,236,232,84,36,121,36,31,2,248|
7.213 2 IMU_MAG 0. 0. 0.
7.216 2 IMU_ACCEL -9.71875 -0.119141 0.033203
7.217 2 ESTIMATOR 0. 0.
7.221 2 ATTITUDE -2.353653 -0.856315 1.566624
7.310 2 GPS 0 0 0 0 0 0 0 0 0 0 1
7.317 2 DESIRED 0. 0.92 0. 0. 0. 655. 0. 12.
7.320 2 ATTITUDE -2.312831 -0.815418 1.566402
7.399 2 NAVIGATION 0 1 0. 0. 0. 0. 0 0
7.403 2 ATTITUDE -2.357475 -0.860117 1.566639
7.505 2 DESIRED 0. 0.93 0. 0. 0. 655. 0. 12.
7.507 2 ATTITUDE -2.322458 -0.82507 1.566568
7.548 2 GPS 0 0 0 0 0 0 0 0 0 0 1
7.597 2 WP_MOVED 6 348665. 5945815. 660. 12
7.600 2 ATTITUDE -2.298394 -0.800919 1.566456
7.708 2 IMU_GYRO -0.028564 0.014893 -0.049805
7.710 2 ESTIMATOR 0. 0.
7.717 2 DESIRED 0. 0.93 0. 0. 0. 655. 0. 12.
7.720 2 ATTITUDE -2.326267 -0.828859 1.566624
7.752 2 DOWNLINK_STATUS 0 8 6479 290 1 819. 37. 79.5
7.802 2 GPS 0 0 0 0 0 0 0 0 0 0 1
7.805 2 ATTITUDE -2.282666 -0.785157 1.566388
7.904 2 GPS_SOL 0 0 0 0
7.911 2 DESIRED 0. 0.92 0. 0. 0. 655. 0. 12.
7.914 2 ATTITUDE -2.30595 -0.808534 1.566512
7.997 2 IMU_ACCEL -9.680664 -0.128906 0.066406
8.000 2 ATTITUDE -2.245347 -0.747772 1.566216
8.049 2 GPS 0 0 0 0 0 0 0 0 0 0 1
8.110 2 BAT 40 11 0 0 1 11 0 0
8.114 2 WP_MOVED 7 349065. 5946015. 660. 12
8.120 2 DESIRED 0. 0.89 0. 0. 0. 655. 0. 12.
8.124 2 ATTITUDE -2.227506 -0.729943 1.566216
8.197 2 CALIBRATION 0. 0
8.200 2 ESTIMATOR 0. 0.
8.203 2 ATTITUDE -2.255011 -0.757452 1.566348
8.312 2 IMU_GYRO -0.031738 0.02002 -0.051025
8.318 2 GPS 0 0 0 0 0 0 0 0 0 0 1
8.324 2 DESIRED 0. 0.91 0. 0. 0. 655. 0. 12.
8.328 2 ATTITUDE -2.281079 -0.783518 1.566443
8.400 2 NAVIGATION 0 1 0. 0. 0. 0. 0 0
8.403 2 ATTITUDE -2.27528 -0.777704 1.566498
8.507 2 STATE_FILTER_STATUS 3 0
8.510 2 DL_VALUE 7 1.
8.513 2 IMU_MAG 0. 0. 0.
8.520 2 DESIRED 0. 0.9 0. 0. 0. 655. 0. 12.
8.522 2 ATTITUDE -2.24373 -0.746222 1.566402
8.549 2 GPS 0 0 0 0 0 0 0 0 0 0 1
8.598 2 WP_MOVED 0 348907. 5945757. 660. 12
8.601 2 ATTITUDE -2.240922 -0.743383 1.566402
8.703 2 ESTIMATOR 0. 0.
8.709 2 DESIRED 0. 0.89 0. 0. 0. 655. 0. 12.
8.713 2 ATTITUDE -2.215021 -0.717375 1.566203
8.753 2 DOWNLINK_STATUS 0 9 7198 322 1 719. 32. 79.5
8.803 2 IMU_ACCEL -9.641602 -0.138672 -0.008789
8.809 2 GPS 0 0 0 0 0 0 0 0 0 0 1
8.812 2 ATTITUDE -2.24141 -0.743835 1.566242
8.904 2 IMU_GYRO -0.027588 0.011475 -0.049805
8.911 2 DESIRED 0. 0.91 0. 0. 0. 655. 0. 12.
8.914 2 ATTITUDE -2.280201 -0.782691 1.566498
8.975 2 FBW_STATUS 2 0 1 12 0
8.993 2 ATTITUDE -2.235599 -0.738039 1.566242
9.048 2 GPS 0 0 0 0 0 0 0 0 0 0 1
9.105 2 WP_MOVED 1 348865. 5945715. 660. 12
9.112 2 DESIRED 0. 0.91 0. 0. 0. 655. 0. 12.
9.115 2 ATTITUDE -2.264518 -0.767033 1.56647
9.201 2 BAT 40 12 0 0 1 12 0 0
9.203 2 ESTIMATOR 0. 0.
9.206 2 ATTITUDE -2.224251 -0.726826 1.566361
9.310 2 GPS 0 0 0 0 0 0 0 0 0 0 1
9.317 2 DESIRED 0. 0.87 0. 0. 0. 655. 0. 12.
9.320 2 ATTITUDE -2.183998 -0.686483 1.566075
9.403 2 ENERGY 1.2 0. 0 0.
9.408 2 NAVIGATION 0 1 0. 0. 0. 0. 0 0
9.411 2 ATTITUDE -2.235484 -0.738013 1.566388
9.505 2 IMU_GYRO -0.024414 0.02124 -0.049805
9.512 2 DESIRED 0. 0.86 0. 0. 0. 655. 0. 12.
9.515 2 ATTITUDE -2.154076 -0.656573 1.565963
9.549 2 GPS 0 0 0 0 0 0 0 0 0 0 1
9.601 2 IMU_ACCEL -9.641602 -0.138672 -0.076172
9.605 2 WP_MOVED 2 348895. 5945815. 660. 12
9.608 2 ATTITUDE -2.141725 -0.644082 1.565963
9.703 2 ESTIMATOR 0. 0.
9.710 2 DESIRED 0. 0.87 0. 0. 0. 655. 0. 12.
9.713 2 ATTITUDE -2.181405 -0.683751 1.566138
9.753 2 DOWNLINK_STATUS 0 10 7922 353 1 724. 31. 79.5
9.803 2 IMU_MAG 0. 0. 0.
9.809 2 GPS 0 0 0 0 0 0 0 0 0 0 1
9.812 2 ATTITUDE -2.197509 -0.700026 1.566295
9.904 2 GPS_SOL 0 0 0 0
9.911 2 DESIRED 0. 0.89 0. 0. 0. 655. 0. 12.
9.913 2 ATTITUDE -2.2199 -0.722073 1.566375
9.993 2 DL_VALUE 8 0.
9.996 2 ATTITUDE -2.311902 -0.813371 1.56677
10.048 2 GPS 0 0 0 0 0 0 0 0 0 0 1
10.109 2 IMU_GYRO -0.045654 -0.007324 -0.049805
10.112 2 WP_MOVED 3 348965.09375 5945786. 660. 12
10.120 2 DESIRED 0. 0.9 0. 0. 0. 655. 0. 12.
10.122 2 ATTITUDE -2.260583 -0.762692 1.566512
10.195 2 ESTIMATOR 0. 0.
10.198 2 ATTITUDE -2.145945 -0.648593 1.565889
10.315 2 CALIBRATION 0. 0
10.318 2 BAT 40 12 0 0 1 13 0 0
10.324 2 GPS 0 0 0 0 0 0 0 0 0 0 1
10.331 2 DESIRED 0. 0.89 0. 0. 0. 655. 0. 12.
10.334 2 ATTITUDE -2.216254 -0.718139 1.566415
10.335 2 PONG 
10.403 2 NAVIGATION 0 1 0. 0. 0. 0. 0 0
10.406 2 IMU_ACCEL -9.728516 -0.128906 0.095703
10.409 2 ATTITUDE -2.277423 -0.779145 1.566526
10.504 2 DESIRED 0. 0.89 0. 0. 0. 655. 0. 12.
10.507 2 ATTITUDE -2.393024 -0.893763 1.566936
10.548 2 GPS 0 0 0 0 0 0 0 0 0 0 1
10.597 2 WP_MOVED 4 348764.6875 5945795. 660. 12
10.600 2 ATTITUDE -2.136987 -0.639731 1.565841
10.708 2 STATE_FILTER_STATUS 3 0
10.711 2 IMU_GYRO 0.012695 0.092529 -0.054199
10.713 2 ESTIMATOR 0. 0.
10.720 2 DESIRED 0. 0.8 0. 0. 0. 655. 0. 12.
10.723 2 ATTITUDE -1.957915 -0.461991 1.564013
10.753 2 DOWNLINK_STATUS 0 11 8665 387 1 743. 34. 84.66
10.802 2 GPS 0 0 0 0 0 0 0 0 0 0 1
10.806 2 ATTITUDE -2.342625 -0.844247 1.567078
10.904 2 DESIRED 0. 1.09 0. 0. 0. 655. 0. 12.
10.908 2 ATTITUDE 2.715526 -2.065506 1.567344
11.755 2 DOWNLINK_STATUS 0 12 8772 391 1 107. 4. 84.66
12.756 2 DOWNLINK_STATUS 0 13 8772 391 1 0. 0. 84.66
13.757 2 DOWNLINK_STATUS 0 14 8772 391 1 0. 0. 84.66
14.758 2 DOWNLINK_STATUS 0 15 8772 391 1 0. 0. 84.66
15.759 2 DOWNLINK_STATUS 0 16 8772 391 1 0. 0. -4916.36
16.760 2 DOWNLINK_STATUS 0 17 8772 391 1 0. 0. -4916.36
17.761 2 DOWNLINK_STATUS 0 18 8772 391 1 0. 0. -4916.36
18.763 2 DOWNLINK_STATUS 0 19 8772 391 1 0. 0. -4916.36
19.763 2 DOWNLINK_STATUS 0 20 8772 391 1 0. 0. -4916.36
20.765 2 DOWNLINK_STATUS 0 21 8772 391 1 0. 0. -9917.01
21.766 2 DOWNLINK_STATUS 0 22 8772 391 1 0. 0. -9917.01
22.767 2 DOWNLINK_STATUS 0 23 8772 391 1 0. 0. -9917.01
23.767 2 DOWNLINK_STATUS 0 24 8772 391 1 0. 0. -9917.01
24.768 2 DOWNLINK_STATUS 0 25 8772 391 1 0. 0. -9917.01
25.339 2 WIND_INFO 2 42 0. 0. 0.
25.769 2 DOWNLINK_STATUS 0 26 8772 391 1 0. 0. -14918.34
26.770 2 DOWNLINK_STATUS 0 27 8772 391 1 0. 0. -14918.34
27.771 2 DOWNLINK_STATUS 0 28 8772 391 1 0. 0. -14918.34
28.772 2 DOWNLINK_STATUS 0 29 8772 391 1 0. 0. -14918.34
29.774 2 DOWNLINK_STATUS 0 30 8772 391 1 0. 0. -14918.34
30.775 2 DOWNLINK_STATUS 0 31 8772 391 1 0. 0. -19919.31
31.777 2 DOWNLINK_STATUS 0 32 8772 391 1 0. 0. -19919.31
32.778 2 DOWNLINK_STATUS 0 33 8772 391 1 0. 0. -19919.31
33.780 2 DOWNLINK_STATUS 0 34 8772 391 1 0. 0. -19919.31
34.781 2 DOWNLINK_STATUS 0 35 8772 391 1 0. 0. -19919.31
35.076 2 ESTIMATOR 176.76297 0.
35.104 2 SVINFO 1 2 4 1 0 -40 242
35.133 2 STATE_FILTER_STATUS 2 0
35.157 2 SVINFO 2 3 12 1 0 29 52
35.174 2 WP_MOVED 2 348895. 5945815. 660. 12
35.201 2 ATTITUDE 0. 0. 0.
35.250 2 SVINFO 4 7 12 3 42 54 119
35.253 2 IMU_MAG 0. 0. 0.
35.256 2 IMU_GYRO -0.029785 0.016846 -0.049805
35.259 2 WP_MOVED 3 348965.09375 5945786. 660. 12
35.316 2 SVINFO 14 28 13 6 41 58 242
35.339 2 WIND_INFO 2 42 0. 0. 0.
35.558 2 ATTITUDE 0. 0. 0.
35.681 2 DL_VALUE 2 655.
35.685 2 ATTITUDE 0. 0. 0.
35.781 2 DOWNLINK_STATUS 0 36 8969 403 18 197. 12. -24920.1
35.931 2 DOWNLINK_STATUS 0 21 23 2 3 23. 2. -1.40277538765e+12
36.781 2 DOWNLINK_STATUS 0 37 8969 403 18 0. 0. -24920.1
36.811 2 ATTITUDE 0. 0. 0.
36.931 2 DOWNLINK_STATUS 0 22 41 3 15 18. 1. -1.40277538765e+12
37.005 2 GPS 3 34881724 594571392 0 609830 11 -42 1796 589793500 12 21
37.094 2 IMU_ACCEL -9.708984 -0.109375 0.081055
37.662 2 FBW_STATUS 0 50 1 62 0
37.782 2 DOWNLINK_STATUS 0 38 9017 405 32 48. 2. -24920.1
37.890 2 ESTIMATOR 608.903198 -0.46
37.931 2 DOWNLINK_STATUS 0 23 59 4 17 18. 1. -1.40277538765e+12
38.091 2 ATTITUDE -2.976596 -1.480613 1.566348
38.288 2 ATTITUDE -2.892578 -1.396669 1.566429
38.693 2 IMU_ACCEL -9.694336 -0.085938 0.171875
38.696 2 ATTITUDE -2.847253 -1.351088 1.566402
38.782 2 DOWNLINK_STATUS 0 39 9049 407 36 32. 2. -24920.1
38.932 2 DOWNLINK_STATUS 0 24 113 7 26 54. 3. -1.40277538765e+12
39.195 2 ATTITUDE -2.91221 -1.415914 1.566653
39.296 2 IMU_MAG 0. 0. 0.
39.395 2 IMU_GYRO -0.028564 0.008301 -0.048828
39.508 2 ATTITUDE -2.894181 -1.398036 1.566568
39.782 2 DOWNLINK_STATUS 0 40 9103 410 48 54. 3. -24920.1
39.793 2 WP_MOVED 1 348865. 5945715. 660. 12
39.932 2 DOWNLINK_STATUS 0 25 151 9 30 38. 2. -1.40277538765e+12
40.190 2 DL_VALUE 5 0.
40.200 2 ATTITUDE -3.005613 -1.509365 1.56683
40.452 2 PONG 
40.783 2 DOWNLINK_STATUS 0 41 9127 412 55 24. 2. 196.71
40.882 2 ESTIMATOR 609.236755 -0.14
40.932 2 DOWNLINK_STATUS 0 26 176 11 38 25. 2. -1.40277539265e+12
41.016 2 ATTITUDE 2.786644 -2.000589 1.567046
41.499 2 ATTITUDE 2.860005 -1.927113 1.567449
41.784 2 DOWNLINK_STATUS 0 42 9145 413 58 18. 1. 196.71
41.933 2 DOWNLINK_STATUS 0 27 194 12 39 18. 1. -1.40277539265e+12
42.784 2 DOWNLINK_STATUS 0 43 9145 413 58 0. 0. 196.71
42.887 2 ESTIMATOR 609.287231 -0.31
42.934 2 DOWNLINK_STATUS 0 28 194 12 39 0. 0. -1.40277539265e+12
43.199 2 IMU_MAG 0. 0. 0.
43.400 2 ATTITUDE 2.739307 -2.047948 1.567826
43.494 2 IMU_ACCEL -9.742188 -0.171875 -0.003906
43.592 2 IMU_GYRO -0.027588 0.022217 -0.049805
43.680 2 ATTITUDE 2.664449 -2.122806 1.567786
43.784 2 DOWNLINK_STATUS 0 44 9213 417 77 68. 4. 196.71
43.802 2 ATTITUDE 2.762991 -2.024055 1.567867
43.891 2 ESTIMATOR 609.237915 -0.09
43.935 2 DOWNLINK_STATUS 0 29 230 14 56 36. 2. -1.40277539265e+12
44.785 2 DOWNLINK_STATUS 0 45 9245 419 78 32. 2. 196.71
44.799 2 WP_MOVED 3 348917.09375 5945786. 664.51001 12
44.935 2 DOWNLINK_STATUS 0 30 250 15 64 20. 1. -1.40277539265e+12
45.340 2 WIND_INFO 2 42 0. 0. 0.
45.493 2 ATTITUDE 2.638576 -2.148955 1.567991
45.679 2 ATTITUDE 2.463563 -2.324153 1.56767
45.785 2 DOWNLINK_STATUS 0 46 9263 420 96 18. 1. -4803.66
45.796 2 IMU_MAG 0. 0. 0.
45.936 2 DOWNLINK_STATUS 0 31 268 16 70 18. 1. -1.40277539765e+12
45.999 2 IMU_GYRO -0.010498 0.033936 -0.052002
46.199 2 ATTITUDE 2.35832 -2.428974 1.567309
46.598 2 IMU_GYRO -0.019043 0.026367 -0.048828
46.605 2 DESIRED 0. 1.15 0. 0. 0. 655. 0. 12.
46.608 2 ATTITUDE 2.876818 -1.910985 1.568613
46.785 2 DOWNLINK_STATUS 0 47 9281 421 96 18. 1. -4803.66
46.936 2 DOWNLINK_STATUS 0 32 378 21 77 110. 5. -1.40277539765e+12
47.400 2 ATTITUDE 2.499763 -2.287733 1.568078
47.785 2 DOWNLINK_STATUS 0 48 9299 422 110 18. 1. -4803.66
47.799 2 WP_MOVED 1 348817. 5945715. 664.51001 12
47.936 2 DOWNLINK_STATUS 0 33 378 21 77 0. 0. -1.40277539765e+12
48.003 2 SVINFO 1 3 13 6 38 29 52
48.195 2 ATTITUDE 2.62517 -2.1626 1.568167
48.303 2 ATTITUDE 2.632542 -2.154904 1.568056
48.402 2 IMU_GYRO -0.030762 0.027588 -0.052979
48.495 2 SVINFO 3 5 13 6 35 7 264
48.786 2 DOWNLINK_STATUS 0 49 9355 425 116 56. 3. -4803.66
48.937 2 DOWNLINK_STATUS 0 34 424 24 86 46. 3. -1.40277539765e+12
49.786 2 DOWNLINK_STATUS 0 50 9355 425 116 0. 0. -4803.66
49.937 2 DOWNLINK_STATUS 0 35 424 24 86 0. 0. -1.40277539765e+12
50.788 2 DOWNLINK_STATUS 0 51 9355 425 116 0. 0. -9804.83
50.939 2 DOWNLINK_STATUS 0 36 424 24 86 0. 0. -1.40277540265e+12
51.789 2 DOWNLINK_STATUS 0 52 9355 425 116 0. 0. -9804.83
51.940 2 DOWNLINK_STATUS 0 37 424 24 86 0. 0. -1.40277540265e+12
