5.993 2 BAT 2693 38 36 0 1 1 0 2
5.996 2 IMU_ACCEL -6.978516 0.933594 -6.983398
5.999 2 ATTITUDE 0.789542 1.512388 0.095533
6.040 2 GPS 0 0 0 0 0 0 0 0 0 0 1
6.097 2 WP_MOVED 7 349065. 5946015. 660. 12
6.104 2 DESIRED 34.91 0.08 0. 0. 0. 655. 0. 15.
6.107 2 ATTITUDE 0.789507 1.512459 0.095505
6.186 2 ESTIMATOR 0. 0.
6.189 2 ATTITUDE 0.7894 1.512496 0.095536
6.301 2 GPS 0 0 0 0 0 0 0 0 0 0 1
6.308 2 DESIRED 34.91 0.08 5.1 -64. 24. 660. 2. 15.
6.311 2 ATTITUDE 0.789296 1.512435 0.095502
6.334 2 CIRCLE 30. 100. 100.
6.391 2 NAVIGATION 4 0 0. 0. 0. 0. 0 0
6.393 2 ATTITUDE 0.789509 1.51232 0.095592
6.495 2 IMU_GYRO -0.022217 0.014893 -0.02002
6.503 2 DESIRED 34.91 0.08 5.1 -64. 24. 660. 2. 15.
6.505 2 ATTITUDE 0.789507 1.512275 0.095657
6.539 2 GPS 0 0 0 0 0 0 0 0 0 0 1
6.588 2 WP_MOVED 0 348907. 5945757. 660. 12
6.591 2 ATTITUDE 0.789539 1.512257 0.095648
6.694 2 ESTIMATOR 0. 0.
6.701 2 DESIRED 34.91 0.08 5.1 -64. 24. 660. 2. 15.
6.704 2 ATTITUDE 0.789507 1.512248 0.095707
6.795 2 IMU_ACCEL -7.016602 0.953125 -6.873047
6.800 2 GPS 0 0 0 0 0 0 0 0 0 0 1
6.804 2 ATTITUDE 0.789417 1.512238 0.095652
6.895 2 DESIRED 34.91 0.08 5.1 -64. 24. 660. 2. 15.
6.899 2 ATTITUDE 0.78926 1.512161 0.095624
6.910 2 DOWNLINK_STATUS 0 7 5168 228 0 745. 31. 37.71
6.966 2 FBW_STATUS 0 49 0 38 368
6.985 2 DL_VALUE 15 7500.
6.988 2 ATTITUDE 0.789033 1.512215 0.095494
7.040 2 GPS 0 0 0 0 0 0 0 0 0 0 1
7.105 2 BAT 2693 38 36 0 1 1 1 2
7.108 2 IMU_GYRO -0.024414 0.016846 -0.02002
7.112 2 WP_MOVED 1 348865. 5945715. 660. 12
7.119 2 DESIRED 34.91 0.08 5.1 -64. 24. 660. 2. 15.
7.122 2 ATTITUDE 0.78902 1.512185 0.095586
7.191 2 IMU_MAG 0. 0. 0.
7.193 2 ESTIMATOR 0. 0.
7.196 2 ATTITUDE 0.789009 1.51213 0.095629
7.302 2 GPS 0 0 0 0 0 0 0 0 0 0 1
7.309 2 DESIRED 34.91 0.08 5.1 -64. 24. 660. 2. 15.
7.312 2 ATTITUDE 0.788997 1.512084 0.095675
7.394 2 CIRCLE 30. 100. 100.
7.398 2 NAVIGATION 4 0 0. 0. 0. 0. 0 0
7.401 2 ATTITUDE 0.789057 1.511989 0.095761
7.495 2 PPRZ_MODE 0 3 3 2 0 17
7.497 2 STATE_FILTER_STATUS 3 0
7.504 2 DESIRED 34.91 0.08 5.1 -64. 24. 660. 2. 15.
7.506 2 ATTITUDE 0.789096 1.511948 0.095818
7.539 2 GPS 0 0 0 0 0 0 0 0 0 0 1
7.592 2 IMU_ACCEL -6.930664 0.976562 -7.09375
7.595 2 WP_MOVED 2 348895. 5945815. 660. 12
7.598 2 ATTITUDE 0.7893 1.511819 0.095968
7.698 2 IMU_GYRO -0.024414 0.019043 -0.019043
7.701 2 ESTIMATOR 0. 0.
7.707 2 DESIRED 34.91 0.08 5.1 -64. 24. 660. 2. 15.
7.711 2 ATTITUDE 0.789402 1.511701 0.096088
7.793 2 GPS 0 0 0 0 0 0 0 0 0 0 1
7.796 2 ATTITUDE 0.789542 1.511602 0.096113
7.896 2 CALIBRATION 0. 0
7.899 2 GPS_SOL 0 0 0 0
7.906 2 DESIRED 34.91 0.08 5.1 -64. 24. 660. 2. 15.
7.909 2 ATTITUDE 0.789707 1.511597 0.096149
7.911 2 DOWNLINK_STATUS 0 8 5950 264 0 782. 36. 37.71
7.984 2 ATTITUDE 0.789814 1.511521 0.096207
8.039 2 GPS 0 0 0 0 0 0 0 0 0 0 1
8.096 2 WP_MOVED 3 348965.09375 5945786. 660. 12
8.103 2 DESIRED 34.91 0.08 5.1 -64. 24. 660. 2. 15.
8.106 2 ATTITUDE 0.790037 1.511462 0.096264
8.196 2 ENERGY 3.8 0.368 3 1.3984
8.199 2 BAT 2693 38 36 0 1 2 2 3
8.202 2 ESTIMATOR 0. 0.
8.205 2 ATTITUDE 0.789974 1.511459 0.096263
8.303 2 IMU_GYRO -0.023193 0.016846 -0.02002
8.309 2 GPS 0 0 0 0 0 0 0 0 0 0 1
8.315 2 DESIRED 34.91 0.08 5.1 -64. 24. 660. 2. 15.
8.318 2 ATTITUDE 0.789895 1.511439 0.096263
8.395 2 NAVIGATION 4 0 0. 0. 0. 0. 0 0
8.398 2 IMU_ACCEL -6.96875 0.961914 -7.011719
8.401 2 ATTITUDE 0.789923 1.511379 0.096296
8.434 2 CIRCLE 30. 100. 100.
8.497 2 DL_VALUE 16 1250.
8.500 2 IMU_MAG 0. 0. 0.
8.507 2 DESIRED 34.91 0.08 5.1 -64. 24. 660. 2. 15.
8.510 2 ATTITUDE 0.789941 1.511313 0.096299
8.540 2 GPS 0 0 0 0 0 0 0 0 0 0 1
8.589 2 WP_MOVED 4 348764.6875 5945795. 660. 12
8.592 2 ATTITUDE 0.789954 1.511261 0.096276
8.694 2 ESTIMATOR 0. 0.
8.701 2 DESIRED 34.91 0.08 5.1 -64. 24. 660. 2. 15.
8.704 2 ATTITUDE 0.789865 1.511215 0.096253
8.767 2 ACTUATORS |1279,1997,1100,1699,1301,1500|
8.795 2 NAVIGATION_REF 348865 5945715 12 605.
8.800 2 GPS 0 0 0 0 0 0 0 0 0 0 1
8.803 2 ATTITUDE 0.790002 1.511201 0.096202
8.868 2 COMMANDS |2686,-14,14,-9548,0,9548|
8.895 2 IMU_GYRO -0.02124 0.015869 -0.02124
8.902 2 DESIRED 34.91 0.08 5.1 -64. 24. 660. 2. 15.
8.905 2 ATTITUDE 0.789972 1.511222 0.096169
8.912 2 DOWNLINK_STATUS 0 9 6745 299 0 795. 35. 37.71
8.966 2 FBW_STATUS 0 53 0 38 368
8.984 2 ATTITUDE 0.79 1.51122 0.096168
9.039 2 GPS 0 0 0 0 0 0 0 0 0 0 1
9.096 2 WP_MOVED 5 348740. 5945760. 660. 12
9.103 2 DESIRED 34.91 0.08 5.1 -64. 24. 660. 2. 15.
9.106 2 ATTITUDE 0.789818 1.511192 0.096089
9.191 2 IMU_ACCEL -6.958984 0.953125 -7.026367
9.193 2 ESTIMATOR 0. 0.
9.196 2 ATTITUDE 0.789799 1.511147 0.096055
9.304 2 BAT 2686 38 36 0 1 3 3 3
9.310 2 GPS 0 0 0 0 0 0 0 0 0 0 1
9.316 2 DESIRED 34.91 0.08 5.1 -64. 24. 660. 2. 15.
9.319 2 ATTITUDE 0.789822 1.51104 0.09608
9.391 2 NAVIGATION 4 0 0. 0. 0. 0. 0 0
9.394 2 ATTITUDE 0.789857 1.511021 0.096077
9.500 2 CIRCLE 30. 100. 100.
9.503 2 IMU_GYRO -0.02002 0.010498 -0.022217
9.509 2 DESIRED 34.91 0.08 5.1 -64. 24. 660. 2. 15.
9.513 2 ATTITUDE 0.789784 1.511032 0.096036
9.540 2 GPS 0 0 0 0 0 0 0 0 0 0 1
9.589 2 WP_MOVED 6 348665. 5945815. 660. 12
9.592 2 ATTITUDE 0.789712 1.510974 0.095984
9.694 2 STATE_FILTER_STATUS 3 0
9.698 2 ESTIMATOR 0. 0.
9.705 2 DESIRED 34.91 0.08 5.1 -64. 24. 660. 2. 15.
9.708 2 ATTITUDE 0.789662 1.510934 0.096
9.794 2 IMU_MAG 0. 0. 0.
9.800 2 GPS 0 0 0 0 0 0 0 0 0 0 1
9.803 2 ATTITUDE 0.789655 1.510878 0.096036
9.895 2 GPS_SOL 0 0 0 0
9.902 2 DESIRED 34.91 0.08 5.1 -64. 24. 660. 2. 15.
9.905 2 ATTITUDE 0.789732 1.5109 0.096024
9.913 2 DOWNLINK_STATUS 0 10 7475 331 0 730. 32. 37.71
9.991 2 CALIBRATION 0. 0
9.993 2 DL_VALUE 17 0.48
9.996 2 IMU_ACCEL -6.973633 0.928711 -6.920898
9.999 2 ATTITUDE 0.789673 1.51088 0.096029
10.039 2 GPS 0 0 0 0 0 0 0 0 0 0 1
10.100 2 IMU_GYRO -0.02002 0.013672 -0.02124
10.103 2 WP_MOVED 7 349065. 5946015. 660. 12
10.110 2 DESIRED 34.91 0.08 5.1 -64. 24. 660. 2. 15.
10.113 2 ATTITUDE 0.789564 1.510844 0.095962
10.186 2 ESTIMATOR 0. 0.
10.189 2 ATTITUDE 0.789519 1.510797 0.095899
10.301 2 GPS 0 0 0 0 0 0 0 0 0 0 1
10.308 2 DESIRED 34.91 0.08 5.1 -64. 24. 660. 2. 15.
10.311 2 ATTITUDE 0.789462 1.510766 0.095894
10.394 2 BAT 2686 38 36 0 1 4 4 3
10.399 2 NAVIGATION 4 0 0. 0. 0. 0. 0 0
10.402 2 ATTITUDE 0.789494 1.510703 0.095925
10.445 2 PONG 
10.495 2 DESIRED 34.91 0.08 5.1 -64. 24. 660. 2. 15.
10.498 2 ATTITUDE 0.789344 1.510609 0.095952
10.541 2 CIRCLE 30. 100. 100.
10.547 2 GPS 0 0 0 0 0 0 0 0 0 0 1
10.593 2 ENERGY 3.8 0.368 3 1.3984
10.596 2 WP_MOVED 0 348907. 5945757. 660. 12
10.599 2 ATTITUDE 0.789273 1.510616 0.095922
10.700 2 DOWNLINK 1 0 3018
10.703 2 IMU_GYRO -0.023193 0.013672 -0.02002
10.706 2 ESTIMATOR 0. 0.
10.712 2 DESIRED 34.91 0.08 5.1 -64. 24. 660. 2. 15.
10.715 2 ATTITUDE 0.789204 1.510624 0.095913
10.800 2 ALIVE |216,127,29,252,243,243,98,124,94,61,214,251,168,39,118,87|
10.804 2 IMU_ACCEL -6.911133 0.933594 -7.098633
10.809 2 GPS 0 0 0 0 0 0 0 0 0 0 1
10.812 2 ATTITUDE 0.789119 1.510634 0.095912
10.896 2 DESIRED 34.91 0.08 5.1 -64. 24. 660. 2. 15.
10.898 2 ATTITUDE 0.789064 1.510629 0.095929
10.913 2 DOWNLINK_STATUS 0 11 8264 367 0 789. 36. 37.73
10.966 2 FBW_STATUS 0 53 0 38 368
10.983 2 ATTITUDE 0.788968 1.510661 0.095861
11.039 2 GPS 0 0 0 0 0 0 0 0 0 0 1
11.099 2 IMU_MAG 0. 0. 0.
11.103 2 WP_MOVED 1 348865. 5945715. 660. 12
11.110 2 DESIRED 34.91 0.08 5.1 -64. 24. 660. 2. 15.
11.113 2 ATTITUDE 0.7889 1.510645 0.09585
11.186 2 ESTIMATOR 0. 0.
11.189 2 ATTITUDE 0.788863 1.510608 0.09578
11.302 2 IMU_GYRO -0.024414 0.015869 -0.02124
11.308 2 GPS 0 0 0 0 0 0 0 0 0 0 1
11.315 2 DESIRED 34.91 0.08 5.1 -64. 24. 660. 2. 15.
11.318 2 ATTITUDE 0.788837 1.510564 0.095756
11.390 2 NAVIGATION 4 0 0. 0. 0. 0. 0 0
11.394 2 ATTITUDE 0.788836 1.510518 0.095759
11.497 2 DL_VALUE 18 0.03
11.501 2 BAT 2686 38 36 0 1 5 5 3
11.508 2 DESIRED 34.91 0.08 5.1 -64. 24. 660. 2. 15.
11.511 2 ATTITUDE 0.788834 1.510494 0.095803
11.539 2 GPS 0 0 0 0 0 0 0 0 0 0 1
11.596 2 CIRCLE 30. 100. 100.
11.599 2 IMU_ACCEL -6.963867 0.97168 -7.03125
11.602 2 WP_MOVED 2 348895. 5945815. 660. 12
11.605 2 ATTITUDE 0.788798 1.510462 0.095773
11.694 2 ESTIMATOR 0. 0.
11.701 2 DESIRED 34.91 0.08 5.1 -64. 24. 660. 2. 15.
11.704 2 ATTITUDE 0.788819 1.510398 0.095769
11.794 2 GPS 0 0 0 0 0 0 0 0 0 0 1
11.797 2 ATTITUDE 0.788854 1.510243 0.095938
11.899 2 STATE_FILTER_STATUS 3 0
11.902 2 GPS_SOL 0 0 0 0
11.905 2 IMU_GYRO -0.024414 0.015869 -0.02124
11.912 2 DESIRED 34.91 0.08 5.1 -64. 24. 660. 2. 15.
11.913 2 DOWNLINK_STATUS 0 12 9005 400 0 741. 33. 37.73
11.914 2 ATTITUDE 0.78851 1.510433 0.095702
11.984 2 ATTITUDE 0.788992 1.510338 0.095809
12.039 2 GPS 0 0 0 0 0 0 0 0 0 0 1
12.097 2 CALIBRATION 0. 0
12.100 2 WP_MOVED 3 348965.09375 5945786. 660. 12
12.108 2 DESIRED 34.91 0.08 5.1 -64. 24. 660. 2. 15.
12.110 2 ATTITUDE 0.78812 1.510604 0.095239
12.185 2 ESTIMATOR 0. 0.
12.188 2 ATTITUDE 0.788877 1.510246 0.095866
12.301 2 GPS 0 0 0 0 0 0 0 0 0 0 1
12.308 2 DESIRED 34.91 0.08 5.1 -64. 24. 660. 2. 15.
12.311 2 ATTITUDE 0.788569 1.51043 0.09565
12.398 2 PPRZ_MODE 0 3 3 2 0 17
12.401 2 IMU_MAG 0. 0. 0.
12.406 2 NAVIGATION 4 0 0. 0. 0. 0. 0 0
12.409 2 IMU_ACCEL -6.945312 0.933594 -6.998047
12.412 2 ATTITUDE 0.789048 1.510195 0.095913
12.495 2 IMU_GYRO -0.02124 0.014893 -0.02002
12.502 2 DESIRED 34.91 0.08 5.1 -64. 24. 660. 2. 15.
12.505 2 ATTITUDE 0.788744 1.51024 0.095755
12.539 2 GPS 0 0 0 0 0 0 0 0 0 0 1
12.593 2 BAT 2686 38 36 0 1 6 6 3
12.596 2 WP_MOVED 4 348764.6875 5945795. 660. 12
12.599 2 ATTITUDE 0.788933 1.510116 0.095929
12.633 2 CIRCLE 30. 100. 100.
12.694 2 ESTIMATOR 0. 0.
12.700 2 DESIRED 34.91 0.08 5.1 -64. 24. 660. 2. 15.
12.704 2 ATTITUDE 0.789242 1.510038 0.096018
12.793 2 GPS 0 0 0 0 0 0 0 0 0 0 1
12.796 2 ATTITUDE 0.789307 1.509926 0.096174
12.895 2 DESIRED 34.91 0.08 5.1 -64. 24. 660. 2. 15.
12.899 2 ATTITUDE 0.789584 1.509797 0.096264
12.914 2 DOWNLINK_STATUS 0 13 9735 432 0 730. 32. 37.73
12.966 2 FBW_STATUS 0 47 0 38 368
12.991 2 ENERGY 3.8 0.368 3 1.3984
12.993 2 DL_VALUE 19 0.15
12.996 2 ATTITUDE 0.789594 1.509773 0.096294
13.040 2 GPS 0 0 0 0 0 0 0 0 0 0 1
13.100 2 IMU_GYRO -0.022217 0.015869 -0.02124
13.104 2 WP_MOVED 5 348740. 5945760. 660. 12
13.110 2 DESIRED 34.91 0.08 5.1 -64. 24. 660. 2. 15.
13.113 2 ATTITUDE 0.789589 1.509703 0.096241
13.190 2 IMU_ACCEL -6.935547 0.961914 -7.00293
13.192 2 ESTIMATOR 0. 0.
13.195 2 ATTITUDE 0.789569 1.509712 0.096254
13.301 2 GPS 0 0 0 0 0 0 0 0 0 0 1
13.308 2 DESIRED 34.91 0.08 5.1 -64. 24. 660. 2. 15.
13.311 2 ATTITUDE 0.789528 1.509711 0.096283
13.390 2 NAVIGATION 4 0 0. 0. 0. 0. 0 0
13.393 2 ATTITUDE 0.78955 1.509661 0.0962
13.495 2 DESIRED 34.91 0.08 5.1 -64. 24. 660. 2. 15.
13.498 2 ATTITUDE 0.789547 1.509646 0.096224
13.539 2 GPS 0 0 0 0 0 0 0 0 0 0 1
13.588 2 WP_MOVED 6 348665. 5945815. 660. 12
13.591 2 ATTITUDE 0.789492 1.509594 0.09626
13.707 2 IMU_MAG 0. 0. 0.
13.710 2 BAT 2686 38 36 0 1 7 7 3
13.713 2 CIRCLE 30. 100. 100.
13.717 2 IMU_GYRO -0.023193 0.015869 -0.02124
13.719 2 ESTIMATOR 0. 0.
13.726 2 DESIRED 34.91 0.08 5.1 -64. 24. 660. 2. 15.
13.767 2 ACTUATORS |1279,1003,1100,1699,1301,1500|
13.793 2 GPS 0 0 0 0 0 0 0 0 0 0 1
13.796 2 ATTITUDE 0.78946 1.509473 0.096161
13.867 2 COMMANDS |2686,-14,14,-9548,0,-9548|
13.895 2 GPS_SOL 0 0 0 0
13.902 2 DESIRED 34.91 0.08 5.1 -64. 24. 660. 2. 15.
13.905 2 ATTITUDE 0.789469 1.509459 0.096174
13.915 2 DOWNLINK_STATUS 0 14 10525 467 0 790. 35. 37.73
13.988 2 IMU_ACCEL -6.963867 0.966797 -7.03125
13.991 2 ATTITUDE 0.789458 1.509422 0.096193
14.039 2 GPS 0 0 0 0 0 0 0 0 0 0 1
14.096 2 STATE_FILTER_STATUS 3 0
14.100 2 WP_MOVED 7 349065. 5946015. 660. 12
14.106 2 DESIRED 34.91 0.08 5.1 -64. 24. 660. 2. 15.
14.110 2 ATTITUDE 0.789463 1.509379 0.096155
14.187 2 CALIBRATION 0. 0
14.189 2 ESTIMATOR 0. 0.
14.194 2 ATTITUDE 0.789375 1.509306 0.096105
14.302 2 IMU_GYRO -0.023193 0.015869 -0.02124
14.308 2 GPS 0 0 0 0 0 0 0 0 0 0 1
14.315 2 DESIRED 34.91 0.08 5.1 -64. 24. 660. 2. 15.
14.317 2 ATTITUDE 0.78932 1.509222 0.096082
14.390 2 NAVIGATION 4 0 0. 0. 0. 0. 0 0
14.393 2 ATTITUDE 0.789287 1.509117 0.09606
14.492 2 DL_VALUE 20 0.01
14.499 2 DESIRED 34.91 0.08 5.1 -64. 24. 660. 2. 15.
14.502 2 ATTITUDE 0.789273 1.50913 0.095981
14.539 2 GPS 0 0 0 0 0 0 0 0 0 0 1
14.588 2 WP_MOVED 0 348907. 5945757. 660. 12
14.591 2 ATTITUDE 0.789293 1.509099 0.095977
14.694 2 ESTIMATOR 0. 0.
14.700 2 DESIRED 34.91 0.08 5.1 -64. 24. 660. 2. 15.
14.703 2 ATTITUDE 0.78928 1.509026 0.095901
14.733 2 CIRCLE 30. 100. 100.
14.799 2 BAT 2686 38 36 0 1 9 9 3
14.802 2 IMU_ACCEL -6.988281 0.953125 -6.96875
14.808 2 GPS 0 0 0 0 0 0 0 0 0 0 1
14.811 2 ATTITUDE 0.789256 1.508973 0.095909
14.895 2 IMU_GYRO -0.022217 0.014893 -0.02002
14.902 2 DESIRED 34.91 0.08 5.1 -64. 24. 660. 2. 15.
14.905 2 ATTITUDE 0.789317 1.508921 0.095928
14.915 2 DOWNLINK_STATUS 0 15 11263 500 0 738. 33. 37.73
14.968 2 FBW_STATUS 0 45 0 38 368
15.053 2 IMU_MAG 0. 0. 0.
15.056 2 ATTITUDE 0.789338 1.508877 0.095905
15.105 2 GPS 0 0 0 0 0 0 0 0 0 0 1
15.139 2 WP_MOVED 1 348865. 5945715. 660. 12
15.145 2 DESIRED 34.91 0.08 5.1 -64. 24. 660. 2. 15.
15.149 2 ATTITUDE 0.789277 1.508809 0.095904
15.186 2 ESTIMATOR 0. 0.
15.189 2 ATTITUDE 0.789303 1.508777 0.095864
15.301 2 GPS 0 0 0 0 0 0 0 0 0 0 1
15.308 2 DESIRED 34.91 0.08 5.1 -64. 24. 660. 2. 15.
15.310 2 ATTITUDE 0.789298 1.508744 0.095829
15.393 2 ENERGY 3.8 0.368 3 1.3984
15.398 2 NAVIGATION 4 0 0. 0. 0. 0. 0 0
15.401 2 ATTITUDE 0.789301 1.508733 0.095875
15.446 2 PONG 
15.495 2 IMU_GYRO -0.02124 0.014893 -0.02124
15.502 2 DESIRED 34.91 0.08 5.1 -64. 24. 660. 2. 15.
15.505 2 ATTITUDE 0.789221 1.508715 0.09586
15.539 2 GPS 0 0 0 0 0 0 0 0 0 0 1
15.591 2 IMU_ACCEL -6.983398 0.933594 -6.988281
15.595 2 WP_MOVED 2 348895. 5945815. 660. 12
15.598 2 ATTITUDE 0.789242 1.508696 0.095837
15.694 2 ESTIMATOR 0. 0.
15.700 2 DESIRED 34.91 0.08 5.1 -64. 24. 660. 2. 15.
15.703 2 ATTITUDE 0.789261 1.508704 0.095841
15.795 2 DOWNLINK 2 750 3188
15.798 2 CIRCLE 30. 100. 100.
15.804 2 GPS 0 0 0 0 0 0 0 0 0 0 1
15.807 2 ATTITUDE 0.789226 1.508696 0.095816
15.905 2 ALIVE |216,127,29,252,243,243,98,124,94,61,214,251,168,39,118,87|
15.908 2 GPS_SOL 0 0 0 0
15.912 2 BAT 2686 38 36 0 1 10 10 3
15.916 2 DOWNLINK_STATUS 0 16 11988 533 0 725. 33. 38.72
15.918 2 DESIRED 34.91 0.08 5.1 -64. 24. 660. 2. 15.
15.922 2 ATTITUDE 0.789192 1.508628 0.095811
15.985 2 DL_VALUE 21 0.1
15.988 2 ATTITUDE 0.789141 1.508584 0.095772
16.039 2 GPS 0 0 0 0 0 0 0 0 0 0 1
16.100 2 IMU_GYRO -0.022217 0.015869 -0.02124
16.103 2 WP_MOVED 3 348965.09375 5945786. 660. 12
16.110 2 DESIRED 34.91 0.08 5.1 -64. 24. 660. 2. 15.
16.113 2 ATTITUDE 0.789094 1.508516 0.095779
16.186 2 ESTIMATOR 0. 0.
16.189 2 ATTITUDE 0.789138 1.508465 0.095796
16.224 2 WIND_INFO 2 42 0. 0. 0.
16.305 2 STATE_FILTER_STATUS 3 0
16.307 2 CALIBRATION 0. 0
16.310 2 IMU_MAG 0. 0. 0.
16.315 2 GPS 0 0 0 0 0 0 0 0 0 0 1
16.323 2 DESIRED 34.91 0.08 5.1 -64. 24. 660. 2. 15.
16.325 2 ATTITUDE 0.789187 1.508388 0.095802
16.394 2 NAVIGATION 4 0 0. 0. 0. 0. 0 0
16.396 2 IMU_ACCEL -6.94043 0.938477 -6.978516
16.400 2 ATTITUDE 0.789039 1.508432 0.095694
16.495 2 DESIRED 34.91 0.08 5.1 -64. 24. 660. 2. 15.
16.498 2 ATTITUDE 0.788869 1.508416 0.095604
16.539 2 GPS 0 0 0 0 0 0 0 0 0 0 1
16.588 2 WP_MOVED 4 348764.6875 5945795. 660. 12
16.591 2 ATTITUDE 0.788803 1.508381 0.095609
16.698 2 IMU_GYRO -0.023193 0.019043 -0.02002
16.701 2 ESTIMATOR 0. 0.
16.707 2 DESIRED 34.91 0.08 5.1 -64. 24. 660. 2. 15.
16.710 2 ATTITUDE 0.788793 1.50831 0.095616
16.793 2 GPS 0 0 0 0 0 0 0 0 0 0 1
16.796 2 ATTITUDE 0.788754 1.508266 0.095597
16.833 2 CIRCLE 30. 100. 100.
16.895 2 DESIRED 34.91 0.08 5.1 -64. 24. 660. 2. 15.
16.898 2 ATTITUDE 0.788723 1.508246 0.095554
16.916 2 DOWNLINK_STATUS 0 17 12761 567 0 773. 34. 38.72
16.971 2 FBW_STATUS 0 46 0 38 368
16.988 2 BAT 2686 38 36 0 1 11 11 3
16.991 2 ATTITUDE 0.788653 1.508197 0.095507
17.039 2 GPS 0 0 0 0 0 0 0 0 0 0 1
17.096 2 WP_MOVED 5 348740. 5945760. 660. 12
17.103 2 DESIRED 34.91 0.08 5.1 -64. 24. 660. 2. 15.
17.106 2 ATTITUDE 0.788705 1.508174 0.095448
17.190 2 IMU_ACCEL -6.988281 0.933594 -7.026367
17.193 2 ESTIMATOR 0. 0.
17.196 2 ATTITUDE 0.788647 1.508146 0.095434
17.304 2 PPRZ_MODE 0 3 3 2 0 17
17.307 2 IMU_GYRO -0.023193 0.015869 -0.02002
17.313 2 GPS 0 0 0 0 0 0 0 0 0 0 1
17.320 2 DESIRED 34.91 0.08 5.1 -64. 24. 660. 2. 15.
17.323 2 ATTITUDE 0.78863 1.508081 0.095417
17.391 2 NAVIGATION 4 0 0. 0. 0. 0. 0 0
17.394 2 ATTITUDE 0.788604 1.50807 0.095461
17.492 2 DL_VALUE 22 0.
17.500 2 DESIRED 34.91 0.08 5.1 -64. 24. 660. 2. 15.
17.502 2 ATTITUDE 0.788632 1.508 0.09542
17.539 2 GPS 0 0 0 0 0 0 0 0 0 0 1
17.591 2 IMU_MAG 0. 0. 0.
17.594 2 WP_MOVED 6 348665. 5945815. 660. 12
17.597 2 ATTITUDE 0.788603 1.507987 0.095421
17.693 2 ESTIMATOR 0. 0.
17.700 2 DESIRED 34.91 0.08 5.1 -64. 24. 660. 2. 15.
17.703 2 ATTITUDE 0.78858 1.507954 0.095406
17.799 2 NAVIGATION_REF 348865 5945715 12 605.
17.802 2 ENERGY 3.8 0.368 4 1.3984
17.808 2 GPS 0 0 0 0 0 0 0 0 0 0 1
17.811 2 ATTITUDE 0.788561 1.507925 0.095386
17.902 2 GPS_SOL 0 0 0 0
17.906 2 CIRCLE 30. 100. 100.
17.909 2 IMU_GYRO -0.02124 0.015869 -0.02124
17.915 2 DESIRED 34.91 0.08 5.1 -64. 24. 660. 2. 15.
17.917 2 DOWNLINK_STATUS 0 18 13544 602 0 783. 35. 38.72
17.918 2 ATTITUDE 0.788609 1.50783 0.095376
17.987 2 IMU_ACCEL -6.958984 0.961914 -7.021484
17.990 2 ATTITUDE 0.78864 1.507816 0.095379
18.039 2 GPS 0 0 0 0 0 0 0 0 0 0 1
18.101 2 BAT 2686 38 36 0 1 12 12 4
18.104 2 WP_MOVED 7 349065. 5946015. 660. 12
18.111 2 DESIRED 34.91 0.08 5.1 -64. 24. 660. 2. 15.
18.114 2 ATTITUDE 0.788625 1.50784 0.095413
18.186 2 ESTIMATOR 0. 0.
18.189 2 ATTITUDE 0.788648 1.507811 0.095442
18.301 2 GPS 0 0 0 0 0 0 0 0 0 0 1
18.308 2 DESIRED 34.91 0.08 5.1 -64. 24. 660. 2. 15.
18.311 2 ATTITUDE 0.788638 1.507789 0.095399
18.390 2 CALIBRATION 0. 0
18.395 2 NAVIGATION 4 0 0. 0. 0. 0. 0 0
18.398 2 ATTITUDE 0.788717 1.507761 0.09539
18.496 2 STATE_FILTER_STATUS 3 0
18.499 2 IMU_GYRO -0.023193 0.015869 -0.019043
18.506 2 DESIRED 34.91 0.08 5.1 -64. 24. 660. 2. 15.
18.509 2 ATTITUDE 0.788733 1.507703 0.095339
18.539 2 GPS 0 0 0 0 0 0 0 0 0 0 1
18.588 2 WP_MOVED 0 348907. 5945757. 660. 12
18.590 2 ATTITUDE 0.788761 1.507739 0.095375
18.693 2 ESTIMATOR 0. 0.
18.701 2 DESIRED 34.91 0.08 5.1 -64. 24. 660. 2. 15.
18.703 2 ATTITUDE 0.788808 1.507697 0.09536
18.766 2 ACTUATORS |1279,1003,1100,1699,1301,1500|
18.794 2 IMU_ACCEL -6.945312 0.958008 -7.026367
18.799 2 GPS 0 0 0 0 0 0 0 0 0 0 1
18.803 2 ATTITUDE 0.788847 1.507691 0.095325
18.866 2 COMMANDS |2686,-14,14,-9548,-14,-9548|
18.895 2 IMU_MAG 0. 0. 0.
18.901 2 DESIRED 34.91 0.08 5.1 -64. 24. 660. 2. 15.
18.905 2 ATTITUDE 0.788872 1.507682 0.095268
18.918 2 DOWNLINK_STATUS 0 19 14309 636 0 765. 34. 38.72
18.933 2 CIRCLE 30. 100. 100.
18.965 2 FBW_STATUS 0 47 0 38 368
18.984 2 DL_VALUE 23 0.05
18.987 2 ATTITUDE 0.78892 1.507681 0.095302
19.039 2 GPS 0 0 0 0 0 0 0 0 0 0 1
19.099 2 IMU_GYRO -0.02124 0.014893 -0.02124
19.103 2 WP_MOVED 1 348865. 5945715. 660. 12
19.109 2 DESIRED 34.91 0.08 5.1 -64. 24. 660. 2. 15.
19.113 2 ATTITUDE 0.788919 1.507678 0.095349
19.191 2 BAT 2686 38 36 0 1 13 13 4
19.194 2 ESTIMATOR 0. 0.
19.197 2 ATTITUDE 0.788881 1.507654 0.095287
19.301 2 GPS 0 0 0 0 0 0 0 0 0 0 1
19.308 2 DESIRED 34.91 0.08 5.1 -64. 24. 660. 2. 15.
19.311 2 ATTITUDE 0.788949 1.507589 0.095313
19.390 2 NAVIGATION 4 0 0. 0. 0. 0. 0 0
19.394 2 ATTITUDE 0.788963 1.507535 0.095343
19.495 2 DESIRED 34.91 0.08 5.1 -64. 24. 660. 2. 15.
19.498 2 ATTITUDE 0.788993 1.507517 0.095304
19.539 2 GPS 0 0 0 0 0 0 0 0 0 0 1
19.592 2 IMU_ACCEL -6.945312 0.966797 -6.958984
19.595 2 WP_MOVED 2 348895. 5945815. 660. 12
19.598 2 ATTITUDE 0.789024 1.507488 0.09529
19.697 2 IMU_GYRO -0.022217 0.015869 -0.02124
19.700 2 ESTIMATOR 0. 0.
19.708 2 DESIRED 34.91 0.08 5.1 -64. 24. 660. 2. 15.
19.710 2 ATTITUDE 0.789033 1.507471 0.095304
19.792 2 GPS 0 0 0 0 0 0 0 0 0 0 1
19.795 2 ATTITUDE 0.789698 1.507426 0.09542
19.894 2 GPS_SOL 0 0 0 0
19.901 2 DESIRED 34.91 0.08 5.1 -64. 24. 660. 2. 15.
19.904 2 ATTITUDE 0.78994 1.507366 0.095534
19.918 2 DOWNLINK_STATUS 0 20 15041 668 0 732. 32. 38.72
19.987 2 CIRCLE 30. 100. 100.
19.990 2 ATTITUDE 0.789944 1.507283 0.095574
20.039 2 GPS 0 0 0 0 0 0 0 0 0 0 1
20.096 2 WP_MOVED 3 348965.09375 5945786. 660. 12
20.102 2 DESIRED 34.91 0.08 5.1 -64. 24. 660. 2. 15.
20.105 2 ATTITUDE 0.789933 1.507237 0.095576
20.194 2 ENERGY 3.8 0.368 4 1.3984
20.198 2 IMU_MAG 0. 0. 0.
20.200 2 ESTIMATOR 0. 0.
20.203 2 ATTITUDE 0.789972 1.507185 0.095591
20.307 2 BAT 2686 38 36 0 1 14 14 4
20.310 2 IMU_GYRO -0.022217 0.014893 -0.02124
20.316 2 GPS 0 0 0 0 0 0 0 0 0 0 1
20.323 2 DESIRED 34.91 0.08 5.1 -64. 24. 660. 2. 15.
20.326 2 ATTITUDE 0.789966 1.507166 0.095565
20.394 2 NAVIGATION 4 0 0. 0. 0. 0. 0 0
20.397 2 IMU_ACCEL -6.973633 0.943359 -6.993164
20.400 2 ATTITUDE 0.789986 1.507123 0.095541
20.446 2 PONG 
20.495 2 CALIBRATION 0. 0
20.497 2 DL_VALUE 24 0.
20.503 2 DESIRED 34.91 0.08 5.1 -64. 24. 660. 2. 15.
20.507 2 ATTITUDE 0.789964 1.507076 0.095482
20.539 2 GPS 0 0 0 0 0 0 0 0 0 0 1
20.588 2 WP_MOVED 4 348764.6875 5945795. 660. 12
20.591 2 ATTITUDE 0.789998 1.507064 0.095462
20.695 2 STATE_FILTER_STATUS 3 0
20.697 2 ESTIMATOR 0. 0.
20.704 2 DESIRED 34.91 0.08 5.1 -64. 24. 660. 2. 15.
20.707 2 ATTITUDE 0.789936 1.506964 0.095491
20.793 2 GPS 0 0 0 0 0 0 0 0 0 0 1
20.796 2 ATTITUDE 0.789752 1.506858 0.095472
20.896 2 DOWNLINK 2 761 3362
20.899 2 IMU_GYRO -0.022217 0.013672 -0.02002
20.906 2 DESIRED 34.91 0.08 5.1 -64. 24. 660. 2. 15.
20.908 2 ATTITUDE 0.789993 1.506796 0.095482
20.918 2 DOWNLINK_STATUS 0 21 15816 704 0 775. 36. 37.62
20.965 2 FBW_STATUS 0 48 0 38 368
20.988 2 ALIVE |216,127,29,252,243,243,98,124,94,61,214,251,168,39,118,87|
20.991 2 ATTITUDE 0.79007 1.506779 0.09555
21.040 2 CIRCLE 30. 100. 100.
21.046 2 GPS 0 0 0 0 0 0 0 0 0 0 1
21.095 2 WP_MOVED 5 348740. 5945760. 660. 12
21.102 2 DESIRED 34.91 0.08 5.1 -64. 24. 660. 2. 15.
21.105 2 ATTITUDE 0.790067 1.506739 0.095524
21.190 2 IMU_ACCEL -6.911133 0.943359 -7.026367
21.192 2 ESTIMATOR 0. 0.
21.195 2 ATTITUDE 0.790086 1.506729 0.095487
21.301 2 GPS 0 0 0 0 0 0 0 0 0 0 1
21.307 2 DESIRED 34.91 0.08 5.1 -64. 24. 660. 2. 15.
21.310 2 ATTITUDE 0.790053 1.506652 0.095431
21.394 2 BAT 2686 38 36 0 1 15 15 4
21.398 2 NAVIGATION 4 0 0. 0. 0. 0. 0 0
21.401 2 ATTITUDE 0.790083 1.506664 0.095466
21.499 2 IMU_MAG 0. 0. 0.
21.502 2 IMU_GYRO -0.023193 0.018066 -0.02124
21.509 2 DESIRED 34.91 0.08 5.1 -64. 24. 660. 2. 15.
21.512 2 ATTITUDE 0.79012 1.50662 0.095479
21.539 2 GPS 0 0 0 0 0 0 0 0 0 0 1
21.588 2 WP_MOVED 6 348665. 5945815. 660. 12
21.591 2 ATTITUDE 0.790168 1.506538 0.095468
21.694 2 ESTIMATOR 0. 0.
21.700 2 DESIRED 34.91 0.08 5.1 -64. 24. 660. 2. 15.
21.703 2 ATTITUDE 0.790144 1.506495 0.095445
21.793 2 GPS 0 0 0 0 0 0 0 0 0 0 1
21.796 2 ATTITUDE 0.790143 1.506467 0.095476
21.895 2 GPS_SOL 0 0 0 0
21.902 2 DESIRED 34.91 0.08 5.1 -64. 24. 660. 2. 15.
21.904 2 ATTITUDE 0.79016 1.506462 0.095467
21.919 2 DOWNLINK_STATUS 0 22 16560 736 0 744. 32. 37.62
21.987 2 DL_VALUE 25 1.000074
21.990 2 IMU_ACCEL -6.958984 0.958008 -6.963867
21.994 2 ATTITUDE 0.790137 1.506407 0.095467
22.038 2 GPS 0 0 0 0 0 0 0 0 0 0 1
22.103 2 CIRCLE 30. 100. 100.
22.106 2 IMU_GYRO -0.023193 0.015869 -0.02124
22.109 2 WP_MOVED 7 349065. 5946015. 660. 12
22.117 2 DESIRED 34.91 0.08 5.1 -64. 24. 660. 2. 15.
22.119 2 ATTITUDE 0.790089 1.506372 0.095442
22.187 2 PPRZ_MODE 0 3 3 2 0 17
22.190 2 ESTIMATOR 0. 0.
22.193 2 ATTITUDE 0.790172 1.506244 0.095532
22.301 2 GPS 0 0 0 0 0 0 0 0 0 0 1
22.307 2 DESIRED 34.91 0.08 5.1 -64. 24. 660. 2. 15.
22.310 2 ATTITUDE 0.79059 1.506014 0.095911
22.390 2 NAVIGATION 4 0 0. 0. 0. 0. 0 0
22.393 2 ATTITUDE 0.790493 1.505965 0.095851
22.496 2 BAT 2686 38 36 0 1 16 16 4
22.503 2 DESIRED 34.91 0.08 5.1 -64. 24. 660. 2. 15.
22.506 2 ATTITUDE 0.790053 1.506121 0.095464
22.539 2 GPS 0 0 0 0 0 0 0 0 0 0 1
22.594 2 ENERGY 3.8 0.368 4 1.3984
22.596 2 CALIBRATION 0. 0
22.600 2 WP_MOVED 0 348907. 5945757. 660. 12
22.603 2 ATTITUDE 0.787817 1.507099 0.093707
22.698 2 IMU_GYRO -0.028564 0.003174 -0.022217
22.701 2 ESTIMATOR 0. 0.
22.707 2 DESIRED 34.91 0.08 5.1 -64. 24. 660. 2. 15.
22.710 2 ATTITUDE 0.785341 1.507691 0.092481
22.798 2 IMU_MAG 0. 0. 0.
22.801 2 IMU_ACCEL -6.983398 0.948242 -7.088867
22.807 2 GPS 0 0 0 0 0 0 0 0 0 0 1
22.810 2 ATTITUDE 0.786641 1.506812 0.093841
22.891 2 STATE_FILTER_STATUS 3 0
22.898 2 DESIRED 34.91 0.08 5.1 -64. 24. 660. 2. 15.
22.902 2 ATTITUDE 0.787825 1.506353 0.094586
22.919 2 DOWNLINK_STATUS 0 23 17348 772 0 788. 36. 37.62
22.964 2 FBW_STATUS 0 48 0 38 368
22.982 2 ATTITUDE 0.788906 1.505831 0.095085
23.039 2 GPS 0 0 0 0 0 0 0 0 0 0 1
23.095 2 WP_MOVED 1 348865. 5945715. 660. 12
23.102 2 DESIRED 34.91 0.08 5.1 -64. 24. 660. 2. 15.
23.105 2 ATTITUDE 0.788349 1.50584 0.094704
23.132 2 CIRCLE 30. 100. 100.
23.185 2 ESTIMATOR 0. 0.
23.188 2 ATTITUDE 0.788792 1.505492 0.094913
23.301 2 IMU_GYRO -0.016846 0.012695 -0.023193
23.307 2 GPS 0 0 0 0 0 0 0 0 0 0 1
23.314 2 DESIRED 34.91 0.08 5.1 -64. 24. 660. 2. 15.
23.317 2 ATTITUDE 0.789422 1.505048 0.095166
23.390 2 NAVIGATION 4 0 0. 0. 0. 0. 0 0
23.393 2 ATTITUDE 0.789613 1.50483 0.095145
23.492 2 DL_VALUE 26 0.298451
23.499 2 DESIRED 34.91 0.08 5.1 -64. 24. 660. 2. 15.
23.502 2 ATTITUDE 0.789716 1.504705 0.095006
23.538 2 GPS 0 0 0 0 0 0 0 0 0 0 1
23.596 2 BAT 2686 38 36 0 1 17 17 4
23.599 2 IMU_ACCEL -6.973633 0.928711 -7.021484
23.603 2 WP_MOVED 2 348895. 5945815. 660. 12
23.606 2 ATTITUDE 0.78977 1.504522 0.094955
23.693 2 ESTIMATOR 0. 0.
23.700 2 DESIRED 34.91 0.08 5.1 -64. 24. 660. 2. 15.
23.703 2 ATTITUDE 0.789918 1.50426 0.095008
23.767 2 ACTUATORS |1279,1003,1100,1699,1301,1500|
23.793 2 GPS 0 0 0 0 0 0 0 0 0 0 1
23.796 2 ATTITUDE 0.790399 1.503882 0.095137
23.867 2 COMMANDS |2686,-14,14,-9548,0,-9548|
23.899 2 GPS_SOL 0 0 0 0
23.902 2 IMU_GYRO -0.030762 0.108398 -0.013672
23.908 2 DESIRED 34.91 0.08 5.1 -64. 24. 660. 2. 15.
23.912 2 ATTITUDE 0.790911 1.503461 0.09534
23.919 2 DOWNLINK_STATUS 0 24 18118 806 0 770. 34. 37.62
23.983 2 ATTITUDE 0.794406 1.503352 0.095981
24.039 2 GPS 0 0 0 0 0 0 0 0 0 0 1
24.099 2 IMU_MAG 0. 0. 0.
24.102 2 WP_MOVED 3 348965.09375 5945786. 660. 12
24.110 2 DESIRED 34.91 0.08 5.1 -64. 24. 660. 2. 15.
24.112 2 ATTITUDE 0.793161 1.503692 0.095239
24.189 2 CIRCLE 30. 100. 100.
24.192 2 ESTIMATOR 0. 0.
24.195 2 ATTITUDE 0.791356 1.504303 0.094014
24.300 2 GPS 0 0 0 0 0 0 0 0 0 0 1
24.307 2 DESIRED 34.91 0.08 5.1 -64. 24. 660. 2. 15.
24.310 2 ATTITUDE 0.79167 1.504007 0.094425
24.393 2 NAVIGATION 4 0 0. 0. 0. 0. 0 0
24.396 2 IMU_ACCEL -6.902344 0.996094 -7.290039
24.400 2 ATTITUDE 0.797893 1.503201 0.095992
24.495 2 IMU_GYRO -0.019043 0.011475 -0.022217
24.501 2 DESIRED 34.91 0.08 5.1 -64. 24. 660. 2. 15.
24.504 2 ATTITUDE 0.797635 1.503245 0.09573
24.538 2 GPS 0 0 0 0 0 0 0 0 0 0 1
24.587 2 WP_MOVED 4 348764.6875 5945795. 660. 12
24.590 2 ATTITUDE 0.797997 1.50308 0.095887
24.699 2 CALIBRATION 0. 0
24.703 2 BAT 2686 38 36 0 1 18 18 4
24.706 2 ESTIMATOR 0. 0.
24.712 2 DESIRED 34.91 0.08 5.1 -64. 24. 660. 2. 15.
24.715 2 ATTITUDE 0.798198 1.502857 0.095924
24.792 2 GPS 0 0 0 0 0 0 0 0 0 0 1
24.795 2 ATTITUDE 0.797863 1.503033 0.095593
24.894 2 DESIRED 34.91 0.08 5.1 -64. 24. 660. 2. 15.
24.898 2 ATTITUDE 0.795458 1.503795 0.094266
24.919 2 DOWNLINK_STATUS 0 25 18818 836 0 700. 30. 37.62
24.965 2 FBW_STATUS 0 47 0 38 368
24.990 2 ENERGY 3.8 0.368 4 1.3984
24.992 2 DL_VALUE 27 1.
24.995 2 ATTITUDE 0.795526 1.503382 0.094752
25.039 2 GPS 0 0 0 0 0 0 0 0 0 0 1
25.100 2 STATE_FILTER_STATUS 3 0
25.103 2 IMU_GYRO -0.024414 0.015869 -0.02124
25.106 2 WP_MOVED 5 348740. 5945760. 660. 12
25.113 2 DESIRED 34.91 0.08 5.1 -64. 24. 660. 2. 15.
25.115 2 ATTITUDE 0.79549 1.503455 0.094661
25.190 2 IMU_ACCEL -6.94043 0.948242 -7.069336
25.191 2 ESTIMATOR 0. 0.
25.195 2 ATTITUDE 0.795506 1.503383 0.094718
25.233 2 CIRCLE 30. 100. 100.
25.300 2 GPS 0 0 0 0 0 0 0 0 0 0 1
25.308 2 DESIRED 34.91 0.08 5.1 -64. 24. 660. 2. 15.
25.310 2 ATTITUDE 0.795601 1.503287 0.094716
25.391 2 IMU_MAG 0. 0. 0.
25.397 2 NAVIGATION 4 0 0. 0. 0. 0. 0 0
25.399 2 ATTITUDE 0.79563 1.503217 0.094738
25.446 2 PONG 
25.495 2 DESIRED 34.91 0.08 5.1 -64. 24. 660. 2. 15.
25.497 2 ATTITUDE 0.795645 1.503159 0.094745
25.538 2 GPS 0 0 0 0 0 0 0 0 0 0 1
25.587 2 WP_MOVED 6 348665. 5945815. 660. 12
25.590 2 ATTITUDE 0.795668 1.503089 0.094708
25.698 2 IMU_GYRO -0.023193 0.014893 -0.02002
25.700 2 ESTIMATOR 0. 0.
25.707 2 DESIRED 34.91 0.08 5.1 -64. 24. 660. 2. 15.
25.710 2 ATTITUDE 0.795623 1.503036 0.094657
25.795 2 BAT 2686 38 36 0 1 20 20 4
25.800 2 GPS 0 0 0 0 0 0 0 0 0 0 1
25.803 2 ATTITUDE 0.795613 1.502993 0.094681
25.894 2 GPS_SOL 0 0 0 0
25.901 2 DESIRED 34.91 0.08 5.1 -64. 24. 660. 2. 15.
25.904 2 ATTITUDE 0.795589 1.502962 0.094709
25.919 2 DOWNLINK_STATUS 0 26 19603 872 0 785. 36. 37.63
25.988 2 DOWNLINK 2 759 3534
25.991 2 IMU_ACCEL -6.935547 0.953125 -7.011719
25.994 2 ATTITUDE 0.795577 1.502917 0.094694
26.039 2 GPS 0 0 0 0 0 0 0 0 0 0 1
26.101 2 ALIVE |216,127,29,252,243,243,98,124,94,61,214,251,168,39,118,87|
26.105 2 WP_MOVED 7 349065. 5946015. 660. 12
26.111 2 DESIRED 34.91 0.08 5.1 -64. 24. 660. 2. 15.
26.114 2 ATTITUDE 0.795559 1.502876 0.094751
26.185 2 ESTIMATOR 0. 0.
26.188 2 ATTITUDE 0.795571 1.502854 0.094742
26.224 2 WIND_INFO 2 42 0. 0. 0.
26.306 2 CIRCLE 30. 100. 100.
26.308 2 IMU_GYRO -0.022217 0.013672 -0.02124
26.315 2 GPS 0 0 0 0 0 0 0 0 0 0 1
26.321 2 DESIRED 34.91 0.08 5.1 -64. 24. 660. 2. 15.
26.324 2 ATTITUDE 0.795564 1.502823 0.094758
26.390 2 NAVIGATION 4 0 0. 0. 0. 0. 0 0
26.392 2 ATTITUDE 0.795539 1.502806 0.094759
26.491 2 DL_VALUE 28 0.
26.499 2 DESIRED 34.91 0.08 5.1 -64. 24. 660. 2. 15.
26.501 2 ATTITUDE 0.795495 1.502768 0.094713
26.538 2 GPS 0 0 0 0 0 0 0 0 0 0 1
26.587 2 WP_MOVED 0 348907. 5945757. 660. 12
26.590 2 ATTITUDE 0.795487 1.50273 0.094757
26.697 2 IMU_MAG 0. 0. 0.
26.700 2 ESTIMATOR 0. 0.
26.706 2 DESIRED 34.91 0.08 5.1 -64. 24. 660. 2. 15.
26.710 2 ATTITUDE 0.795546 1.502701 0.094795
26.800 2 NAVIGATION_REF 348865 5945715 12 605.
26.802 2 CALIBRATION 0. 0
26.805 2 IMU_ACCEL -6.945312 0.958008 -7.079102
26.811 2 GPS 0 0 0 0 0 0 0 0 0 0 1
26.814 2 ATTITUDE 0.795505 1.502671 0.094833
26.900 2 BAT 2686 38 36 0 1 21 21 4
26.903 2 IMU_GYRO -0.023193 0.015869 -0.02002
26.909 2 DESIRED 34.91 0.08 5.1 -64. 24. 660. 2. 15.
26.912 2 ATTITUDE 0.795446 1.502594 0.094803
26.919 2 DOWNLINK_STATUS 0 27 20403 908 0 800. 36. 37.63
26.964 2 FBW_STATUS 0 49 0 38 368
26.983 2 ATTITUDE 0.795368 1.502524 0.094817
27.039 2 GPS 0 0 0 0 0 0 0 0 0 0 1
27.097 2 PPRZ_MODE 0 3 3 2 0 17
27.100 2 WP_MOVED 1 348865. 5945715. 660. 12
27.107 2 DESIRED 34.91 0.08 5.1 -64. 24. 660. 2. 15.
27.110 2 ATTITUDE 0.795377 1.502501 0.094766
27.185 2 ESTIMATOR 0. 0.
27.188 2 ATTITUDE 0.795375 1.502463 0.094721
27.298 2 STATE_FILTER_STATUS 3 0
27.304 2 GPS 0 0 0 0 0 0 0 0 0 0 1
27.311 2 DESIRED 34.91 0.08 5.1 -64. 24. 660. 2. 15.
27.314 2 ATTITUDE 0.795361 1.502394 0.094736
27.333 2 CIRCLE 30. 100. 100.
27.393 2 ENERGY 3.8 0.368 5 1.3984
27.398 2 NAVIGATION 4 0 0. 0. 0. 0. 0 0
27.401 2 ATTITUDE 0.795343 1.502341 0.094685
27.495 2 IMU_GYRO -0.02124 0.014893 -0.02002
27.502 2 DESIRED 34.91 0.08 5.1 -64. 24. 660. 2. 15.
27.504 2 ATTITUDE 0.795339 1.502312 0.094733
27.538 2 GPS 0 0 0 0 0 0 0 0 0 0 1
27.590 2 IMU_ACCEL -6.925781 0.966797 -7.036133
27.594 2 WP_MOVED 2 348895. 5945815. 660. 12
27.597 2 ATTITUDE 0.79533 1.502306 0.094754
27.693 2 ESTIMATOR 0. 0.
27.699 2 DESIRED 34.91 0.08 5.1 -64. 24. 660. 2. 15.
27.702 2 ATTITUDE 0.795347 1.502293 0.09481
27.792 2 GPS 0 0 0 0 0 0 0 0 0 0 1
27.795 2 ATTITUDE 0.795361 1.502245 0.094787
27.894 2 GPS_SOL 0 0 0 0
27.901 2 DESIRED 34.91 0.08 5.1 -64. 24. 660. 2. 15.
27.904 2 ATTITUDE 0.795416 1.502213 0.094791
27.920 2 DOWNLINK_STATUS 0 28 21126 940 0 723. 32. 37.63
27.992 2 DL_VALUE 29 100.
27.995 2 IMU_MAG 0. 0. 0.
27.999 2 BAT 2686 38 36 0 1 22 22 5
28.002 2 ATTITUDE 0.795392 1.502191 0.094767
28.038 2 GPS 0 0 0 0 0 0 0 0 0 0 1
28.099 2 IMU_GYRO -0.022217 0.014893 -0.02002
28.102 2 WP_MOVED 3 348965.09375 5945786. 660. 12
28.109 2 DESIRED 34.91 0.08 5.1 -64. 24. 660. 2. 15.
28.112 2 ATTITUDE 0.79539 1.502133 0.094797
28.185 2 ESTIMATOR 0. 0.
28.188 2 ATTITUDE 0.795368 1.502093 0.094842
28.300 2 GPS 0 0 0 0 0 0 0 0 0 0 1
28.307 2 DESIRED 34.91 0.08 5.1 -64. 24. 660. 2. 15.
28.310 2 ATTITUDE 0.795342 1.50207 0.094829
28.396 2 CIRCLE 30. 100. 100.
28.401 2 NAVIGATION 4 0 0. 0. 0. 0. 0 0
28.404 2 IMU_ACCEL -6.935547 0.961914 -7.045898
28.407 2 ATTITUDE 0.795376 1.50205 0.094837
28.494 2 DESIRED 34.91 0.08 5.1 -64. 24. 660. 2. 15.
28.497 2 ATTITUDE 0.795327 1.502029 0.094836
28.539 2 GPS 0 0 0 0 0 0 0 0 0 0 1
28.588 2 WP_MOVED 4 348764.6875 5945795. 660. 12
28.591 2 ATTITUDE 0.795308 1.50192 0.09483
28.697 2 IMU_GYRO -0.022217 0.015869 -0.02002
28.699 2 ESTIMATOR 0. 0.
28.707 2 DESIRED 34.91 0.08 5.1 -64. 24. 660. 2. 15.
28.709 2 ATTITUDE 0.795342 1.50185 0.09485
28.766 2 ACTUATORS |1279,1003,1100,1699,1301,1500|
28.792 2 GPS 0 0 0 0 0 0 0 0 0 0 1
28.795 2 ATTITUDE 0.795351 1.501837 0.094802
28.866 2 COMMANDS |2686,-14,14,-9548,0,-9548|
28.891 2 CALIBRATION 0. 0
28.898 2 DESIRED 34.91 0.08 5.1 -64. 24. 660. 2. 15.
28.901 2 ATTITUDE 0.795358 1.50183 0.094812
28.921 2 DOWNLINK_STATUS 0 29 21893 974 0 767. 34. 37.63
28.964 2 FBW_STATUS 0 48 0 38 368
28.983 2 ATTITUDE 0.795357 1.501822 0.094806
29.038 2 GPS 0 0 0 0 0 0 0 0 0 0 1
29.100 2 BAT 2686 38 36 0 1 23 23 5
29.103 2 WP_MOVED 5 348740. 5945760. 660. 12
29.110 2 DESIRED 34.91 0.08 5.1 -64. 24. 660. 2. 15.
29.113 2 ATTITUDE 0.795319 1.501762 0.094801
29.189 2 IMU_ACCEL -6.935547 0.938477 -7.050781
29.192 2 ESTIMATOR 0. 0.
29.195 2 ATTITUDE 0.795318 1.501691 0.094776
29.305 2 IMU_MAG 0. 0. 0.
29.309 2 IMU_GYRO -0.022217 0.015869 -0.02124
29.314 2 GPS 0 0 0 0 0 0 0 0 0 0 1
29.321 2 DESIRED 34.91 0.08 5.1 -64. 24. 660. 2. 15.
29.324 2 ATTITUDE 0.795282 1.501621 0.094795
29.390 2 NAVIGATION 4 0 0. 0. 0. 0. 0 0
29.393 2 ATTITUDE 0.795232 1.501586 0.09475
29.432 2 CIRCLE 30. 100. 100.
29.494 2 STATE_FILTER_STATUS 3 0
29.495 2 DL_VALUE 30 0.
29.502 2 DESIRED 34.91 0.08 5.1 -64. 24. 660. 2. 15.
29.505 2 ATTITUDE 0.795214 1.5015 0.094731
29.538 2 GPS 0 0 0 0 0 0 0 0 0 0 1
29.587 2 WP_MOVED 6 348665. 5945815. 660. 12
29.591 2 ATTITUDE 0.795211 1.501481 0.094766
29.693 2 ESTIMATOR 0. 0.
29.700 2 DESIRED 34.91 0.08 5.1 -64. 24. 660. 2. 15.
29.702 2 ATTITUDE 0.795211 1.50144 0.094792
29.795 2 ENERGY 3.8 0.368 5 1.3984
29.800 2 GPS 0 0 0 0 0 0 0 0 0 0 1
29.803 2 ATTITUDE 0.795195 1.50137 0.094789
29.897 2 GPS_SOL 0 0 0 0
29.901 2 IMU_GYRO -0.023193 0.015869 -0.02002
29.908 2 DESIRED 34.91 0.08 5.1 -64. 24. 660. 2. 15.
29.910 2 ATTITUDE 0.795243 1.501339 0.094796
29.921 2 DOWNLINK_STATUS 0 30 22672 1009 0 779. 35. 37.63
29.987 2 IMU_ACCEL -6.920898 0.986328 -7.026367
29.989 2 ATTITUDE 0.795299 1.501296 0.094821
30.038 2 GPS 0 0 0 0 0 0 0 0 0 0 1
30.095 2 WP_MOVED 7 349065. 5946015. 660. 12
30.102 2 DESIRED 34.91 0.08 5.1 -64. 24. 660. 2. 15.
30.105 2 ATTITUDE 0.795319 1.50125 0.094837
30.190 2 BAT 2686 38 36 0 1 24 24 5
30.193 2 ESTIMATOR 0. 0.
30.196 2 ATTITUDE 0.795358 1.501194 0.09485
30.300 2 GPS 0 0 0 0 0 0 0 0 0 0 1
30.307 2 DESIRED 34.91 0.08 5.1 -64. 24. 660. 2. 15.
30.310 2 ATTITUDE 0.795262 1.501123 0.094837
30.389 2 NAVIGATION 4 0 0. 0. 0. 0. 0 0
30.392 2 ATTITUDE 0.795243 1.501118 0.094851
30.448 2 PONG 
30.498 2 CIRCLE 30. 100. 100.
30.502 2 IMU_GYRO -0.022217 0.015869 -0.02002
30.508 2 DESIRED 34.91 0.08 5.1 -64. 24. 660. 2. 15.
30.511 2 ATTITUDE 0.795203 1.501109 0.094842
30.538 2 GPS 0 0 0 0 0 0 0 0 0 0 1
30.591 2 IMU_MAG 0. 0. 0.
30.594 2 WP_MOVED 0 348907. 5945757. 660. 12
30.597 2 ATTITUDE 0.795211 1.501089 0.094834
30.693 2 ESTIMATOR 0. 0.
30.700 2 DESIRED 34.91 0.08 5.1 -64. 24. 660. 2. 15.
30.703 2 ATTITUDE 0.795202 1.501093 0.09481
30.794 2 IMU_ACCEL -6.916016 0.943359 -7.064453
30.798 2 GPS 0 0 0 0 0 0 0 0 0 0 1
30.802 2 ATTITUDE 0.795179 1.501052 0.094856
30.894 2 DESIRED 34.91 0.08 5.1 -64. 24. 660. 2. 15.
30.896 2 ATTITUDE 0.795233 1.500996 0.094865
30.922 2 DOWNLINK_STATUS 0 31 23385 1040 0 713. 31. 38.72
30.964 2 FBW_STATUS 0 47 0 38 368
30.985 2 CALIBRATION 0. 0
30.987 2 DL_VALUE 31 2.
30.990 2 ATTITUDE 0.795215 1.500965 0.094904
31.038 2 GPS 0 0 0 0 0 0 0 0 0 0 1
31.099 2 DOWNLINK 2 758 3707
31.103 2 IMU_GYRO -0.023193 0.016846 -0.02002
31.106 2 WP_MOVED 1 348865. 5945715. 660. 12
31.114 2 DESIRED 34.91 0.08 5.1 -64. 24. 660. 2. 15.
31.116 2 ATTITUDE 0.795127 1.500953 0.094866
31.191 2 ALIVE |216,127,29,252,243,243,98,124,94,61,214,251,168,39,118,87|
31.193 2 ESTIMATOR 0. 0.
31.196 2 ATTITUDE 0.79512 1.500892 0.094847
31.302 2 BAT 2686 38 36 0 1 25 25 5
31.308 2 GPS 0 0 0 0 0 0 0 0 0 0 1
31.315 2 DESIRED 34.91 0.08 5.1 -64. 24. 660. 2. 15.
31.318 2 ATTITUDE 0.795085 1.500869 0.094836
31.389 2 NAVIGATION 4 0 0. 0. 0. 0. 0 0
31.392 2 ATTITUDE 0.79512 1.500811 0.094844
31.494 2 DESIRED 34.91 0.08 5.1 -64. 24. 660. 2. 15.
31.497 2 ATTITUDE 0.795105 1.500805 0.09485
31.539 2 CIRCLE 30. 100. 100.
31.545 2 GPS 0 0 0 0 0 0 0 0 0 0 1
31.591 2 IMU_ACCEL -6.930664 0.938477 -7.069336
31.594 2 WP_MOVED 2 348895. 5945815. 660. 12
31.597 2 ATTITUDE 0.795046 1.500747 0.094829
31.698 2 STATE_FILTER_STATUS 3 0
31.701 2 IMU_GYRO -0.022217 0.014893 -0.02124
31.703 2 ESTIMATOR 0. 0.
31.710 2 DESIRED 34.91 0.08 5.1 -64. 24. 660. 2. 15.
31.713 2 ATTITUDE 0.795015 1.500705 0.094851
31.792 2 GPS 0 0 0 0 0 0 0 0 0 0 1
31.795 2 ATTITUDE 0.795019 1.500648 0.094855
31.898 2 GPS_SOL 0 0 0 0
31.900 2 IMU_MAG 0. 0. 0.
31.908 2 DESIRED 34.91 0.08 5.1 -64. 24. 660. 2. 15.
31.910 2 ATTITUDE 0.795029 1.50058 0.09487
31.922 2 DOWNLINK_STATUS 0 32 24189 1077 0 804. 37. 38.72
31.985 2 PPRZ_MODE 0 3 3 2 0 17
31.986 2 ATTITUDE 0.794954 1.500571 0.09489
32.038 2 GPS 0 0 0 0 0 0 0 0 0 0 1
32.095 2 WP_MOVED 3 348965.09375 5945786. 660. 12
32.101 2 DESIRED 34.91 0.08 5.1 -64. 24. 660. 2. 15.
32.104 2 ATTITUDE 0.794906 1.500578 0.094887
32.190 2 ENERGY 3.8 0.368 5 1.3984
32.192 2 ESTIMATOR 0. 0.
32.195 2 ATTITUDE 0.794885 1.50055 0.094911
32.301 2 IMU_GYRO -0.022217 0.015869 -0.02124
32.307 2 GPS 0 0 0 0 0 0 0 0 0 0 1
32.314 2 DESIRED 34.91 0.08 5.1 -64. 24. 660. 2. 15.
32.317 2 ATTITUDE 0.794884 1.500519 0.094903
32.397 2 BAT 2686 38 36 0 1 26 26 5
32.401 2 NAVIGATION 4 0 0. 0. 0. 0. 0 0
32.404 2 IMU_ACCEL -6.930664 0.958008 -7.045898
32.408 2 ATTITUDE 0.794891 1.500495 0.094871
32.492 2 DL_VALUE 32 0.
32.498 2 DESIRED 34.91 0.08 5.1 -64. 24. 660. 2. 15.
32.501 2 ATTITUDE 0.794908 1.500465 0.09488
32.538 2 GPS 0 0 0 0 0 0 0 0 0 0 1
32.591 2 CIRCLE 30. 100. 100.
32.594 2 WP_MOVED 4 348764.6875 5945795. 660. 12
32.597 2 ATTITUDE 0.79488 1.500421 0.094903
32.693 2 ESTIMATOR 0. 0.
32.700 2 DESIRED 34.91 0.08 5.1 -64. 24. 660. 2. 15.
32.703 2 ATTITUDE 0.794928 1.50035 0.094893
32.792 2 GPS 0 0 0 0 0 0 0 0 0 0 1
32.795 2 ATTITUDE 0.794922 1.5003 0.094863
32.894 2 IMU_GYRO -0.022217 0.014893 -0.02124
32.901 2 DESIRED 34.91 0.08 5.1 -64. 24. 660. 2. 15.
32.904 2 ATTITUDE 0.794835 1.50028 0.094863
32.923 2 DOWNLINK_STATUS 0 33 24921 1109 0 732. 32. 38.72
32.964 2 FBW_STATUS 0 48 0 38 368
32.986 2 ATTITUDE 0.794787 1.500196 0.094937
33.038 2 GPS 0 0 0 0 0 0 0 0 0 0 1
33.096 2 CALIBRATION 0. 0
33.099 2 WP_MOVED 5 348740. 5945760. 660. 12
33.106 2 DESIRED 34.91 0.08 5.1 -64. 24. 660. 2. 15.
33.109 2 ATTITUDE 0.794777 1.500086 0.094936
33.193 2 IMU_MAG 0. 0. 0.
33.196 2 IMU_ACCEL -6.94043 0.948242 -7.026367
33.198 2 ESTIMATOR 0. 0.
33.201 2 ATTITUDE 0.794723 1.500002 0.09494
33.300 2 GPS 0 0 0 0 0 0 0 0 0 0 1
33.307 2 DESIRED 34.91 0.08 5.1 -64. 24. 660. 2. 15.
33.310 2 ATTITUDE 0.794687 1.499995 0.094958
33.389 2 NAVIGATION 4 0 0. 0. 0. 0. 0 0
33.392 2 ATTITUDE 0.794571 1.499884 0.094969
33.499 2 BAT 2686 38 36 0 1 27 27 5
33.502 2 IMU_GYRO -0.022217 0.015869 -0.02002
33.509 2 DESIRED 34.91 0.08 5.1 -64. 24. 660. 2. 15.
33.512 2 ATTITUDE 0.794524 1.499803 0.094981
33.538 2 GPS 0 0 0 0 0 0 0 0 0 0 1
33.587 2 WP_MOVED 6 348665. 5945815. 660. 12
33.590 2 ATTITUDE 0.794538 1.499723 0.094987
33.632 2 CIRCLE 30. 100. 100.
33.693 2 ESTIMATOR 0. 0.
33.700 2 DESIRED 34.91 0.08 5.1 -64. 24. 660. 2. 15.
33.703 2 ATTITUDE 0.794577 1.499691 0.094976
33.766 2 ACTUATORS |1279,1003,1100,1699,1301,1500|
33.792 2 GPS 0 0 0 0 0 0 0 0 0 0 1
33.796 2 ATTITUDE 0.794603 1.499658 0.09492
33.866 2 COMMANDS |2686,-14,14,-9548,0,-9548|
33.894 2 STATE_FILTER_STATUS 3 0
33.897 2 GPS_SOL 0 0 0 0
33.905 2 DESIRED 34.91 0.08 5.1 -64. 24. 660. 2. 15.
33.908 2 ATTITUDE 0.794579 1.499586 0.094933
33.923 2 DOWNLINK_STATUS 0 34 25700 1144 0 779. 35. 38.72
33.988 2 DL_VALUE 33 0.
33.990 2 IMU_ACCEL -6.916016 0.966797 -7.007812
33.993 2 ATTITUDE 0.794517 1.499591 0.094928
34.038 2 GPS 0 0 0 0 0 0 0 0 0 0 1
34.098 2 IMU_GYRO -0.022217 0.015869 -0.02124
34.102 2 WP_MOVED 7 349065. 5946015. 660. 12
34.108 2 DESIRED 34.91 0.08 5.1 -64. 24. 660. 2. 15.
34.112 2 ATTITUDE 0.794555 1.49959 0.094965
34.185 2 ESTIMATOR 0. 0.
34.188 2 ATTITUDE 0.794588 1.499555 0.09495
34.300 2 GPS 0 0 0 0 0 0 0 0 0 0 1
34.307 2 DESIRED 34.91 0.08 5.1 -64. 24. 660. 2. 15.
34.310 2 ATTITUDE 0.794564 1.499536 0.094951
34.389 2 NAVIGATION 4 0 0. 0. 0. 0. 0 0
34.392 2 ATTITUDE 0.794521 1.499459 0.094927
34.494 2 IMU_MAG 0. 0. 0.
34.501 2 DESIRED 34.91 0.08 5.1 -64. 24. 660. 2. 15.
34.504 2 ATTITUDE 0.794526 1.499428 0.094941
34.538 2 GPS 0 0 0 0 0 0 0 0 0 0 1
34.596 2 ENERGY 3.8 0.368 5 1.3984
34.600 2 BAT 2686 38 36 0 1 28 28 5
34.603 2 WP_MOVED 0 348907. 5945757. 660. 12
34.606 2 ATTITUDE 0.794523 1.499397 0.094948
34.701 2 CIRCLE 30. 100. 100.
34.705 2 IMU_GYRO -0.02124 0.015869 -0.02124
34.706 2 ESTIMATOR 0. 0.
34.714 2 DESIRED 34.91 0.08 5.1 -64. 24. 660. 2. 15.
34.717 2 ATTITUDE 0.794503 1.49934 0.094949
34.793 2 IMU_ACCEL -6.907227 0.966797 -7.036133
34.798 2 GPS 0 0 0 0 0 0 0 0 0 0 1
34.802 2 ATTITUDE 0.794521 1.499315 0.094926
34.894 2 DESIRED 34.91 0.08 5.1 -64. 24. 660. 2. 15.
34.897 2 ATTITUDE 0.794534 1.499244 0.094927
34.924 2 DOWNLINK_STATUS 0 35 26456 1177 0 756. 33. 38.72
34.964 2 FBW_STATUS 0 47 0 38 368
34.982 2 ATTITUDE 0.794568 1.499224 0.094943
35.040 2 GPS 0 0 0 0 0 0 0 0 0 0 1
35.095 2 WP_MOVED 1 348865. 5945715. 660. 12
35.102 2 DESIRED 34.91 0.08 5.1 -64. 24. 660. 2. 15.
35.104 2 ATTITUDE 0.794547 1.499179 0.094943
35.186 2 CALIBRATION 0. 0
35.189 2 ESTIMATOR 0. 0.
35.192 2 ATTITUDE 0.794547 1.49915 0.094985
35.301 2 IMU_GYRO -0.022217 0.014893 -0.02124
35.307 2 GPS 0 0 0 0 0 0 0 0 0 0 1
35.314 2 DESIRED 34.91 0.08 5.1 -64. 24. 660. 2. 15.
35.317 2 ATTITUDE 0.794526 1.499167 0.094979
35.389 2 NAVIGATION 4 0 0. 0. 0. 0. 0 0
35.392 2 ATTITUDE 0.794516 1.499123 0.094976
35.449 2 PONG 
35.492 2 DL_VALUE 34 0.
35.498 2 DESIRED 34.91 0.08 5.1 -64. 24. 660. 2. 15.
35.501 2 ATTITUDE 0.794506 1.499104 0.094966
35.538 2 GPS 0 0 0 0 0 0 0 0 0 0 1
35.591 2 IMU_ACCEL -6.907227 0.966797 -7.03125
35.594 2 WP_MOVED 2 348895. 5945815. 660. 12
35.597 2 ATTITUDE 0.794573 1.499029 0.094913
35.698 2 BAT 2686 38 36 0 1 29 29 5
35.700 2 ESTIMATOR 0. 0.
35.708 2 DESIRED 34.91 0.08 5.1 -64. 24. 660. 2. 15.
35.710 2 ATTITUDE 0.794629 1.498961 0.094944
35.732 2 CIRCLE 30. 100. 100.
35.797 2 NAVIGATION_REF 348865 5945715 12 605.
35.800 2 IMU_MAG 0. 0. 0.
35.806 2 GPS 0 0 0 0 0 0 0 0 0 0 1
35.809 2 ATTITUDE 0.794618 1.498892 0.094967
35.897 2 GPS_SOL 0 0 0 0
35.900 2 IMU_GYRO -0.023193 0.014893 -0.02002
35.907 2 DESIRED 34.91 0.08 5.1 -64. 24. 660. 2. 15.
35.910 2 ATTITUDE 0.7946 1.498827 0.094905
35.925 2 DOWNLINK_STATUS 0 36 27242 1213 0 786. 36. 38.65
35.982 2 ATTITUDE 0.79457 1.498755 0.09491
36.038 2 GPS 0 0 0 0 0 0 0 0 0 0 1
36.095 2 STATE_FILTER_STATUS 3 0
36.098 2 WP_MOVED 3 348965.09375 5945786. 660. 12
36.105 2 DESIRED 34.91 0.08 5.1 -64. 24. 660. 2. 15.
36.108 2 ATTITUDE 0.79459 1.49866 0.094926
36.186 2 DOWNLINK 2 765 3881
36.188 2 ESTIMATOR 0. 0.
36.192 2 ATTITUDE 0.794633 1.498589 0.094893
36.303 2 ALIVE |216,127,29,252,243,243,98,124,94,61,214,251,168,39,118,87|
36.309 2 GPS 0 0 0 0 0 0 0 0 0 0 1
36.315 2 DESIRED 34.91 0.08 5.1 -64. 24. 660. 2. 15.
36.319 2 ATTITUDE 0.794665 1.498543 0.09488
36.393 2 NAVIGATION 4 0 0. 0. 0. 0. 0 0
36.396 2 IMU_ACCEL -6.963867 0.953125 -7.069336
36.399 2 ATTITUDE 0.794645 1.498499 0.094913
36.494 2 IMU_GYRO -0.022217 0.014893 -0.02002
36.501 2 DESIRED 34.91 0.08 5.1 -64. 24. 660. 2. 15.
36.504 2 ATTITUDE 0.794632 1.498415 0.094957
36.538 2 GPS 0 0 0 0 0 0 0 0 0 0 1
36.586 2 WP_MOVED 4 348764.6875 5945795. 660. 12
36.589 2 ATTITUDE 0.794625 1.498358 0.094995
36.692 2 ESTIMATOR 0. 0.
36.699 2 DESIRED 34.91 0.08 5.1 -64. 24. 660. 2. 15.
36.702 2 ATTITUDE 0.794504 1.498295 0.094938
36.798 2 BAT 2686 38 36 0 1 31 31 5
36.801 2 CIRCLE 30. 100. 100.
36.807 2 GPS 0 0 0 0 0 0 0 0 0 0 1
36.810 2 ATTITUDE 0.794449 1.498316 0.094942
36.892 2 PPRZ_MODE 0 3 3 2 0 17
36.898 2 DESIRED 34.91 0.08 5.1 -64. 24. 660. 2. 15.
36.901 2 ATTITUDE 0.794389 1.498248 0.094981
36.925 2 DOWNLINK_STATUS 0 37 27968 1245 0 726. 32. 38.65
36.964 2 FBW_STATUS 0 49 0 38 368
36.990 2 ENERGY 3.8 0.368 5 1.3984
36.991 2 DL_VALUE 35 0.
36.994 2 ATTITUDE 0.79442 1.498217 0.095
37.038 2 GPS 0 0 0 0 0 0 0 0 0 0 1
37.102 2 IMU_MAG 0. 0. 0.
37.105 2 IMU_GYRO -0.02124 0.015869 -0.02002
37.109 2 WP_MOVED 5 348740. 5945760. 660. 12
37.115 2 DESIRED 34.91 0.08 5.1 -64. 24. 660. 2. 15.
37.119 2 ATTITUDE 0.794442 1.498176 0.094996
37.189 2 IMU_ACCEL -6.916016 0.966797 -7.041016
37.191 2 ESTIMATOR 0. 0.
37.194 2 ATTITUDE 0.794408 1.498123 0.095028
37.299 2 CALIBRATION 0. 0
37.304 2 GPS 0 0 0 0 0 0 0 0 0 0 1
37.311 2 DESIRED 34.91 0.08 5.1 -64. 24. 660. 2. 15.
37.314 2 ATTITUDE 0.794471 1.498071 0.095064
37.389 2 NAVIGATION 4 0 0. 0. 0. 0. 0 0
37.392 2 ATTITUDE 0.79447 1.498002 0.095087
37.494 2 DESIRED 34.91 0.08 5.1 -64. 24. 660. 2. 15.
37.496 2 ATTITUDE 0.794524 1.497967 0.095066
37.537 2 GPS 0 0 0 0 0 0 0 0 0 0 1
37.586 2 WP_MOVED 6 348665. 5945815. 660. 12
37.589 2 ATTITUDE 0.794513 1.497884 0.095078
37.697 2 IMU_GYRO -0.023193 0.015869 -0.02124
37.699 2 ESTIMATOR 0. 0.
37.706 2 DESIRED 34.91 0.08 5.1 -64. 24. 660. 2. 15.
37.709 2 ATTITUDE 0.794545 1.497849 0.095069
37.791 2 GPS 0 0 0 0 0 0 0 0 0 0 1
37.794 2 ATTITUDE 0.794495 1.497783 0.095116
37.832 2 CIRCLE 30. 100. 100.
37.898 2 GPS_SOL 0 0 0 0
37.902 2 BAT 2686 38 36 0 1 32 32 6
37.908 2 DESIRED 34.91 0.08 5.1 -64. 24. 660. 2. 15.
37.911 2 ATTITUDE 0.794481 1.497775 0.095104
37.926 2 DOWNLINK_STATUS 0 38 28749 1280 0 781. 35. 38.65
37.986 2 IMU_ACCEL -6.930664 0.943359 -7.055664
37.991 2 ATTITUDE 0.794475 1.497769 0.0951
38.038 2 GPS 0 0 0 0 0 0 0 0 0 0 1
38.095 2 WP_MOVED 7 349065. 5946015. 660. 12
38.101 2 DESIRED 34.91 0.08 5.1 -64. 24. 660. 2. 15.
38.105 2 ATTITUDE 0.794456 1.497724 0.095096
38.185 2 ESTIMATOR 0. 0.
38.188 2 ATTITUDE 0.794432 1.497649 0.095059
38.302 2 STATE_FILTER_STATUS 3 0
38.305 2 IMU_GYRO -0.022217 0.014893 -0.02124
38.311 2 GPS 0 0 0 0 0 0 0 0 0 0 1
38.317 2 DESIRED 34.91 0.08 5.1 -64. 24. 660. 2. 15.
38.320 2 ATTITUDE 0.794391 1.497613 0.09513
38.391 2 IMU_MAG 0. 0. 0.
38.396 2 NAVIGATION 4 0 0. 0. 0. 0. 0 0
38.398 2 ATTITUDE 0.794421 1.497567 0.09512
38.491 2 DL_VALUE 36 0.
38.497 2 DESIRED 34.91 0.08 5.1 -64. 24. 660. 2. 15.
38.500 2 ATTITUDE 0.794444 1.497559 0.095111
38.537 2 GPS 0 0 0 0 0 0 0 0 0 0 1
38.586 2 WP_MOVED 0 348907. 5945757. 660. 12
38.589 2 ATTITUDE 0.794492 1.49752 0.095153
38.692 2 ESTIMATOR 0. 0.
38.699 2 DESIRED 34.91 0.08 5.1 -64. 24. 660. 2. 15.
38.702 2 ATTITUDE 0.794495 1.497498 0.095145
38.767 2 ACTUATORS |1279,1003,1100,1699,1301,1500|
38.793 2 IMU_ACCEL -6.911133 0.97168 -7.088867
38.798 2 GPS 0 0 0 0 0 0 0 0 0 0 1
38.802 2 ATTITUDE 0.794506 1.497467 0.09516
38.866 2 COMMANDS |2686,-14,14,-9548,0,-9548|
38.898 2 CIRCLE 30. 100. 100.
38.901 2 IMU_GYRO -0.022217 0.014893 -0.02124
38.908 2 DESIRED 34.91 0.08 5.1 -64. 24. 660. 2. 15.
38.911 2 ATTITUDE 0.794531 1.497433 0.095116
38.927 2 DOWNLINK_STATUS 0 39 29511 1314 0 762. 34. 38.65
38.964 2 FBW_STATUS 0 48 0 38 368
38.987 2 BAT 2686 38 36 0 1 33 33 6
38.992 2 ATTITUDE 0.794543 1.49739 0.095135
39.038 2 GPS 0 0 0 0 0 0 0 0 0 0 1
39.095 2 WP_MOVED 1 348865. 5945715. 660. 12
39.102 2 DESIRED 34.91 0.08 5.1 -64. 24. 660. 2. 15.
39.105 2 ATTITUDE 0.794574 1.497408 0.095125
39.185 2 ESTIMATOR 0. 0.
39.188 2 ATTITUDE 0.794548 1.497405 0.09516
39.300 2 GPS 0 0 0 0 0 0 0 0 0 0 1
39.307 2 DESIRED 34.91 0.08 5.1 -64. 24. 660. 2. 15.
39.309 2 ATTITUDE 0.79457 1.497356 0.095127
39.394 2 ENERGY 3.8 0.368 6 1.3984
39.396 2 CALIBRATION 0. 0
39.400 2 NAVIGATION 4 0 0. 0. 0. 0. 0 0
39.404 2 ATTITUDE 0.794536 1.497335 0.095124
39.494 2 IMU_GYRO -0.023193 0.015869 -0.02124
39.500 2 DESIRED 34.91 0.08 5.1 -64. 24. 660. 2. 15.
39.503 2 ATTITUDE 0.794547 1.497319 0.095182
39.537 2 GPS 0 0 0 0 0 0 0 0 0 0 1
39.590 2 IMU_ACCEL -6.907227 0.958008 -7.021484
39.593 2 WP_MOVED 2 348895. 5945815. 660. 12
39.597 2 ATTITUDE 0.794555 1.497281 0.095244
39.697 2 IMU_MAG 0. 0. 0.
39.699 2 ESTIMATOR 0. 0.
39.706 2 DESIRED 34.91 0.08 5.1 -64. 24. 660. 2. 15.
39.709 2 ATTITUDE 0.794553 1.497274 0.09526
39.792 2 GPS 0 0 0 0 0 0 0 0 0 0 1
39.795 2 ATTITUDE 0.794532 1.497227 0.095226
39.894 2 GPS_SOL 0 0 0 0
39.900 2 DESIRED 34.91 0.08 5.1 -64. 24. 660. 2. 15.
39.903 2 ATTITUDE 0.794604 1.497204 0.095204
39.928 2 DOWNLINK_STATUS 0 40 30245 1346 0 734. 32. 38.65
39.932 2 CIRCLE 30. 100. 100.
39.983 2 DL_VALUE 37 200.
39.986 2 ATTITUDE 0.794634 1.497185 0.095178
40.038 2 GPS 0 0 0 0 0 0 0 0 0 0 1
40.103 2 BAT 2686 38 36 0 1 34 34 6
40.107 2 IMU_GYRO -0.023193 0.015869 -0.02124
40.110 2 WP_MOVED 3 348965.09375 5945786. 660. 12
40.117 2 DESIRED 34.91 0.08 5.1 -64. 24. 660. 2. 15.
40.120 2 ATTITUDE 0.794627 1.497115 0.095159
40.185 2 ESTIMATOR 0. 0.
40.188 2 ATTITUDE 0.794698 1.497071 0.095146
40.299 2 GPS 0 0 0 0 0 0 0 0 0 0 1
40.307 2 DESIRED 34.91 0.08 5.1 -64. 24. 660. 2. 15.
40.309 2 ATTITUDE 0.794644 1.497033 0.095099
40.393 2 NAVIGATION 4 0 0. 0. 0. 0. 0 0
40.395 2 IMU_ACCEL -6.911133 0.938477 -7.026367
40.399 2 ATTITUDE 0.794628 1.497027 0.095125
40.449 2 PONG 
40.493 2 STATE_FILTER_STATUS 3 0
40.497 2 DESIRED 34.91 0.08 5.1 -64. 24. 660. 2. 15.
40.500 2 ATTITUDE 0.794608 1.497008 0.095109
40.537 2 GPS 0 0 0 0 0 0 0 0 0 0 1
40.586 2 WP_MOVED 4 348764.6875 5945795. 660. 12
40.589 2 ATTITUDE 0.794657 1.497014 0.095103
40.697 2 IMU_GYRO -0.022217 0.014893 -0.02002
40.699 2 ESTIMATOR 0. 0.
40.706 2 DESIRED 34.91 0.08 5.1 -64. 24. 660. 2. 15.
40.709 2 ATTITUDE 0.794718 1.496986 0.095143
40.792 2 GPS 0 0 0 0 0 0 0 0 0 0 1
40.795 2 ATTITUDE 0.794696 1.496991 0.095134
40.894 2 DESIRED 34.91 0.08 5.1 -64. 24. 660. 2. 15.
40.897 2 ATTITUDE 0.794701 1.496949 0.095191
40.929 2 DOWNLINK_STATUS 0 41 30960 1378 0 715. 32. 38.67
40.964 2 FBW_STATUS 0 47 0 38 368
40.994 2 IMU_MAG 0. 0. 0.
40.994 2 CIRCLE 30. 100. 100.
40.996 2 ATTITUDE 0.794646 1.496938 0.095174
41.038 2 GPS 0 0 0 0 0 0 0 0 0 0 1
41.094 2 WP_MOVED 5 348740. 5945760. 660. 12
41.102 2 DESIRED 34.91 0.08 5.1 -64. 24. 660. 2. 15.
41.104 2 ATTITUDE 0.794628 1.496929 0.095165
41.193 2 BAT 2686 38 36 0 1 35 35 6
41.196 2 IMU_ACCEL -6.94043 0.97168 -7.016602
41.199 2 ESTIMATOR 0. 0.
41.202 2 ATTITUDE 0.794593 1.496924 0.095172
41.301 2 DOWNLINK 2 751 4052
41.305 2 IMU_GYRO -0.022217 0.015869 -0.02002
41.310 2 GPS 0 0 0 0 0 0 0 0 0 0 1
41.317 2 DESIRED 34.91 0.08 5.1 -64. 24. 660. 2. 15.
41.320 2 ATTITUDE 0.794587 1.496906 0.095201
41.393 2 ALIVE |216,127,29,252,243,243,98,124,94,61,214,251,168,39,118,87|
41.397 2 NAVIGATION 4 0 0. 0. 0. 0. 0 0
41.401 2 ATTITUDE 0.794512 1.496866 0.095251
41.494 2 CALIBRATION 0. 0
41.495 2 DL_VALUE 38 0.1
41.502 2 DESIRED 34.91 0.08 5.1 -64. 24. 660. 2. 15.
41.505 2 ATTITUDE 0.794484 1.496771 0.09525
41.538 2 GPS 0 0 0 0 0 0 0 0 0 0 1
41.586 2 WP_MOVED 6 348665. 5945815. 660. 12
41.590 2 ATTITUDE 0.794402 1.49671 0.095239
41.692 2 ESTIMATOR 0. 0.
41.699 2 DESIRED 34.91 0.08 5.1 -64. 24. 660. 2. 15.
41.702 2 ATTITUDE 0.794398 1.4966 0.095254
41.795 2 PPRZ_MODE 0 3 3 2 0 17
41.798 2 ENERGY 3.8 0.368 6 1.3984
41.804 2 GPS 0 0 0 0 0 0 0 0 0 0 1
41.807 2 ATTITUDE 0.794408 1.496572 0.095285
41.898 2 GPS_SOL 0 0 0 0
41.901 2 IMU_GYRO -0.022217 0.013672 -0.02002
41.907 2 DESIRED 34.91 0.08 5.1 -64. 24. 660. 2. 15.
41.910 2 ATTITUDE 0.794452 1.496549 0.095252
41.930 2 DOWNLINK_STATUS 0 42 31787 1416 0 827. 38. 38.67
41.985 2 IMU_ACCEL -6.930664 0.958008 -7.069336
41.988 2 ATTITUDE 0.794394 1.496489 0.095215
42.038 2 CIRCLE 30. 100. 100.
42.044 2 GPS 0 0 0 0 0 0 0 0 0 0 1
42.094 2 WP_MOVED 7 349065. 5946015. 660. 12
42.101 2 DESIRED 34.91 0.08 5.1 -64. 24. 660. 2. 15.
42.104 2 ATTITUDE 0.794461 1.496469 0.095214
42.184 2 ESTIMATOR 0. 0.
42.187 2 ATTITUDE 0.794444 1.496461 0.095198
42.305 2 IMU_MAG 0. 0. 0.
42.309 2 BAT 2686 38 36 0 1 36 36 6
42.314 2 GPS 0 0 0 0 0 0 0 0 0 0 1
42.321 2 DESIRED 34.91 0.08 5.1 -64. 24. 660. 2. 15.
42.324 2 ATTITUDE 0.794475 1.496406 0.095204
42.389 2 NAVIGATION 4 0 0. 0. 0. 0. 0 0
42.392 2 ATTITUDE 0.794483 1.496335 0.095198
42.495 2 IMU_GYRO -0.022217 0.013672 -0.02002
42.500 2 DESIRED 34.91 0.08 5.1 -64. 24. 660. 2. 15.
42.504 2 ATTITUDE 0.794455 1.496292 0.095221
42.538 2 GPS 0 0 0 0 0 0 0 0 0 0 1
42.586 2 WP_MOVED 0 348907. 5945757. 660. 12
42.590 2 ATTITUDE 0.794457 1.496286 0.095238
42.694 2 STATE_FILTER_STATUS 3 0
42.696 2 ESTIMATOR 0. 0.
42.703 2 DESIRED 34.91 0.08 5.1 -64. 24. 660. 2. 15.
42.706 2 ATTITUDE 0.794441 1.496235 0.095184
42.793 2 IMU_ACCEL -6.902344 0.943359 -7.083984
42.799 2 GPS 0 0 0 0 0 0 0 0 0 0 1
42.802 2 ATTITUDE 0.794454 1.496174 0.095171
42.894 2 DESIRED 34.91 0.08 5.1 -64. 24. 660. 2. 15.
42.896 2 ATTITUDE 0.794528 1.496119 0.095203
42.931 2 DOWNLINK_STATUS 0 43 32503 1447 0 716. 31. 38.67
42.963 2 FBW_STATUS 0 49 0 38 368
42.982 2 DL_VALUE 39 0.
42.986 2 ATTITUDE 0.794505 1.496088 0.095219
43.037 2 GPS 0 0 0 0 0 0 0 0 0 0 1
43.102 2 CIRCLE 30. 100. 100.
43.105 2 IMU_GYRO -0.022217 0.015869 -0.02124
43.108 2 WP_MOVED 1 348865. 5945715. 660. 12
43.115 2 DESIRED 34.91 0.08 5.1 -64. 24. 660. 2. 15.
43.118 2 ATTITUDE 0.794527 1.496047 0.095272
43.184 2 ESTIMATOR 0. 0.
43.187 2 ATTITUDE 0.794571 1.496004 0.095291
43.299 2 GPS 0 0 0 0 0 0 0 0 0 0 1
43.306 2 DESIRED 34.91 0.08 5.1 -64. 24. 660. 2. 15.
43.309 2 ATTITUDE 0.79456 1.49597 0.095274
43.392 2 BAT 2686 38 36 0 1 37 37 6
43.397 2 NAVIGATION 4 0 0. 0. 0. 0. 0 0
43.400 2 ATTITUDE 0.794533 1.495901 0.09526
43.496 2 DESIRED 34.91 0.08 5.1 -64. 24. 660. 2. 15.
43.497 2 ATTITUDE 0.794493 1.495853 0.095254
43.538 2 GPS 0 0 0 0 0 0 0 0 0 0 1
43.595 2 CALIBRATION 0. 0
43.598 2 IMU_MAG 0. 0. 0.
43.601 2 IMU_ACCEL -6.930664 0.953125 -7.026367
43.605 2 WP_MOVED 2 348895. 5945815. 660. 12
43.608 2 ATTITUDE 0.794452 1.495793 0.095237
43.697 2 IMU_GYRO -0.023193 0.014893 -0.02002
43.699 2 ESTIMATOR 0. 0.
43.706 2 DESIRED 34.91 0.08 5.1 -64. 24. 660. 2. 15.
43.708 2 ATTITUDE 0.794433 1.495737 0.095272
43.766 2 ACTUATORS |1279,1003,1100,1699,1301,1500|
43.791 2 GPS 0 0 0 0 0 0 0 0 0 0 1
43.794 2 ATTITUDE 0.794412 1.495695 0.095298
43.865 2 COMMANDS |2686,-14,14,-9548,0,-9548|
43.893 2 GPS_SOL 0 0 0 0
43.899 2 DESIRED 34.91 0.08 5.1 -64. 24. 660. 2. 15.
43.902 2 ATTITUDE 0.794401 1.49566 0.09532
43.932 2 DOWNLINK_STATUS 0 44 33302 1483 0 799. 36. 38.67
43.981 2 ATTITUDE 0.794352 1.495651 0.095307
44.037 2 GPS 0 0 0 0 0 0 0 0 0 0 1
44.094 2 WP_MOVED 3 348965.09375 5945786. 660. 12
44.101 2 DESIRED 34.91 0.08 5.1 -64. 24. 660. 2. 15.
44.104 2 ATTITUDE 0.794349 1.495623 0.095348
44.131 2 CIRCLE 30. 100. 100.
44.189 2 ENERGY 3.8 0.368 6 1.3984
44.192 2 ESTIMATOR 0. 0.
44.195 2 ATTITUDE 0.794372 1.49557 0.095382
44.300 2 IMU_GYRO -0.022217 0.015869 -0.02124
44.306 2 GPS 0 0 0 0 0 0 0 0 0 0 1
44.313 2 DESIRED 34.91 0.08 5.1 -64. 24. 660. 2. 15.
44.316 2 ATTITUDE 0.794346 1.495537 0.095367
44.393 2 NAVIGATION 4 0 0. 0. 0. 0. 0 0
44.396 2 IMU_ACCEL -6.920898 0.943359 -7.016602
44.399 2 ATTITUDE 0.794428 1.495528 0.095368
44.497 2 DL_VALUE 40 0.
44.499 2 BAT 2686 38 36 0 1 38 38 6
44.506 2 DESIRED 34.91 0.08 5.1 -64. 24. 660. 2. 15.
44.509 2 ATTITUDE 0.79441 1.495432 0.095363
44.538 2 GPS 0 0 0 0 0 0 0 0 0 0 1
44.587 2 WP_MOVED 4 348764.6875 5945795. 660. 12
44.590 2 ATTITUDE 0.794476 1.495389 0.095386
44.692 2 ESTIMATOR 0. 0.
44.699 2 DESIRED 34.91 0.08 5.1 -64. 24. 660. 2. 15.
44.702 2 ATTITUDE 0.794473 1.495366 0.095357
44.793 2 NAVIGATION_REF 348865 5945715 12 605.
44.799 2 GPS 0 0 0 0 0 0 0 0 0 0 1
44.802 2 ATTITUDE 0.794411 1.495322 0.095378
44.897 2 STATE_FILTER_STATUS 3 0
44.900 2 IMU_MAG 0. 0. 0.
44.904 2 IMU_GYRO -0.02124 0.014893 -0.02124
44.910 2 DESIRED 34.91 0.08 5.1 -64. 24. 660. 2. 15.
44.913 2 ATTITUDE 0.794379 1.495294 0.095415
44.933 2 DOWNLINK_STATUS 0 45 34068 1517 0 766. 34. 38.67
44.963 2 FBW_STATUS 0 47 0 38 368
44.981 2 ATTITUDE 0.79436 1.495263 0.095433
45.037 2 GPS 0 0 0 0 0 0 0 0 0 0 1
45.094 2 WP_MOVED 5 348740. 5945760. 660. 12
45.101 2 DESIRED 34.91 0.08 5.1 -64. 24. 660. 2. 15.
45.104 2 ATTITUDE 0.794382 1.49522 0.095457
45.192 2 CIRCLE 30. 100. 100.
45.195 2 IMU_ACCEL -6.925781 0.958008 -7.05957
45.198 2 ESTIMATOR 0. 0.
45.201 2 ATTITUDE 0.794362 1.495174 0.095449
45.299 2 GPS 0 0 0 0 0 0 0 0 0 0 1
45.306 2 DESIRED 34.91 0.08 5.1 -64. 24. 660. 2. 15.
45.309 2 ATTITUDE 0.794346 1.495113 0.095431
45.389 2 NAVIGATION 4 0 0. 0. 0. 0. 0 0
45.392 2 ATTITUDE 0.794373 1.495097 0.095447
45.449 2 PONG 
45.498 2 IMU_GYRO -0.022217 0.014893 -0.022217
45.500 2 DESIRED 34.91 0.08 5.1 -64. 24. 660. 2. 15.
45.503 2 ATTITUDE 0.794345 1.495028 0.09546
45.538 2 GPS 0 0 0 0 0 0 0 0 0 0 1
45.591 2 BAT 2686 38 36 0 1 39 39 6
45.595 2 WP_MOVED 6 348665. 5945815. 660. 12
45.598 2 ATTITUDE 0.794321 1.494993 0.095398
45.694 2 CALIBRATION 0. 0
45.696 2 ESTIMATOR 0. 0.
45.703 2 DESIRED 34.91 0.08 5.1 -64. 24. 660. 2. 15.
45.705 2 ATTITUDE 0.794365 1.494999 0.095401
45.792 2 GPS 0 0 0 0 0 0 0 0 0 0 1
45.795 2 ATTITUDE 0.794357 1.494924 0.095401
45.893 2 GPS_SOL 0 0 0 0
45.900 2 DESIRED 34.91 0.08 5.1 -64. 24. 660. 2. 15.
45.902 2 ATTITUDE 0.794335 1.494867 0.095413
45.933 2 DOWNLINK_STATUS 0 46 34788 1549 0 720. 32. 37.7
45.986 2 DL_VALUE 41 1500.
45.989 2 IMU_ACCEL -6.920898 0.961914 -7.016602
45.993 2 ATTITUDE 0.794456 1.494825 0.095415
46.037 2 GPS 0 0 0 0 0 0 0 0 0 0 1
46.098 2 IMU_GYRO -0.02124 0.015869 -0.02124
46.101 2 WP_MOVED 7 349065. 5946015. 660. 12
46.108 2 DESIRED 34.91 0.08 5.1 -64. 24. 660. 2. 15.
46.111 2 ATTITUDE 0.794395 1.494791 0.095399
46.188 2 IMU_MAG 0. 0. 0.
46.191 2 ESTIMATOR 0. 0.
46.194 2 ATTITUDE 0.794437 1.494746 0.095383
46.232 2 CIRCLE 30. 100. 100.
46.299 2 GPS 0 0 0 0 0 0 0 0 0 0 1
46.306 2 DESIRED 34.91 0.08 5.1 -64. 24. 660. 2. 15.
46.309 2 ATTITUDE 0.794432 1.494761 0.095337
46.389 2 DOWNLINK 2 766 4226
46.393 2 NAVIGATION 4 0 0. 0. 0. 0. 0 0
46.396 2 ATTITUDE 0.794435 1.494775 0.095308
46.500 2 ALIVE |216,127,29,252,243,243,98,124,94,61,214,251,168,39,118,87|
46.502 2 DESIRED 34.91 0.08 5.1 -64. 24. 660. 2. 15.
46.506 2 ATTITUDE 0.794407 1.494726 0.095275
46.538 2 GPS 0 0 0 0 0 0 0 0 0 0 1
46.591 2 ENERGY 3.8 0.368 6 1.3984
46.594 2 WP_MOVED 0 348907. 5945757. 660. 12
46.598 2 ATTITUDE 0.794383 1.494733 0.09527
46.702 2 PPRZ_MODE 0 3 3 2 0 17
46.707 2 BAT 2686 38 36 0 1 40 40 6
46.709 2 IMU_GYRO -0.022217 0.015869 -0.02124
46.712 2 ESTIMATOR 0. 0.
46.719 2 DESIRED 34.91 0.08 5.1 -64. 24. 660. 2. 15.
46.722 2 ATTITUDE 0.794346 1.494673 0.09525
46.792 2 IMU_ACCEL -6.955078 0.961914 -7.011719
46.799 2 GPS 0 0 0 0 0 0 0 0 0 0 1
46.801 2 ATTITUDE 0.794348 1.494648 0.0953
46.893 2 DESIRED 34.91 0.08 5.1 -64. 24. 660. 2. 15.
46.896 2 ATTITUDE 0.794308 1.494575 0.095278
46.934 2 DOWNLINK_STATUS 0 47 35590 1585 0 802. 36. 37.7
46.963 2 FBW_STATUS 0 46 0 38 368
46.981 2 ATTITUDE 0.794244 1.494517 0.09528
47.037 2 GPS 0 0 0 0 0 0 0 0 0 0 1
47.094 2 STATE_FILTER_STATUS 3 0
47.098 2 WP_MOVED 1 348865. 5945715. 660. 12
47.104 2 DESIRED 34.91 0.08 5.1 -64. 24. 660. 2. 15.
47.108 2 ATTITUDE 0.794293 1.49446 0.095285
47.184 2 ESTIMATOR 0. 0.
47.187 2 ATTITUDE 0.794322 1.494453 0.095265
47.305 2 CIRCLE 30. 100. 100.
47.308 2 IMU_GYRO -0.022217 0.016846 -0.02124
47.313 2 GPS 0 0 0 0 0 0 0 0 0 0 1
47.320 2 DESIRED 34.91 0.08 5.1 -64. 24. 660. 2. 15.
47.323 2 ATTITUDE 0.794323 1.494419 0.095243
47.389 2 NAVIGATION 4 0 0. 0. 0. 0. 0 0
47.392 2 ATTITUDE 0.794336 1.494348 0.09521
47.495 2 DL_VALUE 42 0.
47.500 2 IMU_MAG 0. 0. 0.
47.505 2 DESIRED 34.91 0.08 5.1 -64. 24. 660. 2. 15.
47.508 2 ATTITUDE 0.794328 1.494305 0.095261
47.537 2 GPS 0 0 0 0 0 0 0 0 0 0 1
47.589 2 IMU_ACCEL -6.892578 0.961914 -7.12207
47.594 2 WP_MOVED 2 348895. 5945815. 660. 12
47.597 2 ATTITUDE 0.794273 1.494334 0.095305
47.692 2 ESTIMATOR 0. 0.
47.699 2 DESIRED 34.91 0.08 5.1 -64. 24. 660. 2. 15.
47.701 2 ATTITUDE 0.794362 1.494251 0.095282
47.794 2 CALIBRATION 0. 0
47.798 2 BAT 2686 38 36 0 1 42 42 7
47.803 2 GPS 0 0 0 0 0 0 0 0 0 0 1
47.807 2 ATTITUDE 0.794325 1.494218 0.095297
47.897 2 GPS_SOL 0 0 0 0
47.900 2 IMU_GYRO -0.022217 0.015869 -0.02124
47.907 2 DESIRED 34.91 0.08 5.1 -64. 24. 660. 2. 15.
47.910 2 ATTITUDE 0.794303 1.494158 0.095253
47.935 2 DOWNLINK_STATUS 0 48 36360 1620 0 770. 35. 37.7
47.981 2 ATTITUDE 0.794219 1.494094 0.095247
48.037 2 GPS 0 0 0 0 0 0 0 0 0 0 1
48.094 2 WP_MOVED 3 348965.09375 5945786. 660. 12
48.101 2 DESIRED 34.91 0.08 5.1 -64. 24. 660. 2. 15.
48.104 2 ATTITUDE 0.794184 1.494063 0.095259
48.184 2 ESTIMATOR 0. 0.
48.187 2 ATTITUDE 0.794165 1.494044 0.095264
48.300 2 GPS 0 0 0 0 0 0 0 0 0 0 1
48.306 2 DESIRED 34.91 0.08 5.1 -64. 24. 660. 2. 15.
48.309 2 ATTITUDE 0.794142 1.493974 0.095269
48.332 2 CIRCLE 30. 100. 100.
48.393 2 NAVIGATION 4 0 0. 0. 0. 0. 0 0
48.396 2 IMU_ACCEL -6.935547 0.938477 -7.05957
48.399 2 ATTITUDE 0.794133 1.493903 0.095266
48.493 2 IMU_GYRO -0.022217 0.015869 -0.019043
48.501 2 DESIRED 34.91 0.08 5.1 -64. 24. 660. 2. 15.
48.503 2 ATTITUDE 0.794118 1.493873 0.095275
48.537 2 GPS 0 0 0 0 0 0 0 0 0 0 1
48.586 2 WP_MOVED 4 348764.6875 5945795. 660. 12
48.589 2 ATTITUDE 0.794094 1.493816 0.095294
48.692 2 ESTIMATOR 0. 0.
48.698 2 DESIRED 34.91 0.08 5.1 -64. 24. 660. 2. 15.
48.702 2 ATTITUDE 0.79409 1.493751 0.095357
48.765 2 ACTUATORS |1279,1003,1100,1699,1301,1500|
48.792 2 IMU_MAG 0. 0. 0.
48.798 2 GPS 0 0 0 0 0 0 0 0 0 0 1
48.801 2 ATTITUDE 0.794061 1.493712 0.09532
48.865 2 COMMANDS |2686,-14,14,-9548,0,-9548|
48.895 2 BAT 2686 38 36 0 1 43 43 7
48.901 2 DESIRED 34.91 0.08 5.1 -64. 24. 660. 2. 15.
48.904 2 ATTITUDE 0.794051 1.493643 0.09532
48.936 2 DOWNLINK_STATUS 0 49 37087 1651 0 727. 31. 37.7
48.964 2 FBW_STATUS 0 47 0 38 368
48.989 2 ENERGY 3.8 0.368 7 1.3984
48.991 2 DL_VALUE 0 0.
48.994 2 ATTITUDE 0.794019 1.493595 0.095286
49.037 2 GPS 0 0 0 0 0 0 0 0 0 0 1
49.098 2 IMU_GYRO -0.022217 0.015869 -0.02124
49.101 2 WP_MOVED 5 348740. 5945760. 660. 12
49.108 2 DESIRED 34.91 0.08 5.1 -64. 24. 660. 2. 15.
49.111 2 ATTITUDE 0.793964 1.493566 0.095291
49.189 2 IMU_ACCEL -6.925781 0.948242 -7.011719
49.191 2 ESTIMATOR 0. 0.
49.194 2 ATTITUDE 0.793961 1.493535 0.095314
49.297 2 STATE_FILTER_STATUS 3 0
49.303 2 GPS 0 0 0 0 0 0 0 0 0 0 1
49.310 2 DESIRED 34.91 0.08 5.1 -64. 24. 660. 2. 15.
49.313 2 ATTITUDE 0.793961 1.493474 0.095286
49.391 2 CIRCLE 30. 100. 100.
49.395 2 NAVIGATION 4 0 0. 0. 0. 0. 0 0
49.398 2 ATTITUDE 0.793946 1.493479 0.095318
49.493 2 DESIRED 34.91 0.08 5.1 -64. 24. 660. 2. 15.
49.496 2 ATTITUDE 0.793908 1.493407 0.095286
49.537 2 GPS 0 0 0 0 0 0 0 0 0 0 1
49.586 2 WP_MOVED 6 348665. 5945815. 660. 12
49.589 2 ATTITUDE 0.793902 1.493364 0.095299
49.696 2 IMU_GYRO -0.022217 0.014893 -0.02124
49.699 2 ESTIMATOR 0. 0.
49.705 2 DESIRED 34.91 0.08 5.1 -64. 24. 660. 2. 15.
49.709 2 ATTITUDE 0.793857 1.493329 0.095287
49.791 2 GPS 0 0 0 0 0 0 0 0 0 0 1
49.794 2 ATTITUDE 0.793782 1.493294 0.095278
49.895 2 CALIBRATION 0. 0
49.898 2 GPS_SOL 0 0 0 0
49.904 2 DESIRED 34.91 0.08 5.1 -64. 24. 660. 2. 15.
49.907 2 ATTITUDE 0.793809 1.493268 0.095309
49.936 2 DOWNLINK_STATUS 0 50 37838 1685 0 751. 34. 37.7
49.991 2 BAT 2686 38 36 0 1 44 44 7
49.994 2 IMU_ACCEL -6.930664 0.948242 -7.041016
49.997 2 ATTITUDE 0.793789 1.49327 0.09529
50.038 2 GPS 0 0 0 0 0 0 0 0 0 0 1
50.097 2 IMU_MAG 0. 0. 0.
50.102 2 WP_MOVED 7 349065. 5946015. 660. 12
50.108 2 DESIRED 34.91 0.08 5.1 -64. 24. 660. 2. 15.
50.111 2 ATTITUDE 0.793799 1.49325 0.095312
50.183 2 ESTIMATOR 0. 0.
50.186 2 ATTITUDE 0.793804 1.493221 0.095359
50.300 2 IMU_GYRO -0.022217 0.014893 -0.02002
50.306 2 GPS 0 0 0 0 0 0 0 0 0 0 1
50.313 2 DESIRED 34.91 0.08 5.1 -64. 24. 660. 2. 15.
50.316 2 ATTITUDE 0.793811 1.493168 0.095378
50.388 2 NAVIGATION 4 0 0. 0. 0. 0. 0 0
50.391 2 ATTITUDE 0.793818 1.493112 0.095393
50.431 2 CIRCLE 30. 100. 100.
50.464 2 PONG 
50.491 2 DL_VALUE 1 0.
50.497 2 DESIRED 34.91 0.08 5.1 -64. 24. 660. 2. 15.
50.502 2 ATTITUDE 0.793808 1.493095 0.095405
50.537 2 GPS 0 0 0 0 0 0 0 0 0 0 1
50.586 2 WP_MOVED 0 348907. 5945757. 660. 12
50.589 2 ATTITUDE 0.793792 1.493064 0.095414
50.692 2 ESTIMATOR 0. 0.
50.698 2 DESIRED 34.91 0.08 5.1 -64. 24. 660. 2. 15.
50.702 2 ATTITUDE 0.793801 1.493056 0.095396
50.793 2 IMU_ACCEL -6.892578 0.928711 -7.05957
50.798 2 GPS 0 0 0 0 0 0 0 0 0 0 1
50.801 2 ATTITUDE 0.793795 1.492984 0.095386
50.893 2 IMU_GYRO -0.022217 0.016846 -0.02124
50.900 2 DESIRED 34.91 0.08 5.1 -64. 24. 660. 2. 15.
50.903 2 ATTITUDE 0.793831 1.492925 0.095361
50.937 2 DOWNLINK_STATUS 0 51 38580 1718 0 742. 33. 52.63
50.963 2 FBW_STATUS 0 45 0 38 368
50.982 2 ATTITUDE 0.793881 1.492939 0.095349
51.037 2 GPS 0 0 0 0 0 0 0 0 0 0 1
51.098 2 BAT 2686 38 36 0 1 45 45 7
51.102 2 WP_MOVED 1 348865. 5945715. 660. 12
51.110 2 DESIRED 34.91 0.08 5.1 -64. 24. 660. 2. 15.
51.112 2 ATTITUDE 0.79391 1.492905 0.095335
51.183 2 ESTIMATOR 0. 0.
51.187 2 ATTITUDE 0.793845 1.492858 0.095302
51.299 2 GPS 0 0 0 0 0 0 0 0 0 0 1
51.306 2 DESIRED 34.91 0.08 5.1 -64. 24. 660. 2. 15.
51.309 2 ATTITUDE 0.793858 1.492846 0.095341
51.395 2 ENERGY 3.8 0.368 7 1.3984
51.399 2 IMU_MAG 0. 0. 0.
51.403 2 NAVIGATION 4 0 0. 0. 0. 0. 0 0
51.406 2 ATTITUDE 0.793854 1.492801 0.095362
51.504 2 DOWNLINK 2 750 4396
51.504 2 STATE_FILTER_STATUS 3 0
51.505 2 CIRCLE 30. 100. 100.
51.508 2 IMU_GYRO -0.022217 0.014893 -0.02124
51.515 2 DESIRED 34.91 0.08 5.1 -64. 24. 660. 2. 15.
51.518 2 ATTITUDE 0.793851 1.492756 0.095332
51.537 2 GPS 0 0 0 0 0 0 0 0 0 0 1
51.598 2 ALIVE |216,127,29,252,243,243,98,124,94,61,214,251,168,39,118,87|
51.600 2 PPRZ_MODE 0 3 3 2 0 17
51.603 2 IMU_ACCEL -6.907227 0.948242 -7.083984
51.607 2 WP_MOVED 2 348895. 5945815. 660. 12
51.610 2 ATTITUDE 0.793832 1.492722 0.09532
51.692 2 ESTIMATOR 0. 0.
51.699 2 DESIRED 34.91 0.08 5.1 -64. 24. 660. 2. 15.
51.702 2 ATTITUDE 0.793822 1.492692 0.095324
51.791 2 GPS 0 0 0 0 0 0 0 0 0 0 1
51.795 2 ATTITUDE 0.793838 1.492706 0.095384
51.892 2 GPS_SOL 0 0 0 0
51.900 2 DESIRED 34.91 0.08 5.1 -64. 24. 660. 2. 15.
51.902 2 ATTITUDE 0.793762 1.492677 0.095425
51.938 2 DOWNLINK_STATUS 0 52 39376 1754 0 796. 36. 52.63
51.985 2 CALIBRATION 0. 0
51.987 2 DL_VALUE 2 660.
51.990 2 ATTITUDE 0.793763 1.492616 0.095404
52.037 2 GPS 0 0 0 0 0 0 0 0 0 0 1
52.097 2 IMU_GYRO -0.02124 0.016846 -0.02124
52.101 2 WP_MOVED 3 348965.09375 5945786. 660. 12
52.108 2 DESIRED 34.91 0.08 5.1 -64. 24. 660. 2. 15.
52.111 2 ATTITUDE 0.793743 1.492591 0.095461
52.189 2 BAT 2686 38 36 0 1 46 46 7
52.192 2 ESTIMATOR 0. 0.
52.195 2 ATTITUDE 0.793743 1.492546 0.095431
52.299 2 GPS 0 0 0 0 0 0 0 0 0 0 1
52.306 2 DESIRED 34.91 0.08 5.1 -64. 24. 660. 2. 15.
52.309 2 ATTITUDE 0.79377 1.49254 0.095441
52.392 2 NAVIGATION 4 0 0. 0. 0. 0. 0 0
52.395 2 IMU_ACCEL -6.950195 0.958008 -7.050781
52.398 2 ATTITUDE 0.79368 1.492546 0.095435
52.493 2 DESIRED 34.91 0.08 5.1 -64. 24. 660. 2. 15.
52.496 2 ATTITUDE 0.793628 1.492552 0.095461
52.538 2 CIRCLE 30. 100. 100.
52.544 2 GPS 0 0 0 0 0 0 0 0 0 0 1
52.586 2 WP_MOVED 4 348764.6875 5945795. 660. 12
52.589 2 ATTITUDE 0.793612 1.492507 0.095456
52.700 2 IMU_MAG 0. 0. 0.
52.704 2 IMU_GYRO -0.022217 0.014893 -0.019043
52.705 2 ESTIMATOR 0. 0.
52.713 2 DESIRED 34.91 0.08 5.1 -64. 24. 660. 2. 15.
52.715 2 ATTITUDE 0.793556 1.492444 0.095412
52.791 2 GPS 0 0 0 0 0 0 0 0 0 0 1
52.794 2 ATTITUDE 0.793523 1.49239 0.095531
52.893 2 DESIRED 34.91 0.08 5.1 -64. 24. 660. 2. 15.
52.896 2 ATTITUDE 0.793586 1.492355 0.095513
52.939 2 DOWNLINK_STATUS 0 53 40105 1786 0 729. 32. 52.63
52.963 2 FBW_STATUS 0 48 0 38 368
52.981 2 ATTITUDE 0.793565 1.49231 0.0955
53.037 2 GPS 0 0 0 0 0 0 0 0 0 0 1
53.094 2 WP_MOVED 5 348740. 5945760. 660. 12
53.101 2 DESIRED 34.91 0.08 5.1 -64. 24. 660. 2. 15.
53.104 2 ATTITUDE 0.793581 1.492253 0.095538
53.188 2 IMU_ACCEL -6.963867 0.966797 -7.016602
53.191 2 ESTIMATOR 0. 0.
53.194 2 ATTITUDE 0.793596 1.492212 0.09557
53.306 2 BAT 2686 38 36 0 1 47 47 7
53.309 2 IMU_GYRO -0.023193 0.015869 -0.02124
53.314 2 GPS 0 0 0 0 0 0 0 0 0 0 1
53.321 2 DESIRED 34.91 0.08 5.1 -64. 24. 660. 2. 15.
53.324 2 ATTITUDE 0.793577 1.49217 0.095583
53.389 2 NAVIGATION 4 0 0. 0. 0. 0. 0 0
53.392 2 ATTITUDE 0.793627 1.492135 0.095568
53.491 2 DL_VALUE 3 0.
53.498 2 DESIRED 34.91 0.08 5.1 -64. 24. 660. 2. 15.
53.505 2 ATTITUDE 0.79361 1.49209 0.095566
53.537 2 GPS 0 0 0 0 0 0 0 0 0 0 1
53.589 2 CIRCLE 30. 100. 100.
53.593 2 WP_MOVED 6 348665. 5945815. 660. 12
53.596 2 ATTITUDE 0.793658 1.492061 0.095572
53.692 2 STATE_FILTER_STATUS 3 0
53.695 2 ESTIMATOR 0. 0.
53.702 2 DESIRED 34.91 0.08 5.1 -64. 24. 660. 2. 15.
53.705 2 ATTITUDE 0.793669 1.492014 0.095545
53.764 2 ACTUATORS |1279,1003,1100,1699,1301,1500|
53.797 2 NAVIGATION_REF 348865 5945715 12 605.
53.800 2 ENERGY 3.8 0.368 7 1.3984
53.806 2 GPS 0 0 0 0 0 0 0 0 0 0 1
53.809 2 ATTITUDE 0.793715 1.492025 0.095569
53.865 2 COMMANDS |2686,-14,14,-9548,0,-9548|
53.896 2 GPS_SOL 0 0 0 0
53.899 2 IMU_GYRO -0.022217 0.015869 -0.02002
53.906 2 DESIRED 34.91 0.08 5.1 -64. 24. 660. 2. 15.
53.909 2 ATTITUDE 0.793748 1.491968 0.095571
53.940 2 DOWNLINK_STATUS 0 54 40923 1823 0 818. 37. 52.63
53.989 2 IMU_MAG 0. 0. 0.
53.992 2 IMU_ACCEL -6.950195 0.933594 -7.007812
53.995 2 ATTITUDE 0.79378 1.491975 0.095558
54.037 2 GPS 0 0 0 0 0 0 0 0 0 0 1
54.095 2 CALIBRATION 0. 0
54.098 2 WP_MOVED 7 349065. 5946015. 660. 12
54.105 2 DESIRED 34.91 0.08 5.1 -64. 24. 660. 2. 15.
54.108 2 ATTITUDE 0.793748 1.491894 0.095569
54.184 2 ESTIMATOR 0. 0.
54.187 2 ATTITUDE 0.793798 1.491865 0.095586
54.299 2 GPS 0 0 0 0 0 0 0 0 0 0 1
54.306 2 DESIRED 34.91 0.08 5.1 -64. 24. 660. 2. 15.
54.308 2 ATTITUDE 0.793771 1.491857 0.095587
54.391 2 BAT 2686 38 36 0 1 48 48 7
54.397 2 NAVIGATION 4 0 0. 0. 0. 0. 0 0
54.399 2 ATTITUDE 0.793752 1.491812 0.095573
54.493 2 IMU_GYRO -0.023193 0.015869 -0.02002
54.500 2 DESIRED 34.91 0.08 5.1 -64. 24. 660. 2. 15.
54.506 2 ATTITUDE 0.793773 1.491793 0.095607
54.537 2 GPS 0 0 0 0 0 0 0 0 0 0 1
54.586 2 WP_MOVED 0 348907. 5945757. 660. 12
54.589 2 ATTITUDE 0.793728 1.491804 0.095664
54.631 2 CIRCLE 30. 100. 100.
54.691 2 ESTIMATOR 0. 0.
54.699 2 DESIRED 34.91 0.08 5.1 -64. 24. 660. 2. 15.
54.701 2 ATTITUDE 0.793717 1.491771 0.095647
54.792 2 IMU_ACCEL -6.945312 0.958008 -7.055664
54.798 2 GPS 0 0 0 0 0 0 0 0 0 0 1
54.801 2 ATTITUDE 0.793714 1.49171 0.09562
54.893 2 DESIRED 34.91 0.08 5.1 -64. 24. 660. 2. 15.
54.896 2 ATTITUDE 0.793625 1.491689 0.095621
54.940 2 DOWNLINK_STATUS 0 55 41641 1854 0 718. 31. 52.63
54.963 2 FBW_STATUS 0 46 0 38 368
54.982 2 DL_VALUE 4 0.
54.986 2 ATTITUDE 0.79368 1.491607 0.095603
55.037 2 GPS 0 0 0 0 0 0 0 0 0 0 1
55.098 2 IMU_GYRO -0.022217 0.015869 -0.02124
55.101 2 WP_MOVED 1 348865. 5945715. 660. 12
55.108 2 DESIRED 34.91 0.08 5.1 -64. 24. 660. 2. 15.
55.111 2 ATTITUDE 0.793658 1.491559 0.095559
55.183 2 ESTIMATOR 0. 0.
55.186 2 ATTITUDE 0.793683 1.491481 0.09553
55.300 2 IMU_MAG 0. 0. 0.
55.306 2 GPS 0 0 0 0 0 0 0 0 0 0 1
55.313 2 DESIRED 34.91 0.08 5.1 -64. 24. 660. 2. 15.
55.315 2 ATTITUDE 0.793754 1.491421 0.095508
55.388 2 NAVIGATION 4 0 0. 0. 0. 0. 0 0
55.391 2 ATTITUDE 0.793738 1.491349 0.095505
55.451 2 PONG 
55.494 2 BAT 2686 38 36 0 1 49 49 7
55.501 2 DESIRED 34.91 0.08 5.1 -64. 24. 660. 2. 15.
55.508 2 ATTITUDE 0.793785 1.491294 0.095489
55.537 2 GPS 0 0 0 0 0 0 0 0 0 0 1
55.589 2 IMU_ACCEL -6.950195 0.953125 -7.050781
55.593 2 WP_MOVED 2 348895. 5945815. 660. 12
55.596 2 ATTITUDE 0.793781 1.49124 0.095501
55.700 2 CIRCLE 30. 100. 100.
55.703 2 IMU_GYRO -0.023193 0.015869 -0.02124
55.706 2 ESTIMATOR 0. 0.
55.712 2 DESIRED 34.91 0.08 5.1 -64. 24. 660. 2. 15.
55.715 2 ATTITUDE 0.793814 1.49126 0.095527
55.791 2 GPS 0 0 0 0 0 0 0 0 0 0 1
55.794 2 ATTITUDE 0.793809 1.491224 0.09551
55.893 2 STATE_FILTER_STATUS 3 0
55.897 2 GPS_SOL 0 0 0 0
55.903 2 DESIRED 34.91 0.08 5.1 -64. 24. 660. 2. 15.
55.905 2 ATTITUDE 0.793841 1.491211 0.095539
55.941 2 DOWNLINK_STATUS 0 56 42406 1889 0 765. 35. 38.62
55.982 2 ATTITUDE 0.79384 1.491194 0.095587
56.037 2 GPS 0 0 0 0 0 0 0 0 0 0 1
56.094 2 WP_MOVED 3 348965.09375 5945786. 660. 12
56.100 2 DESIRED 34.91 0.08 5.1 -64. 24. 660. 2. 15.
56.103 2 ATTITUDE 0.793895 1.491205 0.095613
56.191 2 ENERGY 3.8 0.368 7 1.3984
56.193 2 CALIBRATION 0. 0
56.195 2 ESTIMATOR 0. 0.
56.198 2 ATTITUDE 0.793922 1.491133 0.095589
56.300 2 IMU_GYRO -0.023193 0.015869 -0.02002
56.306 2 GPS 0 0 0 0 0 0 0 0 0 0 1
56.312 2 DESIRED 34.91 0.08 5.1 -64. 24. 660. 2. 15.
56.315 2 ATTITUDE 0.793903 1.491075 0.095577
56.392 2 NAVIGATION 4 0 0. 0. 0. 0. 0 0
56.395 2 IMU_ACCEL -6.920898 0.948242 -7.007812
56.398 2 ATTITUDE 0.793929 1.491012 0.095649
56.493 2 PPRZ_MODE 0 3 3 2 0 17
56.495 2 DL_VALUE 5 0.
56.502 2 DESIRED 34.91 0.08 5.1 -64. 24. 660. 2. 15.
56.508 2 ATTITUDE 0.793876 1.490951 0.095612
56.537 2 GPS 0 0 0 0 0 0 0 0 0 0 1
56.594 2 DOWNLINK 2 770 4572
56.598 2 IMU_MAG 0. 0. 0.
56.601 2 BAT 2686 38 36 0 1 50 50 7
56.605 2 WP_MOVED 4 348764.6875 5945795. 660. 12
56.607 2 ATTITUDE 0.793952 1.490889 0.095558
56.698 2 ALIVE |216,127,29,252,243,243,98,124,94,61,214,251,168,39,118,87|
56.700 2 ESTIMATOR 0. 0.
56.707 2 DESIRED 34.91 0.08 5.1 -64. 24. 660. 2. 15.
56.709 2 ATTITUDE 0.793917 1.490874 0.09564
56.730 2 CIRCLE 30. 100. 100.
56.790 2 GPS 0 0 0 0 0 0 0 0 0 0 1
56.793 2 ATTITUDE 0.793945 1.490841 0.095617
56.892 2 IMU_GYRO -0.022217 0.015869 -0.02124
56.899 2 DESIRED 34.91 0.08 5.1 -64. 24. 660. 2. 15.
56.902 2 ATTITUDE 0.793966 1.490846 0.095617
56.942 2 DOWNLINK_STATUS 0 57 43201 1925 0 795. 36. 38.62
56.963 2 FBW_STATUS 0 48 0 38 368
56.981 2 ATTITUDE 0.793989 1.490766 0.095624
57.037 2 GPS 0 0 0 0 0 0 0 0 0 0 1
57.094 2 WP_MOVED 5 348740. 5945760. 660. 12
57.100 2 DESIRED 34.91 0.08 5.1 -64. 24. 660. 2. 15.
57.103 2 ATTITUDE 0.793933 1.490727 0.095577
57.188 2 IMU_ACCEL -6.897461 0.97168 -7.03125
57.190 2 ESTIMATOR 0. 0.
57.193 2 ATTITUDE 0.79391 1.490645 0.095613
57.299 2 GPS 0 0 0 0 0 0 0 0 0 0 1
57.305 2 DESIRED 34.91 0.08 5.1 -64. 24. 660. 2. 15.
57.308 2 ATTITUDE 0.793929 1.490596 0.09556
57.388 2 NAVIGATION 4 0 0. 0. 0. 0. 0 0
57.391 2 ATTITUDE 0.793957 1.490539 0.095566
57.493 2 IMU_GYRO -0.022217 0.015869 -0.02124
57.500 2 DESIRED 34.91 0.08 5.1 -64. 24. 660. 2. 15.
57.503 2 ATTITUDE 0.79382 1.490478 0.095559
57.537 2 GPS 0 0 0 0 0 0 0 0 0 0 1
57.586 2 WP_MOVED 6 348665. 5945815. 660. 12
57.588 2 ATTITUDE 0.793795 1.490432 0.09555
57.696 2 BAT 2686 38 36 0 1 51 51 8
57.699 2 ESTIMATOR 0. 0.
57.706 2 DESIRED 34.91 0.08 5.1 -64. 24. 660. 2. 15.
57.709 2 ATTITUDE 0.793845 1.490372 0.095511
57.791 2 CIRCLE 30. 100. 100.
57.797 2 GPS 0 0 0 0 0 0 0 0 0 0 1
57.800 2 ATTITUDE 0.793831 1.490341 0.095513
57.896 2 GPS_SOL 0 0 0 0
57.899 2 IMU_MAG 0. 0. 0.
57.906 2 DESIRED 34.91 0.08 5.1 -64. 24. 660. 2. 15.
57.909 2 ATTITUDE 0.793803 1.490295 0.095542
57.942 2 DOWNLINK_STATUS 0 58 43922 1956 0 721. 31. 38.62
57.986 2 DL_VALUE 6 100.
57.989 2 IMU_ACCEL -6.882812 0.953125 -7.050781
57.992 2 ATTITUDE 0.793849 1.490237 0.095519
58.036 2 GPS 0 0 0 0 0 0 0 0 0 0 1
58.097 2 STATE_FILTER_STATUS 3 0
58.101 2 IMU_GYRO -0.02124 0.013672 -0.02002
58.104 2 WP_MOVED 7 349065. 5946015. 660. 12
58.111 2 DESIRED 34.91 0.08 5.1 -64. 24. 660. 2. 15.
58.114 2 ATTITUDE 0.793874 1.490132 0.095504
58.183 2 ESTIMATOR 0. 0.
58.186 2 ATTITUDE 0.79384 1.490164 0.095508
58.297 2 CALIBRATION 0. 0
58.303 2 GPS 0 0 0 0 0 0 0 0 0 0 1
58.310 2 DESIRED 34.91 0.08 5.1 -64. 24. 660. 2. 15.
58.313 2 ATTITUDE 0.793835 1.490055 0.095506
58.388 2 NAVIGATION 4 0 0. 0. 0. 0. 0 0
58.391 2 ATTITUDE 0.793806 1.490017 0.095461
58.493 2 DESIRED 34.91 0.08 5.1 -64. 24. 660. 2. 15.
58.495 2 ATTITUDE 0.793814 1.490008 0.09545
58.536 2 GPS 0 0 0 0 0 0 0 0 0 0 1
58.589 2 ENERGY 3.8 0.368 8 1.3984
58.593 2 WP_MOVED 0 348907. 5945757. 660. 12
58.596 2 ATTITUDE 0.793873 1.489949 0.095419
58.695 2 IMU_GYRO -0.023193 0.014893 -0.02002
58.698 2 ESTIMATOR 0. 0.
58.704 2 DESIRED 34.91 0.08 5.1 -64. 24. 660. 2. 15.
58.708 2 ATTITUDE 0.793825 1.489942 0.095411
58.764 2 ACTUATORS |1279,1003,1100,1699,1301,1500|
58.796 2 BAT 2686 38 36 0 1 53 53 8
58.799 2 IMU_ACCEL -6.902344 0.914062 -7.064453
58.805 2 GPS 0 0 0 0 0 0 0 0 0 0 1
58.808 2 ATTITUDE 0.793766 1.489936 0.095418
58.831 2 CIRCLE 30. 100. 100.
58.864 2 COMMANDS |2686,-14,14,-9548,0,-9548|
58.892 2 DESIRED 34.91 0.08 5.1 -64. 24. 660. 2. 15.
58.895 2 ATTITUDE 0.793766 1.489925 0.09538
58.944 2 DOWNLINK_STATUS 0 59 44718 1992 0 796. 36. 38.62
58.963 2 FBW_STATUS 0 47 0 38 368
58.981 2 ATTITUDE 0.793768 1.4899 0.095324
59.036 2 GPS 0 0 0 0 0 0 0 0 0 0 1
59.093 2 WP_MOVED 1 348865. 5945715. 660. 12
59.100 2 DESIRED 34.91 0.08 5.1 -64. 24. 660. 2. 15.
59.103 2 ATTITUDE 0.793831 1.489931 0.095323
59.188 2 IMU_MAG 0. 0. 0.
59.190 2 ESTIMATOR 0. 0.
59.193 2 ATTITUDE 0.793868 1.489954 0.095341
59.300 2 IMU_GYRO -0.023193 0.014893 -0.02002
59.306 2 GPS 0 0 0 0 0 0 0 0 0 0 1
59.312 2 DESIRED 34.91 0.08 5.1 -64. 24. 660. 2. 15.
59.316 2 ATTITUDE 0.793779 1.48991 0.095365
59.388 2 NAVIGATION 4 0 0. 0. 0. 0. 0 0
59.391 2 ATTITUDE 0.793738 1.489879 0.095368
59.490 2 DL_VALUE 7 0.
59.497 2 DESIRED 34.91 0.08 5.1 -64. 24. 660. 2. 15.
59.499 2 ATTITUDE 0.793753 1.489846 0.095358
59.536 2 GPS 0 0 0 0 0 0 0 0 0 0 1
59.588 2 IMU_ACCEL -6.930664 0.943359 -7.011719
59.592 2 WP_MOVED 2 348895. 5945815. 660. 12
59.595 2 ATTITUDE 0.793748 1.489829 0.095381
59.691 2 ESTIMATOR 0. 0.
59.697 2 DESIRED 34.91 0.08 5.1 -64. 24. 660. 2. 15.
59.701 2 ATTITUDE 0.79369 1.489785 0.095411
59.790 2 GPS 0 0 0 0 0 0 0 0 0 0 1
59.793 2 ATTITUDE 0.793655 1.489756 0.095421
59.901 2 GPS_SOL 0 0 0 0
59.904 2 BAT 2686 38 36 0 1 54 54 8
59.907 2 CIRCLE 30. 100. 100.
59.911 2 IMU_GYRO -0.022217 0.012695 -0.02124
59.917 2 DESIRED 34.91 0.08 5.1 -64. 24. 660. 2. 15.
59.944 2 DOWNLINK_STATUS 0 60 45450 2024 0 732. 32. 38.62
59.981 2 ATTITUDE 0.793567 1.489735 0.095498
60.037 2 GPS 0 0 0 0 0 0 0 0 0 0 1
60.094 2 WP_MOVED 3 348965.09375 5945786. 660. 12
60.100 2 DESIRED 34.91 0.08 5.1 -64. 24. 660. 2. 15.
60.103 2 ATTITUDE 0.793528 1.489704 0.095482
60.183 2 ESTIMATOR 0. 0.
60.186 2 ATTITUDE 0.793544 1.489623 0.095546
60.297 2 STATE_FILTER_STATUS 3 0
60.302 2 GPS 0 0 0 0 0 0 0 0 0 0 1
60.309 2 DESIRED 34.91 0.08 5.1 -64. 24. 660. 2. 15.
60.311 2 ATTITUDE 0.793512 1.489607 0.09558
60.391 2 CALIBRATION 0. 0
60.395 2 NAVIGATION 4 0 0. 0. 0. 0. 0 0
60.398 2 IMU_ACCEL -6.950195 0.938477 -7.016602
60.401 2 ATTITUDE 0.793507 1.489486 0.095654
60.450 2 PONG 
60.496 2 IMU_MAG 0. 0. 0.
60.499 2 IMU_GYRO -0.02124 0.015869 -0.02124
60.506 2 DESIRED 34.91 0.08 5.1 -64. 24. 660. 2. 15.
60.511 2 ATTITUDE 0.793495 1.489413 0.095637
60.536 2 GPS 0 0 0 0 0 0 0 0 0 0 1
60.585 2 WP_MOVED 4 348764.6875 5945795. 660. 12
60.588 2 ATTITUDE 0.793459 1.489337 0.095597
60.691 2 ESTIMATOR 0. 0.
60.698 2 DESIRED 34.91 0.08 5.1 -64. 24. 660. 2. 15.
60.701 2 ATTITUDE 0.793531 1.489342 0.095554
60.790 2 GPS 0 0 0 0 0 0 0 0 0 0 1
60.793 2 ATTITUDE 0.79362 1.489271 0.095523
60.892 2 DESIRED 34.91 0.08 5.1 -64. 24. 660. 2. 15.
60.895 2 ATTITUDE 0.793683 1.489249 0.095494
60.931 2 CIRCLE 30. 100. 100.
60.945 2 DOWNLINK_STATUS 0 61 46144 2055 0 694. 31. 37.61
60.963 2 FBW_STATUS 0 48 0 38 368
60.992 2 ENERGY 3.8 0.368 8 1.3984
60.994 2 DL_VALUE 8 0.
60.998 2 BAT 2686 38 36 0 1 55 55 8
61.001 2 ATTITUDE 0.793693 1.489224 0.095445
61.037 2 GPS 0 0 0 0 0 0 0 0 0 0 1
61.097 2 IMU_GYRO -0.022217 0.015869 -0.02124
61.101 2 WP_MOVED 5 348740. 5945760. 660. 12
61.107 2 DESIRED 34.91 0.08 5.1 -64. 24. 660. 2. 15.
61.110 2 ATTITUDE 0.793653 1.489167 0.095456
61.187 2 IMU_ACCEL -6.892578 0.961914 -7.108398
61.189 2 ESTIMATOR 0. 0.
61.193 2 ATTITUDE 0.793578 1.489169 0.095455
61.298 2 GPS 0 0 0 0 0 0 0 0 0 0 1
61.305 2 DESIRED 34.91 0.08 5.1 -64. 24. 660. 2. 15.
61.309 2 ATTITUDE 0.793649 1.489159 0.095381
61.387 2 PPRZ_MODE 0 3 3 2 0 17
61.392 2 NAVIGATION 4 0 0. 0. 0. 0. 0 0
61.395 2 ATTITUDE 0.793518 1.489137 0.095403
61.492 2 DESIRED 34.91 0.08 5.1 -64. 24. 660. 2. 15.
61.495 2 ATTITUDE 0.793534 1.489082 0.095432
61.536 2 GPS 0 0 0 0 0 0 0 0 0 0 1
61.585 2 WP_MOVED 6 348665. 5945815. 660. 12
61.588 2 ATTITUDE 0.793492 1.489051 0.095448
61.697 2 DOWNLINK 3 745 4741
61.700 2 IMU_GYRO -0.023193 0.016846 -0.02124
61.702 2 ESTIMATOR 0. 0.
61.709 2 DESIRED 34.91 0.08 5.1 -64. 24. 660. 2. 15.
61.712 2 ATTITUDE 0.793533 1.48903 0.095414
61.797 2 ALIVE |216,127,29,252,243,243,98,124,94,61,214,251,168,39,118,87|
61.800 2 IMU_MAG 0. 0. 0.
61.806 2 GPS 0 0 0 0 0 0 0 0 0 0 1
61.809 2 ATTITUDE 0.793555 1.488908 0.095469
61.892 2 GPS_SOL 0 0 0 0
61.899 2 DESIRED 34.91 0.08 5.1 -64. 24. 660. 2. 15.
61.902 2 ATTITUDE 0.79358 1.488866 0.095488
61.946 2 DOWNLINK_STATUS 0 62 46942 2091 0 798. 36. 37.61
61.989 2 CIRCLE 30. 100. 100.
61.992 2 IMU_ACCEL -6.950195 0.948242 -7.011719
61.995 2 ATTITUDE 0.793556 1.488812 0.095512
62.037 2 GPS 0 0 0 0 0 0 0 0 0 0 1
62.098 2 BAT 2686 38 36 0 1 56 56 8
62.102 2 WP_MOVED 7 349065. 5946015. 660. 12
62.109 2 DESIRED 34.91 0.08 5.1 -64. 24. 660. 2. 15.
62.112 2 ATTITUDE 0.793556 1.488796 0.095534
62.182 2 ESTIMATOR 0. 0.
62.185 2 ATTITUDE 0.793505 1.488726 0.095532
62.299 2 IMU_GYRO -0.023193 0.015869 -0.02002
62.305 2 GPS 0 0 0 0 0 0 0 0 0 0 1
62.312 2 DESIRED 34.91 0.08 5.1 -64. 24. 660. 2. 15.
62.315 2 ATTITUDE 0.793505 1.488658 0.095549
62.387 2 NAVIGATION 4 0 0. 0. 0. 0. 0 0
62.390 2 ATTITUDE 0.793521 1.488619 0.095601
62.494 2 STATE_FILTER_STATUS 3 0
62.495 2 CALIBRATION 0. 0
62.497 2 DL_VALUE 9 1.
62.504 2 DESIRED 34.91 0.08 5.1 -64. 24. 660. 2. 15.
62.507 2 ATTITUDE 0.793553 1.488601 0.095588
62.536 2 GPS 0 0 0 0 0 0 0 0 0 0 1
62.585 2 WP_MOVED 0 348907. 5945757. 660. 12
62.588 2 ATTITUDE 0.793601 1.488544 0.095599
62.691 2 ESTIMATOR 0. 0.
62.698 2 DESIRED 34.91 0.08 5.1 -64. 24. 660. 2. 15.
62.701 2 ATTITUDE 0.793594 1.488527 0.095616
62.796 2 NAVIGATION_REF 348865 5945715 12 605.
62.799 2 IMU_ACCEL -6.958984 0.961914 -7.026367
62.805 2 GPS 0 0 0 0 0 0 0 0 0 0 1
62.808 2 ATTITUDE 0.793596 1.488493 0.095574
62.893 2 IMU_GYRO -0.023193 0.015869 -0.02002
62.899 2 DESIRED 34.91 0.08 5.1 -64. 24. 660. 2. 15.
62.903 2 ATTITUDE 0.793566 1.488434 0.09556
62.947 2 DOWNLINK_STATUS 0 63 47699 2125 0 757. 34. 37.61
62.962 2 FBW_STATUS 0 47 0 38 368
62.980 2 ATTITUDE 0.793577 1.488378 0.095572
63.037 2 CIRCLE 30. 100. 100.
63.043 2 GPS 0 0 0 0 0 0 0 0 0 0 1
63.096 2 IMU_MAG 0. 0. 0.
63.100 2 WP_MOVED 1 348865. 5945715. 660. 12
63.107 2 DESIRED 34.91 0.08 5.1 -64. 24. 660. 2. 15.
63.109 2 ATTITUDE 0.793606 1.488361 0.095591
63.191 2 BAT 2686 38 36 0 1 57 57 8
63.192 2 ESTIMATOR 0. 0.
63.197 2 ATTITUDE 0.793621 1.488344 0.095614
63.298 2 GPS 0 0 0 0 0 0 0 0 0 0 1
63.305 2 DESIRED 34.91 0.08 5.1 -64. 24. 660. 2. 15.
63.308 2 ATTITUDE 0.793585 1.488294 0.095561
63.390 2 ENERGY 3.8 0.368 8 1.3984
63.395 2 NAVIGATION 4 0 0. 0. 0. 0. 0 0
63.398 2 ATTITUDE 0.793616 1.488249 0.095536
63.492 2 IMU_GYRO -0.022217 0.014893 -0.019043
63.499 2 DESIRED 34.91 0.08 5.1 -64. 24. 660. 2. 15.
63.502 2 ATTITUDE 0.793524 1.488231 0.095529
63.536 2 GPS 0 0 0 0 0 0 0 0 0 0 1
63.589 2 IMU_ACCEL -6.925781 0.953125 -7.041016
63.592 2 WP_MOVED 2 348895. 5945815. 660. 12
63.595 2 ATTITUDE 0.793446 1.4882 0.095565
63.691 2 ESTIMATOR 0. 0.
63.698 2 DESIRED 34.91 0.08 5.1 -64. 24. 660. 2. 15.
63.701 2 ATTITUDE 0.793415 1.488145 0.095609
63.764 2 ACTUATORS |1279,1003,1100,1699,1301,1500|
63.790 2 GPS 0 0 0 0 0 0 0 0 0 0 1
63.794 2 ATTITUDE 0.793395 1.488058 0.095569
63.865 2 COMMANDS |2686,-14,14,-9548,0,-9548|
63.891 2 GPS_SOL 0 0 0 0
63.899 2 DESIRED 34.91 0.08 5.1 -64. 24. 660. 2. 15.
63.901 2 ATTITUDE 0.793455 1.488004 0.095572
63.948 2 DOWNLINK_STATUS 0 64 48478 2159 0 779. 34. 37.61
63.981 2 DL_VALUE 10 0.
63.984 2 ATTITUDE 0.793526 1.487974 0.095586
64.036 2 GPS 0 0 0 0 0 0 0 0 0 0 1
64.100 2 CIRCLE 30. 100. 100.
64.103 2 IMU_GYRO -0.022217 0.014893 -0.02124
64.107 2 WP_MOVED 3 348965.09375 5945786. 660. 12
64.113 2 DESIRED 34.91 0.08 5.1 -64. 24. 660. 2. 15.
64.117 2 ATTITUDE 0.793509 1.48792 0.09562
64.182 2 ESTIMATOR 0. 0.
64.185 2 ATTITUDE 0.793475 1.487837 0.095618
64.300 2 BAT 2686 38 36 0 1 58 58 8
64.306 2 GPS 0 0 0 0 0 0 0 0 0 0 1
64.313 2 DESIRED 34.91 0.08 5.1 -64. 24. 660. 2. 15.
64.316 2 ATTITUDE 0.7935 1.487819 0.095637
64.394 2 IMU_MAG 0. 0. 0.
64.398 2 NAVIGATION 4 0 0. 0. 0. 0. 0 0
64.401 2 IMU_ACCEL -6.935547 0.943359 -7.045898
64.404 2 ATTITUDE 0.793458 1.487848 0.095614
64.492 2 DESIRED 34.91 0.08 5.1 -64. 24. 660. 2. 15.
64.495 2 ATTITUDE 0.79349 1.487762 0.095565
64.536 2 GPS 0 0 0 0 0 0 0 0 0 0 1
64.586 2 CALIBRATION 0. 0
64.589 2 WP_MOVED 4 348764.6875 5945795. 660. 12
64.593 2 ATTITUDE 0.793573 1.487747 0.095578
64.696 2 STATE_FILTER_STATUS 3 0
64.699 2 IMU_GYRO -0.023193 0.014893 -0.02002
64.702 2 ESTIMATOR 0. 0.
64.708 2 DESIRED 34.91 0.08 5.1 -64. 24. 660. 2. 15.
64.711 2 ATTITUDE 0.793575 1.487729 0.0956
64.790 2 GPS 0 0 0 0 0 0 0 0 0 0 1
64.793 2 ATTITUDE 0.793589 1.487695 0.095683
64.893 2 DESIRED 34.91 0.08 5.1 -64. 24. 660. 2. 15.
64.895 2 ATTITUDE 0.793551 1.48765 0.095696
64.949 2 DOWNLINK_STATUS 0 65 49216 2192 0 738. 33. 37.61
64.962 2 FBW_STATUS 0 47 0 38 368
64.980 2 ATTITUDE 0.793562 1.487606 0.095684
65.036 2 GPS 0 0 0 0 0 0 0 0 0 0 1
65.093 2 WP_MOVED 5 348740. 5945760. 660. 12
65.099 2 DESIRED 34.91 0.08 5.1 -64. 24. 660. 2. 15.
65.103 2 ATTITUDE 0.793574 1.487604 0.095739
65.130 2 CIRCLE 30. 100. 100.
65.187 2 IMU_ACCEL -6.935547 0.918945 -7.026367
65.190 2 ESTIMATOR 0. 0.
65.193 2 ATTITUDE 0.793584 1.487551 0.095734
65.299 2 IMU_GYRO -0.022217 0.016846 -0.02124
65.305 2 GPS 0 0 0 0 0 0 0 0 0 0 1
65.312 2 DESIRED 34.91 0.08 5.1 -64. 24. 660. 2. 15.
65.315 2 ATTITUDE 0.793575 1.487532 0.095703
65.391 2 BAT 2686 38 36 0 1 59 59 8
65.400 2 NAVIGATION 4 0 0. 0. 0. 0. 0 0
65.400 2 ATTITUDE 0.793594 1.487521 0.095693
65.452 2 PONG 
65.490 2 DL_VALUE 11 0.
65.496 2 DESIRED 34.91 0.08 5.1 -64. 24. 660. 2. 15.
65.499 2 ATTITUDE 0.79343 1.487432 0.095679
65.536 2 GPS 0 0 0 0 0 0 0 0 0 0 1
65.585 2 WP_MOVED 6 348665. 5945815. 660. 12
65.588 2 ATTITUDE 0.793445 1.487327 0.095737
65.696 2 IMU_MAG 0. 0. 0.
65.697 2 ESTIMATOR 0. 0.
65.705 2 DESIRED 34.91 0.08 5.1 -64. 24. 660. 2. 15.
65.707 2 ATTITUDE 0.79346 1.487281 0.095712
65.792 2 ENERGY 3.8 0.368 8 1.3984
65.797 2 GPS 0 0 0 0 0 0 0 0 0 0 1
65.800 2 ATTITUDE 0.793467 1.487262 0.095695
65.895 2 GPS_SOL 0 0 0 0
65.898 2 IMU_GYRO -0.022217 0.014893 -0.02002
65.905 2 DESIRED 34.91 0.08 5.1 -64. 24. 660. 2. 15.
65.908 2 ATTITUDE 0.793407 1.487231 0.095712
65.950 2 DOWNLINK_STATUS 0 66 49992 2227 0 776. 35. 38.17
65.984 2 IMU_ACCEL -6.950195 0.923828 -6.993164
65.987 2 ATTITUDE 0.793415 1.487215 0.095733
66.036 2 GPS 0 0 0 0 0 0 0 0 0 0 1
66.093 2 WP_MOVED 7 349065. 5946015. 660. 12
66.100 2 DESIRED 34.91 0.08 5.1 -64. 24. 660. 2. 15.
66.103 2 ATTITUDE 0.793368 1.487176 0.095762
66.187 2 CIRCLE 30. 100. 100.
66.190 2 ESTIMATOR 0. 0.
66.193 2 ATTITUDE 0.793311 1.487142 0.095736
66.297 2 PPRZ_MODE 0 3 3 2 0 17
66.303 2 GPS 0 0 0 0 0 0 0 0 0 0 1
66.310 2 DESIRED 34.91 0.08 5.1 -64. 24. 660. 2. 15.
66.313 2 ATTITUDE 0.793319 1.487138 0.095748
66.387 2 NAVIGATION 4 0 0. 0. 0. 0. 0 0
66.391 2 ATTITUDE 0.793368 1.487099 0.095793
66.497 2 BAT 2686 38 36 0 1 60 60 9
66.501 2 IMU_GYRO -0.023193 0.014893 -0.02124
66.507 2 DESIRED 34.91 0.08 5.1 -64. 24. 660. 2. 15.
66.510 2 ATTITUDE 0.793306 1.48704 0.09582
66.536 2 GPS 0 0 0 0 0 0 0 0 0 0 1
66.585 2 WP_MOVED 0 348907. 5945757. 660. 12
66.588 2 ATTITUDE 0.79334 1.487037 0.095834
66.692 2 CALIBRATION 0. 0
66.694 2 ESTIMATOR 0. 0.
66.702 2 DESIRED 34.91 0.08 5.1 -64. 24. 660. 2. 15.
66.704 2 ATTITUDE 0.793298 1.487021 0.095854
66.792 2 DOWNLINK 3 764 4915
66.795 2 IMU_ACCEL -6.958984 0.943359 -7.026367
66.801 2 GPS 0 0 0 0 0 0 0 0 0 0 1
66.804 2 ATTITUDE 0.793294 1.486941 0.09589
66.896 2 ALIVE |216,127,29,252,243,243,98,124,94,61,214,251,168,39,118,87|
66.897 2 STATE_FILTER_STATUS 3 0
66.904 2 DESIRED 34.91 0.08 5.1 -64. 24. 660. 2. 15.
66.907 2 ATTITUDE 0.793198 1.487009 0.095862
66.950 2 DOWNLINK_STATUS 0 67 50747 2261 0 755. 34. 38.17
66.962 2 FBW_STATUS 0 46 0 38 368
66.985 2 DL_VALUE 12 12000.
66.988 2 IMU_MAG 0. 0. 0.
66.991 2 ATTITUDE 0.79346 1.487006 0.095855
67.036 2 GPS 0 0 0 0 0 0 0 0 0 0 1
67.096 2 IMU_GYRO -0.023193 0.013672 -0.02124
67.100 2 WP_MOVED 1 348865. 5945715. 660. 12
67.107 2 DESIRED 34.91 0.08 5.1 -64. 24. 660. 2. 15.
67.110 2 ATTITUDE 0.793131 1.486933 0.095886
67.183 2 ESTIMATOR 0. 0.
67.186 2 ATTITUDE 0.793122 1.486929 0.095872
67.230 2 CIRCLE 30. 100. 100.
67.298 2 GPS 0 0 0 0 0 0 0 0 0 0 1
67.305 2 DESIRED 34.91 0.08 5.1 -64. 24. 660. 2. 15.
67.308 2 ATTITUDE 0.793317 1.486868 0.095947
67.387 2 NAVIGATION 4 0 0. 0. 0. 0. 0 0
67.391 2 ATTITUDE 0.793352 1.486861 0.095916
67.492 2 DESIRED 34.91 0.08 5.1 -64. 24. 660. 2. 15.
67.495 2 ATTITUDE 0.793312 1.486801 0.095902
67.536 2 GPS 0 0 0 0 0 0 0 0 0 0 1
67.594 2 BAT 2686 38 36 0 1 61 61 9
67.597 2 IMU_ACCEL -6.945312 0.953125 -7.055664
67.600 2 WP_MOVED 2 348895. 5945815. 660. 12
67.604 2 ATTITUDE 0.793289 1.486755 0.095895
67.695 2 IMU_GYRO -0.024414 0.018066 -0.02002
67.697 2 ESTIMATOR 0. 0.
67.705 2 DESIRED 34.91 0.08 5.1 -64. 24. 660. 2. 15.
67.707 2 ATTITUDE 0.793162 1.486714 0.095819
67.791 2 GPS 0 0 0 0 0 0 0 0 0 0 1
67.793 2 ATTITUDE 0.793253 1.486618 0.09589
67.892 2 GPS_SOL 0 0 0 0
67.899 2 DESIRED 34.91 0.08 5.1 -64. 24. 660. 2. 15.
67.902 2 ATTITUDE 0.793308 1.486511 0.095956
67.951 2 DOWNLINK_STATUS 0 68 51497 2294 0 750. 33. 38.17
67.980 2 ATTITUDE 0.793205 1.48651 0.095916
68.036 2 GPS 0 0 0 0 0 0 0 0 0 0 1
68.093 2 WP_MOVED 3 348965.09375 5945786. 660. 12
68.100 2 DESIRED 34.91 0.08 5.1 -64. 24. 660. 2. 15.
68.103 2 ATTITUDE 0.793152 1.486423 0.095951
68.188 2 ENERGY 3.8 0.368 9 1.3984
68.190 2 ESTIMATOR 0. 0.
68.193 2 ATTITUDE 0.793182 1.486305 0.096022
68.303 2 IMU_MAG 0. 0. 0.
68.307 2 CIRCLE 30. 100. 100.
68.310 2 IMU_GYRO -0.023193 0.015869 -0.02002
68.315 2 GPS 0 0 0 0 0 0 0 0 0 0 1
68.322 2 DESIRED 34.91 0.08 5.1 -64. 24. 660. 2. 15.
68.391 2 NAVIGATION 4 0 0. 0. 0. 0. 0 0
68.394 2 IMU_ACCEL -6.930664 0.953125 -7.021484
68.397 2 ATTITUDE 0.793085 1.48621 0.096076
68.490 2 DL_VALUE 13 1.5
68.497 2 DESIRED 34.91 0.08 5.1 -64. 24. 660. 2. 15.
68.500 2 ATTITUDE 0.793106 1.486131 0.096106
68.535 2 GPS 0 0 0 0 0 0 0 0 0 0 1
68.586 2 WP_MOVED 4 348764.6875 5945795. 660. 12
68.589 2 ATTITUDE 0.793125 1.486109 0.096068
68.696 2 BAT 2686 38 36 0 1 62 62 9
68.698 2 ESTIMATOR 0. 0.
68.706 2 DESIRED 34.91 0.08 5.1 -64. 24. 660. 2. 15.
68.708 2 ATTITUDE 0.793319 1.486058 0.096089
68.764 2 ACTUATORS |1279,1003,1100,1699,1301,1500|
68.788 2 CALIBRATION 0. 0
68.794 2 GPS 0 0 0 0 0 0 0 0 0 0 1
68.797 2 ATTITUDE 0.793265 1.48601 0.096108
68.864 2 COMMANDS |2686,-14,14,-9548,0,-9548|
68.892 2 IMU_GYRO -0.022217 0.015869 -0.02124
68.899 2 DESIRED 34.91 0.08 5.1 -64. 24. 660. 2. 15.
68.902 2 ATTITUDE 0.793408 1.486007 0.096061
68.952 2 DOWNLINK_STATUS 0 69 52266 2328 0 769. 34. 38.17
68.962 2 FBW_STATUS 0 49 0 38 368
68.980 2 ATTITUDE 0.793444 1.485941 0.096076
69.036 2 GPS 0 0 0 0 0 0 0 0 0 0 1
69.093 2 STATE_FILTER_STATUS 3 0
69.097 2 WP_MOVED 5 348740. 5945760. 660. 12
69.103 2 DESIRED 34.91 0.08 5.1 -64. 24. 660. 2. 15.
69.106 2 ATTITUDE 0.793525 1.485881 0.096058
69.187 2 IMU_ACCEL -6.907227 0.966797 -7.045898
69.190 2 ESTIMATOR 0. 0.
69.193 2 ATTITUDE 0.79354 1.485863 0.096056
69.298 2 GPS 0 0 0 0 0 0 0 0 0 0 1
69.305 2 DESIRED 34.91 0.08 5.1 -64. 24. 660. 2. 15.
69.308 2 ATTITUDE 0.793533 1.485888 0.096095
69.332 2 CIRCLE 30. 100. 100.
69.387 2 NAVIGATION 4 0 0. 0. 0. 0. 0 0
69.390 2 ATTITUDE 0.793537 1.485828 0.096053
69.493 2 IMU_GYRO -0.022217 0.015869 -0.02124
69.499 2 DESIRED 34.91 0.08 5.1 -64. 24. 660. 2. 15.
69.502 2 ATTITUDE 0.793516 1.485792 0.096013
69.537 2 GPS 0 0 0 0 0 0 0 0 0 0 1
69.588 2 IMU_MAG 0. 0. 0.
69.591 2 WP_MOVED 6 348665. 5945815. 660. 12
69.595 2 ATTITUDE 0.793474 1.485763 0.096022
69.690 2 ESTIMATOR 0. 0.
69.697 2 DESIRED 34.91 0.08 5.1 -64. 24. 660. 2. 15.
69.700 2 ATTITUDE 0.793547 1.485821 0.095962
69.792 2 BAT 2686 38 36 0 1 64 64 9
69.798 2 GPS 0 0 0 0 0 0 0 0 0 0 1
69.801 2 ATTITUDE 0.793529 1.485739 0.095959
69.892 2 GPS_SOL 0 0 0 0
69.898 2 DESIRED 34.91 0.08 5.1 -64. 24. 660. 2. 15.
69.901 2 ATTITUDE 0.793491 1.485695 0.095946
69.952 2 DOWNLINK_STATUS 0 70 52996 2360 0 730. 32. 38.17
69.985 2 DL_VALUE 14 0.610865
69.988 2 IMU_ACCEL -6.882812 0.900391 -7.079102
69.992 2 ATTITUDE 0.793424 1.485623 0.095939
70.036 2 GPS 0 0 0 0 0 0 0 0 0 0 1
70.097 2 IMU_GYRO -0.024414 0.014893 -0.02124
70.100 2 WP_MOVED 7 349065. 5946015. 660. 12
70.107 2 DESIRED 34.91 0.08 5.1 -64. 24. 660. 2. 15.
70.110 2 ATTITUDE 0.793423 1.485579 0.095892
70.182 2 ESTIMATOR 0. 0.
70.185 2 ATTITUDE 0.793463 1.485469 0.095924
70.297 2 GPS 0 0 0 0 0 0 0 0 0 0 1
70.304 2 DESIRED 34.91 0.08 5.1 -64. 24. 660. 2. 15.
70.307 2 ATTITUDE 0.793554 1.485427 0.095943
70.389 2 CIRCLE 30. 100. 100.
70.394 2 NAVIGATION 4 0 0. 0. 0. 0. 0 0
70.397 2 ATTITUDE 0.793543 1.485342 0.095899
70.452 2 PONG 
70.491 2 DESIRED 34.91 0.08 5.1 -64. 24. 660. 2. 15.
70.495 2 ATTITUDE 0.79356 1.485328 0.09595
70.536 2 GPS 0 0 0 0 0 0 0 0 0 0 1
70.589 2 ENERGY 3.8 0.368 9 1.3984
70.592 2 WP_MOVED 0 348907. 5945757. 660. 12
70.595 2 ATTITUDE 0.793601 1.485347 0.095929
70.695 2 IMU_GYRO -0.022217 0.015869 -0.02002
70.697 2 ESTIMATOR 0. 0.
70.704 2 DESIRED 34.91 0.08 5.1 -64. 24. 660. 2. 15.
70.707 2 ATTITUDE 0.793569 1.485259 0.095881
70.791 2 IMU_ACCEL -6.920898 0.953125 -7.045898
70.797 2 GPS 0 0 0 0 0 0 0 0 0 0 1
70.800 2 ATTITUDE 0.793562 1.485251 0.09587
70.898 2 CALIBRATION 0. 0
70.901 2 IMU_MAG 0. 0. 0.
70.905 2 BAT 2686 38 36 0 1 65 65 9
70.911 2 DESIRED 34.91 0.08 5.1 -64. 24. 660. 2. 15.
70.914 2 ATTITUDE 0.793566 1.48522 0.095875
70.953 2 DOWNLINK_STATUS 0 71 53769 2395 0 773. 35. 37.71
70.962 2 FBW_STATUS 0 48 0 38 368
70.980 2 ATTITUDE 0.793583 1.485255 0.095851
71.036 2 GPS 0 0 0 0 0 0 0 0 0 0 1
71.092 2 WP_MOVED 1 348865. 5945715. 660. 12
71.100 2 DESIRED 34.91 0.08 5.1 -64. 24. 660. 2. 15.
71.102 2 ATTITUDE 0.793614 1.485192 0.095806
71.184 2 PPRZ_MODE 0 3 3 2 0 17
71.187 2 ESTIMATOR 0. 0.
71.190 2 ATTITUDE 0.79366 1.485147 0.095803
71.299 2 STATE_FILTER_STATUS 3 0
71.302 2 IMU_GYRO -0.022217 0.014893 -0.019043
71.308 2 GPS 0 0 0 0 0 0 0 0 0 0 1
71.315 2 DESIRED 34.91 0.08 5.1 -64. 24. 660. 2. 15.
71.318 2 ATTITUDE 0.793671 1.485141 0.095801
71.387 2 NAVIGATION 4 0 0. 0. 0. 0. 0 0
71.390 2 ATTITUDE 0.793658 1.485124 0.095846
71.430 2 CIRCLE 30. 100. 100.
71.489 2 DL_VALUE 15 7500.
71.496 2 DESIRED 34.91 0.08 5.1 -64. 24. 660. 2. 15.
71.499 2 ATTITUDE 0.793508 1.485144 0.095868
71.536 2 GPS 0 0 0 0 0 0 0 0 0 0 1
71.588 2 IMU_ACCEL -6.925781 0.953125 -7.036133
71.592 2 WP_MOVED 2 348895. 5945815. 660. 12
71.595 2 ATTITUDE 0.79343 1.485169 0.095919
71.690 2 ESTIMATOR 0. 0.
71.697 2 DESIRED 34.91 0.08 5.1 -64. 24. 660. 2. 15.
71.700 2 ATTITUDE 0.793451 1.485147 0.09588
71.791 2 NAVIGATION_REF 348865 5945715 12 605.
71.797 2 GPS 0 0 0 0 0 0 0 0 0 0 1
71.800 2 ATTITUDE 0.793461 1.485085 0.095812
71.897 2 DOWNLINK 4 754 5087
71.900 2 GPS_SOL 0 0 0 0
71.903 2 IMU_GYRO -0.022217 0.015869 -0.02124
71.910 2 DESIRED 34.91 0.08 5.1 -64. 24. 660. 2. 15.
71.913 2 ATTITUDE 0.793463 1.485092 0.095769
71.954 2 DOWNLINK_STATUS 0 72 54531 2430 0 762. 35. 37.71
71.991 2 ALIVE |216,127,29,252,243,243,98,124,94,61,214,251,168,39,118,87|
71.994 2 BAT 2686 38 36 0 1 66 66 9
71.997 2 ATTITUDE 0.793423 1.485063 0.095763
72.036 2 GPS 0 0 0 0 0 0 0 0 0 0 1
72.093 2 WP_MOVED 3 348965.09375 5945786. 660. 12
72.100 2 DESIRED 34.91 0.08 5.1 -64. 24. 660. 2. 15.
72.102 2 ATTITUDE 0.793455 1.485018 0.095766
72.186 2 IMU_MAG 0. 0. 0.
72.189 2 ESTIMATOR 0. 0.
72.192 2 ATTITUDE 0.793451 1.484961 0.095782
72.297 2 GPS 0 0 0 0 0 0 0 0 0 0 1
72.304 2 DESIRED 34.91 0.08 5.1 -64. 24. 660. 2. 15.
72.307 2 ATTITUDE 0.793496 1.484854 0.095814
72.390 2 NAVIGATION 4 0 0. 0. 0. 0. 0 0
72.394 2 IMU_ACCEL -6.935547 0.948242 -7.055664
72.397 2 ATTITUDE 0.793473 1.484779 0.095782
72.496 2 CIRCLE 30. 100. 100.
72.499 2 IMU_GYRO -0.023193 0.013672 -0.02002
72.505 2 DESIRED 34.91 0.08 5.1 -64. 24. 660. 2. 15.
72.509 2 ATTITUDE 0.793478 1.484758 0.095751
72.536 2 GPS 0 0 0 0 0 0 0 0 0 0 1
72.585 2 WP_MOVED 4 348764.6875 5945795. 660. 12
72.588 2 ATTITUDE 0.793432 1.484703 0.095778
72.691 2 ESTIMATOR 0. 0.
72.697 2 DESIRED 34.91 0.08 5.1 -64. 24. 660. 2. 15.
72.700 2 ATTITUDE 0.793419 1.48471 0.095784
72.790 2 GPS 0 0 0 0 0 0 0 0 0 0 1
72.792 2 ATTITUDE 0.793405 1.484667 0.095781
72.891 2 DESIRED 34.91 0.08 5.1 -64. 24. 660. 2. 15.
72.894 2 ATTITUDE 0.793356 1.484623 0.095781
72.955 2 DOWNLINK_STATUS 0 73 55243 2460 0 712. 30. 37.71
72.961 2 FBW_STATUS 0 49 0 38 368
72.989 2 ENERGY 3.8 0.368 9 1.3984
72.990 2 CALIBRATION 0. 0
72.993 2 DL_VALUE 16 1250.
72.996 2 ATTITUDE 0.793292 1.484608 0.095835
73.036 2 GPS 0 0 0 0 0 0 0 0 0 0 1
73.101 2 BAT 2686 38 36 0 1 67 67 9
73.104 2 IMU_GYRO -0.023193 0.014893 -0.02002
73.107 2 WP_MOVED 5 348740. 5945760. 660. 12
73.115 2 DESIRED 34.91 0.08 5.1 -64. 24. 660. 2. 15.
73.117 2 ATTITUDE 0.793293 1.484666 0.095856
73.186 2 IMU_ACCEL -6.902344 0.97168 -7.021484
73.189 2 ESTIMATOR 0. 0.
73.192 2 ATTITUDE 0.793269 1.484662 0.0959
73.297 2 GPS 0 0 0 0 0 0 0 0 0 0 1
73.304 2 DESIRED 34.91 0.08 5.1 -64. 24. 660. 2. 15.
73.307 2 ATTITUDE 0.793312 1.484617 0.095893
73.387 2 NAVIGATION 4 0 0. 0. 0. 0. 0 0
73.390 2 ATTITUDE 0.793286 1.48458 0.095959
73.492 2 STATE_FILTER_STATUS 3 0
73.495 2 IMU_MAG 0. 0. 0.
73.502 2 DESIRED 34.91 0.08 5.1 -64. 24. 660. 2. 15.
73.505 2 ATTITUDE 0.793301 1.484565 0.095982
73.537 2 CIRCLE 30. 100. 100.
73.543 2 GPS 0 0 0 0 0 0 0 0 0 0 1
73.585 2 WP_MOVED 6 348665. 5945815. 660. 12
73.588 2 ATTITUDE 0.793308 1.484496 0.095986
73.695 2 IMU_GYRO -0.023193 0.014893 -0.02124
73.697 2 ESTIMATOR 0. 0.
73.704 2 DESIRED 34.91 0.08 5.1 -64. 24. 660. 2. 15.
73.707 2 ATTITUDE 0.793314 1.484404 0.095966
73.764 2 ACTUATORS |1279,1003,1100,1699,1301,1500|
73.790 2 GPS 0 0 0 0 0 0 0 0 0 0 1
73.793 2 ATTITUDE 0.79331 1.484358 0.095956
73.864 2 COMMANDS |2686,-14,14,-9548,0,-9548|
