4.234 2 STATE_FILTER_STATUS 3 0
4.241 2 DESIRED 34.91 0.7 0. 0. 0. 655. 0. 15.
4.244 2 ATTITUDE 0.935825 1.578227 0.101504
4.281 2 GPS 0 0 0 0 0 0 0 0 0 0 1
4.331 2 CALIBRATION 0. 0
4.335 2 WP_MOVED 6 348665. 5945815. 660. 12
4.337 2 ATTITUDE 0.935808 1.578089 0.10153
4.440 2 IMU_GYRO -0.023193 0.015869 -0.02124
4.442 2 ESTIMATOR 0. 0.
4.449 2 DESIRED 34.91 0.7 0. 0. 0. 655. 0. 15.
4.452 2 ATTITUDE 0.935821 1.577999 0.101499
4.536 2 GPS 0 0 0 0 0 0 0 0 0 0 1
4.538 2 ATTITUDE 0.935807 1.577861 0.101544
4.637 2 GPS_SOL 0 0 0 0
4.644 2 DESIRED 34.91 0.7 0. 0. 0. 655. 0. 15.
4.646 2 ATTITUDE 0.93586 1.577755 0.101557
4.729 2 IMU_ACCEL -5.876953 1.053711 -7.999023
4.732 2 ATTITUDE 0.935848 1.577682 0.101583
4.781 2 GPS 0 0 0 0 0 0 0 0 0 0 1
4.838 2 WP_MOVED 7 349065. 5946015. 660. 12
4.845 2 DESIRED 34.91 0.7 0. 0. 0. 655. 0. 15.
4.848 2 ATTITUDE 0.935866 1.5776 0.101599
4.933 2 BAT 2126 38 27 0 1 398 398 2
4.936 2 ESTIMATOR 0. 0.
4.939 2 ATTITUDE 0.935863 1.577482 0.101588
5.023 2 DOWNLINK_STATUS 0 5 3698 163 0 708. 31. 0.
5.044 2 IMU_GYRO -0.023193 0.018066 -0.02124
5.050 2 GPS 0 0 0 0 0 0 0 0 0 0 1
5.057 2 DESIRED 34.91 0.7 0. 0. 0. 655. 0. 15.
5.060 2 ATTITUDE 0.935796 1.57733 0.10161
5.132 2 NAVIGATION 5 1 0. 0. 0. 0. 0 0
5.135 2 ATTITUDE 0.935795 1.57721 0.101604
5.235 2 DL_VALUE 21 0.1
5.241 2 DESIRED 34.91 0.7 0. 0. 0. 655. 0. 15.
5.245 2 ATTITUDE 0.935808 1.577114 0.1016
5.281 2 GPS 0 0 0 0 0 0 0 0 0 0 1
5.330 2 WP_MOVED 0 348907. 5945757. 660. 12
5.333 2 ATTITUDE 0.935829 1.577006 0.101677
5.441 2 IMU_MAG 0. 0. 0.
5.443 2 ESTIMATOR 0. 0.
5.450 2 DESIRED 34.91 0.7 0. 0. 0. 655. 0. 15.
5.453 2 ATTITUDE 0.93582 1.576926 0.101695
5.509 2 ACTUATORS |1221,1003,1472,1699,1301,1500|
5.537 2 IMU_ACCEL -5.944336 1.029297 -8.013672
5.543 2 GPS 0 0 0 0 0 0 0 0 0 0 1
5.546 2 ATTITUDE 0.935822 1.576807 0.10169
5.569 2 PONG 
5.609 2 COMMANDS |2126,-14,14,-9548,0,-9548|
5.638 2 IMU_GYRO -0.022217 0.014893 -0.022217
5.645 2 DESIRED 34.91 0.7 0. 0. 0. 655. 0. 15.
5.648 2 ATTITUDE 0.935864 1.576705 0.101718
5.707 2 FBW_STATUS 0 46 0 38 277
5.725 2 ATTITUDE 0.935829 1.576601 0.101733
5.781 2 GPS 0 0 0 0 0 0 0 0 0 0 1
5.839 2 WP_MOVED 1 348865. 5945715. 660. 12
5.845 2 DESIRED 34.91 0.7 0. 0. 0. 655. 0. 15.
5.847 2 ATTITUDE 0.935807 1.576468 0.101728
5.927 2 ESTIMATOR 0. 0.
5.931 2 ATTITUDE 0.935785 1.576332 0.101696
6.024 2 DOWNLINK_STATUS 0 6 4436 196 0 738. 33. 47.69
6.045 2 BAT 2126 38 27 0 0 0 0 2
6.051 2 GPS 0 0 0 0 0 0 0 0 0 0 1
6.058 2 DESIRED 34.91 0.7 0. 0. 0. 655. 0. 15.
6.061 2 ATTITUDE 0.935771 1.576228 0.101648
6.135 2 ENERGY 3.8 0.277 2 1.0526
6.140 2 NAVIGATION 6 1 0. 0. 0. 0. 0 0
6.143 2 ATTITUDE 0.935797 1.576174 0.101619
6.237 2 IMU_GYRO -0.022217 0.016846 -0.022217
6.244 2 DESIRED 34.91 0.7 0. 0. 0. 655. 0. 15.
6.247 2 ATTITUDE 0.935782 1.576054 0.101624
6.281 2 GPS 0 0 0 0 0 0 0 0 0 0 1
6.334 2 IMU_ACCEL -5.896484 1.029297 -8.003906
6.337 2 WP_MOVED 2 348895. 5945815. 660. 12
6.340 2 ATTITUDE 0.935739 1.575957 0.10162
6.439 2 STATE_FILTER_STATUS 3 0
6.441 2 CALIBRATION 0. 0
6.444 2 ESTIMATOR 0. 0.
6.450 2 DESIRED 34.91 0.7 0. 0. 0. 655. 0. 15.
6.454 2 ATTITUDE 0.935706 1.575897 0.101599
6.535 2 GPS 0 0 0 0 0 0 0 0 0 0 1
6.538 2 ATTITUDE 0.935754 1.575789 0.101592
6.636 2 GPS_SOL 0 0 0 0
6.644 2 DESIRED 34.91 0.7 5.1 -64. 24. 660. 2. 15.
6.646 2 ATTITUDE 0.93582 1.575707 0.101599
6.731 2 DL_VALUE 22 0.
6.733 2 IMU_MAG 0. 0. 0.
6.737 2 ATTITUDE 0.935822 1.575654 0.101634
6.781 2 GPS 0 0 0 0 0 0 0 0 0 0 1
6.842 2 IMU_GYRO -0.022217 0.014893 -0.022217
6.846 2 WP_MOVED 3 348965.09375 5945786. 660. 12
6.852 2 DESIRED 34.91 0.7 5.1 -64. 24. 660. 2. 15.
6.855 2 ATTITUDE 0.935814 1.575566 0.101613
6.927 2 ESTIMATOR 0. 0.
6.930 2 ATTITUDE 0.935835 1.575471 0.101581
6.975 2 CIRCLE 30. 100. 100.
7.025 2 DOWNLINK_STATUS 0 7 5211 231 0 775. 35. 47.69
7.043 2 GPS 0 0 0 0 0 0 0 0 0 0 1
7.049 2 DESIRED 34.91 0.7 5.1 -64. 24. 660. 2. 15.
7.053 2 ATTITUDE 0.935806 1.575384 0.101622
7.140 2 BAT 2126 38 27 0 1 1 1 2
7.144 2 NAVIGATION 4 0 0. 0. 0. 0. 0 0
7.147 2 IMU_ACCEL -5.896484 1.019531 -8.027344
7.150 2 ATTITUDE 0.935814 1.575282 0.10166
7.238 2 DESIRED 34.91 0.7 5.1 -64. 24. 660. 2. 15.
7.240 2 ATTITUDE 0.935825 1.575229 0.101686
7.281 2 GPS 0 0 0 0 0 0 0 0 0 0 1
7.330 2 WP_MOVED 4 348764.6875 5945795. 660. 12
7.333 2 ATTITUDE 0.935829 1.575091 0.101755
7.442 2 PPRZ_MODE 0 3 3 2 0 17
7.445 2 IMU_GYRO -0.023193 0.015869 -0.022217
7.448 2 ESTIMATOR 0. 0.
7.454 2 DESIRED 34.91 0.7 5.1 -64. 24. 660. 2. 15.
7.457 2 ATTITUDE 0.935807 1.574997 0.101816
7.535 2 GPS 0 0 0 0 0 0 0 0 0 0 1
7.538 2 ATTITUDE 0.935768 1.574879 0.101815
7.637 2 DESIRED 34.91 0.7 5.1 -64. 24. 660. 2. 15.
7.640 2 ATTITUDE 0.935867 1.574805 0.101781
7.708 2 FBW_STATUS 0 45 0 38 277
7.726 2 ATTITUDE 0.93586 1.574664 0.101809
7.781 2 GPS 0 0 0 0 0 0 0 0 0 0 1
7.838 2 WP_MOVED 5 348740. 5945760. 660. 12
7.845 2 DESIRED 34.91 0.7 5.1 -64. 24. 660. 2. 15.
7.848 2 ATTITUDE 0.935812 1.574557 0.101823
7.932 2 IMU_ACCEL -5.924805 1.024414 -7.979492
7.934 2 ESTIMATOR 0. 0.
7.937 2 ATTITUDE 0.935759 1.574481 0.101801
8.026 2 DOWNLINK_STATUS 0 8 5909 261 0 698. 30. 47.69
8.048 2 IMU_MAG 0. 0. 0.
8.051 2 CIRCLE 30. 100. 100.
8.054 2 IMU_GYRO -0.023193 0.014893 -0.02124
8.060 2 GPS 0 0 0 0 0 0 0 0 0 0 1
8.066 2 DESIRED 34.91 0.7 5.1 -64. 24. 660. 2. 15.
8.133 2 NAVIGATION 4 0 0. 0. 0. 0. 0 0
8.135 2 ATTITUDE 0.935782 1.574259 0.101838
8.239 2 DL_VALUE 23 0.05
8.242 2 BAT 2126 38 27 0 1 2 2 2
8.249 2 DESIRED 34.91 0.7 5.1 -64. 24. 660. 2. 15.
8.252 2 ATTITUDE 0.935782 1.574124 0.101889
8.281 2 GPS 0 0 0 0 0 0 0 0 0 0 1
8.330 2 WP_MOVED 6 348665. 5945815. 660. 12
8.333 2 ATTITUDE 0.935769 1.574027 0.101893
8.436 2 ESTIMATOR 0. 0.
8.442 2 DESIRED 34.91 0.7 5.1 -64. 24. 660. 2. 15.
8.445 2 ATTITUDE 0.935705 1.573879 0.101941
8.543 2 NAVIGATION_REF 348865 5945715 12 605.
8.547 2 ENERGY 3.8 0.277 2 1.0526
8.549 2 CALIBRATION 0. 0
8.554 2 GPS 0 0 0 0 0 0 0 0 0 0 1
8.558 2 ATTITUDE 0.935741 1.573752 0.101952
8.641 2 STATE_FILTER_STATUS 3 0
8.644 2 GPS_SOL 0 0 0 0
8.647 2 IMU_GYRO -0.023193 0.015869 -0.02124
8.654 2 DESIRED 34.91 0.7 5.1 -64. 24. 660. 2. 15.
8.657 2 ATTITUDE 0.935762 1.57361 0.101956
8.729 2 IMU_ACCEL -5.876953 1.043945 -7.999023
8.732 2 ATTITUDE 0.935801 1.573478 0.101953
8.781 2 GPS 0 0 0 0 0 0 0 0 0 0 1
8.838 2 WP_MOVED 7 349065. 5946015. 660. 12
8.845 2 DESIRED 34.91 0.7 5.1 -64. 24. 660. 2. 15.
8.848 2 ATTITUDE 0.935746 1.573347 0.102
8.930 2 DOWNLINK 8 757 13900
8.932 2 ESTIMATOR 0. 0.
8.935 2 ATTITUDE 0.935734 1.573277 0.102063
9.026 2 DOWNLINK_STATUS 0 9 6696 297 0 787. 36. 47.69
9.047 2 ALIVE |208,36,248,224,101,86,244,175,245,208,29,161,236,74,92,16|
9.052 2 GPS 0 0 0 0 0 0 0 0 0 0 1
9.059 2 DESIRED 34.91 0.7 5.1 -64. 24. 660. 2. 15.
9.061 2 ATTITUDE 0.935773 1.573163 0.102079
9.075 2 CIRCLE 30. 100. 100.
9.132 2 NAVIGATION 4 0 0. 0. 0. 0. 0 0
9.135 2 ATTITUDE 0.935722 1.573063 0.1021
9.237 2 IMU_GYRO -0.024414 0.015869 -0.022217
9.244 2 DESIRED 34.91 0.7 5.1 -64. 24. 660. 2. 15.
9.246 2 ATTITUDE 0.935713 1.572948 0.102154
9.281 2 GPS 0 0 0 0 0 0 0 0 0 0 1
9.337 2 IMU_MAG 0. 0. 0.
9.341 2 BAT 2126 38 27 0 1 3 3 3
9.345 2 WP_MOVED 0 348907. 5945757. 660. 12
9.348 2 ATTITUDE 0.935675 1.572838 0.102205
9.435 2 ESTIMATOR 0. 0.
9.442 2 DESIRED 34.91 0.7 5.1 -64. 24. 660. 2. 15.
9.445 2 ATTITUDE 0.935603 1.572742 0.102204
9.536 2 IMU_ACCEL -5.891602 1.024414 -8.032227
9.542 2 GPS 0 0 0 0 0 0 0 0 0 0 1
9.545 2 ATTITUDE 0.93561 1.572662 0.102214
9.637 2 DESIRED 34.91 0.7 5.1 -64. 24. 660. 2. 15.
9.640 2 ATTITUDE 0.935609 1.57255 0.102165
9.707 2 FBW_STATUS 0 48 0 38 277
9.726 2 DL_VALUE 24 0.
9.729 2 ATTITUDE 0.935641 1.57248 0.10216
9.781 2 GPS 0 0 0 0 0 0 0 0 0 0 1
9.842 2 IMU_GYRO -0.023193 0.016846 -0.022217
9.845 2 WP_MOVED 1 348865. 5945715. 660. 12
9.852 2 DESIRED 34.91 0.7 5.1 -64. 24. 660. 2. 15.
9.855 2 ATTITUDE 0.935646 1.572393 0.102135
9.928 2 ESTIMATOR 0. 0.
9.931 2 ATTITUDE 0.93559 1.572265 0.102147
10.026 2 DOWNLINK_STATUS 0 10 7452 330 0 756. 33. 47.69
10.043 2 GPS 0 0 0 0 0 0 0 0 0 0 1
10.050 2 DESIRED 34.91 0.7 5.1 -64. 24. 660. 2. 15.
10.053 2 ATTITUDE 0.935573 1.572179 0.102155
10.135 2 CIRCLE 30. 100. 100.
10.139 2 NAVIGATION 4 0 0. 0. 0. 0. 0 0
10.143 2 ATTITUDE 0.935603 1.572049 0.102165
10.237 2 DESIRED 34.91 0.7 5.1 -64. 24. 660. 2. 15.
10.240 2 ATTITUDE 0.935585 1.571964 0.102147
10.281 2 GPS 0 0 0 0 0 0 0 0 0 0 1
10.334 2 IMU_ACCEL -5.900391 1.048828 -7.984375
10.337 2 WP_MOVED 2 348895. 5945815. 660. 12
10.340 2 ATTITUDE 0.935532 1.571835 0.102184
10.446 2 BAT 2126 38 27 0 1 4 4 3
10.448 2 IMU_GYRO -0.023193 0.015869 -0.02124
10.451 2 ESTIMATOR 0. 0.
10.457 2 DESIRED 34.91 0.7 5.1 -64. 24. 660. 2. 15.
10.461 2 ATTITUDE 0.935557 1.571723 0.102188
10.508 2 ACTUATORS |1221,1003,1472,1699,1301,1500|
10.535 2 GPS 0 0 0 0 0 0 0 0 0 0 1
10.538 2 ATTITUDE 0.935559 1.571628 0.10219
10.565 2 PONG 
10.609 2 COMMANDS |2126,-42,14,-9548,0,-9548|
10.642 2 CALIBRATION 0. 0
10.645 2 GPS_SOL 0 0 0 0
10.648 2 IMU_MAG 0. 0. 0.
10.654 2 DESIRED 34.91 0.7 5.1 -64. 24. 660. 2. 15.
10.658 2 ATTITUDE 0.935582 1.571511 0.102202
10.725 2 ATTITUDE 0.935595 1.571411 0.102223
10.781 2 GPS 0 0 0 0 0 0 0 0 0 0 1
10.838 2 STATE_FILTER_STATUS 3 0
10.841 2 WP_MOVED 3 348965.09375 5945786. 660. 12
10.848 2 DESIRED 34.91 0.7 5.1 -64. 24. 660. 2. 15.
10.851 2 ATTITUDE 0.935624 1.571319 0.102253
10.933 2 ENERGY 3.8 0.277 3 1.0526
10.935 2 ESTIMATOR 0. 0.
10.938 2 ATTITUDE 0.935601 1.571214 0.102251
11.026 2 DOWNLINK_STATUS 0 11 8242 366 0 790. 36. 43.46
11.044 2 IMU_GYRO -0.022217 0.015869 -0.022217
11.050 2 GPS 0 0 0 0 0 0 0 0 0 0 1
11.057 2 DESIRED 34.91 0.7 5.1 -64. 24. 660. 2. 15.
11.060 2 ATTITUDE 0.935616 1.571119 0.102246
11.136 2 NAVIGATION 4 0 0. 0. 0. 0. 0 0
11.138 2 IMU_ACCEL -5.867188 1.053711 -7.974609
11.141 2 ATTITUDE 0.935578 1.571007 0.102297
11.175 2 CIRCLE 30. 100. 100.
11.235 2 DL_VALUE 25 1.000074
11.241 2 DESIRED 34.91 0.7 5.1 -64. 24. 660. 2. 15.
11.245 2 ATTITUDE 0.935576 1.570879 0.102342
11.281 2 GPS 0 0 0 0 0 0 0 0 0 0 1
11.330 2 WP_MOVED 4 348764.6875 5945795. 660. 12
11.333 2 ATTITUDE 0.935558 1.57076 0.102359
11.435 2 ESTIMATOR 0. 0.
11.443 2 DESIRED 34.91 0.7 5.1 -64. 24. 660. 2. 15.
11.445 2 ATTITUDE 0.935645 1.570688 0.102345
11.537 2 BAT 2126 38 27 0 1 6 6 3
11.543 2 GPS 0 0 0 0 0 0 0 0 0 0 1
11.546 2 ATTITUDE 0.935604 1.570589 0.102389
11.637 2 IMU_GYRO -0.022217 0.016846 -0.02124
11.643 2 DESIRED 34.91 0.7 5.1 -64. 24. 660. 2. 15.
11.647 2 ATTITUDE 0.935618 1.570492 0.102415
11.707 2 FBW_STATUS 0 47 0 38 277
11.725 2 ATTITUDE 0.935581 1.5704 0.102432
11.781 2 GPS 0 0 0 0 0 0 0 0 0 0 1
11.837 2 WP_MOVED 5 348740. 5945760. 660. 12
11.844 2 DESIRED 34.91 0.7 5.1 -64. 24. 660. 2. 15.
11.847 2 ATTITUDE 0.935524 1.570289 0.102478
11.936 2 IMU_MAG 0. 0. 0.
11.939 2 IMU_ACCEL -5.93457 1.048828 -7.969727
11.941 2 ESTIMATOR 0. 0.
11.944 2 ATTITUDE 0.935541 1.570186 0.102508
12.027 2 DOWNLINK_STATUS 0 12 8993 399 0 751. 33. 43.46
12.043 2 GPS 0 0 0 0 0 0 0 0 0 0 1
12.050 2 DESIRED 34.91 0.7 5.1 -64. 24. 660. 2. 15.
12.053 2 ATTITUDE 0.93551 1.570094 0.102512
12.132 2 NAVIGATION 4 0 0. 0. 0. 0. 0 0
12.135 2 ATTITUDE 0.935517 1.569982 0.102568
12.241 2 CIRCLE 30. 100. 100.
12.244 2 IMU_GYRO -0.022217 0.016846 -0.02124
12.251 2 DESIRED 34.91 0.7 5.1 -64. 24. 660. 2. 15.
12.254 2 ATTITUDE 0.935507 1.569841 0.102575
12.281 2 GPS 0 0 0 0 0 0 0 0 0 0 1
12.331 2 PPRZ_MODE 0 3 3 2 0 17
12.335 2 WP_MOVED 6 348665. 5945815. 660. 12
12.338 2 ATTITUDE 0.935519 1.569745 0.102562
12.435 2 ESTIMATOR 0. 0.
12.442 2 DESIRED 34.91 0.7 5.1 -64. 24. 660. 2. 15.
12.444 2 ATTITUDE 0.935502 1.569666 0.102552
12.534 2 GPS 0 0 0 0 0 0 0 0 0 0 1
12.537 2 ATTITUDE 0.935466 1.569574 0.102545
12.641 2 GPS_SOL 0 0 0 0
12.644 2 BAT 2126 37 27 0 1 7 7 3
12.652 2 DESIRED 34.91 0.7 5.1 -64. 24. 660. 2. 15.
12.654 2 ATTITUDE 0.935441 1.569525 0.102525
12.732 2 CALIBRATION 0. 0
12.734 2 DL_VALUE 26 0.298451
12.737 2 IMU_ACCEL -5.896484 1.03418 -7.951172
12.740 2 ATTITUDE 0.935447 1.569429 0.102573
12.780 2 GPS 0 0 0 0 0 0 0 0 0 0 1
12.841 2 IMU_GYRO -0.022217 0.015869 -0.02124
12.845 2 WP_MOVED 7 349065. 5946015. 660. 12
12.851 2 DESIRED 34.91 0.7 5.1 -64. 24. 660. 2. 15.
12.854 2 ATTITUDE 0.935452 1.569311 0.102588
12.927 2 ESTIMATOR 0. 0.
12.930 2 ATTITUDE 0.935447 1.569185 0.102624
13.028 2 DOWNLINK_STATUS 0 13 9733 432 0 740. 33. 43.46
13.040 2 STATE_FILTER_STATUS 3 0
13.046 2 GPS 0 0 0 0 0 0 0 0 0 0 1
13.053 2 DESIRED 34.91 0.7 5.1 -64. 24. 660. 2. 15.
13.056 2 ATTITUDE 0.935481 1.569064 0.102606
13.132 2 NAVIGATION 4 0 0. 0. 0. 0. 0 0
13.135 2 ATTITUDE 0.935491 1.568973 0.102626
13.237 2 IMU_MAG 0. 0. 0.
13.244 2 DESIRED 34.91 0.7 5.1 -64. 24. 660. 2. 15.
13.247 2 ATTITUDE 0.935447 1.568916 0.102636
13.282 2 CIRCLE 30. 100. 100.
13.288 2 GPS 0 0 0 0 0 0 0 0 0 0 1
13.334 2 ENERGY 3.8 0.277 3 1.0526
13.338 2 WP_MOVED 0 348907. 5945757. 660. 12
13.341 2 ATTITUDE 0.935465 1.56878 0.102589
13.440 2 IMU_GYRO -0.022217 0.015869 -0.022217
13.443 2 ESTIMATOR 0. 0.
13.449 2 DESIRED 34.91 0.7 5.1 -64. 24. 660. 2. 15.
13.452 2 ATTITUDE 0.935494 1.568685 0.102663
13.536 2 IMU_ACCEL -5.891602 1.067383 -8.008789
13.542 2 GPS 0 0 0 0 0 0 0 0 0 0 1
13.545 2 ATTITUDE 0.935451 1.568578 0.102669
13.637 2 DESIRED 34.91 0.7 5.1 -64. 24. 660. 2. 15.
13.640 2 ATTITUDE 0.935438 1.568478 0.102713
13.711 2 FBW_STATUS 0 50 0 38 277
13.730 2 BAT 2126 38 27 0 1 8 8 3
13.733 2 ATTITUDE 0.935456 1.568349 0.102732
13.780 2 GPS 0 0 0 0 0 0 0 0 0 0 1
13.837 2 WP_MOVED 1 348865. 5945715. 660. 12
13.844 2 DESIRED 34.91 0.7 5.1 -64. 24. 660. 2. 15.
13.847 2 ATTITUDE 0.93545 1.568241 0.10271
13.927 2 ESTIMATOR 0. 0.
13.930 2 ATTITUDE 0.935443 1.568103 0.102724
14.029 2 DOWNLINK_STATUS 0 14 10466 464 0 733. 32. 43.46
14.045 2 DOWNLINK 8 747 14070
14.048 2 IMU_GYRO -0.022217 0.015869 -0.022217
14.054 2 GPS 0 0 0 0 0 0 0 0 0 0 1
14.060 2 DESIRED 34.91 0.7 5.1 -64. 24. 660. 2. 15.
14.063 2 ATTITUDE 0.935429 1.567981 0.102724
14.136 2 ALIVE |208,36,248,224,101,86,244,175,245,208,29,161,236,74,92,16|
14.141 2 NAVIGATION 4 0 0. 0. 0. 0. 0 0
14.144 2 ATTITUDE 0.935472 1.567882 0.102673
14.234 2 DL_VALUE 27 1.
14.241 2 DESIRED 34.91 0.7 5.1 -64. 24. 660. 2. 15.
14.244 2 ATTITUDE 0.935533 1.567748 0.102717
14.281 2 GPS 0 0 0 0 0 0 0 0 0 0 1
14.337 2 CIRCLE 30. 100. 100.
14.340 2 IMU_ACCEL -5.900391 1.024414 -7.984375
14.344 2 WP_MOVED 2 348895. 5945815. 660. 12
14.347 2 ATTITUDE 0.93554 1.567651 0.10274
14.436 2 ESTIMATOR 0. 0.
14.442 2 DESIRED 34.91 0.7 5.1 -64. 24. 660. 2. 15.
14.445 2 ATTITUDE 0.935549 1.567532 0.102726
14.460 2 WIND_INFO 2 42 0. 0. 0.
14.536 2 IMU_MAG 0. 0. 0.
14.542 2 GPS 0 0 0 0 0 0 0 0 0 0 1
14.544 2 ATTITUDE 0.935573 1.567441 0.102771
14.640 2 GPS_SOL 0 0 0 0
14.643 2 IMU_GYRO -0.023193 0.015869 -0.02124
14.650 2 DESIRED 34.91 0.7 5.1 -64. 24. 660. 2. 15.
14.652 2 ATTITUDE 0.935526 1.567314 0.102781
14.724 2 ATTITUDE 0.935552 1.567211 0.102806
14.780 2 GPS 0 0 0 0 0 0 0 0 0 0 1
14.842 2 CALIBRATION 0. 0
14.846 2 BAT 2126 37 27 0 1 9 9 3
14.850 2 WP_MOVED 3 348965.09375 5945786. 660. 12
14.856 2 DESIRED 34.91 0.7 5.1 -64. 24. 660. 2. 15.
14.859 2 ATTITUDE 0.935575 1.567113 0.102774
14.927 2 ESTIMATOR 0. 0.
14.930 2 ATTITUDE 0.935609 1.566981 0.102765
15.029 2 DOWNLINK_STATUS 0 15 11246 499 0 780. 35. 43.46
15.042 2 GPS 0 0 0 0 0 0 0 0 0 0 1
15.049 2 DESIRED 34.91 0.7 5.1 -64. 24. 660. 2. 15.
15.052 2 ATTITUDE 0.935605 1.566877 0.102763
15.135 2 NAVIGATION 4 0 0. 0. 0. 0. 0 0
15.138 2 IMU_ACCEL -5.900391 1.048828 -8.017578
15.142 2 ATTITUDE 0.935571 1.566798 0.102793
15.237 2 STATE_FILTER_STATUS 3 0
15.240 2 IMU_GYRO -0.022217 0.016846 -0.022217
15.247 2 DESIRED 34.91 0.7 5.1 -64. 24. 660. 2. 15.
15.250 2 ATTITUDE 0.935619 1.566697 0.102804
15.280 2 GPS 0 0 0 0 0 0 0 0 0 0 1
15.329 2 WP_MOVED 4 348764.6875 5945795. 660. 12
15.332 2 ATTITUDE 0.935612 1.566565 0.102779
15.375 2 CIRCLE 30. 100. 100.
15.435 2 ESTIMATOR 0. 0.
15.442 2 DESIRED 34.91 0.7 5.1 -64. 24. 660. 2. 15.
15.445 2 ATTITUDE 0.935658 1.56643 0.102737
15.508 2 ACTUATORS |1221,1003,1472,1699,1301,1500|
15.535 2 GPS 0 0 0 0 0 0 0 0 0 0 1
15.538 2 ATTITUDE 0.935652 1.566312 0.102734
15.565 2 PONG 
15.608 2 COMMANDS |2126,-14,14,-9548,0,-9548|
15.637 2 DESIRED 34.91 0.7 5.1 -64. 24. 660. 2. 15.
15.640 2 ATTITUDE 0.93565 1.566236 0.102743
15.707 2 FBW_STATUS 0 46 0 38 277
15.732 2 ENERGY 3.8 0.277 3 1.0526
15.734 2 DL_VALUE 28 0.
15.737 2 ATTITUDE 0.93561 1.56614 0.10274
15.781 2 GPS 0 0 0 0 0 0 0 0 0 0 1
15.845 2 IMU_MAG 0. 0. 0.
15.848 2 IMU_GYRO -0.023193 0.014893 -0.02124
15.852 2 WP_MOVED 5 348740. 5945760. 660. 12
15.859 2 DESIRED 34.91 0.7 5.1 -64. 24. 660. 2. 15.
15.861 2 ATTITUDE 0.935584 1.566045 0.102753
15.937 2 BAT 2126 38 27 0 1 10 10 3
15.940 2 IMU_ACCEL -5.881836 1.024414 -8.022461
15.943 2 ESTIMATOR 0. 0.
15.946 2 ATTITUDE 0.935553 1.565916 0.10276
16.030 2 DOWNLINK_STATUS 0 16 12070 537 0 824. 38. 42.31
16.043 2 GPS 0 0 0 0 0 0 0 0 0 0 1
16.050 2 DESIRED 34.91 0.7 5.1 -64. 24. 660. 2. 15.
16.053 2 ATTITUDE 0.935569 1.565828 0.102772
16.132 2 NAVIGATION 4 0 0. 0. 0. 0. 0 0
16.135 2 ATTITUDE 0.935616 1.565761 0.10278
16.237 2 DESIRED 34.91 0.7 5.1 -64. 24. 660. 2. 15.
16.239 2 ATTITUDE 0.935589 1.565691 0.102781
16.280 2 GPS 0 0 0 0 0 0 0 0 0 0 1
16.329 2 WP_MOVED 6 348665. 5945815. 660. 12
16.332 2 ATTITUDE 0.935591 1.56562 0.102781
16.444 2 CIRCLE 30. 100. 100.
16.446 2 IMU_GYRO -0.023193 0.016846 -0.02124
16.449 2 ESTIMATOR 0. 0.
16.456 2 DESIRED 34.91 0.7 5.1 -64. 24. 660. 2. 15.
16.459 2 ATTITUDE 0.935645 1.565539 0.102784
16.534 2 GPS 0 0 0 0 0 0 0 0 0 0 1
16.537 2 ATTITUDE 0.935671 1.565427 0.102811
16.636 2 GPS_SOL 0 0 0 0
16.643 2 DESIRED 34.91 0.7 5.1 -64. 24. 660. 2. 15.
16.646 2 ATTITUDE 0.935677 1.565296 0.102824
16.729 2 IMU_ACCEL -5.867188 1.024414 -8.032227
16.732 2 ATTITUDE 0.935689 1.565173 0.102794
16.780 2 GPS 0 0 0 0 0 0 0 0 0 0 1
16.838 2 WP_MOVED 7 349065. 5946015. 660. 12
16.844 2 DESIRED 34.91 0.7 5.1 -64. 24. 660. 2. 15.
16.847 2 ATTITUDE 0.935699 1.565114 0.102787
16.929 2 CALIBRATION 0. 0
16.932 2 ESTIMATOR 0. 0.
16.935 2 ATTITUDE 0.935645 1.565014 0.102808
17.031 2 DOWNLINK_STATUS 0 17 12748 566 0 678. 29. 42.31
17.049 2 BAT 2126 38 27 0 1 11 11 3
17.052 2 IMU_GYRO -0.023193 0.015869 -0.02124
17.058 2 GPS 0 0 0 0 0 0 0 0 0 0 1
17.065 2 DESIRED 34.91 0.7 5.1 -64. 24. 660. 2. 15.
17.068 2 ATTITUDE 0.935592 1.564927 0.102836
17.134 2 IMU_MAG 0. 0. 0.
17.139 2 NAVIGATION 4 0 0. 0. 0. 0. 0 0
17.142 2 ATTITUDE 0.935637 1.564807 0.102833
17.237 2 PPRZ_MODE 0 3 3 2 0 17
17.238 2 DL_VALUE 29 100.
17.246 2 DESIRED 34.91 0.7 5.1 -64. 24. 660. 2. 15.
17.249 2 ATTITUDE 0.935658 1.564704 0.102869
17.280 2 GPS 0 0 0 0 0 0 0 0 0 0 1
17.329 2 WP_MOVED 0 348907. 5945757. 660. 12
17.332 2 ATTITUDE 0.93561 1.564617 0.102838
17.436 2 STATE_FILTER_STATUS 3 0
17.438 2 ESTIMATOR 0. 0.
17.446 2 DESIRED 34.91 0.7 5.1 -64. 24. 660. 2. 15.
17.448 2 ATTITUDE 0.93559 1.564511 0.102847
17.474 2 CIRCLE 30. 100. 100.
17.540 2 NAVIGATION_REF 348865 5945715 12 605.
17.543 2 IMU_ACCEL -5.876953 1.03418 -7.984375
17.548 2 GPS 0 0 0 0 0 0 0 0 0 0 1
17.552 2 ATTITUDE 0.935612 1.564372 0.102869
17.636 2 IMU_GYRO -0.023193 0.015869 -0.02124
17.643 2 DESIRED 34.91 0.7 5.1 -64. 24. 660. 2. 15.
17.646 2 ATTITUDE 0.9356 1.564253 0.102851
17.707 2 FBW_STATUS 0 46 0 38 277
17.725 2 ATTITUDE 0.935597 1.56415 0.102879
17.780 2 GPS 0 0 0 0 0 0 0 0 0 0 1
17.837 2 WP_MOVED 1 348865. 5945715. 660. 12
17.844 2 DESIRED 34.91 0.7 5.1 -64. 24. 660. 2. 15.
17.847 2 ATTITUDE 0.935572 1.564076 0.102869
17.927 2 ESTIMATOR 0. 0.
17.930 2 ATTITUDE 0.935523 1.563988 0.102823
18.032 2 DOWNLINK_STATUS 0 18 13521 601 0 773. 35. 42.31
18.043 2 GPS 0 0 0 0 0 0 0 0 0 0 1
18.049 2 DESIRED 34.91 0.7 5.1 -64. 24. 660. 2. 15.
18.052 2 ATTITUDE 0.935519 1.563879 0.102796
18.140 2 ENERGY 3.8 0.277 3 1.0526
18.143 2 BAT 2126 38 27 0 1 12 12 3
18.148 2 NAVIGATION 4 0 0. 0. 0. 0. 0 0
18.151 2 ATTITUDE 0.935493 1.563741 0.102817
18.237 2 IMU_GYRO -0.022217 0.016846 -0.02124
18.244 2 DESIRED 34.91 0.7 5.1 -64. 24. 660. 2. 15.
18.247 2 ATTITUDE 0.935503 1.563614 0.102853
18.281 2 GPS 0 0 0 0 0 0 0 0 0 0 1
18.333 2 IMU_ACCEL -5.881836 1.000977 -7.999023
18.337 2 WP_MOVED 2 348895. 5945815. 660. 12
18.340 2 ATTITUDE 0.935525 1.563498 0.102876
18.439 2 IMU_MAG 0. 0. 0.
18.442 2 ESTIMATOR 0. 0.
18.449 2 DESIRED 34.91 0.7 5.1 -64. 24. 660. 2. 15.
18.451 2 ATTITUDE 0.93558 1.563436 0.102908
18.535 2 CIRCLE 30. 100. 100.
18.541 2 GPS 0 0 0 0 0 0 0 0 0 0 1
18.544 2 ATTITUDE 0.935667 1.563324 0.102947
18.636 2 GPS_SOL 0 0 0 0
18.643 2 DESIRED 34.91 0.7 5.1 -64. 24. 660. 2. 15.
18.646 2 ATTITUDE 0.935668 1.563182 0.102938
18.726 2 DL_VALUE 30 0.
18.729 2 ATTITUDE 0.93566 1.563067 0.102968
18.780 2 GPS 0 0 0 0 0 0 0 0 0 0 1
18.841 2 IMU_GYRO -0.023193 0.016846 -0.02124
18.844 2 WP_MOVED 3 348965.09375 5945786. 660. 12
18.851 2 DESIRED 34.91 0.7 5.1 -64. 24. 660. 2. 15.
18.855 2 ATTITUDE 0.935639 1.562931 0.102928
18.927 2 ESTIMATOR 0. 0.
18.930 2 ATTITUDE 0.935619 1.562801 0.102923
19.033 2 DOWNLINK_STATUS 0 19 14276 634 0 755. 33. 42.31
19.041 2 CALIBRATION 0. 0
19.047 2 GPS 0 0 0 0 0 0 0 0 0 0 1
19.053 2 DESIRED 34.91 0.7 5.1 -64. 24. 660. 2. 15.
19.057 2 ATTITUDE 0.935584 1.562672 0.102938
19.135 2 DOWNLINK 8 766 14244
19.140 2 NAVIGATION 4 0 0. 0. 0. 0. 0 0
19.143 2 IMU_ACCEL -5.891602 1.039062 -7.994141
19.147 2 ATTITUDE 0.93557 1.562568 0.102971
19.243 2 ALIVE |208,36,248,224,101,86,244,175,245,208,29,161,236,74,92,16|
19.247 2 BAT 2126 38 27 0 1 13 13 3
19.254 2 DESIRED 34.91 0.7 5.1 -64. 24. 660. 2. 15.
19.257 2 ATTITUDE 0.935571 1.562455 0.103033
19.281 2 GPS 0 0 0 0 0 0 0 0 0 0 1
19.330 2 WP_MOVED 4 348764.6875 5945795. 660. 12
19.333 2 ATTITUDE 0.935609 1.562362 0.103041
19.440 2 IMU_GYRO -0.024414 0.014893 -0.02124
19.441 2 ESTIMATOR 0. 0.
19.449 2 DESIRED 34.91 0.7 5.1 -64. 24. 660. 2. 15.
19.451 2 ATTITUDE 0.935571 1.562245 0.103061
19.535 2 GPS 0 0 0 0 0 0 0 0 0 0 1
19.537 2 ATTITUDE 0.935568 1.562122 0.103111
19.574 2 CIRCLE 30. 100. 100.
19.633 2 STATE_FILTER_STATUS 3 0
19.640 2 DESIRED 34.91 0.7 5.1 -64. 24. 660. 2. 15.
19.642 2 ATTITUDE 0.935596 1.561978 0.103109
19.706 2 FBW_STATUS 0 49 0 38 277
19.728 2 IMU_MAG 0. 0. 0.
19.731 2 ATTITUDE 0.935582 1.561872 0.103114
19.780 2 GPS 0 0 0 0 0 0 0 0 0 0 1
19.837 2 WP_MOVED 5 348740. 5945760. 660. 12
19.845 2 DESIRED 34.91 0.7 5.1 -64. 24. 660. 2. 15.
19.847 2 ATTITUDE 0.9356 1.561755 0.103124
19.931 2 IMU_ACCEL -5.867188 1.048828 -7.999023
19.935 2 ESTIMATOR 0. 0.
19.937 2 ATTITUDE 0.935585 1.561626 0.103123
20.033 2 DOWNLINK_STATUS 0 20 15052 669 0 776. 35. 42.31
20.044 2 IMU_GYRO -0.023193 0.016846 -0.02124
20.049 2 GPS 0 0 0 0 0 0 0 0 0 0 1
20.056 2 DESIRED 34.91 0.7 5.1 -64. 24. 660. 2. 15.
20.059 2 ATTITUDE 0.935544 1.561498 0.103139
20.132 2 NAVIGATION 4 0 0. 0. 0. 0. 0 0
20.135 2 ATTITUDE 0.935457 1.561388 0.103171
20.234 2 DL_VALUE 31 2.
20.241 2 DESIRED 34.91 0.7 5.1 -64. 24. 660. 2. 15.
20.244 2 ATTITUDE 0.935507 1.561293 0.103169
20.281 2 GPS 0 0 0 0 0 0 0 0 0 0 1
20.334 2 BAT 2126 38 27 0 1 14 14 3
20.339 2 WP_MOVED 6 348665. 5945815. 660. 12
20.341 2 ATTITUDE 0.935512 1.56124 0.103184
20.435 2 ESTIMATOR 0. 0.
20.442 2 DESIRED 34.91 0.7 5.1 -64. 24. 660. 2. 15.
20.445 2 ATTITUDE 0.935536 1.561127 0.103194
20.509 2 ACTUATORS |1221,1003,1472,1699,1301,1500|
20.537 2 ENERGY 3.8 0.277 3 1.0526
20.542 2 GPS 0 0 0 0 0 0 0 0 0 0 1
20.545 2 ATTITUDE 0.935506 1.56108 0.103175
20.568 2 PONG 
20.608 2 COMMANDS |2126,-14,14,-9548,0,-9548|
20.643 2 GPS_SOL 0 0 0 0
20.647 2 CIRCLE 30. 100. 100.
20.650 2 IMU_GYRO -0.023193 0.016846 -0.022217
20.657 2 DESIRED 34.91 0.7 5.1 -64. 24. 660. 2. 15.
20.659 2 ATTITUDE 0.935485 1.560953 0.10318
20.729 2 IMU_ACCEL -5.900391 1.019531 -7.96582
20.731 2 ATTITUDE 0.935576 1.560827 0.103198
20.780 2 GPS 0 0 0 0 0 0 0 0 0 0 1
20.837 2 WP_MOVED 7 349065. 5946015. 660. 12
20.844 2 DESIRED 34.91 0.7 5.1 -64. 24. 660. 2. 15.
20.847 2 ATTITUDE 0.935571 1.560761 0.103201
20.927 2 ESTIMATOR 0. 0.
20.930 2 ATTITUDE 0.935605 1.560591 0.10318
21.033 2 DOWNLINK_STATUS 0 21 15833 704 0 781. 35. 45.57
21.043 2 IMU_MAG 0. 0. 0.
21.049 2 GPS 0 0 0 0 0 0 0 0 0 0 1
21.056 2 DESIRED 34.91 0.7 5.1 -64. 24. 660. 2. 15.
21.059 2 ATTITUDE 0.935576 1.560478 0.103221
21.131 2 CALIBRATION 0. 0
21.135 2 NAVIGATION 4 0 0. 0. 0. 0. 0 0
21.139 2 ATTITUDE 0.935591 1.560383 0.103206
21.236 2 IMU_GYRO -0.023193 0.015869 -0.022217
21.243 2 DESIRED 34.91 0.7 5.1 -64. 24. 660. 2. 15.
21.246 2 ATTITUDE 0.935562 1.560264 0.103196
21.280 2 GPS 0 0 0 0 0 0 0 0 0 0 1
21.329 2 WP_MOVED 0 348907. 5945757. 660. 12
21.332 2 ATTITUDE 0.935636 1.560105 0.10316
21.441 2 BAT 2126 38 27 0 1 15 15 3
21.443 2 ESTIMATOR 0. 0.
21.450 2 DESIRED 34.91 0.7 5.1 -64. 24. 660. 2. 15.
21.453 2 ATTITUDE 0.935678 1.560049 0.103161
21.536 2 IMU_ACCEL -5.900391 1.03418 -7.974609
21.542 2 GPS 0 0 0 0 0 0 0 0 0 0 1
21.545 2 ATTITUDE 0.93572 1.559984 0.103163
21.637 2 DESIRED 34.91 0.7 5.1 -64. 24. 660. 2. 15.
21.640 2 ATTITUDE 0.935727 1.559852 0.103153
21.675 2 CIRCLE 30. 100. 100.
21.706 2 FBW_STATUS 0 47 0 38 277
21.727 2 DL_VALUE 32 0.
21.729 2 ATTITUDE 0.935719 1.559759 0.103168
21.781 2 GPS 0 0 0 0 0 0 0 0 0 0 1
21.841 2 STATE_FILTER_STATUS 3 0
21.844 2 IMU_GYRO -0.023193 0.015869 -0.02124
21.847 2 WP_MOVED 1 348865. 5945715. 660. 12
21.855 2 DESIRED 34.91 0.7 5.1 -64. 24. 660. 2. 15.
21.857 2 ATTITUDE 0.935741 1.559689 0.103156
21.927 2 ESTIMATOR 0. 0.
21.930 2 ATTITUDE 0.935728 1.559527 0.103197
22.034 2 DOWNLINK_STATUS 0 22 16586 738 0 753. 34. 45.57
22.042 2 GPS 0 0 0 0 0 0 0 0 0 0 1
22.048 2 DESIRED 34.91 0.7 5.1 -64. 24. 660. 2. 15.
22.052 2 ATTITUDE 0.935696 1.559443 0.103208
22.131 2 PPRZ_MODE 0 3 3 2 0 17
22.136 2 NAVIGATION 4 0 0. 0. 0. 0. 0 0
22.139 2 ATTITUDE 0.935691 1.559339 0.103227
22.236 2 DESIRED 34.91 0.7 5.1 -64. 24. 660. 2. 15.
22.239 2 ATTITUDE 0.935715 1.559265 0.103208
22.280 2 GPS 0 0 0 0 0 0 0 0 0 0 1
22.336 2 IMU_MAG 0. 0. 0.
22.340 2 IMU_ACCEL -5.924805 1.03418 -7.969727
22.343 2 WP_MOVED 2 348895. 5945815. 660. 12
22.346 2 ATTITUDE 0.935703 1.559121 0.103194
22.440 2 IMU_GYRO -0.024414 0.015869 -0.02124
22.442 2 ESTIMATOR 0. 0.
22.449 2 DESIRED 34.91 0.7 5.1 -64. 24. 660. 2. 15.
22.452 2 ATTITUDE 0.935714 1.559003 0.103182
22.537 2 BAT 2126 38 27 0 1 17 17 4
22.542 2 GPS 0 0 0 0 0 0 0 0 0 0 1
22.546 2 ATTITUDE 0.935741 1.558902 0.103217
22.636 2 GPS_SOL 0 0 0 0
22.643 2 DESIRED 34.91 0.7 5.1 -64. 24. 660. 2. 15.
22.646 2 ATTITUDE 0.935774 1.558782 0.103208
22.729 2 CIRCLE 30. 100. 100.
22.732 2 ATTITUDE 0.935781 1.55863 0.103236
22.781 2 GPS 0 0 0 0 0 0 0 0 0 0 1
22.838 2 WP_MOVED 3 348965.09375 5945786. 660. 12
22.844 2 DESIRED 34.91 0.7 5.1 -64. 24. 660. 2. 15.
22.847 2 ATTITUDE 0.935852 1.558545 0.103241
22.932 2 ENERGY 3.8 0.277 4 1.0526
22.934 2 ESTIMATOR 0. 0.
22.937 2 ATTITUDE 0.935865 1.55843 0.103256
23.035 2 DOWNLINK_STATUS 0 23 17324 770 0 738. 32. 45.57
23.043 2 IMU_GYRO -0.022217 0.015869 -0.02124
23.049 2 GPS 0 0 0 0 0 0 0 0 0 0 1
23.057 2 DESIRED 34.91 0.7 5.1 -64. 24. 660. 2. 15.
23.059 2 ATTITUDE 0.935861 1.558331 0.103308
23.135 2 NAVIGATION 4 0 0. 0. 0. 0. 0 0
23.138 2 IMU_ACCEL -5.881836 1.009766 -7.989258
23.141 2 ATTITUDE 0.935889 1.558248 0.103304
23.236 2 CALIBRATION 0. 0
23.238 2 DL_VALUE 33 0.
23.244 2 DESIRED 34.91 0.7 5.1 -64. 24. 660. 2. 15.
23.248 2 ATTITUDE 0.935879 1.558167 0.103357
23.280 2 GPS 0 0 0 0 0 0 0 0 0 0 1
23.329 2 WP_MOVED 4 348764.6875 5945795. 660. 12
23.332 2 ATTITUDE 0.935885 1.558083 0.10341
23.435 2 ESTIMATOR 0. 0.
23.441 2 DESIRED 34.91 0.7 5.1 -64. 24. 660. 2. 15.
23.445 2 ATTITUDE 0.93587 1.557974 0.10344
23.534 2 GPS 0 0 0 0 0 0 0 0 0 0 1
23.537 2 ATTITUDE 0.935857 1.557885 0.10345
23.645 2 IMU_MAG 0. 0. 0.
23.649 2 BAT 2126 38 27 0 1 18 18 4
23.652 2 IMU_GYRO -0.023193 0.015869 -0.02124
23.658 2 DESIRED 34.91 0.7 5.1 -64. 24. 660. 2. 15.
23.661 2 ATTITUDE 0.935857 1.557775 0.103451
23.707 2 FBW_STATUS 0 46 0 38 277
23.729 2 ATTITUDE 0.935773 1.55769 0.103481
23.782 2 CIRCLE 30. 100. 100.
23.787 2 GPS 0 0 0 0 0 0 0 0 0 0 1
23.838 2 WP_MOVED 5 348740. 5945760. 660. 12
23.844 2 DESIRED 34.91 0.7 5.1 -64. 24. 660. 2. 15.
23.847 2 ATTITUDE 0.935778 1.557549 0.103494
23.931 2 IMU_ACCEL -5.896484 1.039062 -8.013672
23.933 2 ESTIMATOR 0. 0.
23.937 2 ATTITUDE 0.935786 1.557408 0.103542
24.035 2 DOWNLINK_STATUS 0 24 18086 804 0 762. 34. 45.57
24.039 2 STATE_FILTER_STATUS 3 0
24.045 2 GPS 0 0 0 0 0 0 0 0 0 0 1
24.053 2 DESIRED 34.91 0.7 5.1 -64. 24. 660. 2. 15.
24.055 2 ATTITUDE 0.935765 1.557299 0.103558
24.131 2 NAVIGATION 4 0 0. 0. 0. 0. 0 0
24.134 2 ATTITUDE 0.935747 1.557181 0.103568
24.237 2 DOWNLINK 8 755 14416
24.240 2 IMU_GYRO -0.024414 0.016846 -0.022217
24.247 2 DESIRED 34.91 0.7 5.1 -64. 24. 660. 2. 15.
24.250 2 ATTITUDE 0.935771 1.557101 0.103577
24.280 2 GPS 0 0 0 0 0 0 0 0 0 0 1
24.334 2 ALIVE |208,36,248,224,101,86,244,175,245,208,29,161,236,74,92,16|
24.338 2 WP_MOVED 6 348665. 5945815. 660. 12
24.341 2 ATTITUDE 0.935782 1.557003 0.103575
24.435 2 ESTIMATOR 0. 0.
24.441 2 DESIRED 34.91 0.7 5.1 -64. 24. 660. 2. 15.
24.444 2 ATTITUDE 0.935737 1.556907 0.103556
24.460 2 WIND_INFO 2 42 0. 0. 0.
24.534 2 GPS 0 0 0 0 0 0 0 0 0 0 1
24.537 2 ATTITUDE 0.935742 1.556828 0.103505
24.636 2 GPS_SOL 0 0 0 0
24.643 2 DESIRED 34.91 0.7 5.1 -64. 24. 660. 2. 15.
24.646 2 ATTITUDE 0.93575 1.556752 0.103485
24.734 2 DL_VALUE 34 0.
24.738 2 BAT 2126 38 27 0 1 19 19 4
24.741 2 IMU_ACCEL -5.900391 1.014648 -7.994141
24.744 2 ATTITUDE 0.935762 1.556683 0.1035
24.780 2 GPS 0 0 0 0 0 0 0 0 0 0 1
24.845 2 CIRCLE 30. 100. 100.
24.848 2 IMU_GYRO -0.022217 0.015869 -0.02124
24.851 2 WP_MOVED 7 349065. 5946015. 660. 12
24.858 2 DESIRED 34.91 0.7 5.1 -64. 24. 660. 2. 15.
24.861 2 ATTITUDE 0.935715 1.556552 0.10351
24.932 2 IMU_MAG 0. 0. 0.
24.934 2 ESTIMATOR 0. 0.
24.937 2 ATTITUDE 0.93574 1.556444 0.103556
25.036 2 DOWNLINK_STATUS 0 25 18864 839 0 778. 35. 45.57
25.042 2 GPS 0 0 0 0 0 0 0 0 0 0 1
25.049 2 DESIRED 34.91 0.7 5.1 -64. 24. 660. 2. 15.
25.051 2 ATTITUDE 0.935765 1.556309 0.103506
25.132 2 NAVIGATION 4 0 0. 0. 0. 0. 0 0
25.134 2 ATTITUDE 0.935769 1.556229 0.103531
25.237 2 DESIRED 34.91 0.7 5.1 -64. 24. 660. 2. 15.
25.239 2 ATTITUDE 0.935784 1.556165 0.103489
25.280 2 GPS 0 0 0 0 0 0 0 0 0 0 1
25.335 2 ENERGY 3.8 0.277 4 1.0526
25.337 2 CALIBRATION 0. 0
25.340 2 WP_MOVED 0 348907. 5945757. 660. 12
25.344 2 ATTITUDE 0.935799 1.556075 0.103515
25.439 2 IMU_GYRO -0.023193 0.015869 -0.02124
25.442 2 ESTIMATOR 0. 0.
25.448 2 DESIRED 34.91 0.7 5.1 -64. 24. 660. 2. 15.
25.451 2 ATTITUDE 0.935871 1.556028 0.103542
25.508 2 ACTUATORS |1221,1003,1978,1697,1300,1500|
25.535 2 IMU_ACCEL -5.891602 1.024414 -7.984375
25.541 2 GPS 0 0 0 0 0 0 0 0 0 0 1
25.544 2 ATTITUDE 0.935885 1.555902 0.103594
25.568 2 PONG 
25.608 2 COMMANDS |2126,-70,6804,-9548,0,-9548|
25.636 2 DESIRED 34.91 0.7 5.1 -64. 24. 660. 2. 15.
25.639 2 ATTITUDE 0.935869 1.555837 0.103555
25.707 2 FBW_STATUS 0 49 0 38 277
25.734 2 ATTITUDE 0.935824 1.555697 0.103554
25.780 2 GPS 0 0 0 0 0 0 0 0 0 0 1
25.842 2 BAT 2126 38 27 0 1 20 20 4
25.845 2 WP_MOVED 1 348865. 5945715. 660. 12
25.852 2 DESIRED 34.91 0.7 5.1 -64. 24. 660. 2. 15.
25.855 2 ATTITUDE 0.935802 1.555551 0.103549
25.874 2 CIRCLE 30. 100. 100.
25.927 2 ESTIMATOR 0. 0.
25.930 2 ATTITUDE 0.935829 1.555453 0.103579
26.038 2 DOWNLINK_STATUS 0 26 19625 873 0 761. 34. 44.41
26.044 2 IMU_GYRO -0.023193 0.014893 -0.02124
26.049 2 GPS 0 0 0 0 0 0 0 0 0 0 1
26.056 2 DESIRED 34.91 0.7 5.1 -64. 24. 660. 2. 15.
26.059 2 ATTITUDE 0.935884 1.555398 0.1036
26.131 2 NAVIGATION 4 0 0. 0. 0. 0. 0 0
26.135 2 ATTITUDE 0.935861 1.55534 0.103578
26.238 2 STATE_FILTER_STATUS 3 0
26.240 2 DL_VALUE 35 0.
26.244 2 IMU_MAG 0. 0. 0.
26.251 2 DESIRED 34.91 0.7 5.1 -64. 24. 660. 2. 15.
26.253 2 ATTITUDE 0.935907 1.555262 0.103602
26.280 2 GPS 0 0 0 0 0 0 0 0 0 0 1
26.332 2 IMU_ACCEL -5.896484 1.043945 -7.984375
26.335 2 WP_MOVED 2 348895. 5945815. 660. 12
26.339 2 ATTITUDE 0.935913 1.55521 0.103607
26.434 2 ESTIMATOR 0. 0.
26.441 2 DESIRED 34.91 0.7 5.1 -64. 24. 660. 2. 15.
26.444 2 ATTITUDE 0.935893 1.555131 0.103617
26.535 2 NAVIGATION_REF 348865 5945715 12 605.
26.541 2 GPS 0 0 0 0 0 0 0 0 0 0 1
26.544 2 ATTITUDE 0.93587 1.555061 0.103617
26.640 2 GPS_SOL 0 0 0 0
26.643 2 IMU_GYRO -0.022217 0.015869 -0.02124
26.649 2 DESIRED 34.91 0.7 5.1 -64. 24. 660. 2. 15.
26.652 2 ATTITUDE 0.935902 1.554966 0.103627
26.731 2 ATTITUDE 0.935891 1.554876 0.10359
26.780 2 GPS 0 0 0 0 0 0 0 0 0 0 1
26.837 2 WP_MOVED 3 348965.09375 5945786. 660. 12
26.844 2 DESIRED 34.91 0.7 5.1 -64. 24. 660. 2. 15.
26.847 2 ATTITUDE 0.93587 1.554749 0.103617
26.936 2 BAT 2126 38 27 0 1 21 21 4
26.939 2 CIRCLE 30. 100. 100.
26.942 2 ESTIMATOR 0. 0.
26.945 2 ATTITUDE 0.935809 1.554636 0.103606
27.039 2 DOWNLINK_STATUS 0 27 20388 907 0 763. 34. 44.41
27.041 2 PPRZ_MODE 0 3 3 2 0 17
27.047 2 GPS 0 0 0 0 0 0 0 0 0 0 1
27.054 2 DESIRED 34.91 0.7 5.1 -64. 24. 660. 2. 15.
27.057 2 ATTITUDE 0.935816 1.554543 0.103611
27.135 2 NAVIGATION 4 0 0. 0. 0. 0. 0 0
27.138 2 IMU_ACCEL -5.900391 1.019531 -7.951172
27.141 2 ATTITUDE 0.935796 1.55442 0.103574
27.236 2 IMU_GYRO -0.02124 0.015869 -0.02124
27.243 2 DESIRED 34.91 0.7 5.1 -64. 24. 660. 2. 15.
27.245 2 ATTITUDE 0.935763 1.554345 0.103555
27.279 2 GPS 0 0 0 0 0 0 0 0 0 0 1
27.329 2 WP_MOVED 4 348764.6875 5945795. 660. 12
27.331 2 ATTITUDE 0.9358 1.554274 0.103471
27.436 2 CALIBRATION 0. 0
27.439 2 ESTIMATOR 0. 0.
27.445 2 DESIRED 34.91 0.7 5.1 -64. 24. 660. 2. 15.
27.448 2 ATTITUDE 0.935772 1.554217 0.103459
27.535 2 IMU_MAG 0. 0. 0.
27.541 2 GPS 0 0 0 0 0 0 0 0 0 0 1
27.544 2 ATTITUDE 0.935743 1.554118 0.103445
27.635 2 DESIRED 34.91 0.7 5.1 -64. 24. 660. 2. 15.
27.639 2 ATTITUDE 0.935757 1.554065 0.103465
27.706 2 FBW_STATUS 0 49 0 38 277
27.736 2 ENERGY 3.8 0.277 4 1.0526
27.736 2 DL_VALUE 36 0.
27.736 2 ATTITUDE 0.935737 1.553946 0.103471
27.780 2 GPS 0 0 0 0 0 0 0 0 0 0 1
27.840 2 IMU_GYRO -0.023193 0.015869 -0.022217
27.844 2 WP_MOVED 5 348740. 5945760. 660. 12
27.850 2 DESIRED 34.91 0.7 5.1 -64. 24. 660. 2. 15.
27.854 2 ATTITUDE 0.93574 1.553833 0.103415
27.931 2 IMU_ACCEL -5.886719 1.053711 -8.017578
27.934 2 ESTIMATOR 0. 0.
27.937 2 ATTITUDE 0.935685 1.553721 0.103386
27.974 2 CIRCLE 30. 100. 100.
28.040 2 DOWNLINK_STATUS 0 28 21161 942 0 773. 35. 44.41
28.044 2 BAT 2126 38 27 0 1 22 22 4
28.050 2 GPS 0 0 0 0 0 0 0 0 0 0 1
28.057 2 DESIRED 34.91 0.7 5.1 -64. 24. 660. 2. 15.
28.060 2 ATTITUDE 0.935695 1.553658 0.103356
28.131 2 NAVIGATION 4 0 0. 0. 0. 0. 0 0
28.134 2 ATTITUDE 0.93573 1.553538 0.10334
28.236 2 DESIRED 34.91 0.7 5.1 -64. 24. 660. 2. 15.
28.239 2 ATTITUDE 0.935774 1.553427 0.103379
28.280 2 GPS 0 0 0 0 0 0 0 0 0 0 1
28.329 2 WP_MOVED 6 348665. 5945815. 660. 12
28.332 2 ATTITUDE 0.935744 1.553312 0.103411
28.439 2 STATE_FILTER_STATUS 3 0
28.442 2 IMU_GYRO -0.022217 0.015869 -0.02124
28.444 2 ESTIMATOR 0. 0.
28.452 2 DESIRED 34.91 0.7 5.1 -64. 24. 660. 2. 15.
28.454 2 ATTITUDE 0.935784 1.553224 0.103386
28.533 2 GPS 0 0 0 0 0 0 0 0 0 0 1
28.536 2 ATTITUDE 0.935773 1.55316 0.103412
28.635 2 GPS_SOL 0 0 0 0
28.642 2 DESIRED 34.91 0.7 5.1 -64. 24. 660. 2. 15.
28.645 2 ATTITUDE 0.935769 1.553041 0.103428
28.735 2 IMU_ACCEL -5.876953 1.009766 -7.994141
28.735 2 ATTITUDE 0.935812 1.552968 0.103394
28.780 2 GPS 0 0 0 0 0 0 0 0 0 0 1
28.840 2 IMU_MAG 0. 0. 0.
28.844 2 WP_MOVED 7 349065. 5946015. 660. 12
28.850 2 DESIRED 34.91 0.7 5.1 -64. 24. 660. 2. 15.
28.853 2 ATTITUDE 0.935807 1.552901 0.103396
28.926 2 ESTIMATOR 0. 0.
28.929 2 ATTITUDE 0.935809 1.552841 0.103432
29.040 2 DOWNLINK_STATUS 0 29 21858 972 0 697. 30. 44.41
29.047 2 CIRCLE 30. 100. 100.
29.050 2 IMU_GYRO -0.023193 0.015869 -0.022217
29.056 2 GPS 0 0 0 0 0 0 0 0 0 0 1
29.063 2 DESIRED 34.91 0.7 5.1 -64. 24. 660. 2. 15.
29.066 2 ATTITUDE 0.935755 1.552753 0.103399
29.135 2 BAT 2126 38 27 0 1 23 23 4
29.139 2 NAVIGATION 4 0 0. 0. 0. 0. 0 0
29.143 2 ATTITUDE 0.935779 1.552616 0.10343
29.238 2 DL_VALUE 37 200.
29.240 2 DESIRED 34.91 0.7 5.1 -64. 24. 660. 2. 15.
29.242 2 ATTITUDE 0.93575 1.552483 0.103409
29.279 2 GPS 0 0 0 0 0 0 0 0 0 0 1
29.330 2 DOWNLINK 8 0 14590
29.333 2 WP_MOVED 0 348907. 5945757. 660. 12
29.337 2 ATTITUDE 0.935726 1.552357 0.10343
29.441 2 ALIVE |208,36,248,224,101,86,244,175,245,208,29,161,236,74,92,16|
29.443 2 ESTIMATOR 0. 0.
29.450 2 DESIRED 34.91 0.7 5.1 -64. 24. 660. 2. 15.
29.453 2 ATTITUDE 0.935682 1.552251 0.10344
29.536 2 CALIBRATION 0. 0
29.539 2 IMU_ACCEL -5.900391 1.039062 -8.008789
29.545 2 GPS 0 0 0 0 0 0 0 0 0 0 1
29.548 2 ATTITUDE 0.935704 1.552142 0.103413
29.636 2 IMU_GYRO -0.024414 0.015869 -0.02124
29.643 2 DESIRED 34.91 0.7 5.1 -64. 24. 660. 2. 15.
29.645 2 ATTITUDE 0.935709 1.552007 0.103374
29.706 2 FBW_STATUS 0 48 0 38 277
29.724 2 ATTITUDE 0.935708 1.551873 0.10335
29.779 2 GPS 0 0 0 0 0 0 0 0 0 0 1
29.836 2 WP_MOVED 1 348865. 5945715. 660. 12
29.843 2 DESIRED 34.91 0.7 5.1 -64. 24. 660. 2. 15.
29.846 2 ATTITUDE 0.935699 1.55179 0.103384
29.926 2 ESTIMATOR 0. 0.
29.929 2 ATTITUDE 0.935691 1.551688 0.103409
30.040 2 DOWNLINK_STATUS 0 30 22618 1006 0 760. 34. 44.41
30.042 2 GPS 0 0 0 0 0 0 0 0 0 0 1
30.048 2 DESIRED 34.91 0.7 5.1 -64. 24. 660. 2. 15.
30.051 2 ATTITUDE 0.935749 1.551643 0.103391
30.074 2 CIRCLE 30. 100. 100.
30.138 2 ENERGY 3.8 0.277 4 1.0526
30.141 2 IMU_MAG 0. 0. 0.
30.146 2 NAVIGATION 4 0 0. 0. 0. 0. 0 0
30.149 2 ATTITUDE 0.935806 1.551559 0.10339
30.241 2 BAT 2126 38 27 0 1 24 24 4
30.244 2 IMU_GYRO -0.022217 0.014893 -0.02124
30.251 2 DESIRED 34.91 0.7 5.1 -64. 24. 660. 2. 15.
30.254 2 ATTITUDE 0.935842 1.551432 0.103398
30.280 2 GPS 0 0 0 0 0 0 0 0 0 0 1
30.332 2 IMU_ACCEL -5.905273 1.019531 -7.974609
30.336 2 WP_MOVED 2 348895. 5945815. 660. 12
30.339 2 ATTITUDE 0.935871 1.551317 0.103409
30.435 2 ESTIMATOR 0. 0.
30.441 2 DESIRED 34.91 0.7 5.1 -64. 24. 660. 2. 15.
30.444 2 ATTITUDE 0.93585 1.551226 0.10334
30.508 2 ACTUATORS |1221,1003,2089,1696,1300,1500|
30.534 2 GPS 0 0 0 0 0 0 0 0 0 0 1
30.536 2 ATTITUDE 0.935854 1.551156 0.103349
30.563 2 PONG 
30.608 2 COMMANDS |2126,-126,9436,-9548,0,-9548|
30.636 2 STATE_FILTER_STATUS 3 0
30.639 2 GPS_SOL 0 0 0 0
30.645 2 DESIRED 34.91 0.7 5.1 -64. 24. 660. 2. 15.
30.648 2 ATTITUDE 0.93587 1.551076 0.103358
30.725 2 DL_VALUE 38 0.1
30.737 2 ATTITUDE 0.935848 1.550974 0.103386
30.779 2 GPS 0 0 0 0 0 0 0 0 0 0 1
30.840 2 IMU_GYRO -0.022217 0.015869 -0.02124
30.843 2 WP_MOVED 3 348965.09375 5945786. 660. 12
30.850 2 DESIRED 34.91 0.7 5.1 -64. 24. 660. 2. 15.
30.853 2 ATTITUDE 0.935807 1.550887 0.10337
30.926 2 ESTIMATOR 0. 0.
30.929 2 ATTITUDE 0.935821 1.550821 0.103313
31.040 2 DOWNLINK_STATUS 0 31 23426 1043 0 808. 37. 39.12
31.042 2 GPS 0 0 0 0 0 0 0 0 0 0 1
31.048 2 DESIRED 34.91 0.7 5.1 -64. 24. 660. 2. 15.
31.051 2 ATTITUDE 0.9358 1.550719 0.103311
31.137 2 CIRCLE 30. 100. 100.
31.142 2 NAVIGATION 4 0 0. 0. 0. 0. 0 0
31.145 2 IMU_ACCEL -5.881836 1.03418 -7.956055
31.148 2 ATTITUDE 0.935821 1.550603 0.103323
31.241 2 DESIRED 34.91 0.7 5.1 -64. 24. 660. 2. 15.
31.241 2 ATTITUDE 0.935787 1.550495 0.103314
31.280 2 GPS 0 0 0 0 0 0 0 0 0 0 1
31.333 2 BAT 2126 38 27 0 1 25 25 4
31.337 2 WP_MOVED 4 348764.6875 5945795. 660. 12
31.340 2 ATTITUDE 0.93582 1.5504 0.103282
31.443 2 IMU_MAG 0. 0. 0.
31.446 2 IMU_GYRO -0.023193 0.014893 -0.02124
31.449 2 ESTIMATOR 0. 0.
31.455 2 DESIRED 34.91 0.7 5.1 -64. 24. 660. 2. 15.
31.458 2 ATTITUDE 0.935797 1.550244 0.103258
31.534 2 GPS 0 0 0 0 0 0 0 0 0 0 1
31.537 2 ATTITUDE 0.935751 1.550102 0.103254
31.633 2 CALIBRATION 0. 0
31.640 2 DESIRED 34.91 0.7 5.1 -64. 24. 660. 2. 15.
31.642 2 ATTITUDE 0.935718 1.550035 0.103258
31.705 2 FBW_STATUS 0 49 0 38 277
31.724 2 ATTITUDE 0.935699 1.549912 0.103223
31.779 2 GPS 0 0 0 0 0 0 0 0 0 0 1
31.838 2 WP_MOVED 5 348740. 5945760. 660. 12
31.843 2 DESIRED 34.91 0.7 5.1 -64. 24. 660. 2. 15.
31.846 2 ATTITUDE 0.935743 1.549816 0.103212
31.932 2 PPRZ_MODE 0 3 3 2 0 17
31.935 2 IMU_ACCEL -5.896484 1.029297 -8.008789
31.938 2 ESTIMATOR 0. 0.
31.941 2 ATTITUDE 0.935762 1.5497 0.10323
32.040 2 DOWNLINK_STATUS 0 32 24171 1076 0 745. 33. 39.12
32.043 2 IMU_GYRO -0.022217 0.016846 -0.02124
32.049 2 GPS 0 0 0 0 0 0 0 0 0 0 1
32.055 2 DESIRED 34.91 0.7 5.1 -64. 24. 660. 2. 15.
32.058 2 ATTITUDE 0.935756 1.549601 0.103182
32.131 2 NAVIGATION 4 0 0. 0. 0. 0. 0 0
32.134 2 ATTITUDE 0.935783 1.549515 0.103214
32.174 2 CIRCLE 30. 100. 100.
32.241 2 DL_VALUE 39 0.
32.241 2 DESIRED 34.91 0.7 5.1 -64. 24. 660. 2. 15.
32.243 2 ATTITUDE 0.935799 1.549366 0.103222
32.280 2 GPS 0 0 0 0 0 0 0 0 0 0 1
32.329 2 WP_MOVED 6 348665. 5945815. 660. 12
32.332 2 ATTITUDE 0.935805 1.549285 0.103225
32.440 2 BAT 2126 38 27 0 1 26 26 4
32.442 2 ESTIMATOR 0. 0.
32.449 2 DESIRED 34.91 0.7 5.1 -64. 24. 660. 2. 15.
32.452 2 ATTITUDE 0.935791 1.54917 0.103232
32.536 2 ENERGY 3.8 0.277 4 1.0526
32.542 2 GPS 0 0 0 0 0 0 0 0 0 0 1
32.545 2 ATTITUDE 0.935854 1.549107 0.103256
32.640 2 GPS_SOL 0 0 0 0
32.643 2 IMU_GYRO -0.022217 0.016846 -0.022217
32.650 2 DESIRED 34.91 0.7 5.1 -64. 24. 660. 2. 15.
32.653 2 ATTITUDE 0.935803 1.549013 0.10326
32.741 2 IMU_MAG 0. 0. 0.
32.741 2 IMU_ACCEL -5.862305 1.024414 -7.956055
32.741 2 ATTITUDE 0.935845 1.548894 0.103238
32.780 2 GPS 0 0 0 0 0 0 0 0 0 0 1
32.836 2 STATE_FILTER_STATUS 3 0
32.840 2 WP_MOVED 7 349065. 5946015. 660. 12
32.847 2 DESIRED 34.91 0.7 5.1 -64. 24. 660. 2. 15.
32.849 2 ATTITUDE 0.935885 1.548829 0.103223
32.926 2 ESTIMATOR 0. 0.
32.929 2 ATTITUDE 0.935905 1.548651 0.103257
33.040 2 DOWNLINK_STATUS 0 33 24935 1110 0 764. 34. 39.12
33.041 2 GPS 0 0 0 0 0 0 0 0 0 0 1
33.048 2 DESIRED 34.91 0.7 5.1 -64. 24. 660. 2. 15.
33.051 2 ATTITUDE 0.93592 1.548498 0.103286
33.131 2 NAVIGATION 4 0 0. 0. 0. 0. 0 0
33.134 2 ATTITUDE 0.935919 1.548379 0.103329
33.240 2 CIRCLE 30. 100. 100.
33.243 2 IMU_GYRO -0.022217 0.015869 -0.02124
33.249 2 DESIRED 34.91 0.7 5.1 -64. 24. 660. 2. 15.
33.252 2 ATTITUDE 0.935969 1.548339 0.103331
33.280 2 GPS 0 0 0 0 0 0 0 0 0 0 1
33.328 2 WP_MOVED 0 348907. 5945757. 660. 12
33.331 2 ATTITUDE 0.935946 1.548266 0.10332
33.434 2 ESTIMATOR 0. 0.
33.441 2 DESIRED 34.91 0.7 5.1 -64. 24. 660. 2. 15.
33.444 2 ATTITUDE 0.935921 1.548136 0.103327
33.540 2 BAT 2126 38 27 0 1 28 28 4
33.543 2 IMU_ACCEL -5.896484 1.000977 -7.999023
33.549 2 GPS 0 0 0 0 0 0 0 0 0 0 1
33.552 2 ATTITUDE 0.935906 1.548067 0.103271
33.636 2 DESIRED 34.91 0.7 5.1 -64. 24. 660. 2. 15.
33.639 2 ATTITUDE 0.935918 1.547953 0.10328
33.706 2 FBW_STATUS 0 47 0 38 277
33.727 2 CALIBRATION 0. 0
33.739 2 DL_VALUE 40 0.
33.739 2 ATTITUDE 0.935881 1.547836 0.103285
33.780 2 GPS 0 0 0 0 0 0 0 0 0 0 1
33.840 2 IMU_GYRO -0.023193 0.015869 -0.02124
33.844 2 WP_MOVED 1 348865. 5945715. 660. 12
33.851 2 DESIRED 34.91 0.7 5.1 -64. 24. 660. 2. 15.
33.853 2 ATTITUDE 0.935921 1.547722 0.103277
33.926 2 ESTIMATOR 0. 0.
33.929 2 ATTITUDE 0.935862 1.547605 0.103287
34.040 2 DOWNLINK_STATUS 0 34 25661 1142 0 726. 32. 39.12
34.042 2 IMU_MAG 0. 0. 0.
34.048 2 GPS 0 0 0 0 0 0 0 0 0 0 1
34.055 2 DESIRED 34.91 0.7 5.1 -64. 24. 660. 2. 15.
34.058 2 ATTITUDE 0.935878 1.547504 0.103316
34.130 2 NAVIGATION 4 0 0. 0. 0. 0. 0 0
34.133 2 ATTITUDE 0.935843 1.547415 0.103356
34.242 2 DESIRED 34.91 0.7 5.1 -64. 24. 660. 2. 15.
34.242 2 ATTITUDE 0.935851 1.547295 0.10335
34.281 2 CIRCLE 30. 100. 100.
34.286 2 GPS 0 0 0 0 0 0 0 0 0 0 1
34.332 2 IMU_ACCEL -5.886719 1.029297 -8.003906
34.335 2 WP_MOVED 2 348895. 5945815. 660. 12
34.338 2 ATTITUDE 0.935915 1.547206 0.103378
34.440 2 DOWNLINK 8 750 14761
34.443 2 IMU_GYRO -0.023193 0.015869 -0.02124
34.445 2 ESTIMATOR 0. 0.
34.452 2 DESIRED 34.91 0.7 5.1 -64. 24. 660. 2. 15.
34.455 2 ATTITUDE 0.936 1.547078 0.103394
34.460 2 WIND_INFO 2 42 0. 0. 0.
34.537 2 ALIVE |208,36,248,224,101,86,244,175,245,208,29,161,236,74,92,16|
34.543 2 GPS 0 0 0 0 0 0 0 0 0 0 1
34.546 2 ATTITUDE 0.93601 1.546963 0.103389
34.640 2 GPS_SOL 0 0 0 0
34.644 2 BAT 2126 38 27 0 1 29 29 4
34.650 2 DESIRED 34.91 0.7 5.1 -64. 24. 660. 2. 15.
34.653 2 ATTITUDE 0.936045 1.546879 0.103415
34.724 2 ATTITUDE 0.936028 1.546772 0.103407
34.780 2 GPS 0 0 0 0 0 0 0 0 0 0 1
34.837 2 WP_MOVED 3 348965.09375 5945786. 660. 12
34.844 2 DESIRED 34.91 0.7 5.1 -64. 24. 660. 2. 15.
34.846 2 ATTITUDE 0.936006 1.54667 0.103426
34.932 2 ENERGY 3.8 0.277 4 1.0526
34.933 2 ESTIMATOR 0. 0.
34.937 2 ATTITUDE 0.935993 1.546583 0.103397
35.042 2 DOWNLINK_STATUS 0 35 26421 1175 0 760. 33. 39.12
35.043 2 STATE_FILTER_STATUS 3 0
35.046 2 IMU_GYRO -0.023193 0.014893 -0.02124
35.052 2 GPS 0 0 0 0 0 0 0 0 0 0 1
35.058 2 DESIRED 34.91 0.7 5.1 -64. 24. 660. 2. 15.
35.061 2 ATTITUDE 0.936049 1.546459 0.103428
35.134 2 NAVIGATION 4 0 0. 0. 0. 0. 0 0
35.137 2 IMU_ACCEL -5.881836 1.03418 -8.022461
35.140 2 ATTITUDE 0.935998 1.546354 0.103442
35.240 2 DL_VALUE 41 1500.
35.240 2 DESIRED 34.91 0.7 5.1 -64. 24. 660. 2. 15.
35.243 2 ATTITUDE 0.935963 1.546248 0.103438
35.279 2 GPS 0 0 0 0 0 0 0 0 0 0 1
35.336 2 IMU_MAG 0. 0. 0.
35.339 2 CIRCLE 30. 100. 100.
35.342 2 WP_MOVED 4 348764.6875 5945795. 660. 12
35.345 2 ATTITUDE 0.935927 1.546126 0.103398
35.434 2 ESTIMATOR 0. 0.
35.441 2 DESIRED 34.91 0.7 5.1 -64. 24. 660. 2. 15.
35.444 2 ATTITUDE 0.935941 1.546046 0.103395
35.507 2 ACTUATORS |1221,1003,1473,1698,1300,1500|
35.535 2 NAVIGATION_REF 348865 5945715 12 605.
35.541 2 GPS 0 0 0 0 0 0 0 0 0 0 1
35.544 2 ATTITUDE 0.93592 1.545986 0.103418
35.568 2 PONG 
35.607 2 COMMANDS |2126,-42,28,-9548,0,-9548|
35.636 2 IMU_GYRO -0.023193 0.015869 -0.02124
35.642 2 DESIRED 34.91 0.7 5.1 -64. 24. 660. 2. 15.
35.646 2 ATTITUDE 0.935919 1.545914 0.1034
35.706 2 FBW_STATUS 0 49 0 38 277
35.729 2 BAT 2126 38 27 0 1 30 30 5
35.742 2 ATTITUDE 0.935933 1.545801 0.103434
35.780 2 GPS 0 0 0 0 0 0 0 0 0 0 1
35.838 2 CALIBRATION 0. 0
35.841 2 WP_MOVED 5 348740. 5945760. 660. 12
35.848 2 DESIRED 34.91 0.7 5.1 -64. 24. 660. 2. 15.
35.851 2 ATTITUDE 0.935922 1.545705 0.103422
35.931 2 IMU_ACCEL -5.886719 1.039062 -7.979492
35.932 2 ESTIMATOR 0. 0.
35.936 2 ATTITUDE 0.935881 1.545641 0.103434
36.042 2 GPS 0 0 0 0 0 0 0 0 0 0 1
36.042 2 DOWNLINK_STATUS 0 36 27288 1215 0 867. 40. 43.34
36.049 2 DESIRED 34.91 0.7 5.1 -64. 24. 660. 2. 15.
36.051 2 ATTITUDE 0.935903 1.545506 0.103391
36.130 2 NAVIGATION 4 0 0. 0. 0. 0. 0 0
36.134 2 ATTITUDE 0.935921 1.545411 0.103428
36.245 2 IMU_GYRO -0.022217 0.015869 -0.02124
36.245 2 DESIRED 34.91 0.7 5.1 -64. 24. 660. 2. 15.
36.245 2 ATTITUDE 0.93591 1.545336 0.103445
36.279 2 GPS 0 0 0 0 0 0 0 0 0 0 1
36.328 2 WP_MOVED 6 348665. 5945815. 660. 12
36.331 2 ATTITUDE 0.935927 1.545233 0.103463
36.373 2 CIRCLE 30. 100. 100.
36.434 2 ESTIMATOR 0. 0.
36.441 2 DESIRED 34.91 0.7 5.1 -64. 24. 660. 2. 15.
36.444 2 ATTITUDE 0.935964 1.545123 0.103442
36.533 2 GPS 0 0 0 0 0 0 0 0 0 0 1
36.536 2 ATTITUDE 0.935947 1.545018 0.103455
36.639 2 GPS_SOL 0 0 0 0
36.642 2 IMU_MAG 0. 0. 0.
36.649 2 DESIRED 34.91 0.7 5.1 -64. 24. 660. 2. 15.
36.652 2 ATTITUDE 0.935965 1.544879 0.103474
36.729 2 DL_VALUE 42 0.
36.732 2 IMU_ACCEL -5.900391 1.024414 -7.974609
36.742 2 ATTITUDE 0.935924 1.544739 0.103504
36.779 2 GPS 0 0 0 0 0 0 0 0 0 0 1
36.846 2 PPRZ_MODE 0 3 3 2 0 17
36.850 2 BAT 2126 38 27 0 1 31 31 5
36.853 2 IMU_GYRO -0.022217 0.016846 -0.02124
36.856 2 WP_MOVED 7 349065. 5946015. 660. 12
36.863 2 DESIRED 34.91 0.7 5.1 -64. 24. 660. 2. 15.
36.866 2 ATTITUDE 0.935894 1.544616 0.103472
36.926 2 ESTIMATOR 0. 0.
36.929 2 ATTITUDE 0.93589 1.544519 0.103525
37.042 2 GPS 0 0 0 0 0 0 0 0 0 0 1
37.042 2 DOWNLINK_STATUS 0 37 28035 1248 0 747. 33. 43.34
37.048 2 DESIRED 34.91 0.7 5.1 -64. 24. 660. 2. 15.
37.052 2 ATTITUDE 0.935866 1.544415 0.103517
37.131 2 NAVIGATION 4 0 0. 0. 0. 0. 0 0
37.133 2 ATTITUDE 0.935865 1.544317 0.103486
37.233 2 STATE_FILTER_STATUS 3 0
37.243 2 DESIRED 34.91 0.7 5.1 -64. 24. 660. 2. 15.
37.243 2 ATTITUDE 0.935835 1.544127 0.103542
37.279 2 GPS 0 0 0 0 0 0 0 0 0 0 1
37.332 2 ENERGY 3.8 0.277 5 1.0526
37.337 2 WP_MOVED 0 348907. 5945757. 660. 12
37.339 2 ATTITUDE 0.935846 1.543986 0.103592
37.442 2 CIRCLE 30. 100. 100.
37.445 2 IMU_GYRO -0.024414 0.015869 -0.02124
37.448 2 ESTIMATOR 0. 0.
37.454 2 DESIRED 34.91 0.7 5.1 -64. 24. 660. 2. 15.
37.457 2 ATTITUDE 0.935872 1.543851 0.103679
37.534 2 IMU_ACCEL -5.876953 1.039062 -8.008789
37.540 2 GPS 0 0 0 0 0 0 0 0 0 0 1
37.543 2 ATTITUDE 0.935862 1.543679 0.103796
37.635 2 DESIRED 34.91 0.7 5.1 -64. 24. 660. 2. 15.
37.638 2 ATTITUDE 0.935864 1.543636 0.103732
37.706 2 FBW_STATUS 0 49 0 38 277
37.724 2 ATTITUDE 0.935885 1.543492 0.103723
37.779 2 GPS 0 0 0 0 0 0 0 0 0 0 1
37.836 2 WP_MOVED 1 348865. 5945715. 660. 12
37.843 2 DESIRED 34.91 0.7 5.1 -64. 24. 660. 2. 15.
37.846 2 ATTITUDE 0.935899 1.54335 0.1037
37.936 2 CALIBRATION 0. 0
37.939 2 IMU_MAG 0. 0. 0.
37.943 2 BAT 2126 38 27 0 1 32 32 5
37.945 2 ESTIMATOR 0. 0.
37.948 2 ATTITUDE 0.935958 1.543234 0.103705
38.044 2 IMU_GYRO -0.023193 0.016846 -0.02124
38.044 2 DOWNLINK_STATUS 0 38 28764 1281 0 729. 33. 43.34
38.048 2 GPS 0 0 0 0 0 0 0 0 0 0 1
38.055 2 DESIRED 34.91 0.7 5.1 -64. 24. 660. 2. 15.
38.058 2 ATTITUDE 0.936014 1.543115 0.103687
38.131 2 NAVIGATION 4 0 0. 0. 0. 0. 0 0
38.134 2 ATTITUDE 0.936006 1.543003 0.103709
38.233 2 DL_VALUE 0 0.
38.248 2 DESIRED 34.91 0.7 5.1 -64. 24. 660. 2. 15.
38.248 2 ATTITUDE 0.935965 1.542917 0.103671
38.280 2 GPS 0 0 0 0 0 0 0 0 0 0 1
38.331 2 IMU_ACCEL -5.876953 1.03418 -7.984375
38.335 2 WP_MOVED 2 348895. 5945815. 660. 12
38.339 2 ATTITUDE 0.935989 1.542853 0.103673
38.433 2 ESTIMATOR 0. 0.
38.441 2 DESIRED 34.91 0.7 5.1 -64. 24. 660. 2. 15.
38.443 2 ATTITUDE 0.935986 1.542752 0.103699
38.473 2 CIRCLE 30. 100. 100.
38.533 2 GPS 0 0 0 0 0 0 0 0 0 0 1
38.536 2 ATTITUDE 0.936025 1.542656 0.103685
38.639 2 GPS_SOL 0 0 0 0
38.642 2 IMU_GYRO -0.023193 0.015869 -0.022217
38.648 2 DESIRED 34.91 0.7 5.1 -64. 24. 660. 2. 15.
38.652 2 ATTITUDE 0.936016 1.54252 0.10364
38.723 2 ATTITUDE 0.936052 1.542382 0.103654
38.779 2 GPS 0 0 0 0 0 0 0 0 0 0 1
38.836 2 WP_MOVED 3 348965.09375 5945786. 660. 12
38.843 2 DESIRED 34.91 0.7 5.1 -64. 24. 660. 2. 15.
38.846 2 ATTITUDE 0.936102 1.542269 0.103606
38.926 2 ESTIMATOR 0. 0.
38.929 2 ATTITUDE 0.936107 1.542192 0.103617
39.043 2 DOWNLINK_STATUS 0 39 29442 1310 0 678. 29. 43.34
39.044 2 BAT 2126 38 27 0 1 33 33 5
39.050 2 GPS 0 0 0 0 0 0 0 0 0 0 1
39.056 2 DESIRED 34.91 0.7 5.1 -64. 24. 660. 2. 15.
39.059 2 ATTITUDE 0.93609 1.542073 0.1036
39.135 2 NAVIGATION 4 0 0. 0. 0. 0. 0 0
39.138 2 IMU_ACCEL -5.905273 1.03418 -7.979492
39.141 2 ATTITUDE 0.936137 1.541954 0.103578
39.246 2 IMU_MAG 0. 0. 0.
39.246 2 IMU_GYRO -0.023193 0.015869 -0.02124
39.249 2 DESIRED 34.91 0.7 5.1 -64. 24. 660. 2. 15.
39.253 2 ATTITUDE 0.936131 1.54183 0.103631
39.280 2 GPS 0 0 0 0 0 0 0 0 0 0 1
39.329 2 WP_MOVED 4 348764.6875 5945795. 660. 12
39.331 2 ATTITUDE 0.93608 1.541727 0.103641
39.434 2 STATE_FILTER_STATUS 3 0
39.437 2 ESTIMATOR 0. 0.
39.444 2 DESIRED 34.91 0.7 5.1 -64. 24. 660. 2. 15.
39.447 2 ATTITUDE 0.936052 1.541619 0.103641
39.535 2 DOWNLINK 8 760 14934
39.538 2 CIRCLE 30. 100. 100.
39.544 2 GPS 0 0 0 0 0 0 0 0 0 0 1
39.547 2 ATTITUDE 0.936009 1.54151 0.103628
39.638 2 ALIVE |208,36,248,224,101,86,244,175,245,208,29,161,236,74,92,16|
39.645 2 DESIRED 34.91 0.7 5.1 -64. 24. 660. 2. 15.
39.647 2 ATTITUDE 0.936003 1.541412 0.103608
39.705 2 FBW_STATUS 0 47 0 38 277
39.730 2 ENERGY 3.8 0.277 5 1.0526
39.732 2 DL_VALUE 1 0.
39.735 2 ATTITUDE 0.936005 1.541347 0.103668
39.779 2 GPS 0 0 0 0 0 0 0 0 0 0 1
39.840 2 IMU_GYRO -0.023193 0.015869 -0.022217
39.844 2 WP_MOVED 5 348740. 5945760. 660. 12
39.850 2 DESIRED 34.91 0.7 5.1 -64. 24. 660. 2. 15.
39.853 2 ATTITUDE 0.935971 1.541219 0.103662
39.930 2 IMU_ACCEL -5.910156 1.03418 -7.979492
39.933 2 ESTIMATOR 0. 0.
39.936 2 ATTITUDE 0.935947 1.541091 0.103656
40.040 2 CALIBRATION 0. 0
40.043 2 DOWNLINK_STATUS 0 40 30267 1348 0 825. 38. 43.34
40.045 2 GPS 0 0 0 0 0 0 0 0 0 0 1
40.052 2 DESIRED 34.91 0.7 5.1 -64. 24. 660. 2. 15.
40.055 2 ATTITUDE 0.935937 1.540989 0.10366
40.134 2 BAT 2126 38 27 0 1 34 34 5
40.139 2 NAVIGATION 4 0 0. 0. 0. 0. 0 0
40.142 2 ATTITUDE 0.935968 1.540929 0.103707
40.235 2 DESIRED 34.91 0.7 5.1 -64. 24. 660. 2. 15.
40.243 2 ATTITUDE 0.935947 1.540837 0.103719
40.279 2 GPS 0 0 0 0 0 0 0 0 0 0 1
40.328 2 WP_MOVED 6 348665. 5945815. 660. 12
40.332 2 ATTITUDE 0.935949 1.540776 0.103716
40.439 2 IMU_GYRO -0.022217 0.015869 -0.02124
40.441 2 ESTIMATOR 0. 0.
40.448 2 DESIRED 34.91 0.7 5.1 -64. 24. 660. 2. 15.
40.451 2 ATTITUDE 0.935947 1.540666 0.10369
40.506 2 ACTUATORS |1221,1003,2089,1697,1300,1500|
40.535 2 IMU_MAG 0. 0. 0.
40.541 2 GPS 0 0 0 0 0 0 0 0 0 0 1
40.543 2 ATTITUDE 0.935973 1.540563 0.103705
40.567 2 PONG 
40.585 2 CIRCLE 30. 100. 100.
40.606 2 COMMANDS |2126,-70,9436,-9548,0,-9548|
40.635 2 GPS_SOL 0 0 0 0
40.642 2 DESIRED 34.91 0.7 5.1 -64. 24. 660. 2. 15.
40.644 2 ATTITUDE 0.936018 1.540455 0.103699
40.727 2 IMU_ACCEL -5.896484 1.009766 -8.003906
40.731 2 ATTITUDE 0.935995 1.540367 0.103714
40.779 2 GPS 0 0 0 0 0 0 0 0 0 0 1
40.836 2 WP_MOVED 7 349065. 5946015. 660. 12
40.842 2 DESIRED 34.91 0.7 5.1 -64. 24. 660. 2. 15.
40.846 2 ATTITUDE 0.93599 1.540263 0.103697
40.926 2 ESTIMATOR 0. 0.
40.929 2 ATTITUDE 0.935981 1.540165 0.103751
41.042 2 IMU_GYRO -0.023193 0.015869 -0.02124
41.043 2 DOWNLINK_STATUS 0 41 31035 1382 0 768. 34. 42.46
41.048 2 GPS 0 0 0 0 0 0 0 0 0 0 1
41.056 2 DESIRED 34.91 0.7 5.1 -64. 24. 660. 2. 15.
41.058 2 ATTITUDE 0.935992 1.540049 0.103771
41.130 2 NAVIGATION 4 0 0. 0. 0. 0. 0 0
41.133 2 ATTITUDE 0.935972 1.539946 0.103788
41.250 2 DL_VALUE 2 660.
41.250 2 BAT 2126 38 27 0 1 35 35 5
41.250 2 DESIRED 34.91 0.7 5.1 -64. 24. 660. 2. 15.
41.251 2 ATTITUDE 0.935998 1.53985 0.103782
41.279 2 GPS 0 0 0 0 0 0 0 0 0 0 1
41.328 2 WP_MOVED 0 348907. 5945757. 660. 12
41.331 2 ATTITUDE 0.936049 1.539745 0.103775
41.434 2 ESTIMATOR 0. 0.
41.441 2 DESIRED 34.91 0.7 5.1 -64. 24. 660. 2. 15.
41.444 2 ATTITUDE 0.936067 1.539682 0.103766
41.535 2 IMU_ACCEL -5.900391 1.029297 -7.984375
41.540 2 GPS 0 0 0 0 0 0 0 0 0 0 1
41.544 2 ATTITUDE 0.936023 1.539566 0.103782
41.639 2 STATE_FILTER_STATUS 3 0
41.642 2 CIRCLE 30. 100. 100.
41.645 2 IMU_GYRO -0.023193 0.015869 -0.02124
41.653 2 DESIRED 34.91 0.7 5.1 -64. 24. 660. 2. 15.
41.656 2 ATTITUDE 0.936008 1.539482 0.103767
41.705 2 FBW_STATUS 0 47 0 38 277
41.724 2 PPRZ_MODE 0 3 3 2 0 17
41.729 2 ATTITUDE 0.935993 1.539407 0.103776
41.779 2 GPS 0 0 0 0 0 0 0 0 0 0 1
41.839 2 IMU_MAG 0. 0. 0.
41.843 2 WP_MOVED 1 348865. 5945715. 660. 12
41.849 2 DESIRED 34.91 0.7 5.1 -64. 24. 660. 2. 15.
41.852 2 ATTITUDE 0.935978 1.539314 0.103775
41.925 2 ESTIMATOR 0. 0.
41.929 2 ATTITUDE 0.935937 1.539196 0.10379
42.041 2 GPS 0 0 0 0 0 0 0 0 0 0 1
42.043 2 DOWNLINK_STATUS 0 42 31804 1416 0 769. 34. 42.46
42.047 2 DESIRED 34.91 0.7 5.1 -64. 24. 660. 2. 15.
42.051 2 ATTITUDE 0.935982 1.539086 0.103815
42.136 2 ENERGY 3.8 0.277 5 1.0526
42.138 2 CALIBRATION 0. 0
42.142 2 NAVIGATION 4 0 0. 0. 0. 0. 0 0
42.145 2 ATTITUDE 0.935945 1.538967 0.103811
42.236 2 IMU_GYRO -0.022217 0.016846 -0.02124
42.247 2 DESIRED 34.91 0.7 5.1 -64. 24. 660. 2. 15.
42.247 2 ATTITUDE 0.935922 1.538875 0.103803
42.279 2 GPS 0 0 0 0 0 0 0 0 0 0 1
42.336 2 BAT 2126 38 27 0 1 36 36 5
42.340 2 IMU_ACCEL -5.857422 1.039062 -7.979492
42.343 2 WP_MOVED 2 348895. 5945815. 660. 12
42.346 2 ATTITUDE 0.935923 1.538795 0.103817
42.434 2 ESTIMATOR 0. 0.
42.440 2 DESIRED 34.91 0.7 5.1 -64. 24. 660. 2. 15.
42.443 2 ATTITUDE 0.93595 1.538672 0.1038
42.533 2 GPS 0 0 0 0 0 0 0 0 0 0 1
42.536 2 ATTITUDE 0.935996 1.538565 0.103786
42.635 2 GPS_SOL 0 0 0 0
42.642 2 DESIRED 34.91 0.7 5.1 -64. 24. 660. 2. 15.
42.645 2 ATTITUDE 0.935997 1.538446 0.103791
42.674 2 CIRCLE 30. 100. 100.
42.725 2 DL_VALUE 3 0.
42.728 2 ATTITUDE 0.935913 1.538337 0.10378
42.779 2 GPS 0 0 0 0 0 0 0 0 0 0 1
42.840 2 IMU_GYRO -0.023193 0.014893 -0.022217
42.843 2 WP_MOVED 3 348965.09375 5945786. 660. 12
42.850 2 DESIRED 34.91 0.7 5.1 -64. 24. 660. 2. 15.
42.852 2 ATTITUDE 0.935843 1.538219 0.103842
42.925 2 ESTIMATOR 0. 0.
42.928 2 ATTITUDE 0.935841 1.538105 0.103778
43.041 2 GPS 0 0 0 0 0 0 0 0 0 0 1
43.044 2 DOWNLINK_STATUS 0 43 32552 1449 0 748. 33. 42.46
43.047 2 DESIRED 34.91 0.7 5.1 -64. 24. 660. 2. 15.
43.051 2 ATTITUDE 0.935831 1.537969 0.103847
43.136 2 IMU_MAG 0. 0. 0.
43.141 2 NAVIGATION 4 0 0. 0. 0. 0. 0 0
43.144 2 IMU_ACCEL -5.891602 1.029297 -8.017578
43.147 2 ATTITUDE 0.935796 1.537847 0.103833
43.234 2 DESIRED 34.91 0.7 5.1 -64. 24. 660. 2. 15.
43.238 2 ATTITUDE 0.93586 1.537792 0.103881
43.279 2 GPS 0 0 0 0 0 0 0 0 0 0 1
43.328 2 WP_MOVED 4 348764.6875 5945795. 660. 12
43.331 2 ATTITUDE 0.935865 1.537692 0.103839
43.443 2 BAT 2126 37 27 0 1 37 37 5
43.446 2 IMU_GYRO -0.023193 0.015869 -0.022217
43.449 2 ESTIMATOR 0. 0.
43.455 2 DESIRED 34.91 0.7 5.1 -64. 24. 660. 2. 15.
43.459 2 ATTITUDE 0.935876 1.537574 0.103824
43.533 2 GPS 0 0 0 0 0 0 0 0 0 0 1
43.536 2 ATTITUDE 0.935852 1.537489 0.103819
43.635 2 DESIRED 34.91 0.7 5.1 -64. 24. 660. 2. 15.
43.638 2 ATTITUDE 0.935881 1.537399 0.103771
43.705 2 FBW_STATUS 0 48 0 38 277
43.727 2 CIRCLE 30. 100. 100.
43.731 2 ATTITUDE 0.935941 1.537309 0.103723
43.779 2 GPS 0 0 0 0 0 0 0 0 0 0 1
43.836 2 STATE_FILTER_STATUS 3 0
43.840 2 WP_MOVED 5 348740. 5945760. 660. 12
43.846 2 DESIRED 34.91 0.7 5.1 -64. 24. 660. 2. 15.
43.850 2 ATTITUDE 0.936076 1.537167 0.103731
43.931 2 IMU_ACCEL -5.905273 1.048828 -8.008789
43.932 2 ESTIMATOR 0. 0.
43.935 2 ATTITUDE 0.936106 1.537025 0.103751
44.042 2 IMU_GYRO -0.022217 0.013672 -0.022217
44.044 2 DOWNLINK_STATUS 0 44 33268 1481 0 716. 32. 42.46
44.047 2 GPS 0 0 0 0 0 0 0 0 0 0 1
44.054 2 DESIRED 34.91 0.7 5.1 -64. 24. 660. 2. 15.
44.057 2 ATTITUDE 0.936082 1.536936 0.103768
44.130 2 NAVIGATION 4 0 0. 0. 0. 0. 0 0
44.133 2 ATTITUDE 0.936002 1.536786 0.1037
44.235 2 CALIBRATION 0. 0
44.236 2 DL_VALUE 4 0.
44.256 2 DESIRED 34.91 0.7 5.1 -64. 24. 660. 2. 15.
44.256 2 ATTITUDE 0.935994 1.536715 0.103683
44.279 2 GPS 0 0 0 0 0 0 0 0 0 0 1
44.328 2 WP_MOVED 6 348665. 5945815. 660. 12
44.331 2 ATTITUDE 0.936036 1.536596 0.103665
44.438 2 IMU_MAG 0. 0. 0.
44.440 2 ESTIMATOR 0. 0.
44.447 2 DESIRED 34.91 0.7 5.1 -64. 24. 660. 2. 15.
44.450 2 ATTITUDE 0.936006 1.536526 0.103669
44.461 2 WIND_INFO 2 42 0. 0. 0.
44.543 2 NAVIGATION_REF 348865 5945715 12 605.
44.547 2 ENERGY 3.8 0.277 5 1.0526
44.550 2 BAT 2126 38 27 0 1 39 39 5
44.556 2 GPS 0 0 0 0 0 0 0 0 0 0 1
44.559 2 ATTITUDE 0.936003 1.536407 0.10366
44.640 2 DOWNLINK 8 763 15108
44.643 2 GPS_SOL 0 0 0 0
44.646 2 IMU_GYRO -0.024414 0.015869 -0.02124
44.653 2 DESIRED 34.91 0.7 5.1 -64. 24. 660. 2. 15.
44.656 2 ATTITUDE 0.93594 1.536329 0.103698
44.733 2 ALIVE |208,36,248,224,101,86,244,175,245,208,29,161,236,74,92,16|
44.736 2 IMU_ACCEL -5.900391 1.03418 -7.994141
44.739 2 ATTITUDE 0.935908 1.536165 0.103731
44.780 2 CIRCLE 30. 100. 100.
44.786 2 GPS 0 0 0 0 0 0 0 0 0 0 1
44.836 2 WP_MOVED 7 349065. 5946015. 660. 12
44.843 2 DESIRED 34.91 0.7 5.1 -64. 24. 660. 2. 15.
44.846 2 ATTITUDE 0.935912 1.53605 0.103739
44.926 2 ESTIMATOR 0. 0.
44.929 2 ATTITUDE 0.935951 1.535916 0.103722
45.041 2 GPS 0 0 0 0 0 0 0 0 0 0 1
45.045 2 DOWNLINK_STATUS 0 45 34102 1518 0 834. 37. 42.46
45.048 2 DESIRED 34.91 0.7 5.1 -64. 24. 660. 2. 15.
45.051 2 ATTITUDE 0.935984 1.535788 0.103722
45.131 2 NAVIGATION 4 0 0. 0. 0. 0. 0 0
45.133 2 ATTITUDE 0.936009 1.535664 0.103766
45.236 2 IMU_GYRO -0.023193 0.016846 -0.022217
45.242 2 DESIRED 34.91 0.7 5.1 -64. 24. 660. 2. 15.
45.249 2 ATTITUDE 0.93603 1.535551 0.103794
45.278 2 GPS 0 0 0 0 0 0 0 0 0 0 1
45.329 2 WP_MOVED 0 348907. 5945757. 660. 12
45.331 2 ATTITUDE 0.936018 1.535419 0.103773
45.433 2 ESTIMATOR 0. 0.
45.440 2 DESIRED 34.91 0.7 5.1 -64. 24. 660. 2. 15.
45.443 2 ATTITUDE 0.936046 1.535278 0.103791
45.507 2 ACTUATORS |1221,1003,1472,1698,1300,1500|
45.534 2 IMU_ACCEL -5.87207 1.039062 -8.022461
45.540 2 GPS 0 0 0 0 0 0 0 0 0 0 1
45.543 2 ATTITUDE 0.936024 1.535172 0.103838
45.567 2 PONG 
45.606 2 COMMANDS |2126,-42,14,-9548,0,-9548|
45.636 2 BAT 2126 38 27 0 1 40 40 5
45.643 2 DESIRED 34.91 0.7 5.1 -64. 24. 660. 2. 15.
45.646 2 ATTITUDE 0.936009 1.53503 0.103814
45.705 2 FBW_STATUS 0 49 0 38 277
45.728 2 DL_VALUE 5 0.
45.731 2 IMU_MAG 0. 0. 0.
45.734 2 ATTITUDE 0.936019 1.534947 0.103803
45.779 2 GPS 0 0 0 0 0 0 0 0 0 0 1
45.843 2 CIRCLE 30. 100. 100.
45.846 2 IMU_GYRO -0.023193 0.015869 -0.02124
45.850 2 WP_MOVED 1 348865. 5945715. 660. 12
45.856 2 DESIRED 34.91 0.7 5.1 -64. 24. 660. 2. 15.
45.860 2 ATTITUDE 0.936061 1.534855 0.103786
45.926 2 ESTIMATOR 0. 0.
45.929 2 ATTITUDE 0.936047 1.534724 0.10379
46.039 2 STATE_FILTER_STATUS 3 0
46.045 2 GPS 0 0 0 0 0 0 0 0 0 0 1
46.046 2 DOWNLINK_STATUS 0 46 34888 1554 0 786. 36. 41.46
46.051 2 DESIRED 34.91 0.7 5.1 -64. 24. 660. 2. 15.
46.054 2 ATTITUDE 0.936063 1.534676 0.103833
46.130 2 NAVIGATION 4 0 0. 0. 0. 0. 0 0
46.133 2 ATTITUDE 0.936082 1.534606 0.103844
46.235 2 DESIRED 34.91 0.7 5.1 -64. 24. 660. 2. 15.
46.237 2 ATTITUDE 0.936073 1.534523 0.103804
46.278 2 GPS 0 0 0 0 0 0 0 0 0 0 1
46.332 2 CALIBRATION 0. 0
46.335 2 IMU_ACCEL -5.896484 1.058594 -7.946289
46.339 2 WP_MOVED 2 348895. 5945815. 660. 12
46.342 2 ATTITUDE 0.936125 1.534402 0.103792
46.439 2 IMU_GYRO -0.022217 0.014893 -0.022217
46.441 2 ESTIMATOR 0. 0.
46.447 2 DESIRED 34.91 0.7 5.1 -64. 24. 660. 2. 15.
46.450 2 ATTITUDE 0.936124 1.534276 0.103811
46.532 2 GPS 0 0 0 0 0 0 0 0 0 0 1
46.538 2 ATTITUDE 0.936072 1.534156 0.103786
46.636 2 PPRZ_MODE 0 3 3 2 0 17
46.639 2 GPS_SOL 0 0 0 0
46.646 2 DESIRED 34.91 0.7 5.1 -64. 24. 660. 2. 15.
46.649 2 ATTITUDE 0.936096 1.534065 0.103801
46.728 2 BAT 2126 38 27 0 1 41 41 5
46.731 2 ATTITUDE 0.936086 1.533976 0.103812
46.779 2 GPS 0 0 0 0 0 0 0 0 0 0 1
46.836 2 WP_MOVED 3 348965.09375 5945786. 660. 12
46.842 2 DESIRED 34.91 0.7 5.1 -64. 24. 660. 2. 15.
46.846 2 ATTITUDE 0.936064 1.533857 0.103811
46.873 2 CIRCLE 30. 100. 100.
46.931 2 ENERGY 3.8 0.277 5 1.0526
46.933 2 ESTIMATOR 0. 0.
46.936 2 ATTITUDE 0.936096 1.533796 0.103787
47.045 2 DOWNLINK_STATUS 0 47 35586 1585 0 698. 31. 41.46
47.046 2 IMU_MAG 0. 0. 0.
47.049 2 IMU_GYRO -0.023193 0.016846 -0.02124
47.055 2 GPS 0 0 0 0 0 0 0 0 0 0 1
47.062 2 DESIRED 34.91 0.7 5.1 -64. 24. 660. 2. 15.
47.065 2 ATTITUDE 0.93615 1.533661 0.103824
47.134 2 NAVIGATION 4 0 0. 0. 0. 0. 0 0
47.137 2 IMU_ACCEL -5.905273 1.009766 -7.974609
47.140 2 ATTITUDE 0.936161 1.533546 0.103831
47.234 2 DL_VALUE 6 100.
47.238 2 DESIRED 34.91 0.7 5.1 -64. 24. 660. 2. 15.
47.241 2 ATTITUDE 0.936168 1.533473 0.103796
47.279 2 GPS 0 0 0 0 0 0 0 0 0 0 1
47.328 2 WP_MOVED 4 348764.6875 5945795. 660. 12
47.331 2 ATTITUDE 0.936153 1.533342 0.103786
47.433 2 ESTIMATOR 0. 0.
47.441 2 DESIRED 34.91 0.7 5.1 -64. 24. 660. 2. 15.
47.443 2 ATTITUDE 0.936165 1.533195 0.103767
47.532 2 GPS 0 0 0 0 0 0 0 0 0 0 1
47.535 2 ATTITUDE 0.93621 1.533094 0.10372
47.635 2 IMU_GYRO -0.023193 0.016846 -0.02002
47.641 2 DESIRED 34.91 0.7 5.1 -64. 24. 660. 2. 15.
47.644 2 ATTITUDE 0.936194 1.532997 0.103703
47.705 2 FBW_STATUS 0 49 0 38 277
47.723 2 ATTITUDE 0.936185 1.532911 0.103734
47.779 2 GPS 0 0 0 0 0 0 0 0 0 0 1
47.840 2 BAT 2126 38 27 0 1 42 42 5
47.844 2 WP_MOVED 5 348740. 5945760. 660. 12
47.850 2 DESIRED 34.91 0.7 5.1 -64. 24. 660. 2. 15.
47.853 2 ATTITUDE 0.936121 1.532796 0.103774
47.934 2 CIRCLE 30. 100. 100.
47.937 2 IMU_ACCEL -5.867188 1.029297 -8.051758
47.939 2 ESTIMATOR 0. 0.
47.942 2 ATTITUDE 0.93617 1.532684 0.103815
48.041 2 GPS 0 0 0 0 0 0 0 0 0 0 1
48.045 2 DOWNLINK_STATUS 0 48 36370 1619 0 784. 34. 41.46
48.047 2 DESIRED 34.91 0.7 5.1 -64. 24. 660. 2. 15.
48.051 2 ATTITUDE 0.936202 1.532634 0.103824
48.130 2 NAVIGATION 4 0 0. 0. 0. 0. 0 0
48.133 2 ATTITUDE 0.936173 1.532536 0.103806
48.235 2 STATE_FILTER_STATUS 3 0
48.239 2 IMU_GYRO -0.022217 0.016846 -0.02124
48.245 2 DESIRED 34.91 0.7 5.1 -64. 24. 660. 2. 15.
48.257 2 ATTITUDE 0.93611 1.532391 0.103778
48.279 2 GPS 0 0 0 0 0 0 0 0 0 0 1
48.331 2 IMU_MAG 0. 0. 0.
48.335 2 WP_MOVED 6 348665. 5945815. 660. 12
48.338 2 ATTITUDE 0.936123 1.532303 0.103752
48.436 2 CALIBRATION 0. 0
48.438 2 ESTIMATOR 0. 0.
48.445 2 DESIRED 34.91 0.7 5.1 -64. 24. 660. 2. 15.
48.448 2 ATTITUDE 0.93609 1.532164 0.103792
48.533 2 GPS 0 0 0 0 0 0 0 0 0 0 1
48.536 2 ATTITUDE 0.936106 1.532023 0.103809
48.635 2 GPS_SOL 0 0 0 0
48.642 2 DESIRED 34.91 0.7 5.1 -64. 24. 660. 2. 15.
48.644 2 ATTITUDE 0.936079 1.531936 0.103867
48.728 2 DL_VALUE 7 0.
48.731 2 IMU_ACCEL -5.891602 1.058594 -7.979492
48.734 2 ATTITUDE 0.93605 1.531864 0.103845
48.779 2 GPS 0 0 0 0 0 0 0 0 0 0 1
48.839 2 IMU_GYRO -0.023193 0.016846 -0.02124
48.842 2 WP_MOVED 7 349065. 5946015. 660. 12
48.849 2 DESIRED 34.91 0.7 5.1 -64. 24. 660. 2. 15.
48.852 2 ATTITUDE 0.936091 1.531775 0.103874
48.931 2 BAT 2126 38 27 0 1 43 43 6
48.933 2 ESTIMATOR 0. 0.
48.936 2 ATTITUDE 0.936092 1.531667 0.103919
48.973 2 CIRCLE 30. 100. 100.
49.041 2 GPS 0 0 0 0 0 0 0 0 0 0 1
49.045 2 DOWNLINK_STATUS 0 49 37125 1653 0 755. 34. 41.46
49.047 2 DESIRED 34.91 0.7 5.1 -64. 24. 660. 2. 15.
49.050 2 ATTITUDE 0.936126 1.531574 0.103937
49.130 2 NAVIGATION 4 0 0. 0. 0. 0. 0 0
49.133 2 ATTITUDE 0.936134 1.531474 0.103886
49.235 2 DESIRED 34.91 0.7 5.1 -64. 24. 660. 2. 15.
49.238 2 ATTITUDE 0.936109 1.531394 0.103893
49.279 2 GPS 0 0 0 0 0 0 0 0 0 0 1
49.332 2 ENERGY 3.8 0.277 6 1.0526
49.335 2 WP_MOVED 0 348907. 5945757. 660. 12
49.339 2 ATTITUDE 0.936164 1.531275 0.103875
49.438 2 IMU_GYRO -0.022217 0.016846 -0.02124
49.441 2 ESTIMATOR 0. 0.
49.447 2 DESIRED 34.91 0.7 5.1 -64. 24. 660. 2. 15.
49.450 2 ATTITUDE 0.936189 1.531171 0.103866
49.534 2 IMU_ACCEL -5.900391 1.03418 -7.994141
49.540 2 GPS 0 0 0 0 0 0 0 0 0 0 1
49.542 2 ATTITUDE 0.936174 1.531064 0.103854
49.635 2 IMU_MAG 0. 0. 0.
49.642 2 DESIRED 34.91 0.7 5.1 -64. 24. 660. 2. 15.
49.645 2 ATTITUDE 0.936177 1.530932 0.103888
49.704 2 FBW_STATUS 0 50 0 38 277
49.723 2 DOWNLINK 8 758 15280
49.728 2 ATTITUDE 0.93617 1.530812 0.103867
49.778 2 GPS 0 0 0 0 0 0 0 0 0 0 1
49.842 2 ALIVE |208,36,248,224,101,86,244,175,245,208,29,161,236,74,92,16|
49.844 2 WP_MOVED 1 348865. 5945715. 660. 12
49.851 2 DESIRED 34.91 0.7 5.1 -64. 24. 660. 2. 15.
49.854 2 ATTITUDE 0.936117 1.530703 0.103927
49.925 2 ESTIMATOR 0. 0.
49.928 2 ATTITUDE 0.936009 1.530556 0.103883
50.045 2 DOWNLINK_STATUS 0 50 37811 1683 0 686. 30. 41.46
50.047 2 BAT 2126 38 27 0 1 44 44 6
50.050 2 CIRCLE 30. 100. 100.
50.053 2 IMU_GYRO -0.023193 0.014893 -0.02124
50.059 2 GPS 0 0 0 0 0 0 0 0 0 0 1
50.065 2 DESIRED 34.91 0.7 5.1 -64. 24. 660. 2. 15.
50.130 2 NAVIGATION 4 0 0. 0. 0. 0. 0 0
50.133 2 ATTITUDE 0.935993 1.530334 0.103887
50.232 2 DL_VALUE 8 0.
50.239 2 DESIRED 34.91 0.7 5.1 -64. 24. 660. 2. 15.
50.242 2 ATTITUDE 0.935914 1.530165 0.103882
50.278 2 GPS 0 0 0 0 0 0 0 0 0 0 1
50.331 2 IMU_ACCEL -5.862305 1.03418 -7.974609
50.334 2 WP_MOVED 2 348895. 5945815. 660. 12
50.338 2 ATTITUDE 0.935852 1.530042 0.103839
50.434 2 STATE_FILTER_STATUS 3 0
50.437 2 ESTIMATOR 0. 0.
50.443 2 DESIRED 34.91 0.7 5.1 -64. 24. 660. 2. 15.
50.446 2 ATTITUDE 0.935795 1.529943 0.103851
50.507 2 ACTUATORS |1221,1003,1472,1699,1301,1500|
50.531 2 CALIBRATION 0. 0
50.537 2 GPS 0 0 0 0 0 0 0 0 0 0 1
50.540 2 ATTITUDE 0.93579 1.529876 0.103774
50.565 2 PONG 
50.606 2 COMMANDS |2126,-14,14,-9548,14,-9548|
50.638 2 GPS_SOL 0 0 0 0
50.641 2 IMU_GYRO -0.022217 0.015869 -0.022217
50.648 2 DESIRED 34.91 0.7 5.1 -64. 24. 660. 2. 15.
50.651 2 ATTITUDE 0.935777 1.52979 0.10373
50.723 2 ATTITUDE 0.935792 1.529683 0.103719
50.779 2 GPS 0 0 0 0 0 0 0 0 0 0 1
50.836 2 WP_MOVED 3 348965.09375 5945786. 660. 12
50.843 2 DESIRED 34.91 0.7 5.1 -64. 24. 660. 2. 15.
50.845 2 ATTITUDE 0.935777 1.529567 0.10372
50.929 2 IMU_MAG 0. 0. 0.
50.932 2 ESTIMATOR 0. 0.
50.935 2 ATTITUDE 0.935779 1.52947 0.103754
51.040 2 GPS 0 0 0 0 0 0 0 0 0 0 1
51.045 2 DOWNLINK_STATUS 0 51 38625 1720 0 814. 37. 38.41
51.047 2 DESIRED 34.91 0.7 5.1 -64. 24. 660. 2. 15.
51.050 2 ATTITUDE 0.935805 1.529371 0.103781
51.072 2 CIRCLE 30. 100. 100.
51.137 2 BAT 2126 38 27 0 1 45 45 6
51.141 2 NAVIGATION 4 0 0. 0. 0. 0. 0 0
51.144 2 IMU_ACCEL -5.910156 1.039062 -8.032227
51.148 2 ATTITUDE 0.935773 1.529298 0.103813
51.235 2 IMU_GYRO -0.022217 0.015869 -0.022217
51.241 2 DESIRED 34.91 0.7 5.1 -64. 24. 660. 2. 15.
51.244 2 ATTITUDE 0.935811 1.529204 0.103834
51.278 2 GPS 0 0 0 0 0 0 0 0 0 0 1
51.327 2 WP_MOVED 4 348764.6875 5945795. 660. 12
51.330 2 ATTITUDE 0.935761 1.529104 0.103779
51.433 2 ESTIMATOR 0. 0.
51.440 2 DESIRED 34.91 0.7 5.1 -64. 24. 660. 2. 15.
51.443 2 ATTITUDE 0.935856 1.529 0.103774
51.531 2 PPRZ_MODE 0 3 3 2 0 17
51.537 2 GPS 0 0 0 0 0 0 0 0 0 0 1
51.540 2 ATTITUDE 0.93582 1.528901 0.103808
51.635 2 DESIRED 34.91 0.7 5.1 -64. 24. 660. 2. 15.
51.638 2 ATTITUDE 0.935904 1.528806 0.103784
51.705 2 FBW_STATUS 0 50 0 38 277
51.730 2 ENERGY 3.8 0.277 6 1.0526
51.732 2 DL_VALUE 9 1.
51.735 2 ATTITUDE 0.935939 1.528713 0.103794
51.779 2 GPS 0 0 0 0 0 0 0 0 0 0 1
51.839 2 IMU_GYRO -0.023193 0.015869 -0.02124
51.843 2 WP_MOVED 5 348740. 5945760. 660. 12
51.849 2 DESIRED 34.91 0.7 5.1 -64. 24. 660. 2. 15.
51.853 2 ATTITUDE 0.935969 1.528692 0.103795
51.930 2 IMU_ACCEL -5.915039 1.043945 -7.984375
51.931 2 ESTIMATOR 0. 0.
51.936 2 ATTITUDE 0.935984 1.528592 0.103836
52.040 2 GPS 0 0 0 0 0 0 0 0 0 0 1
52.045 2 DOWNLINK_STATUS 0 52 39390 1754 0 765. 34. 38.41
52.048 2 DESIRED 34.91 0.7 5.1 -64. 24. 660. 2. 15.
52.050 2 ATTITUDE 0.935981 1.52845 0.103834
52.132 2 CIRCLE 30. 100. 100.
52.137 2 NAVIGATION 4 0 0. 0. 0. 0. 0 0
52.139 2 ATTITUDE 0.936034 1.528331 0.103824
52.239 2 IMU_MAG 0. 0. 0.
52.243 2 BAT 2126 37 27 0 1 46 46 6
52.265 2 DESIRED 34.91 0.7 5.1 -64. 24. 660. 2. 15.
52.265 2 ATTITUDE 0.935988 1.528202 0.103822
52.278 2 GPS 0 0 0 0 0 0 0 0 0 0 1
52.327 2 WP_MOVED 6 348665. 5945815. 660. 12
52.330 2 ATTITUDE 0.935994 1.528073 0.103842
52.438 2 IMU_GYRO -0.022217 0.015869 -0.02124
52.440 2 ESTIMATOR 0. 0.
52.447 2 DESIRED 34.91 0.7 5.1 -64. 24. 660. 2. 15.
52.450 2 ATTITUDE 0.936056 1.527957 0.103873
52.532 2 GPS 0 0 0 0 0 0 0 0 0 0 1
52.536 2 ATTITUDE 0.936076 1.527889 0.103857
52.637 2 STATE_FILTER_STATUS 3 0
52.639 2 CALIBRATION 0. 0
52.642 2 GPS_SOL 0 0 0 0
52.649 2 DESIRED 34.91 0.7 5.1 -64. 24. 660. 2. 15.
52.652 2 ATTITUDE 0.936136 1.527763 0.103865
52.727 2 IMU_ACCEL -5.881836 1.029297 -7.984375
52.730 2 ATTITUDE 0.936178 1.527687 0.103886
52.778 2 GPS 0 0 0 0 0 0 0 0 0 0 1
52.836 2 WP_MOVED 7 349065. 5946015. 660. 12
52.842 2 DESIRED 34.91 0.7 5.1 -64. 24. 660. 2. 15.
52.845 2 ATTITUDE 0.936237 1.527626 0.103844
52.925 2 ESTIMATOR 0. 0.
52.928 2 ATTITUDE 0.936264 1.527491 0.103828
53.042 2 IMU_GYRO -0.022217 0.014893 -0.022217
53.046 2 DOWNLINK_STATUS 0 53 40101 1786 0 711. 32. 38.41
53.048 2 GPS 0 0 0 0 0 0 0 0 0 0 1
53.055 2 DESIRED 34.91 0.7 5.1 -64. 24. 660. 2. 15.
53.058 2 ATTITUDE 0.936288 1.527326 0.103818
53.129 2 NAVIGATION 4 0 0. 0. 0. 0. 0 0
53.132 2 ATTITUDE 0.936231 1.52723 0.103812
53.172 2 CIRCLE 30. 100. 100.
53.232 2 DL_VALUE 10 0.
53.239 2 DESIRED 34.91 0.7 5.1 -64. 24. 660. 2. 15.
53.241 2 ATTITUDE 0.936196 1.527098 0.103806
53.278 2 GPS 0 0 0 0 0 0 0 0 0 0 1
53.332 2 BAT 2126 38 27 0 1 47 47 6
53.336 2 WP_MOVED 0 348907. 5945757. 660. 12
53.338 2 ATTITUDE 0.93623 1.527015 0.103793
53.433 2 ESTIMATOR 0. 0.
53.439 2 DESIRED 34.91 0.7 5.1 -64. 24. 660. 2. 15.
53.443 2 ATTITUDE 0.936226 1.526861 0.103788
53.541 2 NAVIGATION_REF 348865 5945715 12 605.
53.545 2 IMU_MAG 0. 0. 0.
53.548 2 IMU_ACCEL -5.867188 1.043945 -7.974609
53.553 2 GPS 0 0 0 0 0 0 0 0 0 0 1
53.557 2 ATTITUDE 0.936206 1.526742 0.10381
53.635 2 IMU_GYRO -0.023193 0.014893 -0.02124
53.641 2 DESIRED 34.91 0.7 5.1 -64. 24. 660. 2. 15.
53.644 2 ATTITUDE 0.936213 1.526646 0.103787
53.705 2 FBW_STATUS 0 52 0 38 277
53.723 2 ATTITUDE 0.936317 1.526579 0.103783
53.778 2 GPS 0 0 0 0 0 0 0 0 0 0 1
53.835 2 WP_MOVED 1 348865. 5945715. 660. 12
53.842 2 DESIRED 34.91 0.7 5.1 -64. 24. 660. 2. 15.
53.845 2 ATTITUDE 0.936283 1.526485 0.103786
53.925 2 ESTIMATOR 0. 0.
53.928 2 ATTITUDE 0.936264 1.526367 0.103798
54.041 2 GPS 0 0 0 0 0 0 0 0 0 0 1
54.046 2 DOWNLINK_STATUS 0 54 40868 1819 0 767. 33. 38.41
54.047 2 DESIRED 34.91 0.7 5.1 -64. 24. 660. 2. 15.
54.050 2 ATTITUDE 0.936237 1.526257 0.103773
54.133 2 ENERGY 3.8 0.277 6 1.0526
54.138 2 NAVIGATION 4 0 0. 0. 0. 0. 0 0
54.141 2 ATTITUDE 0.936238 1.526193 0.103729
54.239 2 CIRCLE 30. 100. 100.
54.242 2 IMU_GYRO -0.022217 0.016846 -0.022217
54.249 2 DESIRED 34.91 0.7 5.1 -64. 24. 660. 2. 15.
54.251 2 ATTITUDE 0.936222 1.526064 0.103723
54.279 2 GPS 0 0 0 0 0 0 0 0 0 0 1
54.330 2 IMU_ACCEL -5.891602 1.014648 -8.003906
54.334 2 WP_MOVED 2 348895. 5945815. 660. 12
54.337 2 ATTITUDE 0.936211 1.525941 0.103692
54.438 2 BAT 2126 38 27 0 1 48 48 6
54.441 2 ESTIMATOR 0. 0.
54.448 2 DESIRED 34.91 0.7 5.1 -64. 24. 660. 2. 15.
54.450 2 ATTITUDE 0.936245 1.525822 0.103673
54.461 2 WIND_INFO 2 42 0. 0. 0.
54.532 2 GPS 0 0 0 0 0 0 0 0 0 0 1
54.535 2 ATTITUDE 0.936209 1.5257 0.103656
54.634 2 GPS_SOL 0 0 0 0
54.640 2 DESIRED 34.91 0.7 5.1 -64. 24. 660. 2. 15.
54.644 2 ATTITUDE 0.936237 1.525625 0.10365
54.726 2 CALIBRATION 0. 0
54.728 2 DL_VALUE 11 0.
54.731 2 ATTITUDE 0.936247 1.525494 0.103639
54.778 2 GPS 0 0 0 0 0 0 0 0 0 0 1
54.842 2 DOWNLINK 9 752 15451
54.843 2 STATE_FILTER_STATUS 3 0
54.847 2 IMU_MAG 0. 0. 0.
54.850 2 IMU_GYRO -0.023193 0.016846 -0.02124
54.853 2 WP_MOVED 3 348965.09375 5945786. 660. 12
54.860 2 DESIRED 34.91 0.7 5.1 -64. 24. 660. 2. 15.
54.931 2 ALIVE |208,36,248,224,101,86,244,175,245,208,29,161,236,74,92,16|
54.934 2 ESTIMATOR 0. 0.
54.937 2 ATTITUDE 0.936228 1.52526 0.103605
55.040 2 GPS 0 0 0 0 0 0 0 0 0 0 1
55.046 2 DOWNLINK_STATUS 0 55 41659 1855 0 791. 36. 38.41
55.047 2 DESIRED 34.91 0.7 5.1 -64. 24. 660. 2. 15.
55.050 2 ATTITUDE 0.936201 1.525197 0.103607
55.134 2 NAVIGATION 4 0 0. 0. 0. 0. 0 0
55.137 2 IMU_ACCEL -5.919922 1.014648 -7.979492
55.140 2 ATTITUDE 0.936177 1.525051 0.103599
55.234 2 DESIRED 34.91 0.7 5.1 -64. 24. 660. 2. 15.
55.238 2 ATTITUDE 0.936214 1.525 0.103623
55.280 2 CIRCLE 30. 100. 100.
55.286 2 GPS 0 0 0 0 0 0 0 0 0 0 1
55.327 2 WP_MOVED 4 348764.6875 5945795. 660. 12
55.330 2 ATTITUDE 0.936185 1.524898 0.10361
55.438 2 IMU_GYRO -0.02124 0.015869 -0.022217
55.440 2 ESTIMATOR 0. 0.
55.447 2 DESIRED 34.91 0.7 5.1 -64. 24. 660. 2. 15.
55.449 2 ATTITUDE 0.936175 1.524801 0.103597
55.506 2 ACTUATORS |1221,1003,1472,1699,1301,1500|
55.534 2 BAT 2126 38 27 0 1 50 50 6
55.540 2 GPS 0 0 0 0 0 0 0 0 0 0 1
55.543 2 ATTITUDE 0.936236 1.524717 0.103567
55.566 2 PONG 
55.606 2 COMMANDS |2126,-14,14,-9548,0,-9548|
55.634 2 DESIRED 34.91 0.7 5.1 -64. 24. 660. 2. 15.
55.637 2 ATTITUDE 0.936284 1.524654 0.103592
55.704 2 FBW_STATUS 0 51 0 38 277
55.722 2 ATTITUDE 0.936301 1.524509 0.103565
55.778 2 GPS 0 0 0 0 0 0 0 0 0 0 1
55.835 2 WP_MOVED 5 348740. 5945760. 660. 12
55.842 2 DESIRED 34.91 0.7 5.1 -64. 24. 660. 2. 15.
55.845 2 ATTITUDE 0.936275 1.524414 0.103552
55.929 2 IMU_ACCEL -5.896484 1.014648 -8.008789
55.932 2 ESTIMATOR 0. 0.
55.935 2 ATTITUDE 0.936315 1.524295 0.103542
56.042 2 IMU_GYRO -0.022217 0.014893 -0.02124
56.046 2 DOWNLINK_STATUS 0 56 42392 1888 0 733. 33. 39.28
56.047 2 GPS 0 0 0 0 0 0 0 0 0 0 1
56.054 2 DESIRED 34.91 0.7 5.1 -64. 24. 660. 2. 15.
56.057 2 ATTITUDE 0.936266 1.524166 0.103578
56.132 2 IMU_MAG 0. 0. 0.
56.136 2 NAVIGATION 4 0 0. 0. 0. 0. 0 0
56.140 2 ATTITUDE 0.936241 1.524096 0.10357
56.232 2 DL_VALUE 12 12000.
56.239 2 DESIRED 34.91 0.7 5.1 -64. 24. 660. 2. 15.
56.242 2 ATTITUDE 0.936243 1.523964 0.103577
56.277 2 GPS 0 0 0 0 0 0 0 0 0 0 1
56.331 2 CIRCLE 30. 100. 100.
56.333 2 WP_MOVED 6 348665. 5945815. 660. 12
56.337 2 ATTITUDE 0.936306 1.523831 0.103558
56.435 2 PPRZ_MODE 0 3 3 2 0 17
56.438 2 ESTIMATOR 0. 0.
56.444 2 DESIRED 34.91 0.7 5.1 -64. 24. 660. 2. 15.
56.449 2 ATTITUDE 0.936295 1.523723 0.103555
56.533 2 ENERGY 3.8 0.277 6 1.0526
56.540 2 GPS 0 0 0 0 0 0 0 0 0 0 1
56.542 2 ATTITUDE 0.936234 1.523582 0.103589
56.642 2 GPS_SOL 0 0 0 0
56.646 2 BAT 2126 38 27 0 1 51 51 6
56.649 2 IMU_GYRO -0.022217 0.015869 -0.022217
56.656 2 DESIRED 34.91 0.7 5.1 -64. 24. 660. 2. 15.
56.658 2 ATTITUDE 0.936157 1.523481 0.103611
56.726 2 IMU_ACCEL -5.852539 1.03418 -7.989258
56.729 2 ATTITUDE 0.936145 1.523359 0.103565
56.778 2 GPS 0 0 0 0 0 0 0 0 0 0 1
56.836 2 CALIBRATION 0. 0
56.839 2 WP_MOVED 7 349065. 5946015. 660. 12
56.846 2 DESIRED 34.91 0.7 5.1 -64. 24. 660. 2. 15.
56.849 2 ATTITUDE 0.936167 1.523227 0.103568
56.924 2 ESTIMATOR 0. 0.
56.928 2 ATTITUDE 0.936219 1.523168 0.103538
57.038 2 STATE_FILTER_STATUS 3 0
57.044 2 GPS 0 0 0 0 0 0 0 0 0 0 1
57.046 2 DOWNLINK_STATUS 0 57 43194 1924 0 802. 36. 39.28
57.050 2 DESIRED 34.91 0.7 5.1 -64. 24. 660. 2. 15.
57.053 2 ATTITUDE 0.936212 1.523021 0.103564
57.129 2 NAVIGATION 4 0 0. 0. 0. 0. 0 0
57.132 2 ATTITUDE 0.936248 1.522922 0.103602
57.234 2 IMU_GYRO -0.022217 0.016846 -0.022217
57.241 2 DESIRED 34.91 0.7 5.1 -64. 24. 660. 2. 15.
57.244 2 ATTITUDE 0.936268 1.522786 0.103546
57.278 2 GPS 0 0 0 0 0 0 0 0 0 0 1
57.327 2 WP_MOVED 0 348907. 5945757. 660. 12
57.330 2 ATTITUDE 0.936299 1.522653 0.103514
57.373 2 CIRCLE 30. 100. 100.
57.438 2 IMU_MAG 0. 0. 0.
57.440 2 ESTIMATOR 0. 0.
57.447 2 DESIRED 34.91 0.7 5.1 -64. 24. 660. 2. 15.
57.450 2 ATTITUDE 0.936334 1.522581 0.103498
57.534 2 IMU_ACCEL -5.905273 1.077148 -7.999023
57.539 2 GPS 0 0 0 0 0 0 0 0 0 0 1
57.542 2 ATTITUDE 0.936334 1.522452 0.103526
57.634 2 DESIRED 34.91 0.7 5.1 -64. 24. 660. 2. 15.
57.636 2 ATTITUDE 0.936376 1.522404 0.103527
57.704 2 FBW_STATUS 0 49 0 38 277
57.728 2 DL_VALUE 13 1.5
57.731 2 BAT 2126 38 27 0 1 52 52 6
57.734 2 ATTITUDE 0.936332 1.522274 0.103527
57.778 2 GPS 0 0 0 0 0 0 0 0 0 0 1
57.838 2 IMU_GYRO -0.022217 0.018066 -0.02124
57.843 2 WP_MOVED 1 348865. 5945715. 660. 12
57.849 2 DESIRED 34.91 0.7 5.1 -64. 24. 660. 2. 15.
57.852 2 ATTITUDE 0.936353 1.522181 0.103538
57.924 2 ESTIMATOR 0. 0.
57.928 2 ATTITUDE 0.93641 1.522117 0.103582
58.040 2 GPS 0 0 0 0 0 0 0 0 0 0 1
58.046 2 DOWNLINK_STATUS 0 58 43927 1956 0 733. 32. 39.28
58.047 2 DESIRED 34.91 0.7 5.1 -64. 24. 660. 2. 15.
58.050 2 ATTITUDE 0.936396 1.521997 0.103563
58.129 2 NAVIGATION 4 0 0. 0. 0. 0. 0 0
58.132 2 ATTITUDE 0.93641 1.521889 0.10353
58.234 2 DESIRED 34.91 0.7 5.1 -64. 24. 660. 2. 15.
58.237 2 ATTITUDE 0.93645 1.521779 0.103496
58.278 2 GPS 0 0 0 0 0 0 0 0 0 0 1
58.331 2 IMU_ACCEL -5.919922 1.024414 -7.984375
58.334 2 WP_MOVED 2 348895. 5945815. 660. 12
58.337 2 ATTITUDE 0.936468 1.521678 0.103458
58.442 2 CIRCLE 30. 100. 100.
58.445 2 IMU_GYRO -0.022217 0.015869 -0.02124
58.446 2 ESTIMATOR 0. 0.
58.454 2 DESIRED 34.91 0.7 5.1 -64. 24. 660. 2. 15.
58.456 2 ATTITUDE 0.936476 1.521581 0.103435
58.532 2 GPS 0 0 0 0 0 0 0 0 0 0 1
58.534 2 ATTITUDE 0.936419 1.521482 0.103481
58.633 2 GPS_SOL 0 0 0 0
58.641 2 DESIRED 34.91 0.7 5.1 -64. 24. 660. 2. 15.
58.643 2 ATTITUDE 0.936401 1.52134 0.103473
58.726 2 IMU_MAG 0. 0. 0.
58.729 2 ATTITUDE 0.936422 1.521252 0.103502
58.780 2 GPS 0 0 0 0 0 0 0 0 0 0 1
58.839 2 BAT 2126 38 27 0 1 53 53 6
58.843 2 WP_MOVED 3 348965.09375 5945786. 660. 12
58.849 2 DESIRED 34.91 0.7 5.1 -64. 24. 660. 2. 15.
58.853 2 ATTITUDE 0.936444 1.52113 0.103538
58.932 2 ENERGY 3.8 0.277 6 1.0526
58.934 2 CALIBRATION 0. 0
58.936 2 ESTIMATOR 0. 0.
58.939 2 ATTITUDE 0.936433 1.520987 0.103527
59.041 2 IMU_GYRO -0.024414 0.015869 -0.02124
59.046 2 DOWNLINK_STATUS 0 59 44649 1988 0 722. 32. 39.28
59.047 2 GPS 0 0 0 0 0 0 0 0 0 0 1
59.054 2 DESIRED 34.91 0.7 5.1 -64. 24. 660. 2. 15.
59.057 2 ATTITUDE 0.936409 1.520858 0.103548
59.133 2 NAVIGATION 4 0 0. 0. 0. 0. 0 0
59.136 2 IMU_ACCEL -5.905273 1.048828 -7.999023
59.139 2 ATTITUDE 0.936366 1.520729 0.103582
59.233 2 STATE_FILTER_STATUS 3 0
59.235 2 DL_VALUE 14 0.610865
59.242 2 DESIRED 34.91 0.7 5.1 -64. 24. 660. 2. 15.
59.245 2 ATTITUDE 0.93631 1.520621 0.103588
59.278 2 GPS 0 0 0 0 0 0 0 0 0 0 1
59.327 2 WP_MOVED 4 348764.6875 5945795. 660. 12
59.330 2 ATTITUDE 0.93628 1.520492 0.103611
59.433 2 ESTIMATOR 0. 0.
59.440 2 DESIRED 34.91 0.7 5.1 -64. 24. 660. 2. 15.
59.443 2 ATTITUDE 0.936265 1.520424 0.103616
59.473 2 CIRCLE 30. 100. 100.
59.532 2 GPS 0 0 0 0 0 0 0 0 0 0 1
59.535 2 ATTITUDE 0.936289 1.520327 0.103604
59.634 2 IMU_GYRO -0.023193 0.014893 -0.02124
59.641 2 DESIRED 34.91 0.7 5.1 -64. 24. 660. 2. 15.
59.643 2 ATTITUDE 0.936279 1.520214 0.103597
59.704 2 FBW_STATUS 0 50 0 38 277
59.722 2 ATTITUDE 0.936276 1.520049 0.103653
59.778 2 GPS 0 0 0 0 0 0 0 0 0 0 1
59.835 2 WP_MOVED 5 348740. 5945760. 660. 12
59.842 2 DESIRED 34.91 0.7 5.1 -64. 24. 660. 2. 15.
59.844 2 ATTITUDE 0.936266 1.519901 0.103652
59.934 2 DOWNLINK 10 753 15622
59.938 2 BAT 2126 38 27 0 1 54 54 6
59.941 2 IMU_ACCEL -5.838867 1.048828 -8.022461
59.944 2 ESTIMATOR 0. 0.
59.947 2 ATTITUDE 0.936297 1.519825 0.103666
60.043 2 ALIVE |208,36,248,224,101,86,244,175,245,208,29,161,236,74,92,16|
60.046 2 IMU_MAG 0. 0. 0.
60.047 2 DOWNLINK_STATUS 0 60 45425 2023 0 776. 35. 39.28
60.052 2 GPS 0 0 0 0 0 0 0 0 0 0 1
60.058 2 DESIRED 34.91 0.7 5.1 -64. 24. 660. 2. 15.
60.129 2 NAVIGATION 4 0 0. 0. 0. 0. 0 0
60.133 2 ATTITUDE 0.936317 1.519645 0.103658
60.234 2 IMU_GYRO -0.023193 0.016846 -0.02124
60.241 2 DESIRED 34.91 0.7 5.1 -64. 24. 660. 2. 15.
60.244 2 ATTITUDE 0.936334 1.519513 0.103673
60.278 2 GPS 0 0 0 0 0 0 0 0 0 0 1
60.327 2 WP_MOVED 6 348665. 5945815. 660. 12
60.330 2 ATTITUDE 0.936333 1.519398 0.103722
60.433 2 ESTIMATOR 0. 0.
60.439 2 DESIRED 34.91 0.7 5.1 -64. 24. 660. 2. 15.
60.443 2 ATTITUDE 0.936403 1.519352 0.103692
60.506 2 ACTUATORS |1221,1003,1472,1698,1300,1500|
60.533 2 CIRCLE 30. 100. 100.
60.539 2 GPS 0 0 0 0 0 0 0 0 0 0 1
60.542 2 ATTITUDE 0.936415 1.519228 0.10365
60.566 2 PONG 
60.606 2 COMMANDS |2126,-14,14,-9548,0,-9548|
60.634 2 GPS_SOL 0 0 0 0
60.642 2 DESIRED 34.91 0.7 5.1 -64. 24. 660. 2. 15.
60.644 2 ATTITUDE 0.936376 1.51915 0.103675
60.728 2 DL_VALUE 15 7500.
60.731 2 IMU_ACCEL -5.900391 1.058594 -7.974609
60.734 2 ATTITUDE 0.936313 1.519015 0.103665
60.777 2 GPS 0 0 0 0 0 0 0 0 0 0 1
60.838 2 IMU_GYRO -0.02124 0.016846 -0.02124
60.841 2 WP_MOVED 7 349065. 5946015. 660. 12
60.849 2 DESIRED 34.91 0.7 5.1 -64. 24. 660. 2. 15.
60.851 2 ATTITUDE 0.936286 1.518943 0.103675
60.924 2 ESTIMATOR 0. 0.
60.928 2 ATTITUDE 0.936296 1.518872 0.103669
61.043 2 CALIBRATION 0. 0
61.046 2 BAT 2126 38 27 0 1 55 55 7
61.047 2 DOWNLINK_STATUS 0 61 46179 2057 0 754. 34. 38.31
61.052 2 GPS 0 0 0 0 0 0 0 0 0 0 1
61.059 2 DESIRED 34.91 0.7 5.1 -64. 24. 660. 2. 15.
61.062 2 ATTITUDE 0.936262 1.518803 0.103678
61.129 2 NAVIGATION 4 0 0. 0. 0. 0. 0 0
61.132 2 ATTITUDE 0.936275 1.518708 0.103661
61.234 2 DESIRED 34.91 0.7 5.1 -64. 24. 660. 2. 15.
61.237 2 ATTITUDE 0.936257 1.518604 0.103663
61.278 2 GPS 0 0 0 0 0 0 0 0 0 0 1
61.336 2 PPRZ_MODE 0 3 3 2 0 17
61.340 2 ENERGY 3.8 0.277 7 1.0526
61.343 2 IMU_MAG 0. 0. 0.
61.346 2 WP_MOVED 0 348907. 5945757. 660. 12
61.349 2 ATTITUDE 0.936271 1.518543 0.103663
61.437 2 STATE_FILTER_STATUS 3 0
61.441 2 IMU_GYRO -0.022217 0.016846 -0.02124
61.443 2 ESTIMATOR 0. 0.
61.450 2 DESIRED 34.91 0.7 5.1 -64. 24. 660. 2. 15.
61.453 2 ATTITUDE 0.936275 1.518458 0.103636
61.533 2 IMU_ACCEL -5.862305 1.009766 -7.994141
61.539 2 GPS 0 0 0 0 0 0 0 0 0 0 1
61.542 2 ATTITUDE 0.936318 1.518421 0.103651
61.572 2 CIRCLE 30. 100. 100.
61.634 2 DESIRED 34.91 0.7 5.1 -64. 24. 660. 2. 15.
61.637 2 ATTITUDE 0.936316 1.518346 0.103604
61.704 2 FBW_STATUS 0 47 0 37 277
61.722 2 ATTITUDE 0.936304 1.518286 0.103592
61.778 2 GPS 0 0 0 0 0 0 0 0 0 0 1
61.835 2 WP_MOVED 1 348865. 5945715. 660. 12
61.842 2 DESIRED 34.91 0.7 5.1 -64. 24. 660. 2. 15.
61.844 2 ATTITUDE 0.936304 1.51815 0.103557
61.924 2 ESTIMATOR 0. 0.
61.927 2 ATTITUDE 0.936267 1.518022 0.103552
62.041 2 IMU_GYRO -0.022217 0.015869 -0.022217
62.046 2 GPS 0 0 0 0 0 0 0 0 0 0 1
62.047 2 DOWNLINK_STATUS 0 62 46954 2091 0 775. 34. 38.31
62.054 2 DESIRED 34.91 0.7 5.1 -64. 24. 660. 2. 15.
62.056 2 ATTITUDE 0.93624 1.517924 0.103591
62.132 2 BAT 2126 38 27 0 1 56 56 7
62.137 2 NAVIGATION 4 0 0. 0. 0. 0. 0 0
62.140 2 ATTITUDE 0.936227 1.517837 0.103566
62.231 2 DL_VALUE 16 1250.
62.238 2 DESIRED 34.91 0.7 5.1 -64. 24. 660. 2. 15.
62.241 2 ATTITUDE 0.936251 1.517787 0.103552
62.278 2 GPS 0 0 0 0 0 0 0 0 0 0 1
62.330 2 IMU_ACCEL -5.910156 1.024414 -8.013672
62.333 2 WP_MOVED 2 348895. 5945815. 660. 12
62.337 2 ATTITUDE 0.93625 1.517655 0.10356
62.432 2 ESTIMATOR 0. 0.
62.439 2 DESIRED 34.91 0.7 5.1 -64. 24. 660. 2. 15.
62.442 2 ATTITUDE 0.936275 1.51756 0.103568
62.533 2 NAVIGATION_REF 348865 5945715 12 605.
62.539 2 GPS 0 0 0 0 0 0 0 0 0 0 1
62.542 2 ATTITUDE 0.936242 1.517435 0.103592
62.645 2 GPS_SOL 0 0 0 0
62.648 2 IMU_MAG 0. 0. 0.
62.652 2 CIRCLE 30. 100. 100.
62.655 2 IMU_GYRO -0.023193 0.016846 -0.022217
62.661 2 DESIRED 34.91 0.7 5.1 -64. 24. 660. 2. 15.
62.664 2 ATTITUDE 0.936234 1.517292 0.103573
62.722 2 ATTITUDE 0.936263 1.517222 0.103565
62.778 2 GPS 0 0 0 0 0 0 0 0 0 0 1
62.835 2 WP_MOVED 3 348965.09375 5945786. 660. 12
62.842 2 DESIRED 34.91 0.7 5.1 -64. 24. 660. 2. 15.
62.845 2 ATTITUDE 0.936236 1.517121 0.103592
62.925 2 ESTIMATOR 0. 0.
62.927 2 ATTITUDE 0.936204 1.517024 0.103564
63.040 2 GPS 0 0 0 0 0 0 0 0 0 0 1
63.047 2 DESIRED 34.91 0.7 5.1 -64. 24. 660. 2. 15.
63.047 2 DOWNLINK_STATUS 0 63 47728 2124 0 774. 33. 38.31
63.049 2 ATTITUDE 0.93625 1.516875 0.103549
63.132 2 CALIBRATION 0. 0
63.137 2 NAVIGATION 4 0 0. 0. 0. 0. 0 0
63.140 2 IMU_ACCEL -5.900391 1.048828 -8.022461
63.143 2 ATTITUDE 0.936259 1.516768 0.103552
63.239 2 BAT 2126 38 27 0 1 57 57 7
63.242 2 IMU_GYRO -0.022217 0.016846 -0.02124
63.248 2 DESIRED 34.91 0.7 5.1 -64. 24. 660. 2. 15.
63.252 2 ATTITUDE 0.936257 1.516663 0.10355
63.277 2 GPS 0 0 0 0 0 0 0 0 0 0 1
63.326 2 WP_MOVED 4 348764.6875 5945795. 660. 12
63.330 2 ATTITUDE 0.936239 1.516556 0.103556
63.432 2 ESTIMATOR 0. 0.
63.439 2 DESIRED 34.91 0.7 5.1 -64. 24. 660. 2. 15.
63.442 2 ATTITUDE 0.936246 1.5164 0.103541
63.532 2 GPS 0 0 0 0 0 0 0 0 0 0 1
63.535 2 ATTITUDE 0.936186 1.516283 0.1035
63.630 2 STATE_FILTER_STATUS 3 0
63.637 2 DESIRED 34.91 0.7 5.1 -64. 24. 660. 2. 15.
63.640 2 ATTITUDE 0.936167 1.516154 0.103516
63.672 2 CIRCLE 30. 100. 100.
63.704 2 FBW_STATUS 0 48 0 37 277
63.729 2 ENERGY 3.7 0.277 7 1.0249
63.731 2 DL_VALUE 17 0.48
63.734 2 ATTITUDE 0.936159 1.516043 0.103488
63.778 2 GPS 0 0 0 0 0 0 0 0 0 0 1
63.838 2 IMU_GYRO -0.022217 0.015869 -0.02124
63.842 2 WP_MOVED 5 348740. 5945760. 660. 12
63.849 2 DESIRED 34.91 0.7 5.1 -64. 24. 660. 2. 15.
63.852 2 ATTITUDE 0.936162 1.515947 0.103483
63.933 2 IMU_MAG 0. 0. 0.
63.936 2 IMU_ACCEL -5.891602 1.024414 -8.017578
63.938 2 ESTIMATOR 0. 0.
63.942 2 ATTITUDE 0.936158 1.51585 0.103478
64.040 2 GPS 0 0 0 0 0 0 0 0 0 0 1
64.047 2 DESIRED 34.91 0.7 5.1 -64. 24. 660. 2. 15.
64.047 2 DOWNLINK_STATUS 0 64 48519 2160 0 791. 36. 38.31
64.049 2 ATTITUDE 0.936126 1.51572 0.103491
64.129 2 NAVIGATION 4 0 0. 0. 0. 0. 0 0
64.131 2 ATTITUDE 0.936089 1.515651 0.103478
64.234 2 DESIRED 34.91 0.7 5.1 -64. 24. 660. 2. 15.
64.236 2 ATTITUDE 0.936058 1.515525 0.103505
64.281 2 GPS 0 0 0 0 0 0 0 0 0 0 1
64.331 2 BAT 2126 38 27 0 1 58 58 7
64.334 2 WP_MOVED 6 348665. 5945815. 660. 12
64.337 2 ATTITUDE 0.936038 1.515417 0.10347
64.437 2 IMU_GYRO -0.022217 0.014893 -0.02124
64.439 2 ESTIMATOR 0. 0.
64.446 2 DESIRED 34.91 0.7 5.1 -64. 24. 660. 2. 15.
64.449 2 ATTITUDE 0.936081 1.515341 0.103478
64.460 2 WIND_INFO 2 42 0. 0. 0.
64.531 2 GPS 0 0 0 0 0 0 0 0 0 0 1
64.534 2 ATTITUDE 0.936082 1.515253 0.103445
64.633 2 GPS_SOL 0 0 0 0
64.640 2 DESIRED 34.91 0.7 5.1 -64. 24. 660. 2. 15.
64.643 2 ATTITUDE 0.936046 1.515163 0.103427
