5.258 1 ESTIMATOR 0. 0.
5.285 1 NAVIGATION 0 2 0. 0. 0. 0. 0 0
5.319 1 GPS 0 0 0 0 0 0 0 0 0 0 1
5.340 1 WP_MOVED 4 348764.6875 5945795. 660. 12
5.408 1 DESIRED 0. 0.5 0. 0. 0. 655. 0. 12.
5.419 1 DOWNLINK 0 491 253
5.550 1 NAVIGATION 0 2 0. 0. 0. 0. 0 0
5.584 1 GPS 0 0 0 0 0 0 0 0 0 0 1
5.611 1 NAVIGATION 0 2 0. 0. 0. 0. 0 0
5.871 1 ATTITUDE 1.244067 0.930001 -0.004383
5.885 1 ESTIMATOR 0. 0.
5.913 1 NAVIGATION 0 2 0. 0. 0. 0. 0 0
5.942 1 DOWNLINK_STATUS 0 6 846 38 0 433. 20. -1.39640375872e+12
6.013 1 GPS 0 0 0 0 0 0 0 0 0 0 1
6.033 1 WP_MOVED 5 348740. 5945760. 660. 12
6.163 1 FBW_STATUS 2 0 1 69 0
6.190 1 NAVIGATION 0 2 0. 0. 0. 0. 0 0
6.196 1 PONG 
6.230 1 GPS 0 0 0 0 0 0 0 0 0 0 1
6.252 1 BAT 0 69 0 0 1 12 0 0
6.285 1 ATTITUDE 1.244088 0.931046 -0.004434
6.304 1 IMU_GYRO -0.046631 0.008301 -0.02002
6.318 1 ESTIMATOR 0. 0.
6.450 1 NAVIGATION 0 2 0. 0. 0. 0. 0 0
6.484 1 GPS 0 0 0 0 0 0 0 0 0 0 1
6.505 1 WP_MOVED 6 348665. 5945815. 660. 12
6.517 1 DL_VALUE 8 0.
6.582 1 GPS_SOL 0 0 0 0
6.622 1 DESIRED 0. 0.5 0. 0. 0. 655. 0. 12.
6.722 1 NAVIGATION 0 2 0. 0. 0. 0. 0 0
6.757 1 GPS 0 0 0 0 0 0 0 0 0 0 1
6.784 1 NAVIGATION 0 2 0. 0. 0. 0. 0 0
6.802 1 ATTITUDE 1.244139 0.931893 -0.004349
6.875 1 ESTIMATOR 0. 0.
6.901 1 NAVIGATION 0 2 0. 0. 0. 0. 0 0
6.935 1 GPS 0 0 0 0 0 0 0 0 0 0 1
6.943 1 DOWNLINK_STATUS 0 7 1371 61 0 525. 23. 758.09
6.970 1 WP_MOVED 7 349065. 5946015. 660. 12
7.111 1 NAVIGATION 0 2 0. 0. 0. 0. 0 0
7.146 1 GPS 0 0 0 0 0 0 0 0 0 0 1
7.226 1 ATTITUDE 1.244411 0.93273 -0.004226
7.248 1 BAT 0 69 0 0 1 13 0 0
7.259 1 CALIBRATION 0. 0
7.409 1 ESTIMATOR 0. 0.
7.427 1 IMU_GYRO -0.048828 0.009521 -0.019043
7.448 1 ENERGY 6.9 0. 0 0.
7.475 1 NAVIGATION 0 2 0. 0. 0. 0. 0 0
7.510 1 GPS 0 0 0 0 0 0 0 0 0 0 1
7.530 1 WP_MOVED 8 349447.90625 5946767.5 660. 12
7.617 1 NAVIGATION 0 2 0. 0. 0. 0. 0 0
7.650 1 GPS 0 0 0 0 0 0 0 0 0 0 1
7.678 1 NAVIGATION 0 2 0. 0. 0. 0. 0 0
7.718 1 DESIRED 0. 0.5 0. 0. 0. 655. 0. 12.
7.736 1 ATTITUDE 1.244403 0.933672 -0.004252
7.768 1 ESTIMATOR 0. 0.
7.795 1 NAVIGATION 0 2 0. 0. 0. 0. 0 0
7.829 1 GPS 0 0 0 0 0 0 0 0 0 0 1
7.850 1 WP_MOVED 9 349369.3125 5945408. 660. 12
7.861 1 DL_VALUE 9 1.
7.943 1 DOWNLINK_STATUS 0 8 1876 83 0 505. 22. 758.09
7.984 1 FBW_STATUS 2 0 1 69 0
8.011 1 NAVIGATION 0 2 0. 0. 0. 0. 0 0
8.046 1 GPS 0 0 0 0 0 0 0 0 0 0 1
8.110 1 ATTITUDE 1.244587 0.934607 -0.004171
8.124 1 ESTIMATOR 0. 0.
8.291 1 BAT 0 69 0 0 1 14 0 0
8.318 1 NAVIGATION 0 2 0. 0. 0. 0. 0 0
8.352 1 GPS 0 0 0 0 0 0 0 0 0 0 1
8.373 1 WP_MOVED 10 348852.40625 5945427. 660. 12
8.391 1 IMU_GYRO -0.043457 0.008301 -0.019043
8.412 1 GPS_SOL 0 0 0 0
8.440 1 NAVIGATION 0 2 0. 0. 0. 0. 0 0
8.594 1 GPS 0 0 0 0 0 0 0 0 0 0 1
8.621 1 NAVIGATION 0 2 0. 0. 0. 0. 0 0
8.661 1 DESIRED 0. 0.5 0. 0. 0. 655. 0. 12.
8.679 1 ATTITUDE 1.244571 0.935609 -0.00437
8.726 1 ESTIMATOR 0. 0.
8.753 1 NAVIGATION 0 2 0. 0. 0. 0. 0 0
8.787 1 GPS 0 0 0 0 0 0 0 0 0 0 1
8.820 1 WP_MOVED 11 348865. 5945714. 660. 12
8.944 1 DOWNLINK_STATUS 0 9 2351 103 0 475. 20. 758.09
8.963 1 NAVIGATION 0 2 0. 0. 0. 0. 0 0
8.997 1 GPS 0 0 0 0 0 0 0 0 0 0 1
9.064 1 COMMANDS 0,-9600,5035,0,0
9.083 1 ATTITUDE 1.24473 0.936585 -0.004473
9.221 1 ACTUATORS 1250,1799,1200,1200,1350
9.235 1 ESTIMATOR 0. 0.
9.246 1 CALIBRATION 0. 0
9.273 1 NAVIGATION 0 2 0. 0. 0. 0. 0 0
9.356 1 GPS 0 0 0 0 0 0 0 0 0 0 1
9.377 1 WP_MOVED 12 348655.1875 5945715. 660. 12
9.399 1 BAT 0 69 0 0 1 15 0 0
9.410 1 DL_VALUE 10 0.
9.429 1 IMU_GYRO -0.047852 0.010498 -0.02002
9.525 1 NAVIGATION 0 2 0. 0. 0. 0. 0 0
9.560 1 GPS 0 0 0 0 0 0 0 0 0 0 1
9.587 1 NAVIGATION 0 2 0. 0. 0. 0. 0 0
9.675 1 ATTITUDE 1.24479 0.93759 -0.004611
9.715 1 DESIRED 0. 0.5 0. 0. 0. 655. 0. 12.
9.729 1 ESTIMATOR 0. 0.
9.750 1 ENERGY 6.9 0. 0 0.
9.841 1 NAVIGATION 0 2 0. 0. 0. 0. 0 0
9.876 1 GPS 0 0 0 0 0 0 0 0 0 0 1
9.896 1 WP_MOVED 13 348241.40625 5945665. 660. 12
9.920 1 ALIVE 98,118,119,208,66,13,152,127,177,70,235,176,172,191,147,226
9.944 1 DOWNLINK_STATUS 0 10 2893 127 0 542. 24. 758.09
9.981 1 PPRZ_MODE 2 0 0 0 0 6
9.997 1 FBW_STATUS 2 0 1 69 0
10.025 1 NAVIGATION 0 2 0. 0. 0. 0. 0 0
10.084 1 GPS 0 0 0 0 0 0 0 0 0 0 1
10.102 1 ATTITUDE 1.244796 0.93849 -0.004602
10.111 1 STATE_FILTER_STATUS 3 0
10.235 1 ESTIMATOR 0. 0.
10.262 1 NAVIGATION 0 2 0. 0. 0. 0. 0 0
10.297 1 GPS 0 0 0 0 0 0 0 0 0 0 1
10.317 1 WP_MOVED 14 348242.3125 5945836.5 660. 12
10.366 1 BAT 0 69 0 0 1 16 0 0
10.383 1 GPS_SOL 0 0 0 0
10.597 1 NAVIGATION 0 2 0. 0. 0. 0. 0 0
10.632 1 GPS 0 0 0 0 0 0 0 0 0 0 1
10.659 1 NAVIGATION 0 2 0. 0. 0. 0. 0 0
10.677 1 IMU_GYRO -0.046631 0.010498 -0.02002
10.689 1 DOWNLINK 0 499 365
10.707 1 ATTITUDE 1.244841 0.939485 -0.004671
10.944 1 DOWNLINK_STATUS 0 11 3269 145 0 376. 18. -4242.21
11.037 1 DESIRED 0. 0.5 0. 0. 0. 655. 0. 12.
11.051 1 ESTIMATOR 0. 0.
11.078 1 NAVIGATION 0 2 0. 0. 0. 0. 0 0
11.112 1 GPS 0 0 0 0 0 0 0 0 0 0 1
11.133 1 WP_MOVED 15 348610.09375 5946017. 660. 12
11.144 1 DL_VALUE 0 0.
11.243 1 NAVIGATION 0 2 0. 0. 0. 0. 0 0
11.277 1 GPS 0 0 0 0 0 0 0 0 0 0 1
11.349 1 PONG 
11.367 1 ATTITUDE 1.244786 0.940068 -0.004745
11.382 1 ESTIMATOR 0. 0.
11.515 1 NAVIGATION 0 2 0. 0. 0. 0. 0 0
11.550 1 GPS 0 0 0 0 0 0 0 0 0 0 1
11.570 1 WP_MOVED 16 348775.09375 5946191. 660. 12
11.582 1 CALIBRATION 0. 0
11.744 1 NAVIGATION 0 2 0. 0. 0. 0. 0 0
11.778 1 GPS 0 0 0 0 0 0 0 0 0 0 1
11.805 1 NAVIGATION 0 2 0. 0. 0. 0. 0 0
11.826 1 BAT 0 69 0 0 1 17 0 0
11.844 1 ATTITUDE 1.244738 0.940917 -0.004634
11.863 1 IMU_GYRO -0.047852 0.009521 -0.02002
11.878 1 ESTIMATOR 0. 0.
11.918 1 DESIRED 0. 0.5 0. 0. 0. 655. 0. 12.
11.944 1 NAVIGATION 0 2 0. 0. 0. 0. 0 0
11.945 1 DOWNLINK_STATUS 0 12 3818 169 0 549. 24. 910.68
11.978 1 GPS 0 0 0 0 0 0 0 0 0 0 1
11.999 1 WP_MOVED 17 348944.6875 5946570. 660. 12
12.047 1 FBW_STATUS 2 0 1 69 0
12.074 1 NAVIGATION 0 2 0. 0. 0. 0. 0 0
12.108 1 GPS 0 0 0 0 0 0 0 0 0 0 1
12.172 1 ATTITUDE 1.245019 0.94199 -0.004744
12.186 1 ESTIMATOR 0. 0.
12.207 1 ENERGY 6.9 0. 0 0.
12.234 1 NAVIGATION 0 2 0. 0. 0. 0. 0 0
12.329 1 GPS 0 0 0 0 0 0 0 0 0 0 1
12.350 1 WP_MOVED 18 348975. 5946791.5 660. 12
12.361 1 DL_VALUE 1 0.
12.448 1 GPS_SOL 0 0 0 0
12.475 1 NAVIGATION 0 2 0. 0. 0. 0. 0 0
12.509 1 GPS 0 0 0 0 0 0 0 0 0 0 1
12.600 1 NAVIGATION 0 2 0. 0. 0. 0. 0 0
12.618 1 ATTITUDE 1.245363 0.942729 -0.004852
12.640 1 BAT 0 69 0 0 1 18 0 0
12.832 1 ESTIMATOR 0. 0.
12.851 1 IMU_GYRO -0.051025 0.011475 -0.02002
12.878 1 NAVIGATION 0 2 0. 0. 0. 0. 0 0
12.912 1 GPS 0 0 0 0 0 0 0 0 0 0 1
12.945 1 DOWNLINK_STATUS 0 13 4319 191 0 501. 22. 910.68
12.952 1 DESIRED 0. 0.5 0. 0. 0. 655. 0. 12.
12.972 1 WP_MOVED 0 348907. 5945757. 660. 12
13.000 1 NAVIGATION 0 2 0. 0. 0. 0. 0 0
13.034 1 GPS 0 0 0 0 0 0 0 0 0 0 1
13.062 1 ATTITUDE 1.245334 0.943387 -0.004719
13.191 1 ESTIMATOR 0. 0.
13.218 1 NAVIGATION 0 2 0. 0. 0. 0. 0 0
13.315 1 GPS 0 0 0 0 0 0 0 0 0 0 1
13.336 1 WP_MOVED 1 348865. 5945715. 660. 12
13.350 1 NAVIGATION_REF 348865 5945715 12
13.362 1 CALIBRATION 0. 0
13.510 1 NAVIGATION 0 2 0. 0. 0. 0. 0 0
13.544 1 GPS 0 0 0 0 0 0 0 0 0 0 1
13.571 1 NAVIGATION 0 2 0. 0. 0. 0. 0 0
13.617 1 ATTITUDE 1.245026 0.944123 -0.004664
13.631 1 ESTIMATOR 0. 0.
13.872 1 BAT 0 69 0 0 1 19 0 0
13.899 1 NAVIGATION 0 2 0. 0. 0. 0. 0 0
13.934 1 GPS 0 0 0 0 0 0 0 0 0 0 1
13.946 1 DOWNLINK_STATUS 0 14 4770 210 0 451. 19. 910.68
13.955 1 WP_MOVED 2 348895. 5945815. 660. 12
13.994 1 DESIRED 0. 0.5 0. 0. 0. 655. 0. 12.
14.013 1 IMU_GYRO -0.047852 0.009521 -0.019043
14.024 1 DL_VALUE 2 655.
14.040 1 FBW_STATUS 2 0 1 69 0
14.067 1 NAVIGATION 0 2 0. 0. 0. 0. 0 0
14.101 1 GPS 0 0 0 0 0 0 0 0 0 0 1
14.119 1 COMMANDS 0,-9600,5025,0,0
14.174 1 ATTITUDE 1.245069 0.944947 -0.004494
14.191 1 ACTUATORS 1250,1800,1200,1200,1350
14.205 1 ESTIMATOR 0. 0.
14.288 1 NAVIGATION 0 2 0. 0. 0. 0. 0 0
14.321 1 GPS 0 0 0 0 0 0 0 0 0 0 1
14.342 1 WP_MOVED 3 348965.09375 5945786. 660. 12
14.428 1 GPS_SOL 0 0 0 0
14.455 1 NAVIGATION 0 2 0. 0. 0. 0. 0 0
14.565 1 GPS 0 0 0 0 0 0 0 0 0 0 1
14.592 1 NAVIGATION 0 2 0. 0. 0. 0. 0 0
14.611 1 ATTITUDE 1.244942 0.945721 -0.004472
14.729 1 ESTIMATOR 0. 0.
14.750 1 ENERGY 6.9 0. 0 0.
14.777 1 NAVIGATION 0 2 0. 0. 0. 0. 0 0
14.811 1 GPS 0 0 0 0 0 0 0 0 0 0 1
14.924 1 WP_MOVED 4 348764.6875 5945795. 660. 12
14.946 1 BAT 0 69 0 0 1 20 0 0
14.946 1 DOWNLINK_STATUS 0 15 5330 235 0 560. 25. 910.68
14.970 1 ALIVE 98,118,119,208,66,13,152,127,177,70,235,176,172,191,147,226
15.009 1 DESIRED 0. 0.5 0. 0. 0. 655. 0. 12.
15.028 1 IMU_GYRO -0.046631 0.009521 -0.02002
15.041 1 PPRZ_MODE 2 0 0 0 0 6
15.082 1 NAVIGATION 0 2 0. 0. 0. 0. 0 0
15.116 1 GPS 0 0 0 0 0 0 0 0 0 0 1
15.134 1 ATTITUDE 1.244702 0.946403 -0.004628
15.143 1 STATE_FILTER_STATUS 3 0
15.209 1 ESTIMATOR 0. 0.
15.237 1 NAVIGATION 0 2 0. 0. 0. 0. 0 0
15.271 1 GPS 0 0 0 0 0 0 0 0 0 0 1
15.323 1 WP_MOVED 5 348740. 5945760. 660. 12
15.334 1 DL_VALUE 3 0.
15.386 1 WIND_INFO 1 42 0. 0. 0.
15.530 1 NAVIGATION 0 2 0. 0. 0. 0. 0 0
15.565 1 GPS 0 0 0 0 0 0 0 0 0 0 1
15.592 1 NAVIGATION 0 2 0. 0. 0. 0. 0 0
15.603 1 CALIBRATION 0. 0
15.892 1 ATTITUDE 1.244777 0.947003 -0.00426
15.904 1 DOWNLINK 0 487 475
15.917 1 ESTIMATOR 0. 0.
15.947 1 DOWNLINK_STATUS 0 16 5750 255 0 420. 20. -4089.46
16.027 1 NAVIGATION 0 2 0. 0. 0. 0. 0 0
16.060 1 GPS 0 0 0 0 0 0 0 0 0 0 1
16.081 1 WP_MOVED 6 348665. 5945815. 660. 12
16.184 1 DESIRED 0. 0.5 0. 0. 0. 655. 0. 12.
16.206 1 BAT 0 69 0 0 1 21 0 0
16.321 1 FBW_STATUS 2 0 1 69 0
16.348 1 NAVIGATION 0 2 0. 0. 0. 0. 0 0
16.382 1 GPS 0 0 0 0 0 0 0 0 0 0 1
16.401 1 IMU_GYRO -0.045654 0.009521 -0.019043
16.407 1 PONG 
16.427 1 ATTITUDE 1.244763 0.947584 -0.004241
16.442 1 ESTIMATOR 0. 0.
16.563 1 NAVIGATION 0 2 0. 0. 0. 0. 0 0
16.597 1 GPS 0 0 0 0 0 0 0 0 0 0 1
16.618 1 WP_MOVED 7 349065. 5946015. 660. 12
16.723 1 GPS_SOL 0 0 0 0
16.750 1 NAVIGATION 0 2 0. 0. 0. 0. 0 0
16.784 1 GPS 0 0 0 0 0 0 0 0 0 0 1
16.835 1 NAVIGATION 0 2 0. 0. 0. 0. 0 0
16.854 1 ATTITUDE 1.24463 0.948272 -0.004347
16.947 1 DOWNLINK_STATUS 0 17 6217 275 0 467. 20. 968.46
16.971 1 ESTIMATOR 0. 0.
16.998 1 NAVIGATION 0 2 0. 0. 0. 0. 0 0
17.033 1 GPS 0 0 0 0 0 0 0 0 0 0 1
17.085 1 WP_MOVED 8 349447.90625 5946767.5 660. 12
17.097 1 DL_VALUE 4 0.
17.311 1 DESIRED 0. 0.5 0. 0. 0. 655. 0. 12.
17.338 1 NAVIGATION 0 2 0. 0. 0. 0. 0 0
17.372 1 GPS 0 0 0 0 0 0 0 0 0 0 1
17.394 1 BAT 0 69 0 0 1 23 0 0
17.413 1 ATTITUDE 1.244519 0.949107 -0.004438
17.431 1 IMU_GYRO -0.047852 0.009521 -0.02002
17.447 1 ESTIMATOR 0. 0.
17.468 1 ENERGY 6.9 0. 0 0.
17.495 1 NAVIGATION 0 2 0. 0. 0. 0. 0 0
17.529 1 GPS 0 0 0 0 0 0 0 0 0 0 1
17.564 1 WP_MOVED 9 349369.3125 5945408. 660. 12
17.591 1 NAVIGATION 0 2 0. 0. 0. 0. 0 0
17.732 1 GPS 0 0 0 0 0 0 0 0 0 0 1
17.760 1 NAVIGATION 0 2 0. 0. 0. 0. 0 0
17.778 1 ATTITUDE 1.244561 0.949888 -0.004538
17.789 1 CALIBRATION 0. 0
17.852 1 ESTIMATOR 0. 0.
17.880 1 NAVIGATION 0 2 0. 0. 0. 0. 0 0
17.944 1 GPS 0 0 0 0 0 0 0 0 0 0 1
17.947 1 DOWNLINK_STATUS 0 18 6775 299 0 558. 24. 968.46
17.964 1 WP_MOVED 10 348852.40625 5945427. 660. 12
18.159 1 FBW_STATUS 2 0 1 69 0
18.186 1 NAVIGATION 0 2 0. 0. 0. 0. 0 0
18.220 1 GPS 0 0 0 0 0 0 0 0 0 0 1
18.260 1 DESIRED 0. 0.5 0. 0. 0. 655. 0. 12.
18.278 1 ATTITUDE 1.244938 0.950437 -0.00428
18.300 1 BAT 0 69 0 0 1 24 0 0
18.338 1 ESTIMATOR 0. 0.
18.357 1 IMU_GYRO -0.047852 0.009521 -0.018066
18.384 1 NAVIGATION 0 2 0. 0. 0. 0. 0 0
18.418 1 GPS 0 0 0 0 0 0 0 0 0 0 1
18.439 1 WP_MOVED 11 348865. 5945714. 660. 12
18.450 1 DL_VALUE 5 0.
18.501 1 GPS_SOL 0 0 0 0
18.528 1 NAVIGATION 0 2 0. 0. 0. 0. 0 0
18.562 1 GPS 0 0 0 0 0 0 0 0 0 0 1
18.601 1 NAVIGATION 0 2 0. 0. 0. 0. 0 0
18.619 1 ATTITUDE 1.244816 0.950917 -0.00428
18.634 1 ESTIMATOR 0. 0.
18.767 1 NAVIGATION 0 2 0. 0. 0. 0. 0 0
18.802 1 GPS 0 0 0 0 0 0 0 0 0 0 1
18.822 1 WP_MOVED 12 348655.1875 5945715. 660. 12
18.948 1 DOWNLINK_STATUS 0 19 7281 321 0 506. 22. 968.46
18.962 1 NAVIGATION 0 2 0. 0. 0. 0. 0 0
18.996 1 GPS 0 0 0 0 0 0 0 0 0 0 1
19.116 1 DESIRED 0. 0.5 0. 0. 0. 655. 0. 12.
19.134 1 COMMANDS 0,-9600,5003,0,0
19.152 1 ATTITUDE 1.244509 0.951497 -0.004287
19.320 1 ACTUATORS 1250,1799,1200,1200,1350
19.335 1 ESTIMATOR 0. 0.
19.357 1 BAT 0 69 0 0 1 25 0 0
19.384 1 NAVIGATION 0 2 0. 0. 0. 0. 0 0
19.417 1 GPS 0 0 0 0 0 0 0 0 0 0 1
19.438 1 WP_MOVED 13 348241.40625 5945665. 660. 12
19.456 1 IMU_GYRO -0.043457 0.008301 -0.02002
19.510 1 NAVIGATION 0 2 0. 0. 0. 0. 0 0
19.544 1 GPS 0 0 0 0 0 0 0 0 0 0 1
19.571 1 NAVIGATION 0 2 0. 0. 0. 0. 0 0
19.618 1 ATTITUDE 1.244372 0.95205 -0.004392
19.632 1 ESTIMATOR 0. 0.
19.816 1 CALIBRATION 0. 0
19.837 1 ENERGY 6.9 0. 0 0.
19.864 1 NAVIGATION 0 2 0. 0. 0. 0. 0 0
19.898 1 GPS 0 0 0 0 0 0 0 0 0 0 1
19.919 1 WP_MOVED 14 348242.3125 5945836.5 660. 12
19.930 1 DL_VALUE 6 80.
19.949 1 DOWNLINK_STATUS 0 20 7800 344 0 519. 23. 968.46
19.954 1 ALIVE 98,118,119,208,66,13,152,127,177,70,235,176,172,191,147,226
19.976 1 PPRZ_MODE 2 0 0 0 0 6
19.992 1 FBW_STATUS 2 0 1 69 0
20.019 1 NAVIGATION 0 2 0. 0. 0. 0. 0 0
20.109 1 GPS 0 0 0 0 0 0 0 0 0 0 1
20.128 1 ATTITUDE 1.244415 0.952563 -0.004577
20.170 1 DESIRED 0. 0.5 0. 0. 0. 655. 0. 12.
20.177 1 STATE_FILTER_STATUS 3 0
20.284 1 ESTIMATOR 0. 0.
20.312 1 NAVIGATION 0 2 0. 0. 0. 0. 0 0
20.345 1 GPS 0 0 0 0 0 0 0 0 0 0 1
20.366 1 WP_MOVED 15 348610.09375 5946017. 660. 12
20.388 1 BAT 0 69 0 0 1 26 0 0
20.430 1 IMU_GYRO -0.049805 0.009521 -0.02002
20.447 1 GPS_SOL 0 0 0 0
20.474 1 NAVIGATION 0 2 0. 0. 0. 0. 0 0
20.579 1 GPS 0 0 0 0 0 0 0 0 0 0 1
20.606 1 NAVIGATION 0 2 0. 0. 0. 0. 0 0
20.625 1 ATTITUDE 1.244386 0.953169 -0.004519
20.931 1 ESTIMATOR 0. 0.
20.943 1 DOWNLINK 0 493 586
20.950 1 DOWNLINK_STATUS 0 21 8251 365 0 451. 21. -4032.19
20.970 1 NAVIGATION 0 2 0. 0. 0. 0. 0 0
21.019 1 GPS 0 0 0 0 0 0 0 0 0 0 1
21.040 1 WP_MOVED 16 348775.09375 5946191. 660. 12
21.199 1 NAVIGATION 0 2 0. 0. 0. 0. 0 0
21.232 1 GPS 0 0 0 0 0 0 0 0 0 0 1
21.238 1 PONG 
21.257 1 ATTITUDE 1.244455 0.953526 -0.004428
21.341 1 DESIRED 0. 0.5 0. 0. 0. 655. 0. 12.
21.356 1 ESTIMATOR 0. 0.
21.457 1 NAVIGATION 0 2 0. 0. 0. 0. 0 0
21.491 1 GPS 0 0 0 0 0 0 0 0 0 0 1
21.512 1 WP_MOVED 17 348944.6875 5946570. 660. 12
21.523 1 DL_VALUE 7 2.
21.604 1 BAT 0 69 0 0 1 27 0 0
21.631 1 NAVIGATION 0 2 0. 0. 0. 0. 0 0
21.671 1 GPS 0 0 0 0 0 0 0 0 0 0 1
21.743 1 NAVIGATION 0 2 0. 0. 0. 0. 0 0
21.762 1 IMU_GYRO -0.045654 0.007324 -0.019043
21.781 1 ATTITUDE 1.244862 0.953993 -0.004095
21.902 1 ESTIMATOR 0. 0.
21.930 1 NAVIGATION 0 2 0. 0. 0. 0. 0 0
21.950 1 DOWNLINK_STATUS 0 22 8737 386 0 486. 21. 799.02
21.964 1 GPS 0 0 0 0 0 0 0 0 0 0 1
21.984 1 WP_MOVED 18 348975. 5946791.5 660. 12
21.995 1 CALIBRATION 0. 0
22.058 1 FBW_STATUS 2 0 1 69 0
22.085 1 NAVIGATION 0 2 0. 0. 0. 0. 0 0
22.120 1 GPS 0 0 0 0 0 0 0 0 0 0 1
22.138 1 ATTITUDE 1.244455 0.954546 -0.003723
22.363 1 ESTIMATOR 0. 0.
22.403 1 DESIRED 0. 0.5 0. 0. 0. 655. 0. 12.
22.423 1 ENERGY 6.9 0. 0 0.
22.450 1 NAVIGATION 0 2 0. 0. 0. 0. 0 0
22.485 1 GPS 0 0 0 0 0 0 0 0 0 0 1
22.505 1 WP_MOVED 0 348907. 5945757. 660. 12
22.521 1 NAVIGATION_REF 348865 5945715 12
22.544 1 GPS_SOL 0 0 0 0
22.571 1 NAVIGATION 0 2 0. 0. 0. 0. 0 0
22.605 1 GPS 0 0 0 0 0 0 0 0 0 0 1
22.631 1 NAVIGATION 0 2 0. 0. 0. 0. 0 0
22.682 1 BAT 0 69 0 0 1 28 0 0
22.702 1 ATTITUDE 1.244191 0.954751 -0.003801
22.720 1 IMU_GYRO -0.046631 0.009521 -0.02002
22.734 1 ESTIMATOR 0. 0.
22.762 1 NAVIGATION 0 2 0. 0. 0. 0. 0 0
22.834 1 GPS 0 0 0 0 0 0 0 0 0 0 1
22.854 1 WP_MOVED 1 348865. 5945715. 660. 12
22.865 1 DL_VALUE 8 0.
22.951 1 DOWNLINK_STATUS 0 23 9322 412 0 585. 26. 799.02
22.963 1 NAVIGATION 0 2 0. 0. 0. 0. 0 0
22.997 1 GPS 0 0 0 0 0 0 0 0 0 0 1
23.052 1 ATTITUDE 1.244094 0.954968 -0.003756
23.174 1 ESTIMATOR 0. 0.
23.200 1 NAVIGATION 0 2 0. 0. 0. 0. 0 0
23.323 1 GPS 0 0 0 0 0 0 0 0 0 0 1
23.362 1 DESIRED 0. 0.5 0. 0. 0. 655. 0. 12.
23.383 1 WP_MOVED 2 348895. 5945815. 660. 12
23.510 1 NAVIGATION 0 2 0. 0. 0. 0. 0 0
23.545 1 GPS 0 0 0 0 0 0 0 0 0 0 1
23.572 1 NAVIGATION 0 2 0. 0. 0. 0. 0 0
23.635 1 ATTITUDE 1.243945 0.955305 -0.003767
23.656 1 BAT 0 69 0 0 1 29 0 0
23.673 1 ESTIMATOR 0. 0.
23.776 1 IMU_GYRO -0.046631 0.009521 -0.019043
23.803 1 NAVIGATION 0 2 0. 0. 0. 0. 0 0
23.837 1 GPS 0 0 0 0 0 0 0 0 0 0 1
23.858 1 WP_MOVED 3 348965.09375 5945786. 660. 12
23.890 1 CALIBRATION 0. 0
23.906 1 FBW_STATUS 2 0 1 69 0
23.953 1 DOWNLINK_STATUS 0 24 9791 432 0 469. 20. 799.02
24.045 1 NAVIGATION 0 2 0. 0. 0. 0. 0 0
24.079 1 GPS 0 0 0 0 0 0 0 0 0 0 1
24.096 1 COMMANDS 0,-9600,5006,0,0
24.115 1 ATTITUDE 1.243933 0.955757 -0.003726
24.180 1 ACTUATORS 1250,1799,1200,1200,1350
24.196 1 ESTIMATOR 0. 0.
24.223 1 NAVIGATION 0 2 0. 0. 0. 0. 0 0
24.349 1 GPS 0 0 0 0 0 0 0 0 0 0 1
24.370 1 WP_MOVED 4 348764.6875 5945795. 660. 12
24.409 1 DESIRED 0. 0.5 0. 0. 0. 655. 0. 12.
24.420 1 DL_VALUE 9 1.
24.493 1 GPS_SOL 0 0 0 0
24.520 1 NAVIGATION 0 2 0. 0. 0. 0. 0 0
24.554 1 GPS 0 0 0 0 0 0 0 0 0 0 1
24.605 1 NAVIGATION 0 2 0. 0. 0. 0. 0 0
24.623 1 ATTITUDE 1.243901 0.956191 -0.003614
24.638 1 ESTIMATOR 0. 0.
24.861 1 BAT 0 69 0 0 1 30 0 0
24.882 1 ENERGY 6.9 0. 0 0.
24.909 1 NAVIGATION 0 2 0. 0. 0. 0. 0 0
24.943 1 GPS 0 0 0 0 0 0 0 0 0 0 1
24.953 1 DOWNLINK_STATUS 0 25 10278 453 0 487. 21. 799.02
24.964 1 WP_MOVED 5 348740. 5945760. 660. 12
24.983 1 IMU_GYRO -0.047852 0.009521 -0.02002
25.007 1 ALIVE 98,118,119,208,66,13,152,127,177,70,235,176,172,191,147,226
25.019 1 PPRZ_MODE 2 0 0 0 0 6
25.046 1 NAVIGATION 0 2 0. 0. 0. 0. 0 0
25.081 1 GPS 0 0 0 0 0 0 0 0 0 0 1
25.121 1 ATTITUDE 1.243928 0.956448 -0.003648
25.130 1 STATE_FILTER_STATUS 3 0
25.145 1 ESTIMATOR 0. 0.
25.276 1 NAVIGATION 0 2 0. 0. 0. 0. 0 0
25.310 1 GPS 0 0 0 0 0 0 0 0 0 0 1
25.331 1 WP_MOVED 6 348665. 5945815. 660. 12
25.386 1 WIND_INFO 1 42 0. 0. 0.
25.407 1 DESIRED 0. 0.5 0. 0. 0. 655. 0. 12.
25.540 1 NAVIGATION 0 2 0. 0. 0. 0. 0 0
25.574 1 GPS 0 0 0 0 0 0 0 0 0 0 1
25.601 1 NAVIGATION 0 2 0. 0. 0. 0. 0 0
25.896 1 ATTITUDE 1.243989 0.956756 -0.003654
25.910 1 ESTIMATOR 0. 0.
25.937 1 NAVIGATION 0 2 0. 0. 0. 0. 0 0
25.953 1 DOWNLINK_STATUS 0 26 10711 472 0 433. 19. -4201.92
26.076 1 GPS 0 0 0 0 0 0 0 0 0 0 1
26.097 1 WP_MOVED 7 349065. 5946015. 660. 12
26.119 1 BAT 0 69 0 0 1 31 0 0
26.130 1 DL_VALUE 10 0.
26.142 1 DOWNLINK 0 501 698
26.178 1 IMU_GYRO -0.047852 0.008301 -0.019043
26.195 1 FBW_STATUS 2 0 1 69 0
26.332 1 NAVIGATION 0 2 0. 0. 0. 0. 0 0
26.366 1 GPS 0 0 0 0 0 0 0 0 0 0 1
26.377 1 CALIBRATION 0. 0
26.384 1 PONG 
26.402 1 ATTITUDE 1.243976 0.956851 -0.003557
26.461 1 ESTIMATOR 0. 0.
26.488 1 NAVIGATION 0 2 0. 0. 0. 0. 0 0
26.561 1 GPS 0 0 0 0 0 0 0 0 0 0 1
26.582 1 WP_MOVED 8 349447.90625 5946767.5 660. 12
26.772 1 DESIRED 0. 0.5 0. 0. 0. 655. 0. 12.
26.789 1 GPS_SOL 0 0 0 0
26.816 1 NAVIGATION 0 2 0. 0. 0. 0. 0 0
26.850 1 GPS 0 0 0 0 0 0 0 0 0 0 1
26.877 1 NAVIGATION 0 2 0. 0. 0. 0. 0 0
26.896 1 ATTITUDE 1.24401 0.957163 -0.003693
26.954 1 DOWNLINK_STATUS 0 27 11185 494 0 474. 22. 943.76
26.998 1 ESTIMATOR 0. 0.
27.025 1 NAVIGATION 0 2 0. 0. 0. 0. 0 0
27.060 1 GPS 0 0 0 0 0 0 0 0 0 0 1
27.120 1 WP_MOVED 9 349369.3125 5945408. 660. 12
27.142 1 BAT 0 69 0 0 1 32 0 0
27.271 1 NAVIGATION 0 2 0. 0. 0. 0. 0 0
27.305 1 GPS 0 0 0 0 0 0 0 0 0 0 1
27.324 1 IMU_GYRO -0.047852 0.008301 -0.02002
27.379 1 ATTITUDE 1.243932 0.957516 -0.003802
27.394 1 ESTIMATOR 0. 0.
27.531 1 ENERGY 6.9 0. 0 0.
27.559 1 NAVIGATION 0 2 0. 0. 0. 0. 0 0
27.592 1 GPS 0 0 0 0 0 0 0 0 0 0 1
27.613 1 WP_MOVED 10 348852.40625 5945427. 660. 12
27.624 1 DL_VALUE 0 0.
27.743 1 DESIRED 0. 0.5 0. 0. 0. 655. 0. 12.
27.770 1 NAVIGATION 0 2 0. 0. 0. 0. 0 0
27.805 1 GPS 0 0 0 0 0 0 0 0 0 0 1
27.832 1 NAVIGATION 0 2 0. 0. 0. 0. 0 0
27.850 1 ATTITUDE 1.244043 0.957632 -0.003706
27.865 1 ESTIMATOR 0. 0.
27.892 1 NAVIGATION 0 2 0. 0. 0. 0. 0 0
27.954 1 DOWNLINK_STATUS 0 28 11699 516 0 514. 22. 943.76
27.987 1 GPS 0 0 0 0 0 0 0 0 0 0 1
28.008 1 WP_MOVED 11 348865. 5945714. 660. 12
28.168 1 FBW_STATUS 2 0 1 69 0
28.195 1 NAVIGATION 0 2 0. 0. 0. 0. 0 0
28.229 1 GPS 0 0 0 0 0 0 0 0 0 0 1
28.251 1 BAT 0 69 0 0 1 34 0 0
28.269 1 ATTITUDE 1.244061 0.957839 -0.003791
28.288 1 IMU_GYRO -0.047852 0.009521 -0.02002
28.300 1 CALIBRATION 0. 0
28.324 1 ESTIMATOR 0. 0.
28.351 1 NAVIGATION 0 2 0. 0. 0. 0. 0 0
28.385 1 GPS 0 0 0 0 0 0 0 0 0 0 1
28.406 1 WP_MOVED 12 348655.1875 5945715. 660. 12
28.474 1 GPS_SOL 0 0 0 0
28.501 1 NAVIGATION 0 2 0. 0. 0. 0. 0 0
28.536 1 GPS 0 0 0 0 0 0 0 0 0 0 1
28.621 1 NAVIGATION 0 2 0. 0. 0. 0. 0 0
28.660 1 DESIRED 0. 0.5 0. 0. 0. 655. 0. 12.
28.680 1 ATTITUDE 1.244159 0.958011 -0.003776
28.781 1 ESTIMATOR 0. 0.
28.808 1 NAVIGATION 0 2 0. 0. 0. 0. 0 0
28.842 1 GPS 0 0 0 0 0 0 0 0 0 0 1
28.863 1 WP_MOVED 13 348241.40625 5945665. 660. 12
28.875 1 DL_VALUE 1 0.
28.955 1 DOWNLINK_STATUS 0 29 12249 540 0 550. 24. 943.76
28.961 1 NAVIGATION 0 2 0. 0. 0. 0. 0 0
28.996 1 GPS 0 0 0 0 0 0 0 0 0 0 1
29.079 1 COMMANDS 0,-9600,5010,0,0
29.098 1 ATTITUDE 1.244249 0.95793 -0.003885
29.120 1 BAT 0 69 0 0 1 35 0 0
29.252 1 ACTUATORS 1250,1799,1200,1200,1350
29.265 1 ESTIMATOR 0. 0.
29.284 1 IMU_GYRO -0.046631 0.009521 -0.02002
29.311 1 NAVIGATION 0 2 0. 0. 0. 0. 0 0
29.345 1 GPS 0 0 0 0 0 0 0 0 0 0 1
29.366 1 WP_MOVED 14 348242.3125 5945836.5 660. 12
29.612 1 NAVIGATION 0 2 0. 0. 0. 0. 0 0
29.646 1 GPS 0 0 0 0 0 0 0 0 0 0 1
29.673 1 NAVIGATION 0 2 0. 0. 0. 0. 0 0
29.713 1 DESIRED 0. 0.5 0. 0. 0. 655. 0. 12.
29.732 1 ATTITUDE 1.24413 0.958113 -0.003782
29.777 1 ESTIMATOR 0. 0.
29.798 1 ENERGY 6.9 0. 0 0.
29.825 1 NAVIGATION 0 2 0. 0. 0. 0. 0 0
29.859 1 GPS 0 0 0 0 0 0 0 0 0 0 1
29.880 1 WP_MOVED 15 348610.09375 5946017. 660. 12
29.904 1 ALIVE 98,118,119,208,66,13,152,127,177,70,235,176,172,191,147,226
29.916 1 PPRZ_MODE 2 0 0 0 0 6
29.932 1 FBW_STATUS 2 0 1 69 0
29.956 1 DOWNLINK_STATUS 0 30 12796 564 0 547. 24. 943.76
30.053 1 NAVIGATION 0 2 0. 0. 0. 0. 0 0
30.087 1 GPS 0 0 0 0 0 0 0 0 0 0 1
30.105 1 ATTITUDE 1.244099 0.958304 -0.00382
30.114 1 STATE_FILTER_STATUS 3 0
30.186 1 ESTIMATOR 0. 0.
30.208 1 BAT 0 69 0 0 1 36 0 0
30.219 1 CALIBRATION 0. 0
30.332 1 NAVIGATION 0 2 0. 0. 0. 0. 0 0
30.366 1 GPS 0 0 0 0 0 0 0 0 0 0 1
30.387 1 WP_MOVED 16 348775.09375 5946191. 660. 12
30.406 1 IMU_GYRO -0.046631 0.009521 -0.02002
30.417 1 DL_VALUE 2 655.
30.489 1 GPS_SOL 0 0 0 0
30.516 1 NAVIGATION 0 2 0. 0. 0. 0. 0 0
30.550 1 GPS 0 0 0 0 0 0 0 0 0 0 1
30.577 1 NAVIGATION 0 2 0. 0. 0. 0. 0 0
30.889 1 ATTITUDE 1.244122 0.958556 -0.003584
30.929 1 DESIRED 0. 0.5 0. 0. 0. 655. 0. 12.
30.942 1 ESTIMATOR 0. 0.
30.957 1 DOWNLINK_STATUS 0 31 13208 583 0 412. 19. -4057.25
31.042 1 NAVIGATION 0 2 0. 0. 0. 0. 0 0
31.076 1 GPS 0 0 0 0 0 0 0 0 0 0 1
31.097 1 WP_MOVED 17 348944.6875 5946570. 660. 12
31.119 1 DOWNLINK 0 488 808
31.258 1 PONG 
31.285 1 NAVIGATION 0 2 0. 0. 0. 0. 0 0
31.319 1 GPS 0 0 0 0 0 0 0 0 0 0 1
31.375 1 ATTITUDE 1.244296 0.958686 -0.00348
31.389 1 ESTIMATOR 0. 0.
31.519 1 NAVIGATION 0 2 0. 0. 0. 0. 0 0
31.553 1 GPS 0 0 0 0 0 0 0 0 0 0 1
31.574 1 WP_MOVED 18 348975. 5946791.5 660. 12
31.596 1 BAT 0 69 0 0 1 37 0 0
31.636 1 NAVIGATION_REF 348865 5945715 12
31.655 1 IMU_GYRO -0.047852 0.009521 -0.02002
31.795 1 NAVIGATION 0 2 0. 0. 0. 0. 0 0
31.828 1 GPS 0 0 0 0 0 0 0 0 0 0 1
31.855 1 NAVIGATION 0 2 0. 0. 0. 0. 0 0
31.936 1 ATTITUDE 1.244267 0.958927 -0.003533
31.957 1 DOWNLINK_STATUS 0 32 13631 602 0 423. 19. 816.97
31.975 1 DESIRED 0. 0.5 0. 0. 0. 655. 0. 12.
31.990 1 ESTIMATOR 0. 0.
32.066 1 NAVIGATION 0 2 0. 0. 0. 0. 0 0
32.100 1 GPS 0 0 0 0 0 0 0 0 0 0 1
32.121 1 WP_MOVED 0 348907. 5945757. 660. 12
32.132 1 DL_VALUE 3 0.
32.235 1 FBW_STATUS 2 0 1 69 0
32.262 1 NAVIGATION 0 2 0. 0. 0. 0. 0 0
32.297 1 GPS 0 0 0 0 0 0 0 0 0 0 1
32.315 1 ATTITUDE 1.244271 0.959145 -0.003625
32.396 1 ESTIMATOR 0. 0.
32.417 1 ENERGY 6.9 0. 0 0.
32.444 1 NAVIGATION 0 2 0. 0. 0. 0. 0 0
32.478 1 GPS 0 0 0 0 0 0 0 0 0 0 1
32.528 1 WP_MOVED 1 348865. 5945715. 660. 12
32.539 1 CALIBRATION 0. 0
32.561 1 BAT 0 69 0 0 1 38 0 0
32.579 1 GPS_SOL 0 0 0 0
32.720 1 NAVIGATION 0 2 0. 0. 0. 0. 0 0
32.754 1 GPS 0 0 0 0 0 0 0 0 0 0 1
32.781 1 NAVIGATION 0 2 0. 0. 0. 0. 0 0
32.800 1 IMU_GYRO -0.045654 0.008301 -0.019043
32.818 1 ATTITUDE 1.244283 0.959348 -0.003672
32.895 1 ESTIMATOR 0. 0.
32.934 1 DESIRED 0. 0.5 0. 0. 0. 655. 0. 12.
32.958 1 DOWNLINK_STATUS 0 33 14200 627 0 569. 25. 816.97
32.961 1 NAVIGATION 0 2 0. 0. 0. 0. 0 0
32.995 1 GPS 0 0 0 0 0 0 0 0 0 0 1
33.016 1 WP_MOVED 2 348895. 5945815. 660. 12
33.051 1 NAVIGATION 0 2 0. 0. 0. 0. 0 0
33.085 1 GPS 0 0 0 0 0 0 0 0 0 0 1
33.104 1 ATTITUDE 1.244294 0.959731 -0.003953
33.156 1 ESTIMATOR 0. 0.
33.183 1 NAVIGATION 0 2 0. 0. 0. 0. 0 0
33.301 1 GPS 0 0 0 0 0 0 0 0 0 0 1
33.321 1 WP_MOVED 3 348965.09375 5945786. 660. 12
33.333 1 DL_VALUE 4 0.
33.547 1 NAVIGATION 0 2 0. 0. 0. 0. 0 0
33.581 1 GPS 0 0 0 0 0 0 0 0 0 0 1
33.608 1 NAVIGATION 0 2 0. 0. 0. 0. 0 0
33.630 1 BAT 0 69 0 0 1 39 0 0
33.684 1 ATTITUDE 1.244321 0.959755 -0.00407
33.702 1 IMU_GYRO -0.046631 0.008301 -0.02002
33.717 1 ESTIMATOR 0. 0.
33.744 1 NAVIGATION 0 2 0. 0. 0. 0. 0 0
33.851 1 GPS 0 0 0 0 0 0 0 0 0 0 1
33.891 1 DESIRED 0. 0.5 0. 0. 0. 655. 0. 12.
33.911 1 WP_MOVED 4 348764.6875 5945795. 660. 12
33.958 1 DOWNLINK_STATUS 0 34 14733 649 0 533. 22. 816.97
33.977 1 FBW_STATUS 2 0 1 69 0
34.004 1 NAVIGATION 0 2 0. 0. 0. 0. 0 0
34.038 1 GPS 0 0 0 0 0 0 0 0 0 0 1
34.107 1 COMMANDS 0,-9600,5016,0,0
34.125 1 ATTITUDE 1.244529 0.959839 -0.004172
34.143 1 ACTUATORS 1250,1800,1200,1200,1350
34.256 1 ESTIMATOR 0. 0.
34.283 1 NAVIGATION 0 2 0. 0. 0. 0. 0 0
34.317 1 GPS 0 0 0 0 0 0 0 0 0 0 1
34.338 1 WP_MOVED 5 348740. 5945760. 660. 12
34.368 1 GPS_SOL 0 0 0 0
34.380 1 CALIBRATION 0. 0
34.522 1 NAVIGATION 0 2 0. 0. 0. 0. 0 0
34.557 1 GPS 0 0 0 0 0 0 0 0 0 0 1
34.584 1 NAVIGATION 0 2 0. 0. 0. 0. 0 0
34.664 1 ATTITUDE 1.244529 0.95993 -0.00413
34.686 1 BAT 0 69 0 0 1 40 0 0
34.700 1 ESTIMATOR 0. 0.
34.719 1 IMU_GYRO -0.047852 0.009521 -0.02002
34.919 1 ENERGY 6.9 0. 0 0.
34.946 1 NAVIGATION 0 2 0. 0. 0. 0. 0 0
34.959 1 DOWNLINK_STATUS 0 35 15182 670 0 449. 21. 816.97
34.980 1 GPS 0 0 0 0 0 0 0 0 0 0 1
35.001 1 WP_MOVED 6 348665. 5945815. 660. 12
35.040 1 DESIRED 0. 0.5 0. 0. 0. 655. 0. 12.
35.052 1 DL_VALUE 5 0.
35.076 1 ALIVE 98,118,119,208,66,13,152,127,177,70,235,176,172,191,147,226
35.087 1 PPRZ_MODE 2 0 0 0 0 6
35.115 1 NAVIGATION 0 2 0. 0. 0. 0. 0 0
35.148 1 GPS 0 0 0 0 0 0 0 0 0 0 1
35.167 1 ATTITUDE 1.244639 0.960026 -0.004177
35.176 1 STATE_FILTER_STATUS 3 0
35.213 1 ESTIMATOR 0. 0.
35.240 1 NAVIGATION 0 2 0. 0. 0. 0. 0 0
35.274 1 GPS 0 0 0 0 0 0 0 0 0 0 1
35.318 1 WP_MOVED 7 349065. 5946015. 660. 12
35.386 1 WIND_INFO 1 42 0. 0. 0.
35.509 1 NAVIGATION 0 2 0. 0. 0. 0. 0 0
35.543 1 GPS 0 0 0 0 0 0 0 0 0 0 1
35.570 1 NAVIGATION 0 2 0. 0. 0. 0. 0 0
35.861 1 ATTITUDE 1.244669 0.960132 -0.004284
35.875 1 ESTIMATOR 0. 0.
35.960 1 DOWNLINK_STATUS 0 36 15615 689 0 433. 19. -4183.35
36.024 1 BAT 0 69 0 0 1 41 0 0
36.051 1 NAVIGATION 0 2 0. 0. 0. 0. 0 0
36.086 1 GPS 0 0 0 0 0 0 0 0 0 0 1
36.106 1 WP_MOVED 8 349447.90625 5946767.5 660. 12
36.125 1 IMU_GYRO -0.047852 0.009521 -0.02002
36.165 1 DESIRED 0. 0.5 0. 0. 0. 655. 0. 12.
36.297 1 FBW_STATUS 2 0 1 69 0
36.324 1 NAVIGATION 0 2 0. 0. 0. 0. 0 0
36.330 1 PONG 
36.364 1 GPS 0 0 0 0 0 0 0 0 0 0 1
36.376 1 DOWNLINK 0 502 921
36.424 1 ATTITUDE 1.244528 0.959939 -0.004018
36.439 1 ESTIMATOR 0. 0.
36.548 1 NAVIGATION 0 2 0. 0. 0. 0. 0 0
36.583 1 GPS 0 0 0 0 0 0 0 0 0 0 1
36.603 1 WP_MOVED 9 349369.3125 5945408. 660. 12
36.615 1 DL_VALUE 6 80.
36.688 1 GPS_SOL 0 0 0 0
36.715 1 NAVIGATION 0 2 0. 0. 0. 0. 0 0
36.833 1 GPS 0 0 0 0 0 0 0 0 0 0 1
36.860 1 NAVIGATION 0 2 0. 0. 0. 0. 0 0
36.872 1 CALIBRATION 0. 0
36.890 1 ATTITUDE 1.244595 0.960033 -0.003977
36.960 1 ESTIMATOR 0. 0.
36.960 1 DOWNLINK_STATUS 0 37 16129 713 0 514. 24. 888.53
36.987 1 NAVIGATION 0 2 0. 0. 0. 0. 0 0
37.087 1 GPS 0 0 0 0 0 0 0 0 0 0 1
37.108 1 WP_MOVED 10 348852.40625 5945427. 660. 12
37.130 1 BAT 0 69 0 0 1 42 0 0
37.273 1 DESIRED 0. 0.5 0. 0. 0. 655. 0. 12.
37.291 1 IMU_GYRO -0.047852 0.009521 -0.02002
37.318 1 NAVIGATION 0 2 0. 0. 0. 0. 0 0
37.353 1 GPS 0 0 0 0 0 0 0 0 0 0 1
37.371 1 ATTITUDE 1.244703 0.960109 -0.004079
37.529 1 ESTIMATOR 0. 0.
37.551 1 ENERGY 6.9 0. 0 0.
37.575 1 NAVIGATION 0 2 0. 0. 0. 0. 0 0
37.610 1 GPS 0 0 0 0 0 0 0 0 0 0 1
37.631 1 WP_MOVED 11 348865. 5945714. 660. 12
37.770 1 NAVIGATION 0 2 0. 0. 0. 0. 0 0
37.804 1 GPS 0 0 0 0 0 0 0 0 0 0 1
37.831 1 NAVIGATION 0 2 0. 0. 0. 0. 0 0
37.892 1 ATTITUDE 1.244579 0.960351 -0.003924
37.906 1 ESTIMATOR 0. 0.
37.961 1 DOWNLINK_STATUS 0 38 16592 732 0 463. 19. 888.53
38.015 1 NAVIGATION 0 2 0. 0. 0. 0. 0 0
38.049 1 GPS 0 0 0 0 0 0 0 0 0 0 1
38.070 1 WP_MOVED 12 348655.1875 5945715. 660. 12
38.081 1 DL_VALUE 7 2.
38.162 1 BAT 0 69 0 0 1 43 0 0
38.202 1 DESIRED 0. 0.5 0. 0. 0. 655. 0. 12.
38.324 1 FBW_STATUS 2 0 1 69 0
38.351 1 NAVIGATION 0 2 0. 0. 0. 0. 0 0
38.386 1 GPS 0 0 0 0 0 0 0 0 0 0 1
38.403 1 IMU_GYRO -0.045654 0.007324 -0.019043
38.422 1 ATTITUDE 1.244459 0.960616 -0.003933
38.436 1 ESTIMATOR 0. 0.
38.556 1 NAVIGATION 0 2 0. 0. 0. 0. 0 0
38.590 1 GPS 0 0 0 0 0 0 0 0 0 0 1
38.611 1 WP_MOVED 13 348241.40625 5945665. 660. 12
38.714 1 GPS_SOL 0 0 0 0
38.741 1 NAVIGATION 0 2 0. 0. 0. 0. 0 0
38.778 1 GPS 0 0 0 0 0 0 0 0 0 0 1
38.839 1 NAVIGATION 0 2 0. 0. 0. 0. 0 0
38.858 1 ATTITUDE 1.244625 0.960572 -0.003578
38.869 1 CALIBRATION 0. 0
38.962 1 DOWNLINK_STATUS 0 39 17075 753 0 483. 21. 888.53
38.971 1 ESTIMATOR 0. 0.
38.998 1 NAVIGATION 0 2 0. 0. 0. 0. 0 0
39.063 1 GPS 0 0 0 0 0 0 0 0 0 0 1
39.083 1 WP_MOVED 14 348242.3125 5945836.5 660. 12
39.316 1 NAVIGATION 0 2 0. 0. 0. 0. 0 0
39.351 1 GPS 0 0 0 0 0 0 0 0 0 0 1
39.390 1 DESIRED 0. 0.5 0. 0. 0. 655. 0. 12.
39.412 1 BAT 0 69 0 0 1 45 0 0
39.430 1 COMMANDS 0,-9600,5001,0,0
39.448 1 ATTITUDE 1.244558 0.96065 -0.003656
39.467 1 IMU_GYRO -0.047852 0.007324 -0.019043
39.485 1 ACTUATORS 1250,1798,1200,1200,1350
39.499 1 ESTIMATOR 0. 0.
39.526 1 NAVIGATION 0 2 0. 0. 0. 0. 0 0
39.560 1 GPS 0 0 0 0 0 0 0 0 0 0 1
39.598 1 WP_MOVED 15 348610.09375 5946017. 660. 12
39.610 1 DL_VALUE 8 0.
39.637 1 NAVIGATION 0 2 0. 0. 0. 0. 0 0
39.717 1 GPS 0 0 0 0 0 0 0 0 0 0 1
39.744 1 NAVIGATION 0 2 0. 0. 0. 0. 0 0
39.763 1 ATTITUDE 1.244441 0.960832 -0.003737
39.894 1 ESTIMATOR 0. 0.
39.915 1 ENERGY 6.9 0. 0 0.
39.942 1 NAVIGATION 0 2 0. 0. 0. 0. 0 0
39.962 1 DOWNLINK_STATUS 0 40 17623 777 0 548. 24. 888.53
39.976 1 GPS 0 0 0 0 0 0 0 0 0 0 1
39.997 1 WP_MOVED 16 348775.09375 5946191. 660. 12
40.021 1 ALIVE 98,118,119,208,66,13,152,127,177,70,235,176,172,191,147,226
40.033 1 PPRZ_MODE 2 0 0 0 0 6
40.239 1 FBW_STATUS 2 0 1 69 0
40.266 1 NAVIGATION 0 2 0. 0. 0. 0. 0 0
40.301 1 GPS 0 0 0 0 0 0 0 0 0 0 1
40.340 1 DESIRED 0. 0.5 0. 0. 0. 655. 0. 12.
40.359 1 ATTITUDE 1.244692 0.960992 -0.003198
40.381 1 BAT 0 69 0 0 1 46 0 0
40.390 1 STATE_FILTER_STATUS 3 0
40.405 1 ESTIMATOR 0. 0.
40.423 1 IMU_GYRO -0.043457 0.016846 -0.019043
40.450 1 NAVIGATION 0 2 0. 0. 0. 0. 0 0
40.485 1 GPS 0 0 0 0 0 0 0 0 0 0 1
40.505 1 WP_MOVED 17 348944.6875 5946570. 660. 12
40.521 1 NAVIGATION_REF 348865 5945715 12
40.539 1 GPS_SOL 0 0 0 0
40.588 1 NAVIGATION 0 2 0. 0. 0. 0. 0 0
40.622 1 GPS 0 0 0 0 0 0 0 0 0 0 1
40.649 1 NAVIGATION 0 2 0. 0. 0. 0. 0 0
40.668 1 ATTITUDE 1.244475 0.961166 -0.00337
40.941 1 ESTIMATOR 0. 0.
40.951 1 CALIBRATION 0. 0
40.963 1 DOWNLINK_STATUS 0 41 18142 801 0 519. 24. -4112.03
40.979 1 NAVIGATION 0 2 0. 0. 0. 0. 0 0
41.014 1 GPS 0 0 0 0 0 0 0 0 0 0 1
41.048 1 WP_MOVED 18 348975. 5946791.5 660. 12
41.059 1 DL_VALUE 9 1.
41.245 1 NAVIGATION 0 2 0. 0. 0. 0. 0 0
41.279 1 GPS 0 0 0 0 0 0 0 0 0 0 1
41.285 1 PONG 
41.304 1 ATTITUDE 1.243705 0.96124 -0.003463
41.343 1 DESIRED 0. 0.5 0. 0. 0. 655. 0. 12.
41.359 1 DOWNLINK 0 490 1032
41.373 1 ESTIMATOR 0. 0.
41.395 1 BAT 0 69 0 0 1 47 0 0
41.422 1 NAVIGATION 0 2 0. 0. 0. 0. 0 0
41.515 1 GPS 0 0 0 0 0 0 0 0 0 0 1
41.536 1 WP_MOVED 0 348907. 5945757. 660. 12
41.555 1 IMU_GYRO -0.045654 0.006348 -0.019043
41.669 1 NAVIGATION 0 2 0. 0. 0. 0. 0 0
41.707 1 GPS 0 0 0 0 0 0 0 0 0 0 1
41.730 1 NAVIGATION 0 2 0. 0. 0. 0. 0 0
41.767 1 ATTITUDE 1.243913 0.961286 -0.003581
41.783 1 ESTIMATOR 0. 0.
41.921 1 NAVIGATION 0 2 0. 0. 0. 0. 0 0
41.955 1 GPS 0 0 0 0 0 0 0 0 0 0 1
41.963 1 DOWNLINK_STATUS 0 42 18672 824 0 530. 23. 843.1
41.976 1 WP_MOVED 1 348865. 5945715. 660. 12
42.066 1 FBW_STATUS 2 0 1 69 0
42.093 1 NAVIGATION 0 2 0. 0. 0. 0. 0 0
42.127 1 GPS 0 0 0 0 0 0 0 0 0 0 1
42.146 1 ATTITUDE 1.243879 0.961336 -0.003358
42.273 1 DESIRED 0. 0.5 0. 0. 0. 655. 0. 12.
42.288 1 ESTIMATOR 0. 0.
42.309 1 ENERGY 6.9 0. 0 0.
42.336 1 NAVIGATION 0 2 0. 0. 0. 0. 0 0
42.393 1 GPS 0 0 0 0 0 0 0 0 0 0 1
42.414 1 WP_MOVED 2 348895. 5945815. 660. 12
42.436 1 BAT 0 69 0 0 1 48 0 0
42.447 1 DL_VALUE 10 0.
42.466 1 IMU_GYRO -0.043457 0.007324 -0.018066
42.483 1 GPS_SOL 0 0 0 0
42.581 1 NAVIGATION 0 2 0. 0. 0. 0. 0 0
42.615 1 GPS 0 0 0 0 0 0 0 0 0 0 1
42.642 1 NAVIGATION 0 2 0. 0. 0. 0. 0 0
42.660 1 ATTITUDE 1.243987 0.961525 -0.003519
42.709 1 ESTIMATOR 0. 0.
42.736 1 NAVIGATION 0 2 0. 0. 0. 0. 0 0
42.770 1 GPS 0 0 0 0 0 0 0 0 0 0 1
42.823 1 WP_MOVED 3 348965.09375 5945786. 660. 12
42.835 1 CALIBRATION 0. 0
42.960 1 NAVIGATION 0 2 0. 0. 0. 0. 0 0
42.964 1 DOWNLINK_STATUS 0 43 19235 849 0 563. 25. 843.1
42.994 1 GPS 0 0 0 0 0 0 0 0 0 0 1
43.049 1 ATTITUDE 1.244001 0.961499 -0.003548
43.298 1 ESTIMATOR 0. 0.
43.337 1 DESIRED 0. 0.5 0. 0. 0. 655. 0. 12.
43.364 1 NAVIGATION 0 2 0. 0. 0. 0. 0 0
43.397 1 GPS 0 0 0 0 0 0 0 0 0 0 1
43.418 1 WP_MOVED 4 348764.6875 5945795. 660. 12
43.440 1 BAT 0 69 0 0 1 49 0 0
43.467 1 NAVIGATION 0 2 0. 0. 0. 0. 0 0
43.580 1 GPS 0 0 0 0 0 0 0 0 0 0 1
43.607 1 NAVIGATION 0 2 0. 0. 0. 0. 0 0
43.626 1 IMU_GYRO -0.049805 0.009521 -0.019043
43.644 1 ATTITUDE 1.244146 0.961491 -0.003421
43.718 1 ESTIMATOR 0. 0.
43.745 1 NAVIGATION 0 2 0. 0. 0. 0. 0 0
43.779 1 GPS 0 0 0 0 0 0 0 0 0 0 1
43.825 1 WP_MOVED 5 348740. 5945760. 660. 12
43.837 1 DL_VALUE 0 0.
43.965 1 DOWNLINK_STATUS 0 44 19663 867 0 428. 18. 843.1
43.976 1 FBW_STATUS 2 0 1 69 0
44.003 1 NAVIGATION 0 2 0. 0. 0. 0. 0 0
44.038 1 GPS 0 0 0 0 0 0 0 0 0 0 1
44.105 1 COMMANDS 0,-9600,5028,0,0
44.124 1 ATTITUDE 1.244426 0.961306 -0.003565
44.140 1 ACTUATORS 1250,1799,1200,1200,1350
44.265 1 ESTIMATOR 0. 0.
44.291 1 NAVIGATION 0 2 0. 0. 0. 0. 0 0
44.325 1 GPS 0 0 0 0 0 0 0 0 0 0 1
44.381 1 DESIRED 0. 0.5 0. 0. 0. 655. 0. 12.
44.402 1 WP_MOVED 6 348665. 5945815. 660. 12
44.420 1 GPS_SOL 0 0 0 0
44.564 1 NAVIGATION 0 2 0. 0. 0. 0. 0 0
44.599 1 GPS 0 0 0 0 0 0 0 0 0 0 1
44.626 1 NAVIGATION 0 2 0. 0. 0. 0. 0 0
44.648 1 BAT 0 69 0 0 1 50 0 0
44.666 1 ATTITUDE 1.244485 0.961378 -0.003565
44.736 1 IMU_GYRO -0.045654 0.013672 -0.02002
44.751 1 ESTIMATOR 0. 0.
44.772 1 ENERGY 6.9 0. 0 0.
44.799 1 NAVIGATION 0 2 0. 0. 0. 0. 0 0
44.860 1 GPS 0 0 0 0 0 0 0 0 0 0 1
44.880 1 WP_MOVED 7 349065. 5946015. 660. 12
44.904 1 ALIVE 98,118,119,208,66,13,152,127,177,70,235,176,172,191,147,226
44.916 1 CALIBRATION 0. 0
44.928 1 PPRZ_MODE 2 0 0 0 0 6
44.965 1 DOWNLINK_STATUS 0 45 20238 893 0 575. 26. 843.1
45.013 1 NAVIGATION 0 2 0. 0. 0. 0. 0 0
45.047 1 GPS 0 0 0 0 0 0 0 0 0 0 1
45.119 1 ATTITUDE 1.2598 0.981051 -0.011168
45.128 1 STATE_FILTER_STATUS 3 0
45.142 1 ESTIMATOR 0. 0.
45.290 1 NAVIGATION 0 2 0. 0. 0. 0. 0 0
45.324 1 GPS 0 0 0 0 0 0 0 0 0 0 1
45.345 1 WP_MOVED 8 349447.90625 5946767.5 660. 12
45.386 1 WIND_INFO 1 42 0. 0. 0.
45.403 1 DESIRED 0. 0.5 0. 0. 0. 655. 0. 12.
45.414 1 DL_VALUE 1 0.
45.544 1 NAVIGATION 0 2 0. 0. 0. 0. 0 0
45.578 1 GPS 0 0 0 0 0 0 0 0 0 0 1
45.605 1 NAVIGATION 0 2 0. 0. 0. 0. 0 0
45.624 1 ATTITUDE 1.262725 0.988248 -0.015198
45.965 1 DOWNLINK_STATUS 0 46 20569 907 0 331. 14. -4157.06
46.540 1 BAT 0 69 0 0 1 51 0 0
46.555 1 ESTIMATOR 0. 0.
46.573 1 IMU_GYRO 0. -0.030762 -0.026367
46.600 1 NAVIGATION 0 2 0. 0. 0. 0. 0 0
46.647 1 GPS 0 0 0 0 0 0 0 0 0 0 1
46.667 1 WP_MOVED 9 349369.3125 5945408. 660. 12
46.806 1 FBW_STATUS 2 0 1 69 0
46.833 1 NAVIGATION 0 2 0. 0. 0. 0. 0 0
46.868 1 GPS 0 0 0 0 0 0 0 0 0 0 1
46.886 1 ATTITUDE 1.250317 0.983349 -0.007606
46.965 1 DOWNLINK_STATUS 0 47 20793 917 0 224. 10. -4157.06
46.972 1 ESTIMATOR 0. 0.
46.983 1 DOWNLINK 0 481 1140
47.010 1 NAVIGATION 0 2 0. 0. 0. 0. 0 0
47.045 1 GPS 0 0 0 0 0 0 0 0 0 0 1
47.065 1 WP_MOVED 10 348852.40625 5945427. 660. 12
47.110 1 DESIRED 0. 0.5 0. 0. 0. 655. 0. 12.
47.185 1 GPS_SOL 0 0 0 0
47.356 1 NAVIGATION 0 2 0. 0. 0. 0. 0 0
47.390 1 GPS 0 0 0 0 0 0 0 0 0 0 1
47.417 1 NAVIGATION 0 2 0. 0. 0. 0. 0 0
47.478 1 ATTITUDE 1.251848 0.979747 -0.007753
47.484 1 PONG 
47.498 1 ESTIMATOR 0. 0.
47.520 1 BAT 0 69 0 0 1 52 0 0
47.547 1 NAVIGATION 0 2 0. 0. 0. 0. 0 0
47.642 1 GPS 0 0 0 0 0 0 0 0 0 0 1
47.662 1 WP_MOVED 11 348865. 5945714. 660. 12
47.681 1 IMU_GYRO -0.046631 0.007324 -0.02124
47.693 1 DL_VALUE 2 655.
47.795 1 NAVIGATION 0 2 0. 0. 0. 0. 0 0
47.829 1 GPS 0 0 0 0 0 0 0 0 0 0 1
47.841 1 CALIBRATION 0. 0
47.859 1 ATTITUDE 1.253594 0.978582 -0.009065
47.949 1 ESTIMATOR 0. 0.
47.966 1 DOWNLINK_STATUS 0 48 21306 941 0 513. 24. 2041.48
47.969 1 ENERGY 6.9 0. 0 0.
47.996 1 NAVIGATION 0 2 0. 0. 0. 0. 0 0
48.031 1 GPS 0 0 0 0 0 0 0 0 0 0 1
48.051 1 WP_MOVED 12 348655.1875 5945715. 660. 12
48.233 1 DESIRED 0. 0.5 0. 0. 0. 655. 0. 12.
48.260 1 NAVIGATION 0 2 0. 0. 0. 0. 0 0
48.294 1 GPS 0 0 0 0 0 0 0 0 0 0 1
48.321 1 NAVIGATION 0 2 0. 0. 0. 0. 0 0
48.340 1 ATTITUDE 1.266344 0.968831 -0.023607
48.355 1 ESTIMATOR 0. 0.
48.502 1 NAVIGATION 0 2 0. 0. 0. 0. 0 0
48.536 1 GPS 0 0 0 0 0 0 0 0 0 0 1
48.556 1 WP_MOVED 13 348241.40625 5945665. 660. 12
48.578 1 BAT 0 69 0 0 1 53 0 0
48.612 1 IMU_GYRO 0.13501 -0.044678 -0.056396
48.627 1 FBW_STATUS 2 0 1 69 0
48.742 1 NAVIGATION 0 2 0. 0. 0. 0. 0 0
48.777 1 GPS 0 0 0 0 0 0 0 0 0 0 1
48.795 1 ATTITUDE 1.092959 0.956775 -0.014001
48.868 1 ESTIMATOR 0. 0.
48.895 1 NAVIGATION 0 2 0. 0. 0. 0. 0 0
48.967 1 DOWNLINK_STATUS 0 49 21810 962 0 504. 21. 2041.48
49.010 1 GPS 0 0 0 0 0 0 0 0 0 0 1
49.031 1 WP_MOVED 14 348242.3125 5945836.5 660. 12
49.042 1 DL_VALUE 3 0.
49.060 1 GPS_SOL 0 0 0 0
49.236 1 DESIRED 0. 0.35 0. 0. 0. 655. 0. 12.
49.263 1 NAVIGATION 0 2 0. 0. 0. 0. 0 0
49.298 1 GPS 0 0 0 0 0 0 0 0 0 0 1
49.325 1 NAVIGATION 0 2 0. 0. 0. 0. 0 0
49.342 1 ATTITUDE 0.762577 0.926602 0.011059
49.357 1 ESTIMATOR 0. 0.
49.384 1 NAVIGATION 0 2 0. 0. 0. 0. 0 0
49.418 1 GPS 0 0 0 0 0 0 0 0 0 0 1
49.439 1 WP_MOVED 15 348610.09375 5946017. 660. 12
49.462 1 BAT 0 69 0 0 1 54 0 0
49.622 1 NAVIGATION 0 2 0. 0. 0. 0. 0 0
49.656 1 GPS 0 0 0 0 0 0 0 0 0 0 1
49.675 1 IMU_GYRO 0.688477 -0.062744 -0.062744
49.733 1 COMMANDS 0,-9600,435,0,0
49.751 1 ATTITUDE 0.521828 0.871784 0.019693
49.763 1 CALIBRATION 0. 0
49.781 1 ACTUATORS 1250,1535,1225,1227,1350
49.795 1 ESTIMATOR 0. 0.
49.914 1 NAVIGATION 0 2 0. 0. 0. 0. 0 0
49.948 1 GPS 0 0 0 0 0 0 0 0 0 0 1
49.968 1 DOWNLINK_STATUS 0 50 22359 986 0 549. 24. 2041.48
49.969 1 WP_MOVED 16 348775.09375 5946191. 660. 12
49.985 1 NAVIGATION_REF 348865 5945715 12
50.109 1 NAVIGATION 0 2 0. 0. 0. 0. 0 0
50.143 1 GPS 0 0 0 0 0 0 0 0 0 0 1
50.170 1 NAVIGATION 0 2 0. 0. 0. 0. 0 0
50.209 1 DESIRED 0. 0.1 0. 0. 0. 655. 0. 12.
50.228 1 ATTITUDE 0.215536 0.828121 0.057778
50.282 1 ESTIMATOR 0. 0.
50.303 1 ENERGY 6.9 0. 0 0.
50.330 1 NAVIGATION 0 2 0. 0. 0. 0. 0 0
50.364 1 GPS 0 0 0 0 0 0 0 0 0 0 1
50.385 1 WP_MOVED 17 348944.6875 5946570. 660. 12
50.396 1 DL_VALUE 4 0.
50.420 1 ALIVE 98,118,119,208,66,13,152,127,177,70,235,176,172,191,147,226
50.433 1 PPRZ_MODE 2 0 0 0 0 6
50.571 1 FBW_STATUS 2 0 1 69 0
50.598 1 NAVIGATION 0 2 0. 0. 0. 0. 0 0
50.633 1 GPS 0 0 0 0 0 0 0 0 0 0 1
50.654 1 BAT 0 69 0 0 1 56 0 0
50.673 1 ATTITUDE 0.044898 0.85231 0.056671
50.968 1 DOWNLINK_STATUS 0 51 22807 1006 0 448. 20. -2958.65
50.979 1 IMU_GYRO 0.19458 0.051025 -0.060547
50.989 1 STATE_FILTER_STATUS 3 0
51.003 1 ESTIMATOR 0. 0.
51.030 1 NAVIGATION 0 2 0. 0. 0. 0. 0 0
51.064 1 GPS 0 0 0 0 0 0 0 0 0 0 1
51.085 1 WP_MOVED 18 348975. 5946791.5 660. 12
51.107 1 GPS_SOL 0 0 0 0
51.134 1 NAVIGATION 0 2 0. 0. 0. 0. 0 0
51.355 1 GPS 0 0 0 0 0 0 0 0 0 0 1
51.382 1 NAVIGATION 0 2 0. 0. 0. 0. 0 0
51.421 1 DESIRED 0. 0.02 0. 0. 0. 655. 0. 12.
51.440 1 ATTITUDE 0.048904 0.843707 0.060486
51.454 1 ESTIMATOR 0. 0.
51.482 1 NAVIGATION 0 2 0. 0. 0. 0. 0 0
51.516 1 GPS 0 0 0 0 0 0 0 0 0 0 1
51.537 1 WP_MOVED 0 348907. 5945757. 660. 12
51.625 1 NAVIGATION 0 2 0. 0. 0. 0. 0 0
51.660 1 GPS 0 0 0 0 0 0 0 0 0 0 1
51.666 1 PONG 
51.684 1 ATTITUDE 0.026015 0.833299 0.049295
51.705 1 BAT 0 69 0 0 1 57 0 0
51.720 1 ESTIMATOR 0. 0.
51.863 1 IMU_GYRO -0.001953 0.010498 -0.047852
51.875 1 CALIBRATION 0. 0
51.902 1 NAVIGATION 0 2 0. 0. 0. 0. 0 0
51.936 1 GPS 0 0 0 0 0 0 0 0 0 0 1
51.957 1 WP_MOVED 1 348865. 5945715. 660. 12
51.968 1 DL_VALUE 5 0.
51.968 1 DOWNLINK_STATUS 0 52 23415 1034 0 608. 28. 1223.39
51.980 1 DOWNLINK 0 511 1256
52.007 1 NAVIGATION 0 2 0. 0. 0. 0. 0 0
52.041 1 GPS 0 0 0 0 0 0 0 0 0 0 1
52.068 1 NAVIGATION 0 2 0. 0. 0. 0. 0 0
52.087 1 ATTITUDE 0.025498 0.824425 0.049368
52.126 1 DESIRED 0. 0.01 0. 0. 0. 655. 0. 12.
52.151 1 ESTIMATOR 0. 0.
52.178 1 NAVIGATION 0 2 0. 0. 0. 0. 0 0
52.212 1 GPS 0 0 0 0 0 0 0 0 0 0 1
52.233 1 WP_MOVED 2 348895. 5945815. 660. 12
52.294 1 FBW_STATUS 2 0 1 69 0
52.321 1 NAVIGATION 0 2 0. 0. 0. 0. 0 0
52.355 1 GPS 0 0 0 0 0 0 0 0 0 0 1
52.411 1 ATTITUDE 0.057358 0.812992 0.067435
52.426 1 ESTIMATOR 0. 0.
52.591 1 BAT 0 69 0 0 1 58 0 0
52.613 1 ENERGY 6.9 0. 0 0.
52.640 1 NAVIGATION 0 2 0. 0. 0. 0. 0 0
52.673 1 GPS 0 0 0 0 0 0 0 0 0 0 1
52.694 1 WP_MOVED 3 348965.09375 5945786. 660. 12
52.713 1 IMU_GYRO -1.419434 -0.205322 0.026367
52.730 1 GPS_SOL 0 0 0 0
52.757 1 NAVIGATION 0 2 0. 0. 0. 0. 0 0
52.861 1 GPS 0 0 0 0 0 0 0 0 0 0 1
52.888 1 NAVIGATION 0 2 0. 0. 0. 0. 0 0
52.907 1 ATTITUDE 0.430117 0.749067 0.125713
52.969 1 DOWNLINK_STATUS 0 53 24024 1060 0 609. 26. 1223.39
53.066 1 DESIRED 0. 0.17 0. 0. 0. 655. 0. 12.
53.080 1 ESTIMATOR 0. 0.
53.107 1 NAVIGATION 0 2 0. 0. 0. 0. 0 0
53.142 1 GPS 0 0 0 0 0 0 0 0 0 0 1
53.163 1 WP_MOVED 4 348764.6875 5945795. 660. 12
53.174 1 DL_VALUE 6 80.
53.275 1 NAVIGATION 0 2 0. 0. 0. 0. 0 0
53.309 1 GPS 0 0 0 0 0 0 0 0 0 0 1
53.403 1 ATTITUDE 0.43546 0.747691 0.130414
53.418 1 ESTIMATOR 0. 0.
53.445 1 NAVIGATION 0 2 0. 0. 0. 0. 0 0
53.551 1 GPS 0 0 0 0 0 0 0 0 0 0 1
53.572 1 WP_MOVED 5 348740. 5945760. 660. 12
53.593 1 BAT 0 69 0 0 1 59 0 0
53.605 1 CALIBRATION 0. 0
53.649 1 IMU_GYRO -0.065918 0.007324 0.
53.808 1 NAVIGATION 0 2 0. 0. 0. 0. 0 0
53.842 1 GPS 0 0 0 0 0 0 0 0 0 0 1
53.869 1 NAVIGATION 0 2 0. 0. 0. 0. 0 0
53.888 1 ATTITUDE 0.439181 0.746754 0.135884
53.969 1 DOWNLINK_STATUS 0 54 24489 1080 0 465. 20. 1223.39
53.991 1 ESTIMATOR 0. 0.
54.030 1 DESIRED 0. 0.18 0. 0. 0. 655. 0. 12.
54.057 1 NAVIGATION 0 2 0. 0. 0. 0. 0 0
54.091 1 GPS 0 0 0 0 0 0 0 0 0 0 1
54.112 1 WP_MOVED 6 348665. 5945815. 660. 12
54.186 1 FBW_STATUS 2 0 1 69 0
54.213 1 NAVIGATION 0 2 0. 0. 0. 0. 0 0
54.247 1 GPS 0 0 0 0 0 0 0 0 0 0 1
54.264 1 COMMANDS 0,-8878,176,0,0
54.283 1 ATTITUDE 0.442675 0.742854 0.139882
54.300 1 ACTUATORS 1250,1591,1231,1234,1350
54.315 1 ESTIMATOR 0. 0.
54.361 1 NAVIGATION 0 2 0. 0. 0. 0. 0 0
54.396 1 GPS 0 0 0 0 0 0 0 0 0 0 1
54.416 1 WP_MOVED 7 349065. 5946015. 660. 12
54.428 1 DL_VALUE 7 2.
54.519 1 BAT 0 69 0 0 1 60 0 0
54.537 1 GPS_SOL 0 0 0 0
54.564 1 NAVIGATION 0 2 0. 0. 0. 0. 0 0
54.598 1 GPS 0 0 0 0 0 0 0 0 0 0 1
54.625 1 NAVIGATION 0 2 0. 0. 0. 0. 0 0
54.669 1 IMU_GYRO -0.817139 -0.164795 -0.045654
54.688 1 ATTITUDE 0.598239 0.719672 0.148751
54.707 1 ESTIMATOR 0. 0.
54.723 1 ENERGY 6.9 0. 0 0.
54.848 1 NAVIGATION 0 2 0. 0. 0. 0. 0 0
54.883 1 GPS 0 0 0 0 0 0 0 0 0 0 1
54.922 1 DESIRED 0. 0.33 0. 0. 0. 655. 0. 12.
54.943 1 WP_MOVED 8 349447.90625 5946767.5 660. 12
54.967 1 ALIVE 98,118,119,208,66,13,152,127,177,70,235,176,172,191,147,226
54.970 1 DOWNLINK_STATUS 0 55 25183 1110 0 694. 30. 1223.39
54.989 1 PPRZ_MODE 2 0 0 0 0 6
55.016 1 NAVIGATION 0 2 0. 0. 0. 0. 0 0
55.050 1 GPS 0 0 0 0 0 0 0 0 0 0 1
55.112 1 ATTITUDE 0.947802 0.709924 0.124554
55.121 1 STATE_FILTER_STATUS 3 0
55.136 1 ESTIMATOR 0. 0.
55.266 1 NAVIGATION 0 2 0. 0. 0. 0. 0 0
55.300 1 GPS 0 0 0 0 0 0 0 0 0 0 1
55.321 1 WP_MOVED 9 349369.3125 5945408. 660. 12
55.341 1 CALIBRATION 0. 0
55.386 1 WIND_INFO 1 42 0. 0. 0.
55.546 1 NAVIGATION 0 2 0. 0. 0. 0. 0 0
55.581 1 GPS 0 0 0 0 0 0 0 0 0 0 1
55.608 1 NAVIGATION 0 2 0. 0. 0. 0. 0 0
55.630 1 BAT 0 69 0 0 1 61 0 0
55.963 1 ATTITUDE 1.235515 0.748834 0.059225
55.970 1 DOWNLINK_STATUS 0 56 25509 1125 0 326. 15. -3777.08
55.981 1 IMU_GYRO -0.033936 -0.024414 -0.026367
55.996 1 ESTIMATOR 0. 0.
56.023 1 NAVIGATION 0 2 0. 0. 0. 0. 0 0
56.137 1 GPS 0 0 0 0 0 0 0 0 0 0 1
56.158 1 WP_MOVED 10 348852.40625 5945427. 660. 12
56.197 1 DESIRED 0. 0.49 0. 0. 0. 655. 0. 12.
56.210 1 DL_VALUE 8 0.
56.282 1 FBW_STATUS 2 0 1 69 0
56.309 1 NAVIGATION 0 2 0. 0. 0. 0. 0 0
56.343 1 GPS 0 0 0 0 0 0 0 0 0 0 1
56.349 1 PONG 
56.368 1 ATTITUDE 1.234007 0.750208 0.057937
56.438 1 ESTIMATOR 0. 0.
56.465 1 NAVIGATION 0 2 0. 0. 0. 0. 0 0
56.499 1 GPS 0 0 0 0 0 0 0 0 0 0 1
56.520 1 WP_MOVED 11 348865. 5945714. 660. 12
56.567 1 GPS_SOL 0 0 0 0
56.579 1 DOWNLINK 0 482 1364
56.606 1 NAVIGATION 0 2 0. 0. 0. 0. 0 0
56.744 1 GPS 0 0 0 0 0 0 0 0 0 0 1
56.771 1 NAVIGATION 0 2 0. 0. 0. 0. 0 0
56.790 1 ATTITUDE 1.234195 0.752098 0.055202
56.812 1 BAT 0 69 0 0 1 62 0 0
56.925 1 ESTIMATOR 0. 0.
56.943 1 IMU_GYRO -0.047852 0.009521 -0.018066
56.970 1 NAVIGATION 0 2 0. 0. 0. 0. 0 0
56.971 1 DOWNLINK_STATUS 0 57 26070 1151 0 561. 26. 906.29
57.005 1 GPS 0 0 0 0 0 0 0 0 0 0 1
57.026 1 WP_MOVED 12 348655.1875 5945715. 660. 12
57.066 1 DESIRED 0. 0.49 0. 0. 0. 655. 0. 12.
57.092 1 NAVIGATION 0 2 0. 0. 0. 0. 0 0
57.126 1 GPS 0 0 0 0 0 0 0 0 0 0 1
57.145 1 ATTITUDE 1.23439 0.75434 0.052612
57.227 1 ESTIMATOR 0. 0.
57.248 1 ENERGY 6.9 0. 0 0.
57.275 1 NAVIGATION 0 2 0. 0. 0. 0. 0 0
57.309 1 GPS 0 0 0 0 0 0 0 0 0 0 1
57.340 1 WP_MOVED 13 348241.40625 5945665. 660. 12
57.351 1 DL_VALUE 9 1.
57.528 1 NAVIGATION 0 2 0. 0. 0. 0. 0 0
57.562 1 GPS 0 0 0 0 0 0 0 0 0 0 1
57.589 1 NAVIGATION 0 2 0. 0. 0. 0. 0 0
57.599 1 CALIBRATION 0. 0
57.649 1 ATTITUDE 1.234411 0.756348 0.049841
57.663 1 ESTIMATOR 0. 0.
57.685 1 BAT 0 69 0 0 1 63 0 0
57.804 1 NAVIGATION 0 2 0. 0. 0. 0. 0 0
57.838 1 GPS 0 0 0 0 0 0 0 0 0 0 1
57.859 1 WP_MOVED 14 348242.3125 5945836.5 660. 12
57.877 1 IMU_GYRO -0.047852 0.009521 -0.018066
57.970 1 DESIRED 0. 0.49 0. 0. 0. 655. 0. 12.
57.971 1 DOWNLINK_STATUS 0 58 26646 1175 0 576. 24. 906.29
57.986 1 FBW_STATUS 2 0 1 69 0
58.013 1 NAVIGATION 0 2 0. 0. 0. 0. 0 0
58.085 1 GPS 0 0 0 0 0 0 0 0 0 0 1
58.103 1 ATTITUDE 1.234367 0.758283 0.04743
58.209 1 ESTIMATOR 0. 0.
58.235 1 NAVIGATION 0 2 0. 0. 0. 0. 0 0
58.269 1 GPS 0 0 0 0 0 0 0 0 0 0 1
58.338 1 WP_MOVED 15 348610.09375 5946017. 660. 12
58.353 1 NAVIGATION_REF 348865 5945715 12
58.371 1 GPS_SOL 0 0 0 0
58.508 1 NAVIGATION 0 2 0. 0. 0. 0. 0 0
58.543 1 GPS 0 0 0 0 0 0 0 0 0 0 1
58.569 1 NAVIGATION 0 2 0. 0. 0. 0. 0 0
58.607 1 ATTITUDE 1.234475 0.760203 0.044964
58.623 1 ESTIMATOR 0. 0.
58.770 1 NAVIGATION 0 2 0. 0. 0. 0. 0 0
58.804 1 GPS 0 0 0 0 0 0 0 0 0 0 1
58.825 1 WP_MOVED 16 348775.09375 5946191. 660. 12
58.896 1 BAT 0 69 0 0 1 64 0 0
58.907 1 DL_VALUE 10 0.
58.926 1 IMU_GYRO -0.046631 0.009521 -0.019043
58.972 1 DOWNLINK_STATUS 0 59 27109 1196 0 463. 21. 906.29
59.047 1 DESIRED 0. 0.49 0. 0. 0. 655. 0. 12.
59.074 1 NAVIGATION 0 2 0. 0. 0. 0. 0 0
59.108 1 GPS 0 0 0 0 0 0 0 0 0 0 1
59.126 1 COMMANDS 0,-9600,4551,0,0
59.145 1 ATTITUDE 1.234353 0.761982 0.042674
59.212 1 ACTUATORS 1250,1779,1200,1200,1350
59.227 1 ESTIMATOR 0. 0.
59.254 1 NAVIGATION 0 2 0. 0. 0. 0. 0 0
59.303 1 GPS 0 0 0 0 0 0 0 0 0 0 1
59.324 1 WP_MOVED 17 348944.6875 5946570. 660. 12
59.507 1 NAVIGATION 0 2 0. 0. 0. 0. 0 0
59.541 1 GPS 0 0 0 0 0 0 0 0 0 0 1
59.568 1 NAVIGATION 0 2 0. 0. 0. 0. 0 0
59.623 1 ATTITUDE 1.234555 0.763836 0.040226
59.634 1 CALIBRATION 0. 0
59.649 1 ESTIMATOR 0. 0.
59.789 1 ENERGY 6.9 0. 0 0.
59.816 1 NAVIGATION 0 2 0. 0. 0. 0. 0 0
59.851 1 GPS 0 0 0 0 0 0 0 0 0 0 1
59.871 1 WP_MOVED 18 348975. 5946791.5 660. 12
59.895 1 ALIVE 98,118,119,208,66,13,152,127,177,70,235,176,172,191,147,226
59.938 1 BAT 0 69 0 0 1 65 0 0
59.950 1 PPRZ_MODE 2 0 0 0 0 6
59.966 1 FBW_STATUS 2 0 1 69 0
59.973 1 DOWNLINK_STATUS 0 60 27649 1220 0 540. 24. 906.29
60.099 1 NAVIGATION 0 2 0. 0. 0. 0. 0 0
60.133 1 GPS 0 0 0 0 0 0 0 0 0 0 1
60.173 1 DESIRED 0. 0.49 0. 0. 0. 655. 0. 12.
60.191 1 IMU_GYRO -0.047852 0.010498 -0.019043
60.212 1 ATTITUDE 1.234638 0.765781 0.037987
60.219 1 STATE_FILTER_STATUS 3 0
60.275 1 ESTIMATOR 0. 0.
60.301 1 NAVIGATION 0 2 0. 0. 0. 0. 0 0
60.336 1 GPS 0 0 0 0 0 0 0 0 0 0 1
60.356 1 WP_MOVED 0 348907. 5945757. 660. 12
60.368 1 DL_VALUE 0 0.
60.389 1 GPS_SOL 0 0 0 0
60.525 1 NAVIGATION 0 2 0. 0. 0. 0. 0 0
60.559 1 GPS 0 0 0 0 0 0 0 0 0 0 1
60.586 1 NAVIGATION 0 2 0. 0. 0. 0. 0 0
60.974 1 DOWNLINK_STATUS 0 61 27997 1235 0 348. 15. -4094.3
60.982 1 ATTITUDE 1.234483 0.767833 0.035868
60.996 1 ESTIMATOR 0. 0.
61.023 1 NAVIGATION 0 2 0. 0. 0. 0. 0 0
61.292 1 GPS 0 0 0 0 0 0 0 0 0 0 1
61.313 1 WP_MOVED 1 348865. 5945715. 660. 12
61.758 1 NAVIGATION 0 2 0. 0. 0. 0. 0 0
61.792 1 GPS 0 0 0 0 0 0 0 0 0 0 1
61.814 1 BAT 0 69 0 0 1 67 0 0
61.853 1 DESIRED 0. 0.49 0. 0. 0. 655. 0. 12.
61.872 1 ATTITUDE 1.234496 0.769591 0.033814
61.890 1 IMU_GYRO -0.046631 0.009521 -0.019043
61.904 1 ESTIMATOR 0. 0.
61.974 1 DOWNLINK_STATUS 0 62 28276 1247 0 279. 12. -4094.3
62.119 1 NAVIGATION 0 2 0. 0. 0. 0. 0 0
62.153 1 GPS 0 0 0 0 0 0 0 0 0 0 1
62.174 1 WP_MOVED 2 348895. 5945815. 660. 12
62.537 1 NAVIGATION 0 2 0. 0. 0. 0. 0 0
62.572 1 GPS 0 0 0 0 0 0 0 0 0 0 1
62.599 1 NAVIGATION 0 2 0. 0. 0. 0. 0 0
62.610 1 DOWNLINK 0 502 1475
62.629 1 ATTITUDE 1.234387 0.771464 0.031902
62.643 1 ESTIMATOR 0. 0.
62.655 1 CALIBRATION 0. 0
62.964 1 NAVIGATION 0 2 0. 0. 0. 0. 0 0
62.974 1 DOWNLINK_STATUS 0 63 28520 1258 0 244. 11. -4094.3
62.998 1 GPS 0 0 0 0 0 0 0 0 0 0 1
63.019 1 WP_MOVED 3 348965.09375 5945786. 660. 12
63.030 1 DL_VALUE 1 0.
63.360 1 FBW_STATUS 2 0 1 69 0
63.387 1 NAVIGATION 0 2 0. 0. 0. 0. 0 0
63.421 1 GPS 0 0 0 0 0 0 0 0 0 0 1
63.440 1 ATTITUDE 1.234393 0.773407 0.030156
63.508 1 DESIRED 0. 0.49 0. 0. 0. 655. 0. 12.
63.530 1 BAT 0 69 0 0 1 68 0 0
63.721 1 ESTIMATOR 0. 0.
63.740 1 IMU_GYRO -0.046631 0.007324 -0.019043
63.761 1 ENERGY 6.9 0. 0 0.
63.788 1 NAVIGATION 0 2 0. 0. 0. 0. 0 0
63.822 1 GPS 0 0 0 0 0 0 0 0 0 0 1
63.843 1 WP_MOVED 4 348764.6875 5945795. 660. 12
63.860 1 GPS_SOL 0 0 0 0
63.887 1 NAVIGATION 0 2 0. 0. 0. 0. 0 0
63.922 1 GPS 0 0 0 0 0 0 0 0 0 0 1
63.949 1 NAVIGATION 0 2 0. 0. 0. 0. 0 0
63.967 1 ATTITUDE 1.23431 0.774939 0.028381
63.975 1 DOWNLINK_STATUS 0 64 28986 1278 0 466. 20. -4094.3
63.982 1 ESTIMATOR 0. 0.
64.009 1 NAVIGATION 0 2 0. 0. 0. 0. 0 0
64.043 1 GPS 0 0 0 0 0 0 0 0 0 0 1
64.064 1 WP_MOVED 5 348740. 5945760. 660. 12
64.188 1 NAVIGATION 0 2 0. 0. 0. 0. 0 0
64.223 1 GPS 0 0 0 0 0 0 0 0 0 0 1
64.241 1 ATTITUDE 1.234347 0.77685 0.026626
64.365 1 DESIRED 0. 0.49 0. 0. 0. 655. 0. 12.
64.379 1 ESTIMATOR 0. 0.
64.401 1 BAT 0 69 0 0 1 69 0 0
64.428 1 NAVIGATION 0 2 0. 0. 0. 0. 0 0
64.462 1 GPS 0 0 0 0 0 0 0 0 0 0 1
64.482 1 WP_MOVED 6 348665. 5945815. 660. 12
64.501 1 IMU_GYRO -0.046631 0.008301 -0.019043
64.512 1 DL_VALUE 2 655.
64.608 1 PONG 
64.635 1 NAVIGATION 0 2 0. 0. 0. 0. 0 0
64.670 1 GPS 0 0 0 0 0 0 0 0 0 0 1
64.697 1 NAVIGATION 0 2 0. 0. 0. 0. 0 0
64.728 1 ATTITUDE 1.234403 0.778722 0.025002
64.743 1 ESTIMATOR 0. 0.
64.891 1 NAVIGATION 0 2 0. 0. 0. 0. 0 0
64.925 1 GPS 0 0 0 0 0 0 0 0 0 0 1
64.946 1 WP_MOVED 7 349065. 5946015. 660. 12
64.958 1 CALIBRATION 0. 0
64.975 1 DOWNLINK_STATUS 0 65 29550 1303 0 564. 25. 4164.98
65.041 1 FBW_STATUS 2 0 1 69 0
65.068 1 NAVIGATION 0 2 0. 0. 0. 0. 0 0
65.102 1 GPS 0 0 0 0 0 0 0 0 0 0 1
65.120 1 COMMANDS 0,-9600,4729,0,0
65.169 1 ATTITUDE 1.234437 0.780788 0.023327
65.186 1 ACTUATORS 1250,1786,1200,1200,1350
65.201 1 ESTIMATOR 0. 0.
65.356 1 DESIRED 0. 0.49 0. 0. 0. 655. 0. 12.
65.382 1 NAVIGATION 0 2 0. 0. 0. 0. 0 0
65.386 1 WIND_INFO 1 42 0. 0. 0.
65.417 1 GPS 0 0 0 0 0 0 0 0 0 0 1
65.437 1 WP_MOVED 8 349447.90625 5946767.5 660. 12
65.459 1 BAT 0 69 0 0 1 70 0 0
65.527 1 IMU_GYRO -0.048828 0.009521 -0.018066
65.544 1 GPS_SOL 0 0 0 0
65.571 1 NAVIGATION 0 2 0. 0. 0. 0. 0 0
65.605 1 GPS 0 0 0 0 0 0 0 0 0 0 1
65.632 1 NAVIGATION 0 2 0. 0. 0. 0. 0 0
65.977 1 DOWNLINK_STATUS 0 66 29948 1320 0 398. 17. -835.86
66.011 1 ATTITUDE 1.234364 0.782743 0.02172
66.200 1 ESTIMATOR 0. 0.
66.221 1 ENERGY 6.9 0. 0 0.
66.248 1 NAVIGATION 0 2 0. 0. 0. 0. 0 0
66.282 1 GPS 0 0 0 0 0 0 0 0 0 0 1
66.303 1 WP_MOVED 9 349369.3125 5945408. 660. 12
66.314 1 DL_VALUE 3 0.
66.338 1 ALIVE 98,118,119,208,66,13,152,127,177,70,235,176,172,191,147,226
66.350 1 PPRZ_MODE 2 0 0 0 0 6
66.449 1 NAVIGATION 0 2 0. 0. 0. 0. 0 0
66.483 1 GPS 0 0 0 0 0 0 0 0 0 0 1
66.568 1 ATTITUDE 1.234284 0.784824 0.020189
66.578 1 STATE_FILTER_STATUS 3 0
66.592 1 ESTIMATOR 0. 0.
66.619 1 NAVIGATION 0 2 0. 0. 0. 0. 0 0
66.734 1 GPS 0 0 0 0 0 0 0 0 0 0 1
66.774 1 DESIRED 0. 0.49 0. 0. 0. 655. 0. 12.
66.794 1 WP_MOVED 10 348852.40625 5945427. 660. 12
66.903 1 BAT 0 69 0 0 1 71 0 0
66.930 1 NAVIGATION 0 2 0. 0. 0. 0. 0 0
66.964 1 GPS 0 0 0 0 0 0 0 0 0 0 1
66.978 1 DOWNLINK_STATUS 0 67 30422 1341 0 474. 21. -835.86
66.990 1 NAVIGATION 0 2 0. 0. 0. 0. 0 0
67.022 1 IMU_GYRO -0.047852 0.008301 -0.019043
67.041 1 ATTITUDE 1.234252 0.786985 0.018736
67.055 1 ESTIMATOR 0. 0.
67.146 1 NAVIGATION 0 2 0. 0. 0. 0. 0 0
67.180 1 GPS 0 0 0 0 0 0 0 0 0 0 1
67.201 1 WP_MOVED 11 348865. 5945714. 660. 12
67.339 1 CALIBRATION 0. 0
67.366 1 NAVIGATION 0 2 0. 0. 0. 0. 0 0
67.382 1 FBW_STATUS 2 0 1 69 0
67.416 1 GPS 0 0 0 0 0 0 0 0 0 0 1
67.435 1 ATTITUDE 1.234175 0.788346 0.017509
67.441 1 PONG 
67.455 1 ESTIMATOR 0. 0.
67.543 1 NAVIGATION 0 2 0. 0. 0. 0. 0 0
67.578 1 GPS 0 0 0 0 0 0 0 0 0 0 1
67.598 1 WP_MOVED 12 348655.1875 5945715. 660. 12
67.638 1 DESIRED 0. 0.49 0. 0. 0. 655. 0. 12.
67.648 1 DL_VALUE 4 0.
67.666 1 GPS_SOL 0 0 0 0
67.754 1 NAVIGATION 0 2 0. 0. 0. 0. 0 0
67.787 1 GPS 0 0 0 0 0 0 0 0 0 0 1
67.814 1 NAVIGATION 0 2 0. 0. 0. 0. 0 0
67.836 1 BAT 0 69 0 0 1 72 0 0
67.854 1 ATTITUDE 1.234219 0.790135 0.016249
67.873 1 IMU_GYRO -0.047852 0.009521 -0.019043
67.885 1 DOWNLINK 0 499 1589
67.899 1 ESTIMATOR 0. 0.
67.926 1 NAVIGATION 0 2 0. 0. 0. 0. 0 0
67.960 1 GPS 0 0 0 0 0 0 0 0 0 0 1
67.978 1 DOWNLINK_STATUS 0 68 31071 1371 0 649. 30. 1996.58
67.983 1 WP_MOVED 13 348241.40625 5945665. 660. 12
68.136 1 NAVIGATION 0 2 0. 0. 0. 0. 0 0
68.171 1 GPS 0 0 0 0 0 0 0 0 0 0 1
68.189 1 ATTITUDE 1.233988 0.792228 0.014952
68.338 1 ESTIMATOR 0. 0.
68.359 1 ENERGY 6.9 0. 0 0.
68.386 1 NAVIGATION 0 2 0. 0. 0. 0. 0 0
68.420 1 GPS 0 0 0 0 0 0 0 0 0 0 1
68.441 1 WP_MOVED 14 348242.3125 5945836.5 660. 12
68.456 1 NAVIGATION_REF 348865 5945715 12
68.496 1 DESIRED 0. 0.49 0. 0. 0. 655. 0. 12.
68.523 1 NAVIGATION 0 2 0. 0. 0. 0. 0 0
68.557 1 GPS 0 0 0 0 0 0 0 0 0 0 1
68.583 1 NAVIGATION 0 2 0. 0. 0. 0. 0 0
68.658 1 ATTITUDE 1.234056 0.794046 0.013657
68.680 1 BAT 0 69 0 0 1 73 0 0
68.695 1 ESTIMATOR 0. 0.
68.721 1 IMU_GYRO -0.047852 0.009521 -0.019043
68.741 1 NAVIGATION 0 2 0. 0. 0. 0. 0 0
68.799 1 GPS 0 0 0 0 0 0 0 0 0 0 1
68.820 1 WP_MOVED 15 348610.09375 5946017. 660. 12
68.831 1 DL_VALUE 5 0.
68.957 1 NAVIGATION 0 2 0. 0. 0. 0. 0 0
68.973 1 FBW_STATUS 2 0 1 69 0
68.979 1 DOWNLINK_STATUS 0 69 31621 1395 0 550. 24. 1996.58
69.007 1 GPS 0 0 0 0 0 0 0 0 0 0 1
69.019 1 CALIBRATION 0. 0
69.037 1 ATTITUDE 1.234033 0.796112 0.012626
69.179 1 ESTIMATOR 0. 0.
69.206 1 NAVIGATION 0 2 0. 0. 0. 0. 0 0
69.240 1 GPS 0 0 0 0 0 0 0 0 0 0 1
69.261 1 WP_MOVED 16 348775.09375 5946191. 660. 12
69.405 1 DESIRED 0. 0.49 0. 0. 0. 655. 0. 12.
69.422 1 GPS_SOL 0 0 0 0
69.449 1 NAVIGATION 0 2 0. 0. 0. 0. 0 0
69.483 1 GPS 0 0 0 0 0 0 0 0 0 0 1
69.510 1 NAVIGATION 0 2 0. 0. 0. 0. 0 0
69.529 1 ATTITUDE 1.233879 0.797812 0.011516
69.543 1 ESTIMATOR 0. 0.
69.670 1 BAT 0 69 0 0 1 74 0 0
69.697 1 NAVIGATION 0 2 0. 0. 0. 0. 0 0
69.731 1 GPS 0 0 0 0 0 0 0 0 0 0 1
69.752 1 WP_MOVED 17 348944.6875 5946570. 660. 12
69.771 1 IMU_GYRO -0.047852 0.008301 -0.018066
69.838 1 NAVIGATION 0 2 0. 0. 0. 0. 0 0
69.872 1 GPS 0 0 0 0 0 0 0 0 0 0 1
69.890 1 COMMANDS 0,-9600,4837,0,0
69.908 1 ATTITUDE 1.233825 0.799523 0.010458
69.963 1 ACTUATORS 1250,1792,1200,1200,1350
69.978 1 ESTIMATOR 0. 0.
69.980 1 DOWNLINK_STATUS 0 70 32191 1420 0 570. 25. 1996.58
70.005 1 NAVIGATION 0 2 0. 0. 0. 0. 0 0
70.098 1 GPS 0 0 0 0 0 0 0 0 0 0 1
70.119 1 WP_MOVED 18 348975. 5946791.5 660. 12
70.130 1 DL_VALUE 6 80.
70.301 1 DESIRED 0. 0.49 0. 0. 0. 655. 0. 12.
70.327 1 NAVIGATION 0 2 0. 0. 0. 0. 0 0
70.362 1 GPS 0 0 0 0 0 0 0 0 0 0 1
70.389 1 NAVIGATION 0 2 0. 0. 0. 0. 0 0
70.407 1 ATTITUDE 1.233693 0.801272 0.009466
70.422 1 ESTIMATOR 0. 0.
70.568 1 ENERGY 6.9 0. 0 0.
70.595 1 NAVIGATION 0 2 0. 0. 0. 0. 0 0
70.630 1 GPS 0 0 0 0 0 0 0 0 0 0 1
70.650 1 WP_MOVED 0 348907. 5945757. 660. 12
70.672 1 BAT 0 69 0 0 1 75 0 0
70.696 1 ALIVE 98,118,119,208,66,13,152,127,177,70,235,176,172,191,147,226
70.981 1 DOWNLINK_STATUS 0 71 32579 1436 0 388. 16. -3004.45
70.998 1 IMU_GYRO -0.047852 0.008301 -0.019043
71.010 1 PPRZ_MODE 2 0 0 0 0 6
71.026 1 FBW_STATUS 2 0 1 69 0
71.053 1 NAVIGATION 0 2 0. 0. 0. 0. 0 0
71.253 1 GPS 0 0 0 0 0 0 0 0 0 0 1
71.272 1 ATTITUDE 1.233616 0.802844 0.008526
71.283 1 CALIBRATION 0. 0
71.293 1 STATE_FILTER_STATUS 3 0
71.664 1 ESTIMATOR 0. 0.
71.691 1 NAVIGATION 0 2 0. 0. 0. 0. 0 0
71.726 1 GPS 0 0 0 0 0 0 0 0 0 0 1
71.769 1 WP_MOVED 1 348865. 5945715. 660. 12
71.785 1 GPS_SOL 0 0 0 0
71.981 1 DOWNLINK_STATUS 0 72 32831 1449 0 252. 13. -3004.45
72.008 1 NAVIGATION 0 2 0. 0. 0. 0. 0 0
72.042 1 GPS 0 0 0 0 0 0 0 0 0 0 1
72.069 1 NAVIGATION 0 2 0. 0. 0. 0. 0 0
72.109 1 DESIRED 0. 0.49 0. 0. 0. 655. 0. 12.
72.127 1 ATTITUDE 1.233695 0.804397 0.007667
72.142 1 ESTIMATOR 0. 0.
72.169 1 NAVIGATION 0 2 0. 0. 0. 0. 0 0
72.203 1 GPS 0 0 0 0 0 0 0 0 0 0 1
72.224 1 WP_MOVED 2 348895. 5945815. 660. 12
72.235 1 DL_VALUE 7 2.
72.257 1 BAT 0 69 0 0 1 76 0 0
72.311 1 NAVIGATION 0 2 0. 0. 0. 0. 0 0
72.345 1 GPS 0 0 0 0 0 0 0 0 0 0 1
72.364 1 IMU_GYRO -0.046631 0.009521 -0.019043
72.383 1 ATTITUDE 1.233733 0.805512 0.006705
72.397 1 ESTIMATOR 0. 0.
72.467 1 NAVIGATION 0 2 0. 0. 0. 0. 0 0
72.501 1 GPS 0 0 0 0 0 0 0 0 0 0 1
72.522 1 WP_MOVED 3 348965.09375 5945786. 660. 12
72.662 1 NAVIGATION 0 2 0. 0. 0. 0. 0 0
72.696 1 GPS 0 0 0 0 0 0 0 0 0 0 1
72.724 1 NAVIGATION 0 2 0. 0. 0. 0. 0 0
72.763 1 DESIRED 0. 0.49 0. 0. 0. 655. 0. 12.
72.781 1 ATTITUDE 1.233728 0.807056 0.005793
72.796 1 ESTIMATOR 0. 0.
72.807 1 DOWNLINK 0 480 1696
72.908 1 NAVIGATION 0 2 0. 0. 0. 0. 0 0
72.914 1 PONG 
72.948 1 GPS 0 0 0 0 0 0 0 0 0 0 1
72.969 1 WP_MOVED 4 348764.6875 5945795. 660. 12
72.981 1 DOWNLINK_STATUS 0 73 33536 1479 0 705. 30. 2468.87
73.129 1 FBW_STATUS 2 0 1 69 0
73.156 1 NAVIGATION 0 2 0. 0. 0. 0. 0 0
73.190 1 GPS 0 0 0 0 0 0 0 0 0 0 1
73.212 1 BAT 0 69 0 0 1 78 0 0
73.230 1 ATTITUDE 1.233728 0.808311 0.004865
73.249 1 IMU_GYRO -0.047852 0.009521 -0.019043
73.264 1 ESTIMATOR 0. 0.
73.274 1 CALIBRATION 0. 0
73.296 1 ENERGY 6.9 0. 0 0.
73.323 1 NAVIGATION 0 2 0. 0. 0. 0. 0 0
73.357 1 GPS 0 0 0 0 0 0 0 0 0 0 1
73.378 1 WP_MOVED 5 348740. 5945760. 660. 12
73.388 1 DL_VALUE 8 0.
73.422 1 GPS_SOL 0 0 0 0
73.450 1 NAVIGATION 0 2 0. 0. 0. 0. 0 0
73.564 1 GPS 0 0 0 0 0 0 0 0 0 0 1
73.591 1 NAVIGATION 0 2 0. 0. 0. 0. 0 0
73.610 1 ATTITUDE 1.233607 0.809679 0.004061
73.649 1 DESIRED 0. 0.49 0. 0. 0. 655. 0. 12.
73.730 1 ESTIMATOR 0. 0.
73.757 1 NAVIGATION 0 2 0. 0. 0. 0. 0 0
73.791 1 GPS 0 0 0 0 0 0 0 0 0 0 1
73.812 1 WP_MOVED 6 348665. 5945815. 660. 12
73.898 1 NAVIGATION 0 2 0. 0. 0. 0. 0 0
73.932 1 GPS 0 0 0 0 0 0 0 0 0 0 1
73.951 1 ATTITUDE 1.233562 0.811046 0.00332
73.982 1 DOWNLINK_STATUS 0 74 34130 1505 0 594. 26. 2468.87
74.056 1 BAT 0 69 0 0 1 79 0 0
74.070 1 ESTIMATOR 0. 0.
74.089 1 IMU_GYRO -0.047852 0.009521 -0.019043
74.116 1 NAVIGATION 0 2 0. 0. 0. 0. 0 0
74.150 1 GPS 0 0 0 0 0 0 0 0 0 0 1
74.171 1 WP_MOVED 7 349065. 5946015. 660. 12
74.240 1 NAVIGATION 0 2 0. 0. 0. 0. 0 0
74.275 1 GPS 0 0 0 0 0 0 0 0 0 0 1
74.302 1 NAVIGATION 0 2 0. 0. 0. 0. 0 0
74.319 1 ATTITUDE 1.233599 0.812692 0.002504
74.426 1 DESIRED 0. 0.49 0. 0. 0. 655. 0. 12.
74.440 1 ESTIMATOR 0. 0.
74.467 1 NAVIGATION 0 2 0. 0. 0. 0. 0 0
74.502 1 GPS 0 0 0 0 0 0 0 0 0 0 1
74.522 1 WP_MOVED 8 349447.90625 5946767.5 660. 12
74.534 1 DL_VALUE 9 1.
74.674 1 FBW_STATUS 2 0 1 69 0
74.701 1 NAVIGATION 0 2 0. 0. 0. 0. 0 0
74.735 1 GPS 0 0 0 0 0 0 0 0 0 0 1
74.753 1 COMMANDS 0,-9600,4923,0,0
74.833 1 ATTITUDE 1.233552 0.81408 0.001705
74.851 1 ACTUATORS 1250,1795,1200,1200,1350
74.865 1 ESTIMATOR 0. 0.
74.887 1 BAT 0 69 0 0 1 80 0 0
74.914 1 NAVIGATION 0 2 0. 0. 0. 0. 0 0
74.973 1 GPS 0 0 0 0 0 0 0 0 0 0 1
74.983 1 DOWNLINK_STATUS 0 75 34727 1531 0 597. 26. 2468.87
74.994 1 WP_MOVED 9 349369.3125 5945408. 660. 12
75.013 1 IMU_GYRO -0.047852 0.009521 -0.019043
75.024 1 CALIBRATION 0. 0
75.041 1 GPS_SOL 0 0 0 0
75.160 1 NAVIGATION 0 2 0. 0. 0. 0. 0 0
75.194 1 GPS 0 0 0 0 0 0 0 0 0 0 1
75.226 1 NAVIGATION 0 2 0. 0. 0. 0. 0 0
75.239 1 ATTITUDE 1.233599 0.815416 0.001008
75.371 1 ESTIMATOR 0. 0.
75.386 1 WIND_INFO 1 42 0. 0. 0.
75.411 1 DESIRED 0. 0.49 0. 0. 0. 655. 0. 12.
75.432 1 ENERGY 6.9 0. 0 0.
75.459 1 NAVIGATION 0 2 0. 0. 0. 0. 0 0
75.493 1 GPS 0 0 0 0 0 0 0 0 0 0 1
75.514 1 WP_MOVED 10 348852.40625 5945427. 660. 12
75.537 1 ALIVE 98,118,119,208,66,13,152,127,177,70,235,176,172,191,147,226
75.550 1 PPRZ_MODE 2 0 0 0 0 6
75.577 1 NAVIGATION 0 2 0. 0. 0. 0. 0 0
75.611 1 GPS 0 0 0 0 0 0 0 0 0 0 1
75.872 1 ATTITUDE 1.23363 0.816809 0.000471
75.881 1 STATE_FILTER_STATUS 3 0
75.983 1 DOWNLINK_STATUS 0 76 35168 1551 0 441. 20. -2531.98
76.027 1 ESTIMATOR 0. 0.
76.055 1 NAVIGATION 0 2 0. 0. 0. 0. 0 0
76.088 1 GPS 0 0 0 0 0 0 0 0 0 0 1
76.109 1 WP_MOVED 11 348865. 5945714. 660. 12
76.131 1 BAT 0 69 0 0 1 81 0 0
76.142 1 DL_VALUE 10 0.
76.210 1 IMU_GYRO -0.048828 0.010498 -0.019043
76.237 1 NAVIGATION 0 2 0. 0. 0. 0. 0 0
76.271 1 GPS 0 0 0 0 0 0 0 0 0 0 1
76.298 1 NAVIGATION 0 2 0. 0. 0. 0. 0 0
76.318 1 ATTITUDE 1.233582 0.818228 -0.000129
76.333 1 ESTIMATOR 0. 0.
76.494 1 NAVIGATION 0 2 0. 0. 0. 0. 0 0
76.528 1 GPS 0 0 0 0 0 0 0 0 0 0 1
76.568 1 DESIRED 0. 0.49 0. 0. 0. 655. 0. 12.
76.588 1 WP_MOVED 12 348655.1875 5945715. 660. 12
76.635 1 FBW_STATUS 2 0 1 69 0
76.662 1 NAVIGATION 0 2 0. 0. 0. 0. 0 0
76.696 1 GPS 0 0 0 0 0 0 0 0 0 0 1
76.702 1 PONG 
76.774 1 ATTITUDE 1.233611 0.819357 -0.000565
76.788 1 ESTIMATOR 0. 0.
76.816 1 NAVIGATION 0 2 0. 0. 0. 0. 0 0
76.938 1 GPS 0 0 0 0 0 0 0 0 0 0 1
76.958 1 WP_MOVED 13 348241.40625 5945665. 660. 12
76.974 1 NAVIGATION_REF 348865 5945715 12
76.983 1 DOWNLINK_STATUS 0 77 35751 1577 0 583. 26. 1256.54
76.996 1 BAT 0 69 0 0 1 82 0 0
77.059 1 GPS_SOL 0 0 0 0
77.070 1 CALIBRATION 0. 0
77.097 1 NAVIGATION 0 2 0. 0. 0. 0. 0 0
77.131 1 GPS 0 0 0 0 0 0 0 0 0 0 1
77.227 1 NAVIGATION 0 2 0. 0. 0. 0. 0 0
77.241 1 IMU_GYRO -0.047852 0.007324 -0.019043
77.260 1 ATTITUDE 1.23355 0.820621 -0.000875
77.274 1 ESTIMATOR 0. 0.
77.403 1 NAVIGATION 0 2 0. 0. 0. 0. 0 0
77.438 1 GPS 0 0 0 0 0 0 0 0 0 0 1
77.458 1 WP_MOVED 14 348242.3125 5945836.5 660. 12
77.498 1 DESIRED 0. 0.49 0. 0. 0. 655. 0. 12.
77.509 1 DL_VALUE 0 0.
77.521 1 DOWNLINK 0 514 1813
77.627 1 NAVIGATION 0 2 0. 0. 0. 0. 0 0
77.661 1 GPS 0 0 0 0 0 0 0 0 0 0 1
77.680 1 ATTITUDE 1.23357 0.82186 -0.001316
77.789 1 ESTIMATOR 0. 0.
77.810 1 ENERGY 6.9 0. 0 0.
77.836 1 NAVIGATION 0 2 0. 0. 0. 0. 0 0
77.871 1 GPS 0 0 0 0 0 0 0 0 0 0 1
77.892 1 WP_MOVED 15 348610.09375 5946017. 660. 12
77.984 1 DOWNLINK_STATUS 0 78 36264 1600 0 513. 23. 1256.54
78.083 1 NAVIGATION 0 2 0. 0. 0. 0. 0 0
78.117 1 GPS 0 0 0 0 0 0 0 0 0 0 1
78.144 1 NAVIGATION 0 2 0. 0. 0. 0. 0 0
78.166 1 BAT 0 69 0 0 1 83 0 0
78.185 1 ATTITUDE 1.23344 0.823237 -0.001795
78.203 1 IMU_GYRO -0.046631 0.009521 -0.019043
78.218 1 ESTIMATOR 0. 0.
78.345 1 NAVIGATION 0 2 0. 0. 0. 0. 0 0
78.379 1 GPS 0 0 0 0 0 0 0 0 0 0 1
78.400 1 WP_MOVED 16 348775.09375 5946191. 660. 12
78.476 1 DESIRED 0. 0.49 0. 0. 0. 655. 0. 12.
78.492 1 FBW_STATUS 2 0 1 69 0
78.583 1 NAVIGATION 0 2 0. 0. 0. 0. 0 0
78.617 1 GPS 0 0 0 0 0 0 0 0 0 0 1
78.720 1 ATTITUDE 1.233504 0.824444 -0.002263
78.734 1 ESTIMATOR 0. 0.
78.761 1 NAVIGATION 0 2 0. 0. 0. 0. 0 0
78.795 1 GPS 0 0 0 0 0 0 0 0 0 0 1
78.850 1 WP_MOVED 17 348944.6875 5946570. 660. 12
78.862 1 DL_VALUE 1 0.
78.984 1 DOWNLINK_STATUS 0 79 36733 1620 0 469. 20. 1256.54
78.992 1 GPS_SOL 0 0 0 0
79.019 1 NAVIGATION 0 2 0. 0. 0. 0. 0 0
79.054 1 GPS 0 0 0 0 0 0 0 0 0 0 1
79.122 1 NAVIGATION 0 2 0. 0. 0. 0. 0 0
79.133 1 CALIBRATION 0. 0
79.152 1 ATTITUDE 1.233548 0.825532 -0.002517
79.173 1 BAT 0 69 0 0 1 84 0 0
79.299 1 ESTIMATOR 0. 0.
79.317 1 IMU_GYRO -0.045654 0.010498 -0.019043
79.344 1 NAVIGATION 0 2 0. 0. 0. 0. 0 0
79.379 1 GPS 0 0 0 0 0 0 0 0 0 0 1
79.399 1 WP_MOVED 18 348975. 5946791.5 660. 12
79.439 1 DESIRED 0. 0.49 0. 0. 0. 655. 0. 12.
79.554 1 NAVIGATION 0 2 0. 0. 0. 0. 0 0
79.588 1 GPS 0 0 0 0 0 0 0 0 0 0 1
79.679 1 COMMANDS 0,-9600,4980,0,0
79.698 1 ATTITUDE 1.233591 0.826768 -0.002871
79.715 1 ACTUATORS 1250,1798,1200,1200,1350
79.730 1 ESTIMATOR 0. 0.
79.834 1 NAVIGATION 0 2 0. 0. 0. 0. 0 0
79.869 1 GPS 0 0 0 0 0 0 0 0 0 0 1
79.889 1 WP_MOVED 0 348907. 5945757. 660. 12
79.985 1 DOWNLINK_STATUS 0 80 37238 1642 0 505. 22. 1256.54
80.000 1 NAVIGATION 0 2 0. 0. 0. 0. 0 0
80.034 1 GPS 0 0 0 0 0 0 0 0 0 0 1
80.061 1 NAVIGATION 0 2 0. 0. 0. 0. 0 0
80.080 1 ATTITUDE 1.233679 0.827898 -0.003205
80.231 1 ESTIMATOR 0. 0.
80.246 1 BAT 0 69 0 0 1 85 0 0
80.266 1 ENERGY 6.9 0. 0 0.
80.294 1 NAVIGATION 0 2 0. 0. 0. 0. 0 0
80.329 1 GPS 0 0 0 0 0 0 0 0 0 0 1
80.349 1 WP_MOVED 1 348865. 5945715. 660. 12
80.367 1 IMU_GYRO -0.046631 0.009521 -0.02002
80.379 1 DL_VALUE 2 655.
80.402 1 ALIVE 98,118,119,208,66,13,152,127,177,70,235,176,172,191,147,226
80.415 1 PPRZ_MODE 2 0 0 0 0 6
80.455 1 DESIRED 0. 0.49 0. 0. 0. 655. 0. 12.
80.470 1 FBW_STATUS 2 0 1 69 0
80.497 1 NAVIGATION 0 2 0. 0. 0. 0. 0 0
80.531 1 GPS 0 0 0 0 0 0 0 0 0 0 1
80.550 1 ATTITUDE 1.233782 0.829066 -0.003727
80.559 1 STATE_FILTER_STATUS 3 0
80.574 1 ESTIMATOR 0. 0.
80.934 1 NAVIGATION 0 2 0. 0. 0. 0. 0 0
80.969 1 GPS 0 0 0 0 0 0 0 0 0 0 1
80.986 1 DOWNLINK_STATUS 0 81 37751 1665 0 513. 23. -3743.58
80.989 1 WP_MOVED 2 348895. 5945815. 660. 12
81.007 1 GPS_SOL 0 0 0 0
81.101 1 NAVIGATION 0 2 0. 0. 0. 0. 0 0
81.135 1 GPS 0 0 0 0 0 0 0 0 0 0 1
81.162 1 NAVIGATION 0 2 0. 0. 0. 0. 0 0
81.180 1 ATTITUDE 1.233751 0.830276 -0.004186
81.194 1 CALIBRATION 0. 0
81.209 1 ESTIMATOR 0. 0.
81.355 1 NAVIGATION 0 2 0. 0. 0. 0. 0 0
81.389 1 GPS 0 0 0 0 0 0 0 0 0 0 1
81.410 1 WP_MOVED 3 348965.09375 5945786. 660. 12
81.432 1 BAT 0 69 0 0 1 86 0 0
81.451 1 IMU_GYRO -0.047852 0.008301 -0.019043
81.640 1 NAVIGATION 0 2 0. 0. 0. 0. 0 0
81.674 1 GPS 0 0 0 0 0 0 0 0 0 0 1
81.714 1 DESIRED 0. 0.49 0. 0. 0. 655. 0. 12.
81.720 1 PONG 
81.738 1 ATTITUDE 1.233738 0.831136 -0.004472
81.782 1 ESTIMATOR 0. 0.
81.810 1 NAVIGATION 0 2 0. 0. 0. 0. 0 0
81.845 1 GPS 0 0 0 0 0 0 0 0 0 0 1
81.865 1 WP_MOVED 4 348764.6875 5945795. 660. 12
81.876 1 DL_VALUE 3 0.
81.986 1 DOWNLINK_STATUS 0 82 38259 1688 0 508. 23. 1273.89
82.040 1 NAVIGATION 0 2 0. 0. 0. 0. 0 0
82.073 1 GPS 0 0 0 0 0 0 0 0 0 0 1
82.101 1 NAVIGATION 0 2 0. 0. 0. 0. 0 0
82.128 1 ATTITUDE 1.23353 0.832232 -0.004677
82.282 1 ESTIMATOR 0. 0.
82.309 1 NAVIGATION 0 2 0. 0. 0. 0. 0 0
82.343 1 GPS 0 0 0 0 0 0 0 0 0 0 1
82.364 1 WP_MOVED 5 348740. 5945760. 660. 12
82.421 1 BAT 0 69 0 0 1 87 0 0
82.432 1 DOWNLINK 0 473 1919
82.460 1 NAVIGATION 0 2 0. 0. 0. 0. 0 0
82.632 1 FBW_STATUS 2 0 1 69 0
82.666 1 GPS 0 0 0 0 0 0 0 0 0 0 1
82.685 1 IMU_GYRO -0.048828 0.011475 -0.02002
82.724 1 DESIRED 0. 0.49 0. 0. 0. 655. 0. 12.
82.743 1 ATTITUDE 1.233747 0.833188 -0.005006
82.757 1 ESTIMATOR 0. 0.
82.777 1 ENERGY 6.9 0. 0 0.
82.806 1 NAVIGATION 0 2 0. 0. 0. 0. 0 0
82.839 1 GPS 0 0 0 0 0 0 0 0 0 0 1
82.859 1 WP_MOVED 6 348665. 5945815. 660. 12
82.884 1 GPS_SOL 0 0 0 0
82.911 1 NAVIGATION 0 2 0. 0. 0. 0. 0 0
82.986 1 DOWNLINK_STATUS 0 83 38791 1711 0 532. 23. 1273.89
83.041 1 GPS 0 0 0 0 0 0 0 0 0 0 1
83.068 1 NAVIGATION 0 2 0. 0. 0. 0. 0 0
83.086 1 ATTITUDE 1.233761 0.834148 -0.0053
83.198 1 ESTIMATOR 0. 0.
83.209 1 CALIBRATION 0. 0
83.236 1 NAVIGATION 0 2 0. 0. 0. 0. 0 0
83.270 1 GPS 0 0 0 0 0 0 0 0 0 0 1
83.291 1 WP_MOVED 7 349065. 5946015. 660. 12
83.303 1 DL_VALUE 4 0.
83.367 1 NAVIGATION 0 2 0. 0. 0. 0. 0 0
83.401 1 GPS 0 0 0 0 0 0 0 0 0 0 1
83.423 1 BAT 0 69 0 0 1 89 0 0
83.505 1 ATTITUDE 1.233774 0.835209 -0.005586
83.545 1 DESIRED 0. 0.49 0. 0. 0. 655. 0. 12.
83.564 1 IMU_GYRO -0.047852 0.008301 -0.019043
83.578 1 ESTIMATOR 0. 0.
83.635 1 NAVIGATION 0 2 0. 0. 0. 0. 0 0
