1.891 2 DOWNLINK_STATUS 0 2 950 41 0 950. 41. 0.
1.936 2 WP_MOVED 1 348865. 5945715. 660. 12
1.990 2 GPS 0 0 0 0 0 0 0 0 0 0 1
2.017 2 FBW_STATUS 2 0 1 156 0
2.035 2 DL_VALUE 2 655.
2.037 2 ESTIMATOR 0. 0.
2.135 2 ATTITUDE 0. 0. 0.
2.242 2 GPS 0 0 0 0 0 0 0 0 0 0 1
2.436 2 WP_MOVED 2 348895. 5945815. 660. 12
2.491 2 GPS 0 0 0 0 0 0 0 0 0 0 1
2.546 2 IMU_GYRO -0.029785 0.014893 -0.047852
2.553 2 DESIRED 0. 0. 0. 0. 0. 655. 0. 15.
2.555 2 ESTIMATOR 0. 0.
2.646 2 BAT 0 156 0 0 0 4 0 0
2.650 2 NAVIGATION 0 1 0. 0. 0. 0. 0 0
2.653 2 ATTITUDE 0. 0. 0.
2.741 2 GPS 0 0 0 0 0 0 0 0 0 0 1
2.819 2 ACTUATORS |1000,1500,1500,1500,1500,1500|
2.891 2 DOWNLINK_STATUS 0 3 1334 58 0 384. 17. 0.
2.919 2 COMMANDS |0,0,0,0,0,0|
2.941 2 CALIBRATION 0. 0
2.943 2 GPS_SOL 0 0 0 0
2.947 2 WP_MOVED 3 348965.09375 5945786. 660. 12
2.991 2 GPS 0 0 0 0 0 0 0 0 0 0 1
3.036 2 DOWNLINK 0 400 96
3.038 2 ESTIMATOR 0. 0.
3.136 2 STATE_FILTER_STATUS 2 0
3.139 2 ATTITUDE 0. 0. 0.
3.241 2 GPS 0 0 0 0 0 0 0 0 0 0 1
3.333 2 PPRZ_MODE 2 0 0 0 0 6
3.442 2 ALIVE |74,190,251,185,57,211,182,101,127,111,182,30,42,141,236,77|
3.445 2 WP_MOVED 4 348764.6875 5945795. 660. 12
3.491 2 GPS 0 0 0 0 0 0 0 0 0 0 1
3.542 2 ENERGY 15.6 0. 0 0.
3.544 2 DL_VALUE 3 0.
3.546 2 ESTIMATOR 0. 0.
3.593 2 DESIRED 0. 0. 0. 0. 0. 655. 0. 15.
3.644 2 IMU_GYRO -0.030762 0.012695 -0.047852
3.650 2 NAVIGATION 0 1 0. 0. 0. 0. 0 0
3.652 2 ATTITUDE 0. 0. 0.
3.743 2 BAT 0 156 0 0 0 5 0 0
3.749 2 GPS 0 0 0 0 0 0 0 0 0 0 1
3.892 2 DOWNLINK_STATUS 0 4 1806 81 0 472. 23. 0.
3.936 2 WP_MOVED 5 348740. 5945760. 660. 12
3.991 2 GPS 0 0 0 0 0 0 0 0 0 0 1
4.017 2 FBW_STATUS 2 0 1 156 0
4.034 2 ESTIMATOR 0. 0.
4.135 2 ATTITUDE -0.299242 -1.567538 0.004151
4.241 2 GPS 0 0 0 0 0 0 0 0 0 0 1
4.436 2 WP_MOVED 6 348665. 5945815. 660. 12
4.491 2 GPS 0 0 0 0 0 0 0 0 0 0 1
4.534 2 ESTIMATOR 0. 0.
4.653 2 DESIRED 0. 0.03 0. 0. 0. 655. 0. 15.
4.657 2 NAVIGATION 0 1 0. 0. 0. 0. 0 0
4.660 2 ATTITUDE -0.299203 -1.567735 0.004345
4.743 2 IMU_GYRO -0.027588 0.02002 -0.047852
4.748 2 GPS 0 0 0 0 0 0 0 0 0 0 1
4.837 2 BAT 0 156 0 0 0 7 0 0
4.892 2 DOWNLINK_STATUS 0 5 2160 96 0 354. 15. 0.
4.939 2 GPS_SOL 0 0 0 0
4.942 2 WP_MOVED 7 349065. 5946015. 660. 12
4.990 2 GPS 0 0 0 0 0 0 0 0 0 0 1
5.037 2 CALIBRATION 0. 0
5.039 2 DL_VALUE 4 0.
5.042 2 ESTIMATOR 0. 0.
5.147 2 ATTITUDE -0.299204 -1.567905 0.004319
5.241 2 GPS 0 0 0 0 0 0 0 0 0 0 1
5.430 2 PONG 
5.448 2 WP_MOVED 0 348907. 5945757. 660. 12
5.491 2 GPS 0 0 0 0 0 0 0 0 0 0 1
5.534 2 ESTIMATOR 0. 0.
5.642 2 NAVIGATION 0 1 0. 0. 0. 0. 0 0
5.645 2 ATTITUDE -0.299408 -1.568016 0.004244
5.693 2 DESIRED 0. 0.03 0. 0. 0. 655. 0. 15.
5.741 2 GPS 0 0 0 0 0 0 0 0 0 0 1
5.835 2 IMU_GYRO -0.029785 0.013672 -0.047852
5.892 2 DOWNLINK_STATUS 0 6 2523 113 0 363. 17. 38.95
5.941 2 BAT 0 156 0 0 0 8 0 0
5.944 2 WP_MOVED 1 348865. 5945715. 660. 12
5.991 2 GPS 0 0 0 0 0 0 0 0 0 0 1
6.016 2 FBW_STATUS 2 0 1 156 0
6.039 2 ENERGY 15.6 0. 0 0.
6.041 2 ESTIMATOR 0. 0.
6.135 2 ATTITUDE -0.299548 -1.568213 0.004268
6.241 2 GPS 0 0 0 0 0 0 0 0 0 0 1
6.436 2 WP_MOVED 2 348895. 5945815. 660. 12
6.491 2 GPS 0 0 0 0 0 0 0 0 0 0 1
6.535 2 DL_VALUE 5 0.
6.538 2 ESTIMATOR 0. 0.
6.642 2 NAVIGATION 0 1 0. 0. 0. 0. 0 0
6.645 2 ATTITUDE -0.299855 -1.56835 0.004292
6.750 2 DESIRED 0. 0.03 0. 0. 0. 655. 0. 15.
6.756 2 GPS 0 0 0 0 0 0 0 0 0 0 1
6.836 2 NAVIGATION_REF 348865 5945715 12 605.
6.892 2 DOWNLINK_STATUS 0 7 2909 130 0 386. 17. 38.95
6.943 2 GPS_SOL 0 0 0 0
6.946 2 IMU_GYRO -0.029785 0.015869 -0.047852
6.950 2 WP_MOVED 3 348965.09375 5945786. 660. 12
6.991 2 GPS 0 0 0 0 0 0 0 0 0 0 1
7.040 2 BAT 0 156 0 0 0 9 0 0
7.042 2 ESTIMATOR 0. 0.
7.137 2 CALIBRATION 0. 0
7.140 2 ATTITUDE -0.300033 -1.568632 0.004253
7.241 2 GPS 0 0 0 0 0 0 0 0 0 0 1
7.436 2 WP_MOVED 4 348764.6875 5945795. 660. 12
7.490 2 GPS 0 0 0 0 0 0 0 0 0 0 1
7.533 2 ESTIMATOR 0. 0.
7.642 2 NAVIGATION 0 1 0. 0. 0. 0. 0 0
7.645 2 ATTITUDE -0.114632 -1.694361 -0.020659
7.740 2 GPS 0 0 0 0 0 0 0 0 0 0 1
7.793 2 DESIRED 0. 0. 0. 0. 0. 655. 0. 15.
7.818 2 ACTUATORS |1000,1500,1515,1454,1454,1500|
7.893 2 DOWNLINK_STATUS 0 8 3295 147 0 386. 17. 38.95
7.918 2 COMMANDS |0,-304,293,0,0,0|
7.936 2 WP_MOVED 5 348740. 5945760. 660. 12
7.991 2 GPS 0 0 0 0 0 0 0 0 0 0 1
8.017 2 FBW_STATUS 2 0 1 156 0
8.039 2 DL_VALUE 6 100.
8.042 2 IMU_GYRO 0.056396 0.11377 -0.052979
8.045 2 ESTIMATOR 0. 0.
8.143 2 DOWNLINK 0 390 187
8.144 2 STATE_FILTER_STATUS 3 0
8.148 2 BAT 0 156 0 0 0 10 0 0
8.151 2 ATTITUDE 0.018492 -1.779738 -0.020324
8.241 2 GPS 0 0 0 0 0 0 0 0 0 0 1
8.333 2 PPRZ_MODE 2 0 0 0 0 6
8.441 2 ALIVE |74,190,251,185,57,211,182,101,127,111,182,30,42,141,236,77|
8.445 2 WP_MOVED 6 348665. 5945815. 660. 12
8.491 2 GPS 0 0 0 0 0 0 0 0 0 0 1
8.539 2 ENERGY 15.7 0. 0 0.
8.541 2 ESTIMATOR 0. 0.
8.643 2 NAVIGATION 0 1 0. 0. 0. 0. 0 0
8.645 2 ATTITUDE -0.254266 -1.5956 -0.001622
8.740 2 GPS 0 0 0 0 0 0 0 0 0 0 1
8.843 2 DESIRED 0. 0.04 0. 0. 0. 655. 0. 15.
8.893 2 DOWNLINK_STATUS 0 9 3754 169 0 459. 22. 38.95
8.938 2 GPS_SOL 0 0 0 0
8.942 2 WP_MOVED 7 349065. 5946015. 660. 12
8.990 2 GPS 0 0 0 0 0 0 0 0 0 0 1
9.033 2 ESTIMATOR 0. 0.
9.139 2 IMU_GYRO -0.052979 -0.072266 -0.045654
9.142 2 ATTITUDE -0.33125 -1.550677 0.008865
9.244 2 CALIBRATION 0. 0
9.247 2 BAT 0 156 0 0 0 11 0 0
9.253 2 GPS 0 0 0 0 0 0 0 0 0 0 1
9.436 2 WP_MOVED 0 348907. 5945757. 660. 12
9.491 2 GPS 0 0 0 0 0 0 0 0 0 0 1
9.535 2 DL_VALUE 7 2.
9.538 2 ESTIMATOR 0. 0.
9.642 2 NAVIGATION 0 1 0. 0. 0. 0. 0 0
9.645 2 ATTITUDE -0.330214 -1.551264 0.008769
9.741 2 GPS 0 0 0 0 0 0 0 0 0 0 1
9.893 2 DESIRED 0. 0.03 0. 0. 0. 655. 0. 15.
9.893 2 DOWNLINK_STATUS 0 10 4132 186 0 378. 17. 38.95
9.935 2 WP_MOVED 1 348865. 5945715. 660. 12
9.990 2 GPS 0 0 0 0 0 0 0 0 0 0 1
10.016 2 FBW_STATUS 2 0 1 156 0
10.033 2 ESTIMATOR 0. 0.
10.135 2 ATTITUDE -0.329549 -1.551569 0.008656
10.242 2 IMU_GYRO -0.026367 0.025391 -0.048828
10.247 2 GPS 0 0 0 0 0 0 0 0 0 0 1
10.336 2 BAT 0 156 0 0 0 12 0 0
10.434 2 PONG 
10.437 2 WP_MOVED 2 348895. 5945815. 660. 12
10.491 2 GPS 0 0 0 0 0 0 0 0 0 0 1
10.534 2 ESTIMATOR 0. 0.
10.648 2 NAVIGATION 0 1 0. 0. 0. 0. 0 0
10.648 2 ATTITUDE -0.329243 -1.551679 0.00859
10.741 2 GPS 0 0 0 0 0 0 0 0 0 0 1
10.893 2 DOWNLINK_STATUS 0 11 4454 201 0 322. 15. 42.59
10.946 2 GPS_SOL 0 0 0 0
10.954 2 DESIRED 0. 0.03 0. 0. 0. 655. 0. 15.
10.957 2 WP_MOVED 3 348965.09375 5945786. 660. 12
10.991 2 GPS 0 0 0 0 0 0 0 0 0 0 1
11.041 2 ENERGY 15.6 0. 0 0.
11.042 2 DL_VALUE 8 0.
11.045 2 ESTIMATOR 0. 0.
11.134 2 ATTITUDE -0.329371 -1.551876 0.008598
11.240 2 GPS 0 0 0 0 0 0 0 0 0 0 1
11.336 2 CALIBRATION 0. 0
11.339 2 IMU_GYRO -0.028564 0.018066 -0.048828
11.440 2 BAT 0 156 0 0 0 13 0 0
11.443 2 WP_MOVED 4 348764.6875 5945795. 660. 12
11.490 2 GPS 0 0 0 0 0 0 0 0 0 0 1
11.533 2 ESTIMATOR 0. 0.
11.641 2 NAVIGATION 0 1 0. 0. 0. 0. 0 0
11.645 2 ATTITUDE -0.329678 -1.552018 0.008622
11.741 2 GPS 0 0 0 0 0 0 0 0 0 0 1
11.894 2 DOWNLINK_STATUS 0 12 4852 219 0 398. 18. 42.59
11.936 2 WP_MOVED 5 348740. 5945760. 660. 12
12.000 2 DESIRED 0. 0.03 0. 0. 0. 655. 0. 15.
12.005 2 GPS 0 0 0 0 0 0 0 0 0 0 1
12.017 2 FBW_STATUS 2 0 1 157 0
12.033 2 ESTIMATOR 0. 0.
12.040 2 WIND_INFO 2 42 0. 0. 0.
12.135 2 ATTITUDE -0.32964 -1.552187 0.008643
12.241 2 GPS 0 0 0 0 0 0 0 0 0 0 1
12.439 2 IMU_GYRO -0.029785 0.014893 -0.046631
12.443 2 WP_MOVED 6 348665. 5945815. 660. 12
12.490 2 GPS 0 0 0 0 0 0 0 0 0 0 1
12.539 2 DL_VALUE 9 0.
12.542 2 BAT 0 156 0 0 0 14 0 0
12.545 2 ESTIMATOR 0. 0.
12.642 2 NAVIGATION 0 1 0. 0. 0. 0. 0 0
12.644 2 ATTITUDE -0.32977 -1.55244 0.008467
12.740 2 GPS 0 0 0 0 0 0 0 0 0 0 1
12.819 2 ACTUATORS |1000,1500,1516,1628,1628,1500|
12.895 2 DOWNLINK_STATUS 0 13 5236 236 0 384. 17. 42.59
12.918 2 COMMANDS |0,2481,311,0,0,0|
12.939 2 GPS_SOL 0 0 0 0
12.942 2 WP_MOVED 7 349065. 5946015. 660. 12
12.990 2 GPS 0 0 0 0 0 0 0 0 0 0 1
13.045 2 DESIRED 0. 0.03 0. 0. 0. 655. 0. 15.
13.048 2 ESTIMATOR 0. 0.
13.135 2 STATE_FILTER_STATUS 3 0
13.138 2 ATTITUDE -0.330039 -1.552217 0.008427
13.239 2 DOWNLINK 0 388 277
13.245 2 GPS 0 0 0 0 0 0 0 0 0 0 1
13.333 2 PPRZ_MODE 2 0 0 0 0 6
13.443 2 ALIVE |74,190,251,185,57,211,182,101,127,111,182,30,42,141,236,77|
13.445 2 CALIBRATION 0. 0
13.449 2 WP_MOVED 0 348907. 5945757. 660. 12
13.491 2 GPS 0 0 0 0 0 0 0 0 0 0 1
13.542 2 ENERGY 15.6 0. 0 0.
13.546 2 IMU_GYRO -0.024414 0.033936 -0.047852
13.548 2 ESTIMATOR 0. 0.
13.646 2 BAT 0 156 0 0 0 15 0 0
13.649 2 NAVIGATION 0 1 0. 0. 0. 0. 0 0
13.652 2 ATTITUDE -0.32995 -1.552539 0.008369
13.740 2 GPS 0 0 0 0 0 0 0 0 0 0 1
13.895 2 DOWNLINK_STATUS 0 14 5697 258 0 461. 22. 42.59
13.935 2 WP_MOVED 1 348865. 5945715. 660. 12
13.990 2 GPS 0 0 0 0 0 0 0 0 0 0 1
14.016 2 FBW_STATUS 2 0 1 156 0
14.035 2 DL_VALUE 10 0.
14.037 2 ESTIMATOR 0. 0.
14.093 2 DESIRED 0. 0.03 0. 0. 0. 655. 0. 15.
14.134 2 ATTITUDE -0.330168 -1.552667 0.008393
14.240 2 GPS 0 0 0 0 0 0 0 0 0 0 1
14.435 2 WP_MOVED 2 348895. 5945815. 660. 12
14.490 2 GPS 0 0 0 0 0 0 0 0 0 0 1
14.533 2 ESTIMATOR 0. 0.
14.644 2 IMU_GYRO -0.028564 0.019043 -0.046631
14.649 2 NAVIGATION 0 1 0. 0. 0. 0. 0 0
14.652 2 ATTITUDE -0.330296 -1.552779 0.008415
14.743 2 BAT 0 157 0 0 0 16 0 0
14.749 2 GPS 0 0 0 0 0 0 0 0 0 0 1
14.896 2 DOWNLINK_STATUS 0 15 6062 274 0 365. 16. 42.59
14.939 2 GPS_SOL 0 0 0 0
14.942 2 WP_MOVED 3 348965.09375 5945786. 660. 12
14.991 2 GPS 0 0 0 0 0 0 0 0 0 0 1
15.034 2 ESTIMATOR 0. 0.
15.147 2 DESIRED 0. 0.03 0. 0. 0. 655. 0. 15.
15.150 2 ATTITUDE -0.330348 -1.55285 0.008281
15.241 2 GPS 0 0 0 0 0 0 0 0 0 0 1
15.437 2 WP_MOVED 4 348764.6875 5945795. 660. 12
15.437 2 PONG 
15.491 2 GPS 0 0 0 0 0 0 0 0 0 0 1
15.537 2 CALIBRATION 0. 0
15.539 2 DL_VALUE 11 0.
15.541 2 ESTIMATOR 0. 0.
15.641 2 NAVIGATION 0 1 0. 0. 0. 0. 0 0
15.644 2 ATTITUDE -0.330567 -1.552949 0.008134
15.741 2 IMU_GYRO -0.032959 0.011475 -0.048828
15.747 2 GPS 0 0 0 0 0 0 0 0 0 0 1
15.839 2 NAVIGATION_REF 348865 5945715 12 605.
15.843 2 BAT 0 156 0 0 0 18 0 0
15.896 2 DOWNLINK_STATUS 0 16 6465 293 0 403. 19. 45.32
15.935 2 WP_MOVED 5 348740. 5945760. 660. 12
15.990 2 GPS 0 0 0 0 0 0 0 0 0 0 1
16.017 2 FBW_STATUS 2 0 1 156 0
16.039 2 ENERGY 15.6 0. 0 0.
16.041 2 ESTIMATOR 0. 0.
16.135 2 ATTITUDE -0.330389 -1.553059 0.007933
16.192 2 DESIRED 0. 0.03 0. 0. 0. 655. 0. 15.
16.240 2 GPS 0 0 0 0 0 0 0 0 0 0 1
16.436 2 WP_MOVED 6 348665. 5945815. 660. 12
16.491 2 GPS 0 0 0 0 0 0 0 0 0 0 1
16.534 2 ESTIMATOR 0. 0.
16.642 2 NAVIGATION 0 1 0. 0. 0. 0. 0 0
16.645 2 ATTITUDE -0.330517 -1.553172 0.007956
16.741 2 GPS 0 0 0 0 0 0 0 0 0 0 1
16.834 2 IMU_GYRO -0.029785 0.015869 -0.047852
16.896 2 DOWNLINK_STATUS 0 17 6818 308 0 353. 15. 45.32
16.943 2 GPS_SOL 0 0 0 0
16.946 2 BAT 0 156 0 0 0 19 0 0
16.950 2 WP_MOVED 7 349065. 5946015. 660. 12
16.990 2 GPS 0 0 0 0 0 0 0 0 0 0 1
17.035 2 DL_VALUE 12 12000.
17.037 2 ESTIMATOR 0. 0.
17.134 2 ATTITUDE -0.330608 -1.553341 0.007843
17.249 2 DESIRED 0. 0.03 0. 0. 0. 655. 0. 15.
17.255 2 GPS 0 0 0 0 0 0 0 0 0 0 1
17.436 2 WP_MOVED 0 348907. 5945757. 660. 12
17.490 2 GPS 0 0 0 0 0 0 0 0 0 0 1
17.533 2 ESTIMATOR 0. 0.
17.642 2 CALIBRATION 0. 0
17.646 2 NAVIGATION 0 1 0. 0. 0. 0. 0 0
17.649 2 ATTITUDE -0.330827 -1.553425 0.007611
17.740 2 GPS 0 0 0 0 0 0 0 0 0 0 1
17.818 2 ACTUATORS |1000,1500,1516,1629,1629,1500|
17.896 2 DOWNLINK_STATUS 0 18 7197 325 0 379. 17. 45.32
17.918 2 COMMANDS |0,2485,322,0,0,0|
17.939 2 IMU_GYRO -0.029785 0.014893 -0.046631
17.943 2 WP_MOVED 1 348865. 5945715. 660. 12
17.991 2 GPS 0 0 0 0 0 0 0 0 0 0 1
18.017 2 FBW_STATUS 2 0 1 156 0
18.039 2 BAT 0 156 0 0 0 20 0 0
18.041 2 ESTIMATOR 0. 0.
18.135 2 STATE_FILTER_STATUS 3 0
18.138 2 ATTITUDE -0.330662 -1.553552 0.00751
18.240 2 GPS 0 0 0 0 0 0 0 0 0 0 1
18.292 2 DESIRED 0. 0.03 0. 0. 0. 655. 0. 15.
18.334 2 DOWNLINK 0 398 369
18.336 2 PPRZ_MODE 2 0 0 0 0 6
18.441 2 ALIVE |74,190,251,185,57,211,182,101,127,111,182,30,42,141,236,77|
18.444 2 WP_MOVED 2 348895. 5945815. 660. 12
18.490 2 GPS 0 0 0 0 0 0 0 0 0 0 1
18.540 2 ENERGY 15.6 0. 0 0.
18.542 2 DL_VALUE 13 1.5
18.545 2 ESTIMATOR 0. 0.
18.641 2 NAVIGATION 0 1 0. 0. 0. 0. 0 0
18.644 2 ATTITUDE -0.330663 -1.553622 0.007411
18.740 2 GPS 0 0 0 0 0 0 0 0 0 0 1
18.897 2 DOWNLINK_STATUS 0 19 7656 347 0 459. 22. 45.32
18.939 2 GPS_SOL 0 0 0 0
18.942 2 WP_MOVED 3 348965.09375 5945786. 660. 12
18.990 2 GPS 0 0 0 0 0 0 0 0 0 0 1
19.038 2 IMU_GYRO -0.030762 0.012695 -0.047852
19.040 2 ESTIMATOR 0. 0.
19.140 2 BAT 0 156 0 0 0 21 0 0
19.143 2 ATTITUDE -0.331011 -1.55372 0.00713
19.241 2 GPS 0 0 0 0 0 0 0 0 0 0 1
19.343 2 DESIRED 0. 0.03 0. 0. 0. 655. 0. 15.
19.436 2 WP_MOVED 4 348764.6875 5945795. 660. 12
19.490 2 GPS 0 0 0 0 0 0 0 0 0 0 1
19.533 2 ESTIMATOR 0. 0.
19.641 2 NAVIGATION 0 1 0. 0. 0. 0. 0 0
19.644 2 ATTITUDE -0.331063 -1.55389 0.007066
19.739 2 CALIBRATION 0. 0
19.744 2 GPS 0 0 0 0 0 0 0 0 0 0 1
19.898 2 DOWNLINK_STATUS 0 20 8023 363 0 367. 16. 45.32
19.935 2 WP_MOVED 5 348740. 5945760. 660. 12
19.990 2 GPS 0 0 0 0 0 0 0 0 0 0 1
20.016 2 FBW_STATUS 2 0 1 156 0
20.035 2 DL_VALUE 14 0.610865
20.037 2 ESTIMATOR 0. 0.
20.138 2 IMU_GYRO -0.031738 0.011475 -0.047852
20.142 2 ATTITUDE -0.33123 -1.553903 0.006968
20.243 2 BAT 0 156 0 0 0 22 0 0
20.249 2 GPS 0 0 0 0 0 0 0 0 0 0 1
20.392 2 DESIRED 0. 0.03 0. 0. 0. 655. 0. 15.
20.437 2 WP_MOVED 6 348665. 5945815. 660. 12
20.437 2 PONG 
20.491 2 GPS 0 0 0 0 0 0 0 0 0 0 1
20.533 2 ESTIMATOR 0. 0.
20.642 2 NAVIGATION 0 1 0. 0. 0. 0. 0 0
20.645 2 ATTITUDE -0.331192 -1.553974 0.006918
20.740 2 GPS 0 0 0 0 0 0 0 0 0 0 1
20.899 2 DOWNLINK_STATUS 0 21 8394 380 0 371. 17. 44.37
20.938 2 GPS_SOL 0 0 0 0
20.941 2 WP_MOVED 7 349065. 5946015. 660. 12
20.990 2 GPS 0 0 0 0 0 0 0 0 0 0 1
21.038 2 ENERGY 15.6 0. 0 0.
21.040 2 ESTIMATOR 0. 0.
21.134 2 ATTITUDE -0.331066 -1.554085 0.006683
21.241 2 IMU_GYRO -0.030762 0.008301 -0.045654
21.247 2 GPS 0 0 0 0 0 0 0 0 0 0 1
21.336 2 BAT 0 157 0 0 0 23 0 0
21.447 2 DESIRED 0. 0.03 0. 0. 0. 655. 0. 15.
21.450 2 WP_MOVED 0 348907. 5945757. 660. 12
21.490 2 GPS 0 0 0 0 0 0 0 0 0 0 1
21.535 2 DL_VALUE 15 7500.
21.537 2 ESTIMATOR 0. 0.
21.642 2 NAVIGATION 0 1 0. 0. 0. 0. 0 0
21.645 2 ATTITUDE -0.331194 -1.554282 0.006691
21.740 2 GPS 0 0 0 0 0 0 0 0 0 0 1
21.832 2 CALIBRATION 0. 0
21.900 2 DOWNLINK_STATUS 0 22 8792 398 0 398. 18. 44.37
21.936 2 WP_MOVED 1 348865. 5945715. 660. 12
21.990 2 GPS 0 0 0 0 0 0 0 0 0 0 1
22.016 2 FBW_STATUS 2 0 1 156 0
22.032 2 ESTIMATOR 0. 0.
22.134 2 ATTITUDE -0.331284 -1.55455 0.006649
22.240 2 GPS 0 0 0 0 0 0 0 0 0 0 1
22.334 2 IMU_GYRO -0.030762 0.012695 -0.047852
22.440 2 BAT 0 157 0 0 0 24 0 0
22.443 2 WP_MOVED 2 348895. 5945815. 660. 12
22.499 2 DESIRED 0. 0.03 0. 0. 0. 655. 0. 15.
22.505 2 GPS 0 0 0 0 0 0 0 0 0 0 1
22.532 2 ESTIMATOR 0. 0.
22.641 2 NAVIGATION 0 1 0. 0. 0. 0. 0 0
22.644 2 ATTITUDE -0.33145 -1.554592 0.006722
22.740 2 GPS 0 0 0 0 0 0 0 0 0 0 1
22.818 2 ACTUATORS |1000,1500,1517,1629,1629,1500|
22.901 2 DOWNLINK_STATUS 0 23 9165 414 0 373. 16. 44.37
22.918 2 COMMANDS |0,2496,334,0,0,0|
22.938 2 GPS_SOL 0 0 0 0
22.942 2 WP_MOVED 3 348965.09375 5945786. 660. 12
22.990 2 GPS 0 0 0 0 0 0 0 0 0 0 1
23.034 2 DL_VALUE 16 1250.
23.036 2 ESTIMATOR 0. 0.
23.135 2 STATE_FILTER_STATUS 3 0
23.138 2 ATTITUDE -0.331848 -1.554819 0.006647
23.240 2 GPS 0 0 0 0 0 0 0 0 0 0 1
23.331 2 PPRZ_MODE 2 0 0 0 0 6
23.444 2 DOWNLINK 0 375 457
23.448 2 ALIVE |74,190,251,185,57,211,182,101,127,111,182,30,42,141,236,77|
23.451 2 IMU_GYRO -0.026367 0.022217 -0.047852
23.455 2 WP_MOVED 4 348764.6875 5945795. 660. 12
23.490 2 GPS 0 0 0 0 0 0 0 0 0 0 1
23.550 2 ENERGY 15.6 0. 0 0.
23.554 2 BAT 0 156 0 0 0 25 0 0
23.561 2 DESIRED 0. 0.03 0. 0. 0. 655. 0. 15.
23.563 2 ESTIMATOR 0. 0.
23.641 2 NAVIGATION 0 1 0. 0. 0. 0. 0 0
23.644 2 ATTITUDE -0.33172 -1.554875 0.006596
23.740 2 GPS 0 0 0 0 0 0 0 0 0 0 1
23.902 2 DOWNLINK_STATUS 0 24 9626 436 0 461. 22. 44.37
23.936 2 CALIBRATION 0. 0
23.939 2 WP_MOVED 5 348740. 5945760. 660. 12
23.990 2 GPS 0 0 0 0 0 0 0 0 0 0 1
24.016 2 FBW_STATUS 2 0 1 156 0
24.033 2 ESTIMATOR 0. 0.
24.134 2 ATTITUDE -0.331683 -1.5551 0.006432
24.240 2 GPS 0 0 0 0 0 0 0 0 0 0 1
24.434 2 WP_MOVED 6 348665. 5945815. 660. 12
24.490 2 GPS 0 0 0 0 0 0 0 0 0 0 1
24.538 2 DL_VALUE 17 0.45
24.542 2 IMU_GYRO -0.029785 0.015869 -0.047852
24.544 2 ESTIMATOR 0. 0.
24.593 2 DESIRED 0. 0.03 0. 0. 0. 655. 0. 15.
24.644 2 BAT 0 157 0 0 0 26 0 0
24.650 2 NAVIGATION 0 1 0. 0. 0. 0. 0 0
24.652 2 ATTITUDE -0.331849 -1.555128 0.006419
24.740 2 GPS 0 0 0 0 0 0 0 0 0 0 1
24.834 2 NAVIGATION_REF 348865 5945715 12 605.
24.903 2 DOWNLINK_STATUS 0 25 10021 454 0 395. 18. 44.37
24.938 2 GPS_SOL 0 0 0 0
24.941 2 WP_MOVED 7 349065. 5946015. 660. 12
24.990 2 GPS 0 0 0 0 0 0 0 0 0 0 1
25.032 2 ESTIMATOR 0. 0.
25.134 2 ATTITUDE -0.33194 -1.555396 0.006377
25.240 2 GPS 0 0 0 0 0 0 0 0 0 0 1
25.436 2 WP_MOVED 0 348907. 5945757. 660. 12
25.436 2 PONG 
25.490 2 GPS 0 0 0 0 0 0 0 0 0 0 1
25.533 2 ESTIMATOR 0. 0.
25.652 2 IMU_GYRO -0.028564 0.019043 -0.047852
25.659 2 DESIRED 0. 0.03 0. 0. 0. 655. 0. 15.
25.662 2 NAVIGATION 0 1 0. 0. 0. 0. 0 0
25.665 2 ATTITUDE -0.33194 -1.555481 0.006363
25.742 2 BAT 0 156 0 0 0 27 0 0
25.747 2 GPS 0 0 0 0 0 0 0 0 0 0 1
25.904 2 DOWNLINK_STATUS 0 26 10383 470 0 362. 16. 42.36
25.934 2 WP_MOVED 1 348865. 5945715. 660. 12
25.989 2 GPS 0 0 0 0 0 0 0 0 0 0 1
26.016 2 FBW_STATUS 2 0 1 156 0
26.042 2 ENERGY 15.6 0. 0 0.
26.044 2 CALIBRATION 0. 0
26.046 2 DL_VALUE 18 0.03
26.049 2 ESTIMATOR 0. 0.
26.134 2 ATTITUDE -0.33194 -1.555734 0.00632
26.240 2 GPS 0 0 0 0 0 0 0 0 0 0 1
26.435 2 WP_MOVED 2 348895. 5945815. 660. 12
26.490 2 GPS 0 0 0 0 0 0 0 0 0 0 1
26.533 2 ESTIMATOR 0. 0.
26.641 2 NAVIGATION 0 1 0. 0. 0. 0. 0 0
26.644 2 ATTITUDE -0.332158 -1.555861 0.006343
26.692 2 DESIRED 0. 0.03 0. 0. 0. 655. 0. 15.
26.741 2 IMU_GYRO -0.029785 0.018066 -0.047852
26.747 2 GPS 0 0 0 0 0 0 0 0 0 0 1
26.834 2 BAT 0 156 0 0 0 29 0 0
26.905 2 DOWNLINK_STATUS 0 27 10779 488 0 396. 18. 42.36
26.938 2 GPS_SOL 0 0 0 0
26.942 2 WP_MOVED 3 348965.09375 5945786. 660. 12
26.989 2 GPS 0 0 0 0 0 0 0 0 0 0 1
27.032 2 ESTIMATOR 0. 0.
27.135 2 ATTITUDE -0.332376 -1.556074 0.006351
27.239 2 GPS 0 0 0 0 0 0 0 0 0 0 1
27.437 2 WP_MOVED 4 348764.6875 5945795. 660. 12
27.490 2 GPS 0 0 0 0 0 0 0 0 0 0 1
27.534 2 DL_VALUE 19 0.15
27.536 2 ESTIMATOR 0. 0.
27.641 2 NAVIGATION 0 1 0. 0. 0. 0. 0 0
27.644 2 ATTITUDE -0.332465 -1.556088 0.006352
27.749 2 DESIRED 0. 0.03 0. 0. 0. 655. 0. 15.
27.754 2 GPS 0 0 0 0 0 0 0 0 0 0 1
27.818 2 ACTUATORS |1000,1500,1517,1630,1630,1500|
27.834 2 IMU_GYRO -0.029785 0.016846 -0.047852
27.905 2 DOWNLINK_STATUS 0 28 11144 504 0 365. 16. 42.36
27.918 2 COMMANDS |0,2490,338,0,0,0|
27.939 2 BAT 0 156 0 0 0 30 0 0
27.943 2 WP_MOVED 5 348740. 5945760. 660. 12
27.990 2 GPS 0 0 0 0 0 0 0 0 0 0 1
28.016 2 FBW_STATUS 2 0 1 156 0
28.033 2 ESTIMATOR 0. 0.
28.137 2 STATE_FILTER_STATUS 3 0
28.139 2 CALIBRATION 0. 0
28.142 2 ATTITUDE -0.332555 -1.556103 0.006353
28.240 2 GPS 0 0 0 0 0 0 0 0 0 0 1
28.331 2 PPRZ_MODE 2 0 0 0 0 6
28.440 2 ALIVE |74,190,251,185,57,211,182,101,127,111,182,30,42,141,236,77|
28.444 2 WP_MOVED 6 348665. 5945815. 660. 12
28.490 2 GPS 0 0 0 0 0 0 0 0 0 0 1
28.538 2 DOWNLINK 0 406 551
28.541 2 ENERGY 15.6 0. 0 0.
28.544 2 ESTIMATOR 0. 0.
28.641 2 NAVIGATION 0 1 0. 0. 0. 0. 0 0
28.644 2 ATTITUDE -0.332645 -1.556217 0.006424
28.739 2 GPS 0 0 0 0 0 0 0 0 0 0 1
28.792 2 DESIRED 0. 0.03 0. 0. 0. 655. 0. 15.
28.906 2 DOWNLINK_STATUS 0 29 11585 525 0 441. 21. 42.36
28.942 2 GPS_SOL 0 0 0 0
28.945 2 IMU_GYRO -0.029785 0.013672 -0.047852
28.948 2 WP_MOVED 7 349065. 5946015. 660. 12
28.990 2 GPS 0 0 0 0 0 0 0 0 0 0 1
29.039 2 DL_VALUE 20 0.01
29.042 2 BAT 0 156 0 0 0 31 0 0
29.045 2 ESTIMATOR 0. 0.
29.134 2 ATTITUDE -0.332736 -1.556456 0.006212
29.240 2 GPS 0 0 0 0 0 0 0 0 0 0 1
29.435 2 WP_MOVED 0 348907. 5945757. 660. 12
29.490 2 GPS 0 0 0 0 0 0 0 0 0 0 1
29.532 2 ESTIMATOR 0. 0.
29.640 2 NAVIGATION 0 1 0. 0. 0. 0. 0 0
29.643 2 ATTITUDE -0.332864 -1.556653 0.006219
29.739 2 GPS 0 0 0 0 0 0 0 0 0 0 1
29.841 2 DESIRED 0. 0.03 0. 0. 0. 655. 0. 15.
29.907 2 DOWNLINK_STATUS 0 30 11952 541 0 367. 16. 42.36
29.934 2 WP_MOVED 1 348865. 5945715. 660. 12
29.989 2 GPS 0 0 0 0 0 0 0 0 0 0 1
30.016 2 FBW_STATUS 2 0 1 156 0
30.037 2 IMU_GYRO -0.029785 0.016846 -0.047852
30.039 2 ESTIMATOR 0. 0.
30.139 2 BAT 0 156 0 0 0 32 0 0
30.142 2 ATTITUDE -0.332864 -1.556822 0.006191
30.238 2 CALIBRATION 0. 0
30.244 2 GPS 0 0 0 0 0 0 0 0 0 0 1
30.434 2 WP_MOVED 2 348895. 5945815. 660. 12
30.447 2 PONG 
30.490 2 GPS 0 0 0 0 0 0 0 0 0 0 1
30.534 2 DL_VALUE 21 0.1
30.536 2 ESTIMATOR 0. 0.
30.641 2 NAVIGATION 0 1 0. 0. 0. 0. 0 0
30.644 2 ATTITUDE -0.333083 -1.55702 0.006114
30.739 2 GPS 0 0 0 0 0 0 0 0 0 0 1
30.892 2 DESIRED 0. 0.03 0. 0. 0. 655. 0. 15.
30.907 2 DOWNLINK_STATUS 0 31 12334 559 0 382. 18. 52.3
30.937 2 GPS_SOL 0 0 0 0
30.941 2 WP_MOVED 3 348965.09375 5945786. 660. 12
30.989 2 GPS 0 0 0 0 0 0 0 0 0 0 1
31.037 2 ENERGY 15.6 0. 0 0.
31.040 2 ESTIMATOR 0. 0.
31.137 2 IMU_GYRO -0.028564 0.018066 -0.047852
31.140 2 ATTITUDE -0.333224 -1.557219 0.006136
31.242 2 BAT 0 156 0 0 0 33 0 0
31.247 2 GPS 0 0 0 0 0 0 0 0 0 0 1
31.434 2 WP_MOVED 4 348764.6875 5945795. 660. 12
31.489 2 GPS 0 0 0 0 0 0 0 0 0 0 1
31.532 2 ESTIMATOR 0. 0.
31.641 2 NAVIGATION 0 1 0. 0. 0. 0. 0 0
31.644 2 ATTITUDE -0.333262 -1.557402 0.006143
31.740 2 GPS 0 0 0 0 0 0 0 0 0 0 1
31.908 2 DOWNLINK_STATUS 0 32 12672 574 0 338. 15. 52.3
31.946 2 DESIRED 0. 0.03 0. 0. 0. 655. 0. 15.
31.950 2 WP_MOVED 5 348740. 5945760. 660. 12
31.990 2 GPS 0 0 0 0 0 0 0 0 0 0 1
32.016 2 FBW_STATUS 2 0 1 156 0
32.034 2 DL_VALUE 22 0.
32.037 2 ESTIMATOR 0. 0.
32.134 2 ATTITUDE -0.333339 -1.5575 0.006115
32.240 2 IMU_GYRO -0.027588 0.02124 -0.047852
32.246 2 GPS 0 0 0 0 0 0 0 0 0 0 1
32.335 2 CALIBRATION 0. 0
32.339 2 BAT 0 156 0 0 0 34 0 0
32.434 2 WP_MOVED 6 348665. 5945815. 660. 12
32.489 2 GPS 0 0 0 0 0 0 0 0 0 0 1
32.532 2 ESTIMATOR 0. 0.
32.641 2 NAVIGATION 0 1 0. 0. 0. 0. 0 0
32.644 2 ATTITUDE -0.333481 -1.5576 0.006066
32.739 2 GPS 0 0 0 0 0 0 0 0 0 0 1
32.817 2 ACTUATORS |1000,1500,1517,1630,1630,1500|
32.908 2 DOWNLINK_STATUS 0 33 13067 592 0 395. 18. 52.3
32.917 2 COMMANDS |0,2499,344,0,0,0|
32.938 2 GPS_SOL 0 0 0 0
32.941 2 WP_MOVED 7 349065. 5946015. 660. 12
32.999 2 DESIRED 0. 0.03 0. 0. 0. 655. 0. 15.
33.004 2 GPS 0 0 0 0 0 0 0 0 0 0 1
33.032 2 ESTIMATOR 0. 0.
33.134 2 STATE_FILTER_STATUS 3 0
33.136 2 ATTITUDE -0.333391 -1.557769 0.006122
33.240 2 GPS 0 0 0 0 0 0 0 0 0 0 1
33.335 2 PPRZ_MODE 2 0 0 0 0 6
33.339 2 IMU_GYRO -0.031738 0.013672 -0.047852
33.445 2 ALIVE |74,190,251,185,57,211,182,101,127,111,182,30,42,141,236,77|
33.448 2 BAT 0 156 0 0 0 35 0 0
33.452 2 WP_MOVED 0 348907. 5945757. 660. 12
33.490 2 GPS 0 0 0 0 0 0 0 0 0 0 1
33.540 2 ENERGY 15.6 0. 0 0.
33.542 2 DL_VALUE 23 0.05
33.544 2 ESTIMATOR 0. 0.
33.640 2 DOWNLINK 0 395 643
33.645 2 NAVIGATION 0 1 0. 0. 0. 0. 0 0
33.648 2 ATTITUDE -0.333391 -1.557952 0.006178
33.739 2 GPS 0 0 0 0 0 0 0 0 0 0 1
33.834 2 NAVIGATION_REF 348865 5945715 12 605.
33.909 2 DOWNLINK_STATUS 0 34 13547 615 0 480. 23. 52.3
33.934 2 WP_MOVED 1 348865. 5945715. 660. 12
33.989 2 GPS 0 0 0 0 0 0 0 0 0 0 1
34.016 2 FBW_STATUS 2 0 1 156 0
34.044 2 DESIRED 0. 0.03 0. 0. 0. 655. 0. 15.
34.047 2 ESTIMATOR 0. 0.
34.134 2 ATTITUDE -0.333481 -1.558051 0.006165
34.239 2 GPS 0 0 0 0 0 0 0 0 0 0 1
34.439 2 CALIBRATION 0. 0
34.442 2 IMU_GYRO -0.027588 0.016846 -0.047852
34.446 2 WP_MOVED 2 348895. 5945815. 660. 12
34.490 2 GPS 0 0 0 0 0 0 0 0 0 0 1
34.538 2 BAT 0 156 0 0 0 36 0 0
34.540 2 ESTIMATOR 0. 0.
34.641 2 NAVIGATION 0 1 0. 0. 0. 0. 0 0
34.644 2 ATTITUDE -0.333391 -1.55829 0.006121
34.742 2 GPS 0 0 0 0 0 0 0 0 0 0 1
34.909 2 DOWNLINK_STATUS 0 35 13912 631 0 365. 16. 52.3
34.937 2 GPS_SOL 0 0 0 0
34.941 2 WP_MOVED 3 348965.09375 5945786. 660. 12
34.989 2 GPS 0 0 0 0 0 0 0 0 0 0 1
35.033 2 DL_VALUE 24 0.
35.036 2 ESTIMATOR 0. 0.
35.091 2 DESIRED 0. 0.03 0. 0. 0. 655. 0. 15.
35.133 2 ATTITUDE -0.333482 -1.558474 0.006093
35.239 2 GPS 0 0 0 0 0 0 0 0 0 0 1
35.434 2 WP_MOVED 4 348764.6875 5945795. 660. 12
35.448 2 PONG 
35.489 2 GPS 0 0 0 0 0 0 0 0 0 0 1
35.537 2 IMU_GYRO -0.025391 0.025391 -0.048828
35.539 2 ESTIMATOR 0. 0.
35.644 2 BAT 0 157 0 0 0 37 0 0
35.649 2 NAVIGATION 0 1 0. 0. 0. 0. 0 0
35.652 2 ATTITUDE -0.333572 -1.558658 0.006065
35.739 2 GPS 0 0 0 0 0 0 0 0 0 0 1
35.910 2 DOWNLINK_STATUS 0 36 14285 648 0 373. 17. 52.27
35.935 2 WP_MOVED 5 348740. 5945760. 660. 12
35.990 2 GPS 0 0 0 0 0 0 0 0 0 0 1
36.016 2 FBW_STATUS 2 0 1 156 0
36.038 2 ENERGY 15.7 0. 0 0.
36.040 2 ESTIMATOR 0. 0.
36.146 2 DESIRED 0. 0.03 0. 0. 0. 655. 0. 15.
36.149 2 ATTITUDE -0.333482 -1.558742 0.006135
36.239 2 GPS 0 0 0 0 0 0 0 0 0 0 1
36.434 2 WP_MOVED 6 348665. 5945815. 660. 12
36.489 2 GPS 0 0 0 0 0 0 0 0 0 0 1
36.536 2 CALIBRATION 0. 0
36.538 2 DL_VALUE 25 1.000074
36.540 2 ESTIMATOR 0. 0.
36.643 2 IMU_GYRO -0.040283 0.003174 -0.047852
36.647 2 NAVIGATION 0 1 0. 0. 0. 0. 0 0
36.650 2 ATTITUDE -0.337903 -1.55891 0.006268
36.742 2 BAT 0 156 0 0 0 38 0 0
36.747 2 GPS 0 0 0 0 0 0 0 0 0 0 1
36.912 2 DOWNLINK_STATUS 0 37 14681 666 0 396. 18. 52.27
36.938 2 GPS_SOL 0 0 0 0
36.941 2 WP_MOVED 7 349065. 5946015. 660. 12
36.989 2 GPS 0 0 0 0 0 0 0 0 0 0 1
37.032 2 ESTIMATOR 0. 0.
37.134 2 ATTITUDE -0.340042 -1.558646 0.006629
37.192 2 DESIRED 0. 0.04 0. 0. 0. 655. 0. 15.
37.239 2 GPS 0 0 0 0 0 0 0 0 0 0 1
37.434 2 WP_MOVED 0 348907. 5945757. 660. 12
37.490 2 GPS 0 0 0 0 0 0 0 0 0 0 1
37.531 2 ESTIMATOR 0. 0.
37.640 2 NAVIGATION 0 1 0. 0. 0. 0. 0 0
37.643 2 ATTITUDE -0.337995 -1.559204 0.00587
37.740 2 IMU_GYRO -0.033936 0.006348 -0.048828
37.746 2 GPS 0 0 0 0 0 0 0 0 0 0 1
37.818 2 ACTUATORS |1000,1500,1518,1627,1627,1500|
37.834 2 BAT 0 156 0 0 0 40 0 0
37.913 2 DOWNLINK_STATUS 0 38 15056 682 0 375. 16. 52.27
37.917 2 COMMANDS |0,2690,351,0,0,0|
37.934 2 WP_MOVED 1 348865. 5945715. 660. 12
38.915 2 DOWNLINK_STATUS 0 39 15095 684 0 39. 2. 52.27
39.916 2 DOWNLINK_STATUS 0 40 15095 684 0 0. 0. 52.27
40.918 2 DOWNLINK_STATUS 0 41 15095 684 0 0. 0. -4948.66
41.919 2 DOWNLINK_STATUS 0 42 15095 684 0 0. 0. -4948.66
42.920 2 DOWNLINK_STATUS 0 43 15095 684 0 0. 0. -4948.66
43.921 2 DOWNLINK_STATUS 0 44 15095 684 0 0. 0. -4948.66
44.923 2 DOWNLINK_STATUS 0 45 15095 684 0 0. 0. -4948.66
45.924 2 DOWNLINK_STATUS 0 46 15095 684 0 0. 0. -9949.52
46.926 2 DOWNLINK_STATUS 0 47 15095 684 0 0. 0. -9949.52
47.927 2 DOWNLINK_STATUS 0 48 15095 684 0 0. 0. -9949.52
48.928 2 DOWNLINK_STATUS 0 49 15095 684 0 0. 0. -9949.52
49.930 2 DOWNLINK_STATUS 0 50 15095 684 0 0. 0. -9949.52
50.931 2 DOWNLINK_STATUS 0 51 15095 684 0 0. 0. -14950.43
51.933 2 DOWNLINK_STATUS 0 52 15095 684 0 0. 0. -14950.43
52.934 2 DOWNLINK_STATUS 0 53 15095 684 0 0. 0. -14950.43
53.935 2 DOWNLINK_STATUS 0 54 15095 684 0 0. 0. -14950.43
54.937 2 DOWNLINK_STATUS 0 55 15095 684 0 0. 0. -14950.43
55.938 2 DOWNLINK_STATUS 0 56 15095 684 0 0. 0. -19951.46
56.940 2 DOWNLINK_STATUS 0 57 15095 684 0 0. 0. -19951.46
57.941 2 DOWNLINK_STATUS 0 58 15095 684 0 0. 0. -19951.46
58.942 2 DOWNLINK_STATUS 0 59 15095 684 0 0. 0. -19951.46
59.944 2 DOWNLINK_STATUS 0 60 15095 684 0 0. 0. -19951.46
60.945 2 DOWNLINK_STATUS 0 61 15095 684 0 0. 0. -24952.56
61.947 2 DOWNLINK_STATUS 0 62 15095 684 0 0. 0. -24952.56
62.948 2 DOWNLINK_STATUS 0 63 15095 684 0 0. 0. -24952.56
63.950 2 DOWNLINK_STATUS 0 64 15095 684 0 0. 0. -24952.56
64.951 2 DOWNLINK_STATUS 0 65 15095 684 0 0. 0. -24952.56
65.953 2 DOWNLINK_STATUS 0 66 15095 684 0 0. 0. -29953.69
66.954 2 DOWNLINK_STATUS 0 67 15095 684 0 0. 0. -29953.69
67.955 2 DOWNLINK_STATUS 0 68 15095 684 0 0. 0. -29953.69
68.957 2 DOWNLINK_STATUS 0 69 15095 684 0 0. 0. -29953.69
69.958 2 DOWNLINK_STATUS 0 70 15095 684 0 0. 0. -29953.69
70.960 2 DOWNLINK_STATUS 0 71 15095 684 0 0. 0. -34954.84
71.961 2 DOWNLINK_STATUS 0 72 15095 684 0 0. 0. -34954.84
72.962 2 DOWNLINK_STATUS 0 73 15095 684 0 0. 0. -34954.84
73.964 2 DOWNLINK_STATUS 0 74 15095 684 0 0. 0. -34954.84
74.965 2 DOWNLINK_STATUS 0 75 15095 684 0 0. 0. -34954.84
75.966 2 DOWNLINK_STATUS 0 76 15095 684 0 0. 0. -39955.89
76.968 2 DOWNLINK_STATUS 0 77 15095 684 0 0. 0. -39955.89
77.969 2 DOWNLINK_STATUS 0 78 15095 684 0 0. 0. -39955.89
78.971 2 DOWNLINK_STATUS 0 79 15095 684 0 0. 0. -39955.89
79.972 2 DOWNLINK_STATUS 0 80 15095 684 0 0. 0. -39955.89
80.974 2 DOWNLINK_STATUS 0 81 15095 684 0 0. 0. -44956.91
81.975 2 DOWNLINK_STATUS 0 82 15095 684 0 0. 0. -44956.91
82.977 2 DOWNLINK_STATUS 0 83 15095 684 0 0. 0. -44956.91
83.978 2 DOWNLINK_STATUS 0 84 15095 684 0 0. 0. -44956.91
84.979 2 DOWNLINK_STATUS 0 85 15095 684 0 0. 0. -44956.91
85.981 2 DOWNLINK_STATUS 0 86 15095 684 0 0. 0. -49957.93
86.982 2 DOWNLINK_STATUS 0 87 15095 684 0 0. 0. -49957.93
87.984 2 DOWNLINK_STATUS 0 88 15095 684 0 0. 0. -49957.93
88.985 2 DOWNLINK_STATUS 0 89 15095 684 0 0. 0. -49957.93
89.986 2 DOWNLINK_STATUS 0 90 15095 684 0 0. 0. -49957.93
90.988 2 DOWNLINK_STATUS 0 91 15095 684 0 0. 0. -54959.06
91.989 2 DOWNLINK_STATUS 0 92 15095 684 0 0. 0. -54959.06
92.990 2 DOWNLINK_STATUS 0 93 15095 684 0 0. 0. -54959.06
93.992 2 DOWNLINK_STATUS 0 94 15095 684 0 0. 0. -54959.06
94.993 2 DOWNLINK_STATUS 0 95 15095 684 0 0. 0. -54959.06
95.994 2 DOWNLINK_STATUS 0 96 15095 684 0 0. 0. -59959.6
96.996 2 DOWNLINK_STATUS 0 97 15095 684 0 0. 0. -59959.6
97.997 2 DOWNLINK_STATUS 0 98 15095 684 0 0. 0. -59959.6
98.998 2 DOWNLINK_STATUS 0 99 15095 684 0 0. 0. -59959.6
100.000 2 DOWNLINK_STATUS 0 100 15095 684 0 0. 0. -59959.6
101.001 2 DOWNLINK_STATUS 0 101 15095 684 0 0. 0. -64960.24
102.002 2 DOWNLINK_STATUS 0 102 15095 684 0 0. 0. -64960.24
103.004 2 DOWNLINK_STATUS 0 103 15095 684 0 0. 0. -64960.24
104.005 2 DOWNLINK_STATUS 0 104 15095 684 0 0. 0. -64960.24
105.006 2 DOWNLINK_STATUS 0 105 15095 684 0 0. 0. -64960.24
106.008 2 DOWNLINK_STATUS 0 106 15095 684 0 0. 0. -69960.9
107.009 2 DOWNLINK_STATUS 0 107 15095 684 0 0. 0. -69960.9
108.011 2 DOWNLINK_STATUS 0 108 15095 684 0 0. 0. -69960.9
109.012 2 DOWNLINK_STATUS 0 109 15095 684 0 0. 0. -69960.9
110.013 2 DOWNLINK_STATUS 0 110 15095 684 0 0. 0. -69960.9
111.015 2 DOWNLINK_STATUS 0 111 15095 684 0 0. 0. -74961.81
112.016 2 DOWNLINK_STATUS 0 112 15095 684 0 0. 0. -74961.81
113.018 2 DOWNLINK_STATUS 0 113 15095 684 0 0. 0. -74961.81
