2.746 2 DOWNLINK_STATUS 0 3 950 41 0 950. 41. 0.
2.861 2 WP_MOVED 1 348865. 5945715. 660. 12
2.916 2 GPS 0 0 0 0 0 0 0 0 0 0 1
2.943 2 FBW_STATUS 0 49 0 164 2
2.961 2 DL_VALUE 2 655.
2.963 2 ESTIMATOR 0. 0.
3.061 2 ATTITUDE 0. 0. 0.
3.167 2 GPS 0 0 0 0 0 0 0 0 0 0 1
3.362 2 WP_MOVED 2 348895. 5945815. 660. 12
3.417 2 GPS 0 0 0 0 0 0 0 0 0 0 1
3.472 2 IMU_GYRO -0.028564 0.016846 -0.045654
3.479 2 DESIRED 0. 0. 0. 0. 0. 655. 0. 15.
3.481 2 ESTIMATOR 0. 0.
3.572 2 BAT 40 164 0 0 0 4 0 0
3.576 2 NAVIGATION 0 1 0. 0. 0. 0. 0 0
3.579 2 ATTITUDE 0. 0. 0.
3.666 2 GPS 0 0 0 0 0 0 0 0 0 0 1
3.744 2 ACTUATORS |1004,1003,1500,1500,1500,1499|
3.747 2 DOWNLINK_STATUS 0 4 1334 58 0 384. 17. 0.
3.844 2 COMMANDS |40,-14,-14,0,-28,-9548|
3.866 2 CALIBRATION 0. 0
3.869 2 GPS_SOL 0 0 0 0
3.872 2 WP_MOVED 3 348965.09375 5945786. 660. 12
3.916 2 GPS 0 0 0 0 0 0 0 0 0 0 1
3.961 2 DOWNLINK 0 402 97
3.963 2 ESTIMATOR 0. 0.
4.061 2 STATE_FILTER_STATUS 2 0
4.064 2 ATTITUDE 0. 0. 0.
4.167 2 GPS 0 0 0 0 0 0 0 0 0 0 1
4.259 2 PPRZ_MODE 0 0 0 0 0 17
4.367 2 ALIVE |223,216,115,171,104,230,201,204,76,144,92,219,68,201,193,221|
4.371 2 WP_MOVED 4 348764.6875 5945795. 660. 12
4.417 2 GPS 0 0 0 0 0 0 0 0 0 0 1
4.467 2 ENERGY 16.4 0.002 0 0.0328
4.468 2 DL_VALUE 3 0.
4.471 2 ESTIMATOR 0. 0.
4.519 2 DESIRED 0. 0. 0. 0. 0. 655. 0. 15.
4.570 2 IMU_GYRO -0.028564 0.014893 -0.045654
4.574 2 NAVIGATION 0 1 0. 0. 0. 0. 0 0
4.577 2 ATTITUDE 0. 0. 0.
4.669 2 BAT 40 164 0 0 0 5 0 0
4.674 2 GPS 0 0 0 0 0 0 0 0 0 0 1
4.747 2 DOWNLINK_STATUS 0 5 1806 81 0 472. 23. 0.
4.862 2 WP_MOVED 5 348740. 5945760. 660. 12
4.917 2 GPS 0 0 0 0 0 0 0 0 0 0 1
4.943 2 FBW_STATUS 0 49 0 164 2
4.959 2 ESTIMATOR 0. 0.
5.061 2 ATTITUDE 0.090513 -1.585825 -0.014263
5.167 2 GPS 0 0 0 0 0 0 0 0 0 0 1
5.284 2 PONG 
5.362 2 WP_MOVED 6 348665. 5945815. 660. 12
5.416 2 GPS 0 0 0 0 0 0 0 0 0 0 1
5.459 2 ESTIMATOR 0. 0.
5.578 2 DESIRED 0. 0.01 0. 0. 0. 655. 0. 15.
5.582 2 NAVIGATION 0 1 0. 0. 0. 0. 0 0
5.585 2 ATTITUDE 0.090428 -1.585738 -0.014356
5.668 2 IMU_GYRO -0.028564 0.016846 -0.046631
5.673 2 GPS 0 0 0 0 0 0 0 0 0 0 1
5.748 2 DOWNLINK_STATUS 0 6 2145 96 0 339. 15. 38.48
5.762 2 BAT 40 164 0 0 0 7 0 0
5.865 2 GPS_SOL 0 0 0 0
5.868 2 WP_MOVED 7 349065. 5946015. 660. 12
5.917 2 GPS 0 0 0 0 0 0 0 0 0 0 1
5.964 2 CALIBRATION 0. 0
5.965 2 DL_VALUE 4 0.
5.968 2 ESTIMATOR 0. 0.
6.061 2 ATTITUDE 0.090299 -1.58582 -0.014396
6.167 2 GPS 0 0 0 0 0 0 0 0 0 0 1
6.362 2 WP_MOVED 0 348907. 5945757. 660. 12
6.416 2 GPS 0 0 0 0 0 0 0 0 0 0 1
6.459 2 ESTIMATOR 0. 0.
6.568 2 NAVIGATION 0 1 0. 0. 0. 0. 0 0
6.571 2 ATTITUDE 0.090341 -1.585826 -0.014437
6.618 2 DESIRED 0. 0.01 0. 0. 0. 655. 0. 15.
6.666 2 GPS 0 0 0 0 0 0 0 0 0 0 1
6.749 2 DOWNLINK_STATUS 0 7 2505 112 0 360. 16. 38.48
6.761 2 IMU_GYRO -0.029785 0.016846 -0.045654
6.866 2 BAT 40 164 0 0 0 8 0 0
6.870 2 WP_MOVED 1 348865. 5945715. 660. 12
6.917 2 GPS 0 0 0 0 0 0 0 0 0 0 1
6.943 2 FBW_STATUS 0 49 0 164 2
6.965 2 ENERGY 16.4 0.002 0 0.0328
6.967 2 ESTIMATOR 0. 0.
7.061 2 ATTITUDE 0.090472 -1.585835 -0.014479
7.167 2 GPS 0 0 0 0 0 0 0 0 0 0 1
7.361 2 WP_MOVED 2 348895. 5945815. 660. 12
7.416 2 GPS 0 0 0 0 0 0 0 0 0 0 1
7.461 2 DL_VALUE 5 0.
7.463 2 ESTIMATOR 0. 0.
7.568 2 NAVIGATION 0 1 0. 0. 0. 0. 0 0
7.571 2 ATTITUDE 0.090298 -1.585826 -0.01448
7.676 2 DESIRED 0. 0.01 0. 0. 0. 655. 0. 15.
7.681 2 GPS 0 0 0 0 0 0 0 0 0 0 1
7.749 2 DOWNLINK_STATUS 0 8 2890 129 0 385. 17. 38.48
7.761 2 NAVIGATION_REF 348865 5945715 12 605.
7.868 2 GPS_SOL 0 0 0 0
7.872 2 IMU_GYRO -0.030762 0.018066 -0.045654
7.875 2 WP_MOVED 3 348965.09375 5945786. 660. 12
7.917 2 GPS 0 0 0 0 0 0 0 0 0 0 1
7.965 2 BAT 40 164 0 0 0 9 0 0
7.968 2 ESTIMATOR 0. 0.
8.061 2 CALIBRATION 0. 0
8.065 2 ATTITUDE 0.090213 -1.585908 -0.014477
8.166 2 GPS 0 0 0 0 0 0 0 0 0 0 1
8.361 2 WP_MOVED 4 348764.6875 5945795. 660. 12
8.416 2 GPS 0 0 0 0 0 0 0 0 0 0 1
8.459 2 ESTIMATOR 0. 0.
8.568 2 NAVIGATION 0 1 0. 0. 0. 0. 0 0
8.571 2 ATTITUDE 0.090084 -1.58599 -0.014517
8.667 2 GPS 0 0 0 0 0 0 0 0 0 0 1
8.719 2 DESIRED 0. 0.01 0. 0. 0. 655. 0. 15.
8.744 2 ACTUATORS |1004,1003,1500,1500,1500,1500|
8.750 2 DOWNLINK_STATUS 0 9 3295 147 0 405. 18. 38.48
8.843 2 COMMANDS |40,-14,-14,0,-28,-9548|
8.862 2 WP_MOVED 5 348740. 5945760. 660. 12
8.917 2 GPS 0 0 0 0 0 0 0 0 0 0 1
8.942 2 FBW_STATUS 0 53 0 164 2
8.964 2 DL_VALUE 6 100.
8.967 2 IMU_GYRO -0.030762 0.016846 -0.046631
8.970 2 ESTIMATOR 0. 0.
9.068 2 DOWNLINK 0 390 188
9.069 2 STATE_FILTER_STATUS 3 0
9.073 2 BAT 40 164 0 0 0 10 0 0
9.076 2 ATTITUDE 0.090343 -1.586004 -0.014515
9.166 2 GPS 0 0 0 0 0 0 0 0 0 0 1
9.258 2 PPRZ_MODE 0 0 0 0 0 17
9.367 2 ALIVE |223,216,115,171,104,230,201,204,76,144,92,219,68,201,193,221|
9.370 2 WP_MOVED 6 348665. 5945815. 660. 12
9.416 2 GPS 0 0 0 0 0 0 0 0 0 0 1
9.465 2 ENERGY 16.4 0.002 0 0.0328
9.467 2 ESTIMATOR 0. 0.
9.568 2 NAVIGATION 0 1 0. 0. 0. 0. 0 0
9.571 2 ATTITUDE 0.090174 -1.586172 -0.014597
9.667 2 GPS 0 0 0 0 0 0 0 0 0 0 1
9.751 2 DOWNLINK_STATUS 0 10 3716 168 0 421. 21. 38.48
9.769 2 DESIRED 0. 0.01 0. 0. 0. 655. 0. 15.
9.864 2 GPS_SOL 0 0 0 0
9.868 2 WP_MOVED 7 349065. 5946015. 660. 12
9.917 2 GPS 0 0 0 0 0 0 0 0 0 0 1
9.959 2 ESTIMATOR 0. 0.
10.064 2 IMU_GYRO -0.026367 0.016846 -0.045654
10.067 2 ATTITUDE 0.090217 -1.586264 -0.014634
10.169 2 CALIBRATION 0. 0
10.173 2 BAT 40 164 0 0 0 11 0 0
10.178 2 GPS 0 0 0 0 0 0 0 0 0 0 1
10.283 2 PONG 
10.361 2 WP_MOVED 0 348907. 5945757. 660. 12
10.416 2 GPS 0 0 0 0 0 0 0 0 0 0 1
10.461 2 DL_VALUE 7 0.
10.463 2 ESTIMATOR 0. 0.
10.568 2 NAVIGATION 0 1 0. 0. 0. 0. 0 0
10.571 2 ATTITUDE 0.089873 -1.58642 -0.014631
10.667 2 GPS 0 0 0 0 0 0 0 0 0 0 1
10.752 2 DOWNLINK_STATUS 0 11 4100 186 0 384. 18. 37.55
10.819 2 DESIRED 0. 0.01 0. 0. 0. 655. 0. 15.
10.861 2 WP_MOVED 1 348865. 5945715. 660. 12
10.916 2 GPS 0 0 0 0 0 0 0 0 0 0 1
10.942 2 FBW_STATUS 0 49 0 164 2
10.959 2 ESTIMATOR 0. 0.
11.060 2 ATTITUDE 0.089658 -1.586498 -0.014672
11.167 2 IMU_GYRO -0.028564 0.015869 -0.045654
11.173 2 GPS 0 0 0 0 0 0 0 0 0 0 1
11.262 2 BAT 40 164 0 0 0 12 0 0
11.361 2 WP_MOVED 2 348895. 5945815. 660. 12
11.416 2 GPS 0 0 0 0 0 0 0 0 0 0 1
11.459 2 ESTIMATOR 0. 0.
11.568 2 NAVIGATION 0 1 0. 0. 0. 0. 0 0
11.571 2 ATTITUDE 0.089529 -1.586663 -0.014622
11.667 2 GPS 0 0 0 0 0 0 0 0 0 0 1
11.753 2 DOWNLINK_STATUS 0 12 4454 201 0 354. 15. 37.55
11.872 2 GPS_SOL 0 0 0 0
11.879 2 DESIRED 0. 0.01 0. 0. 0. 655. 0. 15.
11.882 2 WP_MOVED 3 348965.09375 5945786. 660. 12
11.916 2 GPS 0 0 0 0 0 0 0 0 0 0 1
11.966 2 ENERGY 16.4 0.002 0 0.0328
11.968 2 DL_VALUE 8 0.
11.971 2 ESTIMATOR 0. 0.
12.060 2 ATTITUDE 0.089528 -1.586658 -0.014536
12.166 2 GPS 0 0 0 0 0 0 0 0 0 0 1
12.262 2 CALIBRATION 0. 0
12.265 2 IMU_GYRO -0.028564 0.018066 -0.045654
12.366 2 BAT 40 164 0 0 0 13 0 0
12.370 2 WP_MOVED 4 348764.6875 5945795. 660. 12
12.416 2 GPS 0 0 0 0 0 0 0 0 0 0 1
12.459 2 ESTIMATOR 0. 0.
12.568 2 NAVIGATION 0 1 0. 0. 0. 0. 0 0
12.570 2 ATTITUDE 0.089485 -1.586658 -0.014579
12.666 2 GPS 0 0 0 0 0 0 0 0 0 0 1
12.754 2 DOWNLINK_STATUS 0 13 4852 219 0 398. 18. 37.55
12.861 2 WP_MOVED 5 348740. 5945760. 660. 12
12.925 2 DESIRED 0. 0.01 0. 0. 0. 655. 0. 15.
12.931 2 GPS 0 0 0 0 0 0 0 0 0 0 1
12.942 2 FBW_STATUS 0 53 0 164 2
12.959 2 ESTIMATOR 0. 0.
12.964 2 WIND_INFO 2 42 0. 0. 0.
13.060 2 ATTITUDE 0.089313 -1.586818 -0.014487
13.166 2 GPS 0 0 0 0 0 0 0 0 0 0 1
13.365 2 IMU_GYRO -0.027588 0.016846 -0.045654
13.369 2 WP_MOVED 6 348665. 5945815. 660. 12
13.416 2 GPS 0 0 0 0 0 0 0 0 0 0 1
13.465 2 DL_VALUE 9 0.
13.468 2 BAT 40 164 0 0 0 14 0 0
13.471 2 ESTIMATOR 0. 0.
13.567 2 NAVIGATION 0 1 0. 0. 0. 0. 0 0
13.570 2 ATTITUDE 0.089183 -1.586896 -0.014441
13.666 2 GPS 0 0 0 0 0 0 0 0 0 0 1
13.744 2 ACTUATORS |1004,1003,1500,1500,1500,1499|
13.755 2 DOWNLINK_STATUS 0 14 5236 236 0 384. 17. 37.55
13.844 2 COMMANDS |40,-14,-14,0,-28,-9548|
13.864 2 GPS_SOL 0 0 0 0
13.868 2 WP_MOVED 7 349065. 5946015. 660. 12
13.916 2 GPS 0 0 0 0 0 0 0 0 0 0 1
13.971 2 DESIRED 0. 0.01 0. 0. 0. 655. 0. 15.
13.974 2 ESTIMATOR 0. 0.
14.061 2 STATE_FILTER_STATUS 3 0
14.064 2 ATTITUDE 0.089183 -1.586896 -0.014441
14.165 2 DOWNLINK 0 388 278
14.171 2 GPS 0 0 0 0 0 0 0 0 0 0 1
14.258 2 PPRZ_MODE 0 0 0 0 0 17
14.369 2 ALIVE |223,216,115,171,104,230,201,204,76,144,92,219,68,201,193,221|
14.370 2 CALIBRATION 0. 0
14.375 2 WP_MOVED 0 348907. 5945757. 660. 12
14.416 2 GPS 0 0 0 0 0 0 0 0 0 0 1
14.467 2 ENERGY 16.4 0.002 0 0.0328
14.471 2 IMU_GYRO -0.027588 0.015869 -0.045654
14.473 2 ESTIMATOR 0. 0.
14.570 2 BAT 40 164 0 0 0 15 0 0
14.575 2 NAVIGATION 0 1 0. 0. 0. 0. 0 0
14.578 2 ATTITUDE 0.089184 -1.586983 -0.014437
14.666 2 GPS 0 0 0 0 0 0 0 0 0 0 1
14.756 2 DOWNLINK_STATUS 0 15 5697 258 0 461. 22. 37.55
14.861 2 WP_MOVED 1 348865. 5945715. 660. 12
14.916 2 GPS 0 0 0 0 0 0 0 0 0 0 1
14.942 2 FBW_STATUS 0 48 0 164 2
14.961 2 DL_VALUE 10 0.
14.963 2 ESTIMATOR 0. 0.
15.018 2 DESIRED 0. 0.01 0. 0. 0. 655. 0. 15.
15.061 2 ATTITUDE 0.08914 -1.586979 -0.014394
15.166 2 GPS 0 0 0 0 0 0 0 0 0 0 1
15.283 2 PONG 
15.361 2 WP_MOVED 2 348895. 5945815. 660. 12
15.416 2 GPS 0 0 0 0 0 0 0 0 0 0 1
15.458 2 ESTIMATOR 0. 0.
15.570 2 IMU_GYRO -0.028564 0.016846 -0.046631
15.574 2 NAVIGATION 0 1 0. 0. 0. 0. 0 0
15.577 2 ATTITUDE 0.089012 -1.586974 -0.014441
15.668 2 BAT 40 164 0 0 0 16 0 0
15.674 2 GPS 0 0 0 0 0 0 0 0 0 0 1
15.757 2 DOWNLINK_STATUS 0 16 6068 275 0 371. 17. 37.55
15.864 2 GPS_SOL 0 0 0 0
15.868 2 WP_MOVED 3 348965.09375 5945786. 660. 12
15.916 2 GPS 0 0 0 0 0 0 0 0 0 0 1
15.959 2 ESTIMATOR 0. 0.
16.072 2 DESIRED 0. 0.01 0. 0. 0. 655. 0. 15.
16.075 2 ATTITUDE 0.088925 -1.587052 -0.014351
16.166 2 GPS 0 0 0 0 0 0 0 0 0 0 1
16.361 2 WP_MOVED 4 348764.6875 5945795. 660. 12
16.416 2 GPS 0 0 0 0 0 0 0 0 0 0 1
16.463 2 CALIBRATION 0. 0
16.465 2 DL_VALUE 11 0.
16.467 2 ESTIMATOR 0. 0.
16.567 2 NAVIGATION 0 1 0. 0. 0. 0. 0 0
16.570 2 ATTITUDE 0.088882 -1.587226 -0.014385
16.667 2 IMU_GYRO -0.029785 0.016846 -0.045654
16.673 2 GPS 0 0 0 0 0 0 0 0 0 0 1
16.757 2 DOWNLINK_STATUS 0 17 6425 291 0 357. 16. 37.55
16.765 2 NAVIGATION_REF 348865 5945715 12 605.
16.769 2 BAT 40 164 0 0 0 18 0 0
16.861 2 WP_MOVED 5 348740. 5945760. 660. 12
16.916 2 GPS 0 0 0 0 0 0 0 0 0 0 1
16.943 2 FBW_STATUS 0 47 0 164 2
16.964 2 ENERGY 16.4 0.002 0 0.0328
16.967 2 ESTIMATOR 0. 0.
17.060 2 ATTITUDE 0.088755 -1.587308 -0.014427
17.118 2 DESIRED 0. 0.01 0. 0. 0. 655. 0. 15.
17.165 2 GPS 0 0 0 0 0 0 0 0 0 0 1
17.361 2 WP_MOVED 6 348665. 5945815. 660. 12
17.416 2 GPS 0 0 0 0 0 0 0 0 0 0 1
17.458 2 ESTIMATOR 0. 0.
17.567 2 NAVIGATION 0 1 0. 0. 0. 0. 0 0
17.570 2 ATTITUDE 0.088583 -1.587386 -0.014425
17.666 2 GPS 0 0 0 0 0 0 0 0 0 0 1
17.758 2 DOWNLINK_STATUS 0 18 6800 307 0 375. 16. 37.55
17.760 2 IMU_GYRO -0.028564 0.014893 -0.045654
17.869 2 GPS_SOL 0 0 0 0
17.872 2 BAT 40 164 0 0 0 19 0 0
17.876 2 WP_MOVED 7 349065. 5946015. 660. 12
17.916 2 GPS 0 0 0 0 0 0 0 0 0 0 1
17.960 2 DL_VALUE 12 12000.
17.963 2 ESTIMATOR 0. 0.
18.059 2 ATTITUDE 0.088497 -1.587386 -0.014512
18.174 2 DESIRED 0. 0.01 0. 0. 0. 655. 0. 15.
18.180 2 GPS 0 0 0 0 0 0 0 0 0 0 1
18.361 2 WP_MOVED 0 348907. 5945757. 660. 12
18.416 2 GPS 0 0 0 0 0 0 0 0 0 0 1
18.459 2 ESTIMATOR 0. 0.
18.567 2 CALIBRATION 0. 0
18.571 2 NAVIGATION 0 1 0. 0. 0. 0. 0 0
18.574 2 ATTITUDE 0.088323 -1.587291 -0.014517
18.666 2 GPS 0 0 0 0 0 0 0 0 0 0 1
18.744 2 ACTUATORS |1004,1003,1500,1500,1500,1499|
18.758 2 DOWNLINK_STATUS 0 19 7197 325 0 397. 18. 37.55
18.844 2 COMMANDS |40,14,-14,0,-28,-9548|
18.864 2 IMU_GYRO -0.027588 0.016846 -0.045654
18.868 2 WP_MOVED 1 348865. 5945715. 660. 12
18.916 2 GPS 0 0 0 0 0 0 0 0 0 0 1
18.942 2 FBW_STATUS 0 50 0 164 2
18.964 2 BAT 40 164 0 0 0 20 0 0
18.966 2 ESTIMATOR 0. 0.
19.060 2 STATE_FILTER_STATUS 3 0
19.063 2 ATTITUDE 0.088323 -1.587456 -0.014337
19.166 2 GPS 0 0 0 0 0 0 0 0 0 0 1
19.218 2 DESIRED 0. 0.01 0. 0. 0. 655. 0. 15.
19.260 2 DOWNLINK 0 398 370
19.262 2 PPRZ_MODE 0 0 0 0 0 17
19.366 2 ALIVE |223,216,115,171,104,230,201,204,76,144,92,219,68,201,193,221|
19.370 2 WP_MOVED 2 348895. 5945815. 660. 12
19.416 2 GPS 0 0 0 0 0 0 0 0 0 0 1
19.466 2 ENERGY 16.4 0.002 0 0.0328
19.468 2 DL_VALUE 13 1.5
19.471 2 ESTIMATOR 0. 0.
19.567 2 NAVIGATION 0 1 0. 0. 0. 0. 0 0
19.570 2 ATTITUDE 0.08815 -1.587364 -0.014428
19.666 2 GPS 0 0 0 0 0 0 0 0 0 0 1
19.759 2 DOWNLINK_STATUS 0 20 7656 347 0 459. 22. 37.55
19.863 2 GPS_SOL 0 0 0 0
19.867 2 WP_MOVED 3 348965.09375 5945786. 660. 12
19.915 2 GPS 0 0 0 0 0 0 0 0 0 0 1
19.963 2 IMU_GYRO -0.029785 0.019043 -0.045654
19.965 2 ESTIMATOR 0. 0.
20.065 2 BAT 40 164 0 0 0 21 0 0
20.068 2 ATTITUDE 0.088064 -1.587447 -0.014425
20.166 2 GPS 0 0 0 0 0 0 0 0 0 0 1
20.268 2 DESIRED 0. 0.01 0. 0. 0. 655. 0. 15.
20.297 2 PONG 
20.361 2 WP_MOVED 4 348764.6875 5945795. 660. 12
20.416 2 GPS 0 0 0 0 0 0 0 0 0 0 1
20.458 2 ESTIMATOR 0. 0.
20.567 2 NAVIGATION 0 1 0. 0. 0. 0. 0 0
20.570 2 ATTITUDE 0.087977 -1.58736 -0.014516
20.664 2 CALIBRATION 0. 0
20.670 2 GPS 0 0 0 0 0 0 0 0 0 0 1
20.760 2 DOWNLINK_STATUS 0 21 8029 364 0 373. 17. 50.47
20.860 2 WP_MOVED 5 348740. 5945760. 660. 12
20.915 2 GPS 0 0 0 0 0 0 0 0 0 0 1
20.942 2 FBW_STATUS 0 53 0 164 2
20.960 2 DL_VALUE 14 0.610865
20.962 2 ESTIMATOR 0. 0.
21.064 2 IMU_GYRO -0.028564 0.015869 -0.046631
21.067 2 ATTITUDE 0.087891 -1.587443 -0.014513
21.168 2 BAT 40 164 0 0 0 22 0 0
21.174 2 GPS 0 0 0 0 0 0 0 0 0 0 1
21.318 2 DESIRED 0. 0.01 0. 0. 0. 655. 0. 15.
21.361 2 WP_MOVED 6 348665. 5945815. 660. 12
21.416 2 GPS 0 0 0 0 0 0 0 0 0 0 1
21.459 2 ESTIMATOR 0. 0.
21.567 2 NAVIGATION 0 1 0. 0. 0. 0. 0 0
21.569 2 ATTITUDE 0.087763 -1.587433 -0.014473
21.665 2 GPS 0 0 0 0 0 0 0 0 0 0 1
21.761 2 DOWNLINK_STATUS 0 22 8394 380 0 365. 16. 50.47
21.864 2 GPS_SOL 0 0 0 0
21.867 2 WP_MOVED 7 349065. 5946015. 660. 12
21.915 2 GPS 0 0 0 0 0 0 0 0 0 0 1
21.964 2 ENERGY 16.4 0.002 0 0.0328
21.966 2 ESTIMATOR 0. 0.
22.060 2 ATTITUDE 0.087676 -1.587429 -0.014474
22.167 2 IMU_GYRO -0.028564 0.018066 -0.045654
22.173 2 GPS 0 0 0 0 0 0 0 0 0 0 1
22.261 2 BAT 40 164 0 0 0 23 0 0
22.372 2 DESIRED 0. 0.01 0. 0. 0. 655. 0. 15.
22.376 2 WP_MOVED 0 348907. 5945757. 660. 12
22.416 2 GPS 0 0 0 0 0 0 0 0 0 0 1
22.460 2 DL_VALUE 15 7500.
22.462 2 ESTIMATOR 0. 0.
22.566 2 NAVIGATION 0 1 0. 0. 0. 0. 0 0
22.569 2 ATTITUDE 0.087504 -1.587507 -0.014471
22.665 2 GPS 0 0 0 0 0 0 0 0 0 0 1
22.757 2 CALIBRATION 0. 0
22.762 2 DOWNLINK_STATUS 0 23 8792 398 0 398. 18. 50.47
22.860 2 WP_MOVED 1 348865. 5945715. 660. 12
22.915 2 GPS 0 0 0 0 0 0 0 0 0 0 1
22.942 2 FBW_STATUS 0 51 0 164 2
22.958 2 ESTIMATOR 0. 0.
22.965 2 WIND_INFO 2 42 0. 0. 0.
23.060 2 ATTITUDE 0.087416 -1.587416 -0.014476
23.166 2 GPS 0 0 0 0 0 0 0 0 0 0 1
23.260 2 IMU_GYRO -0.027588 0.014893 -0.045654
23.366 2 BAT 40 164 0 0 0 24 0 0
23.369 2 WP_MOVED 2 348895. 5945815. 660. 12
23.425 2 DESIRED 0. 0.01 0. 0. 0. 655. 0. 15.
23.431 2 GPS 0 0 0 0 0 0 0 0 0 0 1
23.458 2 ESTIMATOR 0. 0.
23.566 2 NAVIGATION 0 1 0. 0. 0. 0. 0 0
23.569 2 ATTITUDE 0.087331 -1.587498 -0.014473
23.665 2 GPS 0 0 0 0 0 0 0 0 0 0 1
23.743 2 ACTUATORS |1004,1003,1500,1500,1500,1499|
23.762 2 DOWNLINK_STATUS 0 24 9165 414 0 373. 16. 50.47
23.843 2 COMMANDS |40,-14,-14,0,-28,-9548|
23.864 2 GPS_SOL 0 0 0 0
23.867 2 WP_MOVED 3 348965.09375 5945786. 660. 12
23.915 2 GPS 0 0 0 0 0 0 0 0 0 0 1
23.960 2 DL_VALUE 16 1250.
23.962 2 ESTIMATOR 0. 0.
24.060 2 STATE_FILTER_STATUS 3 0
24.063 2 ATTITUDE 0.087158 -1.587576 -0.01447
24.166 2 GPS 0 0 0 0 0 0 0 0 0 0 1
24.258 2 PPRZ_MODE 0 0 0 0 0 17
24.369 2 DOWNLINK 0 375 458
24.374 2 ALIVE |223,216,115,171,104,230,201,204,76,144,92,219,68,201,193,221|
24.377 2 IMU_GYRO -0.036133 0.030762 -0.045654
24.380 2 WP_MOVED 4 348764.6875 5945795. 660. 12
24.415 2 GPS 0 0 0 0 0 0 0 0 0 0 1
24.476 2 ENERGY 16.4 0.002 0 0.0328
24.479 2 BAT 40 164 0 0 0 25 0 0
24.486 2 DESIRED 0. 0.01 0. 0. 0. 655. 0. 15.
24.488 2 ESTIMATOR 0. 0.
24.566 2 NAVIGATION 0 1 0. 0. 0. 0. 0 0
24.570 2 ATTITUDE 0.087244 -1.587411 -0.014563
24.665 2 GPS 0 0 0 0 0 0 0 0 0 0 1
24.764 2 DOWNLINK_STATUS 0 25 9626 436 0 461. 22. 50.47
24.861 2 CALIBRATION 0. 0
24.865 2 WP_MOVED 5 348740. 5945760. 660. 12
24.916 2 GPS 0 0 0 0 0 0 0 0 0 0 1
24.942 2 FBW_STATUS 0 49 0 164 2
24.958 2 ESTIMATOR 0. 0.
25.060 2 ATTITUDE 0.087418 -1.587424 -0.014648
25.166 2 GPS 0 0 0 0 0 0 0 0 0 0 1
25.284 2 PONG 
25.360 2 WP_MOVED 6 348665. 5945815. 660. 12
25.415 2 GPS 0 0 0 0 0 0 0 0 0 0 1
25.464 2 DL_VALUE 17 0.45
25.467 2 IMU_GYRO -0.027588 0.011475 -0.045654
25.469 2 ESTIMATOR 0. 0.
25.517 2 DESIRED 0. 0.01 0. 0. 0. 655. 0. 15.
25.570 2 BAT 40 164 0 0 0 26 0 0
25.575 2 NAVIGATION 0 1 0. 0. 0. 0. 0 0
25.578 2 ATTITUDE 0.086555 -1.587559 -0.014734
25.665 2 GPS 0 0 0 0 0 0 0 0 0 0 1
25.760 2 NAVIGATION_REF 348865 5945715 12 605.
25.764 2 DOWNLINK_STATUS 0 26 10027 455 0 401. 19. 37.53
25.864 2 GPS_SOL 0 0 0 0
25.867 2 WP_MOVED 7 349065. 5946015. 660. 12
25.916 2 GPS 0 0 0 0 0 0 0 0 0 0 1
25.958 2 ESTIMATOR 0. 0.
26.060 2 ATTITUDE 0.08634 -1.58755 -0.014781
26.165 2 GPS 0 0 0 0 0 0 0 0 0 0 1
26.360 2 WP_MOVED 0 348907. 5945757. 660. 12
26.415 2 GPS 0 0 0 0 0 0 0 0 0 0 1
26.459 2 ESTIMATOR 0. 0.
26.577 2 IMU_GYRO -0.031738 0.024414 -0.045654
26.584 2 DESIRED 0. 0.01 0. 0. 0. 655. 0. 15.
26.588 2 NAVIGATION 0 1 0. 0. 0. 0. 0 0
26.591 2 ATTITUDE 0.086513 -1.587559 -0.01478
26.667 2 BAT 40 164 0 0 0 27 0 0
26.673 2 GPS 0 0 0 0 0 0 0 0 0 0 1
26.765 2 DOWNLINK_STATUS 0 27 10383 470 0 356. 15. 37.53
26.861 2 WP_MOVED 1 348865. 5945715. 660. 12
26.915 2 GPS 0 0 0 0 0 0 0 0 0 0 1
26.942 2 FBW_STATUS 0 47 0 164 2
26.968 2 ENERGY 16.4 0.002 0 0.0328
26.970 2 CALIBRATION 0. 0
26.972 2 DL_VALUE 18 0.03
26.975 2 ESTIMATOR 0. 0.
27.060 2 ATTITUDE 0.086168 -1.587715 -0.014775
27.165 2 GPS 0 0 0 0 0 0 0 0 0 0 1
27.360 2 WP_MOVED 2 348895. 5945815. 660. 12
27.415 2 GPS 0 0 0 0 0 0 0 0 0 0 1
27.458 2 ESTIMATOR 0. 0.
27.566 2 NAVIGATION 0 1 0. 0. 0. 0. 0 0
27.569 2 ATTITUDE 0.08591 -1.587707 -0.014863
27.617 2 DESIRED 0. 0.01 0. 0. 0. 655. 0. 15.
27.667 2 IMU_GYRO -0.029785 0.019043 -0.045654
27.672 2 GPS 0 0 0 0 0 0 0 0 0 0 1
27.761 2 BAT 40 164 0 0 0 29 0 0
27.766 2 DOWNLINK_STATUS 0 28 10779 488 0 396. 18. 37.53
27.864 2 GPS_SOL 0 0 0 0
27.867 2 WP_MOVED 3 348965.09375 5945786. 660. 12
27.919 2 GPS 0 0 0 0 0 0 0 0 0 0 1
27.957 2 ESTIMATOR 0. 0.
28.059 2 ATTITUDE 0.085909 -1.58762 -0.014867
28.165 2 GPS 0 0 0 0 0 0 0 0 0 0 1
28.360 2 WP_MOVED 4 348764.6875 5945795. 660. 12
28.415 2 GPS 0 0 0 0 0 0 0 0 0 0 1
28.460 2 DL_VALUE 19 0.15
28.462 2 ESTIMATOR 0. 0.
28.567 2 NAVIGATION 0 1 0. 0. 0. 0. 0 0
28.570 2 ATTITUDE 0.08578 -1.587693 -0.014737
28.674 2 DESIRED 0. 0.01 0. 0. 0. 655. 0. 15.
28.680 2 GPS 0 0 0 0 0 0 0 0 0 0 1
28.743 2 ACTUATORS |1004,1003,1500,1500,1500,1499|
28.760 2 IMU_GYRO -0.029785 0.019043 -0.045654
28.767 2 DOWNLINK_STATUS 0 29 11144 504 0 365. 16. 37.53
28.842 2 COMMANDS |40,-14,-14,0,-28,-9548|
28.864 2 BAT 40 164 0 0 0 30 0 0
28.868 2 WP_MOVED 5 348740. 5945760. 660. 12
28.916 2 GPS 0 0 0 0 0 0 0 0 0 0 1
28.941 2 FBW_STATUS 0 47 0 164 2
28.957 2 ESTIMATOR 0. 0.
29.062 2 STATE_FILTER_STATUS 3 0
29.064 2 CALIBRATION 0. 0
29.067 2 ATTITUDE 0.085608 -1.587771 -0.014735
29.165 2 GPS 0 0 0 0 0 0 0 0 0 0 1
29.257 2 PPRZ_MODE 0 0 0 0 0 17
29.366 2 ALIVE |223,216,115,171,104,230,201,204,76,144,92,219,68,201,193,221|
29.369 2 WP_MOVED 6 348665. 5945815. 660. 12
29.415 2 GPS 0 0 0 0 0 0 0 0 0 0 1
29.464 2 DOWNLINK 0 406 552
29.468 2 ENERGY 16.4 0.002 0 0.0328
29.470 2 ESTIMATOR 0. 0.
29.567 2 NAVIGATION 0 1 0. 0. 0. 0. 0 0
29.569 2 ATTITUDE 0.085433 -1.587671 -0.014654
29.665 2 GPS 0 0 0 0 0 0 0 0 0 0 1
29.718 2 DESIRED 0. 0.01 0. 0. 0. 655. 0. 15.
29.768 2 DOWNLINK_STATUS 0 30 11585 525 0 441. 21. 37.53
29.867 2 GPS_SOL 0 0 0 0
29.870 2 IMU_GYRO -0.029785 0.019043 -0.045654
29.873 2 WP_MOVED 7 349065. 5946015. 660. 12
29.915 2 GPS 0 0 0 0 0 0 0 0 0 0 1
29.964 2 DL_VALUE 20 0.01
29.968 2 BAT 40 164 0 0 0 31 0 0
29.970 2 ESTIMATOR 0. 0.
30.059 2 ATTITUDE 0.085174 -1.587663 -0.014742
30.165 2 GPS 0 0 0 0 0 0 0 0 0 0 1
30.285 2 PONG 
30.360 2 WP_MOVED 0 348907. 5945757. 660. 12
30.415 2 GPS 0 0 0 0 0 0 0 0 0 0 1
30.458 2 ESTIMATOR 0. 0.
30.567 2 NAVIGATION 0 1 0. 0. 0. 0. 0 0
30.569 2 ATTITUDE 0.085264 -1.587753 -0.014742
30.666 2 GPS 0 0 0 0 0 0 0 0 0 0 1
30.768 2 DESIRED 0. 0.01 0. 0. 0. 655. 0. 15.
30.769 2 DOWNLINK_STATUS 0 31 11958 542 0 373. 17. 37.58
30.860 2 WP_MOVED 1 348865. 5945715. 660. 12
30.915 2 GPS 0 0 0 0 0 0 0 0 0 0 1
30.941 2 FBW_STATUS 0 49 0 164 2
30.962 2 IMU_GYRO -0.027588 0.015869 -0.045654
30.965 2 ESTIMATOR 0. 0.
31.064 2 BAT 40 164 0 0 0 32 0 0
31.067 2 ATTITUDE 0.084914 -1.587646 -0.014658
31.164 2 CALIBRATION 0. 0
31.169 2 GPS 0 0 0 0 0 0 0 0 0 0 1
31.360 2 WP_MOVED 2 348895. 5945815. 660. 12
31.415 2 GPS 0 0 0 0 0 0 0 0 0 0 1
31.460 2 DL_VALUE 21 0.1
31.462 2 ESTIMATOR 0. 0.
31.567 2 NAVIGATION 0 1 0. 0. 0. 0. 0 0
31.569 2 ATTITUDE 0.085001 -1.587737 -0.014654
31.664 2 GPS 0 0 0 0 0 0 0 0 0 0 1
31.770 2 DOWNLINK_STATUS 0 32 12296 558 0 338. 16. 37.58
31.817 2 DESIRED 0. 0.01 0. 0. 0. 655. 0. 15.
31.863 2 GPS_SOL 0 0 0 0
31.866 2 WP_MOVED 3 348965.09375 5945786. 660. 12
31.915 2 GPS 0 0 0 0 0 0 0 0 0 0 1
31.963 2 ENERGY 16.4 0.002 0 0.0328
31.965 2 ESTIMATOR 0. 0.
32.063 2 IMU_GYRO -0.029785 0.018066 -0.045654
32.066 2 ATTITUDE 0.084787 -1.587732 -0.014787
32.167 2 BAT 40 164 0 0 0 33 0 0
32.173 2 GPS 0 0 0 0 0 0 0 0 0 0 1
32.360 2 WP_MOVED 4 348764.6875 5945795. 660. 12
32.415 2 GPS 0 0 0 0 0 0 0 0 0 0 1
32.457 2 ESTIMATOR 0. 0.
32.567 2 NAVIGATION 0 1 0. 0. 0. 0. 0 0
32.569 2 ATTITUDE 0.084615 -1.587811 -0.014785
32.665 2 GPS 0 0 0 0 0 0 0 0 0 0 1
32.771 2 DOWNLINK_STATUS 0 33 12672 574 0 376. 16. 37.58
32.871 2 DESIRED 0. 0.01 0. 0. 0. 655. 0. 15.
32.875 2 WP_MOVED 5 348740. 5945760. 660. 12
32.915 2 GPS 0 0 0 0 0 0 0 0 0 0 1
32.941 2 FBW_STATUS 0 50 0 164 2
32.959 2 DL_VALUE 22 0.
32.962 2 ESTIMATOR 0. 0.
32.965 2 WIND_INFO 2 42 0. 0. 0.
33.059 2 ATTITUDE 0.084355 -1.58788 -0.014697
33.166 2 IMU_GYRO -0.028564 0.018066 -0.046631
33.172 2 GPS 0 0 0 0 0 0 0 0 0 0 1
33.261 2 CALIBRATION 0. 0
33.265 2 BAT 40 164 0 0 0 34 0 0
33.360 2 WP_MOVED 6 348665. 5945815. 660. 12
33.415 2 GPS 0 0 0 0 0 0 0 0 0 0 1
33.457 2 ESTIMATOR 0. 0.
33.566 2 NAVIGATION 0 1 0. 0. 0. 0. 0 0
33.569 2 ATTITUDE 0.084183 -1.587876 -0.014785
33.665 2 GPS 0 0 0 0 0 0 0 0 0 0 1
33.743 2 ACTUATORS |1004,1003,1500,1500,1500,1499|
33.772 2 DOWNLINK_STATUS 0 34 13067 592 0 395. 18. 37.58
33.843 2 COMMANDS |40,14,-14,0,-28,-9548|
33.863 2 GPS_SOL 0 0 0 0
33.867 2 WP_MOVED 7 349065. 5946015. 660. 12
33.924 2 DESIRED 0. 0.01 0. 0. 0. 655. 0. 15.
33.930 2 GPS 0 0 0 0 0 0 0 0 0 0 1
33.958 2 ESTIMATOR 0. 0.
34.060 2 STATE_FILTER_STATUS 3 0
34.063 2 ATTITUDE 0.083967 -1.587863 -0.014745
34.165 2 GPS 0 0 0 0 0 0 0 0 0 0 1
34.261 2 PPRZ_MODE 0 0 0 0 0 17
34.264 2 IMU_GYRO -0.029785 0.02002 -0.045654
34.370 2 ALIVE |223,216,115,171,104,230,201,204,76,144,92,219,68,201,193,221|
34.373 2 BAT 40 164 0 0 0 35 0 0
34.376 2 WP_MOVED 0 348907. 5945757. 660. 12
34.414 2 GPS 0 0 0 0 0 0 0 0 0 0 1
34.465 2 ENERGY 16.4 0.002 0 0.0328
34.467 2 DL_VALUE 23 0.05
34.469 2 ESTIMATOR 0. 0.
34.566 2 DOWNLINK 0 395 644
34.570 2 NAVIGATION 0 1 0. 0. 0. 0. 0 0
34.573 2 ATTITUDE 0.083922 -1.587772 -0.014704
34.665 2 GPS 0 0 0 0 0 0 0 0 0 0 1
34.759 2 NAVIGATION_REF 348865 5945715 12 605.
34.773 2 DOWNLINK_STATUS 0 35 13547 615 0 480. 23. 37.58
34.860 2 WP_MOVED 1 348865. 5945715. 660. 12
34.915 2 GPS 0 0 0 0 0 0 0 0 0 0 1
34.941 2 FBW_STATUS 0 49 0 164 2
34.970 2 DESIRED 0. 0.01 0. 0. 0. 655. 0. 15.
34.972 2 ESTIMATOR 0. 0.
35.059 2 ATTITUDE 0.083837 -1.587859 -0.014787
35.165 2 GPS 0 0 0 0 0 0 0 0 0 0 1
35.285 2 PONG 
35.364 2 CALIBRATION 0. 0
35.367 2 IMU_GYRO -0.029785 0.019043 -0.045654
35.371 2 WP_MOVED 2 348895. 5945815. 660. 12
35.414 2 GPS 0 0 0 0 0 0 0 0 0 0 1
35.463 2 BAT 40 164 0 0 0 36 0 0
35.465 2 ESTIMATOR 0. 0.
35.566 2 NAVIGATION 0 1 0. 0. 0. 0. 0 0
35.569 2 ATTITUDE 0.083967 -1.587863 -0.014745
35.665 2 GPS 0 0 0 0 0 0 0 0 0 0 1
35.774 2 DOWNLINK_STATUS 0 36 13918 632 0 371. 17. 37.56
35.863 2 GPS_SOL 0 0 0 0
35.867 2 WP_MOVED 3 348965.09375 5945786. 660. 12
35.915 2 GPS 0 0 0 0 0 0 0 0 0 0 1
35.960 2 DL_VALUE 24 0.
35.962 2 ESTIMATOR 0. 0.
36.017 2 DESIRED 0. 0.01 0. 0. 0. 655. 0. 15.
36.059 2 ATTITUDE 0.083924 -1.588033 -0.014693
36.165 2 GPS 0 0 0 0 0 0 0 0 0 0 1
36.359 2 WP_MOVED 4 348764.6875 5945795. 660. 12
36.414 2 GPS 0 0 0 0 0 0 0 0 0 0 1
36.462 2 IMU_GYRO -0.026367 0.015869 -0.045654
36.464 2 ESTIMATOR 0. 0.
36.569 2 BAT 40 164 0 0 0 37 0 0
36.574 2 NAVIGATION 0 1 0. 0. 0. 0. 0 0
36.577 2 ATTITUDE 0.083923 -1.587946 -0.014697
36.665 2 GPS 0 0 0 0 0 0 0 0 0 0 1
36.774 2 DOWNLINK_STATUS 0 37 14285 648 0 367. 16. 37.56
36.860 2 WP_MOVED 5 348740. 5945760. 660. 12
36.915 2 GPS 0 0 0 0 0 0 0 0 0 0 1
36.940 2 FBW_STATUS 0 51 0 164 2
36.963 2 ENERGY 16.4 0.002 0 0.0328
36.965 2 ESTIMATOR 0. 0.
37.071 2 DESIRED 0. 0.01 0. 0. 0. 655. 0. 15.
37.073 2 ATTITUDE 0.084096 -1.588037 -0.014606
37.164 2 GPS 0 0 0 0 0 0 0 0 0 0 1
37.359 2 WP_MOVED 6 348665. 5945815. 660. 12
37.414 2 GPS 0 0 0 0 0 0 0 0 0 0 1
37.461 2 CALIBRATION 0. 0
37.463 2 DL_VALUE 25 1.000074
37.466 2 ESTIMATOR 0. 0.
37.568 2 IMU_GYRO -0.031738 0.023193 -0.046631
37.573 2 NAVIGATION 0 1 0. 0. 0. 0. 0 0
37.576 2 ATTITUDE 0.084054 -1.588119 -0.014561
37.667 2 BAT 40 164 0 0 0 38 0 0
37.673 2 GPS 0 0 0 0 0 0 0 0 0 0 1
37.775 2 DOWNLINK_STATUS 0 38 14681 666 0 396. 18. 37.56
37.863 2 GPS_SOL 0 0 0 0
37.867 2 WP_MOVED 7 349065. 5946015. 660. 12
37.915 2 GPS 0 0 0 0 0 0 0 0 0 0 1
37.957 2 ESTIMATOR 0. 0.
38.058 2 ATTITUDE 0.083923 -1.588112 -0.014517
38.117 2 DESIRED 0. 0.01 0. 0. 0. 655. 0. 15.
38.164 2 GPS 0 0 0 0 0 0 0 0 0 0 1
38.359 2 WP_MOVED 0 348907. 5945757. 660. 12
38.414 2 GPS 0 0 0 0 0 0 0 0 0 0 1
38.457 2 ESTIMATOR 0. 0.
38.566 2 NAVIGATION 0 1 0. 0. 0. 0. 0 0
38.569 2 ATTITUDE 0.083796 -1.588281 -0.014556
38.666 2 IMU_GYRO -0.026367 0.014893 -0.045654
38.672 2 GPS 0 0 0 0 0 0 0 0 0 0 1
38.743 2 ACTUATORS |1004,1003,1500,1500,1500,1499|
38.760 2 BAT 40 164 0 0 0 40 0 0
38.776 2 DOWNLINK_STATUS 0 39 15056 682 0 375. 16. 37.56
38.843 2 COMMANDS |40,-14,-14,0,-28,-9548|
38.860 2 WP_MOVED 1 348865. 5945715. 660. 12
38.915 2 GPS 0 0 0 0 0 0 0 0 0 0 1
38.940 2 FBW_STATUS 0 48 0 164 2
38.959 2 DL_VALUE 26 0.298451
38.961 2 ESTIMATOR 0. 0.
39.059 2 STATE_FILTER_STATUS 3 0
39.062 2 ATTITUDE 0.083883 -1.588372 -0.014552
39.173 2 DESIRED 0. 0.01 0. 0. 0. 655. 0. 15.
39.179 2 GPS 0 0 0 0 0 0 0 0 0 0 1
39.256 2 PPRZ_MODE 0 0 0 0 0 17
39.365 2 ALIVE |223,216,115,171,104,230,201,204,76,144,92,219,68,201,193,221|
39.368 2 WP_MOVED 2 348895. 5945815. 660. 12
39.414 2 GPS 0 0 0 0 0 0 0 0 0 0 1
39.463 2 ENERGY 16.4 0.002 0 0.0328
39.465 2 ESTIMATOR 0. 0.
39.565 2 CALIBRATION 0. 0
39.570 2 NAVIGATION 0 1 0. 0. 0. 0. 0 0
39.573 2 ATTITUDE 0.083925 -1.588372 -0.014506
39.670 2 DOWNLINK 0 392 735
39.671 2 GPS 0 0 0 0 0 0 0 0 0 0 1
39.759 2 IMU_GYRO -0.027588 0.016846 -0.044678
39.777 2 DOWNLINK_STATUS 0 40 15505 704 0 449. 22. 37.56
39.867 2 GPS_SOL 0 0 0 0
39.870 2 BAT 40 164 0 0 0 41 0 0
39.875 2 WP_MOVED 3 348965.09375 5945786. 660. 12
39.915 2 GPS 0 0 0 0 0 0 0 0 0 0 1
39.958 2 ESTIMATOR 0. 0.
40.058 2 ATTITUDE 0.083925 -1.588372 -0.014506
40.164 2 GPS 0 0 0 0 0 0 0 0 0 0 1
40.216 2 DESIRED 0. 0.01 0. 0. 0. 655. 0. 15.
40.287 2 PONG 
40.359 2 WP_MOVED 4 348764.6875 5945795. 660. 12
40.414 2 GPS 0 0 0 0 0 0 0 0 0 0 1
40.459 2 DL_VALUE 27 1.
40.461 2 ESTIMATOR 0. 0.
40.566 2 NAVIGATION 0 1 0. 0. 0. 0. 0 0
40.569 2 ATTITUDE 0.083797 -1.588368 -0.014553
40.664 2 GPS 0 0 0 0 0 0 0 0 0 0 1
40.778 2 DOWNLINK_STATUS 0 41 15860 720 0 355. 16. 38.42
40.863 2 IMU_GYRO -0.024414 0.010498 -0.046631
40.866 2 WP_MOVED 5 348740. 5945760. 660. 12
40.914 2 GPS 0 0 0 0 0 0 0 0 0 0 1
40.941 2 FBW_STATUS 0 48 0 164 2
40.963 2 BAT 40 164 0 0 0 42 0 0
40.965 2 ESTIMATOR 0. 0.
41.058 2 ATTITUDE 0.08349 -1.58826 -0.014427
41.164 2 GPS 0 0 0 0 0 0 0 0 0 0 1
41.266 2 DESIRED 0. 0.01 0. 0. 0. 655. 0. 15.
41.359 2 WP_MOVED 6 348665. 5945815. 660. 12
41.415 2 GPS 0 0 0 0 0 0 0 0 0 0 1
41.457 2 ESTIMATOR 0. 0.
41.566 2 NAVIGATION 0 1 0. 0. 0. 0. 0 0
41.569 2 ATTITUDE 0.083491 -1.588347 -0.014424
41.663 2 CALIBRATION 0. 0
41.669 2 GPS 0 0 0 0 0 0 0 0 0 0 1
41.779 2 DOWNLINK_STATUS 0 42 16225 736 0 365. 16. 38.42
41.862 2 GPS_SOL 0 0 0 0
41.866 2 WP_MOVED 7 349065. 5946015. 660. 12
41.914 2 GPS 0 0 0 0 0 0 0 0 0 0 1
41.968 2 ENERGY 16.4 0.002 0 0.0328
41.970 2 DL_VALUE 28 0.
41.974 2 IMU_GYRO -0.029785 0.019043 -0.045654
41.976 2 ESTIMATOR 0. 0.
42.064 2 BAT 40 164 0 0 0 43 0 0
42.067 2 ATTITUDE 0.083363 -1.58826 -0.01456
42.164 2 GPS 0 0 0 0 0 0 0 0 0 0 1
