3.192 2 GPS 0 1130805120 0 0 -17000 0 0 0 25750 12 7
3.195 2 SVINFO 7 13 16 1 0 -91 0
3.385 2 CALIBRATION 0. 0
3.389 2 WP_MOVED 5 348740. 5945760. 660. 12
3.442 2 GPS 0 1130805120 0 0 -17000 0 0 0 26000 12 8
3.445 2 SVINFO 8 14 16 1 0 -91 0
3.465 2 FBW_STATUS 2 0 1 163 0
3.482 2 ESTIMATOR 0. 0.
3.584 2 ATTITUDE -3.122488 -1.473195 0.140006
3.693 2 GPS 0 1130805120 0 0 -17000 0 0 0 26250 12 9
3.695 2 SVINFO 9 15 16 1 0 -91 0
3.833 2 DOWNLINK_STATUS 0 4 1782 86 0 475. 23. 0.
3.885 2 WP_MOVED 6 348665. 5945815. 660. 12
3.943 2 GPS 0 1130805120 0 0 -17000 0 0 0 26500 12 10
3.945 2 SVINFO 10 16 0 1 0 -91 0
3.987 2 DL_VALUE 17 0.45
3.991 2 IMU_GYRO -0.018066 0.02124 -0.041504
3.993 2 ESTIMATOR 0. 0.
4.042 2 DESIRED 0. 0.32 0. 0. 0. 655. 0. 15.
4.094 2 BAT 0 163 0 0 0 26 0 0
4.099 2 NAVIGATION 0 1 10959186. -5945715. 0. 1.55455284314e+14 0 0
4.101 2 ATTITUDE -3.114067 -1.466236 0.132686
4.192 2 GPS 0 1130805120 0 0 -17000 0 0 0 26750 12 11
4.194 2 SVINFO 11 17 16 1 0 -91 0
4.284 2 NAVIGATION_REF 348865 5945715 12 605.
4.387 2 GPS_SOL 649535680 100000 9999 0
4.391 2 WP_MOVED 7 349065. 5946015. 660. 12
4.442 2 GPS 0 1130805120 0 0 -17000 0 0 0 27000 12 12
4.445 2 SVINFO 12 18 16 1 0 -91 0
4.482 2 ESTIMATOR 0. 0.
4.584 2 ATTITUDE -3.113098 -1.466567 0.13013
4.692 2 GPS 0 1130805120 0 0 -17000 0 0 0 27250 12 13
4.695 2 SVINFO 13 19 16 1 0 -91 0
4.833 2 DOWNLINK_STATUS 0 5 2224 107 0 442. 21. 0.
4.884 2 WP_MOVED 0 348907. 5945757. 660. 12
4.942 2 GPS 0 1130805120 0 0 -17000 0 0 0 27500 12 14
4.945 2 SVINFO 14 20 16 1 0 -91 0
4.982 2 ESTIMATOR 0. 0.
5.101 2 IMU_GYRO -0.028564 0.023193 -0.049805
5.108 2 DESIRED 0. 0.32 0. 0. 0. 655. 0. 15.
5.112 2 NAVIGATION 0 1 10959186. -5945715. 0. 1.55455284314e+14 0 0
5.116 2 ATTITUDE -3.113756 -1.467168 0.129909
5.195 2 BAT 0 163 0 0 0 27 0 0
5.201 2 GPS 0 1130805120 0 0 -17000 0 0 0 27750 12 15
5.202 2 SVINFO 15 21 16 1 0 -91 0
5.369 2 PONG 
5.388 2 WP_MOVED 1 348865. 5945715. 660. 12
5.442 2 GPS 0 1130805120 0 0 -17000 0 0 0 28000 12 16
5.444 2 SVINFO 0 6 16 1 0 -91 0
5.465 2 FBW_STATUS 2 0 1 163 0
5.492 2 ENERGY 16.299999 0. 0 0.
5.493 2 CALIBRATION 0. 0
5.495 2 DL_VALUE 18 0.03
5.498 2 ESTIMATOR 0. 0.
5.583 2 ATTITUDE -3.114306 -1.467521 0.129768
5.692 2 GPS 0 1130805120 0 0 -17000 0 0 0 28250 12 1
5.694 2 SVINFO 1 8 16 1 0 -91 0
5.834 2 DOWNLINK_STATUS 0 6 2682 130 0 458. 23. 37.61
5.884 2 WP_MOVED 2 348895. 5945815. 660. 12
5.942 2 GPS 0 1130805120 0 0 -17000 0 0 0 28500 12 2
5.945 2 SVINFO 2 9 16 1 0 -91 0
5.982 2 ESTIMATOR 0. 0.
6.091 2 NAVIGATION 0 1 10959186. -5945715. 0. 1.55455284314e+14 0 0
6.094 2 ATTITUDE -3.109559 -1.467227 0.126622
6.141 2 DESIRED 0. 0.32 0. 0. 0. 655. 0. 15.
6.194 2 IMU_GYRO -0.024414 0.012695 -0.039307
6.199 2 GPS 0 1130805120 0 0 -17000 0 0 0 28750 12 3
6.202 2 SVINFO 3 10 16 1 0 -91 0
6.285 2 BAT 0 163 0 0 0 29 0 0
6.388 2 GPS_SOL 649538304 100000 9999 0
6.391 2 WP_MOVED 3 348965.09375 5945786. 660. 12
6.443 2 GPS 0 1130805120 0 0 -17000 0 0 0 29000 12 4
6.445 2 SVINFO 4 11 16 1 0 -91 0
6.481 2 ESTIMATOR 0. 0.
6.583 2 ATTITUDE -3.107651 -1.467168 0.123319
6.693 2 GPS 0 1130805120 0 0 -17000 0 0 0 29250 12 5
6.694 2 SVINFO 5 12 16 1 0 -91 0
6.835 2 DOWNLINK_STATUS 0 7 3094 149 0 412. 19. 37.61
6.884 2 WP_MOVED 4 348764.6875 5945795. 660. 12
6.942 2 GPS 0 1130805120 0 0 -17000 0 0 0 29500 12 6
6.944 2 SVINFO 6 13 16 1 0 -91 0
6.983 2 DL_VALUE 19 0.15
6.986 2 ESTIMATOR 0. 0.
7.090 2 NAVIGATION 0 1 10959186. -5945715. 0. 1.55455284314e+14 0 0
7.093 2 ATTITUDE -3.106788 -1.465969 0.121049
7.201 2 DESIRED 0. 0.32 0. 0. 0. 655. 0. 15.
7.207 2 GPS 0 1130805120 0 0 -17000 0 0 0 29750 12 7
7.209 2 SVINFO 7 14 16 1 0 -91 0
7.267 2 ACTUATORS |1000,1500,1374,1000,1000,1500|
7.284 2 IMU_GYRO -0.007324 0.023193 -0.046631
7.367 2 COMMANDS |0,9600,2422,0,0,0|
7.389 2 BAT 0 163 0 0 0 30 0 0
7.392 2 WP_MOVED 5 348740. 5945760. 660. 12
7.442 2 GPS 0 1130805120 0 0 -17000 0 0 0 30000 12 8
7.445 2 SVINFO 8 15 16 1 0 -91 0
7.465 2 FBW_STATUS 2 0 1 163 0
7.482 2 ESTIMATOR 0. 0.
7.586 2 STATE_FILTER_STATUS 3 0
7.588 2 CALIBRATION 0. 0
7.591 2 ATTITUDE -3.10485 -1.463301 0.147813
7.693 2 GPS 0 1130805120 0 0 -17000 0 0 0 30250 12 9
7.695 2 SVINFO 9 16 0 1 0 -91 0
7.780 2 PPRZ_MODE 2 0 0 0 0 6
7.836 2 DOWNLINK_STATUS 0 8 3585 174 0 491. 25. 37.61
7.890 2 ALIVE |94,78,39,207,100,88,170,190,249,202,84,59,164,102,112,46|
7.892 2 WP_MOVED 6 348665. 5945815. 660. 12
7.941 2 GPS 0 1130805120 0 0 -17000 0 0 0 30500 12 10
7.944 2 SVINFO 10 17 16 1 0 -91 0
7.987 2 DOWNLINK 0 464 673
7.991 2 ENERGY 16.299999 0. 0 0.
7.993 2 ESTIMATOR 0. 0.
8.090 2 NAVIGATION 0 1 10959186. -5945715. 0. 1.55455284314e+14 0 0
8.093 2 ATTITUDE 3.133545 -1.509221 0.186179
8.192 2 GPS 0 1130805120 0 0 -17000 0 0 0 30750 12 11
8.194 2 SVINFO 11 19 16 1 0 -91 0
8.241 2 DESIRED 0. 0.33 0. 0. 0. 655. 0. 15.
8.391 2 GPS_SOL 649541120 100000 9999 0
8.394 2 IMU_GYRO -0.064697 -0.245605 -0.003174
8.398 2 WP_MOVED 7 349065. 5946015. 660. 12
8.442 2 GPS 0 1130805120 0 0 -17000 0 0 0 31000 12 12
8.444 2 SVINFO 12 19 16 1 0 -91 0
8.488 2 DL_VALUE 20 0.01
8.492 2 BAT 0 163 0 0 0 31 0 0
8.494 2 ESTIMATOR 0. 0.
8.583 2 ATTITUDE 3.127186 -1.525267 0.177732
8.692 2 GPS 0 1130805120 0 0 -17000 0 0 0 31250 12 13
8.695 2 SVINFO 13 20 16 1 0 -91 0
8.836 2 DOWNLINK_STATUS 0 9 4062 197 0 477. 23. 37.61
8.884 2 WP_MOVED 0 348907. 5945757. 660. 12
8.942 2 GPS 0 1130805120 0 0 -17000 0 0 0 31500 12 14
8.945 2 SVINFO 14 22 16 1 0 -91 0
8.982 2 ESTIMATOR 0. 0.
9.091 2 NAVIGATION 0 1 10959186. -5945715. 0. 1.55455284314e+14 0 0
9.093 2 ATTITUDE -3.092742 -1.500596 0.178139
9.191 2 GPS 0 1130805120 0 0 -17000 0 0 0 31750 12 15
9.194 2 SVINFO 15 23 16 1 0 -91 0
9.292 2 DESIRED 0. 0.31 0. 0. 0. 655. 0. 15.
9.384 2 WP_MOVED 1 348865. 5945715. 660. 12
9.442 2 GPS 0 1130805120 0 0 -17000 0 0 0 32000 12 16
9.444 2 SVINFO 0 8 16 1 0 -91 0
9.465 2 FBW_STATUS 2 0 1 163 0
9.486 2 IMU_GYRO 0. -0.306396 -0.101074
9.488 2 ESTIMATOR 0. 0.
9.588 2 BAT 0 163 0 0 0 32 0 0
9.591 2 ATTITUDE -2.923583 -1.485031 0.18202
9.690 2 CALIBRATION 0. 0
9.696 2 GPS 0 1130805120 0 0 -17000 0 0 0 32250 12 1
9.699 2 SVINFO 1 9 16 1 0 -91 0
9.836 2 DOWNLINK_STATUS 0 10 4483 217 0 421. 20. 37.61
9.884 2 WP_MOVED 2 348895. 5945815. 660. 12
9.942 2 GPS 0 1130805120 0 0 -17000 0 0 0 32500 12 2
9.944 2 SVINFO 2 10 16 1 0 -91 0
9.984 2 DL_VALUE 21 0.1
9.986 2 ESTIMATOR 0. 0.
10.090 2 NAVIGATION 0 1 10959186. -5945715. 0. 1.55455284314e+14 0 0
10.093 2 ATTITUDE -2.825687 -1.474338 0.188519
10.192 2 GPS 0 1130805120 0 0 -17000 0 0 0 32750 12 3
10.195 2 SVINFO 3 11 16 1 0 -91 0
10.341 2 DESIRED 0. 0.29 0. 0. 0. 655. 0. 15.
10.371 2 PONG 
10.390 2 GPS_SOL 649544000 100000 9999 0
10.393 2 WP_MOVED 3 348965.09375 5945786. 660. 12
10.442 2 GPS 0 1130805120 0 0 -17000 0 0 0 33000 12 4
10.444 2 SVINFO 4 12 16 1 0 -91 0
10.487 2 ENERGY 16.299999 0. 0 0.
10.489 2 ESTIMATOR 0. 0.
10.587 2 IMU_GYRO -0.040283 0.045654 -0.052979
10.590 2 ATTITUDE -2.816612 -1.474774 0.195643
10.694 2 BAT 0 163 0 0 0 33 0 0
10.700 2 GPS 0 1130805120 0 0 -17000 0 0 0 33250 12 5
10.702 2 SVINFO 5 13 16 1 0 -91 0
10.838 2 DOWNLINK_STATUS 0 11 4932 239 0 449. 22. 38.52
10.884 2 WP_MOVED 4 348764.6875 5945795. 660. 12
10.942 2 GPS 0 1130805120 0 0 -17000 0 0 0 33500 12 6
10.944 2 SVINFO 6 14 16 1 0 -91 0
10.982 2 ESTIMATOR 0. 0.
11.090 2 NAVIGATION 0 1 10959186. -5945715. 0. 1.55455284314e+14 0 0
11.093 2 ATTITUDE -2.834664 -1.476391 0.19963
11.192 2 GPS 0 1130805120 0 0 -17000 0 0 0 33750 12 7
11.194 2 SVINFO 7 15 16 1 0 -91 0
11.395 2 DESIRED 0. 0.32 0. 0. 0. 655. 0. 15.
11.399 2 WP_MOVED 5 348740. 5945760. 660. 12
11.442 2 GPS 0 1130805120 0 0 -17000 0 0 0 34000 12 8
11.444 2 SVINFO 8 16 0 1 0 -91 0
11.465 2 FBW_STATUS 2 0 1 163 0
11.484 2 DL_VALUE 22 0.
11.486 2 ESTIMATOR 0. 0.
11.583 2 ATTITUDE 3.094533 -1.566394 0.201401
11.694 2 IMU_GYRO -1.007568 -0.11377 0.046631
11.699 2 GPS 0 1130805120 0 0 -17000 0 0 0 34250 12 9
11.701 2 SVINFO 9 17 16 1 0 -91 0
11.784 2 CALIBRATION 0. 0
11.788 2 BAT 0 163 0 0 0 34 0 0
11.838 2 DOWNLINK_STATUS 0 12 5364 260 0 432. 21. 38.52
11.883 2 WP_MOVED 6 348665. 5945815. 660. 12
11.942 2 GPS 0 1130805120 0 0 -17000 0 0 0 34500 12 10
11.944 2 SVINFO 10 18 16 1 0 -91 0
11.981 2 ESTIMATOR 0. 0.
12.090 2 NAVIGATION 0 1 10959186. -5945715. 0. 1.55455284314e+14 0 0
12.093 2 ATTITUDE -3.06492 -2.038439 0.178269
12.192 2 GPS 0 1130805120 0 0 -17000 0 0 0 34750 12 11
12.194 2 SVINFO 11 20 16 1 0 -91 0
12.267 2 ACTUATORS |1000,1500,1399,1000,1000,1500|
12.367 2 COMMANDS |0,9600,2140,0,0,0|
12.387 2 GPS_SOL 649547136 100000 9999 0
12.390 2 WP_MOVED 7 349065. 5946015. 660. 12
12.451 2 DESIRED 0. 0.32 0. 0. 0. 655. 0. 15.
12.457 2 GPS 0 1130805120 0 0 -17000 0 0 0 35000 12 12
12.459 2 SVINFO 12 21 16 1 0 -91 0
12.482 2 ESTIMATOR 0. 0.
12.584 2 STATE_FILTER_STATUS 3 0
12.587 2 ATTITUDE 3.134914 -2.792088 0.134032
12.692 2 GPS 0 1130805120 0 0 -17000 0 0 0 35250 12 13
12.694 2 SVINFO 13 22 16 1 0 -91 0
12.785 2 PPRZ_MODE 2 0 0 0 0 6
12.788 2 IMU_GYRO -2.069824 0.182861 -0.027588
12.838 2 DOWNLINK_STATUS 0 13 5814 282 0 450. 22. 38.52
12.894 2 ALIVE |94,78,39,207,100,88,170,190,249,202,84,59,164,102,112,46|
12.898 2 BAT 0 163 0 0 0 35 0 0
12.901 2 WP_MOVED 0 348907. 5945757. 660. 12
12.942 2 GPS 0 1130805120 0 0 -17000 0 0 0 35500 12 14
12.945 2 SVINFO 14 23 16 1 0 -91 0
12.990 2 ENERGY 16.299999 0. 0 0.
12.990 2 DL_VALUE 23 0.05
12.993 2 ESTIMATOR 0. 0.
13.089 2 DOWNLINK 0 450 785
13.095 2 NAVIGATION 0 1 10959186. -5945715. 0. 1.55455284314e+14 0 0
13.097 2 ATTITUDE 2.962222 2.510594 0.036593
13.191 2 GPS 0 1130805120 0 0 -17000 0 0 0 35750 12 15
13.194 2 SVINFO 15 24 16 1 0 -91 0
13.283 2 NAVIGATION_REF 348865 5945715 12 605.
13.383 2 WP_MOVED 1 348865. 5945715. 660. 12
13.414 2 WIND_INFO 2 42 0. 0. 0.
13.456 2 GPS 0 1130805120 0 0 -17000 0 0 0 36000 12 16
13.458 2 SVINFO 0 9 16 1 0 -91 0
13.495 2 FBW_STATUS 2 0 1 163 0
13.517 2 DESIRED 0. 0.32 0. 0. 0. 655. 0. 15.
13.520 2 ESTIMATOR 0. 0.
13.583 2 ATTITUDE 3.080903 2.006266 -0.141498
13.692 2 GPS 0 1130805120 0 0 -17000 0 0 0 36250 12 1
13.694 2 SVINFO 1 10 16 2 21 -91 0
13.838 2 DOWNLINK_STATUS 0 14 6290 305 0 476. 23. 38.52
13.888 2 CALIBRATION 0. 0
13.892 2 IMU_GYRO 0.119141 -0.230713 -0.352051
13.895 2 WP_MOVED 2 348895. 5945815. 660. 12
13.942 2 GPS 0 1130805120 0 0 -17000 0 0 0 36500 12 2
13.944 2 SVINFO 2 11 16 1 0 -91 0
13.987 2 BAT 0 163 0 0 0 36 0 0
13.990 2 ESTIMATOR 0. 0.
14.090 2 NAVIGATION 0 1 10959186. -5945715. 0. 1.55455284314e+14 0 0
14.093 2 ATTITUDE -3.089416 2.055762 -0.064235
14.192 2 GPS 0 1130805120 0 0 -17000 0 0 0 36750 12 3
14.194 2 SVINFO 3 12 16 1 0 -91 0
14.386 2 GPS_SOL 649550464 100000 9999 0
14.390 2 WP_MOVED 3 348965.09375 5945786. 660. 12
14.441 2 GPS 0 1130805120 0 0 -17000 0 0 0 37000 12 4
14.444 2 SVINFO 4 13 16 1 0 -91 0
14.483 2 DL_VALUE 24 0.
14.485 2 ESTIMATOR 0. 0.
14.540 2 DESIRED 0. 0.3 0. 0. 0. 655. 0. 15.
14.582 2 ATTITUDE -2.923155 2.113557 0.03462
14.692 2 GPS 0 1130805120 0 0 -17000 0 0 0 37250 12 5
14.694 2 SVINFO 5 15 16 1 0 -91 0
14.839 2 DOWNLINK_STATUS 0 15 6724 326 0 434. 21. 38.52
14.883 2 WP_MOVED 4 348764.6875 5945795. 660. 12
14.942 2 GPS 0 1130805120 0 0 -17000 0 0 0 37500 12 6
14.944 2 SVINFO 6 16 0 1 0 -91 0
14.986 2 IMU_GYRO -0.052979 0.189209 -0.05957
14.988 2 ESTIMATOR 0. 0.
15.094 2 BAT 0 163 0 0 0 37 0 0
15.098 2 NAVIGATION 0 1 10959186. -5945715. 0. 1.55455284314e+14 0 0
15.101 2 ATTITUDE -3.021979 2.086174 0.03511
15.192 2 GPS 0 1130805120 0 0 -17000 0 0 0 37750 12 7
15.194 2 SVINFO 7 17 16 1 0 -91 0
15.372 2 PONG 
15.391 2 WP_MOVED 5 348740. 5945760. 660. 12
15.442 2 GPS 0 1130805120 0 0 -17000 0 0 0 38000 12 8
15.443 2 SVINFO 8 18 16 1 0 -91 0
15.464 2 FBW_STATUS 2 0 1 163 0
15.487 2 ENERGY 16.299999 0. 0 0.
15.489 2 ESTIMATOR 0. 0.
15.595 2 DESIRED 0. 0.32 0. 0. 0. 655. 0. 15.
15.597 2 ATTITUDE 3.107966 2.107097 0.037621
15.692 2 GPS 0 1130805120 0 0 -17000 0 0 0 38250 12 9
15.694 2 SVINFO 9 19 16 1 0 -91 0
15.840 2 DOWNLINK_STATUS 0 16 7160 347 0 436. 21. 38.38
15.883 2 WP_MOVED 6 348665. 5945815. 660. 12
15.941 2 GPS 0 1130805120 0 0 -17000 0 0 0 38500 12 10
15.944 2 SVINFO 10 20 16 1 0 -91 0
15.985 2 CALIBRATION 0. 0
15.987 2 DL_VALUE 25 1.000074
15.990 2 ESTIMATOR 0. 0.
16.092 2 IMU_GYRO -0.009521 0.175537 -0.046631
16.097 2 NAVIGATION 0 1 10959186. -5945715. 0. 1.55455284314e+14 0 0
16.100 2 ATTITUDE 3.017038 2.128189 0.030242
16.194 2 BAT 0 163 0 0 0 38 0 0
16.200 2 GPS 0 1130805120 0 0 -17000 0 0 0 38750 12 11
16.202 2 SVINFO 11 21 16 1 0 -91 0
16.387 2 GPS_SOL 649553920 100000 9999 0
16.390 2 WP_MOVED 7 349065. 5946015. 660. 12
16.442 2 GPS 0 1130805120 0 0 -17000 0 0 0 39000 12 12
16.444 2 SVINFO 12 22 16 1 0 -91 0
16.481 2 ESTIMATOR 0. 0.
16.583 2 ATTITUDE 2.954016 2.134187 0.029392
16.641 2 DESIRED 0. 0.31 0. 0. 0. 655. 0. 15.
16.692 2 GPS 0 1130805120 0 0 -17000 0 0 0 39250 12 13
16.694 2 SVINFO 13 23 16 1 0 -91 0
16.840 2 DOWNLINK_STATUS 0 17 7594 368 0 434. 21. 38.38
16.884 2 WP_MOVED 0 348907. 5945757. 660. 12
16.942 2 GPS 0 1130805120 0 0 -17000 0 0 0 39500 12 14
16.944 2 SVINFO 14 26 16 1 0 -91 0
16.981 2 ESTIMATOR 0. 0.
17.089 2 NAVIGATION 0 1 10959186. -5945715. 0. 1.55455284314e+14 0 0
17.092 2 ATTITUDE 2.862125 2.139439 0.018272
17.192 2 IMU_GYRO 0.008301 0.032959 -0.046631
17.198 2 GPS 0 1130805120 0 0 -17000 0 0 0 39750 12 15
17.201 2 SVINFO 15 27 16 1 0 -91 0
17.266 2 ACTUATORS |1000,1500,1327,2000,2000,1500|
17.284 2 BAT 0 163 0 0 0 40 0 0
17.366 2 COMMANDS |0,-9600,3306,0,0,0|
17.383 2 WP_MOVED 1 348865. 5945715. 660. 12
17.441 2 GPS 0 1130805120 0 0 -17000 0 0 0 40000 12 16
17.444 2 SVINFO 0 10 16 1 0 -91 0
17.465 2 FBW_STATUS 2 0 1 163 0
17.483 2 DL_VALUE 26 0.298451
17.485 2 ESTIMATOR 0. 0.
17.583 2 STATE_FILTER_STATUS 3 0
17.586 2 ATTITUDE 2.885664 2.150367 0.023464
17.701 2 DESIRED 0. 0.3 0. 0. 0. 655. 0. 15.
17.706 2 GPS 0 1130805120 0 0 -17000 0 0 0 40250 12 1
17.709 2 SVINFO 1 11 16 1 0 -91 0
17.780 2 PPRZ_MODE 2 0 0 0 0 6
17.840 2 DOWNLINK_STATUS 0 18 8074 392 0 480. 24. 38.38
17.889 2 ALIVE |94,78,39,207,100,88,170,190,249,202,84,59,164,102,112,46|
17.893 2 WP_MOVED 2 348895. 5945815. 660. 12
17.942 2 GPS 0 1130805120 0 0 -17000 0 0 0 40500 12 2
17.944 2 SVINFO 2 12 16 1 0 -91 0
17.987 2 ENERGY 16.299999 0. 0 0.
17.989 2 ESTIMATOR 0. 0.
18.090 2 CALIBRATION 0. 0
18.094 2 NAVIGATION 0 1 10959186. -5945715. 0. 1.55455284314e+14 0 0
18.097 2 ATTITUDE 3.035176 2.13581 0.048375
18.190 2 DOWNLINK 0 447 896
18.196 2 GPS 0 1130805120 0 0 -17000 0 0 0 40750 12 3
18.198 2 SVINFO 3 13 16 1 0 -91 0
18.282 2 IMU_GYRO -0.02124 -0.297852 -0.064697
18.391 2 GPS_SOL 649557632 100000 9999 0
18.394 2 BAT 0 163 0 0 0 41 0 0
18.398 2 WP_MOVED 3 348965.09375 5945786. 660. 12
18.441 2 GPS 0 1130805120 0 0 -17000 0 0 0 41000 12 4
18.444 2 SVINFO 4 14 16 1 0 -91 0
18.481 2 ESTIMATOR 0. 0.
18.582 2 ATTITUDE -3.120623 2.142518 0.064434
18.694 2 GPS 0 1130805120 0 0 -17000 0 0 0 41250 12 5
18.694 2 SVINFO 5 15 16 1 0 -91 0
18.740 2 DESIRED 0. 0.32 0. 0. 0. 655. 0. 15.
18.841 2 DOWNLINK_STATUS 0 19 8551 415 0 477. 23. 38.38
18.883 2 WP_MOVED 4 348764.6875 5945795. 660. 12
18.942 2 GPS 0 1130805120 0 0 -17000 0 0 0 41500 12 6
18.944 2 SVINFO 6 16 0 1 0 -91 0
18.983 2 DL_VALUE 27 1.
18.985 2 ESTIMATOR 0. 0.
19.090 2 NAVIGATION 0 1 10959186. -5945715. 0. 1.55455284314e+14 0 0
19.093 2 ATTITUDE -3.038527 2.135835 0.088734
19.192 2 GPS 0 1130805120 0 0 -17000 0 0 0 41750 12 7
19.194 2 SVINFO 7 17 16 1 0 -91 0
19.387 2 IMU_GYRO -0.037109 -0.169189 -0.109375
19.391 2 WP_MOVED 5 348740. 5945760. 660. 12
19.442 2 GPS 0 1130805120 0 0 -17000 0 0 0 42000 12 8
19.443 2 SVINFO 8 18 16 1 0 -91 0
19.464 2 FBW_STATUS 2 0 1 163 0
19.486 2 BAT 0 163 0 0 0 42 0 0
19.488 2 ESTIMATOR 0. 0.
19.582 2 ATTITUDE -2.946245 2.136395 0.118166
19.691 2 GPS 0 1130805120 0 0 -17000 0 0 0 42250 12 9
19.694 2 SVINFO 9 19 16 1 0 -91 0
19.790 2 DESIRED 0. 0.31 0. 0. 0. 655. 0. 15.
19.841 2 DOWNLINK_STATUS 0 20 8972 435 0 421. 20. 38.38
19.883 2 WP_MOVED 6 348665. 5945815. 660. 12
19.941 2 GPS 0 1130805120 0 0 -17000 0 0 0 42500 12 10
19.944 2 SVINFO 10 20 16 1 0 -91 0
19.981 2 ESTIMATOR 0. 0.
20.089 2 NAVIGATION 0 1 10959186. -5945715. 0. 1.55455284314e+14 0 0
20.092 2 ATTITUDE -2.899275 2.143338 0.132066
20.190 2 CALIBRATION 0. 0
20.195 2 GPS 0 1130805120 0 0 -17000 0 0 0 42750 12 11
20.198 2 SVINFO 11 21 16 1 0 -91 0
20.372 2 PONG 
20.392 2 GPS_SOL 649561472 100000 9999 0
20.395 2 WP_MOVED 7 349065. 5946015. 660. 12
20.441 2 GPS 0 1130805120 0 0 -17000 0 0 0 43000 12 12
20.444 2 SVINFO 12 25 16 1 0 -91 0
20.493 2 ENERGY 16.299999 0. 0 0.
20.495 2 DL_VALUE 28 0.
20.498 2 IMU_GYRO -0.064697 0.230713 0.013672
20.500 2 ESTIMATOR 0. 0.
20.588 2 BAT 0 163 0 0 0 43 0 0
20.591 2 ATTITUDE -2.946516 2.130978 0.125791
20.692 2 GPS 0 1130805120 0 0 -17000 0 0 0 43250 12 13
20.694 2 SVINFO 13 26 16 1 0 -91 0
20.840 2 DESIRED 0. 0.31 0. 0. 0. 655. 0. 15.
20.841 2 DOWNLINK_STATUS 0 21 9432 458 0 460. 23. 37.58
20.883 2 WP_MOVED 0 348907. 5945757. 660. 12
20.941 2 GPS 0 1130805120 0 0 -17000 0 0 0 43500 12 14
20.943 2 SVINFO 14 27 16 1 0 -91 0
20.981 2 ESTIMATOR 0. 0.
21.089 2 NAVIGATION 0 1 10959186. -5945715. 0. 1.55455284314e+14 0 0
21.092 2 ATTITUDE -3.067696 2.126171 0.111225
21.191 2 GPS 0 1130805120 0 0 -17000 0 0 0 43750 12 15
21.193 2 SVINFO 15 28 16 1 0 -91 0
21.383 2 WP_MOVED 1 348865. 5945715. 660. 12
21.441 2 GPS 0 1130805120 0 0 -17000 0 0 0 44000 12 16
21.444 2 SVINFO 0 12 16 1 0 -91 0
21.464 2 FBW_STATUS 2 0 1 163 0
21.481 2 ESTIMATOR 0. 0.
21.586 2 IMU_GYRO -0.063721 0.301025 -0.028564
21.589 2 ATTITUDE 3.097002 2.13046 0.094629
21.694 2 BAT 0 163 0 0 0 44 0 0
21.699 2 GPS 0 1130805120 0 0 -17000 0 0 0 44250 12 1
21.702 2 SVINFO 1 13 16 1 0 -91 0
21.841 2 DOWNLINK_STATUS 0 22 9804 476 0 372. 18. 37.58
21.895 2 DESIRED 0. 0.31 0. 0. 0. 655. 0. 15.
21.898 2 WP_MOVED 2 348895. 5945815. 660. 12
21.942 2 GPS 0 1130805120 0 0 -17000 0 0 0 44500 12 2
21.943 2 SVINFO 2 14 16 1 0 -91 0
21.983 2 DL_VALUE 29 100.
21.985 2 ESTIMATOR 0. 0.
22.090 2 NAVIGATION 0 1 10959186. -5945715. 0. 1.55455284314e+14 0 0
22.092 2 ATTITUDE 2.988346 2.126631 0.083313
22.191 2 GPS 0 1130805120 0 0 -17000 0 0 0 44750 12 3
22.193 2 SVINFO 3 15 16 1 0 -91 0
22.266 2 ACTUATORS |1000,1500,1358,2000,2000,1500|
22.285 2 NAVIGATION_REF 348865 5945715 12 605.
22.287 2 CALIBRATION 0. 0
22.366 2 COMMANDS |0,-9600,2745,0,0,0|
22.386 2 GPS_SOL 649565568 100000 9999 0
22.389 2 WP_MOVED 3 348965.09375 5945786. 660. 12
22.441 2 GPS 0 1130805120 0 0 -17000 0 0 0 45000 12 4
22.443 2 SVINFO 4 16 0 1 0 -91 0
22.481 2 ESTIMATOR 0. 0.
22.583 2 STATE_FILTER_STATUS 3 0
22.586 2 ATTITUDE 2.915308 2.13892 0.075823
22.692 2 IMU_GYRO -0.052002 0.125488 -0.043457
22.698 2 GPS 0 1130805120 0 0 -17000 0 0 0 45250 12 5
22.700 2 SVINFO 5 17 16 1 0 -91 0
22.785 2 PPRZ_MODE 2 0 0 0 0 6
22.788 2 BAT 0 163 0 0 0 45 0 0
22.841 2 DOWNLINK_STATUS 0 23 10316 502 0 512. 26. 37.58
22.889 2 ALIVE |94,78,39,207,100,88,170,190,249,202,84,59,164,102,112,46|
22.892 2 WP_MOVED 4 348764.6875 5945795. 660. 12
22.950 2 DESIRED 0. 0.3 0. 0. 0. 655. 0. 15.
22.956 2 GPS 0 1130805120 0 0 -17000 0 0 0 45500 12 6
22.958 2 SVINFO 6 18 16 1 0 -91 0
22.986 2 ENERGY 16.299999 0. 0 0.
22.989 2 ESTIMATOR 0. 0.
23.089 2 NAVIGATION 0 1 10959186. -5945715. 0. 1.55455284314e+14 0 0
23.093 2 ATTITUDE 2.946245 2.144375 0.069484
23.191 2 GPS 0 1130805120 0 0 -17000 0 0 0 45750 12 7
23.194 2 SVINFO 7 19 16 1 0 -91 0
23.280 2 DOWNLINK 0 454 1008
23.384 2 WP_MOVED 5 348740. 5945760. 660. 12
23.414 2 WIND_INFO 2 42 0. 0. 0.
23.476 2 GPS 0 1130805120 0 0 -17000 0 0 0 46000 12 8
23.477 2 SVINFO 8 20 16 1 0 -91 0
23.521 2 FBW_STATUS 2 0 1 163 0
23.538 2 DL_VALUE 30 0.
23.540 2 ESTIMATOR 0. 0.
23.582 2 ATTITUDE 3.024414 2.153201 0.065392
23.692 2 GPS 0 1130805120 0 0 -17000 0 0 0 46250 12 9
23.693 2 SVINFO 9 21 16 1 0 -91 0
23.782 2 IMU_GYRO -0.032959 -0.071289 -0.130859
23.842 2 DOWNLINK_STATUS 0 24 10770 524 0 454. 22. 37.58
23.887 2 BAT 0 163 0 0 0 46 0 0
23.891 2 WP_MOVED 6 348665. 5945815. 660. 12
23.942 2 GPS 0 1130805120 0 0 -17000 0 0 0 46500 12 10
23.943 2 SVINFO 10 25 16 1 0 -91 0
23.993 2 DESIRED 0. 0.32 0. 0. 0. 655. 0. 15.
23.995 2 ESTIMATOR 0. 0.
24.089 2 NAVIGATION 0 1 10959186. -5945715. 0. 1.55455284314e+14 0 0
24.092 2 ATTITUDE 3.070513 2.146122 0.139995
24.191 2 GPS 0 1130805120 0 0 -17000 0 0 0 46750 12 11
24.193 2 SVINFO 11 26 16 1 0 -91 0
24.388 2 CALIBRATION 0. 0
24.391 2 GPS_SOL 649569792 100000 9999 0
24.394 2 WP_MOVED 7 349065. 5946015. 660. 12
24.441 2 GPS 0 1130805120 0 0 -17000 0 0 0 47000 12 12
24.444 2 SVINFO 12 27 16 1 0 -91 0
24.481 2 ESTIMATOR 0. 0.
24.583 2 ATTITUDE 3.097864 2.157717 0.241617
24.691 2 GPS 0 1130805120 0 0 -17000 0 0 0 47250 12 13
24.694 2 SVINFO 13 28 16 1 0 -91 0
24.842 2 DOWNLINK_STATUS 0 25 11175 543 0 405. 19. 37.58
24.886 2 IMU_GYRO 0.007324 0.003174 -0.102051
24.890 2 WP_MOVED 0 348907. 5945757. 660. 12
24.941 2 GPS 0 1130805120 0 0 -17000 0 0 0 47500 12 14
24.943 2 SVINFO 14 29 16 1 0 -91 0
24.986 2 DL_VALUE 31 2.
24.990 2 BAT 0 163 0 0 0 47 0 0
24.992 2 ESTIMATOR 0. 0.
25.040 2 DESIRED 0. 0.32 0. 0. 0. 655. 0. 15.
25.089 2 NAVIGATION 0 1 10959186. -5945715. 0. 1.55455284314e+14 0 0
25.092 2 ATTITUDE 3.117211 2.168042 0.265535
25.191 2 GPS 0 1130805120 0 0 -17000 0 0 0 47750 12 15
25.193 2 SVINFO 15 30 16 1 0 -91 0
25.372 2 PONG 
25.391 2 WP_MOVED 1 348865. 5945715. 660. 12
25.441 2 GPS 0 1130805120 0 0 -17000 0 0 0 48000 12 16
25.443 2 SVINFO 0 12 16 1 0 -91 0
25.464 2 FBW_STATUS 2 0 1 163 0
25.486 2 ENERGY 16.299999 0. 0 0.
25.488 2 ESTIMATOR 0. 0.
25.582 2 ATTITUDE 3.11501 2.163039 0.255811
25.692 2 GPS 0 1130805120 0 0 -17000 0 0 0 48250 12 1
25.693 2 SVINFO 1 13 16 1 0 -91 0
25.842 2 DOWNLINK_STATUS 0 26 11622 565 0 447. 22. 37.58
25.883 2 WP_MOVED 2 348895. 5945815. 660. 12
25.941 2 GPS 0 1130805120 0 0 -17000 0 0 0 48500 12 2
25.944 2 SVINFO 2 14 16 2 25 -91 0
25.986 2 IMU_GYRO -0.046631 0.052979 0.041504
25.988 2 ESTIMATOR 0. 0.
26.101 2 BAT 0 163 0 0 0 48 0 0
26.108 2 DESIRED 0. 0.32 0. 0. 0. 655. 0. 15.
26.112 2 NAVIGATION 0 1 10959186. -5945715. 0. 1.55455284314e+14 0 0
26.115 2 ATTITUDE 3.106206 2.159255 0.228141
26.192 2 GPS 0 1130805120 0 0 -17000 0 0 0 48750 12 3
26.193 2 SVINFO 3 16 0 1 0 -91 0
26.386 2 GPS_SOL 649574208 100000 9999 0
26.389 2 WP_MOVED 3 348965.09375 5945786. 660. 12
26.441 2 GPS 0 1130805120 0 0 -17000 0 0 0 49000 12 4
26.443 2 SVINFO 4 18 16 1 0 -91 0
26.484 2 CALIBRATION 0. 0
26.486 2 DL_VALUE 32 0.
26.489 2 ESTIMATOR 0. 0.
26.582 2 ATTITUDE 3.086614 2.141938 0.14095
26.691 2 GPS 0 1130805120 0 0 -17000 0 0 0 49250 12 5
26.693 2 SVINFO 5 19 16 1 0 -91 0
26.843 2 DOWNLINK_STATUS 0 27 12056 586 0 434. 21. 37.58
26.883 2 WP_MOVED 4 348764.6875 5945795. 660. 12
26.941 2 GPS 0 1130805120 0 0 -17000 0 0 0 49500 12 6
26.943 2 SVINFO 6 20 16 1 0 -91 0
26.981 2 ESTIMATOR 0. 0.
27.092 2 IMU_GYRO -0.077637 0.051025 0.114746
27.096 2 NAVIGATION 0 1 10959186. -5945715. 0. 1.55455284314e+14 0 0
27.099 2 ATTITUDE 3.073642 2.130367 0.067877
27.140 2 DESIRED 0. 0.32 0. 0. 0. 655. 0. 15.
27.194 2 BAT 0 163 0 0 0 49 0 0
27.202 2 GPS 0 1130805120 0 0 -17000 0 0 0 49750 12 7
27.202 2 SVINFO 7 22 16 1 0 -91 0
27.266 2 ACTUATORS |1000,1500,1327,2000,2000,1500|
27.365 2 COMMANDS |0,-9600,3433,0,0,0|
27.383 2 WP_MOVED 5 348740. 5945760. 660. 12
27.440 2 GPS 0 1130805120 0 0 -17000 0 0 0 50000 12 8
27.443 2 SVINFO 8 25 16 1 0 -91 0
27.463 2 FBW_STATUS 2 0 1 163 0
27.480 2 ESTIMATOR 0. 0.
27.582 2 STATE_FILTER_STATUS 3 0
27.585 2 ATTITUDE 3.064153 2.126898 0.021576
27.694 2 GPS 0 1130805120 0 0 -17000 0 0 0 50250 12 9
27.694 2 SVINFO 9 26 16 1 0 -91 0
27.779 2 PPRZ_MODE 2 0 0 0 0 6
27.844 2 DOWNLINK_STATUS 0 28 12525 609 0 469. 23. 37.58
27.888 2 ALIVE |94,78,39,207,100,88,170,190,249,202,84,59,164,102,112,46|
27.892 2 WP_MOVED 6 348665. 5945815. 660. 12
27.941 2 GPS 0 1130805120 0 0 -17000 0 0 0 50500 12 10
27.943 2 SVINFO 10 27 16 1 0 -91 0
27.988 2 ENERGY 16.299999 0. 0 0.
27.990 2 DL_VALUE 33 0.
27.992 2 ESTIMATOR 0. 0.
28.089 2 NAVIGATION 0 1 10959186. -5945715. 0. 1.55455284314e+14 0 0
28.092 2 ATTITUDE 3.058449 2.121267 -0.004829
28.200 2 IMU_GYRO -0.051025 0.019043 0.003174
28.207 2 DESIRED 0. 0.32 0. 0. 0. 655. 0. 15.
28.212 2 GPS 0 1130805120 0 0 -17000 0 0 0 50750 12 11
28.215 2 SVINFO 11 28 16 1 0 -91 0
28.283 2 BAT 0 163 0 0 0 51 0 0
28.388 2 DOWNLINK 0 442 1118
28.391 2 GPS_SOL 649578880 100000 9999 0
28.394 2 WP_MOVED 7 349065. 5946015. 660. 12
28.441 2 GPS 0 1130805120 0 0 -17000 0 0 0 51000 12 12
28.443 2 SVINFO 12 29 16 1 0 -91 0
28.481 2 ESTIMATOR 0. 0.
28.583 2 CALIBRATION 0. 0
28.587 2 ATTITUDE 3.053442 2.115793 -0.037123
28.693 2 GPS 0 1130805120 0 0 -17000 0 0 0 51250 12 13
28.693 2 SVINFO 13 30 16 1 0 -91 0
28.844 2 DOWNLINK_STATUS 0 29 13013 633 0 488. 24. 37.58
28.882 2 WP_MOVED 0 348907. 5945757. 660. 12
28.940 2 GPS 0 1130805120 0 0 -17000 0 0 0 51500 12 14
28.943 2 SVINFO 14 31 16 1 0 -91 0
28.980 2 ESTIMATOR 0. 0.
29.089 2 NAVIGATION 0 1 10959186. -5945715. 0. 1.55455284314e+14 0 0
29.092 2 ATTITUDE 3.052646 2.116908 -0.04332
29.195 2 GPS 0 1130805120 0 0 -17000 0 0 0 51750 12 15
29.195 2 SVINFO 15 32 16 1 0 -91 0
29.240 2 DESIRED 0. 0.32 0. 0. 0. 655. 0. 15.
29.282 2 IMU_GYRO 0. -0.000977 -0.178711
29.387 2 BAT 0 163 0 0 0 52 0 0
29.391 2 WP_MOVED 1 348865. 5945715. 660. 12
29.441 2 GPS 0 1130805120 0 0 -17000 0 0 0 52000 12 16
29.443 2 SVINFO 0 14 16 1 0 -91 0
29.464 2 FBW_STATUS 2 0 1 163 0
29.482 2 DL_VALUE 34 0.
29.485 2 ESTIMATOR 0. 0.
29.582 2 ATTITUDE 3.058881 2.127593 0.025809
29.694 2 GPS 0 1130805120 0 0 -17000 0 0 0 52250 12 1
29.695 2 SVINFO 1 15 16 1 0 -91 0
29.845 2 DOWNLINK_STATUS 0 30 13434 653 0 421. 20. 37.58
29.883 2 WP_MOVED 2 348895. 5945815. 660. 12
29.941 2 GPS 0 1130805120 0 0 -17000 0 0 0 52500 12 2
29.943 2 SVINFO 2 16 0 1 0 -91 0
29.980 2 ESTIMATOR 0. 0.
30.088 2 NAVIGATION 0 1 10959186. -5945715. 0. 1.55455284314e+14 0 0
30.092 2 ATTITUDE 3.062454 2.133762 0.067497
30.195 2 GPS 0 1130805120 0 0 -17000 0 0 0 52750 12 3
30.195 2 SVINFO 3 18 16 1 0 -91 0
30.289 2 DESIRED 0. 0.32 0. 0. 0. 655. 0. 15.
30.373 2 PONG 
30.393 2 GPS_SOL 649583616 100000 9999 0
30.396 2 IMU_GYRO -0.175537 0.045654 -0.089355
30.399 2 WP_MOVED 3 348965.09375 5945786. 660. 12
30.441 2 GPS 0 1130805120 0 0 -17000 0 0 0 53000 12 4
30.443 2 SVINFO 4 19 16 1 0 -91 0
30.490 2 ENERGY 16.299999 0. 0 0.
30.493 2 BAT 0 163 0 0 0 53 0 0
30.496 2 ESTIMATOR 0. 0.
30.582 2 ATTITUDE 3.065151 2.072202 0.079914
30.689 2 CALIBRATION 0. 0
30.696 2 GPS 0 1130805120 0 0 -17000 0 0 0 53250 12 5
30.697 2 SVINFO 5 20 16 1 0 -91 0
30.845 2 DOWNLINK_STATUS 0 31 13883 675 0 449. 22. 38.39
30.883 2 WP_MOVED 4 348764.6875 5945795. 660. 12
30.941 2 GPS 0 1130805120 0 0 -17000 0 0 0 53500 12 6
30.943 2 SVINFO 6 21 16 1 0 -91 0
30.983 2 DL_VALUE 35 0.
30.985 2 ESTIMATOR 0. 0.
31.089 2 NAVIGATION 0 1 10959186. -5945715. 0. 1.55455284314e+14 0 0
31.091 2 ATTITUDE 3.063606 1.895231 0.093406
31.190 2 GPS 0 1130805120 0 0 -17000 0 0 0 53750 12 7
31.198 2 SVINFO 7 22 16 1 0 -91 0
31.282 2 NAVIGATION_REF 348865 5945715 12 605.
31.340 2 DESIRED 0. 0.32 0. 0. 0. 655. 0. 15.
31.382 2 WP_MOVED 5 348740. 5945760. 660. 12
31.440 2 GPS 0 1130805120 0 0 -17000 0 0 0 54000 12 8
31.443 2 SVINFO 8 25 16 1 0 -91 0
31.463 2 FBW_STATUS 2 0 1 163 0
31.484 2 IMU_GYRO -0.253174 0.030762 -0.067871
31.487 2 ESTIMATOR 0. 0.
31.587 2 BAT 0 163 0 0 0 54 0 0
31.590 2 ATTITUDE 3.037945 1.73332 0.097754
31.691 2 GPS 0 1130805120 0 0 -17000 0 0 0 54250 12 9
31.699 2 SVINFO 9 26 16 1 0 -91 0
31.847 2 DOWNLINK_STATUS 0 32 14323 696 0 440. 21. 38.39
31.883 2 WP_MOVED 6 348665. 5945815. 660. 12
31.941 2 GPS 0 1130805120 0 0 -17000 0 0 0 54500 12 10
31.943 2 SVINFO 10 27 16 1 0 -91 0
31.980 2 ESTIMATOR 0. 0.
32.089 2 NAVIGATION 0 1 10959186. -5945715. 0. 1.55455284314e+14 0 0
32.092 2 ATTITUDE 3.067078 1.658136 0.109956
32.191 2 GPS 0 1130805120 0 0 -17000 0 0 0 54750 12 11
32.197 2 SVINFO 11 28 16 1 0 -91 0
32.266 2 ACTUATORS |1000,1500,1368,2000,2000,1500|
32.365 2 COMMANDS |0,-9600,2604,0,0,0|
32.393 2 GPS_SOL 649588608 100000 9999 0
32.401 2 DESIRED 0. 0.32 0. 0. 0. 655. 0. 15.
32.403 2 WP_MOVED 7 349065. 5946015. 660. 12
32.440 2 GPS 0 1130805120 0 0 -17000 0 0 0 55000 12 12
32.443 2 SVINFO 12 29 16 1 0 -91 0
32.482 2 DL_VALUE 36 0.
32.484 2 ESTIMATOR 0. 0.
32.585 2 STATE_FILTER_STATUS 3 0
32.589 2 IMU_GYRO 0.09668 -0.048828 -0.05835
32.592 2 ATTITUDE 3.073482 1.65309 0.098183
32.700 2 BAT 0 163 0 0 0 55 0 0
32.700 2 GPS 0 1130805120 0 0 -17000 0 0 0 55250 12 13
32.701 2 SVINFO 13 30 16 1 0 -91 0
32.782 2 PPRZ_MODE 2 0 0 0 0 6
32.783 2 CALIBRATION 0. 0
32.847 2 DOWNLINK_STATUS 0 33 14816 721 0 493. 25. 38.39
32.888 2 ALIVE |94,78,39,207,100,88,170,190,249,202,84,59,164,102,112,46|
32.891 2 WP_MOVED 0 348907. 5945757. 660. 12
32.940 2 GPS 0 1130805120 0 0 -17000 0 0 0 55500 12 14
32.943 2 SVINFO 14 31 16 1 0 -91 0
32.985 2 ENERGY 16.299999 0. 0 0.
32.988 2 ESTIMATOR 0. 0.
33.089 2 NAVIGATION 0 1 10959186. -5945715. 0. 1.55455284314e+14 0 0
33.092 2 ATTITUDE 3.093065 1.713461 0.090101
33.191 2 GPS 0 1130805120 0 0 -17000 0 0 0 55750 12 15
33.193 2 SVINFO 15 32 16 1 0 -91 0
33.383 2 WP_MOVED 1 348865. 5945715. 660. 12
33.414 2 WIND_INFO 2 42 0. 0. 0.
33.462 2 DESIRED 0. 0.32 0. 0. 0. 655. 0. 15.
33.468 2 GPS 0 1130805120 0 0 -17000 0 0 0 56000 12 16
33.470 2 SVINFO 0 14 16 1 0 -91 0
33.474 2 FBW_STATUS 2 0 1 163 0
33.489 2 DOWNLINK 0 455 1231
33.492 2 ESTIMATOR 0. 0.
33.582 2 ATTITUDE 3.098371 1.758997 0.076638
33.692 2 IMU_GYRO 0.008301 0.02002 -0.044678
33.699 2 GPS 0 1130805120 0 0 -17000 0 0 0 56250 12 1
33.700 2 SVINFO 1 15 16 1 0 -91 0
33.782 2 BAT 0 163 0 0 0 56 0 0
33.848 2 DOWNLINK_STATUS 0 34 15280 743 0 464. 22. 38.39
33.882 2 WP_MOVED 2 348895. 5945815. 660. 12
33.940 2 GPS 0 1130805120 0 0 -17000 0 0 0 56500 12 2
33.943 2 SVINFO 2 16 0 1 0 -91 0
33.982 2 DL_VALUE 37 200.
33.984 2 ESTIMATOR 0. 0.
34.088 2 NAVIGATION 0 1 10959186. -5945715. 0. 1.55455284314e+14 0 0
34.092 2 ATTITUDE 3.093117 1.779387 0.075408
34.190 2 GPS 0 1130805120 0 0 -17000 0 0 0 56750 12 3
34.193 2 SVINFO 3 17 16 2 24 -91 0
34.386 2 GPS_SOL 649593728 100000 9999 0
34.389 2 WP_MOVED 3 348965.09375 5945786. 660. 12
34.441 2 GPS 0 1130805120 0 0 -17000 0 0 0 57000 12 4
34.443 2 SVINFO 4 19 16 1 0 -91 0
34.493 2 DESIRED 0. 0.32 0. 0. 0. 655. 0. 15.
34.495 2 ESTIMATOR 0. 0.
34.582 2 ATTITUDE 3.089543 1.804953 0.072515
34.691 2 GPS 0 1130805120 0 0 -17000 0 0 0 57250 12 5
34.693 2 SVINFO 5 20 16 1 0 -91 0
34.782 2 IMU_GYRO 0.060547 0.010498 -0.054199
34.848 2 DOWNLINK_STATUS 0 35 15682 762 0 402. 19. 38.39
34.887 2 CALIBRATION 0. 0
34.891 2 BAT 0 163 0 0 0 57 0 0
34.895 2 WP_MOVED 4 348764.6875 5945795. 660. 12
34.941 2 GPS 0 1130805120 0 0 -17000 0 0 0 57500 12 6
34.942 2 SVINFO 6 21 16 1 0 -91 0
34.979 2 ESTIMATOR 0. 0.
35.088 2 NAVIGATION 0 1 10959186. -5945715. 0. 1.55455284314e+14 0 0
35.091 2 ATTITUDE 3.093765 1.843727 0.076174
35.190 2 GPS 0 1130805120 0 0 -17000 0 0 0 57750 12 7
35.193 2 SVINFO 7 22 16 1 0 -91 0
35.373 2 PONG 
35.392 2 WP_MOVED 5 348740. 5945760. 660. 12
35.440 2 GPS 0 1130805120 0 0 -17000 0 0 0 58000 12 8
35.443 2 SVINFO 8 25 16 1 0 -91 0
35.463 2 FBW_STATUS 2 0 1 163 0
35.488 2 ENERGY 16.299999 0. 0 0.
35.490 2 DL_VALUE 38 0.1
35.492 2 ESTIMATOR 0. 0.
35.539 2 DESIRED 0. 0.32 0. 0. 0. 655. 0. 15.
35.582 2 ATTITUDE 3.103439 1.856602 0.063806
35.690 2 GPS 0 1130805120 0 0 -17000 0 0 0 58250 12 9
35.693 2 SVINFO 9 26 16 1 0 -91 0
35.848 2 DOWNLINK_STATUS 0 36 16122 784 0 440. 22. 37.66
35.886 2 IMU_GYRO -0.023193 0.013672 -0.049805
35.889 2 WP_MOVED 6 348665. 5945815. 660. 12
35.940 2 GPS 0 1130805120 0 0 -17000 0 0 0 58500 12 10
35.943 2 SVINFO 10 27 16 1 0 -91 0
35.986 2 BAT 0 163 0 0 0 58 0 0
35.989 2 ESTIMATOR 0. 0.
36.089 2 NAVIGATION 0 1 10959186. -5945715. 0. 1.55455284314e+14 0 0
36.092 2 ATTITUDE 3.103674 1.856301 0.063983
36.191 2 GPS 0 1130805120 0 0 -17000 0 0 0 58750 12 11
36.192 2 SVINFO 11 28 16 1 0 -91 0
36.385 2 GPS_SOL 649599104 100000 9999 0
36.388 2 WP_MOVED 7 349065. 5946015. 660. 12
36.440 2 GPS 0 1130805120 0 0 -17000 0 0 0 59000 12 12
36.442 2 SVINFO 12 29 16 1 0 -91 0
36.480 2 ESTIMATOR 0. 0.
36.594 2 DESIRED 0. 0.32 0. 0. 0. 655. 0. 15.
36.609 2 ATTITUDE 3.115848 1.861599 0.059003
36.690 2 GPS 0 1130805120 0 0 -17000 0 0 0 59250 12 13
36.692 2 SVINFO 13 30 16 1 0 -91 0
36.849 2 DOWNLINK_STATUS 0 37 16534 803 0 412. 19. 37.66
36.882 2 WP_MOVED 0 348907. 5945757. 660. 12
36.940 2 GPS 0 1130805120 0 0 -17000 0 0 0 59500 12 14
36.943 2 SVINFO 14 31 16 1 0 -91 0
36.988 2 CALIBRATION 0. 0
36.990 2 DL_VALUE 39 0.
36.993 2 IMU_GYRO -0.022217 0.00415 -0.048828
36.996 2 ESTIMATOR 0. 0.
37.092 2 BAT 0 163 0 0 0 59 0 0
37.097 2 NAVIGATION 0 1 10959186. -5945715. 0. 1.55455284314e+14 0 0
37.100 2 ATTITUDE 3.111897 1.865356 0.062885
37.191 2 GPS 0 1130805120 0 0 -17000 0 0 0 59750 12 15
37.193 2 SVINFO 15 32 16 1 0 -91 0
37.265 2 ACTUATORS |1000,1500,1337,2000,2000,1500|
37.366 2 COMMANDS |0,-9600,3144,0,0,0|
37.383 2 WP_MOVED 1 348865. 5945715. 660. 12
37.441 2 GPS 0 1130805120 0 0 -17000 0 0 0 60000 12 16
37.442 2 SVINFO 0 2 16 1 0 -91 0
37.464 2 FBW_STATUS 2 0 1 163 0
37.480 2 ESTIMATOR 0. 0.
37.581 2 STATE_FILTER_STATUS 3 0
37.586 2 ATTITUDE 3.119328 1.867563 0.064259
37.640 2 DESIRED 0. 0.32 0. 0. 0. 655. 0. 15.
37.690 2 GPS 0 1130805120 0 0 -17000 0 0 0 60250 12 1
37.692 2 SVINFO 1 14 16 1 0 -91 0
37.779 2 PPRZ_MODE 2 0 0 0 0 6
37.849 2 DOWNLINK_STATUS 0 38 17025 828 0 491. 25. 37.66
37.887 2 ALIVE |94,78,39,207,100,88,170,190,249,202,84,59,164,102,112,46|
37.891 2 WP_MOVED 2 348895. 5945815. 660. 12
37.940 2 GPS 0 1130805120 0 0 -17000 0 0 0 60500 12 2
37.943 2 SVINFO 2 17 16 1 0 -91 0
37.985 2 ENERGY 16.299999 0. 0 0.
37.987 2 ESTIMATOR 0. 0.
38.091 2 IMU_GYRO -0.025391 0.027588 -0.063721
38.095 2 NAVIGATION 0 1 10959186. -5945715. 0. 1.55455284314e+14 0 0
38.098 2 ATTITUDE 3.118697 1.866969 0.066005
38.193 2 BAT 0 163 0 0 0 60 0 0
38.198 2 GPS 0 1130805120 0 0 -17000 0 0 0 60750 12 3
38.205 2 SVINFO 3 18 16 1 0 -91 0
38.385 2 GPS_SOL 649604608 100000 9999 0
38.389 2 WP_MOVED 3 348965.09375 5945786. 660. 12
38.440 2 GPS 0 1130805120 0 0 -17000 0 0 0 61000 12 4
38.443 2 SVINFO 4 19 16 1 0 -91 0
38.482 2 DL_VALUE 40 0.
38.484 2 ESTIMATOR 0. 0.
38.583 2 DOWNLINK 0 438 1341
38.586 2 ATTITUDE 3.113131 1.869585 0.069988
38.700 2 DESIRED 0. 0.32 0. 0. 0. 655. 0. 15.
38.706 2 GPS 0 1130805120 0 0 -17000 0 0 0 61250 12 5
38.708 2 SVINFO 5 20 16 1 0 -91 0
38.849 2 DOWNLINK_STATUS 0 39 17502 851 0 477. 23. 37.66
38.882 2 WP_MOVED 4 348764.6875 5945795. 660. 12
38.940 2 GPS 0 1130805120 0 0 -17000 0 0 0 61500 12 6
38.942 2 SVINFO 6 21 16 1 0 -91 0
38.980 2 ESTIMATOR 0. 0.
39.088 2 CALIBRATION 0. 0
39.092 2 NAVIGATION 0 1 10959186. -5945715. 0. 1.55455284314e+14 0 0
39.098 2 ATTITUDE 3.118236 1.87258 0.070447
39.191 2 IMU_GYRO -0.032959 0.015869 -0.043457
39.197 2 GPS 0 1130805120 0 0 -17000 0 0 0 61750 12 7
39.199 2 SVINFO 7 22 16 1 0 -91 0
39.282 2 BAT 0 163 0 0 0 62 0 0
39.382 2 WP_MOVED 5 348740. 5945760. 660. 12
39.440 2 GPS 0 1130805120 0 0 -17000 0 0 0 62000 12 8
39.442 2 SVINFO 8 25 16 1 0 -91 0
39.463 2 FBW_STATUS 2 0 1 163 0
39.480 2 ESTIMATOR 0. 0.
39.581 2 ATTITUDE 3.11657 1.876424 0.074702
39.690 2 GPS 0 1130805120 0 0 -17000 0 0 0 62250 12 9
39.693 2 SVINFO 9 26 16 1 0 -91 0
39.739 2 DESIRED 0. 0.32 0. 0. 0. 655. 0. 15.
39.849 2 DOWNLINK_STATUS 0 40 17923 871 0 421. 20. 37.66
39.882 2 WP_MOVED 6 348665. 5945815. 660. 12
39.940 2 GPS 0 1130805120 0 0 -17000 0 0 0 62500 12 10
39.943 2 SVINFO 10 27 16 1 0 -91 0
39.982 2 DL_VALUE 41 1500.
39.984 2 ESTIMATOR 0. 0.
40.089 2 NAVIGATION 0 1 10959186. -5945715. 0. 1.55455284314e+14 0 0
40.091 2 ATTITUDE 3.125999 1.877826 0.070906
40.189 2 GPS 0 1130805120 0 0 -17000 0 0 0 62750 12 11
40.192 2 SVINFO 11 28 16 1 0 -91 0
40.286 2 NAVIGATION_REF 348865 5945715 12 605.
40.289 2 IMU_GYRO -0.04248 0.012695 -0.04248
40.373 2 PONG 
40.393 2 GPS_SOL 649610368 100000 9999 0
40.397 2 BAT 0 163 0 0 0 63 0 0
40.401 2 WP_MOVED 7 349065. 5946015. 660. 12
40.440 2 GPS 0 1130805120 0 0 -17000 0 0 0 63000 12 12
40.442 2 SVINFO 12 29 16 1 0 -91 0
40.485 2 ENERGY 16.299999 0. 0 0.
40.487 2 ESTIMATOR 0. 0.
40.581 2 ATTITUDE 3.12622 1.875911 0.069361
40.690 2 GPS 0 1130805120 0 0 -17000 0 0 0 63250 12 13
40.692 2 SVINFO 13 30 16 1 0 -91 0
40.789 2 DESIRED 0. 0.33 0. 0. 0. 655. 0. 15.
40.850 2 DOWNLINK_STATUS 0 41 18391 894 0 468. 23. 37.69
40.882 2 WP_MOVED 0 348907. 5945757. 660. 12
40.940 2 GPS 0 1130805120 0 0 -17000 0 0 0 63500 12 14
40.943 2 SVINFO 14 31 16 1 0 -91 0
40.980 2 ESTIMATOR 0. 0.
41.088 2 NAVIGATION 0 1 10959186. -5945715. 0. 1.55455284314e+14 0 0
41.092 2 ATTITUDE 3.130066 1.873322 0.076254
41.189 2 CALIBRATION 0. 0
41.195 2 GPS 0 1130805120 0 0 -17000 0 0 0 63750 12 15
41.197 2 SVINFO 15 32 16 1 0 -91 0
41.386 2 IMU_GYRO 0.019043 -0.069092 -0.064697
41.389 2 WP_MOVED 1 348865. 5945715. 660. 12
41.440 2 GPS 0 1130805120 0 0 -17000 0 0 0 64000 12 16
41.442 2 SVINFO 0 2 16 1 0 -91 0
41.463 2 FBW_STATUS 2 0 1 163 0
41.486 2 DL_VALUE 42 0.
41.489 2 BAT 0 163 0 0 0 64 0 0
41.492 2 ESTIMATOR 0. 0.
41.581 2 ATTITUDE -3.131919 1.891688 0.0919
41.690 2 GPS 0 1130805120 0 0 -17000 0 0 0 64250 12 1
41.692 2 SVINFO 1 4 16 1 0 -91 0
41.839 2 DESIRED 0. 0.33 0. 0. 0. 655. 0. 15.
41.850 2 DOWNLINK_STATUS 0 42 18823 915 0 432. 21. 37.69
41.885 2 WP_MOVED 2 348895. 5945815. 660. 12
41.940 2 GPS 0 1130805120 0 0 -17000 0 0 0 64500 12 2
41.942 2 SVINFO 2 5 16 1 0 -91 0
41.979 2 ESTIMATOR 0. 0.
42.088 2 NAVIGATION 0 1 10959186. -5945715. 0. 1.55455284314e+14 0 0
42.091 2 ATTITUDE -3.136256 1.893625 0.091032
42.190 2 GPS 0 1130805120 0 0 -17000 0 0 0 64750 12 3
42.193 2 SVINFO 3 14 16 1 0 -91 0
42.265 2 ACTUATORS |1000,1500,1352,1000,1000,1500|
42.365 2 COMMANDS |0,9600,2853,0,0,0|
42.385 2 GPS_SOL 649616256 100000 9999 0
42.389 2 WP_MOVED 3 348965.09375 5945786. 660. 12
42.440 2 GPS 0 1130805120 0 0 -17000 0 0 0 65000 12 4
42.443 2 SVINFO 4 19 16 1 0 -91 0
42.484 2 IMU_GYRO 0.060547 -0.04248 -0.05835
42.487 2 ESTIMATOR 0. 0.
42.586 2 STATE_FILTER_STATUS 3 0
42.590 2 BAT 0 163 0 0 0 65 0 0
42.593 2 ATTITUDE -3.119601 1.917522 0.088462
42.690 2 GPS 0 1130805120 0 0 -17000 0 0 0 65250 12 5
42.692 2 SVINFO 5 20 16 2 21 -91 0
42.778 2 PPRZ_MODE 2 0 0 0 0 6
42.851 2 DOWNLINK_STATUS 0 43 19256 937 0 433. 22. 37.69
42.895 2 ALIVE |94,78,39,207,100,88,170,190,249,202,84,59,164,102,112,46|
42.902 2 DESIRED 0. 0.32 0. 0. 0. 655. 0. 15.
42.905 2 WP_MOVED 4 348764.6875 5945795. 660. 12
42.940 2 GPS 0 1130805120 0 0 -17000 0 0 0 65500 12 6
42.942 2 SVINFO 6 21 16 1 0 -91 0
42.987 2 ENERGY 16.299999 0. 0 0.
42.989 2 DL_VALUE 0 0.
42.991 2 ESTIMATOR 0. 0.
43.088 2 NAVIGATION 0 1 10959186. -5945715. 0. 1.55455284314e+14 0 0
43.091 2 ATTITUDE 3.13522 1.905268 0.141123
43.190 2 GPS 0 1130805120 0 0 -17000 0 0 0 65750 12 7
43.192 2 SVINFO 7 22 16 1 0 -91 0
43.278 2 CALIBRATION 0. 0
43.382 2 WP_MOVED 5 348740. 5945760. 660. 12
43.414 2 WIND_INFO 2 42 0. 0. 0.
43.440 2 GPS 0 1130805120 0 0 -17000 0 0 0 66000 12 8
43.442 2 SVINFO 8 25 16 1 0 -91 0
43.470 2 FBW_STATUS 2 0 1 163 0
43.486 2 ESTIMATOR 0. 0.
43.585 2 IMU_GYRO 0.278809 0.062744 0.040283
43.588 2 ATTITUDE 3.059546 2.004545 0.129557
43.693 2 DOWNLINK 0 446 1452
43.697 2 BAT 0 163 0 0 0 66 0 0
43.703 2 GPS 0 1130805120 0 0 -17000 0 0 0 66250 12 9
43.705 2 SVINFO 9 26 16 1 0 -91 0
43.851 2 DOWNLINK_STATUS 0 44 19742 961 0 486. 24. 37.69
43.882 2 WP_MOVED 6 348665. 5945815. 660. 12
43.949 2 DESIRED 0. 0.32 0. 0. 0. 655. 0. 15.
43.955 2 GPS 0 1130805120 0 0 -17000 0 0 0 66500 12 10
43.956 2 SVINFO 10 27 16 1 0 -91 0
43.979 2 ESTIMATOR 0. 0.
44.088 2 NAVIGATION 0 1 10959186. -5945715. 0. 1.55455284314e+14 0 0
44.091 2 ATTITUDE -3.030649 1.999957 0.16852
44.189 2 GPS 0 1130805120 0 0 -17000 0 0 0 66750 12 11
44.192 2 SVINFO 11 28 16 1 0 -91 0
44.385 2 GPS_SOL 649622272 100000 9999 0
44.388 2 WP_MOVED 7 349065. 5946015. 660. 12
44.440 2 GPS 0 1130805120 0 0 -17000 0 0 0 67000 12 12
44.442 2 SVINFO 12 29 16 1 0 -91 0
44.481 2 DL_VALUE 1 0.
44.484 2 ESTIMATOR 0. 0.
44.581 2 ATTITUDE -3.086076 1.87166 0.126527
44.691 2 IMU_GYRO -0.700195 -0.046631 -0.21582
44.698 2 GPS 0 1130805120 0 0 -17000 0 0 0 67250 12 13
44.699 2 SVINFO 13 30 16 1 0 -91 0
44.782 2 BAT 0 163 0 0 0 67 0 0
44.851 2 DOWNLINK_STATUS 0 45 20165 981 0 423. 20. 37.69
44.882 2 WP_MOVED 0 348907. 5945757. 660. 12
44.940 2 GPS 0 1130805120 0 0 -17000 0 0 0 67500 12 14
44.942 2 SVINFO 14 31 16 1 0 -91 0
44.992 2 DESIRED 0. 0.32 0. 0. 0. 655. 0. 15.
44.994 2 ESTIMATOR 0. 0.
45.088 2 NAVIGATION 0 1 10959186. -5945715. 0. 1.55455284314e+14 0 0
45.091 2 ATTITUDE -3.087913 1.663664 0.151522
45.190 2 GPS 0 1130805120 0 0 -17000 0 0 0 67750 12 15
45.193 2 SVINFO 15 32 16 1 0 -91 0
45.373 2 PONG 
45.391 2 CALIBRATION 0. 0
45.395 2 WP_MOVED 1 348865. 5945715. 660. 12
45.439 2 GPS 0 1130805120 0 0 -17000 0 0 0 68000 12 16
45.442 2 SVINFO 0 2 16 1 0 -91 0
45.462 2 FBW_STATUS 2 0 1 163 0
45.484 2 ENERGY 16.299999 0. 0 0.
45.487 2 ESTIMATOR 0. 0.
45.581 2 ATTITUDE -3.129027 1.662644 0.147704
45.689 2 GPS 0 1130805120 0 0 -17000 0 0 0 68250 12 1
45.692 2 SVINFO 1 4 16 1 0 -91 0
45.781 2 IMU_GYRO 0.199951 -0.138184 -0.222412
45.852 2 DOWNLINK_STATUS 0 46 20591 1002 0 426. 21. 37.6
45.886 2 BAT 0 163 0 0 0 68 0 0
45.890 2 WP_MOVED 2 348895. 5945815. 660. 12
45.940 2 GPS 0 1130805120 0 0 -17000 0 0 0 68500 12 2
45.942 2 SVINFO 2 5 16 1 0 -91 0
45.981 2 DL_VALUE 2 655.
45.984 2 ESTIMATOR 0. 0.
46.039 2 DESIRED 0. 0.32 0. 0. 0. 655. 0. 15.
46.088 2 NAVIGATION 0 1 10959186. -5945715. 0. 1.55455284314e+14 0 0
46.091 2 ATTITUDE 3.104324 1.684796 0.195042
46.190 2 GPS 0 1130805120 0 0 -17000 0 0 0 68750 12 3
46.192 2 SVINFO 3 6 16 1 0 -91 0
46.385 2 GPS_SOL 649628608 100000 9999 0
46.388 2 WP_MOVED 3 348965.09375 5945786. 660. 12
46.440 2 GPS 0 1130805120 0 0 -17000 0 0 0 69000 12 4
46.442 2 SVINFO 4 14 16 1 0 -91 0
46.480 2 ESTIMATOR 0. 0.
46.581 2 ATTITUDE 3.122105 1.661354 0.144231
46.690 2 GPS 0 1130805120 0 0 -17000 0 0 0 69250 12 5
46.692 2 SVINFO 5 20 16 1 0 -91 0
46.852 2 DOWNLINK_STATUS 0 47 20996 1021 0 405. 19. 37.6
46.885 2 IMU_GYRO 0.039307 -0.049805 0.003174
46.888 2 WP_MOVED 4 348764.6875 5945795. 660. 12
46.939 2 GPS 0 1130805120 0 0 -17000 0 0 0 69500 12 6
46.942 2 SVINFO 6 21 16 1 0 -91 0
46.985 2 BAT 0 163 0 0 0 69 0 0
46.987 2 ESTIMATOR 0. 0.
47.098 2 DESIRED 0. 0.32 0. 0. 0. 655. 0. 15.
47.102 2 NAVIGATION 0 1 10959186. -5945715. 0. 1.55455284314e+14 0 0
47.105 2 ATTITUDE -3.10922 1.711041 0.135865
47.189 2 GPS 0 1130805120 0 0 -17000 0 0 0 69750 12 7
47.192 2 SVINFO 7 22 16 1 0 -91 0
47.264 2 ACTUATORS |1000,1500,1392,1000,1000,1500|
47.364 2 COMMANDS |0,9600,2248,0,0,0|
47.382 2 WP_MOVED 5 348740. 5945760. 660. 12
47.440 2 GPS 0 1130805120 0 0 -17000 0 0 0 70000 12 8
47.442 2 SVINFO 8 25 16 1 0 -91 0
47.463 2 FBW_STATUS 2 0 1 163 0
47.484 2 CALIBRATION 0. 0
47.485 2 DL_VALUE 3 0.
47.488 2 ESTIMATOR 0. 0.
47.581 2 STATE_FILTER_STATUS 3 0
47.584 2 ATTITUDE 3.098628 1.713999 0.13119
47.690 2 GPS 0 1130805120 0 0 -17000 0 0 0 70250 12 9
47.692 2 SVINFO 9 26 16 1 0 -91 0
47.779 2 PPRZ_MODE 2 0 0 0 0 6
47.853 2 DOWNLINK_STATUS 0 48 21487 1046 0 491. 25. 37.6
47.887 2 ALIVE |94,78,39,207,100,88,170,190,249,202,84,59,164,102,112,46|
47.891 2 WP_MOVED 6 348665. 5945815. 660. 12
47.940 2 GPS 0 1130805120 0 0 -17000 0 0 0 70500 12 10
47.942 2 SVINFO 10 27 16 1 0 -91 0
47.989 2 ENERGY 16.299999 0. 0 0.
47.992 2 IMU_GYRO 0.007324 0.05835 -0.086182
47.993 2 ESTIMATOR 0. 0.
48.092 2 BAT 0 163 0 0 0 70 0 0
48.095 2 NAVIGATION 0 1 10959186. -5945715. 0. 1.55455284314e+14 0 0
48.099 2 ATTITUDE 3.104809 1.715269 0.112687
48.140 2 DESIRED 0. 0.32 0. 0. 0. 655. 0. 15.
48.189 2 GPS 0 1130805120 0 0 -17000 0 0 0 70750 12 11
48.192 2 SVINFO 11 28 16 1 0 -91 0
48.385 2 GPS_SOL 649635072 100000 9999 0
48.388 2 WP_MOVED 7 349065. 5946015. 660. 12
48.439 2 GPS 0 1130805120 0 0 -17000 0 0 0 71000 12 12
48.442 2 SVINFO 12 29 16 1 0 -91 0
48.479 2 ESTIMATOR 0. 0.
48.581 2 ATTITUDE 3.104501 1.716484 0.069068
48.689 2 GPS 0 1130805120 0 0 -17000 0 0 0 71250 12 13
48.692 2 SVINFO 13 30 16 1 0 -91 0
48.778 2 DOWNLINK 0 446 1562
48.853 2 DOWNLINK_STATUS 0 49 21953 1068 0 466. 22. 37.6
48.882 2 WP_MOVED 0 348907. 5945757. 660. 12
48.940 2 GPS 0 1130805120 0 0 -17000 0 0 0 71500 12 14
48.942 2 SVINFO 14 31 16 1 0 -91 0
48.981 2 DL_VALUE 4 0.
48.984 2 ESTIMATOR 0. 0.
49.090 2 IMU_GYRO -0.029785 0.009521 -0.033936
49.095 2 NAVIGATION 0 1 10959186. -5945715. 0. 1.55455284314e+14 0 0
49.098 2 ATTITUDE 3.135606 1.719028 0.033033
49.200 2 BAT 0 163 0 0 0 71 0 0
49.207 2 DESIRED 0. 0.33 0. 0. 0. 655. 0. 15.
49.213 2 GPS 0 1130805120 0 0 -17000 0 0 0 71750 12 15
49.220 2 SVINFO 15 32 16 1 0 -91 0
49.282 2 NAVIGATION_REF 348865 5945715 12 605.
49.383 2 WP_MOVED 1 348865. 5945715. 660. 12
49.439 2 GPS 0 1130805120 0 0 -17000 0 0 0 72000 12 16
49.441 2 SVINFO 0 2 16 1 0 -91 0
49.463 2 FBW_STATUS 2 0 1 163 0
49.479 2 ESTIMATOR 0. 0.
49.581 2 CALIBRATION 0. 0
49.584 2 ATTITUDE 3.130033 1.725677 0.020074
49.689 2 GPS 0 1130805120 0 0 -17000 0 0 0 72250 12 1
49.692 2 SVINFO 1 4 16 1 0 -91 0
49.854 2 DOWNLINK_STATUS 0 50 22404 1090 0 451. 22. 37.6
49.881 2 WP_MOVED 2 348895. 5945815. 660. 12
49.939 2 GPS 0 1130805120 0 0 -17000 0 0 0 72500 12 2
49.942 2 SVINFO 2 5 16 1 0 -91 0
49.979 2 ESTIMATOR 0. 0.
50.087 2 NAVIGATION 0 1 10959186. -5945715. 0. 1.55455284314e+14 0 0
50.091 2 ATTITUDE 3.111295 1.743736 0.028362
50.191 2 IMU_GYRO 0.170166 0.15625 -0.144531
50.197 2 GPS 0 1130805120 0 0 -17000 0 0 0 72750 12 3
50.199 2 SVINFO 3 6 16 1 0 -91 0
50.239 2 DESIRED 0. 0.32 0. 0. 0. 655. 0. 15.
50.282 2 BAT 0 163 0 0 0 73 0 0
50.374 2 PONG 
50.393 2 GPS_SOL 649641728 100000 9999 0
50.397 2 WP_MOVED 3 348965.09375 5945786. 660. 12
50.440 2 GPS 0 1130805120 0 0 -17000 0 0 0 73000 12 4
50.442 2 SVINFO 4 7 16 1 0 -91 0
50.487 2 ENERGY 16.299999 0. 0 0.
50.489 2 DL_VALUE 5 0.
50.492 2 ESTIMATOR 0. 0.
50.581 2 ATTITUDE 3.128514 1.81891 0.017898
50.690 2 GPS 0 1130805120 0 0 -17000 0 0 0 73250 12 5
50.691 2 SVINFO 5 8 16 1 0 -91 0
50.854 2 DOWNLINK_STATUS 0 51 22853 1112 0 449. 22. 37.7
50.881 2 WP_MOVED 4 348764.6875 5945795. 660. 12
50.939 2 GPS 0 1130805120 0 0 -17000 0 0 0 73500 12 6
50.941 2 SVINFO 6 14 16 1 0 -91 0
50.979 2 ESTIMATOR 0. 0.
51.087 2 NAVIGATION 0 1 10959186. -5945715. 0. 1.55455284314e+14 0 0
51.090 2 ATTITUDE 3.101746 1.821662 0.035613
51.189 2 GPS 0 1130805120 0 0 -17000 0 0 0 73750 12 7
51.191 2 SVINFO 7 22 16 1 0 -91 0
51.289 2 IMU_GYRO -0.171143 0.127686 -0.131836
51.295 2 DESIRED 0. 0.32 0. 0. 0. 655. 0. 15.
51.386 2 BAT 0 163 0 0 0 74 0 0
51.390 2 WP_MOVED 5 348740. 5945760. 660. 12
51.439 2 GPS 0 1130805120 0 0 -17000 0 0 0 74000 12 8
51.442 2 SVINFO 8 25 16 1 0 -91 0
51.463 2 FBW_STATUS 2 0 1 163 0
51.479 2 ESTIMATOR 0. 0.
51.581 2 ATTITUDE 3.080079 1.764637 0.047763
51.688 2 CALIBRATION 0. 0
51.694 2 GPS 0 1130805120 0 0 -17000 0 0 0 74250 12 9
51.696 2 SVINFO 9 26 16 1 0 -91 0
51.855 2 DOWNLINK_STATUS 0 52 23274 1132 0 421. 20. 37.7
51.882 2 WP_MOVED 6 348665. 5945815. 660. 12
51.940 2 GPS 0 1130805120 0 0 -17000 0 0 0 74500 12 10
51.941 2 SVINFO 10 27 16 1 0 -91 0
51.980 2 DL_VALUE 6 100.
51.983 2 ESTIMATOR 0. 0.
52.088 2 NAVIGATION 0 1 10959186. -5945715. 0. 1.55455284314e+14 0 0
52.090 2 ATTITUDE 3.079742 1.750167 0.045885
52.189 2 GPS 0 1130805120 0 0 -17000 0 0 0 74750 12 11
52.191 2 SVINFO 11 28 16 1 0 -91 0
52.264 2 ACTUATORS |1000,1500,1329,2000,2000,1500|
52.338 2 DESIRED 0. 0.32 0. 0. 0. 655. 0. 15.
52.364 2 COMMANDS |0,-9600,3296,0,0,0|
52.388 2 GPS_SOL 649648512 100000 9999 0
52.391 2 IMU_GYRO -0.034912 0.018066 -0.052002
52.395 2 WP_MOVED 7 349065. 5946015. 660. 12
52.439 2 GPS 0 1130805120 0 0 -17000 0 0 0 75000 12 12
52.442 2 SVINFO 12 29 16 1 0 -91 0
52.485 2 BAT 0 163 0 0 0 75 0 0
52.487 2 ESTIMATOR 0. 0.
52.581 2 STATE_FILTER_STATUS 3 0
52.584 2 ATTITUDE 3.078995 1.74914 0.046048
52.689 2 GPS 0 1130805120 0 0 -17000 0 0 0 75250 12 13
52.692 2 SVINFO 13 30 16 1 0 -91 0
52.778 2 PPRZ_MODE 2 0 0 0 0 6
52.856 2 DOWNLINK_STATUS 0 53 23756 1156 0 482. 24. 37.7
52.890 2 ALIVE |94,78,39,207,100,88,170,190,249,202,84,59,164,102,112,46|
52.891 2 WP_MOVED 0 348907. 5945757. 660. 12
52.939 2 GPS 0 1130805120 0 0 -17000 0 0 0 75500 12 14
52.942 2 SVINFO 14 31 16 1 0 -91 0
52.984 2 ENERGY 16.299999 0. 0 0.
52.987 2 ESTIMATOR 0. 0.
53.088 2 NAVIGATION 0 1 10959186. -5945715. 0. 1.55455284314e+14 0 0
53.091 2 ATTITUDE 3.078347 1.749039 0.046537
53.190 2 GPS 0 1130805120 0 0 -17000 0 0 0 75750 12 15
53.191 2 SVINFO 15 32 16 1 0 -91 0
53.393 2 DESIRED 0. 0.32 0. 0. 0. 655. 0. 15.
53.396 2 WP_MOVED 1 348865. 5945715. 660. 12
53.414 2 WIND_INFO 2 42 0. 0. 0.
53.439 2 GPS 0 1130805120 0 0 -17000 0 0 0 76000 12 16
53.441 2 SVINFO 0 2 16 1 0 -91 0
53.469 2 FBW_STATUS 2 0 1 163 0
53.486 2 DL_VALUE 7 2.
53.489 2 IMU_GYRO -0.027588 0.030762 -0.056396
53.491 2 ESTIMATOR 0. 0.
53.585 2 BAT 0 163 0 0 0 76 0 0
53.588 2 ATTITUDE 3.077569 1.747242 0.046502
53.689 2 GPS 0 1130805120 0 0 -17000 0 0 0 76250 12 1
53.692 2 SVINFO 1 4 16 1 0 -91 0
53.778 2 CALIBRATION 0. 0
53.856 2 DOWNLINK_STATUS 0 54 24231 1179 0 475. 23. 37.7
54.857 2 DOWNLINK_STATUS 0 55 24231 1179 0 0. 0. 37.7
55.858 2 DOWNLINK_STATUS 0 56 24231 1179 0 0. 0. -4963.64
56.859 2 DOWNLINK_STATUS 0 57 24231 1179 0 0. 0. -4963.64
