2.076 1 NAVIGATION 0 2 0. 0. 0. 0. 0 0
2.095 1 ATTITUDE 1.268482 0.799255 -0.02307
2.205 1 ATTITUDE 1.268476 0.799209 -0.023094
2.239 1 GPS 0 0 0 0 0 0 0 0 0 0 1
2.257 1 GPS_SOL 0 0 0 0
2.337 1 ATTITUDE 1.268497 0.799277 -0.023089
2.364 1 NAVIGATION 0 2 0. 0. 0. 0. 0 0
2.383 1 ATTITUDE 1.268515 0.799339 -0.023129
2.434 1 ATTITUDE 1.268479 0.799331 -0.023109
2.561 1 NAVIGATION 0 2 0. 0. 0. 0. 0 0
2.579 1 ATTITUDE 1.268565 0.799385 -0.02316
2.650 1 ATTITUDE 1.268575 0.799417 -0.023194
2.767 1 ATTITUDE 1.268646 0.799451 -0.023256
2.795 1 NAVIGATION 0 2 0. 0. 0. 0. 0 0
2.864 1 ATTITUDE 1.268774 0.799498 -0.023349
2.914 1 DOWNLINK_STATUS 0 3 1072 52 0 345. 17. 0.
2.962 1 ATTITUDE 1.268749 0.799589 -0.023338
3.089 1 FBW_STATUS 2 0 1 69 0
3.116 1 NAVIGATION 0 2 0. 0. 0. 0. 0 0
3.134 1 ATTITUDE 1.268651 0.799571 -0.023232
3.219 1 ATTITUDE 1.268594 0.799582 -0.023203
3.253 1 GPS 0 0 0 0 0 0 0 0 0 0 1
3.352 1 ATTITUDE 1.268562 0.7996 -0.023268
3.364 1 PPRZ_MODE 2 0 0 0 0 6
3.391 1 NAVIGATION 0 2 0. 0. 0. 0. 0 0
3.410 1 ATTITUDE 1.268482 0.799575 -0.023156
3.454 1 ATTITUDE 1.268421 0.799621 -0.023125
3.580 1 NAVIGATION 0 2 0. 0. 0. 0. 0 0
3.598 1 ATTITUDE 1.268416 0.799744 -0.023095
3.668 1 ATTITUDE 1.268639 0.799779 -0.023283
3.787 1 ATTITUDE 1.268862 0.799883 -0.023483
3.814 1 NAVIGATION 0 2 0. 0. 0. 0. 0 0
3.885 1 ATTITUDE 1.268638 0.799869 -0.023324
3.914 1 DOWNLINK_STATUS 0 4 1416 69 0 344. 17. 0.
3.992 1 ATTITUDE 1.268605 0.799885 -0.02337
4.097 1 NAVIGATION 0 2 0. 0. 0. 0. 0 0
4.116 1 ATTITUDE 1.268711 0.799838 -0.023393
4.228 1 ATTITUDE 1.268681 0.79988 -0.023364
4.263 1 GPS 0 0 0 0 0 0 0 0 0 0 1
4.337 1 ATTITUDE 1.268591 0.799875 -0.023315
4.364 1 NAVIGATION 0 2 0. 0. 0. 0. 0 0
4.382 1 ATTITUDE 1.268618 0.799895 -0.023296
4.450 1 ATTITUDE 1.26863 0.79993 -0.023322
4.577 1 NAVIGATION 0 2 0. 0. 0. 0. 0 0
4.595 1 ATTITUDE 1.268557 0.799998 -0.02332
4.666 1 ATTITUDE 1.268516 0.800001 -0.023259
4.784 1 ATTITUDE 1.268482 0.80013 -0.02322
4.811 1 NAVIGATION 0 2 0. 0. 0. 0. 0 0
4.881 1 ATTITUDE 1.268346 0.80011 -0.023158
4.915 1 DOWNLINK_STATUS 0 5 1733 84 0 317. 15. 0.
4.987 1 ATTITUDE 1.268306 0.800191 -0.023162
5.095 1 FBW_STATUS 2 0 1 69 0
5.122 1 NAVIGATION 0 2 0. 0. 0. 0. 0 0
5.141 1 ATTITUDE 1.268322 0.800272 -0.023181
5.245 1 ATTITUDE 1.268329 0.800262 -0.023214
5.279 1 GPS 0 0 0 0 0 0 0 0 0 0 1
5.298 1 ATTITUDE 1.268262 0.800271 -0.023121
5.372 1 NAVIGATION 0 2 0. 0. 0. 0. 0 0
5.391 1 ATTITUDE 1.268183 0.800229 -0.023043
5.460 1 ATTITUDE 1.268121 0.800329 -0.023059
5.916 1 DOWNLINK_STATUS 0 6 1941 94 0 208. 10. -1.39640501601e+12
5.955 1 NAVIGATION 0 2 0. 0. 0. 0. 0 0
5.974 1 ATTITUDE 1.268185 0.800363 -0.023095
6.044 1 ATTITUDE 1.268255 0.80036 -0.023148
6.140 1 ATTITUDE 1.268271 0.800426 -0.023133
6.266 1 NAVIGATION 0 2 0. 0. 0. 0. 0 0
6.285 1 ATTITUDE 1.268311 0.800308 -0.023106
6.356 1 ATTITUDE 1.268296 0.800279 -0.023074
6.466 1 PONG 
6.493 1 NAVIGATION 0 2 0. 0. 0. 0. 0 0
6.511 1 ATTITUDE 1.268276 0.800158 -0.023091
6.614 1 COMMANDS 0,-9600,5297,0,0
6.633 1 ATTITUDE 1.268301 0.800116 -0.023089
6.667 1 GPS 0 0 0 0 0 0 0 0 0 0 1
6.742 1 ACTUATORS 1250,1812,1200,1200,1350
6.761 1 ATTITUDE 1.268308 0.800066 -0.023079
6.831 1 NAVIGATION 0 2 0. 0. 0. 0. 0 0
6.849 1 ATTITUDE 1.268332 0.800169 -0.023013
6.917 1 DOWNLINK_STATUS 0 7 2280 111 0 339. 17. 1052.47
6.941 1 ATTITUDE 1.268344 0.80025 -0.023003
7.067 1 NAVIGATION 0 2 0. 0. 0. 0. 0 0
7.086 1 ATTITUDE 1.268354 0.800249 -0.022994
7.171 1 ATTITUDE 1.26834 0.80027 -0.02301
7.189 1 ATTITUDE 1.268248 0.800263 -0.023003
7.297 1 NAVIGATION 0 2 0. 0. 0. 0. 0 0
7.315 1 ATTITUDE 1.268242 0.800315 -0.023012
7.385 1 ATTITUDE 1.268307 0.800447 -0.023162
7.512 1 FBW_STATUS 2 0 1 69 0
7.539 1 NAVIGATION 0 2 0. 0. 0. 0. 0 0
7.558 1 ATTITUDE 1.268395 0.800428 -0.023207
7.638 1 ATTITUDE 1.268409 0.800463 -0.023251
7.672 1 GPS 0 0 0 0 0 0 0 0 0 0 1
7.756 1 ATTITUDE 1.268379 0.800489 -0.023312
7.783 1 NAVIGATION 0 2 0. 0. 0. 0. 0 0
7.855 1 ATTITUDE 1.26839 0.800518 -0.023285
7.917 1 DOWNLINK_STATUS 0 8 2612 127 0 332. 16. 1052.47
7.961 1 ATTITUDE 1.26839 0.800562 -0.023242
8.076 1 NAVIGATION 0 2 0. 0. 0. 0. 0 0
8.095 1 ATTITUDE 1.268429 0.800513 -0.023212
8.113 1 ATTITUDE 1.268427 0.800545 -0.023253
8.196 1 ATTITUDE 1.268416 0.800629 -0.023258
8.287 1 NAVIGATION 0 2 0. 0. 0. 0. 0 0
8.306 1 ATTITUDE 1.268408 0.800696 -0.023223
8.395 1 ATTITUDE 1.268447 0.800798 -0.023246
8.522 1 NAVIGATION 0 2 0. 0. 0. 0. 0 0
8.540 1 ATTITUDE 1.268414 0.80082 -0.023246
8.636 1 ATTITUDE 1.268469 0.800905 -0.023353
8.671 1 GPS 0 0 0 0 0 0 0 0 0 0 1
8.761 1 ATTITUDE 1.268419 0.800924 -0.023289
8.788 1 NAVIGATION 0 2 0. 0. 0. 0. 0 0
8.849 1 ATTITUDE 1.268474 0.800988 -0.023295
8.918 1 DOWNLINK_STATUS 0 9 2929 142 0 317. 15. 1052.47
8.953 1 ATTITUDE 1.268444 0.801013 -0.023274
9.060 1 NAVIGATION 0 2 0. 0. 0. 0. 0 0
9.079 1 ATTITUDE 1.268453 0.801105 -0.023318
9.097 1 ATTITUDE 1.268502 0.801117 -0.023302
9.188 1 ATTITUDE 1.268512 0.801098 -0.023289
9.284 1 NAVIGATION 0 2 0. 0. 0. 0. 0 0
9.303 1 ATTITUDE 1.268509 0.801178 -0.023264
9.388 1 ATTITUDE 1.268517 0.801212 -0.023298
9.515 1 FBW_STATUS 2 0 1 69 0
9.542 1 NAVIGATION 0 2 0. 0. 0. 0. 0 0
9.561 1 ATTITUDE 1.2685 0.801274 -0.023305
9.642 1 ATTITUDE 1.268474 0.801318 -0.023362
9.676 1 GPS 0 0 0 0 0 0 0 0 0 0 1
9.770 1 ATTITUDE 1.268485 0.801456 -0.023427
9.782 1 PPRZ_MODE 2 0 0 0 0 6
9.809 1 NAVIGATION 0 2 0. 0. 0. 0. 0 0
9.870 1 ATTITUDE 1.26853 0.801547 -0.023438
9.919 1 DOWNLINK_STATUS 0 10 3273 159 0 344. 17. 1052.47
9.973 1 ATTITUDE 1.268654 0.801618 -0.023488
10.084 1 NAVIGATION 0 2 0. 0. 0. 0. 0 0
10.102 1 ATTITUDE 1.277953 0.80401 -0.029186
10.121 1 ATTITUDE 1.274633 0.80367 -0.026877
10.209 1 ATTITUDE 1.2687 0.803235 -0.023643
10.295 1 NAVIGATION 0 2 0. 0. 0. 0. 0 0
10.313 1 ATTITUDE 1.272637 0.803809 -0.026068
10.407 1 ATTITUDE 1.275838 0.802114 -0.028344
10.530 1 NAVIGATION 0 2 0. 0. 0. 0. 0 0
10.549 1 ATTITUDE 1.273818 0.803198 -0.026826
10.920 1 DOWNLINK_STATUS 0 11 3477 169 0 204. 10. -3948.32
10.986 1 ATTITUDE 1.238863 0.802447 -0.007508
11.021 1 GPS 0 0 0 0 0 0 0 0 0 0 1
11.490 1 ATTITUDE 1.212187 0.80611 0.004881
11.517 1 NAVIGATION 0 2 0. 0. 0. 0. 0 0
11.536 1 ATTITUDE 1.186886 0.816721 0.015994
11.810 1 ATTITUDE 1.132814 0.832815 0.022933
11.920 1 DOWNLINK_STATUS 0 12 3608 175 0 131. 6. -3948.32
11.949 1 NAVIGATION 0 2 0. 0. 0. 0. 0 0
11.968 1 ATTITUDE 1.060858 0.851519 0.026081
11.986 1 ATTITUDE 1.051849 0.855865 0.030395
12.058 1 ATTITUDE 1.008095 0.863067 0.033828
12.085 1 NAVIGATION 0 2 0. 0. 0. 0. 0 0
12.170 1 ATTITUDE 0.945234 0.874065 0.038256
12.188 1 ATTITUDE 0.917131 0.879633 0.04049
12.217 1 WIND_INFO 1 42 0. 0. 0.
12.310 1 FBW_STATUS 2 0 1 69 0
12.337 1 NAVIGATION 0 2 0. 0. 0. 0. 0 0
12.356 1 ATTITUDE 0.910701 0.880535 0.043745
12.374 1 COMMANDS 0,-9600,2070,0,0
12.921 1 DOWNLINK_STATUS 0 13 3826 186 0 218. 11. -3948.32
13.194 1 ATTITUDE 0.881779 0.885013 0.045078
13.228 1 GPS 0 0 0 0 0 0 0 0 0 0 1
13.246 1 ACTUATORS 1250,1649,1200,1200,1350
13.265 1 ATTITUDE 0.847383 0.890695 0.04685
13.319 1 NAVIGATION 0 2 0. 0. 0. 0. 0 0
13.338 1 ATTITUDE 0.824679 0.893567 0.0486
13.408 1 ATTITUDE 0.810848 0.895102 0.050208
13.561 1 NAVIGATION 0 2 0. 0. 0. 0. 0 0
13.579 1 ATTITUDE 0.785981 0.897788 0.051403
13.601 1 BAT 0 69 0 0 1 20 0 0
13.711 1 ATTITUDE 0.758498 0.901825 0.051573
13.730 1 ATTITUDE 0.737929 0.904571 0.051814
13.757 1 NAVIGATION 0 2 0. 0. 0. 0. 0 0
13.775 1 ATTITUDE 0.732204 0.904165 0.053157
13.799 1 ALIVE 41,104,77,226,144,103,96,68,133,86,243,163,1,204,72,112
13.806 1 PONG 
13.824 1 ATTITUDE 0.72852 0.903914 0.054569
13.852 1 NAVIGATION 0 2 0. 0. 0. 0. 0 0
13.870 1 ATTITUDE 0.718457 0.905461 0.055369
13.921 1 DOWNLINK_STATUS 0 14 4210 205 0 384. 19. 3391.72
13.966 1 ATTITUDE 0.707115 0.906682 0.056527
14.001 1 GPS 0 0 0 0 0 0 0 0 0 0 1
14.084 1 ATTITUDE 0.693107 0.908955 0.057202
14.112 1 NAVIGATION 0 2 0. 0. 0. 0. 0 0
14.205 1 ATTITUDE 0.664373 0.913526 0.056981
14.215 1 DOWNLINK 0 344 359
14.235 1 ATTITUDE 0.635948 0.918457 0.055684
14.500 1 NAVIGATION 0 2 0. 0. 0. 0. 0 0
14.519 1 ATTITUDE 0.628768 0.9167 0.055884
14.537 1 ATTITUDE 0.602374 0.916571 0.059853
14.555 1 GPS_SOL 0 0 0 0
14.574 1 ATTITUDE 0.547063 0.930477 0.053797
14.601 1 NAVIGATION 0 2 0. 0. 0. 0. 0 0
14.619 1 ATTITUDE 0.500977 0.944189 0.05229
14.638 1 ATTITUDE 0.462817 0.954238 0.050581
14.665 1 NAVIGATION 0 2 0. 0. 0. 0. 0 0
14.681 1 FBW_STATUS 2 0 1 69 0
14.699 1 ATTITUDE 0.422031 0.964161 0.048696
14.718 1 ATTITUDE 0.37776 0.975066 0.046835
14.752 1 GPS 0 0 0 0 0 0 0 0 0 0 1
14.771 1 ATTITUDE 0.357122 0.979113 0.046724
14.798 1 NAVIGATION 0 2 0. 0. 0. 0. 0 0
14.817 1 ATTITUDE 0.35513 0.977458 0.047691
14.836 1 ATTITUDE 0.352281 0.975171 0.048701
14.863 1 NAVIGATION 0 2 0. 0. 0. 0. 0 0
14.881 1 ATTITUDE 0.353174 0.973288 0.04963
14.900 1 ATTITUDE 0.35297 0.971326 0.05053
14.919 1 ATTITUDE 0.35298 0.969517 0.051424
14.922 1 DOWNLINK_STATUS 0 15 4781 233 0 571. 28. 3391.72
14.946 1 NAVIGATION 0 2 0. 0. 0. 0. 0 0
14.964 1 ATTITUDE 0.353527 0.967761 0.05229
15.012 1 ATTITUDE 0.353985 0.965902 0.053249
15.139 1 NAVIGATION 0 2 0. 0. 0. 0. 0 0
15.157 1 ATTITUDE 0.354791 0.963758 0.054216
15.253 1 ATTITUDE 0.354586 0.962379 0.055018
15.288 1 GPS 0 0 0 0 0 0 0 0 0 0 1
15.385 1 ATTITUDE 0.354663 0.960721 0.055808
15.412 1 NAVIGATION 0 2 0. 0. 0. 0. 0 0
15.431 1 ATTITUDE 0.354468 0.958925 0.05663
15.522 1 ATTITUDE 0.354388 0.957042 0.057396
15.549 1 NAVIGATION 0 2 0. 0. 0. 0. 0 0
15.568 1 ATTITUDE 0.354136 0.955661 0.058177
15.855 1 ATTITUDE 0.353799 0.954236 0.058964
15.873 1 ATTITUDE 0.353715 0.95242 0.059687
15.900 1 NAVIGATION 0 2 0. 0. 0. 0. 0 0
15.922 1 DOWNLINK_STATUS 0 16 5124 249 0 343. 16. -1609.06
15.958 1 ATTITUDE 0.353703 0.950711 0.06042
16.090 1 ATTITUDE 0.353639 0.94935 0.061144
16.106 1 FBW_STATUS 2 0 1 69 0
16.133 1 NAVIGATION 0 2 0. 0. 0. 0. 0 0
16.200 1 ATTITUDE 0.353571 0.947802 0.061867
16.219 1 ATTITUDE 0.353625 0.945988 0.062576
16.347 1 GPS 0 0 0 0 0 0 0 0 0 0 1
16.366 1 ATTITUDE 0.353389 0.944265 0.063307
16.378 1 PPRZ_MODE 2 0 0 0 0 6
16.445 1 NAVIGATION 0 2 0. 0. 0. 0. 0 0
16.464 1 ATTITUDE 0.353262 0.942647 0.06402
16.558 1 ATTITUDE 0.353078 0.94106 0.064724
16.669 1 NAVIGATION 0 2 0. 0. 0. 0. 0 0
16.687 1 ATTITUDE 0.353078 0.939434 0.065426
16.705 1 ATTITUDE 0.353118 0.937747 0.066045
16.794 1 ATTITUDE 0.353052 0.935978 0.066659
16.821 1 NAVIGATION 0 2 0. 0. 0. 0. 0 0
16.911 1 ATTITUDE 0.353101 0.934316 0.067352
16.917 1 PONG 
16.922 1 DOWNLINK_STATUS 0 17 5492 268 0 368. 19. 1502.11
16.936 1 ATTITUDE 0.353206 0.932096 0.06803
17.037 1 NAVIGATION 0 2 0. 0. 0. 0. 0 0
17.056 1 ATTITUDE 0.353017 0.930447 0.068695
17.183 1 COMMANDS 0,-7069,665,0,0
17.201 1 ATTITUDE 0.353123 0.928655 0.069379
17.235 1 GPS 0 0 0 0 0 0 0 0 0 0 1
17.253 1 ACTUATORS 1250,1608,1293,1301,1350
17.309 1 ATTITUDE 0.353034 0.927096 0.070012
17.336 1 NAVIGATION 0 2 0. 0. 0. 0. 0 0
17.355 1 ATTITUDE 0.353206 0.925483 0.070605
17.410 1 ATTITUDE 0.353782 0.923684 0.071185
17.537 1 NAVIGATION 0 2 0. 0. 0. 0. 0 0
17.556 1 ATTITUDE 0.35477 0.920931 0.072071
17.625 1 ATTITUDE 0.350948 0.917223 0.073182
17.743 1 ATTITUDE 0.34822 0.91524 0.076231
17.770 1 NAVIGATION 0 2 0. 0. 0. 0. 0 0
17.847 1 ATTITUDE 0.331594 0.919676 0.07669
17.922 1 DOWNLINK_STATUS 0 18 5843 285 0 351. 17. 1502.11
17.960 1 ATTITUDE 0.264558 0.942724 0.071544
17.976 1 FBW_STATUS 2 0 1 69 0
18.003 1 NAVIGATION 0 2 0. 0. 0. 0. 0 0
18.101 1 ATTITUDE 0.194364 0.962726 0.06778
18.120 1 ATTITUDE 0.167721 0.967248 0.067501
18.217 1 GPS 0 0 0 0 0 0 0 0 0 0 1
18.236 1 ATTITUDE 0.155744 0.96682 0.067995
18.263 1 NAVIGATION 0 2 0. 0. 0. 0. 0 0
18.338 1 ATTITUDE 0.135001 0.969834 0.067782
18.357 1 ATTITUDE 0.081731 0.979555 0.06626
18.479 1 NAVIGATION 0 2 0. 0. 0. 0. 0 0
18.498 1 ATTITUDE 0.041765 0.984988 0.065847
18.515 1 ATTITUDE 0.039353 0.981544 0.065978
18.572 1 ATTITUDE 0.034577 0.977771 0.066288
18.686 1 NAVIGATION 0 2 0. 0. 0. 0. 0 0
18.705 1 ATTITUDE 0.034391 0.974408 0.066225
18.783 1 ATTITUDE 0.032289 0.970895 0.066155
18.909 1 NAVIGATION 0 2 0. 0. 0. 0. 0 0
18.923 1 DOWNLINK_STATUS 0 19 6219 303 0 376. 18. 1502.11
18.927 1 ATTITUDE 0.032806 0.968217 0.066376
19.036 1 ATTITUDE 0.032295 0.965935 0.066647
19.070 1 GPS 0 0 0 0 0 0 0 0 0 0 1
19.141 1 ATTITUDE 0.032035 0.963119 0.066897
19.168 1 NAVIGATION 0 2 0. 0. 0. 0. 0 0
19.186 1 ATTITUDE 0.031666 0.960518 0.067077
19.253 1 ATTITUDE 0.031631 0.957859 0.067307
19.379 1 NAVIGATION 0 2 0. 0. 0. 0. 0 0
19.397 1 ATTITUDE 0.031396 0.955224 0.067563
19.467 1 ATTITUDE 0.031137 0.952956 0.067815
19.585 1 ATTITUDE 0.030654 0.950343 0.067988
19.612 1 NAVIGATION 0 2 0. 0. 0. 0. 0 0
19.683 1 ATTITUDE 0.030509 0.947647 0.068205
19.804 1 ATTITUDE 0.030488 0.945211 0.068371
19.819 1 FBW_STATUS 2 0 1 69 0
19.924 1 DOWNLINK_STATUS 0 20 6525 318 0 306. 15. 1502.11
19.941 1 NAVIGATION 0 2 0. 0. 0. 0. 0 0
19.960 1 ATTITUDE 0.030369 0.942887 0.068518
19.979 1 ATTITUDE 0.030129 0.940518 0.068657
20.052 1 GPS 0 0 0 0 0 0 0 0 0 0 1
20.070 1 ATTITUDE 0.02965 0.938249 0.068827
20.097 1 NAVIGATION 0 2 0. 0. 0. 0. 0 0
20.165 1 ATTITUDE 0.029513 0.935843 0.06897
20.262 1 ATTITUDE 0.029449 0.933414 0.069134
20.385 1 NAVIGATION 0 2 0. 0. 0. 0. 0 0
20.404 1 ATTITUDE 0.029411 0.931268 0.069251
20.476 1 ATTITUDE 0.029427 0.928664 0.069397
20.841 1 ATTITUDE 0.029354 0.926327 0.069576
20.868 1 NAVIGATION 0 2 0. 0. 0. 0. 0 0
20.925 1 DOWNLINK_STATUS 0 21 6806 331 0 281. 13. -3498.25
20.951 1 ATTITUDE 0.029404 0.923697 0.06971
21.053 1 ATTITUDE 0.029343 0.92137 0.06985
21.079 1 NAVIGATION 0 2 0. 0. 0. 0. 0 0
21.098 1 ATTITUDE 0.029031 0.917921 0.06998
21.194 1 ATTITUDE 0.028772 0.915624 0.070122
21.228 1 GPS 0 0 0 0 0 0 0 0 0 0 1
21.311 1 ATTITUDE 0.02851 0.913629 0.070255
21.338 1 NAVIGATION 0 2 0. 0. 0. 0. 0 0
21.409 1 ATTITUDE 0.028472 0.911486 0.070381
21.515 1 ATTITUDE 0.02835 0.90934 0.070437
21.621 1 NAVIGATION 0 2 0. 0. 0. 0. 0 0
21.639 1 ATTITUDE 0.028309 0.907037 0.070536
21.729 1 ATTITUDE 0.028271 0.904744 0.070644
21.860 1 ATTITUDE 0.028281 0.902626 0.070702
21.887 1 NAVIGATION 0 2 0. 0. 0. 0. 0 0
21.906 1 ATTITUDE 0.028617 0.899674 0.070783
21.912 1 PONG 
21.925 1 DOWNLINK_STATUS 0 22 7147 348 0 341. 17. 1496.92
21.931 1 ATTITUDE 0.028711 0.896974 0.070846
21.998 1 FBW_STATUS 2 0 1 69 0
22.025 1 NAVIGATION 0 2 0. 0. 0. 0. 0 0
22.043 1 ATTITUDE 0.028988 0.894186 0.070867
22.139 1 COMMANDS 0,-635,-548,0,0
22.157 1 ATTITUDE 0.030673 0.891839 0.070916
22.192 1 GPS 0 0 0 0 0 0 0 0 0 0 1
22.217 1 WIND_INFO 1 42 0. 0. 0.
22.283 1 ACTUATORS 1250,1547,1527,1555,1350
22.301 1 ATTITUDE 0.031126 0.889844 0.070916
22.314 1 PPRZ_MODE 2 0 0 0 0 6
22.341 1 NAVIGATION 0 2 0. 0. 0. 0. 0 0
22.785 1 ATTITUDE 0.035268 0.886367 0.070782
22.803 1 ATTITUDE 0.041567 0.883047 0.070833
22.926 1 DOWNLINK_STATUS 0 23 7401 361 0 254. 13. 1496.92
22.942 1 NAVIGATION 0 2 0. 0. 0. 0. 0 0
22.961 1 ATTITUDE 0.048708 0.87929 0.072302
22.980 1 ATTITUDE 0.061873 0.874072 0.075865
23.035 1 BAT 0 69 0 0 1 30 0 0
23.053 1 ATTITUDE 0.062741 0.869871 0.075997
23.160 1 NAVIGATION 0 2 0. 0. 0. 0. 0 0
23.179 1 ATTITUDE 0.064676 0.86627 0.077941
23.255 1 ATTITUDE 0.068231 0.863301 0.07976
23.406 1 NAVIGATION 0 2 0. 0. 0. 0. 0 0
23.425 1 ATTITUDE 0.066102 0.862042 0.079411
23.449 1 ALIVE 41,104,77,226,144,103,96,68,133,86,243,163,1,204,72,112
23.527 1 ATTITUDE 0.060068 0.860101 0.072518
23.562 1 GPS 0 0 0 0 0 0 0 0 0 0 1
23.580 1 ATTITUDE 0.076456 0.854574 0.070381
23.631 1 NAVIGATION 0 2 0. 0. 0. 0. 0 0
23.650 1 ATTITUDE 0.178812 0.827237 0.075392
23.758 1 ATTITUDE 0.392681 0.778598 0.103141
23.922 1 NAVIGATION 0 2 0. 0. 0. 0. 0 0
23.927 1 DOWNLINK_STATUS 0 24 7788 379 0 387. 18. 1496.92
23.941 1 ATTITUDE 0.692365 0.703887 0.134238
23.960 1 ATTITUDE 0.854267 0.662722 0.150058
23.978 1 ATTITUDE 0.790539 0.672204 0.136875
23.990 1 DOWNLINK 0 338 531
24.017 1 NAVIGATION 0 2 0. 0. 0. 0. 0 0
24.035 1 ATTITUDE 0.781079 0.669225 0.124778
24.067 1 ATTITUDE 0.866881 0.658793 0.120863
24.082 1 FBW_STATUS 2 0 1 69 0
24.109 1 NAVIGATION 0 2 0. 0. 0. 0. 0 0
24.128 1 ATTITUDE 1.035713 0.634757 0.107364
24.246 1 ATTITUDE 1.186011 0.606473 0.0834
24.281 1 GPS 0 0 0 0 0 0 0 0 0 0 1
24.298 1 GPS_SOL 0 0 0 0
24.317 1 ATTITUDE 1.18975 0.609868 0.081833
24.344 1 NAVIGATION 0 2 0. 0. 0. 0. 0 0
24.363 1 ATTITUDE 1.202164 0.61235 0.07714
24.465 1 ATTITUDE 1.231342 0.61432 0.062489
24.492 1 NAVIGATION 0 2 0. 0. 0. 0. 0 0
24.567 1 ATTITUDE 1.239601 0.615615 0.057579
24.585 1 ATTITUDE 1.232402 0.615744 0.061478
24.688 1 ATTITUDE 1.22818 0.616129 0.063562
24.768 1 NAVIGATION 0 2 0. 0. 0. 0. 0 0
24.787 1 ATTITUDE 1.235052 0.617719 0.058629
24.918 1 ATTITUDE 1.232518 0.621059 0.060464
24.928 1 DOWNLINK_STATUS 0 25 8264 403 0 476. 24. 1496.92
24.945 1 NAVIGATION 0 2 0. 0. 0. 0. 0 0
24.964 1 ATTITUDE 1.231596 0.621383 0.06033
25.041 1 ATTITUDE 1.233488 0.622063 0.058691
25.075 1 GPS 0 0 0 0 0 0 0 0 0 0 1
25.172 1 ATTITUDE 1.232024 0.62232 0.059176
25.199 1 NAVIGATION 0 2 0. 0. 0. 0. 0 0
25.218 1 ATTITUDE 1.231803 0.622715 0.05881
25.269 1 ATTITUDE 1.231662 0.623244 0.058325
25.395 1 NAVIGATION 0 2 0. 0. 0. 0. 0 0
25.413 1 ATTITUDE 1.232436 0.623805 0.057281
25.483 1 ATTITUDE 1.232448 0.624245 0.056829
25.851 1 ATTITUDE 1.232184 0.624692 0.056521
25.878 1 NAVIGATION 0 2 0. 0. 0. 0. 0 0
25.929 1 DOWNLINK_STATUS 0 26 8545 416 0 281. 13. -3504.04
25.943 1 ATTITUDE 1.233684 0.625406 0.054947
26.078 1 ATTITUDE 1.235794 0.626216 0.05315
26.094 1 FBW_STATUS 2 0 1 69 0
26.121 1 NAVIGATION 0 2 0. 0. 0. 0. 0 0
26.206 1 ATTITUDE 1.238785 0.627092 0.050795
26.224 1 ATTITUDE 1.238833 0.627459 0.050311
26.259 1 GPS 0 0 0 0 0 0 0 0 0 0 1
26.330 1 ATTITUDE 1.237459 0.627724 0.050698
26.357 1 NAVIGATION 0 2 0. 0. 0. 0. 0 0
26.428 1 ATTITUDE 1.241395 0.628803 0.047603
26.538 1 ATTITUDE 1.243965 0.629321 0.045642
26.633 1 NAVIGATION 0 2 0. 0. 0. 0. 0 0
26.652 1 ATTITUDE 1.246428 0.630205 0.044258
26.754 1 ATTITUDE 1.249844 0.63136 0.042186
26.772 1 ATTITUDE 1.250995 0.631821 0.040669
26.900 1 NAVIGATION 0 2 0. 0. 0. 0. 0 0
26.917 1 ATTITUDE 1.250379 0.631957 0.040282
26.924 1 PONG 
26.930 1 DOWNLINK_STATUS 0 27 8901 434 0 356. 18. 1508.
26.942 1 ATTITUDE 1.2493 0.631946 0.040373
27.017 1 NAVIGATION 0 2 0. 0. 0. 0. 0 0
27.035 1 ATTITUDE 1.249557 0.632347 0.039621
27.152 1 COMMANDS 0,-9600,4668,0,0
27.171 1 ATTITUDE 1.249308 0.632625 0.039232
27.205 1 GPS 0 0 0 0 0 0 0 0 0 0 1
27.278 1 ACTUATORS 1250,1744,1200,1200,1350
27.297 1 ATTITUDE 1.242666 0.634022 0.043097
27.324 1 NAVIGATION 0 2 0. 0. 0. 0. 0 0
27.342 1 ATTITUDE 1.23826 0.634842 0.045349
27.388 1 ATTITUDE 1.234849 0.636314 0.047213
27.514 1 NAVIGATION 0 2 0. 0. 0. 0. 0 0
27.532 1 ATTITUDE 1.234777 0.636785 0.046751
27.602 1 ATTITUDE 1.235227 0.637421 0.04604
27.717 1 ATTITUDE 1.236105 0.638339 0.044919
27.801 1 NAVIGATION 0 2 0. 0. 0. 0. 0 0
27.818 1 ATTITUDE 1.23785 0.638919 0.043138
27.929 1 ATTITUDE 1.245415 0.64042 0.037993
27.929 1 DOWNLINK_STATUS 0 28 9270 452 0 369. 18. 1508.
27.945 1 FBW_STATUS 2 0 1 69 0
28.060 1 NAVIGATION 0 2 0. 0. 0. 0. 0 0
28.078 1 ATTITUDE 1.235872 0.639551 0.043208
28.097 1 ATTITUDE 1.236818 0.640531 0.042072
28.221 1 GPS 0 0 0 0 0 0 0 0 0 0 1
28.239 1 ATTITUDE 1.234569 0.641848 0.042976
28.252 1 PPRZ_MODE 2 0 0 0 0 6
28.279 1 NAVIGATION 0 2 0. 0. 0. 0. 0 0
28.311 1 ATTITUDE 1.245365 0.643633 0.035834
28.412 1 ATTITUDE 1.238811 0.643197 0.039491
28.524 1 NAVIGATION 0 2 0. 0. 0. 0. 0 0
28.543 1 ATTITUDE 1.238956 0.643598 0.03884
28.561 1 ATTITUDE 1.238561 0.643844 0.038788
28.733 1 ATTITUDE 1.241495 0.644745 0.036386
28.760 1 NAVIGATION 0 2 0. 0. 0. 0. 0 0
28.779 1 ATTITUDE 1.243816 0.645428 0.034556
28.847 1 ATTITUDE 1.248647 0.645933 0.030748
28.931 1 DOWNLINK_STATUS 0 29 9614 469 0 344. 17. 1508.
28.973 1 NAVIGATION 0 2 0. 0. 0. 0. 0 0
28.992 1 ATTITUDE 1.245899 0.642579 0.032136
29.087 1 ATTITUDE 1.249749 0.64196 0.029328
29.122 1 GPS 0 0 0 0 0 0 0 0 0 0 1
29.219 1 ATTITUDE 1.250727 0.641581 0.027459
29.246 1 NAVIGATION 0 2 0. 0. 0. 0. 0 0
29.265 1 ATTITUDE 1.236697 0.641402 0.03661
29.317 1 ATTITUDE 1.221897 0.638938 0.044664
29.443 1 NAVIGATION 0 2 0. 0. 0. 0. 0 0
29.461 1 ATTITUDE 1.232703 0.641652 0.037999
29.531 1 ATTITUDE 1.237328 0.652681 0.035768
29.638 1 ATTITUDE 1.242982 0.659372 0.03179
29.742 1 NAVIGATION 0 2 0. 0. 0. 0. 0 0
29.761 1 ATTITUDE 1.235917 0.666325 0.036515
29.844 1 ATTITUDE 1.217991 0.663574 0.046047
29.931 1 DOWNLINK_STATUS 0 30 9931 484 0 317. 15. 1508.
29.971 1 FBW_STATUS 2 0 1 69 0
29.998 1 NAVIGATION 0 2 0. 0. 0. 0. 0 0
30.016 1 ATTITUDE 1.224531 0.663977 0.042244
30.099 1 ATTITUDE 1.218506 0.667283 0.045425
30.133 1 GPS 0 0 0 0 0 0 0 0 0 0 1
30.228 1 ATTITUDE 1.238327 0.674675 0.033837
30.255 1 NAVIGATION 0 2 0. 0. 0. 0. 0 0
30.272 1 ATTITUDE 1.224641 0.675493 0.042412
30.326 1 ATTITUDE 1.230832 0.676146 0.037736
30.452 1 NAVIGATION 0 2 0. 0. 0. 0. 0 0
30.470 1 ATTITUDE 1.239861 0.676359 0.0317
30.804 1 ATTITUDE 1.220606 0.675213 0.042647
30.917 1 ATTITUDE 1.220324 0.675542 0.04268
30.932 1 DOWNLINK_STATUS 0 31 10201 497 0 270. 13. -3492.26
31.177 1 NAVIGATION 0 2 0. 0. 0. 0. 0 0
31.195 1 ATTITUDE 1.220353 0.67618 0.0424
31.418 1 ATTITUDE 1.220398 0.67681 0.042148
31.757 1 NAVIGATION 0 2 0. 0. 0. 0. 0 0
31.776 1 ATTITUDE 1.220562 0.67724 0.041782
31.883 1 ATTITUDE 1.220555 0.677845 0.041559
31.917 1 GPS 0 0 0 0 0 0 0 0 0 0 1
31.933 1 DOWNLINK_STATUS 0 32 10358 504 0 157. 7. -3492.26
31.989 1 ATTITUDE 1.220732 0.678503 0.041256
32.016 1 NAVIGATION 0 2 0. 0. 0. 0. 0 0
32.035 1 ATTITUDE 1.220843 0.679105 0.040942
32.100 1 ATTITUDE 1.220937 0.67968 0.040626
32.217 1 WIND_INFO 1 42 0. 0. 0.
32.226 1 NAVIGATION 0 2 0. 0. 0. 0. 0 0
32.245 1 ATTITUDE 1.221121 0.680358 0.040297
32.378 1 ATTITUDE 1.221333 0.680971 0.040105
32.397 1 ATTITUDE 1.221533 0.681574 0.039754
32.424 1 NAVIGATION 0 2 0. 0. 0. 0. 0 0
32.442 1 ATTITUDE 1.221683 0.682304 0.03951
32.461 1 ATTITUDE 1.221769 0.682786 0.039206
32.661 1 NAVIGATION 0 2 0. 0. 0. 0. 0 0
32.677 1 FBW_STATUS 2 0 1 69 0
32.933 1 DOWNLINK_STATUS 0 33 10621 517 0 263. 13. -3492.26
33.148 1 ATTITUDE 1.221941 0.683482 0.038909
33.173 1 COMMANDS 0,-9600,4516,0,0
33.185 1 ATTITUDE 1.222076 0.684204 0.038623
33.220 1 GPS 0 0 0 0 0 0 0 0 0 0 1
33.236 1 ACTUATORS 1250,1778,1200,1200,1350
33.255 1 ATTITUDE 1.222217 0.684635 0.038311
33.282 1 NAVIGATION 0 2 0. 0. 0. 0. 0 0
33.301 1 ATTITUDE 1.222384 0.685132 0.037985
33.320 1 ATTITUDE 1.22265 0.685663 0.037616
33.347 1 NAVIGATION 0 2 0. 0. 0. 0. 0 0
33.365 1 ATTITUDE 1.222744 0.686131 0.037327
33.466 1 ATTITUDE 1.22282 0.68673 0.037017
33.484 1 ATTITUDE 1.222935 0.687301 0.03668
33.507 1 BAT 0 69 0 0 1 40 0 0
33.533 1 NAVIGATION 0 2 0. 0. 0. 0. 0 0
33.539 1 PONG 
33.558 1 ATTITUDE 1.223029 0.687816 0.036361
33.577 1 ATTITUDE 1.223162 0.688489 0.036036
33.689 1 NAVIGATION 0 2 0. 0. 0. 0. 0 0
33.707 1 ATTITUDE 1.223351 0.689234 0.035754
33.725 1 ATTITUDE 1.223504 0.689725 0.035488
33.830 1 GPS 0 0 0 0 0 0 0 0 0 0 1
33.934 1 DOWNLINK_STATUS 0 34 11068 539 0 447. 22. 3121.93
33.938 1 ATTITUDE 1.223605 0.690266 0.035247
33.962 1 ALIVE 41,104,77,226,144,103,96,68,133,86,243,163,1,204,72,112
33.989 1 NAVIGATION 0 2 0. 0. 0. 0. 0 0
34.008 1 ATTITUDE 1.223752 0.690783 0.034973
34.059 1 ATTITUDE 1.22356 0.69127 0.034816
34.216 1 NAVIGATION 0 2 0. 0. 0. 0. 0 0
34.235 1 ATTITUDE 1.223732 0.691787 0.034451
34.254 1 ATTITUDE 1.223787 0.692303 0.034128
34.273 1 ATTITUDE 1.223835 0.692654 0.033855
34.300 1 NAVIGATION 0 2 0. 0. 0. 0. 0 0
34.471 1 ATTITUDE 1.223957 0.693367 0.033524
34.490 1 ATTITUDE 1.224052 0.694081 0.03331
34.506 1 FBW_STATUS 2 0 1 69 0
34.533 1 NAVIGATION 0 2 0. 0. 0. 0. 0 0
34.551 1 ATTITUDE 1.224183 0.694728 0.033053
34.570 1 ATTITUDE 1.224291 0.694888 0.032808
34.604 1 GPS 0 0 0 0 0 0 0 0 0 0 1
34.616 1 DOWNLINK 0 344 705
34.635 1 ATTITUDE 1.224419 0.695528 0.03245
34.647 1 PPRZ_MODE 2 0 0 0 0 6
34.674 1 NAVIGATION 0 2 0. 0. 0. 0. 0 0
34.693 1 ATTITUDE 1.224571 0.696186 0.03215
34.710 1 ATTITUDE 1.22471 0.696848 0.031856
34.738 1 NAVIGATION 0 2 0. 0. 0. 0. 0 0
34.756 1 ATTITUDE 1.224863 0.697405 0.031593
34.810 1 ATTITUDE 1.224975 0.698011 0.031352
34.828 1 GPS_SOL 0 0 0 0
34.934 1 DOWNLINK_STATUS 0 35 11605 566 0 537. 27. 3121.93
34.937 1 ATTITUDE 1.225093 0.698577 0.031072
34.964 1 NAVIGATION 0 2 0. 0. 0. 0. 0 0
35.028 1 ATTITUDE 1.225143 0.699137 0.030794
35.047 1 ATTITUDE 1.225172 0.699697 0.030538
35.166 1 NAVIGATION 0 2 0. 0. 0. 0. 0 0
35.185 1 ATTITUDE 1.225239 0.700268 0.0303
35.280 1 ATTITUDE 1.225349 0.700864 0.030065
35.315 1 GPS 0 0 0 0 0 0 0 0 0 0 1
35.413 1 ATTITUDE 1.225498 0.701368 0.029808
35.440 1 NAVIGATION 0 2 0. 0. 0. 0. 0 0
35.459 1 ATTITUDE 1.225633 0.702005 0.029567
35.545 1 ATTITUDE 1.225763 0.702504 0.029305
35.572 1 NAVIGATION 0 2 0. 0. 0. 0. 0 0
35.589 1 ATTITUDE 1.225847 0.703139 0.02905
35.935 1 DOWNLINK_STATUS 0 36 11904 580 0 299. 14. -1878.76
36.006 1 ATTITUDE 1.225906 0.703787 0.028762
36.348 1 ATTITUDE 1.22603 0.704499 0.028506
36.375 1 NAVIGATION 0 2 0. 0. 0. 0. 0 0
36.432 1 ATTITUDE 1.226114 0.704952 0.028266
36.451 1 ATTITUDE 1.22621 0.705562 0.028048
36.574 1 FBW_STATUS 2 0 1 69 0
36.601 1 NAVIGATION 0 2 0. 0. 0. 0. 0 0
36.620 1 ATTITUDE 1.226304 0.70614 0.027778
36.700 1 ATTITUDE 1.226383 0.70664 0.027524
36.735 1 GPS 0 0 0 0 0 0 0 0 0 0 1
36.818 1 ATTITUDE 1.22647 0.707179 0.027309
36.845 1 NAVIGATION 0 2 0. 0. 0. 0. 0 0
36.916 1 ATTITUDE 1.226548 0.707731 0.027055
36.936 1 DOWNLINK_STATUS 0 37 12174 593 0 270. 13. -1878.76
37.047 1 ATTITUDE 1.226631 0.708303 0.026821
37.074 1 NAVIGATION 0 2 0. 0. 0. 0. 0 0
37.127 1 ATTITUDE 1.226722 0.708902 0.026575
37.146 1 ATTITUDE 1.226776 0.709442 0.026386
37.355 1 ATTITUDE 1.226826 0.709979 0.026155
37.383 1 NAVIGATION 0 2 0. 0. 0. 0. 0 0
37.401 1 ATTITUDE 1.226905 0.710542 0.025929
37.419 1 ATTITUDE 1.22703 0.710872 0.025687
37.446 1 NAVIGATION 0 2 0. 0. 0. 0. 0 0
37.465 1 ATTITUDE 1.227131 0.711212 0.025441
37.483 1 COMMANDS 0,-9600,4688,0,0
37.501 1 ATTITUDE 1.227268 0.711577 0.025149
37.558 1 GPS 0 0 0 0 0 0 0 0 0 0 1
37.576 1 ACTUATORS 1250,1784,1200,1200,1350
37.594 1 ATTITUDE 1.227269 0.712103 0.024939
37.621 1 NAVIGATION 0 2 0. 0. 0. 0. 0 0
37.640 1 ATTITUDE 1.227318 0.712583 0.024718
37.646 1 PONG 
37.665 1 ATTITUDE 1.227375 0.712965 0.024476
37.692 1 NAVIGATION 0 2 0. 0. 0. 0. 0 0
37.711 1 ATTITUDE 1.227521 0.713519 0.024233
37.760 1 ATTITUDE 1.227684 0.714068 0.023981
