2.920 1 NAVIGATION 0 2 0. 0. 0. 0. 0 0
2.940 1 ATTITUDE 0.028983 0.040266 0.075568
2.942 1 ESTIMATOR 0. 0.
2.944 1 DOWNLINK 0 351 198
3.041 1 ATTITUDE 0.029019 0.040895 0.07554
3.047 1 GPS 0 0 0 0 0 0 0 0 0 0 1
3.138 1 ATTITUDE 0.029039 0.04121 0.075472
3.141 1 GPS_SOL 0 0 0 0
3.171 1 NAVIGATION 3 0 0. 0. 0. 0. 0 0
3.234 1 ATTITUDE 0.029068 0.041236 0.075449
3.335 1 ATTITUDE 0.029115 0.042103 0.075463
3.421 1 NAVIGATION 3 0 0. 0. 0. 0. 0 0
3.437 1 ATTITUDE 0.029134 0.041998 0.075479
3.535 1 ATTITUDE 0.029111 0.042428 0.075445
3.635 1 ATTITUDE 0.029151 0.042407 0.075442
3.671 1 NAVIGATION 3 0 0. 0. 0. 0. 0 0
3.734 1 ATTITUDE 0.029117 0.042339 0.075435
3.802 1 DOWNLINK_STATUS 0 4 1448 71 0 359. 18. 0.
3.834 1 ATTITUDE 0.02911 0.042548 0.075407
3.922 1 FBW_STATUS 0 48 0 68 0
3.926 1 NAVIGATION 3 0 0. 0. 0. 0. 0 0
3.939 1 ATTITUDE 0.029136 0.042525 0.075389
4.041 1 ATTITUDE 0.029133 0.043037 0.075361
4.047 1 GPS 0 0 0 0 0 0 0 0 0 0 1
4.138 1 ATTITUDE 0.029142 0.042667 0.075354
4.140 1 ESTIMATOR 0. 0.
4.171 1 NAVIGATION 3 0 0. 0. 0. 0. 0 0
4.237 1 ATTITUDE 0.029198 0.043652 0.075329
4.239 1 PPRZ_MODE 0 3 3 2 0 17
4.335 1 ATTITUDE 0.029244 0.043776 0.075314
4.421 1 NAVIGATION 3 0 0. 0. 0. 0. 0 0
4.436 1 ATTITUDE 0.02928 0.04326 0.075311
4.534 1 ATTITUDE 0.029289 0.043148 0.075292
4.634 1 ATTITUDE 0.029339 0.04321 0.075276
4.671 1 NAVIGATION 3 0 0. 0. 0. 0. 0 0
4.734 1 ATTITUDE 0.029367 0.043358 0.075289
4.803 1 DOWNLINK_STATUS 0 5 1806 89 0 358. 18. 0.
4.834 1 ATTITUDE 0.029355 0.043519 0.075302
4.921 1 NAVIGATION 3 0 0. 0. 0. 0. 0 0
4.936 1 ATTITUDE 0.029365 0.043699 0.075333
5.042 1 ATTITUDE 0.029396 0.043346 0.075338
5.047 1 GPS 0 0 0 0 0 0 0 0 0 0 1
5.135 1 ATTITUDE 0.029414 0.043121 0.075321
5.171 1 NAVIGATION 3 0 0. 0. 0. 0. 0 0
5.235 1 ATTITUDE 0.02944 0.043042 0.075306
5.338 1 ATTITUDE 0.029441 0.043077 0.07527
5.341 1 ESTIMATOR 0. 0.
5.352 1 PONG 
5.421 1 NAVIGATION 3 0 0. 0. 0. 0. 0 0
5.436 1 ATTITUDE 0.029473 0.043065 0.075286
5.534 1 ATTITUDE 0.029437 0.043026 0.075248
5.634 1 ATTITUDE 0.029397 0.043259 0.075251
5.671 1 NAVIGATION 3 0 0. 0. 0. 0. 0 0
5.734 1 ATTITUDE 0.029371 0.043626 0.075254
5.803 1 DOWNLINK_STATUS 0 6 2143 106 0 337. 17. 52.43
5.834 1 ATTITUDE 0.029375 0.043361 0.075243
5.922 1 FBW_STATUS 0 49 0 68 0
5.927 1 NAVIGATION 3 0 0. 0. 0. 0. 0 0
5.939 1 ATTITUDE 0.029342 0.04365 0.075212
6.042 1 ATTITUDE 0.029333 0.043331 0.075231
6.047 1 GPS 0 0 0 0 0 0 0 0 0 0 1
6.134 1 ATTITUDE 0.02938 0.043683 0.075203
6.171 1 NAVIGATION 3 0 0. 0. 0. 0. 0 0
6.234 1 ATTITUDE 0.029384 0.043869 0.075233
6.334 1 ATTITUDE 0.029322 0.043242 0.075181
6.421 1 NAVIGATION 3 0 0. 0. 0. 0. 0 0
6.436 1 ATTITUDE 0.029322 0.04288 0.075155
6.537 1 ATTITUDE 0.029283 0.043088 0.0751
6.540 1 ESTIMATOR 0. 0.
6.634 1 ATTITUDE 0.029288 0.042619 0.075073
6.671 1 NAVIGATION 3 0 0. 0. 0. 0. 0 0
6.735 1 ATTITUDE 0.029332 0.042742 0.075031
6.804 1 DOWNLINK_STATUS 0 7 2489 123 0 346. 17. 52.43
6.835 1 ATTITUDE 0.029318 0.042309 0.075018
6.922 1 NAVIGATION 3 0 0. 0. 0. 0. 0 0
6.936 1 ATTITUDE 0.029317 0.041962 0.075032
7.017 1 COMMANDS 250,-2352,1274,-2352,-560,0
7.041 1 ATTITUDE 0.029339 0.042303 0.074972
7.047 1 GPS 0 0 0 0 0 0 0 0 0 0 1
7.117 1 ACTUATORS 1269,1635,1465,1487,1366
7.266 1 ATTITUDE 0.029413 0.042523 0.074945
7.266 1 NAVIGATION 3 0 0. 0. 0. 0. 0 0
7.266 1 ATTITUDE 0.029445 0.042472 0.074921
7.334 1 ATTITUDE 0.029463 0.043061 0.074913
7.421 1 NAVIGATION 3 0 0. 0. 0. 0. 0 0
7.436 1 ATTITUDE 0.0295 0.04301 0.074871
7.535 1 ATTITUDE 0.029503 0.043415 0.074896
7.634 1 ATTITUDE 0.029531 0.043496 0.074902
7.671 1 NAVIGATION 3 0 0. 0. 0. 0. 0 0
7.737 1 ATTITUDE 0.029537 0.043511 0.074911
7.739 1 ESTIMATOR 0. 0.
7.805 1 DOWNLINK_STATUS 0 8 2856 141 0 367. 18. 52.43
7.834 1 ATTITUDE 0.029595 0.043428 0.074933
7.921 1 FBW_STATUS 0 48 0 68 0
7.926 1 NAVIGATION 3 0 0. 0. 0. 0. 0 0
7.939 1 ATTITUDE 0.029598 0.043131 0.074895
8.041 1 ATTITUDE 0.029625 0.043526 0.074912
8.047 1 GPS 0 0 0 0 0 0 0 0 0 0 1
8.134 1 ATTITUDE 0.029633 0.043248 0.074918
8.171 1 NAVIGATION 3 0 0. 0. 0. 0. 0 0
8.234 1 ATTITUDE 0.029604 0.043092 0.074929
8.334 1 ATTITUDE 0.029597 0.043308 0.074936
8.423 1 NAVIGATION 3 0 0. 0. 0. 0. 0 0
8.436 1 ATTITUDE 0.029573 0.042788 0.074919
8.534 1 ATTITUDE 0.029547 0.042174 0.074925
8.634 1 ATTITUDE 0.029554 0.041969 0.074868
8.670 1 NAVIGATION 3 0 0. 0. 0. 0. 0 0
8.734 1 ATTITUDE 0.029505 0.042015 0.074868
8.806 1 DOWNLINK_STATUS 0 9 3188 157 0 332. 16. 52.43
8.834 1 ATTITUDE 0.029465 0.041696 0.074884
8.922 1 NAVIGATION 3 0 0. 0. 0. 0. 0 0
8.937 1 ATTITUDE 0.029458 0.042116 0.074881
8.939 1 ESTIMATOR 0. 0.
9.041 1 ATTITUDE 0.029475 0.041918 0.074911
9.047 1 GPS 0 0 0 0 0 0 0 0 0 0 1
9.134 1 ATTITUDE 0.029475 0.041774 0.074895
9.171 1 NAVIGATION 3 0 0. 0. 0. 0. 0 0
9.234 1 ATTITUDE 0.029476 0.042035 0.074871
9.335 1 ATTITUDE 0.029472 0.04176 0.074846
9.420 1 NAVIGATION 3 0 0. 0. 0. 0. 0 0
9.436 1 ATTITUDE 0.029464 0.042143 0.074848
9.534 1 ATTITUDE 0.029428 0.042107 0.074858
9.634 1 ATTITUDE 0.029374 0.041917 0.07487
9.671 1 NAVIGATION 3 0 0. 0. 0. 0. 0 0
9.734 1 ATTITUDE 0.029364 0.043129 0.074858
9.806 1 DOWNLINK_STATUS 0 10 3519 173 0 331. 16. 52.43
9.834 1 ATTITUDE 0.029387 0.043005 0.074828
9.922 1 FBW_STATUS 0 50 0 68 0
9.926 1 NAVIGATION 3 0 0. 0. 0. 0. 0 0
9.939 1 ATTITUDE 0.02942 0.042806 0.074888
10.041 1 ATTITUDE 0.029451 0.042386 0.074888
10.047 1 GPS 0 0 0 0 0 0 0 0 0 0 1
10.138 1 ATTITUDE 0.029446 0.042201 0.074937
10.139 1 ESTIMATOR 0. 0.
10.171 1 NAVIGATION 3 0 0. 0. 0. 0. 0 0
10.236 1 ATTITUDE 0.029494 0.042116 0.07496
10.239 1 PPRZ_MODE 0 3 3 2 0 17
10.339 1 ATTITUDE 0.029577 0.041778 0.074963
10.353 1 PONG 
10.421 1 NAVIGATION 3 0 0. 0. 0. 0. 0 0
10.436 1 ATTITUDE 0.029641 0.041741 0.074975
10.538 1 ATTITUDE 0.029668 0.041945 0.07499
10.639 1 ATTITUDE 0.029644 0.04145 0.074968
10.671 1 NAVIGATION 3 0 0. 0. 0. 0. 0 0
10.739 1 ATTITUDE 0.029647 0.040893 0.074934
10.807 1 DOWNLINK_STATUS 0 11 3883 192 0 364. 19. 52.38
10.834 1 ATTITUDE 0.029693 0.040483 0.074936
10.921 1 NAVIGATION 3 0 0. 0. 0. 0. 0 0
10.936 1 ATTITUDE 0.029669 0.040237 0.0749
11.041 1 ATTITUDE 0.02965 0.041347 0.074917
11.047 1 GPS 0 0 0 0 0 0 0 0 0 0 1
11.134 1 ATTITUDE 0.029641 0.041705 0.074932
11.170 1 NAVIGATION 3 0 0. 0. 0. 0. 0 0
11.235 1 ATTITUDE 0.029655 0.041554 0.074917
11.339 1 ATTITUDE 0.029684 0.041989 0.0749
11.339 1 ESTIMATOR 0. 0.
11.421 1 NAVIGATION 3 0 0. 0. 0. 0. 0 0
11.436 1 ATTITUDE 0.029687 0.042207 0.07488
11.534 1 ATTITUDE 0.02967 0.043128 0.074861
11.634 1 ATTITUDE 0.029689 0.043112 0.074877
11.671 1 NAVIGATION 3 0 0. 0. 0. 0. 0 0
11.734 1 ATTITUDE 0.029672 0.043425 0.074897
11.808 1 DOWNLINK_STATUS 0 12 4214 208 0 331. 16. 52.38
11.833 1 ATTITUDE 0.029674 0.044065 0.074925
11.921 1 FBW_STATUS 0 50 0 68 0
11.926 1 NAVIGATION 3 0 0. 0. 0. 0. 0 0
11.938 1 ATTITUDE 0.029671 0.043829 0.074932
12.017 1 COMMANDS 250,-2352,1274,-2352,-560,0
12.043 1 ATTITUDE 0.029702 0.044105 0.07491
12.048 1 GPS 0 0 0 0 0 0 0 0 0 0 1
12.116 1 ACTUATORS 1269,1635,1465,1487,1366
12.134 1 ATTITUDE 0.029717 0.044084 0.074899
12.171 1 NAVIGATION 3 0 0. 0. 0. 0. 0 0
12.234 1 ATTITUDE 0.029749 0.044323 0.074909
12.334 1 ATTITUDE 0.029745 0.044542 0.074873
12.421 1 NAVIGATION 3 0 0. 0. 0. 0. 0 0
12.436 1 ATTITUDE 0.029741 0.044266 0.07487
12.542 1 ATTITUDE 0.02973 0.044846 0.074863
12.544 1 ESTIMATOR 0. 0.
12.548 1 BAT 250 68 0 0 1 9 9 0
12.633 1 ATTITUDE 0.029774 0.044388 0.074859
12.671 1 NAVIGATION 3 0 0. 0. 0. 0. 0 0
12.733 1 ATTITUDE 0.029795 0.044372 0.074854
12.809 1 DOWNLINK_STATUS 0 13 4617 228 0 403. 20. 52.38
12.839 1 ATTITUDE 0.029782 0.044375 0.074847
12.843 1 ALIVE 203,67,147,98,198,93,218,3,125,189,35,233,55,114,181,190
12.920 1 NAVIGATION 3 0 0. 0. 0. 0. 0 0
12.936 1 ATTITUDE 0.029779 0.043813 0.074856
13.041 1 ATTITUDE 0.029743 0.043719 0.074885
13.047 1 GPS 0 0 0 0 0 0 0 0 0 0 1
13.062 1 WIND_INFO 1 42 0. 0. 0.
13.134 1 ATTITUDE 0.029752 0.043742 0.074885
13.171 1 NAVIGATION 3 0 0. 0. 0. 0. 0 0
13.234 1 ATTITUDE 0.029795 0.043785 0.074908
13.337 1 ATTITUDE 0.029786 0.043551 0.074899
13.337 1 DOWNLINK 0 352 379
13.420 1 NAVIGATION 3 0 0. 0. 0. 0. 0 0
13.435 1 ATTITUDE 0.029782 0.043554 0.07492
13.533 1 ATTITUDE 0.029808 0.043425 0.074956
13.637 1 ATTITUDE 0.029799 0.044117 0.074948
13.642 1 GPS_SOL 0 0 0 0
13.671 1 NAVIGATION 3 0 0. 0. 0. 0. 0 0
13.737 1 ATTITUDE 0.029774 0.044106 0.074967
13.739 1 ESTIMATOR 0. 0.
13.809 1 DOWNLINK_STATUS 0 14 4999 247 0 382. 19. 52.38
13.834 1 ATTITUDE 0.029806 0.044386 0.074939
13.921 1 FBW_STATUS 0 47 0 68 0
13.926 1 NAVIGATION 3 0 0. 0. 0. 0. 0 0
13.939 1 ATTITUDE 0.029842 0.044783 0.074934
14.040 1 ATTITUDE 0.0299 0.044248 0.074882
14.047 1 GPS 0 0 0 0 0 0 0 0 0 0 1
14.134 1 ATTITUDE 0.02986 0.04408 0.074919
14.171 1 NAVIGATION 3 0 0. 0. 0. 0. 0 0
14.233 1 ATTITUDE 0.029842 0.044392 0.074935
14.333 1 ATTITUDE 0.029858 0.043816 0.074943
14.420 1 NAVIGATION 3 0 0. 0. 0. 0. 0 0
14.435 1 ATTITUDE 0.02993 0.043944 0.074919
14.534 1 ATTITUDE 0.029887 0.044347 0.074947
14.634 1 ATTITUDE 0.029912 0.043974 0.074973
14.671 1 NAVIGATION 3 0 0. 0. 0. 0. 0 0
14.734 1 ATTITUDE 0.02999 0.044041 0.07496
14.810 1 DOWNLINK_STATUS 0 15 5331 263 0 332. 16. 52.38
14.833 1 ATTITUDE 0.029997 0.043485 0.07496
14.921 1 NAVIGATION 3 0 0. 0. 0. 0. 0 0
14.936 1 ATTITUDE 0.03002 0.043034 0.074966
14.939 1 ESTIMATOR 0. 0.
15.040 1 ATTITUDE 0.030035 0.043088 0.074935
15.046 1 GPS 0 0 0 0 0 0 0 0 0 0 1
15.133 1 ATTITUDE 0.030032 0.043108 0.074945
15.170 1 NAVIGATION 3 0 0. 0. 0. 0. 0 0
15.234 1 ATTITUDE 0.030026 0.04352 0.074937
15.339 1 ATTITUDE 0.030018 0.043795 0.074942
15.353 1 PONG 
15.421 1 NAVIGATION 3 0 0. 0. 0. 0. 0 0
15.436 1 ATTITUDE 0.03003 0.044125 0.074934
15.534 1 ATTITUDE 0.030071 0.044608 0.074953
15.633 1 ATTITUDE 0.030062 0.044287 0.07494
15.671 1 NAVIGATION 3 0 0. 0. 0. 0. 0 0
15.733 1 ATTITUDE 0.030051 0.044128 0.074927
15.811 1 DOWNLINK_STATUS 0 16 5668 280 0 337. 17. 51.66
15.833 1 ATTITUDE 0.030089 0.044945 0.074901
15.921 1 FBW_STATUS 0 52 0 68 0
15.925 1 NAVIGATION 3 0 0. 0. 0. 0. 0 0
15.938 1 ATTITUDE 0.030114 0.044971 0.074915
16.041 1 ATTITUDE 0.030117 0.045442 0.074924
16.046 1 GPS 0 0 0 0 0 0 0 0 0 0 1
16.137 1 ATTITUDE 0.030118 0.045094 0.07493
16.139 1 ESTIMATOR 0. 0.
16.171 1 NAVIGATION 3 0 0. 0. 0. 0. 0 0
16.236 1 ATTITUDE 0.030167 0.044834 0.074975
16.238 1 PPRZ_MODE 0 3 3 2 0 17
16.334 1 ATTITUDE 0.030156 0.04495 0.074978
16.421 1 NAVIGATION 3 0 0. 0. 0. 0. 0 0
16.435 1 ATTITUDE 0.030163 0.044464 0.074984
16.533 1 ATTITUDE 0.030146 0.044152 0.07503
16.633 1 ATTITUDE 0.030175 0.044474 0.074978
16.670 1 NAVIGATION 3 0 0. 0. 0. 0. 0 0
16.733 1 ATTITUDE 0.030159 0.044855 0.074955
16.811 1 DOWNLINK_STATUS 0 17 6026 298 0 358. 18. 51.66
16.834 1 ATTITUDE 0.030238 0.044482 0.074982
16.920 1 NAVIGATION 3 0 0. 0. 0. 0. 0 0
16.936 1 ATTITUDE 0.030258 0.044237 0.074977
17.017 1 COMMANDS 250,-2352,1274,-2352,-560,0
17.041 1 ATTITUDE 0.03028 0.04386 0.075019
17.047 1 GPS 0 0 0 0 0 0 0 0 0 0 1
17.117 1 ACTUATORS 1270,1635,1465,1487,1366
17.134 1 ATTITUDE 0.030272 0.043924 0.075046
17.171 1 NAVIGATION 3 0 0. 0. 0. 0. 0 0
17.233 1 ATTITUDE 0.030247 0.045104 0.075078
17.336 1 ATTITUDE 0.030239 0.045057 0.075083
17.339 1 ESTIMATOR 0. 0.
17.420 1 NAVIGATION 3 0 0. 0. 0. 0. 0 0
17.435 1 ATTITUDE 0.030248 0.045329 0.075112
17.533 1 ATTITUDE 0.030275 0.045297 0.075108
17.633 1 ATTITUDE 0.030319 0.045113 0.075109
17.670 1 NAVIGATION 3 0 0. 0. 0. 0. 0 0
17.734 1 ATTITUDE 0.030275 0.046019 0.075075
17.812 1 DOWNLINK_STATUS 0 18 6393 316 0 367. 18. 51.66
17.834 1 ATTITUDE 0.030311 0.045889 0.075076
17.921 1 FBW_STATUS 0 51 0 68 0
17.926 1 NAVIGATION 3 0 0. 0. 0. 0. 0 0
17.938 1 ATTITUDE 0.030333 0.045861 0.075128
18.040 1 ATTITUDE 0.030364 0.045609 0.075143
18.047 1 GPS 0 0 0 0 0 0 0 0 0 0 1
18.133 1 ATTITUDE 0.030306 0.045204 0.075194
18.170 1 NAVIGATION 3 0 0. 0. 0. 0. 0 0
18.233 1 ATTITUDE 0.030343 0.045524 0.075243
18.333 1 ATTITUDE 0.03042 0.04484 0.075304
18.420 1 NAVIGATION 3 0 0. 0. 0. 0. 0 0
18.435 1 ATTITUDE 0.030859 0.04431 0.075073
18.536 1 ATTITUDE 0.030777 0.044732 0.075178
18.539 1 ESTIMATOR 0. 0.
18.633 1 ATTITUDE 0.034305 0.044988 0.074494
18.670 1 NAVIGATION 3 0 0. 0. 0. 0. 0 0
18.734 1 ATTITUDE 0.033817 0.044346 0.074401
18.813 1 DOWNLINK_STATUS 0 19 6739 333 0 346. 17. 51.66
18.834 1 ATTITUDE 0.034988 0.044345 0.07439
18.920 1 NAVIGATION 3 0 0. 0. 0. 0. 0 0
18.935 1 ATTITUDE 0.030276 0.043186 0.075081
19.040 1 ATTITUDE 0.030049 0.043973 0.075233
19.046 1 GPS 0 0 0 0 0 0 0 0 0 0 1
19.133 1 ATTITUDE 0.030966 0.045297 0.075322
19.170 1 NAVIGATION 3 0 0. 0. 0. 0. 0 0
19.233 1 ATTITUDE 0.032411 0.045483 0.074739
19.333 1 ATTITUDE 0.031956 0.045522 0.074954
19.420 1 NAVIGATION 3 0 0. 0. 0. 0. 0 0
19.435 1 ATTITUDE 0.029528 0.04541 0.075233
19.534 1 ATTITUDE 0.030348 0.047194 0.075221
19.634 1 ATTITUDE 0.032062 0.046443 0.074812
19.669 1 NAVIGATION 3 0 0. 0. 0. 0. 0 0
19.736 1 ATTITUDE 0.034915 0.046195 0.074428
19.738 1 ESTIMATOR 0. 0.
19.814 1 DOWNLINK_STATUS 0 20 7070 349 0 331. 16. 51.66
19.833 1 ATTITUDE 0.032449 0.045836 0.074928
19.920 1 FBW_STATUS 0 51 0 68 0
19.925 1 NAVIGATION 3 0 0. 0. 0. 0. 0 0
19.938 1 ATTITUDE 0.031298 0.045305 0.075015
20.040 1 ATTITUDE 0.029911 0.045582 0.075191
20.046 1 GPS 0 0 0 0 0 0 0 0 0 0 1
20.133 1 ATTITUDE 0.030521 0.045517 0.075057
20.170 1 NAVIGATION 3 0 0. 0. 0. 0. 0 0
20.233 1 ATTITUDE 0.030957 0.046167 0.074886
20.341 1 ATTITUDE 0.03147 0.046206 0.074892
20.354 1 PONG 
20.420 1 NAVIGATION 3 0 0. 0. 0. 0. 0 0
20.435 1 ATTITUDE 0.031329 0.046721 0.07495
20.534 1 ATTITUDE 0.031994 0.047338 0.075072
20.633 1 ATTITUDE 0.031894 0.047493 0.075187
20.669 1 NAVIGATION 3 0 0. 0. 0. 0. 0 0
20.733 1 ATTITUDE 0.031451 0.047744 0.07514
20.815 1 DOWNLINK_STATUS 0 21 7408 366 0 338. 17. 51.47
20.833 1 ATTITUDE 0.032109 0.048043 0.075023
20.920 1 NAVIGATION 3 0 0. 0. 0. 0. 0 0
20.936 1 ATTITUDE 0.032622 0.047977 0.074927
20.939 1 ESTIMATOR 0. 0.
21.040 1 ATTITUDE 0.034432 0.049087 0.074664
21.046 1 GPS 0 0 0 0 0 0 0 0 0 0 1
21.133 1 ATTITUDE 0.035565 0.048872 0.074535
21.170 1 NAVIGATION 3 0 0. 0. 0. 0. 0 0
21.234 1 ATTITUDE 0.034441 0.048331 0.074576
21.334 1 ATTITUDE 0.034983 0.047613 0.07452
21.420 1 NAVIGATION 3 0 0. 0. 0. 0. 0 0
21.435 1 ATTITUDE 0.035029 0.048508 0.074599
21.533 1 ATTITUDE 0.033255 0.048536 0.074903
21.633 1 ATTITUDE 0.032977 0.049565 0.074916
21.670 1 NAVIGATION 3 0 0. 0. 0. 0. 0 0
21.733 1 ATTITUDE 0.03413 0.049961 0.074614
21.816 1 DOWNLINK_STATUS 0 22 7739 382 0 331. 16. 51.47
21.833 1 ATTITUDE 0.035768 0.049675 0.074333
21.921 1 FBW_STATUS 0 49 0 68 0
21.925 1 NAVIGATION 3 0 0. 0. 0. 0. 0 0
21.938 1 ATTITUDE 0.041102 0.05065 0.073694
22.017 1 COMMANDS 250,-2352,1274,-2352,-560,0
22.040 1 ATTITUDE 0.037843 0.049668 0.074136
22.046 1 GPS 0 0 0 0 0 0 0 0 0 0 1
22.116 1 ACTUATORS 1270,1635,1464,1487,1366
22.137 1 ATTITUDE 0.036394 0.049411 0.074345
22.138 1 ESTIMATOR 0. 0.
22.170 1 NAVIGATION 3 0 0. 0. 0. 0. 0 0
22.235 1 ATTITUDE 0.03745 0.049207 0.074149
22.237 1 PPRZ_MODE 0 3 3 2 0 17
22.334 1 ATTITUDE 0.037795 0.049116 0.074098
22.420 1 NAVIGATION 3 0 0. 0. 0. 0. 0 0
22.435 1 ATTITUDE 0.039636 0.049446 0.073794
22.533 1 ATTITUDE 0.038744 0.049623 0.073996
22.638 1 ATTITUDE 0.034514 0.048647 0.07472
22.641 1 BAT 250 68 0 0 1 19 19 0
22.670 1 NAVIGATION 3 0 0. 0. 0. 0. 0 0
22.733 1 ATTITUDE 0.033841 0.048404 0.074976
22.816 1 DOWNLINK_STATUS 0 23 8154 403 0 415. 21. 51.47
22.833 1 ATTITUDE 0.033937 0.047846 0.074999
22.920 1 NAVIGATION 3 0 0. 0. 0. 0. 0 0
22.935 1 ATTITUDE 0.033504 0.047443 0.075133
23.045 1 ATTITUDE 0.033384 0.047562 0.075183
23.050 1 GPS 0 0 0 0 0 0 0 0 0 0 1
23.055 1 ALIVE 203,67,147,98,198,93,218,3,125,189,35,233,55,114,181,190
23.062 1 WIND_INFO 1 42 0. 0. 0.
23.133 1 ATTITUDE 0.033182 0.047581 0.075214
23.169 1 NAVIGATION 3 0 0. 0. 0. 0. 0 0
23.233 1 ATTITUDE 0.032921 0.048356 0.075244
23.336 1 ATTITUDE 0.032809 0.048329 0.075289
23.338 1 ESTIMATOR 0. 0.
23.420 1 NAVIGATION 3 0 0. 0. 0. 0. 0 0
23.435 1 ATTITUDE 0.032652 0.048078 0.075409
23.533 1 ATTITUDE 0.032637 0.048704 0.075389
23.633 1 ATTITUDE 0.032664 0.048702 0.075382
23.670 1 NAVIGATION 3 0 0. 0. 0. 0. 0 0
23.736 1 ATTITUDE 0.032545 0.048597 0.075371
23.737 1 DOWNLINK 0 353 561
23.817 1 DOWNLINK_STATUS 0 24 8519 421 0 365. 18. 51.47
23.833 1 ATTITUDE 0.032559 0.048991 0.075404
23.920 1 FBW_STATUS 0 51 0 68 0
23.925 1 NAVIGATION 3 0 0. 0. 0. 0. 0 0
23.937 1 ATTITUDE 0.033447 0.048713 0.075006
24.040 1 ATTITUDE 0.032846 0.048605 0.075228
24.045 1 GPS 0 0 0 0 0 0 0 0 0 0 1
24.136 1 ATTITUDE 0.033277 0.048639 0.075324
24.139 1 GPS_SOL 0 0 0 0
24.170 1 NAVIGATION 3 0 0. 0. 0. 0. 0 0
24.233 1 ATTITUDE 0.033641 0.048435 0.075192
24.333 1 ATTITUDE 0.034985 0.0487 0.074824
24.420 1 NAVIGATION 3 0 0. 0. 0. 0. 0 0
24.435 1 ATTITUDE 0.034568 0.048516 0.074932
24.536 1 ATTITUDE 0.033457 0.048141 0.075354
24.538 1 ESTIMATOR 0. 0.
24.633 1 ATTITUDE 0.03313 0.047584 0.075511
24.670 1 NAVIGATION 3 0 0. 0. 0. 0. 0 0
24.733 1 ATTITUDE 0.033043 0.047628 0.075282
24.818 1 DOWNLINK_STATUS 0 25 8882 439 0 363. 18. 51.47
24.833 1 ATTITUDE 0.030466 0.045633 0.075658
24.919 1 NAVIGATION 3 0 0. 0. 0. 0. 0 0
24.935 1 ATTITUDE 0.030822 0.045587 0.075626
25.040 1 ATTITUDE 0.031055 0.045606 0.075688
25.046 1 GPS 0 0 0 0 0 0 0 0 0 0 1
25.133 1 ATTITUDE 0.031747 0.046048 0.075631
25.170 1 NAVIGATION 3 0 0. 0. 0. 0. 0 0
25.233 1 ATTITUDE 0.028935 0.045052 0.075903
25.341 1 ATTITUDE 0.022769 0.04227 0.07654
25.355 1 PONG 
25.420 1 NAVIGATION 3 0 0. 0. 0. 0. 0 0
25.435 1 ATTITUDE 0.029313 0.045668 0.076451
25.532 1 ATTITUDE 0.030993 0.046193 0.076187
25.632 1 ATTITUDE 0.032345 0.046412 0.075978
25.669 1 NAVIGATION 3 0 0. 0. 0. 0. 0 0
25.736 1 ATTITUDE 0.021248 0.039852 0.076672
25.738 1 ESTIMATOR 0. 0.
25.819 1 DOWNLINK_STATUS 0 26 9219 456 0 337. 17. 51.53
25.833 1 ATTITUDE 0.026954 0.044527 0.076992
25.920 1 FBW_STATUS 0 49 0 68 0
25.925 1 NAVIGATION 3 0 0. 0. 0. 0. 0 0
25.938 1 ATTITUDE 0.027366 0.044145 0.077518
26.040 1 ATTITUDE 0.030481 0.045025 0.077342
26.046 1 GPS 0 0 0 0 0 0 0 0 0 0 1
26.133 1 ATTITUDE 0.032297 0.045095 0.077118
26.170 1 NAVIGATION 3 0 0. 0. 0. 0. 0 0
26.233 1 ATTITUDE 0.035281 0.045613 0.076314
26.333 1 ATTITUDE 0.035908 0.047026 0.076514
26.420 1 NAVIGATION 3 0 0. 0. 0. 0. 0 0
26.434 1 ATTITUDE 0.033788 0.045597 0.076667
26.532 1 ATTITUDE 0.032132 0.045315 0.07678
26.633 1 ATTITUDE 0.026117 0.04221 0.078803
26.669 1 NAVIGATION 3 0 0. 0. 0. 0. 0 0
26.733 1 ATTITUDE 0.042764 0.04868 0.078729
26.820 1 DOWNLINK_STATUS 0 27 9551 472 0 332. 16. 51.53
26.833 1 ATTITUDE 0.044673 0.048618 0.078188
26.920 1 NAVIGATION 3 0 0. 0. 0. 0. 0 0
26.936 1 ATTITUDE 0.075125 0.051948 0.071805
26.939 1 ESTIMATOR 0. 0.
27.017 1 COMMANDS 250,-2352,1274,-2352,-560,0
27.040 1 ATTITUDE 0.052499 0.046608 0.075761
27.046 1 GPS 0 0 0 0 0 0 0 0 0 0 1
27.116 1 ACTUATORS 1270,1635,1465,1487,1366
27.134 1 ATTITUDE 0.040434 0.046578 0.077179
27.170 1 NAVIGATION 3 0 0. 0. 0. 0. 0 0
27.235 1 ATTITUDE 0.009442 0.039408 0.077537
27.335 1 ATTITUDE -0.002123 0.03444 0.077196
27.419 1 NAVIGATION 3 0 0. 0. 0. 0. 0 0
27.435 1 ATTITUDE -0.018747 0.028172 0.074664
27.533 1 ATTITUDE 0.029472 0.041609 0.075003
27.633 1 ATTITUDE 0.02806 0.042406 0.0759
27.669 1 NAVIGATION 3 0 0. 0. 0. 0. 0 0
27.733 1 ATTITUDE 0.017903 0.033192 0.076647
27.820 1 DOWNLINK_STATUS 0 28 9918 490 0 367. 18. 51.53
27.833 1 ATTITUDE 0.032089 0.037698 0.076417
27.921 1 FBW_STATUS 0 50 0 68 0
27.925 1 NAVIGATION 3 0 0. 0. 0. 0. 0 0
27.939 1 ATTITUDE 0.032149 0.038074 0.076558
28.040 1 ATTITUDE 0.031024 0.037684 0.076589
28.045 1 GPS 0 0 0 0 0 0 0 0 0 0 1
28.135 1 ATTITUDE 0.029641 0.037083 0.076733
28.138 1 ESTIMATOR 0. 0.
28.169 1 NAVIGATION 3 0 0. 0. 0. 0. 0 0
28.235 1 ATTITUDE 0.033925 0.03816 0.076054
28.237 1 PPRZ_MODE 0 3 3 2 0 17
28.333 1 ATTITUDE 0.028061 0.038023 0.077313
28.419 1 NAVIGATION 3 0 0. 0. 0. 0. 0 0
28.435 1 ATTITUDE 0.027158 0.037434 0.0776
28.533 1 ATTITUDE 0.029083 0.038854 0.077304
28.633 1 ATTITUDE 0.029964 0.039524 0.077236
28.670 1 NAVIGATION 3 0 0. 0. 0. 0. 0 0
28.733 1 ATTITUDE 0.029533 0.040006 0.077441
28.821 1 DOWNLINK_STATUS 0 29 10276 508 0 358. 18. 51.53
28.832 1 ATTITUDE 0.029226 0.039946 0.077695
28.920 1 NAVIGATION 3 0 0. 0. 0. 0. 0 0
28.934 1 ATTITUDE 0.02793 0.039014 0.077944
29.039 1 ATTITUDE 0.026787 0.038866 0.078326
29.046 1 GPS 0 0 0 0 0 0 0 0 0 0 1
29.132 1 ATTITUDE 0.027178 0.039038 0.078278
29.169 1 NAVIGATION 3 0 0. 0. 0. 0. 0 0
29.233 1 ATTITUDE 0.029012 0.039833 0.078247
29.336 1 ATTITUDE 0.029871 0.040545 0.078236
29.338 1 ESTIMATOR 0. 0.
29.420 1 NAVIGATION 3 0 0. 0. 0. 0. 0 0
29.435 1 ATTITUDE 0.029297 0.040303 0.078325
29.533 1 ATTITUDE 0.02966 0.04052 0.078172
29.633 1 ATTITUDE 0.028932 0.041149 0.078439
29.670 1 NAVIGATION 3 0 0. 0. 0. 0. 0 0
29.732 1 ATTITUDE 0.029162 0.041448 0.078533
29.822 1 DOWNLINK_STATUS 0 30 10607 524 0 331. 16. 51.53
30.823 1 DOWNLINK_STATUS 0 31 10607 524 0 0. 0. -4949.62
31.824 1 DOWNLINK_STATUS 0 32 10607 524 0 0. 0. -4949.62
32.824 1 DOWNLINK_STATUS 0 33 10607 524 0 0. 0. -4949.62
33.062 1 WIND_INFO 1 42 0. 0. 0.
33.310 1 COMMANDS 0,0,0,0,0,0
33.328 1 ATTITUDE 0. 0. 0.
33.334 1 GPS 0 0 0 0 0 0 0 0 0 0 0
33.345 1 ACTUATORS 1250,1580,1550,1580,1350
33.362 1 ATTITUDE 0. 0. 0.
33.364 1 ESTIMATOR 0. 0.
33.377 1 PPRZ_MODE 0 0 0 0 0 17
33.396 1 NAVIGATION 0 1 0. 0. 0. 0. 0 0
33.412 1 ATTITUDE 0. 0. 0.
33.414 1 PPRZ_MODE 0 0 0 0 0 17
33.430 1 ATTITUDE 0. 0. 0.
33.433 1 BAT 250 68 0 0 1 0 0 0
33.444 1 PONG 
33.474 1 NAVIGATION 0 2 10975635. -5933901. 0. 1.5567575371e+14 0 0
33.476 1 ATTITUDE 0. 0. 0.
33.480 1 ALIVE 203,67,147,98,198,93,218,3,125,189,35,233,55,114,181,190
33.483 1 ATTITUDE 0. 0. 0.
33.485 1 DOWNLINK 0 32 20
33.488 1 ATTITUDE 0. 0. 0.
33.491 1 GPS_SOL 649519040 100000 9999 0
33.496 1 NAVIGATION 0 2 10975635. -5933901. 0. 1.5567575371e+14 0 0
33.499 1 ATTITUDE 0. 0. 0.
33.502 1 ATTITUDE 0. 0. 0.
33.507 1 NAVIGATION 0 2 10975635. -5933901. 0. 1.5567575371e+14 0 0
33.510 1 ATTITUDE 0. 0. 0.
33.513 1 ATTITUDE 0. 0. 0.
33.519 1 GPS 0 1130805120 0 0 -17000 0 0 0 750 12 1
33.521 1 SVINFO 1 2 16 1 0 -91 0
33.524 1 ATTITUDE 0. 0. 0.
33.529 1 NAVIGATION 0 2 10975635. -5933901. 0. 1.5567575371e+14 0 0
33.532 1 ATTITUDE 0. 0. 0.
33.535 1 ATTITUDE 0. 0. 0.
33.824 1 DOWNLINK_STATUS 0 34 11221 556 0 614. 32. 3139.77
34.825 1 DOWNLINK_STATUS 0 35 11221 556 0 0. 0. 3139.77
35.826 1 DOWNLINK_STATUS 0 36 11221 556 0 0. 0. -1861.55
36.827 1 DOWNLINK_STATUS 0 37 11221 556 0 0. 0. -1861.55
37.828 1 DOWNLINK_STATUS 0 38 11221 556 0 0. 0. -1861.55
38.830 1 DOWNLINK_STATUS 0 39 11221 556 0 0. 0. -1861.55
39.831 1 DOWNLINK_STATUS 0 40 11221 556 0 0. 0. -1861.55
40.160 1 FBW_STATUS 0 48 0 68 0
40.164 1 NAVIGATION 0 2 10975635. -5933901. 0. 1.5567575371e+14 0 0
40.177 1 ATTITUDE 0. 0. 0.
40.203 1 ATTITUDE 0. 0. 0.
40.209 1 GPS 0 1130805120 0 0 -17000 0 0 0 3750 12 4
40.211 1 SVINFO 4 5 16 1 0 -91 0
40.215 1 ATTITUDE 0. 0. 0.
40.219 1 NAVIGATION 0 2 10975635. -5933901. 0. 1.5567575371e+14 0 0
40.222 1 ATTITUDE 0. 0. 0.
40.225 1 ATTITUDE 0. 0. 0.
40.230 1 NAVIGATION 0 2 10975635. -5933901. 0. 1.5567575371e+14 0 0
40.233 1 ATTITUDE 0. 0. 0.
40.236 1 ATTITUDE 0. 0. 0.
40.239 1 ATTITUDE 0. 0. 0.
40.244 1 NAVIGATION 0 2 10975635. -5933901. 0. 1.5567575371e+14 0 0
40.247 1 ATTITUDE 0. 0. 0.
40.250 1 ATTITUDE 0. 0. 0.
40.255 1 NAVIGATION 0 2 10975635. -5933901. 0. 1.5567575371e+14 0 0
40.258 1 ATTITUDE 0. 0. 0.
40.260 1 ESTIMATOR -17. 0.
40.263 1 COMMANDS 250,-2352,1274,-2352,-546,0
40.267 1 ATTITUDE 0. 0. 0.
40.520 1 ATTITUDE 0.073965 0.219349 0.094265
40.625 1 ATTITUDE 0.073958 0.219098 0.09429
40.629 1 ALIVE 203,67,147,98,198,93,218,3,125,189,35,233,55,114,181,190
40.656 1 NAVIGATION 0 2 10975635. -5933901. 0. 1.5567575371e+14 0 0
40.719 1 ATTITUDE 0.073984 0.219225 0.094364
40.819 1 ATTITUDE 0.073987 0.219218 0.094409
40.832 1 DOWNLINK_STATUS 0 41 11783 584 2 562. 28. -6861.99
40.906 1 NAVIGATION 0 2 10975635. -5933901. 0. 1.5567575371e+14 0 0
40.925 1 ATTITUDE 0.074055 0.218824 0.094421
40.927 1 ESTIMATOR -17. 0.
40.929 1 DOWNLINK 0 365 211
41.030 1 ATTITUDE 0.07411 0.218826 0.094424
41.035 1 GPS 0 1130805120 0 0 -17000 0 0 0 426297250 12 11
41.038 1 SVINFO 11 14 16 1 0 -91 0
41.123 1 ATTITUDE 0.074132 0.219547 0.094438
41.126 1 GPS_SOL 649521728 100000 9999 0
41.156 1 NAVIGATION 0 2 10975635. -5933901. 0. 1.5567575371e+14 0 0
41.220 1 ATTITUDE 0.074195 0.220668 0.094387
41.320 1 ATTITUDE 0.074214 0.220848 0.094417
41.406 1 NAVIGATION 0 2 10975635. -5933901. 0. 1.5567575371e+14 0 0
41.422 1 ATTITUDE 0.074293 0.220973 0.094409
