13.731 1 ATTITUDE -0.11022 -3.011815 0.052463
13.737 1 DESIRED 0.02 4.82 0. -42. 82. 210. 6. 20.
13.743 1 GPS 0 16602147 0 0 -17000 0 0 0 16500 31 2
13.745 1 SVINFO 2 3 16 1 0 -91 0
13.749 1 IMU_GYRO -0.353271 -0.863037 -0.560791
13.753 1 NAVIGATION 0 0 -194263.5 -4813595. 2.32095901286e+13 2.32095901286e+13 0 0
13.756 1 ATTITUDE -0.147449 -3.04739 0.107929
13.759 1 ESTIMATOR -17. 0.
13.763 1 NAVIGATION 0 0 -194263.5 -4813595. 2.32095901286e+13 2.32095901286e+13 0 0
13.767 1 BAT 0 68 0 0 0 16 16 0
13.770 1 GPS_SOL 649525440 100000 9999 0
13.772 1 DOWNLINK 9 925 710
13.853 1 DOWNLINK_STATUS 0 14 6111 281 0 839. 40. 2593.04
14.018 1 ATTITUDE -0.150459 -3.027442 0.105479
14.025 1 DESIRED 0.02 4.83 0. -42. 82. 210. 6. 20.
14.028 1 WP_MOVED 0 360327. 4813637. 250. 31
14.034 1 GPS 0 16602147 0 0 -17000 0 0 0 16750 31 3
14.037 1 SVINFO 3 4 16 1 0 -91 0
14.041 1 NAVIGATION 0 0 -194263.5 -4813595. 2.32095901286e+13 2.32095901286e+13 0 0
14.044 1 ATTITUDE -0.142441 -3.01847 0.100985
14.047 1 CIRCLE 0. 120. 40.
14.050 1 ATTITUDE -0.1424 -3.028878 0.096364
14.057 1 DESIRED 0.02 4.83 0. -42. 82. 210. 6. 20.
14.059 1 PPRZ_MODE 2 3 3 2 0 6
14.305 1 ATTITUDE -0.136348 -3.050604 0.085775
14.311 1 GPS 0 16602147 0 0 -17000 0 0 0 17000 31 4
14.313 1 SVINFO 4 5 16 1 0 -91 0
14.315 1 DL_VALUE 0 0.
14.320 1 NAVIGATION 0 0 -194263.5 -4813595. 2.32095901286e+13 2.32095901286e+13 0 0
14.323 1 ATTITUDE -0.129352 -3.07153 0.078094
14.329 1 DESIRED 0.02 4.83 0. -42. 82. 210. 6. 20.
14.332 1 ESTIMATOR -17. 0.
14.335 1 IMU_GYRO 0.055176 -0.365967 0.023193
14.338 1 ATTITUDE -0.129026 -3.104311 0.075716
14.342 1 WP_MOVED 1 360285. 4813715. 250. 31
14.345 1 IMU_ACCEL 1.21582 -9.316406 -1.09668
14.593 1 GPS 0 16602147 0 0 -17000 0 0 0 17250 31 5
14.595 1 SVINFO 5 6 16 1 0 -91 0
14.600 1 NAVIGATION 0 0 -194263.5 -4813595. 2.32095901286e+13 2.32095901286e+13 0 0
14.603 1 ATTITUDE -0.128735 -3.125703 0.073319
14.609 1 DESIRED 0.02 4.83 0. -42. 82. 210. 6. 20.
14.613 1 IMU_MAG -3.881836 -1.608398 -4.572266
14.616 1 ATTITUDE -0.12542 -3.133913 0.070565
14.619 1 ATTITUDE -0.12358 -3.126071 0.069155
14.626 1 DESIRED 0.02 4.82 0. -42. 82. 210. 6. 20.
14.631 1 GPS 0 16602147 0 0 -17000 0 0 0 17500 31 6
14.634 1 SVINFO 6 7 16 1 0 -91 0
14.853 1 DOWNLINK_STATUS 0 15 6878 315 0 767. 34. 2593.04
14.879 1 CALIBRATION -150. 0
14.883 1 NAVIGATION 0 0 -194263.5 -4813595. 2.32095901286e+13 2.32095901286e+13 0 0
14.886 1 ATTITUDE -0.120007 -3.136608 0.066957
14.889 1 ESTIMATOR -17. 0.
14.893 1 NAVIGATION 0 0 -194263.5 -4813595. 2.32095901286e+13 2.32095901286e+13 0 0
14.896 1 ATTITUDE -0.117873 3.122728 0.064331
14.903 1 DESIRED 0.02 4.82 0. -42. 82. 210. 6. 20.
14.907 1 WP_MOVED 0 360327. 4813637. 250. 31
14.910 1 IMU_GYRO 0.016846 -0.286133 0.006348
14.913 1 BAT 0 68 0 0 0 17 17 0
14.919 1 GPS 0 16602147 0 0 -17000 0 0 0 17750 31 7
14.921 1 SVINFO 7 8 16 1 0 -91 0
15.101 1 FBW_STATUS 2 0 1 68 0
15.106 1 NAVIGATION 0 0 -194263.5 -4813595. 2.32095901286e+13 2.32095901286e+13 0 0
15.109 1 ATTITUDE -0.115812 3.103497 0.061984
15.112 1 CIRCLE 0. 120. 40.
15.115 1 ATTITUDE -0.113513 3.088295 0.060081
15.122 1 DESIRED 0.02 4.82 0. -42. 82. 210. 6. 20.
15.123 1 PPRZ_MODE 2 3 3 2 0 6
15.127 1 ATTITUDE -0.111797 3.088586 0.058588
15.334 1 GPS 0 16602147 0 0 -17000 0 0 0 18000 31 8
15.336 1 SVINFO 8 9 16 1 0 -91 0
15.340 1 IMU_ACCEL 1.268555 -9.689453 -0.579102
15.345 1 NAVIGATION 0 0 -194263.5 -4813595. 2.32095901286e+13 2.32095901286e+13 0 0
15.347 1 ATTITUDE -0.110504 3.083514 0.05764
15.355 1 DESIRED 0.02 4.82 0. -42. 82. 210. 6. 20.
15.356 1 ESTIMATOR -17. 0.
15.359 1 ATTITUDE -0.10765 3.070588 0.0558
15.363 1 WP_MOVED 1 360285. 4813715. 250. 31
15.800 1 GPS 0 16602147 0 0 -17000 0 0 0 18250 31 9
15.803 1 SVINFO 9 10 16 1 0 -91 0
15.807 1 NAVIGATION 0 0 -194263.5 -4813595. 2.32095901286e+13 2.32095901286e+13 0 0
15.810 1 ATTITUDE -0.103224 3.060383 0.053655
15.817 1 DESIRED 0.02 4.82 0. -42. 82. 210. 6. 20.
15.820 1 IMU_GYRO 0.081787 -0.200928 0.138184
15.823 1 ATTITUDE -0.07135 3.044124 0.028539
15.854 1 DOWNLINK_STATUS 0 16 7662 351 0 784. 36. -2407.94
16.855 1 DOWNLINK_STATUS 0 17 7662 351 0 0. 0. -2407.94
16.867 1 ATTITUDE -0.068463 2.986425 0.026428
16.873 1 DESIRED 0.02 4.81 0. -42. 82. 210. 6. 20.
16.879 1 GPS 0 16602147 0 0 -17000 0 0 0 18500 31 10
16.882 1 SVINFO 10 11 16 1 0 -91 0
16.884 1 DL_VALUE 1 0.
16.885 1 STATE_FILTER_STATUS 3 0
16.890 1 NAVIGATION 0 0 -194263.5 -4813595. 2.32095901286e+13 2.32095901286e+13 0 0
16.893 1 ATTITUDE -0.073989 2.999464 0.026451
16.895 1 ESTIMATOR -17. 0.
16.900 1 NAVIGATION 0 0 -194263.5 -4813595. 2.32095901286e+13 2.32095901286e+13 0 0
16.903 1 IMU_MAG -3.759277 -1.709961 -4.851562
16.906 1 GPS_SOL 649527040 100000 9999 0
17.152 1 ATTITUDE -0.073009 3.007214 0.026287
17.159 1 DESIRED 0.02 4.81 0. -42. 82. 210. 6. 20.
17.161 1 WP_MOVED 0 360327. 4813637. 250. 31
17.167 1 GPS 0 16602147 0 0 -17000 0 0 0 18750 31 11
17.170 1 SVINFO 11 12 16 1 0 -91 0
17.175 1 NAVIGATION 0 0 -194263.5 -4813595. 2.32095901286e+13 2.32095901286e+13 0 0
17.177 1 ATTITUDE -0.071492 3.014192 0.025285
17.180 1 IMU_ACCEL 0.249023 -9.967773 0.55957
17.184 1 BAT 0 68 0 0 0 19 19 0
17.187 1 ATTITUDE -0.072338 3.022706 0.025713
17.195 1 DESIRED 0.02 4.81 0. -42. 82. 210. 6. 20.
17.440 1 IMU_GYRO -0.072266 0.011475 -0.006348
17.442 1 PPRZ_MODE 2 3 3 2 0 6
17.445 1 CIRCLE 0. 120. 40.
17.448 1 ATTITUDE -0.072314 3.034269 0.025744
17.454 1 GPS 0 16602147 0 0 -17000 0 0 0 19000 31 12
17.456 1 SVINFO 12 13 16 1 0 -91 0
17.461 1 NAVIGATION 0 0 -194263.5 -4813595. 2.32095901286e+13 2.32095901286e+13 0 0
17.464 1 ATTITUDE -0.072548 3.043466 0.025475
17.471 1 DESIRED 0.02 4.81 0. -42. 82. 210. 6. 20.
17.473 1 ESTIMATOR -17. 0.
17.476 1 ATTITUDE -0.072023 3.050474 0.025227
17.480 1 WP_MOVED 1 360285. 4813715. 250. 31
17.728 1 GPS 0 16602147 0 0 -17000 0 0 0 19250 31 13
17.731 1 SVINFO 13 14 16 1 0 -91 0
17.735 1 NAVIGATION 0 0 -194263.5 -4813595. 2.32095901286e+13 2.32095901286e+13 0 0
17.739 1 ATTITUDE -0.071492 3.05719 0.0247
17.745 1 DESIRED 0.02 4.81 0. -42. 82. 210. 6. 20.
17.748 1 ATTITUDE -0.071576 3.064753 0.024679
17.751 1 NAVIGATION_REF 360285 4813595 31
17.754 1 ATTITUDE -0.071396 3.071779 0.024501
17.761 1 DESIRED 0.02 4.81 0. -42. 82. 210. 6. 20.
17.766 1 GPS 0 16602147 0 0 -17000 0 0 0 19500 31 14
17.769 1 SVINFO 14 15 16 1 0 -91 0
17.855 1 DOWNLINK_STATUS 0 18 8678 397 0 1016. 46. -2407.94
18.015 1 IMU_GYRO -0.052002 0.009521 -0.005127
18.020 1 NAVIGATION 0 0 -194263.5 -4813595. 2.32095901286e+13 2.32095901286e+13 0 0
18.023 1 ATTITUDE -0.07114 3.078818 0.024315
18.025 1 ESTIMATOR -17. 0.
18.028 1 IMU_ACCEL 0.416016 -9.833008 0.257812
18.033 1 NAVIGATION 0 0 -194263.5 -4813595. 2.32095901286e+13 2.32095901286e+13 0 0
18.035 1 CALIBRATION -150. 0
18.038 1 ATTITUDE -0.070797 3.085892 0.02412
18.044 1 DESIRED 0.02 4.81 0. -42. 82. 210. 6. 20.
18.048 1 WP_MOVED 0 360327. 4813637. 250. 31
18.054 1 GPS 0 16602147 0 0 -17000 0 0 0 19750 31 15
18.056 1 SVINFO 15 16 16 1 0 -91 0
18.301 1 FBW_STATUS 2 0 1 68 0
18.306 1 NAVIGATION 0 0 -194263.5 -4813595. 2.32095901286e+13 2.32095901286e+13 0 0
18.309 1 ATTITUDE -0.070496 3.092911 0.023925
18.312 1 COMMANDS 0,2587,9600,0,0
18.315 1 ATTITUDE -0.070225 3.099803 0.023753
18.321 1 DESIRED 0.02 4.81 0. -42. 82. 210. 6. 20.
18.324 1 PPRZ_MODE 2 3 3 2 0 6
18.327 1 BAT 0 68 0 0 0 20 20 0
18.330 1 IMU_MAG -3.774902 -1.734375 -4.762207
18.333 1 CIRCLE 0. 120. 40.
18.336 1 ACTUATORS 1200,1000,1634,1634,1350
18.340 1 ATTITUDE -0.070026 3.106685 0.023602
18.588 1 GPS 0 16602147 0 0 -17000 0 0 0 20000 31 16
18.591 1 SVINFO 0 1 16 3 20 -91 0
18.593 1 DL_VALUE 2 210.
18.597 1 NAVIGATION 0 0 -194263.5 -4813595. 2.32095901286e+13 2.32095901286e+13 0 0
18.600 1 ATTITUDE -0.069769 3.11352 0.023441
18.607 1 DESIRED 0.02 4.81 0. -42. 82. 210. 6. 20.
18.609 1 ESTIMATOR -17. 0.
18.617 1 WP_MOVED 1 360285. 4813715. 250. 31
18.622 1 GPS 0 16602147 0 0 -17000 0 0 0 20250 31 1
18.625 1 SVINFO 1 2 16 1 0 -91 0
18.629 1 NAVIGATION 0 0 -194263.5 -4813595. 2.32095901286e+13 2.32095901286e+13 0 0
18.632 1 ATTITUDE -0.069262 3.127099 0.023085
18.856 1 DOWNLINK_STATUS 0 19 9433 433 1 755. 36. -2407.94
18.881 1 DESIRED 0.02 4.81 0. -42. 82. 210. 6. 20.
18.885 1 ATTITUDE -0.068997 3.133904 0.022935
18.888 1 IMU_ACCEL 0.420898 -9.857422 0.219727
18.891 1 ATTITUDE -0.068778 3.140625 0.02282
18.897 1 DESIRED 0.02 4.81 0. -42. 82. 210. 6. 20.
18.903 1 GPS 0 16602147 0 0 -17000 0 0 0 20500 31 2
18.906 1 SVINFO 2 3 16 1 0 -91 0
18.910 1 NAVIGATION 0 0 -194263.5 -4813595. 2.32095901286e+13 2.32095901286e+13 0 0
18.913 1 ATTITUDE -0.068508 -3.135823 0.022705
18.915 1 ESTIMATOR -17. 0.
19.163 1 NAVIGATION 0 0 -194263.5 -4813595. 2.32095901286e+13 2.32095901286e+13 0 0
19.165 1 GPS_SOL 649528832 100000 9999 0
19.168 1 ATTITUDE -0.068279 -3.129128 0.022515
19.176 1 DESIRED 0.02 4.81 0. -42. 82. 210. 6. 20.
19.178 1 WP_MOVED 0 360327. 4813637. 250. 31
19.181 1 IMU_GYRO -0.049805 0.008301 -0.005127
19.183 1 STATE_FILTER_STATUS 3 0
19.189 1 GPS 0 16602147 0 0 -17000 0 0 0 20750 31 3
19.191 1 SVINFO 3 4 16 1 0 -91 0
19.196 1 NAVIGATION 0 0 -194263.5 -4813595. 2.32095901286e+13 2.32095901286e+13 0 0
19.199 1 ATTITUDE -0.068004 -3.122469 0.02233
19.202 1 ATTITUDE -0.067797 -3.115849 0.022214
19.452 1 DESIRED 0.02 4.81 0. -42. 82. 210. 6. 20.
19.454 1 PPRZ_MODE 2 3 3 2 0 6
19.457 1 ATTITUDE -0.067587 -3.109175 0.022096
19.463 1 GPS 0 16602147 0 0 -17000 0 0 0 21000 31 4
19.465 1 SVINFO 4 5 16 1 0 -91 0
19.469 1 CIRCLE 0. 120. 40.
19.481 1 DESIRED 0.02 4.81 0. -42. 82. 210. 6. 20.
19.483 1 ESTIMATOR -17. 0.
19.487 1 ALIVE 120,141,72,194,245,154,175,11,203,60,224,93,123,65,177,72
19.491 1 ATTITUDE -0.067198 -3.095964 0.021803
19.737 1 WP_MOVED 1 360285. 4813715. 250. 31
19.740 1 IMU_ACCEL 0.445312 -9.862305 0.219727
19.743 1 IMU_MAG -3.757812 -1.73584 -4.853027
19.749 1 GPS 0 16602147 0 0 -17000 0 0 0 21250 31 5
19.751 1 SVINFO 5 6 16 1 0 -91 0
19.756 1 NAVIGATION 0 0 -194263.5 -4813595. 2.32095901286e+13 2.32095901286e+13 0 0
19.765 1 WP_MOVED 1 360285. 4813715. 250. 31
19.771 1 GPS 0 16602147 0 0 -17000 0 0 0 22250 31 9
19.774 1 SVINFO 9 11 16 1 0 -91 0
19.778 1 NAVIGATION 0 0 -194263.5 -4813595. 2.32095901286e+13 2.32095901286e+13 0 0
19.781 1 ATTITUDE -0.064873 -3.025334 0.020202
19.856 1 DOWNLINK_STATUS 0 20 10389 476 3 956. 43. -2407.94
20.031 1 DESIRED 0.02 4.81 0. -42. 82. 210. 6. 20.
20.034 1 ATTITUDE -0.064647 -3.019131 0.020051
20.037 1 ATTITUDE -0.064472 -3.012949 0.019909
20.043 1 DESIRED 0.02 4.81 0. -42. 82. 210. 6. 20.
20.049 1 GPS 0 16602147 0 0 -17000 0 0 0 22500 31 10
20.052 1 SVINFO 10 12 16 1 0 -91 0
20.055 1 IMU_GYRO -0.051025 0.008301 -0.006348
20.059 1 NAVIGATION 0 0 -194263.5 -4813595. 2.32095901286e+13 2.32095901286e+13 0 0
20.062 1 ATTITUDE -0.064313 -3.006749 0.019778
20.065 1 ESTIMATOR -17. 0.
20.312 1 NAVIGATION 0 0 -194263.5 -4813595. 2.32095901286e+13 2.32095901286e+13 0 0
20.315 1 GPS_SOL 649530880 100000 9999 0
20.318 1 ATTITUDE -0.064175 -3.000576 0.019646
20.325 1 DESIRED 0.02 4.81 0. -42. 82. 210. 6. 20.
20.328 1 WP_MOVED 0 360327. 4813637. 250. 31
20.334 1 GPS 0 16602147 0 0 -17000 0 0 0 22750 31 11
20.337 1 SVINFO 11 13 16 1 0 -91 0
20.341 1 NAVIGATION 0 0 -194263.5 -4813595. 2.32095901286e+13 2.32095901286e+13 0 0
20.344 1 ATTITUDE -0.064023 -2.994493 0.019526
20.347 1 IMU_ACCEL 0.411133 -9.829102 0.196289
20.350 1 ATTITUDE -0.063872 -2.988404 0.019347
20.600 1 DESIRED 0.02 4.81 0. -42. 82. 210. 6. 20.
20.601 1 PPRZ_MODE 2 3 3 2 0 6
20.602 1 STATE_FILTER_STATUS 3 0
20.606 1 ATTITUDE -0.063644 -2.982363 0.019213
20.612 1 GPS 0 16602147 0 0 -17000 0 0 0 23000 31 12
20.614 1 SVINFO 12 14 16 1 0 -91 0
20.616 1 DL_VALUE 4 0.
20.621 1 NAVIGATION 0 0 -194263.5 -4813595. 2.32095901286e+13 2.32095901286e+13 0 0
20.624 1 ATTITUDE -0.063391 -2.97636 0.019035
20.631 1 DESIRED 0.02 4.81 0. -42. 82. 210. 6. 20.
20.632 1 ESTIMATOR -17. 0.
20.636 1 IMU_GYRO -0.049805 0.008301 -0.005127
20.639 1 CIRCLE 0. 120. 40.
20.642 1 ATTITUDE -0.063158 -2.970341 0.018866
20.857 1 DOWNLINK_STATUS 0 21 11155 511 3 766. 35. -7408.06
21.326 1 WP_MOVED 1 360285. 4813715. 250. 31
21.329 1 BAT 0 68 0 0 0 23 23 0
21.335 1 GPS 0 16602147 0 0 -17000 0 0 0 23250 31 13
21.338 1 SVINFO 13 16 16 1 0 -91 0
21.342 1 NAVIGATION 0 0 -194263.5 -4813595. 2.32095901286e+13 2.32095901286e+13 0 0
21.345 1 ATTITUDE -0.062927 -2.964372 0.0187
21.352 1 DESIRED 0.02 4.81 0. -42. 82. 210. 6. 20.
21.355 1 ATTITUDE -0.062703 -2.958387 0.018516
21.358 1 ATTITUDE -0.062487 -2.952494 0.018313
21.365 1 DESIRED 0.02 4.81 0. -42. 82. 210. 6. 20.
21.613 1 GPS 0 16602147 0 0 -17000 0 0 0 23500 31 14
21.615 1 SVINFO 14 17 16 1 0 -91 0
21.619 1 ENERGY 6.8 0. 0 0.
21.624 1 NAVIGATION 0 0 -194263.5 -4813595. 2.32095901286e+13 2.32095901286e+13 0 0
21.627 1 ATTITUDE -0.062258 -2.946555 0.018154
21.629 1 ESTIMATOR -17. 0.
21.632 1 IMU_ACCEL 0.416016 -9.862305 0.224609
21.637 1 NAVIGATION 0 0 -194263.5 -4813595. 2.32095901286e+13 2.32095901286e+13 0 0
21.640 1 ATTITUDE -0.062086 -2.940756 0.018043
21.646 1 DESIRED 0.02 4.81 0. -42. 82. 210. 6. 20.
21.650 1 WP_MOVED 0 360327. 4813637. 250. 31
21.653 1 IMU_GYRO -0.048828 0.007324 -0.005127
21.857 1 DOWNLINK_STATUS 0 22 11662 533 3 507. 22. -7408.06
21.902 1 GPS 0 16602147 0 0 -17000 0 0 0 23750 31 15
21.904 1 SVINFO 15 18 16 1 0 -91 0
21.907 1 FBW_STATUS 2 0 1 68 0
21.911 1 NAVIGATION 0 0 -194263.5 -4813595. 2.32095901286e+13 2.32095901286e+13 0 0
21.914 1 ATTITUDE -0.061817 -2.934983 0.017945
21.918 1 IMU_MAG -3.76416 -1.731445 -4.875488
21.929 1 DESIRED 0.02 4.81 0. -42. 82. 210. 6. 20.
21.931 1 PPRZ_MODE 2 3 3 2 0 6
21.934 1 ATTITUDE -0.061391 -2.923487 0.01771
21.940 1 GPS 0 16602147 0 0 -17000 0 0 0 24000 31 16
22.185 1 SVINFO 0 2 16 1 0 -91 0
22.190 1 NAVIGATION 0 0 -194263.5 -4813595. 2.32095901286e+13 2.32095901286e+13 0 0
22.193 1 ATTITUDE -0.061096 -2.917869 0.017595
22.199 1 DESIRED 0.02 4.81 0. -42. 82. 210. 6. 20.
22.202 1 ESTIMATOR -17. 0.
22.205 1 CIRCLE 0. 120. 40.
22.208 1 ATTITUDE -0.060861 -2.912242 0.017449
22.212 1 WP_MOVED 1 360285. 4813715. 250. 31
22.217 1 GPS 0 16602147 0 0 -17000 0 0 0 24250 31 1
22.220 1 SVINFO 1 4 16 1 0 -91 0
22.224 1 NAVIGATION 0 0 -194263.5 -4813595. 2.32095901286e+13 2.32095901286e+13 0 0
22.227 1 ATTITUDE -0.060625 -2.906618 0.01731
22.476 1 DESIRED 0.02 4.81 0. -42. 82. 210. 6. 20.
22.479 1 IMU_GYRO -0.051025 0.008301 -0.005127
22.483 1 BAT 0 68 0 0 0 24 24 0
22.486 1 ATTITUDE -0.06042 -2.900932 0.017179
22.489 1 IMU_ACCEL 0.397461 -9.819336 0.249023
22.492 1 ATTITUDE -0.060039 -2.895377 0.017093
22.499 1 DESIRED 0.02 4.81 0. -42. 82. 210. 6. 20.
22.505 1 GPS 0 16602147 0 0 -17000 0 0 0 24500 31 2
22.507 1 SVINFO 2 7 16 1 0 -91 0
22.509 1 DL_VALUE 5 0.
22.514 1 NAVIGATION 0 0 -194263.5 -4813595. 2.32095901286e+13 2.32095901286e+13 0 0
22.760 1 ATTITUDE -0.05981 -2.889883 0.016916
22.761 1 ESTIMATOR -17. 0.
22.767 1 NAVIGATION 0 0 -194263.5 -4813595. 2.32095901286e+13 2.32095901286e+13 0 0
22.769 1 GPS_SOL 649533056 100000 9999 0
22.772 1 ATTITUDE -0.059173 -2.884267 0.016878
22.779 1 DESIRED 0.02 4.81 0. -42. 82. 210. 6. 20.
22.788 1 SVINFO 3 8 16 1 0 -91 0
22.793 1 NAVIGATION 0 0 -194263.5 -4813595. 2.32095901286e+13 2.32095901286e+13 0 0
22.797 1 ATTITUDE -0.058513 -2.877799 0.017044
22.799 1 COMMANDS 0,2283,9600,0,0
22.803 1 ATTITUDE -0.059425 -2.872514 0.016575
22.858 1 DOWNLINK_STATUS 0 23 12621 577 5 959. 44. -7408.06
23.052 1 DESIRED 0.02 4.81 0. -42. 82. 210. 6. 20.
23.054 1 IMU_GYRO -0.044678 0.005127 -0.00415
23.057 1 PPRZ_MODE 2 3 3 2 0 6
23.059 1 ACTUATORS 1200,1000,1616,1616,1350
23.063 1 ATTITUDE -0.059195 -2.867049 0.016455
23.075 1 ATTITUDE -0.058903 -2.861745 0.016307
23.082 1 DESIRED 0.02 4.81 0. -42. 82. 210. 6. 20.
23.084 1 ESTIMATOR -17. 0.
23.087 1 IMU_MAG -3.762207 -1.728027 -4.886719
23.089 1 STATE_FILTER_STATUS 3 0
23.335 1 ATTITUDE -0.05874 -2.856468 0.016176
23.338 1 WP_MOVED 1 360285. 4813715. 250. 31
23.341 1 IMU_ACCEL 0.411133 -9.847656 0.171875
23.345 1 CIRCLE 0. 120. 40.
23.350 1 GPS 0 16602147 0 0 -17000 0 0 0 25250 31 5
23.353 1 SVINFO 5 10 16 1 0 -91 0
23.363 1 ATTITUDE -0.058353 -2.845797 0.015932
23.367 1 BAT 0 68 0 0 0 25 25 0
23.370 1 ATTITUDE -0.058128 -2.840564 0.015835
23.377 1 DESIRED 0.02 4.81 0. -42. 82. 210. 6. 20.
23.625 1 GPS 0 16602147 0 0 -17000 0 0 0 25500 31 6
23.628 1 SVINFO 6 11 16 1 0 -91 0
23.631 1 IMU_GYRO -0.046631 0.006348 -0.005127
23.636 1 NAVIGATION 0 0 -194263.5 -4813595. 2.32095901286e+13 2.32095901286e+13 0 0
23.639 1 ATTITUDE -0.057865 -2.835357 0.015748
23.641 1 ESTIMATOR -17. 0.
23.646 1 NAVIGATION 0 0 -194263.5 -4813595. 2.32095901286e+13 2.32095901286e+13 0 0
23.649 1 ATTITUDE -0.057669 -2.830153 0.015647
23.655 1 DESIRED 0.02 4.81 0. -42. 82. 210. 6. 20.
23.659 1 WP_MOVED 0 360327. 4813637. 250. 31
23.665 1 WIND_INFO 1 42 0. 0. 0.
23.674 1 GPS 0 16602147 0 0 -17000 0 0 0 25750 31 7
23.859 1 DOWNLINK_STATUS 0 24 13295 608 7 674. 31. -7408.06
23.910 1 SVINFO 7 12 16 1 0 -91 0
23.912 1 FBW_STATUS 2 0 1 68 0
23.917 1 NAVIGATION 0 0 -194263.5 -4813595. 2.32095901286e+13 2.32095901286e+13 0 0
23.920 1 ATTITUDE -0.057626 -2.824895 0.015501
23.923 1 ATTITUDE -0.057466 -2.819745 0.015349
23.930 1 DESIRED 0.02 4.81 0. -42. 82. 210. 6. 20.
23.932 1 PPRZ_MODE 2 3 3 2 0 6
23.934 1 CALIBRATION -150. 0
23.937 1 ATTITUDE -0.057231 -2.814683 0.015231
23.943 1 GPS 0 16602147 0 0 -17000 0 0 0 26000 31 8
23.945 1 SVINFO 8 13 16 1 0 -91 0
23.948 1 IMU_ACCEL 0.397461 -9.847656 0.191406
23.950 1 DL_VALUE 6 40.
24.566 1 ENERGY 6.8 0. 0 0.
24.570 1 NAVIGATION 0 0 -194263.5 -4813595. 2.32095901286e+13 2.32095901286e+13 0 0
24.573 1 ATTITUDE -0.057103 -2.809544 0.015112
24.580 1 DESIRED 0.02 4.81 0. -42. 82. 210. 6. 20.
24.582 1 ESTIMATOR -17. 0.
24.585 1 IMU_GYRO -0.051025 0.009521 -0.006348
24.596 1 GPS_SOL 649535424 100000 9999 0
24.599 1 ATTITUDE -0.056401 -2.779748 0.014575
24.606 1 DESIRED 0.02 4.81 0. -42. 82. 210. 6. 20.
24.852 1 WP_MOVED 0 360327. 4813637. 250. 31
24.855 1 IMU_GYRO -0.045654 0.006348 -0.006348
24.859 1 DOWNLINK_STATUS 0 25 13786 632 8 491. 24. -7408.06
24.861 1 GPS 0 16602147 0 0 -17000 0 0 0 26750 31 11
24.863 1 SVINFO 11 16 16 1 0 -91 0
24.869 1 NAVIGATION 0 0 -194263.5 -4813595. 2.32095901286e+13 2.32095901286e+13 0 0
24.871 1 ATTITUDE -0.05628 -2.774805 0.014513
24.884 1 DESIRED 0.02 4.81 0. -42. 82. 210. 6. 20.
24.885 1 PPRZ_MODE 2 3 3 2 0 6
24.888 1 ATTITUDE -0.056002 -2.765154 0.014292
24.894 1 GPS 0 16602147 0 0 -17000 0 0 0 27000 31 12
25.140 1 SVINFO 12 17 16 1 0 -91 0
25.144 1 NAVIGATION 0 0 -194263.5 -4813595. 2.32095901286e+13 2.32095901286e+13 0 0
25.147 1 ATTITUDE -0.055937 -2.760277 0.014271
25.154 1 DESIRED 0.02 4.81 0. -42. 82. 210. 6. 20.
25.156 1 ESTIMATOR -17. 0.
25.160 1 ATTITUDE -0.055807 -2.755528 0.014185
25.163 1 WP_MOVED 1 360285. 4813715. 250. 31
25.169 1 GPS 0 16602147 0 0 -17000 0 0 0 27250 31 13
25.171 1 SVINFO 13 18 16 1 0 -91 0
25.176 1 NAVIGATION 0 0 -194263.5 -4813595. 2.32095901286e+13 2.32095901286e+13 0 0
25.179 1 ATTITUDE -0.055756 -2.750782 0.014055
25.429 1 DESIRED 0.02 4.81 0. -42. 82. 210. 6. 20.
25.432 1 IMU_GYRO -0.047852 0.006348 -0.005127
25.435 1 CIRCLE 0. 120. 40.
25.437 1 STATE_FILTER_STATUS 3 0
25.440 1 ATTITUDE -0.055681 -2.74601 0.013994
25.443 1 ATTITUDE -0.05554 -2.741351 0.013903
25.450 1 DESIRED 0.02 4.81 0. -42. 82. 210. 6. 20.
25.455 1 GPS 0 16602147 0 0 -17000 0 0 0 27500 31 14
25.458 1 SVINFO 14 19 16 1 0 -91 0
25.460 1 DL_VALUE 7 2.
25.464 1 NAVIGATION 0 0 -194263.5 -4813595. 2.32095901286e+13 2.32095901286e+13 0 0
25.467 1 ATTITUDE -0.0554 -2.736677 0.013834
25.470 1 ESTIMATOR -17. 0.
25.860 1 DOWNLINK_STATUS 0 26 14490 664 9 704. 32. -12408.73
26.085 1 IMU_ACCEL 0.416016 -9.857422 0.205078
26.090 1 NAVIGATION 0 0 -194263.5 -4813595. 2.32095901286e+13 2.32095901286e+13 0 0
26.094 1 BAT 0 68 0 0 0 27 27 0
26.097 1 ATTITUDE -0.055271 -2.732017 0.013708
26.103 1 DESIRED 0.02 4.81 0. -42. 82. 210. 6. 20.
26.113 1 SVINFO 15 20 16 1 0 -91 0
26.115 1 FBW_STATUS 2 0 1 68 0
26.120 1 NAVIGATION 0 0 -194263.5 -4813595. 2.32095901286e+13 2.32095901286e+13 0 0
26.123 1 ATTITUDE -0.055143 -2.727462 0.013625
26.126 1 ATTITUDE -0.054987 -2.722906 0.013473
26.375 1 DESIRED 0.02 4.81 0. -42. 82. 210. 6. 20.
26.378 1 IMU_GYRO -0.049805 0.007324 -0.006348
26.381 1 PPRZ_MODE 2 3 3 2 0 6
26.384 1 ATTITUDE -0.054876 -2.718361 0.013365
26.389 1 GPS 0 16602147 0 0 -17000 0 0 0 28000 31 16
26.392 1 SVINFO 0 5 16 1 0 -91 0
26.403 1 DESIRED 0.02 4.81 0. -42. 82. 210. 6. 20.
26.405 1 ESTIMATOR -17. 0.
26.409 1 ATTITUDE -0.054626 -2.70936 0.013249
26.412 1 WP_MOVED 1 360285. 4813715. 250. 31
26.660 1 GPS 0 16602147 0 0 -17000 0 0 0 28250 31 1
26.662 1 SVINFO 1 6 16 1 0 -91 0
26.667 1 NAVIGATION 0 0 -194263.5 -4813595. 2.32095901286e+13 2.32095901286e+13 0 0
26.669 1 ATTITUDE -0.054478 -2.704879 0.013181
26.677 1 DESIRED 0.02 4.81 0. -42. 82. 210. 6. 20.
26.679 1 CIRCLE 0. 120. 40.
26.682 1 ATTITUDE -0.054327 -2.700367 0.013072
26.685 1 IMU_ACCEL 0.416016 -9.829102 0.224609
26.688 1 NAVIGATION_REF 360285 4813595 31
26.691 1 ATTITUDE -0.05421 -2.695988 0.012994
26.699 1 DESIRED 0.02 4.81 0. -42. 82. 210. 6. 20.
26.861 1 DOWNLINK_STATUS 0 27 15179 695 11 689. 31. -12408.73
26.946 1 GPS 0 16602147 0 0 -17000 0 0 0 28500 31 2
26.948 1 SVINFO 2 7 16 1 0 -91 0
26.951 1 IMU_GYRO -0.051025 0.008301 -0.006348
26.956 1 NAVIGATION 0 0 -194263.5 -4813595. 2.32095901286e+13 2.32095901286e+13 0 0
26.959 1 ATTITUDE -0.054089 -2.691573 0.0129
26.962 1 ESTIMATOR -17. 0.
26.966 1 NAVIGATION 0 0 -194263.5 -4813595. 2.32095901286e+13 2.32095901286e+13 0 0
27.242 1 ATTITUDE -0.05392 -2.682945 0.01267
27.245 1 ATTITUDE -0.053809 -2.678621 0.012581
27.252 1 DESIRED 0.02 4.81 0. -42. 82. 210. 6. 20.
27.254 1 PPRZ_MODE 2 3 3 2 0 6
27.257 1 ATTITUDE -0.053697 -2.674375 0.0125
27.263 1 GPS 0 16602147 0 0 -17000 0 0 0 29000 31 4
27.265 1 SVINFO 4 9 16 1 0 -91 0
27.268 1 IMU_MAG -3.76416 -1.728027 -4.859375
27.270 1 DL_VALUE 8 0.
27.275 1 NAVIGATION 0 0 -194263.5 -4813595. 2.32095901286e+13 2.32095901286e+13 0 0
27.521 1 ATTITUDE -0.05359 -2.670161 0.012357
27.528 1 DESIRED 0.02 4.81 0. -42. 82. 210. 6. 20.
27.530 1 ESTIMATOR -17. 0.
27.534 1 IMU_GYRO -0.051025 0.007324 -0.006348
27.537 1 ATTITUDE -0.053523 -2.665972 0.012248
27.540 1 WP_MOVED 1 360285. 4813715. 250. 31
27.543 1 IMU_ACCEL 0.40625 -9.852539 0.229492
27.549 1 GPS 0 16602147 0 0 -17000 0 0 0 29250 31 5
27.552 1 SVINFO 5 10 16 1 0 -91 0
27.556 1 NAVIGATION 0 0 -194263.5 -4813595. 2.32095901286e+13 2.32095901286e+13 0 0
27.559 1 ATTITUDE -0.053396 -2.661797 0.012132
27.809 1 DESIRED 0.02 4.81 0. -42. 82. 210. 6. 20.
27.812 1 ATTITUDE -0.053235 -2.657627 0.012013
27.815 1 CIRCLE 0. 120. 40.
27.819 1 ATTITUDE -0.053142 -2.653506 0.011932
27.825 1 DESIRED 0.02 4.81 0. -42. 82. 210. 6. 20.
27.836 1 ATTITUDE -0.052683 -2.637464 0.011717
27.843 1 DESIRED 0.02 4.81 0. -42. 82. 210. 6. 20.
27.845 1 PPRZ_MODE 2 3 3 2 0 6
27.848 1 ACTUATORS 1200,1000,1607,1607,1350
27.851 1 ATTITUDE -0.052568 -2.633487 0.011627
27.861 1 DOWNLINK_STATUS 0 28 16002 733 13 823. 38. -12408.73
28.100 1 GPS 0 16602147 0 0 -17000 0 0 0 30000 31 8
28.102 1 SVINFO 8 13 16 1 0 -91 0
28.105 1 IMU_ACCEL 0.40625 -9.862305 0.201172
28.110 1 NAVIGATION 0 0 -194263.5 -4813595. 2.32095901286e+13 2.32095901286e+13 0 0
28.113 1 ATTITUDE -0.052449 -2.629529 0.011517
28.124 1 WP_MOVED 1 360285. 4813715. 250. 31
28.130 1 GPS 0 16602147 0 0 -17000 0 0 0 30250 31 9
28.132 1 SVINFO 9 14 16 1 0 -91 0
28.137 1 NAVIGATION 0 0 -194263.5 -4813595. 2.32095901286e+13 2.32095901286e+13 0 0
28.140 1 ATTITUDE -0.052246 -2.621724 0.011313
28.390 1 DESIRED 0.02 4.81 0. -42. 82. 210. 6. 20.
28.393 1 IMU_GYRO -0.049805 0.008301 -0.005127
28.396 1 IMU_MAG -3.762207 -1.73291 -4.84668
28.399 1 ATTITUDE -0.052115 -2.617836 0.011223
28.402 1 CIRCLE 0. 120. 40.
28.406 1 ATTITUDE -0.052018 -2.614057 0.01117
28.412 1 DESIRED 0.02 4.81 0. -42. 82. 210. 6. 20.
28.418 1 GPS 0 16602147 0 0 -17000 0 0 0 30500 31 10
28.420 1 SVINFO 10 15 16 1 0 -91 0
28.421 1 DL_VALUE 9 0.
28.427 1 NAVIGATION 0 0 -194263.5 -4813595. 2.32095901286e+13 2.32095901286e+13 0 0
28.672 1 ATTITUDE -0.051971 -2.610237 0.011076
28.675 1 ESTIMATOR -17. 0.
28.679 1 NAVIGATION 0 0 -194263.5 -4813595. 2.32095901286e+13 2.32095901286e+13 0 0
28.682 1 GPS_SOL 649540672 100000 9999 0
28.685 1 ATTITUDE -0.051884 -2.606395 0.011036
28.693 1 DESIRED 0.02 4.81 0. -42. 82. 210. 6. 20.
28.695 1 WP_MOVED 0 360327. 4813637. 250. 31
28.701 1 GPS 0 16602147 0 0 -17000 0 0 0 30750 31 11
28.704 1 SVINFO 11 16 16 1 0 -91 0
28.708 1 NAVIGATION 0 0 -194263.5 -4813595. 2.32095901286e+13 2.32095901286e+13 0 0
28.711 1 ATTITUDE -0.051736 -2.602662 0.010993
28.714 1 IMU_ACCEL 0.425781 -9.829102 0.201172
28.862 1 DOWNLINK_STATUS 0 29 16732 766 14 730. 33. -12408.73
28.961 1 ATTITUDE -0.051626 -2.598913 0.010911
28.967 1 DESIRED 0.02 4.81 0. -42. 82. 210. 6. 20.
28.971 1 IMU_GYRO -0.049805 0.007324 -0.006348
28.973 1 PPRZ_MODE 2 3 3 2 0 6
28.976 1 BAT 0 68 0 0 0 31 31 0
28.979 1 ATTITUDE -0.051527 -2.595192 0.010815
28.993 1 DESIRED 0.02 4.81 0. -42. 82. 210. 6. 20.
28.999 1 GPS 0 16602147 0 0 -17000 0 0 0 31500 31 14
29.001 1 SVINFO 14 19 16 1 0 -91 0
29.247 1 IMU_GYRO -0.049805 0.007324 -0.006348
29.252 1 NAVIGATION 0 0 -194263.5 -4813595. 2.32095901286e+13 2.32095901286e+13 0 0
29.255 1 ATTITUDE -0.050968 -2.573544 0.010453
29.257 1 ESTIMATOR -17. 0.
29.260 1 IMU_ACCEL 0.411133 -9.881836 0.219727
29.265 1 NAVIGATION 0 0 -194263.5 -4813595. 2.32095901286e+13 2.32095901286e+13 0 0
29.277 1 DESIRED 0.02 4.81 0. -42. 82. 210. 6. 20.
29.281 1 WP_MOVED 0 360327. 4813637. 250. 31
29.282 1 STATE_FILTER_STATUS 3 0
29.288 1 GPS 0 16602147 0 0 -17000 0 0 0 31750 31 15
29.533 1 SVINFO 15 21 16 1 0 -91 0
29.536 1 FBW_STATUS 2 0 1 68 0
29.540 1 NAVIGATION 0 0 -194263.5 -4813595. 2.32095901286e+13 2.32095901286e+13 0 0
29.544 1 ATTITUDE -0.050807 -2.566564 0.010211
29.547 1 ATTITUDE -0.050789 -2.563036 0.010167
29.553 1 DESIRED 0.02 4.81 0. -42. 82. 210. 6. 20.
29.564 1 GPS 0 16602147 0 0 -17000 0 0 0 32000 31 16
29.566 1 SVINFO 0 6 16 1 0 -91 0
29.570 1 BAT 0 68 0 0 0 32 32 0
29.572 1 DL_VALUE 10 0.
29.576 1 NAVIGATION 0 0 -194263.5 -4813595. 2.32095901286e+13 2.32095901286e+13 0 0
29.822 1 ATTITUDE -0.050712 -2.556127 0.010017
29.829 1 DESIRED 0.02 4.81 0. -42. 82. 210. 6. 20.
29.831 1 ESTIMATOR -17. 0.
29.834 1 IMU_GYRO -0.052002 0.007324 -0.005127
29.837 1 ATTITUDE -0.050669 -2.552743 0.009935
29.841 1 WP_MOVED 1 360285. 4813715. 250. 31
29.850 1 SVINFO 1 7 16 1 0 -91 0
29.855 1 NAVIGATION 0 0 -194263.5 -4813595. 2.32095901286e+13 2.32095901286e+13 0 0
29.858 1 ATTITUDE -0.050636 -2.549551 0.009855
29.862 1 DOWNLINK_STATUS 0 30 17580 805 18 848. 39. -12408.73
29.865 1 DESIRED 0.02 4.81 0. -42. 82. 210. 6. 20.
30.110 1 ATTITUDE -0.05106 -2.546149 0.00976
30.113 1 IMU_ACCEL 0.402344 -9.847656 0.262695
30.116 1 ATTITUDE -0.050997 -2.543437 0.009675
30.123 1 DESIRED 0.02 4.81 0. -42. 82. 210. 6. 20.
30.129 1 GPS 0 16602147 0 0 -17000 0 0 0 32500 31 2
30.131 1 SVINFO 2 8 16 1 0 -91 0
30.136 1 NAVIGATION 0 0 -194263.5 -4813595. 2.32095901286e+13 2.32095901286e+13 0 0
30.139 1 CIRCLE 0. 120. 40.
30.142 1 ATTITUDE -0.050725 -2.539958 0.009745
30.144 1 ESTIMATOR -17. 0.
30.149 1 NAVIGATION 0 0 -194263.5 -4813595. 2.32095901286e+13 2.32095901286e+13 0 0
30.394 1 GPS_SOL 649543680 100000 9999 0
30.397 1 ATTITUDE -0.050779 -2.536627 0.009663
30.405 1 DESIRED 0.02 4.81 0. -42. 82. 210. 6. 20.
30.408 1 WP_MOVED 0 360327. 4813637. 250. 31
30.411 1 IMU_GYRO -0.051025 0.001953 -0.007324
30.421 1 ATTITUDE -0.067181 -2.529309 0.013461
30.429 1 DESIRED 0.02 4.81 0. -42. 82. 210. 6. 20.
30.430 1 PPRZ_MODE 2 3 3 2 0 6
30.433 1 IMU_MAG -3.760742 -1.72998 -4.83252
30.436 1 ATTITUDE -0.083013 -2.524465 0.019804
30.863 1 DOWNLINK_STATUS 0 31 18074 827 19 494. 22. -17408.99
31.089 1 GPS 0 16602147 0 0 -17000 0 0 0 33000 31 4
31.091 1 SVINFO 4 10 16 1 0 -91 0
31.096 1 NAVIGATION 0 0 -194263.5 -4813595. 2.32095901286e+13 2.32095901286e+13 0 0
31.099 1 ATTITUDE -0.08456 -2.519097 0.020002
31.105 1 DESIRED 0.02 4.82 0. -42. 82. 210. 6. 20.
31.108 1 ESTIMATOR -17. 0.
31.111 1 BAT 0 68 0 0 0 33 33 0
31.115 1 ATTITUDE -0.087392 -2.517177 0.020827
31.118 1 WP_MOVED 1 360285. 4813715. 250. 31
31.121 1 IMU_ACCEL 0.349609 -10.546875 0.224609
31.127 1 GPS 0 16602147 0 0 -17000 0 0 0 33250 31 5
31.129 1 SVINFO 5 11 16 1 0 -91 0
31.377 1 NAVIGATION 0 0 -194263.5 -4813595. 2.32095901286e+13 2.32095901286e+13 0 0
31.380 1 ATTITUDE -0.129178 -2.511559 0.049318
31.387 1 DESIRED 0.02 4.83 0. -42. 82. 210. 6. 20.
31.390 1 IMU_GYRO -0.589355 0.052002 -0.415039
31.393 1 ATTITUDE -0.171756 -2.505804 0.081727
31.396 1 ATTITUDE -0.166854 -2.504073 0.077439
31.403 1 DESIRED 0.02 4.83 0. -42. 82. 210. 6. 20.
31.408 1 GPS 0 16602147 0 0 -17000 0 0 0 33500 31 6
31.411 1 SVINFO 6 12 16 1 0 -91 0
31.413 1 DL_VALUE 0 0.
31.661 1 NAVIGATION 0 0 -194263.5 -4813595. 2.32095901286e+13 2.32095901286e+13 0 0
31.664 1 ATTITUDE -0.155271 -2.502432 0.067426
31.666 1 ESTIMATOR -17. 0.
31.671 1 NAVIGATION 0 0 -194263.5 -4813595. 2.32095901286e+13 2.32095901286e+13 0 0
31.674 1 CIRCLE 0. 120. 40.
31.677 1 ATTITUDE -0.157863 -2.499873 0.069533
31.683 1 DESIRED 0.02 4.83 0. -42. 82. 210. 6. 20.
31.687 1 WP_MOVED 0 360327. 4813637. 250. 31
31.693 1 GPS 0 16602147 0 0 -17000 0 0 0 33750 31 7
31.695 1 SVINFO 7 13 16 1 0 -91 0
31.698 1 FBW_STATUS 2 0 1 68 0
31.702 1 NAVIGATION 0 0 -194263.5 -4813595. 2.32095901286e+13 2.32095901286e+13 0 0
31.863 1 DOWNLINK_STATUS 0 32 18839 861 19 765. 34. -17408.99
31.949 1 ATTITUDE -0.158507 -2.499157 0.06983
31.952 1 ATTITUDE -0.162186 -2.500138 0.07261
31.958 1 DESIRED 0.02 4.83 0. -42. 82. 210. 6. 20.
31.962 1 IMU_GYRO -0.070068 -0.023193 -0.024414
31.964 1 PPRZ_MODE 2 3 3 2 0 6
31.965 1 STATE_FILTER_STATUS 3 0
31.968 1 ATTITUDE -0.162836 -2.49995 0.073185
31.974 1 GPS 0 16602147 0 0 -17000 0 0 0 34000 31 8
31.976 1 SVINFO 8 14 16 1 0 -91 0
31.980 1 IMU_ACCEL 0.991211 -9.737305 -0.885742
31.984 1 NAVIGATION 0 0 -194263.5 -4813595. 2.32095901286e+13 2.32095901286e+13 0 0
31.987 1 ATTITUDE -0.162642 -2.497972 0.073053
32.237 1 DESIRED 0.02 4.83 0. -42. 82. 210. 6. 20.
32.239 1 ESTIMATOR -17. 0.
32.242 1 ATTITUDE -0.16083 -2.495588 0.071802
32.247 1 WP_MOVED 1 360285. 4813715. 250. 31
32.249 1 BAT 0 68 0 0 0 34 34 0
32.252 1 IMU_MAG -3.790527 -1.786621 -4.672852
32.259 1 GPS 0 16602147 0 0 -17000 0 0 0 34250 31 9
32.260 1 SVINFO 9 15 16 1 0 -91 0
32.266 1 NAVIGATION 0 0 -194263.5 -4813595. 2.32095901286e+13 2.32095901286e+13 0 0
32.268 1 ATTITUDE -0.159589 -2.493318 0.070985
32.276 1 DESIRED 0.02 4.83 0. -42. 82. 210. 6. 20.
32.277 1 CALIBRATION -150. 0
32.280 1 ATTITUDE -0.158927 -2.490914 0.070596
32.526 1 ATTITUDE -0.157716 -2.488548 0.069777
32.533 1 DESIRED 0.02 4.83 0. -42. 82. 210. 6. 20.
32.538 1 GPS 0 16602147 0 0 -17000 0 0 0 34500 31 10
32.541 1 SVINFO 10 17 16 1 0 -91 0
32.544 1 IMU_GYRO -0.029785 0.006348 0.011475
32.548 1 NAVIGATION 0 0 -194263.5 -4813595. 2.32095901286e+13 2.32095901286e+13 0 0
32.551 1 ATTITUDE -0.155978 -2.486187 0.068491
32.554 1 ESTIMATOR -17. 0.
32.558 1 NAVIGATION 0 0 -194263.5 -4813595. 2.32095901286e+13 2.32095901286e+13 0 0
32.561 1 GPS_SOL 649546752 100000 9999 0
32.564 1 CIRCLE 0. 120. 40.
32.811 1 ATTITUDE -0.15509 -2.483822 0.067931
32.817 1 DESIRED 0.02 4.83 0. -42. 82. 210. 6. 20.
32.821 1 WP_MOVED 0 360327. 4813637. 250. 31
32.827 1 GPS 0 16602147 0 0 -17000 0 0 0 34750 31 11
32.829 1 SVINFO 11 18 16 1 0 -91 0
32.839 1 ATTITUDE -0.153955 -2.479207 0.067204
32.845 1 DESIRED 0.02 4.83 0. -42. 82. 210. 6. 20.
32.847 1 PPRZ_MODE 2 3 3 2 0 6
32.850 1 ACTUATORS 1200,1000,1763,1763,1350
32.853 1 ATTITUDE -0.152908 -2.476847 0.066414
32.863 1 DOWNLINK_STATUS 0 33 19832 907 20 993. 46. -17408.99
33.102 1 GPS 0 16602147 0 0 -17000 0 0 0 35000 31 12
33.104 1 SVINFO 12 19 16 1 0 -91 0
33.106 1 DL_VALUE 1 0.
33.111 1 NAVIGATION 0 0 -194263.5 -4813595. 2.32095901286e+13 2.32095901286e+13 0 0
33.114 1 ATTITUDE -0.152122 -2.474611 0.065953
33.120 1 DESIRED 0.02 4.83 0. -42. 82. 210. 6. 20.
33.123 1 ESTIMATOR -17. 0.
33.126 1 IMU_GYRO -0.040283 0.006348 0.003174
33.129 1 ATTITUDE -0.150769 -2.472772 0.065018
33.133 1 WP_MOVED 1 360285. 4813715. 250. 31
33.138 1 GPS 0 16602147 0 0 -17000 0 0 0 35250 31 13
33.141 1 SVINFO 13 20 16 1 0 -91 0
33.388 1 NAVIGATION 0 0 -194263.5 -4813595. 2.32095901286e+13 2.32095901286e+13 0 0
33.391 1 ATTITUDE -0.148819 -2.471622 0.063513
33.398 1 DESIRED 0.02 4.83 0. -42. 82. 210. 6. 20.
33.401 1 BAT 0 68 0 0 0 35 35 0
33.404 1 ATTITUDE -0.149283 -2.469309 0.064
33.408 1 ATTITUDE -0.148985 -2.467005 0.063832
33.414 1 DESIRED 0.02 4.83 0. -42. 82. 210. 6. 20.
33.420 1 GPS 0 16602147 0 0 -17000 0 0 0 35500 31 14
33.422 1 SVINFO 14 21 16 1 0 -91 0
33.425 1 IMU_MAG -3.794922 -1.783691 -4.70166
33.665 1 WIND_INFO 1 42 0. 0. 0.
33.673 1 NAVIGATION 0 0 -194263.5 -4813595. 2.32095901286e+13 2.32095901286e+13 0 0
33.676 1 ATTITUDE -0.14971 -2.464768 0.064423
33.678 1 ESTIMATOR -17. 0.
33.681 1 IMU_ACCEL 0.953125 -9.713867 -0.780273
33.686 1 NAVIGATION 0 0 -194263.5 -4813595. 2.32095901286e+13 2.32095901286e+13 0 0
33.689 1 ATTITUDE -0.149821 -2.46258 0.064513
33.696 1 DESIRED 0.02 4.83 0. -42. 82. 210. 6. 20.
33.699 1 WP_MOVED 0 360327. 4813637. 250. 31
33.702 1 IMU_GYRO -0.045654 0.007324 -0.001953
33.705 1 CIRCLE 0. 120. 40.
33.711 1 GPS 0 16602147 0 0 -17000 0 0 0 35750 31 15
33.714 1 SVINFO 15 22 16 1 0 -91 0
33.716 1 FBW_STATUS 2 0 1 68 0
33.864 1 DOWNLINK_STATUS 0 34 20607 942 20 775. 35. -17408.99
34.365 1 NAVIGATION 0 0 -194263.5 -4813595. 2.32095901286e+13 2.32095901286e+13 0 0
34.368 1 ATTITUDE -0.14866 -2.460402 0.063735
34.371 1 ATTITUDE -0.148153 -2.458171 0.063339
34.378 1 DESIRED 0.02 4.83 0. -42. 82. 210. 6. 20.
34.380 1 PPRZ_MODE 2 3 3 2 0 6
34.389 1 IMU_ACCEL 1.647461 -9.115234 -1.814453
34.393 1 BAT 0 68 0 0 0 36 36 0
34.395 1 CALIBRATION -150. 0
34.398 1 ATTITUDE -0.268222 -2.44819 0.155892
34.404 1 DESIRED 0.02 4.85 0. -42. 82. 210. 6. 20.
34.653 1 GPS 0 16602147 0 0 -17000 0 0 0 36500 31 2
34.656 1 SVINFO 2 9 16 1 0 -91 0
34.658 1 DL_VALUE 2 210.
34.662 1 NAVIGATION 0 0 -194263.5 -4813595. 2.32095901286e+13 2.32095901286e+13 0 0
34.665 1 ATTITUDE -0.267259 -2.446645 0.155538
34.668 1 ESTIMATOR -17. 0.
34.680 1 DESIRED 0.02 4.85 0. -42. 82. 210. 6. 20.
34.684 1 WP_MOVED 0 360327. 4813637. 250. 31
34.689 1 GPS 0 16602147 0 0 -17000 0 0 0 36750 31 3
34.692 1 SVINFO 3 10 16 1 0 -91 0
34.864 1 DOWNLINK_STATUS 0 35 21046 962 22 439. 20. -17408.99
34.938 1 CIRCLE 0. 120. 40.
34.943 1 NAVIGATION 0 0 -194263.5 -4813595. 2.32095901286e+13 2.32095901286e+13 0 0
34.946 1 ATTITUDE -0.268381 -2.444098 0.157205
34.949 1 IMU_MAG -3.822754 -1.895508 -4.510254
34.952 1 ATTITUDE -0.269218 -2.442951 0.158319
34.967 1 GPS 0 16602147 0 0 -17000 0 0 0 37000 31 4
34.969 1 SVINFO 4 11 16 1 0 -91 0
34.971 1 DOWNLINK 14 923 1574
34.976 1 NAVIGATION 0 0 -194263.5 -4813595. 2.32095901286e+13 2.32095901286e+13 0 0
34.979 1 ATTITUDE -0.264771 -2.440128 0.155815
35.229 1 DESIRED 0.02 4.85 0. -42. 82. 210. 6. 20.
35.232 1 ESTIMATOR -17. 0.
35.235 1 ATTITUDE -0.265112 -2.438939 0.156487
35.238 1 WP_MOVED 1 360285. 4813715. 250. 31
35.242 1 IMU_ACCEL 1.814453 -9.560547 -1.896484
35.247 1 GPS 0 16602147 0 0 -17000 0 0 0 37250 31 5
35.250 1 SVINFO 5 12 16 1 0 -91 0
35.254 1 NAVIGATION 0 0 -194263.5 -4813595. 2.32095901286e+13 2.32095901286e+13 0 0
35.257 1 ATTITUDE -0.27224 -2.438559 0.161891
35.264 1 DESIRED 0.02 4.85 0. -42. 82. 210. 6. 20.
35.267 1 ATTITUDE -0.310437 -2.443279 0.190667
35.515 1 NAVIGATION_REF 360285 4813595 31
35.516 1 ATTITUDE -0.366959 -2.448027 0.233762
35.522 1 DESIRED 0.02 4.87 0. -42. 82. 210. 6. 20.
35.528 1 GPS 0 16602147 0 0 -17000 0 0 0 37500 31 6
35.530 1 SVINFO 6 13 16 1 0 -91 0
35.533 1 IMU_GYRO -0.426514 0.074463 -0.259521
35.538 1 NAVIGATION 0 0 -194263.5 -4813595. 2.32095901286e+13 2.32095901286e+13 0 0
35.541 1 ATTITUDE -0.381616 -2.448456 0.245184
35.544 1 ESTIMATOR -17. 0.
35.548 1 NAVIGATION 0 0 -194263.5 -4813595. 2.32095901286e+13 2.32095901286e+13 0 0
35.551 1 ATTITUDE -0.373597 -2.446899 0.239851
35.865 1 DOWNLINK_STATUS 0 36 21739 994 23 693. 32. -22409.22
36.170 1 DESIRED 0.02 4.87 0. -42. 82. 210. 6. 20.
36.173 1 WP_MOVED 0 360327. 4813637. 250. 31
36.178 1 GPS 0 16602147 0 0 -17000 0 0 0 37750 31 7
36.181 1 SVINFO 7 14 16 1 0 -91 0
36.183 1 FBW_STATUS 2 0 1 68 0
36.189 1 NAVIGATION 0 0 -194263.5 -4813595. 2.32095901286e+13 2.32095901286e+13 0 0
36.467 1 NAVIGATION 0 0 -194263.5 -4813595. 2.32095901286e+13 2.32095901286e+13 0 0
36.470 1 ATTITUDE -0.368786 -2.444749 0.239287
36.477 1 DESIRED 0.02 4.87 0. -42. 82. 210. 6. 20.
36.479 1 ESTIMATOR -17. 0.
36.482 1 IMU_GYRO -0.036133 0.006348 0.00415
36.485 1 IMU_MAG -3.858398 -1.992676 -4.306152
36.489 1 ATTITUDE -0.3676 -2.444225 0.239079
36.492 1 WP_MOVED 1 360285. 4813715. 250. 31
36.498 1 GPS 0 16602147 0 0 -17000 0 0 0 38250 31 9
36.743 1 SVINFO 9 16 16 1 0 -91 0
36.748 1 NAVIGATION 0 0 -194263.5 -4813595. 2.32095901286e+13 2.32095901286e+13 0 0
36.751 1 ATTITUDE -0.366174 -2.443614 0.238819
36.757 1 DESIRED 0.02 4.87 0. -42. 82. 210. 6. 20.
36.759 1 STATE_FILTER_STATUS 3 0
36.762 1 ATTITUDE -0.365813 -2.443155 0.23927
36.765 1 ATTITUDE -0.367803 -2.443007 0.241445
36.772 1 DESIRED 0.02 4.87 0. -42. 82. 210. 6. 20.
36.777 1 GPS 0 16602147 0 0 -17000 0 0 0 38500 31 10
36.780 1 SVINFO 10 17 16 1 0 -91 0
36.782 1 CALIBRATION -150. 0
36.786 1 NAVIGATION 0 0 -194263.5 -4813595. 2.32095901286e+13 2.32095901286e+13 0 0
36.865 1 DOWNLINK_STATUS 0 37 22351 1021 25 612. 27. -22409.22
37.032 1 ATTITUDE -0.366791 -2.442514 0.241501
37.034 1 ESTIMATOR -17. 0.
37.039 1 NAVIGATION 0 0 -194263.5 -4813595. 2.32095901286e+13 2.32095901286e+13 0 0
37.043 1 BAT 0 68 0 0 0 38 38 0
37.046 1 GPS_SOL 649553472 100000 9999 0
37.049 1 ATTITUDE -0.364831 -2.441901 0.240757
37.055 1 DESIRED 0.02 4.87 0. -42. 82. 210. 6. 20.
37.059 1 WP_MOVED 0 360327. 4813637. 250. 31
37.062 1 IMU_GYRO -0.052979 0.007324 -0.010498
37.068 1 GPS 0 16602147 0 0 -17000 0 0 0 38750 31 11
37.070 1 SVINFO 11 18 16 1 0 -91 0
37.317 1 NAVIGATION 0 0 -194263.5 -4813595. 2.32095901286e+13 2.32095901286e+13 0 0
37.321 1 ATTITUDE -0.365052 -2.441601 0.241683
37.324 1 IMU_ACCEL 2.533203 -8.995117 -2.907227
37.327 1 CIRCLE 0. 120. 40.
37.330 1 ATTITUDE -0.363916 -2.44109 0.241626
37.337 1 DESIRED 0.02 4.87 0. -42. 82. 210. 6. 20.
37.339 1 PPRZ_MODE 2 3 3 2 0 6
37.342 1 ATTITUDE -0.36264 -2.440527 0.241351
37.347 1 GPS 0 16602147 0 0 -17000 0 0 0 39000 31 12
37.350 1 SVINFO 12 19 16 1 0 -91 0
37.354 1 NAVIGATION 0 0 -194263.5 -4813595. 2.32095901286e+13 2.32095901286e+13 0 0
37.358 1 ATTITUDE -0.357473 -2.439428 0.238234
37.607 1 DESIRED 0.02 4.87 0. -42. 82. 210. 6. 20.
37.609 1 ESTIMATOR -17. 0.
37.612 1 ATTITUDE -0.351098 -2.438727 0.234256
37.616 1 WP_MOVED 1 360285. 4813715. 250. 31
37.621 1 GPS 0 16602147 0 0 -17000 0 0 0 39250 31 13
37.624 1 SVINFO 13 20 16 1 0 -91 0
37.636 1 DESIRED 0.02 4.86 0. -42. 82. 210. 6. 20.
37.639 1 WP_MOVED 0 360327. 4813637. 250. 31
37.643 1 BAT 0 68 0 0 0 39 39 0
37.866 1 DOWNLINK_STATUS 0 38 23061 1053 26 710. 32. -22409.22
37.892 1 GPS 0 16602147 0 0 -17000 0 0 0 39750 31 15
37.893 1 SVINFO 15 22 16 1 0 -91 0
37.899 1 NAVIGATION 0 0 -194263.5 -4813595. 2.32095901286e+13 2.32095901286e+13 0 0
37.901 1 FBW_STATUS 2 0 1 68 0
37.904 1 ATTITUDE -0.25176 -2.431921 0.162505
37.907 1 COMMANDS 0,6700,9600,0,0
37.910 1 ATTITUDE -0.212591 -2.4289 0.132604
37.925 1 GPS 0 16602147 0 0 -17000 0 0 0 40000 31 16
37.927 1 SVINFO 0 7 16 1 0 -91 0
37.932 1 NAVIGATION 0 0 -194263.5 -4813595. 2.32095901286e+13 2.32095901286e+13 0 0
37.935 1 ATTITUDE -0.139584 -2.425214 0.07597
38.185 1 DESIRED 0.02 4.83 0. -42. 82. 210. 6. 20.
38.186 1 ESTIMATOR -17. 0.
38.190 1 ATTITUDE -0.102032 -2.426479 0.048185
38.193 1 WP_MOVED 1 360285. 4813715. 250. 31
38.199 1 GPS 0 16602147 0 0 -17000 0 0 0 40250 31 1
38.201 1 SVINFO 1 8 16 1 0 -91 0
38.207 1 NAVIGATION 0 0 -194263.5 -4813595. 2.32095901286e+13 2.32095901286e+13 0 0
38.209 1 ATTITUDE -0.086071 -2.425585 0.041266
38.217 1 DESIRED 0.02 4.82 0. -42. 82. 210. 6. 20.
38.219 1 ATTITUDE -0.085358 -2.423898 0.041138
38.222 1 IMU_ACCEL 0.607422 -9.867188 -0.219727
38.468 1 ATTITUDE -0.085384 -2.421708 0.04096
38.474 1 DESIRED 0.02 4.82 0. -42. 82. 210. 6. 20.
38.480 1 GPS 0 16602147 0 0 -17000 0 0 0 40500 31 2
38.482 1 SVINFO 2 9 16 1 0 -91 0
38.486 1 IMU_GYRO -0.022217 -0.010498 -0.006348
38.490 1 NAVIGATION 0 0 -194263.5 -4813595. 2.32095901286e+13 2.32095901286e+13 0 0
38.493 1 ATTITUDE -0.085251 -2.419784 0.040776
38.496 1 ESTIMATOR -17. 0.
38.500 1 NAVIGATION 0 0 -194263.5 -4813595. 2.32095901286e+13 2.32095901286e+13 0 0
38.503 1 GPS_SOL 649557120 100000 9999 0
38.505 1 CALIBRATION -150. 0
38.508 1 ATTITUDE -0.08526 -2.417497 0.039811
38.758 1 DESIRED 0.02 4.82 0. -42. 82. 210. 6. 20.
38.761 1 WP_MOVED 0 360327. 4813637. 250. 31
38.764 1 IMU_MAG -3.777832 -1.754395 -4.771973
38.770 1 GPS 0 16602147 0 0 -17000 0 0 0 40750 31 3
38.773 1 SVINFO 3 11 16 1 0 -91 0
38.782 1 BAT 0 68 0 0 0 41 41 0
38.785 1 ATTITUDE -0.043267 -2.37153 -0.006517
38.791 1 DESIRED 0.02 4.81 0. -42. 82. 210. 6. 20.
38.793 1 PPRZ_MODE 2 3 3 2 0 6
38.797 1 CIRCLE 0. 120. 40.
38.866 1 DOWNLINK_STATUS 0 39 24029 1097 28 968. 44. -22409.22
39.043 1 ATTITUDE -0.074835 -2.365201 -0.051565
39.048 1 GPS 0 16602147 0 0 -17000 0 0 0 41000 31 4
39.051 1 SVINFO 4 12 16 1 0 -91 0
39.053 1 DL_VALUE 5 0.
39.056 1 ENERGY 6.8 0. 0 0.
39.061 1 NAVIGATION 0 0 -194263.5 -4813595. 2.32095901286e+13 2.32095901286e+13 0 0
39.072 1 DESIRED 0.02 4.82 0. -42. 82. 210. 6. 20.
39.078 1 GPS 0 16602147 0 0 -17000 0 0 0 41500 31 6
39.080 1 SVINFO 6 15 16 1 0 -91 0
39.085 1 NAVIGATION 0 0 -194263.5 -4813595. 2.32095901286e+13 2.32095901286e+13 0 0
39.331 1 ATTITUDE -0.070925 -2.332067 -0.318964
39.333 1 ESTIMATOR -17. 0.
39.338 1 NAVIGATION 0 0 -194263.5 -4813595. 2.32095901286e+13 2.32095901286e+13 0 0
39.341 1 ATTITUDE -0.047756 -2.328951 -0.359142
39.348 1 DESIRED 0.02 4.81 0. -42. 82. 210. 6. 20.
39.358 1 SVINFO 7 16 16 1 0 -91 0
39.361 1 FBW_STATUS 2 0 1 68 0
39.365 1 NAVIGATION 0 0 -194263.5 -4813595. 2.32095901286e+13 2.32095901286e+13 0 0
39.368 1 ATTITUDE -0.012337 -2.322789 -0.395836
39.371 1 ATTITUDE 0.000479 -2.327562 -0.430419
39.621 1 DESIRED 0.02 4.8 0. -42. 82. 210. 6. 20.
39.624 1 PPRZ_MODE 2 3 3 2 0 6
39.627 1 BAT 0 68 0 0 0 42 42 0
39.630 1 ATTITUDE 0.010922 -2.329876 -0.461956
39.636 1 GPS 0 16602147 0 0 -17000 0 0 0 42000 31 8
39.645 1 ATTITUDE 0.034912 -2.323255 -0.488525
39.652 1 DESIRED 0.02 4.81 0. -42. 82. 210. 6. 20.
39.654 1 ESTIMATOR -17. 0.
39.656 1 DOWNLINK 17 922 1789
39.660 1 ATTITUDE 0.039947 -2.320794 -0.506131
39.867 1 DOWNLINK_STATUS 0 40 24688 1127 31 659. 30. -22409.22
39.906 1 WP_MOVED 1 360285. 4813715. 250. 31
39.912 1 GPS 0 16602147 0 0 -17000 0 0 0 42250 31 9
39.913 1 SVINFO 9 18 16 1 0 -91 0
39.919 1 NAVIGATION 0 0 -194263.5 -4813595. 2.32095901286e+13 2.32095901286e+13 0 0
39.921 1 ATTITUDE 0.034627 -2.315541 -0.52011
39.932 1 ATTITUDE 0.035151 -2.300873 -0.528943
39.940 1 DESIRED 0.02 4.81 0. -42. 82. 210. 6. 20.
39.946 1 GPS 0 16602147 0 0 -17000 0 0 0 42500 31 10
40.190 1 SVINFO 10 19 16 1 0 -91 0
40.191 1 DL_VALUE 6 40.
40.196 1 NAVIGATION 0 0 -194263.5 -4813595. 2.32095901286e+13 2.32095901286e+13 0 0
40.199 1 ATTITUDE 0.035174 -2.297819 -0.527249
40.202 1 ESTIMATOR -17. 0.
40.206 1 NAVIGATION 0 0 -194263.5 -4813595. 2.32095901286e+13 2.32095901286e+13 0 0
40.209 1 GPS_SOL 649561024 100000 9999 0
40.212 1 ATTITUDE 0.03316 -2.291435 -0.526799
40.219 1 DESIRED 0.02 4.81 0. -42. 82. 210. 6. 20.
40.222 1 WP_MOVED 0 360327. 4813637. 250. 31
40.224 1 CALIBRATION -150. 0
40.226 1 STATE_FILTER_STATUS 3 0
40.231 1 GPS 0 16602147 0 0 -17000 0 0 0 42750 31 11
40.234 1 SVINFO 11 20 16 1 0 -91 0
40.481 1 NAVIGATION 0 0 -194263.5 -4813595. 2.32095901286e+13 2.32095901286e+13 0 0
40.484 1 ATTITUDE 0.035363 -2.28814 -0.527789
40.488 1 IMU_ACCEL -4.712891 -8.592773 0.760742
40.491 1 ATTITUDE 0.03914 -2.284339 -0.530622
40.497 1 DESIRED 0.02 4.81 0. -42. 82. 210. 6. 20.
40.500 1 IMU_GYRO 0.005127 0.019043 0.025391
40.502 1 PPRZ_MODE 2 3 3 2 0 6
40.506 1 ATTITUDE 0.042272 -2.279978 -0.533803
40.511 1 GPS 0 16602147 0 0 -17000 0 0 0 43000 31 12
40.514 1 SVINFO 12 21 16 1 0 -91 0
40.517 1 BAT 0 68 0 0 0 43 43 0
40.868 1 DOWNLINK_STATUS 0 41 25391 1160 32 703. 33. -27409.94
41.088 1 NAVIGATION 0 0 -194263.5 -4813595. 2.32095901286e+13 2.32095901286e+13 0 0
41.091 1 CIRCLE 0. 120. 40.
41.094 1 ATTITUDE 0.040968 -2.276783 -0.534465
41.101 1 DESIRED 0.02 4.81 0. -42. 82. 210. 6. 20.
41.103 1 ESTIMATOR -17. 0.
41.106 1 ATTITUDE 0.037782 -2.272859 -0.532286
41.110 1 WP_MOVED 1 360285. 4813715. 250. 31
41.116 1 GPS 0 16602147 0 0 -17000 0 0 0 43250 31 13
41.118 1 SVINFO 13 23 16 1 0 -91 0
41.123 1 NAVIGATION 0 0 -194263.5 -4813595. 2.32095901286e+13 2.32095901286e+13 0 0
41.126 1 ATTITUDE 0.034523 -2.26869 -0.530554
41.697 1 DESIRED 0.02 4.81 0. -42. 82. 210. 6. 20.
41.700 1 IMU_MAG -2.975098 -1.75293 -4.710938
41.703 1 ATTITUDE 0.033358 -2.264565 -0.529805
41.707 1 ATTITUDE 0.032659 -2.260768 -0.530442
41.713 1 DESIRED 0.02 4.81 0. -42. 82. 210. 6. 20.
41.719 1 GPS 0 16602147 0 0 -17000 0 0 0 43500 31 14
41.721 1 SVINFO 14 24 16 1 0 -91 0
41.724 1 IMU_GYRO -0.024414 0.02002 0.00415
41.729 1 NAVIGATION 0 0 -194263.5 -4813595. 2.32095901286e+13 2.32095901286e+13 0 0
41.732 1 ATTITUDE 0.033829 -2.256405 -0.531635
41.735 1 ESTIMATOR -17. 0.
41.738 1 IMU_ACCEL -4.746094 -8.544922 0.866211
41.869 1 DOWNLINK_STATUS 0 42 25905 1183 32 514. 23. -27409.94
42.798 1 NAVIGATION 0 0 -194263.5 -4813595. 2.32095901286e+13 2.32095901286e+13 0 0
42.801 1 ATTITUDE 0.034911 -2.253021 -0.53236
42.808 1 DESIRED 0.02 4.81 0. -42. 82. 210. 6. 20.
42.812 1 WP_MOVED 0 360327. 4813637. 250. 31
42.817 1 GPS 0 16602147 0 0 -17000 0 0 0 43750 31 15
42.820 1 SVINFO 15 25 16 1 0 -91 0
42.822 1 FBW_STATUS 2 0 1 68 0
42.827 1 NAVIGATION 0 0 -194263.5 -4813595. 2.32095901286e+13 2.32095901286e+13 0 0
42.830 1 ATTITUDE 0.035642 -2.249272 -0.532767
42.833 1 ATTITUDE 0.034865 -2.24523 -0.532706
42.840 1 DESIRED 0.02 4.81 0. -42. 82. 210. 6. 20.
42.842 1 PPRZ_MODE 2 3 3 2 0 6
42.869 1 DOWNLINK_STATUS 0 43 26181 1195 32 276. 12. -27409.94
43.088 1 ATTITUDE 0.035421 -2.240431 -0.534213
43.094 1 GPS 0 16602147 0 0 -17000 0 0 0 44000 31 16
43.097 1 SVINFO 0 10 16 1 0 -91 0
43.098 1 DL_VALUE 7 2.
43.103 1 NAVIGATION 0 0 -194263.5 -4813595. 2.32095901286e+13 2.32095901286e+13 0 0
43.106 1 ATTITUDE 0.036214 -2.23747 -0.53465
43.113 1 DESIRED 0.02 4.81 0. -42. 82. 210. 6. 20.
43.115 1 ESTIMATOR -17. 0.
43.118 1 IMU_GYRO -0.04248 -0.000977 -0.010498
43.121 1 CIRCLE 0. 120. 40.
43.125 1 BAT 0 68 0 0 0 44 44 0
43.128 1 ATTITUDE 0.03638 -2.234228 -0.534282
43.374 1 WP_MOVED 1 360285. 4813715. 250. 31
43.380 1 GPS 0 16602147 0 0 -17000 0 0 0 44250 31 1
43.383 1 SVINFO 1 12 16 1 0 -91 0
43.387 1 NAVIGATION 0 0 -194263.5 -4813595. 2.32095901286e+13 2.32095901286e+13 0 0
43.390 1 ATTITUDE 0.036239 -2.230817 -0.533264
43.401 1 IMU_ACCEL -4.741211 -8.564453 0.890625
43.404 1 ATTITUDE 0.035406 -2.223713 -0.533462
43.411 1 DESIRED 0.02 4.81 0. -42. 82. 210. 6. 20.
43.416 1 GPS 0 16602147 0 0 -17000 0 0 0 44500 31 2
43.661 1 SVINFO 2 13 16 1 0 -91 0
43.665 1 WIND_INFO 1 42 0. 0. 0.
43.666 1 NAVIGATION 0 0 -194263.5 -4813595. 2.32095901286e+13 2.32095901286e+13 0 0
43.669 1 ATTITUDE 0.03695 -2.221245 -0.534329
43.671 1 ESTIMATOR -17. 0.
43.676 1 NAVIGATION 0 0 -194263.5 -4813595. 2.32095901286e+13 2.32095901286e+13 0 0
43.679 1 IMU_MAG -2.981445 -1.755859 -4.731934
43.682 1 GPS_SOL 649565056 100000 9999 0
43.685 1 ATTITUDE 0.036883 -2.2184 -0.53491
43.692 1 DESIRED 0.02 4.81 0. -42. 82. 210. 6. 20.
43.695 1 WP_MOVED 0 360327. 4813637. 250. 31
43.698 1 IMU_GYRO -0.043457 0.009521 -0.001953
43.704 1 GPS 0 16602147 0 0 -17000 0 0 0 44750 31 3
43.870 1 DOWNLINK_STATUS 0 44 26906 1228 33 725. 33. -27409.94
44.305 1 SVINFO 3 14 16 1 0 -91 0
44.310 1 NAVIGATION 0 0 -194263.5 -4813595. 2.32095901286e+13 2.32095901286e+13 0 0
44.313 1 ATTITUDE 0.036684 -2.21475 -0.535509
44.315 1 CALIBRATION -150. 0
44.318 1 COMMANDS 0,-633,9600,0,0
44.321 1 ATTITUDE 0.036576 -2.211515 -0.535813
44.328 1 DESIRED 0.02 4.81 0. -42. 82. 210. 6. 20.
44.330 1 PPRZ_MODE 2 3 3 2 0 6
44.331 1 STATE_FILTER_STATUS 3 0
44.334 1 ACTUATORS 1200,1000,1469,1469,1350
44.337 1 ATTITUDE 0.036116 -2.208555 -0.535801
44.343 1 GPS 0 16602147 0 0 -17000 0 0 0 45000 31 4
44.346 1 SVINFO 4 15 16 1 0 -91 0
44.871 1 DOWNLINK_STATUS 0 45 27151 1241 33 245. 13. -27409.94
44.949 1 NAVIGATION 0 0 -194263.5 -4813595. 2.32095901286e+13 2.32095901286e+13 0 0
44.952 1 ATTITUDE 0.036607 -2.205234 -0.536042
44.959 1 DESIRED 0.02 4.81 0. -42. 82. 210. 6. 20.
44.962 1 ESTIMATOR -17. 0.
44.965 1 CIRCLE 0. 120. 40.
44.968 1 ATTITUDE 0.037244 -2.201631 -0.536458
44.971 1 WP_MOVED 1 360285. 4813715. 250. 31
44.974 1 IMU_ACCEL -4.775391 -8.549805 1.03418
44.978 1 BAT 0 68 0 0 0 45 45 0
44.984 1 GPS 0 16602147 0 0 -17000 0 0 0 45250 31 5
44.986 1 SVINFO 5 16 16 1 0 -91 0
44.991 1 NAVIGATION 0 0 -194263.5 -4813595. 2.32095901286e+13 2.32095901286e+13 0 0
45.872 1 DOWNLINK_STATUS 0 46 27415 1253 33 264. 12. -32410.66
46.111 1 ATTITUDE 0.037169 -2.198407 -0.536428
46.119 1 DESIRED 0.02 4.81 0. -42. 82. 210. 6. 20.
46.121 1 IMU_GYRO -0.045654 0.007324 -0.010498
46.124 1 ATTITUDE 0.037299 -2.195059 -0.536249
46.127 1 ATTITUDE 0.037365 -2.191503 -0.535827
46.135 1 DESIRED 0.02 4.81 0. -42. 82. 210. 6. 20.
46.139 1 GPS 0 16602147 0 0 -17000 0 0 0 45500 31 6
46.142 1 SVINFO 6 17 16 1 0 -91 0
46.144 1 DL_VALUE 8 0.
46.148 1 NAVIGATION 0 0 -194263.5 -4813595. 2.32095901286e+13 2.32095901286e+13 0 0
46.151 1 ATTITUDE 0.038356 -2.187897 -0.53473
46.397 1 ESTIMATOR -17. 0.
46.401 1 NAVIGATION 0 0 -194263.5 -4813595. 2.32095901286e+13 2.32095901286e+13 0 0
46.404 1 ATTITUDE 0.039503 -2.183692 -0.532839
46.411 1 DESIRED 0.02 4.81 0. -42. 82. 210. 6. 20.
46.414 1 WP_MOVED 0 360327. 4813637. 250. 31
46.425 1 NAVIGATION 0 0 -194263.5 -4813595. 2.32095901286e+13 2.32095901286e+13 0 0
46.428 1 ATTITUDE 0.039004 -2.180084 -0.53159
46.431 1 ATTITUDE 0.044069 -2.172942 -0.528279
46.438 1 DESIRED 0.02 4.81 0. -42. 82. 210. 6. 20.
46.684 1 IMU_GYRO 0.072266 0.073242 -0.103027
46.686 1 PPRZ_MODE 2 3 3 2 0 6
46.689 1 IMU_MAG -2.98291 -1.771484 -4.725586
46.692 1 ATTITUDE 0.047621 -2.151258 -0.514673
46.698 1 GPS 0 16602147 0 0 -17000 0 0 0 46000 31 8
46.700 1 SVINFO 8 19 16 1 0 -91 0
46.703 1 IMU_ACCEL -4.938477 -8.401367 0.986328
46.711 1 NAVIGATION_REF 360285 4813595 31
46.714 1 ATTITUDE 0.104812 -2.084898 -0.411937
46.720 1 DESIRED 0.02 4.82 0. -42. 82. 210. 6. 20.
46.726 1 GPS 0 16602147 0 0 -17000 0 0 0 46500 31 10
46.872 1 DOWNLINK_STATUS 0 47 28116 1284 35 701. 31. -32410.66
46.971 1 SVINFO 10 21 16 1 0 -91 0
46.974 1 IMU_GYRO 0.320312 -0.019043 0.107422
46.978 1 NAVIGATION 0 0 -194263.5 -4813595. 2.32095901286e+13 2.32095901286e+13 0 0
46.982 1 ATTITUDE 0.13504 -2.090027 -0.423102
46.984 1 ESTIMATOR -17. 0.
46.988 1 NAVIGATION 0 0 -194263.5 -4813595. 2.32095901286e+13 2.32095901286e+13 0 0
46.991 1 GPS_SOL 649569280 100000 9999 0
47.264 1 ESTIMATOR -17. 0.
47.267 1 IMU_GYRO -0.09668 0.032959 0.04248
47.269 1 STATE_FILTER_STATUS 3 0
47.272 1 ATTITUDE 0.167641 -2.095654 -0.46795
47.276 1 WP_MOVED 1 360285. 4813715. 250. 31
47.279 1 IMU_MAG -2.967285 -1.821777 -4.908691
47.553 1 NAVIGATION 0 0 -194263.5 -4813595. 2.32095901286e+13 2.32095901286e+13 0 0
47.556 1 ATTITUDE 0.102201 -2.049944 -0.560584
47.563 1 DESIRED 0.02 4.82 0. -42. 82. 210. 6. 20.
47.566 1 IMU_GYRO -0.067871 0.033936 0.094482
47.841 1 NAVIGATION 0 0 -194263.5 -4813595. 2.32095901286e+13 2.32095901286e+13 0 0
47.843 1 ATTITUDE 0.094883 -2.035158 -0.602864
47.846 1 ESTIMATOR -17. 0.
47.851 1 NAVIGATION 0 0 -194263.5 -4813595. 2.32095901286e+13 2.32095901286e+13 0 0
47.863 1 DESIRED 0.02 4.82 0. -42. 82. 210. 6. 20.
47.866 1 WP_MOVED 0 360327. 4813637. 250. 31
47.871 1 GPS 0 16602147 0 0 -17000 0 0 0 48750 31 3
47.872 1 DOWNLINK_STATUS 0 48 28621 1308 39 505. 24. -32410.66
47.874 1 SVINFO 3 15 16 1 0 -91 0
48.122 1 NAVIGATION 0 0 -194263.5 -4813595. 2.32095901286e+13 2.32095901286e+13 0 0
48.124 1 ATTITUDE 0.088309 -2.020471 -0.622447
48.127 1 ATTITUDE 0.080571 -2.0127 -0.628772
48.134 1 DESIRED 0.02 4.82 0. -42. 82. 210. 6. 20.
48.137 1 IMU_GYRO -0.101074 0.064697 0.039307
48.139 1 PPRZ_MODE 2 3 3 2 0 6
48.142 1 ATTITUDE 0.07458 -2.003605 -0.634788
48.148 1 GPS 0 16602147 0 0 -17000 0 0 0 49000 31 4
48.151 1 SVINFO 4 16 16 1 0 -91 0
48.152 1 CALIBRATION -150. 0
48.157 1 NAVIGATION 0 0 -194263.5 -4813595. 2.32095901286e+13 2.32095901286e+13 0 0
48.160 1 ATTITUDE 0.068244 -1.99903 -0.638181
48.409 1 DESIRED 0.02 4.81 0. -42. 82. 210. 6. 20.
48.411 1 ESTIMATOR -17. 0.
48.415 1 ATTITUDE 0.065295 -1.994633 -0.642547
48.418 1 WP_MOVED 1 360285. 4813715. 250. 31
48.421 1 IMU_ACCEL -5.445312 -8.12793 1.302734
48.432 1 ESTIMATOR -17. 0.
48.437 1 NAVIGATION 0 0 -194263.5 -4813595. 2.32095901286e+13 2.32095901286e+13 0 0
48.440 1 BAT 0 68 0 0 0 49 49 0
48.443 1 ATTITUDE 0.076667 -1.979526 -0.663455
48.693 1 DESIRED 0.02 4.82 0. -42. 82. 210. 6. 20.
48.696 1 WP_MOVED 0 360327. 4813637. 250. 31
48.702 1 GPS 0 16602147 0 0 -17000 0 0 0 49750 31 7
48.705 1 SVINFO 7 20 16 1 0 -91 0
48.707 1 FBW_STATUS 2 0 1 68 0
48.712 1 NAVIGATION 0 0 -194263.5 -4813595. 2.32095901286e+13 2.32095901286e+13 0 0
48.722 1 SVINFO 9 23 16 1 0 -91 0
48.727 1 NAVIGATION 0 0 -194263.5 -4813595. 2.32095901286e+13 2.32095901286e+13 0 0
48.730 1 ATTITUDE 0.090318 -1.959649 -0.688786
48.736 1 DESIRED 0.02 4.82 0. -42. 82. 210. 6. 20.
48.874 1 DOWNLINK_STATUS 0 49 29314 1340 41 693. 32. -32410.66
48.982 1 ATTITUDE 0.09301 -1.958499 -0.692406
48.985 1 CIRCLE 0. 120. 40.
48.988 1 ATTITUDE 0.09202 -1.957402 -0.693041
48.995 1 DESIRED 0.02 4.82 0. -42. 82. 210. 6. 20.
49.001 1 GPS 0 16602147 0 0 -17000 0 0 0 50500 31 10
49.007 1 CIRCLE 0. 120. 40.
49.011 1 ATTITUDE 0.096124 -1.9447 -0.704258
49.017 1 DESIRED 0.02 4.82 0. -42. 82. 210. 6. 20.
49.023 1 GPS 0 16602147 0 0 -17000 0 0 0 51500 31 14
49.268 1 SVINFO 14 28 16 1 0 -91 0
49.270 1 DL_VALUE 1 0.
49.272 1 STATE_FILTER_STATUS 3 0
49.276 1 NAVIGATION 0 0 -194263.5 -4813595. 2.32095901286e+13 2.32095901286e+13 0 0
49.279 1 ATTITUDE 0.092284 -1.940145 -0.69294
49.282 1 ESTIMATOR -17. 0.
49.285 1 IMU_ACCEL -5.900391 -7.524414 1.613281
49.298 1 DESIRED 0.02 4.81 0. -42. 82. 210. 6. 20.
49.302 1 WP_MOVED 0 360327. 4813637. 250. 31
49.307 1 GPS 0 16602147 0 0 -17000 0 0 0 51750 31 15
49.310 1 SVINFO 15 29 16 1 0 -91 0
49.556 1 FBW_STATUS 2 0 1 68 0
49.560 1 NAVIGATION 0 0 -194263.5 -4813595. 2.32095901286e+13 2.32095901286e+13 0 0
49.563 1 ATTITUDE 0.031914 -1.939843 -0.601125
49.567 1 BAT 0 68 0 0 0 52 52 0
49.570 1 ATTITUDE -0.01473 -1.931462 -0.526719
49.585 1 GPS 0 16602147 0 0 -17000 0 0 0 52000 31 16
49.587 1 SVINFO 0 13 16 1 0 -91 0
49.592 1 NAVIGATION 0 0 -194263.5 -4813595. 2.32095901286e+13 2.32095901286e+13 0 0
49.595 1 ATTITUDE -0.053802 -1.93259 -0.380307
49.845 1 DESIRED 0.02 4.81 0. -42. 82. 210. 6. 20.
49.846 1 ESTIMATOR -17. 0.
49.850 1 ATTITUDE -0.041627 -1.946102 -0.31736
49.853 1 WP_MOVED 1 360285. 4813715. 250. 31
49.859 1 GPS 0 16602147 0 0 -17000 0 0 0 52250 31 1
49.861 1 SVINFO 1 14 16 1 0 -91 0
49.866 1 NAVIGATION 0 0 -194263.5 -4813595. 2.32095901286e+13 2.32095901286e+13 0 0
49.869 1 ATTITUDE -0.047533 -1.95732 -0.264925
49.874 1 DOWNLINK_STATUS 0 50 30131 1377 44 817. 37. -32410.66
49.875 1 DESIRED 0.02 4.81 0. -42. 82. 210. 6. 20.
49.877 1 DOWNLINK 21 920 2218
49.881 1 ATTITUDE -0.073663 -1.960974 -0.221535
49.884 1 IMU_ACCEL -1.709961 -9.87207 0.249023
50.130 1 IMU_MAG -3.240234 -1.677734 -4.85791
50.133 1 ATTITUDE -0.093993 -1.967289 -0.189671
50.140 1 DESIRED 0.02 4.82 0. -42. 82. 210. 6. 20.
50.146 1 GPS 0 16602147 0 0 -17000 0 0 0 52500 31 2
50.148 1 SVINFO 2 15 16 1 0 -91 0
50.156 1 ESTIMATOR -17. 0.
50.161 1 NAVIGATION 0 0 -194263.5 -4813595. 2.32095901286e+13 2.32095901286e+13 0 0
50.164 1 GPS_SOL 649582976 100000 9999 0
50.167 1 ATTITUDE -0.096301 -1.982026 -0.144337
50.417 1 DESIRED 0.02 4.82 0. -42. 82. 210. 6. 20.
50.420 1 WP_MOVED 0 360327. 4813637. 250. 31
50.426 1 GPS 0 16602147 0 0 -17000 0 0 0 52750 31 3
50.428 1 SVINFO 3 16 16 1 0 -91 0
50.433 1 NAVIGATION 0 0 -194263.5 -4813595. 2.32095901286e+13 2.32095901286e+13 0 0
50.436 1 ATTITUDE -0.122047 -1.98557 -0.128182
50.439 1 ATTITUDE -0.132523 -1.985273 -0.117562
50.446 1 DESIRED 0.02 4.83 0. -42. 82. 210. 6. 20.
50.448 1 PPRZ_MODE 2 3 3 2 0 6
50.452 1 BAT 0 68 0 0 0 53 53 0
50.455 1 ATTITUDE -0.12521 -1.988016 -0.111377
50.460 1 GPS 0 16602147 0 0 -17000 0 0 0 53000 31 4
50.876 1 DOWNLINK_STATUS 0 51 30701 1402 45 570. 25. -37411.72
51.110 1 SVINFO 4 17 16 1 0 -91 0
51.112 1 DL_VALUE 2 210.
51.117 1 NAVIGATION 0 0 -194263.5 -4813595. 2.32095901286e+13 2.32095901286e+13 0 0
51.120 1 ATTITUDE -0.120346 -1.993009 -0.102145
51.127 1 DESIRED 0.02 4.82 0. -42. 82. 210. 6. 20.
51.129 1 ESTIMATOR -17. 0.
51.132 1 IMU_GYRO -0.061523 -0.026367 -0.116943
51.135 1 ATTITUDE -0.123367 -1.99693 -0.091616
51.139 1 WP_MOVED 1 360285. 4813715. 250. 31
51.142 1 IMU_ACCEL -0.44043 -9.890625 -0.042969
51.144 1 CALIBRATION -150. 0
51.149 1 GPS 0 16602147 0 0 -17000 0 0 0 53250 31 5
51.152 1 SVINFO 5 19 16 1 0 -91 0
51.400 1 NAVIGATION 0 0 -194263.5 -4813595. 2.32095901286e+13 2.32095901286e+13 0 0
51.403 1 ATTITUDE -0.124955 -1.998782 -0.085191
51.409 1 DESIRED 0.02 4.82 0. -42. 82. 210. 6. 20.
51.413 1 ATTITUDE -0.12378 -2.002385 -0.080248
51.415 1 ATTITUDE -0.11913 -2.004736 -0.073101
51.422 1 DESIRED 0.02 4.82 0. -42. 82. 210. 6. 20.
51.428 1 GPS 0 16602147 0 0 -17000 0 0 0 53500 31 6
51.430 1 SVINFO 6 21 16 1 0 -91 0
51.434 1 ENERGY 6.8 0. 0 0.
51.438 1 NAVIGATION 0 0 -194263.5 -4813595. 2.32095901286e+13 2.32095901286e+13 0 0
51.684 1 CIRCLE 0. 120. 40.
51.687 1 ATTITUDE -0.112619 -2.006185 -0.066107
51.690 1 ESTIMATOR -17. 0.
51.694 1 NAVIGATION 0 0 -194263.5 -4813595. 2.32095901286e+13 2.32095901286e+13 0 0
51.697 1 ATTITUDE -0.106576 -2.007424 -0.060753
51.705 1 DESIRED 0.02 4.82 0. -42. 82. 210. 6. 20.
51.707 1 WP_MOVED 0 360327. 4813637. 250. 31
51.710 1 IMU_GYRO 0.016846 0.013672 -0.065918
51.714 1 IMU_MAG -3.461914 -1.651367 -4.802246
51.715 1 STATE_FILTER_STATUS 3 0
51.721 1 GPS 0 16602147 0 0 -17000 0 0 0 53750 31 7
51.723 1 SVINFO 7 22 16 1 0 -91 0
51.726 1 FBW_STATUS 2 0 1 68 0
51.877 1 DOWNLINK_STATUS 0 52 31462 1438 45 761. 36. -37411.72
51.973 1 NAVIGATION 0 0 -194263.5 -4813595. 2.32095901286e+13 2.32095901286e+13 0 0
51.976 1 ATTITUDE -0.099444 -2.009914 -0.052819
51.980 1 ATTITUDE -0.090221 -2.012273 -0.043711
51.986 1 DESIRED 0.02 4.82 0. -42. 82. 210. 6. 20.
51.988 1 PPRZ_MODE 2 3 3 2 0 6
51.991 1 ATTITUDE -0.093134 -2.012098 -0.03628
51.997 1 GPS 0 16602147 0 0 -17000 0 0 0 54000 31 8
52.000 1 SVINFO 8 23 16 1 0 -91 0
52.003 1 IMU_ACCEL 0.09082 -9.895508 0.209961
52.006 1 BAT 0 68 0 0 0 54 54 0
52.011 1 NAVIGATION 0 0 -194263.5 -4813595. 2.32095901286e+13 2.32095901286e+13 0 0
52.014 1 ATTITUDE -0.090449 -2.011014 -0.031085
52.263 1 DESIRED 0.02 4.82 0. -42. 82. 210. 6. 20.
52.266 1 ESTIMATOR -17. 0.
52.269 1 ATTITUDE -0.060847 -2.011997 -0.019511
52.272 1 WP_MOVED 1 360285. 4813715. 250. 31
52.278 1 GPS 0 16602147 0 0 -17000 0 0 0 54250 31 9
52.287 1 ATTITUDE -0.07553 -2.01791 -0.008119
52.294 1 DESIRED 0.02 4.82 0. -42. 82. 210. 6. 20.
52.297 1 IMU_GYRO -0.069092 0.011475 -0.016846
52.300 1 ATTITUDE -0.077121 -2.018047 -0.005654
52.545 1 ATTITUDE -0.078509 -2.017228 0.001337
52.552 1 DESIRED 0.02 4.82 0. -42. 82. 210. 6. 20.
52.558 1 GPS 0 16602147 0 0 -17000 0 0 0 54500 31 10
52.560 1 SVINFO 10 25 16 1 0 -91 0
52.562 1 DL_VALUE 3 0.
52.580 1 CIRCLE 0. 120. 40.
52.583 1 GPS_SOL 649587968 100000 9999 0
52.586 1 ATTITUDE -0.077828 -2.018961 0.001607
52.835 1 DESIRED 0.02 4.82 0. -42. 82. 210. 6. 20.
52.838 1 WP_MOVED 0 360327. 4813637. 250. 31
52.844 1 GPS 0 16602147 0 0 -17000 0 0 0 54750 31 11
52.847 1 SVINFO 11 26 16 1 0 -91 0
52.851 1 NAVIGATION 0 0 -194263.5 -4813595. 2.32095901286e+13 2.32095901286e+13 0 0
52.860 1 ATTITUDE -0.076399 -2.021544 0.002495
52.866 1 DESIRED 0.02 4.82 0. -42. 82. 210. 6. 20.
52.869 1 IMU_GYRO -0.048828 0.005127 -0.005127
52.871 1 PPRZ_MODE 2 3 3 2 0 6
52.874 1 ACTUATORS 1200,1000,1643,1643,1350
52.877 1 DOWNLINK_STATUS 0 53 32338 1477 49 876. 39. -37411.72
53.121 1 ATTITUDE -0.075893 -2.022507 0.002594
53.127 1 GPS 0 16602147 0 0 -17000 0 0 0 55000 31 12
53.129 1 SVINFO 12 27 16 1 0 -91 0
53.132 1 IMU_MAG -3.529785 -1.685059 -4.993164
53.137 1 NAVIGATION 0 0 -194263.5 -4813595. 2.32095901286e+13 2.32095901286e+13 0 0
53.140 1 ATTITUDE -0.0753 -2.023432 0.002803
53.154 1 GPS 0 16602147 0 0 -17000 0 0 0 55250 31 13
53.156 1 SVINFO 13 28 16 1 0 -91 0
53.161 1 NAVIGATION 0 0 -194263.5 -4813595. 2.32095901286e+13 2.32095901286e+13 0 0
53.164 1 ATTITUDE -0.074318 -2.025204 0.002968
53.413 1 DESIRED 0.02 4.81 0. -42. 82. 210. 6. 20.
53.414 1 CALIBRATION -150. 0
53.417 1 ATTITUDE -0.073742 -2.026116 0.003079
53.420 1 NAVIGATION_REF 360285 4813595 31
53.423 1 ATTITUDE -0.073213 -2.027738 0.002973
53.431 1 DESIRED 0.02 4.81 0. -42. 82. 210. 6. 20.
53.435 1 GPS 0 16602147 0 0 -17000 0 0 0 55500 31 14
53.438 1 SVINFO 14 30 16 1 0 -91 0
53.441 1 IMU_GYRO -0.046631 0.001953 -0.005127
53.446 1 NAVIGATION 0 0 -194263.5 -4813595. 2.32095901286e+13 2.32095901286e+13 0 0
53.449 1 ATTITUDE -0.072951 -2.028493 0.00308
53.665 1 WIND_INFO 1 42 0. 0. 0.
53.694 1 ESTIMATOR -17. 0.
53.697 1 IMU_ACCEL 0.416016 -9.852539 0.320312
53.702 1 NAVIGATION 0 0 -194263.5 -4813595. 2.32095901286e+13 2.32095901286e+13 0 0
53.705 1 CIRCLE 0. 120. 40.
53.708 1 ATTITUDE -0.072595 -2.029277 0.003236
53.714 1 DESIRED 0.02 4.81 0. -42. 82. 210. 6. 20.
53.718 1 WP_MOVED 0 360327. 4813637. 250. 31
53.724 1 GPS 0 16602147 0 0 -17000 0 0 0 55750 31 15
53.726 1 SVINFO 15 31 16 1 0 -91 0
53.729 1 FBW_STATUS 2 0 1 68 0
53.733 1 NAVIGATION 0 0 -194263.5 -4813595. 2.32095901286e+13 2.32095901286e+13 0 0
53.736 1 ATTITUDE -0.071897 -2.030225 0.003397
53.878 1 DOWNLINK_STATUS 0 54 33061 1510 50 723. 33. -37411.72
54.386 1 ATTITUDE -0.071483 -2.031111 0.003441
54.392 1 DESIRED 0.02 4.81 0. -42. 82. 210. 6. 20.
54.394 1 PPRZ_MODE 2 3 3 2 0 6
54.396 1 STATE_FILTER_STATUS 3 0
54.399 1 ATTITUDE -0.070775 -2.032984 0.003533
54.405 1 GPS 0 16602147 0 0 -17000 0 0 0 56000 31 16
54.412 1 IMU_ACCEL 0.454102 -9.829102 0.282227
54.415 1 ATTITUDE -0.066873 -2.037323 0.00438
54.422 1 DESIRED 0.02 4.81 0. -42. 82. 210. 6. 20.
54.428 1 GPS 0 16602147 0 0 -17000 0 0 0 56500 31 2
54.674 1 SVINFO 2 17 16 1 0 -91 0
54.678 1 NAVIGATION 0 0 -194263.5 -4813595. 2.32095901286e+13 2.32095901286e+13 0 0
54.681 1 ATTITUDE -0.066599 -2.038054 0.00426
54.684 1 ESTIMATOR -17. 0.
54.688 1 NAVIGATION 0 0 -194263.5 -4813595. 2.32095901286e+13 2.32095901286e+13 0 0
54.691 1 GPS_SOL 649593088 100000 9999 0
54.694 1 ATTITUDE -0.065587 -2.040134 0.004821
54.701 1 DESIRED 0.02 4.81 0. -42. 82. 210. 6. 20.
54.704 1 WP_MOVED 0 360327. 4813637. 250. 31
54.708 1 IMU_GYRO -0.052979 -0.026367 -0.018066
54.711 1 CIRCLE 0. 120. 40.
54.716 1 GPS 0 16602147 0 0 -17000 0 0 0 56750 31 3
54.878 1 DOWNLINK_STATUS 0 55 33556 1532 51 495. 22. -37411.72
54.962 1 SVINFO 3 19 16 1 0 -91 0
54.967 1 NAVIGATION 0 0 -194263.5 -4813595. 2.32095901286e+13 2.32095901286e+13 0 0
54.970 1 ATTITUDE -0.066164 -2.046726 0.006928
54.973 1 ATTITUDE -0.056576 -2.038446 0.015037
54.980 1 DESIRED 0.02 4.81 0. -42. 82. 210. 6. 20.
54.982 1 PPRZ_MODE 2 3 3 2 0 6
54.985 1 ATTITUDE -0.042989 -2.025856 0.020293
54.991 1 GPS 0 16602147 0 0 -17000 0 0 0 57000 31 4
54.993 1 SVINFO 4 20 16 1 0 -91 0
54.998 1 NAVIGATION 0 0 -194263.5 -4813595. 2.32095901286e+13 2.32095901286e+13 0 0
55.001 1 ATTITUDE -0.032561 -2.037655 0.029206
55.250 1 DESIRED 0.02 4.81 0. -42. 82. 210. 6. 20.
55.251 1 ESTIMATOR -17. 0.
55.256 1 ATTITUDE -0.016253 -2.045147 0.04476
55.259 1 WP_MOVED 1 360285. 4813715. 250. 31
55.262 1 IMU_ACCEL 0.660156 -9.359375 0.799805
55.268 1 GPS 0 16602147 0 0 -17000 0 0 0 57250 31 5
55.269 1 SVINFO 5 21 16 1 0 -91 0
55.275 1 NAVIGATION 0 0 -194263.5 -4813595. 2.32095901286e+13 2.32095901286e+13 0 0
55.278 1 ATTITUDE -0.004179 -2.042045 0.052731
55.285 1 DESIRED 0.02 4.8 0. -42. 82. 210. 6. 20.
55.288 1 IMU_GYRO 0.169189 -0.094482 -0.179688
55.290 1 BAT 0 68 0 0 0 57 57 0
55.539 1 ATTITUDE 0.000139 -2.050927 0.070197
55.539 1 CALIBRATION -150. 0
55.540 1 DOWNLINK 22 919 2434
55.545 1 ATTITUDE -0.021909 -2.048443 0.083676
55.551 1 DESIRED 0.02 4.8 0. -42. 82. 210. 6. 20.
55.561 1 ESTIMATOR -17. 0.
55.566 1 NAVIGATION 0 0 -194263.5 -4813595. 2.32095901286e+13 2.32095901286e+13 0 0
55.569 1 IMU_MAG -3.59668 -1.737305 -4.931152
55.572 1 ATTITUDE 0.054414 -2.044311 0.154648
55.879 1 DOWNLINK_STATUS 0 56 34239 1564 52 683. 32. -42411.96
56.467 1 DESIRED 0.02 4.81 0. -42. 82. 210. 6. 20.
56.470 1 WP_MOVED 0 360327. 4813637. 250. 31
56.476 1 GPS 0 16602147 0 0 -17000 0 0 0 57750 31 7
56.478 1 SVINFO 7 23 16 1 0 -91 0
56.481 1 CIRCLE 0. 120. 40.
56.484 1 FBW_STATUS 2 0 1 68 0
56.498 1 DESIRED 0.02 4.82 0. -42. 82. 210. 6. 20.
56.501 1 IMU_GYRO -0.073242 -0.047852 -0.239258
56.503 1 PPRZ_MODE 2 3 3 2 0 6
56.506 1 ATTITUDE 0.073154 -2.036163 0.252154
56.879 1 DOWNLINK_STATUS 0 57 34463 1574 53 224. 10. -42411.96
57.124 1 GPS 0 16602147 0 0 -17000 0 0 0 58000 31 8
57.126 1 SVINFO 8 24 16 1 0 -91 0
57.129 1 IMU_ACCEL 2.796875 -9.483398 1.609375
57.134 1 NAVIGATION 0 0 -194263.5 -4813595. 2.32095901286e+13 2.32095901286e+13 0 0
57.137 1 ATTITUDE 0.041556 -2.042861 0.262794
57.144 1 DESIRED 0.02 4.81 0. -42. 82. 210. 6. 20.
57.152 1 WP_MOVED 1 360285. 4813715. 250. 31
57.157 1 GPS 0 16602147 0 0 -17000 0 0 0 58250 31 9
57.159 1 SVINFO 9 25 16 1 0 -91 0
57.164 1 NAVIGATION 0 0 -194263.5 -4813595. 2.32095901286e+13 2.32095901286e+13 0 0
57.167 1 ATTITUDE 0.066855 -2.040875 0.298501
57.417 1 DESIRED 0.02 4.81 0. -42. 82. 210. 6. 20.
57.420 1 ATTITUDE 0.073846 -2.029738 0.319581
57.423 1 BAT 0 68 0 0 0 58 58 0
57.426 1 ATTITUDE 0.075425 -2.025968 0.337137
57.433 1 DESIRED 0.02 4.82 0. -42. 82. 210. 6. 20.
57.439 1 GPS 0 16602147 0 0 -17000 0 0 0 58500 31 10
57.441 1 SVINFO 10 26 16 1 0 -91 0
57.444 1 IMU_GYRO -0.052979 -0.008301 -0.119141
57.449 1 NAVIGATION 0 0 -194263.5 -4813595. 2.32095901286e+13 2.32095901286e+13 0 0
57.452 1 ATTITUDE 0.068885 -2.027365 0.343004
57.454 1 ESTIMATOR -17. 0.
57.702 1 NAVIGATION 0 0 -194263.5 -4813595. 2.32095901286e+13 2.32095901286e+13 0 0
57.705 1 GPS_SOL 649598400 100000 9999 0
57.708 1 ATTITUDE 0.05965 -2.026402 0.342396
57.715 1 DESIRED 0.02 4.81 0. -42. 82. 210. 6. 20.
57.718 1 WP_MOVED 0 360327. 4813637. 250. 31
57.724 1 GPS 0 16602147 0 0 -17000 0 0 0 58750 31 11
57.726 1 SVINFO 11 28 16 1 0 -91 0
57.731 1 NAVIGATION 0 0 -194263.5 -4813595. 2.32095901286e+13 2.32095901286e+13 0 0
57.734 1 ATTITUDE 0.058344 -2.023304 0.345939
57.737 1 IMU_ACCEL 3.779297 -9.067383 1.426758
57.740 1 CIRCLE 0. 120. 40.
57.879 1 DOWNLINK_STATUS 0 58 35223 1607 54 760. 33. -42411.96
57.987 1 ATTITUDE 0.059833 -2.022468 0.354407
57.993 1 DESIRED 0.02 4.81 0. -42. 82. 210. 6. 20.
57.996 1 PPRZ_MODE 2 3 3 2 0 6
57.999 1 IMU_MAG -3.762207 -2.067871 -4.800293
58.002 1 ATTITUDE 0.06041 -2.019506 0.363081
58.008 1 GPS 0 16602147 0 0 -17000 0 0 0 59000 31 12
58.010 1 SVINFO 12 29 16 1 0 -91 0
58.012 1 DL_VALUE 6 40.
58.016 1 NAVIGATION 0 0 -194263.5 -4813595. 2.32095901286e+13 2.32095901286e+13 0 0
58.020 1 ATTITUDE 0.059291 -2.016384 0.372291
58.026 1 DESIRED 0.02 4.81 0. -42. 82. 210. 6. 20.
58.029 1 ESTIMATOR -17. 0.
58.275 1 IMU_GYRO -0.132812 0.027588 -0.080811
58.278 1 ATTITUDE 0.051372 -2.016334 0.379084
58.282 1 WP_MOVED 1 360285. 4813715. 250. 31
58.288 1 GPS 0 16602147 0 0 -17000 0 0 0 59250 31 13
58.290 1 SVINFO 13 30 16 1 0 -91 0
58.295 1 NAVIGATION 0 0 -194263.5 -4813595. 2.32095901286e+13 2.32095901286e+13 0 0
58.305 1 DESIRED 0.02 4.81 0. -42. 82. 210. 6. 20.
58.309 1 WP_MOVED 0 360327. 4813637. 250. 31
58.312 1 IMU_GYRO -0.063721 -0.006348 -0.015869
58.318 1 GPS 0 16602147 0 0 -17000 0 0 0 59750 31 15
58.563 1 SVINFO 15 32 16 1 0 -91 0
58.566 1 FBW_STATUS 2 0 1 68 0
58.571 1 NAVIGATION 0 0 -194263.5 -4813595. 2.32095901286e+13 2.32095901286e+13 0 0
58.574 1 ATTITUDE 0.052463 -2.014741 0.414376
58.577 1 CIRCLE 0. 120. 40.
58.580 1 COMMANDS 0,-1043,9600,0,0
58.583 1 ATTITUDE 0.050997 -2.017871 0.414821
58.595 1 GPS 0 16602147 0 0 -17000 0 0 0 60000 31 16
58.598 1 SVINFO 0 16 16 1 0 -91 0
58.602 1 NAVIGATION 0 0 -194263.5 -4813595. 2.32095901286e+13 2.32095901286e+13 0 0
58.605 1 ATTITUDE 0.067808 -2.018075 0.441584
58.855 1 DESIRED 0.02 4.81 0. -42. 82. 210. 6. 20.
58.858 1 ESTIMATOR -17. 0.
58.861 1 ATTITUDE 0.073977 -2.012675 0.45636
58.864 1 WP_MOVED 1 360285. 4813715. 250. 31
58.868 1 IMU_MAG -3.796387 -2.192383 -4.741699
58.873 1 GPS 0 16602147 0 0 -17000 0 0 0 60250 31 1
58.876 1 SVINFO 1 17 16 1 0 -91 0
58.880 1 NAVIGATION 0 0 -194263.5 -4813595. 2.32095901286e+13 2.32095901286e+13 0 0
58.880 1 DOWNLINK_STATUS 0 59 36117 1648 56 894. 41. -42411.96
58.883 1 ATTITUDE 0.069127 -2.014333 0.45748
58.890 1 DESIRED 0.02 4.81 0. -42. 82. 210. 6. 20.
58.893 1 IMU_GYRO -0.127686 -0.033936 0.048828
59.137 1 STATE_FILTER_STATUS 3 0
59.140 1 ATTITUDE 0.056267 -2.024101 0.452913
59.143 1 IMU_ACCEL 4.674805 -8.669922 1.120117
59.146 1 ATTITUDE 0.051886 -2.030998 0.450593
59.154 1 DESIRED 0.02 4.81 0. -42. 82. 210. 6. 20.
59.166 1 ATTITUDE 0.057698 -2.032475 0.451739
59.168 1 ESTIMATOR -17. 0.
59.174 1 NAVIGATION 0 0 -194263.5 -4813595. 2.32095901286e+13 2.32095901286e+13 0 0
59.176 1 BAT 0 68 0 0 0 60 60 0
59.179 1 GPS_SOL 649603904 100000 9999 0
59.425 1 ATTITUDE 0.061368 -2.033314 0.455865
59.432 1 DESIRED 0.02 4.81 0. -42. 82. 210. 6. 20.
59.435 1 WP_MOVED 0 360327. 4813637. 250. 31
59.441 1 GPS 0 16602147 0 0 -17000 0 0 0 60750 31 3
59.443 1 SVINFO 3 19 16 1 0 -91 0
59.455 1 DESIRED 0.02 4.81 0. -42. 82. 210. 6. 20.
59.458 1 IMU_GYRO -0.095703 -0.00415 0.044678
59.460 1 PPRZ_MODE 2 3 3 2 0 6
59.464 1 CIRCLE 0. 120. 40.
59.467 1 ATTITUDE 0.058753 -2.04259 0.449066
59.716 1 GPS 0 16602147 0 0 -17000 0 0 0 61000 31 4
59.718 1 SVINFO 4 20 16 1 0 -91 0
59.722 1 ENERGY 6.8 0. 0 0.
59.726 1 NAVIGATION 0 0 -194263.5 -4813595. 2.32095901286e+13 2.32095901286e+13 0 0
59.730 1 ATTITUDE 0.059857 -2.045644 0.44971
59.742 1 SVINFO 7 23 16 1 0 -91 0
59.744 1 FBW_STATUS 2 0 1 68 0
59.749 1 NAVIGATION 0 0 -194263.5 -4813595. 2.32095901286e+13 2.32095901286e+13 0 0
59.752 1 ATTITUDE 0.069666 -2.055529 0.451762
59.755 1 ATTITUDE 0.069785 -2.057098 0.450915
59.880 1 DOWNLINK_STATUS 0 60 36817 1681 59 700. 33. -42411.96
60.005 1 DESIRED 0.02 4.81 0. -42. 82. 210. 6. 20.
60.007 1 PPRZ_MODE 2 3 3 2 0 6
60.010 1 CIRCLE 0. 120. 40.
60.014 1 ATTITUDE 0.071044 -2.058958 0.450302
60.019 1 GPS 0 16602147 0 0 -17000 0 0 0 62000 31 8
60.031 1 DESIRED 0.02 4.81 0. -42. 82. 210. 6. 20.
60.037 1 GPS 0 16602147 0 0 -17000 0 0 0 62500 31 10
60.039 1 SVINFO 10 26 16 1 0 -91 0
60.043 1 STATE_FILTER_STATUS 3 0
60.043 1 DOWNLINK 25 917 2648
60.291 1 NAVIGATION 0 0 -194263.5 -4813595. 2.32095901286e+13 2.32095901286e+13 0 0
60.294 1 ATTITUDE 0.075229 -2.067586 0.446965
60.296 1 ESTIMATOR -17. 0.
60.301 1 NAVIGATION 0 0 -194263.5 -4813595. 2.32095901286e+13 2.32095901286e+13 0 0
60.304 1 GPS_SOL 649609600 100000 9999 0
60.307 1 ATTITUDE 0.077587 -2.06838 0.44798
60.314 1 DESIRED 0.02 4.82 0. -42. 82. 210. 6. 20.
60.317 1 WP_MOVED 0 360327. 4813637. 250. 31
60.320 1 IMU_GYRO -0.043457 0.005127 -0.003174
60.326 1 GPS 0 16602147 0 0 -17000 0 0 0 62750 31 11
60.328 1 SVINFO 11 27 16 1 0 -91 0
60.576 1 NAVIGATION 0 0 -194263.5 -4813595. 2.32095901286e+13 2.32095901286e+13 0 0
60.579 1 ATTITUDE 0.077927 -2.07094 0.446406
60.582 1 IMU_ACCEL 4.631836 -8.683594 1.144531
60.586 1 BAT 0 68 0 0 0 63 63 0
60.589 1 IMU_MAG -3.80127 -2.172363 -4.731934
60.592 1 ATTITUDE 0.077529 -2.072882 0.444275
60.606 1 GPS 0 16602147 0 0 -17000 0 0 0 63000 31 12
60.608 1 SVINFO 12 28 16 1 0 -91 0
60.612 1 CIRCLE 0. 120. 40.
60.616 1 NAVIGATION 0 0 -194263.5 -4813595. 2.32095901286e+13 2.32095901286e+13 0 0
60.619 1 ATTITUDE 0.08076 -2.074744 0.446576
60.881 1 DOWNLINK_STATUS 0 61 37511 1713 61 694. 32. -47412.18
61.225 1 DESIRED 0.02 4.82 0. -42. 82. 210. 6. 20.
61.227 1 ESTIMATOR -17. 0.
61.230 1 ATTITUDE 0.082639 -2.075683 0.447745
61.233 1 WP_MOVED 1 360285. 4813715. 250. 31
61.239 1 GPS 0 16602147 0 0 -17000 0 0 0 63250 31 13
61.248 1 ATTITUDE 0.08219 -2.077815 0.446859
61.254 1 DESIRED 0.02 4.82 0. -42. 82. 210. 6. 20.
61.258 1 IMU_GYRO -0.066895 0.000977 0.012695
61.261 1 ATTITUDE 0.082199 -2.079515 0.445566
61.882 1 DOWNLINK_STATUS 0 62 37726 1722 62 215. 9. -47412.18
62.254 1 ATTITUDE 0.083579 -2.080716 0.445783
62.261 1 DESIRED 0.02 4.82 0. -42. 82. 210. 6. 20.
62.266 1 GPS 0 16602147 0 0 -17000 0 0 0 63500 31 14
62.269 1 SVINFO 14 31 16 1 0 -91 0
62.271 1 DL_VALUE 9 0.
62.281 1 ESTIMATOR -17. 0.
62.284 1 IMU_ACCEL 4.645508 -8.665039 1.263672
62.288 1 NAVIGATION 0 0 -194263.5 -4813595. 2.32095901286e+13 2.32095901286e+13 0 0
62.291 1 ATTITUDE 0.083348 -2.085898 0.443858
62.541 1 DESIRED 0.02 4.82 0. -42. 82. 210. 6. 20.
62.546 1 WP_MOVED 0 360327. 4813637. 250. 31
62.546 1 CALIBRATION -150. 0
62.552 1 GPS 0 16602147 0 0 -17000 0 0 0 63750 31 15
62.554 1 SVINFO 15 32 16 1 0 -91 0
62.559 1 NAVIGATION 0 0 -194263.5 -4813595. 2.32095901286e+13 2.32095901286e+13 0 0
62.560 1 FBW_STATUS 2 0 1 68 0
62.572 1 DESIRED 0.02 4.82 0. -42. 82. 210. 6. 20.
62.575 1 IMU_GYRO -0.038086 0.003174 -0.001953
62.577 1 PPRZ_MODE 2 3 3 2 0 6
62.581 1 BAT 0 68 0 0 0 64 64 0
62.584 1 ATTITUDE 0.083765 -2.093303 0.43901
62.833 1 GPS 0 16602147 0 0 -17000 0 0 0 64000 31 16
62.834 1 SVINFO 0 1 16 1 0 -91 0
62.840 1 NAVIGATION 0 0 -194263.5 -4813595. 2.32095901286e+13 2.32095901286e+13 0 0
62.842 1 CIRCLE 0. 120. 40.
62.845 1 ATTITUDE 0.084566 -2.095313 0.440432
62.855 1 WP_MOVED 1 360285. 4813715. 250. 31
62.861 1 GPS 0 16602147 0 0 -17000 0 0 0 64250 31 1
62.864 1 SVINFO 1 2 16 1 0 -91 0
62.869 1 NAVIGATION 0 0 -194263.5 -4813595. 2.32095901286e+13 2.32095901286e+13 0 0
62.871 1 ATTITUDE 0.084173 -2.099286 0.438737
62.883 1 DOWNLINK_STATUS 0 63 38400 1753 65 674. 31. -47412.18
63.121 1 DESIRED 0.02 4.82 0. -42. 82. 210. 6. 20.
63.123 1 ATTITUDE 0.083866 -2.100692 0.439263
63.126 1 IMU_ACCEL 4.587891 -8.708008 1.134766
63.129 1 NAVIGATION_REF 360285 4813595 31
63.132 1 ATTITUDE 0.085148 -2.102523 0.44027
63.139 1 DESIRED 0.02 4.82 0. -42. 82. 210. 6. 20.
63.145 1 GPS 0 16602147 0 0 -17000 0 0 0 64500 31 2
63.147 1 SVINFO 2 16 16 1 0 -91 0
63.150 1 IMU_GYRO -0.036133 -0.00415 -0.009521
63.155 1 NAVIGATION 0 0 -194263.5 -4813595. 2.32095901286e+13 2.32095901286e+13 0 0
63.158 1 ATTITUDE 0.08586 -2.104791 0.439725
63.403 1 ESTIMATOR -17. 0.
63.408 1 NAVIGATION 0 0 -194263.5 -4813595. 2.32095901286e+13 2.32095901286e+13 0 0
63.411 1 GPS_SOL 649615488 100000 9999 0
63.414 1 ATTITUDE 0.084654 -2.107449 0.437402
63.420 1 DESIRED 0.02 4.82 0. -42. 82. 210. 6. 20.
63.424 1 WP_MOVED 0 360327. 4813637. 250. 31
63.425 1 STATE_FILTER_STATUS 3 0
63.431 1 GPS 0 16602147 0 0 -17000 0 0 0 64750 31 3
63.433 1 SVINFO 3 19 16 1 0 -91 0
63.438 1 NAVIGATION 0 0 -194263.5 -4813595. 2.32095901286e+13 2.32095901286e+13 0 0
63.441 1 ATTITUDE 0.085295 -2.108374 0.437203
63.444 1 COMMANDS 0,-2113,9600,0,0
63.665 1 WIND_INFO 1 42 0. 0. 0.
63.690 1 ATTITUDE 0.08673 -2.108489 0.4387
63.697 1 DESIRED 0.02 4.82 0. -42. 82. 210. 6. 20.
63.699 1 PPRZ_MODE 2 3 3 2 0 6
63.702 1 ACTUATORS 1200,1000,1387,1387,1350
63.705 1 ATTITUDE 0.088127 -2.109082 0.438915
63.711 1 GPS 0 16602147 0 0 -17000 0 0 0 65000 31 4
63.713 1 SVINFO 4 20 16 1 0 -91 0
63.717 1 BAT 0 68 0 0 0 65 65 0
63.719 1 DL_VALUE 10 0.
63.723 1 NAVIGATION 0 0 -194263.5 -4813595. 2.32095901286e+13 2.32095901286e+13 0 0
63.726 1 ATTITUDE 0.087397 -2.109907 0.437237
63.733 1 DESIRED 0.02 4.82 0. -42. 82. 210. 6. 20.
63.884 1 DOWNLINK_STATUS 0 64 39168 1788 65 768. 35. -47412.18
64.382 1 ESTIMATOR -17. 0.
64.385 1 IMU_GYRO -0.066895 0.009521 0.016846
64.388 1 CIRCLE 0. 120. 40.
64.391 1 ATTITUDE 0.08675 -2.111354 0.435616
64.395 1 WP_MOVED 1 360285. 4813715. 250. 31
64.398 1 IMU_ACCEL 4.544922 -8.779297 1.106445
64.409 1 ATTITUDE 0.088536 -2.111991 0.436273
64.416 1 DESIRED 0.02 4.82 0. -42. 82. 210. 6. 20.
64.419 1 ATTITUDE 0.089165 -2.113784 0.436382
64.422 1 IMU_MAG -3.805664 -2.16748 -4.733398
64.668 1 ATTITUDE 0.089731 -2.115179 0.43455
64.674 1 DESIRED 0.02 4.82 0. -42. 82. 210. 6. 20.
64.680 1 GPS 0 16602147 0 0 -17000 0 0 0 65500 31 6
64.682 1 SVINFO 6 22 16 1 0 -91 0
64.687 1 NAVIGATION 0 0 -194263.5 -4813595. 2.32095901286e+13 2.32095901286e+13 0 0
64.689 1 ATTITUDE 0.089398 -2.116879 0.433523
64.692 1 ESTIMATOR -17. 0.
64.697 1 NAVIGATION 0 0 -194263.5 -4813595. 2.32095901286e+13 2.32095901286e+13 0 0
64.699 1 ATTITUDE 0.090106 -2.118251 0.433648
64.707 1 DESIRED 0.02 4.82 0. -42. 82. 210. 6. 20.
64.709 1 WP_MOVED 0 360327. 4813637. 250. 31
64.885 1 DOWNLINK_STATUS 0 65 39629 1809 66 461. 21. -47412.18
64.956 1 IMU_GYRO -0.041504 0.010498 -0.013672
64.962 1 GPS 0 16602147 0 0 -17000 0 0 0 65750 31 7
64.964 1 SVINFO 7 23 16 1 0 -91 0
64.967 1 FBW_STATUS 2 0 1 68 0
64.971 1 NAVIGATION 0 0 -194263.5 -4813595. 2.32095901286e+13 2.32095901286e+13 0 0
64.975 1 ATTITUDE 0.090819 -2.11918 0.434124
64.987 1 DESIRED 0.02 4.82 0. -42. 82. 210. 6. 20.
64.988 1 PPRZ_MODE 2 3 3 2 0 6
64.991 1 ATTITUDE 0.090296 -2.121764 0.432163
64.996 1 GPS 0 16602147 0 0 -17000 0 0 0 66000 31 8
65.242 1 SVINFO 8 24 16 1 0 -91 0
65.245 1 IMU_ACCEL 4.536133 -8.750977 1.167969
65.249 1 ENERGY 6.8 0. 0 0.
65.253 1 NAVIGATION 0 0 -194263.5 -4813595. 2.32095901286e+13 2.32095901286e+13 0 0
65.257 1 ATTITUDE 0.090977 -2.123298 0.431579
65.263 1 DESIRED 0.02 4.82 0. -42. 82. 210. 6. 20.
65.277 1 GPS 0 16602147 0 0 -17000 0 0 0 66500 31 10
65.280 1 SVINFO 10 26 16 1 0 -91 0
65.282 1 DL_VALUE 0 0.
65.529 1 NAVIGATION 0 0 -194263.5 -4813595. 2.32095901286e+13 2.32095901286e+13 0 0
65.533 1 ATTITUDE 0.092019 -2.130592 0.428685
65.535 1 ESTIMATOR -17. 0.
65.540 1 NAVIGATION 0 0 -194263.5 -4813595. 2.32095901286e+13 2.32095901286e+13 0 0
65.543 1 GPS_SOL 649621568 100000 9999 0
65.546 1 ATTITUDE 0.091622 -2.13227 0.428188
65.557 1 ATTITUDE 0.088723 -2.154712 0.406012
65.559 1 ESTIMATOR -17. 0.
65.562 1 IMU_ACCEL 4.310547 -8.841797 1.082031
65.567 1 NAVIGATION 0 0 -194263.5 -4813595. 2.32095901286e+13 2.32095901286e+13 0 0
65.569 1 DOWNLINK 26 929 2866
65.572 1 ATTITUDE 0.087893 -2.159484 0.397976
65.885 1 DOWNLINK_STATUS 0 66 40270 1840 69 641. 31. -52412.57
66.191 1 DESIRED 0.02 4.82 0. -42. 82. 210. 6. 20.
66.195 1 WP_MOVED 0 360327. 4813637. 250. 31
66.201 1 GPS 0 16602147 0 0 -17000 0 0 0 67750 31 15
66.203 1 SVINFO 15 32 16 1 0 -91 0
66.206 1 FBW_STATUS 2 0 1 68 0
66.219 1 DESIRED 0.02 4.82 0. -42. 82. 210. 6. 20.
66.221 1 PPRZ_MODE 2 3 3 2 0 6
66.223 1 CALIBRATION -150. 0
66.226 1 ATTITUDE 0.083722 -2.169757 0.382554
66.474 1 GPS 0 16602147 0 0 -17000 0 0 0 68000 31 16
66.476 1 SVINFO 0 1 16 1 0 -91 0
66.480 1 IMU_MAG -3.790527 -2.101562 -4.746094
66.480 1 DL_VALUE 1 0.
66.486 1 NAVIGATION 0 0 -194263.5 -4813595. 2.32095901286e+13 2.32095901286e+13 0 0
66.489 1 ATTITUDE 0.084884 -2.170223 0.381877
66.496 1 DESIRED 0.02 4.82 0. -42. 82. 210. 6. 20.
66.501 1 IMU_GYRO -0.046631 0.010498 -0.000977
66.504 1 ATTITUDE 0.08497 -2.170794 0.380945
66.507 1 WP_MOVED 1 360285. 4813715. 250. 31
66.513 1 GPS 0 16602147 0 0 -17000 0 0 0 68250 31 1
66.515 1 SVINFO 1 2 16 1 0 -91 0
66.761 1 CIRCLE 0. 120. 40.
66.766 1 NAVIGATION 0 0 -194263.5 -4813595. 2.32095901286e+13 2.32095901286e+13 0 0
66.769 1 ATTITUDE 0.084869 -2.171758 0.378908
66.776 1 DESIRED 0.02 4.82 0. -42. 82. 210. 6. 20.
66.779 1 BAT 0 68 0 0 0 68 68 0
66.782 1 ATTITUDE 0.084076 -2.172971 0.376277
66.785 1 IMU_ACCEL 3.994141 -9.009766 1.072266
66.788 1 ATTITUDE 0.083886 -2.174027 0.373929
66.796 1 DESIRED 0.02 4.82 0. -42. 82. 210. 6. 20.
66.801 1 GPS 0 16602147 0 0 -17000 0 0 0 68500 31 2
66.803 1 SVINFO 2 16 16 1 0 -91 0
66.886 1 DOWNLINK_STATUS 0 67 40990 1872 71 720. 32. -52412.57
67.054 1 ENERGY 6.8 0. 0 0.
67.054 1 NAVIGATION 0 0 -194263.5 -4813595. 2.32095901286e+13 2.32095901286e+13 0 0
67.057 1 ATTITUDE 0.084187 -2.174983 0.371078
67.060 1 ESTIMATOR -17. 0.
67.064 1 NAVIGATION 0 0 -194263.5 -4813595. 2.32095901286e+13 2.32095901286e+13 0 0
67.067 1 GPS_SOL 649627776 100000 9999 0
67.070 1 ATTITUDE 0.083906 -2.177179 0.367799
67.077 1 DESIRED 0.02 4.82 0. -42. 82. 210. 6. 20.
67.080 1 WP_MOVED 0 360327. 4813637. 250. 31
67.084 1 IMU_GYRO -0.056396 0. 0.031738
67.089 1 GPS 0 16602147 0 0 -17000 0 0 0 68750 31 3
67.092 1 SVINFO 3 19 16 1 0 -91 0
67.339 1 NAVIGATION 0 0 -194263.5 -4813595. 2.32095901286e+13 2.32095901286e+13 0 0
67.342 1 ATTITUDE 0.083075 -2.179437 0.363843
67.346 1 ATTITUDE 0.082598 -2.181927 0.358641
67.352 1 DESIRED 0.02 4.82 0. -42. 82. 210. 6. 20.
67.354 1 PPRZ_MODE 2 3 3 2 0 6
67.357 1 ATTITUDE 0.082521 -2.184766 0.352407
67.363 1 GPS 0 16602147 0 0 -17000 0 0 0 69000 31 4
67.366 1 SVINFO 4 20 16 1 0 -91 0
67.370 1 NAVIGATION 0 0 -194263.5 -4813595. 2.32095901286e+13 2.32095901286e+13 0 0
67.373 1 ATTITUDE 0.080623 -2.187736 0.345208
67.380 1 DESIRED 0.02 4.82 0. -42. 82. 210. 6. 20.
67.625 1 ESTIMATOR -17. 0.
67.626 1 STATE_FILTER_STATUS 3 0
67.630 1 ATTITUDE 0.077276 -2.190989 0.338075
67.633 1 WP_MOVED 1 360285. 4813715. 250. 31
67.636 1 IMU_ACCEL 3.664062 -9.115234 0.986328
67.642 1 GPS 0 16602147 0 0 -17000 0 0 0 69250 31 5
67.644 1 SVINFO 5 21 16 1 0 -91 0
67.667 1 SVINFO 7 23 16 1 0 -91 0
67.886 1 DOWNLINK_STATUS 0 68 41651 1903 73 661. 31. -52412.57
67.914 1 NAVIGATION 0 0 -194263.5 -4813595. 2.32095901286e+13 2.32095901286e+13 0 0
67.916 1 FBW_STATUS 2 0 1 68 0
67.919 1 ATTITUDE 0.056698 -2.210695 0.281925
67.922 1 COMMANDS 0,-1140,9600,0,0
67.925 1 ATTITUDE 0.053713 -2.213837 0.273072
67.932 1 DESIRED 0.02 4.81 0. -42. 82. 210. 6. 20.
68.208 1 DESIRED 0.02 4.81 0. -42. 82. 210. 6. 20.
68.211 1 ESTIMATOR -17. 0.
68.214 1 ATTITUDE 0.039795 -2.223691 0.243428
68.218 1 WP_MOVED 1 360285. 4813715. 250. 31
68.223 1 GPS 0 16602147 0 0 -17000 0 0 0 70250 31 9
68.226 1 SVINFO 9 25 16 1 0 -91 0
68.230 1 NAVIGATION 0 0 -194263.5 -4813595. 2.32095901286e+13 2.32095901286e+13 0 0
68.233 1 ATTITUDE 0.033475 -2.228221 0.23132
68.240 1 DESIRED 0.02 4.81 0. -42. 82. 210. 6. 20.
68.486 1 CIRCLE 0. 120. 40.
68.489 1 ATTITUDE 0.02855 -2.2321 0.218476
68.492 1 ATTITUDE 0.024866 -2.236639 0.206231
68.499 1 DESIRED 0.02 4.8 0. -42. 82. 210. 6. 20.
68.504 1 GPS 0 16602147 0 0 -17000 0 0 0 70500 31 10
68.514 1 ATTITUDE 0.020919 -2.242023 0.192646
68.517 1 ESTIMATOR -17. 0.
68.522 1 NAVIGATION 0 0 -194263.5 -4813595. 2.32095901286e+13 2.32095901286e+13 0 0
68.524 1 IMU_MAG -3.685059 -1.843262 -4.795898
68.527 1 GPS_SOL 649634240 100000 9999 0
68.773 1 ATTITUDE 0.017443 -2.246514 0.176394
68.780 1 DESIRED 0.02 4.8 0. -42. 82. 210. 6. 20.
68.783 1 WP_MOVED 0 360327. 4813637. 250. 31
68.789 1 GPS 0 16602147 0 0 -17000 0 0 0 70750 31 11
68.791 1 SVINFO 11 27 16 1 0 -91 0
68.803 1 DESIRED 0.02 4.8 0. -42. 82. 210. 6. 20.
68.805 1 PPRZ_MODE 2 3 3 2 0 6
68.809 1 ATTITUDE -0.004608 -2.257816 0.129226
68.814 1 GPS 0 16602147 0 0 -17000 0 0 0 71000 31 12
68.886 1 DOWNLINK_STATUS 0 69 42444 1937 76 793. 34. -52412.57
69.059 1 SVINFO 12 28 16 1 0 -91 0
69.061 1 DL_VALUE 3 0.
69.064 1 ENERGY 6.8 0. 0 0.
69.069 1 NAVIGATION 0 0 -194263.5 -4813595. 2.32095901286e+13 2.32095901286e+13 0 0
69.072 1 ATTITUDE -0.013417 -2.260217 0.112998
69.079 1 DESIRED 0.02 4.8 0. -42. 82. 210. 6. 20.
69.090 1 DESIRED 0.02 4.81 0. -42. 82. 210. 6. 20.
69.096 1 GPS 0 16602147 0 0 -17000 0 0 0 71500 31 14
69.098 1 SVINFO 14 31 16 1 0 -91 0
69.103 1 NAVIGATION 0 0 -194263.5 -4813595. 2.32095901286e+13 2.32095901286e+13 0 0
69.349 1 ATTITUDE -0.043534 -2.275371 0.027988
69.351 1 ESTIMATOR -17. 0.
69.354 1 IMU_ACCEL 0.732422 -9.56543 0.003906
69.359 1 NAVIGATION 0 0 -194263.5 -4813595. 2.32095901286e+13 2.32095901286e+13 0 0
69.362 1 BAT 0 68 0 0 0 71 71 0
69.365 1 ATTITUDE -0.031383 -2.279379 0.018029
69.379 1 ATTITUDE 0.002899 -2.294841 0.006921
69.382 1 ATTITUDE 0.001438 -2.298907 0.006965
69.389 1 DESIRED 0.02 4.8 0. -42. 82. 210. 6. 20.
69.633 1 PPRZ_MODE 2 3 3 2 0 6
69.636 1 IMU_MAG -3.554688 -1.645508 -4.93457
69.640 1 ATTITUDE 0.000948 -2.298629 0.006894
69.645 1 GPS 0 16602147 0 0 -17000 0 0 0 72000 31 16
69.648 1 SVINFO 0 1 16 1 0 -91 0
69.652 1 NAVIGATION 0 0 -194263.5 -4813595. 2.32095901286e+13 2.32095901286e+13 0 0
69.655 1 ATTITUDE 0.000908 -2.297938 0.006952
69.662 1 DESIRED 0.02 4.8 0. -42. 82. 210. 6. 20.
69.664 1 ESTIMATOR -17. 0.
69.666 1 CALIBRATION -150. 0
69.669 1 ATTITUDE 0.000796 -2.29728 0.006934
69.673 1 WP_MOVED 1 360285. 4813715. 250. 31
69.887 1 DOWNLINK_STATUS 0 70 43111 1968 78 667. 31. -52412.57
69.922 1 GPS 0 16602147 0 0 -17000 0 0 0 72250 31 1
69.924 1 SVINFO 1 2 16 1 0 -91 0
69.929 1 NAVIGATION 0 0 -194263.5 -4813595. 2.32095901286e+13 2.32095901286e+13 0 0
69.932 1 ATTITUDE 0.000711 -2.296625 0.006955
69.939 1 DESIRED 0.02 4.8 0. -42. 82. 210. 6. 20.
69.942 1 IMU_GYRO -0.049805 0.006348 -0.006348
69.945 1 ATTITUDE 0.00062 -2.296023 0.006967
69.948 1 IMU_ACCEL 0.493164 -9.867188 0.282227
69.951 1 CIRCLE 0. 120. 40.
69.954 1 ATTITUDE 0.000561 -2.295365 0.006976
69.961 1 DESIRED 0.02 4.8 0. -42. 82. 210. 6. 20.
70.209 1 GPS 0 16602147 0 0 -17000 0 0 0 72500 31 2
70.212 1 SVINFO 2 3 16 1 0 -91 0
70.214 1 DL_VALUE 4 0.
70.218 1 NAVIGATION 0 0 -194263.5 -4813595. 2.32095901286e+13 2.32095901286e+13 0 0
70.221 1 ATTITUDE 0.000414 -2.294728 0.006946
70.224 1 ESTIMATOR -17. 0.
70.228 1 NAVIGATION 0 0 -194263.5 -4813595. 2.32095901286e+13 2.32095901286e+13 0 0
70.240 1 DESIRED 0.02 4.8 0. -42. 82. 210. 6. 20.
70.243 1 WP_MOVED 0 360327. 4813637. 250. 31
70.247 1 BAT 0 68 0 0 0 72 72 0
70.248 1 DOWNLINK 27 0 3083
70.496 1 GPS 0 16602147 0 0 -17000 0 0 0 72750 31 3
70.498 1 SVINFO 3 4 16 1 0 -91 0
70.503 1 NAVIGATION 0 0 -194263.5 -4813595. 2.32095901286e+13 2.32095901286e+13 0 0
70.506 1 ATTITUDE 0.000143 -2.293484 0.006906
70.509 1 ATTITUDE -8e-06 -2.292808 0.006888
70.517 1 DESIRED 0.02 4.8 0. -42. 82. 210. 6. 20.
70.519 1 IMU_GYRO -0.048828 0.007324 -0.007324
70.521 1 PPRZ_MODE 2 3 3 2 0 6
70.524 1 ATTITUDE -0.000108 -2.29245 0.006926
70.530 1 GPS 0 16602147 0 0 -17000 0 0 0 73000 31 4
70.532 1 SVINFO 4 16 16 1 0 -91 0
70.538 1 NAVIGATION 0 0 -194263.5 -4813595. 2.32095901286e+13 2.32095901286e+13 0 0
70.888 1 DOWNLINK_STATUS 0 71 43868 2002 79 757. 34. -57413.02
71.154 1 ATTITUDE -0.000271 -2.292204 0.006928
71.160 1 DESIRED 0.02 4.8 0. -42. 82. 210. 6. 20.
71.163 1 ESTIMATOR -17. 0.
71.166 1 ATTITUDE -0.000349 -2.292419 0.007085
71.169 1 WP_MOVED 1 360285. 4813715. 250. 31
71.173 1 IMU_ACCEL 0.420898 -9.847656 0.291992
71.176 1 IMU_MAG -3.55957 -1.646973 -4.92334
71.181 1 GPS 0 16602147 0 0 -17000 0 0 0 73250 31 5
71.184 1 SVINFO 5 21 16 1 0 -91 0
71.188 1 NAVIGATION 0 0 -194263.5 -4813595. 2.32095901286e+13 2.32095901286e+13 0 0
71.191 1 ATTITUDE -0.000491 -2.292323 0.007124
71.441 1 DESIRED 0.02 4.8 0. -42. 82. 210. 6. 20.
71.444 1 ATTITUDE -0.000628 -2.292009 0.007197
71.447 1 NAVIGATION_REF 360285 4813595 31
71.450 1 ATTITUDE -0.000762 -2.291633 0.007232
71.457 1 DESIRED 0.02 4.8 0. -42. 82. 210. 6. 20.
71.463 1 GPS 0 16602147 0 0 -17000 0 0 0 73500 31 6
71.465 1 SVINFO 6 22 16 1 0 -91 0
71.468 1 IMU_GYRO -0.052002 0.005127 -0.006348
71.473 1 NAVIGATION 0 0 -194263.5 -4813595. 2.32095901286e+13 2.32095901286e+13 0 0
71.476 1 ATTITUDE -0.000855 -2.291299 0.00726
71.478 1 ESTIMATOR -17. 0.
71.483 1 NAVIGATION 0 0 -194263.5 -4813595. 2.32095901286e+13 2.32095901286e+13 0 0
71.729 1 ATTITUDE -0.000976 -2.290713 0.007334
71.736 1 DESIRED 0.02 4.8 0. -42. 82. 210. 6. 20.
71.739 1 WP_MOVED 0 360327. 4813637. 250. 31
71.745 1 GPS 0 16602147 0 0 -17000 0 0 0 73750 31 7
71.747 1 SVINFO 7 23 16 1 0 -91 0
71.752 1 NAVIGATION 0 0 -194263.5 -4813595. 2.32095901286e+13 2.32095901286e+13 0 0
71.754 1 FBW_STATUS 2 0 1 68 0
71.758 1 ATTITUDE -0.001022 -2.290097 0.007352
71.761 1 BAT 0 68 0 0 0 74 74 0
71.764 1 ATTITUDE -0.001156 -2.289473 0.007398
71.771 1 DESIRED 0.02 4.8 0. -42. 82. 210. 6. 20.
71.888 1 DOWNLINK_STATUS 0 72 44638 2036 79 770. 34. -57413.02
72.016 1 PPRZ_MODE 2 3 3 2 0 6
72.019 1 ATTITUDE -0.001242 -2.288848 0.007415
72.025 1 GPS 0 16602147 0 0 -17000 0 0 0 74000 31 8
72.027 1 SVINFO 8 24 16 1 0 -91 0
72.030 1 IMU_ACCEL 0.473633 -9.87207 0.301758
72.032 1 DL_VALUE 5 0.
72.037 1 NAVIGATION 0 0 -194263.5 -4813595. 2.32095901286e+13 2.32095901286e+13 0 0
72.040 1 ATTITUDE -0.000962 -2.289906 0.007751
72.046 1 DESIRED 0.02 4.8 0. -42. 82. 210. 6. 20.
72.049 1 ESTIMATOR -17. 0.
72.052 1 IMU_GYRO -0.056396 -0.076416 -0.006348
72.057 1 ATTITUDE -0.001882 -2.311961 0.010019
72.059 1 WP_MOVED 1 360285. 4813715. 250. 31
72.304 1 CALIBRATION -150. 0
72.309 1 GPS 0 16602147 0 0 -17000 0 0 0 74250 31 9
72.312 1 SVINFO 9 25 16 1 0 -91 0
72.316 1 NAVIGATION 0 0 -194263.5 -4813595. 2.32095901286e+13 2.32095901286e+13 0 0
72.320 1 ATTITUDE -0.004392 -2.345997 0.012016
72.331 1 ATTITUDE -0.009639 -2.413501 0.015066
72.338 1 DESIRED 0.02 4.8 0. -42. 82. 210. 6. 20.
72.343 1 GPS 0 16602147 0 0 -17000 0 0 0 74500 31 10
72.345 1 SVINFO 10 26 16 1 0 -91 0
72.592 1 IMU_MAG -3.760742 -1.805176 -4.853027
72.597 1 NAVIGATION 0 0 -194263.5 -4813595. 2.32095901286e+13 2.32095901286e+13 0 0
72.599 1 CIRCLE 0. 120. 40.
72.602 1 ATTITUDE -0.00997 -2.405069 0.010583
72.604 1 ESTIMATOR -17. 0.
72.609 1 NAVIGATION 0 0 -194263.5 -4813595. 2.32095901286e+13 2.32095901286e+13 0 0
72.622 1 DESIRED 0.02 4.8 0. -42. 82. 210. 6. 20.
72.625 1 WP_MOVED 0 360327. 4813637. 250. 31
72.628 1 IMU_GYRO -0.009521 -0.013672 -0.011475
72.634 1 GPS 0 16602147 0 0 -17000 0 0 0 74750 31 11
72.889 1 DOWNLINK_STATUS 0 73 45330 2068 81 692. 32. -57413.02
73.665 1 WIND_INFO 1 42 0. 0. 0.
73.889 1 DOWNLINK_STATUS 0 74 45330 2068 81 0. 0. -57413.02
74.824 1 ATTITUDE 0. 0. 0.
74.830 1 GPS 0 16602147 0 0 -17000 0 0 0 123 31 0
74.834 1 NAVIGATION 0 0 -194263.5 -4813595. 2.32095901286e+13 2.32095901286e+13 0 0
74.890 1 DOWNLINK_STATUS 0 75 45407 2071 82 77. 3. -57413.02
74.980 1 ATTITUDE 0. 0. 0.
74.986 1 DESIRED 0.02 4.8 0. -42. 82. 210. 6. 20.
74.989 1 ESTIMATOR -17. 0.
74.992 1 BAT 0 68 0 0 0 0 0 0
75.093 1 ATTITUDE 0. 0. 0.
75.096 1 WP_MOVED 1 360285. 4813715. 250. 31
75.296 1 GPS 0 16602147 0 0 -17000 0 0 0 250 31 1
75.298 1 SVINFO 1 2 16 1 0 -91 0
75.302 1 NAVIGATION 0 0 -194263.5 -4813595. 2.32095901286e+13 2.32095901286e+13 0 0
75.306 1 ATTITUDE 0. 0. 0.
75.312 1 DESIRED 0.02 4.8 0. -42. 82. 210. 6. 20.
75.315 1 IMU_GYRO -0.046631 0.00415 -0.008301
75.418 1 ATTITUDE 0. 0. 0.
75.421 1 IMU_ACCEL 0.430664 -9.80957 0.071289
75.424 1 IMU_MAG -3.776367 -1.840332 -4.841797
75.891 1 DOWNLINK_STATUS 0 76 45737 2086 82 330. 15. -62413.61
75.962 1 ATTITUDE 0. 0. 0.
75.969 1 DESIRED 0.02 4.8 0. -42. 82. 210. 6. 20.
75.975 1 GPS 0 16602147 0 0 -17000 0 0 0 500 31 2
75.977 1 SVINFO 2 3 16 1 0 -91 0
75.979 1 DL_VALUE 0 0.
75.984 1 NAVIGATION 0 0 -194263.5 -4813595. 2.32095901286e+13 2.32095901286e+13 0 0
75.987 1 ATTITUDE 0. 0. 0.
75.989 1 ESTIMATOR -17. 0.
75.994 1 NAVIGATION 0 0 -194263.5 -4813595. 2.32095901286e+13 2.32095901286e+13 0 0
75.997 1 GPS_SOL 649519040 100000 9999 0
76.892 1 DOWNLINK_STATUS 0 77 45952 2096 82 215. 10. -62413.61
77.892 1 DOWNLINK_STATUS 0 78 45952 2096 82 0. 0. -62413.61
78.893 1 DOWNLINK_STATUS 0 79 45952 2096 82 0. 0. -62413.61
79.894 1 DOWNLINK_STATUS 0 80 45952 2096 82 0. 0. -62413.61
80.894 1 DOWNLINK_STATUS 0 81 45952 2096 82 0. 0. -67414.78
