4.315 1 ATTITUDE 0. 0. 0.
4.317 1 NAVIGATION_REF 360285 4813595 31
4.320 1 ATTITUDE 0. 0. 0.
4.327 1 DESIRED 0. 0. 0. 0. 0. 235. 0. 20.
4.333 1 GPS 0 0 0 0 0 0 0 0 0 0 1
4.336 1 IMU_GYRO -0.052002 0.009521 -0.007324
4.340 1 NAVIGATION 0 2 0. 0. 0. 0. 0 0
4.343 1 ATTITUDE 0. 0. 0.
4.346 1 ESTIMATOR 0. 0.
4.350 1 NAVIGATION 0 2 0. 0. 0. 0. 0 0
4.473 1 ATTITUDE 0. 0. 0.
4.479 1 DESIRED 0. 0. 0. 0. 0. 235. 0. 20.
4.483 1 WP_MOVED 4 360417.3125 4813734. 260. 31
4.486 1 IMU_MAG -2.699219 -2.385742 -4.572266
4.686 1 GPS 0 0 0 0 0 0 0 0 0 0 1
4.688 1 FBW_STATUS 2 0 1 72 0
4.693 1 NAVIGATION 0 2 0. 0. 0. 0. 0 0
4.696 1 ATTITUDE 0. 0. 0.
4.699 1 ATTITUDE 0. 0. 0.
4.706 1 DESIRED 0. 0. 0. 0. 0. 235. 0. 20.
4.708 1 PPRZ_MODE 2 0 0 0 0 6
4.801 1 DOWNLINK_STATUS 0 5 1673 74 0 774. 34. 0.
4.921 1 ATTITUDE 0. 0. 0.
4.927 1 GPS 0 0 0 0 0 0 0 0 0 0 1
4.930 1 IMU_ACCEL -1.546875 -9.694336 -0.291992
4.932 1 DL_VALUE 1 0.
4.936 1 NAVIGATION 0 2 0. 0. 0. 0. 0 0
4.940 1 ATTITUDE 0. 0. 0.
4.946 1 DESIRED 0. 0. 0. 0. 0. 235. 0. 20.
4.949 1 ESTIMATOR 0. 0.
4.952 1 IMU_GYRO -0.049805 0.007324 -0.007324
5.143 1 ATTITUDE 0. 0. 0.
5.147 1 WP_MOVED 5 360422. 4813583.5 260. 31
5.153 1 GPS 0 0 0 0 0 0 0 0 0 0 1
5.157 1 NAVIGATION 0 2 0. 0. 0. 0. 0 0
5.160 1 ATTITUDE 0. 0. 0.
5.167 1 DESIRED 0. 0. 0. 0. 0. 235. 0. 20.
5.170 1 BAT 0 72 0 0 1 2 0 0
5.359 1 ATTITUDE 0. 0. 0.
5.362 1 ATTITUDE 0. 0. 0.
5.368 1 DESIRED 0. 0. 0. 0. 0. 235. 0. 20.
5.374 1 GPS 0 0 0 0 0 0 0 0 0 0 1
5.379 1 NAVIGATION 0 2 0. 0. 0. 0. 0 0
5.382 1 ATTITUDE 0. 0. 0.
5.384 1 ESTIMATOR 0. 0.
5.802 1 DOWNLINK_STATUS 0 6 2206 97 0 533. 23. -1.39464538329e+12
6.005 1 NAVIGATION 0 2 0. 0. 0. 0. 0 0
6.008 1 GPS_SOL 0 0 0 0
6.011 1 ATTITUDE 0. 0. 0.
6.018 1 DESIRED 0. 0. 0. 0. 0. 235. 0. 20.
6.021 1 WP_MOVED 6 360165.8125 4813664.5 260. 31
6.025 1 IMU_GYRO -0.051025 0.006348 -0.007324
6.030 1 GPS 0 0 0 0 0 0 0 0 0 0 1
6.035 1 NAVIGATION 0 2 0. 0. 0. 0. 0 0
6.038 1 ATTITUDE 0. 0. 0.
6.041 1 IMU_ACCEL -1.56543 -9.713867 -0.249023
6.043 1 CALIBRATION 0. 0
6.217 1 ATTITUDE 0. 0. 0.
6.224 1 DESIRED 0. 0. 0. 0. 0. 235. 0. 20.
6.226 1 PPRZ_MODE 2 0 0 0 0 6
6.229 1 ATTITUDE 0. 0. 0.
6.235 1 GPS 0 0 0 0 0 0 0 0 0 0 1
6.238 1 IMU_MAG -2.694824 -2.393555 -4.575684
6.242 1 NAVIGATION 0 2 0. 0. 0. 0. 0 0
6.500 1 ATTITUDE 0. 0. 0.
6.507 1 DESIRED 0. 0. 0. 0. 0. 235. 0. 20.
6.509 1 ESTIMATOR 0. 0.
6.511 1 STATE_FILTER_STATUS 2 0
6.514 1 ATTITUDE 0. 0. 0.
6.518 1 WP_MOVED 7 360559.40625 4813804.5 260. 31
6.523 1 GPS 0 0 0 0 0 0 0 0 0 0 1
6.528 1 NAVIGATION 0 2 0. 0. 0. 0. 0 0
6.531 1 ATTITUDE 0. 0. 0.
6.538 1 DESIRED 0. 0. 0. 0. 0. 235. 0. 20.
6.541 1 IMU_GYRO -0.051025 0.007324 -0.007324
6.614 1 ATTITUDE 0. 0. 0.
6.618 1 BAT 0 72 0 0 1 3 0 0
6.803 1 DOWNLINK_STATUS 0 7 2901 128 0 695. 31. -1.39464538329e+12
6.877 1 PONG 
6.880 1 ATTITUDE 0. 0. 0.
6.887 1 DESIRED 0. 0. 0. 0. 0. 235. 0. 20.
6.892 1 GPS 0 0 0 0 0 0 0 0 0 0 1
6.894 1 DL_VALUE 2 235.
6.898 1 ENERGY 7.2 0. 0 0.
6.902 1 NAVIGATION 0 2 0. 0. 0. 0. 0 0
6.905 1 ATTITUDE 0. 0. 0.
6.908 1 ESTIMATOR 0. 0.
6.911 1 IMU_ACCEL -1.556641 -9.704102 -0.287109
6.915 1 NAVIGATION 0 2 0. 0. 0. 0. 0 0
7.104 1 ATTITUDE 0. 0. 0.
7.111 1 DESIRED 0. 0. 0. 0. 0. 235. 0. 20.
7.114 1 WP_MOVED 8 360462.40625 4813640. 215. 31
7.120 1 GPS 0 0 0 0 0 0 0 0 0 0 1
7.123 1 FBW_STATUS 2 0 1 72 0
7.127 1 NAVIGATION 0 2 0. 0. 0. 0. 0 0
7.130 1 ATTITUDE 0. 0. 0.
7.363 1 ATTITUDE 0. 0. 0.
7.369 1 DESIRED 0. 0. 0. 0. 0. 235. 0. 20.
7.371 1 IMU_GYRO -0.049805 0.007324 -0.007324
7.373 1 PPRZ_MODE 2 0 0 0 0 6
7.378 1 ATTITUDE 0. 0. 0.
7.383 1 GPS 0 0 0 0 0 0 0 0 0 0 1
7.388 1 NAVIGATION 0 2 0. 0. 0. 0. 0 0
7.391 1 ATTITUDE 0. 0. 0.
7.398 1 DESIRED 0. 0. 0. 0. 0. 235. 0. 20.
7.400 1 ESTIMATOR 0. 0.
7.523 1 ATTITUDE 0. 0. 0.
7.527 1 WP_MOVED 9 360313.8125 4813652. 185. 31
7.533 1 GPS 0 0 0 0 0 0 0 0 0 0 1
7.537 1 NAVIGATION 0 2 0. 0. 0. 0. 0 0
7.804 1 DOWNLINK_STATUS 0 8 3627 160 0 726. 32. 1576.8
7.810 1 ATTITUDE 0. 0. 0.
7.817 1 DESIRED 0. 0. 0. 0. 0. 235. 0. 20.
7.820 1 IMU_MAG -2.693359 -2.390625 -4.569336
7.823 1 ATTITUDE 0. 0. 0.
7.826 1 IMU_ACCEL -1.551758 -9.68457 -0.291992
7.829 1 ATTITUDE 0. 0. 0.
7.836 1 DESIRED 0. 0. 0. 0. 0. 235. 0. 20.
7.842 1 GPS 0 0 0 0 0 0 0 0 0 0 1
7.845 1 IMU_GYRO -0.049805 0.007324 -0.008301
7.849 1 BAT 0 72 0 0 1 4 0 0
7.897 1 NAVIGATION 0 2 0. 0. 0. 0. 0 0
8.150 1 ATTITUDE 0. 0. 0.
8.152 1 ESTIMATOR 0. 0.
8.156 1 NAVIGATION 0 2 0. 0. 0. 0. 0 0
8.159 1 GPS_SOL 0 0 0 0
8.163 1 ATTITUDE 0. 0. 0.
8.169 1 DESIRED 0. 0. 0. 0. 0. 235. 0. 20.
8.173 1 WP_MOVED 10 360453.8125 4813581. 260. 31
8.178 1 GPS 0 0 0 0 0 0 0 0 0 0 1
8.183 1 NAVIGATION 0 2 0. 0. 0. 0. 0 0
8.407 1 ATTITUDE 0. 0. 0.
8.410 1 COMMANDS 0,0,0,0,0
8.413 1 ATTITUDE 0. 0. 0.
8.420 1 DESIRED 0. 0. 0. 0. 0. 235. 0. 20.
8.422 1 PPRZ_MODE 2 0 0 0 0 6
8.424 1 CALIBRATION 0. 0
8.427 1 ACTUATORS 1200,1550,1500,1500,1350
8.430 1 ATTITUDE 0. 0. 0.
8.436 1 GPS 0 0 0 0 0 0 0 0 0 0 1
8.438 1 DL_VALUE 3 0.
8.442 1 NAVIGATION 0 2 0. 0. 0. 0. 0 0
8.596 1 ATTITUDE 0. 0. 0.
8.602 1 DESIRED 0. 0. 0. 0. 0. 235. 0. 20.
8.605 1 ESTIMATOR 0. 0.
8.608 1 IMU_GYRO -0.051025 0.007324 -0.007324
8.611 1 ATTITUDE 0. 0. 0.
8.615 1 WP_MOVED 11 360170.5 4813757.5 260. 31
8.799 1 IMU_ACCEL -1.561523 -9.708984 -0.296875
8.805 1 GPS 0 0 0 0 0 0 0 0 0 0 1
8.805 1 DOWNLINK_STATUS 0 9 4497 199 0 870. 39. 1576.8
8.809 1 NAVIGATION 0 2 0. 0. 0. 0. 0 0
8.813 1 ATTITUDE 0. 0. 0.
8.819 1 DESIRED 0. 0. 0. 0. 0. 235. 0. 20.
8.821 1 STATE_FILTER_STATUS 2 0
8.824 1 ATTITUDE 0. 0. 0.
8.975 1 ATTITUDE 0. 0. 0.
8.982 1 DESIRED 0. 0. 0. 0. 0. 235. 0. 20.
8.988 1 GPS 0 0 0 0 0 0 0 0 0 0 1
8.992 1 NAVIGATION 0 2 0. 0. 0. 0. 0 0
9.263 1 ATTITUDE 0. 0. 0.
9.266 1 ESTIMATOR 0. 0.
9.270 1 NAVIGATION 0 2 0. 0. 0. 0. 0 0
9.274 1 BAT 0 72 0 0 1 5 0 0
9.276 1 IMU_MAG -2.708496 -2.385742 -4.460938
9.280 1 ATTITUDE 0. 0. 0.
9.287 1 DESIRED 0. 0. 0. 0. 0. 235. 0. 20.
9.290 1 WP_MOVED 0 360327. 4813637. 260. 31
9.292 1 IMU_GYRO -0.049805 0.006348 -0.007324
9.299 1 GPS 0 0 0 0 0 0 0 0 0 0 1
9.301 1 FBW_STATUS 2 0 1 72 0
9.366 1 NAVIGATION 0 2 0. 0. 0. 0. 0 0
9.369 1 ATTITUDE 0. 0. 0.
9.595 1 ATTITUDE 0.116416 0.98918 0.124756
9.602 1 DESIRED 0. 0.02 0. 0. 0. 235. 0. 20.
9.604 1 PPRZ_MODE 2 0 0 0 0 6
9.607 1 ATTITUDE 0.116377 0.989276 0.124728
9.612 1 GPS 0 0 0 0 0 0 0 0 0 0 1
9.616 1 IMU_ACCEL -1.551758 -9.680664 -0.267578
9.619 1 ENERGY 7.2 0. 0 0.
9.624 1 NAVIGATION 0 2 0. 0. 0. 0. 0 0
9.806 1 DOWNLINK_STATUS 0 10 5187 229 0 690. 30. 1576.8
9.809 1 ATTITUDE 0.116332 0.989325 0.124719
9.816 1 DESIRED 0. 0.02 0. 0. 0. 235. 0. 20.
9.818 1 ESTIMATOR 0. 0.
9.822 1 ALIVE 234,86,112,120,179,137,199,193,157,207,189,207,18,78,21,11
9.825 1 ATTITUDE 0.116347 0.989293 0.124749
9.829 1 WP_MOVED 1 360285. 4813595. 260. 31
9.834 1 GPS 0 0 0 0 0 0 0 0 0 0 1
9.996 1 NAVIGATION 0 2 0. 0. 0. 0. 0 0
9.999 1 ATTITUDE 0.11632 0.989348 0.124748
10.006 1 DESIRED 0. 0.02 0. 0. 0. 235. 0. 20.
10.009 1 IMU_GYRO -0.051025 0.009521 -0.007324
10.012 1 ATTITUDE 0.116312 0.989382 0.124724
10.014 1 DOWNLINK 0 840 251
10.238 1 ATTITUDE 0.116322 0.989412 0.124734
10.245 1 DESIRED 0. 0.02 0. 0. 0. 235. 0. 20.
10.250 1 GPS 0 0 0 0 0 0 0 0 0 0 1
10.252 1 DL_VALUE 4 0.
10.257 1 NAVIGATION 0 2 0. 0. 0. 0. 0 0
10.260 1 ATTITUDE 0.116364 0.989447 0.124744
10.262 1 ESTIMATOR 0. 0.
10.267 1 NAVIGATION 0 2 0. 0. 0. 0. 0 0
10.270 1 GPS_SOL 0 0 0 0
10.526 1 ATTITUDE 0.116437 0.989499 0.124752
10.533 1 DESIRED 0. 0.02 0. 0. 0. 235. 0. 20.
10.536 1 WP_MOVED 2 360334.5 4813695. 260. 31
10.540 1 BAT 0 72 0 0 1 6 0 0
10.545 1 GPS 0 0 0 0 0 0 0 0 0 0 1
10.550 1 NAVIGATION 0 2 0. 0. 0. 0. 0 0
10.553 1 ATTITUDE 0.116411 0.989525 0.124787
10.556 1 IMU_ACCEL -1.551758 -9.699219 -0.272461
10.559 1 ATTITUDE 0.116471 0.98959 0.12479
10.566 1 DESIRED 0. 0.02 0. 0. 0. 235. 0. 20.
10.806 1 DOWNLINK_STATUS 0 11 5929 261 0 742. 32. -3423.44
10.886 1 IMU_GYRO -0.051025 0.008301 -0.007324
10.888 1 PPRZ_MODE 2 0 0 0 0 6
10.892 1 IMU_MAG -2.700684 -2.39209 -4.577148
11.041 1 ATTITUDE 0.116522 0.989658 0.124751
11.047 1 GPS 0 0 0 0 0 0 0 0 0 0 1
11.049 1 CALIBRATION 0. 0
11.053 1 NAVIGATION 0 2 0. 0. 0. 0. 0 0
11.237 1 ATTITUDE 0.116503 0.989654 0.12471
11.244 1 DESIRED 0. 0.02 0. 0. 0. 235. 0. 20.
11.246 1 ESTIMATOR 0. 0.
11.249 1 ATTITUDE 0.116526 0.989704 0.124703
11.253 1 WP_MOVED 3 360295.09375 4813785. 260. 31
11.259 1 GPS 0 0 0 0 0 0 0 0 0 0 1
11.401 1 NAVIGATION 0 2 0. 0. 0. 0. 0 0
11.404 1 ATTITUDE 0.116541 0.989747 0.124668
11.411 1 DESIRED 0. 0.02 0. 0. 0. 235. 0. 20.
11.413 1 ATTITUDE 0.116524 0.989804 0.124688
11.656 1 ATTITUDE 0.116503 0.989932 0.124686
11.663 1 DESIRED 0. 0.02 0. 0. 0. 235. 0. 20.
11.668 1 GPS 0 0 0 0 0 0 0 0 0 0 1
11.672 1 IMU_GYRO -0.051025 0.009521 -0.008301
11.673 1 STATE_FILTER_STATUS 3 0
11.678 1 NAVIGATION 0 2 0. 0. 0. 0. 0 0
11.681 1 ATTITUDE 0.116549 0.989986 0.12466
11.683 1 ESTIMATOR 0. 0.
11.686 1 IMU_ACCEL -1.546875 -9.689453 -0.267578
11.691 1 NAVIGATION 0 2 0. 0. 0. 0. 0 0
11.807 1 DOWNLINK_STATUS 0 12 6524 288 0 595. 27. -3423.44
11.943 1 ATTITUDE 0.116524 0.989986 0.124643
11.950 1 DESIRED 0. 0.02 0. 0. 0. 235. 0. 20.
11.953 1 WP_MOVED 4 360417.3125 4813734. 260. 31
11.959 1 GPS 0 0 0 0 0 0 0 0 0 0 1
11.962 1 FBW_STATUS 2 0 1 72 0
11.966 1 NAVIGATION 0 2 0. 0. 0. 0. 0 0
11.969 1 ATTITUDE 0.116495 0.990007 0.124641
11.973 1 BAT 0 72 0 0 1 8 0 0
11.976 1 ATTITUDE 0.116495 0.99002 0.124654
11.983 1 DESIRED 0. 0.02 0. 0. 0. 235. 0. 20.
12.024 1 PPRZ_MODE 2 0 0 0 0 6
12.295 1 ATTITUDE 0.116515 0.990031 0.124676
12.301 1 GPS 0 0 0 0 0 0 0 0 0 0 1
12.303 1 DL_VALUE 5 0.
12.307 1 NAVIGATION 0 2 0. 0. 0. 0. 0 0
12.310 1 ATTITUDE 0.116517 0.990089 0.124658
12.317 1 DESIRED 0. 0.02 0. 0. 0. 235. 0. 20.
12.319 1 ESTIMATOR 0. 0.
12.322 1 IMU_GYRO -0.049805 0.006348 -0.007324
12.326 1 ATTITUDE 0.116499 0.990103 0.124675
12.329 1 WP_MOVED 5 360422. 4813583.5 260. 31
12.332 1 IMU_MAG -2.693359 -2.390625 -4.567871
12.472 1 GPS 0 0 0 0 0 0 0 0 0 0 1
12.476 1 NAVIGATION 0 2 0. 0. 0. 0. 0 0
12.479 1 ATTITUDE 0.116529 0.990161 0.124673
12.486 1 DESIRED 0. 0.02 0. 0. 0. 235. 0. 20.
12.693 1 ATTITUDE 0.116534 0.990111 0.124694
12.697 1 IMU_ACCEL -1.561523 -9.708984 -0.244141
12.697 1 PONG 
12.700 1 ATTITUDE 0.116463 0.990052 0.124654
12.707 1 DESIRED 0. 0.02 0. 0. 0. 235. 0. 20.
12.712 1 GPS 0 0 0 0 0 0 0 0 0 0 1
12.716 1 ENERGY 7.2 0. 0 0.
12.720 1 NAVIGATION 0 2 0. 0. 0. 0. 0 0
12.807 1 DOWNLINK_STATUS 0 13 7305 322 0 781. 34. 2396.48
12.910 1 ATTITUDE 0.116476 0.990089 0.124629
12.913 1 ESTIMATOR 0. 0.
12.917 1 NAVIGATION 0 2 0. 0. 0. 0. 0 0
12.920 1 GPS_SOL 0 0 0 0
12.923 1 ATTITUDE 0.116459 0.990153 0.124635
12.930 1 DESIRED 0. 0.02 0. 0. 0. 235. 0. 20.
12.934 1 WP_MOVED 6 360165.8125 4813664.5 260. 31
12.937 1 IMU_GYRO -0.049805 0.005127 -0.008301
13.129 1 GPS 0 0 0 0 0 0 0 0 0 0 1
13.133 1 NAVIGATION 0 2 0. 0. 0. 0. 0 0
13.136 1 ATTITUDE 0.116458 0.990114 0.12461
13.140 1 ATTITUDE 0.116459 0.990127 0.124595
13.146 1 DESIRED 0. 0.02 0. 0. 0. 235. 0. 20.
13.147 1 PPRZ_MODE 2 0 0 0 0 6
13.152 1 BAT 0 72 0 0 1 9 0 0
13.271 1 ATTITUDE 0.116479 0.990206 0.124587
13.276 1 GPS 0 0 0 0 0 0 0 0 0 0 1
13.281 1 NAVIGATION 0 2 0. 0. 0. 0. 0 0
13.558 1 ATTITUDE 0.116508 0.990214 0.124575
13.564 1 DESIRED 0. 0.02 0. 0. 0. 235. 0. 20.
13.567 1 ESTIMATOR 0. 0.
13.569 1 CALIBRATION 0. 0
13.572 1 ATTITUDE 0.116471 0.990247 0.124592
13.575 1 WP_MOVED 7 360559.40625 4813804.5 260. 31
13.578 1 IMU_ACCEL -1.575195 -9.661133 -0.301758
13.584 1 GPS 0 0 0 0 0 0 0 0 0 0 1
13.589 1 NAVIGATION 0 2 0. 0. 0. 0. 0 0
13.592 1 ATTITUDE 0.116492 0.990358 0.124601
13.598 1 DESIRED 0. 0.02 0. 0. 0. 235. 0. 20.
13.808 1 DOWNLINK_STATUS 0 14 7969 351 0 664. 29. 2396.48
13.827 1 IMU_GYRO -0.051025 0.007324 -0.006348
13.830 1 ATTITUDE 0.116473 0.990412 0.124626
13.833 1 ATTITUDE 0.116397 0.990396 0.124633
13.840 1 DESIRED 0. 0.02 0. 0. 0. 235. 0. 20.
13.846 1 GPS 0 0 0 0 0 0 0 0 0 0 1
13.849 1 IMU_MAG -2.697754 -2.390625 -4.577148
13.851 1 DL_VALUE 6 40.
13.855 1 NAVIGATION 0 2 0. 0. 0. 0. 0 0
13.858 1 ATTITUDE 0.116402 0.990409 0.124613
13.861 1 ESTIMATOR 0. 0.
13.865 1 NAVIGATION 0 2 0. 0. 0. 0. 0 0
14.115 1 ATTITUDE 0.116407 0.990373 0.124613
14.122 1 DESIRED 0. 0.02 0. 0. 0. 235. 0. 20.
14.126 1 WP_MOVED 8 360462.40625 4813640. 215. 31
14.127 1 STATE_FILTER_STATUS 3 0
14.133 1 GPS 0 0 0 0 0 0 0 0 0 0 1
14.135 1 FBW_STATUS 2 0 1 72 0
14.140 1 NAVIGATION 0 2 0. 0. 0. 0. 0 0
14.143 1 ATTITUDE 0.116437 0.990393 0.124611
14.146 1 COMMANDS 0,-3491,-2029,0,0
14.149 1 ATTITUDE 0.116393 0.990437 0.124613
14.156 1 DESIRED 0. 0.02 0. 0. 0. 235. 0. 20.
14.216 1 IMU_GYRO -0.052002 0.008301 -0.008301
14.218 1 PPRZ_MODE 2 0 0 0 0 6
14.393 1 WIND_INFO 1 42 0. 0. 0.
14.462 1 ACTUATORS 1200,1435,1319,1319,1350
14.465 1 ATTITUDE 0.116467 0.990515 0.124566
14.471 1 GPS 0 0 0 0 0 0 0 0 0 0 1
14.474 1 IMU_ACCEL -1.551758 -9.704102 -0.305664
14.477 1 BAT 0 72 0 0 1 10 0 0
14.482 1 NAVIGATION 0 2 0. 0. 0. 0. 0 0
14.485 1 ATTITUDE 0.116421 0.990502 0.124522
14.492 1 DESIRED 0. 0.02 0. 0. 0. 235. 0. 20.
14.494 1 ESTIMATOR 0. 0.
14.809 1 DOWNLINK_STATUS 0 15 8690 384 0 721. 33. 2396.48
14.941 1 ATTITUDE 0.116447 0.990541 0.124534
14.945 1 WP_MOVED 9 360313.8125 4813652. 185. 31
14.951 1 GPS 0 0 0 0 0 0 0 0 0 0 1
14.955 1 NAVIGATION 0 2 0. 0. 0. 0. 0 0
14.958 1 ATTITUDE 0.116493 0.990547 0.124535
14.965 1 DESIRED 0. 0.02 0. 0. 0. 235. 0. 20.
15.440 1 ATTITUDE 0.116475 0.990572 0.124546
15.443 1 NAVIGATION_REF 360285 4813595 31
15.446 1 ATTITUDE 0.11649 0.99061 0.124555
15.453 1 DESIRED 0. 0.02 0. 0. 0. 235. 0. 20.
15.458 1 GPS 0 0 0 0 0 0 0 0 0 0 1
15.461 1 IMU_GYRO -0.047852 0.007324 -0.008301
15.466 1 NAVIGATION 0 2 0. 0. 0. 0. 0 0
15.809 1 DOWNLINK_STATUS 0 16 9009 397 0 319. 13. -2604.61
16.599 1 ATTITUDE 0.116515 0.99078 0.124543
16.602 1 ESTIMATOR 0. 0.
16.606 1 NAVIGATION 0 2 0. 0. 0. 0. 0 0
16.609 1 GPS_SOL 0 0 0 0
16.613 1 ATTITUDE 0.116524 0.990796 0.124487
16.619 1 DESIRED 0. 0.02 0. 0. 0. 235. 0. 20.
16.623 1 WP_MOVED 10 360453.8125 4813581. 260. 31
16.628 1 GPS 0 0 0 0 0 0 0 0 0 0 1
16.633 1 NAVIGATION 0 2 0. 0. 0. 0. 0 0
16.636 1 ATTITUDE 0.116462 0.990783 0.124486
16.639 1 IMU_ACCEL -1.551758 -9.689453 -0.272461
16.742 1 IMU_MAG -2.699219 -2.38916 -4.572266
16.745 1 ATTITUDE 0.116437 0.990753 0.12452
16.751 1 DESIRED 0. 0.02 0. 0. 0. 235. 0. 20.
16.753 1 PPRZ_MODE 2 0 0 0 0 6
16.810 1 DOWNLINK_STATUS 0 17 9341 412 0 332. 15. -2604.61
17.031 1 ATTITUDE 0.116256 0.990617 0.124562
17.037 1 GPS 0 0 0 0 0 0 0 0 0 0 1
17.039 1 DL_VALUE 7 2.
17.042 1 ENERGY 7.2 0. 0 0.
17.047 1 NAVIGATION 0 2 0. 0. 0. 0. 0 0
17.050 1 ATTITUDE 0.116394 0.990643 0.1245
17.056 1 DESIRED 0. 0.02 0. 0. 0. 235. 0. 20.
17.059 1 ESTIMATOR 0. 0.
17.062 1 IMU_GYRO -0.049805 0.009521 -0.006348
17.066 1 BAT 0 72 0 0 1 11 0 0
17.069 1 ATTITUDE 0.116644 0.990919 0.124486
17.072 1 WP_MOVED 11 360170.5 4813757.5 260. 31
17.286 1 CALIBRATION 0. 0
17.293 1 GPS 0 0 0 0 0 0 0 0 0 0 1
17.297 1 NAVIGATION 0 2 0. 0. 0. 0. 0 0
17.299 1 ATTITUDE 0.116729 0.991032 0.124452
17.307 1 DESIRED 0. 0.02 0. 0. 0. 235. 0. 20.
17.309 1 ATTITUDE 0.116621 0.990942 0.124489
17.312 1 ATTITUDE 0.116647 0.990911 0.12451
17.320 1 DESIRED 0. 0.02 0. 0. 0. 235. 0. 20.
17.575 1 GPS 0 0 0 0 0 0 0 0 0 0 1
17.577 1 DOWNLINK 1 854 443
17.581 1 NAVIGATION 0 2 0. 0. 0. 0. 0 0
17.584 1 ATTITUDE 0.116629 0.990986 0.124483
17.587 1 ESTIMATOR 0. 0.
17.590 1 IMU_ACCEL -1.546875 -9.704102 -0.267578
17.594 1 NAVIGATION 0 2 0. 0. 0. 0. 0 0
17.597 1 ATTITUDE 0.116599 0.991039 0.124485
17.605 1 DESIRED 0. 0.02 0. 0. 0. 235. 0. 20.
17.608 1 WP_MOVED 0 360327. 4813637. 260. 31
17.611 1 IMU_GYRO -0.051025 0.007324 -0.008301
17.616 1 GPS 0 0 0 0 0 0 0 0 0 0 1
17.713 1 NAVIGATION 0 2 0. 0. 0. 0. 0 0
17.715 1 FBW_STATUS 2 0 1 72 0
17.718 1 ATTITUDE 0.116572 0.991057 0.124475
17.811 1 DOWNLINK_STATUS 0 18 10128 447 0 787. 35. -2604.61
17.978 1 ATTITUDE 0.116533 0.991074 0.124429
17.985 1 DESIRED 0. 0.02 0. 0. 0. 235. 0. 20.
17.987 1 PPRZ_MODE 2 0 0 0 0 6
17.988 1 STATE_FILTER_STATUS 3 0
17.991 1 ATTITUDE 0.116544 0.99109 0.124378
17.997 1 GPS 0 0 0 0 0 0 0 0 0 0 1
18.002 1 NAVIGATION 0 2 0. 0. 0. 0. 0 0
18.005 1 ATTITUDE 0.116595 0.991161 0.124371
18.011 1 DESIRED 0. 0.02 0. 0. 0. 235. 0. 20.
18.014 1 ESTIMATOR 0. 0.
18.017 1 IMU_MAG -2.696289 -2.396484 -4.564453
18.267 1 ATTITUDE 0.116626 0.99115 0.124383
18.270 1 WP_MOVED 1 360285. 4813595. 260. 31
18.274 1 BAT 0 72 0 0 1 12 0 0
18.280 1 GPS 0 0 0 0 0 0 0 0 0 0 1
18.284 1 NAVIGATION 0 2 0. 0. 0. 0. 0 0
18.287 1 ATTITUDE 0.116648 0.991207 0.124335
18.294 1 DESIRED 0. 0.02 0. 0. 0. 235. 0. 20.
18.297 1 IMU_GYRO -0.048828 0.005127 -0.007324
18.300 1 ATTITUDE 0.116644 0.991189 0.124386
18.303 1 IMU_ACCEL -1.575195 -9.742188 -0.320312
18.306 1 ATTITUDE 0.116532 0.991169 0.124382
18.556 1 DESIRED 0. 0.02 0. 0. 0. 235. 0. 20.
18.561 1 GPS 0 0 0 0 0 0 0 0 0 0 1
18.563 1 DL_VALUE 8 0.
18.568 1 NAVIGATION 0 2 0. 0. 0. 0. 0 0
18.571 1 ATTITUDE 0.116457 0.991187 0.124373
18.583 1 DESIRED 0. 0.02 0. 0. 0. 235. 0. 20.
18.586 1 WP_MOVED 2 360334.5 4813695. 260. 31
18.592 1 GPS 0 0 0 0 0 0 0 0 0 0 1
18.811 1 DOWNLINK_STATUS 0 19 10833 477 1 705. 30. -2604.61
18.839 1 NAVIGATION 0 2 0. 0. 0. 0. 0 0
18.842 1 ATTITUDE 0.116417 0.991241 0.124351
18.846 1 ATTITUDE 0.116521 0.991273 0.124314
18.852 1 DESIRED 0. 0.02 0. 0. 0. 235. 0. 20.
18.855 1 IMU_GYRO -0.051025 0.007324 -0.008301
18.857 1 PPRZ_MODE 2 0 0 0 0 6
18.867 1 WP_MOVED 3 360295.09375 4813785. 260. 31
18.870 1 IMU_ACCEL -1.561523 -9.680664 -0.291992
18.876 1 GPS 0 0 0 0 0 0 0 0 0 0 1
18.880 1 NAVIGATION 0 2 0. 0. 0. 0. 0 0
19.114 1 ATTITUDE 0.116538 0.991312 0.124191
19.121 1 DESIRED 0. 0.02 0. 0. 0. 235. 0. 20.
19.124 1 BAT 0 72 0 0 1 13 0 0
19.126 1 CALIBRATION 0. 0
19.129 1 ATTITUDE 0.116527 0.991332 0.124155
19.132 1 IMU_MAG -2.688477 -2.387207 -4.575684
19.142 1 ATTITUDE 0.116644 0.991291 0.124046
19.148 1 DESIRED 0. 0.02 0. 0. 0. 235. 0. 20.
19.151 1 ATTITUDE 0.116584 0.991199 0.124048
19.155 1 BAT 0 72 0 0 1 14 0 0
19.404 1 ATTITUDE 0.1166 0.991171 0.124075
19.411 1 DESIRED 0. 0.02 0. 0. 0. 235. 0. 20.
19.415 1 GPS 0 0 0 0 0 0 0 0 0 0 1
19.420 1 NAVIGATION 0 2 0. 0. 0. 0. 0 0
19.423 1 ATTITUDE 0.116609 0.991213 0.124102
19.425 1 ESTIMATOR 0. 0.
19.431 1 NAVIGATION 0 2 0. 0. 0. 0. 0 0
19.433 1 GPS_SOL 0 0 0 0
19.436 1 ATTITUDE 0.116616 0.991267 0.124078
19.444 1 DESIRED 0. 0.02 0. 0. 0. 235. 0. 20.
19.665 1 WP_MOVED 6 360165.8125 4813664.5 260. 31
19.668 1 IMU_GYRO -0.051025 0.006348 -0.008301
19.671 1 IMU_MAG -2.697754 -2.384277 -4.565918
19.677 1 GPS 0 0 0 0 0 0 0 0 0 0 1
19.681 1 NAVIGATION 0 2 0. 0. 0. 0. 0 0
19.685 1 ATTITUDE 0.116671 0.991263 0.124094
19.688 1 IMU_ACCEL -1.546875 -9.670898 -0.239258
19.691 1 COMMANDS 0,-3501,-2017,0,0
19.694 1 ATTITUDE 0.116562 0.991343 0.124178
19.700 1 DESIRED 0. 0.02 0. 0. 0. 235. 0. 20.
19.705 1 PPRZ_MODE 2 0 0 0 0 6
19.812 1 DOWNLINK_STATUS 0 20 11761 518 3 928. 41. -2604.61
19.937 1 ACTUATORS 1200,1433,1320,1320,1350
19.940 1 ATTITUDE 0.116669 0.990998 0.124927
19.946 1 GPS 0 0 0 0 0 0 0 0 0 0 1
19.950 1 NAVIGATION 0 2 0. 0. 0. 0. 0 0
19.953 1 ATTITUDE 0.117166 0.990942 0.124849
19.960 1 DESIRED 0. 0.02 0. 0. 0. 235. 0. 20.
19.963 1 ESTIMATOR 0. 0.
19.966 1 ATTITUDE 0.116562 0.990946 0.12516
19.969 1 WP_MOVED 7 360559.40625 4813804.5 260. 31
19.975 1 GPS 0 0 0 0 0 0 0 0 0 0 1
20.101 1 NAVIGATION 0 2 0. 0. 0. 0. 0 0
20.104 1 ATTITUDE 0.117688 0.990679 0.124895
20.111 1 DESIRED 0. 0.02 0. 0. 0. 235. 0. 20.
20.114 1 IMU_GYRO -0.063721 0.000977 -0.011475
20.383 1 ATTITUDE 0.117375 0.990856 0.125209
20.385 1 CALIBRATION 0. 0
20.388 1 ATTITUDE 0.116299 0.991032 0.125876
20.395 1 DESIRED 0. 0.02 0. 0. 0. 235. 0. 20.
20.401 1 GPS 0 0 0 0 0 0 0 0 0 0 1
20.404 1 BAT 0 72 0 0 1 15 0 0
20.406 1 DL_VALUE 10 0.
20.411 1 NAVIGATION 0 2 0. 0. 0. 0. 0 0
20.414 1 ATTITUDE 0.116997 0.990991 0.125498
20.416 1 ESTIMATOR 0. 0.
20.419 1 IMU_ACCEL -1.56543 -9.737305 -0.25293
20.424 1 NAVIGATION 0 2 0. 0. 0. 0. 0 0
20.813 1 DOWNLINK_STATUS 0 21 12348 544 3 587. 26. -7605.79
21.038 1 ATTITUDE 0.116197 0.991037 0.125847
21.045 1 DESIRED 0. 0.02 0. 0. 0. 235. 0. 20.
21.048 1 WP_MOVED 8 360462.40625 4813640. 215. 31
21.054 1 GPS 0 0 0 0 0 0 0 0 0 0 1
21.057 1 FBW_STATUS 2 0 1 72 0
21.061 1 NAVIGATION 0 2 0. 0. 0. 0. 0 0
21.064 1 ATTITUDE 0.115736 0.991065 0.1262
21.067 1 ATTITUDE 0.116715 0.990921 0.125564
21.074 1 DESIRED 0. 0.02 0. 0. 0. 235. 0. 20.
21.077 1 IMU_GYRO -0.067871 0.001953 -0.019043
21.079 1 PPRZ_MODE 2 0 0 0 0 6
21.318 1 ATTITUDE 0.116447 0.990745 0.125453
21.324 1 GPS 0 0 0 0 0 0 0 0 0 0 1
21.326 1 IMU_MAG -2.696289 -2.387207 -4.572266
21.330 1 ENERGY 7.2 0. 0 0.
21.335 1 NAVIGATION 0 2 0. 0. 0. 0. 0 0
21.337 1 ATTITUDE 0.114521 0.991605 0.126518
21.344 1 DESIRED 0. 0.02 0. 0. 0. 235. 0. 20.
21.346 1 ESTIMATOR 0. 0.
21.351 1 ALIVE 234,86,112,120,179,137,199,193,157,207,189,207,18,78,21,11
21.354 1 ATTITUDE 0.114412 0.991314 0.126795
21.357 1 WP_MOVED 9 360313.8125 4813652. 185. 31
21.606 1 GPS 0 0 0 0 0 0 0 0 0 0 1
21.611 1 NAVIGATION 0 2 0. 0. 0. 0. 0 0
21.614 1 ATTITUDE 0.114544 0.991165 0.126761
21.622 1 DESIRED 0. 0.02 0. 0. 0. 235. 0. 20.
21.622 1 STATE_FILTER_STATUS 3 0
21.625 1 ATTITUDE 0.114456 0.991679 0.127197
21.629 1 IMU_ACCEL -1.609375 -9.847656 -0.234375
21.632 1 ATTITUDE 0.114159 0.991405 0.127435
21.639 1 DESIRED 0. 0.02 0. 0. 0. 235. 0. 20.
21.644 1 GPS 0 0 0 0 0 0 0 0 0 0 1
21.814 1 DOWNLINK_STATUS 0 22 13097 576 3 749. 32. -7605.79
21.890 1 IMU_GYRO -0.041504 0.005127 -0.003174
21.894 1 NAVIGATION 0 2 0. 0. 0. 0. 0 0
21.898 1 ATTITUDE 0.112383 0.991284 0.128359
21.900 1 ESTIMATOR 0. 0.
21.904 1 NAVIGATION 0 2 0. 0. 0. 0. 0 0
21.908 1 BAT 0 72 0 0 1 16 0 0
21.911 1 GPS_SOL 0 0 0 0
21.913 1 DOWNLINK 1 862 638
21.916 1 ATTITUDE 0.111698 0.991482 0.128942
21.923 1 DESIRED 0. 0.02 0. 0. 0. 235. 0. 20.
21.926 1 WP_MOVED 10 360453.8125 4813581. 260. 31
21.932 1 GPS 0 0 0 0 0 0 0 0 0 0 1
22.132 1 NAVIGATION 0 2 0. 0. 0. 0. 0 0
22.135 1 ATTITUDE 0.111844 0.99201 0.128732
22.138 1 ATTITUDE 0.10982 0.99169 0.130047
22.145 1 DESIRED 0. 0.02 0. 0. 0. 235. 0. 20.
22.147 1 PPRZ_MODE 2 0 0 0 0 6
22.150 1 ATTITUDE 0.100258 0.990402 0.137132
22.156 1 GPS 0 0 0 0 0 0 0 0 0 0 1
22.158 1 DL_VALUE 0 0.
22.162 1 NAVIGATION 0 2 0. 0. 0. 0. 0 0
22.419 1 ATTITUDE 0.088942 0.989044 0.14585
22.425 1 DESIRED 0. 0.02 0. 0. 0. 235. 0. 20.
22.428 1 ESTIMATOR 0. 0.
22.431 1 IMU_GYRO 0.094482 -0.014893 0.116943
22.434 1 ATTITUDE 0.069364 0.986096 0.161484
22.437 1 WP_MOVED 11 360170.5 4813757.5 260. 31
22.441 1 IMU_ACCEL -1.949219 -9.723633 0.124023
22.446 1 GPS 0 0 0 0 0 0 0 0 0 0 1
22.451 1 NAVIGATION 0 2 0. 0. 0. 0. 0 0
22.454 1 ATTITUDE 0.047427 0.98382 0.183157
22.678 1 DESIRED 0. 0.01 0. 0. 0. 235. 0. 20.
22.681 1 IMU_MAG -2.668457 -2.416504 -4.609375
22.684 1 ATTITUDE 0.054938 0.984491 0.203886
22.687 1 ATTITUDE 0.070629 0.986619 0.222609
22.694 1 DESIRED 0. 0.01 0. 0. 0. 235. 0. 20.
22.699 1 GPS 0 0 0 0 0 0 0 0 0 0 1
22.701 1 CALIBRATION 0. 0
22.709 1 NAVIGATION 0 2 0. 0. 0. 0. 0 0
22.709 1 ATTITUDE 0.067098 0.986225 0.242227
22.711 1 ESTIMATOR 0. 0.
22.716 1 NAVIGATION 0 2 0. 0. 0. 0. 0 0
22.814 1 DOWNLINK_STATUS 0 23 14036 618 3 939. 42. -7605.79
22.888 1 ATTITUDE 0.062835 0.986068 0.260877
22.894 1 DESIRED 0. 0.01 0. 0. 0. 235. 0. 20.
22.898 1 WP_MOVED 0 360327. 4813637. 260. 31
22.901 1 IMU_GYRO -0.067871 -0.014893 0.181885
22.904 1 BAT 0 72 0 0 1 17 0 0
22.910 1 GPS 0 0 0 0 0 0 0 0 0 0 1
23.140 1 FBW_STATUS 2 0 1 72 0
23.144 1 NAVIGATION 0 2 0. 0. 0. 0. 0 0
23.147 1 ATTITUDE 0.064152 0.984479 0.278839
23.150 1 ATTITUDE 0.065699 0.985398 0.292284
23.157 1 DESIRED 0. 0.01 0. 0. 0. 235. 0. 20.
23.159 1 PPRZ_MODE 2 0 0 0 0 6
23.162 1 ATTITUDE 0.055247 0.984575 0.3073
23.168 1 GPS 0 0 0 0 0 0 0 0 0 0 1
23.171 1 IMU_ACCEL -3.285156 -9.326172 0.320312
23.176 1 NAVIGATION 0 2 0. 0. 0. 0. 0 0
23.428 1 ATTITUDE 0.042428 0.98322 0.32625
23.436 1 DESIRED 0. 0.01 0. 0. 0. 235. 0. 20.
23.437 1 ESTIMATOR 0. 0.
23.440 1 ATTITUDE 0.040152 0.982053 0.342929
23.444 1 WP_MOVED 1 360285. 4813595. 260. 31
23.449 1 GPS 0 0 0 0 0 0 0 0 0 0 1
23.454 1 NAVIGATION 0 2 0. 0. 0. 0. 0 0
23.457 1 ATTITUDE 0.041667 0.980825 0.358606
23.465 1 DESIRED 0. 0.01 0. 0. 0. 235. 0. 20.
23.467 1 IMU_GYRO -0.055176 -0.012695 0.157471
23.713 1 ATTITUDE 0.041515 0.980229 0.373895
23.714 1 PONG 
23.717 1 ATTITUDE 0.039096 0.979733 0.389255
23.723 1 DESIRED 0. 0.01 0. 0. 0. 235. 0. 20.
23.729 1 GPS 0 0 0 0 0 0 0 0 0 0 1
23.731 1 DL_VALUE 1 0.
23.733 1 STATE_FILTER_STATUS 3 0
23.744 1 NAVIGATION 0 2 0. 0. 0. 0. 0 0
23.748 1 ATTITUDE 0.022991 0.977171 0.425796
23.751 1 IMU_ACCEL -4.363281 -8.803711 0.536133
23.754 1 BAT 0 72 0 0 1 19 0 0
23.814 1 DOWNLINK_STATUS 0 24 14863 655 4 827. 37. 3411.78
24.001 1 ATTITUDE 0.019943 0.977362 0.436645
24.008 1 DESIRED 0. 0. 0. 0. 0. 235. 0. 20.
24.011 1 IMU_GYRO -0.005127 -0.008301 0.101074
24.013 1 PPRZ_MODE 2 0 0 0 0 6
24.016 1 ATTITUDE 0.015617 0.977189 0.446133
24.022 1 GPS 0 0 0 0 0 0 0 0 0 0 1
24.026 1 NAVIGATION 0 2 0. 0. 0. 0. 0 0
24.029 1 ATTITUDE 0.014033 0.978185 0.452131
24.036 1 DESIRED 0. 0. 0. 0. 0. 235. 0. 20.
24.038 1 ESTIMATOR 0. 0.
24.041 1 ATTITUDE 0.012827 0.979226 0.456727
24.288 1 WP_MOVED 3 360295.09375 4813785. 260. 31
24.293 1 GPS 0 0 0 0 0 0 0 0 0 0 1
24.298 1 NAVIGATION 0 2 0. 0. 0. 0. 0 0
24.301 1 ATTITUDE 0.009816 0.980108 0.462934
24.308 1 DESIRED 0. 0. 0. 0. 0. 235. 0. 20.
24.311 1 ATTITUDE 0.008352 0.981497 0.467299
24.313 1 NAVIGATION_REF 360285 4813595 31
24.317 1 ATTITUDE 0.007729 0.983015 0.469857
24.323 1 DESIRED 0. 0. 0. 0. 0. 235. 0. 20.
24.329 1 GPS 0 0 0 0 0 0 0 0 0 0 1
24.393 1 WIND_INFO 1 42 0. 0. 0.
24.574 1 IMU_GYRO -0.034912 0.00415 0.02124
24.579 1 NAVIGATION 0 2 0. 0. 0. 0. 0 0
24.582 1 ATTITUDE 0.005118 0.984455 0.473865
24.584 1 ESTIMATOR 0. 0.
24.587 1 IMU_ACCEL -4.785156 -8.511719 0.717773
24.592 1 NAVIGATION 0 2 0. 0. 0. 0. 0 0
24.594 1 CALIBRATION 0. 0
24.597 1 ATTITUDE 0.003015 0.98598 0.47776
24.604 1 DESIRED 0. 0. 0. 0. 0. 235. 0. 20.
24.607 1 WP_MOVED 4 360417.3125 4813734. 260. 31
24.613 1 GPS 0 0 0 0 0 0 0 0 0 0 1
24.615 1 FBW_STATUS 2 0 1 72 0
24.815 1 DOWNLINK_STATUS 0 25 15626 688 4 763. 33. 3411.78
25.185 1 NAVIGATION 0 2 0. 0. 0. 0. 0 0
25.188 1 ATTITUDE 0.002385 0.987691 0.479836
25.191 1 COMMANDS 0,-26,-9600,0,0
25.194 1 ATTITUDE 0.00118 0.989546 0.48141
25.201 1 DESIRED 0. 0. 0. 0. 0. 235. 0. 20.
25.202 1 PPRZ_MODE 2 0 0 0 0 6
25.205 1 BAT 0 72 0 0 1 20 0 0
25.211 1 IMU_MAG -2.519531 -2.46582 -4.607422
25.213 1 ACTUATORS 1200,1000,1499,1499,1350
25.215 1 ATTITUDE 0.001021 0.991708 0.481801
25.221 1 GPS 0 0 0 0 0 0 0 0 0 0 1
25.223 1 DL_VALUE 2 235.
25.228 1 NAVIGATION 0 2 0. 0. 0. 0. 0 0
25.817 1 DOWNLINK_STATUS 0 26 15899 701 4 273. 13. -1588.55
26.198 1 ATTITUDE 0.0019 0.994236 0.480764
26.204 1 DESIRED 0. 0. 0. 0. 0. 235. 0. 20.
26.207 1 ESTIMATOR 0. 0.
26.213 1 IMU_GYRO -0.046631 0.008301 -0.010498
26.213 1 ATTITUDE 0.001781 0.996681 0.480976
26.216 1 WP_MOVED 5 360422. 4813583.5 260. 31
26.222 1 GPS 0 0 0 0 0 0 0 0 0 0 1
26.227 1 NAVIGATION 0 2 0. 0. 0. 0. 0 0
26.230 1 ATTITUDE 0.00134 0.998792 0.480979
26.236 1 DESIRED 0. 0. 0. 0. 0. 235. 0. 20.
26.402 1 ATTITUDE 0.001157 1.001192 0.480784
26.405 1 IMU_ACCEL -4.837891 -8.49707 0.68457
26.408 1 ATTITUDE 0.000233 1.003303 0.480898
26.415 1 DESIRED 0. 0. 0. 0. 0. 235. 0. 20.
26.420 1 GPS 0 0 0 0 0 0 0 0 0 0 1
26.425 1 NAVIGATION 0 2 0. 0. 0. 0. 0 0
26.689 1 ATTITUDE -0.000664 1.005202 0.481039
26.691 1 ESTIMATOR 0. 0.
26.696 1 NAVIGATION 0 2 0. 0. 0. 0. 0 0
26.699 1 GPS_SOL 0 0 0 0
26.702 1 ATTITUDE -0.000134 1.00765 0.480394
26.708 1 DESIRED 0. 0. 0. 0. 0. 235. 0. 20.
26.713 1 WP_MOVED 6 360165.8125 4813664.5 260. 31
26.715 1 IMU_GYRO -0.051025 0.007324 -0.015869
26.717 1 STATE_FILTER_STATUS 3 0
26.722 1 GPS 0 0 0 0 0 0 0 0 0 0 1
26.727 1 NAVIGATION 0 2 0. 0. 0. 0. 0 0
26.730 1 ATTITUDE -0.000941 1.00964 0.479997
26.817 1 DOWNLINK_STATUS 0 27 16546 729 4 647. 28. -1588.55
26.977 1 ATTITUDE -0.000373 1.011703 0.47984
26.984 1 DESIRED 0. 0. 0. 0. 0. 235. 0. 20.
26.986 1 PPRZ_MODE 2 0 0 0 0 6
26.989 1 ATTITUDE -0.000233 1.013836 0.479599
26.995 1 GPS 0 0 0 0 0 0 0 0 0 0 1
26.998 1 BAT 0 72 0 0 1 21 0 0
27.002 1 ENERGY 7.2 0. 0 0.
27.006 1 NAVIGATION 0 2 0. 0. 0. 0. 0 0
27.009 1 ATTITUDE -3e-05 1.015942 0.479377
27.016 1 DESIRED 0. 0. 0. 0. 0. 235. 0. 20.
27.017 1 ESTIMATOR 0. 0.
27.249 1 ALIVE 234,86,112,120,179,137,199,193,157,207,189,207,18,78,21,11
27.253 1 ATTITUDE 7.4e-05 1.017999 0.478833
27.256 1 WP_MOVED 7 360559.40625 4813804.5 260. 31
27.259 1 IMU_ACCEL -4.798828 -8.544922 0.727539
27.262 1 IMU_MAG -2.518066 -2.464355 -4.61377
27.268 1 GPS 0 0 0 0 0 0 0 0 0 0 1
27.273 1 NAVIGATION 0 2 0. 0. 0. 0. 0 0
27.276 1 ATTITUDE 0.0005 1.020102 0.478292
27.283 1 DESIRED 0. 0. 0. 0. 0. 235. 0. 20.
27.285 1 IMU_GYRO -0.041504 0.00415 -0.007324
27.486 1 ATTITUDE -5.6e-05 1.021898 0.478904
27.489 1 ATTITUDE -0.000895 1.023756 0.479573
27.496 1 DESIRED 0. 0. 0. 0. 0. 235. 0. 20.
27.502 1 GPS 0 0 0 0 0 0 0 0 0 0 1
27.504 1 DL_VALUE 3 0.
27.508 1 NAVIGATION 0 2 0. 0. 0. 0. 0 0
27.511 1 ATTITUDE -0.000626 1.025917 0.479026
27.514 1 ESTIMATOR 0. 0.
27.518 1 NAVIGATION 0 2 0. 0. 0. 0. 0 0
27.775 1 ATTITUDE -0.00021 1.027733 0.478423
27.782 1 DESIRED 0. 0. 0. 0. 0. 235. 0. 20.
27.785 1 WP_MOVED 8 360462.40625 4813640. 215. 31
27.787 1 CALIBRATION 0. 0
27.789 1 DOWNLINK 1 849 829
27.795 1 GPS 0 0 0 0 0 0 0 0 0 0 1
27.798 1 FBW_STATUS 2 0 1 72 0
27.802 1 NAVIGATION 0 2 0. 0. 0. 0. 0 0
27.805 1 ATTITUDE -0.001073 1.029544 0.479358
27.808 1 ATTITUDE -0.00181 1.031109 0.480036
27.815 1 DESIRED 0. 0. 0. 0. 0. 235. 0. 20.
27.817 1 DOWNLINK_STATUS 0 28 17480 770 4 934. 41. -1588.55
28.062 1 IMU_GYRO -0.054199 0.012695 -0.007324
28.064 1 PPRZ_MODE 2 0 0 0 0 6
28.067 1 ATTITUDE -0.001414 1.033302 0.47975
28.073 1 GPS 0 0 0 0 0 0 0 0 0 0 1
28.076 1 IMU_ACCEL -4.803711 -8.516602 0.74707
28.080 1 NAVIGATION 0 2 0. 0. 0. 0. 0 0
28.083 1 ATTITUDE -0.001494 1.035039 0.479701
28.090 1 DESIRED 0. 0. 0. 0. 0. 235. 0. 20.
28.092 1 ESTIMATOR 0. 0.
28.096 1 BAT 0 72 0 0 1 22 0 0
28.099 1 ATTITUDE -0.002117 1.03677 0.480429
28.103 1 WP_MOVED 9 360313.8125 4813652. 185. 31
28.352 1 GPS 0 0 0 0 0 0 0 0 0 0 1
28.356 1 NAVIGATION 0 2 0. 0. 0. 0. 0 0
28.360 1 ATTITUDE -0.002548 1.038458 0.48066
28.366 1 DESIRED 0. 0. 0. 0. 0. 235. 0. 20.
28.369 1 ATTITUDE -0.002604 1.040175 0.481148
28.372 1 ATTITUDE -0.002797 1.042032 0.480841
28.379 1 DESIRED 0. 0. 0. 0. 0. 235. 0. 20.
28.385 1 GPS 0 0 0 0 0 0 0 0 0 0 1
28.388 1 IMU_GYRO -0.055176 0.007324 -0.013672
28.391 1 IMU_MAG -2.513184 -2.47168 -4.61084
28.639 1 NAVIGATION 0 2 0. 0. 0. 0. 0 0
28.642 1 ATTITUDE -0.002151 1.043966 0.480377
28.644 1 ESTIMATOR 0. 0.
28.649 1 NAVIGATION 0 2 0. 0. 0. 0. 0 0
28.652 1 GPS_SOL 0 0 0 0
28.655 1 ATTITUDE -0.003378 1.045398 0.481398
28.670 1 PPRZ_MODE 2 0 0 0 0 6
28.671 1 STATE_FILTER_STATUS 3 0
28.675 1 ATTITUDE -0.003087 1.051018 0.480915
28.680 1 GPS 0 0 0 0 0 0 0 0 0 0 1
28.818 1 DOWNLINK_STATUS 0 29 18183 802 5 703. 32. -1588.55
28.925 1 DL_VALUE 4 0.
28.930 1 NAVIGATION 0 2 0. 0. 0. 0. 0 0
28.932 1 ATTITUDE -0.003205 1.052654 0.481292
28.940 1 DESIRED 0. 0. 0. 0. 0. 235. 0. 20.
28.941 1 ESTIMATOR 0. 0.
28.945 1 IMU_GYRO -0.051025 0.005127 -0.005127
28.956 1 DESIRED 0. 0. 0. 0. 0. 235. 0. 20.
28.957 1 PPRZ_MODE 2 0 0 0 0 6
28.961 1 ATTITUDE 0.063204 1.094627 0.33869
28.967 1 GPS 0 0 0 0 0 0 0 0 0 0 1
29.215 1 NAVIGATION 0 2 0. 0. 0. 0. 0 0
29.217 1 ATTITUDE 0.130767 1.109711 0.202958
29.223 1 DESIRED 0. 0.03 0. 0. 0. 235. 0. 20.
29.226 1 ESTIMATOR 0. 0.
29.229 1 ATTITUDE 0.121838 1.118836 0.127144
29.232 1 WP_MOVED 1 360285. 4813595. 260. 31
29.238 1 GPS 0 0 0 0 0 0 0 0 0 0 1
29.242 1 NAVIGATION 0 2 0. 0. 0. 0. 0 0
29.246 1 ATTITUDE 0.114077 1.119925 0.129894
29.252 1 DESIRED 0. 0.02 0. 0. 0. 235. 0. 20.
29.498 1 IMU_GYRO -0.052979 0.052002 -0.015869
29.502 1 BAT 0 72 0 0 1 24 0 0
29.505 1 ATTITUDE 0.112768 1.120076 0.129876
29.508 1 IMU_ACCEL -1.460938 -9.598633 -0.301758
29.512 1 ATTITUDE 0.113893 1.11907 0.128406
29.518 1 DESIRED 0. 0.02 0. 0. 0. 235. 0. 20.
29.524 1 GPS 0 0 0 0 0 0 0 0 0 0 1
29.526 1 DL_VALUE 5 0.
29.530 1 NAVIGATION 0 2 0. 0. 0. 0. 0 0
29.533 1 ATTITUDE 0.114729 1.118542 0.127762
29.536 1 ESTIMATOR 0. 0.
29.540 1 NAVIGATION 0 2 0. 0. 0. 0. 0 0
29.787 1 GPS_SOL 0 0 0 0
29.790 1 ATTITUDE 0.115119 1.117891 0.12741
29.796 1 DESIRED 0. 0.02 0. 0. 0. 235. 0. 20.
29.800 1 WP_MOVED 2 360334.5 4813695. 260. 31
29.806 1 GPS 0 0 0 0 0 0 0 0 0 0 1
29.810 1 NAVIGATION 0 2 0. 0. 0. 0. 0 0
29.813 1 ATTITUDE 0.115016 1.116886 0.12728
29.816 1 COMMANDS 0,-3467,-1939,0,0
29.818 1 DOWNLINK_STATUS 0 30 19104 842 6 921. 40. -1588.55
29.819 1 ATTITUDE 0.114852 1.115857 0.12719
29.826 1 DESIRED 0. 0.02 0. 0. 0. 235. 0. 20.
29.829 1 IMU_GYRO -0.043457 0.003174 -0.006348
30.024 1 PPRZ_MODE 2 0 0 0 0 6
30.027 1 ACTUATORS 1200,1431,1322,1322,1350
30.030 1 ATTITUDE 0.114751 1.115023 0.127103
30.036 1 GPS 0 0 0 0 0 0 0 0 0 0 1
30.041 1 NAVIGATION 0 2 0. 0. 0. 0. 0 0
30.044 1 ATTITUDE 0.114744 1.114262 0.126989
30.050 1 DESIRED 0. 0.02 0. 0. 0. 235. 0. 20.
30.053 1 ESTIMATOR 0. 0.
30.056 1 IMU_MAG -2.694824 -2.39209 -4.562988
30.058 1 STATE_FILTER_STATUS 3 0
30.277 1 ATTITUDE 0.114702 1.113455 0.126954
30.281 1 WP_MOVED 3 360295.09375 4813785. 260. 31
30.284 1 IMU_ACCEL -1.604492 -9.675781 -0.234375
30.290 1 GPS 0 0 0 0 0 0 0 0 0 0 1
30.294 1 NAVIGATION 0 2 0. 0. 0. 0. 0 0
30.297 1 ATTITUDE 0.114699 1.112603 0.126905
30.304 1 DESIRED 0. 0.02 0. 0. 0. 235. 0. 20.
30.307 1 ATTITUDE 0.114584 1.111791 0.126872
30.311 1 BAT 0 72 0 0 1 25 0 0
30.565 1 ATTITUDE 0.114494 1.110834 0.12676
30.572 1 DESIRED 0. 0.02 0. 0. 0. 235. 0. 20.
30.577 1 GPS 0 0 0 0 0 0 0 0 0 0 1
30.580 1 IMU_GYRO -0.051025 0.010498 -0.007324
30.585 1 NAVIGATION 0 2 0. 0. 0. 0. 0 0
30.588 1 ATTITUDE 0.114406 1.109984 0.126685
30.590 1 ESTIMATOR 0. 0.
30.595 1 NAVIGATION 0 2 0. 0. 0. 0. 0 0
30.598 1 ATTITUDE 0.114373 1.109243 0.126574
30.605 1 DESIRED 0. 0.02 0. 0. 0. 235. 0. 20.
30.819 1 DOWNLINK_STATUS 0 31 19838 874 6 734. 32. -6589.81
31.220 1 WP_MOVED 4 360417.3125 4813734. 260. 31
31.225 1 GPS 0 0 0 0 0 0 0 0 0 0 1
31.228 1 FBW_STATUS 2 0 1 72 0
31.232 1 NAVIGATION 0 2 0. 0. 0. 0. 0 0
31.236 1 ATTITUDE 0.114302 1.108377 0.126508
31.239 1 ATTITUDE 0.114203 1.107581 0.12647
31.245 1 DESIRED 0. 0.02 0. 0. 0. 235. 0. 20.
31.247 1 PPRZ_MODE 2 0 0 0 0 6
31.249 1 CALIBRATION 0. 0
31.252 1 ATTITUDE 0.114123 1.106798 0.126386
31.258 1 GPS 0 0 0 0 0 0 0 0 0 0 1
31.261 1 IMU_ACCEL -1.556641 -9.68457 -0.257812
31.507 1 DL_VALUE 6 40.
31.510 1 ENERGY 7.2 0. 0 0.
31.515 1 NAVIGATION 0 2 0. 0. 0. 0. 0 0
31.518 1 ATTITUDE 0.114105 1.105988 0.126322
31.525 1 DESIRED 0. 0.02 0. 0. 0. 235. 0. 20.
31.527 1 ESTIMATOR 0. 0.
31.530 1 IMU_GYRO -0.049805 0.007324 -0.008301
31.534 1 ALIVE 234,86,112,120,179,137,199,193,157,207,189,207,18,78,21,11
31.537 1 ATTITUDE 0.114033 1.1052 0.126272
31.541 1 WP_MOVED 5 360422. 4813583.5 260. 31
31.547 1 GPS 0 0 0 0 0 0 0 0 0 0 1
31.794 1 NAVIGATION 0 2 0. 0. 0. 0. 0 0
31.797 1 ATTITUDE 0.113969 1.104455 0.126267
31.804 1 DESIRED 0. 0.02 0. 0. 0. 235. 0. 20.
31.807 1 ATTITUDE 0.113831 1.103688 0.126233
31.810 1 IMU_MAG -2.687012 -2.399902 -4.554688
31.813 1 ATTITUDE 0.113793 1.102896 0.126223
31.819 1 DOWNLINK_STATUS 0 32 20473 903 6 635. 29. -6589.81
31.820 1 DESIRED 0. 0.02 0. 0. 0. 235. 0. 20.
31.825 1 GPS 0 0 0 0 0 0 0 0 0 0 1
31.829 1 BAT 0 72 0 0 1 26 0 0
31.834 1 NAVIGATION 0 2 0. 0. 0. 0. 0 0
31.837 1 ATTITUDE 0.113774 1.102148 0.126155
32.078 1 ESTIMATOR 0. 0.
32.083 1 NAVIGATION 0 2 0. 0. 0. 0. 0 0
32.086 1 GPS_SOL 0 0 0 0
32.089 1 ATTITUDE 0.113667 1.101317 0.126103
32.096 1 DESIRED 0. 0.02 0. 0. 0. 235. 0. 20.
32.099 1 WP_MOVED 6 360165.8125 4813664.5 260. 31
32.102 1 IMU_GYRO -0.051025 0.007324 -0.007324
32.108 1 GPS 0 0 0 0 0 0 0 0 0 0 1
32.113 1 NAVIGATION 0 2 0. 0. 0. 0. 0 0
32.116 1 ATTITUDE 0.113616 1.100593 0.126091
32.119 1 IMU_ACCEL -1.56543 -9.708984 -0.272461
32.121 1 DOWNLINK 1 859 1022
32.335 1 ATTITUDE 0.113604 1.09989 0.126074
32.342 1 DESIRED 0. 0.02 0. 0. 0. 235. 0. 20.
32.344 1 PPRZ_MODE 2 0 0 0 0 6
32.347 1 ATTITUDE 0.113559 1.099114 0.126032
32.353 1 GPS 0 0 0 0 0 0 0 0 0 0 1
32.357 1 NAVIGATION 0 2 0. 0. 0. 0. 0 0
32.360 1 ATTITUDE 0.113517 1.098379 0.125952
32.367 1 DESIRED 0. 0.02 0. 0. 0. 235. 0. 20.
32.369 1 ESTIMATOR 0. 0.
32.576 1 ATTITUDE 0.113444 1.097692 0.125888
32.580 1 WP_MOVED 7 360559.40625 4813804.5 260. 31
32.585 1 GPS 0 0 0 0 0 0 0 0 0 0 1
32.590 1 NAVIGATION 0 2 0. 0. 0. 0. 0 0
32.593 1 ATTITUDE 0.11341 1.096914 0.125818
32.600 1 DESIRED 0. 0.02 0. 0. 0. 235. 0. 20.
32.603 1 IMU_GYRO -0.051025 0.008301 -0.008301
32.604 1 STATE_FILTER_STATUS 3 0
32.607 1 ATTITUDE 0.113398 1.0962 0.125747
32.820 1 DOWNLINK_STATUS 0 33 21279 938 6 806. 35. -6589.81
32.862 1 ATTITUDE 0.113338 1.095458 0.125695
32.870 1 DESIRED 0. 0.02 0. 0. 0. 235. 0. 20.
32.875 1 GPS 0 0 0 0 0 0 0 0 0 0 1
32.876 1 DL_VALUE 7 2.
32.882 1 NAVIGATION 0 2 0. 0. 0. 0. 0 0
32.884 1 ATTITUDE 0.113272 1.094744 0.125688
32.886 1 ESTIMATOR 0. 0.
32.889 1 IMU_ACCEL -1.589844 -9.666016 -0.272461
32.895 1 NAVIGATION 0 2 0. 0. 0. 0. 0 0
32.898 1 BAT 0 72 0 0 1 27 0 0
32.901 1 ATTITUDE 0.11329 1.09403 0.125668
33.137 1 DESIRED 0. 0.02 0. 0. 0. 235. 0. 20.
33.140 1 WP_MOVED 8 360462.40625 4813640. 215. 31
33.143 1 IMU_MAG -2.693359 -2.39502 -4.565918
33.148 1 GPS 0 0 0 0 0 0 0 0 0 0 1
33.153 1 NAVIGATION 0 2 0. 0. 0. 0. 0 0
33.156 1 FBW_STATUS 2 0 1 72 0
33.159 1 ATTITUDE 0.113216 1.09324 0.125653
33.162 1 ATTITUDE 0.113199 1.092544 0.125617
33.169 1 DESIRED 0. 0.02 0. 0. 0. 235. 0. 20.
33.172 1 IMU_GYRO -0.051025 0.007324 -0.007324
33.174 1 PPRZ_MODE 2 0 0 0 0 6
33.376 1 ATTITUDE 0.113165 1.091851 0.125613
33.382 1 GPS 0 0 0 0 0 0 0 0 0 0 1
33.384 1 CALIBRATION 0. 0
33.389 1 NAVIGATION 0 2 0. 0. 0. 0. 0 0
33.392 1 ATTITUDE 0.113079 1.091132 0.125598
33.398 1 DESIRED 0. 0.02 0. 0. 0. 235. 0. 20.
33.401 1 ESTIMATOR 0. 0.
33.404 1 ATTITUDE 0.11306 1.090463 0.12552
33.407 1 WP_MOVED 9 360313.8125 4813652. 185. 31
33.666 1 GPS 0 0 0 0 0 0 0 0 0 0 1
33.670 1 NAVIGATION 0 2 0. 0. 0. 0. 0 0
33.674 1 ATTITUDE 0.113013 1.089686 0.125445
33.680 1 DESIRED 0. 0.02 0. 0. 0. 235. 0. 20.
33.683 1 ATTITUDE 0.112976 1.088971 0.125447
33.686 1 IMU_ACCEL -1.561523 -9.670898 -0.272461
33.689 1 NAVIGATION_REF 360285 4813595 31
33.692 1 ATTITUDE 0.112967 1.088296 0.12543
33.699 1 DESIRED 0. 0.02 0. 0. 0. 235. 0. 20.
33.705 1 GPS 0 0 0 0 0 0 0 0 0 0 1
33.821 1 DOWNLINK_STATUS 0 34 22225 979 6 946. 41. -6589.81
33.951 1 IMU_GYRO -0.051025 0.007324 -0.007324
33.954 1 ENERGY 7.2 0. 0 0.
33.959 1 NAVIGATION 0 2 0. 0. 0. 0. 0 0
33.962 1 ATTITUDE 0.112961 1.087559 0.12539
33.964 1 ESTIMATOR 0. 0.
33.969 1 NAVIGATION 0 2 0. 0. 0. 0. 0 0
33.975 1 PPRZ_MODE 2 0 0 0 0 6
33.978 1 ATTITUDE 0.112827 1.084875 0.125318
33.984 1 GPS 0 0 0 0 0 0 0 0 0 0 1
33.987 1 IMU_MAG -2.691406 -2.393555 -4.569336
33.989 1 DL_VALUE 8 0.
34.237 1 NAVIGATION 0 2 0. 0. 0. 0. 0 0
34.240 1 ATTITUDE 0.112792 1.084199 0.1253
34.247 1 DESIRED 0. 0.02 0. 0. 0. 235. 0. 20.
34.249 1 ESTIMATOR 0. 0.
34.252 1 IMU_GYRO -0.049805 0.007324 -0.007324
34.255 1 ATTITUDE 0.112773 1.08358 0.125276
34.259 1 WP_MOVED 11 360170.5 4813757.5 260. 31
34.262 1 IMU_ACCEL -1.580078 -9.661133 -0.277344
34.268 1 GPS 0 0 0 0 0 0 0 0 0 0 1
34.272 1 NAVIGATION 0 2 0. 0. 0. 0. 0 0
34.275 1 ATTITUDE 0.112694 1.082898 0.125261
34.393 1 WIND_INFO 1 42 0. 0. 0.
34.525 1 DESIRED 0. 0.02 0. 0. 0. 235. 0. 20.
34.528 1 ATTITUDE 0.112571 1.082255 0.125225
34.531 1 ATTITUDE 0.112587 1.081632 0.125206
34.538 1 DESIRED 0. 0.02 0. 0. 0. 235. 0. 20.
34.544 1 GPS 0 0 0 0 0 0 0 0 0 0 1
34.545 1 STATE_FILTER_STATUS 3 0
34.550 1 NAVIGATION 0 2 0. 0. 0. 0. 0 0
34.553 1 ATTITUDE 0.112542 1.080947 0.125163
34.555 1 ESTIMATOR 0. 0.
34.560 1 NAVIGATION 0 2 0. 0. 0. 0. 0 0
34.563 1 ATTITUDE 0.112442 1.080349 0.125132
34.821 1 DOWNLINK_STATUS 0 35 22942 1012 7 717. 33. -6589.81
35.214 1 DESIRED 0. 0.02 0. 0. 0. 235. 0. 20.
35.223 1 WP_MOVED 0 360327. 4813637. 260. 31
35.223 1 IMU_GYRO -0.052002 0.009521 -0.008301
35.227 1 GPS 0 0 0 0 0 0 0 0 0 0 1
35.232 1 FBW_STATUS 2 0 1 72 0
35.234 1 NAVIGATION 0 2 0. 0. 0. 0. 0 0
35.237 1 ATTITUDE 0.112452 1.079707 0.125127
35.240 1 BAT 0 72 0 0 1 30 0 0
35.243 1 COMMANDS 0,-3372,-2054,0,0
35.246 1 ATTITUDE 0.112415 1.079074 0.125126
35.253 1 DESIRED 0. 0.02 0. 0. 0. 235. 0. 20.
35.255 1 PPRZ_MODE 2 0 0 0 0 6
35.497 1 ACTUATORS 1200,1433,1325,1325,1350
35.500 1 ATTITUDE 0.112347 1.078398 0.125107
35.506 1 GPS 0 0 0 0 0 0 0 0 0 0 1
35.509 1 IMU_ACCEL -1.556641 -9.704102 -0.249023
35.514 1 NAVIGATION 0 2 0. 0. 0. 0. 0 0
35.517 1 ATTITUDE 0.112329 1.07783 0.125091
35.523 1 DESIRED 0. 0.02 0. 0. 0. 235. 0. 20.
35.526 1 ESTIMATOR 0. 0.
35.528 1 CALIBRATION 0. 0
35.531 1 ATTITUDE 0.112302 1.077173 0.125038
35.534 1 WP_MOVED 1 360285. 4813595. 260. 31
35.540 1 GPS 0 0 0 0 0 0 0 0 0 0 1
35.822 1 DOWNLINK_STATUS 0 36 23480 1036 7 538. 24. -11590.02
36.433 1 NAVIGATION 0 2 0. 0. 0. 0. 0 0
36.437 1 ATTITUDE 0.11223 1.076524 0.125018
36.443 1 DESIRED 0. 0.02 0. 0. 0. 235. 0. 20.
36.446 1 IMU_GYRO -0.051025 0.007324 -0.008301
36.450 1 IMU_MAG -2.693359 -2.396484 -4.556641
36.453 1 ATTITUDE 0.112232 1.075941 0.125005
36.456 1 ATTITUDE 0.112182 1.075279 0.124967
36.462 1 DESIRED 0. 0.02 0. 0. 0. 235. 0. 20.
36.468 1 GPS 0 0 0 0 0 0 0 0 0 0 1
36.470 1 DL_VALUE 9 1.
36.823 1 DOWNLINK_STATUS 0 37 23716 1046 7 236. 10. -11590.02
37.066 1 NAVIGATION 0 2 0. 0. 0. 0. 0 0
37.069 1 ATTITUDE 0.112171 1.074704 0.124905
37.072 1 ESTIMATOR 0. 0.
37.076 1 NAVIGATION 0 2 0. 0. 0. 0. 0 0
37.079 1 GPS_SOL 0 0 0 0
37.083 1 ATTITUDE 0.112119 1.074104 0.124915
37.089 1 DESIRED 0. 0.02 0. 0. 0. 235. 0. 20.
37.093 1 WP_MOVED 2 360334.5 4813695. 260. 31
37.098 1 GPS 0 0 0 0 0 0 0 0 0 0 1
37.103 1 NAVIGATION 0 2 0. 0. 0. 0. 0 0
37.106 1 ATTITUDE 0.112041 1.073538 0.124893
37.109 1 IMU_ACCEL -1.575195 -9.704102 -0.25293
37.595 1 ATTITUDE 0.111997 1.072999 0.124872
37.602 1 DESIRED 0. 0.02 0. 0. 0. 235. 0. 20.
37.605 1 IMU_GYRO -0.049805 0.007324 -0.007324
37.607 1 PPRZ_MODE 2 0 0 0 0 6
37.611 1 BAT 0 72 0 0 1 31 0 0
37.614 1 ATTITUDE 0.111933 1.072401 0.12488
37.619 1 GPS 0 0 0 0 0 0 0 0 0 0 1
37.623 1 ENERGY 7.2 0. 0 0.
37.627 1 NAVIGATION 0 2 0. 0. 0. 0. 0 0
37.824 1 DOWNLINK_STATUS 0 38 24192 1067 7 476. 21. -11590.02
38.293 1 ATTITUDE 0.111895 1.071788 0.124899
38.300 1 DESIRED 0. 0.02 0. 0. 0. 235. 0. 20.
38.302 1 ESTIMATOR 0. 0.
38.306 1 ALIVE 234,86,112,120,179,137,199,193,157,207,189,207,18,78,21,11
38.309 1 ATTITUDE 0.111892 1.071197 0.124903
38.313 1 WP_MOVED 3 360295.09375 4813785. 260. 31
38.319 1 GPS 0 0 0 0 0 0 0 0 0 0 1
38.323 1 NAVIGATION 0 2 0. 0. 0. 0. 0 0
38.326 1 ATTITUDE 0.111823 1.070641 0.124868
38.333 1 DESIRED 0. 0.02 0. 0. 0. 235. 0. 20.
38.572 1 ATTITUDE 0.111782 1.070039 0.124847
38.575 1 ATTITUDE 0.111795 1.06948 0.12481
38.582 1 DESIRED 0. 0.02 0. 0. 0. 235. 0. 20.
38.587 1 GPS 0 0 0 0 0 0 0 0 0 0 1
38.591 1 IMU_GYRO -0.049805 0.008301 -0.007324
38.595 1 NAVIGATION 0 2 0. 0. 0. 0. 0 0
38.598 1 ATTITUDE 0.11172 1.068912 0.124779
38.601 1 ESTIMATOR 0. 0.
38.604 1 IMU_ACCEL -1.580078 -9.699219 -0.257812
38.608 1 NAVIGATION 0 2 0. 0. 0. 0. 0 0
38.611 1 IMU_MAG -2.693359 -2.397949 -4.564453
38.825 1 DOWNLINK_STATUS 0 39 24683 1088 7 491. 21. -11590.02
38.859 1 ATTITUDE 0.111703 1.068385 0.124753
38.866 1 DESIRED 0. 0.02 0. 0. 0. 235. 0. 20.
38.869 1 WP_MOVED 4 360417.3125 4813734. 260. 31
38.870 1 STATE_FILTER_STATUS 3 0
38.877 1 GPS 0 0 0 0 0 0 0 0 0 0 1
38.879 1 FBW_STATUS 2 0 1 72 0
38.884 1 NAVIGATION 0 2 0. 0. 0. 0. 0 0
38.887 1 ATTITUDE 0.111729 1.067795 0.124747
38.890 1 ATTITUDE 0.111679 1.067163 0.124752
38.897 1 DESIRED 0. 0.02 0. 0. 0. 235. 0. 20.
38.898 1 PPRZ_MODE 2 0 0 0 0 6
38.900 1 DOWNLINK 1 848 1213
39.138 1 ATTITUDE 0.111685 1.066605 0.12471
39.144 1 GPS 0 0 0 0 0 0 0 0 0 0 1
39.147 1 BAT 0 72 0 0 1 32 0 0
39.149 1 DL_VALUE 10 0.
39.154 1 NAVIGATION 0 2 0. 0. 0. 0. 0 0
39.157 1 ATTITUDE 0.111685 1.066061 0.124699
39.163 1 DESIRED 0. 0.02 0. 0. 0. 235. 0. 20.
39.166 1 ESTIMATOR 0. 0.
39.169 1 IMU_GYRO -0.051025 0.007324 -0.008301
39.172 1 ATTITUDE 0.11175 1.065415 0.124657
39.176 1 WP_MOVED 5 360422. 4813583.5 260. 31
39.178 1 CALIBRATION 0. 0
39.428 1 GPS 0 0 0 0 0 0 0 0 0 0 1
39.433 1 NAVIGATION 0 2 0. 0. 0. 0. 0 0
39.436 1 ATTITUDE 0.111716 1.064734 0.124556
39.443 1 DESIRED 0. 0.02 0. 0. 0. 235. 0. 20.
39.446 1 ATTITUDE 0.111611 1.064044 0.124479
39.449 1 IMU_ACCEL -1.556641 -9.694336 -0.257812
39.452 1 ATTITUDE 0.111596 1.063343 0.124388
39.459 1 DESIRED 0. 0.02 0. 0. 0. 235. 0. 20.
39.464 1 GPS 0 0 0 0 0 0 0 0 0 0 1
39.712 1 NAVIGATION 0 2 0. 0. 0. 0. 0 0
39.715 1 ATTITUDE 0.11154 1.062623 0.124374
39.717 1 ESTIMATOR 0. 0.
39.722 1 NAVIGATION 0 2 0. 0. 0. 0. 0 0
39.726 1 GPS_SOL 0 0 0 0
39.728 1 ATTITUDE 0.111551 1.062083 0.124388
39.742 1 PPRZ_MODE 2 0 0 0 0 6
39.745 1 IMU_MAG -2.689941 -2.38916 -4.567871
39.748 1 ATTITUDE 0.111508 1.060554 0.124385
39.754 1 GPS 0 0 0 0 0 0 0 0 0 0 1
39.826 1 DOWNLINK_STATUS 0 40 25625 1131 8 942. 43. -11590.02
40.001 1 NAVIGATION 0 2 0. 0. 0. 0. 0 0
40.004 1 ATTITUDE 0.111446 1.060028 0.124375
40.010 1 DESIRED 0. 0.02 0. 0. 0. 235. 0. 20.
40.013 1 ESTIMATOR 0. 0.
40.017 1 BAT 0 72 0 0 1 33 0 0
40.020 1 ATTITUDE 0.11139 1.059506 0.124355
40.023 1 WP_MOVED 7 360559.40625 4813804.5 260. 31
40.026 1 IMU_ACCEL -1.56543 -9.68457 -0.229492
40.032 1 GPS 0 0 0 0 0 0 0 0 0 0 1
40.037 1 NAVIGATION 0 2 0. 0. 0. 0. 0 0
40.040 1 ATTITUDE 0.111306 1.058973 0.124367
40.290 1 DESIRED 0. 0.02 0. 0. 0. 235. 0. 20.
40.293 1 IMU_GYRO -0.051025 0.008301 -0.007324
40.295 1 ATTITUDE 0.111298 1.058488 0.124355
40.298 1 ATTITUDE 0.111264 1.057987 0.124347
40.306 1 DESIRED 0. 0.02 0. 0. 0. 235. 0. 20.
40.317 1 BAT 0 72 0 0 1 34 0 0
40.321 1 IMU_MAG -2.688477 -2.393555 -4.55957
40.326 1 GPS 0 0 0 0 0 0 0 0 0 0 1
40.573 1 NAVIGATION 0 2 0. 0. 0. 0. 0 0
40.576 1 ATTITUDE 0.110833 1.054124 0.124276
40.582 1 DESIRED 0. 0.02 0. 0. 0. 235. 0. 20.
40.584 1 CALIBRATION 0. 0
40.588 1 ATTITUDE 0.110789 1.053657 0.12428
40.591 1 ATTITUDE 0.110775 1.053101 0.124326
40.602 1 ATTITUDE 0.110688 1.051678 0.124232
40.605 1 IMU_ACCEL -1.580078 -9.699219 -0.249023
40.608 1 COMMANDS 0,-3317,-2033,0,0
40.611 1 ATTITUDE 0.110678 1.051218 0.124199
40.827 1 DOWNLINK_STATUS 0 41 26277 1160 10 652. 29. -16591.38
41.573 1 DESIRED 0. 0.02 0. 0. 0. 235. 0. 20.
41.574 1 PPRZ_MODE 2 0 0 0 0 6
41.577 1 ACTUATORS 1200,1434,1328,1328,1350
41.581 1 ATTITUDE 0.11072 1.050767 0.124204
41.586 1 GPS 0 0 0 0 0 0 0 0 0 0 1
41.588 1 DL_VALUE 1 0.
41.592 1 NAVIGATION 0 2 0. 0. 0. 0. 0 0
41.827 1 DOWNLINK_STATUS 0 42 26432 1167 10 155. 7. -16591.38
42.256 1 GPS 0 0 0 0 0 0 0 0 0 0 1
42.260 1 IMU_MAG -2.693359 -2.396484 -4.562988
42.264 1 NAVIGATION 0 2 0. 0. 0. 0. 0 0
42.273 1 GPS 0 0 0 0 0 0 0 0 0 0 1
42.277 1 ENERGY 7.2 0. 0 0.
42.281 1 NAVIGATION 0 2 0. 0. 0. 0. 0 0
42.284 1 ATTITUDE 0.110529 1.0457 0.12407
42.533 1 DESIRED 0. 0.02 0. 0. 0. 235. 0. 20.
42.536 1 ESTIMATOR 0. 0.
42.537 1 STATE_FILTER_STATUS 3 0
42.541 1 ALIVE 234,86,112,120,179,137,199,193,157,207,189,207,18,78,21,11
42.545 1 ATTITUDE 0.110481 1.045257 0.124022
42.548 1 WP_MOVED 1 360285. 4813595. 260. 31
42.559 1 ATTITUDE 0.110553 1.044824 0.124039
42.566 1 DESIRED 0. 0.02 0. 0. 0. 235. 0. 20.
42.569 1 IMU_GYRO -0.052002 0.009521 -0.007324
42.572 1 ATTITUDE 0.110556 1.044428 0.124001
42.819 1 IMU_ACCEL -1.56543 -9.694336 -0.262695
42.822 1 BAT 0 72 0 0 1 36 0 0
42.824 1 CALIBRATION 0. 0
42.827 1 ATTITUDE 0.110511 1.044043 0.124018
42.827 1 DOWNLINK_STATUS 0 43 26888 1188 13 456. 21. -16591.38
42.834 1 DESIRED 0. 0.02 0. 0. 0. 235. 0. 20.
42.845 1 ESTIMATOR 0. 0.
42.849 1 NAVIGATION 0 2 0. 0. 0. 0. 0 0
42.852 1 GPS_SOL 0 0 0 0
42.856 1 ATTITUDE 0.11052 1.043232 0.123988
43.105 1 DESIRED 0. 0.02 0. 0. 0. 235. 0. 20.
43.109 1 WP_MOVED 2 360334.5 4813695. 260. 31
43.114 1 GPS 0 0 0 0 0 0 0 0 0 0 1
43.119 1 NAVIGATION 0 2 0. 0. 0. 0. 0 0
43.122 1 ATTITUDE 0.110508 1.042753 0.123973
43.125 1 IMU_MAG -2.684082 -2.39502 -4.55957
43.128 1 ATTITUDE 0.110505 1.042394 0.12392
43.135 1 DESIRED 0. 0.02 0. 0. 0. 235. 0. 20.
43.138 1 IMU_GYRO -0.049805 0.009521 -0.008301
43.140 1 PPRZ_MODE 2 0 0 0 0 6
43.143 1 ATTITUDE 0.110565 1.042069 0.123848
43.149 1 GPS 0 0 0 0 0 0 0 0 0 0 1
43.394 1 DOWNLINK 1 852 1405
43.398 1 NAVIGATION 0 2 0. 0. 0. 0. 0 0
43.401 1 ATTITUDE 0.110543 1.041696 0.123851
43.408 1 DESIRED 0. 0.02 0. 0. 0. 235. 0. 20.
43.409 1 ESTIMATOR 0. 0.
43.413 1 ATTITUDE 0.110461 1.041255 0.123847
43.417 1 WP_MOVED 3 360295.09375 4813785. 260. 31
43.420 1 IMU_ACCEL -1.546875 -9.689453 -0.277344
43.426 1 GPS 0 0 0 0 0 0 0 0 0 0 1
43.430 1 NAVIGATION 0 2 0. 0. 0. 0. 0 0
43.433 1 ATTITUDE 0.110407 1.040813 0.123841
43.683 1 DESIRED 0. 0.02 0. 0. 0. 235. 0. 20.
43.686 1 ATTITUDE 0.110447 1.040504 0.123843
43.688 1 NAVIGATION_REF 360285 4813595 31
43.691 1 ATTITUDE 0.110397 1.040055 0.123842
43.699 1 DESIRED 0. 0.02 0. 0. 0. 235. 0. 20.
43.704 1 GPS 0 0 0 0 0 0 0 0 0 0 1
43.707 1 IMU_GYRO -0.049805 0.006348 -0.006348
43.711 1 BAT 0 72 0 0 1 37 0 0
43.715 1 NAVIGATION 0 2 0. 0. 0. 0. 0 0
43.718 1 ATTITUDE 0.110354 1.03969 0.123842
43.721 1 ESTIMATOR 0. 0.
43.829 1 DOWNLINK_STATUS 0 44 27788 1227 14 900. 39. -16591.38
43.960 1 NAVIGATION 0 2 0. 0. 0. 0. 0 0
43.963 1 ATTITUDE 0.110315 1.039293 0.12385
43.969 1 DESIRED 0. 0.02 0. 0. 0. 235. 0. 20.
43.973 1 WP_MOVED 4 360417.3125 4813734. 260. 31
43.979 1 GPS 0 0 0 0 0 0 0 0 0 0 1
43.981 1 FBW_STATUS 2 0 1 72 0
43.986 1 NAVIGATION 0 2 0. 0. 0. 0. 0 0
43.989 1 ATTITUDE 0.110324 1.038841 0.123824
43.992 1 ATTITUDE 0.110302 1.038505 0.123776
43.999 1 DESIRED 0. 0.02 0. 0. 0. 235. 0. 20.
44.001 1 PPRZ_MODE 2 0 0 0 0 6
44.249 1 ATTITUDE 0.110288 1.038062 0.123788
44.255 1 GPS 0 0 0 0 0 0 0 0 0 0 1
44.258 1 IMU_ACCEL -1.580078 -9.704102 -0.234375
44.260 1 DL_VALUE 3 0.
44.265 1 NAVIGATION 0 2 0. 0. 0. 0. 0 0
44.268 1 ATTITUDE 0.110311 1.037702 0.123818
44.274 1 DESIRED 0. 0.02 0. 0. 0. 235. 0. 20.
44.277 1 ESTIMATOR 0. 0.
44.280 1 IMU_GYRO -0.051025 0.009521 -0.008301
44.283 1 IMU_MAG -2.682129 -2.393555 -4.554688
44.286 1 ATTITUDE 0.110301 1.037374 0.123827
44.290 1 WP_MOVED 5 360422. 4813583.5 260. 31
44.538 1 GPS 0 0 0 0 0 0 0 0 0 0 1
44.543 1 NAVIGATION 0 2 0. 0. 0. 0. 0 0
44.546 1 ATTITUDE 0.110309 1.037028 0.123835
44.553 1 DESIRED 0. 0.02 0. 0. 0. 235. 0. 20.
44.554 1 STATE_FILTER_STATUS 3 0
44.557 1 ATTITUDE 0.11033 1.036635 0.12377
44.560 1 ATTITUDE 0.110314 1.036253 0.123729
44.567 1 DESIRED 0. 0.02 0. 0. 0. 235. 0. 20.
44.573 1 GPS 0 0 0 0 0 0 0 0 0 0 1
44.575 1 CALIBRATION 0. 0
44.578 1 ENERGY 7.2 0. 0 0.
44.825 1 NAVIGATION 0 2 0. 0. 0. 0. 0 0
44.828 1 ATTITUDE 0.110326 1.035859 0.123772
44.829 1 DOWNLINK_STATUS 0 45 28606 1263 14 818. 36. -16591.38
44.830 1 ESTIMATOR 0. 0.
44.835 1 NAVIGATION 0 2 0. 0. 0. 0. 0 0
44.839 1 BAT 0 72 0 0 1 38 0 0
44.842 1 GPS_SOL 0 0 0 0
44.850 1 ATTITUDE 0.110197 1.033384 0.123844
44.857 1 DESIRED 0. 0.02 0. 0. 0. 235. 0. 20.
44.860 1 IMU_GYRO -0.051025 0.007324 -0.008301
44.863 1 ATTITUDE 0.110197 1.033076 0.123792
45.109 1 IMU_MAG -2.689941 -2.390625 -4.55957
45.112 1 ATTITUDE 0.110232 1.032732 0.123733
45.119 1 DESIRED 0. 0.02 0. 0. 0. 235. 0. 20.
45.124 1 GPS 0 0 0 0 0 0 0 0 0 0 1
45.126 1 DL_VALUE 4 0.
45.136 1 ATTITUDE 0.110359 1.030988 0.123742
45.141 1 GPS 0 0 0 0 0 0 0 0 0 0 1
45.146 1 NAVIGATION 0 2 0. 0. 0. 0. 0 0
45.149 1 ATTITUDE 0.110323 1.030706 0.123706
45.398 1 DESIRED 0. 0.02 0. 0. 0. 235. 0. 20.
45.401 1 ESTIMATOR 0. 0.
45.404 1 ATTITUDE 0.110304 1.03041 0.123737
45.407 1 WP_MOVED 9 360313.8125 4813652. 185. 31
45.413 1 GPS 0 0 0 0 0 0 0 0 0 0 1
45.417 1 NAVIGATION 0 2 0. 0. 0. 0. 0 0
45.421 1 ATTITUDE 0.11033 1.030135 0.123706
45.427 1 DESIRED 0. 0.02 0. 0. 0. 235. 0. 20.
45.430 1 ATTITUDE 0.110313 1.029794 0.123725
45.433 1 IMU_ACCEL -1.580078 -9.694336 -0.31543
45.437 1 ATTITUDE 0.110338 1.029471 0.123759
45.830 1 DOWNLINK_STATUS 0 46 29248 1291 16 642. 28. -21592.13
46.008 1 DESIRED 0. 0.02 0. 0. 0. 235. 0. 20.
46.014 1 GPS 0 0 0 0 0 0 0 0 0 0 1
46.017 1 IMU_GYRO -0.049805 0.006348 -0.007324
46.019 1 STATE_FILTER_STATUS 3 0
46.023 1 NAVIGATION 0 2 0. 0. 0. 0. 0 0
46.026 1 ATTITUDE 0.110346 1.029117 0.123779
46.029 1 ESTIMATOR 0. 0.
46.033 1 NAVIGATION 0 2 0. 0. 0. 0. 0 0
46.036 1 GPS_SOL 0 0 0 0
46.038 1 CALIBRATION 0. 0
46.041 1 ATTITUDE 0.110322 1.028792 0.123736
46.048 1 DESIRED 0. 0.02 0. 0. 0. 235. 0. 20.
46.832 1 DOWNLINK_STATUS 0 47 29514 1303 16 266. 12. -21592.13
47.094 1 WP_MOVED 10 360453.8125 4813581. 260. 31
47.097 1 IMU_MAG -2.691406 -2.393555 -4.551758
47.103 1 GPS 0 0 0 0 0 0 0 0 0 0 1
47.107 1 NAVIGATION 0 2 0. 0. 0. 0. 0 0
47.111 1 ATTITUDE 0.110339 1.028486 0.123776
47.114 1 BAT 0 72 0 0 1 41 0 0
47.117 1 ATTITUDE 0.110356 1.028182 0.12374
47.124 1 DESIRED 0. 0.02 0. 0. 0. 235. 0. 20.
47.126 1 PPRZ_MODE 2 0 0 0 0 6
47.129 1 ATTITUDE 0.11039 1.027906 0.123747
47.135 1 GPS 0 0 0 0 0 0 0 0 0 0 1
47.380 1 DL_VALUE 5 0.
47.383 1 ENERGY 7.2 0. 0 0.
47.388 1 NAVIGATION 0 2 0. 0. 0. 0. 0 0
47.391 1 ATTITUDE 0.110365 1.027652 0.123772
47.397 1 DESIRED 0. 0.02 0. 0. 0. 235. 0. 20.
47.400 1 ESTIMATOR 0. 0.
47.403 1 IMU_GYRO -0.049805 0.009521 -0.007324
47.407 1 ALIVE 234,86,112,120,179,137,199,193,157,207,189,207,18,78,21,11
47.410 1 ATTITUDE 0.110636 1.027054 0.123773
47.414 1 WP_MOVED 11 360170.5 4813757.5 260. 31
47.417 1 IMU_ACCEL -1.383789 -9.776367 -0.53125
47.422 1 GPS 0 0 0 0 0 0 0 0 0 0 1
47.670 1 NAVIGATION 0 2 0. 0. 0. 0. 0 0
47.673 1 ATTITUDE 0.11063 1.026659 0.123756
47.680 1 DESIRED 0. 0.02 0. 0. 0. 235. 0. 20.
47.683 1 ATTITUDE 0.110561 1.025997 0.12372
47.686 1 ATTITUDE 0.110735 1.026002 0.123649
47.693 1 DESIRED 0. 0.02 0. 0. 0. 235. 0. 20.
47.698 1 GPS 0 0 0 0 0 0 0 0 0 0 1
47.703 1 NAVIGATION 0 2 0. 0. 0. 0. 0 0
47.706 1 ATTITUDE 0.110791 1.025651 0.123633
47.708 1 ESTIMATOR 0. 0.
47.832 1 DOWNLINK_STATUS 0 48 30273 1336 16 759. 33. -21592.13
47.956 1 NAVIGATION 0 2 0. 0. 0. 0. 0 0
47.958 1 ATTITUDE 0.110883 1.025468 0.12364
47.966 1 DESIRED 0. 0.02 0. 0. 0. 235. 0. 20.
47.968 1 WP_MOVED 0 360327. 4813637. 260. 31
47.971 1 IMU_GYRO -0.054199 0.018066 -0.007324
47.977 1 GPS 0 0 0 0 0 0 0 0 0 0 1
47.980 1 FBW_STATUS 2 0 1 72 0
47.985 1 NAVIGATION 0 2 0. 0. 0. 0. 0 0
47.987 1 ATTITUDE 0.11097 1.025271 0.12359
47.990 1 ATTITUDE 0.110992 1.024983 0.123575
47.998 1 DESIRED 0. 0.02 0. 0. 0. 235. 0. 20.
48.242 1 PPRZ_MODE 2 0 0 0 0 6
48.245 1 BAT 0 72 0 0 1 42 0 0
48.248 1 ATTITUDE 0.110997 1.024696 0.123587
48.254 1 GPS 0 0 0 0 0 0 0 0 0 0 1
48.257 1 IMU_ACCEL -1.541992 -9.704102 -0.282227
48.260 1 IMU_MAG -2.688477 -2.390625 -4.554688
48.265 1 NAVIGATION 0 2 0. 0. 0. 0. 0 0
48.268 1 ATTITUDE 0.111014 1.024444 0.123628
48.275 1 DESIRED 0. 0.02 0. 0. 0. 235. 0. 20.
48.277 1 ESTIMATOR 0. 0.
48.279 1 DOWNLINK 1 859 1598
48.282 1 ATTITUDE 0.111008 1.024158 0.123613
48.498 1 WP_MOVED 1 360285. 4813595. 260. 31
48.503 1 GPS 0 0 0 0 0 0 0 0 0 0 1
48.508 1 NAVIGATION 0 2 0. 0. 0. 0. 0 0
48.511 1 ATTITUDE 0.111056 1.02385 0.12359
48.518 1 DESIRED 0. 0.02 0. 0. 0. 235. 0. 20.
48.521 1 IMU_GYRO -0.051025 0.007324 -0.007324
48.524 1 ATTITUDE 0.111114 1.023617 0.123568
48.527 1 ATTITUDE 0.111137 1.023382 0.123574
48.534 1 DESIRED 0. 0.02 0. 0. 0. 235. 0. 20.
48.789 1 GPS 0 0 0 0 0 0 0 0 0 0 1
48.791 1 DL_VALUE 6 40.
48.795 1 NAVIGATION 0 2 0. 0. 0. 0. 0 0
48.799 1 ATTITUDE 0.111082 1.023027 0.123582
48.801 1 ESTIMATOR 0. 0.
48.806 1 NAVIGATION 0 2 0. 0. 0. 0. 0 0
48.808 1 GPS_SOL 0 0 0 0
48.812 1 ATTITUDE 0.111059 1.022733 0.123591
48.818 1 DESIRED 0. 0.02 0. 0. 0. 235. 0. 20.
48.822 1 WP_MOVED 2 360334.5 4813695. 260. 31
48.824 1 CALIBRATION 0. 0
48.825 1 STATE_FILTER_STATUS 3 0
48.832 1 DOWNLINK_STATUS 0 49 31254 1380 16 981. 44. -21592.13
49.074 1 GPS 0 0 0 0 0 0 0 0 0 0 1
49.079 1 NAVIGATION 0 2 0. 0. 0. 0. 0 0
49.082 1 ATTITUDE 0.111034 1.022482 0.123628
49.085 1 IMU_ACCEL -1.556641 -9.689453 -0.310547
49.088 1 ATTITUDE 0.111034 1.022171 0.123604
49.095 1 DESIRED 0. 0.02 0. 0. 0. 235. 0. 20.
49.098 1 IMU_GYRO -0.052002 0.008301 -0.008301
49.099 1 PPRZ_MODE 2 0 0 0 0 6
49.103 1 ATTITUDE 0.111049 1.021882 0.123614
49.109 1 GPS 0 0 0 0 0 0 0 0 0 0 1
49.112 1 BAT 0 72 0 0 1 43 0 0
49.358 1 NAVIGATION 0 2 0. 0. 0. 0. 0 0
49.361 1 ATTITUDE 0.111054 1.021591 0.123614
49.368 1 DESIRED 0. 0.02 0. 0. 0. 235. 0. 20.
49.371 1 ESTIMATOR 0. 0.
49.374 1 ATTITUDE 0.111056 1.021343 0.123634
49.377 1 WP_MOVED 3 360295.09375 4813785. 260. 31
49.383 1 GPS 0 0 0 0 0 0 0 0 0 0 1
49.387 1 NAVIGATION 0 2 0. 0. 0. 0. 0 0
49.391 1 ATTITUDE 0.111071 1.021058 0.123667
49.397 1 DESIRED 0. 0.02 0. 0. 0. 235. 0. 20.
49.400 1 IMU_MAG -2.688477 -2.393555 -4.561523
49.646 1 ATTITUDE 0.111102 1.020821 0.123667
49.649 1 ATTITUDE 0.111129 1.020535 0.123654
49.656 1 DESIRED 0. 0.02 0. 0. 0. 235. 0. 20.
49.661 1 GPS 0 0 0 0 0 0 0 0 0 0 1
49.665 1 IMU_GYRO -0.049805 0.006348 -0.007324
49.676 1 DESIRED 0. 0.02 0. 0. 0. 235. 0. 20.
49.680 1 WP_MOVED 4 360417.3125 4813734. 260. 31
49.686 1 GPS 0 0 0 0 0 0 0 0 0 0 1
49.688 1 FBW_STATUS 2 0 1 72 0
49.833 1 DOWNLINK_STATUS 0 50 32005 1411 17 751. 31. -21592.13
49.936 1 NAVIGATION 0 2 0. 0. 0. 0. 0 0
49.939 1 ATTITUDE 0.111196 1.019771 0.123666
49.942 1 ATTITUDE 0.111173 1.019493 0.123659
49.949 1 DESIRED 0. 0.02 0. 0. 0. 235. 0. 20.
49.951 1 PPRZ_MODE 2 0 0 0 0 6
49.954 1 ATTITUDE 0.11119 1.019246 0.123665
49.964 1 CALIBRATION 0. 0
49.967 1 COMMANDS 0,-3338,-2017,0,0
49.970 1 ATTITUDE 0.11127 1.016944 0.123709
49.977 1 DESIRED 0. 0.02 0. 0. 0. 235. 0. 20.
50.222 1 PPRZ_MODE 2 0 0 0 0 6
50.224 1 STATE_FILTER_STATUS 3 0
50.226 1 ACTUATORS 1200,1436,1327,1327,1350
50.230 1 ATTITUDE 0.111233 1.016739 0.123683
50.235 1 GPS 0 0 0 0 0 0 0 0 0 0 1
50.240 1 NAVIGATION 0 2 0. 0. 0. 0. 0 0
50.243 1 ATTITUDE 0.111239 1.016531 0.123696
50.250 1 DESIRED 0. 0.02 0. 0. 0. 235. 0. 20.
50.252 1 ESTIMATOR 0. 0.
50.255 1 ATTITUDE 0.111303 1.0163 0.123704
50.259 1 WP_MOVED 7 360559.40625 4813804.5 260. 31
50.262 1 IMU_ACCEL -1.56543 -9.71875 -0.287109
50.508 1 BAT 0 72 0 0 1 45 0 0
50.514 1 GPS 0 0 0 0 0 0 0 0 0 0 1
50.519 1 NAVIGATION 0 2 0. 0. 0. 0. 0 0
50.521 1 ATTITUDE 0.111294 1.016018 0.123724
50.529 1 DESIRED 0. 0.02 0. 0. 0. 235. 0. 20.
50.535 1 ATTITUDE 0.111345 1.015476 0.123707
50.542 1 DESIRED 0. 0.02 0. 0. 0. 235. 0. 20.
50.549 1 GPS 0 0 0 0 0 0 0 0 0 0 1
50.550 1 DL_VALUE 8 0.
50.833 1 DOWNLINK_STATUS 0 51 32696 1442 19 691. 31. -26592.33
51.167 1 NAVIGATION 0 2 0. 0. 0. 0. 0 0
51.170 1 ATTITUDE 0.111356 1.015226 0.123735
51.172 1 ESTIMATOR 0. 0.
51.177 1 NAVIGATION 0 2 0. 0. 0. 0. 0 0
51.180 1 ATTITUDE 0.11134 1.01507 0.123698
51.187 1 DESIRED 0. 0.02 0. 0. 0. 235. 0. 20.
51.190 1 WP_MOVED 8 360462.40625 4813640. 215. 31
51.196 1 GPS 0 0 0 0 0 0 0 0 0 0 1
51.198 1 FBW_STATUS 2 0 1 72 0
51.203 1 NAVIGATION 0 2 0. 0. 0. 0. 0 0
51.206 1 ATTITUDE 0.111362 1.014843 0.123651
51.453 1 ATTITUDE 0.111316 1.014634 0.123678
51.460 1 DESIRED 0. 0.02 0. 0. 0. 235. 0. 20.
51.463 1 IMU_GYRO -0.051025 0.007324 -0.007324
51.465 1 PPRZ_MODE 2 0 0 0 0 6
51.468 1 IMU_MAG -2.688477 -2.39502 -4.553223
51.471 1 ATTITUDE 0.111321 1.014388 0.123728
51.477 1 GPS 0 0 0 0 0 0 0 0 0 0 1
51.480 1 IMU_ACCEL -1.575195 -9.694336 -0.25293
51.484 1 ENERGY 7.2 0. 0 0.
51.488 1 NAVIGATION 0 2 0. 0. 0. 0. 0 0
51.491 1 ATTITUDE 0.111303 1.014146 0.123725
51.734 1 DESIRED 0. 0.02 0. 0. 0. 235. 0. 20.
51.741 1 ESTIMATOR 0. 0.
51.741 1 ALIVE 234,86,112,120,179,137,199,193,157,207,189,207,18,78,21,11
51.744 1 ATTITUDE 0.111229 1.013921 0.123741
51.747 1 WP_MOVED 9 360313.8125 4813652. 185. 31
51.753 1 GPS 0 0 0 0 0 0 0 0 0 0 1
51.757 1 NAVIGATION 0 2 0. 0. 0. 0. 0 0
51.761 1 ATTITUDE 0.111212 1.013653 0.123752
51.767 1 DESIRED 0. 0.02 0. 0. 0. 235. 0. 20.
51.771 1 BAT 0 72 0 0 1 46 0 0
51.774 1 ATTITUDE 0.111248 1.013444 0.123715
51.776 1 NAVIGATION_REF 360285 4813595 31
51.834 1 DOWNLINK_STATUS 0 52 33467 1476 19 771. 34. -26592.33
52.023 1 ATTITUDE 0.111214 1.013196 0.12368
52.031 1 DESIRED 0. 0.02 0. 0. 0. 235. 0. 20.
52.035 1 GPS 0 0 0 0 0 0 0 0 0 0 1
52.038 1 IMU_GYRO -0.049805 0.007324 -0.007324
52.044 1 NAVIGATION 0 2 0. 0. 0. 0. 0 0
52.046 1 ATTITUDE 0.111223 1.012974 0.123688
52.049 1 ESTIMATOR 0. 0.
52.054 1 NAVIGATION 0 2 0. 0. 0. 0. 0 0
52.056 1 GPS_SOL 0 0 0 0
52.059 1 ATTITUDE 0.111171 1.012735 0.123692
52.308 1 DESIRED 0. 0.02 0. 0. 0. 235. 0. 20.
52.312 1 WP_MOVED 10 360453.8125 4813581. 260. 31
52.317 1 GPS 0 0 0 0 0 0 0 0 0 0 1
52.322 1 NAVIGATION 0 2 0. 0. 0. 0. 0 0
52.325 1 ATTITUDE 0.111221 1.012557 0.123692
52.328 1 IMU_ACCEL -1.541992 -9.689453 -0.201172
52.331 1 ATTITUDE 0.111282 1.012448 0.1237
52.338 1 DESIRED 0. 0.02 0. 0. 0. 235. 0. 20.
52.340 1 PPRZ_MODE 2 0 0 0 0 6
52.342 1 CALIBRATION 0. 0
52.345 1 ATTITUDE 0.111235 1.012184 0.123665
52.351 1 GPS 0 0 0 0 0 0 0 0 0 0 1
52.596 1 DL_VALUE 9 1.
52.600 1 NAVIGATION 0 2 0. 0. 0. 0. 0 0
52.603 1 ATTITUDE 0.111213 1.011863 0.123624
52.610 1 DESIRED 0. 0.02 0. 0. 0. 235. 0. 20.
52.612 1 ESTIMATOR 0. 0.
52.615 1 IMU_GYRO -0.051025 0.009521 -0.007324
52.617 1 STATE_FILTER_STATUS 3 0
52.620 1 ATTITUDE 0.111268 1.011776 0.123667
52.624 1 WP_MOVED 11 360170.5 4813757.5 260. 31
52.627 1 IMU_MAG -2.689941 -2.39502 -4.565918
52.629 1 DOWNLINK 1 850 1791
52.634 1 GPS 0 0 0 0 0 0 0 0 0 0 1
52.834 1 DOWNLINK_STATUS 0 53 34210 1510 19 743. 34. -26592.33
52.882 1 NAVIGATION 0 2 0. 0. 0. 0. 0 0
52.885 1 ATTITUDE 0.111294 1.011583 0.123612
52.892 1 DESIRED 0. 0.02 0. 0. 0. 235. 0. 20.
52.895 1 ATTITUDE 0.1113 1.011362 0.123652
52.899 1 BAT 0 72 0 0 1 47 0 0
52.902 1 ATTITUDE 0.11125 1.011126 0.123627
52.908 1 DESIRED 0. 0.02 0. 0. 0. 235. 0. 20.
52.914 1 GPS 0 0 0 0 0 0 0 0 0 0 1
52.919 1 NAVIGATION 0 2 0. 0. 0. 0. 0 0
52.922 1 ATTITUDE 0.111297 1.010937 0.123612
52.924 1 ESTIMATOR 0. 0.
53.171 1 IMU_ACCEL -1.56543 -9.670898 -0.257812
53.175 1 NAVIGATION 0 2 0. 0. 0. 0. 0 0
53.178 1 ATTITUDE 0.111294 1.010769 0.123598
53.185 1 DESIRED 0. 0.02 0. 0. 0. 235. 0. 20.
53.188 1 WP_MOVED 0 360327. 4813637. 260. 31
53.191 1 IMU_GYRO -0.052002 0.008301 -0.008301
53.197 1 GPS 0 0 0 0 0 0 0 0 0 0 1
53.200 1 FBW_STATUS 2 0 1 72 0
53.204 1 NAVIGATION 0 2 0. 0. 0. 0. 0 0
53.207 1 ATTITUDE 0.111267 1.010585 0.123551
53.211 1 ATTITUDE 0.111218 1.010437 0.123575
53.397 1 DESIRED 0. 0.02 0. 0. 0. 235. 0. 20.
53.398 1 PPRZ_MODE 2 0 0 0 0 6
53.401 1 ATTITUDE 0.111158 1.010222 0.123578
53.407 1 GPS 0 0 0 0 0 0 0 0 0 0 1
53.412 1 NAVIGATION 0 2 0. 0. 0. 0. 0 0
53.414 1 ATTITUDE 0.111286 1.010144 0.123594
53.422 1 DESIRED 0. 0.02 0. 0. 0. 235. 0. 20.
53.423 1 ESTIMATOR 0. 0.
53.683 1 ATTITUDE 0.111282 1.009909 0.123624
53.687 1 WP_MOVED 1 360285. 4813595. 260. 31
53.692 1 GPS 0 0 0 0 0 0 0 0 0 0 1
53.697 1 NAVIGATION 0 2 0. 0. 0. 0. 0 0
53.700 1 ATTITUDE 0.111312 1.009673 0.123643
53.707 1 DESIRED 0. 0.02 0. 0. 0. 235. 0. 20.
53.710 1 IMU_GYRO -0.051025 0.008301 -0.008301
53.713 1 ATTITUDE 0.111329 1.009475 0.123619
53.716 1 IMU_ACCEL -1.556641 -9.699219 -0.287109
53.719 1 ATTITUDE 0.1113 1.009298 0.123672
53.836 1 DOWNLINK_STATUS 0 54 35148 1550 19 938. 40. -26592.33
53.968 1 DESIRED 0. 0.02 0. 0. 0. 235. 0. 20.
53.974 1 GPS 0 0 0 0 0 0 0 0 0 0 1
53.978 1 BAT 0 72 0 0 1 48 0 0
53.981 1 IMU_MAG -2.704102 -2.396484 -4.443359
53.985 1 NAVIGATION 0 2 0. 0. 0. 0. 0 0
53.986 1 PONG 
53.999 1 DESIRED 0. 0.02 0. 0. 0. 235. 0. 20.
54.002 1 IMU_GYRO -0.049805 0.006348 -0.007324
54.004 1 PPRZ_MODE 2 0 0 0 0 6
54.007 1 ATTITUDE 0.111416 1.008213 0.123646
54.256 1 GPS 0 0 0 0 0 0 0 0 0 0 1
54.257 1 CALIBRATION 0. 0
54.262 1 NAVIGATION 0 2 0. 0. 0. 0. 0 0
54.265 1 ATTITUDE 0.11145 1.008115 0.123667
54.272 1 DESIRED 0. 0.02 0. 0. 0. 235. 0. 20.
54.274 1 ESTIMATOR 0. 0.
54.277 1 ATTITUDE 0.11149 1.007933 0.123709
54.281 1 WP_MOVED 3 360295.09375 4813785. 260. 31
54.284 1 IMU_ACCEL -1.570312 -9.68457 -0.244141
54.290 1 GPS 0 0 0 0 0 0 0 0 0 0 1
54.294 1 NAVIGATION 0 2 0. 0. 0. 0. 0 0
54.297 1 ATTITUDE 0.111403 1.007637 0.123717
54.547 1 DESIRED 0. 0.02 0. 0. 0. 235. 0. 20.
54.549 1 STATE_FILTER_STATUS 3 0
54.552 1 ATTITUDE 0.111455 1.007491 0.123739
54.555 1 ATTITUDE 0.111586 1.007389 0.123765
54.562 1 DESIRED 0. 0.02 0. 0. 0. 235. 0. 20.
54.567 1 GPS 0 0 0 0 0 0 0 0 0 0 1
54.571 1 IMU_GYRO -0.051025 0.006348 -0.007324
54.575 1 NAVIGATION 0 2 0. 0. 0. 0. 0 0
54.578 1 ATTITUDE 0.111584 1.007123 0.123789
54.581 1 ESTIMATOR 0. 0.
54.585 1 NAVIGATION 0 2 0. 0. 0. 0. 0 0
54.831 1 BAT 0 72 0 0 1 49 0 0
54.835 1 ATTITUDE 0.111524 1.006863 0.123774
54.836 1 DOWNLINK_STATUS 0 55 35944 1585 20 796. 35. 3679.22
54.842 1 DESIRED 0. 0.02 0. 0. 0. 235. 0. 20.
54.845 1 WP_MOVED 4 360417.3125 4813734. 260. 31
54.850 1 GPS 0 0 0 0 0 0 0 0 0 0 1
54.853 1 FBW_STATUS 2 0 1 72 0
54.857 1 NAVIGATION 0 2 0. 0. 0. 0. 0 0
54.861 1 ATTITUDE 0.111556 1.006722 0.123756
54.864 1 IMU_MAG -2.689941 -2.396484 -4.565918
54.867 1 COMMANDS 0,-3346,-2036,0,0
54.870 1 ATTITUDE 0.111571 1.006529 0.12376
55.120 1 DESIRED 0. 0.02 0. 0. 0. 235. 0. 20.
55.122 1 PPRZ_MODE 2 0 0 0 0 6
55.125 1 ACTUATORS 1200,1435,1326,1326,1350
55.128 1 ATTITUDE 0.111605 1.006333 0.123752
55.134 1 GPS 0 0 0 0 0 0 0 0 0 0 1
55.137 1 IMU_ACCEL -1.580078 -9.68457 -0.219727
55.139 1 DL_VALUE 0 0.
55.143 1 NAVIGATION 0 2 0. 0. 0. 0. 0 0
55.146 1 ATTITUDE 0.111609 1.006143 0.123779
55.153 1 DESIRED 0. 0.02 0. 0. 0. 235. 0. 20.
55.155 1 ESTIMATOR 0. 0.
55.159 1 IMU_GYRO -0.051025 0.008301 -0.007324
55.405 1 ATTITUDE 0.111628 1.006015 0.123803
55.408 1 WP_MOVED 5 360422. 4813583.5 260. 31
55.414 1 GPS 0 0 0 0 0 0 0 0 0 0 1
55.419 1 NAVIGATION 0 2 0. 0. 0. 0. 0 0
55.422 1 ATTITUDE 0.111626 1.005874 0.123814
55.428 1 DESIRED 0. 0.02 0. 0. 0. 235. 0. 20.
55.431 1 ATTITUDE 0.111625 1.00571 0.123807
55.435 1 ATTITUDE 0.111626 1.005557 0.123848
55.441 1 DESIRED 0. 0.02 0. 0. 0. 235. 0. 20.
55.447 1 GPS 0 0 0 0 0 0 0 0 0 0 1
55.836 1 DOWNLINK_STATUS 0 56 36668 1616 20 724. 31. -1321.37
56.513 1 NAVIGATION 0 2 0. 0. 0. 0. 0 0
56.516 1 ATTITUDE 0.111631 1.005388 0.123838
56.519 1 ESTIMATOR 0. 0.
56.523 1 NAVIGATION 0 2 0. 0. 0. 0. 0 0
56.526 1 GPS_SOL 0 0 0 0
56.529 1 ATTITUDE 0.111635 1.005235 0.123867
56.536 1 DESIRED 0. 0.02 0. 0. 0. 235. 0. 20.
56.539 1 WP_MOVED 6 360165.8125 4813664.5 260. 31
56.543 1 IMU_GYRO -0.051025 0.008301 -0.007324
56.546 1 BAT 0 72 0 0 1 50 0 0
56.552 1 GPS 0 0 0 0 0 0 0 0 0 0 1
56.761 1 NAVIGATION 0 2 0. 0. 0. 0. 0 0
56.764 1 ATTITUDE 0.111698 1.005118 0.12389
56.767 1 IMU_ACCEL -1.575195 -9.68457 -0.25293
56.770 1 ATTITUDE 0.111678 1.004886 0.123901
56.777 1 DESIRED 0. 0.02 0. 0. 0. 235. 0. 20.
56.779 1 PPRZ_MODE 2 0 0 0 0 6
56.782 1 ATTITUDE 0.111678 1.004745 0.123862
56.787 1 GPS 0 0 0 0 0 0 0 0 0 0 1
56.791 1 ENERGY 7.2 0. 0 0.
56.795 1 NAVIGATION 0 2 0. 0. 0. 0. 0 0
56.837 1 DOWNLINK_STATUS 0 57 37144 1637 20 476. 21. -1321.37
57.050 1 ATTITUDE 0.111716 1.0046 0.123856
57.057 1 DESIRED 0. 0.02 0. 0. 0. 235. 0. 20.
57.059 1 ESTIMATOR 0. 0.
57.062 1 IMU_MAG -2.696289 -2.397949 -4.463867
57.064 1 CALIBRATION 0. 0
57.068 1 ALIVE 234,86,112,120,179,137,199,193,157,207,189,207,18,78,21,11
57.071 1 ATTITUDE 0.111691 1.004457 0.123857
57.075 1 WP_MOVED 7 360559.40625 4813804.5 260. 31
57.081 1 GPS 0 0 0 0 0 0 0 0 0 0 1
57.085 1 NAVIGATION 0 2 0. 0. 0. 0. 0 0
57.088 1 ATTITUDE 0.111729 1.004368 0.123877
57.338 1 DESIRED 0. 0.02 0. 0. 0. 235. 0. 20.
57.341 1 IMU_GYRO -0.052002 0.009521 -0.007324
57.344 1 ATTITUDE 0.111779 1.004247 0.123886
57.347 1 ATTITUDE 0.111798 1.004124 0.123914
57.354 1 DESIRED 0. 0.02 0. 0. 0. 235. 0. 20.
57.359 1 GPS 0 0 0 0 0 0 0 0 0 0 1
57.361 1 DL_VALUE 1 0.
57.363 1 STATE_FILTER_STATUS 3 0
57.367 1 NAVIGATION 0 2 0. 0. 0. 0. 0 0
57.370 1 ATTITUDE 0.111819 1.003956 0.123954
57.373 1 ESTIMATOR 0. 0.
57.376 1 IMU_ACCEL -1.580078 -9.689453 -0.296875
57.624 1 NAVIGATION 0 2 0. 0. 0. 0. 0 0
57.627 1 ATTITUDE 0.111826 1.003811 0.123967
57.633 1 DESIRED 0. 0.02 0. 0. 0. 235. 0. 20.
57.637 1 WP_MOVED 8 360462.40625 4813640. 215. 31
57.643 1 GPS 0 0 0 0 0 0 0 0 0 0 1
57.647 1 NAVIGATION 0 2 0. 0. 0. 0. 0 0
57.649 1 FBW_STATUS 2 0 1 72 0
57.652 1 ATTITUDE 0.111814 1.003697 0.123996
57.655 1 BAT 0 72 0 0 1 52 0 0
57.660 1 ATTITUDE 0.111803 1.003514 0.123992
57.666 1 DESIRED 0. 0.02 0. 0. 0. 235. 0. 20.
57.837 1 DOWNLINK_STATUS 0 58 37911 1671 20 767. 34. -1321.37
57.877 1 IMU_GYRO -0.052002 0.007324 -0.007324
57.879 1 PPRZ_MODE 2 0 0 0 0 6
57.882 1 ATTITUDE 0.111837 1.003344 0.124008
57.888 1 GPS 0 0 0 0 0 0 0 0 0 0 1
57.893 1 NAVIGATION 0 2 0. 0. 0. 0. 0 0
57.896 1 ATTITUDE 0.111831 1.003284 0.124052
57.903 1 DESIRED 0. 0.02 0. 0. 0. 235. 0. 20.
57.905 1 ESTIMATOR 0. 0.
57.908 1 ATTITUDE 0.111862 1.003133 0.124083
57.911 1 WP_MOVED 9 360313.8125 4813652. 185. 31
58.167 1 GPS 0 0 0 0 0 0 0 0 0 0 1
58.172 1 NAVIGATION 0 2 0. 0. 0. 0. 0 0
58.175 1 ATTITUDE 0.111876 1.003014 0.124085
58.182 1 DESIRED 0. 0.02 0. 0. 0. 235. 0. 20.
58.183 1 DOWNLINK 3 847 1979
58.187 1 ATTITUDE 0.111883 1.002846 0.124074
58.190 1 IMU_ACCEL -1.570312 -9.694336 -0.272461
58.193 1 IMU_MAG -2.691406 -2.39209 -4.558105
58.196 1 ATTITUDE 0.111923 1.002697 0.124111
58.203 1 DESIRED 0. 0.02 0. 0. 0. 235. 0. 20.
58.452 1 GPS 0 0 0 0 0 0 0 0 0 0 1
58.455 1 IMU_GYRO -0.051025 0.007324 -0.008301
58.459 1 NAVIGATION 0 2 0. 0. 0. 0. 0 0
58.462 1 ATTITUDE 0.111933 1.002534 0.124115
58.465 1 ESTIMATOR 0. 0.
58.469 1 NAVIGATION 0 2 0. 0. 0. 0. 0 0
58.472 1 GPS_SOL 0 0 0 0
58.475 1 ATTITUDE 0.111956 1.002401 0.124105
58.482 1 DESIRED 0. 0.02 0. 0. 0. 235. 0. 20.
58.485 1 WP_MOVED 10 360453.8125 4813581. 260. 31
58.491 1 GPS 0 0 0 0 0 0 0 0 0 0 1
58.699 1 NAVIGATION 0 2 0. 0. 0. 0. 0 0
58.702 1 ATTITUDE 0.111993 1.002286 0.124105
58.705 1 ATTITUDE 0.112041 1.002157 0.124136
58.712 1 DESIRED 0. 0.02 0. 0. 0. 235. 0. 20.
58.714 1 PPRZ_MODE 2 0 0 0 0 6
58.718 1 BAT 0 72 0 0 1 53 0 0
58.721 1 ATTITUDE 0.112019 1.002055 0.12415
58.726 1 GPS 0 0 0 0 0 0 0 0 0 0 1
58.728 1 DL_VALUE 2 235.
58.733 1 NAVIGATION 0 2 0. 0. 0. 0. 0 0
58.838 1 DOWNLINK_STATUS 0 59 38844 1712 20 933. 41. -1321.37
58.988 1 ATTITUDE 0.112052 1.001899 0.124142
58.995 1 DESIRED 0. 0.02 0. 0. 0. 235. 0. 20.
58.996 1 ESTIMATOR 0. 0.
59.000 1 IMU_GYRO -0.052979 0.009521 -0.007324
59.004 1 ATTITUDE 0.112099 1.001801 0.124126
59.007 1 WP_MOVED 11 360170.5 4813757.5 260. 31
59.010 1 IMU_ACCEL -1.541992 -9.699219 -0.277344
59.012 1 CALIBRATION 0. 0
59.018 1 GPS 0 0 0 0 0 0 0 0 0 0 1
59.022 1 NAVIGATION 0 2 0. 0. 0. 0. 0 0
59.025 1 ATTITUDE 0.112048 1.001674 0.124154
59.274 1 DESIRED 0. 0.02 0. 0. 0. 235. 0. 20.
59.277 1 ATTITUDE 0.112061 1.00155 0.12415
59.281 1 ATTITUDE 0.112112 1.001363 0.12419
59.287 1 DESIRED 0. 0.02 0. 0. 0. 235. 0. 20.
59.293 1 GPS 0 0 0 0 0 0 0 0 0 0 1
59.305 1 GPS 0 0 0 0 0 0 0 0 0 0 1
59.309 1 NAVIGATION 0 2 0. 0. 0. 0. 0 0
59.312 1 ATTITUDE 0.112199 1.000417 0.124297
59.562 1 DESIRED 0. 0.02 0. 0. 0. 235. 0. 20.
59.565 1 IMU_GYRO -0.049805 0.005127 -0.007324
59.568 1 ATTITUDE 0.112151 1.000182 0.124359
59.572 1 ATTITUDE 0.112072 0.999427 0.124312
59.578 1 DESIRED 0. 0.02 0. 0. 0. 235. 0. 20.
59.584 1 GPS 0 0 0 0 0 0 0 0 0 0 1
59.586 1 DL_VALUE 3 0.
59.590 1 NAVIGATION 0 2 0. 0. 0. 0. 0 0
59.593 1 ATTITUDE 0.11242 0.999771 0.124254
59.596 1 ESTIMATOR 0. 0.
59.600 1 NAVIGATION 0 2 0. 0. 0. 0. 0 0
59.603 1 GPS_SOL 0 0 0 0
59.839 1 DOWNLINK_STATUS 0 60 39573 1743 21 729. 31. -1321.37
59.850 1 ATTITUDE 0.112239 0.999327 0.124273
59.856 1 DESIRED 0. 0.02 0. 0. 0. 235. 0. 20.
59.860 1 WP_MOVED 2 360334.5 4813695. 260. 31
59.865 1 GPS 0 0 0 0 0 0 0 0 0 0 1
59.870 1 NAVIGATION 0 2 0. 0. 0. 0. 0 0
59.873 1 ATTITUDE 0.112261 0.999195 0.124275
59.876 1 IMU_ACCEL -1.561523 -9.708984 -0.234375
59.879 1 COMMANDS 0,-3359,-2123,0,0
59.882 1 ATTITUDE 0.112402 0.999159 0.124313
59.889 1 DESIRED 0. 0.02 0. 0. 0. 235. 0. 20.
60.135 1 IMU_GYRO -0.055176 0.013672 -0.008301
60.138 1 PPRZ_MODE 2 0 0 0 0 6
60.141 1 ACTUATORS 1200,1433,1325,1325,1350
60.144 1 ATTITUDE 0.11252 0.999204 0.124274
60.149 1 GPS 0 0 0 0 0 0 0 0 0 0 1
60.153 1 IMU_MAG -2.693359 -2.397949 -4.565918
60.157 1 NAVIGATION 0 2 0. 0. 0. 0. 0 0
60.160 1 ATTITUDE 0.112471 0.999024 0.124355
60.167 1 DESIRED 0. 0.02 0. 0. 0. 235. 0. 20.
60.169 1 ESTIMATOR 0. 0.
60.173 1 BAT 0 72 0 0 1 55 0 0
60.176 1 ATTITUDE 0.112464 0.998879 0.124395
60.179 1 WP_MOVED 3 360295.09375 4813785. 260. 31
60.428 1 GPS 0 0 0 0 0 0 0 0 0 0 1
60.433 1 NAVIGATION 0 2 0. 0. 0. 0. 0 0
60.435 1 ATTITUDE 0.112419 0.998715 0.124428
60.442 1 DESIRED 0. 0.02 0. 0. 0. 235. 0. 20.
60.443 1 CALIBRATION 0. 0
60.446 1 ATTITUDE 0.112523 0.998708 0.124424
60.449 1 NAVIGATION_REF 360285 4813595 31
60.452 1 ATTITUDE 0.117991 1.002319 0.122846
60.460 1 DESIRED 0. 0.02 0. 0. 0. 235. 0. 20.
60.466 1 GPS 0 0 0 0 0 0 0 0 0 0 1
60.840 1 DOWNLINK_STATUS 0 61 40336 1776 21 763. 33. -6321.8
61.791 1 IMU_GYRO -0.116943 0.05835 -0.013672
61.796 1 NAVIGATION 0 2 0. 0. 0. 0. 0 0
61.799 1 ATTITUDE 0.12342 1.004913 0.121575
61.800 1 ESTIMATOR 0. 0.
61.804 1 IMU_ACCEL -1.580078 -9.694336 -0.119141
61.809 1 NAVIGATION 0 2 0. 0. 0. 0. 0 0
61.812 1 ATTITUDE 0.128221 1.006876 0.120006
61.819 1 DESIRED 0. 0.03 0. 0. 0. 235. 0. 20.
61.822 1 WP_MOVED 4 360417.3125 4813734. 260. 31
61.828 1 GPS 0 0 0 0 0 0 0 0 0 0 1
61.829 1 FBW_STATUS 2 0 1 72 0
61.841 1 DOWNLINK_STATUS 0 62 40580 1787 21 244. 11. -6321.8
62.078 1 NAVIGATION 0 2 0. 0. 0. 0. 0 0
62.081 1 ATTITUDE 0.133385 1.007805 0.117808
62.084 1 ATTITUDE 0.142622 1.01147 0.114528
62.091 1 DESIRED 0. 0.03 0. 0. 0. 235. 0. 20.
62.093 1 PPRZ_MODE 2 0 0 0 0 6
62.094 1 STATE_FILTER_STATUS 3 0
62.097 1 ATTITUDE 0.14292 1.010737 0.114265
62.103 1 GPS 0 0 0 0 0 0 0 0 0 0 1
62.105 1 DL_VALUE 4 0.
62.108 1 ENERGY 7.2 0. 0 0.
62.113 1 NAVIGATION 0 2 0. 0. 0. 0. 0 0
62.116 1 ATTITUDE 0.13013 1.003605 0.117157
62.364 1 DESIRED 0. 0.03 0. 0. 0. 235. 0. 20.
62.366 1 ESTIMATOR 0. 0.
62.370 1 IMU_GYRO 0.09668 -0.066895 0.040283
62.374 1 ALIVE 234,86,112,120,179,137,199,193,157,207,189,207,18,78,21,11
62.377 1 ATTITUDE 0.117904 0.998401 0.121336
62.380 1 WP_MOVED 5 360422. 4813583.5 260. 31
62.384 1 BAT 0 72 0 0 1 56 0 0
62.390 1 GPS 0 0 0 0 0 0 0 0 0 0 1
62.394 1 NAVIGATION 0 2 0. 0. 0. 0. 0 0
62.397 1 ATTITUDE 0.120838 1.0008 0.121644
62.404 1 DESIRED 0. 0.02 0. 0. 0. 235. 0. 20.
62.407 1 IMU_MAG -2.685547 -2.38916 -4.551758
62.629 1 ATTITUDE 0.122679 1.002506 0.122435
62.633 1 IMU_ACCEL -1.62793 -9.570312 -0.334961
62.636 1 ATTITUDE 0.118057 0.997508 0.122619
62.642 1 DESIRED 0. 0.02 0. 0. 0. 235. 0. 20.
62.648 1 GPS 0 0 0 0 0 0 0 0 0 0 1
62.653 1 NAVIGATION 0 2 0. 0. 0. 0. 0 0
62.656 1 ATTITUDE 0.118614 0.998087 0.121062
62.658 1 ESTIMATOR 0. 0.
62.663 1 NAVIGATION 0 2 0. 0. 0. 0. 0 0
62.666 1 GPS_SOL 0 0 0 0
62.842 1 DOWNLINK_STATUS 0 63 41338 1821 21 758. 34. -6321.8
62.904 1 ATTITUDE 0.118518 1.000992 0.125676
62.910 1 DESIRED 0. 0.02 0. 0. 0. 235. 0. 20.
62.914 1 WP_MOVED 6 360165.8125 4813664.5 260. 31
62.917 1 IMU_GYRO -0.075439 -0.018066 -0.103027
62.922 1 GPS 0 0 0 0 0 0 0 0 0 0 1
62.927 1 NAVIGATION 0 2 0. 0. 0. 0. 0 0
62.930 1 ATTITUDE 0.120136 0.999365 0.121445
62.933 1 ATTITUDE 0.11535 0.996966 0.122363
62.940 1 DESIRED 0. 0.02 0. 0. 0. 235. 0. 20.
62.942 1 PPRZ_MODE 2 0 0 0 0 6
63.151 1 ATTITUDE 0.117226 0.997652 0.124355
63.156 1 GPS 0 0 0 0 0 0 0 0 0 0 1
63.161 1 NAVIGATION 0 2 0. 0. 0. 0. 0 0
63.164 1 ATTITUDE 0.121994 1.002197 0.118834
63.171 1 DESIRED 0. 0.02 0. 0. 0. 235. 0. 20.
63.172 1 ESTIMATOR 0. 0.
63.176 1 ATTITUDE 0.116627 0.999222 0.120152
63.180 1 WP_MOVED 7 360559.40625 4813804.5 260. 31
63.183 1 IMU_ACCEL -1.431641 -9.785156 -0.201172
63.439 1 GPS 0 0 0 0 0 0 0 0 0 0 1
63.444 1 NAVIGATION 0 2 0. 0. 0. 0. 0 0
63.447 1 ATTITUDE 0.114812 0.997523 0.120237
63.454 1 DESIRED 0. 0.02 0. 0. 0. 235. 0. 20.
63.456 1 IMU_GYRO -0.090332 0.089355 -0.014893
63.460 1 BAT 0 72 0 0 1 57 0 0
63.463 1 ATTITUDE 0.118249 1.000625 0.119954
63.465 1 CALIBRATION 0. 0
63.467 1 DOWNLINK 3 850 2171
63.470 1 ATTITUDE 0.122151 0.998203 0.120463
63.477 1 DESIRED 0. 0.02 0. 0. 0. 235. 0. 20.
63.726 1 GPS 0 0 0 0 0 0 0 0 0 0 1
63.727 1 DL_VALUE 5 0.
63.732 1 NAVIGATION 0 2 0. 0. 0. 0. 0 0
63.735 1 ATTITUDE 0.121936 1.001359 0.120476
63.738 1 ESTIMATOR 0. 0.
63.742 1 NAVIGATION 0 2 0. 0. 0. 0. 0 0
63.745 1 IMU_MAG -2.691406 -2.39209 -4.554688
63.748 1 ATTITUDE 0.127208 1.004605 0.117394
63.758 1 DESIRED 0. 0.03 0. 0. 0. 235. 0. 20.
63.758 1 WP_MOVED 8 360462.40625 4813640. 215. 31
63.764 1 GPS 0 0 0 0 0 0 0 0 0 0 1
63.842 1 DOWNLINK_STATUS 0 64 42285 1862 21 947. 41. -6321.8
64.010 1 FBW_STATUS 2 0 1 72 0
64.015 1 NAVIGATION 0 2 0. 0. 0. 0. 0 0
64.018 1 ATTITUDE 0.11723 0.996358 0.118087
64.021 1 ATTITUDE 0.11675 0.994997 0.118997
64.027 1 DESIRED 0. 0.02 0. 0. 0. 235. 0. 20.
64.031 1 IMU_GYRO 0.163818 -0.290527 0.038086
64.033 1 PPRZ_MODE 2 0 0 0 0 6
64.036 1 ATTITUDE 0.133332 1.004347 0.116788
64.042 1 GPS 0 0 0 0 0 0 0 0 0 0 1
64.045 1 IMU_ACCEL -1.604492 -9.71875 -0.166992
64.049 1 NAVIGATION 0 2 0. 0. 0. 0. 0 0
64.052 1 ATTITUDE 0.130338 1.011664 0.11557
64.302 1 DESIRED 0. 0.03 0. 0. 0. 235. 0. 20.
64.304 1 ESTIMATOR 0. 0.
64.306 1 STATE_FILTER_STATUS 3 0
64.309 1 ATTITUDE 0.114927 1.002834 0.119307
64.312 1 WP_MOVED 9 360313.8125 4813652. 185. 31
64.318 1 GPS 0 0 0 0 0 0 0 0 0 0 1
64.323 1 NAVIGATION 0 2 0. 0. 0. 0. 0 0
64.326 1 ATTITUDE 0.130385 1.013195 0.116535
64.332 1 DESIRED 0. 0.03 0. 0. 0. 235. 0. 20.
64.335 1 ATTITUDE 0.106471 0.996023 0.119831
64.339 1 BAT 0 72 0 0 1 58 0 0
64.585 1 ATTITUDE 0.140765 1.022469 0.115126
64.591 1 DESIRED 0. 0.03 0. 0. 0. 235. 0. 20.
64.597 1 GPS 0 0 0 0 0 0 0 0 0 0 1
64.600 1 IMU_GYRO 0.29248 -0.013672 0.038086
64.604 1 ENERGY 7.2 0. 0 0.
64.615 1 DESIRED 0. 0.02 0. 0. 0. 235. 0. 20.
64.621 1 GPS 0 0 0 0 0 0 0 0 0 0 1
64.624 1 BAT 0 72 0 0 1 59 0 0
64.626 1 CALIBRATION 0. 0
64.843 1 DOWNLINK_STATUS 0 65 43026 1894 22 741. 32. -6321.8
64.873 1 NAVIGATION 0 2 0. 0. 0. 0. 0 0
64.876 1 ATTITUDE 0.099126 1.041947 0.121941
64.879 1 ESTIMATOR 0. 0.
64.882 1 IMU_ACCEL -1.71875 -9.737305 -0.852539
64.887 1 NAVIGATION 0 2 0. 0. 0. 0. 0 0
64.890 1 ATTITUDE 0.096564 1.035436 0.121063
64.903 1 ATTITUDE 0.080135 1.030447 0.133562
64.905 1 COMMANDS 0,-2918,2220,0,0
64.909 1 ATTITUDE 0.099579 1.037909 0.116582
65.158 1 DESIRED 0. 0.02 0. 0. 0. 235. 0. 20.
65.160 1 PPRZ_MODE 2 0 0 0 0 6
65.163 1 ACTUATORS 1200,1059,1379,1379,1350
65.166 1 ATTITUDE 0.082442 1.035101 0.130947
65.172 1 GPS 0 0 0 0 0 0 0 0 0 0 1
65.177 1 NAVIGATION 0 2 0. 0. 0. 0. 0 0
65.180 1 ATTITUDE 0.10656 1.038052 0.112451
65.186 1 DESIRED 0. 0.02 0. 0. 0. 235. 0. 20.
65.189 1 ESTIMATOR 0. 0.
65.192 1 ATTITUDE 0.093542 1.03578 0.117796
65.195 1 WP_MOVED 1 360285. 4813595. 260. 31
65.198 1 IMU_MAG -2.671387 -2.416504 -4.539062
65.447 1 GPS 0 0 0 0 0 0 0 0 0 0 1
65.452 1 NAVIGATION 0 2 0. 0. 0. 0. 0 0
65.455 1 ATTITUDE 0.105233 1.039062 0.112701
65.462 1 DESIRED 0. 0.02 0. 0. 0. 235. 0. 20.
65.465 1 IMU_GYRO -0.087158 -0.044678 -0.043457
65.466 1 STATE_FILTER_STATUS 3 0
65.470 1 ATTITUDE 0.10637 1.038326 0.112047
65.473 1 IMU_ACCEL -1.599609 -9.580078 -0.143555
65.476 1 ATTITUDE 0.114527 1.04011 0.108296
65.483 1 DESIRED 0. 0.02 0. 0. 0. 235. 0. 20.
65.488 1 GPS 0 0 0 0 0 0 0 0 0 0 1
65.843 1 DOWNLINK_STATUS 0 66 43736 1926 23 710. 32. -11322.28
66.090 1 DL_VALUE 7 2.
66.095 1 NAVIGATION 0 2 0. 0. 0. 0. 0 0
66.098 1 ATTITUDE 0.109929 1.03773 0.110577
66.100 1 ESTIMATOR 0. 0.
66.105 1 NAVIGATION 0 2 0. 0. 0. 0. 0 0
66.109 1 BAT 0 72 0 0 1 60 0 0
66.111 1 GPS_SOL 0 0 0 0
66.114 1 ATTITUDE 0.116398 1.038381 0.108081
66.121 1 DESIRED 0. 0.02 0. 0. 0. 235. 0. 20.
66.125 1 WP_MOVED 2 360334.5 4813695. 260. 31
66.131 1 GPS 0 0 0 0 0 0 0 0 0 0 1
66.763 1 NAVIGATION 0 2 0. 0. 0. 0. 0 0
66.764 1 ATTITUDE 0.120715 1.039099 0.105952
66.767 1 ATTITUDE 0.1226 1.04237 0.103114
66.774 1 DESIRED 0. 0.02 0. 0. 0. 235. 0. 20.
66.777 1 IMU_GYRO -0.072266 0.108398 -0.066895
66.779 1 PPRZ_MODE 2 0 0 0 0 6
66.782 1 ATTITUDE 0.125072 1.051678 0.093499
66.788 1 GPS 0 0 0 0 0 0 0 0 0 0 1
66.791 1 ENERGY 7.2 0. 0 0.
66.796 1 NAVIGATION 0 2 0. 0. 0. 0. 0 0
66.799 1 ATTITUDE 0.107716 1.067401 0.102252
66.844 1 DOWNLINK_STATUS 0 67 44223 1948 23 487. 22. -11322.28
67.026 1 DESIRED 0. 0.02 0. 0. 0. 235. 0. 20.
67.029 1 ESTIMATOR 0. 0.
67.033 1 ALIVE 234,86,112,120,179,137,199,193,157,207,189,207,18,78,21,11
67.036 1 ATTITUDE 0.119556 1.085292 0.105882
67.039 1 WP_MOVED 3 360295.09375 4813785. 260. 31
67.043 1 IMU_ACCEL -1.360352 -9.445312 -0.641602
67.048 1 GPS 0 0 0 0 0 0 0 0 0 0 1
67.053 1 NAVIGATION 0 2 0. 0. 0. 0. 0 0
67.056 1 ATTITUDE 0.137641 1.091641 0.1011
67.063 1 DESIRED 0. 0.03 0. 0. 0. 235. 0. 20.
67.066 1 ATTITUDE 0.138854 1.093703 0.10075
67.288 1 ATTITUDE 0.135244 1.099569 0.100786
67.295 1 DESIRED 0. 0.03 0. 0. 0. 235. 0. 20.
67.301 1 GPS 0 0 0 0 0 0 0 0 0 0 1
67.304 1 IMU_GYRO -0.084961 0.134033 -0.019043
67.307 1 IMU_MAG -2.635742 -2.39502 -4.541992
67.311 1 NAVIGATION 0 2 0. 0. 0. 0. 0 0
67.315 1 ATTITUDE 0.152312 1.11116 0.097287
67.317 1 ESTIMATOR 0. 0.
67.322 1 NAVIGATION 0 2 0. 0. 0. 0. 0 0
67.323 1 CALIBRATION 0. 0
67.575 1 ATTITUDE 0.162236 1.12157 0.097837
67.582 1 DESIRED 0. 0.03 0. 0. 0. 235. 0. 20.
67.585 1 WP_MOVED 4 360417.3125 4813734. 260. 31
67.589 1 BAT 0 72 0 0 1 61 0 0
67.594 1 GPS 0 0 0 0 0 0 0 0 0 0 1
67.597 1 FBW_STATUS 2 0 1 72 0
67.601 1 NAVIGATION 0 2 0. 0. 0. 0. 0 0
67.605 1 ATTITUDE 0.157317 1.134947 0.099985
67.608 1 ATTITUDE 0.156478 1.140764 0.100312
67.615 1 DESIRED 0. 0.03 0. 0. 0. 235. 0. 20.
67.845 1 DOWNLINK_STATUS 0 68 44952 1979 23 729. 31. -11322.28
67.859 1 PPRZ_MODE 2 0 0 0 0 6
67.862 1 ATTITUDE 0.152534 1.137885 0.098487
67.867 1 GPS 0 0 0 0 0 0 0 0 0 0 1
67.871 1 IMU_ACCEL -1.292969 -9.708984 -0.742188
67.873 1 DL_VALUE 8 0.
67.877 1 NAVIGATION 0 2 0. 0. 0. 0. 0 0
67.880 1 ATTITUDE 0.151123 1.13868 0.098509
67.887 1 DESIRED 0. 0.03 0. 0. 0. 235. 0. 20.
67.889 1 ESTIMATOR 0. 0.
67.892 1 IMU_GYRO -0.029785 0.064697 -0.000977
67.895 1 ATTITUDE 0.150003 1.142599 0.098411
67.899 1 WP_MOVED 5 360422. 4813583.5 260. 31
68.139 1 GPS 0 0 0 0 0 0 0 0 0 0 1
68.143 1 NAVIGATION 0 2 0. 0. 0. 0. 0 0
68.146 1 ATTITUDE 0.149811 1.144433 0.098372
68.153 1 DESIRED 0. 0.03 0. 0. 0. 235. 0. 20.
68.156 1 ATTITUDE 0.150407 1.145828 0.097932
68.159 1 ATTITUDE 0.152953 1.147128 0.098057
68.166 1 DESIRED 0. 0.03 0. 0. 0. 235. 0. 20.
68.172 1 GPS 0 0 0 0 0 0 0 0 0 0 1
68.173 1 STATE_FILTER_STATUS 3 0
68.175 1 DOWNLINK 3 851 2362
68.180 1 NAVIGATION 0 2 0. 0. 0. 0. 0 0
68.428 1 ATTITUDE 0.149986 1.14457 0.095363
68.431 1 ESTIMATOR 0. 0.
68.435 1 NAVIGATION 0 2 0. 0. 0. 0. 0 0
68.438 1 GPS_SOL 0 0 0 0
68.441 1 ATTITUDE 0.147153 1.142333 0.094451
68.448 1 DESIRED 0. 0.03 0. 0. 0. 235. 0. 20.
68.451 1 WP_MOVED 6 360165.8125 4813664.5 260. 31
68.454 1 IMU_GYRO -0.129639 0.054199 0.
68.460 1 GPS 0 0 0 0 0 0 0 0 0 0 1
68.465 1 NAVIGATION 0 2 0. 0. 0. 0. 0 0
68.468 1 ATTITUDE 0.147305 1.140865 0.09433
68.714 1 IMU_ACCEL -1.283203 -9.766602 -0.737305
68.718 1 BAT 0 72 0 0 1 63 0 0
68.721 1 IMU_MAG -2.592285 -2.375 -4.502441
68.724 1 ATTITUDE 0.14718 1.138166 0.095299
68.731 1 DESIRED 0. 0.03 0. 0. 0. 235. 0. 20.
68.733 1 PPRZ_MODE 2 0 0 0 0 6
68.736 1 ATTITUDE 0.150888 1.138784 0.094649
68.742 1 GPS 0 0 0 0 0 0 0 0 0 0 1
68.746 1 NAVIGATION 0 2 0. 0. 0. 0. 0 0
68.749 1 ATTITUDE 0.149315 1.136142 0.09271
68.756 1 DESIRED 0. 0.03 0. 0. 0. 235. 0. 20.
68.846 1 DOWNLINK_STATUS 0 69 45968 2024 23 1016. 45. -11322.28
69.001 1 ESTIMATOR 0. 0.
69.004 1 ATTITUDE 0.148181 1.133907 0.094037
69.008 1 WP_MOVED 7 360559.40625 4813804.5 260. 31
69.013 1 GPS 0 0 0 0 0 0 0 0 0 0 1
69.018 1 NAVIGATION 0 2 0. 0. 0. 0. 0 0
69.021 1 ATTITUDE 0.147359 1.13275 0.094702
69.028 1 DESIRED 0. 0.03 0. 0. 0. 235. 0. 20.
69.031 1 IMU_GYRO 0.046631 0.001953 -0.012695
69.034 1 ATTITUDE 0.138952 1.128863 0.092492
69.036 1 ATTITUDE 0.135107 1.12759 0.091426
69.044 1 DESIRED 0. 0.03 0. 0. 0. 235. 0. 20.
69.291 1 GPS 0 0 0 0 0 0 0 0 0 0 1
69.293 1 DL_VALUE 9 1.
69.296 1 ENERGY 7.2 0. 0 0.
69.301 1 NAVIGATION 0 2 0. 0. 0. 0. 0 0
69.304 1 ATTITUDE 0.135774 1.126917 0.091312
69.306 1 ESTIMATOR 0. 0.
69.315 1 NAVIGATION 0 2 0. 0. 0. 0. 0 0
69.318 1 ATTITUDE 0.135306 1.12827 0.090269
69.321 1 ATTITUDE 0.135826 1.129673 0.089467
69.328 1 DESIRED 0. 0.03 0. 0. 0. 235. 0. 20.
69.574 1 IMU_GYRO 0.007324 0.05957 0.014893
69.576 1 PPRZ_MODE 2 0 0 0 0 6
69.579 1 BAT 0 72 0 0 1 64 0 0
69.582 1 ATTITUDE 0.128675 1.127794 0.097561
69.588 1 GPS 0 0 0 0 0 0 0 0 0 0 1
69.593 1 NAVIGATION 0 2 0. 0. 0. 0. 0 0
69.605 1 DESIRED 0. 0.02 0. 0. 0. 235. 0. 20.
69.611 1 GPS 0 0 0 0 0 0 0 0 0 0 1
69.614 1 IMU_GYRO -0.055176 -0.016846 0.039307
69.846 1 DOWNLINK_STATUS 0 70 46666 2054 25 698. 30. -11322.28
69.861 1 NAVIGATION 0 2 0. 0. 0. 0. 0 0
69.864 1 ATTITUDE 0.090304 1.119904 0.196491
69.867 1 ESTIMATOR 0. 0.
69.871 1 NAVIGATION 0 2 0. 0. 0. 0. 0 0
69.874 1 GPS_SOL 0 0 0 0
69.878 1 ATTITUDE 0.094145 1.125613 0.178515
69.893 1 NAVIGATION 0 2 0. 0. 0. 0. 0 0
69.896 1 ATTITUDE 0.102134 1.121581 0.160237
69.899 1 COMMANDS 0,-2429,-9600,0,0
69.902 1 ATTITUDE 0.082691 1.12007 0.195802
70.152 1 DESIRED 0. 0.02 0. 0. 0. 235. 0. 20.
70.154 1 PPRZ_MODE 2 0 0 0 0 6
70.157 1 ACTUATORS 1200,1628,1352,1352,1350
70.160 1 ATTITUDE 0.0999 1.123698 0.178957
70.166 1 GPS 0 0 0 0 0 0 0 0 0 0 1
70.169 1 BAT 0 72 0 0 1 65 0 0
70.171 1 DL_VALUE 10 0.
70.176 1 NAVIGATION 0 2 0. 0. 0. 0. 0 0
70.179 1 ATTITUDE 0.141072 1.128437 0.122219
70.186 1 DESIRED 0. 0.03 0. 0. 0. 235. 0. 20.
70.188 1 ESTIMATOR 0. 0.
70.191 1 IMU_GYRO -0.410645 0.138184 -0.333984
70.436 1 ATTITUDE 0.161926 1.133872 0.099497
70.440 1 WP_MOVED 11 360170.5 4813757.5 260. 31
70.443 1 IMU_ACCEL -1.494141 -9.459961 -0.943359
70.449 1 GPS 0 0 0 0 0 0 0 0 0 0 1
70.453 1 NAVIGATION 0 2 0. 0. 0. 0. 0 0
70.456 1 ATTITUDE 0.16199 1.131526 0.091507
70.463 1 DESIRED 0. 0.03 0. 0. 0. 235. 0. 20.
70.466 1 ATTITUDE 0.157103 1.125733 0.092432
70.469 1 IMU_MAG -2.578613 -2.362793 -4.496094
70.472 1 ATTITUDE 0.156751 1.124667 0.092903
70.479 1 DESIRED 0. 0.03 0. 0. 0. 235. 0. 20.
70.848 1 DOWNLINK_STATUS 0 71 47391 2087 26 725. 33. -16322.93
71.049 1 GPS 0 0 0 0 0 0 0 0 0 0 1
71.053 1 NAVIGATION 0 2 0. 0. 0. 0. 0 0
71.056 1 ATTITUDE 0.155406 1.123423 0.092403
71.059 1 ESTIMATOR 0. 0.
71.063 1 NAVIGATION 0 2 0. 0. 0. 0. 0 0
71.067 1 ATTITUDE 0.152244 1.120281 0.090873
71.073 1 DESIRED 0. 0.03 0. 0. 0. 235. 0. 20.
71.077 1 WP_MOVED 0 360327. 4813637. 260. 31
71.080 1 IMU_GYRO -0.02124 -0.007324 -0.02124
71.086 1 GPS 0 0 0 0 0 0 0 0 0 0 1
71.716 1 FBW_STATUS 2 0 1 72 0
71.721 1 NAVIGATION 0 2 0. 0. 0. 0. 0 0
71.724 1 ATTITUDE 0.149368 1.117635 0.09021
71.726 1 CALIBRATION 0. 0
71.729 1 ATTITUDE 0.147066 1.116672 0.090813
71.735 1 DESIRED 0. 0.03 0. 0. 0. 235. 0. 20.
71.737 1 PPRZ_MODE 2 0 0 0 0 6
71.741 1 ATTITUDE 0.131862 1.11281 0.087615
71.746 1 GPS 0 0 0 0 0 0 0 0 0 0 1
71.749 1 IMU_ACCEL -1.824219 -9.785156 -0.267578
71.753 1 ENERGY 7.2 0. 0 0.
71.757 1 NAVIGATION 0 2 0. 0. 0. 0. 0 0
71.849 1 DOWNLINK_STATUS 0 72 47888 2109 26 497. 22. -16322.93
72.002 1 ATTITUDE 0.098806 1.111947 0.085103
72.010 1 DESIRED 0. 0.02 0. 0. 0. 235. 0. 20.
72.011 1 ESTIMATOR 0. 0.
72.015 1 BAT 0 72 0 0 1 66 0 0
72.020 1 ALIVE 234,86,112,120,179,137,199,193,157,207,189,207,18,78,21,11
72.022 1 ATTITUDE 0.090079 1.108382 0.084593
72.026 1 WP_MOVED 1 360285. 4813595. 260. 31
72.031 1 GPS 0 0 0 0 0 0 0 0 0 0 1
72.036 1 NAVIGATION 0 2 0. 0. 0. 0. 0 0
72.039 1 ATTITUDE 0.08275 1.105804 0.083385
72.047 1 DESIRED 0. 0.02 0. 0. 0. 235. 0. 20.
72.272 1 IMU_GYRO -0.02124 -0.018066 -0.006348
72.275 1 ATTITUDE 0.07929 1.103552 0.083553
72.279 1 ATTITUDE 0.078545 1.102325 0.084075
72.285 1 DESIRED 0. 0.02 0. 0. 0. 235. 0. 20.
72.291 1 GPS 0 0 0 0 0 0 0 0 0 0 1
72.293 1 DL_VALUE 0 0.
72.297 1 NAVIGATION 0 2 0. 0. 0. 0. 0 0
72.300 1 ATTITUDE 0.073405 1.100449 0.083983
72.303 1 ESTIMATOR 0. 0.
72.307 1 NAVIGATION 0 2 0. 0. 0. 0. 0 0
72.310 1 GPS_SOL 0 0 0 0
72.561 1 ATTITUDE 0.072122 1.098876 0.084404
72.568 1 DESIRED 0. 0.01 0. 0. 0. 235. 0. 20.
72.571 1 WP_MOVED 2 360334.5 4813695. 260. 31
72.574 1 IMU_MAG -2.609375 -2.39209 -4.40332
72.580 1 GPS 0 0 0 0 0 0 0 0 0 0 1
72.585 1 NAVIGATION 0 2 0. 0. 0. 0. 0 0
72.588 1 ATTITUDE 0.069441 1.092981 0.086585
72.591 1 IMU_ACCEL -1.307617 -8.957031 1.460938
72.594 1 ATTITUDE 0.071022 1.095569 0.084395
72.601 1 DESIRED 0. 0.01 0. 0. 0. 235. 0. 20.
72.847 1 IMU_GYRO 0.032959 0.128662 0.000977
72.849 1 PPRZ_MODE 2 0 0 0 0 6
72.849 1 DOWNLINK_STATUS 0 73 48667 2143 26 779. 34. -16322.93
72.851 1 STATE_FILTER_STATUS 3 0
72.854 1 ATTITUDE 0.06875 1.094356 0.085222
72.860 1 GPS 0 0 0 0 0 0 0 0 0 0 1
72.864 1 NAVIGATION 0 2 0. 0. 0. 0. 0 0
72.867 1 ATTITUDE 0.068593 1.092968 0.085251
72.874 1 DESIRED 0. 0.01 0. 0. 0. 235. 0. 20.
72.876 1 ESTIMATOR 0. 0.
72.879 1 ATTITUDE 0.068328 1.09183 0.0856
72.883 1 WP_MOVED 3 360295.09375 4813785. 260. 31
72.887 1 BAT 0 72 0 0 1 67 0 0
73.126 1 GPS 0 0 0 0 0 0 0 0 0 0 1
73.130 1 NAVIGATION 0 2 0. 0. 0. 0. 0 0
73.133 1 ATTITUDE 0.067217 1.090846 0.085814
73.140 1 DESIRED 0. 0.01 0. 0. 0. 235. 0. 20.
73.143 1 ATTITUDE 0.067137 1.089725 0.086082
73.146 1 ATTITUDE 0.067352 1.088355 0.086554
73.153 1 DESIRED 0. 0.01 0. 0. 0. 235. 0. 20.
73.159 1 GPS 0 0 0 0 0 0 0 0 0 0 1
73.162 1 IMU_GYRO -0.043457 -0.003174 -0.006348
73.166 1 NAVIGATION 0 2 0. 0. 0. 0. 0 0
73.413 1 ATTITUDE 0.067325 1.086941 0.086889
73.415 1 ESTIMATOR 0. 0.
73.418 1 IMU_ACCEL -1.307617 -9.761719 0.201172
73.424 1 NAVIGATION 0 2 0. 0. 0. 0. 0 0
73.425 1 DOWNLINK 3 861 2556
73.428 1 ATTITUDE 0.067757 1.085841 0.087094
73.435 1 DESIRED 0. 0.01 0. 0. 0. 235. 0. 20.
73.438 1 WP_MOVED 4 360417.3125 4813734. 260. 31
73.444 1 GPS 0 0 0 0 0 0 0 0 0 0 1
73.446 1 FBW_STATUS 2 0 1 72 0
73.451 1 NAVIGATION 0 2 0. 0. 0. 0. 0 0
73.454 1 ATTITUDE 0.067896 1.084576 0.087366
73.700 1 ATTITUDE 0.067719 1.083985 0.087539
73.707 1 DESIRED 0. 0.01 0. 0. 0. 235. 0. 20.
73.709 1 PPRZ_MODE 2 0 0 0 0 6
73.711 1 CALIBRATION 0. 0
73.714 1 ATTITUDE 0.066185 1.08322 0.087678
73.720 1 GPS 0 0 0 0 0 0 0 0 0 0 1
73.723 1 IMU_MAG -2.600098 -2.399902 -4.515137
73.725 1 DL_VALUE 1 0.
73.729 1 NAVIGATION 0 2 0. 0. 0. 0. 0 0
73.732 1 ATTITUDE 0.066006 1.082461 0.087835
73.739 1 DESIRED 0. 0.01 0. 0. 0. 235. 0. 20.
73.742 1 ESTIMATOR 0. 0.
73.850 1 DOWNLINK_STATUS 0 74 49658 2187 26 991. 44. -16322.93
73.987 1 IMU_GYRO -0.067871 0.030762 -0.006348
73.991 1 ATTITUDE 0.066026 1.081361 0.088112
73.994 1 WP_MOVED 5 360422. 4813583.5 260. 31
74.000 1 GPS 0 0 0 0 0 0 0 0 0 0 1
74.004 1 NAVIGATION 0 2 0. 0. 0. 0. 0 0
74.007 1 ATTITUDE 0.066464 1.080425 0.088316
74.014 1 DESIRED 0. 0.01 0. 0. 0. 235. 0. 20.
74.018 1 BAT 0 72 0 0 1 68 0 0
74.021 1 ATTITUDE 0.0665 1.079383 0.088621
74.024 1 IMU_ACCEL -1.307617 -9.742188 0.191406
74.027 1 ATTITUDE 0.066426 1.078151 0.088864
74.276 1 DESIRED 0. 0.01 0. 0. 0. 235. 0. 20.
74.282 1 GPS 0 0 0 0 0 0 0 0 0 0 1
74.286 1 ENERGY 7.2 0. 0 0.
74.290 1 NAVIGATION 0 2 0. 0. 0. 0. 0 0
74.293 1 ATTITUDE 0.066757 1.077248 0.089077
74.304 1 NAVIGATION 0 2 0. 0. 0. 0. 0 0
74.307 1 ATTITUDE 0.066658 1.074692 0.089751
74.310 1 ATTITUDE 0.067591 1.074542 0.089779
74.560 1 DESIRED 0. 0.01 0. 0. 0. 235. 0. 20.
74.562 1 PPRZ_MODE 2 0 0 0 0 6
74.565 1 ATTITUDE 0.068076 1.073758 0.089926
74.571 1 GPS 0 0 0 0 0 0 0 0 0 0 1
74.575 1 NAVIGATION 0 2 0. 0. 0. 0. 0 0
74.578 1 ATTITUDE 0.068118 1.07262 0.090195
74.597 1 GPS 0 0 0 0 0 0 0 0 0 0 1
74.599 1 DL_VALUE 2 235.
74.603 1 NAVIGATION 0 2 0. 0. 0. 0. 0 0
74.848 1 ATTITUDE 0.067929 1.067763 0.091332
74.850 1 ESTIMATOR 0. 0.
74.851 1 DOWNLINK_STATUS 0 75 50348 2217 28 690. 30. -16322.93
74.855 1 NAVIGATION 0 2 0. 0. 0. 0. 0 0
74.858 1 ATTITUDE 0.068227 1.066996 0.091501
74.866 1 DESIRED 0. 0.01 0. 0. 0. 235. 0. 20.
74.868 1 WP_MOVED 8 360462.40625 4813640. 215. 31
74.874 1 GPS 0 0 0 0 0 0 0 0 0 0 1
74.877 1 FBW_STATUS 2 0 1 72 0
74.881 1 NAVIGATION 0 2 0. 0. 0. 0. 0 0
74.884 1 ATTITUDE 0.068692 1.065882 0.091534
74.887 1 COMMANDS 0,-2031,-1636,0,0
75.133 1 ATTITUDE 0.068269 1.064788 0.091756
75.140 1 DESIRED 0. 0.01 0. 0. 0. 235. 0. 20.
75.143 1 IMU_GYRO -0.047852 0.018066 -0.007324
75.145 1 PPRZ_MODE 2 0 0 0 0 6
75.148 1 ACTUATORS 1200,1456,1394,1394,1350
75.151 1 ATTITUDE 0.068241 1.063845 0.091999
75.157 1 GPS 0 0 0 0 0 0 0 0 0 0 1
75.160 1 IMU_ACCEL -1.288086 -9.771484 0.138672
75.162 1 CALIBRATION 0. 0
75.167 1 NAVIGATION 0 2 0. 0. 0. 0. 0 0
75.170 1 ATTITUDE 0.068382 1.062952 0.092177
75.176 1 DESIRED 0. 0.01 0. 0. 0. 235. 0. 20.
75.851 1 DOWNLINK_STATUS 0 76 50824 2238 28 476. 21. -21323.27
76.852 1 DOWNLINK_STATUS 0 77 50824 2238 28 0. 0. -21323.27
77.854 1 DOWNLINK_STATUS 0 78 50824 2238 28 0. 0. -21323.27
78.855 1 DOWNLINK_STATUS 0 79 50824 2238 28 0. 0. -21323.27
79.857 1 DOWNLINK_STATUS 0 80 50824 2238 28 0. 0. -21323.27
80.858 1 DOWNLINK_STATUS 0 81 50824 2238 28 0. 0. -26324.49
81.860 1 DOWNLINK_STATUS 0 82 50824 2238 28 0. 0. -26324.49
82.861 1 DOWNLINK_STATUS 0 83 50824 2238 28 0. 0. -26324.49
83.862 1 DOWNLINK_STATUS 0 84 50824 2238 28 0. 0. -26324.49
84.864 1 DOWNLINK_STATUS 0 85 50824 2238 28 0. 0. -26324.49
85.865 1 DOWNLINK_STATUS 0 86 50824 2238 28 0. 0. -31325.48
86.867 1 DOWNLINK_STATUS 0 87 50824 2238 28 0. 0. -31325.48
87.868 1 DOWNLINK_STATUS 0 88 50824 2238 28 0. 0. -31325.48
88.869 1 DOWNLINK_STATUS 0 89 50824 2238 28 0. 0. -31325.48
89.871 1 DOWNLINK_STATUS 0 90 50824 2238 28 0. 0. -31325.48
90.872 1 DOWNLINK_STATUS 0 91 50824 2238 28 0. 0. -36326.54
91.874 1 DOWNLINK_STATUS 0 92 50824 2238 28 0. 0. -36326.54
92.875 1 DOWNLINK_STATUS 0 93 50824 2238 28 0. 0. -36326.54
93.877 1 DOWNLINK_STATUS 0 94 50824 2238 28 0. 0. -36326.54
94.878 1 DOWNLINK_STATUS 0 95 50824 2238 28 0. 0. -36326.54
95.880 1 DOWNLINK_STATUS 0 96 50824 2238 28 0. 0. -41327.75
96.881 1 DOWNLINK_STATUS 0 97 50824 2238 28 0. 0. -41327.75
97.882 1 DOWNLINK_STATUS 0 98 50824 2238 28 0. 0. -41327.75
98.884 1 DOWNLINK_STATUS 0 99 50824 2238 28 0. 0. -41327.75
99.885 1 DOWNLINK_STATUS 0 100 50824 2238 28 0. 0. -41327.75
100.887 1 DOWNLINK_STATUS 0 101 50824 2238 28 0. 0. -46328.94
101.888 1 DOWNLINK_STATUS 0 102 50824 2238 28 0. 0. -46328.94
102.890 1 DOWNLINK_STATUS 0 103 50824 2238 28 0. 0. -46328.94
103.891 1 DOWNLINK_STATUS 0 104 50824 2238 28 0. 0. -46328.94
104.893 1 DOWNLINK_STATUS 0 105 50824 2238 28 0. 0. -46328.94
105.894 1 DOWNLINK_STATUS 0 106 50824 2238 28 0. 0. -51330.22
106.895 1 DOWNLINK_STATUS 0 107 50824 2238 28 0. 0. -51330.22
107.897 1 DOWNLINK_STATUS 0 108 50824 2238 28 0. 0. -51330.22
108.898 1 DOWNLINK_STATUS 0 109 50824 2238 28 0. 0. -51330.22
109.900 1 DOWNLINK_STATUS 0 110 50824 2238 28 0. 0. -51330.22
110.901 1 DOWNLINK_STATUS 0 111 50824 2238 28 0. 0. -56331.44
111.903 1 DOWNLINK_STATUS 0 112 50824 2238 28 0. 0. -56331.44
112.904 1 DOWNLINK_STATUS 0 113 50824 2238 28 0. 0. -56331.44
113.906 1 DOWNLINK_STATUS 0 114 50824 2238 28 0. 0. -56331.44
114.907 1 DOWNLINK_STATUS 0 115 50824 2238 28 0. 0. -56331.44
115.909 1 DOWNLINK_STATUS 0 116 50824 2238 28 0. 0. -61332.69
116.910 1 DOWNLINK_STATUS 0 117 50824 2238 28 0. 0. -61332.69
117.911 1 DOWNLINK_STATUS 0 118 50824 2238 28 0. 0. -61332.69
118.913 1 DOWNLINK_STATUS 0 119 50824 2238 28 0. 0. -61332.69
119.914 1 DOWNLINK_STATUS 0 120 50824 2238 28 0. 0. -61332.69
120.916 1 DOWNLINK_STATUS 0 121 50824 2238 28 0. 0. -66333.97
121.917 1 DOWNLINK_STATUS 0 122 50824 2238 28 0. 0. -66333.97
122.919 1 DOWNLINK_STATUS 0 123 50824 2238 28 0. 0. -66333.97
123.920 1 DOWNLINK_STATUS 0 124 50824 2238 28 0. 0. -66333.97
124.922 1 DOWNLINK_STATUS 0 125 50824 2238 28 0. 0. -66333.97
125.923 1 DOWNLINK_STATUS 0 126 50824 2238 28 0. 0. -71335.28
126.925 1 DOWNLINK_STATUS 0 127 50824 2238 28 0. 0. -71335.28
127.926 1 DOWNLINK_STATUS 0 128 50824 2238 28 0. 0. -71335.28
128.927 1 DOWNLINK_STATUS 0 129 50824 2238 28 0. 0. -71335.28
129.929 1 DOWNLINK_STATUS 0 130 50824 2238 28 0. 0. -71335.28
130.930 1 DOWNLINK_STATUS 0 131 50824 2238 28 0. 0. -76336.53
131.932 1 DOWNLINK_STATUS 0 132 50824 2238 28 0. 0. -76336.53
132.933 1 DOWNLINK_STATUS 0 133 50824 2238 28 0. 0. -76336.53
133.935 1 DOWNLINK_STATUS 0 134 50824 2238 28 0. 0. -76336.53
134.936 1 DOWNLINK_STATUS 0 135 50824 2238 28 0. 0. -76336.53
135.938 1 DOWNLINK_STATUS 0 136 50824 2238 28 0. 0. -81337.67
136.939 1 DOWNLINK_STATUS 0 137 50824 2238 28 0. 0. -81337.67
137.940 1 DOWNLINK_STATUS 0 138 50824 2238 28 0. 0. -81337.67
138.942 1 DOWNLINK_STATUS 0 139 50824 2238 28 0. 0. -81337.67
139.943 1 DOWNLINK_STATUS 0 140 50824 2238 28 0. 0. -81337.67
140.945 1 DOWNLINK_STATUS 0 141 50824 2238 28 0. 0. -86338.94
141.946 1 DOWNLINK_STATUS 0 142 50824 2238 28 0. 0. -86338.94
142.948 1 DOWNLINK_STATUS 0 143 50824 2238 28 0. 0. -86338.94
143.949 1 DOWNLINK_STATUS 0 144 50824 2238 28 0. 0. -86338.94
144.951 1 DOWNLINK_STATUS 0 145 50824 2238 28 0. 0. -86338.94
145.952 1 DOWNLINK_STATUS 0 146 50824 2238 28 0. 0. -91340.17
146.953 1 DOWNLINK_STATUS 0 147 50824 2238 28 0. 0. -91340.17
147.955 1 DOWNLINK_STATUS 0 148 50824 2238 28 0. 0. -91340.17
148.956 1 DOWNLINK_STATUS 0 149 50824 2238 28 0. 0. -91340.17
149.958 1 DOWNLINK_STATUS 0 150 50824 2238 28 0. 0. -91340.17
150.959 1 DOWNLINK_STATUS 0 151 50824 2238 28 0. 0. -96341.4
151.961 1 DOWNLINK_STATUS 0 152 50824 2238 28 0. 0. -96341.4
152.962 1 DOWNLINK_STATUS 0 153 50824 2238 28 0. 0. -96341.4
153.964 1 DOWNLINK_STATUS 0 154 50824 2238 28 0. 0. -96341.4
154.965 1 DOWNLINK_STATUS 0 155 50824 2238 28 0. 0. -96341.4
155.967 1 DOWNLINK_STATUS 0 156 50824 2238 28 0. 0. -101342.59
156.968 1 DOWNLINK_STATUS 0 157 50824 2238 28 0. 0. -101342.59
157.969 1 DOWNLINK_STATUS 0 158 50824 2238 28 0. 0. -101342.59
158.971 1 DOWNLINK_STATUS 0 159 50824 2238 28 0. 0. -101342.59
159.972 1 DOWNLINK_STATUS 0 160 50824 2238 28 0. 0. -101342.59
160.974 1 DOWNLINK_STATUS 0 161 50824 2238 28 0. 0. -106343.87
161.975 1 DOWNLINK_STATUS 0 162 50824 2238 28 0. 0. -106343.87
162.977 1 DOWNLINK_STATUS 0 163 50824 2238 28 0. 0. -106343.87
163.978 1 DOWNLINK_STATUS 0 164 50824 2238 28 0. 0. -106343.87
164.979 1 DOWNLINK_STATUS 0 165 50824 2238 28 0. 0. -106343.87
165.981 1 DOWNLINK_STATUS 0 166 50824 2238 28 0. 0. -111344.96
166.982 1 DOWNLINK_STATUS 0 167 50824 2238 28 0. 0. -111344.96
167.984 1 DOWNLINK_STATUS 0 168 50824 2238 28 0. 0. -111344.96
168.985 1 DOWNLINK_STATUS 0 169 50824 2238 28 0. 0. -111344.96
169.987 1 DOWNLINK_STATUS 0 170 50824 2238 28 0. 0. -111344.96
170.988 1 DOWNLINK_STATUS 0 171 50824 2238 28 0. 0. -116346.15
171.989 1 DOWNLINK_STATUS 0 172 50824 2238 28 0. 0. -116346.15
172.991 1 DOWNLINK_STATUS 0 173 50824 2238 28 0. 0. -116346.15
173.992 1 DOWNLINK_STATUS 0 174 50824 2238 28 0. 0. -116346.15
174.994 1 DOWNLINK_STATUS 0 175 50824 2238 28 0. 0. -116346.15
175.995 1 DOWNLINK_STATUS 0 176 50824 2238 28 0. 0. -121347.43
176.997 1 DOWNLINK_STATUS 0 177 50824 2238 28 0. 0. -121347.43
177.998 1 DOWNLINK_STATUS 0 178 50824 2238 28 0. 0. -121347.43
179.000 1 DOWNLINK_STATUS 0 179 50824 2238 28 0. 0. -121347.43
180.001 1 DOWNLINK_STATUS 0 180 50824 2238 28 0. 0. -121347.43
181.003 1 DOWNLINK_STATUS 0 181 50824 2238 28 0. 0. -126348.6
182.004 1 DOWNLINK_STATUS 0 182 50824 2238 28 0. 0. -126348.6
183.005 1 DOWNLINK_STATUS 0 183 50824 2238 28 0. 0. -126348.6
184.007 1 DOWNLINK_STATUS 0 184 50824 2238 28 0. 0. -126348.6
185.009 1 DOWNLINK_STATUS 0 185 50824 2238 28 0. 0. -126348.6
186.012 1 DOWNLINK_STATUS 0 186 50824 2238 28 0. 0. -131349.65
