3.131 162 ROTORCRAFT_FP 0 0 0 0 0 0 56 -195 7062 0 0 0 0 0 0
3.173 162 INS 0 0 0 0 0 0 21 0 351
3.281 162 GPS_INT 0 0 0 0 0 0 0 0 0 0 0 0 0 0 0 0
3.381 162 ROTORCRAFT_FP 0 0 0 0 0 0 56 -195 7062 0 0 0 0 0 0
3.410 162 ROTORCRAFT_STATUS 0 0 2 0 0 0 0 0 0 0 0 11
3.431 162 INS 0 0 0 0 0 0 -43 -21 470
3.531 162 GPS_INT 0 0 0 0 0 0 0 0 0 0 0 0 0 0 0 0
3.625 162 ROTORCRAFT_NAV_STATUS 11 0 0 2 0
3.636 162 ROTORCRAFT_FP 0 0 0 0 0 0 57 -194 7060 0 0 0 0 0 0
3.673 162 INS 0 0 0 0 0 0 -57 -34 459
3.707 162 DL_VALUE 10 0.
3.781 162 GPS_INT 0 0 0 0 0 0 0 0 0 0 0 0 0 0 0 0
3.881 162 ROTORCRAFT_FP 0 0 0 0 0 0 57 -195 7059 0 0 0 0 0 0
3.906 162 DOWNLINK_STATUS 0 4 3043 67 0 738. 16. 0.
3.924 162 INS 0 0 0 0 0 0 -50 -116 430
4.031 162 GPS_INT 0 0 0 0 0 0 0 0 0 0 0 0 0 0 0 0
4.131 162 ROTORCRAFT_FP 0 0 0 0 0 0 57 -194 7057 0 0 0 0 0 0
4.173 162 INS 0 0 0 0 0 0 -60 10 456
4.205 162 WP_MOVED_ENU 0 10752 10752 1280
4.280 162 GPS_INT 0 0 0 0 0 0 0 0 0 0 0 0 0 0 0 0
4.381 162 ROTORCRAFT_FP 0 0 0 0 0 0 57 -194 7061 0 0 0 0 0 0
4.423 162 INS 0 0 0 0 0 0 -15 -2 425
4.531 162 GPS_INT 0 0 0 0 0 0 0 0 0 0 0 0 0 0 0 0
4.609 162 ROTORCRAFT_STATUS 0 0 2 0 0 0 0 0 0 0 0 12
4.635 162 ROTORCRAFT_FP 0 0 0 0 0 0 58 -194 7060 0 0 0 0 0 0
4.674 162 INS 0 0 0 0 0 0 -16 -18 444
4.717 162 ENERGY 0. 0. 0 0.
4.781 162 GPS_INT 0 0 0 0 0 0 0 0 0 0 0 0 0 0 0 0
4.808 162 DL_VALUE 11 1.
4.881 162 ROTORCRAFT_FP 0 0 0 0 0 0 58 -194 7059 0 0 0 0 0 0
4.906 162 DOWNLINK_STATUS 0 5 3788 83 0 745. 16. 0.
4.925 162 ALIVE |14,131,90,31,129,57,158,239,219,213,167,186,238,57,98,28|
4.932 162 INS 0 0 0 0 0 0 3 13 353
5.031 162 GPS_INT 0 0 0 0 0 0 0 0 0 0 0 0 0 0 0 0
5.131 162 ROTORCRAFT_FP 0 0 0 0 0 0 57 -194 7063 0 0 0 0 0 0
5.174 162 INS 0 0 0 0 0 0 32 -11 459
5.211 162 ROTORCRAFT_NAV_STATUS 13 0 0 2 0
5.281 162 GPS_INT 0 0 0 0 0 0 0 0 0 0 0 0 0 0 0 0
5.381 162 ROTORCRAFT_FP 0 0 0 0 0 0 58 -194 7062 0 0 0 0 0 0
5.423 162 INS 0 0 0 0 0 0 -43 -14 378
5.451 162 PONG 
5.504 162 WP_MOVED_ENU 1 0 0 1280
5.531 162 GPS_INT 0 0 0 0 0 0 0 0 0 0 0 0 0 0 0 0
5.631 162 ROTORCRAFT_FP 0 0 0 0 0 0 58 -194 7061 0 0 0 0 0 0
5.674 162 INS 0 0 0 0 0 0 -29 15 324
5.780 162 GPS_INT 0 0 0 0 0 0 0 0 0 0 0 0 0 0 0 0
5.808 162 ROTORCRAFT_STATUS 0 0 2 0 0 0 0 0 0 0 0 13
5.881 162 ROTORCRAFT_FP 0 0 0 0 0 0 58 -194 7063 0 0 0 0 0 0
5.907 162 DL_VALUE 12 5.
5.907 162 DOWNLINK_STATUS 0 6 4555 101 0 767. 18. 46.54
5.930 162 INS 0 0 0 0 0 0 21 -45 383
6.031 162 GPS_INT 0 0 0 0 0 0 0 0 0 0 0 0 0 0 0 0
6.131 162 ROTORCRAFT_FP 0 0 0 0 0 0 58 -194 7065 0 0 0 0 0 0
6.173 162 INS 0 0 0 0 0 0 -39 -8 362
6.281 162 GPS_INT 0 0 0 0 0 0 0 0 0 0 0 0 0 0 0 0
6.381 162 ROTORCRAFT_FP 0 0 0 0 0 0 57 -194 7063 0 0 0 0 0 0
6.423 162 INS 0 0 0 0 0 0 8 -53 388
6.531 162 GPS_INT 0 0 0 0 0 0 0 0 0 0 0 0 0 0 0 0
6.630 162 ROTORCRAFT_FP 0 0 0 0 0 0 58 -194 7062 0 0 0 0 0 0
6.674 162 INS 0 0 0 0 0 0 32 -12 479
6.781 162 GPS_INT 0 0 0 0 0 0 0 0 0 0 0 0 0 0 0 0
6.802 162 WP_MOVED_ENU 2 0 1280 1280
6.818 162 ROTORCRAFT_NAV_STATUS 14 0 0 2 0
6.880 162 ROTORCRAFT_FP 0 0 0 0 0 0 58 -194 7060 0 0 0 0 0 0
6.908 162 DOWNLINK_STATUS 0 7 5259 115 0 704. 14. 46.54
6.923 162 INS 0 0 0 0 0 0 45 0 444
7.010 162 ROTORCRAFT_STATUS 0 0 2 0 0 0 0 0 0 0 0 15
7.011 162 DL_VALUE 13 0.
7.029 162 ALIVE |14,131,90,31,129,57,158,239,219,213,167,186,238,57,98,28|
7.040 162 GPS_INT 0 0 0 0 0 0 0 0 0 0 0 0 0 0 0 0
7.139 162 ROTORCRAFT_FP 0 0 0 0 0 0 58 -194 7059 0 0 0 0 0 0
7.145 162 INS_REF 462758292 11966448 437326344 7603373 258532 198843 147000 0.
7.173 162 INS 0 0 0 0 0 0 -33 -16 347
7.217 162 ENERGY 0. 0. 0 0.
7.280 162 GPS_INT 0 0 0 0 0 0 0 0 0 0 0 0 0 0 0 0
7.381 162 ROTORCRAFT_FP 0 0 0 0 0 0 58 -194 7059 0 0 0 0 0 0
7.423 162 INS 0 0 0 0 0 0 59 42 466
7.530 162 GPS_INT 0 0 0 0 0 0 0 0 0 0 0 0 0 0 0 0
7.631 162 ROTORCRAFT_FP 0 0 0 0 0 0 58 -194 7059 0 0 0 0 0 0
7.673 162 INS 0 0 0 0 0 0 -21 -2 381
7.781 162 GPS_INT 0 0 0 0 0 0 0 0 0 0 0 0 0 0 0 0
7.881 162 ROTORCRAFT_FP 0 0 0 0 0 0 58 -194 7063 0 0 0 0 0 0
7.908 162 DOWNLINK_STATUS 0 8 6046 132 0 787. 17. 46.54
7.923 162 INS 0 0 0 0 0 0 59 0 424
8.030 162 GPS_INT 0 0 0 0 0 0 0 0 0 0 0 0 0 0 0 0
8.101 162 WP_MOVED_ENU 3 -512 -1280 1280
8.116 162 DL_VALUE 14 50.
8.144 162 ROTORCRAFT_FP 0 0 0 0 0 0 58 -194 7062 0 0 0 0 0 0
8.173 162 INS 0 0 0 0 0 0 -21 -31 424
8.206 162 ROTORCRAFT_STATUS 0 0 2 0 0 0 0 0 0 0 0 16
8.280 162 GPS_INT 0 0 0 0 0 0 0 0 0 0 0 0 0 0 0 0
8.381 162 ROTORCRAFT_FP 0 0 0 0 0 0 58 -194 7058 0 0 0 0 0 0
8.419 162 ROTORCRAFT_NAV_STATUS 16 0 0 2 0
8.426 162 INS 0 0 0 0 0 0 -19 24 422
8.530 162 GPS_INT 0 0 0 0 0 0 0 0 0 0 0 0 0 0 0 0
8.631 162 ROTORCRAFT_FP 0 0 0 0 0 0 58 -194 7061 0 0 0 0 0 0
8.673 162 INS 0 0 0 0 0 0 -34 -35 454
8.781 162 GPS_INT 0 0 0 0 0 0 0 0 0 0 0 0 0 0 0 0
8.881 162 ROTORCRAFT_FP 0 0 0 0 0 0 58 -194 7062 0 0 0 0 0 0
8.909 162 DOWNLINK_STATUS 0 9 6784 148 0 738. 16. 46.54
8.923 162 INS 0 0 0 0 0 0 -6 -32 384
9.031 162 GPS_INT 0 0 0 0 0 0 0 0 0 0 0 0 0 0 0 0
9.128 162 ALIVE |14,131,90,31,129,57,158,239,219,213,167,186,238,57,98,28|
9.139 162 ROTORCRAFT_FP 0 0 0 0 0 0 58 -194 7065 0 0 0 0 0 0
9.172 162 INS 0 0 0 0 0 0 -48 -14 417
9.206 162 DL_VALUE 15 100.
9.280 162 GPS_INT 0 0 0 0 0 0 0 0 0 0 0 0 0 0 0 0
9.380 162 ROTORCRAFT_FP 0 0 0 0 0 0 58 -195 7061 0 0 0 0 0 0
9.400 162 WP_MOVED_ENU 4 921 -3558 1280
9.417 162 ROTORCRAFT_STATUS 0 0 2 0 0 0 0 0 0 0 0 17
9.438 162 INS 0 0 0 0 0 0 6 -12 420
9.530 162 GPS_INT 0 0 0 0 0 0 0 0 0 0 0 0 0 0 0 0
9.631 162 ROTORCRAFT_FP 0 0 0 0 0 0 58 -195 7062 0 0 0 0 0 0
9.673 162 INS 0 0 0 0 0 0 9 -25 492
9.717 162 ENERGY 0. 0. 0 0.
9.780 162 GPS_INT 0 0 0 0 0 0 0 0 0 0 0 0 0 0 0 0
9.881 162 ROTORCRAFT_FP 0 0 0 0 0 0 58 -195 7063 0 0 0 0 0 0
9.909 162 DOWNLINK_STATUS 0 10 7552 165 0 768. 17. 46.54
9.923 162 INS 0 0 0 0 0 0 12 17 450
10.023 162 ROTORCRAFT_NAV_STATUS 18 0 0 2 0
10.034 162 GPS_INT 0 0 0 0 0 0 0 0 0 0 0 0 0 0 0 0
10.131 162 ROTORCRAFT_FP 0 0 0 0 0 0 58 -195 7063 0 0 0 0 0 0
10.173 162 INS 0 0 0 0 0 0 27 29 377
10.281 162 GPS_INT 0 0 0 0 0 0 0 0 0 0 0 0 0 0 0 0
10.305 162 DL_VALUE 16 20.
10.381 162 ROTORCRAFT_FP 0 0 0 0 0 0 58 -195 7063 0 0 0 0 0 0
10.422 162 INS 0 0 0 0 0 0 -31 60 468
10.451 162 PONG 
10.531 162 GPS_INT 0 0 0 0 0 0 0 0 0 0 0 0 0 0 0 0
10.605 162 ROTORCRAFT_STATUS 0 0 2 0 0 0 0 0 0 0 0 18
10.630 162 ROTORCRAFT_FP 0 0 0 0 0 0 58 -195 7059 0 0 0 0 0 0
10.673 162 INS 0 0 0 0 0 0 13 6 406
10.699 162 WP_MOVED_ENU 5 7040 -12339 1280
10.780 162 GPS_INT 0 0 0 0 0 0 0 0 0 0 0 0 0 0 0 0
10.880 162 ROTORCRAFT_FP 0 0 0 0 0 0 58 -195 7058 0 0 0 0 0 0
10.910 162 DOWNLINK_STATUS 0 11 8296 182 0 744. 17. 45.58
10.923 162 INS 0 0 0 0 0 0 -34 -15 386
11.030 162 GPS_INT 0 0 0 0 0 0 0 0 0 0 0 0 0 0 0 0
11.131 162 ROTORCRAFT_FP 0 0 0 0 0 0 59 -195 7058 0 0 0 0 0 0
11.173 162 INS 0 0 0 0 0 0 60 55 433
11.214 162 ALIVE |14,131,90,31,129,57,158,239,219,213,167,186,238,57,98,28|
11.280 162 GPS_INT 0 0 0 0 0 0 0 0 0 0 0 0 0 0 0 0
11.381 162 ROTORCRAFT_FP 0 0 0 0 0 0 59 -195 7056 0 0 0 0 0 0
11.394 162 WIND_INFO 162 42 0. 0. 0.
11.396 162 WIND_INFO 162 42 0. 0. 0.
11.405 162 DL_VALUE 17 0.
11.428 162 INS 0 0 0 0 0 0 96 11 439
11.536 162 GPS_INT 0 0 0 0 0 0 0 0 0 0 0 0 0 0 0 0
11.622 162 ROTORCRAFT_NAV_STATUS 19 0 0 2 0
11.633 162 ROTORCRAFT_FP 0 0 0 0 0 0 59 -195 7058 0 0 0 0 0 0
11.673 162 INS 0 0 0 0 0 0 -32 56 332
11.781 162 GPS_INT 0 0 0 0 0 0 0 0 0 0 0 0 0 0 0 0
11.805 162 ROTORCRAFT_STATUS 0 0 2 0 0 0 0 0 0 0 0 19
11.881 162 ROTORCRAFT_FP 0 0 0 0 0 0 59 -195 7060 0 0 0 0 0 0
11.910 162 DOWNLINK_STATUS 0 12 9038 198 0 742. 16. 45.58
11.922 162 INS 0 0 0 0 0 0 -28 -55 400
11.999 162 WP_MOVED_ENU 6 4275 -5017 1280
12.030 162 GPS_INT 0 0 0 0 0 0 0 0 0 0 0 0 0 0 0 0
12.130 162 ROTORCRAFT_FP 0 0 0 0 0 0 59 -195 7063 0 0 0 0 0 0
12.173 162 INS 0 0 0 0 0 0 76 5 444
12.228 162 INS_REF 462758292 11966448 437326344 7603373 258532 198843 147000 0.
12.232 162 ENERGY 0. 0. 0 0.
12.280 162 GPS_INT 0 0 0 0 0 0 0 0 0 0 0 0 0 0 0 0
12.380 162 ROTORCRAFT_FP 0 0 0 0 0 0 59 -195 7060 0 0 0 0 0 0
12.423 162 INS 0 0 0 0 0 0 -47 26 413
12.505 162 DL_VALUE 18 100.
12.532 162 GPS_INT 0 0 0 0 0 0 0 0 0 0 0 0 0 0 0 0
12.631 162 ROTORCRAFT_FP 0 0 0 0 0 0 59 -195 7060 0 0 0 0 0 0
12.673 162 INS 0 0 0 0 0 0 -50 11 397
12.780 162 GPS_INT 0 0 0 0 0 0 0 0 0 0 0 0 0 0 0 0
12.881 162 ROTORCRAFT_FP 0 0 0 0 0 0 59 -195 7065 0 0 0 0 0 0
12.910 162 DOWNLINK_STATUS 0 13 9798 214 0 760. 16. 45.58
12.923 162 INS 0 0 0 0 0 0 28 12 318
13.003 162 ROTORCRAFT_STATUS 0 0 2 0 0 0 0 0 0 0 0 21
13.029 162 GPS_INT 0 0 0 0 0 0 0 0 0 0 0 0 0 0 0 0
13.130 162 ROTORCRAFT_FP 0 0 0 0 0 0 59 -195 7064 0 0 0 0 0 0
13.172 162 INS 0 0 0 0 0 0 -4 -30 385
13.208 162 ROTORCRAFT_NAV_STATUS 21 0 0 2 0
13.280 162 GPS_INT 0 0 0 0 0 0 0 0 0 0 0 0 0 0 0 0
13.296 162 WP_MOVED_ENU 7 3507 -10419 1280
13.314 162 ALIVE |14,131,90,31,129,57,158,239,219,213,167,186,238,57,98,28|
13.380 162 ROTORCRAFT_FP 0 0 0 0 0 0 59 -195 7064 0 0 0 0 0 0
13.422 162 INS 0 0 0 0 0 0 13 -8 401
13.530 162 GPS_INT 0 0 0 0 0 0 0 0 0 0 0 0 0 0 0 0
13.604 162 DL_VALUE 19 0.
13.632 162 ROTORCRAFT_FP 0 0 0 0 0 0 59 -195 7065 0 0 0 0 0 0
13.673 162 INS 0 0 0 0 0 0 -10 -62 408
13.780 162 GPS_INT 0 0 0 0 0 0 0 0 0 0 0 0 0 0 0 0
13.880 162 ROTORCRAFT_FP 0 0 0 0 0 0 59 -195 7065 0 0 0 0 0 0
13.910 162 DOWNLINK_STATUS 0 14 10559 231 0 761. 17. 45.58
13.923 162 INS 0 0 0 0 0 0 12 19 440
14.030 162 GPS_INT 0 0 0 0 0 0 0 0 0 0 0 0 0 0 0 0
14.131 162 ROTORCRAFT_FP 0 0 0 0 0 0 59 -195 7065 0 0 0 0 0 0
14.173 162 INS 0 0 0 0 0 0 -23 20 392
14.203 162 ROTORCRAFT_STATUS 0 0 2 0 0 0 0 0 0 0 0 22
14.280 162 GPS_INT 0 0 0 0 0 0 0 0 0 0 0 0 0 0 0 0
14.381 162 ROTORCRAFT_FP 0 0 0 0 0 0 60 -195 7061 0 0 0 0 0 0
14.422 162 INS 0 0 0 0 0 0 -28 -16 401
14.530 162 GPS_INT 0 0 0 0 0 0 0 0 0 0 0 0 0 0 0 0
14.596 162 WP_MOVED_ENU 8 -5120 -12800 512
14.630 162 ROTORCRAFT_FP 0 0 0 0 0 0 60 -195 7063 0 0 0 0 0 0
14.680 162 INS 0 0 0 0 0 0 -16 -28 479
14.703 162 DL_VALUE 20 0.
14.721 162 ENERGY 0. 0. 0 0.
14.780 162 GPS_INT 0 0 0 0 0 0 0 0 0 0 0 0 0 0 0 0
14.808 162 ROTORCRAFT_NAV_STATUS 22 0 0 2 0
14.880 162 ROTORCRAFT_FP 0 0 0 0 0 0 60 -195 7058 0 0 0 0 0 0
14.911 162 DOWNLINK_STATUS 0 15 11317 248 0 758. 17. 45.58
14.923 162 INS 0 0 0 0 0 0 9 -4 385
15.030 162 GPS_INT 0 0 0 0 0 0 0 0 0 0 0 0 0 0 0 0
15.130 162 ROTORCRAFT_FP 0 0 0 0 0 0 60 -195 7062 0 0 0 0 0 0
15.176 162 INS 0 0 0 0 0 0 17 -27 350
15.280 162 GPS_INT 0 0 0 0 0 0 0 0 0 0 0 0 0 0 0 0
15.381 162 ROTORCRAFT_FP 0 0 0 0 0 0 60 -195 7062 0 0 0 0 0 0
15.402 162 ROTORCRAFT_STATUS 0 0 2 0 0 0 0 0 0 0 0 23
15.423 162 ALIVE |14,131,90,31,129,57,158,239,219,213,167,186,238,57,98,28|
15.430 162 INS 0 0 0 0 0 0 6 -39 458
15.454 162 PONG 
15.529 162 GPS_INT 0 0 0 0 0 0 0 0 0 0 0 0 0 0 0 0
15.630 162 ROTORCRAFT_FP 0 0 0 0 0 0 60 -195 7062 0 0 0 0 0 0
15.672 162 INS 0 0 0 0 0 0 26 -48 305
15.780 162 GPS_INT 0 0 0 0 0 0 0 0 0 0 0 0 0 0 0 0
15.803 162 DL_VALUE 21 149.
15.880 162 ROTORCRAFT_FP 0 0 0 0 0 0 60 -195 7063 0 0 0 0 0 0
15.894 162 WP_MOVED_ENU 9 1433 -2790 1280
15.912 162 DOWNLINK_STATUS 0 16 12071 265 0 754. 17. 46.76
15.922 162 INS 0 0 0 0 0 0 4 -22 425
16.030 162 GPS_INT 0 0 0 0 0 0 0 0 0 0 0 0 0 0 0 0
16.130 162 ROTORCRAFT_FP 0 0 0 0 0 0 60 -195 7062 0 0 0 0 0 0
16.172 162 INS 0 0 0 0 0 0 49 6 376
16.280 162 GPS_INT 0 0 0 0 0 0 0 0 0 0 0 0 0 0 0 0
16.380 162 ROTORCRAFT_FP 0 0 0 0 0 0 60 -195 7064 0 0 0 0 0 0
16.407 162 ROTORCRAFT_NAV_STATUS 24 0 0 2 0
16.430 162 INS 0 0 0 0 0 0 -16 14 421
16.536 162 GPS_INT 0 0 0 0 0 0 0 0 0 0 0 0 0 0 0 0
16.541 162 I2C_ERRORS 0 1264 0 0 0 0 0 0 0 0 2
16.601 162 ROTORCRAFT_STATUS 0 0 2 0 0 0 0 0 0 0 0 24
16.630 162 ROTORCRAFT_FP 0 0 0 0 0 0 59 -194 7064 0 0 0 0 0 0
16.673 162 INS 0 0 0 0 0 0 25 -33 380
16.780 162 GPS_INT 0 0 0 0 0 0 0 0 0 0 0 0 0 0 0 0
16.881 162 ROTORCRAFT_FP 0 0 0 0 0 0 59 -194 7066 0 0 0 0 0 0
16.902 162 DL_VALUE 22 0.
16.912 162 DOWNLINK_STATUS 0 17 12819 281 0 748. 16. 46.76
16.925 162 INS 0 0 0 0 0 0 -33 -1 446
17.029 162 GPS_INT 0 0 0 0 0 0 0 0 0 0 0 0 0 0 0 0
17.130 162 ROTORCRAFT_FP 0 0 0 0 0 0 59 -194 7068 0 0 0 0 0 0
17.172 162 INS 0 0 0 0 0 0 -52 33 423
17.192 162 WP_MOVED_ENU 0 10752 10752 1280
17.216 162 ENERGY 0. 0. 0 0.
17.279 162 GPS_INT 0 0 0 0 0 0 0 0 0 0 0 0 0 0 0 0
17.323 162 INS_REF 462758292 11966448 437326344 7603373 258532 198843 147000 0.
17.380 162 ROTORCRAFT_FP 0 0 0 0 0 0 59 -194 7063 0 0 0 0 0 0
17.422 162 INS 0 0 0 0 0 0 -29 71 414
17.526 162 ALIVE |14,131,90,31,129,57,158,239,219,213,167,186,238,57,98,28|
17.537 162 GPS_INT 0 0 0 0 0 0 0 0 0 0 0 0 0 0 0 0
17.631 162 ROTORCRAFT_FP 0 0 0 0 0 0 59 -194 7065 0 0 0 0 0 0
17.672 162 INS 0 0 0 0 0 0 -13 -32 424
17.780 162 GPS_INT 0 0 0 0 0 0 0 0 0 0 0 0 0 0 0 0
17.800 162 ROTORCRAFT_STATUS 0 0 2 0 0 0 0 0 0 0 0 25
17.880 162 ROTORCRAFT_FP 0 0 0 0 0 0 59 -193 7062 0 0 0 0 0 0
17.912 162 DOWNLINK_STATUS 0 18 13614 298 0 795. 17. 46.76
17.923 162 INS 0 0 0 0 0 0 -56 57 384
18.002 162 DL_VALUE 23 5.
18.019 162 ROTORCRAFT_NAV_STATUS 26 0 0 2 0
18.042 162 GPS_INT 0 0 0 0 0 0 0 0 0 0 0 0 0 0 0 0
18.130 162 ROTORCRAFT_FP 0 0 0 0 0 0 58 -194 7060 0 0 0 0 0 0
18.173 162 INS 0 0 0 0 0 0 26 -10 513
18.280 162 GPS_INT 0 0 0 0 0 0 0 0 0 0 0 0 0 0 0 0
18.381 162 ROTORCRAFT_FP 0 0 0 0 0 0 58 -194 7058 0 0 0 0 0 0
18.422 162 INS 0 0 0 0 0 0 26 18 431
18.492 162 WP_MOVED_ENU 1 0 0 1280
18.529 162 GPS_INT 0 0 0 0 0 0 0 0 0 0 0 0 0 0 0 0
18.630 162 ROTORCRAFT_FP 0 0 0 0 0 0 58 -194 7056 0 0 0 0 0 0
18.672 162 INS 0 0 0 0 0 0 26 31 490
18.780 162 GPS_INT 0 0 0 0 0 0 0 0 0 0 0 0 0 0 0 0
18.880 162 ROTORCRAFT_FP 0 0 0 0 0 0 57 -194 7060 0 0 0 0 0 0
18.912 162 DOWNLINK_STATUS 0 19 14329 313 0 715. 15. 46.76
18.922 162 INS 0 0 0 0 0 0 0 -28 375
18.999 162 ROTORCRAFT_STATUS 0 0 2 0 0 0 0 0 0 0 0 27
19.030 162 GPS_INT 0 0 0 0 0 0 0 0 0 0 0 0 0 0 0 0
19.102 162 DL_VALUE 24 1000.
19.130 162 ROTORCRAFT_FP 0 0 0 0 0 0 57 -193 7061 0 0 0 0 0 0
19.173 162 INS 0 0 0 0 0 0 -26 5 397
19.280 162 GPS_INT 0 0 0 0 0 0 0 0 0 0 0 0 0 0 0 0
19.380 162 ROTORCRAFT_FP 0 0 0 0 0 0 57 -193 7062 0 0 0 0 0 0
19.423 162 INS 0 0 0 0 0 0 -8 63 492
19.530 162 GPS_INT 0 0 0 0 0 0 0 0 0 0 0 0 0 0 0 0
19.625 162 ROTORCRAFT_NAV_STATUS 27 0 0 2 0
19.628 162 ALIVE |14,131,90,31,129,57,158,239,219,213,167,186,238,57,98,28|
19.640 162 ROTORCRAFT_FP 0 0 0 0 0 0 57 -193 7061 0 0 0 0 0 0
19.672 162 INS 0 0 0 0 0 0 0 13 417
19.716 162 ENERGY 0. 0. 0 0.
19.779 162 GPS_INT 0 0 0 0 0 0 0 0 0 0 0 0 0 0 0 0
19.790 162 WP_MOVED_ENU 2 0 1280 1280
19.880 162 ROTORCRAFT_FP 0 0 0 0 0 0 57 -193 7061 0 0 0 0 0 0
19.913 162 DOWNLINK_STATUS 0 20 15110 331 0 781. 18. 46.76
19.920 162 UART_ERRORS 0 0 0 2
19.927 162 INS 0 0 0 0 0 0 16 24 329
20.030 162 GPS_INT 0 0 0 0 0 0 0 0 0 0 0 0 0 0 0 0
20.130 162 ROTORCRAFT_FP 0 0 0 0 0 0 57 -193 7062 0 0 0 0 0 0
20.172 162 INS 0 0 0 0 0 0 28 -15 371
20.198 162 ROTORCRAFT_STATUS 0 0 2 0 0 0 0 0 0 0 0 28
20.212 162 DL_VALUE 25 400.
20.280 162 GPS_INT 0 0 0 0 0 0 0 0 0 0 0 0 0 0 0 0
20.380 162 ROTORCRAFT_FP 0 0 0 0 0 0 57 -193 7059 0 0 0 0 0 0
20.422 162 INS 0 0 0 0 0 0 -12 -33 479
20.451 162 PONG 
20.530 162 GPS_INT 0 0 0 0 0 0 0 0 0 0 0 0 0 0 0 0
20.630 162 ROTORCRAFT_FP 0 0 0 0 0 0 57 -192 7062 0 0 0 0 0 0
20.673 162 INS 0 0 0 0 0 0 -63 -33 412
20.780 162 GPS_INT 0 0 0 0 0 0 0 0 0 0 0 0 0 0 0 0
20.880 162 ROTORCRAFT_FP 0 0 0 0 0 0 56 -192 7062 0 0 0 0 0 0
20.913 162 DOWNLINK_STATUS 0 21 15835 347 0 725. 16. 43.52
20.923 162 INS 0 0 0 0 0 0 -30 -13 386
21.029 162 GPS_INT 0 0 0 0 0 0 0 0 0 0 0 0 0 0 0 0
21.089 162 WP_MOVED_ENU 3 -512 -1280 1280
21.130 162 ROTORCRAFT_FP 0 0 0 0 0 0 56 -192 7062 0 0 0 0 0 0
21.172 162 INS 0 0 0 0 0 0 -56 2 417
21.206 162 ROTORCRAFT_NAV_STATUS 29 0 0 2 0
21.279 162 GPS_INT 0 0 0 0 0 0 0 0 0 0 0 0 0 0 0 0
21.301 162 DL_VALUE 26 200.
21.380 162 ROTORCRAFT_FP 0 0 0 0 0 0 56 -192 7059 0 0 0 0 0 0
21.394 162 WIND_INFO 162 42 0. 0. 0.
21.397 162 WIND_INFO 162 42 0. 0. 0.
21.397 162 ROTORCRAFT_STATUS 0 0 2 0 0 0 0 0 0 0 0 29
21.422 162 INS 0 0 0 0 0 0 13 11 450
21.529 162 GPS_INT 0 0 0 0 0 0 0 0 0 0 0 0 0 0 0 0
21.630 162 ROTORCRAFT_FP 0 0 0 0 0 0 56 -192 7058 0 0 0 0 0 0
21.672 162 INS 0 0 0 0 0 0 70 27 422
21.712 162 ALIVE |14,131,90,31,129,57,158,239,219,213,167,186,238,57,98,28|
21.780 162 GPS_INT 0 0 0 0 0 0 0 0 0 0 0 0 0 0 0 0
21.880 162 ROTORCRAFT_FP 0 0 0 0 0 0 56 -192 7059 0 0 0 0 0 0
21.913 162 DOWNLINK_STATUS 0 22 16596 364 0 761. 17. 43.52
21.922 162 INS 0 0 0 0 0 0 -25 99 460
22.029 162 GPS_INT 0 0 0 0 0 0 0 0 0 0 0 0 0 0 0 0
22.129 162 ROTORCRAFT_FP 0 0 0 0 0 0 56 -192 7059 0 0 0 0 0 0
22.172 162 INS 0 0 0 0 0 0 -11 69 389
22.217 162 ENERGY 0. 0. 0 0.
22.280 162 GPS_INT 0 0 0 0 0 0 0 0 0 0 0 0 0 0 0 0
22.380 162 ROTORCRAFT_FP 0 0 0 0 0 0 56 -192 7062 0 0 0 0 0 0
22.388 162 WP_MOVED_ENU 4 921 -3558 1280
22.403 162 DL_VALUE 27 300.
22.430 162 INS 0 0 0 0 0 0 51 -2 508
22.438 162 INS_REF 462758292 11966448 437326344 7603373 258532 198843 147000 0.
22.529 162 GPS_INT 0 0 0 0 0 0 0 0 0 0 0 0 0 0 0 0
22.598 162 ROTORCRAFT_STATUS 0 0 2 0 0 0 0 0 0 0 0 30
22.630 162 ROTORCRAFT_FP 0 0 0 0 0 0 56 -192 7059 0 0 0 0 0 0
22.672 162 INS 0 0 0 0 0 0 29 -60 383
22.779 162 GPS_INT 0 0 0 0 0 0 0 0 0 0 0 0 0 0 0 0
22.806 162 ROTORCRAFT_NAV_STATUS 30 0 0 2 0
22.880 162 ROTORCRAFT_FP 0 0 0 0 0 0 56 -192 7056 0 0 0 0 0 0
22.914 162 DOWNLINK_STATUS 0 23 17392 382 0 796. 18. 43.52
22.922 162 INS 0 0 0 0 0 0 22 -45 395
23.024 162 UART_ERRORS 0 0 0 3
23.035 162 GPS_INT 0 0 0 0 0 0 0 0 0 0 0 0 0 0 0 0
23.130 162 ROTORCRAFT_FP 0 0 0 0 0 0 56 -192 7057 0 0 0 0 0 0
23.172 162 INS 0 0 0 0 0 0 -2 44 418
23.280 162 GPS_INT 0 0 0 0 0 0 0 0 0 0 0 0 0 0 0 0
23.380 162 ROTORCRAFT_FP 0 0 0 0 0 0 56 -192 7056 0 0 0 0 0 0
23.422 162 INS 0 0 0 0 0 0 -17 8 397
23.500 162 DL_VALUE 28 1000.
23.529 162 GPS_INT 0 0 0 0 0 0 0 0 0 0 0 0 0 0 0 0
23.629 162 ROTORCRAFT_FP 0 0 0 0 0 0 56 -191 7059 0 0 0 0 0 0
23.672 162 INS 0 0 0 0 0 0 -32 -84 403
23.686 162 WP_MOVED_ENU 5 7040 -12339 1280
23.779 162 GPS_INT 0 0 0 0 0 0 0 0 0 0 0 0 0 0 0 0
23.795 162 ROTORCRAFT_STATUS 0 0 2 0 0 0 0 0 0 0 0 31
23.812 162 ALIVE |14,131,90,31,129,57,158,239,219,213,167,186,238,57,98,28|
23.880 162 ROTORCRAFT_FP 0 0 0 0 0 0 56 -192 7057 0 0 0 0 0 0
23.915 162 DOWNLINK_STATUS 0 24 18153 399 0 761. 17. 43.52
23.922 162 INS 0 0 0 0 0 0 8 6 417
24.029 162 GPS_INT 0 0 0 0 0 0 0 0 0 0 0 0 0 0 0 0
24.130 162 ROTORCRAFT_FP 0 0 0 0 0 0 56 -191 7058 0 0 0 0 0 0
24.172 162 INS 0 0 0 0 0 0 86 8 390
24.279 162 GPS_INT 0 0 0 0 0 0 0 0 0 0 0 0 0 0 0 0
24.380 162 ROTORCRAFT_FP 0 0 0 0 0 0 57 -191 7059 0 0 0 0 0 0
24.405 162 ROTORCRAFT_NAV_STATUS 32 0 0 2 0
24.428 162 INS 0 0 0 0 0 0 74 -16 339
24.530 162 GPS_INT 0 0 0 0 0 0 0 0 0 0 0 0 0 0 0 0
24.600 162 DL_VALUE 29 400.
24.630 162 ROTORCRAFT_FP 0 0 0 0 0 0 57 -191 7056 0 0 0 0 0 0
24.672 162 INS 0 0 0 0 0 0 -41 -3 418
24.717 162 ENERGY 0. 0. 0 0.
24.780 162 GPS_INT 0 0 0 0 0 0 0 0 0 0 0 0 0 0 0 0
24.880 162 ROTORCRAFT_FP 0 0 0 0 0 0 57 -191 7057 0 0 0 0 0 0
24.915 162 DOWNLINK_STATUS 0 25 18869 414 0 716. 15. 43.52
24.922 162 INS 0 0 0 0 0 0 42 -31 453
24.987 162 WP_MOVED_ENU 6 4275 -5017 1280
25.003 162 ROTORCRAFT_STATUS 0 0 2 0 0 0 0 0 0 0 0 33
25.029 162 GPS_INT 0 0 0 0 0 0 0 0 0 0 0 0 0 0 0 0
25.129 162 ROTORCRAFT_FP 0 0 0 0 0 0 57 -191 7056 0 0 0 0 0 0
25.172 162 INS 0 0 0 0 0 0 -20 -50 439
25.279 162 GPS_INT 0 0 0 0 0 0 0 0 0 0 0 0 0 0 0 0
25.380 162 ROTORCRAFT_FP 0 0 0 0 0 0 57 -191 7058 0 0 0 0 0 0
25.422 162 INS 0 0 0 0 0 0 -5 -51 414
25.450 162 PONG 
25.529 162 GPS_INT 0 0 0 0 0 0 0 0 0 0 0 0 0 0 0 0
25.630 162 ROTORCRAFT_FP 0 0 0 0 0 0 57 -191 7055 0 0 0 0 0 0
25.672 162 INS 0 0 0 0 0 0 -13 0 485
25.699 162 DL_VALUE 30 200.
25.780 162 GPS_INT 0 0 0 0 0 0 0 0 0 0 0 0 0 0 0 0
25.880 162 ROTORCRAFT_FP 0 0 0 0 0 0 57 -191 7054 0 0 0 0 0 0
25.916 162 DOWNLINK_STATUS 0 26 19600 430 0 731. 16. 42.56
25.920 162 ALIVE |14,131,90,31,129,57,158,239,219,213,167,186,238,57,98,28|
25.927 162 INS 0 0 0 0 0 0 -31 -41 455
26.005 162 ROTORCRAFT_NAV_STATUS 34 0 0 2 0
26.032 162 GPS_INT 0 0 0 0 0 0 0 0 0 0 0 0 0 0 0 0
26.129 162 ROTORCRAFT_FP 0 0 0 0 0 0 57 -191 7056 0 0 0 0 0 0
26.172 162 INS 0 0 0 0 0 0 34 5 406
26.194 162 ROTORCRAFT_STATUS 0 0 2 0 0 0 0 0 0 0 0 34
26.280 162 GPS_INT 0 0 0 0 0 0 0 0 0 0 0 0 0 0 0 0
26.288 162 WP_MOVED_ENU 7 3507 -10419 1280
26.380 162 ROTORCRAFT_FP 0 0 0 0 0 0 57 -191 7056 0 0 0 0 0 0
26.422 162 INS 0 0 0 0 0 0 -6 -21 430
26.529 162 GPS_INT 0 0 0 0 0 0 0 0 0 0 0 0 0 0 0 0
26.629 162 ROTORCRAFT_FP 0 0 0 0 0 0 57 -191 7058 0 0 0 0 0 0
26.672 162 INS 0 0 0 0 0 0 -39 3 427
26.779 162 GPS_INT 0 0 0 0 0 0 0 0 0 0 0 0 0 0 0 0
26.798 162 DL_VALUE 31 300.
26.879 162 ROTORCRAFT_FP 0 0 0 0 0 0 57 -192 7054 0 0 0 0 0 0
26.916 162 DOWNLINK_STATUS 0 27 20361 447 0 761. 17. 42.56
26.922 162 INS 0 0 0 0 0 0 23 11 378
27.029 162 GPS_INT 0 0 0 0 0 0 0 0 0 0 0 0 0 0 0 0
27.130 162 ROTORCRAFT_FP 0 0 0 0 0 0 57 -191 7056 0 0 0 0 0 0
27.172 162 INS 0 0 0 0 0 0 11 56 403
27.216 162 ENERGY 0. 0. 0 0.
27.280 162 GPS_INT 0 0 0 0 0 0 0 0 0 0 0 0 0 0 0 0
27.381 162 ROTORCRAFT_FP 0 0 0 0 0 0 57 -191 7059 0 0 0 0 0 0
27.393 162 ROTORCRAFT_STATUS 0 0 2 0 0 0 0 0 0 0 0 35
27.422 162 INS 0 0 0 0 0 0 -3 -6 421
27.537 162 GPS_INT 0 0 0 0 0 0 0 0 0 0 0 0 0 0 0 0
27.544 162 INS_REF 462758292 11966448 437326344 7603373 258532 198843 147000 0.
27.582 162 WP_MOVED_ENU 8 -5120 -12800 512
27.608 162 ROTORCRAFT_NAV_STATUS 35 0 0 2 0
27.631 162 ROTORCRAFT_FP 0 0 0 0 0 0 57 -192 7061 0 0 0 0 0 0
27.671 162 INS 0 0 0 0 0 0 13 17 402
27.779 162 GPS_INT 0 0 0 0 0 0 0 0 0 0 0 0 0 0 0 0
27.879 162 ROTORCRAFT_FP 0 0 0 0 0 0 58 -192 7064 0 0 0 0 0 0
27.898 162 DL_VALUE 32 500.
27.916 162 DOWNLINK_STATUS 0 28 21157 465 0 796. 18. 42.56
27.922 162 INS 0 0 0 0 0 0 -40 -25 420
28.023 162 ALIVE |14,131,90,31,129,57,158,239,219,213,167,186,238,57,98,28|
28.034 162 GPS_INT 0 0 0 0 0 0 0 0 0 0 0 0 0 0 0 0
28.130 162 ROTORCRAFT_FP 0 0 0 0 0 0 58 -192 7061 0 0 0 0 0 0
28.172 162 INS 0 0 0 0 0 0 6 -37 375
28.279 162 GPS_INT 0 0 0 0 0 0 0 0 0 0 0 0 0 0 0 0
28.380 162 ROTORCRAFT_FP 0 0 0 0 0 0 58 -192 7062 0 0 0 0 0 0
28.422 162 INS 0 0 0 0 0 0 -6 -26 439
28.529 162 GPS_INT 0 0 0 0 0 0 0 0 0 0 0 0 0 0 0 0
28.593 162 ROTORCRAFT_STATUS 0 0 2 0 0 0 0 0 0 0 0 36
28.630 162 ROTORCRAFT_FP 0 0 0 0 0 0 58 -192 7061 0 0 0 0 0 0
28.672 162 INS 0 0 0 0 0 0 -10 -40 390
28.780 162 GPS_INT 0 0 0 0 0 0 0 0 0 0 0 0 0 0 0 0
28.880 162 ROTORCRAFT_FP 0 0 0 0 0 0 58 -192 7060 0 0 0 0 0 0
28.888 162 WP_MOVED_ENU 9 1433 -2790 1280
28.917 162 DOWNLINK_STATUS 0 29 21894 480 0 737. 15. 42.56
28.921 162 INS 0 0 0 0 0 0 -25 -65 433
28.997 162 DL_VALUE 33 300.
29.029 162 GPS_INT 0 0 0 0 0 0 0 0 0 0 0 0 0 0 0 0
29.129 162 ROTORCRAFT_FP 0 0 0 0 0 0 58 -191 7060 0 0 0 0 0 0
29.172 162 INS 0 0 0 0 0 0 -18 3 378
29.203 162 ROTORCRAFT_NAV_STATUS 37 0 0 2 0
29.279 162 GPS_INT 0 0 0 0 0 0 0 0 0 0 0 0 0 0 0 0
29.379 162 ROTORCRAFT_FP 0 0 0 0 0 0 58 -191 7058 0 0 0 0 0 0
29.422 162 INS 0 0 0 0 0 0 15 -8 411
29.529 162 GPS_INT 0 0 0 0 0 0 0 0 0 0 0 0 0 0 0 0
29.630 162 ROTORCRAFT_FP 0 0 0 0 0 0 58 -191 7061 0 0 0 0 0 0
29.672 162 INS 0 0 0 0 0 0 -17 -2 392
29.716 162 ENERGY 0. 0. 0 0.
29.779 162 GPS_INT 0 0 0 0 0 0 0 0 0 0 0 0 0 0 0 0
29.791 162 ROTORCRAFT_STATUS 0 0 2 0 0 0 0 0 0 0 0 37
29.880 162 ROTORCRAFT_FP 0 0 0 0 0 0 58 -191 7058 0 0 0 0 0 0
29.917 162 DOWNLINK_STATUS 0 30 22633 496 0 739. 16. 42.56
29.922 162 INS 0 0 0 0 0 0 8 2 402
30.029 162 GPS_INT 0 0 0 0 0 0 0 0 0 0 0 0 0 0 0 0
30.097 162 DL_VALUE 34 10.
30.123 162 ALIVE |14,131,90,31,129,57,158,239,219,213,167,186,238,57,98,28|
30.134 162 ROTORCRAFT_FP 0 0 0 0 0 0 58 -191 7060 0 0 0 0 0 0
30.172 162 INS 0 0 0 0 0 0 -38 -54 380
30.184 162 WP_MOVED_ENU 0 10752 10752 1280
30.280 162 GPS_INT 0 0 0 0 0 0 0 0 0 0 0 0 0 0 0 0
30.380 162 ROTORCRAFT_FP 0 0 0 0 0 0 58 -191 7062 0 0 0 0 0 0
30.421 162 INS 0 0 0 0 0 0 -16 -35 470
30.450 162 PONG 
30.529 162 GPS_INT 0 0 0 0 0 0 0 0 0 0 0 0 0 0 0 0
30.629 162 ROTORCRAFT_FP 0 0 0 0 0 0 58 -192 7058 0 0 0 0 0 0
30.672 162 INS 0 0 0 0 0 0 24 5 509
30.779 162 GPS_INT 0 0 0 0 0 0 0 0 0 0 0 0 0 0 0 0
30.803 162 ROTORCRAFT_NAV_STATUS 38 0 0 2 0
30.879 162 ROTORCRAFT_FP 0 0 0 0 0 0 58 -192 7059 0 0 0 0 0 0
30.917 162 DOWNLINK_STATUS 0 31 23377 513 0 744. 17. 42.6
30.922 162 INS 0 0 0 0 0 0 19 27 455
30.991 162 ROTORCRAFT_STATUS 0 0 2 0 0 0 0 0 0 0 0 39
31.029 162 GPS_INT 0 0 0 0 0 0 0 0 0 0 0 0 0 0 0 0
31.130 162 ROTORCRAFT_FP 0 0 0 0 0 0 58 -192 7059 0 0 0 0 0 0
31.172 162 INS 0 0 0 0 0 0 -47 -20 471
31.197 162 DL_VALUE 35 300.
31.279 162 GPS_INT 0 0 0 0 0 0 0 0 0 0 0 0 0 0 0 0
31.380 162 ROTORCRAFT_FP 0 0 0 0 0 0 58 -192 7060 0 0 0 0 0 0
31.394 162 WIND_INFO 162 42 0. 0. 0.
31.397 162 WIND_INFO 162 42 0. 0. 0.
31.422 162 INS 0 0 0 0 0 0 12 -9 459
31.480 162 WP_MOVED_ENU 1 0 0 1280
31.528 162 GPS_INT 0 0 0 0 0 0 0 0 0 0 0 0 0 0 0 0
31.629 162 ROTORCRAFT_FP 0 0 0 0 0 0 58 -192 7059 0 0 0 0 0 0
31.672 162 INS 0 0 0 0 0 0 1 -37 478
31.779 162 GPS_INT 0 0 0 0 0 0 0 0 0 0 0 0 0 0 0 0
31.880 162 ROTORCRAFT_FP 0 0 0 0 0 0 58 -191 7061 0 0 0 0 0 0
31.917 162 DOWNLINK_STATUS 0 32 24102 528 0 725. 15. 42.6
31.921 162 INS 0 0 0 0 0 0 23 -49 463
32.029 162 GPS_INT 0 0 0 0 0 0 0 0 0 0 0 0 0 0 0 0
32.129 162 ROTORCRAFT_FP 0 0 0 0 0 0 58 -192 7064 0 0 0 0 0 0
32.172 162 INS 0 0 0 0 0 0 -38 -52 330
32.190 162 ROTORCRAFT_STATUS 0 0 2 0 0 0 0 0 0 0 0 40
32.209 162 ALIVE |14,131,90,31,129,57,158,239,219,213,167,186,238,57,98,28|
32.225 162 ENERGY 0. 0. 0 0.
32.279 162 GPS_INT 0 0 0 0 0 0 0 0 0 0 0 0 0 0 0 0
32.296 162 DL_VALUE 36 400.
32.380 162 ROTORCRAFT_FP 0 0 0 0 0 0 58 -191 7061 0 0 0 0 0 0
32.403 162 ROTORCRAFT_NAV_STATUS 40 0 0 2 0
32.425 162 INS 0 0 0 0 0 0 -10 7 441
32.529 162 GPS_INT 0 0 0 0 0 0 0 0 0 0 0 0 0 0 0 0
32.638 162 ROTORCRAFT_FP 0 0 0 0 0 0 58 -191 7062 0 0 0 0 0 0
32.643 162 INS_REF 462758292 11966448 437326344 7603373 258532 198843 147000 0.
32.672 162 INS 0 0 0 0 0 0 57 13 411
32.779 162 GPS_INT 0 0 0 0 0 0 0 0 0 0 0 0 0 0 0 0
32.789 162 WP_MOVED_ENU 2 0 1280 1280
32.880 162 ROTORCRAFT_FP 0 0 0 0 0 0 58 -191 7059 0 0 0 0 0 0
32.918 162 DOWNLINK_STATUS 0 33 24921 547 0 819. 19. 42.6
32.925 162 I2C_ERRORS 0 2104 0 0 0 0 0 0 0 0 2
32.932 162 INS 0 0 0 0 0 0 -25 -31 455
33.028 162 GPS_INT 0 0 0 0 0 0 0 0 0 0 0 0 0 0 0 0
33.129 162 ROTORCRAFT_FP 0 0 0 0 0 0 58 -191 7058 0 0 0 0 0 0
33.172 162 INS 0 0 0 0 0 0 2 14 407
33.280 162 GPS_INT 0 0 0 0 0 0 0 0 0 0 0 0 0 0 0 0
33.379 162 ROTORCRAFT_FP 0 0 0 0 0 0 58 -191 7062 0 0 0 0 0 0
33.389 162 ROTORCRAFT_STATUS 0 0 2 0 0 0 0 0 0 0 0 41
33.403 162 DL_VALUE 37 400.
33.426 162 INS 0 0 0 0 0 0 5 -39 370
33.529 162 GPS_INT 0 0 0 0 0 0 0 0 0 0 0 0 0 0 0 0
33.629 162 ROTORCRAFT_FP 0 0 0 0 0 0 58 -191 7061 0 0 0 0 0 0
33.672 162 INS 0 0 0 0 0 0 24 5 450
33.779 162 GPS_INT 0 0 0 0 0 0 0 0 0 0 0 0 0 0 0 0
33.879 162 ROTORCRAFT_FP 0 0 0 0 0 0 57 -191 7062 0 0 0 0 0 0
33.919 162 DOWNLINK_STATUS 0 34 25656 562 0 735. 15. 42.6
33.922 162 INS 0 0 0 0 0 0 -17 -50 455
34.002 162 ROTORCRAFT_NAV_STATUS 42 0 0 2 0
34.029 162 GPS_INT 0 0 0 0 0 0 0 0 0 0 0 0 0 0 0 0
34.076 162 WP_MOVED_ENU 3 -512 -1280 1280
34.130 162 ROTORCRAFT_FP 0 0 0 0 0 0 57 -191 7059 0 0 0 0 0 0
34.172 162 INS 0 0 0 0 0 0 41 -42 378
34.278 162 GPS_INT 0 0 0 0 0 0 0 0 0 0 0 0 0 0 0 0
34.309 162 ALIVE |14,131,90,31,129,57,158,239,219,213,167,186,238,57,98,28|
34.379 162 ROTORCRAFT_FP 0 0 0 0 0 0 57 -191 7058 0 0 0 0 0 0
34.421 162 INS 0 0 0 0 0 0 44 9 469
34.495 162 DL_VALUE 38 350.
34.529 162 GPS_INT 0 0 0 0 0 0 0 0 0 0 0 0 0 0 0 0
34.588 162 ROTORCRAFT_STATUS 0 0 2 0 0 0 0 0 0 0 0 42
34.629 162 ROTORCRAFT_FP 0 0 0 0 0 0 58 -192 7059 0 0 0 0 0 0
34.671 162 INS 0 0 0 0 0 0 10 61 414
34.718 162 ENERGY 0. 0. 0 0.
34.779 162 GPS_INT 0 0 0 0 0 0 0 0 0 0 0 0 0 0 0 0
34.879 162 ROTORCRAFT_FP 0 0 0 0 0 0 58 -192 7056 0 0 0 0 0 0
34.919 162 DOWNLINK_STATUS 0 35 26437 580 0 781. 18. 42.6
34.922 162 INS 0 0 0 0 0 0 12 16 338
35.029 162 GPS_INT 0 0 0 0 0 0 0 0 0 0 0 0 0 0 0 0
35.129 162 ROTORCRAFT_FP 0 0 0 0 0 0 58 -192 7059 0 0 0 0 0 0
35.172 162 INS 0 0 0 0 0 0 -16 -4 367
35.278 162 GPS_INT 0 0 0 0 0 0 0 0 0 0 0 0 0 0 0 0
35.379 162 ROTORCRAFT_FP 0 0 0 0 0 0 57 -192 7060 0 0 0 0 0 0
35.387 162 WP_MOVED_ENU 4 921 -3558 1280
35.421 162 INS 0 0 0 0 0 0 -6 -29 420
35.449 162 PONG 
35.529 162 GPS_INT 0 0 0 0 0 0 0 0 0 0 0 0 0 0 0 0
35.595 162 DL_VALUE 39 75.
35.615 162 ROTORCRAFT_NAV_STATUS 43 0 0 2 0
35.639 162 ROTORCRAFT_FP 0 0 0 0 0 0 58 -192 7063 0 0 0 0 0 0
35.671 162 INS 0 0 0 0 0 0 -24 -47 409
35.779 162 GPS_INT 0 0 0 0 0 0 0 0 0 0 0 0 0 0 0 0
35.788 162 ROTORCRAFT_STATUS 0 0 2 0 0 0 0 0 0 0 0 43
35.879 162 ROTORCRAFT_FP 0 0 0 0 0 0 58 -192 7056 0 0 0 0 0 0
35.919 162 DOWNLINK_STATUS 0 36 27181 597 0 744. 17. 41.64
35.921 162 INS 0 0 0 0 0 0 -109 -28 461
36.029 162 GPS_INT 0 0 0 0 0 0 0 0 0 0 0 0 0 0 0 0
36.129 162 ROTORCRAFT_FP 0 0 0 0 0 0 57 -192 7057 0 0 0 0 0 0
36.171 162 INS 0 0 0 0 0 0 26 -4 411
36.279 162 GPS_INT 0 0 0 0 0 0 0 0 0 0 0 0 0 0 0 0
36.379 162 ROTORCRAFT_FP 0 0 0 0 0 0 57 -193 7061 0 0 0 0 0 0
36.408 162 ALIVE |14,131,90,31,129,57,158,239,219,213,167,186,238,57,98,28|
36.429 162 INS 0 0 0 0 0 0 0 -27 400
36.529 162 GPS_INT 0 0 0 0 0 0 0 0 0 0 0 0 0 0 0 0
36.628 162 ROTORCRAFT_FP 0 0 0 0 0 0 58 -192 7058 0 0 0 0 0 0
36.672 162 INS 0 0 0 0 0 0 82 3 345
36.683 162 WP_MOVED_ENU 5 7040 -12339 1280
36.699 162 DL_VALUE 40 75.
36.779 162 GPS_INT 0 0 0 0 0 0 0 0 0 0 0 0 0 0 0 0
36.880 162 ROTORCRAFT_FP 0 0 0 0 0 0 58 -192 7060 0 0 0 0 0 0
36.920 162 DOWNLINK_STATUS 0 37 27906 612 0 725. 15. 41.64
36.921 162 INS 0 0 0 0 0 0 39 -61 472
36.986 162 ROTORCRAFT_STATUS 0 0 2 0 0 0 0 0 0 0 0 45
37.029 162 GPS_INT 0 0 0 0 0 0 0 0 0 0 0 0 0 0 0 0
37.130 162 ROTORCRAFT_FP 0 0 0 0 0 0 58 -192 7059 0 0 0 0 0 0
37.171 162 INS 0 0 0 0 0 0 -13 13 446
37.201 162 ROTORCRAFT_NAV_STATUS 45 0 0 2 0
37.221 162 ENERGY 0. 0. 0 0.
37.279 162 GPS_INT 0 0 0 0 0 0 0 0 0 0 0 0 0 0 0 0
37.379 162 ROTORCRAFT_FP 0 0 0 0 0 0 58 -192 7060 0 0 0 0 0 0
37.421 162 INS 0 0 0 0 0 0 -78 -38 489
37.529 162 GPS_INT 0 0 0 0 0 0 0 0 0 0 0 0 0 0 0 0
37.633 162 ROTORCRAFT_FP 0 0 0 0 0 0 58 -193 7062 0 0 0 0 0 0
37.671 162 INS 0 0 0 0 0 0 16 -12 367
37.724 162 INS_REF 462758292 11966448 437326344 7603373 258532 198843 147000 0.
37.779 162 GPS_INT 0 0 0 0 0 0 0 0 0 0 0 0 0 0 0 0
37.794 162 DL_VALUE 41 50.
37.879 162 ROTORCRAFT_FP 0 0 0 0 0 0 58 -192 7055 0 0 0 0 0 0
37.920 162 DOWNLINK_STATUS 0 38 28683 629 0 777. 17. 41.64
37.922 162 INS 0 0 0 0 0 0 2 -16 377
37.973 162 WP_MOVED_ENU 6 4275 -5017 1280
38.029 162 GPS_INT 0 0 0 0 0 0 0 0 0 0 0 0 0 0 0 0
38.129 162 ROTORCRAFT_FP 0 0 0 0 0 0 58 -192 7057 0 0 0 0 0 0
38.171 162 INS 0 0 0 0 0 0 -2 -60 344
38.185 162 ROTORCRAFT_STATUS 0 0 2 0 0 0 0 0 0 0 0 46
38.279 162 GPS_INT 0 0 0 0 0 0 0 0 0 0 0 0 0 0 0 0
38.379 162 ROTORCRAFT_FP 0 0 0 0 0 0 57 -192 7057 0 0 0 0 0 0
38.421 162 INS 0 0 0 0 0 0 -12 18 442
38.508 162 ALIVE |14,131,90,31,129,57,158,239,219,213,167,186,238,57,98,28|
38.532 162 GPS_INT 0 0 0 0 0 0 0 0 0 0 0 0 0 0 0 0
38.633 162 ROTORCRAFT_FP 0 0 0 0 0 0 57 -192 7061 0 0 0 0 0 0
38.671 162 INS 0 0 0 0 0 0 20 8 435
38.779 162 GPS_INT 0 0 0 0 0 0 0 0 0 0 0 0 0 0 0 0
38.802 162 ROTORCRAFT_NAV_STATUS 46 0 0 2 0
38.879 162 ROTORCRAFT_FP 0 0 0 0 0 0 58 -192 7059 0 0 0 0 0 0
38.896 162 DL_VALUE 42 300.
38.920 162 DOWNLINK_STATUS 0 39 29444 646 0 761. 17. 41.64
38.921 162 INS 0 0 0 0 0 0 49 -32 409
39.029 162 GPS_INT 0 0 0 0 0 0 0 0 0 0 0 0 0 0 0 0
39.129 162 ROTORCRAFT_FP 0 0 0 0 0 0 58 -192 7058 0 0 0 0 0 0
39.171 162 INS 0 0 0 0 0 0 42 -13 434
39.283 162 GPS_INT 0 0 0 0 0 0 0 0 0 0 0 0 0 0 0 0
39.285 162 WP_MOVED_ENU 7 3507 -10419 1280
39.379 162 ROTORCRAFT_FP 0 0 0 0 0 0 58 -192 7060 0 0 0 0 0 0
39.388 162 ROTORCRAFT_STATUS 0 0 2 0 0 0 0 0 0 0 0 47
39.422 162 INS 0 0 0 0 0 0 -43 60 415
39.529 162 GPS_INT 0 0 0 0 0 0 0 0 0 0 0 0 0 0 0 0
39.632 162 ROTORCRAFT_FP 0 0 0 0 0 0 58 -192 7059 0 0 0 0 0 0
39.671 162 INS 0 0 0 0 0 0 45 30 461
39.715 162 ENERGY 0. 0. 0 0.
39.778 162 GPS_INT 0 0 0 0 0 0 0 0 0 0 0 0 0 0 0 0
39.879 162 ROTORCRAFT_FP 0 0 0 0 0 0 58 -192 7062 0 0 0 0 0 0
39.920 162 DOWNLINK_STATUS 0 40 30178 661 0 734. 15. 41.64
39.921 162 INS 0 0 0 0 0 0 34 -26 482
39.993 162 DL_VALUE 43 300.
40.029 162 GPS_INT 0 0 0 0 0 0 0 0 0 0 0 0 0 0 0 0
40.130 162 ROTORCRAFT_FP 0 0 0 0 0 0 58 -192 7059 0 0 0 0 0 0
40.171 162 INS 0 0 0 0 0 0 53 -61 431
40.279 162 GPS_INT 0 0 0 0 0 0 0 0 0 0 0 0 0 0 0 0
40.379 162 ROTORCRAFT_FP 0 0 0 0 0 0 58 -192 7059 0 0 0 0 0 0
40.400 162 ROTORCRAFT_NAV_STATUS 48 0 0 2 0
40.423 162 INS 0 0 0 0 0 0 -9 -13 372
40.451 162 PONG 
40.529 162 GPS_INT 0 0 0 0 0 0 0 0 0 0 0 0 0 0 0 0
40.570 162 WP_MOVED_ENU 8 -5120 -12800 512
40.587 162 ROTORCRAFT_STATUS 0 0 2 0 0 0 0 0 0 0 0 48
40.608 162 ALIVE |14,131,90,31,129,57,158,239,219,213,167,186,238,57,98,28|
40.633 162 ROTORCRAFT_FP 0 0 0 0 0 0 58 -192 7057 0 0 0 0 0 0
40.671 162 INS 0 0 0 0 0 0 5 -3 422
40.779 162 GPS_INT 0 0 0 0 0 0 0 0 0 0 0 0 0 0 0 0
40.879 162 ROTORCRAFT_FP 0 0 0 0 0 0 58 -192 7055 0 0 0 0 0 0
40.920 162 DOWNLINK_STATUS 0 41 30945 679 0 767. 18. 43.44
40.921 162 INS 0 0 0 0 0 0 -24 119 383
41.028 162 GPS_INT 0 0 0 0 0 0 0 0 0 0 0 0 0 0 0 0
41.093 162 DL_VALUE 44 300.
41.129 162 ROTORCRAFT_FP 0 0 0 0 0 0 58 -193 7059 0 0 0 0 0 0
41.171 162 INS 0 0 0 0 0 0 -13 11 387
41.279 162 GPS_INT 0 0 0 0 0 0 0 0 0 0 0 0 0 0 0 0
41.379 162 ROTORCRAFT_FP 0 0 0 0 0 0 58 -192 7058 0 0 0 0 0 0
41.395 162 WIND_INFO 162 42 0. 0. 0.
41.397 162 WIND_INFO 162 42 0. 0. 0.
41.421 162 INS 0 0 0 0 0 0 7 78 404
41.529 162 GPS_INT 0 0 0 0 0 0 0 0 0 0 0 0 0 0 0 0
41.625 162 UART_ERRORS 0 0 0 2
41.632 162 ROTORCRAFT_FP 0 0 0 0 0 0 58 -193 7060 0 0 0 0 0 0
41.670 162 INS 0 0 0 0 0 0 -19 16 378
41.779 162 GPS_INT 0 0 0 0 0 0 0 0 0 0 0 0 0 0 0 0
41.789 162 ROTORCRAFT_STATUS 0 0 2 0 0 0 0 0 0 0 0 49
41.883 162 ROTORCRAFT_FP 0 0 0 0 0 0 58 -192 7057 0 0 0 0 0 0
41.886 162 WP_MOVED_ENU 9 1433 -2790 1280
41.920 162 DOWNLINK_STATUS 0 42 31683 695 0 738. 16. 43.44
41.921 162 INS 0 0 0 0 0 0 -10 35 434
41.999 162 ROTORCRAFT_NAV_STATUS 50 0 0 2 0
42.028 162 GPS_INT 0 0 0 0 0 0 0 0 0 0 0 0 0 0 0 0
42.129 162 ROTORCRAFT_FP 0 0 0 0 0 0 57 -193 7058 0 0 0 0 0 0
42.171 162 INS 0 0 0 0 0 0 0 9 481
42.192 162 DL_VALUE 45 30.
42.215 162 ENERGY 0. 0. 0 0.
42.278 162 GPS_INT 0 0 0 0 0 0 0 0 0 0 0 0 0 0 0 0
42.379 162 ROTORCRAFT_FP 0 0 0 0 0 0 57 -192 7059 0 0 0 0 0 0
42.421 162 INS 0 0 0 0 0 0 -5 -1 358
42.528 162 GPS_INT 0 0 0 0 0 0 0 0 0 0 0 0 0 0 0 0
42.633 162 ROTORCRAFT_FP 0 0 0 0 0 0 57 -192 7060 0 0 0 0 0 0
42.671 162 INS 0 0 0 0 0 0 39 -21 404
42.707 162 ALIVE |14,131,90,31,129,57,158,239,219,213,167,186,238,57,98,28|
42.778 162 GPS_INT 0 0 0 0 0 0 0 0 0 0 0 0 0 0 0 0
42.821 162 INS_REF 462758292 11966448 437326344 7603373 258532 198843 147000 0.
42.879 162 ROTORCRAFT_FP 0 0 0 0 0 0 57 -192 7061 0 0 0 0 0 0
42.921 162 DOWNLINK_STATUS 0 43 32460 712 0 777. 17. 43.44
42.922 162 INS 0 0 0 0 0 0 -39 5 441
42.982 162 ROTORCRAFT_STATUS 0 0 2 0 0 0 0 0 0 0 0 51
43.029 162 GPS_INT 0 0 0 0 0 0 0 0 0 0 0 0 0 0 0 0
43.133 162 ROTORCRAFT_FP 0 0 0 0 0 0 57 -193 7060 0 0 0 0 0 0
43.175 162 INS 0 0 0 0 0 0 17 36 510
43.178 162 WP_MOVED_ENU 0 10752 10752 1280
43.279 162 GPS_INT 0 0 0 0 0 0 0 0 0 0 0 0 0 0 0 0
43.291 162 DL_VALUE 46 0.063
43.378 162 ROTORCRAFT_FP 0 0 0 0 0 0 57 -193 7058 0 0 0 0 0 0
43.421 162 INS 0 0 0 0 0 0 -5 33 329
43.528 162 GPS_INT 0 0 0 0 0 0 0 0 0 0 0 0 0 0 0 0
43.599 162 ROTORCRAFT_NAV_STATUS 51 0 0 2 0
43.631 162 ROTORCRAFT_FP 0 0 0 0 0 0 57 -193 7062 0 0 0 0 0 0
43.672 162 INS 0 0 0 0 0 0 -3 1 465
43.778 162 GPS_INT 0 0 0 0 0 0 0 0 0 0 0 0 0 0 0 0
43.879 162 ROTORCRAFT_FP 0 0 0 0 0 0 57 -193 7062 0 0 0 0 0 0
43.921 162 INS 0 0 0 0 0 0 -23 -117 484
43.922 162 DOWNLINK_STATUS 0 44 33240 729 0 780. 17. 43.44
44.029 162 GPS_INT 0 0 0 0 0 0 0 0 0 0 0 0 0 0 0 0
44.131 162 ROTORCRAFT_FP 0 0 0 0 0 0 57 -193 7064 0 0 0 0 0 0
44.171 162 INS 0 0 0 0 0 0 45 -92 386
44.185 162 ROTORCRAFT_STATUS 0 0 2 0 0 0 0 0 0 0 0 52
44.279 162 GPS_INT 0 0 0 0 0 0 0 0 0 0 0 0 0 0 0 0
44.379 162 ROTORCRAFT_FP 0 0 0 0 0 0 57 -193 7063 0 0 0 0 0 0
44.392 162 DL_VALUE 47 0.9
44.421 162 INS 0 0 0 0 0 0 2 38 437
44.466 162 WP_MOVED_ENU 1 0 0 1280
44.529 162 GPS_INT 0 0 0 0 0 0 0 0 0 0 0 0 0 0 0 0
44.631 162 ROTORCRAFT_FP 0 0 0 0 0 0 57 -193 7061 0 0 0 0 0 0
44.671 162 INS 0 0 0 0 0 0 38 -6 420
44.706 162 UART_ERRORS 0 0 0 3
44.724 162 ENERGY 0. 0. 0 0.
44.778 162 GPS_INT 0 0 0 0 0 0 0 0 0 0 0 0 0 0 0 0
44.807 162 ALIVE |14,131,90,31,129,57,158,239,219,213,167,186,238,57,98,28|
44.878 162 ROTORCRAFT_FP 0 0 0 0 0 0 57 -193 7059 0 0 0 0 0 0
44.921 162 INS 0 0 0 0 0 0 23 82 393
44.922 162 DOWNLINK_STATUS 0 45 34021 747 0 781. 18. 43.44
45.028 162 GPS_INT 0 0 0 0 0 0 0 0 0 0 0 0 0 0 0 0
45.130 162 ROTORCRAFT_FP 0 0 0 0 0 0 57 -193 7059 0 0 0 0 0 0
45.171 162 INS 0 0 0 0 0 0 26 64 374
45.199 162 ROTORCRAFT_NAV_STATUS 53 0 0 2 0
45.278 162 GPS_INT 0 0 0 0 0 0 0 0 0 0 0 0 0 0 0 0
45.379 162 ROTORCRAFT_FP 0 0 0 0 0 0 57 -193 7062 0 0 0 0 0 0
45.388 162 ROTORCRAFT_STATUS 0 0 2 0 0 0 0 0 0 0 0 53
45.421 162 INS 0 0 0 0 0 0 13 47 359
45.449 162 PONG 
45.491 162 DL_VALUE 48 0.04
45.529 162 GPS_INT 0 0 0 0 0 0 0 0 0 0 0 0 0 0 0 0
45.633 162 ROTORCRAFT_FP 0 0 0 0 0 0 57 -193 7056 0 0 0 0 0 0
45.671 162 INS 0 0 0 0 0 0 -52 -40 421
45.783 162 GPS_INT 0 0 0 0 0 0 0 0 0 0 0 0 0 0 0 0
45.785 162 WP_MOVED_ENU 2 0 1280 1280
45.879 162 ROTORCRAFT_FP 0 0 0 0 0 0 57 -193 7060 0 0 0 0 0 0
45.921 162 INS 0 0 0 0 0 0 -60 0 293
45.922 162 DOWNLINK_STATUS 0 46 34765 764 0 744. 17. 40.33
46.029 162 GPS_INT 0 0 0 0 0 0 0 0 0 0 0 0 0 0 0 0
46.136 162 ROTORCRAFT_FP 0 0 0 0 0 0 57 -193 7059 0 0 0 0 0 0
46.171 162 INS 0 0 0 0 0 0 1 32 334
46.278 162 GPS_INT 0 0 0 0 0 0 0 0 0 0 0 0 0 0 0 0
46.380 162 ROTORCRAFT_FP 0 0 0 0 0 0 57 -193 7060 0 0 0 0 0 0
46.421 162 INS 0 0 0 0 0 0 -29 -20 401
46.528 162 GPS_INT 0 0 0 0 0 0 0 0 0 0 0 0 0 0 0 0
46.580 162 ROTORCRAFT_STATUS 0 0 2 0 0 0 0 0 0 0 0 54
46.594 162 DL_VALUE 49 0.9
46.639 162 ROTORCRAFT_FP 0 0 0 0 0 0 57 -193 7061 0 0 0 0 0 0
46.671 162 INS 0 0 0 0 0 0 6 37 363
46.778 162 GPS_INT 0 0 0 0 0 0 0 0 0 0 0 0 0 0 0 0
46.799 162 ROTORCRAFT_NAV_STATUS 54 0 0 2 0
46.879 162 ROTORCRAFT_FP 0 0 0 0 0 0 57 -193 7057 0 0 0 0 0 0
46.906 162 ALIVE |14,131,90,31,129,57,158,239,219,213,167,186,238,57,98,28|
46.923 162 DOWNLINK_STATUS 0 47 35465 779 0 700. 15. 40.33
46.927 162 INS 0 0 0 0 0 0 2 2 456
47.033 162 GPS_INT 0 0 0 0 0 0 0 0 0 0 0 0 0 0 0 0
47.064 162 WP_MOVED_ENU 3 -512 -1280 1280
47.132 162 ROTORCRAFT_FP 0 0 0 0 0 0 57 -193 7058 0 0 0 0 0 0
47.170 162 INS 0 0 0 0 0 0 12 22 378
47.215 162 ENERGY 0. 0. 0 0.
47.278 162 GPS_INT 0 0 0 0 0 0 0 0 0 0 0 0 0 0 0 0
47.378 162 ROTORCRAFT_FP 0 0 0 0 0 0 57 -193 7057 0 0 0 0 0 0
47.421 162 INS 0 0 0 0 0 0 10 32 368
47.529 162 GPS_INT 0 0 0 0 0 0 0 0 0 0 0 0 0 0 0 0
47.637 162 ROTORCRAFT_FP 0 0 0 0 0 0 57 -193 7059 0 0 0 0 0 0
47.671 162 INS 0 0 0 0 0 0 46 -35 424
47.690 162 DL_VALUE 0 0.
47.778 162 GPS_INT 0 0 0 0 0 0 0 0 0 0 0 0 0 0 0 0
47.788 162 ROTORCRAFT_STATUS 0 0 2 0 0 0 0 0 0 0 0 55
47.878 162 ROTORCRAFT_FP 0 0 0 0 0 0 57 -193 7059 0 0 0 0 0 0
47.923 162 DOWNLINK_STATUS 0 48 36210 795 0 745. 16. 40.33
47.928 162 INS_REF 462758292 11966448 437326344 7603373 258532 198843 147000 0.
47.935 162 INS 0 0 0 0 0 0 29 43 398
48.028 162 GPS_INT 0 0 0 0 0 0 0 0 0 0 0 0 0 0 0 0
48.137 162 ROTORCRAFT_FP 0 0 0 0 0 0 57 -192 7056 0 0 0 0 0 0
48.170 162 INS 0 0 0 0 0 0 7 -2 426
48.278 162 GPS_INT 0 0 0 0 0 0 0 0 0 0 0 0 0 0 0 0
48.383 162 ROTORCRAFT_FP 0 0 0 0 0 0 57 -192 7059 0 0 0 0 0 0
48.385 162 WP_MOVED_ENU 4 921 -3558 1280
48.397 162 ROTORCRAFT_NAV_STATUS 56 0 0 2 0
48.420 162 INS 0 0 0 0 0 0 -39 -25 435
48.530 162 GPS_INT 0 0 0 0 0 0 0 0 0 0 0 0 0 0 0 0
48.641 162 ROTORCRAFT_FP 0 0 0 0 0 0 57 -192 7058 0 0 0 0 0 0
48.670 162 INS 0 0 0 0 0 0 -97 1 413
48.779 162 GPS_INT 0 0 0 0 0 0 0 0 0 0 0 0 0 0 0 0
48.789 162 DL_VALUE 1 13.
48.878 162 ROTORCRAFT_FP 0 0 0 0 0 0 57 -192 7059 0 0 0 0 0 0
48.921 162 INS 0 0 0 0 0 0 -55 -10 466
48.923 162 DOWNLINK_STATUS 0 49 37005 812 0 795. 17. 40.33
48.978 162 ROTORCRAFT_STATUS 0 0 2 0 0 0 0 0 0 0 0 57
49.005 162 ALIVE |14,131,90,31,129,57,158,239,219,213,167,186,238,57,98,28|
49.034 162 GPS_INT 0 0 0 0 0 0 0 0 0 0 0 0 0 0 0 0
49.136 162 ROTORCRAFT_FP 0 0 0 0 0 0 57 -192 7059 0 0 0 0 0 0
49.171 162 INS 0 0 0 0 0 0 75 71 408
49.278 162 GPS_INT 0 0 0 0 0 0 0 0 0 0 0 0 0 0 0 0
49.314 162 I2C_ERRORS 0 2943 0 0 0 0 0 0 0 0 2
49.379 162 ROTORCRAFT_FP 0 0 0 0 0 0 57 -191 7058 0 0 0 0 0 0
49.421 162 INS 0 0 0 0 0 0 65 -24 393
49.529 162 GPS_INT 0 0 0 0 0 0 0 0 0 0 0 0 0 0 0 0
49.640 162 ROTORCRAFT_FP 0 0 0 0 0 0 57 -191 7062 0 0 0 0 0 0
49.676 162 WP_MOVED_ENU 5 7040 -12339 1280
49.677 162 INS 0 0 0 0 0 0 11 -25 433
49.714 162 ENERGY 0. 0. 0 0.
49.779 162 GPS_INT 0 0 0 0 0 0 0 0 0 0 0 0 0 0 0 0
49.878 162 ROTORCRAFT_FP 0 0 0 0 0 0 57 -191 7061 0 0 0 0 0 0
49.889 162 DL_VALUE 2 1.
49.920 162 INS 0 0 0 0 0 0 8 -66 516
49.923 162 DOWNLINK_STATUS 0 50 37802 830 0 797. 18. 40.33
49.997 162 ROTORCRAFT_NAV_STATUS 58 0 0 2 0
50.029 162 GPS_INT 0 0 0 0 0 0 0 0 0 0 0 0 0 0 0 0
50.141 162 ROTORCRAFT_FP 0 0 0 0 0 0 57 -191 7059 0 0 0 0 0 0
50.170 162 INS 0 0 0 0 0 0 32 -39 349
50.184 162 ROTORCRAFT_STATUS 0 0 2 0 0 0 0 0 0 0 0 58
50.278 162 GPS_INT 0 0 0 0 0 0 0 0 0 0 0 0 0 0 0 0
50.378 162 ROTORCRAFT_FP 0 0 0 0 0 0 57 -191 7058 0 0 0 0 0 0
50.421 162 INS 0 0 0 0 0 0 33 -50 345
50.449 162 PONG 
50.529 162 GPS_INT 0 0 0 0 0 0 0 0 0 0 0 0 0 0 0 0
50.637 162 ROTORCRAFT_FP 0 0 0 0 0 0 57 -190 7057 0 0 0 0 0 0
50.671 162 INS 0 0 0 0 0 0 -1 -7 489
50.778 162 GPS_INT 0 0 0 0 0 0 0 0 0 0 0 0 0 0 0 0
50.879 162 ROTORCRAFT_FP 0 0 0 0 0 0 57 -190 7058 0 0 0 0 0 0
50.921 162 INS 0 0 0 0 0 0 48 -50 388
50.924 162 DOWNLINK_STATUS 0 51 38516 845 0 714. 15. 40.08
50.961 162 WP_MOVED_ENU 6 4275 -5017 1280
50.988 162 DL_VALUE 3 0.
51.029 162 GPS_INT 0 0 0 0 0 0 0 0 0 0 0 0 0 0 0 0
51.105 162 ALIVE |14,131,90,31,129,57,158,239,219,213,167,186,238,57,98,28|
51.139 162 ROTORCRAFT_FP 0 0 0 0 0 0 57 -189 7057 0 0 0 0 0 0
51.170 162 INS 0 0 0 0 0 0 -48 -25 471
51.277 162 GPS_INT 0 0 0 0 0 0 0 0 0 0 0 0 0 0 0 0
51.378 162 ROTORCRAFT_FP 0 0 0 0 0 0 57 -189 7059 0 0 0 0 0 0
51.388 162 ROTORCRAFT_STATUS 0 0 2 0 0 0 0 0 0 0 0 59
51.395 162 WIND_INFO 162 42 0. 0. 0.
51.397 162 WIND_INFO 162 42 0. 0. 0.
51.420 162 INS 0 0 0 0 0 0 -44 -28 338
51.528 162 GPS_INT 0 0 0 0 0 0 0 0 0 0 0 0 0 0 0 0
51.597 162 ROTORCRAFT_NAV_STATUS 59 0 0 2 0
51.643 162 ROTORCRAFT_FP 0 0 0 0 0 0 57 -190 7054 0 0 0 0 0 0
51.670 162 INS 0 0 0 0 0 0 1 -56 433
51.778 162 GPS_INT 0 0 0 0 0 0 0 0 0 0 0 0 0 0 0 0
51.878 162 ROTORCRAFT_FP 0 0 0 0 0 0 57 -189 7057 0 0 0 0 0 0
51.921 162 INS 0 0 0 0 0 0 -5 -16 406
51.924 162 DOWNLINK_STATUS 0 52 39277 862 0 761. 17. 40.08
52.028 162 GPS_INT 0 0 0 0 0 0 0 0 0 0 0 0 0 0 0 0
52.088 162 DL_VALUE 4 0.
52.138 162 ROTORCRAFT_FP 0 0 0 0 0 0 57 -189 7057 0 0 0 0 0 0
52.170 162 INS 0 0 0 0 0 0 2 7 472
52.215 162 ENERGY 0. 0. 0 0.
52.273 162 WP_MOVED_ENU 7 3507 -10419 1280
52.284 162 GPS_INT 0 0 0 0 0 0 0 0 0 0 0 0 0 0 0 0
52.379 162 ROTORCRAFT_FP 0 0 0 0 0 0 57 -189 7053 0 0 0 0 0 0
52.421 162 INS 0 0 0 0 0 0 61 -96 416
52.528 162 GPS_INT 0 0 0 0 0 0 0 0 0 0 0 0 0 0 0 0
52.575 162 ROTORCRAFT_STATUS 0 0 2 0 0 0 0 0 0 0 0 60
52.628 162 ROTORCRAFT_FP 0 0 0 0 0 0 57 -189 7057 0 0 0 0 0 0
52.670 162 INS 0 0 0 0 0 0 -25 -83 394
52.778 162 GPS_INT 0 0 0 0 0 0 0 0 0 0 0 0 0 0 0 0
52.878 162 ROTORCRAFT_FP 0 0 0 0 0 0 57 -189 7057 0 0 0 0 0 0
52.920 162 INS 0 0 0 0 0 0 -4 -62 433
52.924 162 DOWNLINK_STATUS 0 53 40022 878 0 745. 16. 40.08
53.033 162 INS_REF 462758292 11966448 437326344 7603373 258532 198843 147000 0.
53.043 162 GPS_INT 0 0 0 0 0 0 0 0 0 0 0 0 0 0 0 0
53.128 162 ROTORCRAFT_FP 0 0 0 0 0 0 57 -189 7058 0 0 0 0 0 0
53.170 162 INS 0 0 0 0 0 0 -22 -84 320
53.188 162 DL_VALUE 5 150.
53.205 162 ROTORCRAFT_NAV_STATUS 61 0 0 2 0
53.223 162 ALIVE |14,131,90,31,129,57,158,239,219,213,167,186,238,57,98,28|
53.278 162 GPS_INT 0 0 0 0 0 0 0 0 0 0 0 0 0 0 0 0
53.378 162 ROTORCRAFT_FP 0 0 0 0 0 0 57 -188 7053 0 0 0 0 0 0
53.421 162 INS 0 0 0 0 0 0 17 -1 431
53.528 162 GPS_INT 0 0 0 0 0 0 0 0 0 0 0 0 0 0 0 0
53.557 162 WP_MOVED_ENU 8 -5120 -12800 512
53.628 162 ROTORCRAFT_FP 0 0 0 0 0 0 57 -188 7052 0 0 0 0 0 0
53.670 162 INS 0 0 0 0 0 0 -19 -24 445
53.778 162 GPS_INT 0 0 0 0 0 0 0 0 0 0 0 0 0 0 0 0
53.788 162 ROTORCRAFT_STATUS 0 0 2 0 0 0 0 0 0 0 0 61
53.879 162 ROTORCRAFT_FP 0 0 0 0 0 0 57 -188 7054 0 0 0 0 0 0
53.920 162 INS 0 0 0 0 0 0 14 -19 352
53.924 162 DOWNLINK_STATUS 0 54 40821 896 0 799. 18. 40.08
54.028 162 GPS_INT 0 0 0 0 0 0 0 0 0 0 0 0 0 0 0 0
54.128 162 ROTORCRAFT_FP 0 0 0 0 0 0 57 -188 7055 0 0 0 0 0 0
54.170 162 INS 0 0 0 0 0 0 42 28 407
54.278 162 GPS_INT 0 0 0 0 0 0 0 0 0 0 0 0 0 0 0 0
54.287 162 DL_VALUE 6 80.
54.378 162 ROTORCRAFT_FP 0 0 0 0 0 0 57 -188 7055 0 0 0 0 0 0
54.420 162 INS 0 0 0 0 0 0 100 43 461
54.528 162 GPS_INT 0 0 0 0 0 0 0 0 0 0 0 0 0 0 0 0
54.628 162 ROTORCRAFT_FP 0 0 0 0 0 0 57 -188 7055 0 0 0 0 0 0
54.671 162 INS 0 0 0 0 0 0 -8 -61 433
54.715 162 ENERGY 0. 0. 0 0.
54.778 162 GPS_INT 0 0 0 0 0 0 0 0 0 0 0 0 0 0 0 0
54.796 162 ROTORCRAFT_NAV_STATUS 62 0 0 2 0
54.857 162 WP_MOVED_ENU 9 1433 -2790 1280
54.883 162 ROTORCRAFT_FP 0 0 0 0 0 0 57 -188 7054 0 0 0 0 0 0
54.921 162 INS 0 0 0 0 0 0 0 -49 424
54.925 162 DOWNLINK_STATUS 0 55 41556 912 0 735. 16. 40.08
54.974 162 ROTORCRAFT_STATUS 0 0 2 0 0 0 0 0 0 0 0 63
55.028 162 GPS_INT 0 0 0 0 0 0 0 0 0 0 0 0 0 0 0 0
55.128 162 ROTORCRAFT_FP 0 0 0 0 0 0 57 -188 7055 0 0 0 0 0 0
55.170 162 INS 0 0 0 0 0 0 -19 -28 385
55.277 162 GPS_INT 0 0 0 0 0 0 0 0 0 0 0 0 0 0 0 0
55.304 162 ALIVE |14,131,90,31,129,57,158,239,219,213,167,186,238,57,98,28|
55.378 162 ROTORCRAFT_FP 0 0 0 0 0 0 57 -188 7055 0 0 0 0 0 0
55.386 162 DL_VALUE 7 20.
55.420 162 INS 0 0 0 0 0 0 -41 -5 436
55.448 162 PONG 
55.527 162 GPS_INT 0 0 0 0 0 0 0 0 0 0 0 0 0 0 0 0
55.628 162 ROTORCRAFT_FP 0 0 0 0 0 0 57 -188 7055 0 0 0 0 0 0
55.671 162 INS 0 0 0 0 0 0 1 -21 390
55.778 162 GPS_INT 0 0 0 0 0 0 0 0 0 0 0 0 0 0 0 0
55.878 162 ROTORCRAFT_FP 0 0 0 0 0 0 57 -188 7056 0 0 0 0 0 0
55.920 162 INS 0 0 0 0 0 0 -75 -17 369
55.926 162 DOWNLINK_STATUS 0 56 42291 928 0 735. 16. 38.54
56.028 162 GPS_INT 0 0 0 0 0 0 0 0 0 0 0 0 0 0 0 0
56.128 162 ROTORCRAFT_FP 0 0 0 0 0 0 56 -188 7058 0 0 0 0 0 0
56.155 162 WP_MOVED_ENU 0 10752 10752 1280
56.177 162 INS 0 0 0 0 0 0 52 40 408
56.192 162 ROTORCRAFT_STATUS 0 0 2 0 0 0 0 0 0 0 0 64
56.278 162 GPS_INT 0 0 0 0 0 0 0 0 0 0 0 0 0 0 0 0
56.379 162 ROTORCRAFT_FP 0 0 0 0 0 0 56 -188 7058 0 0 0 0 0 0
56.395 162 ROTORCRAFT_NAV_STATUS 64 0 0 2 0
56.420 162 INS 0 0 0 0 0 0 -24 -43 469
56.486 162 DL_VALUE 8 0.5
56.528 162 GPS_INT 0 0 0 0 0 0 0 0 0 0 0 0 0 0 0 0
56.628 162 ROTORCRAFT_FP 0 0 0 0 0 0 56 -189 7054 0 0 0 0 0 0
56.670 162 INS 0 0 0 0 0 0 15 32 482
56.777 162 GPS_INT 0 0 0 0 0 0 0 0 0 0 0 0 0 0 0 0
56.878 162 ROTORCRAFT_FP 0 0 0 0 0 0 56 -189 7057 0 0 0 0 0 0
56.920 162 INS 0 0 0 0 0 0 31 21 471
56.926 162 DOWNLINK_STATUS 0 57 43029 944 0 738. 16. 38.54
57.028 162 GPS_INT 0 0 0 0 0 0 0 0 0 0 0 0 0 0 0 0
57.128 162 ROTORCRAFT_FP 0 0 0 0 0 0 56 -189 7058 0 0 0 0 0 0
57.170 162 INS 0 0 0 0 0 0 38 -1 412
57.215 162 ENERGY 0. 0. 0 0.
57.278 162 GPS_INT 0 0 0 0 0 0 0 0 0 0 0 0 0 0 0 0
57.383 162 ROTORCRAFT_FP 0 0 0 0 0 0 56 -189 7060 0 0 0 0 0 0
57.387 162 ROTORCRAFT_STATUS 0 0 2 0 0 0 0 0 0 0 0 65
57.403 162 ALIVE |14,131,90,31,129,57,158,239,219,213,167,186,238,57,98,28|
57.424 162 INS 0 0 0 0 0 0 -13 77 394
57.454 162 WP_MOVED_ENU 1 0 0 1280
57.528 162 GPS_INT 0 0 0 0 0 0 0 0 0 0 0 0 0 0 0 0
57.585 162 DL_VALUE 9 1.
57.628 162 ROTORCRAFT_FP 0 0 0 0 0 0 56 -189 7056 0 0 0 0 0 0
57.670 162 INS 0 0 0 0 0 0 22 -17 410
57.777 162 GPS_INT 0 0 0 0 0 0 0 0 0 0 0 0 0 0 0 0
57.878 162 ROTORCRAFT_FP 0 0 0 0 0 0 56 -189 7057 0 0 0 0 0 0
57.920 162 INS 0 0 0 0 0 0 -20 13 338
57.926 162 DOWNLINK_STATUS 0 58 43797 961 0 768. 17. 38.54
57.994 162 ROTORCRAFT_NAV_STATUS 66 0 0 2 0
58.027 162 GPS_INT 0 0 0 0 0 0 0 0 0 0 0 0 0 0 0 0
58.131 162 INS_REF 462758292 11966448 437326344 7603373 258532 198843 147000 0.
58.148 162 ROTORCRAFT_FP 0 0 0 0 0 0 56 -189 7056 0 0 0 0 0 0
58.170 162 INS 0 0 0 0 0 0 -34 -19 348
58.277 162 GPS_INT 0 0 0 0 0 0 0 0 0 0 0 0 0 0 0 0
58.378 162 ROTORCRAFT_FP 0 0 0 0 0 0 56 -189 7057 0 0 0 0 0 0
58.420 162 INS 0 0 0 0 0 0 68 -23 453
58.528 162 GPS_INT 0 0 0 0 0 0 0 0 0 0 0 0 0 0 0 0
58.571 162 ROTORCRAFT_STATUS 0 0 2 0 0 0 0 0 0 0 0 66
58.628 162 ROTORCRAFT_FP 0 0 0 0 0 0 56 -188 7059 0 0 0 0 0 0
58.670 162 INS 0 0 0 0 0 0 -3 -16 484
58.686 162 DL_VALUE 10 0.
58.752 162 WP_MOVED_ENU 2 0 1280 1280
58.779 162 GPS_INT 0 0 0 0 0 0 0 0 0 0 0 0 0 0 0 0
58.878 162 ROTORCRAFT_FP 0 0 0 0 0 0 56 -188 7056 0 0 0 0 0 0
58.920 162 INS 0 0 0 0 0 0 26 -82 383
58.926 162 DOWNLINK_STATUS 0 59 44573 978 0 776. 17. 38.54
59.028 162 GPS_INT 0 0 0 0 0 0 0 0 0 0 0 0 0 0 0 0
59.127 162 ROTORCRAFT_FP 0 0 0 0 0 0 56 -188 7057 0 0 0 0 0 0
59.170 162 INS 0 0 0 0 0 0 15 -41 433
59.277 162 GPS_INT 0 0 0 0 0 0 0 0 0 0 0 0 0 0 0 0
59.378 162 ROTORCRAFT_FP 0 0 0 0 0 0 56 -189 7057 0 0 0 0 0 0
59.420 162 INS 0 0 0 0 0 0 -37 -125 363
59.502 162 ALIVE |14,131,90,31,129,57,158,239,219,213,167,186,238,57,98,28|
59.528 162 GPS_INT 0 0 0 0 0 0 0 0 0 0 0 0 0 0 0 0
59.594 162 ROTORCRAFT_NAV_STATUS 67 0 0 2 0
59.628 162 ROTORCRAFT_FP 0 0 0 0 0 0 56 -188 7057 0 0 0 0 0 0
59.670 162 INS 0 0 0 0 0 0 62 -52 398
59.714 162 ENERGY 0. 0. 0 0.
59.782 162 GPS_INT 0 0 0 0 0 0 0 0 0 0 0 0 0 0 0 0
59.786 162 ROTORCRAFT_STATUS 0 0 2 0 0 0 0 0 0 0 0 67
59.790 162 DL_VALUE 11 1.
59.878 162 ROTORCRAFT_FP 0 0 0 0 0 0 56 -189 7053 0 0 0 0 0 0
59.920 162 INS 0 0 0 0 0 0 16 -6 435
59.927 162 DOWNLINK_STATUS 0 60 45335 995 0 762. 17. 38.54
60.028 162 GPS_INT 0 0 0 0 0 0 0 0 0 0 0 0 0 0 0 0
60.052 162 WP_MOVED_ENU 3 -512 -1280 1280
60.128 162 ROTORCRAFT_FP 0 0 0 0 0 0 56 -189 7055 0 0 0 0 0 0
60.169 162 INS 0 0 0 0 0 0 -26 1 363
60.278 162 GPS_INT 0 0 0 0 0 0 0 0 0 0 0 0 0 0 0 0
60.378 162 ROTORCRAFT_FP 0 0 0 0 0 0 56 -189 7059 0 0 0 0 0 0
60.420 162 INS 0 0 0 0 0 0 -52 9 452
60.448 162 PONG 
60.527 162 GPS_INT 0 0 0 0 0 0 0 0 0 0 0 0 0 0 0 0
60.628 162 ROTORCRAFT_FP 0 0 0 0 0 0 56 -189 7054 0 0 0 0 0 0
60.670 162 INS 0 0 0 0 0 0 28 -23 434
60.777 162 GPS_INT 0 0 0 0 0 0 0 0 0 0 0 0 0 0 0 0
60.878 162 ROTORCRAFT_FP 0 0 0 0 0 0 56 -189 7055 0 0 0 0 0 0
60.885 162 DL_VALUE 12 5.
60.920 162 INS 0 0 0 0 0 0 14 -22 455
60.927 162 DOWNLINK_STATUS 0 61 46043 1010 0 708. 15. 38.22
60.969 162 ROTORCRAFT_STATUS 0 0 2 0 0 0 0 0 0 0 0 69
61.027 162 GPS_INT 0 0 0 0 0 0 0 0 0 0 0 0 0 0 0 0
61.128 162 ROTORCRAFT_FP 0 0 0 0 0 0 56 -189 7054 0 0 0 0 0 0
61.170 162 INS 0 0 0 0 0 0 -66 -31 392
61.194 162 ROTORCRAFT_NAV_STATUS 69 0 0 2 0
61.278 162 GPS_INT 0 0 0 0 0 0 0 0 0 0 0 0 0 0 0 0
61.351 162 WP_MOVED_ENU 4 921 -3558 1280
61.378 162 ROTORCRAFT_FP 0 0 0 0 0 0 56 -189 7054 0 0 0 0 0 0
61.395 162 WIND_INFO 162 42 0. 0. 0.
61.398 162 WIND_INFO 162 42 0. 0. 0.
61.420 162 INS 0 0 0 0 0 0 50 -35 438
61.528 162 GPS_INT 0 0 0 0 0 0 0 0 0 0 0 0 0 0 0 0
61.602 162 ALIVE |14,131,90,31,129,57,158,239,219,213,167,186,238,57,98,28|
61.628 162 ROTORCRAFT_FP 0 0 0 0 0 0 56 -188 7054 0 0 0 0 0 0
61.670 162 INS 0 0 0 0 0 0 29 -56 482
61.777 162 GPS_INT 0 0 0 0 0 0 0 0 0 0 0 0 0 0 0 0
61.877 162 ROTORCRAFT_FP 0 0 0 0 0 0 56 -188 7055 0 0 0 0 0 0
61.920 162 INS 0 0 0 0 0 0 2 -44 453
61.928 162 DOWNLINK_STATUS 0 62 46793 1026 0 750. 16. 38.22
61.984 162 DL_VALUE 13 0.
62.027 162 GPS_INT 0 0 0 0 0 0 0 0 0 0 0 0 0 0 0 0
62.128 162 ROTORCRAFT_FP 0 0 0 0 0 0 56 -189 7055 0 0 0 0 0 0
62.175 162 INS 0 0 0 0 0 0 91 -16 389
62.179 162 ROTORCRAFT_STATUS 0 0 2 0 0 0 0 0 0 0 0 70
62.214 162 ENERGY 0. 0. 0 0.
62.277 162 GPS_INT 0 0 0 0 0 0 0 0 0 0 0 0 0 0 0 0
62.378 162 ROTORCRAFT_FP 0 0 0 0 0 0 56 -189 7058 0 0 0 0 0 0
62.420 162 INS 0 0 0 0 0 0 -42 16 438
62.528 162 GPS_INT 0 0 0 0 0 0 0 0 0 0 0 0 0 0 0 0
62.628 162 ROTORCRAFT_FP 0 0 0 0 0 0 56 -189 7058 0 0 0 0 0 0
62.656 162 WP_MOVED_ENU 5 7040 -12339 1280
62.670 162 INS 0 0 0 0 0 0 51 -52 384
62.778 162 GPS_INT 0 0 0 0 0 0 0 0 0 0 0 0 0 0 0 0
62.794 162 ROTORCRAFT_NAV_STATUS 70 0 0 2 0
62.878 162 ROTORCRAFT_FP 0 0 0 0 0 0 56 -189 7059 0 0 0 0 0 0
62.919 162 INS 0 0 0 0 0 0 25 -69 432
62.928 162 DOWNLINK_STATUS 0 63 47551 1043 0 758. 17. 38.22
63.027 162 GPS_INT 0 0 0 0 0 0 0 0 0 0 0 0 0 0 0 0
63.083 162 DL_VALUE 14 50.
63.128 162 ROTORCRAFT_FP 0 0 0 0 0 0 56 -189 7059 0 0 0 0 0 0
63.171 162 INS 0 0 0 0 0 0 -67 12 423
63.217 162 INS_REF 462758292 11966448 437326344 7603373 258532 198843 147000 0.
63.277 162 GPS_INT 0 0 0 0 0 0 0 0 0 0 0 0 0 0 0 0
63.303 162 UART_ERRORS 0 0 0 2
63.382 162 ROTORCRAFT_FP 0 0 0 0 0 0 56 -188 7057 0 0 0 0 0 0
63.386 162 ROTORCRAFT_STATUS 0 0 2 0 0 0 0 0 0 0 0 71
63.420 162 INS 0 0 0 0 0 0 -3 -52 390
63.527 162 GPS_INT 0 0 0 0 0 0 0 0 0 0 0 0 0 0 0 0
63.628 162 ROTORCRAFT_FP 0 0 0 0 0 0 56 -189 7055 0 0 0 0 0 0
63.670 162 INS 0 0 0 0 0 0 4 -27 431
63.702 162 ALIVE |14,131,90,31,129,57,158,239,219,213,167,186,238,57,98,28|
63.777 162 GPS_INT 0 0 0 0 0 0 0 0 0 0 0 0 0 0 0 0
63.878 162 ROTORCRAFT_FP 0 0 0 0 0 0 56 -188 7054 0 0 0 0 0 0
63.920 162 INS 0 0 0 0 0 0 58 -11 557
63.929 162 DOWNLINK_STATUS 0 64 48331 1060 0 780. 17. 38.22
63.948 162 WP_MOVED_ENU 6 4275 -5017 1280
64.027 162 GPS_INT 0 0 0 0 0 0 0 0 0 0 0 0 0 0 0 0
64.128 162 ROTORCRAFT_FP 0 0 0 0 0 0 56 -188 7056 0 0 0 0 0 0
64.169 162 INS 0 0 0 0 0 0 -12 -21 431
64.183 162 DL_VALUE 15 100.
64.277 162 GPS_INT 0 0 0 0 0 0 0 0 0 0 0 0 0 0 0 0
64.378 162 ROTORCRAFT_FP 0 0 0 0 0 0 55 -188 7054 0 0 0 0 0 0
64.393 162 ROTORCRAFT_NAV_STATUS 72 0 0 2 0
64.419 162 INS 0 0 0 0 0 0 -7 -15 445
64.527 162 GPS_INT 0 0 0 0 0 0 0 0 0 0 0 0 0 0 0 0
64.566 162 ROTORCRAFT_STATUS 0 0 2 0 0 0 0 0 0 0 0 72
64.627 162 ROTORCRAFT_FP 0 0 0 0 0 0 55 -188 7053 0 0 0 0 0 0
64.670 162 INS 0 0 0 0 0 0 46 -11 425
64.714 162 ENERGY 0. 0. 0 0.
64.777 162 GPS_INT 0 0 0 0 0 0 0 0 0 0 0 0 0 0 0 0
64.878 162 ROTORCRAFT_FP 0 0 0 0 0 0 55 -188 7051 0 0 0 0 0 0
64.920 162 INS 0 0 0 0 0 0 -32 -14 456
64.929 162 DOWNLINK_STATUS 0 65 49089 1077 0 758. 17. 38.22
