2.973 1 PPRZ_MODE 2 3 3 2 0 6
2.975 1 DL_VALUE 14 50.
3.093 1 DESIRED -0.38 3.06 5.3 -64. 45. 660. 3. 12.
3.099 1 GPS 0 0 0 0 0 0 0 0 0 0 1
3.103 1 NAVIGATION 4 0 0. 0. 0. 0. 0 0
3.160 1 NAVIGATION 4 0 0. 0. 0. 0. 0 0
3.175 1 PPRZ_MODE 2 3 3 2 0 6
3.179 1 WP_MOVED 2 348895. 5945815. 660. 12
3.285 1 DESIRED -0.38 3.06 5.3 -64. 45. 660. 3. 12.
3.287 1 CALIBRATION -150. 0
3.289 1 DOWNLINK 1 557 572
3.323 1 CIRCLE 30. 100. 80.
3.379 1 PPRZ_MODE 2 3 3 2 0 6
3.382 1 ATTITUDE 1.650903 -0.017055 -0.017486
3.385 1 IMU_ACCEL 0.138672 -0.076172 -9.527344
3.410 1 NAVIGATION 4 0 0. 0. 0. 0. 0 0
3.485 1 DESIRED -0.38 3.06 5.3 -64. 45. 660. 3. 12.
3.488 1 IMU_GYRO -0.043457 0.012695 -0.019043
3.576 1 PPRZ_MODE 2 3 3 2 0 6
3.579 1 BAT 0 71 0 0 1 6 6 0
3.660 1 NAVIGATION 4 0 0. 0. 0. 0. 0 0
3.681 1 DESIRED -0.38 3.06 5.3 -64. 45. 660. 3. 12.
3.770 1 PPRZ_MODE 2 3 3 2 0 6
3.861 1 DOWNLINK_STATUS 0 4 2310 105 0 577. 26. 0.
3.885 1 DESIRED -0.38 3.06 5.3 -64. 45. 660. 3. 12.
3.887 1 ATTITUDE 1.650975 -0.017058 -0.017482
3.909 1 NAVIGATION 4 0 0. 0. 0. 0. 0 0
3.974 1 PPRZ_MODE 2 3 3 2 0 6
3.977 1 IMU_MAG -0.742188 0.0625 0.595215
4.090 1 DESIRED -0.38 3.06 5.3 -64. 45. 660. 3. 12.
4.096 1 GPS 0 0 0 0 0 0 0 0 0 0 1
4.099 1 ESTIMATOR 0. 0.
4.160 1 NAVIGATION 4 0 0. 0. 0. 0. 0 0
4.174 1 PPRZ_MODE 2 3 3 2 0 6
4.177 1 GPS_SOL 0 0 0 0
4.280 1 DESIRED -0.38 3.06 5.3 -64. 45. 660. 3. 12.
4.378 1 PPRZ_MODE 2 3 3 2 0 6
4.381 1 ATTITUDE 1.651042 -0.017015 -0.017398
4.385 1 IMU_ACCEL 0.138672 -0.042969 -9.583984
4.410 1 NAVIGATION 4 0 0. 0. 0. 0. 0 0
4.489 1 DESIRED -0.38 3.06 5.3 -64. 45. 660. 3. 12.
4.492 1 IMU_GYRO -0.04248 0.013672 -0.02002
4.494 1 DL_VALUE 15 4000.
4.496 1 STATE_FILTER_STATUS 3 0
4.570 1 PPRZ_MODE 2 3 3 2 0 6
4.661 1 FBW_STATUS 2 0 1 71 0
4.665 1 NAVIGATION 4 0 0. 0. 0. 0. 0 0
4.685 1 DESIRED -0.38 3.06 5.3 -64. 45. 660. 3. 12.
4.689 1 BAT 0 71 0 0 1 8 8 0
4.771 1 PPRZ_MODE 2 3 3 2 0 6
4.861 1 DOWNLINK_STATUS 0 5 2874 131 0 564. 26. 0.
4.885 1 DESIRED -0.38 3.06 5.3 -64. 45. 660. 3. 12.
4.888 1 ATTITUDE 1.651098 -0.016995 -0.017437
4.910 1 NAVIGATION 4 0 0. 0. 0. 0. 0 0
4.971 1 PPRZ_MODE 2 3 3 2 0 6
5.093 1 DESIRED -0.38 3.06 5.3 -64. 45. 660. 3. 12.
5.097 1 GPS 0 0 0 0 0 0 0 0 0 0 1
5.101 1 ENERGY 7.1 0. 0 0.
5.159 1 NAVIGATION 4 0 0. 0. 0. 0. 0 0
5.173 1 PPRZ_MODE 2 3 3 2 0 6
5.284 1 DESIRED -0.38 3.06 5.3 -64. 45. 660. 3. 12.
5.288 1 IMU_MAG -0.740234 0.061035 0.608887
5.396 1 PPRZ_MODE 2 3 3 2 0 6
5.399 1 ATTITUDE 1.651173 -0.017082 -0.017314
5.402 1 IMU_ACCEL 0.157227 -0.09082 -9.613281
5.404 1 CALIBRATION -150. 0
5.436 1 NAVIGATION 4 0 0. 0. 0. 0. 0 0
5.484 1 DESIRED -0.38 3.06 5.3 -64. 45. 660. 3. 12.
5.488 1 IMU_GYRO -0.04248 0.012695 -0.02002
5.571 1 PPRZ_MODE 2 3 3 2 0 6
5.660 1 NAVIGATION 4 0 0. 0. 0. 0. 0 0
5.681 1 DESIRED -0.38 3.06 5.3 -64. 45. 660. 3. 12.
5.756 1 COMMANDS 0,-9600,9600,0,0,0
5.775 1 PPRZ_MODE 2 3 3 2 0 6
5.779 1 BAT 0 71 0 0 1 9 9 0
5.857 1 ACTUATORS 1500,1382,2000,1200,1189,1350
5.862 1 DOWNLINK_STATUS 0 6 3441 156 0 567. 25. -1.40173251536e+12
5.885 1 DESIRED -0.38 3.06 5.3 -64. 45. 660. 3. 12.
5.888 1 ATTITUDE 1.651202 -0.01712 -0.017192
5.910 1 NAVIGATION 4 0 0. 0. 0. 0. 0 0
5.973 1 PPRZ_MODE 2 3 3 2 0 6
5.975 1 DL_VALUE 16 0.
6.091 1 DESIRED -0.38 3.06 5.3 -64. 45. 660. 3. 12.
6.097 1 GPS 0 0 0 0 0 0 0 0 0 0 1
6.099 1 ESTIMATOR 0. 0.
6.160 1 NAVIGATION 4 0 0. 0. 0. 0. 0 0
6.174 1 PPRZ_MODE 2 3 3 2 0 6
6.177 1 GPS_SOL 0 0 0 0
6.281 1 DESIRED -0.38 3.06 5.3 -64. 45. 660. 3. 12.
6.378 1 PPRZ_MODE 2 3 3 2 0 6
6.381 1 ATTITUDE 1.651215 -0.01716 -0.017202
6.384 1 IMU_ACCEL 0.143555 -0.081055 -9.560547
6.409 1 NAVIGATION 4 0 0. 0. 0. 0. 0 0
6.485 1 DESIRED -0.38 3.06 5.3 -64. 45. 660. 3. 12.
6.487 1 IMU_GYRO -0.044678 0.012695 -0.019043
6.574 1 PPRZ_MODE 2 3 3 2 0 6
6.577 1 IMU_MAG -0.736816 0.057617 0.597168
6.660 1 FBW_STATUS 2 0 1 71 0
6.665 1 NAVIGATION 4 0 0. 0. 0. 0. 0 0
6.682 1 DESIRED -0.38 3.06 5.3 -64. 45. 660. 3. 12.
6.684 1 STATE_FILTER_STATUS 3 0
6.770 1 PPRZ_MODE 2 3 3 2 0 6
6.862 1 DOWNLINK_STATUS 0 7 3984 181 0 543. 25. -1.40173251536e+12
6.889 1 DESIRED -0.38 3.06 5.3 -64. 45. 660. 3. 12.
6.892 1 ATTITUDE 1.651292 -0.01717 -0.017192
6.896 1 BAT 0 71 0 0 1 10 10 0
6.910 1 NAVIGATION 4 0 0. 0. 0. 0. 0 0
6.971 1 PPRZ_MODE 2 3 3 2 0 6
7.088 1 DESIRED -0.38 3.06 5.3 -64. 45. 660. 3. 12.
7.093 1 GPS 0 0 0 0 0 0 0 0 0 0 1
7.160 1 NAVIGATION 4 0 0. 0. 0. 0. 0 0
7.173 1 PPRZ_MODE 2 3 3 2 0 6
7.281 1 DESIRED -0.38 3.06 5.3 -64. 45. 660. 3. 12.
7.378 1 PPRZ_MODE 2 3 3 2 0 6
7.382 1 ATTITUDE 1.65128 -0.017006 -0.017268
7.385 1 IMU_ACCEL 0.133789 -0.081055 -9.59375
7.410 1 NAVIGATION 4 0 0. 0. 0. 0. 0 0
7.490 1 DESIRED -0.38 3.06 5.3 -64. 45. 660. 3. 12.
7.492 1 IMU_GYRO -0.04248 0.012695 -0.018066
7.494 1 DL_VALUE 17 21000.
7.496 1 CALIBRATION -150. 0
7.574 1 PPRZ_MODE 2 3 3 2 0 6
7.578 1 ENERGY 7.1 0. 0 0.
7.660 1 NAVIGATION 4 0 0. 0. 0. 0. 0 0
7.686 1 DESIRED -0.38 3.06 5.3 -64. 45. 660. 3. 12.
7.689 1 ALIVE 53,176,178,109,199,208,242,223,86,244,80,200,226,119,252,183
7.770 1 PPRZ_MODE 2 3 3 2 0 6
7.863 1 DOWNLINK_STATUS 0 8 4529 205 0 545. 24. -1.40173251536e+12
7.888 1 DESIRED -0.38 3.06 5.3 -64. 45. 660. 3. 12.
7.891 1 ATTITUDE 1.651197 -0.017071 -0.017343
7.895 1 IMU_MAG -0.738281 0.055664 0.603027
7.912 1 NAVIGATION 4 0 0. 0. 0. 0. 0 0
7.975 1 PPRZ_MODE 2 3 3 2 0 6
7.978 1 BAT 0 71 0 0 1 11 11 0
8.091 1 DESIRED -0.38 3.06 5.3 -64. 45. 660. 3. 12.
8.096 1 GPS 0 0 0 0 0 0 0 0 0 0 1
8.099 1 ESTIMATOR 0. 0.
8.159 1 NAVIGATION 4 0 0. 0. 0. 0. 0 0
8.174 1 PPRZ_MODE 2 3 3 2 0 6
8.177 1 GPS_SOL 0 0 0 0
8.281 1 DESIRED -0.38 3.06 5.3 -64. 45. 660. 3. 12.
8.381 1 PPRZ_MODE 2 3 3 2 0 6
8.384 1 ATTITUDE 1.651195 -0.017166 -0.017284
8.387 1 IMU_ACCEL 0.133789 -0.104492 -9.59375
8.389 1 DOWNLINK 1 558 701
8.410 1 NAVIGATION 4 0 0. 0. 0. 0. 0 0
8.485 1 DESIRED -0.38 3.06 5.3 -64. 45. 660. 3. 12.
8.488 1 IMU_GYRO -0.041504 0.012695 -0.02002
8.571 1 PPRZ_MODE 2 3 3 2 0 6
8.661 1 FBW_STATUS 2 0 1 71 0
8.665 1 NAVIGATION 4 0 0. 0. 0. 0. 0 0
8.682 1 DESIRED -0.38 3.06 5.3 -64. 45. 660. 3. 12.
8.771 1 PPRZ_MODE 2 3 3 2 0 6
8.863 1 DOWNLINK_STATUS 0 9 5084 230 0 555. 25. -1.40173251536e+12
8.887 1 DESIRED -0.38 3.06 5.3 -64. 45. 660. 3. 12.
8.889 1 ATTITUDE 1.651218 -0.017171 -0.017155
8.890 1 STATE_FILTER_STATUS 3 0
8.909 1 NAVIGATION 4 0 0. 0. 0. 0. 0 0
8.972 1 PPRZ_MODE 2 3 3 2 0 6
8.974 1 DL_VALUE 18 1500.
9.092 1 DESIRED -0.38 3.06 5.3 -64. 45. 660. 3. 12.
9.097 1 GPS 0 0 0 0 0 0 0 0 0 0 1
9.101 1 BAT 0 71 0 0 1 12 12 0
9.159 1 NAVIGATION 4 0 0. 0. 0. 0. 0 0
9.174 1 PPRZ_MODE 2 3 3 2 0 6
9.177 1 IMU_MAG -0.738281 0.057617 0.624512
9.280 1 DESIRED -0.38 3.06 5.3 -64. 45. 660. 3. 12.
9.378 1 PPRZ_MODE 2 3 3 2 0 6
9.381 1 ATTITUDE 1.651229 -0.017174 -0.01719
9.384 1 IMU_ACCEL 0.138672 -0.056641 -9.59375
9.409 1 NAVIGATION 4 0 0. 0. 0. 0. 0 0
9.484 1 DESIRED -0.38 3.06 5.3 -64. 45. 660. 3. 12.
9.488 1 IMU_GYRO -0.043457 0.013672 -0.019043
9.573 1 PPRZ_MODE 2 3 3 2 0 6
9.575 1 CALIBRATION -150. 0
9.659 1 NAVIGATION 4 0 0. 0. 0. 0. 0 0
9.681 1 DESIRED -0.38 3.06 5.3 -64. 45. 660. 3. 12.
9.770 1 PPRZ_MODE 2 3 3 2 0 6
9.863 1 DOWNLINK_STATUS 0 10 5613 254 0 529. 24. -1.40173251536e+12
9.885 1 DESIRED -0.38 3.06 5.3 -64. 45. 660. 3. 12.
9.888 1 ATTITUDE 1.651148 -0.017196 -0.017133
9.910 1 NAVIGATION 4 0 0. 0. 0. 0. 0 0
9.974 1 PPRZ_MODE 2 3 3 2 0 6
9.976 1 NAVIGATION_REF 348865 5945715 12
10.095 1 DESIRED -0.38 3.06 5.3 -64. 45. 660. 3. 12.
10.101 1 GPS 0 0 0 0 0 0 0 0 0 0 1
10.102 1 ESTIMATOR 0. 0.
10.106 1 ENERGY 7.1 0. 0 0.
10.159 1 NAVIGATION 4 0 0. 0. 0. 0. 0 0
10.178 1 PPRZ_MODE 2 3 3 2 0 6
10.182 1 BAT 0 71 0 0 1 13 13 0
10.185 1 GPS_SOL 0 0 0 0
10.280 1 DESIRED -0.38 3.06 5.3 -64. 45. 660. 3. 12.
10.378 1 PPRZ_MODE 2 3 3 2 0 6
10.381 1 ATTITUDE 1.651293 -0.017111 -0.017166
10.384 1 IMU_ACCEL 0.09082 -0.076172 -9.545898
10.409 1 NAVIGATION 4 0 0. 0. 0. 0. 0 0
