1.761 2 IMU_GYRO -0.02124 0.012695 -0.012695
1.768 2 DESIRED 0. 0. 0. 0. 0. 655. 0. 15.
1.771 2 ATTITUDE 0. 0. 0.
1.808 2 GPS 3 34881636 594571328 2000 611806 10 -3 1797 67334250 12 14
1.811 2 SVINFO 14 28 13 6 36 30 226
1.854 2 WP_MOVED 0 348907. 5945757. 660. 12
1.857 2 ATTITUDE 0. 0. 0.
1.879 2 DOWNLINK_STATUS 0 2 1089 52 1 1089. 52. 0.
1.965 2 IMU_MAG 0. 0. 0.
1.967 2 ESTIMATOR 0. 0.
1.974 2 DESIRED 0. 0. 0. 0. 0. 655. 0. 15.
1.976 2 ATTITUDE 0. 0. 0.
2.064 2 IMU_ACCEL -9.62793 -0.114258 0.506836
2.069 2 GPS 3 34881636 594571328 2000 611839 12 3 1797 67334500 12 15
2.071 2 SVINFO 15 30 13 6 43 64 282
2.078 2 ATTITUDE 0. 0. 0.
2.161 2 DESIRED 0. 0. 0. 0. 0. 655. 0. 15.
2.164 2 ATTITUDE 0. 0. 0.
2.231 2 FBW_STATUS 0 52 0 36 3
2.250 2 DL_VALUE 2 655.
2.253 2 ATTITUDE 0. 0. 0.
2.306 2 GPS 3 34881636 594571328 2000 611889 1 -4 1797 67334750 12 16
2.365 2 IMU_GYRO -0.027588 0.026367 -0.013672
2.369 2 WP_MOVED 1 348865. 5945715. 660. 12
2.376 2 DESIRED 0. 0. 0. 0. 0. 655. 0. 15.
2.378 2 ATTITUDE 0. 0. 0.
2.451 2 ESTIMATOR 0. 0.
2.454 2 ATTITUDE 0. 0. 0.
2.567 2 GPS 3 34881636 594571328 2000 611905 4 -1 1797 67335000 12 17
2.573 2 DESIRED 0. 0. 0. 0. 0. 655. 0. 15.
2.576 2 ATTITUDE 0. 0. 0.
2.656 2 NAVIGATION 1 1 -48.6 -1.5 0. 2366.6 0 0
2.659 2 ATTITUDE 0. 0. 0.
2.762 2 BAT 40 36 0 0 1 4 0 0
2.769 2 DESIRED 0. 0. 0. 0. 0. 655. 0. 15.
2.772 2 ATTITUDE 0. 0. 0.
2.805 2 GPS 3 34881636 594571328 2000 611899 13 -1 1797 67335250 12 18
2.857 2 IMU_ACCEL -9.608398 -0.071289 0.368164
2.861 2 WP_MOVED 2 348895. 5945815. 660. 12
2.864 2 ATTITUDE 0. 0. 0.
2.879 2 DOWNLINK_STATUS 0 3 1818 84 1 729. 32. 0.
2.964 2 IMU_GYRO -0.016846 0.034912 -0.013672
2.967 2 ESTIMATOR 0. 0.
2.973 2 DESIRED 0. 0. 0. 0. 0. 655. 0. 15.
2.976 2 ATTITUDE 0. 0. 0.
3.033 2 ACTUATORS |1004,1003,1522,1296,1688,1500|
3.059 2 GPS 3 34881636 594571328 2000 611911 3 1 1797 67335500 12 19
3.062 2 ATTITUDE 0. 0. 0.
3.133 2 COMMANDS |40,-14,924,9548,0,-9548|
3.164 2 STATE_FILTER_STATUS 2 0
3.166 2 CALIBRATION 0. 0
3.169 2 GPS_SOL 227 35 134 12
3.175 2 DESIRED 0. 0. 0. 0. 0. 655. 0. 15.
3.178 2 ATTITUDE 0. 0. 0.
3.254 2 DOWNLINK 1 775 185
3.258 2 IMU_MAG 0. 0. 0.
3.261 2 ATTITUDE 0. 0. 0.
3.305 2 GPS 3 34881636 594571328 2000 611896 3 -4 1797 67335750 12 20
3.368 2 ALIVE |228,20,132,52,199,188,9,41,98,144,207,201,129,49,81,20|
3.371 2 WP_MOVED 3 348965.09375 5945786. 660. 12
3.378 2 DESIRED 0. 0. 0. 0. 0. 655. 0. 15.
3.381 2 ATTITUDE 0. 0. 0.
3.458 2 PPRZ_MODE 0 0 0 0 0 17
3.462 2 ENERGY 3.6 0.003 0 0.0108
3.464 2 ESTIMATOR 0. 0.
3.467 2 ATTITUDE 0. 0. 0.
3.569 2 IMU_GYRO -0.039307 -0.005127 -0.02002
3.574 2 GPS 3 34881636 594571328 2000 611939 4 9 1797 67336000 12 21
3.581 2 DESIRED 0. 0. 0. 0. 0. 655. 0. 15.
3.584 2 ATTITUDE 0. 0. 0.
3.660 2 NAVIGATION 1 1 -48.6 -1.5 0. 2366.6 0 0
3.664 2 IMU_ACCEL -9.65625 -0.152344 0.665039
3.667 2 ATTITUDE 0. 0. 0.
3.759 2 DL_VALUE 3 0.
3.766 2 DESIRED 0. 0. 0. 0. 0. 655. 0. 15.
3.768 2 ATTITUDE 0. 0. 0.
3.805 2 GPS 3 34881636 594571328 2000 611996 18 10 1797 67336250 12 22
3.859 2 BAT 40 36 0 0 1 5 0 0
3.862 2 WP_MOVED 4 348764.6875 5945795. 660. 12
3.866 2 ATTITUDE 0. 0. 0.
3.880 2 DOWNLINK_STATUS 0 4 2659 123 1 841. 39. 0.
3.959 2 ESTIMATOR 0. 0.
3.967 2 DESIRED 0. 0. 0. 0. 0. 655. 0. 15.
3.969 2 ATTITUDE 0. 0. 0.
4.059 2 GPS 3 34881636 594571328 2000 612048 4 15 1797 67336500 12 23
4.062 2 ATTITUDE 0. 0. 0.
4.161 2 IMU_GYRO -0.026367 -0.005127 -0.011475
4.168 2 DESIRED 0. 0.01 0. 0. 0. 655. 0. 15.
4.171 2 ATTITUDE -0.060572 1.579862 -0.008055
4.231 2 FBW_STATUS 0 51 0 36 3
4.249 2 ATTITUDE -0.058981 1.579822 -0.009148
4.305 2 GPS 3 34881636 594571328 2000 612077 19 9 1797 67336750 12 24
4.362 2 WP_MOVED 5 348740. 5945760. 660. 12
4.368 2 DESIRED 0. 0.01 0. 0. 0. 655. 0. 15.
4.372 2 ATTITUDE -0.054778 1.579644 -0.010401
4.456 2 IMU_ACCEL -9.623047 -0.061523 0.607422
4.458 2 ESTIMATOR 0. 0.
4.462 2 ATTITUDE -0.056197 1.579657 -0.01012
4.568 2 IMU_MAG 0. 0. 0.
4.574 2 GPS 3 34881636 594571328 2000 612104 0 9 1797 67337000 12 25
4.581 2 DESIRED 0. 0.01 0. 0. 0. 655. 0. 15.
4.584 2 ATTITUDE -0.05623 1.579725 -0.010144
4.656 2 NAVIGATION 1 1 -48.6 -1.5 0. 2366.6 0 0
4.659 2 ATTITUDE -0.055371 1.579515 -0.010559
4.761 2 IMU_GYRO -0.027588 0.008301 -0.012695
4.768 2 DESIRED 0. 0.01 0. 0. 0. 655. 0. 15.
4.771 2 ATTITUDE -0.055596 1.579666 -0.010461
4.805 2 GPS 3 34881636 594571328 2000 612103 7 3 1797 67337250 12 26
4.854 2 WP_MOVED 6 348665. 5945815. 660. 12
4.857 2 ATTITUDE -0.054683 1.579503 -0.010733
4.880 2 DOWNLINK_STATUS 0 5 3342 152 1 683. 29. 0.
4.966 2 BAT 40 36 0 0 1 6 0 0
4.968 2 ESTIMATOR 0. 0.
4.975 2 DESIRED 0. 0.01 0. 0. 0. 655. 0. 15.
4.978 2 ATTITUDE -0.054694 1.579488 -0.010809
5.059 2 GPS 3 34881636 594571328 2000 612087 16 7 1797 67337500 12 27
5.062 2 ATTITUDE -0.05446 1.57944 -0.010873
5.161 2 GPS_SOL 220 40 134 12
5.168 2 DESIRED 0. 0.01 0. 0. 0. 655. 0. 15.
5.171 2 ATTITUDE -0.054172 1.579414 -0.011049
5.257 2 CALIBRATION 0. 0
5.259 2 DL_VALUE 4 0.
5.262 2 IMU_ACCEL -9.631836 -0.047852 0.536133
5.265 2 ATTITUDE -0.054093 1.579416 -0.011131
5.305 2 GPS 3 34881636 594571328 2000 612063 10 -10 1797 67337750 12 28
5.365 2 STATE_FILTER_STATUS 3 0
5.369 2 IMU_GYRO -0.02124 0.010498 -0.013672
5.373 2 WP_MOVED 7 349065. 5946015. 660. 12
5.379 2 DESIRED 0. 0.01 0. 0. 0. 655. 0. 15.
5.382 2 ATTITUDE -0.053858 1.579368 -0.011279
5.416 2 PONG 
5.451 2 ESTIMATOR 0. 0.
5.455 2 ATTITUDE -0.053871 1.579379 -0.011316
5.567 2 GPS 3 34881636 594571328 2000 612084 10 7 1797 67338000 12 29
5.574 2 DESIRED 0. 0.01 0. 0. 0. 655. 0. 15.
5.576 2 ATTITUDE -0.053501 1.579295 -0.011182
5.656 2 NAVIGATION 1 1 -48.6 -1.5 0. 2366.6 0 0
5.659 2 ATTITUDE -0.054353 1.579535 -0.011039
5.761 2 DESIRED 0. 0.01 0. 0. 0. 655. 0. 15.
5.764 2 ATTITUDE -0.054046 1.579148 -0.010583
5.805 2 GPS 3 34881636 594571328 2000 612090 15 12 1797 67338250 12 30
5.862 2 ENERGY 3.6 0.003 0 0.0108
5.865 2 IMU_MAG 0. 0. 0.
5.868 2 WP_MOVED 0 348907. 5945757. 660. 12
5.871 2 ATTITUDE -0.057474 1.579504 -0.009964
5.881 2 DOWNLINK_STATUS 0 6 4087 186 1 745. 34. 37.68
5.964 2 IMU_GYRO -0.010498 0.088135 -0.025391
5.966 2 ESTIMATOR 0. 0.
5.973 2 DESIRED 0. 0.01 0. 0. 0. 655. 0. 15.
5.976 2 ATTITUDE -0.053902 1.579357 -0.01109
6.065 2 BAT 40 36 0 0 1 8 0 0
6.068 2 IMU_ACCEL -9.623047 -0.033203 0.516602
6.074 2 GPS 3 34881636 594571328 2000 612114 5 11 1797 67338500 12 31
6.077 2 ATTITUDE -0.051884 1.579338 -0.011849
6.161 2 DESIRED 0. 0.01 0. 0. 0. 655. 0. 15.
6.164 2 ATTITUDE -0.055439 1.579455 -0.010688
6.231 2 FBW_STATUS 0 48 0 36 3
6.249 2 ATTITUDE -0.05618 1.579445 -0.010469
6.308 2 GPS 3 34881636 594571328 2000 612116 10 4 1797 67338750 12 32
6.310 2 SVINFO 0 3 13 7 36 46 80
6.362 2 WP_MOVED 1 348865. 5945715. 660. 12
6.368 2 DESIRED 0. 0.01 0. 0. 0. 655. 0. 15.
6.372 2 ATTITUDE -0.052994 1.579419 -0.011687
6.452 2 ESTIMATOR 0. 0.
6.455 2 ATTITUDE -0.051513 1.579421 -0.012184
6.571 2 IMU_GYRO -0.02002 0.010498 -0.012695
6.577 2 GPS 3 34881636 594571328 2000 612125 7 8 1797 67339000 12 1
6.580 2 SVINFO 1 5 13 7 41 22 287
6.586 2 DESIRED 0. 0.01 0. 0. 0. 655. 0. 15.
6.589 2 ATTITUDE -0.052718 1.579376 -0.011977
6.656 2 NAVIGATION 1 1 -48.6 -1.5 0. 2366.6 0 0
6.660 2 ATTITUDE -0.051808 1.579322 -0.01227
6.759 2 DL_VALUE 5 0.
6.765 2 DESIRED 0. 0.01 0. 0. 0. 655. 0. 15.
6.768 2 ATTITUDE -0.051818 1.57932 -0.012365
6.808 2 GPS 3 34881636 594571328 2000 612132 11 -1 1797 67339250 12 2
6.811 2 SVINFO 2 7 13 7 44 84 88
6.858 2 IMU_ACCEL -9.613281 -0.104492 0.569336
6.861 2 WP_MOVED 2 348895. 5945815. 660. 12
6.864 2 ATTITUDE -0.051877 1.579307 -0.012379
6.881 2 DOWNLINK_STATUS 0 7 4844 220 1 757. 34. 37.68
6.959 2 ESTIMATOR 0. 0.
6.967 2 DESIRED 0. 0.01 0. 0. 0. 655. 0. 15.
6.969 2 ATTITUDE -0.05114 1.579267 -0.012588
7.063 2 NAVIGATION_REF 348865 5945715 12 605.
7.069 2 GPS 3 34881636 594571328 2000 612141 7 5 1797 67339500 12 3
7.071 2 SVINFO 3 8 13 7 42 70 289
7.074 2 ATTITUDE -0.051361 1.579234 -0.012595
7.169 2 GPS_SOL 215 36 134 12
7.172 2 IMU_MAG 0. 0. 0.
7.175 2 BAT 40 36 0 0 1 9 0 0
7.179 2 IMU_GYRO -0.02124 0.014893 -0.013672
7.186 2 DESIRED 0. 0.01 0. 0. 0. 655. 0. 15.
7.249 2 ATTITUDE -0.050758 1.579325 -0.012768
7.308 2 GPS 3 34881636 594571328 2000 612174 13 10 1797 67339750 12 4
7.310 2 SVINFO 4 9 28 7 43 51 286
7.362 2 CALIBRATION 0. 0
7.366 2 WP_MOVED 3 348965.09375 5945786. 660. 12
7.372 2 DESIRED 0. 0.01 0. 0. 0. 655. 0. 15.
7.376 2 ATTITUDE -0.050578 1.579433 -0.012863
7.451 2 ESTIMATOR 0. 0.
7.454 2 ATTITUDE -0.050543 1.579315 -0.012943
7.568 2 STATE_FILTER_STATUS 3 0
7.573 2 GPS 3 34881636 594571328 2000 612192 10 14 1797 67340000 12 5
7.576 2 SVINFO 5 10 13 4 28 12 236
7.582 2 DESIRED 0. 0.01 0. 0. 0. 655. 0. 15.
7.585 2 ATTITUDE -0.050107 1.579342 -0.013098
7.660 2 NAVIGATION 1 1 -48.6 -1.5 0. 2366.6 0 0
7.663 2 IMU_ACCEL -9.670898 -0.100586 0.550781
7.666 2 ATTITUDE -0.049747 1.579318 -0.013293
7.761 2 IMU_GYRO -0.022217 0.005127 -0.012695
7.768 2 DESIRED 0. 0.01 0. 0. 0. 655. 0. 15.
7.771 2 ATTITUDE -0.049658 1.579323 -0.013357
7.805 2 GPS 3 34881636 594571328 2000 612186 9 3 1797 67340250 12 6
7.854 2 WP_MOVED 4 348764.6875 5945795. 660. 12
7.857 2 ATTITUDE -0.049855 1.579342 -0.01336
7.881 2 DOWNLINK_STATUS 0 8 5613 255 1 769. 35. 37.68
7.960 2 ESTIMATOR 0. 0.
7.966 2 DESIRED 0. 0.01 0. 0. 0. 655. 0. 15.
7.969 2 ATTITUDE -0.04958 1.579348 -0.013493
8.033 2 ACTUATORS |1004,1003,1522,1296,1688,1500|
8.062 2 GPS 3 34881636 594571328 2000 612175 14 5 1797 67340500 12 7
8.064 2 SVINFO 7 13 13 7 35 31 160
8.068 2 ATTITUDE -0.049722 1.579396 -0.013416
8.133 2 COMMANDS |40,-14,924,9548,0,-9548|
8.161 2 DESIRED 0. 0.01 0. 0. 0. 655. 0. 15.
8.164 2 ATTITUDE -0.049617 1.579383 -0.013487
8.231 2 FBW_STATUS 0 50 0 36 3
8.261 2 ENERGY 3.5 0.003 0 0.0105
8.263 2 DL_VALUE 6 100.
8.266 2 BAT 40 35 0 0 1 10 0 0
8.270 2 ATTITUDE -0.049353 1.579386 -0.013563
8.308 2 GPS 3 34881636 594571328 2000 612176 5 -2 1797 67340750 12 8
8.311 2 SVINFO 8 16 13 6 31 9 54
8.369 2 DOWNLINK 2 761 360
8.371 2 PPRZ_MODE 0 0 0 0 0 17
8.375 2 IMU_GYRO -0.02124 0.018066 -0.013672
8.378 2 WP_MOVED 5 348691. 5945758. 667.174988 12
8.385 2 DESIRED 0. 0.01 0. 0. 0. 655. 0. 15.
8.388 2 ATTITUDE -0.04987 1.579366 -0.013482
8.466 2 ALIVE |228,20,132,52,199,188,9,41,98,144,207,201,129,49,81,20|
8.468 2 IMU_MAG 0. 0. 0.
8.471 2 IMU_ACCEL -9.641602 -0.085938 0.53125
8.474 2 ESTIMATOR 0. 0.
8.477 2 ATTITUDE -0.049133 1.579322 -0.013678
8.570 2 GPS 3 34881636 594571328 2000 612178 6 8 1797 67341000 12 9
8.572 2 SVINFO 9 19 13 7 33 42 97
8.579 2 DESIRED 0. 0.01 0. 0. 0. 655. 0. 15.
8.582 2 ATTITUDE -0.049628 1.579318 -0.013589
8.656 2 NAVIGATION 2 1 0. 0. 0. 0. 0 0
8.659 2 ATTITUDE -0.048704 1.579294 -0.013861
8.760 2 DESIRED 0. 0.01 0. 0. 0. 655. 0. 15.
8.763 2 ATTITUDE -0.048968 1.579277 -0.013845
8.804 2 GPS 3 34881636 594571328 2000 612193 17 11 1797 67341250 12 10
8.853 2 WP_MOVED 6 348616. 5945813. 667.174988 12
8.857 2 ATTITUDE -0.048867 1.579242 -0.013869
8.882 2 DOWNLINK_STATUS 0 9 6456 294 1 843. 39. 37.68
8.964 2 IMU_GYRO -0.022217 0.009521 -0.013672
8.966 2 ESTIMATOR 0. 0.
8.973 2 DESIRED 0. 0.01 0. 0. 0. 655. 0. 15.
8.976 2 ATTITUDE -0.048313 1.579252 -0.014074
9.062 2 GPS 3 34881636 594571328 2000 612216 7 6 1797 67341500 12 11
9.064 2 SVINFO 11 23 12 4 17 2 154
9.067 2 ATTITUDE -0.04843 1.579273 -0.014076
9.161 2 GPS_SOL 211 26 134 12
9.167 2 DESIRED 0. 0.01 0. 0. 0. 655. 0. 15.
9.170 2 ATTITUDE -0.048238 1.579226 -0.014126
9.253 2 IMU_ACCEL -9.623047 -0.114258 0.569336
9.256 2 ATTITUDE -0.048167 1.579194 -0.014189
9.308 2 GPS 3 34881636 594571328 2000 612212 8 8 1797 67341750 12 12
9.310 2 SVINFO 12 26 13 7 32 16 315
9.366 2 BAT 40 36 0 0 1 1 1 0
9.370 2 WP_MOVED 7 349016. 5946013. 667.174988 12
9.377 2 DESIRED 0. 0. 0. 0. 0. 655. 0. 15.
9.380 2 ATTITUDE -0.047875 1.579167 -0.014311
9.453 2 CALIBRATION 0. 0
9.456 2 ESTIMATOR 0. 0.
9.459 2 ATTITUDE -0.048247 1.579203 -0.014294
9.571 2 IMU_GYRO -0.022217 0.02002 -0.012695
9.577 2 GPS 3 34881636 594571328 2000 612254 13 10 1797 67342000 12 13
9.579 2 SVINFO 13 27 13 7 34 33 56
9.586 2 DESIRED 0. 0. 0. 0. 0. 655. 0. 15.
9.589 2 ATTITUDE -0.047593 1.579145 -0.014455
9.656 2 NAVIGATION 2 1 0. 0. 0. 0. 0 0
9.659 2 ATTITUDE -0.047625 1.579131 -0.014503
9.764 2 STATE_FILTER_STATUS 3 0
9.766 2 DL_VALUE 7 0.
9.769 2 IMU_MAG 0. 0. 0.
9.776 2 DESIRED 0. 0. 0. 0. 0. 655. 0. 15.
9.779 2 ATTITUDE -0.047679 1.579153 -0.014542
9.808 2 GPS 3 34881636 594571328 2000 612242 4 5 1797 67342250 12 14
9.811 2 SVINFO 14 28 13 7 36 30 226
9.854 2 WP_MOVED 0 348858. 5945755. 667.174988 12
9.857 2 ATTITUDE -0.047119 1.57911 -0.014741
9.882 2 DOWNLINK_STATUS 0 10 7249 331 1 793. 37. 37.68
9.960 2 ESTIMATOR 0. 0.
9.967 2 DESIRED 0. 0. 0. 0. 0. 655. 0. 15.
9.970 2 ATTITUDE -0.047201 1.579148 -0.014751
10.062 2 IMU_ACCEL -9.618164 -0.076172 0.55957
10.068 2 GPS 3 34881636 594571328 2000 612257 10 -5 1797 67342500 12 15
10.071 2 SVINFO 15 30 13 7 43 64 282
10.074 2 ATTITUDE -0.047272 1.579226 -0.014743
10.161 2 IMU_GYRO -0.02002 0.02124 -0.013672
10.168 2 DESIRED 0. 0. 0. 0. 0. 655. 0. 15.
10.170 2 ATTITUDE -0.046972 1.579143 -0.014815
10.231 2 FBW_STATUS 0 49 0 36 3
10.249 2 ATTITUDE -0.047135 1.579165 -0.014832
10.305 2 GPS 3 34881636 594571328 2000 612245 9 10 1797 67342750 12 16
10.361 2 WP_MOVED 1 348816. 5945713. 667.174988 12
10.369 2 DESIRED 0. 0. 0. 0. 0. 655. 0. 15.
10.371 2 ATTITUDE -0.047109 1.579151 -0.014867
10.416 2 PONG 
10.457 2 BAT 40 35 0 0 1 2 2 0
10.459 2 ESTIMATOR 0. 0.
10.462 2 ATTITUDE -0.047069 1.579141 -0.014891
10.567 2 GPS 3 34881636 594571328 2000 612279 15 4 1797 67343000 12 17
10.573 2 DESIRED 0. 0. 0. 0. 0. 655. 0. 15.
10.576 2 ATTITUDE -0.047043 1.57916 -0.014918
10.659 2 ENERGY 3.6 0.003 0 0.0108
10.663 2 NAVIGATION 2 1 0. 0. 0. 0. 0 0
10.667 2 ATTITUDE -0.046836 1.57911 -0.014964
10.761 2 IMU_GYRO -0.022217 0.015869 -0.013672
10.767 2 DESIRED 0. 0. 0. 0. 0. 655. 0. 15.
10.771 2 ATTITUDE -0.046833 1.579112 -0.014988
10.805 2 GPS 3 34881636 594571328 2000 612297 24 9 1797 67343250 12 18
10.857 2 IMU_ACCEL -9.62793 -0.061523 0.583984
10.861 2 WP_MOVED 2 348846. 5945813. 667.174988 12
10.864 2 ATTITUDE -0.046544 1.579099 -0.015047
10.882 2 DOWNLINK_STATUS 0 11 7993 364 1 744. 33. 37.58
10.959 2 ESTIMATOR 0. 0.
10.966 2 DESIRED 0. 0. 0. 0. 0. 655. 0. 15.
10.969 2 ATTITUDE -0.046467 1.579098 -0.015075
11.060 2 IMU_MAG 0. 0. 0.
11.066 2 GPS 3 34881636 594571328 2000 612346 8 11 1797 67343500 12 19
11.069 2 ATTITUDE -0.046424 1.579136 -0.015092
11.161 2 GPS_SOL 209 31 134 12
11.167 2 DESIRED 0. 0. 0. 0. 0. 655. 0. 15.
11.170 2 ATTITUDE -0.045885 1.579108 -0.015239
11.250 2 DL_VALUE 8 0.
11.253 2 ATTITUDE -0.046128 1.579103 -0.015136
11.305 2 GPS 3 34881636 594571328 2000 612381 13 12 1797 67343750 12 20
11.366 2 IMU_GYRO -0.023193 0.014893 -0.015869
11.369 2 WP_MOVED 3 348916.09375 5945784. 667.174988 12
11.376 2 DESIRED 0. 0. 0. 0. 0. 655. 0. 15.
11.379 2 ATTITUDE -0.046024 1.579138 -0.015155
11.452 2 ESTIMATOR 0. 0.
11.455 2 ATTITUDE -0.045623 1.579113 -0.015284
11.569 2 CALIBRATION 0. 0
11.573 2 BAT 40 35 0 0 1 3 3 0
11.580 2 GPS 3 34881636 594571392 2000 612374 3 3 1797 67344000 12 21
11.586 2 DESIRED 0. 0. 0. 0. 0. 655. 0. 15.
11.588 2 ATTITUDE -0.045594 1.579096 -0.015343
11.661 2 NAVIGATION 2 1 0. 0.5 0. 0.3 0 0
11.662 2 IMU_ACCEL -9.618164 -0.119141 0.569336
11.666 2 ATTITUDE -0.045676 1.579094 -0.015346
11.761 2 DESIRED 0. 0. 0. 0. 0. 655. 0. 15.
11.764 2 ATTITUDE -0.045566 1.579112 -0.01538
11.804 2 GPS 3 34881636 594571392 2000 612371 13 3 1797 67344250 12 22
11.853 2 WP_MOVED 4 348715.6875 5945793. 667.174988 12
11.856 2 ATTITUDE -0.045417 1.579095 -0.015399
11.883 2 DOWNLINK_STATUS 0 12 8703 395 1 710. 31. 37.58
11.964 2 STATE_FILTER_STATUS 3 0
11.967 2 IMU_GYRO -0.02124 0.010498 -0.013672
11.969 2 ESTIMATOR 0. 0.
11.977 2 DESIRED 0. 0. 0. 0. 0. 655. 0. 15.
11.977 2 WIND_INFO 2 42 0. 0. 0.
11.979 2 ATTITUDE -0.045355 1.579092 -0.015395
12.059 2 GPS 3 34881636 594571392 2000 612357 4 9 1797 67344500 12 23
12.061 2 ATTITUDE -0.045452 1.579122 -0.015391
12.160 2 DESIRED 0. 0. 0. 0. 0. 655. 0. 15.
12.163 2 ATTITUDE -0.045284 1.579127 -0.015444
12.231 2 FBW_STATUS 0 91 0 36 3
12.249 2 ATTITUDE -0.045218 1.579095 -0.015505
12.305 2 GPS 3 34881636 594571392 2000 612372 7 5 1797 67344750 12 24
12.365 2 IMU_MAG 0. 0. 0.
12.369 2 WP_MOVED 5 348691. 5945758. 667.174988 12
12.375 2 DESIRED 0. 0. 0. 0. 0. 655. 0. 15.
12.378 2 ATTITUDE -0.045212 1.579077 -0.015532
12.456 2 IMU_ACCEL -9.618164 -0.109375 0.554688
12.458 2 ESTIMATOR 0. 0.
12.461 2 ATTITUDE -0.045059 1.579064 -0.015546
12.568 2 IMU_GYRO -0.02124 0.014893 -0.012695
12.574 2 GPS 3 34881636 594571392 2000 612393 10 8 1797 67345000 12 25
12.580 2 DESIRED 0. 0. 0. 0. 0. 655. 0. 15.
12.584 2 ATTITUDE -0.044935 1.57908 -0.015589
12.660 2 BAT 40 36 0 0 1 4 4 0
12.664 2 NAVIGATION 2 1 0. 0.5 0. 0.3 0 0
12.667 2 ATTITUDE -0.044859 1.579095 -0.015608
12.758 2 DL_VALUE 9 1.
12.765 2 DESIRED 0. 0. 0. 0. 0. 655. 0. 15.
12.768 2 ATTITUDE -0.044643 1.579098 -0.015647
12.805 2 GPS 3 34881636 594571392 2000 612369 5 -5 1797 67345250 12 26
12.854 2 WP_MOVED 6 348616. 5945813. 667.174988 12
12.857 2 ATTITUDE -0.044534 1.579105 -0.015668
12.883 2 DOWNLINK_STATUS 0 13 9427 427 1 724. 32. 37.58
12.960 2 ESTIMATOR 0. 0.
12.966 2 DESIRED 0. 0. 0. 0. 0. 655. 0. 15.
12.969 2 ATTITUDE -0.044447 1.579095 -0.015766
13.032 2 ACTUATORS |1004,1003,1522,1296,1688,1500|
13.061 2 ENERGY 3.5 0.003 0 0.0105
13.067 2 GPS 3 34881636 594571392 2000 612364 14 2 1797 67345500 12 27
13.069 2 ATTITUDE -0.044372 1.579174 -0.015853
13.132 2 COMMANDS |40,-14,924,9548,0,-9548|
13.164 2 GPS_SOL 206 33 134 12
13.167 2 IMU_GYRO -0.024414 0.013672 -0.013672
13.174 2 DESIRED 0. 0. 0. 0. 0. 655. 0. 15.
13.177 2 ATTITUDE -0.044821 1.579199 -0.015805
13.254 2 PPRZ_MODE 0 1 2 0 0 17
13.257 2 IMU_ACCEL -9.651367 -0.095703 0.526367
13.260 2 ATTITUDE -0.044215 1.57912 -0.015914
13.304 2 GPS 3 34881636 594571392 2000 612374 6 10 1797 67345750 12 28
13.361 2 WP_MOVED 7 349016. 5946013. 667.174988 12
13.368 2 DESIRED 0. 0. 0. 0. 0. 655. 0. 15.
13.371 2 ATTITUDE -0.044766 1.579133 -0.015803
13.453 2 DOWNLINK 2 760 534
13.455 2 ESTIMATOR 0. 0.
13.458 2 ATTITUDE -0.043717 1.579061 -0.016042
13.570 2 ALIVE |228,20,132,52,199,188,9,41,98,144,207,201,129,49,81,20|
13.575 2 GPS 3 34881636 594571328 2000 612395 30 3 1797 67346000 12 29
13.582 2 DESIRED 0. 0. 0. 0. 0. 655. 0. 15.
13.585 2 ATTITUDE -0.044504 1.579108 -0.015896
13.659 2 CALIBRATION 0. 0
13.662 2 IMU_MAG 0. 0. 0.
13.667 2 NAVIGATION 2 1 0. 0. 0. 0. 0 0
13.670 2 ATTITUDE -0.044709 1.579041 -0.015855
13.766 2 BAT 40 35 0 0 1 5 5 0
13.769 2 IMU_GYRO -0.025391 0.006348 -0.014893
13.776 2 DESIRED 0. 0. 0. 0. 0. 655. 0. 15.
13.779 2 ATTITUDE -0.042634 1.57912 -0.016332
13.805 2 GPS 3 34881636 594571328 2000 612385 8 4 1797 67346250 12 30
13.854 2 WP_MOVED 0 348858. 5945755. 667.174988 12
13.857 2 ATTITUDE -0.043899 1.579073 -0.016177
13.883 2 DOWNLINK_STATUS 0 14 10248 464 1 821. 37. 37.58
13.959 2 ESTIMATOR 0. 0.
13.966 2 DESIRED 0. 0. 0. 0. 0. 655. 0. 15.
13.969 2 ATTITUDE -0.044006 1.579181 -0.016139
14.060 2 IMU_ACCEL -9.646484 -0.128906 0.574219
14.066 2 GPS 3 34881636 594571328 2000 612357 5 2 1797 67346500 12 31
14.069 2 ATTITUDE -0.043598 1.579081 -0.016218
14.158 2 STATE_FILTER_STATUS 3 0
14.164 2 DESIRED 0. 0. 0. 0. 0. 655. 0. 15.
14.167 2 ATTITUDE -0.043455 1.579067 -0.01632
14.231 2 FBW_STATUS 0 91 0 36 3
14.250 2 DL_VALUE 10 0.
14.252 2 ATTITUDE -0.043201 1.579007 -0.016373
14.307 2 GPS 3 34881636 594571328 2000 612348 9 0 1797 67346750 12 32
14.309 2 SVINFO 0 3 13 7 36 46 80
14.365 2 IMU_GYRO -0.02124 0.010498 -0.012695
14.369 2 WP_MOVED 1 348816. 5945713. 667.174988 12
14.376 2 DESIRED 0. 0. 0. 0. 0. 655. 0. 15.
14.379 2 ATTITUDE -0.043276 1.578997 -0.016373
14.450 2 ESTIMATOR 0. 0.
14.454 2 ATTITUDE -0.043691 1.578995 -0.016278
14.569 2 GPS 3 34881636 594571328 2000 612339 5 -4 1797 67347000 12 1
14.571 2 SVINFO 1 5 13 7 42 22 287
14.578 2 DESIRED 0. 0. 0. 0. 0. 655. 0. 15.
14.581 2 ATTITUDE -0.043721 1.579049 -0.01623
14.655 2 NAVIGATION 2 1 0. 0. 0. 0. 0 0
14.658 2 ATTITUDE -0.043498 1.579024 -0.016268
14.760 2 DESIRED 0. 0. 0. 0. 0. 655. 0. 15.
14.763 2 ATTITUDE -0.043864 1.579004 -0.016215
14.807 2 GPS 3 34881636 594571328 2000 612322 11 3 1797 67347250 12 2
14.810 2 SVINFO 2 7 13 7 44 84 88
14.862 2 BAT 40 36 0 0 1 6 6 0
14.865 2 IMU_ACCEL -9.641602 -0.119141 0.516602
14.869 2 WP_MOVED 2 348846. 5945813. 667.174988 12
14.871 2 ATTITUDE -0.043395 1.579007 -0.016326
14.884 2 DOWNLINK_STATUS 0 15 10996 498 1 748. 34. 37.58
14.967 2 IMU_MAG 0. 0. 0.
14.970 2 IMU_GYRO -0.022217 0.015869 -0.013672
14.973 2 ESTIMATOR 0. 0.
14.979 2 DESIRED 0. 0. 0. 0. 0. 655. 0. 15.
14.982 2 ATTITUDE -0.043472 1.57904 -0.016265
15.061 2 GPS 3 34881636 594571328 2000 612261 11 0 1797 67347500 12 3
15.064 2 SVINFO 3 8 13 7 42 70 289
15.067 2 ATTITUDE -0.043174 1.579008 -0.016326
15.160 2 GPS_SOL 205 45 134 12
15.167 2 DESIRED 0. 0. 0. 0. 0. 655. 0. 15.
15.170 2 ATTITUDE -0.043397 1.578989 -0.016298
15.249 2 ATTITUDE -0.043143 1.57901 -0.016358
15.308 2 GPS 3 34881636 594571328 2000 612251 8 4 1797 67347750 12 4
15.310 2 SVINFO 4 9 28 7 44 51 286
15.361 2 WP_MOVED 3 348916.09375 5945784. 667.174988 12
15.368 2 DESIRED 0. 0. 0. 0. 0. 655. 0. 15.
15.371 2 ATTITUDE -0.043509 1.578995 -0.016332
15.417 2 PONG 
15.456 2 ENERGY 3.6 0.003 0 0.0108
15.459 2 ESTIMATOR 0. 0.
15.462 2 ATTITUDE -0.043372 1.579037 -0.016371
15.571 2 IMU_GYRO -0.02002 0.009521 -0.014893
15.577 2 GPS 3 34881636 594571328 2000 612270 11 2 1797 67348000 12 5
15.579 2 SVINFO 5 10 13 4 27 12 236
15.586 2 DESIRED 0. 0. 0. 0. 0. 655. 0. 15.
15.589 2 ATTITUDE -0.043022 1.578994 -0.01652
15.660 2 NAVIGATION 2 1 0. 0.5 0. 0. 0 0
15.663 2 IMU_ACCEL -9.631836 -0.085938 0.545898
15.666 2 ATTITUDE -0.043396 1.57903 -0.016444
15.761 2 CALIBRATION 0. 0
15.763 2 DL_VALUE 11 0.
15.769 2 DESIRED 0. 0. 0. 0. 0. 655. 0. 15.
15.772 2 ATTITUDE -0.04326 1.579002 -0.016483
15.805 2 GPS 3 34881636 594571392 2000 612292 7 8 1797 67348250 12 6
15.854 2 WP_MOVED 4 348715.6875 5945793. 667.174988 12
15.857 2 ATTITUDE -0.04319 1.578937 -0.016521
15.884 2 DOWNLINK_STATUS 0 16 11771 534 1 775. 36. 37.71
15.964 2 BAT 40 36 0 0 1 7 7 0
15.967 2 ESTIMATOR 0. 0.
15.974 2 DESIRED 0. 0. 0. 0. 0. 655. 0. 15.
15.976 2 ATTITUDE -0.043175 1.578921 -0.016542
16.062 2 NAVIGATION_REF 348816 5945713 12 612.174988
16.068 2 GPS 3 34881636 594571392 2000 612305 6 11 1797 67348500 12 7
16.071 2 SVINFO 7 13 13 7 35 31 160
16.074 2 ATTITUDE -0.043455 1.578903 -0.016435
16.161 2 IMU_GYRO -0.02124 0.016846 -0.014893
16.168 2 DESIRED 0. 0. 0. 0. 0. 655. 0. 15.
16.170 2 ATTITUDE -0.042891 1.578893 -0.016589
16.231 2 FBW_STATUS 0 91 0 36 3
16.252 2 IMU_MAG 0. 0. 0.
16.255 2 ATTITUDE -0.043109 1.578908 -0.016517
16.307 2 GPS 3 34881636 594571392 2000 612335 5 13 1797 67348750 12 8
16.309 2 SVINFO 8 16 13 6 30 9 54
16.361 2 STATE_FILTER_STATUS 3 0
16.364 2 WP_MOVED 5 348691. 5945758. 667.174988 12
16.371 2 DESIRED 0. 0. 0. 0. 0. 655. 0. 15.
16.374 2 ATTITUDE -0.04302 1.578914 -0.016554
16.455 2 IMU_ACCEL -9.631836 -0.081055 0.583984
16.458 2 ESTIMATOR 0. 0.
16.461 2 ATTITUDE -0.04303 1.578865 -0.016592
16.569 2 GPS 3 34881636 594571328 2000 612334 5 6 1797 67349000 12 9
16.572 2 SVINFO 9 19 13 7 33 42 97
16.578 2 DESIRED 0. 0. 0. 0. 0. 655. 0. 15.
16.581 2 ATTITUDE -0.042729 1.578923 -0.016641
16.655 2 NAVIGATION 2 1 0. 0. 0. 0. 0 0
16.658 2 ATTITUDE -0.04277 1.578891 -0.016666
16.761 2 IMU_GYRO -0.02124 0.009521 -0.013672
16.767 2 DESIRED 0. 0. 0. 0. 0. 655. 0. 15.
16.770 2 ATTITUDE -0.042719 1.57892 -0.016691
16.804 2 GPS 3 34881636 594571328 2000 612322 16 13 1797 67349250 12 10
16.853 2 WP_MOVED 6 348616. 5945813. 667.174988 12
16.856 2 ATTITUDE -0.043044 1.578886 -0.016655
16.884 2 DOWNLINK_STATUS 0 17 12545 569 1 774. 35. 37.71
16.959 2 ESTIMATOR 0. 0.
16.966 2 DESIRED 0. 0. 0. 0. 0. 655. 0. 15.
16.969 2 ATTITUDE -0.042713 1.578859 -0.01682
17.064 2 BAT 40 36 0 0 1 9 9 0
17.069 2 GPS 3 34881636 594571328 2000 612345 10 11 1797 67349500 12 11
17.072 2 SVINFO 11 23 12 4 17 2 154
17.075 2 ATTITUDE -0.042735 1.578862 -0.016831
17.160 2 GPS_SOL 204 29 134 12
17.167 2 DESIRED 0. 0. 0. 0. 0. 655. 0. 15.
17.170 2 ATTITUDE -0.04256 1.578848 -0.01689
17.254 2 DL_VALUE 12 12000.
17.257 2 IMU_ACCEL -9.631836 -0.085938 0.579102
17.260 2 ATTITUDE -0.042805 1.578906 -0.016923
17.308 2 GPS 3 34881636 594571328 2000 612330 4 11 1797 67349750 12 12
17.310 2 SVINFO 12 26 13 6 31 16 315
17.365 2 IMU_GYRO -0.02124 0.009521 -0.014893
17.368 2 WP_MOVED 7 349016. 5946013. 667.174988 12
17.375 2 DESIRED 0. 0. 0. 0. 0. 655. 0. 15.
17.378 2 ATTITUDE -0.042502 1.578848 -0.016999
17.451 2 ESTIMATOR 0. 0.
17.454 2 ATTITUDE -0.04279 1.578885 -0.016921
17.571 2 IMU_MAG 0. 0. 0.
17.577 2 GPS 3 34881636 594571328 2000 612328 4 12 1797 67350000 12 13
17.578 2 SVINFO 13 27 13 7 34 33 56
17.586 2 DESIRED 0. 0. 0. 0. 0. 655. 0. 15.
17.589 2 ATTITUDE -0.042668 1.578859 -0.016994
17.656 2 NAVIGATION 2 1 0. 0. 0. 0. 0 0
17.658 2 ATTITUDE -0.042789 1.578901 -0.016944
17.761 2 DESIRED 0. 0. 0. 0. 0. 655. 0. 15.
17.763 2 ATTITUDE -0.042804 1.578868 -0.016971
17.807 2 GPS 3 34881636 594571328 2000 612332 3 2 1797 67350250 12 14
17.809 2 SVINFO 14 28 13 7 36 30 226
17.859 2 ENERGY 3.6 0.003 0 0.0108
17.861 2 CALIBRATION 0. 0
17.865 2 WP_MOVED 0 348858. 5945755. 667.174988 12
17.868 2 ATTITUDE -0.043021 1.578837 -0.016918
17.885 2 DOWNLINK_STATUS 0 18 13331 605 1 786. 36. 37.71
17.963 2 IMU_GYRO -0.022217 0.007324 -0.012695
17.966 2 ESTIMATOR 0. 0.
17.972 2 DESIRED 0. 0. 0. 0. 0. 655. 0. 15.
17.975 2 ATTITUDE -0.042725 1.578876 -0.016952
18.032 2 ACTUATORS |1004,1003,1522,1296,1688,1500|
18.062 2 IMU_ACCEL -9.641602 -0.100586 0.46875
18.068 2 GPS 3 34881636 594571328 2000 612327 8 8 1797 67350500 12 15
18.070 2 SVINFO 15 30 13 7 44 64 282
18.073 2 ATTITUDE -0.043077 1.578861 -0.016896
18.132 2 COMMANDS |40,-14,924,9548,0,-9548|
18.162 2 PPRZ_MODE 0 1 2 0 0 17
18.166 2 BAT 40 36 0 0 1 10 10 0
18.173 2 DESIRED 0. 0. 0. 0. 0. 655. 0. 15.
18.176 2 ATTITUDE -0.042739 1.578884 -0.016971
18.230 2 FBW_STATUS 0 91 0 36 3
18.248 2 ATTITUDE -0.042564 1.578892 -0.016985
18.304 2 GPS 3 34881636 594571328 2000 612327 2 7 1797 67350750 12 16
18.361 2 WP_MOVED 1 348816. 5945713. 667.174988 12
18.368 2 DESIRED 0. 0. 0. 0. 0. 655. 0. 15.
18.371 2 ATTITUDE -0.043021 1.578872 -0.016905
18.451 2 ESTIMATOR 0. 0.
18.454 2 ATTITUDE -0.042727 1.578811 -0.017001
18.571 2 DOWNLINK 2 774 715
18.572 2 STATE_FILTER_STATUS 3 0
18.575 2 IMU_GYRO -0.02002 0.009521 -0.013672
18.581 2 GPS 3 34881636 594571328 2000 612283 13 8 1797 67351000 12 17
18.588 2 DESIRED 0. 0. 0. 0. 0. 655. 0. 15.
18.591 2 ATTITUDE -0.042174 1.578781 -0.017107
18.660 2 ALIVE |228,20,132,52,199,188,9,41,98,144,207,201,129,49,81,20|
18.664 2 NAVIGATION 2 1 0. 0. 0. 0. 0 0
18.668 2 ATTITUDE -0.042685 1.5788 -0.016993
18.758 2 DL_VALUE 13 1.5
18.765 2 DESIRED 0. 0. 0. 0. 0. 655. 0. 15.
18.768 2 ATTITUDE -0.042388 1.578808 -0.017087
18.805 2 GPS 3 34881636 594571328 2000 612255 19 -4 1797 67351250 12 18
18.861 2 IMU_MAG 0. 0. 0.
18.864 2 IMU_ACCEL -9.65625 -0.104492 0.55957
18.867 2 WP_MOVED 2 348846. 5945813. 667.174988 12
18.870 2 ATTITUDE -0.042424 1.578798 -0.017161
18.885 2 DOWNLINK_STATUS 0 19 14171 644 1 840. 39. 37.71
18.959 2 ESTIMATOR 0. 0.
18.966 2 DESIRED 0. 0. 0. 0. 0. 655. 0. 15.
18.969 2 ATTITUDE -0.042362 1.578733 -0.017156
19.058 2 GPS 3 34881636 594571328 2000 612207 4 5 1797 67351500 12 19
19.060 2 ATTITUDE -0.042104 1.578724 -0.017229
19.163 2 GPS_SOL 203 37 134 12
19.166 2 IMU_GYRO -0.022217 0.010498 -0.013672
19.174 2 DESIRED 0. 0. 0. 0. 0. 655. 0. 15.
19.176 2 ATTITUDE -0.042604 1.578792 -0.017113
19.254 2 BAT 40 36 0 0 1 11 11 0
19.256 2 ATTITUDE -0.042622 1.578778 -0.017147
19.304 2 GPS 3 34881636 594571392 2000 612196 19 7 1797 67351750 12 20
19.361 2 WP_MOVED 3 348916.09375 5945784. 667.174988 12
19.367 2 DESIRED 0. 0. 0. 0. 0. 655. 0. 15.
19.371 2 ATTITUDE -0.042592 1.578761 -0.017118
19.450 2 ESTIMATOR 0. 0.
19.454 2 ATTITUDE -0.042688 1.578786 -0.017141
19.566 2 GPS 3 34881636 594571392 2000 612199 12 0 1797 67352000 12 21
19.572 2 DESIRED 0. 0. 0. 0. 0. 655. 0. 15.
19.576 2 ATTITUDE -0.04273 1.578754 -0.017135
19.659 2 NAVIGATION 2 1 0. 0.5 0. 0.3 0 0
19.662 2 IMU_ACCEL -9.62793 -0.114258 0.521484
19.665 2 ATTITUDE -0.042824 1.578735 -0.017081
19.760 2 IMU_GYRO -0.02002 0.013672 -0.014893
19.767 2 DESIRED 0. 0. 0. 0. 0. 655. 0. 15.
19.770 2 ATTITUDE -0.042688 1.578758 -0.017138
19.804 2 GPS 3 34881636 594571392 2000 612177 10 5 1797 67352250 12 22
19.853 2 WP_MOVED 4 348715.6875 5945793. 667.174988 12
19.856 2 ATTITUDE -0.042628 1.57871 -0.017147
19.885 2 DOWNLINK_STATUS 0 20 14859 673 1 688. 29. 37.71
19.961 2 CALIBRATION 0. 0
19.963 2 ESTIMATOR 0. 0.
19.970 2 DESIRED 0. 0. 0. 0. 0. 655. 0. 15.
19.973 2 ATTITUDE -0.042701 1.578696 -0.017095
20.065 2 GPS 3 34881636 594571392 2000 612167 6 7 1797 67352500 12 23
20.065 2 ATTITUDE -0.04256 1.578683 -0.017091
20.160 2 IMU_MAG 0. 0. 0.
20.167 2 DESIRED 0. 0. 0. 0. 0. 655. 0. 15.
20.170 2 ATTITUDE -0.042577 1.578756 -0.017081
20.231 2 FBW_STATUS 0 91 0 36 3
20.256 2 ENERGY 3.6 0.003 0 0.0108
20.257 2 DL_VALUE 14 0.610865
20.261 2 ATTITUDE -0.042515 1.578742 -0.017129
20.304 2 GPS 3 34881636 594571392 2000 612164 4 0 1797 67352750 12 24
20.370 2 BAT 40 36 0 0 1 12 12 0
20.373 2 IMU_GYRO -0.02124 0.011475 -0.014893
20.377 2 WP_MOVED 5 348691. 5945758. 667.174988 12
20.383 2 DESIRED 0. 0. 0. 0. 0. 655. 0. 15.
20.386 2 ATTITUDE -0.042375 1.578677 -0.017147
20.418 2 PONG 
20.456 2 IMU_ACCEL -9.613281 -0.100586 0.55957
20.458 2 ESTIMATOR 0. 0.
20.461 2 ATTITUDE -0.04247 1.578661 -0.017139
20.567 2 GPS 3 34881636 594571392 2000 612137 11 -6 1797 67353000 12 25
20.573 2 DESIRED 0. 0. 0. 0. 0. 655. 0. 15.
20.575 2 ATTITUDE -0.042333 1.578634 -0.017176
20.656 2 NAVIGATION 2 1 0. 0.5 0. 0.3 0 0
20.658 2 ATTITUDE -0.042412 1.578585 -0.017145
20.756 2 STATE_FILTER_STATUS 3 0
20.763 2 DESIRED 0. 0. 0. 0. 0. 655. 0. 15.
20.766 2 ATTITUDE -0.04229 1.578607 -0.017191
20.804 2 GPS 3 34881636 594571392 2000 612130 14 2 1797 67353250 12 26
20.853 2 WP_MOVED 6 348616. 5945813. 667.174988 12
20.856 2 ATTITUDE -0.042454 1.578611 -0.017171
20.886 2 DOWNLINK_STATUS 0 21 15602 707 1 743. 34. 38.11
20.963 2 IMU_GYRO -0.022217 0.013672 -0.013672
20.965 2 ESTIMATOR 0. 0.
20.972 2 DESIRED 0. 0. 0. 0. 0. 655. 0. 15.
20.975 2 ATTITUDE -0.042296 1.578618 -0.017211
21.058 2 GPS 3 34881636 594571328 2000 612159 7 7 1797 67353500 12 27
21.061 2 ATTITUDE -0.042486 1.578621 -0.017189
21.160 2 GPS_SOL 202 37 134 12
21.166 2 DESIRED 0. 0. 0. 0. 0. 655. 0. 15.
21.169 2 ATTITUDE -0.042523 1.57862 -0.017153
21.252 2 IMU_ACCEL -9.613281 -0.076172 0.550781
21.255 2 ATTITUDE -0.042533 1.578553 -0.017111
21.304 2 GPS 3 34881636 594571328 2000 612130 7 -5 1797 67353750 12 28
21.361 2 WP_MOVED 7 349016. 5946013. 667.174988 12
21.368 2 DESIRED 0. 0. 0. 0. 0. 655. 0. 15.
21.371 2 ATTITUDE -0.042485 1.578582 -0.017207
21.460 2 IMU_MAG 0. 0. 0.
21.463 2 BAT 40 36 0 0 1 13 13 0
21.466 2 ESTIMATOR 0. 0.
21.469 2 ATTITUDE -0.042234 1.578562 -0.017288
21.567 2 IMU_GYRO -0.023193 0.007324 -0.012695
21.573 2 GPS 3 34881636 594571328 2000 612092 9 4 1797 67354000 12 29
21.580 2 DESIRED 0. 0. 0. 0. 0. 655. 0. 15.
21.583 2 ATTITUDE -0.042267 1.578555 -0.017318
21.655 2 NAVIGATION 2 1 0. 0. 0. 0. 0 0
21.659 2 ATTITUDE -0.042251 1.578506 -0.017287
21.758 2 DL_VALUE 15 7500.
21.764 2 DESIRED 0. 0. 0. 0. 0. 655. 0. 15.
21.767 2 ATTITUDE -0.042482 1.578488 -0.017232
21.804 2 GPS 3 34881636 594571328 2000 612074 6 -1 1797 67354250 12 30
21.853 2 WP_MOVED 0 348858. 5945755. 667.174988 12
21.856 2 ATTITUDE -0.042602 1.578493 -0.017238
21.886 2 DOWNLINK_STATUS 0 22 16319 738 1 717. 31. 38.11
21.959 2 ESTIMATOR 0. 0.
21.966 2 DESIRED 0. 0. 0. 0. 0. 655. 0. 15.
21.969 2 ATTITUDE -0.042501 1.578519 -0.017236
21.977 2 WIND_INFO 2 42 0. 0. 0.
22.060 2 CALIBRATION 0. 0
22.063 2 IMU_ACCEL -9.598633 -0.081055 0.550781
22.070 2 GPS 3 34881636 594571328 2000 612079 11 5 1797 67354500 12 31
22.072 2 ATTITUDE -0.042289 1.578475 -0.017266
22.160 2 IMU_GYRO -0.024414 0.015869 -0.014893
22.167 2 DESIRED 0. 0. 0. 0. 0. 655. 0. 15.
22.170 2 ATTITUDE -0.042595 1.578538 -0.017192
22.230 2 FBW_STATUS 0 91 0 36 3
22.248 2 ATTITUDE -0.042204 1.578472 -0.01726
22.307 2 GPS 3 34881636 594571328 2000 612055 13 0 1797 67354750 12 32
22.309 2 SVINFO 0 3 13 7 36 46 80
22.361 2 WP_MOVED 1 348816. 5945713. 667.174988 12
22.368 2 DESIRED 0. 0. 0. 0. 0. 655. 0. 15.
22.370 2 ATTITUDE -0.042353 1.578477 -0.017237
22.450 2 ESTIMATOR 0. 0.
22.453 2 ATTITUDE -0.042242 1.578483 -0.01726
22.571 2 BAT 40 36 0 0 1 14 14 0
22.577 2 GPS 3 34881636 594571328 2000 612043 4 0 1797 67355000 12 1
22.579 2 SVINFO 1 5 13 7 41 22 287
22.586 2 DESIRED 0. 0. 0. 0. 0. 655. 0. 15.
22.589 2 ATTITUDE -0.042348 1.578482 -0.017248
22.658 2 ENERGY 3.6 0.003 0 0.0108
22.663 2 NAVIGATION 2 1 0. 0. 0. 0. 0 0
22.666 2 ATTITUDE -0.042391 1.578486 -0.017216
22.764 2 IMU_MAG 0. 0. 0.
22.767 2 IMU_GYRO -0.02124 0.011475 -0.014893
22.774 2 DESIRED 0. 0. 0. 0. 0. 655. 0. 15.
22.777 2 ATTITUDE -0.042112 1.578513 -0.017261
22.807 2 GPS 3 34881636 594571328 2000 612073 3 1 1797 67355250 12 2
22.809 2 SVINFO 2 7 13 7 44 84 89
22.856 2 IMU_ACCEL -9.608398 -0.076172 0.579102
22.860 2 WP_MOVED 2 348846. 5945813. 667.174988 12
22.863 2 ATTITUDE -0.042283 1.578513 -0.017249
22.886 2 DOWNLINK_STATUS 0 23 17114 774 1 795. 36. 38.11
22.960 2 STATE_FILTER_STATUS 3 0
22.962 2 ESTIMATOR 0. 0.
22.969 2 DESIRED 0. 0. 0. 0. 0. 655. 0. 15.
22.972 2 ATTITUDE -0.042171 1.578497 -0.017233
23.032 2 ACTUATORS |1004,1003,1522,1296,1688,1500|
23.060 2 PPRZ_MODE 0 1 2 0 0 17
23.066 2 GPS 3 34881636 594571328 2000 612079 7 2 1797 67355500 12 3
23.068 2 SVINFO 3 8 13 7 42 70 289
23.071 2 ATTITUDE -0.042226 1.578449 -0.017222
23.132 2 COMMANDS |40,-14,924,9548,0,-9548|
23.160 2 GPS_SOL 201 39 134 12
23.166 2 DESIRED 0. 0. 0. 0. 0. 655. 0. 15.
23.170 2 ATTITUDE -0.042016 1.578421 -0.017328
23.249 2 DL_VALUE 16 1250.
23.253 2 ATTITUDE -0.042341 1.578422 -0.017261
23.307 2 GPS 3 34881636 594571328 2000 612114 11 13 1797 67355750 12 4
23.309 2 SVINFO 4 9 28 7 44 51 286
23.365 2 IMU_GYRO -0.022217 0.014893 -0.014893
23.368 2 WP_MOVED 3 348916.09375 5945784. 667.174988 12
23.375 2 DESIRED 0. 0. 0. 0. 0. 655. 0. 15.
23.378 2 ATTITUDE -0.042362 1.578431 -0.017252
23.451 2 ESTIMATOR 0. 0.
23.454 2 ATTITUDE -0.042415 1.578399 -0.017229
23.569 2 GPS 3 34881636 594571328 2000 612122 8 12 1797 67356000 12 5
23.572 2 SVINFO 5 10 13 4 27 12 235
23.578 2 DESIRED 0. 0. 0. 0. 0. 655. 0. 15.
23.581 2 ATTITUDE -0.042792 1.578406 -0.01717
23.663 2 DOWNLINK 2 761 889
23.666 2 BAT 40 36 0 0 1 15 15 0
23.672 2 NAVIGATION 2 1 0. 0. 0. 0. 0 0
23.674 2 IMU_ACCEL -9.65625 -0.100586 0.526367
23.677 2 ATTITUDE -0.04281 1.578446 -0.017126
23.763 2 ALIVE |228,20,132,52,199,188,9,41,98,144,207,201,129,49,81,20|
23.769 2 DESIRED 0. 0. 0. 0. 0. 655. 0. 15.
23.771 2 ATTITUDE -0.043347 1.578361 -0.017028
23.804 2 GPS 3 34881636 594571328 2000 612125 21 3 1797 67356250 12 6
23.852 2 WP_MOVED 4 348715.6875 5945793. 667.174988 12
23.855 2 ATTITUDE -0.043091 1.5784 -0.017047
23.887 2 DOWNLINK_STATUS 0 24 17930 812 1 816. 38. 38.11
23.963 2 IMU_GYRO -0.019043 0.02124 -0.012695
23.965 2 ESTIMATOR 0. 0.
23.972 2 DESIRED 0. 0. 0. 0. 0. 655. 0. 15.
23.975 2 ATTITUDE -0.043012 1.578302 -0.017097
24.062 2 IMU_MAG 0. 0. 0.
24.067 2 GPS 3 34881636 594571328 2000 612138 8 8 1797 67356500 12 7
24.070 2 SVINFO 7 13 13 7 35 31 161
24.073 2 ATTITUDE -0.04285 1.578202 -0.01713
24.157 2 CALIBRATION 0. 0
24.164 2 DESIRED 0. 0. 0. 0. 0. 655. 0. 15.
24.167 2 ATTITUDE -0.042616 1.578299 -0.017196
24.230 2 FBW_STATUS 0 91 0 36 3
24.248 2 ATTITUDE -0.042847 1.578233 -0.017139
24.307 2 GPS 3 34881636 594571328 2000 612188 2 14 1797 67356750 12 8
24.309 2 SVINFO 8 16 13 6 31 9 54
24.361 2 WP_MOVED 5 348691. 5945758. 667.174988 12
24.367 2 DESIRED 0. 0. 0. 0. 0. 655. 0. 15.
24.370 2 ATTITUDE -0.042859 1.578307 -0.017141
24.455 2 IMU_ACCEL -9.651367 -0.095703 0.588867
24.457 2 ESTIMATOR 0. 0.
24.460 2 ATTITUDE -0.043272 1.578403 -0.017061
24.570 2 IMU_GYRO -0.02124 0.014893 -0.013672
24.576 2 GPS 3 34881636 594571328 2000 612204 13 17 1797 67357000 12 9
24.578 2 SVINFO 9 19 13 7 33 42 97
24.585 2 DESIRED 0. 0. 0. 0. 0. 655. 0. 15.
24.588 2 ATTITUDE -0.043329 1.578376 -0.017085
24.655 2 NAVIGATION 2 1 0. 0. 0. 0. 0 0
24.658 2 ATTITUDE -0.043364 1.578361 -0.017019
24.762 2 DL_VALUE 17 0.48
24.766 2 BAT 40 36 0 0 1 16 16 0
24.772 2 DESIRED 0. 0. 0. 0. 0. 655. 0. 15.
24.775 2 ATTITUDE -0.043415 1.578349 -0.016961
24.804 2 GPS 3 34881636 594571328 2000 612229 8 17 1797 67357250 12 10
24.853 2 WP_MOVED 6 348616. 5945813. 667.174988 12
24.856 2 ATTITUDE -0.043197 1.578218 -0.017012
24.887 2 DOWNLINK_STATUS 0 25 18698 847 1 768. 35. 38.11
24.959 2 ESTIMATOR 0. 0.
24.965 2 DESIRED 0. 0. 0. 0. 0. 655. 0. 15.
24.968 2 ATTITUDE -0.043246 1.578254 -0.01698
25.067 2 NAVIGATION_REF 348816 5945713 12 612.174988
25.070 2 ENERGY 3.6 0.003 0 0.0108
25.076 2 GPS 3 34881636 594571328 2000 612206 4 9 1797 67357500 12 11
25.078 2 SVINFO 11 23 12 4 19 2 154
25.081 2 ATTITUDE -0.043193 1.578248 -0.016992
25.163 2 STATE_FILTER_STATUS 3 0
25.166 2 GPS_SOL 199 37 134 12
25.170 2 IMU_GYRO -0.02124 0.012695 -0.013672
25.177 2 DESIRED 0. 0. 0. 0. 0. 655. 0. 15.
25.180 2 ATTITUDE -0.04298 1.578206 -0.017138
25.252 2 IMU_ACCEL -9.623047 -0.109375 0.55957
25.255 2 ATTITUDE -0.043352 1.57819 -0.017022
25.307 2 GPS 3 34881636 594571328 2000 612246 17 16 1797 67357750 12 12
25.309 2 SVINFO 12 26 13 6 30 16 314
25.365 2 IMU_MAG 0. 0. 0.
25.367 2 WP_MOVED 7 349016. 5946013. 667.174988 12
25.375 2 DESIRED 0. 0. 0. 0. 0. 655. 0. 15.
25.377 2 ATTITUDE -0.043148 1.578201 -0.017052
25.417 2 PONG 
25.450 2 ESTIMATOR 0. 0.
25.453 2 ATTITUDE -0.043463 1.57824 -0.017
25.568 2 GPS 3 34881636 594571328 2000 612256 4 12 1797 67358000 12 13
25.571 2 SVINFO 13 27 13 7 35 33 56
25.577 2 DESIRED 0. 0. 0. 0. 0. 655. 0. 15.
25.581 2 ATTITUDE -0.04345 1.578282 -0.017011
25.655 2 NAVIGATION 2 1 0. 0. 0. 0. 0 0
25.658 2 ATTITUDE -0.043227 1.578294 -0.017068
25.760 2 IMU_GYRO -0.024414 0.008301 -0.013672
25.766 2 DESIRED 0. 0. 0. 0. 0. 655. 0. 15.
25.769 2 ATTITUDE -0.043486 1.57833 -0.017026
25.807 2 GPS 3 34881636 594571328 2000 612233 9 7 1797 67358250 12 14
25.809 2 SVINFO 14 28 13 7 35 30 226
25.857 2 BAT 40 36 0 0 1 17 17 0
25.860 2 WP_MOVED 0 348858. 5945755. 667.174988 12
25.864 2 ATTITUDE -0.043404 1.578326 -0.01708
25.888 2 DOWNLINK_STATUS 0 26 19514 885 1 816. 38. 37.73
25.958 2 ESTIMATOR 0. 0.
25.965 2 DESIRED 0. 0. 0. 0. 0. 655. 0. 15.
25.968 2 ATTITUDE -0.043609 1.5784 -0.01701
26.062 2 IMU_ACCEL -9.651367 -0.124023 0.541016
26.068 2 GPS 3 34881636 594571328 2000 612221 4 8 1797 67358500 12 15
26.070 2 SVINFO 15 30 13 7 43 64 282
26.073 2 ATTITUDE -0.043652 1.578388 -0.016947
26.160 2 DESIRED 0. 0. 0. 0. 0. 655. 0. 15.
26.163 2 ATTITUDE -0.044242 1.578401 -0.016763
26.230 2 FBW_STATUS 0 91 0 36 3
26.252 2 CALIBRATION 0. 0
26.253 2 DL_VALUE 18 0.03
26.257 2 ATTITUDE -0.043852 1.578415 -0.016844
26.304 2 GPS 3 34881636 594571328 2000 612266 6 11 1797 67358750 12 16
26.364 2 IMU_GYRO -0.024414 0.007324 -0.011475
26.368 2 WP_MOVED 1 348816. 5945713. 667.174988 12
26.374 2 DESIRED 0. 0. 0. 0. 0. 655. 0. 15.
26.378 2 ATTITUDE -0.043489 1.578338 -0.017015
26.450 2 ESTIMATOR 0. 0.
26.454 2 ATTITUDE -0.044023 1.578285 -0.016887
26.566 2 GPS 3 34881544 594571328 2000 612270 24 13 1797 67359000 12 17
26.573 2 DESIRED 0. 0. 0. 0. 0. 655. 0. 15.
26.576 2 ATTITUDE -0.043749 1.578313 -0.016948
26.658 2 IMU_MAG 0. 0. 0.
26.662 2 NAVIGATION 2 1 -0.9 0. 0. 0.8 0 0
26.665 2 ATTITUDE -0.044149 1.578311 -0.016865
26.760 2 DESIRED 0. 0. 0. 0. 0. 655. 0. 15.
26.763 2 ATTITUDE -0.043795 1.578231 -0.016957
26.804 2 GPS 3 34881544 594571328 2000 612297 21 9 1797 67359250 12 18
26.857 2 IMU_ACCEL -9.608398 -0.085938 0.579102
26.860 2 WP_MOVED 2 348846. 5945813. 667.174988 12
26.863 2 ATTITUDE -0.043849 1.578231 -0.016946
26.888 2 DOWNLINK_STATUS 0 27 20233 917 1 719. 32. 37.73
26.967 2 BAT 40 36 0 0 1 18 18 0
26.971 2 IMU_GYRO -0.02124 0.018066 -0.015869
26.973 2 ESTIMATOR 0. 0.
26.980 2 DESIRED 0. 0. 0. 0. 0. 655. 0. 15.
26.983 2 ATTITUDE -0.044441 1.578248 -0.016814
27.057 2 GPS 3 34881544 594571328 2000 612296 21 16 1797 67359500 12 19
27.060 2 ATTITUDE -0.044051 1.57819 -0.01695
27.159 2 GPS_SOL 198 34 134 12
27.167 2 DESIRED 0. 0. 0. 0. 0. 655. 0. 15.
27.169 2 ATTITUDE -0.044385 1.578143 -0.016892
27.248 2 ATTITUDE -0.044281 1.578153 -0.016886
27.303 2 GPS 3 34881544 594571328 2000 612320 6 10 1797 67359750 12 20
27.360 2 STATE_FILTER_STATUS 3 0
27.364 2 WP_MOVED 3 348916.09375 5945784. 667.174988 12
27.371 2 DESIRED 0. 0. 0. 0. 0. 655. 0. 15.
27.374 2 ATTITUDE -0.044503 1.578181 -0.01685
27.455 2 ENERGY 3.6 0.003 0 0.0108
27.458 2 ESTIMATOR 0. 0.
27.461 2 ATTITUDE -0.044635 1.578171 -0.016849
27.567 2 IMU_GYRO -0.022217 0.008301 -0.012695
27.573 2 GPS 3 34881544 594571328 2000 612296 6 -3 1797 67360000 12 21
27.579 2 DESIRED 0. 0. 0. 0. 0. 655. 0. 15.
27.582 2 ATTITUDE -0.04476 1.578163 -0.016824
27.659 2 NAVIGATION 2 1 -0.9 0. 0. 0.8 0 0
27.662 2 IMU_ACCEL -9.651367 -0.085938 0.574219
27.665 2 ATTITUDE -0.0449 1.578171 -0.016806
27.757 2 DL_VALUE 19 0.15
27.764 2 DESIRED 0. 0. 0. 0. 0. 655. 0. 15.
27.767 2 ATTITUDE -0.044683 1.578193 -0.016899
27.804 2 GPS 3 34881544 594571328 2000 612254 8 7 1797 67360250 12 22
27.853 2 WP_MOVED 4 348715.6875 5945793. 667.174988 12
27.856 2 ATTITUDE -0.044974 1.57821 -0.016803
27.888 2 DOWNLINK_STATUS 0 28 20961 949 1 728. 32. 37.73
27.965 2 PPRZ_MODE 0 1 2 0 0 17
27.968 2 IMU_MAG 0. 0. 0.
27.970 2 ESTIMATOR 0. 0.
27.977 2 DESIRED 0. 0. 0. 0. 0. 655. 0. 15.
27.980 2 ATTITUDE -0.044727 1.578186 -0.016837
28.032 2 ACTUATORS |1004,1003,1522,1296,1688,1500|
28.060 2 BAT 40 36 0 0 1 20 20 0
28.066 2 GPS 3 34881544 594571328 2000 612251 14 5 1797 67360500 12 23
28.069 2 ATTITUDE -0.044409 1.578193 -0.016875
28.132 2 COMMANDS |40,-14,924,9548,0,-9548|
28.160 2 IMU_GYRO -0.022217 0.006348 -0.012695
28.167 2 DESIRED 0. 0. 0. 0. 0. 655. 0. 15.
28.170 2 ATTITUDE -0.045045 1.578197 -0.016742
28.229 2 FBW_STATUS 0 91 0 36 3
28.248 2 ATTITUDE -0.044967 1.578223 -0.016718
28.304 2 GPS 3 34881544 594571328 2000 612224 26 4 1797 67360750 12 24
28.361 2 CALIBRATION 0. 0
28.365 2 WP_MOVED 5 348691. 5945758. 667.174988 12
28.372 2 DESIRED 0. 0. 0. 0. 0. 655. 0. 15.
28.374 2 ATTITUDE -0.045025 1.578244 -0.016733
28.454 2 IMU_ACCEL -9.62793 -0.095703 0.521484
28.457 2 ESTIMATOR 0. 0.
28.460 2 ATTITUDE -0.044983 1.578255 -0.016737
28.565 2 GPS 3 34881544 594571328 2000 612214 4 5 1797 67361000 12 25
28.572 2 DESIRED 0. 0. 0. 0. 0. 655. 0. 15.
28.575 2 ATTITUDE -0.045092 1.578191 -0.016732
28.654 2 NAVIGATION 2 1 -0.9 0. 0. 0.8 0 0
28.658 2 ATTITUDE -0.045304 1.578228 -0.016616
28.761 2 DOWNLINK 2 763 1065
28.764 2 IMU_GYRO -0.019043 0.014893 -0.013672
28.770 2 DESIRED 0. 0. 0. 0. 0. 655. 0. 15.
28.774 2 ATTITUDE -0.045046 1.578204 -0.016683
28.803 2 GPS 3 34881544 594571328 2000 612234 13 13 1797 67361250 12 26
28.858 2 ALIVE |228,20,132,52,199,188,9,41,98,144,207,201,129,49,81,20|
28.861 2 WP_MOVED 6 348616. 5945813. 667.174988 12
28.864 2 ATTITUDE -0.045369 1.578295 -0.016603
28.889 2 DOWNLINK_STATUS 0 29 21760 985 1 799. 36. 37.73
28.958 2 ESTIMATOR 0. 0.
28.965 2 DESIRED 0. 0. 0. 0. 0. 655. 0. 15.
28.968 2 ATTITUDE -0.045093 1.578251 -0.016684
29.057 2 GPS 3 34881544 594571328 2000 612240 8 12 1797 67361500 12 27
29.061 2 ATTITUDE -0.045641 1.578272 -0.016565
29.164 2 GPS_SOL 197 26 134 12
29.167 2 BAT 40 36 0 0 1 21 21 0
29.174 2 DESIRED 0. 0. 0. 0. 0. 655. 0. 15.
29.177 2 ATTITUDE -0.045383 1.578228 -0.016648
29.257 2 DL_VALUE 20 0.01
29.260 2 IMU_MAG 0. 0. 0.
29.263 2 IMU_ACCEL -9.56543 -0.085938 0.612305
29.266 2 ATTITUDE -0.045632 1.578251 -0.016588
29.304 2 GPS 3 34881544 594571328 2000 612209 7 2 1797 67361750 12 28
29.364 2 IMU_GYRO -0.02002 0.026367 -0.015869
29.368 2 WP_MOVED 7 349016. 5946013. 667.174988 12
29.374 2 DESIRED 0. 0. 0. 0. 0. 655. 0. 15.
29.377 2 ATTITUDE -0.045806 1.578261 -0.016577
29.450 2 ESTIMATOR 0. 0.
29.453 2 ATTITUDE -0.045378 1.57828 -0.016692
29.564 2 STATE_FILTER_STATUS 3 0
29.569 2 GPS 3 34881544 594571328 2000 612237 5 4 1797 67362000 12 29
29.576 2 DESIRED 0. 0. 0. 0. 0. 655. 0. 15.
29.579 2 ATTITUDE -0.045738 1.5783 -0.016649
29.655 2 NAVIGATION 2 1 -0.9 0. 0. 0.8 0 0
29.658 2 ATTITUDE -0.045553 1.578324 -0.016725
29.760 2 DESIRED 0. 0. 0. 0. 0. 655. 0. 15.
29.762 2 ATTITUDE -0.045814 1.5784 -0.016641
29.804 2 GPS 3 34881544 594571328 2000 612218 3 3 1797 67362250 12 30
29.857 2 ENERGY 3.6 0.003 0 0.0108
29.861 2 WP_MOVED 0 348858. 5945755. 667.174988 12
29.864 2 ATTITUDE -0.045496 1.578395 -0.01667
29.889 2 DOWNLINK_STATUS 0 30 22488 1017 1 728. 32. 37.73
29.962 2 IMU_GYRO -0.02124 0.010498 -0.013672
29.965 2 ESTIMATOR 0. 0.
29.972 2 DESIRED 0. 0. 0. 0. 0. 655. 0. 15.
29.974 2 ATTITUDE -0.045511 1.5784 -0.016661
30.059 2 IMU_ACCEL -9.623047 -0.095703 0.521484
30.064 2 GPS 3 34881544 594571328 2000 612216 6 5 1797 67362500 12 31
30.067 2 ATTITUDE -0.045743 1.578408 -0.016625
30.159 2 DESIRED 0. 0. 0. 0. 0. 655. 0. 15.
30.162 2 ATTITUDE -0.045653 1.578396 -0.016679
30.229 2 FBW_STATUS 0 91 0 36 3
30.252 2 BAT 40 36 0 0 1 22 22 0
30.256 2 ATTITUDE -0.045817 1.5784 -0.016648
30.306 2 GPS 3 34881544 594571328 2000 612213 5 -1 1797 67362750 12 32
30.309 2 SVINFO 0 3 13 7 37 46 80
30.360 2 WP_MOVED 1 348816. 5945713. 667.174988 12
30.367 2 DESIRED 0. 0. 0. 0. 0. 655. 0. 15.
30.370 2 ATTITUDE -0.045835 1.578385 -0.016643
30.418 2 PONG 
30.452 2 CALIBRATION 0. 0
30.454 2 ESTIMATOR 0. 0.
30.457 2 ATTITUDE -0.046075 1.578352 -0.016575
30.570 2 IMU_MAG 0. 0. 0.
30.573 2 IMU_GYRO -0.02124 0.011475 -0.013672
30.579 2 GPS 3 34881544 594571328 2000 612203 23 3 1797 67363000 12 1
30.581 2 SVINFO 1 5 13 7 41 22 287
30.588 2 DESIRED 0. 0. 0. 0. 0. 655. 0. 15.
30.655 2 NAVIGATION 2 1 -0.9 0. 0. 0.8 0 0
30.658 2 ATTITUDE -0.046215 1.578357 -0.016516
30.757 2 DL_VALUE 21 0.1
30.764 2 DESIRED 0. 0. 0. 0. 0. 655. 0. 15.
30.767 2 ATTITUDE -0.046152 1.578309 -0.01648
30.807 2 GPS 3 34881544 594571328 2000 612212 12 9 1797 67363250 12 2
30.809 2 SVINFO 2 7 13 7 44 84 89
30.856 2 IMU_ACCEL -9.62793 -0.09082 0.545898
30.859 2 WP_MOVED 2 348846. 5945813. 667.174988 12
30.862 2 ATTITUDE -0.046089 1.578406 -0.016549
30.889 2 DOWNLINK_STATUS 0 31 23262 1053 1 774. 36. 37.64
30.958 2 ESTIMATOR 0. 0.
30.965 2 DESIRED 0. 0. 0. 0. 0. 655. 0. 15.
30.968 2 ATTITUDE -0.046218 1.578429 -0.01649
31.061 2 GPS 3 34881544 594571328 2000 612189 13 2 1797 67363500 12 3
31.063 2 SVINFO 3 8 13 7 42 70 289
31.066 2 ATTITUDE -0.046261 1.578397 -0.016446
31.163 2 GPS_SOL 197 30 134 12
31.167 2 IMU_GYRO -0.022217 0.011475 -0.014893
31.173 2 DESIRED 0. 0. 0. 0. 0. 655. 0. 15.
31.176 2 ATTITUDE -0.046082 1.578383 -0.016443
31.248 2 ATTITUDE -0.046291 1.578386 -0.016389
31.307 2 GPS 3 34881544 594571328 2000 612161 7 -8 1797 67363750 12 4
31.308 2 SVINFO 4 9 28 7 44 51 286
31.364 2 BAT 40 36 0 0 1 23 23 0
31.369 2 WP_MOVED 3 348916.09375 5945784. 667.174988 12
31.376 2 DESIRED 0. 0. 0. 0. 0. 655. 0. 15.
31.378 2 ATTITUDE -0.046301 1.578386 -0.016339
31.449 2 ESTIMATOR 0. 0.
31.452 2 ATTITUDE -0.04641 1.57841 -0.016372
31.568 2 GPS 3 34881544 594571328 2000 612169 23 4 1797 67364000 12 5
31.570 2 SVINFO 5 10 13 4 27 12 235
31.577 2 DESIRED 0. 0. 0. 0. 0. 655. 0. 15.
31.580 2 ATTITUDE -0.046431 1.578393 -0.016335
31.658 2 NAVIGATION 2 1 -0.9 0. 0. 0.8 0 0
31.661 2 IMU_ACCEL -9.618164 -0.109375 0.53125
31.664 2 ATTITUDE -0.046437 1.578394 -0.016319
31.760 2 STATE_FILTER_STATUS 3 0
31.763 2 IMU_GYRO -0.02124 0.011475 -0.013672
31.769 2 DESIRED 0. 0. 0. 0. 0. 655. 0. 15.
31.772 2 ATTITUDE -0.046485 1.578363 -0.01632
31.803 2 GPS 3 34881544 594571328 2000 612148 18 5 1797 67364250 12 6
31.855 2 IMU_MAG 0. 0. 0.
31.859 2 WP_MOVED 4 348715.6875 5945793. 667.174988 12
31.862 2 ATTITUDE -0.046534 1.5784 -0.016286
31.890 2 DOWNLINK_STATUS 0 32 24019 1087 1 757. 34. 37.64
31.958 2 ESTIMATOR 0. 0.
31.964 2 DESIRED 0. 0. 0. 0. 0. 655. 0. 15.
31.967 2 ATTITUDE -0.046575 1.578423 -0.016308
31.977 2 WIND_INFO 2 42 0. 0. 0.
32.060 2 GPS 3 34881544 594571328 2000 612131 13 -4 1797 67364500 12 7
32.063 2 SVINFO 7 13 13 7 36 31 161
32.066 2 ATTITUDE -0.046581 1.578408 -0.016322
32.159 2 DESIRED 0. 0. 0. 0. 0. 655. 0. 15.
32.162 2 ATTITUDE -0.04666 1.578378 -0.016323
32.230 2 FBW_STATUS 0 91 0 36 3
32.255 2 ENERGY 3.6 0.003 0 0.0108
32.256 2 DL_VALUE 22 0.
32.260 2 ATTITUDE -0.046634 1.578437 -0.016331
32.306 2 GPS 3 34881544 594571328 2000 612147 11 7 1797 67364750 12 8
32.309 2 SVINFO 8 16 13 6 32 9 54
32.364 2 IMU_GYRO -0.02124 0.012695 -0.013672
32.367 2 WP_MOVED 5 348691. 5945758. 667.174988 12
32.374 2 DESIRED 0. 0. 0. 0. 0. 655. 0. 15.
32.377 2 ATTITUDE -0.046694 1.578409 -0.016299
32.460 2 BAT 40 36 0 0 1 24 24 0
32.463 2 IMU_ACCEL -9.666016 -0.081055 0.569336
32.465 2 ESTIMATOR 0. 0.
32.468 2 ATTITUDE -0.046728 1.578463 -0.0163
32.567 2 CALIBRATION 0. 0
32.573 2 GPS 3 34881544 594571328 2000 612127 8 4 1797 67365000 12 9
32.575 2 SVINFO 9 19 13 7 34 42 97
32.582 2 DESIRED 0. 0. 0. 0. 0. 655. 0. 15.
32.585 2 ATTITUDE -0.046782 1.578418 -0.016332
32.655 2 NAVIGATION 2 1 -0.9 0. 0. 0.8 0 0
32.658 2 ATTITUDE -0.046873 1.578435 -0.016317
32.760 2 DESIRED 0. 0. 0. 0. 0. 655. 0. 15.
32.763 2 ATTITUDE -0.046841 1.57837 -0.016284
32.804 2 GPS 3 34881544 594571328 2000 612125 10 8 1797 67365250 12 10
32.853 2 PPRZ_MODE 0 1 2 0 0 17
32.857 2 WP_MOVED 6 348616. 5945813. 667.174988 12
32.860 2 ATTITUDE -0.047188 1.578371 -0.016195
32.890 2 DOWNLINK_STATUS 0 33 24783 1122 1 764. 35. 37.64
32.963 2 IMU_GYRO -0.02002 0.016846 -0.015869
32.965 2 ESTIMATOR 0. 0.
32.972 2 DESIRED 0. 0. 0. 0. 0. 655. 0. 15.
32.975 2 ATTITUDE -0.047077 1.578341 -0.016207
33.031 2 ACTUATORS |1004,1003,1522,1296,1688,1500|
33.060 2 GPS 3 34881544 594571328 2000 612107 5 5 1797 67365500 12 11
33.062 2 SVINFO 11 23 12 4 19 2 154
33.065 2 ATTITUDE -0.047124 1.578347 -0.01622
33.131 2 COMMANDS |40,-14,924,9548,0,-9548|
33.163 2 GPS_SOL 197 46 134 12
33.166 2 IMU_MAG 0. 0. 0.
33.173 2 DESIRED 0. 0. 0. 0. 0. 655. 0. 15.
33.175 2 ATTITUDE -0.047183 1.578351 -0.016191
33.251 2 IMU_ACCEL -9.613281 -0.104492 0.550781
33.254 2 ATTITUDE -0.04728 1.578304 -0.016182
33.306 2 GPS 3 34881544 594571328 2000 612142 20 5 1797 67365750 12 12
33.308 2 SVINFO 12 26 13 6 30 16 314
33.360 2 WP_MOVED 7 349016. 5946013. 667.174988 12
33.367 2 DESIRED 0. 0. 0. 0. 0. 655. 0. 15.
33.370 2 ATTITUDE -0.047228 1.578311 -0.016214
33.450 2 ESTIMATOR 0. 0.
33.453 2 ATTITUDE -0.047239 1.578309 -0.016144
33.571 2 BAT 40 36 0 0 1 25 25 0
33.574 2 IMU_GYRO -0.02124 0.013672 -0.014893
33.579 2 GPS 3 34881544 594571328 2000 612134 4 5 1797 67366000 12 13
33.582 2 SVINFO 13 27 13 7 33 33 56
33.589 2 DESIRED 0. 0. 0. 0. 0. 655. 0. 15.
33.654 2 NAVIGATION 2 1 -0.9 0. 0. 0.8 0 0
33.658 2 ATTITUDE -0.047484 1.578298 -0.016166
33.757 2 DL_VALUE 23 0.05
33.763 2 DESIRED 0. 0. 0. 0. 0. 655. 0. 15.
33.766 2 ATTITUDE -0.047501 1.578315 -0.016152
33.806 2 GPS 3 34881544 594571328 2000 612135 17 9 1797 67366250 12 14
33.809 2 SVINFO 14 28 13 7 36 30 226
33.853 2 DOWNLINK 4 775 1244
33.856 2 WP_MOVED 0 348858. 5945755. 667.174988 12
33.860 2 ATTITUDE -0.047513 1.578301 -0.016161
33.891 2 DOWNLINK_STATUS 0 34 25587 1159 1 804. 37. 37.64
33.967 2 ALIVE |228,20,132,52,199,188,9,41,98,144,207,201,129,49,81,20|
33.968 2 STATE_FILTER_STATUS 3 0
33.971 2 ESTIMATOR 0. 0.
33.977 2 DESIRED 0. 0. 0. 0. 0. 655. 0. 15.
33.980 2 ATTITUDE -0.047658 1.578254 -0.016168
34.066 2 NAVIGATION_REF 348816 5945713 12 612.174988
34.069 2 IMU_ACCEL -9.588867 -0.095703 0.564453
34.075 2 GPS 3 34881544 594571328 2000 612132 10 6 1797 67366500 12 15
34.077 2 SVINFO 15 30 13 7 44 64 282
34.080 2 ATTITUDE -0.047686 1.578236 -0.01609
34.160 2 IMU_GYRO -0.022217 0.011475 -0.014893
34.166 2 DESIRED 0. 0. 0. 0. 0. 655. 0. 15.
34.169 2 ATTITUDE -0.047757 1.578242 -0.016079
34.230 2 FBW_STATUS 0 91 0 36 3
34.248 2 ATTITUDE -0.047849 1.57826 -0.016089
34.304 2 GPS 3 34881544 594571328 2000 612167 7 19 1797 67366750 12 16
34.361 2 WP_MOVED 1 348816. 5945713. 667.174988 12
34.367 2 DESIRED 0. 0. 0. 0. 0. 655. 0. 15.
34.369 2 ATTITUDE -0.047948 1.578279 -0.016104
34.455 2 IMU_MAG 0. 0. 0.
34.456 2 ESTIMATOR 0. 0.
34.459 2 ATTITUDE -0.04812 1.578281 -0.016119
34.566 2 GPS 3 34881544 594571328 2000 612182 8 13 1797 67367000 12 17
34.572 2 DESIRED 0. 0.01 0. 0. 0. 655. 0. 15.
34.575 2 ATTITUDE -0.048109 1.578266 -0.016095
34.664 2 ENERGY 3.6 0.003 0 0.0108
34.666 2 CALIBRATION 0. 0
34.670 2 BAT 40 36 0 0 1 26 26 0
34.674 2 NAVIGATION 2 1 -0.9 0. 0. 0.8 0 0
34.677 2 ATTITUDE -0.048121 1.578326 -0.016115
34.759 2 IMU_GYRO -0.02124 0.013672 -0.014893
34.767 2 DESIRED 0. 0.01 0. 0. 0. 655. 0. 15.
34.769 2 ATTITUDE -0.048141 1.578311 -0.016095
34.803 2 GPS 3 34881544 594571328 2000 612199 6 7 1797 67367250 12 18
34.855 2 IMU_ACCEL -9.623047 -0.095703 0.53125
34.859 2 WP_MOVED 2 348846. 5945813. 667.174988 12
34.862 2 ATTITUDE -0.048185 1.578316 -0.016076
34.892 2 DOWNLINK_STATUS 0 35 26405 1196 1 818. 37. 37.64
34.958 2 ESTIMATOR 0. 0.
34.964 2 DESIRED 0. 0.01 0. 0. 0. 655. 0. 15.
34.967 2 ATTITUDE -0.048163 1.578268 -0.016048
35.057 2 GPS 3 34881544 594571328 2000 612222 22 11 1797 67367500 12 19
35.060 2 ATTITUDE -0.048188 1.578258 -0.016048
35.159 2 GPS_SOL 197 44 134 12
35.166 2 DESIRED 0. 0.01 0. 0. 0. 655. 0. 15.
35.169 2 ATTITUDE -0.048222 1.578283 -0.016023
35.249 2 DL_VALUE 24 0.
35.252 2 ATTITUDE -0.048266 1.578326 -0.016027
35.303 2 GPS 3 34881544 594571328 2000 612226 13 6 1797 67367750 12 20
35.364 2 IMU_GYRO -0.023193 0.009521 -0.013672
35.367 2 WP_MOVED 3 348916.09375 5945784. 667.174988 12
35.374 2 DESIRED 0. 0.01 0. 0. 0. 655. 0. 15.
35.377 2 ATTITUDE -0.048186 1.578372 -0.016003
35.419 2 PONG 
35.450 2 ESTIMATOR 0. 0.
35.453 2 ATTITUDE -0.048316 1.578343 -0.015956
35.565 2 GPS 3 34881544 594571328 2000 612197 16 4 1797 67368000 12 21
35.572 2 DESIRED 0. 0.01 0. 0. 0. 655. 0. 15.
35.575 2 ATTITUDE -0.04839 1.578329 -0.015948
35.658 2 NAVIGATION 2 1 -0.9 0. 0. 0.8 0 0
35.662 2 IMU_ACCEL -9.618164 -0.09082 0.526367
35.665 2 ATTITUDE -0.048424 1.578403 -0.015928
35.764 2 IMU_MAG 0. 0. 0.
35.768 2 BAT 40 36 0 0 1 27 27 0
35.774 2 DESIRED 0. 0.01 0. 0. 0. 655. 0. 15.
35.777 2 ATTITUDE -0.048503 1.57842 -0.015889
35.804 2 GPS 3 34881544 594571328 2000 612200 5 8 1797 67368250 12 22
35.852 2 WP_MOVED 4 348715.6875 5945793. 667.174988 12
35.856 2 ATTITUDE -0.048571 1.578441 -0.015869
35.892 2 DOWNLINK_STATUS 0 36 27110 1227 1 705. 31. 37.62
35.962 2 IMU_GYRO -0.02124 0.012695 -0.013672
35.964 2 ESTIMATOR 0. 0.
35.972 2 DESIRED 0. 0.01 0. 0. 0. 655. 0. 15.
35.974 2 ATTITUDE -0.048668 1.57841 -0.015871
36.058 2 GPS 3 34881544 594571328 2000 612176 6 4 1797 67368500 12 23
36.060 2 ATTITUDE -0.048652 1.578428 -0.015863
36.155 2 STATE_FILTER_STATUS 3 0
36.163 2 DESIRED 0. 0.01 0. 0. 0. 655. 0. 15.
36.165 2 ATTITUDE -0.048558 1.578382 -0.015884
36.230 2 FBW_STATUS 0 91 0 36 3
36.247 2 ATTITUDE -0.048665 1.578382 -0.015843
36.303 2 GPS 3 34881544 594571328 2000 612153 9 -3 1797 67368750 12 24
36.360 2 WP_MOVED 5 348691. 5945758. 667.174988 12
36.366 2 DESIRED 0. 0.01 0. 0. 0. 655. 0. 15.
36.370 2 ATTITUDE -0.048747 1.578349 -0.015797
36.454 2 IMU_ACCEL -9.618164 -0.085938 0.579102
36.456 2 ESTIMATOR 0. 0.
36.459 2 ATTITUDE -0.048799 1.578332 -0.01574
36.566 2 IMU_GYRO -0.022217 0.012695 -0.014893
36.572 2 GPS 3 34881544 594571328 2000 612137 2 4 1797 67369000 12 25
36.578 2 DESIRED 0. 0.01 0. 0. 0. 655. 0. 15.
36.582 2 ATTITUDE -0.049025 1.578315 -0.015681
36.654 2 NAVIGATION 2 1 -0.9 0. 0. 0.8 0 0
36.657 2 ATTITUDE -0.048977 1.578286 -0.01571
36.759 2 CALIBRATION 0. 0
36.761 2 DL_VALUE 25 1.000074
36.767 2 DESIRED 0. 0.01 0. 0. 0. 655. 0. 15.
36.770 2 ATTITUDE -0.049024 1.578238 -0.015696
36.803 2 GPS 3 34881544 594571328 2000 612170 21 3 1797 67369250 12 26
36.857 2 BAT 40 36 0 0 1 28 28 0
36.860 2 WP_MOVED 6 348616. 5945813. 667.174988 12
36.863 2 ATTITUDE -0.048944 1.578244 -0.015684
36.892 2 DOWNLINK_STATUS 0 37 27827 1259 1 717. 32. 37.62
36.958 2 ESTIMATOR 0. 0.
36.964 2 DESIRED 0. 0.01 0. 0. 0. 655. 0. 15.
36.968 2 ATTITUDE -0.048954 1.578212 -0.015675
37.063 2 ENERGY 3.6 0.003 0 0.0108
37.066 2 IMU_MAG 0. 0. 0.
37.073 2 GPS 3 34881544 594571328 2000 612165 16 9 1797 67369500 12 27
37.075 2 ATTITUDE -0.04903 1.578212 -0.015644
37.166 2 GPS_SOL 198 38 134 12
37.167 2 IMU_GYRO -0.02124 0.011475 -0.013672
37.173 2 DESIRED 0. 0.01 0. 0. 0. 655. 0. 15.
37.176 2 ATTITUDE -0.048828 1.57818 -0.015618
37.251 2 IMU_ACCEL -9.59375 -0.09082 0.564453
37.255 2 ATTITUDE -0.048959 1.578166 -0.015556
37.303 2 GPS 3 34881544 594571328 2000 612206 15 11 1797 67369750 12 28
37.360 2 WP_MOVED 7 349016. 5946013. 667.174988 12
37.367 2 DESIRED 0. 0.01 0. 0. 0. 655. 0. 15.
37.370 2 ATTITUDE -0.048824 1.578189 -0.015562
37.450 2 ESTIMATOR 0. 0.
37.453 2 ATTITUDE -0.048904 1.578103 -0.015518
37.565 2 GPS 3 34881544 594571328 2000 612203 1 10 1797 67370000 12 29
37.572 2 DESIRED 0. 0.01 0. 0. 0. 655. 0. 15.
37.574 2 ATTITUDE -0.048966 1.57815 -0.015542
37.654 2 NAVIGATION 2 1 -0.9 0. 0. 0.8 0 0
37.657 2 ATTITUDE -0.048913 1.578146 -0.01558
37.761 2 PPRZ_MODE 0 1 2 0 0 17
37.763 2 IMU_GYRO -0.02124 0.014893 -0.014893
37.770 2 DESIRED 0. 0.01 0. 0. 0. 655. 0. 15.
37.773 2 ATTITUDE -0.049042 1.578129 -0.015524
37.803 2 GPS 3 34881544 594571328 2000 612248 25 18 1797 67370250 12 30
37.852 2 WP_MOVED 0 348858. 5945755. 667.174988 12
37.855 2 ATTITUDE -0.049027 1.578115 -0.015525
37.893 2 DOWNLINK_STATUS 0 38 28544 1290 1 717. 31. 37.62
37.963 2 BAT 40 36 0 0 1 29 29 0
37.965 2 ESTIMATOR 0. 0.
37.972 2 DESIRED 0. 0.01 0. 0. 0. 655. 0. 15.
37.975 2 ATTITUDE -0.049077 1.578098 -0.015468
38.030 2 ACTUATORS |1004,1003,1522,1296,1688,1500|
38.058 2 IMU_ACCEL -9.651367 -0.100586 0.55957
38.064 2 GPS 3 34881544 594571328 2000 612271 16 13 1797 67370500 12 31
38.067 2 ATTITUDE -0.049066 1.578034 -0.015452
38.131 2 COMMANDS |40,-14,924,9548,0,-9548|
38.159 2 DESIRED 0. 0.01 0. 0. 0. 655. 0. 15.
38.162 2 ATTITUDE -0.049075 1.57802 -0.015457
38.233 2 FBW_STATUS 0 91 0 36 3
38.248 2 DL_VALUE 26 0.298451
38.251 2 ATTITUDE -0.049089 1.578022 -0.015388
38.306 2 GPS 3 34881544 594571328 2000 612258 8 16 1797 67370750 12 32
38.308 2 SVINFO 0 3 13 7 37 46 80
38.368 2 STATE_FILTER_STATUS 3 0
38.371 2 IMU_MAG 0. 0. 0.
38.374 2 IMU_GYRO -0.022217 0.012695 -0.012695
38.377 2 WP_MOVED 1 348816. 5945713. 667.174988 12
38.384 2 DESIRED 0. 0.01 0. 0. 0. 655. 0. 15.
38.387 2 ATTITUDE -0.049133 1.577955 -0.015311
38.449 2 ESTIMATOR 0. 0.
38.452 2 ATTITUDE -0.049149 1.577941 -0.015236
38.568 2 GPS 3 34881544 594571328 2000 612247 2 0 1797 67371000 12 1
38.571 2 SVINFO 1 5 13 7 41 22 287
38.577 2 DESIRED 0. 0.01 0. 0. 0. 655. 0. 15.
38.580 2 ATTITUDE -0.049241 1.577943 -0.015219
38.654 2 NAVIGATION 2 1 -0.9 0. 0. 0.8 0 0
38.657 2 ATTITUDE -0.049282 1.577913 -0.015249
38.759 2 DESIRED 0. 0.01 0. 0. 0. 655. 0. 15.
38.762 2 ATTITUDE -0.049303 1.577901 -0.015221
38.806 2 GPS 3 34881544 594571328 2000 612219 3 0 1797 67371250 12 2
38.809 2 SVINFO 2 7 13 7 44 84 89
38.857 2 CALIBRATION 0. 0
38.860 2 IMU_ACCEL -9.623047 -0.09082 0.55957
38.863 2 WP_MOVED 2 348846. 5945813. 667.174988 12
38.866 2 ATTITUDE -0.049396 1.577869 -0.015185
38.893 2 DOWNLINK_STATUS 0 39 29359 1328 1 815. 38. 37.62
38.964 2 DOWNLINK 4 749 1416
38.967 2 IMU_GYRO -0.022217 0.013672 -0.013672
38.969 2 ESTIMATOR 0. 0.
38.976 2 DESIRED 0. 0.01 0. 0. 0. 655. 0. 15.
38.979 2 ATTITUDE -0.049356 1.577903 -0.01516
39.068 2 ALIVE |228,20,132,52,199,188,9,41,98,144,207,201,129,49,81,20|
39.072 2 BAT 40 36 0 0 1 31 31 0
39.077 2 GPS 3 34881544 594571328 1990 612225 35 4 1797 67371500 12 3
39.079 2 SVINFO 3 8 13 7 42 70 289
39.082 2 ATTITUDE -0.049341 1.577872 -0.015147
39.158 2 GPS_SOL 198 51 134 12
39.166 2 DESIRED 0. 0.01 0. 0. 0. 655. 0. 15.
39.168 2 ATTITUDE -0.04944 1.577912 -0.015109
39.247 2 ATTITUDE -0.049579 1.577933 -0.015082
39.306 2 GPS 3 34881544 594571328 1990 612232 13 4 1797 67371750 12 4
39.308 2 SVINFO 4 9 28 7 44 51 286
39.360 2 WP_MOVED 3 348916.09375 5945784. 667.174988 12
39.367 2 DESIRED 0. 0.01 0. 0. 0. 655. 0. 15.
39.369 2 ATTITUDE -0.049643 1.577903 -0.015099
39.454 2 ENERGY 3.5 0.003 0 0.0105
39.457 2 ESTIMATOR 0. 0.
39.461 2 ATTITUDE -0.049698 1.57789 -0.015039
39.569 2 IMU_GYRO -0.023193 0.009521 -0.013672
39.575 2 GPS 3 34881544 594571328 1990 612218 12 -6 1797 67372000 12 5
39.577 2 SVINFO 5 10 13 4 28 12 235
39.584 2 DESIRED 0. 0.01 0. 0. 0. 655. 0. 15.
39.587 2 ATTITUDE -0.049682 1.577913 -0.015063
39.660 2 IMU_MAG 0. 0. 0.
39.665 2 NAVIGATION 2 1 -0.9 0. 0. 0.8 0 0
39.668 2 IMU_ACCEL -9.608398 -0.114258 0.550781
39.671 2 ATTITUDE -0.049735 1.577885 -0.01502
39.756 2 DL_VALUE 27 1.
39.763 2 DESIRED 0. 0.01 0. 0. 0. 655. 0. 15.
39.766 2 ATTITUDE -0.05001 1.577871 -0.014948
39.803 2 GPS 3 34881544 594571328 1990 612179 5 -1 1797 67372250 12 6
39.852 2 WP_MOVED 4 348715.6875 5945793. 667.174988 12
39.855 2 ATTITUDE -0.049845 1.577926 -0.014942
39.893 2 DOWNLINK_STATUS 0 40 30172 1365 1 813. 37. 37.62
39.958 2 ESTIMATOR 0. 0.
39.964 2 DESIRED 0. 0.01 0. 0. 0. 655. 0. 15.
39.967 2 ATTITUDE -0.049909 1.577945 -0.014888
40.060 2 GPS 3 34881544 594571328 1990 612193 6 14 1797 67372500 12 7
40.062 2 SVINFO 7 13 13 7 35 30 161
40.066 2 ATTITUDE -0.049736 1.577917 -0.014948
40.164 2 BAT 40 36 0 0 1 32 32 0
40.167 2 IMU_GYRO -0.022217 0.014893 -0.013672
40.174 2 DESIRED 0. 0.01 0. 0. 0. 655. 0. 15.
40.177 2 ATTITUDE -0.049892 1.577919 -0.01495
40.234 2 FBW_STATUS 0 91 0 36 3
40.247 2 ATTITUDE -0.049785 1.577906 -0.014966
40.306 2 GPS 3 34881544 594571328 1990 612181 6 6 1797 67372750 12 8
40.308 2 SVINFO 8 16 13 5 31 8 54
40.360 2 WP_MOVED 5 348691. 5945758. 667.174988 12
40.367 2 DESIRED 0. 0.01 0. 0. 0. 655. 0. 15.
40.370 2 ATTITUDE -0.049947 1.577873 -0.014934
40.419 2 PONG 
40.454 2 IMU_ACCEL -9.636719 -0.081055 0.526367
40.457 2 ESTIMATOR 0. 0.
40.460 2 ATTITUDE -0.049927 1.577893 -0.014943
40.565 2 STATE_FILTER_STATUS 3 0
40.571 2 GPS 3 34881544 594571328 1990 612138 14 -3 1797 67373000 12 9
40.573 2 SVINFO 9 19 13 6 34 42 97
40.581 2 DESIRED 0. 0.01 0. 0. 0. 655. 0. 15.
40.583 2 ATTITUDE -0.049868 1.577877 -0.014935
40.655 2 NAVIGATION 2 1 -0.9 0. 0. 0.8 0 0
40.657 2 ATTITUDE -0.049807 1.577882 -0.014921
40.759 2 IMU_GYRO -0.02124 0.011475 -0.012695
40.766 2 DESIRED 0. 0.01 0. 0. 0. 655. 0. 15.
40.768 2 ATTITUDE -0.049827 1.577851 -0.014908
40.802 2 GPS 3 34881544 594571328 1990 612117 8 3 1797 67373250 12 10
40.851 2 WP_MOVED 6 348616. 5945813. 667.174988 12
40.855 2 ATTITUDE -0.049906 1.577803 -0.014894
40.894 2 DOWNLINK_STATUS 0 41 30915 1399 1 743. 34. 37.72
40.963 2 CALIBRATION 0. 0
40.966 2 IMU_MAG 0. 0. 0.
40.968 2 ESTIMATOR 0. 0.
40.975 2 DESIRED 0. 0.01 0. 0. 0. 655. 0. 15.
40.978 2 ATTITUDE -0.050085 1.577786 -0.014842
41.060 2 GPS 3 34881544 594571328 1990 612102 7 0 1797 67373500 12 11
41.062 2 SVINFO 11 23 12 4 18 2 154
41.065 2 ATTITUDE -0.05019 1.577787 -0.014826
41.159 2 GPS_SOL 200 55 134 12
41.165 2 DESIRED 0. 0.01 0. 0. 0. 655. 0. 15.
41.168 2 ATTITUDE -0.050171 1.57774 -0.01483
41.257 2 DL_VALUE 28 0.
41.260 2 BAT 40 35 0 0 1 33 33 0
41.263 2 IMU_ACCEL -9.62793 -0.085938 0.536133
41.266 2 ATTITUDE -0.050209 1.57777 -0.01473
41.306 2 GPS 3 34881544 594571328 1990 612045 14 0 1797 67373750 12 12
41.308 2 SVINFO 12 26 13 6 30 16 314
41.363 2 IMU_GYRO -0.022217 0.012695 -0.014893
41.367 2 WP_MOVED 7 349016. 5946013. 667.174988 12
41.373 2 DESIRED 0. 0.01 0. 0. 0. 655. 0. 15.
41.377 2 ATTITUDE -0.050257 1.577753 -0.014679
41.449 2 ESTIMATOR 0. 0.
41.452 2 ATTITUDE -0.050332 1.577755 -0.014682
41.568 2 GPS 3 34881544 594571328 1990 612013 8 -1 1797 67374000 12 13
41.570 2 SVINFO 13 27 13 7 33 33 56
41.577 2 DESIRED 0. 0.01 0. 0. 0. 655. 0. 15.
41.580 2 ATTITUDE -0.050251 1.577776 -0.014647
41.654 2 NAVIGATION 2 1 -0.9 0. 0. 0.8 0 0
41.657 2 ATTITUDE -0.050231 1.577798 -0.014656
41.759 2 DESIRED 0. 0.01 0. 0. 0. 655. 0. 15.
41.761 2 ATTITUDE -0.050213 1.577739 -0.014664
41.806 2 GPS 3 34881544 594571328 1990 612019 2 5 1797 67374250 12 14
41.809 2 SVINFO 14 28 13 7 35 30 227
41.856 2 ENERGY 3.6 0.003 0 0.0108
41.860 2 WP_MOVED 0 348858. 5945755. 667.174988 12
41.863 2 ATTITUDE -0.050177 1.577773 -0.014602
41.894 2 DOWNLINK_STATUS 0 42 31701 1435 1 786. 36. 37.72
41.962 2 IMU_GYRO -0.02124 0.016846 -0.014893
41.964 2 ESTIMATOR 0. 0.
41.971 2 DESIRED 0. 0.01 0. 0. 0. 655. 0. 15.
41.975 2 ATTITUDE -0.050148 1.577727 -0.01454
41.977 2 WIND_INFO 2 42 0. 0. 0.
42.060 2 IMU_ACCEL -9.62793 -0.104492 0.53125
42.066 2 GPS 3 34881544 594571328 1990 611977 17 4 1797 67374500 12 15
42.068 2 SVINFO 15 30 13 7 44 64 282
42.072 2 ATTITUDE -0.050102 1.577748 -0.014522
42.159 2 DESIRED 0. 0.01 0. 0. 0. 655. 0. 15.
42.161 2 ATTITUDE -0.050185 1.57777 -0.0145
42.229 2 FBW_STATUS 0 91 0 36 3
42.250 2 IMU_MAG 0. 0. 0.
42.254 2 ATTITUDE -0.050133 1.577755 -0.014497
42.302 2 GPS 3 34881544 594571328 1990 611928 7 -2 1797 67374750 12 16
42.364 2 BAT 40 36 0 0 1 34 34 0
42.367 2 WP_MOVED 1 348816. 5945713. 667.174988 12
42.374 2 DESIRED 0. 0.01 0. 0. 0. 655. 0. 15.
42.377 2 ATTITUDE -0.050134 1.57777 -0.014425
