3.143 2 DESIRED 0. 0.01 0. 0. 0. 655. 0. 15.
3.146 2 ATTITUDE -0.060176 1.58146 -0.010246
3.187 2 GPS 3 34881548 594571520 91 611787 8 4 1797 67468500 12 10
3.236 2 WP_MOVED 6 348615. 5945815. 666.838013 12
3.239 2 ATTITUDE -0.060249 1.581473 -0.010249
3.346 2 IMU_GYRO -0.02124 0.012695 -0.013672
3.349 2 ESTIMATOR 0. 0.
3.355 2 DESIRED 0. 0.01 0. 0. 0. 655. 0. 15.
3.358 2 ATTITUDE -0.060219 1.581522 -0.010233
3.444 2 GPS 3 34881548 594571520 91 611748 13 4 1797 67468750 12 11
3.446 2 SVINFO 11 23 12 4 20 1 154
3.450 2 ATTITUDE -0.06006 1.581536 -0.010244
3.543 2 GPS_SOL 204 44 133 12
3.550 2 DESIRED 0. 0.01 0. 0. 0. 655. 0. 15.
3.553 2 ATTITUDE -0.060048 1.581548 -0.010227
3.635 2 IMU_ACCEL -9.608398 -0.081055 0.59375
3.638 2 ATTITUDE -0.059959 1.581615 -0.010246
3.690 2 GPS 3 34881548 594571520 91 611782 9 12 1797 67469000 12 12
3.693 2 SVINFO 12 26 13 6 30 17 314
3.749 2 BAT 40 36 0 0 1 1 1 0
3.752 2 WP_MOVED 7 349015. 5946015. 666.838013 12
3.759 2 DESIRED 0. 0.01 0. 0. 0. 655. 0. 15.
3.762 2 ATTITUDE -0.059737 1.581578 -0.01029
3.836 2 CALIBRATION 0. 0
3.838 2 ESTIMATOR 0. 0.
3.841 2 ATTITUDE -0.059881 1.58161 -0.010282
3.904 2 DOWNLINK_STATUS 0 4 3116 141 0 723. 32. 0.
3.954 2 IMU_GYRO -0.02124 0.015869 -0.015869
3.959 2 GPS 3 34881548 594571520 91 611836 9 11 1797 67469250 12 13
3.962 2 SVINFO 13 27 13 7 35 33 55
3.968 2 DESIRED 0. 0.01 0. 0. 0. 655. 0. 15.
3.972 2 ATTITUDE -0.059959 1.581622 -0.01027
4.039 2 NAVIGATION 2 1 0. 0. 0. 0. 0 0
4.042 2 ATTITUDE -0.059763 1.581602 -0.010327
4.147 2 STATE_FILTER_STATUS 3 0
4.149 2 DL_VALUE 7 0.
4.152 2 IMU_MAG 0. 0. 0.
4.158 2 DESIRED 0. 0.01 0. 0. 0. 655. 0. 15.
4.162 2 ATTITUDE -0.060286 1.581628 -0.010188
4.191 2 GPS 3 34881548 594571520 91 611822 13 4 1797 67469500 12 14
4.193 2 SVINFO 14 28 13 7 36 31 227
4.236 2 WP_MOVED 0 348857. 5945757. 666.838013 12
4.240 2 ATTITUDE -0.059996 1.581592 -0.010267
4.342 2 ESTIMATOR 0. 0.
4.349 2 DESIRED 0. 0.01 0. 0. 0. 655. 0. 15.
4.352 2 ATTITUDE -0.059963 1.581583 -0.010234
4.446 2 IMU_ACCEL -9.631836 -0.09082 0.55957
4.452 2 GPS 3 34881548 594571520 91 611804 3 5 1797 67469750 12 15
4.453 2 SVINFO 15 30 13 7 43 65 282
4.456 2 ATTITUDE -0.059713 1.581529 -0.010271
4.543 2 IMU_GYRO -0.022217 0.007324 -0.013672
4.551 2 DESIRED 0. 0.01 0. 0. 0. 655. 0. 15.
4.553 2 ATTITUDE -0.059953 1.581648 -0.010201
4.613 2 FBW_STATUS 0 51 0 36 3
4.631 2 ATTITUDE -0.060042 1.581632 -0.010214
4.687 2 GPS 3 34881548 594571520 91 611817 21 6 1797 67470000 12 16
4.744 2 WP_MOVED 1 348815. 5945715. 666.838013 12
4.752 2 DESIRED 0. 0.01 0. 0. 0. 655. 0. 15.
4.754 2 ATTITUDE -0.059883 1.581654 -0.010282
4.839 2 BAT 40 36 0 0 1 2 2 0
4.842 2 ESTIMATOR 0. 0.
4.845 2 ATTITUDE -0.060034 1.581629 -0.010272
4.905 2 DOWNLINK_STATUS 0 5 3882 176 0 766. 35. 0.
4.949 2 GPS 3 34881548 594571520 91 611813 10 8 1797 67470250 12 17
4.956 2 DESIRED 0. 0.01 0. 0. 0. 655. 0. 15.
4.959 2 ATTITUDE -0.059859 1.581681 -0.010315
5.041 2 ENERGY 3.6 0.003 0 0.0108
5.046 2 NAVIGATION 2 1 0. 0. 0. 0. 0 0
5.049 2 ATTITUDE -0.059904 1.581681 -0.010312
5.143 2 IMU_GYRO -0.022217 0.008301 -0.013672
5.150 2 DESIRED 0. 0.01 0. 0. 0. 655. 0. 15.
5.153 2 ATTITUDE -0.059825 1.581735 -0.010304
5.187 2 GPS 3 34881548 594571520 91 611799 8 -1 1797 67470500 12 18
5.239 2 IMU_ACCEL -9.613281 -0.104492 0.607422
5.243 2 WP_MOVED 2 348845. 5945815. 666.838013 12
5.246 2 ATTITUDE -0.06001 1.581656 -0.010285
5.342 2 ESTIMATOR 0. 0.
5.348 2 DESIRED 0. 0.01 0. 0. 0. 655. 0. 15.
5.351 2 ATTITUDE -0.05997 1.581723 -0.010308
5.444 2 IMU_MAG 0. 0. 0.
5.449 2 GPS 3 34881548 594571520 91 611804 4 3 1797 67470750 12 19
5.452 2 ATTITUDE -0.059992 1.581759 -0.010302
5.457 2 PONG 
5.543 2 GPS_SOL 202 28 133 12
5.550 2 DESIRED 0. 0.01 0. 0. 0. 655. 0. 15.
5.553 2 ATTITUDE -0.059775 1.581761 -0.010395
5.633 2 DL_VALUE 8 0.
5.636 2 ATTITUDE -0.059699 1.5818 -0.010436
5.687 2 GPS 3 34881548 594571520 91 611825 1 14 1797 67471000 12 20
5.748 2 IMU_GYRO -0.02124 0.011475 -0.013672
5.751 2 WP_MOVED 3 348915.09375 5945786. 666.838013 12
5.758 2 DESIRED 0. 0.01 0. 0. 0. 655. 0. 15.
5.761 2 ATTITUDE -0.059771 1.581845 -0.010434
5.834 2 ESTIMATOR 0. 0.
5.837 2 ATTITUDE -0.059685 1.581858 -0.010444
5.905 2 DOWNLINK_STATUS 0 6 4604 208 0 722. 32. 53.57
5.953 2 CALIBRATION 0. 0
5.956 2 BAT 40 36 0 0 1 3 3 0
5.962 2 GPS 3 34881548 594571520 91 611837 3 11 1797 67471250 12 21
5.969 2 DESIRED 0. 0.01 0. 0. 0. 655. 0. 15.
5.972 2 ATTITUDE -0.059549 1.581858 -0.01051
6.043 2 NAVIGATION 2 1 0. 0. 0. 0. 0 0
6.045 2 IMU_ACCEL -9.651367 -0.042969 0.62207
6.048 2 ATTITUDE -0.059584 1.581861 -0.01053
6.143 2 DESIRED 0. 0.01 0. 0. 0. 655. 0. 15.
6.147 2 ATTITUDE -0.059742 1.581877 -0.010503
6.188 2 GPS 3 34881548 594571520 91 611831 5 12 1797 67471500 12 22
6.236 2 WP_MOVED 4 348714.6875 5945795. 666.838013 12
6.239 2 ATTITUDE -0.059555 1.581915 -0.010536
6.346 2 STATE_FILTER_STATUS 3 0
6.350 2 IMU_GYRO -0.019043 0.015869 -0.012695
6.352 2 ESTIMATOR 0. 0.
6.360 2 DESIRED 0. 0.01 0. 0. 0. 655. 0. 15.
6.362 2 ATTITUDE -0.059432 1.58191 -0.010522
6.441 2 GPS 3 34881548 594571520 91 611864 6 2 1797 67471750 12 23
6.444 2 ATTITUDE -0.059433 1.581962 -0.010572
6.543 2 DESIRED 0. 0.01 0. 0. 0. 655. 0. 15.
6.546 2 ATTITUDE -0.059596 1.581923 -0.010576
6.613 2 FBW_STATUS 0 48 0 36 3
6.631 2 ATTITUDE -0.059711 1.581986 -0.010545
6.687 2 GPS 3 34881548 594571520 91 611833 10 6 1797 67472000 12 24
6.748 2 IMU_MAG 0. 0. 0.
6.751 2 WP_MOVED 5 348690. 5945760. 666.838013 12
6.758 2 DESIRED 0. 0.01 0. 0. 0. 655. 0. 15.
6.761 2 ATTITUDE -0.059639 1.582058 -0.010628
6.838 2 IMU_ACCEL -9.618164 -0.085938 0.674805
6.840 2 ESTIMATOR 0. 0.
6.844 2 ATTITUDE -0.059721 1.582085 -0.010582
6.905 2 DOWNLINK_STATUS 0 7 5328 240 0 724. 32. 53.57
6.950 2 IMU_GYRO -0.02002 0.011475 -0.014893
6.956 2 GPS 3 34881548 594571520 91 611828 11 2 1797 67472250 12 25
6.963 2 DESIRED 0. 0.01 0. 0. 0. 655. 0. 15.
6.966 2 ATTITUDE -0.059549 1.58205 -0.010596
7.042 2 BAT 40 36 0 0 1 4 4 0
7.046 2 NAVIGATION 2 1 0. 0. 0. 0. 0 0
7.050 2 ATTITUDE -0.059521 1.58207 -0.01064
7.141 2 DL_VALUE 9 1.
7.147 2 DESIRED 0. 0.01 0. 0. 0. 655. 0. 15.
7.151 2 ATTITUDE -0.059331 1.582142 -0.010679
7.187 2 GPS 3 34881548 594571520 91 611843 12 -3 1797 67472500 12 26
7.236 2 WP_MOVED 6 348615. 5945815. 666.838013 12
7.239 2 ATTITUDE -0.059449 1.581995 -0.010664
7.342 2 ESTIMATOR 0. 0.
7.349 2 DESIRED 0. 0.01 0. 0. 0. 655. 0. 15.
7.352 2 ATTITUDE -0.059429 1.582009 -0.010597
7.415 2 ACTUATORS |1004,1003,1522,1122,1875,1500|
7.443 2 ENERGY 3.6 0.003 0 0.0108
7.449 2 GPS 3 34881548 594571520 91 611839 14 4 1797 67472750 12 27
7.452 2 ATTITUDE -0.059241 1.582026 -0.010628
7.514 2 COMMANDS |40,-14,924,-9548,0,-9548|
7.546 2 GPS_SOL 203 44 133 12
7.550 2 IMU_GYRO -0.02124 0.009521 -0.013672
7.557 2 DESIRED 0. 0.01 0. 0. 0. 655. 0. 15.
7.560 2 ATTITUDE -0.05924 1.581993 -0.010672
7.636 2 PPRZ_MODE 0 1 2 0 0 17
7.639 2 IMU_ACCEL -9.613281 -0.081055 0.59375
7.642 2 ATTITUDE -0.059258 1.58199 -0.010677
7.688 2 GPS 3 34881548 594571520 91 611834 10 4 1797 67473000 12 28
7.743 2 WP_MOVED 7 349015. 5946015. 666.838013 12
7.751 2 DESIRED 0. 0.01 0. 0. 0. 655. 0. 15.
7.753 2 ATTITUDE -0.0591 1.581975 -0.010748
7.835 2 DOWNLINK 2 760 533
7.837 2 ESTIMATOR 0. 0.
7.841 2 ATTITUDE -0.059286 1.581972 -0.010756
7.906 2 DOWNLINK_STATUS 0 8 6108 275 0 780. 35. 53.57
7.952 2 ALIVE |104,87,117,158,148,22,81,75,52,66,168,172,112,93,71,99|
7.958 2 GPS 3 34881548 594571520 91 611848 13 15 1797 67473250 12 29
7.964 2 DESIRED 0. 0.01 0. 0. 0. 655. 0. 15.
7.967 2 ATTITUDE -0.059193 1.581985 -0.010764
8.042 2 CALIBRATION 0. 0
8.045 2 IMU_MAG 0. 0. 0.
8.049 2 NAVIGATION 2 1 0. 0. 0. 0. 0 0
8.052 2 ATTITUDE -0.059209 1.582042 -0.01082
8.148 2 BAT 40 36 0 0 1 5 5 0
8.151 2 IMU_GYRO -0.02124 0.013672 -0.014893
8.158 2 DESIRED 0. 0.01 0. 0. 0. 655. 0. 15.
8.161 2 ATTITUDE -0.059266 1.582059 -0.01081
8.187 2 GPS 3 34881548 594571520 91 611845 13 2 1797 67473500 12 30
8.236 2 WP_MOVED 0 348857. 5945757. 666.838013 12
8.239 2 ATTITUDE -0.059196 1.582078 -0.010892
8.342 2 ESTIMATOR 0. 0.
8.348 2 DESIRED 0. 0.01 0. 0. 0. 655. 0. 15.
8.351 2 ATTITUDE -0.059237 1.582106 -0.010873
8.442 2 IMU_ACCEL -9.623047 -0.124023 0.564453
8.448 2 GPS 3 34881548 594571520 91 611869 11 8 1797 67473750 12 31
8.451 2 ATTITUDE -0.0592 1.582131 -0.010858
8.540 2 STATE_FILTER_STATUS 3 0
8.546 2 DESIRED 0. 0.01 0. 0. 0. 655. 0. 15.
8.549 2 ATTITUDE -0.059224 1.582123 -0.010852
8.613 2 FBW_STATUS 0 53 0 36 3
8.632 2 DL_VALUE 10 0.
8.636 2 ATTITUDE -0.059232 1.582104 -0.010852
8.690 2 GPS 3 34881548 594571520 91 611897 3 13 1797 67474000 12 32
8.693 2 SVINFO 0 3 13 7 37 46 79
8.748 2 IMU_GYRO -0.02124 0.010498 -0.012695
8.751 2 WP_MOVED 1 348815. 5945715. 666.838013 12
8.758 2 DESIRED 0. 0.01 0. 0. 0. 655. 0. 15.
8.761 2 ATTITUDE -0.059237 1.582063 -0.010832
8.834 2 ESTIMATOR 0. 0.
8.837 2 ATTITUDE -0.059273 1.582074 -0.010862
8.906 2 DOWNLINK_STATUS 0 9 6880 310 0 772. 35. 53.57
8.952 2 GPS 3 34881548 594571520 91 611924 4 8 1797 67474250 12 1
8.955 2 SVINFO 1 5 13 7 41 21 286
8.961 2 DESIRED 0. 0.01 0. 0. 0. 655. 0. 15.
8.965 2 ATTITUDE -0.059274 1.582072 -0.010884
9.039 2 NAVIGATION 2 1 0. 0. 0. 0. 0 0
9.042 2 ATTITUDE -0.059312 1.582067 -0.010912
9.143 2 DESIRED 0. 0.01 0. 0. 0. 655. 0. 15.
9.145 2 ATTITUDE -0.05925 1.582045 -0.010929
9.190 2 GPS 3 34881548 594571520 91 611866 7 3 1797 67474500 12 2
9.192 2 SVINFO 2 7 13 7 44 83 91
9.244 2 BAT 40 36 0 0 1 6 6 0
9.247 2 IMU_ACCEL -9.623047 -0.109375 0.641602
9.250 2 WP_MOVED 2 348845. 5945815. 666.838013 12
9.254 2 ATTITUDE -0.059348 1.582074 -0.01092
9.351 2 IMU_MAG 0. 0. 0.
9.353 2 IMU_GYRO -0.022217 0.012695 -0.013672
9.355 2 ESTIMATOR 0. 0.
9.363 2 DESIRED 0. 0.01 0. 0. 0. 655. 0. 15.
9.365 2 ATTITUDE -0.059223 1.582038 -0.010967
9.444 2 GPS 3 34881548 594571520 91 611896 17 10 1797 67474750 12 3
9.446 2 SVINFO 3 8 13 7 42 71 290
9.449 2 ATTITUDE -0.059147 1.582019 -0.010963
9.542 2 GPS_SOL 203 45 133 12
9.549 2 DESIRED 0. 0.01 0. 0. 0. 655. 0. 15.
9.552 2 ATTITUDE -0.059118 1.582106 -0.010979
9.631 2 ATTITUDE -0.059082 1.582105 -0.01101
9.690 2 GPS 3 34881548 594571520 91 611886 3 6 1797 67475000 12 4
9.692 2 SVINFO 4 9 28 7 44 52 286
9.744 2 WP_MOVED 3 348915.09375 5945786. 666.838013 12
9.750 2 DESIRED 0. 0.01 0. 0. 0. 655. 0. 15.
9.753 2 ATTITUDE -0.059137 1.582047 -0.010972
9.839 2 ENERGY 3.6 0.003 0 0.0108
9.841 2 ESTIMATOR 0. 0.
9.844 2 ATTITUDE -0.059107 1.582083 -0.010938
9.908 2 DOWNLINK_STATUS 0 10 7644 344 0 764. 34. 53.57
9.953 2 IMU_GYRO -0.02124 0.009521 -0.012695
9.959 2 GPS 3 34881548 594571520 91 611913 17 8 1797 67475250 12 5
9.961 2 SVINFO 5 10 13 4 27 12 235
9.968 2 DESIRED 0. 0.01 0. 0. 0. 655. 0. 15.
9.971 2 ATTITUDE -0.059058 1.582118 -0.010942
10.042 2 NAVIGATION 2 1 0. 0. 0. 0. 0 0
10.045 2 IMU_ACCEL -9.646484 -0.081055 0.631836
10.048 2 ATTITUDE -0.059174 1.582143 -0.010867
10.143 2 CALIBRATION 0. 0
10.145 2 DL_VALUE 11 0.
10.151 2 DESIRED 0. 0.01 0. 0. 0. 655. 0. 15.
10.155 2 ATTITUDE -0.059093 1.582146 -0.010958
10.187 2 GPS 3 34881548 594571520 91 611917 3 9 1797 67475500 12 6
10.236 2 WP_MOVED 4 348714.6875 5945795. 666.838013 12
10.239 2 ATTITUDE -0.059142 1.582174 -0.010929
10.348 2 BAT 40 36 0 0 1 7 7 0
10.350 2 ESTIMATOR 0. 0.
10.357 2 DESIRED 0. 0.01 0. 0. 0. 655. 0. 15.
10.360 2 ATTITUDE -0.059081 1.582152 -0.010942
10.446 2 NAVIGATION_REF 348815 5945715 12 611.838013
10.452 2 GPS 3 34881548 594571520 91 611898 8 11 1797 67475750 12 7
10.454 2 SVINFO 7 13 13 7 35 30 161
10.457 2 ATTITUDE -0.058973 1.582129 -0.010897
10.460 2 PONG 
10.543 2 IMU_GYRO -0.022217 0.010498 -0.013672
10.550 2 DESIRED 0. 0.01 0. 0. 0. 655. 0. 15.
10.553 2 ATTITUDE -0.058971 1.582181 -0.010853
10.614 2 FBW_STATUS 0 47 0 36 3
10.634 2 IMU_MAG 0. 0. 0.
10.638 2 ATTITUDE -0.058888 1.582127 -0.010895
10.690 2 GPS 3 34881548 594571520 91 611849 15 -4 1797 67476000 12 8
10.692 2 SVINFO 8 16 13 4 30 8 55
10.743 2 STATE_FILTER_STATUS 3 0
10.747 2 WP_MOVED 5 348690. 5945760. 666.838013 12
10.754 2 DESIRED 0. 0.01 0. 0. 0. 655. 0. 15.
10.757 2 ATTITUDE -0.058972 1.582186 -0.010834
10.837 2 IMU_ACCEL -9.641602 -0.085938 0.569336
10.840 2 ESTIMATOR 0. 0.
10.843 2 ATTITUDE -0.058887 1.582164 -0.010856
10.908 2 DOWNLINK_STATUS 0 11 8464 383 0 820. 39. 55.73
10.952 2 GPS 3 34881548 594571520 91 611796 13 -6 1797 67476250 12 9
10.954 2 SVINFO 9 19 13 6 34 42 96
10.961 2 DESIRED 0. 0.01 0. 0. 0. 655. 0. 15.
10.964 2 ATTITUDE -0.058836 1.582139 -0.010835
11.038 2 NAVIGATION 2 1 0. 0. 0. 0. 0 0
11.041 2 ATTITUDE -0.058745 1.582132 -0.010842
11.143 2 IMU_GYRO -0.02124 0.011475 -0.013672
11.150 2 DESIRED 0. 0.01 0. 0. 0. 655. 0. 15.
11.153 2 ATTITUDE -0.058709 1.582079 -0.010894
11.187 2 GPS 3 34881548 594571520 91 611788 15 -6 1797 67476500 12 10
11.236 2 WP_MOVED 6 348615. 5945815. 666.838013 12
11.239 2 ATTITUDE -0.058694 1.582115 -0.010922
11.341 2 ESTIMATOR 0. 0.
11.348 2 DESIRED 0. 0.01 0. 0. 0. 655. 0. 15.
11.351 2 ATTITUDE -0.058772 1.582043 -0.010906
11.446 2 BAT 40 36 0 0 1 9 9 0
11.452 2 GPS 3 34881548 594571520 91 611775 7 11 1797 67476750 12 11
11.454 2 SVINFO 11 23 12 4 16 1 154
11.457 2 ATTITUDE -0.058665 1.582098 -0.010935
11.543 2 GPS_SOL 202 36 133 12
11.549 2 DESIRED 0. 0.01 0. 0. 0. 655. 0. 15.
11.553 2 ATTITUDE -0.058791 1.582059 -0.010879
11.636 2 DL_VALUE 12 12000.
11.639 2 IMU_ACCEL -9.651367 -0.085938 0.598633
11.642 2 ATTITUDE -0.058615 1.5821 -0.010931
11.690 2 GPS 3 34881548 594571520 91 611809 6 8 1797 67477000 12 12
11.693 2 SVINFO 12 26 13 6 31 17 314
11.748 2 IMU_GYRO -0.02002 0.009521 -0.012695
11.751 2 WP_MOVED 7 349015. 5946015. 666.838013 12
11.758 2 DESIRED 0. 0.01 0. 0. 0. 655. 0. 15.
11.761 2 ATTITUDE -0.058349 1.58207 -0.011022
11.833 2 ESTIMATOR 0. 0.
11.837 2 ATTITUDE -0.058808 1.582135 -0.01093
11.908 2 DOWNLINK_STATUS 0 12 9205 416 0 741. 33. 55.73
11.953 2 IMU_MAG 0. 0. 0.
11.959 2 GPS 3 34881548 594571520 91 611802 21 5 1797 67477250 12 13
11.961 2 SVINFO 13 27 13 6 35 33 55
11.968 2 DESIRED 0. 0.01 0. 0. 0. 655. 0. 15.
11.970 2 ATTITUDE -0.058527 1.582108 -0.011005
12.038 2 NAVIGATION 2 1 0. 0. 0. 0. 0 0
12.042 2 ATTITUDE -0.059011 1.582139 -0.01089
12.143 2 DESIRED 0. 0.01 0. 0. 0. 655. 0. 15.
12.145 2 ATTITUDE -0.058797 1.582157 -0.010963
12.190 2 GPS 3 34881548 594571520 91 611783 15 10 1797 67477500 12 14
12.192 2 SVINFO 14 28 13 7 37 31 227
12.242 2 ENERGY 3.6 0.003 0 0.0108
12.244 2 CALIBRATION 0. 0
12.247 2 WP_MOVED 0 348857. 5945757. 666.838013 12
12.250 2 ATTITUDE -0.058634 1.582174 -0.011031
12.346 2 IMU_GYRO -0.02002 0.005127 -0.011475
12.348 2 ESTIMATOR 0. 0.
12.355 2 DESIRED 0. 0.01 0. 0. 0. 655. 0. 15.
12.358 2 ATTITUDE -0.058949 1.582184 -0.010981
12.414 2 ACTUATORS |1004,1003,1522,1122,1875,1500|
12.445 2 IMU_ACCEL -9.608398 -0.109375 0.550781
12.450 2 GPS 3 34881548 594571520 91 611794 4 17 1797 67477750 12 15
12.453 2 SVINFO 15 30 13 7 43 65 282
12.456 2 ATTITUDE -0.058952 1.582184 -0.010928
12.514 2 COMMANDS |40,-14,910,-9548,0,-9548|
12.545 2 PPRZ_MODE 0 1 2 0 0 17
12.549 2 BAT 40 36 0 0 1 10 10 0
12.556 2 DESIRED 0. 0.01 0. 0. 0. 655. 0. 15.
12.558 2 ATTITUDE -0.058713 1.582146 -0.010969
12.613 2 FBW_STATUS 0 50 0 36 3
12.631 2 ATTITUDE -0.058989 1.582122 -0.010881
12.687 2 GPS 3 34881548 594571520 91 611786 9 6 1797 67478000 12 16
12.744 2 WP_MOVED 1 348815. 5945715. 666.838013 12
12.750 2 DESIRED 0. 0.01 0. 0. 0. 655. 0. 15.
12.753 2 ATTITUDE -0.058738 1.582137 -0.010902
12.833 2 ESTIMATOR 0. 0.
12.836 2 ATTITUDE -0.058819 1.582153 -0.010862
12.908 2 DOWNLINK_STATUS 0 13 10014 453 0 809. 37. 55.73
12.953 2 DOWNLINK 2 774 714
12.955 2 STATE_FILTER_STATUS 3 0
12.958 2 IMU_GYRO -0.02124 0.013672 -0.014893
12.963 2 GPS 3 34881548 594571520 91 611783 16 12 1797 67478250 12 17
12.970 2 DESIRED 0. 0.01 0. 0. 0. 655. 0. 15.
12.973 2 ATTITUDE -0.058722 1.582225 -0.010889
13.042 2 ALIVE |104,87,117,158,148,22,81,75,52,66,168,172,112,93,71,99|
13.047 2 NAVIGATION 2 1 0. 0. 0. 0. 0 0
13.050 2 ATTITUDE -0.0585 1.582277 -0.010926
13.140 2 DL_VALUE 13 1.5
13.147 2 DESIRED 0. 0.01 0. 0. 0. 655. 0. 15.
13.150 2 ATTITUDE -0.058402 1.582328 -0.01095
13.187 2 GPS 3 34881548 594571520 91 611786 7 6 1797 67478500 12 18
13.243 2 IMU_MAG 0. 0. 0.
13.246 2 IMU_ACCEL -9.62793 -0.09082 0.612305
13.250 2 WP_MOVED 2 348845. 5945815. 666.838013 12
13.253 2 ATTITUDE -0.058639 1.582286 -0.010899
13.342 2 ESTIMATOR 0. 0.
13.348 2 DESIRED 0. 0.01 0. 0. 0. 655. 0. 15.
13.351 2 ATTITUDE -0.058468 1.582276 -0.010985
13.363 2 WIND_INFO 2 42 0. 0. 0.
13.444 2 GPS 3 34881548 594571520 91 611794 5 13 1797 67478750 12 19
13.445 2 ATTITUDE -0.05851 1.582323 -0.010909
13.547 2 GPS_SOL 200 31 133 12
13.550 2 IMU_GYRO -0.022217 0.011475 -0.013672
13.557 2 DESIRED 0. 0.01 0. 0. 0. 655. 0. 15.
13.560 2 ATTITUDE -0.058365 1.58232 -0.010918
13.635 2 BAT 40 36 0 0 1 11 11 0
13.639 2 ATTITUDE -0.058402 1.582384 -0.010892
13.687 2 GPS 3 34881548 594571520 91 611814 2 10 1797 67479000 12 20
13.744 2 WP_MOVED 3 348915.09375 5945786. 666.838013 12
13.751 2 DESIRED 0. 0.01 0. 0. 0. 655. 0. 15.
13.753 2 ATTITUDE -0.058473 1.582313 -0.010819
13.833 2 ESTIMATOR 0. 0.
13.836 2 ATTITUDE -0.058297 1.582386 -0.010873
13.909 2 DOWNLINK_STATUS 0 14 10774 487 0 760. 34. 55.73
13.948 2 GPS 3 34881548 594571520 91 611852 14 19 1797 67479250 12 21
13.955 2 DESIRED 0. 0.01 0. 0. 0. 655. 0. 15.
13.958 2 ATTITUDE -0.058743 1.582361 -0.010774
14.041 2 NAVIGATION 2 1 0. 0. 0. 0. 0 0
14.045 2 IMU_ACCEL -9.641602 -0.100586 0.598633
14.048 2 ATTITUDE -0.058682 1.582395 -0.010785
14.143 2 IMU_GYRO -0.02002 0.011475 -0.013672
14.149 2 DESIRED 0. 0.01 0. 0. 0. 655. 0. 15.
14.152 2 ATTITUDE -0.0586 1.582416 -0.010843
14.187 2 GPS 3 34881548 594571520 91 611861 18 13 1797 67479500 12 22
14.235 2 WP_MOVED 4 348714.6875 5945795. 666.838013 12
14.239 2 ATTITUDE -0.058657 1.582397 -0.01083
14.343 2 CALIBRATION 0. 0
14.345 2 ESTIMATOR 0. 0.
14.352 2 DESIRED 0. 0.01 0. 0. 0. 655. 0. 15.
14.355 2 ATTITUDE -0.058291 1.582381 -0.01089
14.440 2 GPS 3 34881548 594571520 91 611856 5 12 1797 67479750 12 23
14.444 2 ATTITUDE -0.058258 1.582328 -0.010932
14.543 2 IMU_MAG 0. 0. 0.
14.550 2 DESIRED 0. 0.01 0. 0. 0. 655. 0. 15.
14.553 2 ATTITUDE -0.058307 1.582293 -0.010926
14.614 2 FBW_STATUS 0 52 0 36 3
14.638 2 ENERGY 3.6 0.003 0 0.0108
14.639 2 DL_VALUE 14 0.610865
14.642 2 ATTITUDE -0.05819 1.58238 -0.010933
14.687 2 GPS 3 34881548 594571520 91 611864 16 11 1797 67480000 12 24
14.752 2 BAT 40 36 0 0 1 12 12 0
14.755 2 IMU_GYRO -0.019043 0.014893 -0.013672
14.759 2 WP_MOVED 5 348690. 5945760. 666.838013 12
14.766 2 DESIRED 0. 0.01 0. 0. 0. 655. 0. 15.
14.769 2 ATTITUDE -0.058512 1.582427 -0.010869
14.838 2 IMU_ACCEL -9.646484 -0.148438 0.564453
14.840 2 ESTIMATOR 0. 0.
14.843 2 ATTITUDE -0.058054 1.582481 -0.010934
14.909 2 DOWNLINK_STATUS 0 15 11538 521 0 764. 34. 55.73
14.949 2 GPS 3 34881548 594571520 91 611879 9 5 1797 67480250 12 25
14.955 2 DESIRED 0. 0.01 0. 0. 0. 655. 0. 15.
14.958 2 ATTITUDE -0.058164 1.582494 -0.010869
15.038 2 NAVIGATION 2 1 0. 0. 0. 0. 0 0
15.040 2 ATTITUDE -0.058085 1.582543 -0.01084
15.140 2 STATE_FILTER_STATUS 3 0
15.146 2 DESIRED 0. 0.01 0. 0. 0. 655. 0. 15.
15.149 2 ATTITUDE -0.058115 1.582541 -0.01085
15.187 2 GPS 3 34881548 594571520 91 611881 8 5 1797 67480500 12 26
15.236 2 WP_MOVED 6 348615. 5945815. 666.838013 12
15.238 2 ATTITUDE -0.058125 1.582592 -0.010884
15.345 2 IMU_GYRO -0.019043 0.011475 -0.013672
15.348 2 ESTIMATOR 0. 0.
15.355 2 DESIRED 0. 0.01 0. 0. 0. 655. 0. 15.
15.358 2 ATTITUDE -0.058192 1.582586 -0.010908
15.446 2 GPS 3 34881548 594571520 91 611910 8 16 1797 67480750 12 27
15.449 2 ATTITUDE -0.05814 1.58262 -0.010901
15.458 2 PONG 
15.542 2 GPS_SOL 198 28 133 12
15.549 2 DESIRED 0. 0.01 0. 0. 0. 655. 0. 15.
15.552 2 ATTITUDE -0.058167 1.582611 -0.010878
15.634 2 IMU_ACCEL -9.623047 -0.104492 0.564453
15.638 2 ATTITUDE -0.058134 1.582558 -0.010904
15.687 2 GPS 3 34881548 594571520 91 611938 3 14 1797 67481000 12 28
15.743 2 WP_MOVED 7 349015. 5946015. 666.838013 12
15.750 2 DESIRED 0. 0.01 0. 0. 0. 655. 0. 15.
15.753 2 ATTITUDE -0.058051 1.582586 -0.010874
15.842 2 IMU_MAG 0. 0. 0.
15.846 2 BAT 40 36 0 0 1 13 13 0
15.848 2 ESTIMATOR 0. 0.
15.851 2 ATTITUDE -0.058297 1.582578 -0.010849
15.909 2 DOWNLINK_STATUS 0 16 12241 552 0 703. 31. 53.66
15.950 2 IMU_GYRO -0.02124 0.012695 -0.013672
15.955 2 GPS 3 34881548 594571520 91 611907 7 1 1797 67481250 12 29
15.962 2 DESIRED 0. 0.01 0. 0. 0. 655. 0. 15.
15.965 2 ATTITUDE -0.058266 1.582523 -0.010858
16.038 2 NAVIGATION 2 1 0. 0. 0. 0. 0 0
16.041 2 ATTITUDE -0.0583 1.582572 -0.010855
16.140 2 DL_VALUE 15 7500.
16.147 2 DESIRED 0. 0.01 0. 0. 0. 655. 0. 15.
16.150 2 ATTITUDE -0.058266 1.582588 -0.010881
16.187 2 GPS 3 34881548 594571520 91 611872 19 7 1797 67481500 12 30
16.236 2 WP_MOVED 0 348857. 5945757. 666.838013 12
16.239 2 ATTITUDE -0.05841 1.582532 -0.010878
16.342 2 ESTIMATOR 0. 0.
16.348 2 DESIRED 0. 0.01 0. 0. 0. 655. 0. 15.
16.351 2 ATTITUDE -0.058405 1.582602 -0.010862
16.443 2 CALIBRATION 0. 0
16.446 2 IMU_ACCEL -9.62793 -0.114258 0.588867
16.452 2 GPS 3 34881548 594571520 91 611862 13 8 1797 67481750 12 31
16.455 2 ATTITUDE -0.058458 1.582598 -0.010839
16.543 2 IMU_GYRO -0.02124 0.011475 -0.013672
16.558 2 DESIRED 0. 0.01 0. 0. 0. 655. 0. 15.
16.559 2 ATTITUDE -0.05856 1.582616 -0.01085
16.616 2 FBW_STATUS 0 48 0 36 3
16.630 2 ATTITUDE -0.058541 1.582672 -0.010879
16.690 2 GPS 3 34881548 594571520 91 611826 2 1 1797 67482000 12 32
16.693 2 SVINFO 0 3 13 7 36 46 79
16.743 2 WP_MOVED 1 348815. 5945715. 666.838013 12
16.751 2 DESIRED 0. 0.01 0. 0. 0. 655. 0. 15.
16.753 2 ATTITUDE -0.058552 1.582649 -0.010857
16.833 2 ESTIMATOR 0. 0.
16.836 2 ATTITUDE -0.058553 1.5827 -0.010862
16.910 2 DOWNLINK_STATUS 0 17 12942 583 0 701. 31. 53.66
16.954 2 BAT 40 36 0 0 1 14 14 0
16.959 2 GPS 3 34881548 594571520 91 611769 7 -4 1797 67482250 12 1
16.962 2 SVINFO 1 5 13 7 41 21 286
16.969 2 DESIRED 0. 0.01 0. 0. 0. 655. 0. 15.
16.972 2 ATTITUDE -0.058537 1.58271 -0.010858
17.041 2 ENERGY 3.6 0.003 0 0.0108
17.046 2 NAVIGATION 2 1 0. 0. 0. 0. 0 0
17.048 2 ATTITUDE -0.058569 1.582757 -0.010886
17.146 2 IMU_MAG 0. 0. 0.
17.149 2 IMU_GYRO -0.02124 0.011475 -0.013672
17.156 2 DESIRED 0. 0.01 0. 0. 0. 655. 0. 15.
17.159 2 ATTITUDE -0.05863 1.582824 -0.010896
17.189 2 GPS 3 34881548 594571520 91 611744 2 1 1797 67482500 12 2
17.192 2 SVINFO 2 7 13 7 44 83 92
17.239 2 IMU_ACCEL -9.62793 -0.109375 0.603516
17.242 2 WP_MOVED 2 348845. 5945815. 666.838013 12
17.245 2 ATTITUDE -0.058615 1.582802 -0.010903
17.342 2 STATE_FILTER_STATUS 3 0
17.345 2 ESTIMATOR 0. 0.
17.351 2 DESIRED 0. 0.01 0. 0. 0. 655. 0. 15.
17.354 2 ATTITUDE -0.058635 1.582832 -0.010912
17.414 2 ACTUATORS |1004,1003,1522,1122,1875,1500|
17.442 2 PPRZ_MODE 0 1 2 0 0 17
17.448 2 GPS 3 34881548 594571520 91 611743 8 5 1797 67482750 12 3
17.450 2 SVINFO 3 8 13 7 42 71 290
17.454 2 ATTITUDE -0.058659 1.582832 -0.01091
17.514 2 COMMANDS |40,-14,910,-9548,0,-9548|
17.542 2 GPS_SOL 199 37 133 12
17.549 2 DESIRED 0. 0.01 0. 0. 0. 655. 0. 15.
17.552 2 ATTITUDE -0.058774 1.582824 -0.010879
17.632 2 DL_VALUE 16 1250.
17.635 2 ATTITUDE -0.058765 1.582855 -0.0109
17.690 2 GPS 3 34881548 594571520 91 611709 2 2 1797 67483000 12 4
17.692 2 SVINFO 4 9 28 7 43 52 286
17.747 2 IMU_GYRO -0.022217 0.009521 -0.014893
17.751 2 WP_MOVED 3 348915.09375 5945786. 666.838013 12
17.757 2 DESIRED 0. 0.01 0. 0. 0. 655. 0. 15.
17.760 2 ATTITUDE -0.058703 1.58283 -0.010868
17.833 2 ESTIMATOR 0. 0.
17.836 2 ATTITUDE -0.058835 1.582822 -0.010847
17.910 2 DOWNLINK_STATUS 0 18 13794 623 0 852. 40. 53.66
17.952 2 GPS 3 34881548 594571520 91 611706 2 1 1797 67483250 12 5
17.954 2 SVINFO 5 10 13 4 28 12 235
17.961 2 DESIRED 0. 0.01 0. 0. 0. 655. 0. 15.
17.964 2 ATTITUDE -0.058763 1.582833 -0.010857
18.045 2 DOWNLINK 2 761 888
18.049 2 BAT 40 36 0 0 1 15 15 0
18.054 2 NAVIGATION 2 1 0. 0. 0. 0. 0 0
18.056 2 IMU_ACCEL -9.623047 -0.09082 0.583984
18.060 2 ATTITUDE -0.058842 1.582839 -0.010799
18.145 2 ALIVE |104,87,117,158,148,22,81,75,52,66,168,172,112,93,71,99|
18.151 2 DESIRED 0. 0.01 0. 0. 0. 655. 0. 15.
18.154 2 ATTITUDE -0.058776 1.582869 -0.010804
18.186 2 GPS 3 34881548 594571520 91 611716 4 11 1797 67483500 12 6
18.235 2 WP_MOVED 4 348714.6875 5945795. 666.838013 12
18.238 2 ATTITUDE -0.0588 1.582865 -0.010778
18.345 2 IMU_GYRO -0.02002 0.013672 -0.013672
18.348 2 ESTIMATOR 0. 0.
18.354 2 DESIRED 0. 0.01 0. 0. 0. 655. 0. 15.
18.357 2 ATTITUDE -0.058787 1.58283 -0.010766
18.444 2 IMU_MAG 0. 0. 0.
18.450 2 GPS 3 34881548 594571520 91 611718 18 8 1797 67483750 12 7
18.452 2 SVINFO 7 13 13 7 34 30 161
18.456 2 ATTITUDE -0.058719 1.582863 -0.01073
18.540 2 CALIBRATION 0. 0
18.546 2 DESIRED 0. 0.01 0. 0. 0. 655. 0. 15.
18.549 2 ATTITUDE -0.058636 1.582812 -0.010748
18.612 2 FBW_STATUS 0 50 0 36 3
18.630 2 ATTITUDE -0.058567 1.582788 -0.010741
18.689 2 GPS 3 34881548 594571520 91 611707 9 8 1797 67484000 12 8
18.692 2 SVINFO 8 16 13 4 29 8 55
18.743 2 WP_MOVED 5 348690. 5945760. 666.838013 12
18.750 2 DESIRED 0. 0.01 0. 0. 0. 655. 0. 15.
18.753 2 ATTITUDE -0.05877 1.582812 -0.010701
18.837 2 IMU_ACCEL -9.618164 -0.085938 0.612305
18.840 2 ESTIMATOR 0. 0.
18.843 2 ATTITUDE -0.058848 1.58286 -0.010725
18.910 2 DOWNLINK_STATUS 0 19 14585 659 0 791. 36. 53.66
18.953 2 IMU_GYRO -0.022217 0.011475 -0.012695
18.958 2 GPS 3 34881548 594571520 91 611735 2 7 1797 67484250 12 9
18.961 2 SVINFO 9 19 13 6 33 42 96
18.967 2 DESIRED 0. 0.01 0. 0. 0. 655. 0. 15.
18.971 2 ATTITUDE -0.058804 1.582872 -0.010697
19.038 2 NAVIGATION 2 1 0. 0. 0. 0. 0 0
19.041 2 ATTITUDE -0.058816 1.582848 -0.010673
19.145 2 DL_VALUE 17 0.48
19.148 2 BAT 40 36 0 0 1 16 16 0
19.155 2 DESIRED 0. 0.01 0. 0. 0. 655. 0. 15.
19.158 2 ATTITUDE -0.058709 1.582919 -0.01067
19.187 2 GPS 3 34881548 594571520 91 611735 11 10 1797 67484500 12 10
19.235 2 WP_MOVED 6 348615. 5945815. 666.838013 12
19.239 2 ATTITUDE -0.058798 1.582947 -0.010625
19.341 2 ESTIMATOR 0. 0.
19.348 2 DESIRED 0. 0.01 0. 0. 0. 655. 0. 15.
19.351 2 ATTITUDE -0.058756 1.582977 -0.010631
19.449 2 NAVIGATION_REF 348815 5945715 12 611.838013
19.453 2 ENERGY 3.6 0.003 0 0.0108
19.459 2 GPS 3 34881548 594571520 91 611715 6 7 1797 67484750 12 11
19.460 2 SVINFO 11 23 12 4 14 1 154
19.464 2 ATTITUDE -0.058637 1.583068 -0.010627
19.546 2 STATE_FILTER_STATUS 3 0
19.549 2 GPS_SOL 199 30 133 12
19.552 2 IMU_GYRO -0.02124 0.010498 -0.013672
19.560 2 DESIRED 0. 0.01 0. 0. 0. 655. 0. 15.
19.562 2 ATTITUDE -0.058667 1.583079 -0.010637
19.634 2 IMU_ACCEL -9.641602 -0.095703 0.55957
19.637 2 ATTITUDE -0.058692 1.583107 -0.010618
19.689 2 GPS 3 34881548 594571520 91 611671 4 0 1797 67485000 12 12
19.691 2 SVINFO 12 26 13 6 32 17 314
19.746 2 IMU_MAG 0. 0. 0.
19.750 2 WP_MOVED 7 349015. 5946015. 666.838013 12
19.756 2 DESIRED 0. 0.01 0. 0. 0. 655. 0. 15.
19.760 2 ATTITUDE -0.058891 1.583118 -0.010576
19.832 2 ESTIMATOR 0. 0.
19.836 2 ATTITUDE -0.058719 1.583133 -0.010623
19.911 2 DOWNLINK_STATUS 0 20 15392 696 0 807. 37. 53.66
19.951 2 GPS 3 34881548 594571520 91 611640 18 -4 1797 67485250 12 13
19.953 2 SVINFO 13 27 13 7 34 33 55
19.960 2 DESIRED 0. 0.01 0. 0. 0. 655. 0. 15.
19.963 2 ATTITUDE -0.05898 1.583161 -0.010582
20.037 2 NAVIGATION 2 1 0. 0. 0. 0. 0 0
20.040 2 ATTITUDE -0.058999 1.583142 -0.010564
20.142 2 IMU_GYRO -0.02124 0.008301 -0.013672
20.149 2 DESIRED 0. 0.01 0. 0. 0. 655. 0. 15.
20.152 2 ATTITUDE -0.058814 1.583176 -0.010587
20.189 2 GPS 3 34881548 594571520 91 611654 15 6 1797 67485500 12 14
20.192 2 SVINFO 14 28 13 7 36 31 227
20.240 2 BAT 40 36 0 0 1 17 17 0
20.243 2 WP_MOVED 0 348857. 5945757. 666.838013 12
20.246 2 ATTITUDE -0.05884 1.583201 -0.01055
20.341 2 ESTIMATOR 0. 0.
20.347 2 DESIRED 0. 0.01 0. 0. 0. 655. 0. 15.
20.351 2 ATTITUDE -0.058743 1.583253 -0.010584
20.446 2 IMU_ACCEL -9.62793 -0.109375 0.651367
20.452 2 GPS 3 34881548 594571520 91 611652 2 8 1797 67485750 12 15
20.454 2 SVINFO 15 30 13 7 43 65 282
20.457 2 ATTITUDE -0.058867 1.583268 -0.010545
20.460 2 PONG 
20.542 2 DESIRED 0. 0.01 0. 0. 0. 655. 0. 15.
20.545 2 ATTITUDE -0.05871 1.583267 -0.010579
20.613 2 FBW_STATUS 0 48 0 36 3
20.634 2 CALIBRATION 0. 0
20.636 2 DL_VALUE 18 0.03
20.639 2 ATTITUDE -0.058942 1.583306 -0.010599
20.687 2 GPS 3 34881548 594571520 91 611665 5 11 1797 67486000 12 16
20.747 2 IMU_GYRO -0.022217 0.009521 -0.013672
20.750 2 WP_MOVED 1 348815. 5945715. 666.838013 12
20.757 2 DESIRED 0. 0.01 0. 0. 0. 655. 0. 15.
20.760 2 ATTITUDE -0.058869 1.583285 -0.010562
20.833 2 ESTIMATOR 0. 0.
20.836 2 ATTITUDE -0.058981 1.583279 -0.010492
20.911 2 DOWNLINK_STATUS 0 21 16148 731 0 756. 35. 54.71
20.949 2 GPS 3 34881548 594571520 91 611686 9 11 1797 67486250 12 17
20.955 2 DESIRED 0. 0.01 0. 0. 0. 655. 0. 15.
20.958 2 ATTITUDE -0.058997 1.583306 -0.010434
21.040 2 IMU_MAG 0. 0. 0.
21.045 2 NAVIGATION 2 1 0. 0. 0. 0. 0 0
21.047 2 ATTITUDE -0.058884 1.583334 -0.01042
21.142 2 DESIRED 0. 0.01 0. 0. 0. 655. 0. 15.
21.145 2 ATTITUDE -0.058797 1.583379 -0.010402
21.187 2 GPS 3 34881548 594571520 91 611675 4 8 1797 67486500 12 18
21.238 2 IMU_ACCEL -9.636719 -0.100586 0.588867
21.242 2 WP_MOVED 2 348845. 5945815. 666.838013 12
21.245 2 ATTITUDE -0.058773 1.583445 -0.0104
21.350 2 BAT 40 36 0 0 1 18 18 0
21.353 2 IMU_GYRO -0.02124 0.009521 -0.013672
21.356 2 ESTIMATOR 0. 0.
21.362 2 DESIRED 0. 0.01 0. 0. 0. 655. 0. 15.
21.365 2 ATTITUDE -0.058792 1.58348 -0.010416
21.440 2 GPS 3 34881548 594571520 91 611664 2 5 1797 67486750 12 19
21.443 2 ATTITUDE -0.058899 1.583474 -0.010429
21.542 2 GPS_SOL 200 31 133 12
21.548 2 DESIRED 0. 0.01 0. 0. 0. 655. 0. 15.
21.551 2 ATTITUDE -0.058913 1.583525 -0.010428
21.630 2 ATTITUDE -0.058981 1.583543 -0.010441
21.686 2 GPS 3 34881548 594571520 91 611682 15 10 1797 67487000 12 20
21.743 2 STATE_FILTER_STATUS 3 0
21.747 2 WP_MOVED 3 348915.09375 5945786. 666.838013 12
21.753 2 DESIRED 0. 0.01 0. 0. 0. 655. 0. 15.
21.756 2 ATTITUDE -0.058731 1.58352 -0.010428
21.838 2 ENERGY 3.6 0.003 0 0.0108
21.840 2 ESTIMATOR 0. 0.
21.843 2 ATTITUDE -0.058441 1.58354 -0.010474
21.911 2 DOWNLINK_STATUS 0 22 16865 762 0 717. 31. 54.71
21.949 2 IMU_GYRO -0.022217 0.009521 -0.011475
21.955 2 GPS 3 34881548 594571520 91 611648 10 -1 1797 67487250 12 21
21.962 2 DESIRED 0. 0.01 0. 0. 0. 655. 0. 15.
21.965 2 ATTITUDE -0.058727 1.583576 -0.010435
22.041 2 NAVIGATION 2 1 0. 0. 0. 0. 0 0
22.044 2 IMU_ACCEL -9.646484 -0.09082 0.603516
22.048 2 ATTITUDE -0.058639 1.583613 -0.010437
22.140 2 DL_VALUE 19 0.15
22.146 2 DESIRED 0. 0.01 0. 0. 0. 655. 0. 15.
22.149 2 ATTITUDE -0.058735 1.583678 -0.010408
22.187 2 GPS 3 34881548 594571520 91 611650 8 4 1797 67487500 12 22
22.235 2 WP_MOVED 4 348714.6875 5945795. 666.838013 12
22.238 2 ATTITUDE -0.059262 1.583737 -0.01028
22.347 2 PPRZ_MODE 0 1 2 0 0 17
22.350 2 IMU_MAG 0. 0. 0.
22.353 2 ESTIMATOR 0. 0.
22.359 2 DESIRED 0. 0.01 0. 0. 0. 655. 0. 15.
22.362 2 ATTITUDE -0.059022 1.583756 -0.010308
22.414 2 ACTUATORS |1004,1003,1522,1122,1875,1500|
22.443 2 BAT 40 36 0 0 1 20 20 0
22.449 2 GPS 3 34881548 594571520 91 611667 5 3 1797 67487750 12 23
22.452 2 ATTITUDE -0.059103 1.583739 -0.010321
22.514 2 COMMANDS |40,-14,910,-9548,0,-9548|
22.543 2 IMU_GYRO -0.02124 0.012695 -0.012695
22.549 2 DESIRED 0. 0.01 0. 0. 0. 655. 0. 15.
22.552 2 ATTITUDE -0.058823 1.58374 -0.010394
22.613 2 FBW_STATUS 0 48 0 36 3
22.631 2 ATTITUDE -0.058965 1.583736 -0.010356
22.687 2 GPS 3 34881548 594571520 91 611614 14 7 1797 67488000 12 24
22.743 2 CALIBRATION 0. 0
22.747 2 WP_MOVED 5 348690. 5945760. 666.838013 12
22.754 2 DESIRED 0. 0.01 0. 0. 0. 655. 0. 15.
22.757 2 ATTITUDE -0.058779 1.583769 -0.010406
22.837 2 IMU_ACCEL -9.588867 -0.109375 0.550781
22.839 2 ESTIMATOR 0. 0.
22.842 2 ATTITUDE -0.058768 1.5838 -0.010375
22.912 2 DOWNLINK_STATUS 0 23 17659 798 0 794. 36. 54.71
22.948 2 GPS 3 34881548 594571520 91 611608 18 3 1797 67488250 12 25
22.954 2 DESIRED 0. 0.01 0. 0. 0. 655. 0. 15.
22.957 2 ATTITUDE -0.058889 1.58379 -0.010331
23.037 2 NAVIGATION 2 1 0. 0. 0. 0. 0 0
23.040 2 ATTITUDE -0.058663 1.583843 -0.010384
23.143 2 DOWNLINK 2 763 1064
23.146 2 IMU_GYRO -0.022217 0.012695 -0.013672
23.153 2 DESIRED 0. 0.01 0. 0. 0. 655. 0. 15.
23.156 2 ATTITUDE -0.058678 1.58384 -0.010388
23.186 2 GPS 3 34881548 594571520 91 611614 16 11 1797 67488500 12 26
23.240 2 ALIVE |104,87,117,158,148,22,81,75,52,66,168,172,112,93,71,99|
23.244 2 WP_MOVED 6 348615. 5945815. 666.838013 12
23.247 2 ATTITUDE -0.058578 1.583832 -0.010366
23.341 2 ESTIMATOR 0. 0.
23.347 2 DESIRED 0. 0.01 0. 0. 0. 655. 0. 15.
23.350 2 ATTITUDE -0.058616 1.583809 -0.010379
23.363 2 WIND_INFO 2 42 0. 0. 0.
23.440 2 GPS 3 34881548 594571520 91 611631 6 4 1797 67488750 12 27
23.443 2 ATTITUDE -0.058538 1.583819 -0.010377
23.546 2 GPS_SOL 198 42 133 12
23.550 2 BAT 40 36 0 0 1 21 21 0
23.557 2 DESIRED 0. 0.01 0. 0. 0. 655. 0. 15.
23.560 2 ATTITUDE -0.05846 1.58385 -0.010409
23.639 2 DL_VALUE 20 0.01
23.642 2 IMU_MAG 0. 0. 0.
23.645 2 IMU_ACCEL -9.641602 -0.071289 0.607422
23.649 2 ATTITUDE -0.058432 1.583866 -0.010435
23.686 2 GPS 3 34881548 594571520 91 611638 9 8 1797 67489000 12 28
23.746 2 IMU_GYRO -0.02002 0.006348 -0.012695
23.750 2 WP_MOVED 7 349015. 5946015. 666.838013 12
23.757 2 DESIRED 0. 0.01 0. 0. 0. 655. 0. 15.
23.760 2 ATTITUDE -0.058284 1.583876 -0.010455
23.833 2 ESTIMATOR 0. 0.
23.836 2 ATTITUDE -0.058588 1.583961 -0.010418
23.912 2 DOWNLINK_STATUS 0 24 18410 831 0 751. 33. 54.71
23.946 2 STATE_FILTER_STATUS 3 0
23.952 2 GPS 3 34881548 594571520 91 611644 11 7 1797 67489250 12 29
23.958 2 DESIRED 0. 0.01 0. 0. 0. 655. 0. 15.
23.961 2 ATTITUDE -0.058393 1.583981 -0.010442
24.038 2 NAVIGATION 2 1 0. 0. 0. 0. 0 0
24.041 2 ATTITUDE -0.058814 1.584099 -0.010334
24.141 2 DESIRED 0. 0.01 0. 0. 0. 655. 0. 15.
24.144 2 ATTITUDE -0.058401 1.584066 -0.010444
24.186 2 GPS 3 34881544 594571392 91 611622 16 7 1797 67489500 12 30
24.239 2 ENERGY 3.6 0.003 0 0.0108
24.242 2 WP_MOVED 0 348857. 5945757. 666.838013 12
24.245 2 ATTITUDE -0.058393 1.584098 -0.0105
24.345 2 IMU_GYRO -0.022217 0.010498 -0.013672
24.347 2 ESTIMATOR 0. 0.
24.355 2 DESIRED 0. 0.01 0. 0. 0. 655. 0. 15.
24.357 2 ATTITUDE -0.058492 1.584132 -0.010477
24.441 2 IMU_ACCEL -9.623047 -0.09082 0.641602
24.446 2 GPS 3 34881544 594571392 91 611638 7 12 1797 67489750 12 31
24.450 2 ATTITUDE -0.058781 1.584076 -0.010394
24.541 2 DESIRED 0. 0.01 0. 0. 0. 655. 0. 15.
24.545 2 ATTITUDE -0.058697 1.584074 -0.0104
24.612 2 FBW_STATUS 0 47 0 36 3
24.635 2 BAT 40 36 0 0 1 22 22 0
24.638 2 ATTITUDE -0.058151 1.584042 -0.010514
24.689 2 GPS 3 34881544 594571392 91 611651 5 10 1797 67490000 12 32
24.691 2 SVINFO 0 3 13 7 37 46 79
24.743 2 WP_MOVED 1 348815. 5945715. 666.838013 12
24.749 2 DESIRED 0. 0.01 0. 0. 0. 655. 0. 15.
24.753 2 ATTITUDE -0.05832 1.584071 -0.010441
24.834 2 CALIBRATION 0. 0
24.837 2 ESTIMATOR 0. 0.
24.840 2 ATTITUDE -0.058304 1.584102 -0.010438
24.912 2 DOWNLINK_STATUS 0 25 19132 863 0 722. 32. 54.71
24.952 2 IMU_MAG 0. 0. 0.
24.955 2 IMU_GYRO -0.02124 0.010498 -0.013672
24.961 2 GPS 3 34881544 594571392 91 611657 14 5 1797 67490250 12 1
24.964 2 SVINFO 1 5 13 7 41 21 286
24.970 2 DESIRED 0. 0.01 0. 0. 0. 655. 0. 15.
25.037 2 NAVIGATION 2 1 -0. -1. 0. 1. 0 0
25.040 2 ATTITUDE -0.058245 1.584135 -0.010459
25.140 2 DL_VALUE 21 0.1
25.146 2 DESIRED 0. 0.01 0. 0. 0. 655. 0. 15.
25.149 2 ATTITUDE -0.058073 1.584136 -0.010538
25.189 2 GPS 3 34881544 594571392 91 611630 7 1 1797 67490500 12 2
25.192 2 SVINFO 2 7 13 7 44 83 92
25.238 2 IMU_ACCEL -9.65625 -0.085938 0.583984
25.242 2 WP_MOVED 2 348845. 5945815. 666.838013 12
25.245 2 ATTITUDE -0.058193 1.584117 -0.010535
25.341 2 ESTIMATOR 0. 0.
25.347 2 DESIRED 0. 0.01 0. 0. 0. 655. 0. 15.
25.351 2 ATTITUDE -0.058223 1.584119 -0.010541
25.449 2 GPS 3 34881544 594571392 91 611625 4 7 1797 67490750 12 3
25.451 2 SVINFO 3 8 13 7 42 71 290
25.454 2 ATTITUDE -0.058143 1.584152 -0.010581
25.459 2 PONG 
25.546 2 GPS_SOL 198 32 133 12
25.549 2 IMU_GYRO -0.02124 0.008301 -0.013672
25.556 2 DESIRED 0. 0.01 0. 0. 0. 655. 0. 15.
25.559 2 ATTITUDE -0.058061 1.584242 -0.010633
25.631 2 ATTITUDE -0.058187 1.584205 -0.010618
25.689 2 GPS 3 34881544 594571392 91 611612 17 1 1797 67491000 12 4
25.691 2 SVINFO 4 9 28 7 44 52 286
25.748 2 BAT 40 36 0 0 1 23 23 0
25.751 2 WP_MOVED 3 348915.09375 5945786. 666.838013 12
25.758 2 DESIRED 0. 0.01 0. 0. 0. 655. 0. 15.
25.760 2 ATTITUDE -0.058201 1.584172 -0.010644
25.832 2 ESTIMATOR 0. 0.
25.835 2 ATTITUDE -0.058212 1.584166 -0.010647
25.913 2 DOWNLINK_STATUS 0 26 19893 898 0 761. 35. 53.57
25.951 2 GPS 3 34881544 594571392 91 611623 12 18 1797 67491250 12 5
25.953 2 SVINFO 5 10 13 4 27 12 235
25.961 2 DESIRED 0. 0.01 0. 0. 0. 655. 0. 15.
25.963 2 ATTITUDE -0.058299 1.584196 -0.010643
26.041 2 NAVIGATION 2 1 -0. -1. 0. 1. 0 0
26.044 2 IMU_ACCEL -9.623047 -0.066406 0.574219
26.047 2 ATTITUDE -0.058098 1.584195 -0.010658
26.142 2 STATE_FILTER_STATUS 3 0
26.145 2 IMU_GYRO -0.02124 0.012695 -0.013672
26.153 2 DESIRED 0. 0.01 0. 0. 0. 655. 0. 15.
26.155 2 ATTITUDE -0.05812 1.584187 -0.010623
26.185 2 GPS 3 34881544 594571392 91 611674 13 18 1797 67491500 12 6
26.238 2 IMU_MAG 0. 0. 0.
26.241 2 WP_MOVED 4 348714.6875 5945795. 666.838013 12
26.245 2 ATTITUDE -0.058085 1.584164 -0.010612
26.340 2 ESTIMATOR 0. 0.
26.347 2 DESIRED 0. 0.01 0. 0. 0. 655. 0. 15.
26.350 2 ATTITUDE -0.058204 1.584175 -0.010573
26.443 2 GPS 3 34881544 594571392 91 611673 6 8 1797 67491750 12 7
26.445 2 SVINFO 7 13 13 7 34 30 161
26.448 2 ATTITUDE -0.05808 1.584169 -0.010578
26.542 2 DESIRED 0. 0.01 0. 0. 0. 655. 0. 15.
26.545 2 ATTITUDE -0.058166 1.584213 -0.010524
26.612 2 FBW_STATUS 0 49 0 36 3
26.637 2 ENERGY 3.6 0.003 0 0.0108
26.639 2 DL_VALUE 22 0.
26.642 2 ATTITUDE -0.058167 1.58421 -0.010515
26.689 2 GPS 3 34881544 594571392 91 611684 11 6 1797 67492000 12 8
26.691 2 SVINFO 8 16 13 4 29 8 55
26.746 2 IMU_GYRO -0.02124 0.012695 -0.012695
26.750 2 WP_MOVED 5 348690. 5945760. 666.838013 12
26.757 2 DESIRED 0. 0.01 0. 0. 0. 655. 0. 15.
26.760 2 ATTITUDE -0.058156 1.58422 -0.010524
26.842 2 BAT 40 36 0 0 1 24 24 0
26.845 2 IMU_ACCEL -9.641602 -0.128906 0.631836
26.850 2 ESTIMATOR 0. 0.
26.852 2 ATTITUDE -0.058021 1.584196 -0.01049
26.913 2 DOWNLINK_STATUS 0 27 20697 935 0 804. 37. 53.57
26.950 2 CALIBRATION 0. 0
26.955 2 GPS 3 34881544 594571392 91 611665 3 8 1797 67492250 12 9
26.958 2 SVINFO 9 19 13 6 34 42 96
26.964 2 DESIRED 0. 0.01 0. 0. 0. 655. 0. 15.
26.968 2 ATTITUDE -0.058064 1.584105 -0.010516
27.037 2 NAVIGATION 2 1 -0. -1. 0. 1. 0 0
27.040 2 ATTITUDE -0.058031 1.584138 -0.010484
27.142 2 DESIRED 0. 0.01 0. 0. 0. 655. 0. 15.
27.144 2 ATTITUDE -0.057846 1.584144 -0.010502
27.186 2 GPS 3 34881544 594571392 91 611649 5 2 1797 67492500 12 10
27.236 2 PPRZ_MODE 0 1 2 0 0 17
27.240 2 WP_MOVED 6 348615. 5945815. 666.838013 12
27.243 2 ATTITUDE -0.057877 1.584205 -0.010543
27.345 2 IMU_GYRO -0.02002 0.012695 -0.013672
27.347 2 ESTIMATOR 0. 0.
27.354 2 DESIRED 0. 0.01 0. 0. 0. 655. 0. 15.
27.357 2 ATTITUDE -0.058014 1.584155 -0.010563
27.415 2 ACTUATORS |1004,1003,1522,1122,1875,1500|
27.443 2 GPS 3 34881544 594571392 91 611650 17 11 1797 67492750 12 11
27.450 2 SVINFO 11 23 12 4 13 1 154
27.451 2 ATTITUDE -0.057903 1.584155 -0.010614
27.513 2 COMMANDS |40,-14,910,-9548,0,-9548|
27.546 2 GPS_SOL 199 39 133 12
27.548 2 IMU_MAG 0. 0. 0.
27.556 2 DESIRED 0. 0.01 0. 0. 0. 655. 0. 15.
27.558 2 ATTITUDE -0.057863 1.584133 -0.010625
27.634 2 IMU_ACCEL -9.65625 -0.095703 0.603516
27.637 2 ATTITUDE -0.058141 1.584149 -0.010599
27.689 2 GPS 3 34881544 594571392 91 611660 7 3 1797 67493000 12 12
27.691 2 SVINFO 12 26 13 6 31 17 314
27.742 2 WP_MOVED 7 349015. 5946015. 666.838013 12
27.749 2 DESIRED 0. 0.01 0. 0. 0. 655. 0. 15.
27.752 2 ATTITUDE -0.057984 1.584127 -0.010621
27.832 2 ESTIMATOR 0. 0.
27.835 2 ATTITUDE -0.058062 1.584128 -0.010587
27.914 2 DOWNLINK_STATUS 0 28 21467 970 0 770. 35. 53.57
27.953 2 BAT 40 36 0 0 1 25 25 0
27.956 2 IMU_GYRO -0.02124 0.011475 -0.013672
27.962 2 GPS 3 34881544 594571392 91 611668 4 7 1797 67493250 12 13
27.964 2 SVINFO 13 27 13 7 34 33 55
27.972 2 DESIRED 0. 0.01 0. 0. 0. 655. 0. 15.
28.037 2 NAVIGATION 2 1 -0. -1. 0. 1. 0 0
28.040 2 ATTITUDE -0.057952 1.584137 -0.010638
28.139 2 DL_VALUE 23 0.05
28.146 2 DESIRED 0. 0.01 0. 0. 0. 655. 0. 15.
28.149 2 ATTITUDE -0.057959 1.584156 -0.010644
28.189 2 GPS 3 34881544 594571392 91 611660 6 10 1797 67493500 12 14
28.191 2 SVINFO 14 28 13 7 36 31 227
28.235 2 DOWNLINK 4 775 1243
28.239 2 WP_MOVED 0 348857. 5945757. 666.838013 12
28.242 2 ATTITUDE -0.058039 1.584152 -0.010616
28.349 2 ALIVE |104,87,117,158,148,22,81,75,52,66,168,172,112,93,71,99|
28.350 2 STATE_FILTER_STATUS 3 0
28.353 2 ESTIMATOR 0. 0.
28.360 2 DESIRED 0. 0.01 0. 0. 0. 655. 0. 15.
28.363 2 ATTITUDE -0.058068 1.584171 -0.010634
28.448 2 NAVIGATION_REF 348815 5945715 12 611.838013
28.451 2 IMU_ACCEL -9.646484 -0.09082 0.588867
28.457 2 GPS 3 34881544 594571392 91 611654 13 13 1797 67493750 12 15
28.459 2 SVINFO 15 30 13 7 43 65 282
28.462 2 ATTITUDE -0.058097 1.584199 -0.010588
28.542 2 IMU_GYRO -0.02124 0.011475 -0.013672
28.549 2 DESIRED 0. 0.01 0. 0. 0. 655. 0. 15.
28.552 2 ATTITUDE -0.058163 1.584223 -0.010547
28.613 2 FBW_STATUS 0 47 0 35 3
28.630 2 ATTITUDE -0.058161 1.584253 -0.010547
28.686 2 GPS 3 34881544 594571392 91 611646 7 8 1797 67494000 12 16
28.743 2 WP_MOVED 1 348815. 5945715. 666.838013 12
28.750 2 DESIRED 0. 0.01 0. 0. 0. 655. 0. 15.
28.753 2 ATTITUDE -0.058169 1.58426 -0.010499
28.837 2 IMU_MAG 0. 0. 0.
28.840 2 ESTIMATOR 0. 0.
28.843 2 ATTITUDE -0.058125 1.58427 -0.010499
28.914 2 DOWNLINK_STATUS 0 29 22268 1007 0 801. 37. 53.57
28.948 2 GPS 3 34881544 594571392 91 611641 6 12 1797 67494250 12 17
28.955 2 DESIRED 0. 0.01 0. 0. 0. 655. 0. 15.
28.958 2 ATTITUDE -0.058253 1.584267 -0.010501
29.048 2 ENERGY 3.5 0.003 0 0.0105
29.049 2 CALIBRATION 0. 0
29.053 2 BAT 40 35 0 0 1 26 26 0
29.058 2 NAVIGATION 2 1 -0. -1. 0. 1. 0 0
29.060 2 ATTITUDE -0.058384 1.584259 -0.010487
29.142 2 IMU_GYRO -0.02002 0.016846 -0.014893
29.148 2 DESIRED 0. 0.01 0. 0. 0. 655. 0. 15.
29.151 2 ATTITUDE -0.058202 1.584207 -0.010538
29.185 2 GPS 3 34881544 594571392 91 611670 2 10 1797 67494500 12 18
29.238 2 IMU_ACCEL -9.62793 -0.124023 0.588867
29.241 2 WP_MOVED 2 348845. 5945815. 666.838013 12
29.244 2 ATTITUDE -0.058104 1.5843 -0.010578
29.340 2 ESTIMATOR 0. 0.
29.347 2 DESIRED 0. 0.01 0. 0. 0. 655. 0. 15.
29.350 2 ATTITUDE -0.058293 1.584283 -0.010542
29.439 2 GPS 3 34881544 594571392 91 611683 4 13 1797 67494750 12 19
29.443 2 ATTITUDE -0.058412 1.584282 -0.01051
29.541 2 GPS_SOL 200 29 133 12
29.548 2 DESIRED 0. 0.01 0. 0. 0. 655. 0. 15.
29.551 2 ATTITUDE -0.058396 1.58431 -0.010485
29.631 2 DL_VALUE 24 0.
29.634 2 ATTITUDE -0.058374 1.58431 -0.010513
29.686 2 GPS 3 34881544 594571392 91 611676 11 5 1797 67495000 12 20
29.746 2 IMU_GYRO -0.02124 0.008301 -0.012695
29.750 2 WP_MOVED 3 348915.09375 5945786. 666.838013 12
29.756 2 DESIRED 0. 0.01 0. 0. 0. 655. 0. 15.
29.759 2 ATTITUDE -0.058487 1.584359 -0.010474
29.832 2 ESTIMATOR 0. 0.
29.835 2 ATTITUDE -0.058662 1.584352 -0.010466
29.914 2 DOWNLINK_STATUS 0 30 22998 1039 0 730. 32. 53.57
29.948 2 GPS 3 34881544 594571392 91 611688 10 17 1797 67495250 12 21
29.954 2 DESIRED 0. 0.01 0. 0. 0. 655. 0. 15.
29.958 2 ATTITUDE -0.05862 1.584383 -0.010496
30.041 2 NAVIGATION 2 1 -0. -1. 0. 1. 0 0
30.044 2 IMU_ACCEL -9.641602 -0.109375 0.598633
30.047 2 ATTITUDE -0.058461 1.584329 -0.010517
30.146 2 IMU_MAG 0. 0. 0.
30.150 2 BAT 40 36 0 0 1 27 27 0
30.157 2 DESIRED 0. 0.01 0. 0. 0. 655. 0. 15.
30.159 2 ATTITUDE -0.058355 1.584341 -0.010547
30.186 2 GPS 3 34881548 594571520 91 611691 5 12 1797 67495500 12 22
30.235 2 WP_MOVED 4 348714.6875 5945795. 666.838013 12
30.238 2 ATTITUDE -0.058443 1.584324 -0.010511
30.344 2 IMU_GYRO -0.02124 0.006348 -0.011475
30.347 2 ESTIMATOR 0. 0.
30.354 2 DESIRED 0. 0.01 0. 0. 0. 655. 0. 15.
30.356 2 ATTITUDE -0.058908 1.584386 -0.010427
30.448 2 GPS 3 34881544 594571392 91 611694 6 4 1797 67495750 12 23
30.451 2 ATTITUDE -0.058873 1.584396 -0.010361
30.460 2 PONG 
